submit_time,start_time,end_time,run_time,wait_time
209394,209395,209576,181,1
209668,209668,209782,114,0
209829,209829,210496,667,0
339653,339655,339945,290,2
339769,339948,339977,29,179
340991,340993,343192,2199,2
343191,343193,343285,92,2
372922,372924,375295,2371,2
375294,375297,375298,1,3
384638,384638,384976,338,0
385288,385288,385541,253,0
386158,386158,386302,144,0
386227,386227,386313,86,0
389824,389824,389998,174,0
390109,390109,390252,143,0
392464,392465,392660,195,1
393277,393277,393513,236,0
394819,394821,397100,2279,2
397098,397101,397102,1,3
397380,397382,399701,2319,2
399699,399702,399703,1,3
486562,486562,487290,728,0
486549,486549,487300,751,0
487291,487292,487310,18,1
487291,487292,487311,19,1
487291,487292,487311,19,1
487291,487292,487313,21,1
487291,487292,487315,23,1
487291,487292,487316,24,1
487291,487292,487316,24,1
487291,487292,487316,24,1
487291,487292,487318,26,1
487291,487292,487318,26,1
487291,487292,487321,29,1
487291,487292,487323,31,1
486616,486616,487326,710,0
486612,486613,487326,713,1
487291,487292,487327,35,1
486566,486566,487328,762,0
487291,487292,487331,39,1
487291,487292,487334,42,1
487291,487292,487333,41,1
487291,487292,487334,42,1
487291,487292,487335,43,1
487291,487292,487335,43,1
487291,487292,487337,45,1
487291,487292,487336,44,1
486557,486557,487339,782,0
486535,486535,487341,806,0
487291,487292,487342,50,1
487291,487292,487343,51,1
487291,487292,487345,53,1
487291,487292,487345,53,1
487291,487292,487346,54,1
486532,486532,487348,816,0
486533,486533,487349,816,0
486538,486538,487349,811,0
487291,487301,487348,47,10
487291,487292,487349,57,1
487291,487292,487349,57,1
487291,487314,487350,36,23
487291,487312,487349,37,21
487291,487317,487350,33,26
486564,486564,487351,787,0
487291,487292,487353,61,1
487291,487292,487353,61,1
487291,487292,487354,62,1
487291,487292,487355,63,1
487291,487292,487354,62,1
487291,487334,487356,22,43
487291,487316,487355,39,25
487291,487312,487356,44,21
487291,487292,487356,64,1
487291,487292,487357,65,1
487291,487329,487358,29,38
487291,487311,487359,48,20
487291,487334,487360,26,43
487291,487317,487360,43,26
487291,487332,487360,28,41
487291,487292,487361,69,1
486536,486536,487361,825,0
487291,487292,487362,70,1
487291,487323,487362,39,32
487291,487317,487361,44,26
486571,486571,487364,793,0
487291,487348,487365,17,57
487291,487335,487366,31,44
487291,487328,487367,39,37
487291,487292,487367,75,1
486555,486555,487368,813,0
487291,487335,487369,34,44
487291,487292,487369,77,1
487291,487349,487370,21,58
487291,487349,487370,21,58
487291,487322,487370,48,31
487291,487349,487372,23,58
487291,487350,487373,23,59
487291,487326,487373,47,35
487291,487350,487373,23,59
487291,487350,487374,24,59
487291,487327,487373,46,36
487291,487349,487373,24,58
487291,487347,487373,26,56
487291,487350,487374,24,59
487291,487292,487375,83,1
487291,487342,487375,33,51
487291,487337,487376,39,46
487291,487343,487377,34,52
487291,487318,487377,59,27
487291,487335,487381,46,44
487291,487292,487381,89,1
487291,487346,487381,35,55
487291,487352,487382,30,61
487291,487355,487382,27,64
487291,487354,487382,28,63
487291,487353,487382,29,62
487291,487355,487383,28,64
487291,487358,487383,25,67
487291,487356,487383,27,65
487291,487342,487384,42,51
486542,486542,487383,841,0
487291,487346,487384,38,55
487291,487337,487385,48,46
487291,487353,487385,32,62
487291,487356,487386,30,65
486560,486560,487388,828,0
487291,487357,487388,31,66
487291,487356,487389,33,65
487291,487339,487390,51,48
487291,487318,487390,72,27
487291,487356,487391,35,65
487291,487360,487393,33,69
487291,487370,487394,24,79
487291,487359,487395,36,68
487291,487360,487396,36,69
487291,487370,487396,26,79
487302,487385,487396,11,83
487291,487360,487397,37,69
487291,487364,487398,34,73
486581,486581,487398,817,0
487291,487363,487398,35,72
487291,487366,487399,33,75
487291,487362,487399,37,71
487291,487362,487400,38,71
487291,487370,487402,32,79
487302,487386,487403,17,84
487291,487368,487403,35,77
487291,487384,487403,19,93
487291,487378,487404,26,87
487291,487374,487405,31,83
487302,487386,487405,19,84
486534,486534,487405,871,0
486548,486548,487405,857,0
487302,487391,487405,14,89
487291,487362,487406,44,71
487291,487362,487405,43,71
487291,487371,487406,35,80
487291,487374,487406,32,83
487291,487368,487407,39,77
487302,487389,487407,18,87
487302,487389,487408,19,87
486586,486586,487409,823,0
487291,487373,487409,36,82
487291,487375,487410,35,84
487291,487374,487409,35,83
487291,487366,487411,45,75
487291,487367,487410,43,76
487291,487376,487411,35,85
487291,487378,487410,32,87
487291,487372,487411,39,81
487291,487370,487411,41,79
487302,487394,487412,18,92
487291,487376,487412,36,85
487302,487391,487412,21,89
487302,487394,487412,18,92
487291,487374,487413,39,83
487302,487390,487413,23,88
487291,487383,487415,32,92
487291,487384,487416,32,93
487291,487383,487415,32,92
487302,487391,487415,24,89
487302,487396,487415,19,94
487291,487384,487416,32,93
487291,487383,487416,33,92
487291,487383,487417,34,92
487291,487384,487417,33,93
487302,487395,487417,22,93
487291,487374,487417,43,83
487291,487381,487418,37,90
487291,487381,487418,37,90
486546,486546,487418,872,0
487291,487376,487419,43,85
487291,487384,487418,34,93
487291,487383,487421,38,92
486598,486598,487423,825,0
486573,486573,487425,852,0
487291,487374,487425,51,83
487302,487396,487430,34,94
487302,487417,487430,13,115
487302,487416,487431,15,114
487302,487416,487432,16,114
487302,487416,487432,16,114
487302,487416,487432,16,114
487302,487412,487433,21,110
486568,486569,487433,864,1
486543,486543,487434,891,0
487302,487414,487434,20,112
487302,487412,487434,22,110
487302,487413,487434,21,111
487302,487412,487434,22,110
486545,486545,487435,890,0
487302,487412,487435,23,110
487302,487411,487435,24,109
487302,487413,487435,22,111
487302,487417,487436,19,115
487302,487399,487436,37,97
487302,487397,487438,41,95
487302,487417,487438,21,115
487302,487415,487433,18,113
487302,487411,487439,28,109
487302,487417,487439,22,115
487302,487405,487440,35,103
487302,487397,487440,43,95
486601,486604,487441,837,3
487302,487410,487441,31,108
487302,487400,487441,41,98
487302,487410,487442,32,108
487302,487398,487442,44,96
487302,487419,487442,23,117
487302,487406,487443,37,104
487302,487410,487443,33,108
487302,487398,487443,45,96
487302,487399,487443,44,97
487302,487404,487444,40,102
487302,487405,487444,39,103
487302,487406,487445,39,104
487302,487418,487445,27,116
487302,487418,487446,28,116
487302,487405,487447,42,103
487302,487404,487446,42,102
487302,487406,487447,41,104
487302,487399,487447,48,97
487302,487419,487447,28,117
487302,487402,487448,46,100
487302,487403,487448,45,101
487302,487417,487447,30,115
487302,487417,487447,30,115
487302,487406,487448,42,104
487302,487419,487448,29,117
487302,487405,487449,44,103
487302,487405,487450,45,103
487302,487411,487451,40,109
487302,487406,487452,46,104
487302,487432,487453,21,130
487302,487431,487453,22,129
487302,487431,487454,23,129
487302,487425,487454,29,123
487302,487423,487454,31,121
487302,487431,487456,25,129
487302,487435,487455,20,133
487302,487411,487456,45,109
487302,487433,487456,23,131
486583,486583,487457,874,0
487302,487407,487457,50,105
487302,487409,487457,48,107
487302,487434,487458,24,132
487302,487434,487459,25,132
487302,487432,487459,27,130
487302,487434,487460,26,132
487302,487425,487460,35,123
487302,487433,487460,27,131
487302,487442,487460,18,140
487302,487411,487461,50,109
487302,487443,487461,18,141
487302,487435,487462,27,133
487302,487435,487461,26,133
487302,487440,487462,22,138
486595,486599,487463,864,4
487302,487443,487463,20,141
487302,487441,487463,22,139
487302,487440,487463,23,138
487302,487442,487463,21,140
487302,487439,487464,25,137
487302,487441,487465,24,139
487302,487441,487465,24,139
487302,487443,487465,22,141
487302,487408,487465,57,106
487302,487446,487465,19,144
487302,487442,487465,23,140
487302,487446,487466,20,144
487302,487443,487467,24,141
487302,487443,487468,25,141
487302,487448,487468,20,146
487302,487436,487468,32,134
487302,487439,487469,30,137
487302,487444,487469,25,142
487302,487438,487470,32,136
487302,487447,487471,24,145
487302,487445,487472,27,143
487302,487437,487472,35,135
487302,487448,487471,23,146
487302,487447,487471,24,145
487302,487439,487472,33,137
487302,487436,487473,37,134
487302,487447,487472,25,145
487302,487444,487473,29,142
487302,487448,487474,26,146
487302,487449,487475,26,147
487302,487448,487477,29,146
487302,487454,487477,23,152
487328,487458,487478,20,130
487302,487448,487478,30,146
487302,487448,487478,30,146
487302,487447,487478,31,145
487302,487436,487479,43,134
487328,487458,487479,21,130
487302,487456,487480,24,154
487302,487451,487481,30,149
487302,487457,487480,23,155
487302,487448,487481,33,146
487302,487454,487480,26,152
487302,487436,487482,46,134
487302,487454,487482,28,152
487302,487454,487483,29,152
487302,487435,487484,49,133
487302,487452,487484,32,150
487302,487455,487484,29,153
487328,487459,487484,25,131
487302,487457,487486,29,155
487302,487450,487486,36,148
487302,487451,487486,35,149
487302,487456,487485,29,154
487302,487407,487487,80,105
487328,487458,487487,29,130
487328,487461,487487,26,133
487328,487462,487490,28,134
487328,487459,487490,31,131
487328,487461,487492,31,133
487328,487461,487494,33,133
487328,487461,487497,36,133
487328,487462,487499,37,134
487328,487462,487499,37,134
487328,487467,487501,34,139
487328,487466,487502,36,138
487328,487481,487503,22,153
487328,487479,487504,25,151
487328,487475,487504,29,147
487328,487480,487504,24,152
487328,487482,487505,23,154
487328,487480,487505,25,152
487328,487469,487506,37,141
487328,487481,487506,25,153
487328,487468,487507,39,140
487328,487481,487508,27,153
487328,487469,487508,39,141
487328,487478,487508,30,150
487328,487488,487509,21,160
487328,487478,487509,31,150
487328,487479,487510,31,151
487328,487481,487511,30,153
487328,487487,487511,24,159
487328,487478,487511,33,150
487328,487478,487506,28,150
487328,487470,487513,43,142
487328,487484,487513,29,156
487328,487472,487513,41,144
487328,487472,487514,42,144
487328,487486,487514,28,158
487328,487474,487514,40,146
487328,487466,487514,48,138
487328,487475,487514,39,147
487328,487486,487515,29,158
487328,487490,487514,24,162
487328,487492,487515,23,164
487328,487485,487516,31,157
487328,487483,487516,33,155
487328,487484,487516,32,156
487328,487472,487517,45,144
487328,487485,487518,33,157
487328,487486,487518,32,158
487328,487472,487519,47,144
487328,487490,487518,28,162
487328,487471,487518,47,143
487328,487488,487519,31,160
487328,487483,487519,36,155
487328,487468,487519,51,140
486553,486553,487519,966,0
487328,487477,487520,43,149
487328,487469,487521,52,141
486539,486539,487522,983,0
487328,487466,487522,56,138
487328,487486,487523,37,158
487328,487500,487523,23,172
486551,486551,487523,972,0
487328,487499,487524,25,171
487328,487466,487525,59,138
487328,487503,487526,23,175
487328,487495,487526,31,167
487328,487503,487527,24,175
487328,487472,487528,56,144
487328,487498,487528,30,170
487328,487502,487527,25,174
487328,487466,487529,63,138
487328,487504,487532,28,176
487328,487473,487532,59,145
487328,487473,487533,60,145
486576,486576,487533,957,0
487328,487504,487534,30,176
486589,486589,487536,947,0
487328,487508,487536,28,180
486540,486541,487537,996,1
487328,487512,487537,25,184
487328,487509,487538,29,181
487328,487507,487540,33,179
487328,487511,487540,29,183
487328,487505,487541,36,177
487328,487509,487541,32,181
487328,487510,487541,31,182
487328,487509,487541,32,181
487328,487513,487543,30,185
487328,487508,487544,36,180
487328,487511,487544,33,183
487328,487507,487545,38,179
486537,486537,487546,1009,0
487328,487506,487546,40,178
486578,486578,487547,969,0
487328,487516,487547,31,188
487328,487515,487548,33,187
487328,487515,487549,34,187
487328,487517,487549,32,189
487328,487512,487550,38,184
487328,487515,487550,35,187
487332,487533,487551,18,201
487328,487519,487552,33,191
487332,487533,487552,19,201
487328,487462,487552,90,134
487332,487533,487551,18,201
486604,486604,487552,948,0
487328,487513,487552,39,185
487328,487515,487552,37,187
487328,487516,487553,37,188
487328,487465,487553,88,137
487328,487514,487552,38,186
486592,486592,487553,961,0
487328,487519,487555,36,191
487328,487525,487556,31,197
487328,487515,487555,40,187
487328,487523,487555,32,195
487328,487519,487556,37,191
487328,487517,487556,39,189
487328,487464,487556,92,136
487332,487537,487556,19,205
487328,487514,487556,42,186
487328,487524,487557,33,196
487328,487521,487557,36,193
487328,487523,487558,35,195
487328,487528,487558,30,200
487328,487519,487558,39,191
487328,487518,487559,41,190
487328,487464,487559,95,136
487328,487514,487559,45,186
487332,487537,487560,23,205
487328,487513,487560,47,185
487328,487527,487560,33,199
487328,487523,487561,38,195
487328,487527,487561,34,199
487332,487535,487561,26,203
487328,487464,487562,98,136
487328,487529,487562,33,201
487328,487465,487563,98,137
487328,487528,487563,35,200
487328,487520,487562,42,192
487328,487519,487563,44,191
487328,487519,487563,44,191
487332,487538,487564,26,206
487328,487528,487564,36,200
487328,487519,487564,45,191
487328,487522,487564,42,194
487328,487464,487564,100,136
487328,487466,487565,99,138
487328,487520,487565,45,192
487328,487514,487565,51,186
486609,486610,487566,956,1
487328,487525,487565,40,197
487328,487528,487566,38,200
487332,487540,487567,27,208
487328,487522,487568,46,194
487332,487542,487569,27,210
487332,487537,487570,33,205
487328,487463,487570,107,135
487332,487538,487570,32,206
487332,487541,487571,30,209
487332,487541,487572,31,209
487328,487464,487576,112,136
487332,487542,487584,42,210
487332,487564,487584,20,232
487332,487564,487584,20,232
487332,487565,487585,20,233
487332,487556,487585,29,224
487332,487565,487585,20,233
487332,487563,487587,24,231
487332,487565,487586,21,233
487332,487564,487587,23,232
487332,487566,487588,22,234
487332,487557,487589,32,225
487332,487559,487589,30,227
487332,487565,487589,24,233
487332,487564,487590,26,232
487332,487558,487589,31,226
487332,487562,487589,27,230
487332,487563,487590,27,231
487332,487544,487590,46,212
487332,487557,487590,33,225
487332,487549,487591,42,217
487332,487545,487591,46,213
487332,487566,487592,26,234
487332,487567,487592,25,235
487332,487558,487593,35,226
487332,487561,487593,32,229
487332,487567,487592,25,235
487332,487557,487592,35,225
487332,487563,487593,30,231
487332,487562,487593,31,230
487332,487561,487593,32,229
487332,487563,487594,31,231
487332,487557,487593,36,225
487332,487568,487594,26,236
487332,487557,487593,36,225
487332,487552,487595,43,220
487332,487556,487594,38,224
487332,487571,487596,25,239
487332,487566,487595,29,234
487332,487549,487596,47,217
487332,487543,487596,53,211
487332,487569,487596,27,237
487332,487548,487597,49,216
487332,487552,487598,46,220
487332,487548,487598,50,216
487332,487556,487598,42,224
487332,487571,487598,27,239
487332,487542,487598,56,210
487332,487556,487599,43,224
487332,487547,487599,52,215
487332,487565,487599,34,233
487332,487552,487599,47,220
487332,487570,487600,30,238
487332,487553,487600,47,221
487332,487547,487600,53,215
487332,487555,487600,45,223
487332,487561,487601,40,229
487332,487571,487601,30,239
487332,487559,487601,42,227
487332,487552,487601,49,220
487332,487549,487602,53,217
487332,487559,487603,44,227
487332,487552,487604,52,220
487332,487573,487603,30,241
487332,487560,487603,43,228
487332,487585,487604,19,253
487332,487560,487604,44,228
487332,487586,487606,20,254
487332,487551,487606,55,219
487332,487577,487607,30,245
487332,487544,487608,64,212
487332,487585,487608,23,253
487332,487551,487609,58,219
487332,487586,487609,23,254
487332,487561,487611,50,229
487332,487587,487610,23,255
487332,487554,487611,57,222
487332,487587,487613,26,255
487332,487592,487613,21,260
487332,487588,487613,25,256
487332,487561,487616,55,229
487332,487585,487615,30,253
487332,487553,487617,64,221
487332,487592,487619,27,260
487332,487584,487619,35,252
487333,487601,487619,18,268
487332,487593,487620,27,261
487332,487596,487620,24,264
487332,487592,487621,29,260
487332,487589,487620,31,257
487333,487601,487620,19,268
487333,487601,487620,19,268
487332,487597,487622,25,265
487333,487601,487622,21,268
487332,487553,487622,69,221
487332,487553,487622,69,221
487332,487591,487622,31,259
487332,487596,487622,26,264
487332,487591,487622,31,259
487332,487593,487621,28,261
487332,487591,487622,31,259
487332,487589,487623,34,257
487332,487596,487623,27,264
487332,487594,487624,30,262
487332,487590,487625,35,258
487333,487600,487625,25,267
487332,487596,487626,30,264
487332,487598,487626,28,266
487333,487602,487626,24,269
487332,487595,487628,33,263
487333,487602,487627,25,269
487332,487593,487628,35,261
487332,487594,487629,35,262
487332,487598,487629,31,266
487332,487590,487630,40,258
487332,487590,487630,40,258
487332,487599,487630,31,267
487332,487599,487631,32,267
487332,487594,487631,37,262
487332,487590,487631,41,258
487332,487593,487631,38,261
487332,487599,487631,32,267
487332,487599,487631,32,267
487332,487599,487632,33,267
487332,487594,487633,39,262
487332,487599,487633,34,267
487333,487601,487634,33,268
487332,487595,487634,39,263
487332,487594,487634,40,262
487333,487603,487634,31,270
487332,487553,487636,83,221
487332,487599,487636,37,267
487332,487593,487637,44,261
487332,487594,487637,43,262
487333,487602,487640,38,269
487332,487594,487642,48,262
487332,487590,487642,52,258
487333,487603,487644,41,270
487333,487624,487647,23,291
487333,487622,487648,26,289
487333,487604,487649,45,271
487333,487625,487650,25,292
487333,487626,487651,25,293
487333,487627,487651,24,294
487333,487622,487651,29,289
487333,487613,487651,38,280
487333,487625,487652,27,292
487333,487632,487653,21,299
487332,487553,487653,100,221
487333,487622,487653,31,289
487333,487622,487653,31,289
487333,487622,487653,31,289
487333,487627,487653,26,294
487333,487632,487653,21,299
487333,487614,487654,40,281
487333,487626,487654,28,293
487333,487616,487655,39,283
487333,487617,487655,38,284
487333,487632,487656,24,299
487333,487612,487656,44,279
487333,487633,487656,23,300
487333,487620,487657,37,287
487333,487620,487658,38,287
487333,487631,487658,27,298
487333,487634,487658,24,301
487333,487632,487658,26,299
487333,487624,487659,35,291
487333,487622,487659,37,289
487333,487628,487660,32,295
487333,487630,487660,30,297
487333,487614,487660,46,281
487333,487636,487661,25,303
487333,487631,487661,30,298
487333,487629,487661,32,296
487333,487616,487661,45,283
487333,487633,487662,29,300
487333,487635,487662,27,302
487333,487630,487663,33,297
487333,487628,487662,34,295
487333,487621,487664,43,288
487333,487635,487665,30,302
487333,487621,487665,44,288
487333,487640,487665,25,307
487333,487636,487666,30,303
487333,487630,487667,37,297
487333,487635,487666,31,302
487333,487638,487666,28,305
487333,487619,487667,48,286
487333,487638,487667,29,305
487333,487611,487667,56,278
487333,487609,487667,58,276
487333,487628,487668,40,295
487333,487630,487668,38,297
487333,487621,487668,47,288
487333,487622,487668,46,289
487333,487620,487668,48,287
487333,487634,487669,35,301
487333,487620,487670,50,287
487333,487610,487670,60,277
487333,487604,487671,67,271
487333,487611,487674,63,278
487333,487622,487674,52,289
487333,487643,487675,32,310
487333,487643,487676,33,310
487333,487651,487678,27,318
487333,487621,487679,58,288
487333,487654,487679,25,321
487333,487644,487680,36,311
487333,487649,487680,31,316
487333,487652,487681,29,319
487333,487648,487682,34,315
487333,487654,487683,29,321
487333,487609,487683,74,276
487333,487652,487683,31,319
487333,487656,487685,29,323
487333,487650,487685,35,317
487333,487648,487686,38,315
487342,487669,487687,18,327
487342,487669,487687,18,327
487333,487652,487687,35,319
487333,487659,487687,28,326
487333,487651,487688,37,318
487333,487653,487688,35,320
487342,487669,487688,19,327
487333,487622,487689,67,289
487342,487669,487690,21,327
487333,487659,487691,32,326
487333,487654,487691,37,321
487333,487659,487692,33,326
487333,487656,487692,36,323
487342,487671,487692,21,329
487333,487653,487693,40,320
487342,487672,487694,22,330
487333,487659,487694,35,326
487333,487660,487694,34,327
487333,487604,487695,91,271
487333,487658,487696,38,325
487333,487655,487696,41,322
487333,487660,487696,36,327
487333,487662,487696,34,329
487333,487666,487697,31,333
487333,487661,487696,35,328
487342,487671,487696,25,329
487342,487675,487697,22,333
487333,487609,487697,88,276
487342,487676,487697,21,334
487333,487655,487697,42,322
487333,487667,487698,31,334
487342,487676,487698,22,334
487333,487666,487698,32,333
487342,487675,487699,24,333
487333,487657,487699,42,324
487333,487663,487699,36,330
487333,487659,487700,41,326
487333,487662,487700,38,329
487333,487664,487701,37,331
487333,487667,487701,34,334
487333,487654,487701,47,321
487333,487667,487701,34,334
487333,487665,487702,37,332
487333,487605,487701,96,272
487333,487656,487701,45,323
487333,487654,487702,48,321
487333,487605,487702,97,272
487342,487679,487702,23,337
487342,487680,487702,22,338
487333,487668,487704,36,335
487333,487667,487704,37,334
487333,487607,487704,97,274
487333,487661,487704,43,328
487333,487662,487705,43,329
487333,487667,487706,39,334
487333,487661,487706,45,328
487333,487667,487706,39,334
487333,487655,487707,52,322
487333,487662,487706,44,329
487333,487663,487707,44,330
487333,487666,487707,41,333
487333,487608,487708,100,275
487333,487662,487712,50,329
487333,487607,487714,107,274
487342,487699,487716,17,357
487342,487699,487717,18,357
487342,487699,487721,22,357
487342,487699,487721,22,357
487342,487700,487722,22,358
487342,487682,487723,41,340
487342,487705,487724,19,363
487342,487705,487725,20,363
487342,487705,487725,20,363
487342,487699,487726,27,357
487342,487703,487727,24,361
487342,487701,487728,27,359
487342,487707,487728,21,365
487342,487707,487729,22,365
487342,487701,487728,27,359
487342,487702,487729,27,360
487342,487702,487729,27,360
487342,487681,487729,48,339
487342,487701,487729,28,359
487342,487698,487729,31,356
487342,487701,487730,29,359
487342,487689,487730,41,347
487342,487681,487730,49,339
487342,487704,487730,26,362
487342,487705,487730,25,363
487342,487703,487730,27,361
487342,487707,487731,24,365
487342,487707,487731,24,365
487342,487683,487731,48,341
487342,487680,487731,51,338
487342,487701,487731,30,359
487342,487698,487732,34,356
487342,487686,487732,46,344
487342,487703,487733,30,361
487342,487708,487734,26,366
487342,487702,487734,32,360
487342,487681,487735,54,339
487342,487683,487735,52,341
487342,487707,487736,29,365
487342,487707,487736,29,365
487342,487708,487737,29,366
487342,487687,487737,50,345
487342,487687,487737,50,345
487342,487697,487738,41,355
487342,487688,487738,50,346
487342,487697,487738,41,355
487342,487686,487739,53,344
487342,487690,487739,49,348
487342,487686,487739,53,344
487342,487698,487742,44,356
487342,487683,487741,58,341
487342,487698,487741,43,356
487342,487688,487742,54,346
487342,487717,487744,27,375
487342,487688,487743,55,346
487342,487697,487744,47,355
487342,487703,487744,41,361
487342,487692,487744,52,350
487342,487713,487744,31,371
487342,487691,487745,54,349
487342,487715,487744,29,373
487342,487695,487746,51,353
487342,487696,487747,51,354
487342,487687,487747,60,345
487342,487698,487749,51,356
487342,487697,487750,53,355
487342,487697,487751,54,355
487342,487729,487752,23,387
487342,487722,487754,32,380
487342,487692,487755,63,350
487342,487730,487754,24,388
487342,487731,487755,24,389
487342,487729,487756,27,387
487342,487729,487756,27,387
487342,487732,487756,24,390
487342,487718,487756,38,376
487342,487691,487757,66,349
487342,487694,487758,64,352
487342,487730,487759,29,388
487342,487730,487760,30,388
487342,487729,487760,31,387
487342,487726,487761,35,384
487345,487744,487760,16,399
487345,487745,487760,15,400
487345,487744,487760,16,399
487342,487730,487761,31,388
487342,487738,487762,24,396
487342,487722,487763,41,380
487345,487744,487763,19,399
487342,487737,487763,26,395
487342,487730,487764,34,388
487342,487730,487765,35,388
487342,487729,487764,35,387
487342,487732,487765,33,390
487342,487731,487765,34,389
487342,487738,487765,27,396
487342,487729,487765,36,387
487342,487733,487766,33,391
487342,487692,487766,74,350
487342,487726,487766,40,384
487342,487697,487767,70,355
487342,487723,487767,44,381
487342,487735,487767,32,393
487342,487731,487767,36,389
487342,487723,487767,44,381
487345,487745,487768,23,400
487342,487725,487768,43,383
487342,487736,487768,32,394
487345,487747,487768,21,402
487345,487744,487768,24,399
487342,487726,487768,42,384
487342,487736,487768,32,394
487345,487745,487769,24,400
487342,487738,487768,30,396
487342,487732,487769,37,390
487342,487739,487769,30,397
487345,487748,487770,22,403
487345,487745,487770,25,400
487342,487738,487770,32,396
487342,487695,487771,76,353
487342,487742,487771,29,400
487342,487733,487771,38,391
487342,487728,487771,43,386
487342,487739,487771,32,397
487342,487738,487772,34,396
487345,487749,487772,23,404
487342,487739,487773,34,397
487342,487734,487773,39,392
487342,487693,487773,80,351
487342,487733,487774,41,391
487345,487748,487774,26,403
487342,487736,487774,38,394
487342,487732,487776,44,390
487342,487742,487776,34,400
487342,487727,487776,49,385
487342,487695,487777,82,353
487342,487740,487777,37,398
487342,487695,487779,84,353
487345,487752,487778,26,407
487342,487742,487781,39,400
487345,487768,487782,14,423
487345,487750,487783,33,405
487345,487769,487783,14,424
487345,487767,487785,18,422
487345,487769,487785,16,424
487345,487769,487784,15,424
487345,487769,487785,16,424
487345,487770,487787,17,425
487345,487768,487786,18,423
487345,487768,487787,19,423
487345,487769,487787,18,424
487345,487762,487787,25,417
487345,487768,487787,19,423
487345,487767,487788,21,422
487345,487769,487788,19,424
487345,487770,487788,18,425
487345,487768,487789,21,423
487345,487769,487789,20,424
487345,487753,487790,37,408
487345,487767,487790,23,422
487345,487770,487792,22,425
487345,487761,487793,32,416
487345,487756,487795,39,411
487345,487766,487795,29,421
487345,487763,487795,32,418
487345,487771,487797,26,426
487345,487764,487798,34,419
487345,487771,487798,27,426
487345,487772,487800,28,427
487345,487761,487800,39,416
487345,487775,487801,26,430
487345,487755,487802,47,410
487345,487772,487802,30,427
487345,487761,487802,41,416
487345,487772,487803,31,427
487345,487773,487802,29,428
487345,487775,487803,28,430
487345,487775,487802,27,430
487345,487766,487802,36,421
487345,487777,487802,25,432
487345,487763,487802,39,418
487345,487772,487803,31,427
487345,487777,487803,26,432
487345,487772,487803,31,427
487345,487777,487803,26,432
487345,487764,487804,40,419
487345,487774,487803,29,429
487345,487765,487805,40,420
487345,487761,487805,44,416
487345,487766,487806,40,421
487345,487754,487806,52,409
487345,487766,487806,40,421
487345,487774,487807,33,429
487345,487788,487808,20,443
487345,487763,487808,45,418
487345,487757,487809,52,412
487345,487787,487809,22,442
487345,487757,487810,53,412
487345,487777,487810,33,432
487345,487777,487811,34,432
487345,487790,487812,22,445
487345,487788,487811,23,443
487345,487761,487811,50,416
487345,487757,487812,55,412
487345,487755,487812,57,410
487345,487782,487813,31,437
487345,487789,487813,24,444
487345,487787,487814,27,442
487345,487793,487813,20,448
487345,487789,487814,25,444
487345,487789,487814,25,444
487345,487783,487815,32,438
487345,487785,487815,30,440
487345,487758,487815,57,413
487345,487790,487815,25,445
487345,487765,487816,51,420
487345,487794,487817,23,449
487345,487786,487816,30,441
487345,487787,487817,30,442
487345,487785,487817,32,440
487345,487774,487818,44,429
487345,487787,487818,31,442
487345,487799,487818,19,454
487345,487790,487817,27,445
487345,487790,487818,28,445
487345,487766,487818,52,421
487345,487796,487818,22,451
487345,487779,487820,41,434
487345,487798,487819,21,453
487345,487760,487819,59,415
487345,487779,487820,41,434
487345,487758,487821,63,413
487345,487800,487823,23,455
487345,487785,487823,38,440
487345,487799,487823,24,454
487345,487784,487824,40,439
487349,487809,487824,15,460
487345,487757,487824,67,412
487345,487796,487825,29,451
487345,487796,487824,28,451
487349,487810,487826,16,461
487349,487809,487828,19,460
487345,487759,487828,69,414
487345,487801,487829,28,456
487345,487804,487828,24,459
487349,487812,487829,17,463
487345,487783,487829,46,438
487349,487812,487829,17,463
487349,487811,487831,20,462
487345,487802,487831,29,457
487345,487806,487831,25,461
487349,487811,487831,20,462
487345,487803,487831,28,458
487349,487812,487832,20,463
487345,487803,487833,30,458
487345,487803,487832,29,458
487349,487812,487834,22,463
487345,487803,487834,31,458
487345,487807,487834,27,462
487349,487812,487834,22,463
487345,487803,487835,32,458
487349,487814,487836,22,465
487345,487803,487836,33,458
487345,487804,487836,32,459
487349,487813,487837,24,464
487345,487806,487836,30,461
487345,487803,487836,33,458
487345,487803,487836,33,458
487345,487803,487837,34,458
487349,487813,487836,23,464
487345,487803,487837,34,458
487345,487803,487838,35,458
487345,487806,487838,32,461
487345,487803,487838,35,458
487345,487803,487838,35,458
487345,487804,487838,34,459
487345,487805,487841,36,460
487345,487765,487844,79,420
487345,487806,487844,38,461
487349,487814,487844,30,465
487349,487829,487845,16,480
487349,487814,487846,32,465
487349,487827,487846,19,478
487349,487829,487847,18,480
487349,487829,487847,18,480
487349,487828,487848,20,479
487349,487829,487848,19,480
487349,487831,487848,17,482
487349,487825,487848,23,476
487349,487833,487848,15,484
487349,487831,487848,17,482
487349,487832,487849,17,483
487345,487765,487849,84,420
487349,487832,487849,17,483
487349,487831,487850,19,482
487349,487825,487851,26,476
487349,487834,487851,17,485
487349,487820,487854,34,471
487349,487833,487854,21,484
487349,487834,487855,21,485
487349,487834,487855,21,485
487349,487835,487856,21,486
487349,487818,487855,37,469
487349,487820,487856,36,471
487349,487820,487857,37,471
487349,487837,487858,21,488
487349,487818,487859,41,469
487349,487836,487859,23,487
487349,487814,487859,45,465
487349,487818,487854,36,469
487349,487819,487859,40,470
487349,487829,487848,19,480
487349,487829,487844,15,480
487349,487820,487860,40,471
487349,487837,487860,23,488
487349,487837,487860,23,488
487349,487835,487860,25,486
487349,487836,487861,25,487
487349,487819,487861,42,470
487349,487839,487861,22,490
487349,487835,487862,27,486
487349,487838,487862,24,489
487349,487837,487862,25,488
487349,487837,487863,26,488
487349,487817,487863,46,468
487349,487818,487864,46,469
487349,487838,487865,27,489
487349,487818,487866,48,469
487349,487839,487865,26,490
487349,487838,487866,28,489
487349,487824,487868,44,475
487349,487817,487868,51,468
487349,487850,487868,18,501
487349,487850,487869,19,501
487349,487849,487869,20,500
487349,487819,487870,51,470
487349,487837,487871,34,488
487349,487825,487870,45,476
487349,487849,487871,22,500
487349,487838,487871,33,489
487349,487848,487871,23,499
487349,487849,487871,22,500
487349,487855,487872,17,506
487349,487817,487872,55,468
487349,487849,487872,23,500
487349,487849,487872,23,500
487349,487844,487872,28,495
487349,487849,487872,23,500
487349,487825,487872,47,476
487349,487815,487874,59,466
487349,487817,487873,56,468
487349,487837,487874,37,488
487349,487852,487873,21,503
487349,487815,487874,59,466
487349,487855,487874,19,506
487349,487856,487874,18,507
487349,487821,487875,54,472
487349,487858,487875,17,509
487349,487852,487876,24,503
487349,487855,487876,21,506
487349,487842,487877,35,493
487349,487855,487877,22,506
487349,487844,487878,34,495
487349,487857,487878,21,508
487349,487849,487877,28,500
487349,487856,487878,22,507
487349,487847,487879,32,498
487349,487860,487879,19,511
487349,487859,487880,21,510
487349,487824,487881,57,475
487349,487846,487880,34,497
487349,487860,487880,20,511
487349,487860,487881,21,511
487349,487860,487881,21,511
487349,487860,487884,24,511
487349,487860,487885,25,511
487349,487847,487885,38,498
487349,487860,487886,26,511
487349,487863,487886,23,514
487349,487823,487887,64,474
487349,487862,487887,25,513
487349,487864,487887,23,515
487349,487861,487887,26,512
487349,487863,487888,25,514
487349,487861,487888,27,512
487350,487871,487888,17,521
487349,487866,487888,22,517
487349,487865,487888,23,516
487349,487866,487889,23,517
487349,487861,487889,28,512
487349,487862,487889,27,513
487349,487847,487890,43,498
487350,487870,487889,19,520
487350,487871,487890,19,521
487349,487860,487890,30,511
487349,487825,487890,65,476
487350,487871,487891,20,521
487349,487865,487891,26,516
487349,487860,487891,31,511
487349,487816,487891,75,467
487350,487872,487892,20,522
487350,487872,487892,20,522
487349,487864,487892,28,515
487349,487868,487892,24,519
487350,487873,487893,20,523
487349,487862,487893,31,513
487349,487861,487893,32,512
487350,487870,487893,23,520
487349,487847,487894,47,498
487349,487867,487896,29,518
487349,487869,487895,26,520
487350,487872,487896,24,522
487349,487868,487897,29,519
487349,487869,487897,28,520
487350,487873,487897,24,523
487350,487872,487898,26,522
487350,487872,487899,27,522
487350,487872,487900,28,522
487349,487816,487902,86,467
487350,487891,487903,12,541
487350,487891,487907,16,541
487350,487890,487907,17,540
487350,487889,487907,18,539
487350,487889,487907,18,539
487350,487890,487908,18,540
487350,487889,487909,20,539
487350,487890,487909,19,540
487350,487888,487909,21,538
487350,487888,487909,21,538
487350,487887,487909,22,537
487350,487889,487909,20,539
487350,487891,487910,19,541
487350,487873,487910,37,523
487350,487889,487909,20,539
487350,487889,487910,21,539
487349,487816,487911,95,467
487350,487873,487913,40,523
487350,487891,487913,22,541
487350,487874,487913,39,524
487350,487887,487915,28,537
487350,487892,487916,24,542
487350,487892,487917,25,542
487350,487892,487918,26,542
487350,487891,487919,28,541
487350,487894,487919,25,544
487350,487878,487921,43,528
487350,487874,487921,47,524
487350,487892,487921,29,542
487350,487892,487921,29,542
487350,487892,487922,30,542
487350,487893,487921,28,543
487350,487875,487923,48,525
487350,487874,487923,49,524
487350,487881,487924,43,531
487350,487893,487924,31,543
487350,487894,487924,30,544
487350,487876,487926,50,526
487350,487878,487927,49,528
487350,487895,487927,32,545
487350,487875,487927,52,525
487350,487878,487928,50,528
487350,487881,487927,46,531
487350,487896,487928,32,546
487350,487896,487928,32,546
487350,487887,487929,42,537
487350,487874,487930,56,524
487350,487897,487931,34,547
487350,487898,487930,32,548
487350,487875,487932,57,525
487350,487898,487932,34,548
487350,487901,487932,31,551
487350,487875,487933,58,525
487350,487880,487933,53,530
487350,487910,487933,23,560
487350,487880,487933,53,530
487350,487881,487934,53,531
487350,487885,487935,50,535
487350,487875,487936,61,525
487350,487898,487936,38,548
487350,487912,487936,24,562
487350,487899,487937,38,549
487350,487913,487937,24,563
487350,487910,487937,27,560
487350,487911,487937,26,561
487350,487909,487938,29,559
487350,487887,487938,51,537
487350,487877,487938,61,527
487350,487909,487938,29,559
487350,487914,487939,25,564
487350,487919,487938,19,569
487350,487904,487939,35,554
487350,487911,487939,28,561
487350,487915,487940,25,565
487350,487910,487940,30,560
487350,487880,487940,60,530
487350,487903,487941,38,553
487350,487913,487941,28,563
487350,487910,487941,31,560
487350,487910,487941,31,560
487350,487917,487942,25,567
487350,487896,487943,47,546
487350,487922,487943,21,572
487350,487884,487944,60,534
487350,487907,487944,37,557
487350,487921,487944,23,571
487350,487922,487944,22,572
487350,487881,487945,64,531
487350,487909,487944,35,559
487350,487920,487945,25,570
487350,487909,487946,37,559
487350,487878,487947,69,528
487350,487922,487946,24,572
487350,487922,487947,25,572
487350,487918,487947,29,568
487350,487920,487946,26,570
487350,487922,487947,25,572
487350,487882,487948,66,532
487350,487907,487949,42,557
487350,487923,487950,27,573
487350,487886,487949,63,536
487350,487879,487950,71,529
487350,487886,487951,65,536
487350,487907,487952,45,557
487350,487927,487954,27,577
487350,487878,487954,76,528
487350,487924,487954,30,574
487350,487908,487954,46,558
487354,487936,487955,19,582
487354,487938,487955,17,584
487350,487925,487956,31,575
487354,487935,487957,22,581
487354,487936,487957,21,582
487350,487927,487958,31,577
487350,487933,487957,24,583
487350,487927,487958,31,577
487354,487937,487958,21,583
487354,487937,487959,22,583
487350,487924,487959,35,574
487350,487934,487959,25,584
487354,487938,487961,23,584
487350,487930,487961,31,580
487350,487933,487961,28,583
487350,487928,487962,34,578
487350,487925,487963,38,575
487354,487938,487962,24,584
487350,487930,487963,33,580
487354,487937,487964,27,583
487354,487939,487964,25,585
487350,487931,487963,32,581
487354,487939,487964,25,585
487350,487928,487965,37,578
487354,487939,487965,26,585
487354,487939,487965,26,585
487350,487932,487966,34,582
487350,487928,487966,38,578
487354,487939,487967,28,585
487350,487933,487967,34,583
487350,487931,487968,37,581
487350,487933,487968,35,583
487354,487951,487970,19,597
487354,487954,487972,18,600
487350,487929,487972,43,579
487350,487928,487972,44,578
487354,487958,487973,15,604
487354,487955,487973,18,601
487354,487956,487973,17,602
487354,487955,487972,17,601
487354,487958,487973,15,604
487354,487955,487974,19,601
487354,487954,487974,20,600
487354,487956,487974,18,602
487354,487945,487974,29,591
487354,487953,487975,22,599
487354,487959,487975,16,605
487354,487957,487977,20,603
487354,487960,487978,18,606
487354,487945,487979,34,591
487354,487945,487979,34,591
487354,487945,487978,33,591
487354,487960,487979,19,606
487354,487947,487980,33,593
487354,487959,487980,21,605
487354,487950,487981,31,596
487354,487961,487982,21,607
487354,487944,487982,38,590
487354,487959,487982,23,605
487354,487950,487982,32,596
487354,487944,487983,39,590
487354,487944,487984,40,590
487354,487947,487984,37,593
487354,487960,487985,25,606
487354,487961,487985,24,607
487354,487946,487986,40,592
487354,487947,487987,40,593
487354,487939,487987,48,585
487354,487947,487989,42,593
487354,487963,487989,26,609
487354,487943,487991,48,589
487354,487964,487991,27,610
487354,487968,487991,23,614
487354,487964,487992,28,610
487354,487941,487992,51,587
487354,487967,487993,26,613
487354,487947,487993,46,593
487354,487962,487993,31,608
487354,487944,487994,50,590
487354,487964,487995,31,610
487354,487968,487994,26,614
487354,487963,487994,31,609
487354,487967,487995,28,613
487354,487947,487996,49,593
487354,487964,487995,31,610
487354,487975,487996,21,621
487354,487964,487996,32,610
487354,487965,487997,32,611
487354,487975,487998,23,621
487354,487963,487998,35,609
487354,487966,487998,32,612
487354,487942,487999,57,588
487354,487974,487999,25,620
487354,487950,488000,50,596
487354,487980,488001,21,626
487354,487979,488000,21,625
487354,487965,488001,36,611
487354,487979,488001,22,625
487354,487939,488001,62,585
487354,487974,488002,28,620
487354,487981,488002,21,627
487354,487965,488002,37,611
487354,487976,488002,26,622
487354,487982,488003,21,628
487354,487977,488003,26,623
487354,487973,488003,30,619
487354,487979,488005,26,625
487354,487982,488005,23,628
487354,487982,488005,23,628
487354,487974,488006,32,620
487354,487970,488006,36,616
487354,487972,488005,33,618
487354,487968,488005,37,614
487354,487976,488005,29,622
487354,487980,488006,26,626
487354,487984,488006,22,630
487354,487942,488007,65,588
487354,487985,488006,21,631
487354,487981,488007,26,627
487354,487982,488008,26,628
487354,487972,488008,36,618
487354,487986,488009,23,632
487354,487948,488011,63,594
487354,487973,488010,37,619
487354,487942,488011,69,588
487354,487972,488012,40,618
487354,487983,488011,28,629
487354,487985,488012,27,631
487354,487985,488012,27,631
487354,487941,488012,71,587
487354,487973,488014,41,619
487354,487989,488016,27,635
487355,487999,488017,18,644
487354,487987,488016,29,633
487354,487940,488018,78,586
487354,487994,488017,23,640
487354,487993,488019,26,639
487354,487987,488019,32,633
487354,487942,488018,76,588
487355,487998,488019,21,643
487355,487998,488021,23,643
487354,487973,488021,48,619
487354,487995,488021,26,641
487354,487993,488022,29,639
487354,487997,488022,25,643
487354,487988,488021,33,634
487354,487997,488022,25,643
487354,487994,488023,29,640
487354,487992,488023,31,638
487354,487993,488023,30,639
487354,487991,488023,32,637
487354,487992,488023,31,638
487354,487990,488023,33,636
487355,488000,488024,24,645
487355,488002,488026,24,647
487355,488001,488027,26,646
487354,487996,488026,30,642
487355,488000,488027,27,645
487354,487941,488027,86,587
487355,488002,488027,25,647
487354,487994,488028,34,640
487354,487996,488028,32,642
487355,488001,488029,28,646
487354,487949,488029,80,595
487354,487995,488030,35,641
487355,487999,488030,31,644
487355,488002,488030,28,647
487354,487998,488032,34,644
487354,487950,488033,83,596
487355,488003,488033,30,648
487354,487996,488033,37,642
487355,488003,488035,32,648
487354,487995,488036,41,641
487355,488003,488043,40,648
487355,488027,488043,16,672
487355,488018,488045,27,663
487355,488019,488048,29,664
487355,488015,488049,34,660
487355,488029,488049,20,674
487355,488029,488050,21,674
487355,488019,488051,32,664
487355,488017,488051,34,662
487355,488027,488051,24,672
487355,488017,488052,35,662
487355,488029,488052,23,674
487355,488031,488052,21,676
487355,488017,488052,35,662
487355,488026,488053,27,671
487355,488027,488053,26,672
487355,488031,488053,22,676
487355,488008,488053,45,653
487355,488028,488053,25,673
487355,488023,488054,31,668
487355,488008,488055,47,653
487355,488028,488055,27,673
487355,488024,488056,32,669
487355,488013,488056,43,658
487355,488004,488056,52,649
487355,488003,488056,53,648
487355,488031,488057,26,676
487355,488025,488057,32,670
487355,488006,488057,51,651
487355,488024,488058,34,669
487355,488028,488058,30,673
487355,488034,488058,24,679
487355,488018,488059,41,663
487355,488034,488058,24,679
487355,488004,488059,55,649
487355,488006,488059,53,651
487355,488005,488059,54,650
487355,488006,488060,54,651
487355,488007,488059,52,652
487355,488022,488060,38,667
487355,488035,488060,25,680
487355,488023,488060,37,668
487355,488007,488061,54,652
487355,488009,488061,52,654
487355,488032,488061,29,677
487355,488024,488061,37,669
487355,488034,488061,27,679
487355,488005,488062,57,650
487355,488006,488062,56,651
487355,488020,488063,43,665
487355,488003,488064,61,648
487355,488036,488065,29,681
487355,488024,488065,41,669
487355,488022,488065,43,667
487355,488006,488066,60,651
487355,488022,488067,45,667
487355,488006,488068,62,651
487355,488006,488068,62,651
487355,488013,488068,55,658
487355,488006,488069,63,651
487355,488010,488070,60,655
487355,488019,488070,51,664
487355,488022,488070,48,667
487355,488043,488071,28,688
487355,488024,488072,48,669
487355,488044,488073,29,689
487355,488052,488074,22,697
487355,488012,488074,62,657
487355,488051,488074,23,696
487355,488048,488074,26,693
487355,488022,488074,52,667
487355,488051,488076,25,696
487355,488045,488076,31,690
487355,488022,488077,55,667
487355,488051,488079,28,696
487355,488049,488080,31,694
487355,488049,488082,33,694
487355,488052,488081,29,697
487355,488012,488082,70,657
487355,488056,488082,26,701
487362,488068,488083,15,706
487355,488053,488084,31,698
487355,488053,488084,31,698
487355,488012,488084,72,657
487355,488061,488085,24,706
487355,488057,488084,27,702
487355,488053,488086,33,698
487355,488059,488087,28,704
487355,488053,488088,35,698
487355,488056,488088,32,701
487355,488062,488089,27,707
487362,488068,488090,22,706
487355,488065,488090,25,710
487355,488062,488091,29,707
487355,488055,488091,36,700
487355,488057,488091,34,702
487355,488062,488091,29,707
487362,488070,488092,22,708
487355,488056,488092,36,701
487355,488065,488092,27,710
487362,488071,488092,21,709
487355,488065,488093,28,710
487362,488071,488093,22,709
487362,488072,488093,21,710
487355,488058,488094,36,703
487362,488071,488095,24,709
487355,488011,488094,83,656
487355,488058,488094,36,703
487355,488062,488094,32,707
487355,488064,488095,31,709
487355,488057,488094,37,702
487355,488060,488094,34,705
487355,488054,488095,41,699
487355,488062,488095,33,707
487355,488063,488096,33,708
487355,488053,488097,44,698
487355,488054,488098,44,699
487362,488073,488098,25,711
487355,488054,488098,44,699
487355,488066,488099,33,711
487362,488075,488099,24,713
487355,488061,488098,37,706
487362,488073,488099,26,711
487355,488055,488099,44,700
487355,488064,488099,35,709
487362,488074,488099,25,712
487355,488060,488099,39,705
487362,488075,488100,25,713
487355,488062,488100,38,707
487362,488075,488100,25,713
487355,488060,488101,41,705
487362,488075,488102,27,713
487355,488060,488102,42,705
487355,488011,488102,91,656
487355,488060,488104,44,705
487355,488060,488105,45,705
487355,488011,488106,95,656
487355,488059,488106,47,704
487355,488059,488109,50,704
487355,488059,488109,50,704
487362,488097,488112,15,735
487355,488053,488111,58,698
487362,488095,488112,17,733
487362,488095,488113,18,733
487362,488098,488113,15,736
487362,488095,488113,18,733
487362,488095,488113,18,733
487362,488095,488113,18,733
487362,488095,488113,18,733
487362,488096,488113,17,734
487362,488098,488115,17,736
487362,488098,488116,18,736
487362,488095,488116,21,733
487362,488099,488116,17,737
487362,488099,488117,18,737
487362,488095,488118,23,733
487362,488077,488118,41,715
487362,488100,488120,20,738
487362,488098,488118,20,736
487362,488091,488122,31,729
487362,488094,488122,28,732
487362,488081,488123,42,719
487362,488089,488124,35,727
487362,488077,488118,41,715
487362,488096,488119,23,734
487362,488100,488125,25,738
487362,488100,488125,25,738
487362,488099,488125,26,737
487362,488100,488127,27,738
487362,488102,488128,26,740
487362,488100,488129,29,738
487362,488077,488129,52,715
487362,488101,488128,27,739
487362,488089,488129,40,727
487362,488099,488129,30,737
487362,488107,488130,23,745
487362,488100,488129,29,738
487362,488103,488131,28,741
487362,488105,488131,26,743
487362,488087,488131,44,725
487362,488091,488132,41,729
487362,488106,488132,26,744
487362,488085,488132,47,723
487362,488091,488133,42,729
487362,488103,488133,30,741
487362,488092,488133,41,730
487362,488088,488133,45,726
487362,488094,488134,40,732
487362,488104,488134,30,742
487362,488082,488134,52,720
487362,488079,488137,58,717
487362,488082,488138,56,720
487362,488117,488138,21,755
487362,488084,488138,54,722
487362,488084,488139,55,722
487362,488083,488139,56,721
487362,488088,488140,52,726
487362,488094,488140,46,732
487362,488093,488141,48,731
487362,488117,488141,24,755
487362,488114,488142,28,752
487362,488085,488142,57,723
487362,488119,488143,24,757
487362,488110,488144,34,748
487362,488085,488144,59,723
487362,488118,488144,26,756
487362,488117,488145,28,755
487362,488112,488145,33,750
487362,488124,488145,21,762
487362,488124,488145,21,762
487362,488126,488146,20,764
487362,488122,488146,24,760
487362,488103,488146,43,741
487362,488117,488146,29,755
487362,488123,488146,23,761
487362,488122,488146,24,760
487362,488093,488147,54,731
487362,488121,488146,25,759
487362,488128,488147,19,766
487362,488113,488147,34,751
487362,488114,488148,34,752
487362,488116,488147,31,754
487362,488122,488148,26,760
487362,488085,488149,64,723
487362,488112,488150,38,750
487362,488112,488150,38,750
487362,488113,488150,37,751
487362,488092,488150,58,730
487362,488125,488150,25,763
487362,488126,488151,25,764
487362,488129,488152,23,767
487362,488124,488151,27,762
487362,488129,488152,23,767
487362,488113,488152,39,751
487362,488083,488152,69,721
487362,488129,488153,24,767
487362,488128,488153,25,766
487362,488130,488155,25,768
487362,488130,488155,25,768
487293,487385,488156,771,92
487368,488142,488157,15,774
487362,488132,488158,26,770
487362,488124,488159,35,762
487368,488141,488160,19,773
487362,488122,488161,39,760
487368,488144,488160,16,776
487362,488092,488161,69,730
487362,488130,488163,33,768
487362,488133,488163,30,771
487362,488140,488163,23,778
487368,488142,488163,21,774
487362,488133,488165,32,771
487362,488131,488165,34,769
487362,488134,488166,32,772
487368,488142,488166,24,774
487362,488135,488166,31,773
487362,488138,488166,28,776
487362,488132,488167,35,770
487362,488131,488167,36,769
487362,488135,488167,32,773
487362,488140,488167,27,778
487362,488092,488168,76,730
487368,488145,488169,24,777
487362,488139,488169,30,777
487362,488122,488169,47,760
487362,488135,488170,35,773
487362,488139,488170,31,777
487362,488092,488171,79,730
487362,488130,488170,40,768
487362,488134,488170,36,772
487368,488145,488171,26,777
487368,488144,488172,28,776
487362,488133,488173,40,771
487368,488146,488172,26,778
487362,488133,488173,40,771
487368,488146,488173,27,778
487362,488138,488174,36,776
487368,488145,488174,29,777
487362,488138,488177,39,776
487368,488146,488180,34,778
487368,488146,488181,35,778
487368,488146,488186,40,778
487368,488157,488186,29,789
487368,488164,488186,22,796
487368,488161,488187,26,793
487368,488161,488188,27,793
487368,488170,488188,18,802
487368,488171,488188,17,803
487368,488157,488188,31,789
487368,488160,488190,30,792
487368,488147,488191,44,779
487368,488161,488190,29,793
487368,488164,488191,27,796
487368,488148,488190,42,780
487368,488171,488191,20,803
487368,488166,488192,26,798
487368,488166,488193,27,798
487368,488156,488193,37,788
487368,488162,488193,31,794
487368,488164,488193,29,796
487368,488166,488194,28,798
487368,488159,488194,35,791
487368,488171,488194,23,803
487368,488173,488195,22,805
487368,488170,488195,25,802
487368,488168,488196,28,800
487368,488168,488197,29,800
487368,488165,488197,32,797
487368,488170,488197,27,802
487368,488171,488198,27,803
487368,488170,488197,27,802
487368,488168,488198,30,800
487368,488173,488198,25,805
487368,488148,488199,51,780
487368,488164,488199,35,796
487368,488169,488198,29,801
487368,488149,488199,50,781
487368,488169,488198,29,801
487368,488152,488199,47,784
487368,488168,488200,32,800
487368,488147,488200,53,779
487368,488174,488200,26,806
487368,488149,488200,51,781
487368,488167,488201,34,799
487368,488175,488200,25,807
487368,488174,488200,26,806
487368,488178,488201,23,810
487368,488148,488203,55,780
487368,488151,488203,52,783
487368,488148,488203,55,780
487368,488175,488204,29,807
487368,488151,488204,53,783
487368,488151,488205,54,783
487368,488151,488204,53,783
487368,488180,488205,25,812
487368,488156,488205,49,788
487368,488167,488205,38,799
487368,488147,488206,59,779
487368,488147,488208,61,779
487368,488173,488209,36,805
487368,488151,488209,58,783
487368,488147,488209,62,779
487368,488148,488210,62,780
487368,488186,488211,25,818
487368,488152,488211,59,784
487368,488186,488212,26,818
487368,488187,488212,25,819
487368,488191,488212,21,823
487368,488191,488211,20,823
487368,488193,488212,19,825
487368,488154,488213,59,786
487368,488188,488213,25,820
487368,488182,488214,32,814
487368,488192,488214,22,824
487368,488193,488215,22,825
487368,488152,488215,63,784
487368,488191,488215,24,823
487368,488187,488215,28,819
487368,488189,488216,27,821
487368,488153,488218,65,785
487368,488191,488219,28,823
487368,488193,488221,28,825
487368,488196,488222,26,828
487368,488194,488222,28,826
487368,488154,488223,69,786
487368,488195,488224,29,827
487304,487457,488225,768,153
487368,488197,488225,28,829
487368,488198,488225,27,830
487368,488196,488227,31,828
487368,488194,488228,34,826
487368,488197,488228,31,829
487368,488198,488228,30,830
487368,488203,488228,25,835
487372,488210,488228,18,838
487372,488210,488229,19,838
487368,488189,488230,41,821
487368,488194,488230,36,826
487368,488199,488230,31,831
487372,488212,488230,18,840
487368,488153,488231,78,785
487368,488201,488231,30,833
487368,488205,488231,26,837
487368,488203,488232,29,835
487368,488199,488232,33,831
487372,488209,488233,24,837
487368,488195,488232,37,827
487368,488197,488232,35,829
487368,488203,488233,30,835
487372,488212,488234,22,840
487368,488190,488234,44,822
487368,488207,488234,27,839
487372,488213,488234,21,841
487372,488211,488234,23,839
487368,488194,488235,41,826
487368,488199,488236,37,831
487372,488212,488236,24,840
487372,488212,488236,24,840
487368,488194,488236,42,826
487368,488200,488237,37,832
487368,488201,488236,35,833
487368,488204,488236,32,836
487368,488200,488236,36,832
487368,488198,488237,39,830
487368,488205,488237,32,837
487368,488206,488237,31,838
487368,488205,488237,32,837
487372,488213,488238,25,841
487368,488201,488237,36,833
487368,488206,488238,32,838
487368,488199,488238,39,831
487368,488199,488238,39,831
487368,488204,488238,34,836
487372,488214,488238,24,842
487368,488200,488240,40,832
487368,488200,488239,39,832
487368,488200,488239,39,832
487368,488153,488240,87,785
487368,488199,488240,41,831
487368,488201,488242,41,833
487372,488212,488244,32,840
487372,488214,488246,32,842
487372,488237,488253,16,865
487372,488237,488253,16,865
487372,488237,488255,18,865
487372,488237,488255,18,865
487372,488240,488255,15,868
487372,488236,488256,20,864
487372,488214,488257,43,842
487372,488236,488258,22,864
487372,488235,488259,24,863
487372,488216,488261,45,844
487372,488240,488260,20,868
487372,488241,488261,20,869
487372,488240,488261,21,868
487372,488235,488262,27,863
487372,488215,488262,47,843
487372,488217,488261,44,845
487372,488239,488261,22,867
487372,488239,488264,25,867
487372,488238,488264,26,866
487372,488237,488264,27,865
487372,488237,488264,27,865
487372,488219,488264,45,847
487372,488237,488265,28,865
487372,488222,488265,43,850
487372,488238,488265,27,866
487372,488226,488265,39,854
487372,488216,488266,50,844
487372,488238,488267,29,866
487372,488243,488266,23,871
487372,488238,488267,29,866
487372,488238,488268,30,866
487372,488215,488268,53,843
487372,488238,488270,32,866
487372,488239,488270,31,867
487372,488238,488269,31,866
487372,488235,488270,35,863
487372,488247,488270,23,875
487372,488241,488271,30,869
487372,488235,488270,35,863
487372,488244,488270,26,872
487372,488225,488273,48,853
487372,488239,488273,34,867
487372,488234,488272,38,862
487372,488223,488274,51,851
487372,488228,488275,47,856
487372,488228,488276,48,856
487372,488215,488276,61,843
487372,488226,488276,50,854
487372,488254,488277,23,882
487372,488234,488280,46,862
487372,488224,488280,56,852
487372,488221,488280,59,849
487372,488228,488279,51,856
487372,488254,488281,27,882
487372,488226,488282,56,854
487372,488255,488283,28,883
487372,488219,488284,65,847
487372,488264,488284,20,892
487372,488233,488286,53,861
487372,488259,488286,27,887
487372,488265,488286,21,893
487372,488266,488287,21,894
487372,488266,488287,21,894
487372,488267,488288,21,895
487372,488256,488288,32,884
487372,488229,488288,59,857
487372,488264,488289,25,892
487372,488265,488289,24,893
487372,488267,488289,22,895
487372,488232,488289,57,860
487372,488257,488289,32,885
487372,488256,488290,34,884
487372,488267,488290,23,895
487372,488269,488292,23,897
487372,488262,488293,31,890
487372,488233,488293,60,861
487372,488269,488293,24,897
487372,488229,488294,65,857
487372,488233,488295,62,861
487372,488262,488295,33,890
487372,488233,488296,63,861
487372,488266,488296,30,894
487372,488262,488296,34,890
487372,488274,488297,23,902
487372,488265,488296,31,893
487372,488276,488297,21,904
487372,488262,488298,36,890
487372,488264,488299,35,892
487372,488229,488300,71,857
487372,488271,488300,29,899
487372,488261,488300,39,889
487385,488287,488301,14,902
487372,488267,488302,35,895
487372,488271,488302,31,899
487372,488273,488302,29,901
487372,488261,488302,41,889
487372,488262,488302,40,890
487372,488270,488303,33,898
487385,488287,488303,16,902
487372,488262,488303,41,890
487372,488258,488303,45,886
487385,488287,488304,17,902
487372,488232,488304,72,860
487372,488277,488304,27,905
487372,488270,488305,35,898
487372,488230,488306,76,858
487372,488280,488306,26,908
487385,488287,488306,19,902
487328,487532,488306,774,204
487372,488271,488306,35,899
487372,488275,488307,32,903
487372,488258,488307,49,886
487372,488270,488308,38,898
487372,488277,488307,30,905
487385,488289,488308,19,904
487385,488289,488309,20,904
487385,488289,488309,20,904
487385,488289,488309,20,904
487372,488232,488309,77,860
487372,488270,488309,39,898
487372,488271,488310,39,899
487385,488290,488310,20,905
487372,488273,488311,38,901
487372,488273,488311,38,901
487385,488290,488312,22,905
487372,488281,488312,31,909
487372,488283,488312,29,911
487385,488289,488314,25,904
487385,488290,488314,24,905
487372,488282,488314,32,910
487372,488280,488314,34,908
487372,488281,488314,33,909
487385,488290,488315,25,905
487372,488232,488316,84,860
487372,488281,488317,36,909
487372,488284,488318,34,912
487372,488277,488318,41,905
487385,488291,488320,29,906
487372,488231,488322,91,859
487385,488309,488323,14,924
487385,488292,488323,31,907
487385,488307,488324,17,922
487385,488308,488324,16,923
487385,488310,488324,14,925
487385,488307,488324,17,922
487385,488307,488325,18,922
487385,488310,488325,15,925
487385,488309,488325,16,924
487385,488308,488325,17,923
487385,488309,488327,18,924
487372,488231,488327,96,859
487385,488310,488327,17,925
487385,488311,488328,17,926
487385,488308,488329,21,923
487372,488230,488328,98,858
487385,488307,488329,22,922
487385,488308,488329,21,923
487372,488231,488331,100,859
487385,488294,488334,40,909
487385,488295,488334,39,910
487385,488293,488334,41,908
487385,488311,488335,24,926
487385,488312,488335,23,927
487385,488299,488337,38,914
487385,488296,488338,42,911
487385,488300,488338,38,915
487385,488302,488338,36,917
487385,488315,488338,23,930
487385,488297,488336,39,912
487385,488307,488330,23,922
487385,488312,488336,24,927
487385,488296,488340,44,911
487385,488298,488339,41,913
487385,488312,488341,29,927
487385,488316,488341,25,931
487385,488315,488340,25,930
487385,488306,488341,35,921
487385,488297,488342,45,912
487385,488314,488342,28,929
487385,488316,488343,27,931
487385,488297,488342,45,912
487385,488313,488342,29,928
487385,488313,488344,31,928
487385,488315,488345,30,930
487385,488293,488346,53,908
487385,488296,488347,51,911
487385,488315,488347,32,930
487385,488297,488347,50,912
487385,488301,488348,47,916
487385,488299,488348,49,914
487385,488301,488349,48,916
487385,488321,488350,29,936
487385,488324,488351,27,939
487385,488328,488350,22,943
487385,488329,488351,22,944
487385,488332,488351,19,947
487385,488304,488352,48,919
487385,488329,488352,23,944
487385,488319,488352,33,934
487385,488330,488353,23,945
487385,488319,488353,34,934
487385,488329,488353,24,944
487385,488330,488353,23,945
487385,488324,488353,29,939
487385,488303,488355,52,918
487385,488327,488355,28,942
487385,488334,488355,21,949
487385,488322,488357,35,937
487385,488323,488357,34,938
487385,488341,488357,16,956
487385,488335,488357,22,950
487385,488318,488357,39,933
487385,488336,488357,21,951
487385,488335,488357,22,950
487385,488325,488358,33,940
487385,488338,488359,21,953
487385,488340,488358,18,955
487385,488338,488359,21,953
487385,488325,488359,34,940
487385,488304,488359,55,919
487385,488339,488359,20,954
487385,488340,488360,20,955
487385,488304,488359,55,919
487385,488305,488359,54,920
487385,488303,488361,58,918
487385,488342,488361,19,957
487385,488340,488361,21,955
487385,488325,488361,36,940
487385,488340,488362,22,955
487385,488339,488362,23,954
487385,488304,488362,58,919
487385,488340,488362,22,955
487385,488335,488362,27,950
487385,488340,488362,22,955
487385,488326,488363,37,941
487385,488325,488364,39,940
487385,488339,488364,25,954
487385,488341,488364,23,956
487385,488341,488364,23,956
487385,488326,488364,38,941
487385,488326,488367,41,941
487385,488303,488370,67,918
487385,488304,488370,66,919
487390,488354,488371,17,964
487385,488343,488371,28,958
487385,488349,488371,22,964
487385,488345,488372,27,960
487385,488343,488372,29,958
487385,488342,488374,32,957
487390,488353,488375,22,963
487385,488353,488374,21,968
487385,488343,488375,32,958
487385,488342,488376,34,957
487385,488352,488376,24,967
487385,488352,488376,24,967
487385,488347,488377,30,962
487385,488348,488377,29,963
487385,488346,488377,31,961
487385,488347,488378,31,962
487385,488347,488379,32,962
487390,488354,488378,24,964
487385,488351,488380,29,966
487385,488352,488379,27,967
487390,488354,488380,26,964
487385,488350,488380,30,965
487390,488356,488380,24,966
487385,488348,488381,33,963
487390,488357,488381,24,967
487385,488303,488381,78,918
487385,488352,488384,32,967
487390,488355,488383,28,965
487390,488357,488383,26,967
487390,488358,488383,25,968
487385,488351,488384,33,966
487390,488357,488385,28,967
487385,488350,488386,36,965
487390,488356,488386,30,966
487390,488357,488386,29,967
487390,488358,488389,31,968
487385,488305,488390,85,920
487385,488303,488395,92,918
487390,488358,488394,36,968
487390,488378,488398,20,988
487390,488380,488398,18,990
487390,488380,488399,19,990
487390,488378,488399,21,988
487390,488359,488401,42,969
487390,488386,488402,16,996
487390,488380,488403,23,990
487390,488377,488403,26,987
487390,488360,488404,44,970
487390,488362,488404,42,972
487390,488380,488404,24,990
487390,488359,488404,45,969
487390,488359,488405,46,969
487390,488373,488406,33,983
487390,488385,488405,20,995
487390,488385,488406,21,995
487390,488384,488407,23,994
487390,488386,488406,20,996
487390,488362,488408,46,972
487390,488372,488408,36,982
487390,488372,488408,36,982
487390,488361,488409,48,971
487390,488382,488410,28,992
487390,488377,488411,34,987
487390,488371,488410,39,981
487390,488381,488411,30,991
487390,488387,488411,24,997
487390,488360,488411,51,970
487390,488363,488412,49,973
487390,488382,488413,31,992
487390,488380,488414,34,990
487390,488380,488414,34,990
487390,488362,488414,52,972
487390,488362,488415,53,972
487390,488359,488415,56,969
487390,488363,488415,52,973
487390,488363,488416,53,973
487390,488391,488416,25,1001
487390,488374,488416,42,984
487390,488389,488416,27,999
487390,488377,488417,40,987
487390,488361,488418,57,971
487390,488384,488418,34,994
487390,488360,488418,58,970
487390,488384,488419,35,994
487390,488395,488420,25,1005
487390,488360,488420,60,970
487390,488376,488420,44,986
487390,488360,488420,60,970
487390,488362,488420,58,972
487390,488374,488420,46,984
487390,488375,488420,45,985
487390,488382,488421,39,992
487390,488372,488421,49,982
487390,488359,488422,63,969
487390,488364,488424,60,974
487390,488399,488424,25,1009
487390,488365,488425,60,975
487390,488371,488426,55,981
487390,488384,488426,42,994
487390,488368,488427,59,978
487390,488376,488427,51,986
487390,488395,488427,32,1005
487390,488400,488427,27,1010
487390,488399,488428,29,1009
487390,488365,488429,64,975
487390,488375,488430,55,985
487390,488400,488431,31,1010
487390,488401,488431,30,1011
487390,488404,488431,27,1014
487390,488402,488432,30,1012
487390,488405,488433,28,1015
487390,488404,488435,31,1014
487390,488375,488437,62,985
487390,488365,488437,72,975
487334,487668,488438,770,334
487390,488364,488438,74,974
487390,488410,488439,29,1020
487390,488411,488440,29,1021
487390,488408,488440,32,1018
487390,488407,488440,33,1017
487390,488405,488441,36,1015
487390,488414,488441,27,1024
487390,488405,488442,37,1015
487390,488411,488441,30,1021
487390,488404,488442,38,1014
487390,488413,488442,29,1023
487390,488406,488444,38,1016
487390,488408,488443,35,1018
487390,488410,488444,34,1020
487390,488407,488445,38,1017
487390,488405,488446,41,1015
487390,488407,488445,38,1017
487390,488415,488446,31,1025
487390,488412,488446,34,1022
487390,488414,488446,32,1024
487390,488411,488446,35,1021
487390,488420,488447,27,1030
487390,488406,488447,41,1016
487390,488415,488447,32,1025
487390,488412,488447,35,1022
487390,488364,488447,83,974
487390,488415,488448,33,1025
487400,488427,488448,21,1027
487390,488408,488448,40,1018
487400,488428,488448,20,1028
487390,488420,488449,29,1030
487390,488417,488450,33,1027
487400,488427,488450,23,1027
487400,488428,488450,22,1028
487390,488416,488450,34,1026
487390,488418,488450,32,1028
487390,488419,488451,32,1029
487390,488419,488451,32,1029
487390,488416,488452,36,1026
487390,488423,488451,28,1033
487390,488421,488452,31,1031
487390,488414,488452,38,1024
487400,488428,488452,24,1028
487390,488420,488452,32,1030
487400,488429,488452,23,1029
487390,488420,488453,33,1030
487390,488416,488453,37,1026
487390,488425,488452,27,1035
487390,488419,488454,35,1029
487340,487669,488455,786,329
487390,488424,488455,31,1034
487390,488420,488455,35,1030
487390,488421,488456,35,1031
487390,488419,488456,37,1029
487390,488421,488457,36,1031
487390,488422,488457,35,1032
487400,488428,488457,29,1028
487400,488431,488460,29,1031
487400,488431,488460,29,1031
487400,488433,488462,29,1033
487400,488431,488463,32,1031
487390,488425,488464,39,1035
487390,488417,488464,47,1027
487400,488431,488465,34,1031
487400,488453,488468,15,1053
487400,488453,488472,19,1053
487400,488449,488472,23,1049
487400,488452,488472,20,1052
487400,488455,488473,18,1055
487400,488452,488472,20,1052
487400,488453,488473,20,1053
487400,488456,488473,17,1056
487400,488456,488474,18,1056
487400,488455,488474,19,1055
487400,488449,488475,26,1049
487400,488451,488476,25,1051
487400,488453,488475,22,1053
487400,488448,488475,27,1048
487400,488449,488476,27,1049
487400,488457,488476,19,1057
487400,488453,488477,24,1053
487400,488449,488477,28,1049
487400,488433,488477,44,1033
487400,488452,488479,27,1052
487400,488452,488479,27,1052
487400,488450,488479,29,1050
487400,488457,488480,23,1057
487400,488451,488481,30,1051
487400,488457,488480,23,1057
487400,488450,488480,30,1050
487400,488448,488481,33,1048
487400,488451,488481,30,1051
487400,488450,488478,28,1050
487400,488451,488480,29,1051
487400,488448,488484,36,1048
487400,488448,488484,36,1048
487400,488458,488484,26,1058
487400,488447,488485,38,1047
487400,488447,488485,38,1047
487400,488452,488486,34,1052
487400,488439,488487,48,1039
487400,488461,488488,27,1061
487400,488447,488488,41,1047
487400,488452,488491,39,1052
487400,488476,488492,16,1076
487400,488435,488492,57,1035
487400,488458,488492,34,1058
487400,488463,488493,30,1063
487400,488462,488493,31,1062
487400,488441,488494,53,1041
487400,488476,488494,18,1076
487400,488465,488494,29,1065
487400,488443,488494,51,1043
487400,488476,488495,19,1076
487400,488477,488495,18,1077
487400,488474,488495,21,1074
487400,488472,488496,24,1072
487400,488473,488496,23,1073
487400,488475,488496,21,1075
487400,488473,488497,24,1073
487400,488443,488497,54,1043
487400,488474,488497,23,1074
487400,488441,488498,57,1041
487400,488477,488498,21,1077
487400,488442,488499,57,1042
487400,488476,488500,24,1076
487400,488438,488500,62,1038
487400,488478,488501,23,1078
487400,488477,488501,24,1077
487400,488474,488500,26,1074
487400,488472,488501,29,1072
487400,488442,488501,59,1042
487400,488479,488502,23,1079
487400,488440,488502,62,1040
487400,488442,488502,60,1042
487400,488444,488502,58,1044
487400,488465,488503,38,1065
487400,488446,488503,57,1046
487400,488444,488503,59,1044
487400,488439,488504,65,1039
487400,488472,488504,32,1072
487400,488468,488504,36,1068
487400,488441,488506,65,1041
487400,488461,488505,44,1061
487400,488437,488506,69,1037
487400,488483,488508,25,1083
487400,488446,488508,62,1046
487400,488444,488508,64,1044
487400,488480,488508,28,1080
487400,488481,488509,28,1081
487400,488446,488510,64,1046
487400,488479,488510,31,1079
487400,488481,488510,29,1081
487400,488483,488510,27,1083
487400,488481,488510,29,1081
487400,488466,488511,45,1066
487400,488486,488512,26,1086
487400,488481,488512,31,1081
487400,488485,488513,28,1085
487400,488481,488514,33,1081
487400,488482,488515,33,1082
487400,488446,488517,71,1046
487408,488500,488517,17,1092
487408,488501,488517,16,1093
487400,488446,488518,72,1046
487400,488487,488518,31,1087
487408,488502,488519,17,1094
487400,488484,488519,35,1084
487400,488485,488519,34,1085
487400,488497,488519,22,1097
487408,488501,488520,19,1093
487400,488485,488521,36,1085
487400,488495,488521,26,1095
487400,488497,488521,24,1097
487408,488500,488521,21,1092
487344,487743,488522,779,399
487400,488441,488522,81,1041
487400,488488,488522,34,1088
487408,488503,488522,19,1095
487400,488497,488523,26,1097
487400,488483,488523,40,1083
487400,488498,488525,27,1098
487408,488502,488525,23,1094
487408,488501,488526,25,1093
487400,488498,488525,27,1098
487400,488492,488526,34,1092
487400,488497,488526,29,1097
487400,488496,488526,30,1096
487400,488493,488526,33,1093
487408,488500,488526,26,1092
487400,488487,488526,39,1087
487408,488503,488526,23,1095
487408,488503,488526,23,1095
487400,488496,488527,31,1096
487400,488496,488528,32,1096
487400,488492,488529,37,1092
487400,488489,488529,40,1089
487400,488492,488529,37,1092
487408,488501,488529,28,1093
487400,488493,488530,37,1093
487408,488503,488530,27,1095
487400,488492,488530,38,1092
487400,488494,488531,37,1094
487400,488495,488531,36,1095
487400,488494,488533,39,1094
487400,488496,488534,38,1096
487408,488503,488534,31,1095
487408,488523,488539,16,1115
487408,488511,488541,30,1103
487408,488524,488541,17,1116
487408,488511,488541,30,1103
487408,488523,488541,18,1115
487408,488522,488542,20,1114
487408,488525,488542,17,1117
487408,488523,488541,18,1115
487408,488526,488543,17,1118
487408,488523,488542,19,1115
487408,488521,488543,22,1113
487408,488523,488543,20,1115
487408,488511,488544,33,1103
487408,488526,488543,17,1118
487408,488526,488544,18,1118
487408,488525,488545,20,1117
487408,488512,488546,34,1104
487408,488527,488546,19,1119
487408,488521,488545,24,1113
487408,488527,488546,19,1119
487408,488515,488548,33,1107
487408,488511,488549,38,1103
487408,488527,488549,22,1119
487408,488527,488551,24,1119
487408,488512,488549,37,1104
487408,488521,488543,22,1113
487408,488520,488551,31,1112
487408,488527,488551,24,1119
487408,488521,488552,31,1113
487408,488516,488553,37,1108
487408,488514,488553,39,1106
487408,488511,488554,43,1103
487408,488517,488554,37,1109
487408,488527,488554,27,1119
487408,488529,488555,26,1121
487408,488504,488555,51,1096
487408,488511,488556,45,1103
487408,488527,488556,29,1119
487408,488530,488557,27,1122
487408,488533,488557,24,1125
487408,488506,488557,51,1098
487408,488529,488558,29,1121
487408,488506,488558,52,1098
487408,488528,488558,30,1120
487408,488517,488560,43,1109
487408,488535,488561,26,1127
487408,488504,488561,57,1096
487408,488508,488561,53,1100
487408,488519,488562,43,1111
487408,488531,488562,31,1123
487408,488508,488562,54,1100
487408,488532,488563,31,1124
487408,488532,488563,31,1124
487408,488529,488565,36,1121
487408,488509,488565,56,1101
487408,488547,488567,20,1139
487408,488530,488566,36,1122
487408,488520,488567,47,1112
487408,488544,488567,23,1136
487408,488535,488567,32,1127
487408,488546,488568,22,1138
487408,488543,488570,27,1135
487408,488506,488571,65,1098
487408,488520,488570,50,1112
487408,488545,488570,25,1137
487408,488550,488570,20,1142
487408,488518,488572,54,1110
487408,488543,488571,28,1135
487408,488504,488571,67,1096
487408,488545,488572,27,1137
487408,488544,488571,27,1136
487408,488531,488572,41,1123
487408,488544,488573,29,1136
487408,488549,488573,24,1141
487408,488508,488574,66,1100
487408,488552,488574,22,1144
487408,488550,488574,24,1142
487408,488553,488574,21,1145
487408,488552,488574,22,1144
487408,488554,488574,20,1146
487408,488544,488575,31,1136
487408,488551,488575,24,1143
487408,488530,488575,45,1122
487408,488542,488576,34,1134
487408,488546,488576,30,1138
487408,488552,488576,24,1144
487408,488540,488576,36,1132
487408,488552,488576,24,1144
487408,488546,488577,31,1138
487408,488542,488577,35,1134
487408,488542,488578,36,1134
487408,488555,488579,24,1147
487408,488542,488579,37,1134
487409,488567,488580,13,1158
487408,488555,488580,25,1147
487408,488555,488581,26,1147
487408,488553,488582,29,1145
487408,488556,488582,26,1148
487408,488556,488584,28,1148
487409,488571,488583,12,1162
487408,488559,488585,26,1151
487348,487808,488585,777,460
487408,488508,488584,76,1100
487409,488569,488584,15,1160
487408,488504,488586,82,1096
487409,488571,488586,15,1162
487408,488557,488586,29,1149
487409,488568,488586,18,1159
487409,488568,488587,19,1159
487409,488571,488587,16,1162
487408,488542,488587,45,1134
487408,488542,488588,46,1134
487409,488572,488590,18,1163
487408,488552,488590,38,1144
487408,488556,488591,35,1148
487408,488556,488590,34,1148
487409,488572,488590,18,1163
487408,488562,488591,29,1154
487408,488566,488592,26,1158
487408,488567,488592,25,1159
487408,488558,488591,33,1150
487408,488559,488591,32,1151
487408,488562,488593,31,1154
487408,488557,488593,36,1149
487408,488562,488593,31,1154
487408,488561,488594,33,1153
487409,488571,488595,24,1162
487408,488519,488596,77,1111
487409,488571,488596,25,1162
487408,488563,488596,33,1155
487408,488567,488597,30,1159
487409,488572,488598,26,1163
487408,488559,488599,40,1151
487408,488561,488599,38,1153
487409,488572,488600,28,1163
487408,488566,488600,34,1158
487409,488572,488601,29,1163
487408,488562,488601,39,1154
487408,488563,488601,38,1155
487408,488564,488601,37,1156
487408,488519,488604,85,1111
487409,488590,488605,15,1181
487409,488586,488605,19,1177
487409,488591,488605,14,1182
487409,488591,488606,15,1182
487409,488590,488606,16,1181
487409,488573,488606,33,1164
487409,488592,488607,15,1183
487409,488587,488608,21,1178
487409,488588,488608,20,1179
487409,488587,488607,20,1178
487409,488592,488608,16,1183
487409,488587,488608,21,1178
487409,488588,488608,20,1179
487409,488589,488609,20,1180
487409,488578,488610,32,1169
487409,488586,488610,24,1177
487409,488592,488610,18,1183
487409,488574,488611,37,1165
487409,488591,488611,20,1182
487409,488582,488611,29,1173
487409,488585,488611,26,1176
487409,488577,488613,36,1168
487409,488576,488614,38,1167
487409,488592,488615,23,1183
487409,488584,488615,31,1175
487409,488575,488615,40,1166
487409,488576,488617,41,1167
487409,488574,488617,43,1165
487409,488574,488617,43,1165
487409,488575,488618,43,1166
487409,488576,488618,42,1167
487409,488585,488618,33,1176
487409,488579,488618,39,1170
487409,488576,488618,42,1167
487409,488593,488619,26,1184
487409,488601,488619,18,1192
487409,488592,488620,28,1183
487409,488575,488620,45,1166
487409,488595,488620,25,1186
487409,488575,488621,46,1166
487409,488593,488621,28,1184
487409,488593,488621,28,1184
487409,488574,488622,48,1165
487409,488576,488622,46,1167
487409,488582,488622,40,1173
487409,488585,488622,37,1176
487409,488600,488623,23,1191
487409,488577,488623,46,1168
487409,488575,488623,48,1166
487409,488574,488623,49,1165
487409,488597,488624,27,1188
487409,488579,488624,45,1170
487409,488585,488624,39,1176
487409,488601,488624,23,1192
487409,488597,488625,28,1188
487409,488601,488625,24,1192
487409,488595,488626,31,1186
487409,488596,488626,30,1187
487409,488584,488625,41,1175
487409,488602,488625,23,1193
487409,488602,488627,25,1193
487409,488579,488627,48,1170
487409,488606,488628,22,1197
487409,488602,488628,26,1193
487409,488605,488628,23,1196
487409,488605,488628,23,1196
487409,488609,488628,19,1200
487409,488600,488630,30,1191
487409,488611,488631,20,1202
487409,488609,488631,22,1200
487409,488609,488632,23,1200
487409,488608,488634,26,1199
487409,488611,488633,22,1202
487409,488598,488634,36,1189
487409,488612,488634,22,1203
487409,488612,488634,22,1203
487409,488616,488635,19,1207
487409,488615,488636,21,1206
487409,488580,488636,56,1171
487409,488614,488635,21,1205
487409,488615,488636,21,1206
487409,488598,488636,38,1189
487409,488606,488636,30,1197
487409,488618,488636,18,1209
487409,488611,488637,26,1202
487409,488608,488638,30,1199
487409,488610,488638,28,1201
487409,488606,488639,33,1197
487409,488611,488639,28,1202
487409,488582,488639,57,1173
487409,488619,488640,21,1210
487409,488615,488640,25,1206
487409,488606,488640,34,1197
487409,488622,488640,18,1213
487409,488608,488643,35,1199
487409,488618,488643,25,1209
487409,488617,488643,26,1208
487409,488619,488643,24,1210
487414,488626,488645,19,1212
487409,488608,488645,37,1199
487409,488619,488646,27,1210
487409,488620,488646,26,1211
487414,488626,488646,20,1212
487414,488626,488646,20,1212
487409,488626,488648,22,1217
487409,488618,488648,30,1209
487409,488621,488647,26,1212
487409,488625,488648,23,1216
487414,488627,488649,22,1213
487409,488623,488650,27,1214
487409,488621,488649,28,1212
487409,488625,488651,26,1216
487414,488628,488650,22,1214
487409,488607,488650,43,1198
487409,488622,488651,29,1213
487414,488628,488650,22,1214
487409,488621,488651,30,1212
487409,488619,488652,33,1210
487409,488623,488653,30,1214
487409,488622,488652,30,1213
487409,488623,488653,30,1214
487409,488625,488652,27,1216
487409,488607,488654,47,1198
487409,488624,488655,31,1215
487409,488624,488655,31,1215
487409,488623,488655,32,1214
487414,488628,488655,27,1214
487409,488623,488655,32,1214
487409,488620,488656,36,1211
487414,488628,488656,28,1214
487409,488625,488657,32,1216
487414,488628,488658,30,1214
487409,488623,488659,36,1214
487414,488629,488659,30,1215
487409,488624,488660,36,1215
487409,488581,488663,82,1172
487414,488632,488662,30,1218
487414,488631,488665,34,1217
487414,488632,488671,39,1218
487414,488646,488671,25,1232
487414,488655,488672,17,1241
487414,488649,488671,22,1235
487414,488655,488672,17,1241
487414,488651,488672,21,1237
487414,488653,488673,20,1239
487414,488646,488673,27,1232
487414,488650,488673,23,1236
487414,488653,488674,21,1239
487414,488654,488674,20,1240
487414,488650,488674,24,1236
487414,488651,488674,23,1237
487414,488655,488675,20,1241
487414,488653,488675,22,1239
487414,488651,488676,25,1237
487414,488651,488675,24,1237
487414,488646,488676,30,1232
487414,488650,488676,26,1236
487414,488655,488677,22,1241
487414,488651,488677,26,1237
487414,488644,488679,35,1230
487414,488648,488678,30,1234
487414,488655,488679,24,1241
487414,488645,488679,34,1231
487414,488648,488680,32,1234
487414,488647,488681,34,1233
487414,488648,488681,33,1234
487414,488646,488681,35,1232
487414,488653,488682,29,1239
487414,488652,488682,30,1238
487414,488644,488682,38,1230
487414,488641,488687,46,1227
487414,488644,488688,44,1230
487414,488633,488688,55,1219
487414,488658,488689,31,1244
487414,488641,488690,49,1227
487414,488644,488690,46,1230
487414,488661,488690,29,1247
487414,488660,488690,30,1246
487414,488657,488691,34,1243
487414,488652,488692,40,1238
487414,488663,488691,28,1249
487414,488637,488694,57,1223
487414,488637,488695,58,1223
487414,488674,488697,23,1260
487414,488673,488697,24,1259
487414,488674,488697,23,1260
487414,488663,488697,34,1249
487414,488676,488697,21,1262
487414,488640,488697,57,1226
487414,488675,488698,23,1261
487414,488677,488698,21,1263
487414,488676,488698,22,1262
487414,488675,488698,23,1261
487414,488674,488698,24,1260
487414,488675,488699,24,1261
487414,488675,488699,24,1261
487414,488659,488699,40,1245
487414,488672,488701,29,1258
487414,488635,488701,66,1221
487414,488672,488700,28,1258
487414,488672,488701,29,1258
487414,488656,488701,45,1242
487414,488636,488701,65,1222
487414,488666,488701,35,1252
487414,488672,488701,29,1258
487414,488677,488702,25,1263
487414,488671,488703,32,1257
487414,488672,488704,32,1258
487414,488676,488703,27,1262
487414,488638,488705,67,1224
487414,488637,488706,69,1223
487414,488635,488706,71,1221
487352,487934,488708,774,582
487414,488637,488708,71,1223
487414,488659,488708,49,1245
487414,488678,488709,31,1264
487414,488679,488709,30,1265
487414,488634,488710,76,1220
487414,488680,488711,31,1266
487414,488634,488713,79,1220
487419,488701,488713,12,1282
487414,488683,488713,30,1269
487414,488679,488715,36,1265
487414,488681,488714,33,1267
487414,488678,488715,37,1264
487419,488702,488715,13,1283
487414,488636,488716,80,1222
487414,488683,488717,34,1269
487414,488682,488717,35,1268
487414,488636,488718,82,1222
487419,488702,488718,16,1283
487419,488702,488719,17,1283
487414,488680,488718,38,1266
487414,488637,488719,82,1223
487419,488702,488720,18,1283
487419,488704,488720,16,1285
487414,488634,488721,87,1220
487419,488702,488721,19,1283
487419,488702,488722,20,1283
487414,488688,488723,35,1274
487414,488639,488724,85,1225
487414,488636,488723,87,1222
487414,488682,488723,41,1268
487419,488704,488724,20,1285
487419,488704,488724,20,1285
487419,488703,488724,21,1284
487414,488640,488724,84,1226
487414,488700,488724,24,1286
487414,488682,488724,42,1268
487414,488698,488726,28,1284
487414,488699,488726,27,1285
487414,488640,488726,86,1226
487414,488698,488726,28,1284
487414,488698,488727,29,1284
487414,488687,488727,40,1273
487419,488706,488727,21,1287
487414,488698,488728,30,1284
487414,488699,488727,28,1285
487414,488698,488728,30,1284
487419,488707,488728,21,1288
487414,488700,488729,29,1286
487414,488692,488730,38,1278
487414,488698,488730,32,1284
487414,488697,488730,33,1283
487414,488698,488731,33,1284
487419,488707,488731,24,1288
487414,488689,488731,42,1275
487414,488689,488731,42,1275
487414,488639,488731,92,1225
487414,488682,488734,52,1268
487414,488690,488733,43,1276
487414,488697,488733,36,1283
487414,488697,488734,37,1283
487414,488692,488734,42,1278
487414,488690,488734,44,1276
487414,488694,488734,40,1280
487414,488690,488736,46,1276
487414,488692,488736,44,1278
487414,488696,488737,41,1282
487419,488709,488740,31,1290
487419,488724,488741,17,1305
487414,488690,488742,52,1276
487419,488728,488742,14,1309
487419,488728,488742,14,1309
487419,488728,488744,16,1309
487419,488727,488744,17,1308
487419,488727,488745,18,1308
487419,488725,488744,19,1306
487419,488728,488745,17,1309
487419,488727,488744,17,1308
487419,488709,488745,36,1290
487419,488726,488746,20,1307
487419,488729,488745,16,1310
487419,488725,488746,21,1306
487419,488726,488746,20,1307
487419,488728,488747,19,1309
487419,488709,488747,38,1290
487419,488724,488747,23,1305
487419,488713,488748,35,1294
487419,488725,488749,24,1306
487419,488709,488750,41,1290
487419,488711,488751,40,1292
487419,488715,488751,36,1296
487419,488730,488751,21,1311
487419,488731,488751,20,1312
487414,488640,488753,113,1226
487419,488716,488753,37,1297
487419,488731,488754,23,1312
487419,488714,488754,40,1295
487419,488716,488755,39,1297
487419,488715,488755,40,1296
487419,488722,488755,33,1303
487419,488724,488755,31,1305
487419,488723,488756,33,1304
487419,488738,488756,18,1319
487419,488717,488756,39,1298
487419,488710,488757,47,1291
487419,488731,488757,26,1312
487419,488711,488757,46,1292
487419,488732,488758,26,1313
487419,488724,488758,34,1305
487419,488716,488759,43,1297
487419,488732,488760,28,1313
487419,488735,488760,25,1316
487419,488734,488759,25,1315
487419,488723,488760,37,1304
487419,488735,488761,26,1316
487419,488734,488760,26,1315
487419,488717,488761,44,1298
487419,488718,488761,43,1299
487419,488719,488761,42,1300
487419,488719,488762,43,1300
487419,488737,488762,25,1318
487419,488732,488762,30,1313
487419,488731,488762,31,1312
487419,488724,488762,38,1305
487419,488740,488763,23,1321
487419,488741,488763,22,1322
487419,488731,488763,32,1312
487419,488714,488763,49,1295
487419,488737,488764,27,1318
487419,488719,488765,46,1300
487419,488734,488764,30,1315
487419,488735,488766,31,1316
487419,488719,488768,49,1300
487419,488746,488768,22,1327
487419,488734,488769,35,1315
487419,488748,488770,22,1329
487419,488746,488770,24,1327
487419,488742,488770,28,1323
487419,488744,488771,27,1325
487419,488743,488771,28,1324
487419,488743,488770,27,1324
487419,488751,488771,20,1332
487419,488747,488771,24,1328
487419,488747,488771,24,1328
487419,488746,488772,26,1327
487419,488752,488772,20,1333
487419,488748,488772,24,1329
487419,488751,488773,22,1332
487419,488752,488774,22,1333
487419,488746,488774,28,1327
487419,488722,488774,52,1303
487419,488750,488774,24,1331
487419,488756,488774,18,1337
487419,488753,488774,21,1334
487419,488753,488775,22,1334
487419,488749,488774,25,1330
487419,488754,488775,21,1335
487419,488751,488777,26,1332
487419,488724,488777,53,1305
487419,488754,488777,23,1335
487419,488720,488778,58,1301
487419,488756,488778,22,1337
487419,488745,488779,34,1326
487419,488755,488779,24,1336
487419,488756,488779,23,1337
487419,488745,488780,35,1326
487419,488755,488780,25,1336
487419,488745,488782,37,1326
487419,488758,488782,24,1339
487419,488745,488782,37,1326
487425,488764,488783,19,1339
487419,488763,488784,21,1344
487419,488756,488785,29,1337
487419,488764,488785,21,1345
487419,488756,488785,29,1337
487419,488757,488786,29,1338
487419,488757,488787,30,1338
487419,488763,488786,23,1344
487425,488765,488786,21,1340
487419,488760,488787,27,1341
487419,488762,488787,25,1343
487419,488763,488787,24,1344
487419,488759,488787,28,1340
487419,488762,488788,26,1343
487425,488766,488788,22,1341
487419,488758,488789,31,1339
487419,488745,488789,44,1326
487419,488762,488790,28,1343
487419,488760,488790,30,1341
487419,488721,488791,70,1302
487419,488761,488791,30,1342
487425,488765,488791,26,1340
487419,488761,488791,30,1342
487419,488758,488792,34,1339
487419,488760,488792,32,1341
487425,488765,488792,27,1340
487419,488762,488793,31,1343
487425,488769,488793,24,1344
487419,488761,488793,32,1342
487419,488762,488796,34,1343
487425,488769,488796,27,1344
487419,488762,488797,35,1343
487425,488770,488798,28,1345
487425,488770,488804,34,1345
487425,488784,488807,23,1359
487425,488771,488808,37,1346
487425,488786,488809,23,1361
487425,488785,488811,26,1360
487425,488788,488810,22,1363
487425,488788,488810,22,1363
487425,488788,488810,22,1363
487425,488783,488811,28,1358
487425,488786,488812,26,1361
487425,488787,488813,26,1362
487425,488789,488812,23,1364
487425,488770,488813,43,1345
487425,488781,488813,32,1356
487425,488788,488814,26,1363
487425,488787,488814,27,1362
487425,488788,488814,26,1363
487425,488788,488815,27,1363
487425,488791,488816,25,1366
487425,488772,488816,44,1347
487425,488787,488817,30,1362
487425,488787,488818,31,1362
487425,488792,488819,27,1367
487425,488782,488819,37,1357
487425,488794,488820,26,1369
487425,488792,488820,28,1367
487425,488793,488820,27,1368
487425,488791,488821,30,1366
487425,488789,488821,32,1364
487425,488776,488821,45,1351
487425,488798,488822,24,1373
487425,488793,488822,29,1368
487425,488778,488823,45,1353
487425,488792,488823,31,1367
487425,488780,488824,44,1355
487425,488783,488824,41,1358
487425,488781,488825,44,1356
487425,488775,488825,50,1350
487425,488797,488825,28,1372
487425,488783,488825,42,1358
487425,488790,488826,36,1365
487425,488793,488826,33,1368
487425,488778,488827,49,1353
487425,488791,488828,37,1366
487425,488778,488828,50,1353
487425,488778,488828,50,1353
487425,488797,488829,32,1372
487425,488792,488830,38,1367
487425,488775,488832,57,1350
487425,488775,488833,58,1350
487425,488780,488834,54,1355
487425,488772,488835,63,1347
487361,488068,488837,769,707
487425,488779,488837,58,1354
487425,488798,488838,40,1373
487425,488807,488839,32,1382
487425,488780,488838,58,1355
487425,488814,488842,28,1389
487425,488813,488843,30,1388
487425,488816,488844,28,1391
487425,488811,488844,33,1386
487425,488812,488844,32,1387
487425,488811,488844,33,1386
487425,488804,488845,41,1379
487425,488817,488844,27,1392
487425,488813,488846,33,1388
487425,488808,488847,39,1383
487425,488817,488846,29,1392
487425,488774,488846,72,1349
487425,488812,488846,34,1387
487425,488817,488847,30,1392
487425,488815,488847,32,1390
487425,488811,488846,35,1386
487425,488811,488847,36,1386
487425,488809,488847,38,1384
487425,488819,488849,30,1394
487425,488815,488849,34,1390
487425,488814,488849,35,1389
487425,488819,488850,31,1394
487425,488814,488851,37,1389
487425,488820,488852,32,1395
487425,488818,488853,35,1393
487425,488821,488854,33,1396
487356,488068,488854,786,712
487425,488822,488859,37,1397
487425,488820,488859,39,1395
487425,488825,488860,35,1400
487425,488821,488860,39,1396
487425,488821,488861,40,1396
487425,488824,488861,37,1399
487439,488846,488861,15,1407
487425,488826,488861,35,1401
487439,488847,488862,15,1408
487425,488826,488863,37,1401
487425,488772,488863,91,1347
487439,488847,488865,18,1408
487439,488847,488865,18,1408
487425,488823,488865,42,1398
487439,488850,488865,15,1411
487425,488824,488866,42,1399
487439,488847,488866,19,1408
487425,488826,488866,40,1401
487425,488824,488867,43,1399
487439,488847,488866,19,1408
487425,488774,488867,93,1349
487425,488825,488868,43,1400
487425,488838,488868,30,1413
487439,488847,488869,22,1408
487425,488828,488869,41,1403
487439,488848,488869,21,1409
487425,488839,488870,31,1414
487439,488847,488870,23,1408
487425,488839,488870,31,1414
487425,488826,488870,44,1401
487425,488773,488871,98,1348
487439,488850,488872,22,1411
487425,488772,488872,100,1347
487425,488823,488872,49,1398
487425,488772,488873,101,1347
487439,488849,488872,23,1410
487439,488847,488873,26,1408
487425,488837,488874,37,1412
487425,488774,488874,100,1349
487425,488830,488873,43,1405
487425,488845,488875,30,1420
487425,488833,488874,41,1408
487425,488827,488875,48,1402
487425,488845,488875,30,1420
487425,488833,488875,42,1408
487425,488845,488876,31,1420
487425,488842,488876,34,1417
487425,488838,488877,39,1413
487425,488843,488877,34,1418
487425,488774,488878,104,1349
487425,488827,488878,51,1402
487425,488773,488879,106,1348
487425,488845,488878,33,1420
487425,488829,488878,49,1404
487425,488829,488879,50,1404
487439,488851,488879,28,1412
487425,488845,488879,34,1420
487425,488835,488880,45,1410
487425,488772,488884,112,1347
487425,488836,488883,47,1411
487439,488852,488886,34,1413
487425,488774,488887,113,1349
487425,488774,488888,114,1349
487425,488772,488889,117,1347
487439,488874,488888,14,1435
487439,488855,488888,33,1416
487439,488873,488888,15,1434
487439,488874,488889,15,1435
487425,488830,488889,59,1405
487439,488872,488890,18,1433
487439,488875,488890,15,1436
487439,488874,488890,16,1435
487439,488871,488890,19,1432
487439,488871,488891,20,1432
487439,488872,488890,18,1433
487439,488873,488891,18,1434
487439,488874,488891,17,1435
487439,488873,488891,18,1434
487439,488875,488891,16,1436
487439,488870,488892,22,1431
487439,488875,488893,18,1436
487439,488873,488893,20,1434
487439,488875,488894,19,1436
487439,488855,488894,39,1416
487439,488853,488895,42,1414
487439,488870,488899,29,1431
487439,488876,488900,24,1437
487439,488853,488893,40,1414
487439,488861,488901,40,1422
487439,488866,488901,35,1427
487439,488864,488902,38,1425
487439,488865,488902,37,1426
487439,488862,488903,41,1423
487439,488863,488903,40,1424
487439,488878,488903,25,1439
487439,488876,488904,28,1437
487439,488880,488904,24,1441
487439,488879,488905,26,1440
487439,488865,488905,40,1426
487439,488866,488905,39,1427
487439,488860,488907,47,1421
487439,488864,488907,43,1425
487439,488862,488908,46,1423
487439,488879,488908,29,1440
487439,488860,488908,48,1421
487439,488862,488908,46,1423
487439,488878,488909,31,1439
487439,488877,488908,31,1438
487439,488877,488909,32,1438
487439,488879,488909,30,1440
487439,488879,488910,31,1440
487439,488866,488910,44,1427
487439,488862,488912,50,1423
487439,488880,488913,33,1441
487439,488866,488913,47,1427
487365,488141,488913,772,776
487439,488891,488913,22,1452
487439,488893,488913,20,1454
487439,488891,488914,23,1452
487439,488894,488913,19,1455
487439,488896,488914,18,1457
487439,488891,488914,23,1452
487439,488894,488914,20,1455
487439,488893,488915,22,1454
487439,488891,488914,23,1452
487439,488890,488915,25,1451
487439,488891,488916,25,1452
487439,488891,488916,25,1452
487439,488895,488916,21,1456
487439,488867,488917,50,1428
487439,488890,488917,27,1451
487439,488904,488918,14,1465
487439,488902,488921,19,1463
487439,488890,488921,31,1451
487439,488870,488922,52,1431
487439,488900,488921,21,1461
487439,488902,488921,19,1463
487439,488900,488922,22,1461
487439,488861,488922,61,1422
487439,488902,488923,21,1463
487439,488884,488924,40,1445
487439,488904,488924,20,1465
487439,488905,488923,18,1466
487439,488901,488923,22,1462
487439,488903,488924,21,1464
487439,488900,488925,25,1461
487439,488906,488926,20,1467
487439,488880,488927,47,1441
487439,488885,488927,42,1446
487439,488886,488928,42,1447
487439,488905,488928,23,1466
487439,488889,488927,38,1450
487439,488889,488927,38,1450
487439,488906,488928,22,1467
487439,488880,488928,48,1441
487439,488906,488931,25,1467
487439,488889,488931,42,1450
487439,488867,488932,65,1428
487440,488915,488932,17,1475
487439,488910,488933,23,1471
487439,488909,488933,24,1470
487440,488915,488933,18,1475
487439,488889,488933,44,1450
487440,488915,488935,20,1475
487439,488914,488935,21,1475
487439,488868,488935,67,1429
487439,488888,488936,48,1449
487439,488888,488936,48,1449
487439,488909,488937,28,1470
487439,488909,488937,28,1470
487440,488917,488937,20,1477
487439,488889,488938,49,1450
487439,488907,488938,31,1468
487439,488909,488939,30,1470
487439,488914,488939,25,1475
487439,488914,488940,26,1475
487439,488869,488940,71,1430
487440,488915,488940,25,1475
487439,488900,488940,40,1461
487440,488916,488941,25,1476
487440,488918,488941,23,1478
487439,488890,488941,51,1451
487439,488908,488941,33,1469
487439,488910,488941,31,1471
487439,488908,488943,35,1469
487439,488909,488942,33,1470
487440,488918,488943,25,1478
487439,488913,488943,30,1474
487439,488914,488944,30,1475
487440,488919,488944,25,1479
487439,488910,488944,34,1471
487439,488908,488944,36,1469
487439,488914,488945,31,1475
487439,488914,488946,32,1475
487440,488917,488948,31,1477
487440,488916,488949,33,1476
487439,488914,488949,35,1475
487439,488913,488950,37,1474
487440,488921,488951,30,1481
487440,488922,488953,31,1482
487439,488867,488961,94,1428
487440,488945,488962,17,1505
487440,488938,488963,25,1498
487440,488937,488963,26,1497
487440,488937,488964,27,1497
487369,488208,488964,756,839
487440,488936,488965,29,1496
487439,488870,488965,95,1431
487440,488942,488965,23,1502
487440,488938,488966,28,1498
487440,488922,488967,45,1482
487440,488945,488967,22,1505
487440,488935,488967,32,1495
487440,488943,488969,26,1503
487440,488936,488969,33,1496
487440,488939,488970,31,1499
487440,488922,488969,47,1482
487440,488944,488970,26,1504
487440,488946,488970,24,1506
487440,488924,488970,46,1484
487440,488936,488970,34,1496
487440,488944,488970,26,1504
487439,488870,488970,100,1431
487440,488943,488970,27,1503
487440,488924,488971,47,1484
487440,488943,488972,29,1503
487440,488949,488972,23,1509
487440,488928,488972,44,1488
487440,488942,488972,30,1502
487440,488942,488972,30,1502
487440,488934,488973,39,1494
487440,488940,488973,33,1500
487440,488937,488973,36,1497
487440,488940,488973,33,1500
487440,488941,488972,31,1501
487440,488925,488974,49,1485
487440,488927,488973,46,1487
487440,488922,488973,51,1482
487440,488949,488973,24,1509
487440,488939,488974,35,1499
487439,488867,488975,108,1428
487440,488924,488975,51,1484
487440,488948,488975,27,1508
487440,488923,488976,53,1483
487440,488944,488976,32,1504
487440,488952,488976,24,1512
487440,488927,488977,50,1487
487440,488934,488977,43,1494
487440,488953,488978,25,1513
487440,488928,488978,50,1488
487440,488951,488978,27,1511
487440,488947,488979,32,1507
487440,488925,488981,56,1485
487440,488929,488981,52,1489
487440,488922,488981,59,1482
487440,488928,488982,54,1488
487440,488939,488982,43,1499
487440,488928,488982,54,1488
487440,488941,488983,42,1501
487440,488925,488982,57,1485
487440,488924,488983,59,1484
487440,488961,488983,22,1521
487440,488933,488986,53,1493
487440,488964,488988,24,1524
487440,488941,488988,47,1501
487440,488969,488988,19,1529
487440,488927,488989,62,1487
487440,488966,488990,24,1526
487440,488963,488989,26,1523
487440,488965,488990,25,1525
487440,488970,488990,20,1530
487440,488929,488991,62,1489
487440,488963,488991,28,1523
487440,488969,488991,22,1529
487440,488970,488992,22,1530
487440,488970,488992,22,1530
487440,488970,488992,22,1530
487440,488934,488993,59,1494
487440,488967,488993,26,1527
487440,488966,488993,27,1526
487440,488941,488993,52,1501
487440,488965,488994,29,1525
487440,488970,488995,25,1530
487440,488966,488995,29,1526
487440,488967,488996,29,1527
487440,488971,488996,25,1531
487440,488968,488997,29,1528
487440,488968,488998,30,1528
487440,488972,488999,27,1532
487440,488973,489001,28,1533
487440,488973,489002,29,1533
487445,488987,489002,15,1542
487440,488973,489002,29,1533
487440,488934,489001,67,1494
487440,488971,489003,32,1531
487440,488977,489002,25,1537
487440,488974,489003,29,1534
487445,488988,489002,14,1543
487445,488989,489003,14,1544
487445,488990,489004,14,1545
487440,488973,489004,31,1533
487440,488972,489004,32,1532
487445,488989,489006,17,1544
487445,488990,489007,17,1545
487440,488972,489007,35,1532
487440,488971,489007,36,1531
487440,488971,489008,37,1531
487445,488992,489008,16,1547
487440,488980,489009,29,1540
487445,488991,489008,17,1546
487445,488989,489009,20,1544
487440,488974,489008,34,1534
487440,488974,489010,36,1534
487440,488982,489010,28,1542
487440,488975,489010,35,1535
487440,488982,489011,29,1542
487440,488983,489010,27,1543
487440,488978,489011,33,1538
487440,488984,489011,27,1544
487440,488982,489011,29,1542
487445,488992,489011,19,1547
487440,488976,489011,35,1536
487440,488981,489012,31,1541
487440,488972,489012,40,1532
487440,488977,489013,36,1537
487445,488991,489013,22,1546
487440,488979,489013,34,1539
487440,488974,489013,39,1534
487440,488976,489014,38,1536
487440,488983,489014,31,1543
487440,488977,489015,38,1537
487445,488992,489014,22,1547
487440,488971,489015,44,1531
487440,488979,489015,36,1539
487440,488978,489016,38,1538
487440,488932,489015,83,1492
487445,488992,489017,25,1547
487440,488974,489017,43,1534
487440,488977,489018,41,1537
487440,488982,489017,35,1542
487440,488983,489018,35,1543
487440,488974,489019,45,1534
487445,488993,489022,29,1548
487445,489011,489025,14,1566
487440,488932,489025,93,1492
487440,488931,489025,94,1491
487445,489011,489026,15,1566
487445,489010,489026,16,1565
487440,488975,489027,52,1535
487445,489012,489027,15,1567
487445,488993,489027,34,1548
487445,489012,489027,15,1567
487445,489012,489027,15,1567
487445,489013,489028,15,1568
487445,489009,489028,19,1564
487445,489009,489028,19,1564
487445,489012,489029,17,1567
487445,489012,489029,17,1567
487445,489011,489029,18,1566
487445,489011,489030,19,1566
487445,489009,489030,21,1564
487445,488994,489030,36,1549
487445,488994,489031,37,1549
487445,489013,489033,20,1568
487445,488995,489033,38,1550
487445,488995,489033,38,1550
487445,489012,489033,21,1567
487445,488994,489034,40,1549
487445,489009,489034,25,1564
487445,489000,489034,34,1555
487445,488998,489034,36,1553
487445,489013,489035,22,1568
487445,489002,489037,35,1557
487445,489009,489037,28,1564
487374,488285,489038,753,911
487445,489003,489038,35,1558
487445,489016,489038,22,1571
487445,489016,489038,22,1571
487445,489014,489039,25,1569
487445,488999,489041,42,1554
487445,489014,489041,27,1569
487445,488997,489040,43,1552
487445,489018,489042,24,1573
487445,489002,489043,41,1557
487445,489014,489042,28,1569
487445,489015,489042,27,1570
487445,488997,489043,46,1552
487445,489018,489043,25,1573
487445,489008,489043,35,1563
487445,489007,489044,37,1562
487445,489015,489044,29,1570
487445,489002,489045,43,1557
487445,488994,489045,51,1549
487445,489017,489045,28,1572
487445,489003,489045,42,1558
487445,489015,489045,30,1570
487445,489003,489045,42,1558
487445,488996,489046,50,1551
487445,489015,489047,32,1570
487445,489002,489047,45,1557
487445,489014,489047,33,1569
487445,489022,489047,25,1577
487445,489018,489048,30,1573
487445,489027,489048,21,1582
487445,489006,489048,42,1561
487445,489019,489050,31,1574
487445,489029,489050,21,1584
487445,489027,489050,23,1582
487445,489030,489051,21,1585
487445,489026,489051,25,1581
487445,489031,489051,20,1586
487445,489003,489051,48,1558
487445,489034,489052,18,1589
487445,489026,489052,26,1581
487445,489031,489053,22,1586
487445,489027,489052,25,1582
487445,489002,489053,51,1557
487445,489034,489052,18,1589
487445,489030,489053,23,1585
487378,488286,489054,768,908
487445,489031,489054,23,1586
487445,489028,489054,26,1583
487445,489028,489054,26,1583
487445,489018,489054,36,1573
487445,489026,489055,29,1581
487445,489033,489056,23,1588
487445,489038,489055,17,1593
487445,489034,489055,21,1589
487445,489032,489056,24,1587
487445,489035,489056,21,1590
487445,489029,489056,27,1584
487445,489034,489056,22,1589
487445,489034,489058,24,1589
487445,489034,489058,24,1589
487445,489038,489058,20,1593
487445,489034,489058,24,1589
487445,489038,489059,21,1593
487445,489039,489059,20,1594
487445,489038,489060,22,1593
487445,489038,489061,23,1593
487445,489027,489061,34,1582
487445,489005,489062,57,1560
487445,489039,489063,24,1594
487445,489008,489063,55,1563
487445,489049,489065,16,1604
487445,489049,489067,18,1604
487445,489027,489067,40,1582
487445,489051,489068,17,1606
487445,489043,489069,26,1598
487445,489009,489069,60,1564
487445,489047,489069,22,1602
487445,489049,489070,21,1604
487445,489045,489070,25,1600
487445,489051,489070,19,1606
487445,489042,489071,29,1597
487445,489051,489072,21,1606
487445,489045,489072,27,1600
487445,489041,489072,31,1596
487445,489052,489072,20,1607
487445,489047,489072,25,1602
487445,489045,489073,28,1600
487445,489047,489073,26,1602
487445,489041,489073,32,1596
487445,489044,489073,29,1599
487445,489045,489074,29,1600
487445,489004,489075,71,1559
487445,489047,489076,29,1602
487445,489051,489076,25,1606
487445,489037,489076,39,1592
487445,489043,489076,33,1598
487445,489043,489077,34,1598
487445,489046,489077,31,1601
487445,489037,489077,40,1592
487445,489044,489078,34,1599
487445,489041,489078,37,1596
487445,489053,489079,26,1608
487445,489052,489080,28,1607
487445,489044,489081,37,1599
487445,489046,489081,35,1601
487445,489046,489081,35,1601
487445,489047,489081,34,1602
487445,489005,489082,77,1560
487445,489053,489083,30,1608
487445,489046,489083,37,1601
487445,489051,489084,33,1606
487445,489053,489085,32,1608
487445,489073,489092,19,1628
487445,489068,489094,26,1623
487445,489076,489094,18,1631
487445,489073,489094,21,1628
487445,489064,489094,30,1619
487445,489064,489095,31,1619
487445,489070,489095,25,1625
487445,489074,489096,22,1629
487445,489079,489096,17,1634
487445,489056,489096,40,1611
487445,489068,489097,29,1623
487445,489077,489097,20,1632
487445,489071,489097,26,1626
487445,489076,489098,22,1631
487445,489077,489099,22,1632
487445,489072,489099,27,1627
487445,489069,489100,31,1624
487445,489078,489099,21,1633
487445,489068,489100,32,1623
487445,489076,489100,24,1631
487445,489070,489100,30,1625
487445,489074,489101,27,1629
487445,489074,489101,27,1629
487445,489075,489101,26,1630
487445,489076,489102,26,1631
487445,489070,489102,32,1625
487445,489069,489102,33,1624
487445,489076,489102,26,1631
487445,489071,489102,31,1626
487445,489079,489103,24,1634
487445,489057,489103,46,1612
487445,489058,489103,45,1613
487445,489072,489103,31,1627
487445,489081,489103,22,1636
487445,489063,489104,41,1618
487445,489082,489106,24,1637
487445,489065,489106,41,1620
487445,489056,489106,50,1611
487445,489053,489107,54,1608
487445,489081,489108,27,1636
487445,489054,489107,53,1609
487445,489056,489108,52,1611
487445,489055,489108,53,1610
487445,489057,489109,52,1612
487445,489053,489109,56,1608
487445,489083,489109,26,1638
487445,489081,489110,29,1636
487445,489084,489110,26,1639
487445,489083,489111,28,1638
487445,489055,489111,56,1610
487445,489057,489111,54,1612
487445,489056,489110,54,1611
487445,489058,489112,54,1613
487445,489062,489111,49,1617
487445,489055,489112,57,1610
487445,489055,489112,57,1610
487445,489073,489112,39,1628
487445,489084,489112,28,1639
487445,489054,489113,59,1609
487445,489059,489112,53,1614
487445,489055,489114,59,1610
487445,489004,489116,112,1559
487445,489085,489116,31,1640
487445,489074,489118,44,1629
487445,489094,489118,24,1649
487445,489081,489118,37,1636
487445,489099,489118,19,1654
487445,489061,489119,58,1616
487445,489097,489119,22,1652
487445,489096,489119,23,1651
487445,489098,489119,21,1653
487445,489093,489120,27,1648
487445,489097,489120,23,1652
487445,489095,489120,25,1650
487445,489099,489121,22,1654
487445,489095,489121,26,1650
487445,489053,489122,69,1608
487388,488353,489122,769,965
487445,489097,489122,25,1652
487445,489080,489123,43,1635
487445,489100,489123,23,1655
487445,489061,489125,64,1616
487445,489059,489128,69,1614
487445,489059,489128,69,1614
487445,489100,489127,27,1655
487445,489095,489128,33,1650
487445,489103,489129,26,1658
487445,489095,489128,33,1650
487445,489102,489129,27,1657
487445,489101,489130,29,1656
487445,489102,489130,28,1657
487445,489102,489130,28,1657
487445,489101,489130,29,1656
487445,489095,489130,35,1650
487445,489101,489131,30,1656
487445,489097,489131,34,1652
487445,489100,489131,31,1655
487445,489101,489132,31,1656
487445,489102,489132,30,1657
487445,489110,489134,24,1665
487445,489104,489135,31,1659
487446,489113,489134,21,1667
487446,489113,489135,22,1667
487446,489113,489135,22,1667
487445,489103,489135,32,1658
487445,489104,489136,32,1659
487445,489111,489137,26,1666
487445,489103,489138,35,1658
487445,489100,489138,38,1655
487446,489113,489139,26,1667
487445,489103,489139,36,1658
487445,489108,489139,31,1663
487445,489109,489140,31,1664
487445,489110,489141,31,1665
487445,489113,489141,28,1668
487445,489107,489142,35,1662
487446,489118,489142,24,1672
487446,489117,489142,25,1671
487445,489107,489143,36,1662
487445,489111,489143,32,1666
487445,489112,489144,32,1667
487446,489115,489143,28,1669
487445,489103,489143,40,1658
487445,489109,489144,35,1664
487445,489110,489144,34,1665
487445,489104,489144,40,1659
487445,489059,489145,86,1614
487445,489109,489145,36,1664
487445,489111,489145,34,1666
487445,489112,489146,34,1667
487445,489112,489146,34,1667
487445,489108,489146,38,1663
487445,489108,489146,38,1663
487445,489106,489149,43,1661
487446,489119,489149,30,1673
487445,489111,489151,40,1666
487446,489119,489151,32,1673
487445,489112,489152,40,1667
487446,489119,489152,33,1673
487446,489117,489152,35,1671
487446,489119,489152,33,1673
487446,489137,489159,22,1691
487446,489135,489160,25,1689
487446,489140,489160,20,1694
487446,489135,489161,26,1689
487446,489139,489162,23,1693
487446,489135,489162,27,1689
487446,489140,489163,23,1694
487446,489141,489163,22,1695
487446,489138,489163,25,1692
487446,489136,489164,28,1690
487446,489135,489165,30,1689
487446,489143,489165,22,1697
487446,489132,489165,33,1686
487446,489139,489167,28,1693
487446,489139,489167,28,1693
487446,489141,489168,27,1695
487446,489133,489167,34,1687
487446,489136,489169,33,1690
487446,489145,489170,25,1699
487446,489147,489170,23,1701
487446,489142,489171,29,1696
487446,489143,489173,30,1697
487446,489132,489173,41,1686
487446,489147,489173,26,1701
487446,489146,489174,28,1700
487446,489142,489174,32,1696
487446,489145,489174,29,1699
487446,489128,489175,47,1682
487446,489128,489175,47,1682
487446,489145,489175,30,1699
487446,489129,489175,46,1683
487446,489131,489175,44,1685
487446,489146,489176,30,1700
487446,489129,489176,47,1683
487446,489144,489179,35,1698
487446,489151,489179,28,1705
487446,489145,489180,35,1699
487446,489150,489179,29,1704
487446,489144,489179,35,1698
487446,489150,489180,30,1704
487446,489144,489180,36,1698
487446,489131,489180,49,1685
487446,489143,489182,39,1697
487446,489130,489182,52,1684
487446,489133,489182,49,1687
487446,489143,489181,38,1697
487446,489129,489183,54,1683
487446,489131,489183,52,1685
487446,489119,489184,65,1673
487446,489128,489185,57,1682
487446,489152,489185,33,1706
487446,489151,489186,35,1705
487446,489147,489185,38,1701
487446,489153,489187,34,1707
487446,489131,489187,56,1685
487446,489131,489188,57,1685
487446,489164,489189,25,1718
487446,489161,489190,29,1715
487446,489147,489190,43,1701
487446,489161,489190,29,1715
487446,489164,489192,28,1718
487446,489152,489192,40,1706
487446,489131,489192,61,1685
487446,489152,489192,40,1706
487446,489160,489192,32,1714
487446,489163,489192,29,1717
487446,489163,489192,29,1717
487446,489168,489194,26,1722
487446,489165,489194,29,1719
487446,489161,489196,35,1715
487446,489165,489196,31,1719
487392,488426,489196,770,1034
487446,489162,489197,35,1716
487446,489126,489197,71,1680
487446,489167,489198,31,1721
487446,489166,489200,34,1720
487446,489166,489200,34,1720
487446,489124,489201,77,1678
487446,489169,489203,34,1723
487446,489168,489204,36,1722
487446,489171,489205,34,1725
487446,489174,489206,32,1728
487446,489124,489207,83,1678
487446,489168,489207,39,1722
487446,489176,489207,31,1730
487446,489170,489208,38,1724
487462,489191,489208,17,1729
487446,489176,489208,32,1730
487462,489192,489209,17,1730
487446,489174,489208,34,1728
487446,489176,489210,34,1730
487462,489191,489212,21,1729
487446,489170,489213,43,1724
487446,489121,489213,92,1675
487446,489185,489214,29,1739
487446,489173,489214,41,1727
487446,489187,489214,27,1741
487462,489192,489214,22,1730
487446,489176,489215,39,1730
487446,489174,489215,41,1728
487462,489193,489215,22,1731
487446,489176,489216,40,1730
487462,489193,489216,23,1731
487446,489185,489216,31,1739
487446,489175,489216,41,1729
487446,489186,489216,30,1740
487446,489182,489216,34,1736
487446,489184,489217,33,1738
487446,489182,489217,35,1736
487462,489193,489217,24,1731
487446,489176,489217,41,1730
487446,489186,489218,32,1740
487446,489180,489219,39,1734
487446,489181,489218,37,1735
487446,489122,489219,97,1676
487446,489123,489219,96,1677
487446,489173,489219,46,1727
487446,489187,489219,32,1741
487446,489176,489219,43,1730
487446,489187,489220,33,1741
487446,489183,489221,38,1737
487462,489193,489220,27,1731
487446,489182,489221,39,1736
487446,489122,489221,99,1676
487446,489183,489224,41,1737
487446,489121,489224,103,1675
487462,489193,489224,31,1731
487446,489121,489224,103,1675
487446,489181,489225,44,1735
487446,489120,489225,105,1674
487462,489195,489225,30,1733
487446,489180,489226,46,1734
487446,489180,489226,46,1734
487462,489194,489228,34,1732
487462,489197,489228,31,1735
487446,489179,489229,50,1733
487446,489120,489230,110,1674
487446,489180,489230,50,1734
487446,489122,489231,109,1676
487446,489180,489234,54,1734
487446,489122,489237,115,1676
487462,489221,489238,17,1759
487462,489197,489238,41,1735
487462,489221,489239,18,1759
487462,489220,489239,19,1758
487462,489222,489239,17,1760
487462,489219,489240,21,1757
487462,489219,489241,22,1757
487462,489219,489241,22,1757
487462,489225,489242,17,1763
487462,489219,489243,24,1757
487462,489217,489243,26,1755
487462,489220,489243,23,1758
487462,489222,489243,21,1760
487462,489217,489245,28,1755
487462,489225,489245,20,1763
487462,489218,489244,26,1756
487462,489215,489246,31,1753
487462,489219,489245,26,1757
487462,489219,489245,26,1757
487462,489216,489246,30,1754
487462,489215,489247,32,1753
487462,489218,489246,28,1756
487462,489218,489247,29,1756
487462,489216,489247,31,1754
487462,489217,489244,27,1755
487462,489224,489245,21,1762
487462,489216,489247,31,1754
487462,489216,489248,32,1754
487462,489217,489247,30,1755
487462,489225,489248,23,1763
487462,489197,489250,53,1735
487462,489215,489250,35,1753
487462,489215,489250,35,1753
487462,489226,489251,25,1764
487462,489215,489252,37,1753
487462,489226,489252,26,1764
487462,489225,489251,26,1763
487462,489232,489255,23,1770
487462,489202,489256,54,1740
487462,489229,489256,27,1767
487462,489219,489256,37,1757
487462,489214,489257,43,1752
487462,489239,489259,20,1777
487462,489235,489260,25,1773
487462,489238,489260,22,1776
487462,489207,489260,53,1745
487462,489215,489261,46,1753
487462,489231,489261,30,1769
487462,489241,489262,21,1779
487462,489197,489261,64,1735
487462,489240,489262,22,1778
487462,489229,489262,33,1767
487462,489198,489262,64,1736
487462,489204,489262,58,1742
487462,489241,489262,21,1779
487462,489208,489263,55,1746
487462,489243,489264,21,1781
487462,489208,489264,56,1746
487462,489239,489264,25,1777
487462,489198,489264,66,1736
487462,489209,489265,56,1747
487462,489227,489265,38,1765
487462,489206,489266,60,1744
487462,489244,489267,23,1782
487462,489242,489267,25,1780
487462,489229,489267,38,1767
487462,489245,489267,22,1783
487462,489238,489268,30,1776
487462,489200,489268,68,1738
487462,489245,489269,24,1783
487462,489245,489269,24,1783
487462,489231,489269,38,1769
487462,489246,489270,24,1784
487462,489248,489271,23,1786
487462,489244,489271,27,1782
487462,489209,489271,62,1747
487462,489209,489272,63,1747
487462,489207,489272,65,1745
487462,489200,489272,72,1738
487462,489214,489273,59,1752
487462,489244,489273,29,1782
487462,489245,489273,28,1783
487462,489246,489274,28,1784
487462,489250,489274,24,1788
487462,489246,489275,29,1784
487462,489247,489275,28,1785
487462,489247,489277,30,1785
487462,489246,489277,31,1784
487462,489247,489278,31,1785
487462,489209,489278,69,1747
487462,489248,489279,31,1786
487462,489248,489278,30,1786
487462,489250,489280,30,1788
487402,488499,489280,781,1097
487462,489204,489281,77,1742
487462,489227,489281,54,1765
487462,489248,489281,33,1786
487462,489248,489282,34,1786
487462,489251,489282,31,1789
487462,489263,489284,21,1801
487462,489248,489284,36,1786
487462,489248,489285,37,1786
487462,489262,489285,23,1800
487462,489248,489285,37,1786
487462,489211,489287,76,1749
487462,489252,489288,36,1790
487462,489264,489288,24,1802
487462,489264,489288,24,1802
487462,489263,489289,26,1801
487462,489261,489290,29,1799
487462,489261,489289,28,1799
487462,489262,489290,28,1800
487462,489261,489290,29,1799
487462,489252,489290,38,1790
487462,489261,489290,29,1799
487468,489265,489290,25,1797
487462,489252,489290,38,1790
487462,489262,489291,29,1800
487462,489257,489291,34,1795
487462,489257,489292,35,1795
487468,489265,489292,27,1797
487462,489256,489292,36,1794
487462,489262,489294,32,1800
487462,489262,489295,33,1800
487462,489260,489296,36,1798
487468,489268,489296,28,1800
487462,489256,489296,40,1794
487462,489255,489297,42,1793
487462,489209,489298,89,1747
487468,489267,489298,31,1799
487468,489266,489299,33,1798
487462,489255,489299,44,1793
487468,489267,489300,33,1799
487468,489266,489301,35,1798
487462,489213,489303,90,1751
487462,489260,489304,44,1798
487468,489268,489306,38,1800
487468,489268,489309,41,1800
487468,489269,489310,41,1801
487468,489291,489310,19,1823
487468,489268,489311,43,1800
487468,489286,489312,26,1818
487468,489291,489313,22,1823
487468,489286,489314,28,1818
487468,489289,489314,25,1821
487468,489285,489314,29,1817
487468,489289,489315,26,1821
487468,489291,489315,24,1823
487468,489287,489315,28,1819
487468,489290,489315,25,1822
487468,489289,489316,27,1821
487468,489283,489315,32,1815
487468,489289,489315,26,1821
487468,489291,489315,24,1823
487468,489284,489315,31,1816
487468,489290,489316,26,1822
487468,489283,489317,34,1815
487468,489269,489311,42,1801
487468,489290,489311,21,1822
487468,489282,489317,35,1814
487468,489290,489318,28,1822
487468,489292,489322,30,1824
487468,489293,489323,30,1825
487468,489284,489322,38,1816
487468,489282,489324,42,1814
487468,489295,489324,29,1827
487468,489297,489326,29,1829
487468,489294,489328,34,1826
487468,489297,489327,30,1829
487468,489296,489328,32,1828
487468,489278,489330,52,1810
487468,489299,489331,32,1831
487468,489281,489333,52,1813
487468,489279,489333,54,1811
487468,489278,489334,56,1810
487468,489297,489335,38,1829
487468,489299,489336,37,1831
487468,489299,489336,37,1831
487468,489278,489337,59,1810
487468,489299,489337,38,1831
487468,489282,489337,55,1814
487468,489301,489337,36,1833
487468,489292,489339,47,1824
487468,489276,489340,64,1808
487468,489275,489340,65,1807
487468,489292,489341,49,1824
487468,489270,489342,72,1802
487468,489304,489342,38,1836
487468,489316,489343,27,1848
487468,489314,489345,31,1846
487468,489280,489346,66,1812
487468,489316,489346,30,1848
487468,489292,489346,54,1824
487468,489317,489346,29,1849
487468,489314,489347,33,1846
487468,489301,489347,46,1833
487468,489311,489348,37,1843
487468,489279,489349,70,1811
487468,489310,489349,39,1842
487468,489313,489349,36,1845
487468,489316,489349,33,1848
487468,489317,489349,32,1849
487468,489305,489350,45,1837
487468,489313,489351,38,1845
487468,489275,489352,77,1807
487468,489316,489353,37,1848
487468,489317,489354,37,1849
487468,489278,489355,77,1810
487468,489316,489355,39,1848
487468,489316,489355,39,1848
487468,489316,489358,42,1848
487468,489312,489358,46,1844
487468,489316,489357,41,1848
487468,489311,489358,47,1843
487468,489316,489358,42,1848
487468,489316,489360,44,1848
487468,489322,489362,40,1854
487468,489317,489363,46,1849
487468,489315,489364,49,1847
487468,489323,489367,44,1855
487468,489270,489367,97,1802
487468,489325,489367,42,1857
487468,489318,489370,52,1850
487468,489330,489370,40,1862
487468,489270,489371,101,1802
487468,489271,489370,99,1803
487523,489352,489371,19,1829
487468,489331,489372,41,1863
487468,489326,489372,46,1858
487523,489353,489372,19,1830
487523,489350,489373,23,1827
487468,489324,489373,49,1856
487523,489350,489373,23,1827
487468,489274,489373,99,1806
487468,489328,489374,46,1860
487523,489356,489374,18,1833
487468,489272,489374,102,1804
487523,489355,489376,21,1832
487468,489271,489375,104,1803
487523,489355,489376,21,1832
487468,489273,489376,103,1805
487468,489347,489377,30,1879
487468,489323,489377,54,1855
487468,489347,489377,30,1879
487468,489347,489378,31,1879
487523,489353,489377,24,1830
487468,489273,489378,105,1805
487523,489355,489378,23,1832
487468,489328,489378,50,1860
487468,489345,489379,34,1877
487523,489358,489380,22,1835
487468,489336,489380,44,1868
487468,489329,489381,52,1861
487468,489341,489381,40,1873
487468,489343,489381,38,1875
487468,489348,489383,35,1880
487468,489318,489382,64,1850
487468,489274,489383,109,1806
487468,489274,489384,110,1806
487468,489341,489384,43,1873
487523,489358,489384,26,1835
487468,489271,489385,114,1803
487468,489337,489385,48,1869
487468,489344,489386,42,1876
487468,489348,489386,38,1880
487468,489337,489387,50,1869
487468,489342,489387,45,1874
487468,489347,489388,41,1879
487468,489335,489388,53,1867
487468,489349,489388,39,1881
487468,489333,489389,56,1865
487468,489333,489389,56,1865
487468,489349,489390,41,1881
487468,489337,489390,53,1869
487468,489343,489391,48,1875
487468,489273,489391,118,1805
487468,489337,489391,54,1869
487523,489359,489392,33,1836
487523,489359,489392,33,1836
487523,489358,489392,34,1835
487468,489338,489394,56,1870
487411,488626,489395,769,1215
487523,489361,489397,36,1838
487523,489381,489397,16,1858
487523,489384,489399,15,1861
487523,489380,489399,19,1857
487523,489385,489399,14,1862
487523,489381,489400,19,1858
487468,489340,489401,61,1872
487523,489385,489401,16,1862
487468,489338,489401,63,1870
487523,489385,489402,17,1862
487523,489383,489402,19,1860
487523,489384,489401,17,1861
487523,489381,489402,21,1858
487523,489382,489401,19,1859
487523,489379,489404,25,1856
487523,489386,489403,17,1863
487523,489362,489404,42,1839
487523,489383,489399,16,1860
487523,489380,489404,24,1857
487523,489386,489405,19,1863
487523,489378,489406,28,1855
487523,489372,489409,37,1849
487523,489388,489410,22,1865
487523,489386,489410,24,1863
487523,489364,489412,48,1841
487523,489387,489413,26,1864
487523,489387,489413,26,1864
487523,489391,489413,22,1868
487523,489390,489414,24,1867
487523,489368,489414,46,1845
487523,489368,489415,47,1845
487523,489364,489415,51,1841
487523,489391,489416,25,1868
487523,489390,489417,27,1867
487523,489372,489419,47,1849
487523,489378,489419,41,1855
487523,489393,489420,27,1870
487523,489373,489420,47,1850
487523,489368,489420,52,1845
487523,489378,489420,42,1855
487523,489389,489421,32,1866
487523,489395,489422,27,1872
487523,489378,489422,44,1855
487523,489377,489422,45,1854
487523,489371,489423,52,1848
487523,489392,489423,31,1869
487523,489371,489424,53,1848
487523,489392,489424,32,1869
487523,489389,489424,35,1866
487523,489388,489424,36,1865
487523,489371,489425,54,1848
487523,489372,489424,52,1849
487523,489375,489425,50,1852
487523,489405,489426,21,1882
487523,489393,489426,33,1870
487523,489374,489428,54,1851
487523,489376,489428,52,1853
487523,489405,489428,23,1882
487523,489396,489429,33,1873
487523,489372,489429,57,1849
487523,489376,489429,53,1853
487523,489402,489430,28,1879
487523,489399,489430,31,1876
487523,489404,489430,26,1881
487523,489405,489430,25,1882
487523,489405,489431,26,1882
487523,489371,489431,60,1848
487523,489402,489431,29,1879
487523,489402,489431,29,1879
487523,489397,489431,34,1874
487523,489410,489432,22,1887
487523,489404,489433,29,1881
487523,489377,489433,56,1854
487523,489402,489434,32,1879
487523,489415,489434,19,1892
487523,489407,489434,27,1884
487523,489413,489435,22,1890
487523,489414,489435,21,1891
487523,489411,489435,24,1888
487523,489375,489436,61,1852
487523,489410,489436,26,1887
487523,489400,489436,36,1877
487523,489413,489437,24,1890
487523,489413,489437,24,1890
487523,489400,489438,38,1877
487523,489392,489438,46,1869
487523,489415,489439,24,1892
487523,489418,489439,21,1895
487523,489420,489440,20,1897
487523,489416,489439,23,1893
487523,489374,489440,66,1851
487523,489414,489440,26,1891
487523,489402,489441,39,1879
487523,489374,489442,68,1851
487523,489415,489441,26,1892
487523,489401,489443,42,1878
487523,489402,489442,40,1879
487523,489377,489443,66,1854
487523,489405,489444,39,1882
487523,489431,489444,13,1908
487523,489420,489444,24,1897
487523,489374,489444,70,1851
487523,489430,489445,15,1907
487523,489420,489446,26,1897
487523,489431,489446,15,1908
487523,489420,489447,27,1897
487523,489431,489448,17,1908
487523,489402,489448,46,1879
487523,489421,489448,27,1898
487523,489432,489448,16,1909
487523,489430,489448,18,1907
487523,489431,489450,19,1908
487523,489378,489451,73,1855
487523,489425,489452,27,1902
487523,489424,489452,28,1901
487523,489431,489452,21,1908
487523,489378,489452,74,1855
487523,489423,489453,30,1900
487523,489424,489453,29,1901
487523,489422,489453,31,1899
487523,489424,489454,30,1901
487523,489420,489454,34,1897
487523,489428,489455,27,1905
487523,489429,489454,25,1906
487523,489432,489454,22,1909
487523,489402,489455,53,1879
487523,489422,489455,33,1899
487523,489431,489455,24,1908
487523,489432,489455,23,1909
487523,489432,489455,23,1909
487523,489429,489455,26,1906
487523,489420,489456,36,1897
487523,489433,489456,23,1910
487523,489427,489457,30,1904
487523,489423,489457,34,1900
487523,489426,489457,31,1903
487523,489426,489458,32,1903
487523,489425,489459,34,1902
487523,489424,489462,38,1901
487523,489429,489462,33,1906
487523,489425,489461,36,1902
487416,488701,489463,762,1285
487523,489434,489465,31,1911
487523,489453,489468,15,1930
487523,489453,489469,16,1930
487523,489453,489469,16,1930
487523,489454,489470,16,1931
487523,489454,489472,18,1931
487523,489435,489472,37,1912
487523,489449,489472,23,1926
487523,489452,489473,21,1929
487523,489452,489474,22,1929
487523,489455,489474,19,1932
487523,489449,489474,25,1926
487523,489453,489475,22,1930
487523,489435,489475,40,1912
487523,489450,489476,26,1927
487523,489435,489477,42,1912
487523,489458,489476,18,1935
487523,489438,489476,38,1915
487523,489435,489478,43,1912
487523,489455,489478,23,1932
487523,489449,489479,30,1926
487523,489455,489479,24,1932
487523,489437,489480,43,1914
487523,489455,489480,25,1932
487523,489458,489481,23,1935
487523,489437,489481,44,1914
487523,489438,489481,43,1915
487523,489456,489481,25,1933
487523,489438,489481,43,1915
487523,489458,489481,23,1935
487523,489440,489481,41,1917
487523,489441,489483,42,1918
487523,489436,489482,46,1913
487523,489456,489482,26,1933
487523,489449,489483,34,1926
487523,489455,489484,29,1932
487523,489456,489484,28,1933
487523,489456,489483,27,1933
487523,489439,489483,44,1916
487523,489459,489483,24,1936
487523,489440,489484,44,1917
487523,489460,489484,24,1937
487523,489456,489484,28,1933
487523,489441,489485,44,1918
487523,489456,489486,30,1933
487523,489440,489486,46,1917
487523,489442,489486,44,1919
487523,489462,489487,25,1939
487523,489465,489488,23,1942
487523,489462,489488,26,1939
487523,489440,489488,48,1917
487523,489441,489489,48,1918
487523,489464,489489,25,1941
487523,489457,489491,34,1934
487523,489437,489491,54,1914
487523,489462,489491,29,1939
487523,489470,489491,21,1947
487523,489469,489493,24,1946
487523,489448,489495,47,1925
487523,489445,489496,51,1922
487523,489442,489496,54,1919
487523,489457,489496,39,1934
487523,489445,489497,52,1922
487523,489436,489497,61,1913
487523,489479,489498,19,1956
487523,489470,489498,28,1947
487523,489445,489498,53,1922
487523,489477,489499,22,1954
487523,489480,489500,20,1957
487523,489478,489501,23,1955
487523,489482,489501,19,1959
487523,489471,489501,30,1948
487523,489477,489501,24,1954
487523,489481,489503,22,1958
487523,489480,489503,23,1957
487523,489443,489502,59,1920
487523,489445,489503,58,1922
487523,489482,489504,22,1959
487523,489475,489504,29,1952
487523,489478,489504,26,1955
487523,489477,489505,28,1954
487523,489481,489505,24,1958
487523,489481,489506,25,1958
487523,489482,489505,23,1959
487523,489474,489508,34,1951
487523,489473,489508,35,1950
487523,489483,489507,24,1960
487523,489485,489508,23,1962
487523,489483,489508,25,1960
487523,489474,489508,34,1951
487523,489475,489509,34,1952
487523,489485,489510,25,1962
487529,489497,489510,13,1968
487523,489444,489510,66,1921
487523,489485,489510,25,1962
487523,489476,489509,33,1953
487523,489475,489510,35,1952
487523,489482,489511,29,1959
487523,489482,489511,29,1959
487523,489484,489511,27,1961
487523,489488,489511,23,1965
487523,489485,489512,27,1962
487529,489497,489512,15,1968
487523,489477,489512,35,1954
487523,489484,489512,28,1961
487523,489447,489512,65,1924
487523,489484,489512,28,1961
487523,489447,489513,66,1924
487523,489484,489513,29,1961
487523,489487,489514,27,1964
487523,489473,489515,42,1950
487523,489483,489515,32,1960
487529,489497,489515,18,1968
487529,489497,489515,18,1968
487523,489486,489515,29,1963
487523,489492,489515,23,1969
487523,489489,489517,28,1966
487523,489489,489517,28,1966
487523,489487,489517,30,1964
487529,489496,489517,21,1967
487523,489487,489519,32,1964
487529,489498,489519,21,1969
487529,489499,489519,20,1970
487523,489491,489520,29,1968
487523,489489,489520,31,1966
487523,489484,489520,36,1961
487523,489484,489520,36,1961
487529,489499,489520,21,1970
487529,489499,489521,22,1970
487529,489501,489520,19,1972
487523,489473,489520,47,1950
487523,489491,489521,30,1968
487529,489498,489522,24,1969
487523,489490,489522,32,1967
487529,489501,489523,22,1972
487523,489491,489524,33,1968
487523,489444,489525,81,1921
487421,488764,489525,761,1343
487529,489501,489528,27,1972
487529,489516,489532,16,1987
487529,489518,489531,13,1989
487529,489516,489534,18,1987
487529,489518,489534,16,1989
487529,489514,489535,21,1985
487529,489518,489534,16,1989
487529,489514,489534,20,1985
487523,489443,489534,91,1920
487529,489514,489535,21,1985
487529,489502,489535,33,1973
487529,489516,489536,20,1987
487529,489516,489536,20,1987
487529,489519,489537,18,1990
487529,489515,489538,23,1986
487529,489513,489539,26,1984
487529,489502,489540,38,1973
487529,489515,489541,26,1986
487529,489513,489542,29,1984
487529,489503,489543,40,1974
487529,489520,489542,22,1991
487529,489504,489543,39,1975
487529,489504,489543,39,1975
487529,489524,489545,21,1995
487529,489521,489545,24,1992
487529,489518,489545,27,1989
487529,489504,489544,40,1975
487523,489447,489546,99,1924
487529,489520,489547,27,1991
487529,489520,489547,27,1991
487529,489521,489547,26,1992
487529,489525,489547,22,1996
487529,489506,489548,42,1977
487529,489526,489548,22,1997
487529,489520,489547,27,1991
487529,489511,489548,37,1982
487529,489512,489548,36,1983
487529,489521,489549,28,1992
487529,489523,489549,26,1994
487529,489505,489550,45,1976
487529,489526,489549,23,1997
487529,489508,489550,42,1979
487529,489512,489549,37,1983
487529,489521,489550,29,1992
487529,489508,489550,42,1979
487529,489510,489550,40,1981
487529,489509,489550,41,1980
487529,489509,489551,42,1980
487529,489523,489551,28,1994
487529,489508,489551,43,1979
487529,489521,489551,30,1992
487529,489509,489551,42,1980
487529,489504,489552,48,1975
487529,489512,489554,42,1983
487529,489505,489554,49,1976
487529,489521,489554,33,1992
487529,489506,489554,48,1977
487529,489529,489555,26,2000
487529,489532,489554,22,2003
487529,489513,489555,42,1984
487529,489534,489555,21,2005
487529,489535,489556,21,2006
487529,489508,489558,50,1979
487529,489535,489558,23,2006
487529,489522,489557,35,1993
487529,489510,489558,48,1981
487529,489510,489558,48,1981
487529,489506,489559,53,1977
487529,489532,489559,27,2003
487529,489503,489561,58,1974
487529,489534,489560,26,2005
487529,489511,489560,49,1982
487529,489542,489562,20,2013
487529,489545,489564,19,2016
487529,489543,489564,21,2014
487529,489513,489564,51,1984
487529,489545,489565,20,2016
487529,489543,489566,23,2014
487529,489548,489566,18,2019
487529,489545,489566,21,2016
487529,489548,489566,18,2019
487529,489537,489567,30,2008
487529,489544,489566,22,2015
487529,489535,489567,32,2006
487529,489543,489569,26,2014
487529,489542,489569,27,2013
487529,489547,489569,22,2018
487529,489547,489569,22,2018
487529,489541,489570,29,2012
487529,489545,489570,25,2016
487529,489548,489571,23,2019
487529,489535,489570,35,2006
487529,489551,489571,20,2022
487529,489547,489571,24,2018
487535,489558,489572,14,2023
487529,489537,489572,35,2008
487529,489549,489572,23,2020
487529,489538,489573,35,2009
487529,489547,489573,26,2018
487529,489551,489573,22,2022
487529,489551,489575,24,2022
487529,489550,489576,26,2021
487529,489550,489575,25,2021
487529,489549,489576,27,2020
487529,489540,489576,36,2011
487529,489547,489576,29,2018
487529,489549,489576,27,2020
487529,489550,489577,27,2021
487535,489557,489576,19,2022
487529,489513,489577,64,1984
487535,489559,489577,18,2024
487529,489536,489577,41,2007
487529,489510,489578,68,1981
487529,489549,489578,29,2020
487529,489551,489579,28,2022
487529,489550,489580,30,2021
487529,489554,489580,26,2025
487535,489559,489579,20,2024
487529,489555,489580,25,2026
487529,489553,489580,27,2024
487529,489536,489581,45,2007
487535,489558,489581,23,2023
487529,489555,489581,26,2026
487529,489552,489581,29,2023
487529,489535,489581,46,2006
487529,489551,489582,31,2022
487529,489555,489582,27,2026
487535,489558,489582,24,2023
487529,489511,489584,73,1982
487529,489552,489583,31,2023
487535,489559,489583,24,2024
487529,489554,489584,30,2025
487535,489560,489585,25,2025
487535,489561,489585,24,2026
487529,489554,489584,30,2025
487529,489552,489586,34,2023
487529,489555,489587,32,2026
487529,489550,489588,38,2021
487535,489561,489590,29,2026
487535,489561,489595,34,2026
487529,489510,489596,86,1981
487535,489583,489600,17,2048
487535,489578,489601,23,2043
487535,489584,489600,16,2049
487535,489564,489601,37,2029
487535,489579,489601,22,2044
487535,489584,489602,18,2049
487535,489577,489602,25,2042
487535,489563,489603,40,2028
487535,489585,489603,18,2050
487535,489583,489604,21,2048
487535,489580,489605,25,2045
487535,489580,489606,26,2045
487535,489584,489605,21,2049
487535,489582,489605,23,2047
487535,489580,489606,26,2045
487535,489580,489606,26,2045
487535,489585,489606,21,2050
487535,489581,489606,25,2046
487535,489577,489607,30,2042
487535,489577,489606,29,2042
487535,489583,489607,24,2048
487535,489582,489607,25,2047
487535,489577,489608,31,2042
487535,489577,489609,32,2042
487535,489581,489609,28,2046
487535,489577,489609,32,2042
487535,489585,489606,21,2050
487535,489582,489609,27,2047
487535,489581,489610,29,2046
487427,488845,489610,765,1418
487535,489575,489611,36,2040
487535,489578,489611,33,2043
487535,489576,489611,35,2041
487535,489589,489611,22,2054
487535,489576,489612,36,2041
487535,489574,489612,38,2039
487535,489565,489612,47,2030
487535,489564,489612,48,2029
487535,489576,489615,39,2041
487535,489578,489614,36,2043
487535,489566,489614,48,2031
487535,489588,489615,27,2053
487535,489571,489618,47,2036
487535,489571,489618,47,2036
487535,489572,489619,47,2037
487535,489566,489619,53,2031
487535,489571,489619,48,2036
487535,489569,489620,51,2034
487535,489566,489620,54,2031
487535,489567,489620,53,2032
487535,489569,489620,51,2034
487535,489586,489620,34,2051
487535,489571,489620,49,2036
487535,489591,489621,30,2056
487535,489596,489621,25,2061
487535,489574,489622,48,2039
487535,489597,489623,26,2062
487535,489572,489623,51,2037
487535,489567,489625,58,2032
487535,489581,489625,44,2046
487535,489565,489625,60,2030
487535,489568,489627,59,2033
487535,489607,489626,19,2072
487535,489585,489626,41,2050
487535,489606,489627,21,2071
487535,489601,489628,27,2066
487535,489607,489628,21,2072
487535,489566,489628,62,2031
487535,489605,489628,23,2070
487535,489606,489629,23,2071
487535,489607,489630,23,2072
487535,489573,489630,57,2038
487535,489602,489629,27,2067
487535,489607,489630,23,2072
487535,489606,489630,24,2071
487535,489601,489630,29,2066
487535,489605,489630,25,2070
487535,489570,489631,61,2035
487535,489607,489632,25,2072
487535,489570,489632,62,2035
487535,489604,489634,30,2069
487535,489604,489636,32,2069
487535,489573,489636,63,2038
487535,489602,489638,36,2067
487535,489608,489638,30,2073
487535,489607,489639,32,2072
487535,489610,489639,29,2075
487535,489609,489638,29,2074
487535,489610,489639,29,2075
487535,489601,489639,38,2066
487535,489609,489639,30,2074
487535,489610,489640,30,2075
487535,489610,489640,30,2075
487535,489610,489640,30,2075
487535,489608,489641,33,2073
487535,489612,489642,30,2077
487535,489612,489641,29,2077
487535,489611,489643,32,2076
487541,489627,489643,16,2086
487535,489611,489644,33,2076
487535,489611,489644,33,2076
487535,489616,489644,28,2081
487535,489572,489644,72,2037
487541,489628,489645,17,2087
487535,489610,489646,36,2075
487535,489603,489645,42,2068
487535,489613,489646,33,2078
487535,489612,489647,35,2077
487535,489612,489647,35,2077
487541,489628,489647,19,2087
487535,489621,489648,27,2086
487535,489621,489649,28,2086
487541,489629,489649,20,2088
487541,489628,489650,22,2087
487541,489629,489650,21,2088
487535,489625,489651,26,2090
487535,489620,489650,30,2085
487535,489620,489651,31,2085
487535,489623,489651,28,2088
487535,489620,489651,31,2085
487535,489619,489652,33,2084
487541,489629,489652,23,2088
487535,489621,489652,31,2086
487541,489627,489652,25,2086
487535,489620,489653,33,2085
487535,489623,489654,31,2088
487535,489622,489654,32,2087
487535,489613,489654,41,2078
487541,489630,489654,24,2089
487535,489625,489654,29,2090
487541,489629,489654,25,2088
487541,489630,489654,24,2089
487535,489615,489655,40,2080
487535,489615,489655,40,2080
487535,489621,489655,34,2086
487535,489573,489656,83,2038
487535,489621,489656,35,2086
487535,489619,489657,38,2084
487541,489630,489657,27,2089
487535,489615,489657,42,2080
487541,489630,489657,27,2089
487535,489621,489658,37,2086
487541,489630,489660,30,2089
487535,489622,489660,38,2087
487541,489651,489666,15,2110
487541,489651,489666,15,2110
487541,489631,489667,36,2090
487541,489649,489667,18,2108
487541,489632,489667,35,2091
487541,489652,489668,16,2111
487541,489651,489669,18,2110
487541,489631,489668,37,2090
487541,489652,489669,17,2111
487541,489652,489670,18,2111
487541,489651,489670,19,2110
487541,489651,489670,19,2110
487541,489651,489670,19,2110
487541,489647,489670,23,2106
487541,489647,489670,23,2106
487541,489650,489670,20,2109
487541,489648,489671,23,2107
487541,489648,489671,23,2107
487541,489650,489673,23,2109
487541,489654,489675,21,2113
487541,489653,489675,22,2112
487541,489655,489677,22,2114
487541,489656,489679,23,2115
487541,489633,489680,47,2092
487541,489654,489680,26,2113
487541,489656,489680,24,2115
487541,489655,489680,25,2114
487541,489640,489681,41,2099
487541,489632,489682,50,2091
487541,489637,489682,45,2096
487541,489656,489682,26,2115
487541,489654,489683,29,2113
487541,489657,489683,26,2116
487541,489640,489685,45,2099
487541,489639,489686,47,2098
487541,489658,489686,28,2117
487541,489647,489686,39,2106
487541,489655,489685,30,2114
487541,489658,489686,28,2117
487541,489639,489687,48,2098
487541,489639,489688,49,2098
487541,489656,489687,31,2115
487541,489641,489688,47,2100
487541,489637,489688,51,2096
487541,489654,489688,34,2113
487541,489635,489689,54,2094
487541,489658,489689,31,2117
487541,489655,489690,35,2114
487541,489657,489691,34,2116
487541,489639,489691,52,2098
487541,489661,489692,31,2120
487541,489667,489693,26,2126
487541,489672,489693,21,2131
487541,489645,489693,48,2104
487541,489660,489692,32,2119
487541,489670,489693,23,2129
487541,489671,489693,22,2130
487541,489671,489694,23,2130
487541,489670,489694,24,2129
487541,489639,489694,55,2098
487541,489645,489695,50,2104
487541,489671,489696,25,2130
487541,489640,489696,56,2099
487541,489669,489696,27,2128
487541,489641,489697,56,2100
487541,489670,489697,27,2129
487541,489642,489697,55,2101
487541,489676,489698,22,2135
487541,489639,489697,58,2098
487541,489645,489697,52,2104
487541,489673,489699,26,2132
487541,489671,489698,27,2130
487541,489667,489699,32,2126
487541,489657,489699,42,2116
487541,489675,489699,24,2134
487541,489678,489701,23,2137
487541,489645,489701,56,2104
487541,489670,489701,31,2129
487541,489681,489701,20,2140
487541,489667,489703,36,2126
487541,489669,489702,33,2128
487541,489669,489703,34,2128
487541,489681,489703,22,2140
487541,489681,489703,22,2140
487541,489684,489703,19,2143
487541,489682,489704,22,2141
487541,489643,489705,62,2102
487541,489686,489705,19,2145
487541,489680,489705,25,2139
487541,489683,489706,23,2142
487541,489680,489706,26,2139
487541,489683,489706,23,2142
487541,489683,489706,23,2142
487541,489681,489707,26,2140
487541,489646,489708,62,2105
487541,489667,489709,42,2126
487541,489646,489709,63,2105
487541,489687,489711,24,2146
487541,489688,489712,24,2147
487541,489668,489712,44,2127
487541,489686,489713,27,2145
487541,489669,489712,43,2128
487541,489646,489713,67,2105
487541,489644,489715,71,2103
487541,489686,489715,29,2145
487541,489687,489717,30,2146
487541,489641,489718,77,2100
487541,489696,489718,22,2155
487541,489693,489719,26,2152
487541,489695,489719,24,2154
487541,489689,489719,30,2148
487541,489695,489719,24,2154
487541,489694,489719,25,2153
487541,489690,489720,30,2149
487541,489694,489719,25,2153
487541,489686,489720,34,2145
487541,489689,489721,32,2148
487541,489688,489721,33,2147
487541,489691,489721,30,2150
487541,489691,489721,30,2150
487541,489694,489722,28,2153
487541,489642,489722,80,2101
487541,489689,489724,35,2148
487541,489697,489725,28,2156
487541,489692,489726,34,2151
487541,489698,489727,29,2157
487541,489693,489728,35,2152
487541,489693,489728,35,2152
487541,489696,489728,32,2155
487541,489696,489728,32,2155
487541,489689,489729,40,2148
487541,489698,489729,31,2157
487541,489692,489730,38,2151
487541,489686,489730,44,2145
487541,489698,489730,32,2157
487541,489693,489731,38,2152
487541,489698,489735,37,2157
487541,489698,489738,40,2157
487541,489712,489739,27,2171
487541,489709,489740,31,2168
487541,489713,489740,27,2172
487541,489716,489740,24,2175
487541,489720,489742,22,2179
487541,489720,489743,23,2179
487541,489714,489743,29,2173
487541,489713,489742,29,2172
487541,489717,489743,26,2176
487541,489719,489743,24,2178
487541,489716,489744,28,2175
487541,489720,489744,24,2179
487541,489718,489744,26,2177
487541,489721,489745,24,2180
487541,489719,489745,26,2178
487541,489723,489745,22,2182
487541,489709,489745,36,2168
487541,489712,489745,33,2171
487541,489720,489746,26,2179
487541,489707,489747,40,2166
487541,489709,489746,37,2168
487541,489719,489747,28,2178
487541,489722,489748,26,2181
487541,489713,489749,36,2172
487541,489725,489749,24,2184
487541,489722,489750,28,2181
487541,489719,489750,31,2178
487541,489722,489751,29,2181
487442,488984,489752,768,1542
487541,489698,489753,55,2157
487541,489722,489754,32,2181
487541,489725,489754,29,2184
487541,489721,489756,35,2180
487541,489727,489756,29,2186
487541,489707,489759,52,2166
487541,489729,489759,30,2188
487541,489728,489759,31,2187
487541,489729,489763,34,2188
487541,489729,489763,34,2188
487541,489729,489764,35,2188
487541,489731,489764,33,2190
487541,489729,489765,36,2188
487541,489729,489765,36,2188
487541,489735,489767,32,2194
487541,489743,489768,25,2202
487541,489732,489769,37,2191
487541,489745,489769,24,2204
487541,489741,489770,29,2200
487541,489743,489770,27,2202
487541,489743,489771,28,2202
487541,489744,489772,28,2203
487541,489741,489772,31,2200
487541,489731,489772,41,2190
487541,489730,489772,42,2189
487541,489743,489773,30,2202
487541,489705,489773,68,2164
487541,489747,489775,28,2206
487541,489747,489775,28,2206
487541,489739,489775,36,2198
487541,489740,489776,36,2199
487541,489745,489775,30,2204
487541,489746,489776,30,2205
487541,489744,489776,32,2203
487541,489746,489775,29,2205
487541,489700,489777,77,2159
487541,489746,489778,32,2205
487541,489741,489779,38,2200
487541,489745,489778,33,2204
487541,489743,489779,36,2202
487541,489703,489780,77,2162
487541,489744,489781,37,2203
487541,489699,489782,83,2158
487541,489699,489783,84,2158
487541,489704,489784,80,2163
487541,489707,489784,77,2166
487541,489752,489784,32,2211
487541,489699,489786,87,2158
487541,489702,489786,84,2161
487541,489703,489787,84,2162
487541,489752,489787,35,2211
487541,489706,489788,82,2165
487541,489699,489788,89,2158
487541,489705,489788,83,2164
487541,489747,489789,42,2206
487541,489701,489790,89,2160
487541,489704,489790,86,2163
487541,489705,489790,85,2164
487541,489707,489791,84,2166
487541,489702,489791,89,2161
487541,489749,489792,43,2208
487541,489755,489793,38,2214
487541,489751,489793,42,2210
487541,489748,489794,46,2207
487547,489776,489795,19,2229
487547,489776,489796,20,2229
487541,489703,489797,94,2162
487547,489776,489798,22,2229
487547,489779,489799,20,2232
487541,489705,489799,94,2164
487541,489750,489799,49,2209
487541,489757,489799,42,2216
487541,489773,489800,27,2232
487547,489776,489800,24,2229
487547,489779,489800,21,2232
487541,489756,489801,45,2215
487541,489703,489801,98,2162
487541,489702,489801,99,2161
487541,489754,489802,48,2213
487541,489769,489802,33,2228
487541,489754,489802,48,2213
487547,489777,489803,26,2230
487547,489779,489803,24,2232
487541,489764,489803,39,2223
487541,489772,489803,31,2231
487541,489772,489804,32,2231
487547,489780,489804,24,2233
487541,489770,489804,34,2229
487541,489765,489805,40,2224
487541,489771,489805,34,2230
487541,489775,489805,30,2234
487541,489775,489806,31,2234
487547,489782,489806,24,2235
487547,489784,489808,24,2237
487541,489766,489808,42,2225
487541,489775,489809,34,2234
487541,489759,489808,49,2218
487541,489750,489808,58,2209
487541,489750,489810,60,2209
487541,489763,489810,47,2222
487547,489780,489810,30,2233
487541,489760,489811,51,2219
487541,489772,489811,39,2231
487547,489781,489811,30,2234
487541,489772,489812,40,2231
487541,489773,489813,40,2232
487541,489765,489813,48,2224
487541,489766,489813,47,2225
487541,489771,489814,43,2230
487541,489760,489814,54,2219
487541,489768,489816,48,2227
487541,489774,489816,42,2233
487541,489767,489815,48,2226
487547,489784,489816,32,2237
487547,489784,489817,33,2237
487547,489803,489818,15,2256
487547,489806,489820,14,2259
487547,489806,489821,15,2259
487547,489804,489820,16,2257
487547,489807,489821,14,2260
487547,489807,489821,14,2260
487547,489803,489822,19,2256
487547,489805,489822,17,2258
487547,489804,489823,19,2257
487547,489804,489822,18,2257
487547,489805,489823,18,2258
487547,489805,489823,18,2258
487547,489802,489824,22,2255
487547,489804,489824,20,2257
487547,489803,489826,23,2256
487547,489808,489827,19,2261
487547,489809,489828,19,2262
487547,489802,489830,28,2255
487547,489809,489832,23,2262
487547,489810,489833,23,2263
487547,489809,489833,24,2262
487547,489799,489833,34,2252
487547,489787,489835,48,2240
487547,489812,489836,24,2265
487547,489784,489838,54,2237
487547,489786,489839,53,2239
487547,489798,489839,41,2251
487547,489788,489839,51,2241
487547,489810,489839,29,2263
487547,489789,489839,50,2242
487547,489791,489840,49,2244
487547,489809,489840,31,2262
487547,489796,489841,45,2249
487547,489812,489841,29,2265
487547,489815,489841,26,2268
487547,489786,489841,55,2239
487547,489790,489842,52,2243
487547,489813,489843,30,2266
487547,489796,489843,47,2249
487547,489810,489843,33,2263
487547,489814,489844,30,2267
487547,489791,489844,53,2244
487547,489801,489845,44,2254
487547,489802,489845,43,2255
487547,489816,489845,29,2269
487547,489788,489845,57,2241
487547,489815,489847,32,2268
487547,489816,489847,31,2269
487547,489788,489847,59,2241
487547,489794,489848,54,2247
487547,489812,489848,36,2265
487547,489826,489848,22,2279
487547,489799,489848,49,2252
487547,489813,489848,35,2266
487547,489792,489849,57,2245
487547,489817,489849,32,2270
487547,489791,489850,59,2244
487547,489801,489850,49,2254
487547,489827,489850,23,2280
487547,489824,489850,26,2277
487547,489825,489850,25,2278
487547,489823,489851,28,2276
487547,489793,489851,58,2246
487547,489795,489851,56,2248
487547,489792,489851,59,2245
487547,489824,489853,29,2277
487547,489833,489853,20,2286
487547,489828,489854,26,2281
487547,489823,489855,32,2276
487547,489819,489856,37,2272
487547,489825,489856,31,2278
487547,489817,489857,40,2270
487547,489816,489858,42,2269
487547,489793,489857,64,2246
487547,489814,489859,45,2267
487547,489822,489859,37,2275
487547,489839,489859,20,2292
487547,489820,489859,39,2273
487547,489799,489860,61,2252
487547,489821,489860,39,2274
487547,489839,489861,22,2292
487547,489837,489860,23,2290
487547,489839,489861,22,2292
487547,489834,489862,28,2287
487547,489834,489862,28,2287
487547,489840,489862,22,2293
487547,489822,489863,41,2275
487547,489835,489863,28,2288
487547,489840,489863,23,2293
487547,489821,489863,42,2274
487547,489831,489863,32,2284
487547,489839,489863,24,2292
487547,489840,489864,24,2293
487547,489834,489866,32,2287
487547,489800,489867,67,2253
487553,489850,489867,17,2297
487547,489841,489867,26,2294
487547,489839,489868,29,2292
487547,489822,489868,46,2275
487553,489850,489869,19,2297
487547,489801,489870,69,2254
487547,489842,489870,28,2295
487553,489850,489871,21,2297
487547,489801,489872,71,2254
487553,489851,489872,21,2298
487553,489851,489873,22,2298
487547,489842,489873,31,2295
487547,489800,489874,74,2253
487547,489844,489874,30,2297
487547,489845,489876,31,2298
487547,489850,489876,26,2303
487547,489844,489876,32,2297
487553,489852,489876,24,2299
487547,489822,489878,56,2275
487547,489844,489878,34,2297
487547,489842,489878,36,2295
487547,489843,489878,35,2296
487547,489845,489878,33,2298
487547,489849,489878,29,2302
487547,489843,489879,36,2296
487547,489848,489880,32,2301
487553,489852,489880,28,2299
487547,489847,489880,33,2300
487553,489852,489880,28,2299
487547,489848,489881,33,2301
487547,489845,489881,36,2298
487547,489843,489881,38,2296
487547,489848,489881,33,2301
487547,489848,489881,33,2301
487547,489848,489883,35,2301
487553,489853,489883,30,2300
487553,489854,489884,30,2301
487547,489848,489885,37,2301
487547,489845,489885,40,2298
487553,489853,489887,34,2300
487547,489848,489889,41,2301
487553,489856,489892,36,2303
487553,489855,489893,38,2302
487553,489870,489895,25,2317
487553,489881,489896,15,2328
487553,489882,489897,15,2329
487553,489873,489897,24,2320
487553,489877,489898,21,2324
487553,489868,489897,29,2315
487553,489879,489899,20,2326
487553,489881,489900,19,2328
487553,489871,489899,28,2318
487553,489873,489900,27,2320
487553,489871,489899,28,2318
487553,489879,489899,20,2326
487553,489882,489899,17,2329
487553,489880,489900,20,2327
487553,489880,489901,21,2327
487553,489874,489900,26,2321
487553,489868,489900,32,2315
487553,489877,489901,24,2324
487553,489873,489901,28,2320
487553,489882,489901,19,2329
487553,489868,489902,34,2315
487553,489882,489902,20,2329
487553,489875,489903,28,2322
487553,489872,489905,33,2319
487553,489878,489903,25,2325
487553,489878,489903,25,2325
487553,489880,489900,20,2327
487553,489882,489905,23,2329
487553,489884,489906,22,2331
487553,489876,489906,30,2323
487553,489871,489906,35,2318
487553,489868,489907,39,2315
487553,489867,489908,41,2314
487553,489856,489908,52,2303
487553,489876,489908,32,2323
487553,489858,489910,52,2305
487553,489863,489910,47,2310
487553,489885,489910,25,2332
487553,489879,489910,31,2326
487553,489879,489912,33,2326
487553,489864,489912,48,2311
487553,489867,489914,47,2314
487553,489861,489914,53,2308
487553,489859,489914,55,2306
487553,489884,489914,30,2331
487553,489860,489915,55,2307
487553,489863,489915,52,2310
487553,489864,489914,50,2311
487553,489886,489916,30,2333
487553,489889,489915,26,2336
487553,489864,489916,52,2311
487553,489888,489917,29,2335
487553,489860,489918,58,2307
487553,489892,489918,26,2339
487553,489901,489918,17,2348
487553,489860,489919,59,2307
487553,489900,489920,20,2347
487553,489900,489920,20,2347
487553,489898,489920,22,2345
487553,489900,489921,21,2347
487553,489901,489921,20,2348
487553,489865,489921,56,2312
487553,489900,489922,22,2347
487553,489900,489922,22,2347
487553,489900,489922,22,2347
487553,489901,489922,21,2348
487553,489862,489922,60,2309
487553,489861,489923,62,2308
487553,489901,489923,22,2348
487553,489901,489922,21,2348
487553,489884,489923,39,2331
487553,489899,489924,25,2346
487553,489862,489925,63,2309
487553,489894,489926,32,2341
487553,489902,489927,25,2349
487553,489901,489927,26,2348
487553,489858,489928,70,2305
487553,489860,489928,68,2307
487553,489864,489928,64,2311
487553,489902,489928,26,2349
487553,489905,489929,24,2352
487553,489860,489929,69,2307
487553,489858,489930,72,2305
487553,489898,489929,31,2345
487553,489906,489930,24,2353
487553,489896,489930,34,2343
487553,489905,489931,26,2352
487553,489903,489933,30,2350
487553,489905,489935,30,2352
487553,489898,489935,37,2345
487553,489897,489936,39,2344
487553,489909,489936,27,2356
487553,489907,489937,30,2354
487553,489906,489937,31,2353
487553,489905,489937,32,2352
487553,489904,489937,33,2351
487553,489864,489937,73,2311
487553,489909,489938,29,2356
487553,489908,489939,31,2355
487553,489905,489940,35,2352
487553,489905,489940,35,2352
487553,489910,489941,31,2357
487553,489920,489942,22,2367
487553,489921,489942,21,2368
487553,489915,489942,27,2362
487553,489906,489942,36,2353
487553,489913,489944,31,2360
487553,489921,489943,22,2368
487553,489916,489944,28,2363
487553,489915,489944,29,2362
487553,489864,489945,81,2311
487553,489917,489946,29,2364
487553,489922,489946,24,2369
487553,489922,489946,24,2369
487553,489915,489947,32,2362
487553,489919,489948,29,2366
487553,489919,489949,30,2366
487553,489910,489948,38,2357
487553,489918,489949,31,2365
487553,489918,489948,30,2365
487553,489916,489949,33,2363
487459,489190,489949,759,1731
487553,489922,489950,28,2369
487553,489911,489950,39,2358
487553,489910,489950,40,2357
487553,489921,489950,29,2368
487553,489915,489951,36,2362
487553,489919,489951,32,2366
487553,489920,489951,31,2367
487553,489922,489951,29,2369
487553,489923,489951,28,2370
487553,489914,489952,38,2361
487553,489915,489954,39,2362
487553,489923,489955,32,2370
487553,489915,489955,40,2362
487553,489924,489955,31,2371
487553,489913,489956,43,2360
487553,489923,489956,33,2370
487553,489923,489957,34,2370
487553,489923,489959,36,2370
487553,489943,489962,19,2390
487553,489948,489968,20,2395
487453,489190,489969,779,1737
487553,489948,489969,21,2395
487553,489945,489970,25,2392
487553,489943,489970,27,2390
487553,489949,489970,21,2396
487553,489946,489971,25,2393
487553,489945,489972,27,2392
487553,489941,489972,31,2388
487553,489947,489973,26,2394
487553,489944,489973,29,2391
487553,489943,489973,30,2390
487553,489947,489973,26,2394
487553,489946,489973,27,2393
487553,489952,489976,24,2399
487553,489945,489977,32,2392
487553,489952,489978,26,2399
487553,489950,489978,28,2397
487553,489953,489978,25,2400
487553,489943,489978,35,2390
487553,489949,489978,29,2396
487553,489952,489978,26,2399
487553,489934,489980,46,2381
487553,489936,489981,45,2383
487553,489931,489981,50,2378
487553,489950,489981,31,2397
487553,489950,489982,32,2397
487553,489954,489982,28,2401
487553,489951,489982,31,2398
487553,489936,489982,46,2383
487553,489956,489983,27,2403
487553,489955,489983,28,2402
487553,489936,489983,47,2383
487553,489931,489984,53,2378
487553,489937,489983,46,2384
487553,489951,489983,32,2398
487553,489937,489984,47,2384
487553,489942,489983,41,2389
487553,489951,489984,33,2398
487553,489940,489984,44,2387
487553,489937,489984,47,2384
487553,489949,489985,36,2396
487553,489951,489986,35,2398
487553,489956,489986,30,2403
487553,489924,489987,63,2371
487553,489938,489987,49,2385
487553,489957,489987,30,2404
487553,489939,489988,49,2386
487553,489956,489989,33,2403
487553,489951,489989,38,2398
487553,489938,489989,51,2385
487553,489949,489990,41,2396
487553,489959,489991,32,2406
487553,489930,489992,62,2377
487553,489956,489994,38,2403
487553,489939,489997,58,2386
487553,489930,489998,68,2377
487553,489973,489999,26,2420
487553,489969,490000,31,2416
487553,489971,490001,30,2418
487553,489970,490002,32,2417
487553,489972,490002,30,2419
487553,489972,490002,30,2419
487553,489972,490003,31,2419
487553,489930,490002,72,2377
487553,489962,490003,41,2409
487553,489971,490004,33,2418
487553,489974,490005,31,2421
487553,489969,490005,36,2416
487553,489974,490005,31,2421
487553,489974,490006,32,2421
487553,489978,490007,29,2425
487448,489188,490007,819,1740
487553,489978,490009,31,2425
487553,489974,490009,35,2421
487553,489971,490009,38,2418
487553,489939,490010,71,2386
487553,489979,490011,32,2426
487553,489977,490012,35,2424
487553,489982,490013,31,2429
487553,489978,490014,36,2425
487553,489979,490015,36,2426
487553,489982,490016,34,2429
487553,489983,490017,34,2430
487553,489979,490017,38,2426
487553,489982,490017,35,2429
487553,489981,490017,36,2428
487553,489984,490019,35,2431
487553,489984,490020,36,2431
487553,489983,490021,38,2430
487553,489982,490021,39,2429
487553,489991,490021,30,2438
487553,489992,490022,30,2439
487553,489928,490023,95,2375
487553,489984,490022,38,2431
487553,489985,490023,38,2432
487559,490003,490024,21,2444
487553,489994,490024,30,2441
487553,489990,490024,34,2437
487553,489988,490024,36,2435
487553,489989,490024,35,2436
487553,489989,490025,36,2436
487553,489984,490025,41,2431
487553,489929,490025,96,2376
487553,489989,490026,37,2436
487553,489984,490026,42,2431
487553,489985,490026,41,2432
487553,489930,490027,97,2377
487553,489997,490027,30,2444
487553,489981,490028,47,2428
487553,489929,490028,99,2376
487553,489988,490028,40,2435
487559,490003,490029,26,2444
487553,489927,490030,103,2374
487553,489983,490030,47,2430
487553,489999,490030,31,2446
487553,489987,490030,43,2434
487553,489979,490030,51,2426
487553,489985,490030,45,2432
487559,490003,490030,27,2444
487553,489929,490031,102,2376
487553,489981,490031,50,2428
487559,490001,490032,31,2442
487553,489984,490031,47,2431
487553,489987,490032,45,2434
487553,489926,490032,106,2373
487559,490003,490033,30,2444
487559,490003,490033,30,2444
487553,489993,490033,40,2440
487553,489925,490034,109,2372
487553,489986,490034,48,2433
487553,489984,490034,50,2431
487553,489929,490035,106,2376
487553,489999,490036,37,2446
487559,490003,490037,34,2444
487559,490005,490039,34,2446
487553,489930,490040,110,2377
487464,489265,490043,778,1801
487559,490006,490048,42,2447
487559,490005,490050,45,2446
487559,490027,490051,24,2468
487559,490030,490051,21,2471
487559,490028,490051,23,2469
487559,490027,490052,25,2468
487559,490029,490053,24,2470
487559,490006,490053,47,2447
487559,490029,490054,25,2470
487559,490025,490054,29,2466
487559,490027,490054,27,2468
487559,490030,490054,24,2471
487559,490030,490054,24,2471
487559,490029,490056,27,2470
487559,490031,490055,24,2472
487559,490025,490057,32,2466
487559,490026,490058,32,2467
487559,490007,490044,37,2448
487559,490026,490051,25,2467
487559,490031,490053,22,2472
487559,490025,490058,33,2466
487559,490024,490059,35,2465
487559,490025,490060,35,2466
487559,490026,490059,33,2467
487559,490031,490061,30,2472
487559,490029,490061,32,2470
487559,490034,490061,27,2475
487559,490034,490065,31,2475
487559,490032,490064,32,2473
487559,490024,490065,41,2465
487559,490035,490066,31,2476
487559,490035,490067,32,2476
487559,490032,490067,35,2473
487559,490024,490067,43,2465
487559,490032,490067,35,2473
487559,490032,490068,36,2473
487559,490035,490068,33,2476
487559,490032,490071,39,2473
487559,490032,490072,40,2473
487559,490034,490072,38,2475
487559,490035,490073,38,2476
487559,490036,490074,38,2477
487559,490031,490075,44,2472
487559,490023,490076,53,2464
487559,490041,490076,35,2482
487559,490040,490079,39,2481
487559,490056,490081,25,2497
487559,490022,490082,60,2463
487559,490023,490082,59,2464
487559,490055,490083,28,2496
487559,490058,490086,28,2499
487559,490048,490087,39,2489
487559,490054,490088,34,2495
487559,490054,490088,34,2495
487559,490007,490087,80,2448
487559,490051,490088,37,2492
487559,490022,490088,66,2463
487559,490044,490088,44,2485
487559,490051,490089,38,2492
487559,490058,490089,31,2499
487559,490053,490089,36,2494
487559,490053,490089,36,2494
487559,490019,490089,70,2460
487559,490022,490089,67,2463
487559,490054,490091,37,2495
487559,490055,490091,36,2496
487559,490054,490094,40,2495
487559,490051,490095,44,2492
487559,490056,490096,40,2497
487559,490052,490096,44,2493
487559,490059,490096,37,2500
487559,490058,490097,39,2499
487559,490058,490098,40,2499
487559,490059,490099,40,2500
487559,490014,490099,85,2455
487559,490021,490101,80,2462
487559,490057,490101,44,2498
487559,490058,490104,46,2499
487559,490060,490104,44,2501
487559,490010,490104,94,2451
487559,490018,490106,88,2459
487559,490011,490106,95,2452
487559,490014,490107,93,2455
487559,490022,490108,86,2463
487559,490010,490108,98,2451
487559,490066,490109,43,2507
487559,490060,490108,48,2501
487559,490062,490108,46,2503
487559,490017,490109,92,2458
487559,490018,490109,91,2459
487559,490008,490110,102,2449
487476,489350,490110,760,1874
487572,490090,490111,21,2518
487559,490066,490111,45,2507
487559,490067,490111,44,2508
487559,490067,490112,45,2508
487559,490061,490112,51,2502
487572,490091,490113,22,2519
487559,490065,490113,48,2506
487559,490013,490114,101,2454
487559,490062,490115,53,2503
487559,490071,490116,45,2512
487572,490091,490116,25,2519
487572,490094,490116,22,2522
487559,490018,490116,98,2459
487559,490065,490116,51,2506
487559,490082,490119,37,2523
487559,490088,490118,30,2529
487559,490072,490121,49,2513
487559,490010,490120,110,2451
487559,490088,490121,33,2529
487559,490068,490121,53,2509
487559,490010,490121,111,2451
487559,490069,490121,52,2510
487572,490097,490122,25,2525
487559,490089,490121,32,2530
487559,490016,490122,106,2457
487559,490090,490123,33,2531
487559,490089,490123,34,2530
487572,490096,490124,28,2524
487559,490069,490124,55,2510
487559,490086,490125,39,2527
487559,490090,490124,34,2531
487572,490096,490125,29,2524
487559,490068,490127,59,2509
487572,490095,490127,32,2523
487559,490084,490127,43,2525
487481,489350,490127,777,1869
487559,490089,490127,38,2530
487559,490073,490128,55,2514
487559,490017,490128,111,2458
487470,489350,490128,778,1880
487559,490077,490129,52,2518
487559,490076,490129,53,2517
487559,490081,490130,49,2522
487559,490089,490131,42,2530
487559,490073,490131,58,2514
487572,490098,490130,32,2526
487572,490099,490130,31,2527
487559,490075,490132,57,2516
487559,490076,490134,58,2517
487559,490079,490134,55,2520
487572,490100,490135,35,2528
487559,490088,490135,47,2529
487559,490090,490137,47,2531
487572,490100,490137,37,2528
487559,490083,490134,51,2524
487572,490124,490144,20,2552
487572,490122,490146,24,2550
487572,490125,490147,22,2553
487572,490122,490147,25,2550
487572,490121,490147,26,2549
487572,490123,490147,24,2551
487572,490122,490148,26,2550
487572,490121,490149,28,2549
487572,490122,490150,28,2550
487572,490124,490151,27,2552
487572,490112,490151,39,2540
487572,490124,490152,28,2552
487572,490127,490153,26,2555
487572,490119,490153,34,2547
487572,490121,490154,33,2549
487572,490121,490154,33,2549
487572,490129,490154,25,2557
487572,490109,490155,46,2537
487572,490127,490155,28,2555
487572,490129,490155,26,2557
487572,490113,490156,43,2541
487572,490131,490156,25,2559
487572,490127,490156,29,2555
487572,490129,490156,27,2557
487572,490112,490156,44,2540
487572,490122,490157,35,2550
487572,490135,490157,22,2563
487572,490111,490157,46,2539
487572,490128,490159,31,2556
487572,490117,490159,42,2545
487572,490119,490159,40,2547
487572,490131,490159,28,2559
487572,490114,490160,46,2542
487572,490113,490159,46,2541
487572,490128,490160,32,2556
487572,490136,490160,24,2564
487572,490113,490160,47,2541
487572,490131,490160,29,2559
487572,490135,490161,26,2563
487572,490134,490161,27,2562
487572,490131,490161,30,2559
487572,490131,490161,30,2559
487572,490112,490162,50,2540
487572,490128,490163,35,2556
487572,490110,490163,53,2538
487572,490126,490164,38,2554
487572,490125,490165,40,2553
487572,490109,490165,56,2537
487572,490115,490166,51,2543
487572,490116,490166,50,2544
487572,490115,490167,52,2543
487572,490133,490167,34,2561
487572,490137,490169,32,2565
487572,490143,490169,26,2571
487572,490109,490169,60,2537
487572,490116,490170,54,2544
487572,490116,490173,57,2544
487572,490148,490174,26,2576
487572,490138,490175,37,2566
487572,490144,490177,33,2572
487572,490152,490177,25,2580
487572,490149,490177,28,2577
487572,490154,490179,25,2582
487572,490146,490179,33,2574
487572,490147,490181,34,2575
487572,490101,490182,81,2529
487572,490116,490182,66,2544
487572,490147,490182,35,2575
487572,490150,490183,33,2578
487572,490153,490183,30,2581
487572,490153,490184,31,2581
487572,490152,490185,33,2580
487572,490109,490185,76,2537
487572,490143,490186,43,2571
487572,490149,490186,37,2577
487572,490109,490186,77,2537
487572,490154,490186,32,2582
487572,490155,490187,32,2583
487572,490154,490188,34,2582
487572,490148,490188,40,2576
487572,490156,490190,34,2584
487572,490159,490191,32,2587
487572,490159,490191,32,2587
487572,490105,490191,86,2533
487572,490160,490192,32,2588
487572,490157,490192,35,2585
487572,490156,490192,36,2584
487572,490157,490193,36,2585
487572,490157,490194,37,2585
487572,490159,490195,36,2587
487572,490166,490195,29,2594
487572,490157,490196,39,2585
487572,490159,490196,37,2587
487572,490157,490196,39,2585
487572,490162,490197,35,2590
487572,490158,490198,40,2586
487572,490161,490198,37,2589
487572,490166,490197,31,2594
487572,490162,490197,35,2590
488160,490178,490197,19,2018
487572,490156,490198,42,2584
487572,490167,490198,31,2595
487572,490156,490199,43,2584
487572,490168,490199,31,2596
487572,490167,490200,33,2595
487572,490161,490202,41,2589
488160,490180,490203,23,2020
487572,490164,490202,38,2592
487572,490171,490203,32,2599
487572,490104,490203,99,2532
487572,490166,490203,37,2594
487572,490161,490203,42,2589
487572,490163,490203,40,2591
487572,490156,490203,47,2584
487572,490161,490204,43,2589
487572,490102,490204,102,2530
487572,490170,490203,33,2598
488160,490178,490204,26,2018
487572,490162,490204,42,2590
487572,490107,490204,97,2535
487572,490164,490203,39,2592
487572,490170,490204,34,2598
487572,490170,490204,34,2598
487572,490161,490206,45,2589
487572,490104,490205,101,2532
487572,490108,490206,98,2536
488160,490178,490206,28,2018
487572,490161,490208,47,2589
488160,490180,490209,29,2020
487572,490160,490210,50,2588
488160,490182,490211,29,2022
487572,490108,490213,105,2536
487572,490107,490213,106,2535
488160,490182,490214,32,2022
488160,490183,490217,34,2023
487572,490107,490217,110,2535
488160,490183,490220,37,2023
488160,490182,490221,39,2022
488160,490184,490222,38,2024
488160,490204,490225,21,2044
488160,490204,490226,22,2044
488160,490204,490228,24,2044
488160,490204,490228,24,2044
488160,490204,490229,25,2044
488160,490204,490229,25,2044
488160,490193,490229,36,2033
488160,490193,490230,37,2033
488160,490203,490231,28,2043
488160,490184,490231,47,2024
488160,490201,490230,29,2041
488160,490204,490232,28,2044
488160,490197,490232,35,2037
488160,490197,490233,36,2037
488160,490207,490232,25,2047
488160,490203,490233,30,2043
488160,490204,490233,29,2044
488160,490194,490233,39,2034
488160,490197,490234,37,2037
488160,490204,490234,30,2044
488160,490209,490235,26,2049
488160,490198,490235,37,2038
488160,490196,490235,39,2036
488160,490203,490235,32,2043
488160,490203,490236,33,2043
488160,490210,490236,26,2050
488160,490196,490236,40,2036
488160,490196,490237,41,2036
488160,490202,490238,36,2042
488160,490212,490239,27,2052
488160,490207,490238,31,2047
488160,490206,490239,33,2046
488160,490192,490239,47,2032
488160,490214,490239,25,2054
488160,490204,490239,35,2044
488160,490204,490240,36,2044
488160,490204,490240,36,2044
488160,490192,490240,48,2032
488160,490198,490240,42,2038
488160,490213,490241,28,2053
488160,490209,490241,32,2049
488160,490200,490242,42,2040
488160,490198,490243,45,2038
488160,490214,490243,29,2054
488160,490193,490243,50,2033
488160,490198,490244,46,2038
488160,490191,490245,54,2031
488160,490192,490246,54,2032
488160,490205,490246,41,2045
488160,490199,490247,48,2039
488160,490198,490247,49,2038
488160,490226,490248,22,2066
488160,490206,490249,43,2046
488160,490222,490249,27,2062
488160,490198,490250,52,2038
488160,490229,490251,22,2069
488160,490227,490251,24,2067
488160,490218,490252,34,2058
488160,490220,490252,32,2060
488160,490190,490253,63,2030
488160,490229,490257,28,2069
488160,490185,490258,73,2025
488160,490230,490259,29,2070
488160,490229,490259,30,2069
488160,490229,490262,33,2069
488160,490233,490263,30,2073
488160,490230,490265,35,2070
488160,490199,490264,65,2039
488160,490231,490265,34,2071
488160,490232,490265,33,2072
488160,490235,490267,32,2075
488160,490235,490267,32,2075
488160,490232,490267,35,2072
488160,490233,490268,35,2073
488160,490235,490269,34,2075
488160,490233,490270,37,2073
488160,490230,490271,41,2070
488160,490241,490270,29,2081
488160,490234,490270,36,2074
488160,490232,490272,40,2072
488160,490239,490272,33,2079
488160,490232,490273,41,2072
488160,490241,490274,33,2081
488160,490239,490274,35,2079
488160,490238,490274,36,2078
488160,490239,490275,36,2079
488160,490243,490276,33,2083
488160,490242,490276,34,2082
488160,490240,490276,36,2080
488160,490239,490276,37,2079
488160,490241,490277,36,2081
488160,490233,490278,45,2073
488160,490237,490278,41,2077
488228,490258,490278,20,2030
488160,490239,490279,40,2079
488160,490234,490280,46,2074
488160,490236,490280,44,2076
488160,490246,490281,35,2086
488160,490252,490282,30,2092
488228,490260,490281,21,2032
488160,490234,490281,47,2074
488160,490240,490281,41,2080
488160,490235,490281,46,2075
488160,490247,490282,35,2087
488160,490251,490282,31,2091
488160,490247,490283,36,2087
488160,490187,490283,96,2027
488160,490242,490283,41,2082
488160,490250,490284,34,2090
488160,490248,490285,37,2088
488160,490252,490285,33,2092
488160,490253,490285,32,2093
488228,490265,490285,20,2037
488160,490248,490286,38,2088
488160,490237,490286,49,2077
488160,490245,490287,42,2085
488160,490236,490286,50,2076
488160,490250,490287,37,2090
488160,490245,490287,42,2085
488160,490244,490287,43,2084
488160,490242,490287,45,2082
488160,490244,490288,44,2084
488228,490259,490288,29,2031
488228,490263,490288,25,2035
488160,490252,490289,37,2092
488160,490188,490289,101,2028
488228,490262,490288,26,2034
488228,490265,490290,25,2037
488160,490254,490291,37,2094
488228,490267,490292,25,2039
488160,490186,490292,106,2026
488160,490186,490292,106,2026
488160,490236,490292,56,2076
488160,490186,490293,107,2026
487526,489493,490294,801,1967
488160,490187,490294,107,2027
488160,490188,490296,108,2028
488160,490187,490298,111,2027
488228,490266,490298,32,2038
488228,490266,490306,40,2038
488228,490268,490306,38,2040
488228,490268,490307,39,2040
488228,490286,490308,22,2058
488228,490287,490310,23,2059
488228,490287,490310,23,2059
488228,490286,490311,25,2058
488228,490287,490311,24,2059
488228,490280,490311,31,2052
488228,490277,490311,34,2049
487532,489556,490312,756,2024
488228,490278,490312,34,2050
488228,490287,490311,24,2059
488228,490293,490312,19,2065
488228,490281,490313,32,2053
488228,490286,490313,27,2058
488228,490282,490314,32,2054
488228,490276,490315,39,2048
488228,490293,490315,22,2065
488228,490286,490316,30,2058
488228,490294,490316,22,2066
488228,490292,490316,24,2064
488228,490286,490316,30,2058
488228,490276,490316,40,2048
488228,490279,490317,38,2051
488228,490284,490317,33,2056
488228,490284,490317,33,2056
488228,490293,490317,24,2065
488228,490286,490318,32,2058
488228,490288,490319,31,2060
488228,490282,490319,37,2054
488228,490288,490319,31,2060
488228,490277,490321,44,2049
488228,490293,490321,28,2065
488228,490294,490321,27,2066
488228,490276,490321,45,2048
488228,490293,490322,29,2065
488228,490289,490322,33,2061
488228,490275,490322,47,2047
488228,490282,490323,41,2054
488228,490275,490324,49,2047
488228,490299,490325,26,2071
488228,490289,490325,36,2061
488228,490297,490325,28,2069
488228,490289,490326,37,2061
488228,490279,490326,47,2051
488228,490282,490326,44,2054
488228,490283,490326,43,2055
488228,490289,490326,37,2061
488228,490290,490326,36,2062
488228,490282,490327,45,2054
488228,490281,490327,46,2053
488228,490288,490328,40,2060
488228,490306,490330,24,2078
488228,490275,490330,55,2047
488228,490289,490331,42,2061
488228,490307,490331,24,2079
488228,490275,490332,57,2047
488228,490307,490333,26,2079
488228,490310,490333,23,2082
488228,490309,490334,25,2081
488228,490284,490334,50,2056
488228,490298,490336,38,2070
488228,490311,490336,25,2083
488228,490282,490336,54,2054
488228,490283,490337,54,2055
488228,490311,490338,27,2083
488228,490312,490341,29,2084
488228,490283,490341,58,2055
488228,490312,490342,30,2084
488228,490312,490343,31,2084
488228,490269,490343,74,2041
488228,490311,490344,33,2083
488228,490313,490345,32,2085
488228,490315,490346,31,2087
488228,490313,490347,34,2085
488228,490274,490348,74,2046
488228,490316,490349,33,2088
488228,490314,490349,35,2086
488228,490317,490349,32,2089
488228,490323,490349,26,2095
488228,490315,490350,35,2087
488228,490321,490350,29,2093
488228,490318,490351,33,2090
488228,490321,490351,30,2093
488228,490312,490351,39,2084
488228,490317,490352,35,2089
488228,490312,490352,40,2084
488228,490316,490352,36,2088
488228,490323,490354,31,2095
488228,490320,490353,33,2092
488228,490322,490354,32,2094
488228,490319,490354,35,2091
488228,490324,490356,32,2096
488228,490321,490356,35,2093
488313,490337,490357,20,2024
488228,490318,490357,39,2090
488228,490317,490358,41,2089
488228,490331,490358,27,2103
488228,490327,490358,31,2099
488313,490337,490359,22,2024
488228,490333,490360,27,2105
488228,490323,490359,36,2095
488228,490270,490360,90,2042
488228,490271,490361,90,2043
488228,490319,490361,42,2091
488228,490325,490361,36,2097
488313,490338,490362,24,2025
488228,490329,490362,33,2101
488228,490322,490362,40,2094
488228,490327,490362,35,2099
488313,490339,490363,24,2026
488228,490327,490362,35,2099
488228,490316,490363,47,2088
488228,490328,490363,35,2100
488313,490341,490365,24,2028
488228,490316,490366,50,2088
488228,490333,490366,33,2105
488228,490273,490366,93,2045
488228,490332,490366,34,2104
488228,490325,490366,41,2097
488313,490342,490367,25,2029
488228,490334,490367,33,2106
488228,490317,490368,51,2089
488228,490334,490368,34,2106
488228,490330,490369,39,2102
488228,490327,490369,42,2099
488313,490343,490370,27,2030
488228,490271,490370,99,2043
488228,490327,490369,42,2099
488228,490327,490370,43,2099
488228,490335,490370,35,2107
488228,490332,490370,38,2104
488228,490271,490371,100,2043
488228,490326,490371,45,2098
488228,490271,490371,100,2043
488228,490325,490372,47,2097
488313,490343,490373,30,2030
488228,490273,490375,102,2045
488313,490345,490376,31,2032
488228,490318,490377,59,2090
488313,490343,490378,35,2030
488313,490355,490384,29,2042
488313,490347,490386,39,2034
488313,490366,490387,21,2053
488313,490367,490387,20,2054
488313,490366,490388,22,2053
488313,490345,490389,44,2032
488313,490366,490389,23,2053
488313,490372,490390,18,2059
488313,490354,490390,36,2041
488313,490359,490391,32,2046
488313,490357,490391,34,2044
488313,490358,490393,35,2045
488313,490374,490392,18,2061
488313,490366,490393,27,2053
488313,490364,490394,30,2051
488313,490359,490393,34,2046
488313,490358,490395,37,2045
488313,490360,490394,34,2047
488313,490355,490394,39,2042
488313,490366,490395,29,2053
488313,490373,490395,22,2060
488313,490370,490396,26,2057
488313,490371,490396,25,2058
488313,490353,490397,44,2040
488313,490372,490396,24,2059
488313,490378,490397,19,2065
488313,490371,490397,26,2058
488313,490367,490397,30,2054
488313,490363,490397,34,2050
488313,490363,490398,35,2050
488313,490354,490397,43,2041
488313,490370,490398,28,2057
488313,490362,490398,36,2049
488313,490353,490399,46,2040
488313,490363,490399,36,2050
488313,490360,490398,38,2047
488313,490370,490399,29,2057
488313,490361,490399,38,2048
488313,490370,490399,29,2057
488313,490352,490400,48,2039
488313,490356,490401,45,2043
488313,490359,490401,42,2046
488313,490363,490401,38,2050
488313,490370,490401,31,2057
488313,490360,490401,41,2047
488313,490370,490402,32,2057
488313,490352,490402,50,2039
488313,490369,490402,33,2056
488313,490357,490402,45,2044
488313,490376,490403,27,2063
488313,490362,490404,42,2049
488313,490368,490404,36,2055
488313,490370,490404,34,2057
488313,490364,490405,41,2051
488313,490385,490407,22,2072
488313,490369,490409,40,2056
488313,490386,490410,24,2073
488313,490388,490411,23,2075
487538,489626,490411,785,2088
488313,490352,490411,59,2039
488313,490376,490411,35,2063
488313,490389,490411,22,2076
488313,490377,490411,34,2064
488313,490388,490411,23,2075
488313,490362,490413,51,2049
488313,490390,490415,25,2077
488313,490391,490415,24,2078
488313,490351,490418,67,2038
488313,490391,490418,27,2078
488313,490347,490419,72,2034
488313,490393,490419,26,2080
488313,490351,490421,70,2038
488313,490396,490421,25,2083
488313,490393,490421,28,2080
488313,490362,490422,60,2049
488313,490391,490422,31,2078
488313,490397,490423,26,2084
488313,490396,490425,29,2083
488313,490400,490426,26,2087
488313,490392,490426,34,2079
488313,490399,490426,27,2086
488313,490399,490426,27,2086
488313,490394,490426,32,2081
488313,490399,490427,28,2086
488445,490412,490427,15,1967
488313,490397,490428,31,2084
488313,490400,490429,29,2087
488313,490399,490430,31,2086
488313,490399,490430,31,2086
488313,490394,490430,36,2081
488313,490395,490432,37,2082
488313,490398,490432,34,2085
488313,490397,490433,36,2084
488313,490399,490433,34,2086
488313,490397,490434,37,2084
488313,490398,490434,36,2085
488313,490397,490434,37,2084
488313,490401,490434,33,2088
488445,490414,490434,20,1969
488445,490416,490434,18,1971
488313,490391,490434,43,2078
488313,490399,490435,36,2086
488313,490404,490434,30,2091
488445,490412,490434,22,1967
488313,490404,490435,31,2091
488445,490415,490436,21,1970
488313,490394,490436,42,2081
488313,490401,490437,36,2088
488313,490403,490437,34,2090
488313,490404,490437,33,2091
488313,490395,490437,42,2082
488313,490410,490437,27,2097
488313,490408,490438,30,2095
488313,490405,490438,33,2092
488313,490412,490439,27,2099
488313,490350,490440,90,2037
488313,490411,490440,29,2098
488313,490403,490441,38,2090
488313,490397,490441,44,2084
488313,490397,490442,45,2084
488313,490401,490441,40,2088
488313,490401,490442,41,2088
488313,490402,490442,40,2089
488313,490404,490442,38,2091
488313,490409,490442,33,2096
488313,490412,490442,30,2099
488313,490349,490443,94,2036
488445,490418,490443,25,1973
488313,490412,490443,31,2099
488313,490350,490444,94,2037
488313,490350,490444,94,2037
488313,490401,490444,43,2088
488313,490402,490445,43,2089
488313,490351,490446,95,2038
488445,490418,490447,29,1973
488445,490420,490448,28,1975
488445,490421,490448,27,1976
488313,490350,490449,99,2037
488313,490402,490449,47,2089
488313,490395,490454,59,2082
488445,490421,490456,35,1976
488445,490420,490461,41,1975
488445,490434,490466,32,1989
488445,490442,490465,23,1997
488445,490428,490466,38,1983
488445,490441,490467,26,1996
488445,490441,490467,26,1996
488445,490433,490466,33,1988
488445,490444,490467,23,1999
488445,490443,490467,24,1998
488445,490439,490467,28,1994
488445,490435,490468,33,1990
488445,490443,490469,26,1998
488445,490447,490469,22,2002
488445,490449,490470,21,2004
488445,490445,490469,24,2000
488445,490433,490469,36,1988
488445,490447,490469,22,2002
488445,490434,490470,36,1989
488445,490442,490470,28,1997
488445,490449,490470,21,2004
488445,490446,490470,24,2001
488445,490435,490471,36,1990
488445,490434,490472,38,1989
488445,490441,490472,31,1996
488445,490439,490471,32,1994
488445,490439,490472,33,1994
488445,490434,490473,39,1989
488445,490435,490474,39,1990
488445,490431,490474,43,1986
488445,490443,490474,31,1998
488445,490435,490474,39,1990
488445,490433,490474,41,1988
488445,490431,490474,43,1986
488445,490431,490475,44,1986
488445,490442,490474,32,1997
488445,490443,490474,31,1998
488445,490435,490475,40,1990
488445,490429,490475,46,1984
488445,490444,490475,31,1999
488445,490430,490476,46,1985
488445,490450,490476,26,2005
488445,490428,490477,49,1983
488445,490444,490476,32,1999
488445,490437,490478,41,1992
488445,490435,490477,42,1990
488445,490435,490478,43,1990
488445,490455,490479,24,2010
488445,490421,490479,58,1976
488445,490438,490478,40,1993
488445,490457,490479,22,2012
488445,490443,490481,38,1998
488445,490450,490482,32,2005
488445,490442,490483,41,1997
488445,490435,490483,48,1990
488445,490442,490484,42,1997
488445,490438,490485,47,1993
488445,490467,490487,20,2022
488445,490461,490487,26,2016
488445,490466,490487,21,2021
488445,490466,490490,24,2021
488445,490438,490490,52,1993
488445,490467,490491,24,2022
488445,490467,490491,24,2022
488445,490437,490491,54,1992
488445,490467,490492,25,2022
488445,490467,490494,27,2022
488445,490475,490499,24,2030
488445,490470,490500,30,2025
488445,490470,490500,30,2025
488445,490471,490501,30,2026
488445,490468,490502,34,2023
488445,490475,490502,27,2030
488445,490468,490502,34,2023
488445,490468,490503,35,2023
488445,490471,490502,31,2026
488445,490474,490503,29,2029
488445,490475,490504,29,2030
488445,490471,490504,33,2026
488445,490470,490505,35,2025
488445,490475,490506,31,2030
488445,490474,490506,32,2029
488445,490423,490507,84,1978
488445,490474,490507,33,2029
488445,490476,490507,31,2031
488445,490427,490508,81,1982
488445,490475,490508,33,2030
488445,490472,490509,37,2027
488445,490472,490509,37,2027
488445,490476,490508,32,2031
488445,490427,490510,83,1982
488445,490437,490510,73,1992
488445,490478,490510,32,2033
488445,490478,490512,34,2033
488445,490473,490513,40,2028
488445,490476,490512,36,2031
488445,490471,490513,42,2026
488445,490479,490513,34,2034
488445,490477,490513,36,2032
488445,490482,490513,31,2037
488445,490437,490514,77,1992
488445,490475,490514,39,2030
488445,490487,490514,27,2042
488445,490484,490514,30,2039
488445,490480,490514,34,2035
488445,490485,490515,30,2040
488457,490492,490515,23,2035
488457,490494,490515,21,2037
488445,490477,490516,39,2032
488445,490472,490516,44,2027
488445,490481,490516,35,2036
488445,490426,490516,90,1981
488445,490477,490517,40,2032
488445,490479,490517,38,2034
488457,490492,490517,25,2035
488445,490476,490518,42,2031
488445,490422,490518,96,1977
488445,490470,490518,48,2025
488445,490485,490519,34,2040
488445,490474,490518,44,2029
488445,490479,490519,40,2034
488445,490470,490519,49,2025
488445,490426,490520,94,1981
488445,490488,490519,31,2043
488445,490426,490519,93,1981
488445,490426,490520,94,1981
488445,490490,490520,30,2045
488445,490470,490521,51,2025
488445,490488,490520,32,2043
488445,490478,490521,43,2033
488457,490493,490522,29,2036
488445,490471,490521,50,2026
488445,490483,490524,41,2038
488445,490424,490525,101,1979
488457,490500,490525,25,2043
488445,490490,490527,37,2045
488457,490500,490530,30,2043
488457,490500,490531,31,2043
488457,490502,490532,30,2045
488457,490503,490534,31,2046
488457,490502,490539,37,2045
488457,490522,490540,18,2065
488457,490519,490541,22,2062
488457,490513,490541,28,2056
488457,490519,490542,23,2062
488457,490503,490545,42,2046
488457,490519,490547,28,2062
488457,490518,490547,29,2061
488457,490521,490548,27,2064
488457,490511,490548,37,2054
488457,490503,490549,46,2046
488457,490526,490549,23,2069
488457,490522,490548,26,2065
488457,490510,490549,39,2053
488457,490514,490550,36,2057
488457,490525,490550,25,2068
488457,490527,490550,23,2070
488457,490520,490552,32,2063
488457,490519,490552,33,2062
488457,490521,490552,31,2064
488457,490510,490553,43,2053
488457,490522,490554,32,2065
488457,490524,490553,29,2067
488457,490514,490554,40,2057
488457,490520,490555,35,2063
488457,490532,490555,23,2075
488457,490513,490556,43,2056
488457,490521,490555,34,2064
488457,490514,490555,41,2057
488457,490513,490556,43,2056
488457,490514,490557,43,2057
488457,490509,490557,48,2052
488457,490508,490557,49,2051
488457,490521,490557,36,2064
488457,490530,490558,28,2073
488457,490509,490558,49,2052
488457,490508,490558,50,2051
488457,490513,490560,47,2056
488457,490514,490560,46,2057
488457,490509,490560,51,2052
488457,490533,490560,27,2076
488457,490515,490562,47,2058
487544,489776,490561,785,2232
488457,490517,490562,45,2060
488457,490515,490562,47,2058
488457,490540,490563,23,2083
488457,490517,490563,46,2060
488457,490542,490563,21,2085
488457,490520,490563,43,2063
488457,490515,490565,50,2058
488457,490516,490565,49,2059
488457,490508,490565,57,2051
488457,490518,490566,48,2061
488457,490539,490566,27,2082
488457,490513,490567,54,2056
488457,490542,490567,25,2085
488457,490516,490568,52,2059
488457,490518,490568,50,2061
488457,490546,490569,23,2089
488457,490542,490569,27,2085
488457,490548,490569,21,2091
488457,490535,490570,35,2078
488457,490548,490570,22,2091
488457,490518,490572,54,2061
488457,490508,490572,64,2051
488457,490517,490574,57,2060
488457,490549,490574,25,2092
488457,490520,490575,55,2063
488457,490508,490575,67,2051
488457,490549,490576,27,2092
488457,490548,490576,28,2091
488457,490516,490577,61,2059
488457,490549,490579,30,2092
488457,490516,490583,67,2059
488457,490503,490584,81,2046
488457,490551,490585,34,2094
488457,490549,490586,37,2092
488457,490557,490587,30,2100
488457,490551,490588,37,2094
488457,490504,490588,84,2047
488457,490549,490588,39,2092
488457,490554,490588,34,2097
488457,490560,490589,29,2103
488525,490573,490589,16,2048
488457,490558,490590,32,2101
488457,490559,490590,31,2102
488457,490555,490591,36,2098
488457,490558,490592,34,2101
488457,490557,490593,36,2100
488457,490561,490594,33,2104
488457,490559,490593,34,2102
488457,490561,490594,33,2104
488457,490555,490594,39,2098
488457,490554,490594,40,2097
488457,490561,490596,35,2104
488457,490558,490595,37,2101
488457,490559,490595,36,2102
488525,490575,490597,22,2050
488457,490556,490596,40,2099
488457,490554,490597,43,2097
488525,490575,490598,23,2050
488457,490568,490599,31,2111
488457,490567,490599,32,2110
488457,490551,490599,48,2094
488525,490576,490600,24,2051
488457,490505,490600,95,2048
488457,490568,490600,32,2111
488457,490553,490601,48,2096
488525,490575,490601,26,2050
488457,490565,490601,36,2108
488457,490568,490602,34,2111
488457,490556,490602,46,2099
488457,490564,490602,38,2107
488525,490576,490603,27,2051
488457,490505,490603,98,2048
488457,490563,490603,40,2106
488457,490553,490604,51,2096
488457,490565,490604,39,2108
488457,490565,490604,39,2108
488457,490564,490605,41,2107
488457,490569,490604,35,2112
488457,490563,490605,42,2106
488457,490566,490605,39,2109
488457,490562,490606,44,2105
488457,490505,490607,102,2048
488457,490571,490607,36,2114
488457,490562,490605,43,2105
488457,490556,490607,51,2099
488457,490506,490607,101,2049
488457,490507,490607,100,2050
488457,490568,490607,39,2111
488457,490571,490608,37,2114
488457,490563,490608,45,2106
488457,490562,490609,47,2105
488525,490580,490610,30,2055
488525,490577,490611,34,2052
488457,490556,490612,56,2099
488457,490569,490613,44,2112
488525,490577,490614,37,2052
488457,490569,490615,46,2112
488457,490553,490615,62,2096
487550,489850,490616,766,2300
488525,490583,490619,36,2058
488525,490584,490623,39,2059
488525,490585,490626,41,2060
488525,490610,490631,21,2085
488525,490598,490632,34,2073
488525,490610,490633,23,2085
488525,490602,490635,33,2077
488525,490613,490636,23,2088
488525,490608,490636,28,2083
488525,490612,490637,25,2087
488525,490594,490637,43,2069
488525,490594,490637,43,2069
488525,490599,490637,38,2074
488525,490608,490637,29,2083
488525,490595,490638,43,2070
488525,490603,490638,35,2078
488525,490593,490637,44,2068
488525,490600,490638,38,2075
488525,490609,490638,29,2084
488525,490616,490639,23,2091
488525,490608,490638,30,2083
488525,490597,490639,42,2072
488525,490594,490641,47,2069
488525,490603,490640,37,2078
488525,490605,490640,35,2080
488525,490606,490641,35,2081
488525,490594,490641,47,2069
488525,490614,490641,27,2089
488525,490597,490641,44,2072
488525,490603,490641,38,2078
488525,490614,490641,27,2089
488525,490602,490642,40,2077
488525,490603,490642,39,2078
488525,490607,490642,35,2082
488525,490601,490642,41,2076
488525,490604,490643,39,2079
488525,490619,490643,24,2094
488525,490595,490643,48,2070
488525,490599,490644,45,2074
488525,490623,490644,21,2098
488525,490617,490645,28,2092
488525,490591,490646,55,2066
488525,490605,490646,41,2080
488525,490596,490647,51,2071
488525,490605,490647,42,2080
488525,490627,490647,20,2102
488525,490601,490648,47,2076
488525,490607,490649,42,2082
488525,490607,490648,41,2082
488525,490607,490648,41,2082
488525,490607,490649,42,2082
488525,490600,490649,49,2075
488525,490616,490650,34,2091
488525,490590,490652,62,2065
488525,490605,490653,48,2080
488525,490591,490653,62,2066
488525,490605,490653,48,2080
488525,490597,490654,57,2072
488525,490634,490655,21,2109
488525,490602,490656,54,2077
488525,490632,490656,24,2107
488525,490635,490656,21,2110
488525,490597,490656,59,2072
488525,490633,490657,24,2108
488525,490586,490658,72,2061
488525,490602,490658,56,2077
488525,490607,490660,53,2082
488525,490590,490660,70,2065
488525,490601,490663,62,2076
488525,490636,490663,27,2111
488525,490636,490665,29,2111
488525,490639,490667,28,2114
488525,490637,490669,32,2112
488525,490637,490670,33,2112
488525,490637,490672,35,2112
488525,490601,490672,71,2076
488589,490659,490672,13,2070
488525,490638,490672,34,2113
488525,490590,490672,82,2065
488525,490589,490674,85,2064
488525,490642,490674,32,2117
488525,490641,490676,35,2116
488525,490642,490676,34,2117
488525,490644,490676,32,2119
488525,490639,490677,38,2114
488525,490641,490677,36,2116
488525,490637,490677,40,2112
488525,490643,490678,35,2118
488525,490640,490679,39,2115
488525,490643,490679,36,2118
488525,490644,490679,35,2119
488525,490641,490680,39,2116
488589,490658,490679,21,2069
488525,490638,490680,42,2113
488525,490638,490681,43,2113
488525,490645,490682,37,2120
488525,490645,490683,38,2120
488525,490643,490684,41,2118
488589,490661,490684,23,2072
488525,490641,490684,43,2116
488525,490639,490685,46,2114
488525,490639,490686,47,2114
488525,490657,490686,29,2132
488525,490644,490687,43,2119
488525,490641,490686,45,2116
488525,490656,490687,31,2131
488525,490649,490688,39,2124
488525,490647,490689,42,2122
488525,490649,490689,40,2124
488589,490659,490690,31,2070
488525,490654,490689,35,2129
488525,490648,490690,42,2123
488525,490648,490690,42,2123
488525,490650,490689,39,2125
488525,490588,490690,102,2063
488525,490589,490690,101,2064
488525,490650,490690,40,2125
488525,490651,490690,39,2126
488589,490661,490690,29,2072
488525,490642,490690,48,2117
488525,490588,490691,103,2063
488525,490638,490691,53,2113
488525,490649,490691,42,2124
488525,490647,490691,44,2122
488589,490665,490692,27,2076
488589,490663,490692,29,2074
488525,490649,490693,44,2124
488525,490588,490693,105,2063
488525,490648,490693,45,2123
488525,490654,490693,39,2129
488525,490642,490693,51,2117
488525,490653,490693,40,2128
488589,490668,490693,25,2079
488589,490664,490694,30,2075
488525,490654,490693,39,2129
488525,490642,490696,54,2117
488525,490657,490695,38,2132
488525,490645,490696,51,2120
488525,490656,490697,41,2131
488589,490669,490699,30,2080
488589,490671,490708,37,2082
488589,490672,490710,38,2083
488525,490655,490694,39,2130
488589,490692,490713,21,2103
488589,490694,490714,20,2105
488589,490690,490714,24,2101
488589,490690,490715,25,2101
488589,490679,490715,36,2090
488589,490692,490716,24,2103
488589,490680,490715,35,2091
488589,490692,490716,24,2103
488589,490695,490716,21,2106
488589,490694,490717,23,2105
488589,490694,490717,23,2105
488589,490694,490718,24,2105
488589,490692,490718,26,2103
488589,490685,490718,33,2096
488589,490690,490720,30,2101
488589,490691,490719,28,2102
488589,490694,490719,25,2105
488589,490683,490720,37,2094
488589,490696,490720,24,2107
488589,490680,490720,40,2091
488589,490696,490721,25,2107
488589,490677,490722,45,2088
488589,490691,490721,30,2102
488589,490681,490722,41,2092
488589,490696,490722,26,2107
488589,490684,490723,39,2095
488589,490686,490725,39,2097
488589,490677,490725,48,2088
488589,490690,490725,35,2101
488589,490691,490725,34,2102
488589,490686,490725,39,2097
488589,490690,490725,35,2101
488589,490690,490725,35,2101
488589,490681,490725,44,2092
488589,490680,490727,47,2091
488589,490698,490727,29,2109
488589,490693,490728,35,2104
488589,490693,490728,35,2104
488589,490690,490728,38,2101
488589,490680,490730,50,2091
488589,490685,490730,45,2096
488589,490678,490731,53,2089
488589,490685,490731,46,2096
488589,490711,490731,20,2122
488589,490687,490732,45,2098
488589,490687,490731,44,2098
488589,490672,490731,59,2083
488589,490679,490732,53,2090
488589,490691,490732,41,2102
488589,490678,490732,54,2089
488589,490687,490733,46,2098
488589,490693,490734,41,2104
488589,490714,490734,20,2125
488589,490714,490734,20,2125
488589,490711,490734,23,2122
488589,490715,490737,22,2126
488589,490715,490737,22,2126
488589,490716,490737,21,2127
488589,490700,490740,40,2111
488589,490689,490741,52,2100
488589,490688,490742,54,2099
488589,490716,490745,29,2127
488589,490688,490746,58,2099
488589,490716,490746,30,2127
488589,490691,490747,56,2102
488589,490676,490748,72,2087
488589,490677,490748,71,2088
488589,490708,490749,41,2119
488589,490717,490752,35,2128
488589,490722,490753,31,2133
488589,490718,490754,36,2129
488589,490720,490753,33,2131
488589,490717,490754,37,2128
488589,490720,490755,35,2131
488589,490718,490755,37,2129
488589,490722,490756,34,2133
488589,490721,490757,36,2132
488589,490711,490758,47,2122
488589,490719,490758,39,2130
488589,490693,490759,66,2104
488589,490672,490759,87,2083
488589,490720,490759,39,2131
488589,490733,490758,25,2144
488589,490718,490760,42,2129
488589,490673,490762,89,2084
488589,490722,490763,41,2133
488589,490726,490763,37,2137
488589,490719,490763,44,2130
488589,490729,490764,35,2140
488589,490720,490765,45,2131
488589,490735,490765,30,2146
488589,490723,490766,43,2134
488589,490726,490766,40,2137
488589,490729,490766,37,2140
488711,490745,490766,21,2034
488589,490733,490767,34,2144
488589,490735,490767,32,2146
488589,490732,490766,34,2143
488711,490747,490767,20,2036
488589,490726,490767,41,2137
488589,490731,490767,36,2142
488589,490722,490768,46,2133
488589,490725,490768,43,2136
488589,490734,490768,34,2145
488589,490732,490768,36,2143
488589,490725,490769,44,2136
488589,490733,490769,36,2144
488589,490673,490770,97,2084
488589,490723,490770,47,2134
488589,490728,490771,43,2139
488589,490726,490771,45,2137
488589,490738,490772,34,2149
488589,490720,490772,52,2131
488711,490748,490772,24,2037
488589,490732,490773,41,2143
487556,490000,490774,774,2444
488589,490738,490773,35,2149
488589,490728,490774,46,2139
488589,490675,490774,99,2086
488589,490674,490774,100,2085
488711,490748,490776,28,2037
488711,490747,490776,29,2036
488589,490726,490776,50,2137
488589,490734,490776,42,2145
488589,490734,490776,42,2145
488711,490748,490776,28,2037
488589,490738,490777,39,2149
488589,490740,490777,37,2151
488589,490732,490778,46,2143
488589,490732,490780,48,2143
488589,490726,490780,54,2137
488589,490732,490780,48,2143
488589,490729,490781,52,2140
488711,490750,490781,31,2039
488711,490754,490785,31,2043
488589,490742,490786,44,2153
488711,490754,490790,36,2043
488711,490753,490790,37,2042
488711,490775,490791,16,2064
488711,490752,490792,40,2041
488711,490776,490795,19,2065
488589,490730,490795,65,2141
488711,490772,490797,25,2061
488711,490764,490797,33,2053
488711,490767,490798,31,2056
488711,490773,490798,25,2062
488711,490775,490798,23,2064
488711,490771,490800,29,2060
488711,490773,490799,26,2062
488711,490774,490801,27,2063
488711,490773,490800,27,2062
488711,490755,490801,46,2044
488711,490780,490802,22,2069
488711,490771,490803,32,2060
488711,490769,490803,34,2058
488711,490774,490804,30,2063
488711,490782,490805,23,2071
488711,490782,490805,23,2071
488711,490756,490806,50,2045
488711,490766,490807,41,2055
488711,490771,490807,36,2060
488711,490768,490807,39,2057
488711,490769,490807,38,2058
488711,490778,490808,30,2067
488711,490764,490808,44,2053
488711,490776,490808,32,2065
488711,490766,490808,42,2055
488711,490771,490808,37,2060
488711,490768,490808,40,2057
488711,490766,490808,42,2055
488711,490767,490809,42,2056
488711,490780,490809,29,2069
488711,490780,490809,29,2069
488711,490767,490809,42,2056
488711,490766,490810,44,2055
488711,490776,490810,34,2065
488711,490778,490810,32,2067
488711,490777,490813,36,2066
488711,490764,490813,49,2053
488711,490785,490814,29,2074
488711,490768,490814,46,2057
488711,490760,490815,55,2049
488711,490768,490816,48,2057
488711,490787,490816,29,2076
488711,490763,490816,53,2052
488711,490766,490816,50,2055
488711,490762,490818,56,2051
488711,490769,490818,49,2058
488711,490774,490818,44,2063
488711,490768,490819,51,2057
488711,490769,490819,50,2058
488711,490791,490819,28,2080
488711,490796,490822,26,2085
488711,490777,490823,46,2066
488711,490798,490823,25,2087
488711,490759,490823,64,2048
488711,490793,490823,30,2082
488711,490799,490825,26,2088
488711,490759,490827,68,2048
488711,490795,490827,32,2084
488711,490801,490829,28,2090
488711,490800,490830,30,2089
488711,490800,490831,31,2089
488711,490759,490831,72,2048
488711,490777,490831,54,2066
488711,490798,490831,33,2087
488711,490798,490831,33,2087
488711,490759,490831,72,2048
488711,490798,490832,34,2087
488711,490799,490831,32,2088
488711,490799,490832,33,2088
488711,490801,490831,30,2090
488711,490802,490833,31,2091
488711,490769,490833,64,2058
488711,490777,490836,59,2066
488711,490806,490837,31,2095
488711,490805,490839,34,2094
488711,490803,490841,38,2092
488711,490808,490841,33,2097
488711,490809,490842,33,2098
488711,490804,490843,39,2093
488711,490807,490843,36,2096
488711,490819,490849,30,2108
488711,490810,490849,39,2099
488711,490811,490849,38,2100
488711,490758,490850,92,2047
488711,490806,490849,43,2095
488711,490810,490850,40,2099
488711,490814,490850,36,2103
488711,490756,490850,94,2045
488840,490831,490851,20,1991
488711,490757,490851,94,2046
488711,490811,490851,40,2100
488711,490819,490852,33,2108
488711,490809,490852,43,2098
488711,490818,490852,34,2107
488711,490814,490853,39,2103
488711,490803,490853,50,2092
488711,490818,490853,35,2107
488711,490823,490854,31,2112
488711,490758,490855,97,2047
488711,490815,490855,40,2104
488711,490757,490855,98,2046
488711,490810,490855,45,2099
488840,490831,490855,24,1991
488711,490810,490855,45,2099
488840,490832,490856,24,1992
488711,490809,490856,47,2098
488711,490808,490857,49,2097
488840,490832,490857,25,1992
488711,490818,490857,39,2107
488840,490831,490857,26,1991
488711,490809,490857,48,2098
488840,490832,490857,25,1992
488711,490809,490857,48,2098
488711,490815,490859,44,2104
488711,490830,490859,29,2119
488711,490808,490859,51,2097
488711,490816,490859,43,2105
488840,490832,490859,27,1992
488711,490824,490859,35,2113
488711,490824,490860,36,2113
488711,490827,490860,33,2116
488840,490831,490860,29,1991
488711,490827,490860,33,2116
488711,490823,490860,37,2112
488711,490810,490861,51,2099
488711,490820,490861,41,2109
488711,490808,490861,53,2097
488711,490824,490861,37,2113
487569,490090,490861,771,2521
488711,490808,490861,53,2097
488711,490809,490862,53,2098
488711,490816,490861,45,2105
488840,490832,490861,29,1992
488711,490817,490863,46,2106
488711,490815,490864,49,2104
488840,490832,490864,32,1992
488711,490817,490865,48,2106
488711,490825,490868,43,2114
488840,490834,490869,35,1994
488840,490833,490873,40,1993
487562,490090,490875,785,2528
488840,490860,490876,16,2020
488840,490860,490876,16,2020
488840,490836,490877,41,1996
488840,490857,490879,22,2017
488840,490857,490882,25,2017
488840,490858,490881,23,2018
488840,490860,490881,21,2020
488840,490861,490884,23,2021
488840,490857,490884,27,2017
488840,490858,490884,26,2018
488840,490858,490884,26,2018
488840,490858,490882,24,2018
488840,490859,490885,26,2019
488840,490866,490885,19,2026
488840,490851,490887,36,2011
488840,490859,490887,28,2019
488840,490856,490889,33,2016
488840,490851,490890,39,2011
488840,490861,490889,28,2021
488840,490853,490891,38,2013
488840,490856,490890,34,2016
488840,490862,490891,29,2022
488840,490870,490890,20,2030
488840,490855,490891,36,2015
488840,490865,490891,26,2025
488840,490854,490890,36,2014
488840,490869,490890,21,2029
488840,490859,490891,32,2019
488840,490862,490891,29,2022
488840,490859,490892,33,2019
488840,490862,490892,30,2022
488840,490854,490892,38,2014
488840,490853,490892,39,2013
488840,490861,490894,33,2021
488840,490861,490894,33,2021
488840,490876,490895,19,2036
488840,490861,490896,35,2021
488840,490851,490896,45,2011
488840,490852,490896,44,2012
488840,490874,490896,22,2034
488840,490877,490896,19,2037
488840,490852,490897,45,2012
488840,490855,490897,42,2015
488840,490850,490897,47,2010
488840,490851,490897,46,2011
488840,490862,490897,35,2022
488840,490862,490898,36,2022
488840,490864,490898,34,2024
488840,490851,490898,47,2011
488840,490865,490898,33,2025
488840,490855,490899,44,2015
488840,490850,490899,49,2010
488840,490855,490900,45,2015
488840,490856,490902,46,2016
488840,490877,490903,26,2037
488840,490854,490903,49,2014
488840,490856,490903,47,2016
488840,490878,490904,26,2038
488840,490862,490906,44,2022
488840,490851,490910,59,2011
488840,490862,490910,48,2022
488840,490850,490910,60,2010
488840,490850,490913,63,2010
488840,490888,490913,25,2048
488840,490880,490914,34,2040
488840,490882,490915,33,2042
488840,490862,490915,53,2022
488840,490886,490915,29,2046
488840,490886,490915,29,2046
488840,490888,490916,28,2048
488840,490886,490916,30,2046
488840,490837,490919,82,1997
488840,490856,490919,63,2016
488840,490844,490919,75,2004
488840,490885,490920,35,2045
488840,490890,490920,30,2050
488840,490885,490922,37,2045
488840,490882,490921,39,2042
488840,490890,490926,36,2050
488840,490891,490927,36,2051
488840,490890,490926,36,2050
488840,490891,490927,36,2051
488840,490886,490927,41,2046
488840,490884,490929,45,2044
488840,490891,490929,38,2051
488840,490891,490929,38,2051
488840,490900,490929,29,2060
488840,490892,490930,38,2052
488840,490899,490930,31,2059
488857,490910,490930,20,2053
488840,490891,490931,40,2051
488857,490914,490931,17,2057
488840,490891,490931,40,2051
488840,490893,490931,38,2053
488840,490899,490932,33,2059
488857,490914,490934,20,2057
488840,490891,490935,44,2051
488840,490898,490934,36,2058
488840,490884,490935,51,2044
488840,490898,490935,37,2058
488840,490897,490936,39,2057
488840,490893,490936,43,2053
488840,490897,490935,38,2057
488840,490891,490936,45,2051
488840,490842,490936,94,2002
488840,490900,490937,37,2060
488840,490897,490937,40,2057
488857,490913,490938,25,2056
488840,490900,490938,38,2060
488840,490892,490938,46,2052
488840,490898,490939,41,2058
488840,490896,490939,43,2056
488840,490894,490939,45,2054
488840,490895,490939,44,2055
488840,490899,490940,41,2059
488840,490842,490940,98,2002
488840,490893,490940,47,2053
488840,490904,490940,36,2064
488857,490915,490940,25,2058
488840,490842,490940,98,2002
488840,490906,490941,35,2066
488840,490843,490942,99,2003
488840,490898,490942,44,2058
488840,490899,490943,44,2059
488840,490897,490944,47,2057
488840,490904,490943,39,2064
488857,490911,490944,33,2054
488857,490916,490945,29,2059
488840,490904,490945,41,2064
488840,490903,490946,43,2063
488840,490893,490945,52,2053
488857,490915,490946,31,2058
488840,490897,490946,49,2057
487599,490176,490947,771,2577
488840,490840,490947,107,2000
488840,490903,490947,44,2063
488857,490915,490951,36,2058
488840,490897,490950,53,2057
488857,490916,490954,38,2059
488857,490917,490956,39,2060
487581,490175,490960,785,2594
488857,490940,490960,20,2083
488857,490941,490960,19,2084
488857,490941,490961,20,2084
488857,490939,490962,23,2082
488857,490919,490963,44,2062
488857,490940,490963,23,2083
488857,490940,490964,24,2083
488857,490940,490964,24,2083
488857,490942,490965,23,2085
488857,490940,490966,26,2083
488857,490934,490967,33,2077
488857,490939,490967,28,2082
488857,490932,490967,35,2075
488857,490931,490968,37,2074
488857,490940,490968,28,2083
488857,490919,490968,49,2062
488857,490946,490969,23,2089
488857,490929,490971,42,2072
487575,490174,490971,797,2599
488857,490939,490971,32,2082
488857,490937,490971,34,2080
488857,490946,490972,26,2089
488857,490931,490972,41,2074
488857,490940,490972,32,2083
488857,490930,490973,43,2073
488857,490947,490973,26,2090
488857,490937,490973,36,2080
488857,490948,490974,26,2091
488857,490943,490973,30,2086
488857,490947,490973,26,2090
488857,490930,490974,44,2073
488857,490951,490974,23,2094
488857,490935,490974,39,2078
488857,490929,490975,46,2072
488857,490938,490976,38,2081
488857,490956,490976,20,2099
488857,490955,490977,22,2098
488857,490935,490976,41,2078
488857,490947,490977,30,2090
488857,490940,490977,37,2083
488857,490930,490978,48,2073
488857,490928,490979,51,2071
488857,490931,490979,48,2074
488857,490937,490979,42,2080
488857,490935,490981,46,2078
488857,490932,490980,48,2075
488857,490945,490981,36,2088
488857,490961,490981,20,2104
488857,490935,490983,48,2078
488857,490930,490983,53,2073
488857,490931,490983,52,2074
488857,490948,490983,35,2091
488857,490951,490982,31,2094
488857,490961,490983,22,2104
488857,490946,490983,37,2089
488857,490943,490984,41,2086
488857,490927,490984,57,2070
488857,490927,490985,58,2070
488857,490944,490985,41,2087
488857,490944,490985,41,2087
488857,490936,490986,50,2079
488857,490961,490987,26,2104
488857,490936,490987,51,2079
488857,490969,490992,23,2112
488857,490944,490993,49,2087
488857,490963,490994,31,2106
488857,490966,490994,28,2109
488857,490965,490997,32,2108
488857,490964,490999,35,2107
488857,490936,490999,63,2079
488857,490927,491002,75,2070
488857,490944,491001,57,2087
488857,490969,491002,33,2112
488857,490961,491003,42,2104
488857,490969,491003,34,2112
488857,490971,491005,34,2114
488857,490964,491005,41,2107
488857,490967,491004,37,2110
488919,490987,491005,18,2068
488857,490969,491005,36,2112
488857,490919,491006,87,2062
488857,490965,491006,41,2108
488857,490971,491007,36,2114
488857,490972,491007,35,2115
488919,490992,491007,15,2073
488857,490973,491009,36,2116
488857,490977,491009,32,2120
488857,490974,491010,36,2117
488857,490972,491010,38,2115
488857,490973,491011,38,2116
488857,490975,491011,36,2118
488857,490920,491011,91,2063
488919,490987,491011,24,2068
488919,490988,491011,23,2069
488857,490927,491012,85,2070
488857,490974,491012,38,2117
488857,490975,491013,38,2118
488857,490968,491013,45,2111
488857,490921,491013,92,2064
488857,490968,491014,46,2111
488857,490978,491015,37,2121
488857,490983,491015,32,2126
488857,490971,491015,44,2114
488857,490981,491016,35,2124
488857,490980,491016,36,2123
488857,490981,491017,36,2124
488919,490993,491017,24,2074
488857,490922,491017,95,2065
488857,490976,491017,41,2119
488857,490985,491018,33,2128
488857,490974,491018,44,2117
488857,490977,491018,41,2120
488857,490984,491018,34,2127
488857,490983,491019,36,2126
488857,490977,491020,43,2120
488857,490968,491020,52,2111
488857,490978,491020,42,2121
488857,490981,491020,39,2124
488857,490974,491020,46,2117
488857,490983,491020,37,2126
488919,490998,491020,22,2079
488857,490973,491020,47,2116
488857,490982,491021,39,2125
488857,490974,491021,47,2117
488919,490995,491022,27,2076
488857,490977,491022,45,2120
488857,490978,491022,44,2121
488857,490983,491023,40,2126
488857,490983,491022,39,2126
488857,490980,491022,42,2123
488857,490985,491023,38,2128
488919,490995,491023,28,2076
488857,490983,491023,40,2126
488857,490985,491024,39,2128
488857,490922,491025,103,2065
488857,490979,491025,46,2122
488919,491000,491029,29,2081
488857,490985,491030,45,2128
488164,490258,491030,772,2094
488857,490973,491031,58,2116
488919,490999,491031,32,2080
488919,491002,491031,29,2083
488919,491002,491034,32,2083
488919,491021,491040,19,2102
488919,491021,491041,20,2102
488919,491021,491041,20,2102
488919,491017,491043,26,2098
488919,491020,491043,23,2101
488919,491019,491044,25,2100
488919,491019,491045,26,2100
488919,491016,491045,29,2097
488919,491018,491045,27,2099
488919,491002,491046,44,2083
488919,491019,491046,27,2100
488919,491031,491046,15,2112
488919,491012,491048,36,2093
488919,491022,491048,26,2103
488919,491012,491048,36,2093
488919,491017,491049,32,2098
488919,491020,491049,29,2101
488919,491021,491049,28,2102
488919,491010,491048,38,2091
488919,491010,491049,39,2091
488919,491016,491049,33,2097
488919,491021,491050,29,2102
488919,491018,491050,32,2099
488919,491031,491050,19,2112
488919,491013,491050,37,2094
488919,491032,491050,18,2113
488919,491018,491051,33,2099
488919,491017,491051,34,2098
488919,491011,491051,40,2092
488919,491011,491051,40,2092
488919,491030,491052,22,2111
488919,491032,491052,20,2113
488919,491007,491053,46,2088
488919,491023,491053,30,2104
488919,491021,491053,32,2102
488919,491030,491054,24,2111
488919,491014,491055,41,2095
488919,491026,491055,29,2107
488919,491013,491055,42,2094
488919,491008,491056,48,2089
488919,491011,491056,45,2092
488919,491034,491056,22,2115
488919,491015,491056,41,2096
488919,491009,491058,49,2090
488919,491020,491057,37,2101
488919,491023,491058,35,2104
488919,491023,491058,35,2104
488919,491008,491059,51,2089
488919,491011,491060,49,2092
488919,491023,491061,38,2104
488919,491015,491061,46,2096
488919,491011,491063,52,2092
488919,491008,491065,57,2089
488919,491042,491066,24,2123
488919,491013,491066,53,2094
488919,491047,491068,21,2128
488919,491006,491068,62,2087
488919,491025,491068,43,2106
488919,491041,491068,27,2122
488919,491046,491070,24,2127
488919,491044,491071,27,2125
488919,491044,491070,26,2125
488919,491024,491072,48,2105
488919,491046,491072,26,2127
488919,491024,491072,48,2105
488919,491041,491073,32,2122
488919,491006,491072,66,2087
488919,491049,491073,24,2130
488919,491047,491073,26,2128
488919,491015,491074,59,2096
488919,491041,491075,34,2122
488919,491044,491075,31,2125
488919,491049,491075,26,2130
488919,491023,491076,53,2104
488919,491015,491076,61,2096
488919,491023,491079,56,2104
488919,491023,491079,56,2104
488919,491046,491080,34,2127
488919,491049,491082,33,2130
488919,491050,491082,32,2131
488919,491049,491082,33,2130
488919,491054,491083,29,2135
488919,491052,491084,32,2133
488919,491050,491084,34,2131
488919,491049,491085,36,2130
488919,491045,491084,39,2126
488919,491052,491086,34,2133
488971,491070,491086,16,2099
488919,491049,491086,37,2130
488919,491005,491087,82,2086
488919,491049,491087,38,2130
488971,491069,491088,19,2098
488919,491003,491089,86,2084
488919,491059,491090,31,2140
488919,491051,491089,38,2132
488919,491050,491090,40,2131
488919,491058,491090,32,2139
488919,491050,491090,40,2131
488919,491051,491090,39,2132
488919,491057,491092,35,2138
488919,491055,491092,37,2136
488971,491072,491092,20,2101
488919,491056,491092,36,2137
488919,491055,491092,37,2136
488919,491057,491092,35,2138
488919,491060,491092,32,2141
488919,491054,491093,39,2135
488919,491061,491093,32,2142
488971,491071,491093,22,2100
488919,491052,491093,41,2133
488971,491073,491094,21,2102
488919,491058,491094,36,2139
488919,491056,491095,39,2137
488919,491058,491095,37,2139
488919,491061,491095,34,2142
488919,491052,491095,43,2133
488919,491061,491095,34,2142
488919,491052,491096,44,2133
488919,491051,491096,45,2132
488971,491073,491096,23,2102
488971,491071,491096,25,2100
488919,491053,491097,44,2134
488919,491052,491097,45,2133
488919,491004,491098,94,2085
488231,490336,491099,763,2105
488971,491072,491099,27,2101
488971,491074,491100,26,2103
488919,491005,491100,95,2086
488919,491065,491100,35,2146
488919,491064,491101,37,2145
488919,491055,491101,46,2136
488919,491068,491101,33,2149
488971,491072,491101,29,2101
488919,491005,491102,97,2086
488971,491073,491103,30,2102
488919,491066,491104,38,2147
488919,491067,491104,37,2148
488919,491054,491105,51,2135
488971,491074,491106,32,2103
488919,491005,491108,103,2086
488919,491068,491108,40,2149
488971,491096,491111,15,2125
488971,491094,491114,20,2123
488971,491093,491114,21,2122
488971,491094,491115,21,2123
488971,491096,491118,22,2125
488971,491093,491117,24,2122
488971,491093,491118,25,2122
488971,491096,491118,22,2125
488971,491095,491118,23,2124
488971,491093,491118,25,2122
488971,491097,491119,22,2126
488971,491097,491119,22,2126
488971,491093,491121,28,2122
488971,491097,491121,24,2126
488971,491093,491121,28,2122
488971,491093,491122,29,2122
488971,491096,491122,26,2125
488971,491106,491123,17,2135
488971,491090,491124,34,2119
488971,491075,491124,49,2104
488971,491093,491125,32,2122
488971,491087,491126,39,2116
488971,491104,491126,22,2133
488971,491085,491127,42,2114
488971,491105,491127,22,2134
488971,491095,491127,32,2124
488971,491103,491127,24,2132
488971,491090,491128,38,2119
488971,491085,491129,44,2114
488971,491098,491129,31,2127
488971,491096,491129,33,2125
488971,491084,491129,45,2113
488971,491092,491130,38,2121
488971,491106,491130,24,2135
488971,491084,491131,47,2113
488971,491102,491132,30,2131
488971,491089,491132,43,2118
488971,491090,491132,42,2119
488971,491086,491133,47,2115
488971,491102,491133,31,2131
488971,491088,491134,46,2117
488971,491092,491134,42,2121
488971,491108,491134,26,2137
488971,491084,491134,50,2113
488971,491086,491134,48,2115
488971,491082,491135,53,2111
488971,491102,491136,34,2131
488971,491091,491136,45,2120
488971,491098,491137,39,2127
488971,491100,491136,36,2129
488971,491100,491137,37,2129
488971,491090,491137,47,2119
488971,491098,491137,39,2127
488971,491118,491138,20,2147
488971,491102,491138,36,2131
488971,491082,491140,58,2111
488971,491086,491140,54,2115
488971,491112,491141,29,2141
488971,491109,491142,33,2138
488971,491100,491142,42,2129
488971,491121,491143,22,2150
488971,491091,491143,52,2120
488971,491102,491143,41,2131
488971,491119,491143,24,2148
488971,491091,491144,53,2120
488971,491122,491144,22,2151
488971,491119,491145,26,2148
488971,491100,491146,46,2129
488971,491118,491147,29,2147
488971,491120,491147,27,2149
488971,491114,491148,34,2143
488971,491120,491149,29,2149
488971,491120,491150,30,2149
488971,491118,491150,32,2147
488971,491082,491152,70,2111
488971,491115,491152,37,2144
488971,491100,491155,55,2129
488971,491122,491155,33,2151
488971,491119,491155,36,2148
488971,491128,491155,27,2157
488971,491123,491156,33,2152
488971,491080,491156,76,2109
488971,491126,491157,31,2155
488971,491081,491158,77,2110
488971,491124,491158,34,2153
489042,491142,491160,18,2100
488971,491076,491160,84,2105
488971,491125,491161,36,2154
488971,491126,491161,35,2155
488971,491124,491162,38,2153
488971,491135,491163,28,2164
488971,491127,491163,36,2156
488971,491138,491164,26,2167
488971,491135,491165,30,2164
489042,491142,491165,23,2100
488971,491128,491165,37,2157
488971,491077,491166,89,2106
488971,491127,491166,39,2156
488971,491134,491166,32,2163
488971,491137,491167,30,2166
488971,491129,491167,38,2158
488971,491127,491167,40,2156
488971,491137,491168,31,2166
489042,491144,491168,24,2102
488971,491133,491168,35,2162
489042,491144,491168,24,2102
488971,491129,491168,39,2158
488971,491135,491168,33,2164
489042,491144,491168,24,2102
488971,491123,491169,46,2152
488971,491132,491169,37,2161
488971,491130,491170,40,2159
489042,491143,491170,27,2101
488971,491132,491170,38,2161
488971,491076,491171,95,2105
488971,491138,491172,34,2167
488971,491136,491172,36,2165
488971,491141,491172,31,2170
488971,491136,491172,36,2165
488971,491130,491172,42,2159
489042,491145,491173,28,2103
488971,491139,491174,35,2168
489042,491146,491174,28,2104
488971,491127,491175,48,2156
488971,491138,491175,37,2167
488971,491133,491176,43,2162
488971,491130,491176,46,2159
488971,491137,491176,39,2166
488971,491130,491176,46,2159
488971,491133,491177,44,2162
489042,491147,491177,30,2105
489042,491145,491178,33,2103
488971,491135,491178,43,2164
488971,491141,491179,38,2170
489042,491144,491180,36,2102
488971,491135,491180,45,2164
488971,491132,491181,49,2161
488971,491077,491185,108,2106
488971,491079,491186,107,2108
489042,491172,491188,16,2130
489042,491172,491189,17,2130
489042,491169,491189,20,2127
488316,490412,491189,777,2096
489042,491148,491192,44,2106
489042,491172,491192,20,2130
489042,491170,491194,24,2128
489042,491170,491192,22,2128
489042,491173,491194,21,2131
489042,491169,491195,26,2127
489042,491168,491196,28,2126
489042,491169,491196,27,2127
489042,491169,491196,27,2127
489042,491149,491197,48,2107
489042,491170,491197,27,2128
489042,491172,491197,25,2130
489042,491171,491197,26,2129
489042,491168,491198,30,2126
489042,491168,491198,30,2126
489042,491162,491199,37,2120
489042,491165,491198,33,2123
489042,491173,491198,25,2131
489042,491158,491199,41,2116
489042,491174,491201,27,2132
489042,491175,491203,28,2133
489042,491162,491203,41,2120
489042,491168,491203,35,2126
489042,491181,491204,23,2139
489042,491164,491205,41,2122
489042,491161,491205,44,2119
489042,491157,491205,48,2115
489042,491179,491205,26,2137
489042,491157,491206,49,2115
489042,491168,491206,38,2126
489042,491159,491207,48,2117
489042,491186,491206,20,2144
489042,491167,491207,40,2125
489042,491176,491208,32,2134
489042,491161,491208,47,2119
489042,491187,491208,21,2145
489042,491163,491208,45,2121
489042,491165,491208,43,2123
489042,491179,491208,29,2137
489042,491178,491209,31,2136
489042,491180,491208,28,2138
489042,491171,491208,37,2129
489042,491161,491209,48,2119
489042,491177,491210,33,2135
489042,491165,491210,45,2123
489042,491156,491210,54,2114
489042,491174,491211,37,2132
489042,491176,491212,36,2134
489042,491156,491213,57,2114
489042,491156,491214,58,2114
489042,491179,491214,35,2137
489042,491177,491215,38,2135
489042,491190,491217,27,2148
489042,491177,491218,41,2135
489042,491166,491218,52,2124
489042,491195,491218,23,2153
489042,491167,491218,51,2125
489042,491189,491218,29,2147
489042,491196,491218,22,2154
489042,491177,491218,41,2135
489042,491167,491219,52,2125
489042,491198,491219,21,2156
489042,491197,491221,24,2155
489042,491192,491221,29,2150
489042,491188,491221,33,2146
489042,491177,491222,45,2135
489042,491197,491222,25,2155
489042,491195,491223,28,2153
489042,491198,491223,25,2156
489042,491167,491223,56,2125
489042,491196,491225,29,2154
489042,491190,491225,35,2148
489042,491195,491226,31,2153
489042,491192,491226,34,2150
489042,491150,491227,77,2108
489042,491199,491227,28,2157
489042,491198,491228,30,2156
489042,491195,491228,33,2153
489042,491155,491229,74,2113
489042,491199,491233,34,2157
489042,491199,491233,34,2157
489042,491203,491234,31,2161
489059,491218,491235,17,2159
489042,491199,491236,37,2157
489042,491203,491236,33,2161
489042,491196,491237,41,2154
489042,491202,491238,36,2160
489042,491205,491238,33,2163
489059,491218,491238,20,2159
489042,491200,491238,38,2158
489059,491219,491238,19,2160
489042,491205,491239,34,2163
489042,491211,491239,28,2169
489042,491204,491239,35,2162
489042,491209,491239,30,2167
489042,491209,491241,32,2167
489042,491215,491242,27,2173
489042,491215,491242,27,2173
489059,491220,491243,23,2161
489042,491199,491243,44,2157
489059,491219,491243,24,2160
489042,491209,491244,35,2167
489042,491206,491245,39,2164
489042,491211,491245,34,2169
489042,491151,491245,94,2109
489042,491206,491245,39,2164
489059,491219,491246,27,2160
489042,491211,491245,34,2169
489042,491209,491246,37,2167
489042,491208,491247,39,2166
489042,491215,491247,32,2173
489042,491205,491247,42,2163
489042,491150,491248,98,2108
489042,491208,491248,40,2166
489042,491209,491248,39,2167
489059,491221,491250,29,2162
489042,491208,491249,41,2166
489042,491208,491249,41,2166
489042,491153,491250,97,2111
489042,491209,491250,41,2167
489042,491209,491250,41,2167
489042,491214,491250,36,2172
489042,491206,491251,45,2164
489059,491222,491250,28,2163
489042,491218,491250,32,2176
489042,491217,491251,34,2175
489042,491204,491251,47,2162
489059,491221,491253,32,2162
489042,491155,491254,99,2113
489042,491213,491254,41,2171
489042,491212,491254,42,2170
489042,491152,491255,103,2110
489059,491222,491255,33,2163
489059,491223,491256,33,2164
489042,491218,491256,38,2176
489042,491207,491258,51,2165
489042,491207,491260,53,2165
488448,490491,491263,772,2043
489059,491243,491266,23,2184
489059,491246,491266,20,2187
489059,491223,491268,45,2164
489059,491246,491268,22,2187
489059,491247,491268,21,2188
489059,491249,491268,19,2190
489059,491246,491268,22,2187
489059,491247,491268,21,2188
489059,491246,491269,23,2187
489059,491248,491269,21,2189
489059,491245,491269,24,2186
489059,491245,491269,24,2186
489059,491244,491270,26,2185
489059,491245,491273,28,2186
489059,491250,491273,23,2191
489059,491250,491273,23,2191
489059,491239,491274,35,2180
489059,491248,491274,26,2189
489059,491256,491274,18,2197
489059,491256,491274,18,2197
489059,491239,491275,36,2180
489059,491250,491275,25,2191
489059,491248,491276,28,2189
489059,491239,491275,36,2180
489059,491235,491276,41,2176
489059,491243,491276,33,2184
489059,491258,491276,18,2199
489059,491233,491277,44,2174
489059,491256,491278,22,2197
489059,491256,491278,22,2197
489059,491229,491278,49,2170
489059,491250,491278,28,2191
489059,491239,491279,40,2180
489059,491251,491279,28,2192
489059,491251,491279,28,2192
489059,491236,491279,43,2177
489059,491242,491280,38,2183
489059,491243,491281,38,2184
489059,491236,491281,45,2177
489059,491248,491281,33,2189
489059,491251,491282,31,2192
489059,491240,491281,41,2181
489059,491250,491282,32,2191
489059,491238,491282,44,2179
489059,491250,491282,32,2191
489059,491233,491283,50,2174
489059,491239,491283,44,2180
489059,491254,491283,29,2195
489059,491224,491283,59,2165
489059,491254,491283,29,2195
489059,491251,491284,33,2192
489059,491238,491285,47,2179
489059,491261,491285,24,2202
489059,491254,491286,32,2195
489059,491263,491287,24,2204
489059,491254,491287,33,2195
489059,491236,491289,53,2177
489059,491251,491289,38,2192
489059,491228,491290,62,2169
489059,491229,491291,62,2170
489059,491240,491291,51,2181
489059,491269,491293,24,2210
489059,491271,491294,23,2212
489059,491267,491295,28,2208
489059,491228,491296,68,2169
489059,491273,491296,23,2214
489059,491242,491296,54,2183
489059,491240,491296,56,2181
489059,491270,491297,27,2211
489059,491252,491297,45,2193
489059,491270,491298,28,2211
489059,491269,491298,29,2210
489059,491270,491299,29,2211
489059,491269,491300,31,2210
489059,491268,491301,33,2209
489059,491269,491301,32,2210
489059,491273,491301,28,2214
489059,491271,491301,30,2212
489059,491274,491302,28,2215
489059,491267,491304,37,2208
489059,491269,491304,35,2210
489059,491273,491304,31,2214
489059,491277,491305,28,2218
489059,491224,491305,81,2165
489059,491275,491307,32,2216
489059,491275,491307,32,2216
489059,491276,491308,32,2217
489059,491279,491308,29,2220
489059,491279,491309,30,2220
489059,491275,491309,34,2216
489059,491278,491310,32,2219
489059,491276,491310,34,2217
489059,491276,491312,36,2217
489059,491287,491313,26,2228
489138,491292,491313,21,2154
489138,491292,491315,23,2154
489059,491283,491315,32,2224
489059,491288,491316,28,2229
489059,491276,491316,40,2217
489059,491226,491316,90,2167
489059,491279,491316,37,2220
489059,491283,491317,34,2224
489059,491284,491318,34,2225
489059,491280,491318,38,2221
489059,491285,491318,33,2226
489059,491276,491318,42,2217
489059,491285,491318,33,2226
489059,491282,491318,36,2223
489059,491283,491319,36,2224
489059,491286,491319,33,2227
489059,491226,491320,94,2167
489059,491280,491320,40,2221
489138,491296,491321,25,2158
489059,491284,491322,38,2225
489059,491283,491321,38,2224
489138,491296,491322,26,2158
489059,491275,491322,47,2216
489138,491293,491322,29,2155
489138,491296,491323,27,2158
489059,491281,491323,42,2222
489059,491227,491323,96,2168
489059,491279,491323,44,2220
489059,491283,491324,41,2224
489059,491279,491325,46,2220
489059,491282,491325,43,2223
489059,491275,491324,49,2216
489059,491290,491325,35,2231
489059,491288,491326,38,2229
489059,491290,491325,35,2231
489138,491294,491326,32,2156
489059,491283,491326,43,2224
489138,491297,491327,30,2159
489059,491280,491327,47,2221
489059,491281,491327,46,2222
489059,491227,491328,101,2168
489059,491227,491328,101,2168
489059,491281,491329,48,2222
489138,491298,491333,35,2160
489138,491298,491333,35,2160
489138,491297,491336,39,2159
489138,491323,491339,16,2185
489138,491319,491340,21,2181
489138,491319,491341,22,2181
489138,491323,491341,18,2185
489138,491318,491342,24,2180
489138,491321,491342,21,2183
489138,491321,491342,21,2183
489138,491319,491344,25,2181
489138,491319,491344,25,2181
489138,491323,491344,21,2185
489138,491319,491346,27,2181
489138,491298,491347,49,2160
489138,491326,491349,23,2188
489138,491318,491348,30,2180
489138,491319,491349,30,2181
489138,491321,491348,27,2183
489138,491323,491348,25,2185
489138,491329,491349,20,2191
489138,491310,491350,40,2172
489138,491324,491350,26,2186
489138,491328,491349,21,2190
489138,491317,491351,34,2179
489138,491329,491350,21,2191
489138,491317,491351,34,2179
489138,491318,491352,34,2180
489138,491314,491354,40,2176
489138,491309,491355,46,2171
489138,491309,491355,46,2171
489138,491322,491356,34,2184
489138,491306,491355,49,2168
489138,491327,491357,30,2189
489138,491325,491357,32,2187
489138,491326,491358,32,2188
489138,491308,491357,49,2170
489138,491324,491357,33,2186
489138,491311,491358,47,2173
489138,491325,491357,32,2187
489138,491327,491358,31,2189
489138,491325,491358,33,2187
489138,491305,491359,54,2167
489138,491322,491359,37,2184
489138,491325,491360,35,2187
489138,491334,491360,26,2196
489138,491324,491360,36,2186
489138,491313,491360,47,2175
489138,491336,491360,24,2198
489138,491306,491361,55,2168
489138,491328,491362,34,2190
489138,491309,491362,53,2171
489138,491317,491362,45,2179
489138,491316,491362,46,2178
489138,491305,491363,58,2167
489138,491307,491363,56,2169
489138,491325,491364,39,2187
489138,491311,491364,53,2173
489138,491298,491365,67,2160
489138,491313,491365,52,2175
489138,491327,491366,39,2189
489138,491316,491367,51,2178
489138,491340,491368,28,2202
489138,491344,491369,25,2206
489138,491316,491371,55,2178
489138,491343,491373,30,2205
489138,491302,491372,70,2164
488460,490572,491373,801,2112
489138,491343,491373,30,2205
489138,491304,491373,69,2166
489138,491345,491373,28,2207
489138,491342,491374,32,2204
489138,491349,491373,24,2211
489138,491347,491374,27,2209
489138,491341,491375,34,2203
489138,491349,491375,26,2211
489138,491349,491377,28,2211
489138,491348,491377,29,2210
489138,491343,491377,34,2205
489138,491327,491378,51,2189
489138,491356,491381,25,2218
489138,491345,491381,36,2207
489138,491349,491382,33,2211
489138,491349,491383,34,2211
489138,491350,491384,34,2212
489138,491352,491384,32,2214
489138,491341,491385,44,2203
489138,491345,491387,42,2207
489200,491370,491387,17,2170
489138,491357,491387,30,2219
489138,491351,491388,37,2213
489138,491349,491388,39,2211
489138,491360,491389,29,2222
489138,491300,491390,90,2162
489138,491351,491390,39,2213
489138,491358,491390,32,2220
489138,491356,491389,33,2218
489138,491302,491390,88,2164
489138,491301,491390,89,2163
489138,491350,491390,40,2212
489138,491351,491391,40,2213
489138,491350,491391,41,2212
489138,491355,491392,37,2217
489138,491363,491392,29,2225
489138,491355,491392,37,2217
489138,491363,491394,31,2225
489138,491300,491394,94,2162
489200,491373,491394,21,2173
489200,491372,491395,23,2172
489200,491373,491395,22,2173
489138,491361,491395,34,2223
489138,491361,491395,34,2223
489138,491358,491395,37,2220
489138,491361,491395,34,2223
489138,491358,491395,37,2220
489138,491363,491396,33,2225
489138,491359,491397,38,2221
489138,491366,491398,32,2228
489138,491365,491398,33,2227
489138,491362,491399,37,2224
489138,491358,491399,41,2220
489138,491367,491400,33,2229
489138,491365,491400,35,2227
489138,491358,491400,42,2220
489138,491366,491401,35,2228
489200,491374,491401,27,2174
489138,491361,491400,39,2223
489138,491363,491401,38,2225
489138,491362,491402,40,2224
489200,491374,491402,28,2174
489138,491360,491404,44,2222
489138,491302,491404,102,2164
489138,491354,491404,50,2216
489138,491358,491404,46,2220
489138,491359,491405,46,2221
489200,491374,491405,31,2174
489138,491364,491405,41,2226
489200,491374,491405,31,2174
489138,491302,491406,104,2164
489200,491374,491407,33,2174
489200,491374,491408,34,2174
489138,491365,491411,46,2227
489138,491359,491414,55,2221
489200,491400,491416,16,2200
489200,491397,491417,20,2197
489200,491395,491417,22,2195
489200,491401,491418,17,2201
489200,491396,491419,23,2196
489200,491397,491419,22,2197
489200,491400,491420,20,2200
489200,491395,491422,27,2195
489200,491395,491421,26,2195
489200,491375,491422,47,2175
489200,491396,491422,26,2196
489200,491401,491421,20,2201
489200,491396,491421,25,2196
489200,491395,491423,28,2195
489200,491394,491423,29,2194
489200,491393,491423,30,2193
489200,491399,491424,25,2199
489200,491396,491425,29,2196
489200,491401,491426,25,2201
489200,491401,491426,25,2201
489200,491396,491426,30,2196
489200,491393,491427,34,2193
489200,491401,491427,26,2201
489200,491408,491428,20,2208
489200,491375,491429,54,2175
489200,491399,491429,30,2199
489200,491407,491430,23,2207
489200,491399,491430,31,2199
489200,491391,491431,40,2191
489200,491409,491432,23,2209
489200,491402,491432,30,2202
489200,491412,491432,20,2212
489200,491390,491432,42,2190
489200,491376,491433,57,2176
489200,491387,491435,48,2187
489200,491405,491434,29,2205
489200,491405,491435,30,2205
489200,491390,491435,45,2190
489200,491392,491437,45,2192
489200,491390,491437,47,2190
489200,491402,491437,35,2202
489200,491406,491437,31,2206
489200,491390,491439,49,2190
489200,491405,491438,33,2205
489200,491390,491439,49,2190
489200,491389,491439,50,2189
489200,491389,491440,51,2189
489200,491415,491440,25,2215
488529,490657,491440,783,2128
489200,491393,491441,48,2193
489200,491406,491441,35,2206
489200,491391,491443,52,2191
489200,491405,491443,38,2205
489200,491388,491444,56,2188
489200,491391,491445,54,2191
489200,491403,491445,42,2203
489200,491384,491446,62,2184
489200,491425,491446,21,2225
489200,491385,491446,61,2185
489200,491419,491447,28,2219
489200,491405,491448,43,2205
489200,491388,491448,60,2188
489200,491405,491448,43,2205
489200,491423,491448,25,2223
489200,491417,491449,32,2217
489200,491418,491450,32,2218
489200,491418,491449,31,2218
489200,491422,491449,27,2222
489200,491424,491450,26,2224
489200,491420,491450,30,2220
489200,491424,491451,27,2224
489200,491422,491452,30,2222
489200,491421,491452,31,2221
489200,491384,491453,69,2184
489200,491423,491452,29,2223
489200,491424,491452,28,2224
489200,491422,491454,32,2222
489200,491384,491456,72,2184
489200,491422,491456,34,2222
489200,491391,491459,68,2191
489200,491425,491459,34,2225
489200,491426,491459,33,2226
489200,491431,491461,30,2231
489200,491428,491462,34,2228
489200,491432,491462,30,2232
489200,491432,491462,30,2232
489200,491377,491462,85,2177
489200,491430,491463,33,2230
489285,491449,491464,15,2164
489200,491432,491464,32,2232
489200,491433,491463,30,2233
489200,491440,491464,24,2240
489200,491427,491465,38,2227
489285,491448,491465,17,2163
489200,491428,491466,38,2228
489200,491378,491467,89,2178
489200,491433,491468,35,2233
489200,491441,491468,27,2241
489285,491450,491469,19,2165
489200,491422,491468,46,2222
489285,491449,491470,21,2164
489200,491427,491469,42,2227
489200,491429,491470,41,2229
489200,491439,491471,32,2239
489200,491440,491471,31,2240
489200,491427,491470,43,2227
489200,491382,491471,89,2182
489285,491449,491471,22,2164
489200,491378,491472,94,2178
489200,491429,491472,43,2229
489200,491436,491472,36,2236
489200,491439,491472,33,2239
489200,491437,491472,35,2237
489200,491378,491473,95,2178
489200,491435,491473,38,2235
489285,491451,491473,22,2166
489200,491440,491473,33,2240
489285,491450,491475,25,2165
489200,491430,491475,45,2230
489200,491442,491476,34,2242
489285,491450,491476,26,2165
489200,491446,491476,30,2246
489200,491437,491477,40,2237
489200,491440,491477,37,2240
489200,491447,491477,30,2247
489200,491444,491478,34,2244
489200,491446,491478,32,2246
489200,491438,491479,41,2238
489200,491382,491479,97,2182
489200,491435,491480,45,2235
489200,491438,491480,42,2238
489200,491440,491481,41,2240
489285,491452,491482,30,2167
489200,491447,491482,35,2247
489200,491443,491482,39,2243
489200,491447,491482,35,2247
489200,491382,491482,100,2182
489200,491436,491483,47,2236
489200,491444,491484,40,2244
489200,491446,491486,40,2246
489285,491451,491488,37,2166
489285,491452,491489,37,2167
489285,491451,491491,40,2166
489285,491476,491493,17,2191
489285,491476,491494,18,2191
489285,491473,491495,22,2188
489285,491472,491495,23,2187
489285,491472,491495,23,2187
489285,491473,491496,23,2188
489285,491476,491496,20,2191
489285,491477,491497,20,2192
489285,491473,491497,24,2188
489285,491474,491499,25,2189
489285,491473,491499,26,2188
489285,491477,491499,22,2192
489285,491471,491500,29,2186
489285,491471,491501,30,2186
489285,491471,491501,30,2186
489285,491473,491502,29,2188
489285,491476,491502,26,2191
489285,491470,491503,33,2185
489285,491484,491503,19,2199
489285,491478,491503,25,2193
489285,491479,491504,25,2194
489285,491472,491499,27,2187
489285,491473,491500,27,2188
489285,491477,491504,27,2192
489285,491484,491504,20,2199
489285,491484,491504,20,2199
489285,491480,491506,26,2195
489285,491469,491506,37,2184
489285,491470,491506,36,2185
489285,491480,491507,27,2195
489285,491478,491508,30,2193
489285,491481,491509,28,2196
489285,491453,491509,56,2168
489285,491481,491510,29,2196
489285,491486,491510,24,2201
489285,491475,491511,36,2190
489285,491482,491512,30,2197
489285,491466,491512,46,2181
489285,491470,491513,43,2185
489285,491483,491512,29,2198
489285,491468,491513,45,2183
489285,491465,491514,49,2180
489285,491466,491515,49,2181
489285,491465,491518,53,2180
489285,491469,491520,51,2184
489285,491497,491521,24,2212
489285,491496,491520,24,2211
489285,491495,491521,26,2210
488592,490742,491521,779,2150
489285,491490,491522,32,2205
489285,491464,491522,58,2179
489285,491489,491521,32,2204
489285,491494,491522,28,2209
489285,491464,491524,60,2179
489285,491464,491523,59,2179
489285,491492,491525,33,2207
489285,491464,491525,61,2179
489285,491482,491525,43,2197
489285,491483,491526,43,2198
489285,491499,491526,27,2214
489285,491500,491526,26,2215
489285,491456,491528,72,2171
489285,491502,491528,26,2217
489285,491500,491528,28,2215
489285,491468,491528,60,2183
489285,491495,491529,34,2210
489285,491497,491529,32,2212
489285,491468,491529,61,2183
489285,491501,491530,29,2216
489285,491502,491532,30,2217
489285,491463,491533,70,2178
489285,491505,491533,28,2220
489285,491503,491533,30,2218
489285,491505,491534,29,2220
489285,491503,491535,32,2218
489285,491454,491535,81,2169
489285,491504,491536,32,2219
489285,491453,491536,83,2168
489285,491498,491537,39,2213
489285,491508,491537,29,2223
489285,491463,491538,75,2178
489285,491506,491538,32,2221
489285,491508,491538,30,2223
489285,491497,491538,41,2212
489285,491504,491538,34,2219
489285,491462,491539,77,2177
489285,491505,491539,34,2220
489285,491482,491539,57,2197
489285,491505,491540,35,2220
489285,491453,491541,88,2168
489285,491507,491540,33,2222
489285,491457,491541,84,2172
489285,491507,491541,34,2222
489285,491510,491544,34,2225
489285,491504,491544,40,2219
489285,491505,491546,41,2220
489285,491509,491545,36,2224
489285,491510,491546,36,2225
489398,491527,491547,20,2129
489285,491505,491548,43,2220
489285,491461,491547,86,2176
489285,491513,491547,34,2228
489398,491527,491549,22,2129
489285,491510,491549,39,2225
489285,491515,491548,33,2230
489285,491515,491550,35,2230
489285,491463,491551,88,2178
489398,491528,491550,22,2130
489285,491504,491551,47,2219
489285,491512,491552,40,2227
489285,491518,491552,34,2233
489285,491513,491553,40,2228
489285,491521,491554,33,2236
489285,491521,491554,33,2236
489285,491523,491554,31,2238
489398,491530,491554,24,2132
489285,491514,491555,41,2229
489398,491528,491556,28,2130
489285,491522,491556,34,2237
489285,491525,491556,31,2240
489398,491529,491556,27,2131
489285,491513,491558,45,2228
489285,491460,491557,97,2175
489398,491529,491558,29,2131
489285,491522,491559,37,2237
489285,491522,491559,37,2237
489285,491522,491559,37,2237
489285,491524,491560,36,2239
489285,491526,491561,35,2241
489285,491524,491561,37,2239
489285,491513,491561,48,2228
489285,491521,491562,41,2236
489398,491528,491562,34,2130
489285,491525,491563,38,2240
489285,491522,491563,41,2237
489398,491529,491564,35,2131
489285,491459,491564,105,2174
489398,491530,491567,37,2132
489285,491459,491568,109,2174
489398,491552,491569,17,2154
489398,491552,491570,18,2154
489398,491548,491570,22,2150
489398,491554,491573,19,2156
489398,491549,491574,25,2151
489398,491532,491574,42,2134
489398,491550,491574,24,2152
489398,491557,491574,17,2159
489398,491553,491575,22,2155
489398,491551,491576,25,2153
489398,491556,491576,20,2158
489398,491547,491576,29,2149
489398,491551,491576,25,2153
489398,491548,491577,29,2150
489398,491548,491577,29,2150
489398,491557,491578,21,2159
489398,491549,491578,29,2151
489398,491557,491580,23,2159
489398,491555,491580,25,2157
489398,491548,491580,32,2150
489398,491534,491582,48,2136
489398,491559,491582,23,2161
489398,491549,491577,28,2151
489398,491556,491574,18,2158
489398,491552,491583,31,2154
489398,491555,491583,28,2157
489398,491558,491584,26,2160
489398,491555,491585,30,2157
489398,491558,491586,28,2160
489398,491558,491587,29,2160
489398,491559,491587,28,2161
489398,491546,491587,41,2148
489398,491560,491587,27,2162
489398,491564,491588,24,2166
489398,491559,491589,30,2161
489398,491561,491590,29,2163
489398,491562,491592,30,2164
489398,491541,491594,53,2143
489398,491564,491595,31,2166
489398,491543,491595,52,2145
489398,491540,491596,56,2142
488714,490831,491596,765,2117
489398,491544,491596,52,2146
489398,491564,491597,33,2166
489398,491534,491599,65,2136
489398,491541,491600,59,2143
489398,491541,491600,59,2143
489398,491564,491600,36,2166
489398,491577,491603,26,2179
489398,491568,491602,34,2170
489398,491575,491603,28,2177
489398,491546,491603,57,2148
489398,491544,491603,59,2146
489398,491571,491607,36,2173
489398,491568,491607,39,2170
489398,491539,491608,69,2141
489398,491578,491609,31,2180
489398,491574,491610,36,2176
489398,491575,491609,34,2177
489398,491575,491610,35,2177
489398,491579,491611,32,2181
489398,491539,491612,73,2141
489398,491579,491612,33,2181
489398,491575,491613,38,2177
489398,491577,491615,38,2179
489398,491540,491615,75,2142
489398,491576,491615,39,2178
489398,491569,491616,47,2171
489398,491575,491616,41,2177
489398,491539,491616,77,2141
489398,491535,491617,82,2137
489398,491585,491618,33,2187
489398,491581,491617,36,2183
489398,491577,491618,41,2179
489398,491587,491618,31,2189
489398,491588,491619,31,2190
489398,491534,491619,85,2136
489398,491562,491621,59,2164
489398,491587,491621,34,2189
489398,491563,491622,59,2165
489398,491583,491623,40,2185
489398,491580,491624,44,2182
489398,491590,491624,34,2192
489398,491535,491625,90,2137
489398,491563,491625,62,2165
489398,491588,491625,37,2190
489398,491582,491625,43,2184
489398,491588,491626,38,2190
489398,491584,491626,42,2186
489398,491588,491626,38,2190
489398,491581,491627,46,2183
489398,491586,491628,42,2188
489398,491583,491628,45,2185
489398,491576,491630,54,2178
489398,491536,491631,95,2138
489398,491594,491632,38,2196
489398,491583,491632,49,2185
489398,491538,491633,95,2140
489398,491539,491633,94,2141
489398,491536,491633,97,2138
489398,491583,491634,51,2185
489398,491537,491634,97,2139
489398,491600,491635,35,2202
489398,491591,491635,44,2193
489476,491613,491635,22,2137
489476,491613,491636,23,2137
489398,491583,491637,54,2185
489398,491538,491637,99,2140
489398,491597,491636,39,2199
489398,491537,491637,100,2139
489398,491601,491637,36,2203
489476,491613,491637,24,2137
489398,491595,491637,42,2197
489398,491601,491638,37,2203
489398,491601,491639,38,2203
489398,491596,491639,43,2198
489398,491603,491641,38,2205
489476,491616,491641,25,2140
489398,491603,491642,39,2205
489398,491604,491642,38,2206
489398,491593,491642,49,2195
489398,491603,491642,39,2205
489398,491597,491643,46,2199
489398,491538,491643,105,2140
489398,491604,491644,40,2206
489398,491598,491644,46,2200
489476,491615,491644,29,2139
489476,491616,491644,28,2140
489476,491616,491645,29,2140
489398,491609,491645,36,2211
489398,491596,491649,53,2198
489398,491610,491649,39,2212
489398,491610,491650,40,2212
489398,491611,491650,39,2213
489398,491608,491651,43,2210
489398,491537,491651,114,2139
489476,491617,491652,35,2141
489476,491616,491654,38,2140
489476,491618,491654,36,2142
489398,491610,491655,45,2212
489398,491607,491657,50,2209
489476,491638,491658,20,2162
489476,491642,491658,16,2166
489476,491618,491658,40,2142
489476,491642,491659,17,2166
489476,491636,491660,24,2160
489476,491643,491660,17,2167
489476,491637,491660,23,2161
489476,491636,491661,25,2160
489476,491637,491661,24,2161
489476,491638,491660,22,2162
489476,491638,491662,24,2162
489476,491638,491661,23,2162
489476,491642,491662,20,2166
489476,491639,491662,23,2163
489476,491636,491664,28,2160
489476,491618,491665,47,2142
489476,491640,491666,26,2164
489476,491634,491666,32,2158
489476,491636,491667,31,2160
489476,491643,491667,24,2167
489476,491644,491668,24,2168
488843,490910,491668,758,2067
489476,491634,491668,34,2158
489476,491644,491669,25,2168
489476,491637,491669,32,2161
489476,491638,491670,32,2162
489476,491634,491670,36,2158
489476,491634,491670,36,2158
489476,491642,491669,27,2166
489476,491646,491670,24,2170
489476,491645,491671,26,2169
489476,491645,491672,27,2169
489476,491645,491675,30,2169
489476,491649,491675,26,2173
489476,491644,491675,31,2168
489476,491650,491676,26,2174
489476,491641,491678,37,2165
489476,491650,491679,29,2174
489476,491653,491681,28,2177
489476,491653,491682,29,2177
489476,491634,491684,50,2158
489476,491619,491689,70,2143
489476,491655,491689,34,2179
489476,491655,491691,36,2179
489476,491633,491693,60,2157
489476,491663,491693,30,2187
489476,491660,491694,34,2184
489476,491620,491695,75,2144
489476,491663,491694,31,2187
489476,491661,491694,33,2185
489476,491629,491697,68,2153
489476,491660,491698,38,2184
489476,491664,491698,34,2188
489476,491656,491698,42,2180
489476,491666,491699,33,2190
489476,491663,491701,38,2187
489476,491662,491701,39,2186
489476,491658,491703,45,2182
489476,491671,491703,32,2195
489476,491659,491703,44,2183
489476,491629,491704,75,2153
489476,491667,491703,36,2191
489476,491625,491705,80,2149
489476,491665,491706,41,2189
489476,491632,491705,73,2156
489476,491619,491706,87,2143
489476,491661,491707,46,2185
489476,491671,491707,36,2195
489476,491672,491707,35,2196
489476,491670,491708,38,2194
489476,491626,491708,82,2150
489476,491658,491709,51,2182
489476,491667,491708,41,2191
489476,491670,491708,38,2194
489476,491666,491708,42,2190
489476,491625,491709,84,2149
489476,491627,491709,82,2151
489476,491658,491709,51,2182
489476,491621,491710,89,2145
489476,491670,491710,40,2194
489476,491619,491710,91,2143
489476,491659,491711,52,2183
489476,491625,491711,86,2149
489476,491672,491711,39,2196
489476,491651,491712,61,2175
489476,491670,491713,43,2194
489476,491652,491714,62,2176
489476,491631,491714,83,2155
489476,491676,491715,39,2200
489476,491665,491715,50,2189
489476,491669,491716,47,2193
489476,491632,491715,83,2156
489476,491676,491717,41,2200
489476,491668,491718,50,2192
489476,491670,491718,48,2194
489476,491680,491721,41,2204
489476,491676,491720,44,2200
489476,491668,491722,54,2192
489476,491623,491721,98,2147
489476,491669,491722,53,2193
489476,491626,491722,96,2150
489527,491706,491722,16,2179
489476,491677,491723,46,2201
489476,491679,491724,45,2203
489476,491625,491725,100,2149
489476,491624,491725,101,2148
489527,491704,491725,21,2177
489476,491627,491726,99,2151
489476,491622,491727,105,2146
489476,491622,491727,105,2146
489476,491626,491727,101,2150
489476,491682,491729,47,2206
489476,491681,491730,49,2205
489476,491694,491731,37,2218
489476,491684,491731,47,2208
489476,491689,491731,42,2213
489527,491707,491732,25,2180
489527,491705,491732,27,2178
489527,491708,491734,26,2181
489476,491695,491734,39,2219
489527,491706,491733,27,2179
489476,491693,491734,41,2217
489527,491708,491736,28,2181
489476,491698,491737,39,2222
489527,491708,491737,29,2181
489527,491709,491738,29,2182
489476,491699,491737,38,2223
489476,491690,491738,48,2214
489527,491708,491738,30,2181
489476,491695,491739,44,2219
489476,491695,491740,45,2219
489527,491709,491741,32,2182
489476,491695,491742,47,2219
489476,491702,491742,40,2226
489476,491700,491742,42,2224
489476,491702,491743,41,2226
488860,490986,491743,757,2126
489476,491704,491743,39,2228
489476,491699,491746,47,2223
489476,491692,491746,54,2216
489527,491728,491747,19,2201
489476,491704,491747,43,2228
489527,491725,491749,24,2198
489527,491723,491749,26,2196
489527,491709,491750,41,2182
489527,491722,491750,28,2195
489527,491723,491751,28,2196
489527,491725,491751,26,2198
489527,491727,491751,24,2200
489476,491703,491752,49,2227
489527,491734,491752,18,2207
489527,491727,491751,24,2200
489476,491699,491753,54,2223
489527,491725,491753,28,2198
489527,491728,491753,25,2201
489527,491734,491753,19,2207
489527,491734,491754,20,2207
489527,491735,491754,19,2208
489527,491731,491756,25,2204
489527,491729,491756,27,2202
489527,491722,491753,31,2195
489527,491731,491752,21,2204
489527,491736,491756,20,2209
489527,491731,491756,25,2204
489527,491726,491758,32,2199
489527,491732,491758,26,2205
489527,491722,491759,37,2195
489527,491733,491761,28,2206
489527,491738,491762,24,2211
489527,491741,491763,22,2214
489527,491739,491764,25,2212
489527,491737,491765,28,2210
489527,491738,491764,26,2211
489527,491738,491765,27,2211
489527,491743,491767,24,2216
489527,491741,491768,27,2214
489527,491743,491768,25,2216
489527,491740,491768,28,2213
489527,491743,491768,25,2216
489527,491739,491768,29,2212
489527,491722,491769,47,2195
489527,491732,491771,39,2205
489527,491716,491772,56,2189
489527,491743,491773,30,2216
489527,491716,491775,59,2189
489527,491743,491776,33,2216
489527,491713,491780,67,2186
489527,491712,491783,71,2185
489527,491716,491783,67,2189
489527,491754,491783,29,2227
489527,491746,491783,37,2219
489527,491753,491783,30,2226
489527,491716,491784,68,2189
489527,491752,491784,32,2225
489527,491747,491784,37,2220
489527,491743,491785,42,2216
489527,491715,491786,71,2188
489527,491754,491786,32,2227
489527,491709,491787,78,2182
489527,491721,491787,66,2194
489527,491752,491787,35,2225
489527,491754,491787,33,2227
489527,491755,491787,32,2228
489527,491754,491787,33,2227
489527,491754,491787,33,2227
489527,491747,491787,40,2220
489527,491752,491787,35,2225
489527,491750,491788,38,2223
489527,491710,491789,79,2183
489527,491760,491791,31,2233
489527,491750,491792,42,2223
489527,491752,491792,40,2225
489527,491747,491792,45,2220
489527,491713,491792,79,2186
489527,491750,491793,43,2223
489527,491759,491794,35,2232
489527,491757,491795,38,2230
489527,491757,491795,38,2230
489527,491717,491795,78,2190
489527,491752,491795,43,2225
489527,491710,491796,86,2183
489527,491718,491796,78,2191
489527,491711,491796,85,2184
489527,491763,491797,34,2236
489527,491765,491797,32,2238
489527,491711,491798,87,2184
489527,491711,491799,88,2184
489527,491710,491799,89,2183
489527,491762,491799,37,2235
489527,491764,491800,36,2237
489527,491765,491800,35,2238
489527,491762,491800,38,2235
489527,491714,491801,87,2187
489527,491757,491800,43,2230
489527,491709,491801,92,2182
489527,491710,491802,92,2183
489527,491758,491802,44,2231
489527,491767,491802,35,2240
489527,491766,491802,36,2239
489527,491757,491803,46,2230
489527,491768,491803,35,2241
489527,491769,491804,35,2242
489527,491757,491804,47,2230
489640,491787,491805,18,2147
489527,491711,491805,94,2184
489527,491769,491806,37,2242
489527,491757,491806,49,2230
489527,491773,491807,34,2246
489527,491757,491808,51,2230
489527,491768,491809,41,2241
489640,491788,491809,21,2148
489527,491768,491811,43,2241
489640,491790,491812,22,2150
489640,491788,491813,25,2148
489527,491775,491814,39,2248
489640,491788,491815,27,2148
489527,491769,491815,46,2242
489527,491777,491815,38,2250
489640,491788,491815,27,2148
489527,491771,491815,44,2244
489527,491774,491816,42,2247
489527,491780,491816,36,2253
489640,491791,491817,26,2151
489527,491785,491817,32,2258
489527,491721,491817,96,2194
489527,491784,491819,35,2257
489527,491786,491819,33,2259
489527,491718,491819,101,2191
489527,491784,491820,36,2257
489527,491787,491820,33,2260
489527,491784,491820,36,2257
489640,491789,491820,31,2149
489640,491792,491821,29,2152
489527,491787,491821,34,2260
489527,491785,491823,38,2258
489527,491784,491823,39,2257
489527,491784,491824,40,2257
489640,491806,491825,19,2166
489527,491783,491825,42,2256
489640,491792,491827,35,2152
489527,491787,491828,41,2260
489640,491793,491828,35,2153
489527,491787,491828,41,2260
489640,491806,491829,23,2166
489640,491807,491830,23,2167
489640,491807,491832,25,2167
489640,491810,491831,21,2170
489640,491816,491832,16,2176
489640,491805,491833,28,2165
489640,491816,491834,18,2176
489640,491816,491834,18,2176
489640,491806,491835,29,2166
489640,491804,491836,32,2164
489640,491814,491836,22,2174
489640,491793,491838,45,2153
489640,491813,491838,25,2173
489527,491785,491838,53,2258
489640,491812,491838,26,2172
489640,491804,491840,36,2164
489640,491815,491840,25,2175
489640,491819,491839,20,2179
489640,491815,491839,24,2175
489640,491818,491841,23,2178
489640,491810,491841,31,2170
489640,491817,491841,24,2177
489640,491804,491841,37,2164
489640,491822,491842,20,2182
489640,491820,491843,23,2180
489640,491822,491843,21,2182
489640,491809,491843,34,2169
489640,491818,491844,26,2178
489640,491813,491844,31,2173
489640,491821,491844,23,2181
489640,491815,491845,30,2175
489640,491820,491845,25,2180
489640,491803,491846,43,2163
489640,491821,491847,26,2181
489640,491820,491848,28,2180
489640,491801,491848,47,2161
489640,491815,491849,34,2175
489640,491823,491850,27,2183
489640,491801,491850,49,2161
489640,491825,491851,26,2185
489640,491820,491852,32,2180
489640,491824,491853,29,2184
489640,491798,491854,56,2158
489640,491800,491854,54,2160
489640,491826,491853,27,2186
489640,491794,491855,61,2154
489640,491802,491856,54,2162
488922,491068,491856,788,2146
489640,491803,491856,53,2163
489640,491802,491857,55,2162
489640,491823,491857,34,2183
489640,491801,491859,58,2161
489640,491799,491859,60,2159
489640,491799,491859,60,2159
489640,491830,491863,33,2190
489640,491801,491863,62,2161
489640,491832,491863,31,2192
489640,491828,491864,36,2188
489640,491828,491865,37,2188
489640,491834,491865,31,2194
489640,491798,491866,68,2158
489640,491838,491866,28,2198
489640,491800,491866,66,2160
489640,491839,491867,28,2199
489640,491829,491867,38,2189
489640,491838,491868,30,2198
489640,491797,491868,71,2157
489640,491832,491868,36,2192
489640,491839,491869,30,2199
489640,491833,491869,36,2193
489640,491840,491871,31,2200
489640,491795,491871,76,2155
489640,491830,491871,41,2190
489640,491834,491872,38,2194
489640,491835,491872,37,2195
489640,491845,491873,28,2205
489640,491803,491874,71,2163
489640,491837,491874,37,2197
489640,491845,491875,30,2205
489640,491795,491875,80,2155
489640,491847,491876,29,2207
489640,491840,491878,38,2200
489640,491842,491878,36,2202
489640,491842,491878,36,2202
489640,491795,491879,84,2155
489640,491840,491879,39,2200
489640,491846,491879,33,2206
489640,491844,491879,35,2204
489640,491837,491880,43,2197
489640,491844,491880,36,2204
489640,491844,491881,37,2204
489640,491845,491881,36,2205
489640,491845,491882,37,2205
489640,491796,491882,86,2156
489640,491848,491882,34,2208
489640,491848,491883,35,2208
489640,491840,491883,43,2200
489640,491796,491883,87,2156
489640,491835,491885,50,2195
489640,491795,491885,90,2155
489640,491850,491886,36,2210
489640,491797,491886,89,2157
489762,491866,491887,21,2104
489762,491866,491888,22,2104
489762,491867,491888,21,2105
489640,491841,491889,48,2201
489762,491868,491891,23,2106
489640,491856,491891,35,2216
489640,491854,491891,37,2214
489640,491842,491891,49,2202
489640,491849,491892,43,2209
489762,491870,491892,22,2108
489640,491841,491892,51,2201
489640,491854,491893,39,2214
489762,491867,491893,26,2105
489762,491869,491894,25,2107
489640,491856,491893,37,2216
489640,491850,491894,44,2210
489640,491857,491894,37,2217
489640,491854,491894,40,2214
489640,491859,491895,36,2219
489640,491797,491895,98,2157
489640,491854,491895,41,2214
489762,491870,491895,25,2108
489640,491851,491897,46,2211
489640,491853,491897,44,2213
489640,491856,491897,41,2216
489762,491868,491897,29,2106
489640,491858,491897,39,2218
489762,491870,491900,30,2108
489640,491850,491899,49,2210
489640,491860,491902,42,2220
489640,491840,491902,62,2200
489640,491864,491903,39,2224
489640,491864,491903,39,2224
489640,491863,491906,43,2223
489762,491887,491909,22,2125
489762,491872,491909,37,2110
489640,491860,491909,49,2220
489762,491894,491911,17,2132
489762,491872,491911,39,2110
489762,491889,491913,24,2127
488974,491141,491913,772,2167
489762,491895,491913,18,2133
489640,491865,491906,41,2225
489640,491866,491906,40,2226
489762,491895,491915,20,2133
489762,491890,491915,25,2128
489640,491858,491914,56,2218
489762,491891,491914,23,2129
489762,491872,491916,44,2110
489762,491892,491915,23,2130
489762,491887,491916,29,2125
489762,491889,491916,27,2127
489762,491892,491916,24,2130
489762,491893,491916,23,2131
489762,491887,491918,31,2125
489762,491886,491919,33,2124
489762,491893,491919,26,2131
489762,491895,491920,25,2133
489762,491897,491919,22,2135
489762,491892,491919,27,2130
489762,491892,491919,27,2130
489762,491892,491920,28,2130
489762,491900,491920,20,2138
489762,491895,491921,26,2133
489762,491894,491922,28,2132
489762,491897,491923,26,2135
489762,491896,491923,27,2134
489762,491894,491923,29,2132
489762,491885,491924,39,2123
489762,491898,491924,26,2136
489762,491900,491925,25,2138
489762,491897,491925,28,2135
489762,491903,491926,23,2141
489762,491898,491927,29,2136
489762,491896,491927,31,2134
489762,491882,491928,46,2120
489762,491894,491928,34,2132
489762,491884,491929,45,2122
489762,491884,491930,46,2122
489762,491878,491931,53,2116
489762,491880,491932,52,2118
489762,491881,491933,52,2119
489762,491881,491934,53,2119
489762,491906,491934,28,2144
489762,491910,491935,25,2148
489762,491904,491935,31,2142
489762,491880,491935,55,2118
489762,491878,491939,61,2116
489762,491881,491940,59,2119
489762,491878,491941,63,2116
489762,491883,491942,59,2121
489762,491879,491941,62,2117
489762,491910,491941,31,2148
489762,491903,491942,39,2141
489762,491882,491943,61,2120
489762,491873,491943,70,2111
489762,491915,491943,28,2153
489762,491916,491943,27,2154
489762,491880,491944,64,2118
489762,491912,491945,33,2150
489762,491882,491945,63,2120
489762,491877,491945,68,2115
489762,491911,491946,35,2149
489762,491921,491947,26,2159
489762,491910,491949,39,2148
489762,491915,491948,33,2153
489762,491876,491950,74,2114
489762,491915,491951,36,2153
489762,491915,491951,36,2153
489762,491916,491951,35,2154
489762,491923,491951,28,2161
489762,491913,491951,38,2151
489762,491914,491951,37,2152
489762,491915,491952,37,2153
489762,491914,491952,38,2152
489762,491923,491952,29,2161
489762,491923,491953,30,2161
489762,491922,491954,32,2160
489762,491916,491954,38,2154
489762,491883,491954,71,2121
489762,491926,491954,28,2164
489762,491926,491956,30,2164
489762,491920,491956,36,2158
489762,491917,491956,39,2155
489762,491921,491956,35,2159
489762,491915,491957,42,2153
489762,491919,491957,38,2157
489762,491873,491957,84,2111
489762,491925,491958,33,2163
489762,491916,491959,43,2154
489762,491874,491961,87,2112
489762,491875,491961,86,2113
489762,491925,491961,36,2163
489762,491916,491961,45,2154
489762,491924,491961,37,2162
489762,491875,491961,86,2113
489762,491927,491962,35,2165
489762,491920,491964,44,2158
489762,491920,491964,44,2158
489953,491946,491963,17,1993
489762,491928,491964,36,2166
489762,491920,491963,43,2158
489762,491928,491965,37,2166
489762,491875,491965,90,2113
489762,491930,491965,35,2168
489762,491936,491965,29,2174
489762,491920,491966,46,2158
489953,491946,491967,21,1993
489762,491928,491968,40,2166
489762,491920,491969,49,2158
489762,491931,491970,39,2169
489762,491932,491970,38,2170
489762,491935,491971,36,2173
489762,491942,491971,29,2180
489762,491915,491971,56,2153
489953,491947,491971,24,1994
489953,491946,491971,25,1993
489762,491936,491971,35,2174
489953,491949,491974,25,1996
489762,491935,491974,39,2173
489953,491949,491975,26,1996
489762,491934,491976,42,2172
489953,491947,491976,29,1994
489762,491939,491976,37,2177
489762,491935,491978,43,2173
489762,491928,491979,51,2166
489762,491942,491979,37,2180
489762,491942,491979,37,2180
489762,491943,491980,37,2181
489953,491951,491981,30,1998
489762,491933,491982,49,2171
489762,491944,491982,38,2182
489953,491950,491983,33,1997
489762,491944,491983,39,2182
489953,491952,491984,32,1999
489762,491943,491986,43,2181
489762,491941,491988,47,2179
489953,491965,491988,23,2012
489953,491964,491989,25,2011
489953,491965,491990,25,2012
489762,491942,491990,48,2180
489045,491218,491992,774,2173
489953,491965,491992,27,2012
489953,491951,491992,41,1998
489953,491966,491993,27,2013
489953,491969,491993,24,2016
489762,491944,491994,50,2182
489953,491972,491994,22,2019
489953,491974,491994,20,2021
489953,491964,491995,31,2011
489953,491972,491995,23,2019
489953,491970,491996,26,2017
489953,491967,491996,29,2014
489953,491971,491997,26,2018
489953,491964,491997,33,2011
489953,491964,491999,35,2011
489953,491971,491999,28,2018
489953,491961,492001,40,2008
489953,491971,492002,31,2018
489953,491972,492001,29,2019
489953,491977,492002,25,2024
489953,491952,491992,40,1999
489953,491968,491991,23,2015
489953,491975,492004,29,2022
489953,491959,492003,44,2006
489953,491971,492003,32,2018
489953,491952,492004,52,1999
489953,491954,492004,50,2001
489953,491957,492004,47,2004
489953,491977,492004,27,2024
489953,491977,492005,28,2024
489953,491975,492005,30,2022
489953,491962,492005,43,2009
489953,491957,492006,49,2004
489953,491961,492008,47,2008
489953,491957,492007,50,2004
489953,491959,492008,49,2006
489953,491971,492008,37,2018
489953,491964,492009,45,2011
489953,491957,492010,53,2004
489953,491979,492009,30,2026
489953,491978,492010,32,2025
489953,491956,492012,56,2003
489953,491979,492013,34,2026
489953,491962,492013,51,2009
489953,491982,492015,33,2029
489953,491983,492017,34,2030
489953,491980,492017,37,2027
489953,491956,492018,62,2003
489953,491962,492019,57,2009
489953,491962,492020,58,2009
489953,491954,492021,67,2001
489953,491981,492021,40,2028
489953,491997,492022,25,2044
489953,491987,492022,35,2034
489953,491958,492023,65,2005
489953,491988,492023,35,2035
489953,491995,492024,29,2042
489953,491998,492024,26,2045
489953,491984,492024,40,2031
489953,491955,492024,69,2002
489953,491995,492025,30,2042
489953,491993,492025,32,2040
489953,491994,492026,32,2041
489953,491988,492027,39,2035
489953,491990,492028,38,2037
489953,491961,492027,66,2008
489953,491994,492028,34,2041
489953,491996,492029,33,2043
489953,491983,492029,46,2030
489953,492000,492029,29,2047
489953,491994,492030,36,2041
489953,492000,492030,30,2047
489953,492004,492031,27,2051
489953,491998,492032,34,2045
489953,491952,492032,80,1999
489953,491954,492033,79,2001
489953,492004,492033,29,2051
489953,491990,492033,43,2037
489953,491983,492034,51,2030
489953,492006,492035,29,2053
489953,492006,492035,29,2053
489953,492005,492035,30,2052
489953,492004,492035,31,2051
489953,492004,492036,32,2051
489953,492004,492035,31,2051
489953,492004,492036,32,2051
489953,491953,492036,83,2000
489953,492005,492038,33,2052
489953,491952,492038,86,1999
489953,492006,492038,32,2053
489953,492004,492039,35,2051
489953,492002,492039,37,2049
489953,492007,492039,32,2054
489953,491997,492039,42,2044
489953,492008,492039,31,2055
489953,492001,492040,39,2048
489953,491991,492041,50,2038
489953,491992,492041,49,2039
489976,492025,492041,16,2049
489953,491996,492041,45,2043
489953,491954,492042,88,2001
489953,491953,492042,89,2000
489953,492005,492042,37,2052
489953,491992,492044,52,2039
489953,492010,492043,33,2057
489953,492002,492046,44,2049
489953,492022,492048,26,2069
489976,492025,492048,23,2049
489953,492014,492048,34,2061
489976,492025,492048,23,2049
489953,492009,492049,40,2056
489953,492017,492049,32,2064
489953,492003,492048,45,2050
489953,492011,492049,38,2058
489953,492008,492049,41,2055
489953,492010,492050,40,2057
489953,492013,492050,37,2060
489976,492028,492051,23,2052
489976,492028,492051,23,2052
489976,492028,492052,24,2052
489953,492009,492051,42,2056
489976,492027,492053,26,2051
489953,492015,492054,39,2062
489953,492020,492055,35,2067
489976,492029,492056,27,2053
489953,492014,492056,42,2061
489953,492024,492055,31,2071
489953,492011,492057,46,2058
489953,492024,492058,34,2071
489953,492024,492057,33,2071
489953,492017,492058,41,2064
489976,492029,492059,30,2053
489953,492022,492060,38,2069
489953,492019,492060,41,2066
489953,492023,492059,36,2070
489953,492023,492060,37,2070
489976,492030,492062,32,2054
489953,492024,492062,38,2071
489976,492029,492063,34,2053
489953,492021,492064,43,2068
489976,492042,492069,27,2066
489976,492030,492069,39,2054
489976,492044,492069,25,2068
489976,492042,492070,28,2066
489976,492048,492070,22,2072
489976,492047,492071,24,2071
489976,492049,492074,25,2073
489976,492049,492074,25,2073
489976,492042,492075,33,2066
489976,492052,492075,23,2076
489976,492051,492075,24,2075
489976,492048,492075,27,2072
489976,492042,492076,34,2066
489976,492049,492076,27,2073
489976,492052,492076,24,2076
489976,492049,492077,28,2073
489976,492044,492077,33,2068
489976,492052,492077,25,2076
489976,492041,492077,36,2065
489976,492041,492079,38,2065
489976,492053,492080,27,2077
489976,492054,492081,27,2078
489976,492039,492082,43,2063
489976,492051,492082,31,2075
489976,492049,492082,33,2073
489976,492051,492083,32,2075
489976,492056,492084,28,2080
489976,492038,492085,47,2062
489976,492031,492085,54,2055
489976,492035,492087,52,2059
489976,492056,492088,32,2080
489976,492036,492088,52,2060
489976,492049,492089,40,2073
489976,492039,492088,49,2063
489976,492037,492089,52,2061
489976,492036,492089,53,2060
489976,492058,492090,32,2082
489976,492050,492091,41,2074
489976,492040,492091,51,2064
489976,492062,492091,29,2086
489976,492036,492092,56,2060
489976,492040,492092,52,2064
489976,492056,492093,37,2080
489976,492038,492093,55,2062
489976,492057,492093,36,2081
489976,492060,492094,34,2084
489976,492059,492094,35,2083
489976,492038,492095,57,2062
489976,492058,492094,36,2082
489976,492056,492094,38,2080
489976,492060,492097,37,2084
489976,492063,492097,34,2087
489976,492032,492099,67,2056
489976,492076,492099,23,2100
489976,492037,492099,62,2061
489976,492077,492100,23,2101
489976,492061,492099,38,2085
489976,492035,492100,65,2059
489976,492036,492100,64,2060
489976,492077,492101,24,2101
489062,491291,492102,811,2229
489976,492075,492103,28,2099
489976,492075,492103,28,2099
489976,492064,492104,40,2088
489976,492077,492104,27,2101
489976,492070,492105,35,2094
489976,492039,492105,66,2063
489976,492059,492106,47,2083
489976,492075,492107,32,2099
489976,492032,492107,75,2056
489976,492035,492108,73,2059
489976,492041,492108,67,2065
489976,492034,492108,74,2058
489976,492065,492108,43,2089
489976,492060,492110,50,2084
489976,492077,492110,33,2101
489976,492082,492110,28,2106
489976,492086,492111,25,2110
489976,492074,492111,37,2098
489976,492070,492111,41,2094
489976,492083,492112,29,2107
489976,492072,492113,41,2096
489976,492083,492114,31,2107
489976,492040,492114,74,2064
489976,492083,492114,31,2107
489976,492034,492114,80,2058
489976,492078,492115,37,2102
489976,492076,492115,39,2100
489976,492085,492116,31,2109
489976,492033,492116,83,2057
489976,492084,492116,32,2108
489976,492071,492116,45,2095
489976,492087,492116,29,2111
489976,492088,492117,29,2112
489976,492080,492118,38,2104
489976,492089,492119,30,2113
489976,492076,492120,44,2100
489976,492078,492120,42,2102
489976,492089,492120,31,2113
490009,492102,492120,18,2093
489976,492086,492121,35,2110
489976,492088,492121,33,2112
489976,492071,492121,50,2095
490009,492103,492122,19,2094
489976,492033,492124,91,2057
490009,492104,492123,19,2095
490009,492104,492125,21,2095
489976,492070,492127,57,2094
489976,492090,492127,37,2114
490009,492105,492126,21,2096
489976,492090,492127,37,2114
489976,492080,492127,47,2104
489976,492092,492128,36,2116
489976,492090,492129,39,2114
489976,492093,492130,37,2117
489976,492095,492130,35,2119
489976,492094,492130,36,2118
490009,492106,492131,25,2097
489976,492092,492131,39,2116
489976,492092,492132,40,2116
490009,492104,492132,28,2095
489976,492093,492132,39,2117
489976,492093,492134,41,2117
489976,492093,492133,40,2117
489976,492094,492134,40,2118
490009,492108,492134,26,2099
489976,492100,492135,35,2124
489976,492101,492137,36,2125
489976,492093,492137,44,2117
490009,492109,492137,28,2100
490009,492106,492137,31,2097
489976,492095,492137,42,2119
489976,492095,492137,42,2119
490009,492108,492138,30,2099
489976,492100,492139,39,2124
489976,492100,492139,39,2124
489976,492100,492141,41,2124
489976,492100,492141,41,2124
489976,492097,492142,45,2121
489976,492097,492142,45,2121
489976,492100,492143,43,2124
489141,491368,492143,775,2227
490009,492109,492143,34,2100
490009,492122,492148,26,2113
490009,492124,492150,26,2115
490009,492132,492150,18,2123
490009,492122,492150,28,2113
490009,492128,492152,24,2119
490009,492127,492152,25,2118
490009,492122,492152,30,2113
490009,492132,492153,21,2123
490009,492127,492152,25,2118
490009,492127,492153,26,2118
490009,492125,492153,28,2116
490009,492128,492154,26,2119
490009,492130,492154,24,2121
490009,492132,492155,23,2123
490009,492132,492156,24,2123
490009,492124,492156,32,2115
490009,492127,492157,30,2118
490009,492121,492158,37,2112
490009,492121,492160,39,2112
490009,492130,492160,30,2121
490009,492134,492160,26,2125
490009,492117,492161,44,2108
490009,492121,492162,41,2112
490009,492118,492161,43,2109
490009,492134,492163,29,2125
490009,492133,492163,30,2124
490009,492135,492163,28,2126
490009,492134,492163,29,2125
490009,492131,492163,32,2122
490009,492116,492164,48,2107
490009,492120,492164,44,2111
490009,492118,492165,47,2109
490009,492137,492165,28,2128
490009,492138,492166,28,2129
490009,492109,492166,57,2100
490009,492130,492166,36,2121
490009,492115,492167,52,2106
490009,492138,492166,28,2129
490009,492140,492167,27,2131
490009,492142,492168,26,2133
490009,492117,492168,51,2108
490009,492137,492169,32,2128
490009,492114,492170,56,2105
490009,492117,492169,52,2108
490009,492135,492170,35,2126
490009,492116,492171,55,2107
490009,492114,492171,57,2105
490009,492138,492173,35,2129
490009,492138,492173,35,2129
490009,492143,492175,32,2134
490009,492116,492175,59,2107
490009,492113,492175,62,2104
490009,492113,492176,63,2104
490009,492154,492177,23,2145
490009,492111,492179,68,2102
490009,492139,492179,40,2130
490009,492120,492179,59,2111
490009,492142,492179,37,2133
490009,492155,492180,25,2146
490009,492143,492180,37,2134
490009,492114,492181,67,2105
490009,492155,492183,28,2146
490009,492152,492185,33,2143
490009,492142,492185,43,2133
490009,492112,492185,73,2103
490009,492153,492186,33,2144
490009,492153,492185,32,2144
490009,492153,492186,33,2144
490009,492153,492185,32,2144
490009,492142,492186,44,2133
490009,492144,492186,42,2135
490009,492116,492187,71,2107
490009,492149,492188,39,2140
490009,492165,492189,24,2156
490009,492156,492189,33,2147
490009,492162,492189,27,2153
490009,492151,492191,40,2142
490009,492153,492191,38,2144
490009,492111,492192,81,2102
490009,492119,492192,73,2110
490009,492109,492193,84,2100
490009,492162,492194,32,2153
490009,492111,492195,84,2102
490009,492161,492195,34,2152
490009,492157,492194,37,2148
490009,492139,492196,57,2130
490009,492163,492196,33,2154
490009,492111,492196,85,2102
490009,492157,492196,39,2148
490009,492158,492197,39,2149
490009,492164,492197,33,2155
490009,492112,492197,85,2103
490009,492163,492197,34,2154
490058,492181,492198,17,2123
490009,492163,492198,35,2154
490009,492161,492198,37,2152
490009,492161,492198,37,2152
490009,492166,492199,33,2157
490009,492166,492199,33,2157
490009,492165,492199,34,2156
490009,492160,492199,39,2151
490009,492151,492200,49,2142
490009,492164,492199,35,2155
490009,492171,492201,30,2162
490009,492170,492201,31,2161
490009,492167,492200,33,2158
490058,492183,492202,19,2125
490009,492150,492203,53,2141
490009,492170,492203,33,2161
490058,492181,492203,22,2123
490009,492169,492205,36,2160
490009,492166,492206,40,2157
490009,492169,492206,37,2160
490009,492180,492207,27,2171
490058,492185,492206,21,2127
490058,492181,492207,26,2123
490009,492166,492208,42,2157
490058,492185,492208,23,2127
490009,492171,492208,37,2162
490009,492167,492209,42,2158
490009,492176,492209,33,2167
490009,492167,492209,42,2158
490009,492168,492210,42,2159
490058,492185,492210,25,2127
490009,492169,492211,42,2160
490058,492186,492212,26,2128
490058,492186,492212,26,2128
490058,492186,492213,27,2128
490009,492159,492213,54,2150
490009,492176,492213,37,2167
490009,492175,492214,39,2166
490058,492186,492215,29,2128
490009,492172,492216,44,2163
489203,491448,492218,770,2245
490009,492180,492219,39,2171
490009,492174,492220,46,2165
490009,492174,492220,46,2165
490009,492177,492221,44,2168
490009,492179,492221,42,2170
490058,492200,492224,24,2142
490058,492203,492226,23,2145
490058,492201,492226,25,2143
490009,492178,492226,48,2169
490058,492201,492226,25,2143
490058,492200,492228,28,2142
490058,492200,492229,29,2142
490058,492201,492229,28,2143
490058,492199,492230,31,2141
490058,492208,492231,23,2150
490058,492204,492231,27,2146
490058,492186,492231,45,2128
490058,492207,492232,25,2149
490058,492207,492234,27,2149
490058,492203,492233,30,2145
490058,492203,492234,31,2145
490058,492206,492234,28,2148
490058,492209,492235,26,2151
490058,492208,492235,27,2150
490058,492198,492236,38,2140
490058,492197,492236,39,2139
490058,492209,492237,28,2151
490058,492196,492238,42,2138
490058,492210,492240,30,2152
490058,492207,492240,33,2149
490058,492208,492240,32,2150
490058,492210,492241,31,2152
490058,492193,492241,48,2135
490058,492198,492241,43,2140
490058,492199,492241,42,2141
490058,492199,492241,42,2141
490058,492213,492241,28,2155
490058,492186,492243,57,2128
490058,492196,492244,48,2138
490058,492197,492244,47,2139
490058,492210,492244,34,2152
490058,492192,492244,52,2134
490058,492218,492245,27,2160
490058,492195,492245,50,2137
490058,492209,492245,36,2151
490058,492220,492247,27,2162
490058,492195,492249,54,2137
490058,492197,492249,52,2139
490058,492195,492250,55,2137
490058,492198,492251,53,2140
490058,492207,492250,43,2149
490058,492214,492251,37,2156
490058,492212,492251,39,2154
490058,492220,492252,32,2162
490058,492193,492252,59,2135
490058,492211,492252,41,2153
490058,492199,492254,55,2141
490058,492188,492254,66,2130
490058,492194,492255,61,2136
490058,492199,492254,55,2141
490058,492188,492256,68,2130
490058,492217,492257,40,2159
490058,492233,492256,23,2175
490058,492234,492256,22,2176
490058,492199,492257,58,2141
490058,492213,492257,44,2155
490058,492195,492257,62,2137
490058,492222,492257,35,2164
490058,492234,492258,24,2176
490058,492227,492258,31,2169
490058,492197,492259,62,2139
490058,492229,492259,30,2171
490058,492232,492259,27,2174
490058,492230,492260,30,2172
490058,492235,492261,26,2177
490058,492235,492262,27,2177
490058,492242,492262,20,2184
490058,492227,492263,36,2169
490058,492235,492263,28,2177
490058,492231,492263,32,2173
490058,492227,492264,37,2169
490058,492235,492264,29,2177
490058,492230,492264,34,2172
490058,492222,492266,44,2164
490058,492240,492266,26,2182
490058,492231,492267,36,2173
490058,492231,492267,36,2173
490058,492233,492267,34,2175
490058,492226,492268,42,2168
490058,492225,492269,44,2167
490058,492243,492269,26,2185
490058,492241,492269,28,2183
490058,492240,492270,30,2182
490058,492241,492269,28,2183
490058,492241,492270,29,2183
490058,492237,492270,33,2179
490058,492241,492271,30,2183
490058,492241,492271,30,2183
490058,492241,492272,31,2183
490058,492237,492272,35,2179
490058,492239,492273,34,2181
490058,492238,492274,36,2180
490058,492245,492275,30,2187
490058,492192,492275,83,2134
490058,492215,492276,61,2157
490058,492245,492277,32,2187
490058,492190,492277,87,2132
490058,492214,492277,63,2156
490058,492245,492278,33,2187
490114,492258,492279,21,2144
490114,492258,492279,21,2144
490058,492253,492280,27,2195
490058,492245,492280,35,2187
490058,492190,492281,91,2132
490058,492251,492281,30,2193
490114,492258,492281,23,2144
490058,492250,492281,31,2192
490058,492254,492281,27,2196
490058,492215,492282,67,2157
490058,492248,492284,36,2190
490058,492245,492283,38,2187
490058,492251,492284,33,2193
490058,492190,492284,94,2132
490058,492246,492285,39,2188
490058,492251,492285,34,2193
490058,492257,492285,28,2199
490114,492260,492285,25,2146
490058,492257,492285,28,2199
490114,492259,492286,27,2145
490114,492259,492286,27,2145
490058,492255,492287,32,2197
490114,492261,492287,26,2147
490058,492249,492287,38,2191
490058,492255,492287,32,2197
490058,492252,492287,35,2194
490058,492255,492288,33,2197
490058,492246,492288,42,2188
490058,492257,492291,34,2199
490058,492256,492291,35,2198
490114,492259,492292,33,2145
490058,492250,492292,42,2192
490058,492253,492292,39,2195
490114,492260,492293,33,2146
490058,492251,492294,43,2193
490114,492262,492297,35,2148
490114,492262,492298,36,2148
490114,492262,492300,38,2148
490114,492280,492303,23,2166
490114,492270,492302,32,2156
490114,492281,492304,23,2167
490114,492284,492305,21,2170
490114,492279,492305,26,2165
490114,492280,492306,26,2166
490114,492281,492307,26,2167
490114,492281,492309,28,2167
490114,492286,492308,22,2172
490114,492281,492309,28,2167
490114,492279,492310,31,2165
490114,492282,492309,27,2168
490114,492278,492310,32,2164
490114,492273,492310,37,2159
490114,492285,492312,27,2171
490114,492277,492313,36,2163
490114,492270,492313,43,2156
489288,491526,492314,788,2238
490114,492283,492314,31,2169
490114,492273,492316,43,2159
490114,492267,492316,49,2153
490114,492285,492317,32,2171
490114,492286,492318,32,2172
490114,492270,492317,47,2156
490114,492287,492317,30,2173
490114,492271,492318,47,2157
490114,492270,492318,48,2156
490114,492287,492318,31,2173
490114,492284,492318,34,2170
490114,492282,492319,37,2168
490114,492272,492319,47,2158
490114,492285,492319,34,2171
490114,492286,492319,33,2172
490114,492271,492320,49,2157
490114,492271,492320,49,2157
490114,492286,492322,36,2172
490114,492268,492323,55,2154
490114,492266,492323,57,2152
490114,492292,492324,32,2178
490114,492274,492324,50,2160
490114,492270,492325,55,2156
490114,492287,492324,37,2173
490114,492269,492325,56,2155
490114,492287,492325,38,2173
490114,492270,492325,55,2156
490114,492268,492326,58,2154
490114,492277,492327,50,2163
490114,492275,492327,52,2161
490114,492292,492328,36,2178
490114,492288,492329,41,2174
490114,492276,492330,54,2162
490114,492289,492332,43,2175
490114,492277,492333,56,2163
490114,492263,492334,71,2149
490114,492265,492334,69,2151
490114,492308,492334,26,2194
490114,492292,492335,43,2178
490114,492285,492335,50,2171
490114,492301,492335,34,2187
490114,492288,492336,48,2174
490114,492305,492337,32,2191
490114,492306,492338,32,2192
490114,492310,492340,30,2196
490114,492310,492340,30,2196
490114,492309,492341,32,2195
490114,492303,492342,39,2189
490114,492292,492343,51,2178
490114,492305,492343,38,2191
490114,492266,492343,77,2152
490114,492316,492344,28,2202
490114,492294,492345,51,2180
490114,492293,492345,52,2179
490114,492314,492345,31,2200
490114,492294,492345,51,2180
490114,492299,492346,47,2185
490114,492307,492345,38,2193
490114,492311,492345,34,2197
490114,492318,492346,28,2204
490114,492318,492346,28,2204
490114,492263,492347,84,2149
490114,492318,492347,29,2204
490114,492309,492347,38,2195
490114,492314,492348,34,2200
490114,492319,492348,29,2205
490114,492319,492349,30,2205
490114,492314,492350,36,2200
490114,492264,492350,86,2150
490114,492303,492350,47,2189
490114,492309,492351,42,2195
490114,492314,492351,37,2200
490131,492336,492351,15,2205
490114,492313,492352,39,2199
490114,492316,492352,36,2202
490114,492318,492352,34,2204
490114,492320,492353,33,2206
490114,492322,492353,31,2208
490114,492298,492354,56,2184
490114,492315,492356,41,2201
490114,492317,492355,38,2203
490114,492319,492355,36,2205
490114,492323,492355,32,2209
490114,492287,492356,69,2173
490114,492329,492356,27,2215
490131,492338,492357,19,2207
490114,492321,492357,36,2207
490114,492331,492358,27,2217
490114,492328,492359,31,2214
490114,492320,492359,39,2206
490114,492321,492359,38,2207
490114,492326,492359,33,2212
490131,492339,492360,21,2208
490114,492318,492361,43,2204
490114,492325,492362,37,2211
490114,492333,492363,30,2219
490114,492319,492363,44,2205
490114,492325,492363,38,2211
490131,492340,492363,23,2209
490114,492336,492363,27,2222
490131,492341,492364,23,2210
490114,492323,492364,41,2209
490114,492333,492365,32,2219
490131,492343,492365,22,2212
490114,492327,492365,38,2213
490114,492328,492364,36,2214
490114,492335,492365,30,2221
490114,492325,492365,40,2211
490114,492326,492366,40,2212
490114,492330,492366,36,2216
490114,492264,492366,102,2150
490114,492335,492369,34,2221
490131,492341,492369,28,2210
490114,492324,492369,45,2210
490114,492335,492370,35,2221
490131,492343,492373,30,2212
490114,492264,492373,109,2150
490114,492335,492374,39,2221
490131,492343,492374,31,2212
490114,492324,492377,53,2210
490131,492344,492377,33,2213
490131,492345,492380,35,2214
490131,492345,492380,35,2214
490131,492359,492381,22,2228
490131,492356,492381,25,2225
490131,492361,492381,20,2230
490131,492358,492382,24,2227
490131,492359,492382,23,2228
490131,492363,492382,19,2232
490131,492358,492384,26,2227
490131,492357,492385,28,2226
490131,492365,492386,21,2234
489401,491611,492385,774,2210
490131,492359,492386,27,2228
490131,492360,492387,27,2229
490131,492360,492388,28,2229
490131,492356,492389,33,2225
490131,492363,492390,27,2232
490131,492365,492391,26,2234
490131,492364,492391,27,2233
490131,492364,492392,28,2233
490131,492351,492393,42,2220
490131,492364,492393,29,2233
490131,492350,492394,44,2219
490131,492351,492395,44,2220
490131,492365,492395,30,2234
490131,492361,492394,33,2230
490131,492364,492395,31,2233
490131,492356,492396,40,2225
490131,492347,492396,49,2216
490131,492350,492396,46,2219
490131,492353,492397,44,2222
490131,492365,492396,31,2234
490131,492352,492398,46,2221
490131,492351,492398,47,2220
490131,492349,492399,50,2218
490131,492352,492399,47,2221
490131,492365,492399,34,2234
490131,492352,492399,47,2221
490131,492352,492399,47,2221
490131,492365,492400,35,2234
490131,492354,492402,48,2223
490131,492356,492402,46,2225
490131,492366,492402,36,2235
490131,492346,492403,57,2215
490131,492364,492404,40,2233
490131,492348,492405,57,2217
490131,492350,492405,55,2219
490131,492370,492405,35,2239
490131,492366,492406,40,2235
490131,492374,492407,33,2243
490131,492387,492407,20,2256
490131,492347,492408,61,2216
490131,492356,492407,51,2225
490131,492347,492408,61,2216
490131,492374,492408,34,2243
490131,492389,492408,19,2258
490131,492365,492409,44,2234
490131,492378,492409,31,2247
490131,492348,492410,62,2217
490131,492382,492410,28,2251
490131,492385,492411,26,2254
490131,492366,492411,45,2235
490131,492382,492411,29,2251
490131,492355,492412,57,2224
490131,492383,492411,28,2252
490131,492390,492413,23,2259
490131,492384,492414,30,2253
490131,492370,492415,45,2239
490131,492389,492415,26,2258
490131,492388,492415,27,2257
490131,492382,492416,34,2251
490131,492381,492417,36,2250
490131,492378,492416,38,2247
490131,492386,492418,32,2255
490131,492383,492419,36,2252
490131,492386,492419,33,2255
490131,492395,492421,26,2264
490131,492397,492421,24,2266
490131,492381,492421,40,2250
490131,492347,492422,75,2216
490131,492397,492422,25,2266
490131,492391,492423,32,2260
490131,492346,492423,77,2215
490131,492395,492424,29,2264
490131,492393,492424,31,2262
490131,492397,492424,27,2266
490131,492395,492424,29,2264
490131,492397,492425,28,2266
490131,492396,492425,29,2265
490131,492392,492425,33,2261
490131,492374,492426,52,2243
490131,492398,492426,28,2267
490131,492369,492427,58,2238
490131,492398,492429,31,2267
490131,492381,492430,49,2250
490131,492396,492431,35,2265
490131,492374,492431,57,2243
490131,492408,492432,24,2277
490131,492346,492432,86,2215
490131,492399,492433,34,2268
490131,492399,492434,35,2268
490131,492393,492434,41,2262
490131,492409,492435,26,2278
490131,492369,492435,66,2238
490131,492400,492435,35,2269
490131,492346,492436,90,2215
490131,492400,492436,36,2269
490137,492412,492436,24,2275
490131,492402,492436,34,2271
490131,492401,492437,36,2270
490131,492392,492437,45,2261
490131,492400,492437,37,2269
490131,492408,492438,30,2277
490131,492406,492438,32,2275
490131,492407,492438,31,2276
490131,492403,492439,36,2272
490131,492406,492440,34,2275
490131,492346,492440,94,2215
490131,492411,492440,29,2280
490131,492406,492440,34,2275
490131,492408,492440,32,2277
490131,492402,492441,39,2271
490137,492412,492442,30,2275
490131,492395,492442,47,2264
490131,492405,492442,37,2274
490137,492413,492443,30,2276
490131,492409,492444,35,2278
490137,492415,492444,29,2278
490137,492412,492444,32,2275
490137,492412,492444,32,2275
490137,492414,492444,30,2277
490137,492416,492445,29,2279
490131,492346,492445,99,2215
490131,492409,492446,37,2278
490131,492411,492447,36,2280
490131,492409,492447,38,2278
490137,492416,492448,32,2279
490131,492409,492449,40,2278
490137,492415,492449,34,2278
490131,492403,492449,46,2272
490137,492417,492451,34,2280
490131,492407,492452,45,2276
490137,492437,492460,23,2300
490137,492437,492462,25,2300
490137,492439,492461,22,2302
489479,491704,492461,757,2225
490137,492436,492462,26,2299
490137,492437,492462,25,2300
490137,492439,492464,25,2302
490137,492426,492464,38,2289
490137,492437,492464,27,2300
490137,492426,492464,38,2289
490137,492425,492464,39,2288
490137,492437,492464,27,2300
490137,492435,492464,29,2298
490137,492436,492465,29,2299
490137,492436,492466,30,2299
490137,492424,492467,43,2287
490137,492439,492467,28,2302
490137,492427,492469,42,2290
490137,492442,492469,27,2305
490137,492425,492470,45,2288
490137,492443,492470,27,2306
490137,492425,492469,44,2288
490137,492442,492470,28,2305
490137,492426,492472,46,2289
490137,492440,492473,33,2303
490137,492445,492473,28,2308
490137,492426,492473,47,2289
490137,492417,492474,57,2280
490137,492445,492474,29,2308
490137,492443,492474,31,2306
490137,492425,492475,50,2288
490137,492441,492475,34,2304
490137,492443,492475,32,2306
490137,492429,492476,47,2292
490137,492433,492476,43,2296
490137,492431,492476,45,2294
490137,492431,492476,45,2294
490137,492441,492478,37,2304
490137,492435,492478,43,2298
490137,492424,492479,55,2287
490137,492447,492478,31,2310
490137,492435,492479,44,2298
490137,492431,492480,49,2294
490137,492447,492480,33,2310
490137,492432,492480,48,2295
490137,492450,492481,31,2313
490137,492444,492481,37,2307
490137,492445,492481,36,2308
490137,492424,492481,57,2287
490137,492446,492482,36,2309
490137,492447,492483,36,2310
490137,492440,492484,44,2303
490137,492444,492486,42,2307
490137,492423,492485,62,2286
490137,492434,492486,52,2297
490137,492434,492487,53,2297
490137,492449,492490,41,2312
490137,492444,492490,46,2307
490137,492468,492490,22,2331
490137,492467,492491,24,2330
490137,492441,492491,50,2304
490137,492463,492493,30,2326
490137,492464,492493,29,2327
490137,492452,492494,42,2315
490137,492462,492495,33,2325
490137,492465,492495,30,2328
490137,492419,492495,76,2282
490137,492465,492495,30,2328
490137,492464,492496,32,2327
490137,492450,492496,46,2313
490137,492462,492498,36,2325
490137,492465,492499,34,2328
490137,492421,492499,78,2284
490137,492450,492498,48,2313
490137,492462,492499,37,2325
490137,492468,492500,32,2331
490137,492461,492500,39,2324
490137,492470,492500,30,2333
490137,492465,492501,36,2328
490137,492423,492501,78,2286
490137,492462,492501,39,2325
490137,492470,492501,31,2333
490137,492465,492502,37,2328
490137,492471,492501,30,2334
490137,492473,492502,29,2336
490137,492475,492505,30,2338
490137,492477,492505,28,2340
490137,492474,492505,31,2337
490137,492473,492505,32,2336
490137,492473,492505,32,2336
490137,492471,492506,35,2334
490137,492476,492507,31,2339
490137,492471,492508,37,2334
490137,492422,492508,86,2285
490137,492475,492509,34,2338
490137,492422,492509,87,2285
490137,492485,492509,24,2348
490137,492419,492510,91,2282
490137,492479,492511,32,2342
490137,492476,492512,36,2339
490137,492477,492511,34,2340
490137,492482,492511,29,2345
490137,492474,492512,38,2337
490137,492465,492511,46,2328
490137,492420,492512,92,2283
490137,492440,492513,73,2303
490137,492482,492513,31,2345
490137,492476,492513,37,2339
490137,492481,492514,33,2344
490299,492492,492514,22,2193
490299,492495,492515,20,2196
490137,492482,492515,33,2345
490137,492480,492516,36,2343
490137,492486,492516,30,2349
490299,492493,492516,23,2194
490137,492486,492516,30,2349
490299,492495,492517,22,2196
490299,492495,492517,22,2196
490137,492482,492518,36,2345
490299,492493,492518,25,2194
490137,492490,492518,28,2353
490137,492478,492519,41,2341
490137,492488,492518,30,2351
490137,492480,492518,38,2343
490137,492479,492519,40,2342
490137,492484,492519,35,2347
490137,492471,492519,48,2334
490137,492476,492520,44,2339
490137,492491,492521,30,2354
490299,492496,492521,25,2197
490299,492496,492522,26,2197
490137,492486,492522,36,2349
490299,492496,492523,27,2197
490137,492481,492524,43,2344
490137,492471,492524,53,2334
490137,492473,492525,52,2336
490137,492482,492527,45,2345
490299,492498,492529,31,2199
490299,492497,492529,32,2198
490137,492479,492530,51,2342
490137,492491,492530,39,2354
490299,492513,492538,25,2214
490299,492514,492538,24,2215
490299,492516,492541,25,2217
490299,492514,492540,26,2215
490299,492513,492541,28,2214
490299,492499,492541,42,2200
490299,492512,492541,29,2213
490299,492512,492541,29,2213
490299,492520,492544,24,2221
490299,492513,492544,31,2214
490299,492510,492545,35,2211
490299,492510,492546,36,2211
490299,492514,492546,32,2215
490299,492502,492546,44,2203
490299,492506,492547,41,2207
490299,492505,492547,42,2206
490299,492506,492548,42,2207
490299,492516,492547,31,2217
490299,492512,492548,36,2213
490299,492521,492548,27,2222
490299,492515,492547,32,2216
490299,492518,492547,29,2219
490299,492520,492548,28,2221
490299,492506,492548,42,2207
490299,492522,492549,27,2223
490299,492508,492549,41,2209
490299,492516,492549,33,2217
490299,492519,492550,31,2220
490299,492517,492550,33,2218
490299,492509,492551,42,2210
489530,491787,492550,763,2257
490299,492506,492551,45,2207
490299,492505,492551,46,2206
490299,492518,492552,34,2219
490299,492503,492553,50,2204
490299,492526,492553,27,2227
490299,492502,492554,52,2203
490299,492501,492555,54,2202
490299,492522,492555,33,2223
490299,492524,492556,32,2225
490299,492508,492556,48,2209
490299,492525,492556,31,2226
490299,492517,492557,40,2218
490299,492522,492557,35,2223
490299,492523,492557,34,2224
490299,492517,492558,41,2218
490299,492502,492559,57,2203
490299,492511,492560,49,2212
490299,492509,492560,51,2210
490299,492502,492562,60,2203
490299,492512,492563,51,2213
490299,492520,492564,44,2221
490299,492512,492565,53,2213
490299,492527,492565,38,2228
490299,492499,492565,66,2200
490299,492519,492565,46,2220
490299,492519,492568,49,2220
490299,492530,492569,39,2231
490299,492512,492571,59,2213
490299,492546,492571,25,2247
490299,492539,492571,32,2240
490299,492542,492571,29,2243
490299,492548,492572,24,2249
490299,492520,492572,52,2221
490299,492539,492573,34,2240
490299,492542,492574,32,2243
490299,492547,492574,27,2248
490299,492530,492575,45,2231
490299,492499,492576,77,2200
490299,492541,492575,34,2242
490299,492547,492575,28,2248
490299,492541,492576,35,2242
490299,492547,492576,29,2248
490299,492500,492576,76,2201
490299,492542,492578,36,2243
490299,492529,492577,48,2230
490299,492548,492578,30,2249
490299,492549,492578,29,2250
490299,492545,492579,34,2246
490299,492551,492580,29,2252
490299,492501,492580,79,2202
490299,492548,492580,32,2249
490299,492552,492582,30,2253
490299,492500,492582,82,2201
490299,492529,492583,54,2230
490299,492545,492583,38,2246
490299,492549,492583,34,2250
490299,492548,492583,35,2249
490299,492551,492583,32,2252
490299,492554,492583,29,2255
490299,492544,492585,41,2245
490299,492548,492585,37,2249
490299,492545,492586,41,2246
490299,492554,492585,31,2255
490299,492551,492586,35,2252
490299,492548,492587,39,2249
490299,492552,492588,36,2253
490299,492562,492590,28,2263
490299,492551,492590,39,2252
490299,492556,492590,34,2257
490299,492499,492590,91,2200
490299,492519,492591,72,2220
490299,492548,492591,43,2249
490299,492501,492591,90,2202
490299,492561,492592,31,2262
490315,492572,492592,20,2257
490299,492555,492592,37,2256
490299,492563,492593,30,2264
490315,492573,492593,20,2258
490299,492558,492594,36,2259
490299,492550,492594,44,2251
490299,492555,492594,39,2256
490299,492550,492594,44,2251
490299,492560,492594,34,2261
490299,492566,492595,29,2267
490299,492564,492595,31,2265
490299,492557,492595,38,2258
490299,492572,492596,24,2273
490299,492569,492597,28,2270
490315,492572,492596,24,2257
490315,492573,492597,24,2258
490299,492519,492597,78,2220
490299,492565,492598,33,2266
490299,492548,492598,50,2249
490299,492566,492598,32,2267
490299,492549,492598,49,2250
490299,492557,492599,42,2258
490299,492566,492599,33,2267
490299,492559,492599,40,2260
490315,492572,492599,27,2257
490299,492557,492601,44,2258
490299,492559,492601,42,2260
490299,492569,492602,33,2270
490315,492575,492603,28,2260
490315,492574,492604,30,2259
490315,492574,492605,31,2259
490299,492557,492604,47,2258
490299,492557,492605,48,2258
490315,492576,492608,32,2261
490315,492576,492609,33,2261
490315,492576,492611,35,2261
490315,492576,492612,36,2261
490315,492592,492617,25,2277
490315,492594,492620,26,2279
490315,492594,492620,26,2279
490315,492597,492621,24,2282
490315,492597,492621,24,2282
490315,492593,492622,29,2278
490315,492592,492623,31,2277
490315,492597,492624,27,2282
490315,492596,492625,29,2281
490315,492582,492627,45,2267
490315,492586,492627,41,2271
490315,492599,492627,28,2284
490315,492583,492628,45,2268
490315,492586,492628,42,2271
490315,492600,492629,29,2285
490315,492583,492629,46,2268
490315,492601,492630,29,2286
489643,491866,492630,764,2223
490315,492594,492631,37,2279
490315,492594,492630,36,2279
490315,492588,492630,42,2273
490315,492589,492630,41,2274
490315,492597,492631,34,2282
490315,492592,492631,39,2277
490315,492586,492631,45,2271
490315,492598,492632,34,2283
490315,492596,492632,36,2281
490315,492600,492631,31,2285
490315,492594,492632,38,2279
490315,492602,492632,30,2287
490315,492584,492633,49,2269
490315,492600,492633,33,2285
490315,492594,492634,40,2279
490315,492584,492634,50,2269
490315,492590,492633,43,2275
490315,492582,492635,53,2267
490315,492587,492636,49,2272
490315,492592,492635,43,2277
490315,492599,492636,37,2284
490315,492583,492637,54,2268
490315,492590,492640,50,2275
490315,492603,492640,37,2288
490315,492595,492641,46,2280
490315,492587,492641,54,2272
490315,492605,492642,37,2290
490315,492598,492642,44,2283
490315,492581,492643,62,2266
490315,492591,492643,52,2276
490315,492606,492642,36,2291
490315,492613,492643,30,2298
490315,492605,492643,38,2290
490315,492598,492644,46,2283
490315,492583,492645,62,2268
490315,492590,492645,55,2275
490315,492604,492645,41,2289
490315,492618,492647,29,2303
490315,492596,492649,53,2281
490315,492605,492648,43,2290
490315,492581,492652,71,2266
490315,492626,492653,27,2311
490315,492591,492653,62,2276
490315,492627,492653,26,2312
490315,492628,492654,26,2313
490315,492608,492654,46,2293
490315,492627,492654,27,2312
490315,492628,492657,29,2313
490315,492576,492657,81,2261
490315,492580,492657,77,2265
490315,492598,492657,59,2283
490315,492621,492658,37,2306
490315,492623,492659,36,2308
490315,492628,492661,33,2313
490315,492631,492661,30,2316
490315,492622,492661,39,2307
490315,492626,492661,35,2311
490315,492632,492662,30,2317
490315,492578,492662,84,2263
490315,492578,492662,84,2263
490315,492577,492663,86,2262
490315,492609,492664,55,2294
490315,492612,492664,52,2297
490315,492629,492663,34,2314
490315,492621,492664,43,2306
490315,492630,492665,35,2315
490315,492634,492665,31,2319
490315,492579,492666,87,2264
490315,492625,492666,41,2310
490315,492632,492666,34,2317
490315,492634,492667,33,2319
490315,492636,492667,31,2321
490315,492631,492667,36,2316
490315,492636,492668,32,2321
490315,492580,492668,88,2265
490315,492630,492668,38,2315
490315,492636,492669,33,2321
490315,492644,492669,25,2329
490315,492631,492669,38,2316
490315,492637,492671,34,2322
490315,492635,492670,35,2320
490315,492624,492670,46,2309
490315,492638,492671,33,2323
490412,492653,492672,19,2241
490315,492644,492672,28,2329
490315,492646,492673,27,2331
490315,492644,492673,29,2329
490315,492579,492673,94,2264
490412,492654,492673,19,2242
490315,492632,492674,42,2317
490315,492633,492674,41,2318
490315,492640,492674,34,2325
490315,492632,492675,43,2317
490315,492643,492676,33,2328
490315,492645,492676,31,2330
490315,492631,492676,45,2316
490315,492633,492676,43,2318
490315,492649,492678,29,2334
490315,492640,492678,38,2325
490412,492655,492679,24,2243
490412,492653,492679,26,2241
490315,492642,492680,38,2327
490412,492655,492680,25,2243
490315,492632,492680,48,2317
490315,492631,492681,50,2316
490315,492644,492681,37,2329
490315,492635,492681,46,2320
490315,492643,492681,38,2328
490315,492646,492682,36,2331
490315,492649,492683,34,2334
490315,492644,492682,38,2329
490315,492632,492682,50,2317
490315,492642,492683,41,2327
490315,492647,492684,37,2332
490315,492633,492686,53,2318
490412,492657,492686,29,2245
490412,492658,492688,30,2246
490315,492642,492688,46,2327
490412,492658,492690,32,2246
490412,492654,492690,36,2242
490412,492659,492692,33,2247
490412,492657,492694,37,2245
490412,492660,492696,36,2248
490412,492679,492701,22,2267
490412,492679,492701,22,2267
490412,492680,492702,22,2268
490412,492674,492702,28,2262
490412,492679,492703,24,2267
490412,492679,492703,24,2267
490412,492673,492705,32,2261
490412,492666,492705,39,2254
490412,492677,492707,30,2265
490412,492675,492707,32,2263
490412,492675,492708,33,2263
490412,492681,492709,28,2269
490412,492675,492710,35,2263
489765,491944,492710,766,2179
490412,492666,492710,44,2254
490412,492674,492710,36,2262
490412,492667,492710,43,2255
490412,492668,492710,42,2256
490412,492666,492711,45,2254
490412,492668,492711,43,2256
490412,492684,492713,29,2272
490412,492673,492714,41,2261
490412,492674,492714,40,2262
490412,492670,492714,44,2258
490412,492683,492714,31,2271
490412,492671,492715,44,2259
490412,492682,492715,33,2270
490412,492664,492715,51,2252
490412,492668,492717,49,2256
490412,492676,492717,41,2264
490412,492677,492716,39,2265
490412,492677,492716,39,2265
490412,492671,492716,45,2259
490412,492668,492718,50,2256
490412,492683,492717,34,2271
490412,492684,492718,34,2272
490412,492672,492719,47,2260
490412,492666,492719,53,2254
490412,492670,492719,49,2258
490412,492669,492721,52,2257
490412,492684,492720,36,2272
490412,492693,492720,27,2281
490412,492689,492721,32,2277
490412,492665,492721,56,2253
490412,492688,492721,33,2276
490412,492683,492721,38,2271
490412,492681,492722,41,2269
490412,492682,492724,42,2270
490412,492670,492726,56,2258
490412,492687,492726,39,2275
490412,492676,492727,51,2264
490412,492682,492726,44,2270
490412,492666,492727,61,2254
490412,492691,492727,36,2279
490412,492687,492729,42,2275
490412,492672,492730,58,2260
490412,492690,492731,41,2278
490412,492664,492732,68,2252
490412,492709,492733,24,2297
490412,492664,492733,69,2252
490412,492671,492733,62,2259
490412,492701,492733,32,2289
490412,492708,492734,26,2296
490412,492697,492735,38,2285
490412,492661,492735,74,2249
490412,492706,492734,28,2294
490412,492681,492736,55,2269
490412,492707,492738,31,2295
490412,492710,492738,28,2298
490412,492708,492739,31,2296
490412,492695,492740,45,2283
490412,492702,492740,38,2290
490412,492703,492741,38,2291
490412,492662,492743,81,2250
490412,492702,492743,41,2290
490412,492714,492745,31,2302
490412,492702,492745,43,2290
490412,492711,492745,34,2299
490412,492710,492746,36,2298
490412,492664,492747,83,2252
490412,492706,492747,41,2294
490412,492661,492746,85,2249
490412,492704,492747,43,2292
490412,492711,492749,38,2299
490412,492718,492749,31,2306
490412,492714,492750,36,2302
490412,492661,492751,90,2249
490412,492711,492751,40,2299
490412,492710,492751,41,2298
490412,492710,492751,41,2298
490412,492662,492752,90,2250
490412,492718,492751,33,2306
490412,492711,492752,41,2299
490412,492719,492754,35,2307
490566,492734,492755,21,2168
490412,492721,492756,35,2309
490412,492716,492756,40,2304
490412,492715,492757,42,2303
490412,492726,492757,31,2314
490566,492735,492757,22,2169
490412,492719,492757,38,2307
490412,492662,492757,95,2250
490412,492719,492757,38,2307
490412,492722,492757,35,2310
490412,492719,492757,38,2307
490566,492735,492758,23,2169
490412,492722,492758,36,2310
490412,492717,492758,41,2305
490566,492734,492758,24,2168
490566,492734,492758,24,2168
490412,492726,492759,33,2314
490412,492728,492760,32,2316
490412,492717,492761,44,2305
490412,492731,492761,30,2319
490566,492734,492761,27,2168
490412,492722,492761,39,2310
490412,492714,492761,47,2302
490412,492721,492762,41,2309
490412,492715,492762,47,2303
490412,492721,492763,42,2309
490412,492715,492764,49,2303
490412,492733,492763,30,2321
490412,492715,492764,49,2303
490412,492724,492764,40,2312
490412,492730,492764,34,2318
490412,492717,492765,48,2305
490566,492735,492765,30,2169
490412,492721,492765,44,2309
490412,492728,492765,37,2316
490412,492663,492767,104,2251
490412,492727,492768,41,2315
490412,492730,492770,40,2318
490412,492727,492771,44,2315
490566,492739,492771,32,2173
490412,492717,492771,54,2305
490412,492717,492772,55,2305
490566,492740,492772,32,2174
490566,492738,492772,34,2172
490566,492737,492774,37,2171
490412,492721,492777,56,2309
489956,492025,492779,754,2069
490566,492740,492782,42,2174
490566,492762,492782,20,2196
490566,492763,492783,20,2197
490566,492762,492784,22,2196
490566,492762,492784,22,2196
490566,492762,492786,24,2196
490566,492758,492787,29,2192
490566,492758,492789,31,2192
490566,492762,492790,28,2196
490566,492763,492790,27,2197
490566,492766,492790,24,2200
490566,492752,492790,38,2186
490566,492758,492791,33,2192
490566,492751,492793,42,2185
490566,492764,492794,30,2198
490566,492764,492794,30,2198
490566,492761,492794,33,2195
490566,492751,492794,43,2185
490566,492755,492794,39,2189
490566,492758,492795,37,2192
490566,492752,492795,43,2186
490566,492758,492796,38,2192
490566,492755,492796,41,2189
490566,492765,492796,31,2199
490566,492766,492796,30,2200
490566,492772,492799,27,2206
490566,492758,492799,41,2192
490566,492766,492801,35,2200
490566,492758,492800,42,2192
490566,492768,492800,32,2202
490566,492769,492801,32,2203
490566,492752,492801,49,2186
490566,492758,492802,44,2192
490566,492761,492801,40,2195
490566,492765,492801,36,2199
490566,492750,492803,53,2184
490566,492757,492803,46,2191
490566,492772,492804,32,2206
490566,492753,492805,52,2187
490566,492773,492806,33,2207
490566,492752,492806,54,2186
490566,492773,492807,34,2207
490566,492751,492806,55,2185
490566,492759,492807,48,2193
490566,492771,492808,37,2205
490566,492756,492807,51,2190
490566,492773,492808,35,2207
490566,492759,492808,49,2193
490566,492756,492810,54,2190
490566,492749,492810,61,2183
490566,492771,492811,40,2205
490566,492765,492812,47,2199
490566,492741,492812,71,2175
490566,492747,492812,65,2181
490566,492790,492813,23,2224
490566,492747,492814,67,2181
490566,492765,492813,48,2199
490566,492774,492814,40,2208
490566,492790,492816,26,2224
490566,492777,492816,39,2211
490566,492788,492818,30,2222
490566,492747,492819,72,2181
490566,492758,492819,61,2192
490566,492782,492819,37,2216
490566,492747,492819,72,2181
490566,492791,492820,29,2225
490566,492758,492819,61,2192
490566,492742,492822,80,2176
490566,492785,492822,37,2219
490566,492758,492823,65,2192
490566,492791,492823,32,2225
490566,492784,492824,40,2218
490566,492782,492826,44,2216
490566,492794,492825,31,2228
490566,492746,492828,82,2180
490566,492792,492829,37,2226
490566,492795,492828,33,2229
490566,492743,492829,86,2177
490566,492791,492829,38,2225
490566,492780,492829,49,2214
490566,492746,492830,84,2180
490566,492795,492831,36,2229
490566,492744,492832,88,2178
490566,492786,492831,45,2220
490566,492794,492832,38,2228
490566,492796,492833,37,2230
490566,492795,492834,39,2229
490566,492797,492835,38,2231
490566,492797,492835,38,2231
490566,492801,492835,34,2235
490566,492803,492836,33,2237
490566,492799,492837,38,2233
490566,492785,492838,53,2219
490566,492801,492838,37,2235
490566,492797,492838,41,2231
490566,492745,492838,93,2179
490566,492796,492840,44,2230
490566,492802,492839,37,2236
490566,492801,492840,39,2235
490566,492794,492840,46,2228
490566,492804,492840,36,2238
490566,492811,492841,30,2245
490566,492802,492841,39,2236
490566,492807,492840,33,2241
490566,492747,492841,94,2181
490617,492818,492842,24,2201
490566,492802,492841,39,2236
490566,492814,492842,28,2248
490566,492801,492842,41,2235
490566,492806,492842,36,2240
490566,492809,492842,33,2243
490566,492804,492843,39,2238
490566,492814,492844,30,2248
490566,492807,492844,37,2241
490566,492802,492844,42,2236
490617,492819,492844,25,2202
490617,492816,492844,28,2199
490617,492820,492845,25,2203
490566,492806,492845,39,2240
490566,492799,492846,47,2233
490566,492813,492846,33,2247
490566,492812,492847,35,2246
490566,492796,492847,51,2230
490566,492812,492848,36,2246
490566,492808,492849,41,2242
490617,492822,492849,27,2205
490566,492811,492849,38,2245
490566,492814,492850,36,2248
490566,492811,492850,39,2245
490566,492815,492851,36,2249
490617,492819,492851,32,2202
490617,492823,492851,28,2206
490566,492808,492852,44,2242
490617,492820,492851,31,2203
490566,492807,492851,44,2241
490566,492808,492851,43,2242
490617,492820,492852,32,2203
490617,492820,492853,33,2203
490566,492808,492856,48,2242
490617,492845,492863,18,2228
490617,492844,492864,20,2227
490617,492845,492865,20,2228
490617,492844,492865,21,2227
490617,492846,492865,19,2229
490617,492844,492866,22,2227
489979,492101,492867,766,2122
490617,492823,492869,46,2206
490617,492836,492871,35,2219
490617,492846,492871,25,2229
490617,492844,492872,28,2227
490617,492845,492868,23,2228
490617,492824,492874,50,2207
490617,492850,492875,25,2233
490617,492833,492875,42,2216
490617,492842,492875,33,2225
490617,492838,492877,39,2221
490617,492840,492878,38,2223
490617,492843,492879,36,2226
490617,492842,492880,38,2225
490617,492848,492880,32,2231
490617,492834,492880,46,2217
490617,492836,492880,44,2219
490617,492839,492880,41,2222
490617,492847,492880,33,2230
490617,492843,492881,38,2226
490617,492850,492881,31,2233
490617,492836,492881,45,2219
490617,492850,492881,31,2233
490617,492851,492882,31,2234
490617,492839,492883,44,2222
490617,492838,492883,45,2221
490617,492841,492883,42,2224
490617,492840,492884,44,2223
490617,492852,492884,32,2235
490617,492849,492884,35,2232
490617,492833,492885,52,2216
490617,492832,492885,53,2215
490617,492841,492885,44,2224
490617,492852,492885,33,2235
490617,492836,492886,50,2219
490617,492852,492885,33,2235
490617,492841,492886,45,2224
490617,492832,492886,54,2215
490617,492839,492887,48,2222
490617,492851,492887,36,2234
490617,492852,492887,35,2235
490617,492856,492888,32,2239
490617,492842,492889,47,2225
490617,492843,492890,47,2226
490617,492841,492891,50,2224
490617,492852,492891,39,2235
490617,492842,492892,50,2225
490617,492854,492893,39,2237
490617,492852,492893,41,2235
490617,492848,492894,46,2231
490617,492825,492895,70,2208
490617,492851,492895,44,2234
490617,492865,492898,33,2248
490617,492864,492899,35,2247
490617,492848,492900,52,2231
490617,492873,492901,28,2256
490617,492832,492903,71,2215
490617,492871,492903,32,2254
490617,492873,492904,31,2256
490617,492869,492904,35,2252
490617,492841,492906,65,2224
490617,492867,492906,39,2250
490617,492841,492905,64,2224
490617,492831,492906,75,2214
490617,492875,492906,31,2258
490617,492872,492907,35,2255
490617,492826,492910,84,2209
490617,492875,492914,39,2258
490617,492826,492914,88,2209
490617,492829,492913,84,2212
490617,492828,492914,86,2211
490617,492881,492914,33,2264
490617,492876,492914,38,2259
490617,492865,492915,50,2248
490617,492880,492915,35,2263
490617,492830,492916,86,2213
490617,492829,492917,88,2212
490617,492829,492918,89,2212
490617,492881,492917,36,2264
490617,492878,492918,40,2261
490617,492880,492918,38,2263
490617,492881,492919,38,2264
490617,492885,492920,35,2268
490617,492881,492921,40,2264
490617,492882,492921,39,2265
490617,492880,492921,41,2263
490617,492885,492922,37,2268
490617,492884,492923,39,2267
490617,492887,492923,36,2270
490617,492886,492924,38,2269
490617,492882,492923,41,2265
490617,492882,492924,42,2265
490617,492886,492923,37,2269
490617,492884,492924,40,2267
490617,492892,492924,32,2275
490617,492886,492924,38,2269
490775,492904,492925,21,2129
490617,492894,492925,31,2277
490617,492899,492925,26,2282
490775,492901,492925,24,2126
490617,492884,492925,41,2267
490617,492876,492925,49,2259
490617,492865,492926,61,2248
490617,492887,492925,38,2270
490617,492886,492926,40,2269
490617,492878,492926,48,2261
490617,492888,492926,38,2271
490617,492884,492927,43,2267
490617,492886,492926,40,2269
490617,492894,492927,33,2277
490617,492873,492927,54,2256
490617,492891,492928,37,2274
490617,492888,492927,39,2271
490617,492896,492929,33,2279
490617,492881,492928,47,2264
490617,492893,492930,37,2276
490617,492898,492931,33,2281
490617,492893,492931,38,2276
490617,492882,492931,49,2265
490617,492888,492932,44,2271
490775,492906,492931,25,2131
490617,492896,492931,35,2279
490775,492904,492933,29,2129
490775,492905,492933,28,2130
490775,492905,492933,28,2130
490775,492906,492935,29,2131
490617,492830,492935,105,2213
490617,492890,492936,46,2273
490617,492867,492937,70,2250
490775,492906,492937,31,2131
490775,492907,492937,30,2132
490617,492889,492937,48,2272
490617,492884,492938,54,2267
490617,492891,492939,48,2274
490011,492180,492940,760,2169
490775,492908,492942,34,2133
490775,492906,492942,36,2131
490775,492928,492943,15,2153
490775,492928,492947,19,2153
490775,492927,492948,21,2152
490775,492927,492948,21,2152
490775,492910,492949,39,2135
490775,492928,492950,22,2153
490775,492929,492950,21,2154
490775,492927,492952,25,2152
490775,492931,492952,21,2156
490775,492927,492953,26,2152
490775,492922,492953,31,2147
490775,492929,492954,25,2154
490775,492922,492957,35,2147
490775,492920,492958,38,2145
490775,492931,492958,27,2156
490775,492926,492958,32,2151
490775,492926,492959,33,2151
490775,492922,492960,38,2147
490775,492924,492960,36,2149
490775,492919,492963,44,2144
490775,492919,492963,44,2144
490775,492931,492963,32,2156
490775,492932,492964,32,2157
490775,492933,492965,32,2158
490775,492924,492966,42,2149
490775,492924,492966,42,2149
490775,492938,492967,29,2163
490775,492934,492967,33,2159
490775,492941,492968,27,2166
490775,492926,492967,41,2151
490775,492924,492968,44,2149
490775,492931,492969,38,2156
490775,492936,492969,33,2161
490775,492924,492970,46,2149
490775,492939,492970,31,2164
490775,492924,492970,46,2149
490775,492937,492970,33,2162
490775,492933,492970,37,2158
490775,492940,492970,30,2165
490775,492921,492971,50,2146
490775,492923,492971,48,2148
490775,492920,492972,52,2145
490775,492932,492972,40,2157
490775,492924,492972,48,2149
490775,492935,492973,38,2160
490775,492937,492973,36,2162
490775,492938,492975,37,2163
490775,492938,492975,37,2163
490775,492925,492975,50,2150
490775,492918,492977,59,2143
490775,492925,492978,53,2150
490775,492943,492978,35,2168
490775,492932,492980,48,2157
490775,492942,492980,38,2167
490775,492951,492980,29,2176
490775,492926,492983,57,2151
490775,492948,492983,35,2173
490775,492952,492984,32,2177
490775,492926,492985,59,2151
490775,492951,492984,33,2176
490775,492926,492985,59,2151
490775,492926,492986,60,2151
490775,492954,492988,34,2179
490775,492918,492988,70,2143
490775,492943,492988,45,2168
490775,492949,492989,40,2174
490775,492964,492991,27,2189
490775,492915,492991,76,2140
490775,492949,492991,42,2174
490775,492961,492991,30,2186
490775,492954,492992,38,2179
490775,492960,492992,32,2185
490775,492914,492991,77,2139
490775,492917,492992,75,2142
490775,492957,492993,36,2182
490775,492926,492993,67,2151
490775,492960,492994,34,2185
490775,492957,492995,38,2182
490775,492914,492996,82,2139
490775,492959,492996,37,2184
490775,492947,492997,50,2172
490775,492963,492997,34,2188
490775,492955,492998,43,2180
490775,492959,493000,41,2184
490775,492970,493000,30,2195
490775,492914,493001,87,2139
490775,492966,493001,35,2191
490775,492959,493001,42,2184
490775,492963,493001,38,2188
490775,492914,493002,88,2139
490775,492966,493002,36,2191
490775,492967,493005,38,2192
490775,492969,493004,35,2194
490775,492973,493006,33,2198
490775,492967,493005,38,2192
490775,492969,493006,37,2194
490775,492977,493006,29,2202
490775,492916,493007,91,2141
490775,492971,493008,37,2196
490864,492985,493007,22,2121
490775,492970,493007,37,2195
490775,492973,493008,35,2198
490775,492972,493008,36,2197
490775,492968,493008,40,2193
490864,492986,493009,23,2122
490775,492973,493010,37,2198
490775,492979,493009,30,2204
490775,492980,493010,30,2205
490775,492967,493010,43,2192
490775,492971,493011,40,2196
490775,492971,493011,40,2196
490775,492964,493011,47,2189
490775,492970,493011,41,2195
490864,492988,493012,24,2124
490864,492989,493013,24,2125
490775,492974,493013,39,2199
490775,492972,493012,40,2197
490775,492976,493013,37,2201
490775,492979,493014,35,2204
490864,492989,493013,24,2125
490864,492986,493015,29,2122
490775,492984,493014,30,2209
490775,492974,493015,41,2199
490864,492989,493015,26,2125
490775,492981,493015,34,2206
490775,492915,493016,101,2140
490864,492991,493015,24,2127
490775,492976,493016,40,2201
490775,492984,493017,33,2209
490775,492985,493017,32,2210
490775,492969,493017,48,2194
490775,492916,493018,102,2141
490775,492980,493017,37,2205
490864,492991,493017,26,2127
490775,492976,493020,44,2201
490864,492991,493021,30,2127
490775,492926,493022,96,2151
490775,492968,493022,54,2193
490864,492992,493023,31,2128
490775,492916,493025,109,2141
490061,492258,493026,768,2197
490864,493013,493031,18,2149
490864,493014,493032,18,2150
490864,493013,493032,19,2149
490864,493012,493034,22,2148
490864,493011,493035,24,2147
490864,493013,493036,23,2149
490864,493012,493036,24,2148
490864,493014,493036,22,2150
490864,493014,493039,25,2150
490864,493003,493039,36,2139
490864,493011,493040,29,2147
490864,493015,493041,26,2151
490864,493005,493041,36,2141
490864,493010,493043,33,2146
490864,493013,493043,30,2149
490864,493005,493043,38,2141
490864,493010,493044,34,2146
490864,493002,493046,44,2138
490864,493016,493047,31,2152
490864,492992,493047,55,2128
490864,493017,493048,31,2153
490864,493011,493048,37,2147
490864,493023,493048,25,2159
490864,493006,493048,42,2142
490864,493023,493048,25,2159
490864,493017,493049,32,2153
490864,493021,493049,28,2157
490864,493006,493050,44,2142
490864,493018,493050,32,2154
490864,493019,493050,31,2155
490864,493008,493050,42,2144
490864,493017,493052,35,2153
490864,493016,493052,36,2152
490864,493018,493052,34,2154
490864,493020,493052,32,2156
490864,493015,493053,38,2151
490864,493026,493054,28,2162
490864,493001,493054,53,2137
490864,493000,493055,55,2136
490864,493006,493055,49,2142
490864,493024,493055,31,2160
490864,493011,493056,45,2147
490864,493008,493058,50,2144
490864,493027,493058,31,2163
490864,493002,493058,56,2138
490864,493018,493059,41,2154
490864,493015,493059,44,2151
490864,493010,493059,49,2146
490864,493002,493060,58,2138
490864,493008,493061,53,2144
490864,493016,493062,46,2152
490864,493036,493063,27,2172
490864,493006,493063,57,2142
490864,493016,493063,47,2152
490864,492998,493064,66,2134
490864,493031,493064,33,2167
490864,493002,493064,62,2138
490864,493008,493065,57,2144
490864,493036,493066,30,2172
490864,493036,493068,32,2172
490864,493008,493068,60,2144
490864,492999,493067,68,2135
490864,493002,493067,65,2138
490864,493008,493068,60,2144
490864,492993,493070,77,2129
490864,493040,493072,32,2176
490864,493040,493072,32,2176
490864,493040,493072,32,2176
490864,493036,493072,36,2172
490864,493045,493073,28,2181
490864,493044,493073,29,2180
490864,493042,493074,32,2178
490864,493044,493073,29,2180
490864,493041,493074,33,2177
490864,493047,493074,27,2183
490864,492996,493075,79,2132
490864,493046,493076,30,2182
490864,493044,493076,32,2180
490864,492993,493076,83,2129
490864,493047,493078,31,2183
490864,493050,493079,29,2186
490864,493049,493078,29,2185
490864,493049,493079,30,2185
490864,492992,493080,88,2128
490864,493056,493080,24,2192
490864,493049,493080,31,2185
490864,493035,493080,45,2171
490864,493032,493080,48,2168
490864,493054,493082,28,2190
490864,493053,493083,30,2189
490864,492995,493083,88,2131
490864,492993,493082,89,2129
490864,493055,493084,29,2191
490864,493056,493085,29,2192
490864,493051,493085,34,2187
490864,493058,493085,27,2194
490864,493051,493085,34,2187
490864,493053,493086,33,2189
490864,493058,493086,28,2194
490886,493068,493087,19,2182
490864,493048,493087,39,2184
490864,493052,493088,36,2188
490864,493049,493088,39,2185
490864,493051,493088,37,2187
490886,493068,493087,19,2182
490864,493061,493087,26,2197
490864,493054,493088,34,2190
490864,493056,493089,33,2192
490864,492992,493088,96,2128
490864,493050,493089,39,2186
490864,493058,493090,32,2194
490864,493063,493090,27,2199
490864,493056,493090,34,2192
490864,493050,493090,40,2186
490864,493064,493091,27,2200
490864,493008,493092,84,2144
490864,493065,493092,27,2201
490864,493064,493092,28,2200
490864,493053,493093,40,2189
490864,493065,493093,28,2201
490864,493064,493093,29,2200
490886,493068,493094,26,2182
490886,493068,493094,26,2182
490864,492997,493094,97,2133
490864,493059,493094,35,2195
490864,493063,493094,31,2199
490864,493066,493095,29,2202
490886,493069,493096,27,2183
490864,492997,493096,99,2133
490864,492996,493097,101,2132
490864,493062,493098,36,2198
490864,493032,493098,66,2168
490864,493060,493099,39,2196
490886,493073,493099,26,2187
490886,493073,493100,27,2187
490886,493073,493100,27,2187
490886,493073,493100,27,2187
490864,493060,493101,41,2196
490886,493073,493102,29,2187
490117,492336,493105,769,2219
490886,493071,493106,35,2185
490886,493091,493107,16,2205
490886,493090,493111,21,2204
490886,493091,493112,21,2205
490886,493092,493112,20,2206
490886,493091,493112,21,2205
490886,493093,493113,20,2207
490886,493093,493114,21,2207
490886,493090,493114,24,2204
490886,493083,493115,32,2197
490886,493089,493115,26,2203
490886,493073,493115,42,2187
490886,493085,493116,31,2199
490886,493090,493117,27,2204
490886,493092,493117,25,2206
490886,493089,493118,29,2203
490886,493093,493118,25,2207
490886,493080,493121,41,2194
490886,493081,493120,39,2195
490886,493085,493122,37,2199
490886,493085,493123,38,2199
490886,493084,493124,40,2198
490886,493080,493125,45,2194
490886,493096,493126,30,2210
490886,493102,493126,24,2216
490886,493081,493127,46,2195
490886,493086,493126,40,2200
490886,493095,493126,31,2209
490886,493093,493127,34,2207
490886,493101,493127,26,2215
490886,493094,493127,33,2208
490886,493083,493127,44,2197
490886,493083,493129,46,2197
490886,493095,493130,35,2209
490886,493101,493130,29,2215
490886,493099,493131,32,2213
490886,493088,493131,43,2202
490886,493096,493132,36,2210
490886,493094,493132,38,2208
490886,493099,493132,33,2213
490886,493089,493133,44,2203
490886,493087,493133,46,2201
490886,493095,493133,38,2209
490886,493074,493134,60,2188
490886,493087,493133,46,2201
490886,493082,493134,52,2196
490886,493098,493135,37,2212
490886,493087,493135,48,2201
490886,493099,493136,37,2213
490886,493107,493137,30,2221
490886,493101,493139,38,2215
490886,493103,493139,36,2217
490886,493099,493140,41,2213
490886,493106,493139,33,2220
490886,493080,493140,60,2194
490886,493095,493142,47,2209
490886,493088,493143,55,2202
490886,493120,493144,24,2234
490886,493118,493145,27,2232
490886,493116,493144,28,2230
490886,493116,493144,28,2230
490886,493115,493145,30,2229
490886,493118,493147,29,2232
490886,493079,493148,69,2193
490886,493079,493148,69,2193
490886,493114,493148,34,2228
490886,493117,493148,31,2231
490886,493116,493148,32,2230
490886,493121,493150,29,2235
490886,493123,493150,27,2237
490886,493127,493150,23,2241
490886,493074,493151,77,2188
490886,493127,493152,25,2241
490886,493118,493152,34,2232
490886,493119,493151,32,2233
490886,493079,493153,74,2193
490886,493124,493152,28,2238
490886,493077,493152,75,2191
490886,493074,493152,78,2188
490886,493076,493154,78,2190
490886,493108,493154,46,2222
490886,493076,493154,78,2190
490886,493074,493155,81,2188
490886,493113,493156,43,2227
490886,493112,493156,44,2226
490886,493121,493155,34,2235
490886,493088,493156,68,2202
490886,493127,493156,29,2241
490886,493113,493156,43,2227
490886,493128,493157,29,2242
490886,493124,493157,33,2238
490886,493113,493157,44,2227
490886,493088,493158,70,2202
490886,493130,493159,29,2244
490886,493131,493159,28,2245
490886,493128,493159,31,2242
490886,493127,493160,33,2241
490886,493088,493160,72,2202
490886,493128,493161,33,2242
490886,493126,493162,36,2240
490886,493133,493162,29,2247
490886,493076,493164,88,2190
490886,493133,493164,31,2247
490886,493133,493165,32,2247
490886,493134,493165,31,2248
490886,493127,493165,38,2241
490886,493138,493165,27,2252
490886,493134,493166,32,2248
490886,493128,493166,38,2242
490886,493132,493166,34,2246
490886,493142,493166,24,2256
490886,493131,493167,36,2245
490886,493078,493166,88,2192
490886,493134,493167,33,2248
490886,493139,493167,28,2253
490886,493139,493167,28,2253
490886,493131,493168,37,2245
490886,493136,493167,31,2250
490886,493135,493168,33,2249
490886,493141,493169,28,2255
490949,493146,493168,22,2197
490886,493145,493169,24,2259
490886,493134,493169,35,2248
490886,493141,493169,28,2255
490886,493131,493170,39,2245
490886,493141,493170,29,2255
490886,493143,493171,28,2257
490886,493136,493171,35,2250
490949,493145,493172,27,2196
490886,493135,493173,38,2249
490886,493144,493174,30,2258
490949,493148,493176,28,2199
490949,493149,493177,28,2200
490949,493148,493177,29,2199
490949,493148,493178,30,2199
490949,493148,493179,31,2199
490949,493150,493184,34,2201
490949,493150,493184,34,2201
490949,493147,493184,37,2198
490949,493169,493186,17,2220
490949,493151,493188,37,2202
490886,493088,493188,100,2202
490949,493167,493191,24,2218
490949,493169,493190,21,2220
490949,493166,493192,26,2217
490949,493168,493192,24,2219
490949,493170,493193,23,2221
490949,493167,493195,28,2218
490949,493171,493197,26,2222
490949,493169,493197,28,2220
490949,493169,493197,28,2220
490949,493167,493198,31,2218
490949,493158,493198,40,2209
490949,493166,493199,33,2217
490949,493168,493199,31,2219
490949,493168,493199,31,2219
490949,493168,493200,32,2219
490949,493170,493200,30,2221
490949,493151,493200,49,2202
490949,493171,493200,29,2222
490949,493157,493203,46,2208
490949,493172,493203,31,2223
490949,493185,493205,20,2236
490949,493171,493206,35,2222
490949,493166,493207,41,2217
490949,493160,493208,48,2211
490949,493161,493208,47,2212
490949,493159,493210,51,2210
490949,493157,493210,53,2208
490949,493165,493211,46,2216
490949,493179,493211,32,2230
490949,493165,493212,47,2216
490949,493185,493213,28,2236
490949,493166,493213,47,2217
490949,493159,493215,56,2210
490949,493166,493215,49,2217
490949,493164,493217,53,2215
490949,493178,493217,39,2229
490949,493165,493218,53,2216
490949,493178,493219,41,2229
490949,493175,493219,44,2226
490949,493156,493220,64,2207
490949,493159,493220,61,2210
490949,493152,493221,69,2203
490949,493177,493222,45,2228
490949,493185,493221,36,2236
490949,493158,493222,64,2209
490949,493172,493222,50,2223
490949,493173,493223,50,2224
490949,493161,493224,63,2212
490134,492412,493224,812,2278
490949,493154,493225,71,2205
490949,493187,493225,38,2238
490949,493155,493226,71,2206
490949,493162,493227,65,2213
490949,493178,493229,51,2229
490949,493154,493232,78,2205
490949,493197,493232,35,2248
490949,493157,493234,77,2208
490949,493191,493233,42,2242
490949,493189,493234,45,2240
490949,493197,493234,37,2248
490949,493152,493235,83,2203
490949,493165,493234,69,2216
490949,493195,493235,40,2246
490949,493188,493235,47,2239
490949,493199,493236,37,2250
490949,493157,493236,79,2208
490949,493199,493237,38,2250
490949,493153,493237,84,2204
490949,493199,493238,39,2250
490949,493154,493240,86,2205
490949,493199,493241,42,2250
490949,493192,493242,50,2243
490949,493162,493242,80,2213
490949,493198,493243,45,2249
490949,493194,493242,48,2245
490949,493191,493243,52,2242
490949,493156,493243,87,2207
490949,493152,493244,92,2203
490949,493207,493244,37,2258
490949,493200,493245,45,2251
490949,493153,493245,92,2204
490949,493208,493245,37,2259
490949,493212,493246,34,2263
490949,493198,493246,48,2249
490949,493156,493247,91,2207
490949,493157,493247,90,2208
490949,493208,493248,40,2259
490949,493200,493249,49,2251
490949,493201,493250,49,2252
490949,493153,493250,97,2204
490949,493212,493250,38,2263
490949,493208,493251,43,2259
490949,493214,493252,38,2265
490949,493206,493253,47,2257
490949,493211,493254,43,2262
490949,493215,493254,39,2266
490949,493213,493256,43,2264
490949,493212,493256,44,2263
490949,493211,493257,46,2262
490966,493235,493258,23,2269
490949,493153,493258,105,2204
490949,493223,493259,36,2274
490966,493235,493260,25,2269
490949,493201,493260,59,2252
490949,493204,493260,56,2255
490949,493222,493261,39,2273
490949,493204,493261,57,2255
490966,493237,493262,25,2271
490949,493215,493262,47,2266
490949,493221,493263,42,2272
490949,493228,493262,34,2279
490949,493193,493262,69,2244
490949,493219,493263,44,2270
490966,493236,493263,27,2270
490966,493236,493265,29,2270
490949,493221,493265,44,2272
490949,493219,493265,46,2270
490966,493237,493265,28,2271
490949,493224,493266,42,2275
490949,493222,493266,44,2273
490966,493234,493266,32,2268
490949,493227,493267,40,2278
490949,493223,493267,44,2274
490966,493238,493267,29,2272
490949,493220,493267,47,2271
490949,493233,493267,34,2284
490949,493222,493268,46,2273
490949,493225,493271,46,2276
490949,493234,493273,39,2285
490966,493237,493275,38,2271
490949,493217,493276,59,2268
490949,493226,493275,49,2277
490966,493239,493277,38,2273
490949,493225,493277,52,2276
490949,493225,493277,52,2276
490140,492492,493277,785,2352
490949,493233,493277,44,2284
490949,493218,493280,62,2269
490949,493230,493281,51,2281
490949,493234,493282,48,2285
490966,493241,493286,45,2275
490966,493262,493286,24,2296
490966,493263,493288,25,2297
490966,493241,493288,47,2275
490966,493264,493288,24,2298
490966,493264,493288,24,2298
490966,493263,493289,26,2297
490966,493263,493289,26,2297
490966,493265,493290,25,2299
490966,493266,493292,26,2300
490966,493266,493293,27,2300
490966,493250,493292,42,2284
490966,493250,493293,43,2284
490966,493265,493294,29,2299
490966,493267,493295,28,2301
490966,493262,493298,36,2296
490966,493267,493298,31,2301
490966,493268,493299,31,2302
490966,493254,493300,46,2288
490966,493257,493300,43,2291
490966,493257,493302,45,2291
490966,493267,493302,35,2301
490966,493261,493303,42,2295
490966,493252,493302,50,2286
490966,493251,493303,52,2285
490966,493260,493303,43,2294
490966,493267,493304,37,2301
490966,493261,493304,43,2295
490966,493254,493304,50,2288
490966,493255,493305,50,2289
490966,493250,493305,55,2284
490966,493252,493305,53,2286
490966,493266,493307,41,2300
490966,493278,493306,28,2312
490966,493246,493307,61,2280
490966,493267,493307,40,2301
490966,493280,493308,28,2314
490966,493258,493309,51,2292
490966,493278,493309,31,2312
490966,493261,493309,48,2295
490966,493282,493309,27,2316
490966,493261,493311,50,2295
490966,493248,493312,64,2282
490966,493277,493313,36,2311
490966,493260,493315,55,2294
490966,493268,493315,47,2302
490966,493276,493316,40,2310
490966,493242,493318,76,2276
490966,493246,493319,73,2280
490966,493277,493319,42,2311
490966,493283,493321,38,2317
490966,493276,493321,45,2310
490966,493269,493321,52,2303
490966,493247,493322,75,2281
490966,493277,493322,45,2311
490966,493276,493322,46,2310
490966,493243,493323,80,2277
490966,493249,493324,75,2283
490966,493290,493324,34,2324
490966,493243,493325,82,2277
490966,493246,493325,79,2280
490966,493274,493327,53,2308
490966,493246,493327,81,2280
490966,493271,493329,58,2305
490966,493286,493329,43,2320
490966,493258,493329,71,2292
490966,493287,493330,43,2321
490966,493291,493329,38,2325
490966,493293,493331,38,2327
490966,493293,493331,38,2327
490966,493294,493332,38,2328
490966,493245,493333,88,2279
490966,493290,493332,42,2324
490966,493288,493334,46,2322
490966,493243,493335,92,2277
490966,493289,493335,46,2323
490966,493244,493335,91,2278
490966,493259,493335,76,2293
490966,493299,493335,36,2333
490966,493299,493335,36,2333
490966,493295,493337,42,2329
490966,493299,493337,38,2333
490966,493292,493338,46,2326
490302,492572,493341,769,2270
490966,493244,493340,96,2278
490966,493295,493340,45,2329
490966,493289,493341,52,2323
490966,493304,493341,37,2338
490966,493247,493342,95,2281
490966,493304,493343,39,2338
490966,493244,493343,99,2278
490966,493303,493343,40,2337
490966,493305,493346,41,2339
490966,493306,493345,39,2340
490966,493303,493346,43,2337
490966,493302,493347,45,2336
490966,493307,493347,40,2341
490966,493305,493348,43,2339
490966,493301,493350,49,2335
490966,493304,493350,46,2338
490966,493289,493350,61,2323
490966,493305,493350,45,2339
490966,493302,493351,49,2336
490966,493307,493351,44,2341
490972,493327,493350,23,2355
490966,493301,493351,50,2335
490966,493305,493351,46,2339
490972,493325,493351,26,2353
490966,493310,493351,41,2344
490972,493328,493353,25,2356
490966,493310,493353,43,2344
490966,493314,493354,40,2348
490966,493317,493354,37,2351
490966,493323,493356,33,2357
490972,493329,493356,27,2357
490966,493310,493356,46,2344
490972,493330,493356,26,2358
490966,493321,493356,35,2355
490966,493308,493357,49,2342
490966,493316,493358,42,2350
490966,493307,493359,52,2341
490972,493330,493359,29,2358
490966,493315,493359,44,2349
490966,493324,493360,36,2358
490966,493308,493361,53,2342
490966,493324,493361,37,2358
490966,493312,493362,50,2346
490966,493322,493361,39,2356
490966,493320,493362,42,2354
490972,493330,493362,32,2358
490966,493311,493364,53,2345
490966,493324,493363,39,2358
490966,493318,493365,47,2352
490972,493330,493365,35,2358
490966,493321,493366,45,2355
490966,493323,493366,43,2357
490972,493331,493366,35,2359
490966,493309,493366,57,2343
490966,493323,493367,44,2357
490966,493320,493370,50,2354
490972,493332,493370,38,2360
490972,493332,493371,39,2360
490972,493353,493374,21,2381
490972,493333,493375,42,2361
490972,493357,493376,19,2385
490972,493356,493376,20,2384
490972,493354,493376,22,2382
490972,493356,493376,20,2384
490972,493353,493376,23,2381
490972,493356,493379,23,2384
490972,493343,493380,37,2371
490972,493352,493382,30,2380
490972,493356,493383,27,2384
490972,493344,493383,39,2372
490972,493354,493384,30,2382
490972,493359,493384,25,2387
490972,493342,493385,43,2370
490972,493358,493387,29,2386
490972,493348,493387,39,2376
490972,493358,493387,29,2386
490972,493341,493387,46,2369
490972,493352,493391,39,2380
490972,493346,493391,45,2374
490972,493364,493392,28,2392
490972,493349,493392,43,2377
490972,493368,493393,25,2396
490972,493346,493393,47,2374
490972,493352,493394,42,2380
490972,493348,493394,46,2376
490972,493363,493395,32,2391
490972,493341,493395,54,2369
490972,493367,493396,29,2395
490972,493370,493396,26,2398
490972,493367,493397,30,2395
490972,493362,493398,36,2390
490972,493362,493397,35,2390
490972,493343,493398,55,2371
490972,493350,493399,49,2378
490972,493367,493400,33,2395
490972,493366,493401,35,2394
490972,493364,493401,37,2392
490972,493351,493402,51,2379
490972,493360,493402,42,2388
490972,493367,493402,35,2395
490972,493359,493403,44,2387
490972,493370,493404,34,2398
490972,493366,493404,38,2394
490972,493346,493404,58,2374
490972,493351,493405,54,2379
490972,493341,493405,64,2369
490972,493372,493406,34,2400
490972,493352,493406,54,2380
490972,493350,493407,57,2378
490972,493341,493407,66,2369
490972,493377,493408,31,2405
490972,493351,493409,58,2379
490972,493335,493409,74,2363
490972,493362,493412,50,2390
490972,493341,493413,72,2369
490972,493380,493414,34,2408
490972,493333,493414,81,2361
490972,493362,493415,53,2390
490972,493375,493415,40,2403
490972,493360,493416,56,2388
490972,493351,493417,66,2379
490972,493385,493418,33,2413
490972,493385,493419,34,2413
490972,493387,493419,32,2415
490972,493392,493419,27,2420
490972,493381,493420,39,2409
490972,493377,493420,43,2405
490972,493383,493420,37,2411
490972,493336,493422,86,2364
490972,493336,493422,86,2364
490972,493385,493421,36,2413
490972,493351,493422,71,2379
490972,493383,493423,40,2411
490972,493338,493423,85,2366
490972,493387,493425,38,2415
490972,493392,493426,34,2420
490972,493384,493426,42,2412
490972,493387,493428,41,2415
490972,493335,493427,92,2363
490972,493377,493428,51,2405
490972,493361,493429,68,2389
490972,493339,493428,89,2367
490972,493335,493428,93,2363
490972,493388,493428,40,2416
490972,493338,493429,91,2366
490972,493376,493431,55,2404
490972,493393,493430,37,2421
490972,493394,493431,37,2422
490972,493375,493431,56,2403
490972,493336,493432,96,2364
490972,493396,493432,36,2424
490972,493399,493432,33,2427
490972,493394,493434,40,2422
490972,493403,493435,32,2431
490972,493401,493435,34,2429
490972,493398,493435,37,2426
490972,493397,493435,38,2425
490972,493336,493436,100,2364
490972,493403,493435,32,2431
490972,493403,493436,33,2431
490972,493403,493436,33,2431
490972,493407,493437,30,2435
490972,493400,493437,37,2428
490972,493376,493437,61,2404
490972,493395,493437,42,2423
490972,493400,493438,38,2428
490972,493391,493438,47,2419
490972,493408,493439,31,2436
490972,493404,493438,34,2432
490972,493407,493439,32,2435
490972,493391,493441,50,2419
491031,493415,493441,26,2384
490972,493402,493441,39,2430
490972,493396,493442,46,2424
490972,493397,493442,45,2425
490972,493410,493442,32,2438
490972,493413,493442,29,2441
491031,493416,493443,27,2385
490972,493405,493443,38,2433
491031,493416,493443,27,2385
490972,493409,493443,34,2437
490972,493399,493444,45,2427
490972,493409,493443,34,2437
490972,493395,493444,49,2423
491031,493419,493445,26,2388
490318,492652,493446,794,2334
490972,493405,493446,41,2433
490972,493405,493447,42,2433
490972,493406,493448,42,2434
490972,493414,493448,34,2442
491031,493419,493448,29,2388
491031,493418,493449,31,2387
490972,493406,493449,43,2434
491031,493421,493451,30,2390
490972,493414,493452,38,2442
491031,493419,493452,33,2388
491031,493420,493456,36,2389
491031,493421,493460,39,2390
491031,493420,493460,40,2389
491031,493443,493463,20,2412
491031,493443,493463,20,2412
491031,493443,493462,19,2412
491031,493443,493463,20,2412
491031,493442,493464,22,2411
491031,493443,493465,22,2412
491031,493442,493465,23,2411
491031,493443,493466,23,2412
491031,493444,493467,23,2413
491031,493422,493470,48,2391
491031,493444,493470,26,2413
491031,493438,493471,33,2407
491031,493443,493471,28,2412
491031,493441,493473,32,2410
491031,493439,493474,35,2408
491031,493439,493474,35,2408
491031,493439,493476,37,2408
491031,493439,493476,37,2408
491031,493445,493476,31,2414
491031,493444,493476,32,2413
491031,493445,493477,32,2414
491031,493446,493478,32,2415
491031,493437,493480,43,2406
491031,493448,493483,35,2417
491031,493447,493483,36,2416
491031,493432,493484,52,2401
491031,493436,493483,47,2405
491031,493436,493485,49,2405
491031,493448,493487,39,2417
491031,493437,493488,51,2406
491031,493452,493487,35,2421
491031,493437,493488,51,2406
491031,493453,493489,36,2422
491031,493448,493489,41,2417
491031,493432,493490,58,2401
491031,493451,493492,41,2420
491031,493436,493492,56,2405
491031,493434,493493,59,2403
491031,493431,493494,63,2400
491031,493435,493494,59,2404
491031,493438,493495,57,2407
491031,493438,493496,58,2407
491031,493461,493496,35,2430
491031,493425,493496,71,2394
491031,493449,493496,47,2418
491031,493449,493496,47,2418
491031,493423,493498,75,2392
491031,493460,493498,38,2429
491031,493433,493498,65,2402
491031,493428,493499,71,2397
491031,493457,493500,43,2426
491031,493448,493500,52,2417
491031,493428,493500,72,2397
491031,493436,493501,65,2405
491031,493429,493502,73,2398
491031,493471,493503,32,2440
491031,493438,493502,64,2407
490415,492733,493503,770,2318
491031,493436,493504,68,2405
491031,493463,493505,42,2432
491031,493422,493505,83,2391
491031,493429,493506,77,2398
491031,493432,493507,75,2401
491031,493463,493507,44,2432
491031,493429,493508,79,2398
491031,493426,493510,84,2395
491031,493463,493512,49,2432
491031,493424,493513,89,2393
491031,493429,493514,85,2398
491031,493422,493514,92,2391
491031,493427,493514,87,2396
491031,493467,493514,47,2436
491031,493428,493515,87,2397
491031,493465,493515,50,2434
491031,493471,493516,45,2440
491031,493483,493516,33,2452
491031,493485,493516,31,2454
491031,493465,493517,52,2434
491031,493480,493517,37,2449
491031,493431,493517,86,2400
491031,493488,493518,30,2457
491031,493464,493518,54,2433
491031,493431,493518,87,2400
491031,493467,493518,51,2436
491031,493477,493519,42,2446
491031,493485,493520,35,2454
491031,493474,493519,45,2443
491031,493423,493520,97,2392
491031,493475,493520,45,2444
491031,493478,493520,42,2447
491031,493490,493521,31,2459
491031,493485,493522,37,2454
491031,493472,493522,50,2441
491031,493479,493522,43,2448
491031,493470,493524,54,2439
491031,493429,493524,95,2398
491031,493487,493525,38,2456
491031,493476,493525,49,2445
491102,493508,493529,21,2406
491031,493489,493528,39,2458
491031,493474,493529,55,2443
491102,493506,493530,24,2404
491031,493466,493531,65,2435
491031,493488,493531,43,2457
491031,493476,493531,55,2445
491102,493508,493532,24,2406
491031,493489,493533,44,2458
491102,493509,493533,24,2407
491102,493507,493532,25,2405
491031,493477,493533,56,2446
491031,493483,493533,50,2452
491031,493496,493534,38,2465
491031,493497,493533,36,2466
491102,493506,493534,28,2404
491031,493491,493535,44,2460
491031,493495,493536,41,2464
491031,493494,493535,41,2463
491031,493496,493536,40,2465
491031,493502,493537,35,2471
491031,493493,493537,44,2462
491031,493498,493539,41,2467
491031,493498,493540,42,2467
491102,493515,493541,26,2413
491031,493501,493541,40,2470
491031,493503,493543,40,2472
491031,493495,493543,48,2464
491031,493499,493543,44,2468
491031,493497,493543,46,2466
491031,493495,493543,48,2464
491031,493503,493543,40,2472
491031,493492,493544,52,2461
491031,493504,493545,41,2473
491031,493501,493544,43,2470
491031,493501,493546,45,2470
491031,493503,493545,42,2472
491102,493513,493546,33,2411
491102,493513,493549,36,2411
491031,493496,493549,53,2465
491102,493536,493550,14,2434
491102,493536,493550,14,2434
491102,493534,493552,18,2432
491102,493534,493551,17,2432
491031,493500,493551,51,2469
491102,493534,493552,18,2432
491102,493535,493552,17,2433
491102,493537,493552,15,2435
491102,493537,493553,16,2435
491102,493515,493553,38,2413
491102,493515,493556,41,2413
491102,493537,493556,19,2435
491102,493540,493558,18,2438
491102,493510,493552,42,2408
491102,493544,493562,18,2442
491102,493542,493563,21,2440
491102,493542,493565,23,2440
491102,493541,493566,25,2439
491102,493534,493567,33,2432
491102,493543,493568,25,2441
491102,493534,493569,35,2432
491102,493544,493568,24,2442
491102,493543,493568,25,2441
491102,493545,493571,26,2443
491102,493543,493574,31,2441
491102,493543,493574,31,2441
491102,493532,493574,42,2430
491102,493530,493574,44,2428
491102,493532,493575,43,2430
491102,493520,493575,55,2418
491102,493533,493575,42,2431
491102,493530,493575,45,2428
491102,493533,493576,43,2431
491102,493532,493577,45,2430
491102,493545,493579,34,2443
491102,493524,493578,54,2422
491102,493518,493580,62,2416
491102,493520,493581,61,2418
491102,493529,493581,52,2427
491102,493560,493582,22,2458
491102,493546,493581,35,2444
491102,493523,493582,59,2421
491102,493529,493582,53,2427
491102,493519,493583,64,2417
491102,493518,493584,66,2416
491102,493522,493584,62,2420
491102,493519,493585,66,2417
491102,493525,493584,59,2423
491102,493546,493585,39,2444
491102,493532,493586,54,2430
491102,493552,493587,35,2450
490569,492816,493586,770,2247
491102,493533,493587,54,2431
491102,493553,493588,35,2451
491102,493519,493589,70,2417
491102,493526,493590,64,2424
491102,493553,493590,37,2451
491102,493551,493591,40,2449
491102,493523,493592,69,2421
491102,493520,493592,72,2418
491102,493518,493593,75,2416
491102,493551,493593,42,2449
491102,493550,493595,45,2448
491102,493552,493595,43,2450
491102,493554,493595,41,2452
491102,493523,493596,73,2421
491102,493515,493596,81,2413
491102,493550,493596,46,2448
491102,493516,493598,82,2414
491102,493556,493599,43,2454
491102,493518,493599,81,2416
491102,493516,493600,84,2414
491102,493516,493600,84,2414
491102,493569,493601,32,2467
491102,493517,493601,84,2415
491102,493571,493602,31,2469
491102,493552,493602,50,2450
491102,493556,493602,46,2454
491102,493516,493602,86,2414
491102,493547,493603,56,2445
491102,493566,493604,38,2464
491102,493526,493604,78,2424
491102,493567,493605,38,2465
491102,493575,493606,31,2473
491102,493558,493607,49,2456
491102,493574,493608,34,2472
491102,493574,493608,34,2472
491102,493575,493608,33,2473
491102,493569,493608,39,2467
491102,493574,493609,35,2472
491102,493579,493609,30,2477
491102,493552,493610,58,2450
491102,493569,493610,41,2467
491102,493575,493610,35,2473
491102,493582,493611,29,2480
491102,493563,493611,48,2461
491102,493578,493611,33,2476
491102,493552,493611,59,2450
491102,493575,493611,36,2473
491102,493576,493612,36,2474
491102,493577,493612,35,2475
491102,493565,493612,47,2463
491102,493564,493613,49,2462
491102,493579,493613,34,2477
491102,493521,493615,94,2419
491102,493580,493616,36,2478
491205,493597,493616,19,2392
491102,493583,493617,34,2481
491205,493596,493616,20,2391
491102,493584,493618,34,2482
491205,493596,493617,21,2391
491102,493585,493618,33,2483
491102,493582,493618,36,2480
491102,493521,493618,97,2419
491102,493583,493619,36,2481
491102,493591,493619,28,2489
491205,493595,493619,24,2390
491102,493587,493619,32,2485
491102,493593,493620,27,2491
491102,493568,493620,52,2466
491102,493592,493621,29,2490
491205,493597,493621,24,2392
491102,493589,493621,32,2487
491102,493583,493622,39,2481
491102,493521,493621,100,2419
491102,493560,493622,62,2458
491102,493585,493623,38,2483
491205,493599,493623,24,2394
491102,493585,493622,37,2483
491102,493582,493624,42,2480
491205,493599,493623,24,2394
491102,493585,493625,40,2483
491102,493589,493625,36,2487
491102,493581,493626,45,2479
491205,493601,493627,26,2396
491102,493587,493627,40,2485
491102,493587,493628,41,2485
491102,493586,493628,42,2484
491205,493600,493629,29,2395
491102,493592,493630,38,2490
491102,493594,493630,36,2492
491205,493621,493632,11,2416
491205,493597,493632,35,2392
491205,493620,493633,13,2415
491102,493590,493635,45,2488
491205,493620,493635,15,2415
491205,493620,493635,15,2415
491205,493619,493636,17,2414
491205,493622,493637,15,2417
491205,493601,493637,36,2396
491205,493621,493637,16,2416
491205,493619,493638,19,2414
491205,493621,493638,17,2416
491205,493619,493641,22,2414
491205,493622,493641,19,2417
491205,493619,493641,22,2414
491205,493623,493644,21,2418
491205,493625,493644,19,2420
491205,493624,493644,20,2419
491205,493622,493645,23,2417
491205,493623,493645,22,2418
491205,493627,493645,18,2422
491205,493625,493646,21,2420
491205,493618,493647,29,2413
491205,493624,493647,23,2419
491205,493623,493648,25,2418
491205,493623,493651,28,2418
491205,493627,493652,25,2422
491205,493617,493652,35,2412
491205,493627,493653,26,2422
491205,493629,493653,24,2424
491205,493601,493655,54,2396
491205,493615,493655,40,2410
491205,493614,493655,41,2409
491205,493629,493655,26,2424
491205,493629,493656,27,2424
491205,493617,493658,41,2412
491205,493614,493658,44,2409
491205,493617,493659,42,2412
491205,493617,493661,44,2412
491205,493630,493664,34,2425
491205,493609,493665,56,2404
491205,493603,493666,63,2398
491205,493638,493668,30,2433
491205,493618,493668,50,2413
491205,493618,493669,51,2413
491205,493605,493669,64,2400
491205,493604,493669,65,2399
491205,493613,493670,57,2408
491205,493602,493672,70,2397
491205,493610,493673,63,2405
491205,493638,493673,35,2433
491205,493637,493673,36,2432
491205,493647,493675,28,2442
491205,493606,493675,69,2401
491205,493642,493675,33,2437
491205,493609,493675,66,2404
491205,493636,493676,40,2431
491205,493606,493676,70,2401
491205,493605,493677,72,2400
491205,493648,493677,29,2443
491205,493647,493677,30,2442
491205,493612,493677,65,2407
490620,492901,493678,777,2281
491205,493648,493678,30,2443
491205,493631,493678,47,2426
491205,493638,493678,40,2433
491205,493603,493678,75,2398
491205,493634,493679,45,2429
491205,493633,493680,47,2428
491205,493639,493680,41,2434
491205,493636,493681,45,2431
491205,493608,493681,73,2403
491205,493646,493682,36,2441
491205,493656,493683,27,2451
491205,493652,493683,31,2447
491205,493655,493683,28,2450
491205,493653,493684,31,2448
491205,493655,493684,29,2450
491205,493603,493684,81,2398
491205,493654,493684,30,2449
491205,493641,493685,44,2436
491205,493654,493685,31,2449
491205,493612,493685,73,2407
491205,493635,493685,50,2430
491205,493612,493686,74,2407
491205,493656,493686,30,2451
491205,493612,493687,75,2407
491205,493655,493687,32,2450
491205,493653,493687,34,2448
491205,493609,493688,79,2404
491205,493658,493688,30,2453
491205,493635,493688,53,2430
491205,493662,493689,27,2457
491205,493665,493690,25,2460
491205,493644,493691,47,2439
491205,493665,493691,26,2460
491205,493659,493691,32,2454
491205,493611,493691,80,2406
491205,493634,493692,58,2429
491205,493642,493692,50,2437
491205,493644,493693,49,2439
491205,493644,493693,49,2439
491205,493645,493694,49,2440
491205,493609,493693,84,2404
491205,493602,493695,93,2397
491276,493678,493696,18,2402
491205,493613,493696,83,2408
491276,493678,493696,18,2402
491205,493666,493697,31,2461
491205,493610,493697,87,2405
491205,493659,493697,38,2454
491205,493610,493698,88,2405
491205,493668,493699,31,2463
491276,493678,493700,22,2402
491276,493681,493700,19,2405
491205,493669,493701,32,2464
491205,493610,493701,91,2405
491276,493679,493701,22,2403
491205,493678,493703,25,2473
491205,493675,493703,28,2470
491205,493677,493704,27,2472
491276,493680,493704,24,2404
491205,493673,493704,31,2468
491205,493670,493705,35,2465
491205,493670,493706,36,2465
491205,493676,493706,30,2471
491276,493683,493706,23,2407
491276,493681,493707,26,2405
491205,493669,493707,38,2464
491276,493681,493708,27,2405
491205,493673,493708,35,2468
491205,493673,493709,36,2468
491205,493678,493709,31,2473
491205,493613,493709,96,2408
491205,493646,493709,63,2441
491276,493679,493709,30,2403
491276,493682,493710,28,2406
491205,493610,493710,100,2405
491205,493672,493710,38,2467
491205,493676,493711,35,2471
491205,493677,493711,34,2472
491205,493675,493712,37,2470
491205,493670,493714,44,2465
491205,493678,493714,36,2473
491276,493702,493715,13,2426
491276,493703,493715,12,2427
491276,493702,493718,16,2426
491276,493704,493719,15,2428
491276,493704,493719,15,2428
491276,493699,493719,20,2423
491276,493702,493720,18,2426
491276,493701,493720,19,2425
491276,493704,493721,17,2428
491276,493701,493722,21,2425
491276,493705,493721,16,2429
491276,493706,493724,18,2430
491276,493683,493725,42,2407
491276,493705,493725,20,2429
491276,493698,493728,30,2422
491276,493698,493721,23,2422
491276,493697,493728,31,2421
491276,493708,493730,22,2432
491276,493707,493730,23,2431
491276,493708,493731,23,2432
491276,493710,493731,21,2434
491276,493709,493731,22,2433
491276,493697,493731,34,2421
491276,493709,493732,23,2433
491276,493706,493732,26,2430
491276,493707,493733,26,2431
491276,493710,493733,23,2434
491276,493696,493733,37,2420
491276,493709,493734,25,2433
491276,493711,493734,23,2435
491276,493711,493735,24,2435
491276,493712,493736,24,2436
491276,493712,493737,25,2436
491276,493688,493737,49,2412
491276,493691,493737,46,2415
491276,493710,493738,28,2434
491276,493687,493738,51,2411
491276,493710,493738,28,2434
491276,493697,493740,43,2421
491276,493688,493741,53,2412
491276,493694,493741,47,2418
491276,493685,493743,58,2409
491276,493713,493743,30,2437
491276,493698,493742,44,2422
491276,493685,493743,58,2409
491276,493693,493744,51,2417
491276,493687,493744,57,2411
491276,493692,493744,52,2416
491276,493694,493745,51,2418
491276,493691,493746,55,2415
491276,493687,493746,59,2411
491276,493719,493748,29,2443
491276,493719,493748,29,2443
491276,493693,493748,55,2417
491276,493691,493748,57,2415
491276,493691,493749,58,2415
491276,493698,493750,52,2422
491276,493688,493752,64,2412
491276,493685,493753,68,2409
491276,493721,493754,33,2445
491276,493714,493754,40,2438
491276,493686,493755,69,2410
491276,493693,493755,62,2417
491276,493714,493755,41,2438
491276,493686,493756,70,2410
491276,493732,493757,25,2456
491276,493719,493756,37,2443
491276,493684,493757,73,2408
491276,493734,493757,23,2458
491276,493720,493758,38,2444
491276,493736,493759,23,2460
491276,493720,493759,39,2444
491276,493693,493760,67,2417
491276,493728,493759,31,2452
491276,493732,493759,27,2456
491276,493722,493760,38,2446
491276,493685,493760,75,2409
491276,493730,493761,31,2454
491276,493732,493763,31,2456
491276,493732,493762,30,2456
491276,493734,493763,29,2458
491276,493685,493763,78,2409
491276,493731,493764,33,2455
491276,493739,493763,24,2463
491276,493734,493764,30,2458
491276,493732,493764,32,2456
491276,493716,493765,49,2440
491276,493735,493766,31,2459
491276,493739,493766,27,2463
491276,493725,493767,42,2449
491276,493688,493767,79,2412
491276,493731,493766,35,2455
491276,493722,493767,45,2446
491276,493736,493767,31,2460
491276,493737,493768,31,2461
491276,493742,493769,27,2466
491276,493744,493770,26,2468
491276,493749,493770,21,2473
491276,493737,493770,33,2461
491276,493742,493770,28,2466
491276,493728,493771,43,2452
491276,493729,493772,43,2453
491276,493729,493772,43,2453
491374,493755,493773,18,2381
491276,493733,493773,40,2457
491276,493725,493772,47,2449
491276,493684,493773,89,2408
491276,493743,493773,30,2467
491276,493715,493773,58,2439
491276,493689,493774,85,2413
491276,493726,493774,48,2450
491276,493738,493775,37,2462
491276,493738,493774,36,2462
491276,493744,493775,31,2468
491276,493741,493776,35,2465
491276,493743,493776,33,2467
491276,493743,493776,33,2467
491276,493744,493776,32,2468
491276,493748,493777,29,2472
491374,493757,493777,20,2383
491374,493757,493777,20,2383
491276,493751,493777,26,2475
491276,493747,493778,31,2471
491374,493755,493777,22,2381
491276,493753,493777,24,2477
491276,493749,493778,29,2473
491374,493754,493778,24,2380
491276,493684,493778,94,2408
491276,493749,493779,30,2473
491276,493690,493779,89,2414
491374,493755,493779,24,2381
491276,493744,493780,36,2468
491276,493745,493780,35,2469
491374,493756,493779,23,2382
491374,493756,493780,24,2382
491276,493746,493784,38,2470
491374,493758,493784,26,2384
491276,493748,493786,38,2472
491374,493758,493787,29,2384
491374,493776,493789,13,2402
491374,493775,493789,14,2401
491374,493776,493791,15,2402
491374,493759,493791,32,2385
491374,493775,493791,16,2401
491374,493774,493791,17,2400
491374,493777,493791,14,2403
491374,493776,493792,16,2402
491374,493775,493793,18,2401
491374,493777,493794,17,2403
491374,493778,493794,16,2404
491374,493774,493796,22,2400
491374,493778,493796,18,2404
491374,493778,493796,18,2404
491374,493778,493797,19,2404
491374,493778,493799,21,2404
491374,493778,493799,21,2404
491374,493760,493799,39,2386
491374,493779,493799,20,2405
491374,493779,493800,21,2405
491374,493778,493801,23,2404
491374,493774,493801,27,2400
491374,493778,493803,25,2404
491374,493780,493803,23,2406
491374,493779,493804,25,2405
491374,493779,493804,25,2405
491374,493780,493806,26,2406
491374,493780,493807,27,2406
491374,493772,493807,35,2398
491374,493781,493808,27,2407
491374,493769,493808,39,2395
491374,493786,493810,24,2412
491374,493773,493810,37,2399
491374,493780,493811,31,2406
491374,493787,493811,24,2413
491374,493773,493812,39,2399
491374,493784,493812,28,2410
491374,493784,493815,31,2410
491374,493768,493814,46,2394
491374,493760,493817,57,2386
491374,493768,493816,48,2394
491374,493771,493818,47,2397
491374,493767,493818,51,2393
491374,493773,493818,45,2399
491374,493764,493819,55,2390
491374,493767,493819,52,2393
490778,492985,493820,835,2207
491374,493769,493820,51,2395
491374,493762,493820,58,2388
491374,493789,493820,31,2415
491374,493763,493820,57,2389
491374,493760,493822,62,2386
491374,493764,493822,58,2390
491374,493773,493822,49,2399
491374,493790,493823,33,2416
491374,493772,493824,52,2398
491374,493765,493824,59,2391
491374,493764,493825,61,2390
491374,493791,493826,35,2417
491374,493792,493826,34,2418
491374,493760,493826,66,2386
491374,493791,493827,36,2417
491374,493791,493827,36,2417
490867,493067,493827,760,2200
491374,493804,493828,24,2430
491374,493792,493828,36,2418
491374,493773,493830,57,2399
491374,493767,493830,63,2393
491374,493804,493832,28,2430
491374,493793,493831,38,2419
491374,493771,493832,61,2397
491374,493763,493832,69,2389
491374,493803,493833,30,2429
491374,493765,493833,68,2391
491374,493804,493834,30,2430
491374,493798,493835,37,2424
491374,493800,493835,35,2426
491374,493763,493835,72,2389
491374,493799,493835,36,2425
491374,493767,493835,68,2393
491374,493767,493835,68,2393
491374,493807,493836,29,2433
491374,493795,493837,42,2421
491374,493771,493838,67,2397
491374,493801,493837,36,2427
491374,493794,493837,43,2420
491374,493791,493838,47,2417
491374,493808,493838,30,2434
491374,493765,493839,74,2391
491374,493802,493839,37,2428
491374,493811,493839,28,2437
491374,493796,493839,43,2422
491374,493812,493840,28,2438
491374,493799,493840,41,2425
491374,493807,493841,34,2433
491374,493797,493841,44,2423
491374,493807,493841,34,2433
491374,493771,493841,70,2397
491374,493815,493842,27,2441
491374,493812,493842,30,2438
491374,493801,493843,42,2427
491374,493808,493843,35,2434
491374,493797,493844,47,2423
491374,493810,493845,35,2436
491443,493828,493846,18,2385
491374,493817,493846,29,2443
491374,493817,493846,29,2443
491374,493760,493847,87,2386
491374,493820,493847,27,2446
491374,493822,493847,25,2448
491374,493819,493847,28,2445
491374,493819,493848,29,2445
491443,493829,493849,20,2386
491374,493815,493850,35,2441
491443,493828,493850,22,2385
491374,493820,493850,30,2446
491374,493812,493851,39,2438
491443,493828,493851,23,2385
491374,493760,493851,91,2386
491374,493820,493851,31,2446
491443,493831,493851,20,2388
491443,493828,493852,24,2385
491374,493826,493852,26,2452
491374,493825,493853,28,2451
491374,493760,493852,92,2386
491374,493820,493853,33,2446
491374,493818,493853,35,2444
491374,493812,493853,41,2438
491374,493822,493853,31,2448
491374,493821,493854,33,2447
491374,493825,493854,29,2451
491374,493824,493854,30,2450
491443,493832,493855,23,2389
491374,493827,493855,28,2453
491374,493821,493856,35,2447
491374,493800,493857,57,2426
491374,493824,493858,34,2450
491443,493831,493858,27,2388
491374,493820,493858,38,2446
491374,493822,493858,36,2448
491443,493833,493860,27,2390
491443,493833,493861,28,2390
491443,493832,493864,32,2389
491443,493850,493864,14,2407
491443,493851,493866,15,2408
491443,493850,493865,15,2407
491443,493852,493865,13,2409
491443,493852,493865,13,2409
491443,493852,493867,15,2409
491443,493852,493868,16,2409
491443,493849,493868,19,2406
491443,493852,493869,17,2409
491443,493850,493870,20,2407
491443,493848,493869,21,2405
491443,493853,493870,17,2410
491443,493848,493871,23,2405
491443,493853,493873,20,2410
491443,493853,493874,21,2410
491443,493854,493874,20,2411
491443,493853,493876,23,2410
491443,493853,493876,23,2410
491443,493856,493878,22,2413
491443,493855,493879,24,2412
491443,493855,493880,25,2412
491443,493854,493881,27,2411
491443,493856,493883,27,2413
491443,493844,493883,39,2401
491443,493854,493883,29,2411
491443,493855,493883,28,2412
491443,493857,493884,27,2414
491443,493859,493884,25,2416
491443,493834,493885,51,2391
491443,493842,493885,43,2399
491443,493858,493885,27,2415
491443,493858,493886,28,2415
491443,493861,493886,25,2418
491443,493858,493887,29,2415
491443,493845,493887,42,2402
491443,493837,493887,50,2394
491443,493842,493888,46,2399
491443,493846,493888,42,2403
491443,493838,493889,51,2395
491443,493859,493890,31,2416
491443,493840,493890,50,2397
491443,493837,493890,53,2394
491443,493841,493890,49,2398
491443,493843,493891,48,2400
491443,493862,493892,30,2419
491443,493841,493893,52,2398
491443,493834,493894,60,2391
491443,493848,493893,45,2405
491443,493840,493895,55,2397
491443,493865,493898,33,2422
491443,493836,493897,61,2393
491443,493841,493898,57,2398
491443,493838,493899,61,2395
491443,493836,493901,65,2393
491443,493839,493900,61,2396
491443,493844,493901,57,2401
491443,493866,493901,35,2423
491443,493836,493902,66,2393
491443,493867,493903,36,2424
491443,493866,493904,38,2423
491443,493847,493905,58,2404
491443,493875,493905,30,2432
491443,493868,493906,38,2425
491443,493865,493907,42,2422
491443,493843,493907,64,2400
491443,493836,493907,71,2393
491443,493871,493906,35,2428
491443,493866,493907,41,2423
491443,493843,493907,64,2400
491443,493881,493908,27,2438
491443,493838,493908,70,2395
491443,493878,493909,31,2435
491443,493839,493908,69,2396
491443,493847,493908,61,2404
491443,493846,493908,62,2403
491443,493836,493909,73,2393
491443,493839,493909,70,2396
491443,493884,493910,26,2441
491443,493884,493910,26,2441
491443,493869,493911,42,2426
491443,493869,493911,42,2426
491443,493885,493911,26,2442
491443,493840,493911,71,2397
490889,493145,493912,767,2256
491443,493873,493912,39,2430
491443,493835,493912,77,2392
491443,493839,493913,74,2396
491443,493870,493914,44,2427
491443,493875,493914,39,2432
491443,493880,493914,34,2437
491443,493871,493916,45,2428
491443,493880,493916,36,2437
491443,493888,493917,29,2445
491443,493888,493917,29,2445
491443,493877,493918,41,2434
491443,493889,493918,29,2446
491443,493891,493919,28,2448
491443,493886,493919,33,2443
491443,493866,493919,53,2423
491443,493886,493920,34,2443
491443,493887,493920,33,2444
491443,493884,493920,36,2441
491443,493877,493920,43,2434
491443,493890,493920,30,2447
491443,493888,493921,33,2445
491443,493885,493921,36,2442
491443,493883,493922,39,2440
491443,493891,493922,31,2448
491443,493891,493922,31,2448
491523,493906,493922,16,2383
491443,493891,493923,32,2448
491523,493905,493923,18,2382
491443,493835,493924,89,2392
491443,493870,493924,54,2427
491443,493886,493925,39,2443
491523,493906,493925,19,2383
491443,493887,493926,39,2444
491443,493902,493926,24,2459
491443,493893,493927,34,2450
491523,493907,493926,19,2384
491443,493887,493927,40,2444
491443,493891,493927,36,2448
491523,493906,493927,21,2383
491443,493899,493928,29,2456
491523,493907,493928,21,2384
491443,493901,493929,28,2458
491443,493895,493928,33,2452
491443,493895,493928,33,2452
491443,493893,493928,35,2450
491443,493899,493929,30,2456
491443,493901,493929,28,2458
491443,493902,493930,28,2459
491523,493907,493930,23,2384
491443,493898,493930,32,2455
491523,493908,493930,22,2385
491443,493902,493932,30,2459
491523,493907,493933,26,2384
491443,493894,493933,39,2451
491443,493898,493937,39,2455
491523,493926,493938,12,2403
491523,493908,493937,29,2385
491523,493925,493939,14,2402
491523,493909,493940,31,2386
491523,493927,493941,14,2404
491523,493924,493941,17,2401
491523,493926,493941,15,2403
491523,493927,493941,14,2404
491523,493923,493942,19,2400
491523,493923,493943,20,2400
491523,493925,493942,17,2402
491523,493922,493943,21,2399
491523,493928,493945,17,2405
491523,493927,493946,19,2404
491523,493927,493946,19,2404
491523,493928,493947,19,2405
491523,493928,493947,19,2405
491523,493909,493949,40,2386
491523,493928,493950,22,2405
491523,493928,493951,23,2405
491523,493929,493950,21,2406
491523,493929,493952,23,2406
491523,493929,493954,25,2406
491523,493929,493954,25,2406
491523,493933,493954,21,2410
491523,493930,493955,25,2407
491523,493930,493955,25,2407
491523,493922,493955,33,2399
491523,493932,493956,24,2409
491523,493918,493957,39,2395
491523,493931,493958,27,2408
491523,493931,493960,29,2408
491523,493919,493961,42,2396
491523,493929,493961,32,2406
491523,493931,493962,31,2408
491523,493922,493962,40,2399
491523,493934,493962,28,2411
491523,493919,493963,44,2396
491523,493938,493965,27,2415
491523,493917,493964,47,2394
491523,493911,493965,54,2388
491523,493917,493967,50,2394
491523,493912,493967,55,2389
491523,493912,493967,55,2389
491523,493911,493968,57,2388
491523,493921,493969,48,2398
491523,493913,493969,56,2390
491523,493922,493969,47,2399
491523,493921,493970,49,2398
491523,493913,493970,57,2390
491523,493939,493970,31,2416
491523,493921,493970,49,2398
491523,493914,493970,56,2391
491523,493912,493971,59,2389
491523,493918,493971,53,2395
491523,493914,493971,57,2391
491523,493909,493971,62,2386
491523,493938,493972,34,2415
491523,493919,493973,54,2396
491523,493938,493973,35,2415
491523,493942,493974,32,2419
491523,493912,493975,63,2389
491523,493913,493976,63,2390
491523,493954,493978,24,2431
491523,493918,493979,61,2395
491523,493921,493979,58,2398
491523,493942,493979,37,2419
491523,493943,493980,37,2420
491523,493941,493980,39,2418
491523,493940,493981,41,2417
491523,493909,493982,73,2386
491523,493951,493983,32,2428
491523,493955,493984,29,2432
491523,493941,493986,45,2418
491523,493921,493986,65,2398
491523,493943,493986,43,2420
491523,493955,493987,32,2432
491523,493920,493988,68,2397
491523,493947,493988,41,2424
491523,493952,493988,36,2429
491523,493957,493989,32,2434
491523,493921,493989,68,2398
491523,493909,493990,81,2386
491523,493956,493989,33,2433
491523,493913,493990,77,2390
491523,493958,493990,32,2435
491523,493956,493991,35,2433
491523,493961,493991,30,2438
491523,493941,493992,51,2418
491523,493949,493992,43,2426
491523,493957,493992,35,2434
491523,493961,493992,31,2438
491523,493945,493993,48,2422
491523,493948,493993,45,2425
491523,493958,493995,37,2435
491523,493962,493997,35,2439
491523,493962,493996,34,2439
491523,493963,493996,33,2440
491523,493944,493996,52,2421
491523,493948,493997,49,2425
491599,493976,493997,21,2377
491523,493914,493998,84,2391
491523,493967,493997,30,2444
491599,493979,493998,19,2380
491523,493972,493997,25,2449
491523,493960,493998,38,2437
491523,493968,493999,31,2445
491523,493950,493998,48,2427
491523,493968,493998,30,2445
491523,493909,493999,90,2386
491523,493909,493999,90,2386
491523,493974,493999,25,2451
491523,493962,494000,38,2439
491523,493969,494000,31,2446
491523,493909,494000,91,2386
491599,493980,494000,20,2381
491523,493969,494000,31,2446
491599,493980,494000,20,2381
491523,493971,494000,29,2448
491523,493946,494001,55,2423
491523,493973,494000,27,2450
491523,493951,494001,50,2428
491523,493966,494001,35,2443
491599,493977,494002,25,2378
491523,493971,494001,30,2448
491523,493971,494002,31,2448
491523,493965,494002,37,2442
491523,493971,494002,31,2448
491523,493965,494003,38,2442
491523,493974,494004,30,2451
491523,493969,494004,35,2446
491523,493971,494004,33,2448
491599,493980,494004,24,2381
490952,493234,494004,770,2282
491523,493970,494005,35,2447
491599,493981,494006,25,2382
491523,493971,494006,35,2448
491523,493971,494006,35,2448
491599,493980,494007,27,2381
491599,493982,494009,27,2383
491599,494001,494014,13,2402
491523,493969,494014,45,2446
491599,494000,494014,14,2401
491599,494001,494014,13,2402
491599,494001,494015,14,2402
491599,494001,494015,14,2402
491599,493983,494016,33,2384
491599,494000,494017,17,2401
491599,494001,494018,17,2402
491599,494000,494017,17,2401
491599,493984,494019,35,2385
491599,494000,494020,20,2401
491599,494003,494019,16,2404
491599,494001,494020,19,2402
491599,494001,494020,19,2402
491599,494001,494020,19,2402
491599,494004,494024,20,2405
491599,494002,494025,23,2403
491599,493985,494027,42,2386
491599,494003,494027,24,2404
491599,494002,494026,24,2403
491599,494005,494027,22,2406
491599,494002,494028,26,2403
491599,494010,494029,19,2411
491599,493999,494030,31,2400
491599,494000,494031,31,2401
491599,494003,494026,23,2404
491599,494005,494032,27,2406
491599,494005,494033,28,2406
491599,493999,494033,34,2400
491599,494005,494034,29,2406
491599,493997,494034,37,2398
491599,493993,494035,42,2394
491599,494006,494034,28,2407
491599,493999,494035,36,2400
491599,494008,494036,28,2409
491599,493997,494035,38,2398
491599,494007,494036,29,2408
491599,494006,494037,31,2407
491599,493997,494037,40,2398
491599,493990,494037,47,2391
491599,493999,494038,39,2400
491599,494007,494038,31,2408
491599,493997,494041,44,2398
491599,494014,494041,27,2415
491599,493989,494042,53,2390
491599,493993,494043,50,2394
491599,493993,494044,51,2394
491599,494014,494045,31,2415
491599,493990,494044,54,2391
491599,493996,494045,49,2397
491599,493993,494047,54,2394
491599,494015,494049,34,2416
491599,493991,494050,59,2392
491599,493999,494049,50,2400
491599,494018,494050,32,2419
491599,494015,494050,35,2416
491599,493991,494052,61,2392
491599,493991,494052,61,2392
491599,493997,494052,55,2398
491599,493998,494054,56,2399
491599,493998,494054,56,2399
491599,494017,494055,38,2418
491599,494018,494055,37,2419
491599,494015,494055,40,2416
491599,494021,494056,35,2422
491599,493989,494057,68,2390
491599,493998,494058,60,2399
491599,494028,494058,30,2429
491599,493989,494059,70,2390
491599,493992,494060,68,2393
491599,494029,494061,32,2430
491599,494030,494061,31,2431
491599,493998,494061,63,2399
491599,494034,494062,28,2435
491599,494032,494061,29,2433
491599,494032,494062,30,2433
491599,494031,494063,32,2432
491599,493990,494063,73,2391
491599,494029,494063,34,2430
491599,494035,494064,29,2436
491599,494020,494064,44,2421
491599,494037,494065,28,2438
491599,494034,494066,32,2435
491599,494027,494066,39,2428
491599,494016,494066,50,2417
491599,494025,494066,41,2426
491599,494021,494067,46,2422
491599,494035,494066,31,2436
491599,494038,494067,29,2439
491599,494033,494068,35,2434
491599,493992,494069,77,2393
491599,494036,494070,34,2437
491599,494034,494070,36,2435
491599,494043,494070,27,2444
491599,494035,494071,36,2436
491599,494036,494071,35,2437
491599,493987,494071,84,2388
491599,493998,494071,73,2399
491599,494042,494072,30,2443
491599,494036,494071,35,2437
491599,494027,494072,45,2428
491673,494055,494073,18,2382
491599,494037,494073,36,2438
491599,494016,494073,57,2417
491599,494025,494073,48,2426
491599,494039,494073,34,2440
491599,494042,494073,31,2443
491599,494039,494074,35,2440
491599,493992,494074,82,2393
491599,494020,494075,55,2421
491673,494055,494075,20,2382
491599,494027,494076,49,2428
491599,494053,494076,23,2454
491599,494047,494077,30,2448
491599,494020,494077,57,2421
491673,494056,494078,22,2383
491599,494036,494078,42,2437
491599,494049,494079,30,2450
491599,494043,494079,36,2444
491599,494045,494080,35,2446
491599,494045,494080,35,2446
491599,493988,494080,92,2389
491599,494053,494082,29,2454
491673,494056,494082,26,2383
491599,494055,494083,28,2456
491599,494046,494083,37,2447
491673,494061,494084,23,2388
491599,493987,494084,97,2388
491599,494050,494084,34,2451
491599,494053,494085,32,2454
491673,494059,494085,26,2386
491599,494050,494085,35,2451
491599,494045,494086,41,2446
491673,494059,494087,28,2386
491673,494058,494087,29,2385
491599,494050,494087,37,2451
491673,494061,494089,28,2388
491673,494059,494089,30,2386
491599,493988,494090,102,2389
491599,494051,494091,40,2452
491673,494078,494092,14,2405
491599,493987,494094,107,2388
491673,494078,494094,16,2405
491673,494079,494094,15,2406
491673,494079,494094,15,2406
491673,494080,494096,16,2407
491673,494077,494096,19,2404
490969,493325,494098,773,2356
491673,494078,494098,20,2405
491673,494061,494097,36,2388
491673,494082,494099,17,2409
491673,494081,494100,19,2408
491673,494080,494100,20,2407
491673,494076,494101,25,2403
491673,494085,494106,21,2412
491673,494083,494106,23,2410
491673,494074,494106,32,2401
491673,494084,494106,22,2411
491673,494074,494106,32,2401
491673,494085,494106,21,2412
491673,494071,494107,36,2398
491673,494074,494107,33,2401
491673,494082,494107,25,2409
491673,494083,494107,24,2410
491673,494070,494108,38,2397
491673,494082,494110,28,2409
491673,494071,494110,39,2398
491673,494086,494110,24,2413
491673,494076,494110,34,2403
491673,494070,494110,40,2397
491673,494075,494112,37,2402
491673,494071,494113,42,2398
491673,494086,494113,27,2413
491673,494072,494113,41,2399
491673,494075,494114,39,2402
491673,494071,494114,43,2398
491673,494086,494114,28,2413
491673,494086,494116,30,2413
491673,494091,494117,26,2418
491673,494074,494117,43,2401
491673,494087,494118,31,2414
491673,494074,494118,44,2401
491673,494070,494119,49,2397
491673,494090,494119,29,2417
491673,494067,494118,51,2394
491673,494072,494118,46,2399
491673,494073,494119,46,2400
491673,494074,494119,45,2401
491673,494088,494120,32,2415
491673,494089,494121,32,2416
491673,494091,494120,29,2418
491673,494062,494122,60,2389
491673,494067,494123,56,2394
491673,494094,494123,29,2421
491673,494064,494123,59,2391
491673,494088,494124,36,2415
491673,494065,494124,59,2392
491673,494072,494126,54,2399
491673,494093,494127,34,2420
491673,494066,494128,62,2393
491673,494065,494128,63,2392
491673,494100,494130,30,2427
491673,494067,494129,62,2394
491673,494069,494131,62,2396
491673,494094,494131,37,2421
491673,494097,494132,35,2424
491673,494067,494133,66,2394
491673,494095,494132,37,2422
491673,494098,494133,35,2425
491673,494064,494136,72,2391
491673,494095,494137,42,2422
491673,494108,494140,32,2435
491673,494110,494140,30,2437
491673,494113,494140,27,2440
491673,494073,494141,68,2400
491673,494108,494141,33,2435
491673,494098,494142,44,2425
491673,494100,494142,42,2427
491673,494101,494143,42,2428
491673,494107,494143,36,2434
491673,494117,494144,27,2444
491673,494067,494143,76,2394
491673,494098,494144,46,2425
491673,494114,494145,31,2441
491673,494114,494145,31,2441
491673,494111,494148,37,2438
491673,494111,494148,37,2438
491673,494113,494149,36,2440
491673,494118,494149,31,2445
491673,494109,494150,41,2436
491673,494113,494150,37,2440
491673,494119,494150,31,2446
491673,494111,494150,39,2438
491673,494064,494150,86,2391
491673,494111,494150,39,2438
491673,494115,494150,35,2442
491673,494106,494151,45,2433
491749,494133,494152,19,2384
491673,494102,494152,50,2429
491749,494131,494152,21,2382
491673,494125,494152,27,2452
491673,494067,494153,86,2394
491673,494107,494153,46,2434
491673,494107,494153,46,2434
491673,494119,494153,34,2446
491749,494130,494154,24,2381
491673,494063,494154,91,2390
491673,494120,494154,34,2447
491673,494063,494155,92,2390
491673,494119,494154,35,2446
491673,494124,494155,31,2451
491673,494117,494155,38,2444
491673,494122,494155,33,2449
491673,494119,494155,36,2446
491673,494106,494157,51,2433
491673,494121,494157,36,2448
491673,494119,494156,37,2446
491673,494062,494157,95,2389
491673,494107,494157,50,2434
491673,494062,494157,95,2389
491749,494132,494158,26,2383
491673,494121,494159,38,2448
491673,494124,494159,35,2451
491673,494120,494159,39,2447
491749,494132,494159,27,2383
491673,494118,494159,41,2445
491673,494129,494159,30,2456
491749,494133,494160,27,2384
491673,494122,494160,38,2449
491673,494127,494160,33,2454
491673,494115,494161,46,2442
491673,494128,494161,33,2455
491673,494111,494161,50,2438
491673,494106,494163,57,2433
491749,494140,494163,23,2391
491673,494127,494163,36,2454
491673,494125,494164,39,2452
491749,494137,494164,27,2388
491673,494107,494165,58,2434
491749,494133,494166,33,2384
491749,494138,494167,29,2389
491673,494124,494166,42,2451
490976,493415,494170,755,2439
491749,494157,494170,13,2408
491749,494157,494170,13,2408
491749,494158,494171,13,2409
491749,494158,494171,13,2409
491749,494140,494173,33,2391
491749,494158,494176,18,2409
491749,494160,494176,16,2411
491749,494161,494179,18,2412
491749,494159,494178,19,2410
491749,494156,494179,23,2407
491749,494161,494179,18,2412
491749,494159,494179,20,2410
491749,494160,494181,21,2411
491749,494161,494180,19,2412
491749,494159,494181,22,2410
491749,494160,494181,21,2411
491749,494157,494181,24,2408
491749,494160,494182,22,2411
491749,494152,494184,32,2403
491749,494155,494184,29,2406
491749,494162,494185,23,2413
491749,494155,494187,32,2406
491749,494155,494187,32,2406
491749,494155,494187,32,2406
491749,494155,494188,33,2406
491749,494153,494188,35,2404
491749,494153,494189,36,2404
491749,494162,494188,26,2413
491749,494154,494189,35,2405
491749,494156,494190,34,2407
491749,494165,494190,25,2416
491749,494155,494191,36,2406
491749,494152,494191,39,2403
491749,494163,494193,30,2414
491749,494150,494194,44,2401
491749,494167,494193,26,2418
491749,494151,494194,43,2402
491749,494164,494194,30,2415
491749,494151,494195,44,2402
491749,494150,494195,45,2401
491749,494167,494195,28,2418
491749,494140,494196,56,2391
491749,494145,494196,51,2396
491749,494156,494195,39,2407
491749,494162,494196,34,2413
491749,494164,494196,32,2415
491749,494164,494196,32,2415
491749,494166,494197,31,2417
491749,494152,494198,46,2403
491749,494167,494200,33,2418
491749,494144,494201,57,2395
491749,494150,494201,51,2401
491749,494153,494202,49,2404
491749,494145,494203,58,2396
491749,494152,494205,53,2403
491749,494170,494207,37,2421
491749,494171,494208,37,2422
491749,494141,494208,67,2392
491749,494153,494208,55,2404
491749,494150,494209,59,2401
491749,494150,494209,59,2401
491749,494174,494210,36,2425
491749,494170,494210,40,2421
491749,494148,494211,63,2399
491749,494144,494211,67,2395
491749,494172,494212,40,2423
491749,494144,494213,69,2395
491749,494180,494213,33,2431
491749,494148,494213,65,2399
491749,494179,494214,35,2430
491749,494185,494214,29,2436
491749,494179,494215,36,2430
491749,494180,494218,38,2431
491749,494188,494218,30,2439
491749,494149,494220,71,2400
491749,494177,494221,44,2428
491749,494181,494222,41,2432
491749,494180,494222,42,2431
491749,494188,494223,35,2439
491749,494189,494224,35,2440
491749,494141,494223,82,2392
491749,494189,494224,35,2440
491749,494177,494224,47,2428
491749,494192,494225,33,2443
491749,494172,494224,52,2423
491749,494182,494225,43,2433
491749,494194,494225,31,2445
491749,494189,494226,37,2440
491749,494189,494225,36,2440
491749,494186,494225,39,2437
491749,494190,494227,37,2441
491749,494197,494227,30,2448
491749,494149,494227,78,2400
491749,494187,494229,42,2438
491749,494195,494228,33,2446
491749,494196,494229,33,2447
491749,494197,494230,33,2448
491861,494210,494230,20,2349
491749,494196,494230,34,2447
491749,494197,494230,33,2448
491749,494181,494230,49,2432
491749,494196,494230,34,2447
491749,494193,494231,38,2444
491749,494143,494231,88,2394
491749,494190,494231,41,2441
491749,494142,494231,89,2393
491749,494183,494232,49,2434
491749,494190,494233,43,2441
491749,494191,494233,42,2442
491749,494198,494232,34,2449
491749,494195,494232,37,2446
491749,494196,494235,39,2447
491861,494213,494235,22,2352
491749,494199,494236,37,2450
491749,494194,494236,42,2445
491861,494210,494235,25,2349
491861,494214,494236,22,2353
491749,494203,494236,33,2454
491749,494202,494236,34,2453
491749,494196,494237,41,2447
491749,494181,494237,56,2432
491749,494209,494237,28,2460
491749,494205,494238,33,2456
491749,494203,494238,35,2454
491749,494184,494239,55,2435
491861,494210,494239,29,2349
491749,494208,494239,31,2459
491861,494211,494240,29,2350
491749,494143,494240,97,2394
491749,494194,494241,47,2445
491861,494212,494241,29,2351
491861,494214,494242,28,2353
491749,494182,494242,60,2433
491861,494214,494243,29,2353
491749,494208,494244,36,2459
491861,494215,494245,30,2354
491749,494209,494246,37,2460
491749,494201,494246,45,2452
491861,494236,494249,13,2375
491749,494202,494251,49,2453
491861,494236,494251,15,2375
491861,494236,494252,16,2375
491861,494236,494252,16,2375
491861,494215,494254,39,2354
491861,494237,494253,16,2376
491861,494236,494255,19,2375
491861,494237,494255,18,2376
491749,494143,494256,113,2394
491861,494239,494256,17,2378
491861,494238,494257,19,2377
491861,494240,494257,17,2379
491861,494238,494257,19,2377
491861,494238,494258,20,2377
491861,494239,494258,19,2378
491861,494232,494258,26,2371
491861,494236,494260,24,2375
491861,494233,494259,26,2372
491861,494231,494260,29,2370
491861,494216,494262,46,2355
491861,494232,494264,32,2371
491861,494238,494264,26,2377
491861,494231,494264,33,2370
491861,494231,494264,33,2370
491861,494233,494264,31,2372
491861,494241,494265,24,2380
491861,494240,494265,25,2379
491861,494229,494265,36,2368
491861,494233,494266,33,2372
491861,494229,494266,37,2368
491861,494231,494266,35,2370
491861,494233,494266,33,2372
491861,494233,494267,34,2372
491861,494227,494267,40,2366
491861,494228,494268,40,2367
491861,494229,494269,40,2368
491861,494231,494269,38,2370
491861,494236,494270,34,2375
491861,494227,494270,43,2366
491861,494241,494271,30,2380
491861,494242,494272,30,2381
491861,494226,494272,46,2365
491861,494243,494272,29,2382
491861,494243,494273,30,2382
491861,494245,494273,28,2384
491034,493505,494274,769,2471
491861,494245,494275,30,2384
491861,494247,494276,29,2386
491861,494230,494276,46,2369
491861,494243,494276,33,2382
491861,494246,494276,30,2385
491861,494250,494277,27,2389
491861,494226,494279,53,2365
491861,494224,494282,58,2363
491861,494251,494284,33,2390
491861,494225,494285,60,2364
491861,494225,494285,60,2364
491861,494230,494287,57,2369
491861,494257,494288,31,2396
491861,494230,494289,59,2369
491861,494252,494292,40,2391
491861,494253,494291,38,2392
491861,494255,494292,37,2394
491861,494226,494293,67,2365
491861,494221,494294,73,2360
491861,494253,494295,42,2392
491861,494254,494295,41,2393
491861,494265,494296,31,2404
491861,494254,494295,41,2393
491861,494257,494296,39,2396
491861,494224,494297,73,2363
491861,494224,494297,73,2363
491861,494225,494298,73,2364
491861,494266,494298,32,2405
491861,494258,494298,40,2397
491861,494267,494298,31,2406
491861,494223,494299,76,2362
491861,494256,494300,44,2395
491861,494259,494300,41,2398
491861,494265,494300,35,2404
491861,494267,494301,34,2406
491861,494267,494302,35,2406
491861,494265,494301,36,2404
491861,494219,494304,85,2358
491861,494267,494304,37,2406
491861,494266,494305,39,2405
491861,494265,494305,40,2404
491861,494256,494305,49,2395
491861,494270,494305,35,2409
491861,494257,494306,49,2396
491861,494268,494307,39,2407
491861,494269,494306,37,2408
491861,494267,494307,40,2406
491861,494267,494307,40,2406
491861,494260,494307,47,2399
491861,494271,494307,36,2410
491861,494273,494307,34,2412
491861,494274,494308,34,2413
491861,494273,494307,34,2412
491861,494271,494307,36,2410
491861,494226,494308,82,2365
491861,494261,494308,47,2400
491861,494219,494308,89,2358
491861,494222,494310,88,2361
491861,494276,494310,34,2415
491929,494293,494311,18,2364
491861,494273,494311,38,2412
491929,494294,494312,18,2365
491861,494275,494312,37,2414
491861,494276,494313,37,2415
491861,494226,494313,87,2365
491861,494258,494313,55,2397
491861,494274,494314,40,2413
491861,494284,494314,30,2423
491861,494264,494315,51,2403
491861,494269,494315,46,2408
491861,494277,494315,38,2416
491929,494295,494316,21,2366
491861,494260,494316,56,2399
491861,494277,494317,40,2416
491861,494274,494317,43,2413
491861,494223,494318,95,2362
491861,494280,494317,37,2419
491861,494264,494318,54,2403
491861,494278,494319,41,2417
491861,494222,494319,97,2361
491861,494264,494319,55,2403
491929,494296,494321,25,2367
491861,494289,494322,33,2428
491861,494288,494322,34,2427
491929,494297,494323,26,2368
491929,494295,494323,28,2366
491929,494296,494323,27,2367
491929,494297,494323,26,2368
491861,494290,494323,33,2429
491861,494286,494323,37,2425
491861,494292,494325,33,2431
491861,494264,494325,61,2403
491861,494282,494326,44,2421
491929,494297,494326,29,2368
491861,494286,494327,41,2425
491929,494296,494326,30,2367
491929,494316,494329,13,2387
491929,494317,494330,13,2388
491929,494317,494330,13,2388
491929,494317,494332,15,2388
491929,494317,494334,17,2388
491929,494318,494334,16,2389
491929,494312,494335,23,2383
491929,494298,494335,37,2369
491929,494313,494338,25,2384
491929,494318,494338,20,2389
491929,494311,494338,27,2382
491929,494299,494339,40,2370
491929,494316,494339,23,2387
491929,494313,494340,27,2384
491929,494314,494341,27,2385
491929,494319,494341,22,2390
491929,494315,494342,27,2386
491929,494309,494342,33,2380
491929,494314,494342,28,2385
491929,494309,494342,33,2380
491929,494311,494343,32,2382
491929,494320,494343,23,2391
491929,494310,494344,34,2381
491929,494318,494344,26,2389
491929,494319,494345,26,2390
491929,494311,494344,33,2382
491929,494322,494346,24,2393
491929,494322,494347,25,2393
491929,494315,494347,32,2386
491929,494309,494348,39,2380
491929,494307,494348,41,2378
491929,494308,494349,41,2379
491929,494322,494350,28,2393
491929,494327,494352,25,2398
491929,494308,494352,44,2379
491929,494307,494353,46,2378
491929,494324,494352,28,2395
491929,494308,494353,45,2379
491929,494323,494353,30,2394
491929,494306,494353,47,2377
491929,494327,494354,27,2398
491929,494324,494354,30,2395
491929,494315,494354,39,2386
491929,494324,494354,30,2395
491929,494326,494355,29,2397
491929,494307,494355,48,2378
491929,494308,494355,47,2379
491929,494308,494355,47,2379
491929,494326,494356,30,2397
491929,494324,494358,34,2395
491929,494307,494359,52,2378
491929,494324,494361,37,2395
491929,494326,494362,36,2397
491929,494308,494362,54,2379
491929,494299,494363,64,2370
491929,494335,494363,28,2406
491929,494327,494363,36,2398
491929,494330,494366,36,2401
491929,494334,494366,32,2405
491929,494335,494370,35,2406
491929,494345,494370,25,2416
491929,494330,494371,41,2401
491929,494304,494371,67,2375
491929,494302,494372,70,2373
491929,494335,494372,37,2406
491929,494305,494372,67,2376
491929,494332,494374,42,2403
491929,494302,494374,72,2373
491929,494331,494375,44,2402
491929,494344,494375,31,2415
491929,494340,494376,36,2411
491929,494347,494378,31,2418
491929,494344,494378,34,2415
491929,494300,494380,80,2371
491929,494338,494381,43,2409
491929,494350,494380,30,2421
491929,494341,494381,40,2412
491929,494304,494381,77,2375
491929,494346,494382,36,2417
491929,494299,494382,83,2370
491929,494343,494384,41,2414
491929,494340,494383,43,2411
491929,494347,494384,37,2418
491929,494302,494385,83,2373
491105,493594,494385,791,2489
491929,494345,494386,41,2416
491929,494345,494385,40,2416
491929,494354,494386,32,2425
491929,494353,494387,34,2424
491929,494306,494388,82,2377
491929,494343,494388,45,2414
491929,494355,494388,33,2426
491929,494355,494389,34,2426
491929,494348,494390,42,2419
491929,494301,494389,88,2372
491929,494339,494389,50,2410
491929,494306,494390,84,2377
491929,494338,494390,52,2409
491929,494357,494390,33,2428
491929,494351,494392,41,2422
491929,494343,494392,49,2414
491929,494354,494393,39,2425
491929,494363,494393,30,2434
491929,494343,494392,49,2414
491929,494356,494392,36,2427
491929,494300,494393,93,2371
491929,494358,494394,36,2429
491929,494354,494395,41,2425
491929,494362,494394,32,2433
491929,494353,494394,41,2424
491929,494367,494395,28,2438
492014,494373,494396,23,2359
491929,494347,494397,50,2418
491929,494343,494397,54,2414
491929,494355,494396,41,2426
491929,494353,494397,44,2424
492014,494375,494397,22,2361
491929,494355,494398,43,2426
492014,494372,494397,25,2358
491929,494355,494397,42,2426
491929,494349,494398,49,2420
491929,494352,494398,46,2423
491929,494360,494398,38,2431
492014,494373,494398,25,2359
492014,494375,494399,24,2361
491929,494353,494400,47,2424
491929,494341,494399,58,2412
491929,494371,494400,29,2442
491929,494354,494399,45,2425
491929,494364,494400,36,2435
491929,494364,494401,37,2435
492014,494372,494401,29,2358
492014,494373,494402,29,2359
491929,494364,494402,38,2435
491929,494301,494403,102,2372
492014,494377,494404,27,2363
492014,494376,494405,29,2362
491929,494362,494405,43,2433
492014,494376,494405,29,2362
492014,494398,494409,11,2384
491929,494367,494409,42,2438
491929,494306,494411,105,2377
492014,494398,494411,13,2384
492014,494379,494413,34,2365
492014,494398,494412,14,2384
492014,494398,494413,15,2384
492014,494397,494413,16,2383
492014,494398,494413,15,2384
492014,494399,494417,18,2385
492014,494397,494416,19,2383
492014,494399,494417,18,2385
492014,494393,494418,25,2379
492014,494399,494419,20,2385
492014,494395,494419,24,2381
492014,494400,494420,20,2386
492014,494393,494420,27,2379
492014,494395,494421,26,2381
492014,494400,494421,21,2386
492014,494379,494421,42,2365
492014,494400,494422,22,2386
492014,494400,494422,22,2386
492014,494393,494422,29,2379
492014,494393,494423,30,2379
492014,494392,494423,31,2378
492014,494393,494423,30,2379
492014,494395,494424,29,2381
492014,494394,494425,31,2380
492014,494396,494425,29,2382
492014,494401,494426,25,2387
492014,494393,494427,34,2379
492014,494400,494427,27,2386
492014,494397,494427,30,2383
492014,494402,494428,26,2388
492014,494400,494428,28,2386
492014,494395,494427,32,2381
492014,494397,494429,32,2383
492014,494405,494428,23,2391
492014,494404,494430,26,2390
492014,494403,494430,27,2389
492014,494405,494431,26,2391
492014,494390,494432,42,2376
492014,494401,494432,31,2387
492014,494403,494433,30,2389
492014,494389,494433,44,2375
492014,494390,494433,43,2376
492014,494391,494434,43,2377
492014,494406,494434,28,2392
492014,494389,494434,45,2375
492014,494390,494434,44,2376
492014,494391,494437,46,2377
492014,494409,494438,29,2395
492014,494391,494439,48,2377
492014,494388,494438,50,2374
492014,494413,494440,27,2399
492014,494411,494441,30,2397
492014,494409,494443,34,2395
492014,494411,494444,33,2397
492014,494413,494445,32,2399
492014,494414,494446,32,2400
492014,494388,494448,60,2374
491208,493678,494448,770,2470
492014,494381,494449,68,2367
492014,494417,494449,32,2403
492014,494417,494451,34,2403
492014,494414,494451,37,2400
492014,494381,494452,71,2367
492014,494417,494453,36,2403
492014,494413,494453,40,2399
492014,494428,494456,28,2414
492014,494424,494456,32,2410
492014,494419,494456,37,2405
492014,494381,494456,75,2367
492014,494423,494456,33,2409
492014,494425,494456,31,2411
492014,494420,494457,37,2406
492014,494388,494458,70,2374
492014,494424,494459,35,2410
492014,494428,494459,31,2414
492014,494428,494459,31,2414
492014,494387,494459,72,2373
492014,494382,494460,78,2368
492014,494425,494460,35,2411
492014,494424,494461,37,2410
492014,494428,494461,33,2414
492014,494427,494461,34,2413
492014,494429,494461,32,2415
492014,494381,494462,81,2367
492014,494422,494462,40,2408
492014,494432,494464,32,2418
492014,494434,494465,31,2420
492014,494434,494465,31,2420
492014,494383,494465,82,2369
492014,494420,494466,46,2406
492014,494431,494466,35,2417
492014,494435,494466,31,2421
492014,494428,494466,38,2414
492014,494419,494466,47,2405
492014,494422,494468,46,2408
492014,494439,494467,28,2425
492014,494437,494467,30,2423
492014,494426,494467,41,2412
492014,494433,494467,34,2419
492014,494433,494467,34,2419
492014,494434,494468,34,2420
492014,494423,494468,45,2409
492014,494446,494470,24,2432
492014,494421,494469,48,2407
492014,494433,494470,37,2419
492014,494433,494470,37,2419
492105,494450,494471,21,2345
492105,494452,494471,19,2347
492014,494439,494473,34,2425
492014,494435,494473,38,2421
492014,494445,494473,28,2431
492014,494419,494473,54,2405
492014,494439,494474,35,2425
492014,494421,494474,53,2407
492014,494429,494474,45,2415
492014,494443,494475,32,2429
492105,494453,494475,22,2348
492014,494384,494476,92,2370
492014,494442,494477,35,2428
492014,494431,494477,46,2417
492105,494453,494478,25,2348
492014,494384,494479,95,2370
492014,494445,494478,33,2431
492014,494449,494479,30,2435
492014,494441,494480,39,2427
492105,494457,494481,24,2352
492014,494449,494480,31,2435
492014,494385,494483,98,2371
492105,494454,494483,29,2349
492014,494383,494483,100,2369
492105,494457,494484,27,2352
492105,494452,494485,33,2347
492014,494384,494486,102,2370
492105,494457,494486,29,2352
492014,494422,494486,64,2408
492105,494475,494487,12,2370
492105,494477,494489,12,2372
492105,494476,494489,13,2371
492105,494475,494489,14,2370
492105,494477,494490,13,2372
492105,494457,494491,34,2352
492105,494457,494492,35,2352
492105,494475,494494,19,2370
492105,494478,494493,15,2373
492105,494479,494494,15,2374
492105,494477,494494,17,2372
492105,494470,494494,24,2365
492014,494386,494495,109,2372
492105,494468,494495,27,2363
492105,494472,494495,23,2367
492105,494480,494495,15,2375
492105,494471,494495,24,2366
492105,494480,494495,15,2375
492105,494468,494496,28,2363
492014,494386,494496,110,2372
492105,494479,494497,18,2374
492105,494469,494497,28,2364
492105,494469,494497,28,2364
492105,494473,494498,25,2368
492105,494468,494498,30,2363
492105,494473,494498,25,2368
492014,494386,494498,112,2372
492105,494470,494499,29,2365
492105,494472,494500,28,2367
492105,494457,494500,43,2352
492105,494481,494501,20,2376
492105,494481,494501,20,2376
492105,494471,494494,23,2366
492105,494475,494502,27,2370
492105,494468,494503,35,2363
492105,494473,494503,30,2368
492105,494474,494503,29,2369
492105,494483,494506,23,2378
492105,494468,494507,39,2363
492105,494483,494508,25,2378
492105,494484,494509,25,2379
492105,494486,494508,22,2381
492105,494485,494509,24,2380
492105,494487,494511,24,2382
492105,494466,494511,45,2361
492105,494484,494511,27,2379
492105,494457,494513,56,2352
492105,494487,494513,26,2382
492105,494467,494513,46,2362
492105,494487,494514,27,2382
492105,494490,494517,27,2385
492105,494466,494518,52,2361
491279,493753,494518,765,2474
492105,494468,494520,52,2363
492105,494492,494520,28,2387
492105,494466,494520,54,2361
492105,494490,494520,30,2385
492105,494467,494520,53,2362
492105,494494,494521,27,2389
492105,494496,494524,28,2391
492105,494466,494524,58,2361
492105,494494,494524,30,2389
492105,494490,494524,34,2385
492105,494491,494524,33,2386
492105,494495,494525,30,2390
492105,494495,494527,32,2390
492105,494496,494526,30,2391
492105,494500,494527,27,2395
492105,494496,494528,32,2391
492105,494496,494528,32,2391
492105,494494,494529,35,2389
492105,494465,494529,64,2360
492105,494502,494530,28,2397
492105,494500,494529,29,2395
492105,494503,494531,28,2398
492105,494498,494531,33,2393
492105,494459,494532,73,2354
492105,494503,494533,30,2398
492105,494461,494533,72,2356
492105,494460,494533,73,2355
492105,494497,494534,37,2392
492105,494459,494535,76,2354
492105,494504,494535,31,2399
492105,494509,494535,26,2404
492105,494504,494537,33,2399
492105,494498,494539,41,2393
492105,494510,494539,29,2405
492105,494503,494540,37,2398
492105,494501,494540,39,2396
492105,494503,494540,37,2398
492105,494465,494541,76,2360
492105,494514,494541,27,2409
492105,494496,494543,47,2391
492105,494499,494542,43,2394
492105,494507,494543,36,2402
492105,494509,494544,35,2404
492105,494501,494544,43,2396
492105,494513,494544,31,2408
492105,494519,494544,25,2414
492105,494497,494544,47,2392
492105,494496,494544,48,2391
492105,494499,494545,46,2394
492105,494510,494545,35,2405
492105,494511,494545,34,2406
492105,494512,494545,33,2407
492105,494496,494547,51,2391
492105,494498,494548,50,2393
492105,494498,494548,50,2393
492105,494514,494549,35,2409
492105,494519,494550,31,2414
492105,494521,494549,28,2416
492105,494512,494549,37,2407
492105,494518,494550,32,2413
492105,494525,494550,25,2420
492105,494520,494551,31,2415
492105,494514,494551,37,2409
492105,494507,494552,45,2402
492105,494460,494552,92,2355
492105,494522,494553,31,2417
492105,494524,494553,29,2419
492105,494521,494552,31,2416
492157,494530,494553,23,2373
492105,494525,494553,28,2420
492105,494461,494554,93,2356
492157,494530,494555,25,2373
492157,494530,494556,26,2373
492157,494528,494556,28,2371
492105,494520,494557,37,2415
492105,494460,494557,97,2355
492105,494460,494557,97,2355
492157,494527,494557,30,2370
492157,494527,494558,31,2370
492105,494462,494559,97,2357
492105,494525,494559,34,2420
492105,494462,494559,97,2357
492105,494524,494559,35,2419
492157,494531,494559,28,2374
492157,494529,494560,31,2372
492105,494464,494560,96,2359
492157,494528,494560,32,2371
492105,494521,494560,39,2416
492157,494530,494563,33,2373
492105,494462,494564,102,2357
492157,494554,494565,11,2397
492157,494555,494566,11,2398
492157,494555,494567,12,2398
492105,494463,494567,104,2358
492157,494532,494568,36,2375
492157,494556,494568,12,2399
492157,494553,494569,16,2396
492157,494558,494570,12,2401
492105,494462,494571,109,2357
492157,494558,494571,13,2401
492157,494553,494571,18,2396
492157,494559,494571,12,2402
492157,494550,494572,22,2393
492157,494558,494572,14,2401
492157,494548,494572,24,2391
492157,494549,494574,25,2392
492157,494550,494574,24,2393
492157,494558,494574,16,2401
492157,494550,494574,24,2393
492157,494559,494575,16,2402
492157,494552,494575,23,2395
492157,494552,494576,24,2395
492157,494545,494577,32,2388
492157,494549,494577,28,2392
492157,494548,494576,28,2391
492157,494559,494577,18,2402
492157,494551,494578,27,2394
492157,494560,494578,18,2403
492157,494546,494578,32,2389
492157,494545,494578,33,2388
492157,494557,494571,14,2400
492157,494553,494578,25,2396
492157,494550,494579,29,2393
492157,494545,494579,34,2388
492157,494553,494580,27,2396
492157,494546,494581,35,2389
492157,494553,494582,29,2396
492157,494559,494582,23,2402
492157,494560,494582,22,2403
492157,494553,494583,30,2396
492157,494559,494583,24,2402
492157,494561,494588,27,2404
492157,494532,494590,58,2375
492157,494561,494590,29,2404
492157,494567,494590,23,2410
492157,494564,494591,27,2407
492157,494565,494592,27,2408
492157,494545,494595,50,2388
492157,494568,494596,28,2411
492157,494572,494597,25,2415
491377,493827,494598,771,2450
492157,494568,494599,31,2411
492157,494565,494600,35,2408
492157,494575,494599,24,2418
492157,494571,494600,29,2414
492157,494573,494600,27,2416
492157,494561,494601,40,2404
492157,494567,494601,34,2410
492157,494572,494601,29,2415
492157,494533,494602,69,2376
492157,494572,494602,30,2415
492157,494571,494603,32,2414
492157,494570,494606,36,2413
492157,494579,494606,27,2422
492157,494575,494608,33,2418
492157,494579,494607,28,2422
492157,494573,494607,34,2416
492157,494583,494607,24,2426
492157,494545,494610,65,2388
492157,494545,494610,65,2388
492157,494579,494610,31,2422
492157,494579,494610,31,2422
492157,494581,494612,31,2424
492157,494577,494612,35,2420
492157,494579,494613,34,2422
492157,494573,494613,40,2416
492157,494574,494613,39,2417
492157,494578,494613,35,2421
492157,494578,494613,35,2421
492157,494583,494613,30,2426
492157,494579,494614,35,2422
492157,494577,494614,37,2420
492157,494534,494616,82,2377
492157,494544,494615,71,2387
492157,494577,494617,40,2420
492157,494576,494617,41,2419
492157,494576,494617,41,2419
492157,494584,494617,33,2427
492157,494534,494618,84,2377
492157,494543,494618,75,2386
492157,494575,494619,44,2418
492157,494591,494619,28,2434
492157,494535,494619,84,2378
492157,494583,494619,36,2426
492157,494592,494619,27,2435
492157,494535,494620,85,2378
492157,494536,494620,84,2379
492157,494592,494620,28,2435
492157,494582,494620,38,2425
492157,494589,494621,32,2432
492157,494597,494621,24,2440
492157,494580,494622,42,2423
492157,494590,494623,33,2433
492157,494577,494623,46,2420
492157,494544,494623,79,2387
492157,494590,494623,33,2433
492157,494601,494623,22,2444
492221,494608,494624,16,2387
492157,494599,494624,25,2442
492157,494542,494626,84,2385
492157,494575,494627,52,2418
492157,494583,494628,45,2426
492221,494608,494628,20,2387
492157,494600,494628,28,2443
492157,494600,494628,28,2443
492157,494601,494628,27,2444
492157,494602,494628,26,2445
492157,494602,494629,27,2445
492221,494607,494629,22,2386
492157,494595,494629,34,2438
492157,494600,494630,30,2443
492157,494602,494630,28,2445
492157,494598,494630,32,2441
492221,494608,494631,23,2387
492221,494610,494631,21,2389
492157,494535,494632,97,2378
492157,494537,494632,95,2380
492157,494602,494632,30,2445
492157,494544,494633,89,2387
492157,494543,494634,91,2386
492157,494598,494633,35,2441
492221,494608,494634,26,2387
492221,494610,494634,24,2389
492221,494613,494635,22,2392
492157,494604,494636,32,2447
492157,494541,494637,96,2384
492221,494610,494637,27,2389
492221,494610,494637,27,2389
492221,494631,494641,10,2410
492221,494630,494642,12,2409
492221,494612,494642,30,2391
492157,494540,494642,102,2383
492157,494541,494643,102,2384
492221,494630,494642,12,2409
492157,494541,494643,102,2384
492221,494631,494644,13,2410
492221,494632,494644,12,2411
492221,494634,494646,12,2413
492157,494540,494645,105,2383
492221,494633,494646,13,2412
492221,494633,494646,13,2412
492221,494630,494647,17,2409
492221,494626,494648,22,2405
492221,494633,494648,15,2412
492221,494634,494647,13,2413
492221,494622,494649,27,2401
492221,494625,494649,24,2404
492221,494623,494649,26,2402
492221,494621,494649,28,2400
492221,494624,494649,25,2403
492221,494624,494649,25,2403
492221,494634,494650,16,2413
492157,494541,494651,110,2384
492221,494625,494651,26,2404
492221,494622,494651,29,2401
492221,494630,494651,21,2409
492221,494629,494652,23,2408
492221,494634,494652,18,2413
492221,494613,494652,39,2392
492221,494628,494652,24,2407
492221,494634,494653,19,2413
492221,494627,494654,27,2406
492221,494623,494653,30,2402
492221,494624,494654,30,2403
492221,494636,494654,18,2415
492221,494628,494654,26,2407
492221,494628,494655,27,2407
492221,494624,494655,31,2403
492221,494637,494656,19,2416
492221,494628,494656,28,2407
492221,494629,494658,29,2408
492221,494630,494659,29,2409
492221,494621,494658,37,2400
492221,494637,494659,22,2416
492221,494638,494661,23,2417
492221,494645,494664,19,2424
491446,493903,494666,763,2457
492221,494638,494667,29,2417
492221,494645,494667,22,2424
492221,494648,494666,18,2427
492221,494643,494668,25,2422
492221,494646,494667,21,2425
492221,494642,494669,27,2421
492221,494643,494668,25,2422
492221,494648,494669,21,2427
492221,494646,494670,24,2425
492221,494613,494670,57,2392
492221,494644,494670,26,2423
492221,494648,494671,23,2427
492221,494646,494672,26,2425
492221,494647,494672,25,2426
492221,494643,494673,30,2422
492221,494650,494673,23,2429
492221,494644,494675,31,2423
492221,494648,494676,28,2427
492221,494649,494676,27,2428
492221,494643,494676,33,2422
492221,494621,494677,56,2400
492221,494650,494679,29,2429
492221,494659,494681,22,2438
492221,494656,494681,25,2435
492221,494650,494682,32,2429
492221,494650,494681,31,2429
492221,494654,494681,27,2433
492221,494650,494683,33,2429
492221,494654,494683,29,2433
492221,494651,494684,33,2430
492221,494653,494684,31,2432
492221,494653,494684,31,2432
492221,494656,494683,27,2435
492221,494654,494684,30,2433
492221,494654,494685,31,2433
492221,494619,494684,65,2398
492221,494649,494685,36,2428
492221,494657,494684,27,2436
492221,494652,494686,34,2431
492221,494653,494686,33,2432
492221,494654,494687,33,2433
492221,494619,494688,69,2398
492221,494652,494688,36,2431
492221,494659,494689,30,2438
492221,494658,494689,31,2437
492221,494619,494689,70,2398
492221,494620,494690,70,2399
492221,494656,494690,34,2435
492221,494669,494691,22,2448
492221,494660,494691,31,2439
492221,494652,494692,40,2431
492317,494677,494693,16,2360
492221,494664,494692,28,2443
492221,494673,494693,20,2452
492221,494620,494693,73,2399
492221,494667,494693,26,2446
492221,494615,494693,78,2394
492221,494662,494693,31,2441
492221,494668,494694,26,2447
492221,494670,494695,25,2449
492221,494614,494694,80,2393
492221,494655,494696,41,2434
492317,494677,494696,19,2360
492221,494667,494696,29,2446
492221,494620,494696,76,2399
492221,494673,494697,24,2452
492221,494669,494697,28,2448
492221,494614,494697,83,2393
492221,494614,494697,83,2393
492221,494667,494698,31,2446
492221,494652,494697,45,2431
492221,494672,494697,25,2451
492221,494671,494698,27,2450
492221,494667,494698,31,2446
492221,494668,494698,30,2447
492221,494673,494699,26,2452
492221,494671,494699,28,2450
492221,494614,494699,85,2393
492221,494614,494701,87,2393
492317,494677,494701,24,2360
492317,494681,494701,20,2364
492317,494682,494702,20,2365
492317,494679,494702,23,2362
492317,494677,494702,25,2360
492317,494682,494703,21,2365
492221,494616,494703,87,2395
492221,494674,494703,29,2453
492221,494620,494704,84,2399
492221,494670,494705,35,2449
492221,494619,494705,86,2398
492317,494682,494705,23,2365
492317,494699,494711,12,2382
492317,494699,494712,13,2382
492317,494702,494714,12,2385
492317,494699,494715,16,2382
492317,494700,494714,14,2383
492317,494683,494714,31,2366
492317,494682,494716,34,2365
492317,494703,494715,12,2386
492317,494683,494717,34,2366
492317,494701,494717,16,2384
492317,494693,494717,24,2376
492317,494703,494717,14,2386
492221,494618,494718,100,2397
492317,494699,494719,20,2382
492317,494703,494720,17,2386
492221,494617,494720,103,2396
492317,494704,494720,16,2387
492317,494706,494721,15,2389
492221,494618,494721,103,2397
492317,494695,494721,26,2378
492317,494694,494721,27,2377
492317,494703,494721,18,2386
492221,494616,494720,104,2395
492317,494697,494721,24,2380
492317,494698,494721,23,2381
492317,494702,494721,19,2385
492317,494695,494722,27,2378
492317,494694,494722,28,2377
492317,494697,494722,25,2380
492317,494704,494722,18,2387
492317,494697,494722,25,2380
492317,494698,494722,24,2381
492317,494698,494722,24,2381
492317,494695,494722,27,2378
492317,494696,494723,27,2379
492317,494704,494723,19,2387
492317,494694,494724,30,2377
492317,494706,494725,19,2389
492221,494618,494725,107,2397
492317,494696,494727,31,2379
492317,494706,494727,21,2389
492317,494694,494726,32,2377
492317,494698,494727,29,2381
492317,494698,494728,30,2381
492317,494693,494728,35,2376
492317,494698,494728,30,2381
492317,494694,494722,28,2377
492317,494696,494723,27,2379
492317,494712,494734,22,2395
492317,494715,494739,24,2398
492317,494717,494739,22,2400
492317,494716,494739,23,2399
492317,494718,494741,23,2401
492317,494693,494740,47,2376
492317,494717,494740,23,2400
492317,494715,494741,26,2398
492317,494712,494741,29,2395
492317,494716,494742,26,2399
492317,494720,494743,23,2403
492317,494719,494743,24,2402
491527,493975,494743,768,2448
492317,494715,494743,28,2398
492317,494720,494744,24,2403
492317,494721,494744,23,2404
492317,494720,494744,24,2403
492317,494718,494744,26,2401
492317,494715,494747,32,2398
492317,494721,494748,27,2404
492317,494730,494749,19,2413
492317,494721,494749,28,2404
492317,494684,494750,66,2367
492317,494722,494751,29,2405
492317,494722,494753,31,2405
492317,494724,494753,29,2407
492317,494721,494753,32,2404
492317,494726,494754,28,2409
492317,494685,494754,69,2368
492317,494721,494755,34,2404
492317,494726,494754,28,2409
492317,494690,494756,66,2373
492317,494723,494757,34,2406
492317,494722,494756,34,2405
492317,494730,494757,27,2413
492317,494730,494757,27,2413
492317,494729,494757,28,2412
492317,494684,494758,74,2367
492317,494723,494758,35,2406
492317,494727,494758,31,2410
492317,494730,494759,29,2413
492317,494725,494759,34,2408
492317,494685,494760,75,2368
492317,494685,494760,75,2368
492317,494727,494760,33,2410
492317,494729,494760,31,2412
492317,494734,494760,26,2417
492317,494723,494761,38,2406
492317,494723,494761,38,2406
492317,494687,494761,74,2370
492317,494722,494762,40,2405
492317,494729,494763,34,2412
492317,494728,494762,34,2411
492317,494684,494763,79,2367
492317,494684,494762,78,2367
492317,494723,494762,39,2406
492317,494723,494763,40,2406
492317,494685,494765,80,2368
492317,494724,494765,41,2407
492317,494745,494766,21,2428
492317,494728,494765,37,2411
492317,494741,494765,24,2424
492317,494690,494766,76,2373
492317,494723,494766,43,2406
492392,494749,494766,17,2357
492317,494692,494767,75,2375
492317,494740,494767,27,2423
492317,494684,494767,83,2367
492317,494742,494767,25,2425
492392,494748,494768,20,2356
492392,494753,494769,16,2361
492317,494739,494769,30,2422
492317,494741,494769,28,2424
492317,494689,494769,80,2372
492317,494745,494769,24,2428
492317,494745,494770,25,2428
492317,494742,494771,29,2425
492392,494751,494771,20,2359
492317,494743,494771,28,2426
492317,494745,494772,27,2428
492392,494750,494771,21,2358
492317,494691,494771,80,2374
492317,494743,494772,29,2426
492392,494753,494772,19,2361
492317,494740,494772,32,2423
492392,494751,494775,24,2359
492317,494742,494774,32,2425
492317,494689,494774,85,2372
492317,494691,494776,85,2374
492317,494743,494776,33,2426
492317,494744,494776,32,2427
492392,494755,494776,21,2363
492317,494741,494777,36,2424
492392,494753,494778,25,2361
492392,494755,494779,24,2363
492392,494754,494780,26,2362
492317,494687,494783,96,2370
492392,494772,494785,13,2380
492392,494772,494786,14,2380
492392,494767,494786,19,2375
492392,494771,494788,17,2379
492392,494772,494788,16,2380
492392,494772,494788,16,2380
492392,494772,494788,16,2380
492317,494688,494788,100,2371
492392,494766,494790,24,2374
492317,494688,494790,102,2371
492392,494763,494790,27,2371
492392,494763,494790,27,2371
492392,494773,494790,17,2381
492392,494775,494791,16,2383
492392,494765,494791,26,2373
492392,494773,494791,18,2381
492392,494755,494792,37,2363
492392,494775,494792,17,2383
492392,494770,494792,22,2378
492392,494775,494792,17,2383
492392,494768,494794,26,2376
492392,494767,494794,27,2375
492392,494767,494794,27,2375
492392,494766,494794,28,2374
492392,494777,494794,17,2385
492317,494688,494794,106,2371
492392,494763,494794,31,2371
492392,494770,494794,24,2378
492392,494769,494795,26,2377
492392,494765,494795,30,2373
492392,494777,494795,18,2385
492392,494778,494797,19,2386
492392,494770,494797,27,2378
492392,494776,494797,21,2384
492392,494768,494798,30,2376
492392,494763,494799,36,2371
492392,494770,494799,29,2378
492392,494766,494799,33,2374
492392,494767,494798,31,2375
492392,494767,494797,30,2375
492392,494768,494798,30,2376
492392,494773,494794,21,2381
492392,494777,494795,18,2385
492392,494779,494799,20,2387
492392,494769,494800,31,2377
492392,494763,494801,38,2371
492392,494788,494807,19,2396
492392,494783,494807,24,2391
492392,494781,494809,28,2389
492392,494789,494809,20,2397
492392,494780,494809,29,2388
492392,494788,494812,24,2396
492392,494788,494812,24,2396
492392,494786,494813,27,2394
492392,494791,494813,22,2399
492392,494789,494814,25,2397
492392,494791,494815,24,2399
492392,494792,494815,23,2400
492392,494790,494815,25,2398
492392,494791,494817,26,2399
492392,494790,494817,27,2398
492392,494791,494817,26,2399
492392,494787,494817,30,2395
492392,494793,494818,25,2401
492392,494756,494819,63,2364
492392,494792,494819,27,2400
492392,494786,494820,34,2394
492392,494792,494823,31,2400
492392,494792,494824,32,2400
492392,494763,494824,61,2371
492392,494796,494824,28,2404
492392,494793,494825,32,2401
492392,494800,494826,26,2408
492392,494794,494826,32,2402
492392,494800,494826,26,2408
492392,494798,494826,28,2406
491602,494055,494827,772,2453
492392,494758,494828,70,2366
492392,494758,494828,70,2366
492392,494757,494828,71,2365
492392,494759,494828,69,2367
492392,494796,494828,32,2404
492392,494801,494828,27,2409
492392,494798,494829,31,2406
492392,494760,494829,69,2368
492392,494799,494829,30,2407
492392,494795,494829,34,2403
492392,494797,494830,33,2405
492392,494800,494830,30,2408
492392,494800,494830,30,2408
492392,494800,494830,30,2408
492392,494757,494831,74,2365
492392,494795,494830,35,2403
492392,494802,494832,30,2410
492392,494796,494831,35,2404
492392,494800,494832,32,2408
492392,494794,494833,39,2402
492392,494809,494833,24,2417
492392,494795,494833,38,2403
492392,494809,494834,25,2417
492392,494758,494834,76,2366
492392,494800,494834,34,2408
492392,494800,494835,35,2408
492392,494758,494835,77,2366
492392,494815,494835,20,2423
492392,494808,494835,27,2416
492392,494800,494835,35,2408
492392,494808,494836,28,2416
492467,494819,494836,17,2352
492392,494761,494836,75,2369
492392,494762,494837,75,2370
492392,494800,494837,37,2408
492392,494758,494838,80,2366
492392,494810,494838,28,2418
492392,494761,494838,77,2369
492392,494795,494839,44,2403
492392,494817,494840,23,2425
492467,494819,494840,21,2352
492392,494813,494840,27,2421
492392,494761,494840,79,2369
492392,494761,494841,80,2369
492467,494820,494841,21,2353
492467,494820,494842,22,2353
492392,494816,494842,26,2424
492392,494760,494842,82,2368
492392,494813,494843,30,2421
492392,494795,494843,48,2403
492392,494816,494844,28,2424
492467,494823,494843,20,2356
492392,494817,494844,27,2425
492392,494814,494844,30,2422
492392,494817,494845,28,2425
492392,494814,494845,31,2422
492392,494813,494846,33,2421
492467,494826,494847,21,2359
492467,494824,494847,23,2357
492467,494824,494847,23,2357
492392,494763,494847,84,2371
492467,494826,494852,26,2359
492467,494825,494852,27,2358
492467,494824,494853,29,2357
492392,494761,494858,97,2369
492467,494842,494859,17,2375
492467,494833,494860,27,2366
492467,494839,494860,21,2372
492467,494843,494860,17,2376
492467,494838,494860,22,2371
492467,494842,494861,19,2375
492467,494843,494861,18,2376
492467,494846,494861,15,2379
492467,494842,494861,19,2375
492467,494835,494861,26,2368
492467,494845,494861,16,2378
492392,494761,494862,101,2369
492467,494846,494861,15,2379
492467,494842,494861,19,2375
492467,494843,494862,19,2376
492467,494844,494862,18,2377
492467,494836,494862,26,2369
492467,494834,494861,27,2367
492467,494836,494862,26,2369
492467,494838,494862,24,2371
492467,494844,494862,18,2377
492467,494835,494862,27,2368
492467,494836,494862,26,2369
492467,494844,494863,19,2377
492467,494827,494863,36,2360
492467,494845,494863,18,2378
492467,494836,494863,27,2369
492467,494834,494864,30,2367
492467,494839,494865,26,2372
492467,494848,494864,16,2381
492467,494847,494865,18,2380
492467,494836,494865,29,2369
492467,494835,494866,31,2368
492467,494838,494865,27,2371
492467,494837,494866,29,2370
492467,494841,494867,26,2374
492467,494833,494867,34,2366
492467,494840,494867,27,2373
492467,494840,494867,27,2373
492392,494761,494869,108,2369
492467,494848,494869,21,2381
492467,494841,494869,28,2374
492467,494834,494862,28,2367
492467,494848,494875,27,2381
492467,494839,494876,37,2372
492467,494828,494878,50,2361
492467,494852,494878,26,2385
492467,494853,494878,25,2386
492467,494833,494878,45,2366
492467,494861,494879,18,2394
492467,494861,494880,19,2394
492467,494861,494881,20,2394
492467,494861,494882,21,2394
492467,494862,494883,21,2395
492467,494862,494884,22,2395
492467,494862,494884,22,2395
492467,494861,494884,23,2394
492467,494862,494884,22,2395
492467,494862,494884,22,2395
492467,494862,494885,23,2395
492467,494862,494886,24,2395
492467,494854,494886,32,2387
492467,494859,494886,27,2392
492467,494861,494887,26,2394
492467,494859,494886,27,2392
492467,494827,494887,60,2360
492467,494861,494887,26,2394
492467,494866,494887,21,2399
492467,494829,494887,58,2362
492467,494861,494889,28,2394
492467,494862,494890,28,2395
492467,494866,494890,24,2399
492467,494829,494891,62,2362
492467,494828,494891,63,2361
492467,494866,494891,25,2399
492467,494829,494892,63,2362
492467,494862,494892,30,2395
492467,494868,494892,24,2401
492467,494863,494892,29,2396
492467,494863,494893,30,2396
492467,494870,494893,23,2403
492467,494873,494894,21,2406
492467,494869,494894,25,2402
492467,494862,494894,32,2395
492467,494866,494894,28,2399
492467,494865,494895,30,2398
492467,494830,494895,65,2363
492467,494865,494896,31,2398
492467,494867,494897,30,2400
492467,494868,494897,29,2401
492467,494868,494897,29,2401
492467,494864,494898,34,2397
492467,494864,494899,35,2397
492467,494828,494900,72,2361
492467,494829,494900,71,2362
492467,494873,494899,26,2406
492467,494865,494901,36,2398
492467,494866,494900,34,2399
492467,494828,494902,74,2361
492467,494831,494903,72,2364
492553,494887,494903,16,2334
492553,494888,494904,16,2335
492467,494881,494904,23,2414
492553,494887,494904,17,2334
492467,494876,494904,28,2409
492467,494878,494904,26,2411
492553,494887,494904,17,2334
492553,494888,494904,16,2335
492467,494877,494905,28,2410
491676,494130,494905,775,2454
492553,494889,494904,15,2336
492467,494828,494906,78,2361
492467,494878,494906,28,2411
492467,494879,494906,27,2412
492467,494883,494906,23,2416
492467,494863,494907,44,2396
492553,494888,494908,20,2335
492467,494863,494908,45,2396
492467,494883,494909,26,2416
492467,494884,494908,24,2417
492467,494831,494909,78,2364
492467,494831,494909,78,2364
492467,494882,494909,27,2415
492467,494869,494910,41,2402
492467,494879,494910,31,2412
492467,494863,494910,47,2396
492467,494832,494911,79,2365
492467,494885,494911,26,2418
492467,494880,494912,32,2413
492467,494886,494911,25,2419
492467,494885,494912,27,2418
492553,494888,494914,26,2335
492467,494831,494915,84,2364
492553,494890,494914,24,2337
492553,494890,494915,25,2337
492467,494884,494916,32,2417
492553,494891,494918,27,2338
492467,494885,494918,33,2418
492467,494885,494918,33,2418
492467,494832,494920,88,2365
492553,494892,494922,30,2339
492467,494830,494923,93,2363
492553,494905,494925,20,2352
492553,494911,494926,15,2358
492553,494905,494927,22,2352
492553,494903,494927,24,2350
492553,494901,494928,27,2348
492553,494906,494927,21,2353
492553,494902,494928,26,2349
492553,494908,494928,20,2355
492553,494911,494928,17,2358
492553,494901,494929,28,2348
492553,494911,494929,18,2358
492553,494903,494930,27,2350
492553,494909,494930,21,2356
492553,494910,494930,20,2357
492553,494905,494930,25,2352
492467,494831,494930,99,2364
492553,494908,494931,23,2355
492553,494907,494930,23,2354
492553,494912,494931,19,2359
492553,494904,494931,27,2351
492553,494900,494932,32,2347
492553,494905,494932,27,2352
492553,494915,494933,18,2362
492553,494905,494933,28,2352
492553,494913,494933,20,2360
492553,494904,494933,29,2351
492553,494912,494933,21,2359
492553,494916,494934,18,2363
492553,494915,494933,18,2362
492553,494914,494934,20,2361
492553,494905,494934,29,2352
492553,494907,494935,28,2354
492553,494910,494935,25,2357
492553,494918,494936,18,2365
492553,494905,494936,31,2352
492467,494830,494938,108,2363
492553,494909,494937,28,2356
492553,494895,494939,44,2342
492553,494909,494940,31,2356
492553,494894,494940,46,2341
492553,494904,494929,25,2351
492553,494907,494932,25,2354
492553,494911,494928,17,2358
492553,494912,494930,18,2359
492553,494917,494939,22,2364
492553,494919,494943,24,2366
492553,494900,494944,44,2347
492553,494929,494944,15,2376
492553,494918,494944,26,2365
492553,494895,494946,51,2342
492553,494922,494946,24,2369
492553,494894,494947,53,2341
492553,494923,494947,24,2370
492553,494925,494947,22,2372
492553,494909,494948,39,2356
492553,494893,494948,55,2340
492553,494928,494949,21,2375
492553,494920,494949,29,2367
492553,494928,494950,22,2375
492553,494928,494950,22,2375
492553,494893,494950,57,2340
492553,494929,494951,22,2376
492553,494930,494951,21,2377
492553,494931,494951,20,2378
492553,494932,494951,19,2379
492553,494930,494952,22,2377
492553,494931,494954,23,2378
492553,494892,494954,62,2339
492553,494893,494954,61,2340
492553,494928,494954,26,2375
492553,494931,494954,23,2378
492553,494929,494954,25,2376
492553,494894,494956,62,2341
492553,494930,494955,25,2377
492553,494929,494956,27,2376
492553,494930,494957,27,2377
492553,494893,494958,65,2340
492553,494934,494959,25,2381
492553,494898,494958,60,2345
492553,494934,494959,25,2381
492553,494933,494960,27,2380
492553,494934,494961,27,2381
492553,494938,494962,24,2385
492553,494935,494961,26,2382
492553,494898,494962,64,2345
492553,494933,494962,29,2380
492553,494895,494962,67,2342
492553,494893,494963,70,2340
492553,494938,494964,26,2385
492553,494930,494963,33,2377
492553,494932,494963,31,2379
492553,494940,494964,24,2387
492553,494898,494965,67,2345
492553,494899,494965,66,2346
492553,494934,494965,31,2381
492553,494937,494965,28,2384
492553,494935,494966,31,2382
492553,494937,494967,30,2384
492633,494952,494968,16,2319
492553,494940,494968,28,2387
492633,494952,494968,16,2319
492553,494949,494969,20,2396
492553,494935,494969,34,2382
492633,494951,494969,18,2318
492553,494940,494970,30,2387
492553,494949,494970,21,2396
492633,494951,494971,20,2318
492553,494951,494970,19,2398
492553,494946,494971,25,2393
492553,494945,494971,26,2392
492553,494933,494972,39,2380
492553,494942,494972,30,2389
492553,494942,494972,30,2389
492553,494933,494972,39,2380
492553,494943,494972,29,2390
492633,494952,494973,21,2319
492553,494948,494973,25,2395
492633,494954,494973,19,2321
492633,494955,494973,18,2322
492553,494945,494974,29,2392
492553,494942,494974,32,2389
492553,494942,494974,32,2389
492553,494933,494974,41,2380
492553,494946,494975,29,2393
492633,494954,494975,21,2321
492553,494942,494975,33,2389
492553,494942,494976,34,2389
492553,494947,494975,28,2394
492553,494900,494975,75,2347
492553,494950,494975,25,2397
492553,494933,494977,44,2380
492553,494947,494978,31,2394
492553,494948,494977,29,2395
492633,494955,494979,24,2322
491752,494210,494979,769,2458
492553,494900,494980,80,2347
492553,494948,494981,33,2395
492633,494955,494981,26,2322
492553,494951,494980,29,2398
492553,494896,494983,87,2343
492633,494956,494984,28,2323
492633,494976,494988,12,2343
492633,494955,494989,34,2322
492553,494897,494991,94,2344
492633,494976,494991,15,2343
492633,494970,494992,22,2337
492633,494975,494993,18,2342
492633,494978,494993,15,2345
492633,494974,494993,19,2341
492633,494975,494994,19,2342
492633,494969,494993,24,2336
492633,494976,494994,18,2343
492633,494970,494993,23,2337
492633,494973,494993,20,2340
492633,494971,494994,23,2338
492633,494970,494994,24,2337
492633,494967,494994,27,2334
492633,494972,494994,22,2339
492633,494969,494994,25,2336
492633,494973,494994,21,2340
492633,494978,494995,17,2345
492633,494975,494995,20,2342
492633,494975,494996,21,2342
492633,494976,494995,19,2343
492633,494972,494996,24,2339
492633,494978,494996,18,2345
492633,494965,494996,31,2332
492633,494976,494996,20,2343
492633,494972,494996,24,2339
492633,494967,494997,30,2334
492633,494973,494997,24,2340
492633,494974,494996,22,2341
492633,494971,494997,26,2338
492633,494973,494997,24,2340
492633,494976,494998,22,2343
492633,494968,494998,30,2335
492633,494971,494998,27,2338
492633,494966,494999,33,2333
492633,494973,494999,26,2340
492633,494974,494998,24,2341
492633,494969,495000,31,2336
492633,494980,495001,21,2347
492633,494979,495002,23,2346
492633,494974,495002,28,2341
492633,494956,495005,49,2323
492633,494983,495004,21,2350
492633,494965,495006,41,2332
492633,494962,495008,46,2329
492633,494988,495008,20,2355
492633,494981,495008,27,2348
492633,494981,495008,27,2348
492633,494989,495008,19,2356
492633,494980,495009,29,2347
492633,494985,495010,25,2352
492633,494962,495011,49,2329
492633,494959,495012,53,2326
492633,494994,495012,18,2361
492633,494981,495012,31,2348
492633,494957,495012,55,2324
492633,494993,495013,20,2360
492633,494994,495013,19,2361
492633,494993,495013,20,2360
492633,494992,495013,21,2359
492633,494994,495014,20,2361
492633,494992,495014,22,2359
492633,494991,495014,23,2358
492633,494995,495016,21,2362
492633,494995,495016,21,2362
492633,494962,495017,55,2329
492633,494961,495018,57,2328
492633,494994,495018,24,2361
492633,494994,495018,24,2361
492633,494962,495019,57,2329
492633,494994,495019,25,2361
492633,494965,495020,55,2332
492633,494995,495021,26,2362
492633,494995,495021,26,2362
492633,494959,495021,62,2326
492633,494995,495022,27,2362
492633,494959,495022,63,2326
492633,494964,495022,58,2331
492633,494997,495022,25,2364
492633,494965,495022,57,2332
492633,494959,495023,64,2326
492633,494996,495023,27,2363
492633,494997,495024,27,2364
492633,494999,495024,25,2366
492633,494994,495024,30,2361
492633,494999,495024,25,2366
492633,494958,495025,67,2325
492633,494999,495026,27,2366
492633,494996,495026,30,2363
492633,494999,495026,27,2366
492633,494996,495027,31,2363
492633,495001,495027,26,2368
492633,494996,495028,32,2363
492633,494997,495028,31,2364
492633,495001,495028,27,2368
492633,494964,495028,64,2331
492633,494999,495029,30,2366
492633,494996,495030,34,2363
492715,495013,495030,17,2298
492633,494998,495030,32,2365
492633,494964,495030,66,2331
492633,494998,495031,33,2365
492715,495016,495031,15,2301
492633,494964,495031,67,2331
492633,495003,495031,28,2370
492633,494996,495032,36,2363
492633,495008,495032,24,2375
492715,495015,495032,17,2300
492715,495016,495033,17,2301
492715,495015,495033,18,2300
492633,494997,495034,37,2364
492633,494963,495034,71,2330
492715,495014,495034,20,2299
492633,495010,495035,25,2377
492633,495006,495035,29,2373
492633,495006,495035,29,2373
492633,495008,495036,28,2375
492633,495006,495037,31,2373
492633,494996,495037,41,2363
492715,495018,495037,19,2303
492633,495013,495038,25,2380
492633,495012,495037,25,2379
492633,495008,495037,29,2375
492633,494995,495038,43,2362
492633,495012,495038,26,2379
492715,495018,495038,20,2303
492633,495008,495038,30,2375
492715,495019,495040,21,2304
492633,495010,495040,30,2377
492633,495007,495040,33,2374
492633,495013,495040,27,2380
492633,495011,495041,30,2378
492633,495002,495041,39,2369
492633,495013,495043,30,2380
492633,495013,495043,30,2380
492633,495009,495044,35,2376
492715,495019,495050,31,2304
492715,495020,495050,30,2305
492633,494963,495052,89,2330
492715,495031,495053,22,2316
492715,495038,495054,16,2323
492715,495029,495053,24,2314
492715,495032,495054,22,2317
492715,495033,495054,21,2318
491864,494292,495054,762,2428
492715,495036,495054,18,2321
492715,495038,495055,17,2323
492715,495039,495055,16,2324
492715,495030,495056,26,2315
492715,495035,495056,21,2320
492715,495039,495056,17,2324
492715,495029,495056,27,2314
492715,495032,495057,25,2317
492715,495033,495056,23,2318
492715,495038,495057,19,2323
492715,495041,495057,16,2326
492715,495031,495057,26,2316
492715,495028,495057,29,2313
492715,495038,495057,19,2323
492715,495038,495058,20,2323
492715,495035,495058,23,2320
492715,495031,495058,27,2316
492715,495036,495058,22,2321
492715,495041,495057,16,2326
492715,495031,495057,26,2316
492715,495024,495057,33,2309
492715,495028,495058,30,2313
492715,495035,495058,23,2320
492715,495032,495059,27,2317
492715,495034,495059,25,2319
492715,495041,495059,18,2326
492715,495034,495060,26,2319
492715,495033,495059,26,2318
492715,495035,495060,25,2320
492715,495042,495061,19,2327
492715,495020,495062,42,2305
492715,495032,495063,31,2317
492715,495041,495063,22,2326
492715,495039,495059,20,2324
492715,495038,495064,26,2323
492715,495037,495064,27,2322
492715,495028,495065,37,2313
492715,495021,495066,45,2306
492715,495042,495066,24,2327
492715,495043,495067,24,2328
492715,495037,495068,31,2322
492715,495044,495069,25,2329
492715,495023,495069,46,2308
492715,495043,495070,27,2328
492715,495023,495072,49,2308
492715,495023,495072,49,2308
492715,495050,495072,22,2335
492715,495056,495073,17,2341
492715,495026,495074,48,2311
492715,495052,495074,22,2337
492715,495025,495076,51,2310
492715,495054,495076,22,2339
492715,495024,495077,53,2309
492715,495056,495077,21,2341
492715,495055,495076,21,2340
492715,495055,495076,21,2340
492715,495022,495078,56,2307
492715,495057,495078,21,2342
492715,495057,495078,21,2342
492715,495054,495078,24,2339
492715,495050,495079,29,2335
492715,495028,495078,50,2313
492715,495056,495079,23,2341
492715,495054,495079,25,2339
492715,495027,495078,51,2312
492715,495055,495079,24,2340
492715,495057,495080,23,2342
492715,495057,495080,23,2342
492715,495057,495081,24,2342
492715,495054,495080,26,2339
492715,495058,495081,23,2343
492715,495060,495083,23,2345
492715,495057,495083,26,2342
492715,495021,495083,62,2306
492715,495057,495085,28,2342
492715,495023,495085,62,2308
492715,495022,495085,63,2307
492715,495057,495084,27,2342
492715,495062,495087,25,2347
492715,495027,495087,60,2312
492715,495057,495086,29,2342
492715,495058,495088,30,2343
492715,495058,495088,30,2343
492715,495059,495088,29,2344
492715,495058,495088,30,2343
492715,495063,495088,25,2348
492715,495059,495088,29,2344
492715,495065,495089,24,2350
492715,495059,495090,31,2344
492715,495060,495089,29,2345
492715,495061,495090,29,2346
492715,495067,495090,23,2352
492715,495023,495091,68,2308
492715,495060,495091,31,2345
492715,495065,495091,26,2350
492715,495024,495092,68,2309
492715,495065,495091,26,2350
492715,495058,495092,34,2343
492715,495025,495093,68,2310
492794,495077,495093,16,2283
492715,495065,495094,29,2350
492715,495066,495094,28,2351
492715,495058,495094,36,2343
492715,495059,495094,35,2344
492715,495060,495095,35,2345
492715,495073,495095,22,2358
492794,495079,495097,18,2285
492715,495027,495097,70,2312
492715,495068,495097,29,2353
492715,495063,495097,34,2348
492794,495079,495098,19,2285
492794,495079,495098,19,2285
492794,495078,495098,20,2284
492715,495070,495099,29,2355
492715,495058,495100,42,2343
492715,495072,495099,27,2357
492794,495079,495100,21,2285
492794,495079,495101,22,2285
492715,495065,495101,36,2350
492715,495071,495101,30,2356
492715,495077,495102,25,2362
492794,495079,495103,24,2285
492794,495079,495102,23,2285
492715,495066,495102,36,2351
492794,495079,495102,23,2285
492715,495077,495103,26,2362
492715,495072,495105,33,2357
492715,495025,495105,80,2310
492715,495077,495104,27,2362
492794,495079,495105,26,2285
492715,495074,495105,31,2359
492715,495069,495105,36,2354
492715,495073,495106,33,2358
492715,495077,495106,29,2362
492715,495075,495109,34,2360
492794,495092,495113,21,2298
492794,495092,495114,22,2298
492794,495095,495115,20,2301
492794,495098,495116,18,2304
492794,495080,495116,36,2286
492794,495092,495116,24,2298
492794,495093,495116,23,2299
492794,495094,495116,22,2300
492794,495095,495116,21,2301
492794,495104,495117,13,2310
492794,495090,495117,27,2296
492794,495102,495118,16,2308
492794,495091,495118,27,2297
492794,495098,495118,20,2304
492794,495098,495118,20,2304
492794,495095,495119,24,2301
492794,495103,495119,16,2309
492794,495098,495120,22,2304
492794,495102,495120,18,2308
492794,495091,495120,29,2297
492794,495105,495121,16,2311
492794,495103,495121,18,2309
492794,495102,495122,20,2308
492794,495095,495123,28,2301
492794,495099,495123,24,2305
492794,495092,495122,30,2298
492794,495095,495122,27,2301
492794,495090,495123,33,2296
492794,495105,495123,18,2311
492794,495098,495124,26,2304
492794,495094,495123,29,2300
492794,495100,495123,23,2306
492794,495096,495125,29,2302
492794,495100,495125,25,2306
492794,495103,495125,22,2309
492794,495103,495124,21,2309
492794,495080,495126,46,2286
492794,495102,495126,24,2308
492794,495099,495126,27,2305
492794,495090,495127,37,2296
492794,495085,495128,43,2291
492794,495105,495127,22,2311
492794,495107,495128,21,2313
492794,495090,495129,39,2296
492794,495106,495130,24,2312
492794,495114,495131,17,2320
492794,495106,495132,26,2312
492794,495100,495133,33,2306
492794,495110,495133,23,2316
492794,495085,495132,47,2291
492794,495098,495126,28,2304
492794,495106,495132,26,2312
492794,495084,495134,50,2290
492794,495106,495133,27,2312
492794,495116,495134,18,2322
492794,495081,495134,53,2287
492794,495114,495135,21,2320
492794,495081,495135,54,2287
492794,495081,495136,55,2287
492794,495084,495136,52,2290
492794,495085,495136,51,2291
492794,495088,495137,49,2294
492794,495088,495136,48,2294
492794,495117,495137,20,2323
492794,495117,495138,21,2323
492794,495116,495138,22,2322
492794,495088,495138,50,2294
492794,495116,495138,22,2322
492794,495118,495139,21,2324
492794,495121,495140,19,2327
492794,495089,495140,51,2295
492794,495121,495140,19,2327
492794,495118,495141,23,2324
492794,495119,495141,22,2325
492794,495117,495141,24,2323
492794,495118,495141,23,2324
492794,495120,495142,22,2326
492794,495084,495143,59,2290
492794,495118,495143,25,2324
492794,495085,495144,59,2291
492794,495089,495143,54,2295
492794,495089,495143,54,2295
492794,495116,495144,28,2322
492794,495087,495144,57,2293
492794,495121,495145,24,2327
492794,495087,495145,58,2293
492794,495119,495147,28,2325
492794,495119,495147,28,2325
492794,495124,495149,25,2330
492794,495122,495149,27,2328
492794,495125,495152,27,2331
492794,495124,495152,28,2330
492794,495125,495152,27,2331
492794,495127,495152,25,2333
492794,495120,495153,33,2326
492888,495139,495153,14,2251
492794,495127,495153,26,2333
492888,495137,495154,17,2249
492794,495125,495154,29,2331
492794,495122,495155,33,2328
492794,495087,495156,69,2293
492794,495123,495156,33,2329
492794,495127,495155,28,2333
492794,495124,495156,32,2330
492794,495125,495156,31,2331
492794,495123,495157,34,2329
492794,495128,495157,29,2334
491932,494371,495157,786,2439
492888,495138,495157,19,2250
492888,495138,495158,20,2250
492888,495140,495158,18,2252
492794,495128,495159,31,2334
492794,495128,495160,32,2334
492794,495124,495160,36,2330
492794,495128,495159,31,2334
492794,495134,495160,26,2340
492888,495137,495160,23,2249
492888,495140,495160,20,2252
492888,495141,495161,20,2253
492888,495138,495161,23,2250
492794,495136,495161,25,2342
492794,495131,495161,30,2337
492794,495134,495161,27,2340
492794,495134,495162,28,2340
492888,495139,495161,22,2251
492794,495132,495161,29,2338
492794,495134,495162,28,2340
492794,495123,495162,39,2329
492794,495134,495163,29,2340
492794,495136,495163,27,2342
492794,495133,495164,31,2339
492794,495134,495164,30,2340
492794,495135,495165,30,2341
492794,495136,495166,30,2342
492888,495141,495166,25,2253
492794,495135,495166,31,2341
492794,495136,495167,31,2342
492794,495132,495167,35,2338
492794,495130,495167,37,2336
492794,495134,495170,36,2340
492794,495123,495171,48,2329
492888,495162,495177,15,2274
492888,495156,495177,21,2268
492888,495156,495178,22,2268
492888,495141,495177,36,2253
492888,495157,495178,21,2269
492888,495156,495178,22,2268
492888,495163,495178,15,2275
492888,495163,495178,15,2275
492888,495162,495180,18,2274
492888,495156,495180,24,2268
492888,495156,495180,24,2268
492888,495161,495180,19,2273
492888,495162,495180,18,2274
492888,495162,495180,18,2274
492888,495165,495181,16,2277
492888,495161,495181,20,2273
492888,495164,495182,18,2276
492888,495159,495182,23,2271
492888,495161,495183,22,2273
492888,495166,495182,16,2278
492888,495159,495182,23,2271
492888,495165,495183,18,2277
492888,495155,495183,28,2267
492888,495157,495182,25,2269
492888,495157,495182,25,2269
492888,495154,495183,29,2266
492888,495153,495183,30,2265
492888,495157,495184,27,2269
492888,495154,495183,29,2266
492888,495157,495183,26,2269
492888,495160,495184,24,2272
492888,495161,495184,23,2273
492888,495160,495184,24,2272
492888,495164,495184,20,2276
492888,495154,495184,30,2266
492888,495162,495186,24,2274
492888,495162,495186,24,2274
492888,495153,495187,34,2265
492888,495160,495187,27,2272
492888,495165,495187,22,2277
492888,495160,495187,27,2272
492888,495166,495188,22,2278
492888,495168,495189,21,2280
492888,495144,495190,46,2256
492888,495145,495191,46,2257
492888,495141,495191,50,2253
492888,495172,495193,21,2284
492888,495168,495192,24,2280
492888,495167,495193,26,2279
492888,495144,495193,49,2256
492888,495141,495194,53,2253
492888,495167,495194,27,2279
492888,495150,495194,44,2262
492888,495170,495196,26,2282
492888,495149,495198,49,2261
492888,495179,495197,18,2291
492888,495177,495198,21,2289
492888,495180,495198,18,2292
492888,495178,495198,20,2290
492888,495141,495199,58,2253
492888,495143,495198,55,2255
492888,495143,495199,56,2255
492888,495178,495200,22,2290
492888,495179,495200,21,2291
492888,495182,495200,18,2294
492888,495181,495200,19,2293
492888,495162,495201,39,2274
492888,495148,495201,53,2260
492888,495177,495201,24,2289
492888,495144,495201,57,2256
492888,495145,495201,56,2257
492888,495180,495201,21,2292
492888,495183,495202,19,2295
492888,495180,495203,23,2292
492888,495178,495204,26,2290
492888,495183,495204,21,2295
492888,495153,495203,50,2265
492888,495179,495203,24,2291
492888,495153,495204,51,2265
492888,495181,495204,23,2293
492888,495182,495205,23,2294
492888,495153,495207,54,2265
492888,495183,495208,25,2295
492888,495184,495208,24,2296
492888,495146,495209,63,2258
492888,495184,495210,26,2296
492888,495181,495210,29,2293
492888,495185,495210,25,2297
492888,495184,495211,27,2296
492888,495185,495211,26,2297
492888,495182,495211,29,2294
492888,495143,495212,69,2255
492888,495187,495212,25,2299
492888,495188,495212,24,2300
492888,495184,495213,29,2296
492888,495183,495214,31,2295
492888,495183,495214,31,2295
492888,495183,495214,31,2295
492888,495186,495214,28,2298
492888,495189,495214,25,2301
492888,495187,495214,27,2299
492888,495187,495214,27,2299
492888,495184,495214,30,2296
492888,495146,495215,69,2258
492941,495201,495215,14,2260
492941,495200,495216,16,2259
492888,495193,495216,23,2305
492888,495186,495216,30,2298
492888,495190,495217,27,2302
492888,495181,495217,36,2293
492888,495192,495218,26,2304
492888,495185,495218,33,2297
492888,495193,495218,25,2305
492888,495184,495219,35,2296
492941,495200,495218,18,2259
492888,495192,495220,28,2304
492941,495200,495220,20,2259
492941,495202,495220,18,2261
492017,494449,495220,771,2432
492888,495183,495220,37,2295
492888,495198,495221,23,2310
492888,495194,495222,28,2306
492941,495202,495221,19,2261
492888,495193,495222,29,2305
492888,495199,495223,24,2311
492888,495190,495223,33,2302
492888,495194,495224,30,2306
492941,495201,495224,23,2260
492888,495195,495224,29,2307
492888,495197,495225,28,2309
492888,495199,495226,27,2311
492941,495202,495226,24,2261
492941,495201,495226,25,2260
492888,495183,495226,43,2295
492888,495198,495227,29,2310
492888,495199,495228,29,2311
492888,495148,495227,79,2260
492941,495202,495227,25,2261
492888,495195,495227,32,2307
492888,495199,495230,31,2311
492941,495202,495229,27,2261
492941,495203,495237,34,2262
492941,495218,495237,19,2277
492941,495215,495238,23,2274
492941,495215,495238,23,2274
492941,495225,495238,13,2284
492941,495216,495239,23,2275
492941,495215,495239,24,2274
492941,495215,495239,24,2274
492941,495217,495240,23,2276
492941,495223,495240,17,2282
492941,495225,495240,15,2284
492941,495219,495241,22,2278
492941,495218,495240,22,2277
492941,495220,495241,21,2279
492941,495214,495241,27,2273
492941,495221,495241,20,2280
492941,495215,495241,26,2274
492941,495216,495242,26,2275
492941,495222,495242,20,2281
492941,495225,495242,17,2284
492941,495214,495242,28,2273
492941,495215,495242,27,2274
492941,495221,495243,22,2280
492941,495224,495243,19,2283
492941,495219,495242,23,2278
492941,495216,495243,27,2275
492941,495227,495243,16,2286
492941,495221,495243,22,2280
492941,495226,495244,18,2285
492941,495218,495244,26,2277
492941,495218,495245,27,2277
492941,495216,495244,28,2275
492941,495225,495244,19,2284
492941,495219,495245,26,2278
492941,495226,495245,19,2285
492941,495223,495246,23,2282
492941,495214,495247,33,2273
492941,495221,495247,26,2280
492941,495204,495248,44,2263
492941,495213,495247,34,2272
492941,495222,495248,26,2281
492941,495228,495250,22,2287
492941,495212,495251,39,2271
492941,495204,495251,47,2263
492941,495227,495252,25,2286
492941,495230,495253,23,2289
492941,495208,495253,45,2267
492941,495228,495254,26,2287
492941,495204,495256,52,2263
492941,495222,495257,35,2281
492941,495228,495258,30,2287
492941,495239,495258,19,2298
492941,495228,495258,30,2287
492941,495240,495258,18,2299
492941,495207,495258,51,2266
492941,495213,495259,46,2272
492941,495230,495259,29,2289
492941,495205,495260,55,2264
492941,495210,495260,50,2269
492941,495243,495260,17,2302
492941,495242,495260,18,2301
492941,495238,495261,23,2297
492941,495241,495261,20,2300
492941,495204,495261,57,2263
492941,495204,495262,58,2263
492941,495242,495261,19,2301
492941,495239,495262,23,2298
492941,495228,495262,34,2287
492941,495240,495262,22,2299
492941,495241,495263,22,2300
492941,495239,495262,23,2298
492941,495242,495263,21,2301
492941,495240,495263,23,2299
492941,495240,495264,24,2299
492941,495242,495265,23,2301
492941,495205,495265,60,2264
492941,495209,495265,56,2268
492941,495238,495265,27,2297
492941,495243,495266,23,2302
492941,495211,495266,55,2270
492941,495242,495267,25,2301
492941,495243,495267,24,2302
492941,495212,495266,54,2271
492941,495239,495267,28,2298
492941,495204,495268,64,2263
492941,495212,495269,57,2271
492941,495212,495269,57,2271
492941,495245,495272,27,2304
492941,495245,495272,27,2304
492941,495244,495273,29,2303
492941,495241,495273,32,2300
492941,495243,495272,29,2302
492941,495245,495273,28,2304
492941,495247,495273,26,2306
492941,495245,495273,28,2304
492941,495210,495274,64,2269
492941,495245,495273,28,2304
492941,495244,495274,30,2303
492941,495243,495275,32,2302
492941,495244,495275,31,2303
492941,495241,495277,36,2300
492941,495247,495276,29,2306
492941,495243,495277,34,2302
492941,495248,495277,29,2307
492941,495248,495277,29,2307
493027,495262,495278,16,2235
492941,495211,495278,67,2270
492941,495251,495278,27,2310
492941,495247,495279,32,2306
492109,494525,495280,755,2416
492941,495248,495281,33,2307
493027,495263,495280,17,2236
492941,495257,495281,24,2316
493027,495263,495281,18,2236
492941,495252,495280,28,2311
493027,495262,495282,20,2235
492941,495243,495282,39,2302
492941,495251,495282,31,2310
493027,495262,495283,21,2235
492941,495244,495283,39,2303
493027,495261,495284,23,2234
492941,495259,495284,25,2318
493027,495262,495284,22,2235
492941,495252,495285,33,2311
492941,495254,495285,31,2313
492941,495258,495287,29,2317
492941,495259,495287,28,2318
493027,495262,495287,25,2235
493027,495263,495287,24,2236
492941,495258,495287,29,2317
493027,495263,495288,25,2236
492941,495261,495288,27,2320
492941,495254,495288,34,2313
492941,495258,495290,32,2317
492941,495254,495291,37,2313
492941,495261,495291,30,2320
492941,495261,495291,30,2320
492941,495257,495291,34,2316
493027,495263,495291,28,2236
492941,495259,495297,38,2318
492941,495259,495297,38,2318
493027,495264,495296,32,2237
493027,495274,495298,24,2247
493027,495276,495299,23,2249
493027,495278,495299,21,2251
493027,495277,495299,22,2250
493027,495278,495300,22,2251
493027,495286,495300,14,2259
493027,495276,495301,25,2249
493027,495285,495302,17,2258
493027,495278,495302,24,2251
493027,495279,495302,23,2252
493027,495279,495302,23,2252
493027,495274,495303,29,2247
493027,495283,495302,19,2256
493027,495283,495303,20,2256
493027,495274,495303,29,2247
493027,495283,495303,20,2256
493027,495280,495303,23,2253
493027,495281,495304,23,2254
493027,495281,495304,23,2254
493027,495274,495304,30,2247
493027,495287,495304,17,2260
493027,495284,495304,20,2257
493027,495277,495305,28,2250
493027,495282,495305,23,2255
493027,495279,495305,26,2252
493027,495281,495306,25,2254
493027,495287,495305,18,2260
493027,495288,495305,17,2261
493027,495288,495306,18,2261
493027,495288,495307,19,2261
493027,495281,495307,26,2254
493027,495288,495307,19,2261
493027,495277,495307,30,2250
493027,495285,495308,23,2258
493027,495281,495308,27,2254
493027,495273,495309,36,2246
493027,495265,495308,43,2238
493027,495289,495309,20,2262
493027,495265,495311,46,2238
493027,495288,495313,25,2261
493027,495266,495314,48,2239
493027,495285,495313,28,2258
493027,495265,495315,50,2238
493027,495290,495315,25,2263
493027,495273,495316,43,2246
493027,495292,495316,24,2265
493027,495297,495317,20,2270
493027,495291,495317,26,2264
493027,495266,495317,51,2239
493027,495291,495318,27,2264
493027,495285,495319,34,2258
493027,495266,495319,53,2239
493027,495301,495319,18,2274
493027,495267,495319,52,2240
493027,495267,495319,52,2240
493027,495291,495320,29,2264
493027,495297,495320,23,2270
493027,495299,495320,21,2272
493027,495300,495320,20,2273
493027,495297,495321,24,2270
493027,495273,495321,48,2246
493027,495267,495321,54,2240
493027,495292,495321,29,2265
493027,495298,495322,24,2271
493027,495272,495323,51,2245
493027,495304,495322,18,2277
493027,495304,495322,18,2277
493027,495299,495323,24,2272
493027,495304,495323,19,2277
493027,495302,495323,21,2275
493027,495305,495324,19,2278
493027,495303,495325,22,2276
493027,495268,495325,57,2241
493027,495269,495325,56,2242
493027,495304,495325,21,2277
493027,495301,495326,25,2274
493027,495303,495326,23,2276
493027,495302,495325,23,2275
493027,495303,495326,23,2276
493027,495303,495328,25,2276
493027,495302,495328,26,2275
493027,495267,495328,61,2240
493027,495305,495329,24,2278
493027,495273,495330,57,2246
493027,495272,495332,60,2245
493027,495309,495331,22,2282
493027,495273,495332,59,2246
493027,495305,495334,29,2278
493027,495309,495334,25,2282
493027,495307,495334,27,2280
493027,495307,495335,28,2280
493027,495269,495335,66,2242
493027,495306,495335,29,2279
493027,495305,495335,30,2278
493027,495308,495335,27,2281
493027,495310,495335,25,2283
493027,495306,495335,29,2279
493027,495309,495337,28,2282
493121,495322,495337,15,2201
493027,495308,495338,30,2281
493027,495306,495339,33,2279
493027,495306,495339,33,2279
493027,495316,495340,24,2289
493027,495305,495339,34,2278
493121,495322,495339,17,2201
493027,495313,495340,27,2286
493027,495307,495340,33,2280
493027,495303,495340,37,2276
493027,495318,495340,22,2291
493121,495322,495340,18,2201
493027,495312,495341,29,2285
493027,495314,495341,27,2287
493121,495323,495341,18,2202
493027,495303,495341,38,2276
493027,495317,495342,25,2290
493027,495317,495342,25,2290
493027,495317,495342,25,2290
493121,495323,495342,19,2202
493027,495315,495343,28,2288
493027,495318,495343,25,2291
493121,495324,495344,20,2203
493121,495322,495344,22,2201
493027,495321,495345,24,2294
493121,495324,495345,21,2203
493027,495320,495344,24,2293
493121,495323,495345,22,2202
493027,495319,495345,26,2292
493027,495314,495346,32,2287
493121,495323,495346,23,2202
493027,495319,495346,27,2292
493027,495317,495346,29,2290
493027,495313,495348,35,2286
493027,495321,495348,27,2294
493027,495320,495349,29,2293
493027,495321,495349,28,2294
493121,495325,495351,26,2204
493027,495320,495351,31,2293
493027,495321,495351,30,2294
493121,495325,495355,30,2204
493121,495325,495360,35,2204
493027,495269,495359,90,2242
493121,495345,495360,15,2224
493121,495337,495360,23,2216
493121,495346,495360,14,2225
493121,495345,495361,16,2224
493121,495340,495362,22,2219
493121,495340,495362,22,2219
493121,495343,495363,20,2222
493121,495337,495363,26,2216
493121,495342,495362,20,2221
493121,495345,495362,17,2224
493121,495346,495363,17,2225
493121,495347,495363,16,2226
493121,495340,495364,24,2219
493121,495341,495364,23,2220
493121,495347,495364,17,2226
493121,495340,495364,24,2219
493121,495336,495364,28,2215
493121,495336,495365,29,2215
493121,495340,495365,25,2219
493121,495342,495365,23,2221
493121,495343,495365,22,2222
493121,495343,495366,23,2222
493121,495342,495366,24,2221
493121,495341,495366,25,2220
493121,495339,495366,27,2218
493121,495336,495366,30,2215
493121,495347,495367,20,2226
493121,495336,495367,31,2215
493121,495341,495367,26,2220
493121,495339,495367,28,2218
493121,495341,495367,26,2220
493121,495336,495368,32,2215
493121,495339,495369,30,2218
493121,495335,495368,33,2214
493121,495341,495370,29,2220
492160,494606,495372,766,2446
493121,495329,495373,44,2208
493121,495349,495372,23,2228
493121,495341,495367,26,2220
493121,495342,495365,23,2221
493121,495345,495364,19,2224
493121,495349,495374,25,2228
493121,495344,495374,30,2223
493121,495326,495374,48,2205
493121,495334,495375,41,2213
493121,495352,495375,23,2231
493121,495350,495376,26,2229
493121,495350,495376,26,2229
493121,495352,495377,25,2231
493121,495356,495378,22,2235
493121,495345,495378,33,2224
493121,495352,495379,27,2231
493121,495326,495380,54,2205
493121,495361,495380,19,2240
493121,495360,495381,21,2239
493121,495360,495381,21,2239
493121,495360,495382,22,2239
493121,495365,495383,18,2244
493121,495365,495383,18,2244
493121,495363,495382,19,2242
493121,495361,495383,22,2240
493121,495329,495383,54,2208
493121,495362,495383,21,2241
493121,495331,495384,53,2210
493121,495329,495384,55,2208
493121,495363,495385,22,2242
493121,495363,495385,22,2242
493121,495361,495385,24,2240
493121,495364,495386,22,2243
493121,495365,495385,20,2244
493121,495363,495385,22,2242
493121,495365,495386,21,2244
493121,495366,495387,21,2245
493121,495326,495388,62,2205
493121,495327,495389,62,2206
493121,495326,495389,63,2205
493121,495364,495389,25,2243
493121,495366,495389,23,2245
493121,495366,495390,24,2245
493121,495330,495390,60,2209
493121,495368,495392,24,2247
493121,495334,495391,57,2213
493121,495373,495393,20,2252
493121,495335,495394,59,2214
493121,495333,495394,61,2212
493121,495368,495394,26,2247
493121,495368,495395,27,2247
493121,495366,495395,29,2245
493121,495367,495395,28,2246
493121,495368,495396,28,2247
493121,495366,495396,30,2245
493121,495335,495396,61,2214
493121,495369,495397,28,2248
493121,495371,495398,27,2250
493121,495369,495397,28,2248
493121,495375,495399,24,2254
493121,495376,495399,23,2255
493121,495372,495399,27,2251
493121,495373,495398,25,2252
493121,495373,495399,26,2252
493121,495326,495399,73,2205
493230,495384,495399,15,2154
493121,495373,495400,27,2252
493121,495375,495400,25,2254
493121,495364,495400,36,2243
493121,495332,495401,69,2211
493121,495368,495401,33,2247
493121,495364,495402,38,2243
493121,495367,495402,35,2246
493230,495384,495402,18,2154
493121,495378,495402,24,2257
493230,495383,495402,19,2153
493121,495376,495402,26,2255
493121,495375,495403,28,2254
493121,495378,495402,24,2257
493121,495379,495403,24,2258
493121,495364,495403,39,2243
493121,495373,495403,30,2252
493121,495373,495403,30,2252
493121,495377,495403,26,2256
493121,495377,495404,27,2256
493121,495374,495404,30,2253
493230,495383,495404,21,2153
493230,495385,495406,21,2155
493121,495367,495406,39,2246
493121,495382,495406,24,2261
493121,495382,495407,25,2261
493230,495386,495407,21,2156
493230,495386,495407,21,2156
493121,495381,495407,26,2260
493230,495385,495407,22,2155
493230,495386,495408,22,2156
493121,495383,495409,26,2262
493230,495386,495410,24,2156
493121,495383,495410,27,2262
493230,495386,495413,27,2156
493121,495382,495413,31,2261
493121,495381,495414,33,2260
493230,495386,495415,29,2156
493230,495403,495421,18,2173
493121,495332,495422,90,2211
493230,495400,495423,23,2170
493230,495402,495423,21,2172
493230,495407,495423,16,2177
493230,495406,495423,17,2176
493230,495401,495424,23,2171
493230,495401,495425,24,2171
493230,495403,495424,21,2173
493230,495407,495425,18,2177
493230,495400,495425,25,2170
493230,495407,495425,18,2177
493230,495403,495425,22,2173
493230,495403,495425,22,2173
493230,495402,495425,23,2172
493230,495401,495426,25,2171
493230,495408,495426,18,2178
493230,495402,495426,24,2172
493230,495399,495427,28,2169
493230,495404,495427,23,2174
493230,495406,495427,21,2176
493230,495409,495427,18,2179
493230,495399,495427,28,2169
493230,495401,495427,26,2171
493230,495402,495427,25,2172
493230,495399,495428,29,2169
493230,495407,495428,21,2177
493230,495400,495427,27,2170
493230,495398,495428,30,2168
493230,495405,495428,23,2175
493230,495399,495429,30,2169
493230,495397,495429,32,2167
493230,495402,495429,27,2172
493230,495403,495430,27,2173
493230,495404,495431,27,2174
493230,495397,495431,34,2167
493230,495403,495431,28,2173
493230,495404,495432,28,2174
493230,495388,495433,45,2158
493230,495411,495434,23,2181
493230,495415,495435,20,2185
493230,495409,495435,26,2179
493230,495411,495437,26,2181
493230,495414,495440,26,2184
493230,495398,495427,29,2168
493230,495403,495426,23,2173
493230,495406,495425,19,2176
493230,495413,495437,24,2183
493230,495415,495438,23,2185
493230,495423,495442,19,2193
493230,495405,495442,37,2175
493230,495396,495443,47,2166
493230,495423,495442,19,2193
493230,495422,495443,21,2192
493230,495391,495444,53,2161
493230,495425,495444,19,2195
493230,495425,495445,20,2195
493230,495423,495445,22,2193
493230,495425,495445,20,2195
493230,495426,495445,19,2196
493230,495427,495446,19,2197
493230,495389,495446,57,2159
493230,495390,495446,56,2160
493230,495427,495447,20,2197
493230,495389,495446,57,2159
493230,495424,495447,23,2194
492224,494676,495447,771,2452
493230,495390,495447,57,2160
493230,495392,495447,55,2162
493230,495426,495447,21,2196
493230,495425,495448,23,2195
493230,495427,495448,21,2197
493230,495423,495448,25,2193
493230,495390,495448,58,2160
493230,495428,495449,21,2198
493230,495427,495449,22,2197
493230,495427,495450,23,2197
493230,495425,495450,25,2195
493230,495394,495452,58,2164
493230,495430,495452,22,2200
493230,495431,495453,22,2201
493230,495428,495453,25,2198
493230,495394,495453,59,2164
493230,495430,495454,24,2200
493230,495428,495454,26,2198
493230,495396,495455,59,2166
493230,495389,495456,67,2159
493230,495428,495456,28,2198
493230,495431,495458,27,2201
493230,495429,495457,28,2199
493230,495434,495459,25,2204
493230,495429,495459,30,2199
493230,495434,495459,25,2204
493230,495431,495459,28,2201
493230,495396,495459,63,2166
493230,495433,495460,27,2203
493230,495396,495460,64,2166
493230,495428,495462,34,2198
493230,495430,495462,32,2200
493230,495426,495461,35,2196
493282,495447,495463,16,2165
493282,495447,495463,16,2165
493230,495425,495463,38,2195
493282,495448,495462,14,2166
493230,495441,495463,22,2211
493230,495440,495464,24,2210
493282,495447,495464,17,2165
493230,495396,495464,68,2166
493230,495436,495465,29,2206
493230,495441,495465,24,2211
493230,495441,495465,24,2211
493230,495441,495464,23,2211
493230,495430,495466,36,2200
493230,495443,495465,22,2213
493282,495448,495466,18,2166
493230,495441,495466,25,2211
493230,495438,495466,28,2208
493230,495392,495467,75,2162
493282,495448,495468,20,2166
493282,495449,495468,19,2167
493282,495448,495469,21,2166
493230,495443,495469,26,2213
493230,495436,495470,34,2206
493230,495446,495469,23,2216
493230,495445,495469,24,2215
493230,495426,495469,43,2196
493230,495442,495470,28,2212
493230,495428,495470,42,2198
493282,495449,495470,21,2167
493282,495449,495471,22,2167
493230,495441,495471,30,2211
493230,495443,495472,29,2213
493230,495444,495472,28,2214
493230,495446,495473,27,2216
493230,495395,495473,78,2165
493230,495445,495473,28,2215
493230,495446,495475,29,2216
493230,495446,495475,29,2216
493230,495444,495475,31,2214
493282,495448,495475,27,2166
493282,495449,495478,29,2167
493282,495466,495481,15,2184
493282,495463,495482,19,2181
493230,495395,495483,88,2165
493282,495462,495485,23,2180
493282,495468,495486,18,2186
493282,495469,495486,17,2187
493282,495466,495486,20,2184
493282,495460,495487,27,2178
493282,495465,495487,22,2183
493282,495464,495488,24,2182
493282,495471,495487,16,2189
493282,495461,495488,27,2179
493282,495464,495488,24,2182
493282,495462,495489,27,2180
493282,495471,495488,17,2189
493282,495468,495489,21,2186
493282,495473,495489,16,2191
493282,495467,495490,23,2185
493282,495473,495490,17,2191
493282,495466,495490,24,2184
493282,495462,495489,27,2180
493282,495467,495490,23,2185
493282,495463,495491,28,2181
493282,495466,495491,25,2184
493282,495466,495491,25,2184
493282,495460,495491,31,2178
493282,495471,495491,20,2189
493282,495469,495491,22,2187
493282,495472,495491,19,2190
493282,495463,495492,29,2181
493282,495463,495491,28,2181
493282,495465,495492,27,2183
493282,495469,495493,24,2187
493282,495473,495492,19,2191
493282,495463,495493,30,2181
493282,495460,495493,33,2178
493282,495471,495494,23,2189
493282,495466,495495,29,2184
493282,495470,495495,25,2188
493282,495449,495495,46,2167
493282,495470,495495,25,2188
493282,495474,495496,22,2192
493282,495475,495497,22,2193
493282,495474,495498,24,2192
493282,495475,495498,23,2193
493282,495478,495498,20,2196
493282,495476,495498,22,2194
493282,495482,495499,17,2200
493282,495470,495501,31,2188
493282,495484,495501,17,2202
493282,495475,495502,27,2193
493282,495482,495502,20,2200
493282,495451,495503,52,2169
493282,495487,495503,16,2205
493282,495485,495503,18,2203
493282,495460,495504,44,2178
493282,495470,495504,34,2188
493282,495486,495505,19,2204
493282,495487,495505,18,2205
493282,495454,495506,52,2172
493282,495453,495506,53,2171
493282,495488,495507,19,2206
493282,495490,495507,17,2208
493282,495487,495507,20,2205
493282,495487,495508,21,2205
493282,495489,495508,19,2207
493282,495490,495508,18,2208
493282,495490,495509,19,2208
493282,495490,495509,19,2208
493282,495490,495510,20,2208
493282,495488,495511,23,2206
493282,495451,495511,60,2169
493282,495491,495512,21,2209
493282,495491,495512,21,2209
492320,494747,495512,765,2427
493282,495454,495513,59,2172
493282,495488,495513,25,2206
493282,495452,495513,61,2170
493282,495491,495516,25,2209
493282,495490,495516,26,2208
493282,495495,495516,21,2213
493282,495491,495516,25,2209
493282,495450,495516,66,2168
493282,495495,495518,23,2213
493282,495493,495518,25,2211
493282,495456,495518,62,2174
493282,495492,495519,27,2210
493282,495493,495519,26,2211
493282,495493,495519,26,2211
493282,495488,495521,33,2206
493282,495499,495520,21,2217
493282,495494,495520,26,2212
493282,495493,495521,28,2211
493282,495494,495521,27,2212
493282,495492,495521,29,2210
493282,495455,495522,67,2173
493282,495498,495522,24,2216
493344,495508,495522,14,2164
493282,495489,495523,34,2207
493282,495498,495523,25,2216
493282,495500,495524,24,2218
493282,495498,495524,26,2216
493344,495508,495524,16,2164
493282,495489,495524,35,2207
493282,495502,495525,23,2220
493282,495502,495525,23,2220
493282,495499,495526,27,2217
493282,495459,495526,67,2177
493282,495496,495527,31,2214
493282,495452,495527,75,2170
493282,495503,495527,24,2221
493282,495501,495528,27,2219
493282,495501,495528,27,2219
493282,495496,495527,31,2214
493282,495497,495527,30,2215
493282,495492,495528,36,2210
493282,495491,495529,38,2209
493344,495509,495528,19,2165
493344,495509,495529,20,2165
493282,495503,495529,26,2221
493344,495512,495529,17,2168
493344,495511,495530,19,2167
493282,495506,495530,24,2224
493282,495492,495530,38,2210
493282,495504,495530,26,2222
493282,495506,495531,25,2224
493344,495508,495530,22,2164
493282,495506,495530,24,2224
493344,495509,495531,22,2165
493282,495506,495531,25,2224
493344,495509,495532,23,2165
493344,495512,495533,21,2168
493344,495512,495535,23,2168
493282,495504,495536,32,2222
493282,495454,495536,82,2172
493282,495504,495535,31,2222
493282,495458,495537,79,2176
493282,495457,495544,87,2175
493344,495513,495545,32,2169
493344,495523,495545,22,2179
493344,495526,495546,20,2182
493282,495459,495546,87,2177
493344,495530,495547,17,2186
493344,495529,495546,17,2185
493344,495530,495547,17,2186
493344,495531,495547,16,2187
493282,495458,495548,90,2176
493344,495528,495548,20,2184
493344,495525,495548,23,2181
493344,495524,495548,24,2180
493344,495529,495549,20,2185
493344,495528,495549,21,2184
493344,495522,495550,28,2178
493344,495525,495550,25,2181
493344,495523,495550,27,2179
493344,495531,495550,19,2187
493344,495522,495551,29,2178
493344,495528,495551,23,2184
493344,495528,495551,23,2184
493344,495526,495551,25,2182
493344,495527,495551,24,2183
493344,495527,495552,25,2183
493344,495529,495551,22,2185
493344,495522,495553,31,2178
493344,495531,495553,22,2187
493344,495528,495552,24,2184
493344,495531,495552,21,2187
493344,495527,495553,26,2183
493344,495529,495553,24,2185
493344,495525,495553,28,2181
493344,495533,495554,21,2189
493344,495525,495555,30,2181
493282,495457,495555,98,2175
493344,495530,495556,26,2186
493344,495530,495556,26,2186
493344,495536,495556,20,2192
493344,495531,495556,25,2187
493344,495536,495557,21,2192
493344,495521,495559,38,2177
493344,495522,495558,36,2178
493344,495536,495559,23,2192
493344,495526,495553,27,2182
493344,495533,495550,17,2189
493344,495536,495561,25,2192
493344,495538,495562,24,2194
493344,495547,495564,17,2203
493344,495531,495564,33,2187
493344,495547,495565,18,2203
493344,495531,495565,34,2187
493344,495513,495565,52,2169
493344,495549,495567,18,2205
493344,495547,495567,20,2203
493344,495547,495567,20,2203
493344,495549,495568,19,2205
493344,495517,495567,50,2173
493344,495546,495568,22,2202
493344,495548,495568,20,2204
493344,495549,495568,19,2205
493344,495549,495568,19,2205
493344,495549,495569,20,2205
493344,495552,495570,18,2208
493344,495547,495570,23,2203
493344,495552,495570,18,2208
493344,495551,495571,20,2207
493344,495552,495572,20,2208
493344,495546,495571,25,2202
493344,495552,495572,20,2208
493344,495551,495572,21,2207
493344,495552,495572,20,2208
493344,495517,495574,57,2173
493344,495549,495574,25,2205
493344,495553,495574,21,2209
493344,495550,495574,24,2206
493344,495513,495575,62,2169
493344,495550,495575,25,2206
493344,495553,495575,22,2209
493344,495550,495576,26,2206
493344,495544,495577,33,2200
493344,495553,495577,24,2209
493344,495516,495577,61,2172
493344,495553,495578,25,2209
493344,495517,495579,62,2173
493344,495554,495580,26,2210
493344,495559,495580,21,2215
493344,495514,495581,67,2170
493344,495517,495581,64,2173
493344,495557,495582,25,2213
493344,495554,495581,27,2210
493344,495556,495581,25,2212
493344,495518,495582,64,2174
493344,495555,495582,27,2211
493344,495558,495582,24,2214
493344,495561,495582,21,2217
493344,495556,495582,26,2212
493344,495556,495582,26,2212
493344,495514,495582,68,2170
493344,495561,495583,22,2217
493344,495561,495584,23,2217
493344,495557,495584,27,2213
493344,495559,495585,26,2215
493344,495560,495585,25,2216
493344,495565,495586,21,2221
493344,495565,495586,21,2221
493344,495555,495586,31,2211
493344,495568,495589,21,2224
493344,495565,495589,24,2221
493344,495566,495590,24,2222
493344,495569,495591,22,2225
493450,495572,495590,18,2122
493344,495554,495590,36,2210
493344,495569,495591,22,2225
493344,495519,495591,72,2175
493450,495573,495591,18,2123
493344,495519,495591,72,2175
493344,495568,495591,23,2224
493450,495572,495592,20,2122
493344,495566,495592,26,2222
493344,495568,495592,24,2224
493344,495567,495592,25,2223
493344,495561,495593,32,2217
493344,495563,495593,30,2219
493450,495572,495593,21,2122
493450,495573,495593,20,2123
493450,495572,495594,22,2122
493344,495570,495594,24,2226
493450,495575,495593,18,2125
493344,495521,495595,74,2177
493344,495570,495594,24,2226
493450,495575,495596,21,2125
493344,495568,495596,28,2224
493344,495569,495597,28,2225
493344,495569,495597,28,2225
493344,495569,495597,28,2225
493450,495575,495598,23,2125
493450,495576,495601,25,2126
493450,495575,495602,27,2125
492395,494818,495604,786,2423
493344,495519,495606,87,2175
493450,495585,495607,22,2135
493450,495583,495607,24,2133
493450,495576,495608,32,2126
493344,495519,495609,90,2175
493450,495585,495609,24,2135
493344,495519,495609,90,2175
493344,495521,495610,89,2177
493344,495521,495610,89,2177
493450,495583,495610,27,2133
493450,495592,495610,18,2142
493450,495586,495611,25,2136
493450,495590,495611,21,2140
493450,495586,495612,26,2136
493450,495594,495613,19,2144
493450,495587,495613,26,2137
493450,495594,495612,18,2144
493450,495591,495613,22,2141
493450,495591,495613,22,2141
493450,495593,495613,20,2143
493450,495587,495614,27,2137
493450,495583,495614,31,2133
493450,495592,495614,22,2142
493450,495597,495614,17,2147
493450,495585,495614,29,2135
493450,495593,495614,21,2143
493450,495592,495616,24,2142
493450,495591,495616,25,2141
493450,495594,495616,22,2144
493450,495592,495616,24,2142
493450,495591,495615,24,2141
493450,495589,495616,27,2139
493450,495597,495616,19,2147
493450,495598,495617,19,2148
493450,495595,495618,23,2145
493450,495598,495617,19,2148
493450,495591,495618,27,2141
493450,495592,495619,27,2142
493450,495596,495619,23,2146
493450,495599,495620,21,2149
493450,495592,495620,28,2142
493450,495594,495622,28,2144
493450,495594,495622,28,2144
493450,495595,495622,27,2145
493450,495594,495623,29,2144
493450,495602,495625,23,2152
493450,495594,495628,34,2144
493450,495576,495629,53,2126
493450,495610,495629,19,2160
493450,495583,495630,47,2133
493450,495602,495629,27,2152
493450,495604,495630,26,2154
493450,495612,495631,19,2162
493450,495610,495631,21,2160
493450,495610,495632,22,2160
493450,495612,495632,20,2162
493450,495610,495632,22,2160
493450,495615,495632,17,2165
493450,495615,495632,17,2165
493450,495610,495633,23,2160
493450,495616,495634,18,2166
493450,495610,495634,24,2160
493450,495611,495634,23,2161
493450,495615,495635,20,2165
493450,495615,495635,20,2165
493450,495609,495636,27,2159
493450,495612,495636,24,2162
493450,495606,495636,30,2156
493450,495608,495636,28,2158
493450,495608,495636,28,2158
493450,495616,495636,20,2166
493450,495614,495637,23,2164
493450,495616,495638,22,2166
493450,495580,495638,58,2130
493450,495613,495639,26,2163
493450,495616,495639,23,2166
493450,495613,495640,27,2163
493450,495613,495640,27,2163
493450,495580,495642,62,2130
493450,495614,495642,28,2164
493450,495613,495643,30,2163
493450,495578,495643,65,2128
493450,495619,495644,25,2169
493450,495616,495644,28,2166
493450,495617,495645,28,2167
493450,495619,495645,26,2169
493450,495579,495645,66,2129
493450,495578,495646,68,2128
493450,495620,495647,27,2170
493450,495614,495647,33,2164
493450,495617,495647,30,2167
493450,495622,495648,26,2172
493450,495582,495648,66,2132
492470,494886,495649,763,2416
493450,495618,495649,31,2168
493450,495625,495649,24,2175
493450,495620,495650,30,2170
493450,495619,495650,31,2169
493450,495622,495651,29,2172
493450,495614,495651,37,2164
493450,495632,495651,19,2182
493507,495637,495653,16,2130
493450,495633,495652,19,2183
493450,495580,495654,74,2130
493450,495632,495655,23,2182
493450,495628,495654,26,2178
493450,495618,495655,37,2168
493450,495623,495655,32,2173
493450,495578,495656,78,2128
493450,495630,495655,25,2180
493450,495630,495656,26,2180
493450,495631,495657,26,2181
493507,495637,495657,20,2130
493507,495637,495658,21,2130
493507,495637,495659,22,2130
493450,495630,495659,29,2180
493450,495633,495659,26,2183
493450,495582,495659,77,2132
493450,495577,495659,82,2127
493450,495632,495660,28,2182
493450,495624,495660,36,2174
493450,495635,495660,25,2185
493507,495640,495660,20,2133
493450,495582,495662,80,2132
493450,495632,495662,30,2182
493450,495630,495662,32,2180
493450,495617,495663,46,2167
493450,495634,495664,30,2184
493507,495640,495663,23,2133
493450,495637,495664,27,2187
493507,495639,495663,24,2132
493507,495638,495663,25,2131
493450,495582,495663,81,2132
493450,495635,495664,29,2185
493450,495636,495664,28,2186
493450,495582,495664,82,2132
493507,495641,495665,24,2134
493507,495639,495665,26,2132
493507,495641,495666,25,2134
493450,495581,495667,86,2131
493450,495633,495667,34,2183
493450,495634,495669,35,2184
493450,495582,495669,87,2132
493450,495636,495670,34,2186
493450,495581,495670,89,2131
493450,495582,495670,88,2132
493507,495663,495678,15,2156
493507,495661,495678,17,2154
493507,495655,495679,24,2148
493507,495656,495678,22,2149
493507,495642,495679,37,2135
493507,495653,495679,26,2146
493507,495655,495680,25,2148
493507,495654,495681,27,2147
493507,495657,495681,24,2150
493507,495659,495680,21,2152
493507,495662,495680,18,2155
493507,495661,495681,20,2154
493507,495655,495682,27,2148
493507,495652,495681,29,2145
493507,495656,495681,25,2149
493507,495662,495682,20,2155
493507,495664,495682,18,2157
493507,495659,495682,23,2152
493507,495651,495682,31,2144
493507,495653,495682,29,2146
493507,495661,495683,22,2154
493507,495658,495683,25,2151
493507,495656,495684,28,2149
493507,495657,495684,27,2150
493507,495659,495684,25,2152
493507,495664,495684,20,2157
493507,495665,495684,19,2158
493507,495660,495684,24,2153
493507,495660,495684,24,2153
493507,495660,495684,24,2153
493507,495664,495685,21,2157
493507,495664,495685,21,2157
493507,495656,495687,31,2149
493507,495664,495687,23,2157
493507,495664,495687,23,2157
493507,495666,495688,22,2159
493507,495668,495689,21,2161
493507,495651,495683,32,2144
493507,495663,495682,19,2156
493507,495666,495691,25,2159
493507,495667,495696,29,2160
493507,495671,495696,25,2164
493507,495671,495696,25,2164
493507,495683,495697,14,2176
493507,495664,495697,33,2157
493507,495669,495697,28,2162
493507,495668,495698,30,2161
493507,495671,495698,27,2164
493507,495664,495699,35,2157
493507,495684,495699,15,2177
493507,495651,495700,49,2144
493507,495683,495700,17,2176
493507,495670,495701,31,2163
493507,495679,495702,23,2172
493507,495679,495703,24,2172
493507,495678,495703,25,2171
493507,495642,495703,61,2135
493507,495646,495704,58,2139
493507,495684,495705,21,2177
493507,495684,495705,21,2177
493507,495682,495705,23,2175
493507,495678,495705,27,2171
493507,495683,495706,23,2176
493507,495681,495707,26,2174
493507,495680,495708,28,2173
493507,495684,495708,24,2177
493507,495682,495708,26,2175
493507,495680,495708,28,2173
493507,495683,495709,26,2176
493507,495682,495709,27,2175
493507,495645,495710,65,2138
493507,495682,495710,28,2175
493507,495681,495711,30,2174
493507,495684,495712,28,2177
493507,495683,495711,28,2176
493507,495681,495712,31,2174
493507,495688,495714,26,2181
493507,495689,495713,24,2182
493507,495690,495715,25,2183
493507,495685,495715,30,2178
493507,495646,495716,70,2139
493507,495688,495716,28,2181
493507,495681,495717,36,2174
493507,495685,495718,33,2178
493507,495645,495718,73,2138
493507,495644,495718,74,2137
493507,495685,495719,34,2178
493507,495684,495720,36,2177
493507,495688,495720,32,2181
493507,495649,495720,71,2142
493507,495697,495720,23,2190
493507,495648,495721,73,2141
493507,495685,495721,36,2178
493507,495690,495721,31,2183
493507,495690,495721,31,2183
493507,495648,495721,73,2141
493507,495697,495721,24,2190
493507,495692,495721,29,2185
493507,495644,495722,78,2137
493507,495681,495721,40,2174
492556,494951,495722,771,2395
493507,495697,495722,25,2190
493507,495697,495723,26,2190
493507,495685,495724,39,2178
493507,495689,495724,35,2182
493507,495697,495725,28,2190
493507,495696,495725,29,2189
493507,495648,495725,77,2141
493507,495702,495727,25,2195
493507,495699,495727,28,2192
493507,495698,495729,31,2191
493590,495709,495729,20,2119
493590,495707,495729,22,2117
493590,495708,495729,21,2118
493507,495700,495729,29,2193
493507,495700,495728,28,2193
493507,495647,495729,82,2140
493507,495649,495730,81,2142
493507,495699,495730,31,2192
493507,495703,495730,27,2196
493507,495650,495731,81,2143
493590,495709,495732,23,2119
493507,495646,495732,86,2139
493590,495711,495733,22,2121
493590,495709,495734,25,2119
493507,495706,495734,28,2199
493507,495701,495735,34,2194
493507,495701,495735,34,2194
493507,495704,495736,32,2197
493507,495706,495735,29,2199
493507,495704,495736,32,2197
493590,495710,495736,26,2120
493590,495711,495736,25,2121
493590,495708,495737,29,2118
493507,495705,495737,32,2198
493590,495709,495738,29,2119
493507,495706,495738,32,2199
493590,495711,495741,30,2121
493507,495650,495743,93,2143
493590,495725,495745,20,2135
493590,495722,495746,24,2132
493507,495647,495747,100,2140
493590,495722,495747,25,2132
493590,495722,495749,27,2132
493590,495725,495749,24,2135
493590,495730,495749,19,2140
493507,495650,495749,99,2143
493590,495724,495750,26,2134
493590,495731,495751,20,2141
493590,495722,495751,29,2132
493590,495729,495750,21,2139
493590,495726,495751,25,2136
493590,495723,495750,27,2133
493590,495722,495751,29,2132
493590,495729,495751,22,2139
493590,495729,495752,23,2139
493590,495730,495752,22,2140
493590,495731,495751,20,2141
493590,495726,495751,25,2136
493590,495729,495752,23,2139
493590,495712,495752,40,2122
493590,495729,495754,25,2139
493590,495732,495754,22,2142
493590,495722,495754,32,2132
493590,495728,495755,27,2138
493590,495733,495755,22,2143
493590,495732,495756,24,2142
493590,495722,495758,36,2132
493590,495722,495757,35,2132
493590,495737,495758,21,2147
493590,495736,495758,22,2146
493590,495724,495755,31,2134
493590,495728,495758,30,2138
493590,495729,495751,22,2139
493590,495737,495761,24,2147
493590,495736,495761,25,2146
493590,495735,495763,28,2145
493590,495733,495764,31,2143
493590,495736,495765,29,2146
493590,495736,495764,28,2146
493590,495737,495765,28,2147
493590,495736,495765,29,2146
493590,495737,495766,29,2147
493590,495739,495768,29,2149
493590,495735,495770,35,2145
493590,495751,495772,21,2161
493590,495752,495774,22,2162
493590,495752,495774,22,2162
493590,495752,495775,23,2162
493590,495739,495776,37,2149
493590,495747,495776,29,2157
493590,495752,495775,23,2162
493590,495751,495776,25,2161
493590,495755,495776,21,2165
493590,495746,495776,30,2156
493590,495751,495777,26,2161
493590,495747,495776,29,2157
493590,495755,495778,23,2165
493590,495750,495779,29,2160
493590,495719,495779,60,2129
493590,495751,495779,28,2161
493590,495742,495779,37,2152
493590,495750,495780,30,2160
493590,495751,495780,29,2161
493590,495752,495780,28,2162
493590,495756,495781,25,2166
493590,495748,495781,33,2158
493590,495756,495782,26,2166
493590,495755,495782,27,2165
493590,495760,495782,22,2170
493590,495753,495783,30,2163
493590,495753,495784,31,2163
493590,495744,495785,41,2154
493590,495751,495785,34,2161
492636,495013,495785,772,2377
493590,495758,495786,28,2168
493590,495721,495786,65,2131
493590,495719,495787,68,2129
493590,495750,495788,38,2160
493590,495758,495789,31,2168
493590,495762,495789,27,2172
493590,495712,495790,78,2122
493590,495760,495791,31,2170
493590,495757,495791,34,2167
493590,495765,495791,26,2175
493590,495749,495791,42,2159
493590,495760,495792,32,2170
493590,495758,495793,35,2168
493590,495721,495794,73,2131
493590,495765,495795,30,2175
493590,495718,495796,78,2128
493590,495714,495796,82,2124
493590,495716,495797,81,2126
493590,495772,495797,25,2182
493590,495764,495798,34,2174
493590,495713,495797,84,2123
493590,495714,495798,84,2124
493590,495717,495798,81,2127
493590,495766,495798,32,2176
493590,495762,495798,36,2172
493590,495716,495799,83,2126
493590,495775,495800,25,2185
493684,495781,495800,19,2097
493590,495765,495801,36,2175
493590,495770,495801,31,2180
493684,495782,495803,21,2098
493590,495718,495803,85,2128
493590,495760,495803,43,2170
493590,495767,495802,35,2177
493684,495782,495803,21,2098
493590,495768,495803,35,2178
493684,495781,495804,23,2097
493590,495777,495804,27,2187
493590,495775,495805,30,2185
493590,495776,495804,28,2186
493684,495783,495806,23,2099
493590,495774,495806,32,2184
493590,495758,495806,48,2168
493590,495779,495808,29,2189
493590,495780,495808,28,2190
493590,495717,495808,91,2127
493590,495765,495808,43,2175
493590,495779,495808,29,2189
493590,495779,495809,30,2189
493590,495717,495809,92,2127
493590,495777,495808,31,2187
493684,495783,495808,25,2099
493684,495784,495810,26,2100
493590,495721,495809,88,2131
493590,495777,495810,33,2187
493684,495784,495811,27,2100
493590,495776,495810,34,2186
493590,495777,495811,34,2187
493590,495776,495812,36,2186
493590,495777,495813,36,2187
493684,495786,495812,26,2102
493684,495782,495815,33,2098
493590,495721,495815,94,2131
493684,495786,495816,30,2102
493684,495786,495816,30,2102
493590,495779,495817,38,2189
493590,495721,495820,99,2131
493684,495800,495822,22,2116
493684,495798,495823,25,2114
493684,495808,495823,15,2124
493684,495806,495824,18,2122
493684,495808,495825,17,2124
493684,495801,495826,25,2117
493684,495802,495827,25,2118
493684,495805,495827,22,2121
493684,495802,495828,26,2118
493684,495804,495827,23,2120
493684,495807,495827,20,2123
493684,495799,495828,29,2115
493684,495804,495828,24,2120
493684,495801,495829,28,2117
493684,495798,495829,31,2114
493684,495804,495828,24,2120
493684,495803,495829,26,2119
493684,495808,495829,21,2124
493684,495798,495829,31,2114
493684,495798,495829,31,2114
493684,495805,495829,24,2121
493684,495803,495829,26,2119
493684,495807,495831,24,2123
493684,495809,495830,21,2125
493684,495803,495831,28,2119
493684,495803,495831,28,2119
493684,495808,495831,23,2124
493684,495808,495831,23,2124
493590,495721,495823,102,2131
493684,495803,495827,24,2119
493684,495809,495836,27,2125
493684,495811,495837,26,2127
493684,495809,495836,27,2125
493684,495809,495837,28,2125
493684,495786,495839,53,2102
493684,495811,495840,29,2127
493684,495810,495841,31,2126
493684,495798,495842,44,2114
493684,495811,495841,30,2127
493684,495813,495844,31,2129
493684,495810,495845,35,2126
493684,495810,495846,36,2126
493684,495829,495848,19,2145
493684,495812,495848,36,2128
492718,495077,495849,772,2359
493684,495815,495849,34,2131
493684,495830,495850,20,2146
493684,495813,495850,37,2129
493684,495829,495851,22,2145
493684,495829,495851,22,2145
493684,495826,495853,27,2142
493684,495815,495853,38,2131
493684,495828,495853,25,2144
493684,495827,495853,26,2143
493684,495830,495854,24,2146
493684,495824,495854,30,2140
493684,495828,495854,26,2144
493684,495817,495854,37,2133
493684,495818,495854,36,2134
493684,495787,495855,68,2103
493684,495825,495855,30,2141
493684,495827,495855,28,2143
493684,495828,495855,27,2144
493684,495789,495855,66,2105
493684,495831,495855,24,2147
493684,495829,495855,26,2145
493684,495830,495857,27,2146
493684,495831,495859,28,2147
493684,495830,495859,29,2146
493684,495787,495860,73,2103
493684,495817,495860,43,2133
493684,495831,495860,29,2147
493684,495828,495860,32,2144
493684,495831,495860,29,2147
493684,495830,495861,31,2146
493684,495823,495861,38,2139
493684,495824,495864,40,2140
493684,495837,495864,27,2153
493684,495834,495866,32,2150
493684,495836,495866,30,2152
493684,495792,495867,75,2108
493684,495832,495867,35,2148
493684,495831,495867,36,2147
493684,495837,495867,30,2153
493684,495823,495868,45,2139
493684,495794,495869,75,2110
493684,495794,495869,75,2110
493684,495792,495870,78,2108
493684,495830,495871,41,2146
493822,495856,495871,15,2034
493684,495842,495871,29,2158
493684,495839,495872,33,2155
493684,495790,495872,82,2106
493822,495856,495872,16,2034
493684,495849,495873,24,2165
493684,495792,495873,81,2108
493684,495796,495874,78,2112
493684,495839,495874,35,2155
493684,495798,495874,76,2114
493684,495841,495875,34,2157
493684,495790,495876,86,2106
493684,495792,495876,84,2108
493684,495842,495877,35,2158
493822,495858,495876,18,2036
493684,495845,495878,33,2161
493684,495846,495879,33,2162
493822,495856,495878,22,2034
493684,495850,495879,29,2166
493684,495848,495879,31,2164
493684,495797,495879,82,2113
493684,495852,495880,28,2168
493684,495834,495881,47,2150
493684,495850,495881,31,2166
493684,495841,495882,41,2157
493822,495860,495881,21,2038
493684,495849,495882,33,2165
493684,495855,495883,28,2171
493684,495834,495883,49,2150
493684,495855,495884,29,2171
493822,495856,495884,28,2034
493822,495861,495884,23,2039
493684,495853,495884,31,2169
493684,495850,495884,34,2166
493684,495853,495885,32,2169
493684,495845,495886,41,2161
493684,495791,495886,95,2107
493684,495854,495887,33,2170
493684,495854,495888,34,2170
493684,495854,495888,34,2170
493684,495853,495888,35,2169
493684,495791,495889,98,2107
493684,495851,495889,38,2167
493684,495795,495891,96,2111
493822,495859,495890,31,2037
493822,495861,495890,29,2039
493684,495854,495890,36,2170
493684,495855,495891,36,2171
493684,495854,495892,38,2170
493822,495861,495892,31,2039
493822,495861,495895,34,2039
493822,495861,495897,36,2039
493822,495877,495898,21,2055
493822,495877,495898,21,2055
493822,495882,495899,17,2060
493822,495879,495901,22,2057
493822,495874,495902,28,2052
493822,495875,495901,26,2053
493822,495879,495901,22,2057
493822,495875,495902,27,2053
493822,495874,495902,28,2052
493822,495883,495902,19,2061
493822,495880,495902,22,2058
493822,495880,495903,23,2058
493684,495798,495904,106,2114
493822,495876,495904,28,2054
493822,495879,495904,25,2057
493822,495881,495904,23,2059
493822,495883,495905,22,2061
493822,495882,495905,23,2060
493822,495885,495906,21,2063
493822,495885,495906,21,2063
493822,495877,495906,29,2055
493822,495881,495907,26,2059
492797,495137,495906,769,2340
493822,495882,495906,24,2060
493822,495879,495907,28,2057
493822,495882,495906,24,2060
493822,495873,495907,34,2051
493822,495885,495907,22,2063
493822,495877,495907,30,2055
493822,495885,495909,24,2063
493822,495885,495910,25,2063
493822,495886,495912,26,2064
493822,495887,495913,26,2065
493822,495862,495916,54,2040
493822,495873,495916,43,2051
493822,495891,495917,26,2069
493822,495886,495918,32,2064
493822,495889,495920,31,2067
493822,495890,495921,31,2068
493822,495887,495922,35,2065
493822,495890,495922,32,2068
493822,495891,495922,31,2069
493822,495904,495923,19,2082
493822,495902,495924,22,2080
493822,495891,495925,34,2069
493822,495862,495926,64,2040
493822,495889,495926,37,2067
493822,495898,495927,29,2076
493822,495902,495928,26,2080
493822,495888,495928,40,2066
493822,495899,495929,30,2077
493822,495902,495929,27,2080
493822,495903,495930,27,2081
493822,495905,495931,26,2083
493822,495904,495931,27,2082
493822,495899,495931,32,2077
493822,495905,495931,26,2083
493822,495906,495932,26,2084
493822,495865,495931,66,2043
493822,495905,495932,27,2083
493822,495896,495933,37,2074
493822,495903,495933,30,2081
493822,495906,495934,28,2084
493822,495902,495933,31,2080
493822,495906,495934,28,2084
493822,495906,495934,28,2084
493822,495907,495935,28,2085
493822,495907,495936,29,2085
493822,495891,495936,45,2069
493822,495902,495937,35,2080
493822,495904,495937,33,2082
493822,495906,495938,32,2084
493822,495893,495939,46,2071
493822,495870,495939,69,2048
493822,495907,495941,34,2085
493822,495908,495942,34,2086
493822,495907,495942,35,2085
493822,495897,495943,46,2075
493822,495871,495943,72,2049
493822,495865,495943,78,2043
493822,495907,495943,36,2085
493822,495919,495944,25,2097
493822,495910,495945,35,2088
493822,495867,495945,78,2045
493822,495892,495944,52,2070
493822,495893,495945,52,2071
493822,495866,495946,80,2044
493822,495908,495946,38,2086
493822,495913,495947,34,2091
493822,495867,495948,81,2045
493822,495872,495948,76,2050
493822,495916,495948,32,2094
493822,495869,495948,79,2047
493822,495911,495950,39,2089
493822,495869,495951,82,2047
493822,495908,495951,43,2086
493822,495912,495951,39,2090
493822,495922,495951,29,2100
493822,495917,495952,35,2095
493834,495934,495952,18,2100
493822,495925,495953,28,2103
493822,495873,495953,80,2051
493822,495872,495953,81,2050
493822,495868,495953,85,2046
493822,495923,495954,31,2101
493822,495928,495955,27,2106
493822,495921,495955,34,2099
493822,495916,495955,39,2094
493822,495923,495955,32,2101
493822,495927,495955,28,2105
493822,495932,495956,24,2110
493822,495929,495956,27,2107
493822,495923,495957,34,2101
493822,495930,495956,26,2108
493834,495934,495957,23,2100
493822,495871,495957,86,2049
493822,495867,495958,91,2045
493834,495935,495957,22,2101
493822,495928,495958,30,2106
493834,495934,495958,24,2100
493834,495936,495958,22,2102
493822,495924,495958,34,2102
493822,495923,495958,35,2101
493834,495936,495960,24,2102
493822,495933,495961,28,2111
493822,495872,495961,89,2050
493822,495929,495960,31,2107
493834,495937,495961,24,2103
493822,495868,495962,94,2046
493822,495932,495962,30,2110
493822,495931,495963,32,2109
493822,495932,495963,31,2110
493822,495927,495964,37,2105
493834,495939,495964,25,2105
493822,495931,495965,34,2109
493834,495939,495964,25,2105
493822,495932,495964,32,2110
493834,495937,495965,28,2103
493822,495932,495966,34,2110
493834,495937,495967,30,2103
493822,495934,495972,38,2112
493834,495958,495972,14,2124
493834,495956,495974,18,2122
493834,495953,495975,22,2119
493834,495957,495974,17,2123
493834,495954,495975,21,2120
493834,495954,495974,20,2120
493834,495952,495975,23,2118
493834,495955,495975,20,2121
493834,495956,495975,19,2122
493834,495958,495975,17,2124
493834,495954,495976,22,2120
493834,495959,495977,18,2125
493834,495953,495977,24,2119
493834,495958,495977,19,2124
493834,495956,495978,22,2122
493834,495957,495978,21,2123
493834,495959,495979,20,2125
493834,495954,495979,25,2120
493834,495957,495979,22,2123
493834,495957,495979,22,2123
493834,495940,495979,39,2106
493834,495959,495979,20,2125
493834,495952,495980,28,2118
493834,495959,495981,22,2125
493834,495961,495981,20,2127
493834,495952,495982,30,2118
493834,495956,495982,26,2122
493834,495956,495982,26,2122
493834,495955,495983,28,2121
493834,495960,495984,24,2126
493834,495959,495984,25,2125
493834,495961,495986,25,2127
493834,495942,495988,46,2108
493834,495961,495991,30,2127
493834,495965,495993,28,2131
493834,495951,495995,44,2117
492891,495199,495995,796,2308
493834,495963,495996,33,2129
493834,495965,496000,35,2131
493834,495965,496000,35,2131
493834,495964,496001,37,2130
493834,495972,496001,29,2138
493834,495975,496001,26,2141
493834,495974,496002,28,2140
493834,495978,496002,24,2144
493834,495963,496003,40,2129
493834,495979,496002,23,2145
493834,495966,496002,36,2132
493834,495976,496003,27,2142
493834,495965,496003,38,2131
493834,495968,496003,35,2134
493834,495980,496004,24,2146
493834,495962,496004,42,2128
493834,495965,496003,38,2131
493834,495975,496004,29,2141
493834,495977,496004,27,2143
493834,495979,496005,26,2145
493834,495967,496005,38,2133
493834,495979,496005,26,2145
493834,495975,496006,31,2141
493834,495980,496006,26,2146
493834,495978,496006,28,2144
493834,495975,496006,31,2141
493834,495978,496005,27,2144
493834,495978,496007,29,2144
493834,495975,496007,32,2141
493834,495980,496009,29,2146
493834,495980,496010,30,2146
493834,495975,496009,34,2141
493834,495980,496010,30,2146
493834,495976,496010,34,2142
493834,495946,496010,64,2112
493834,495950,496011,61,2116
493834,495948,496012,64,2114
493834,495982,496012,30,2148
493834,495973,496012,39,2139
493834,495983,496012,29,2149
493834,495946,496013,67,2112
493834,495948,496013,65,2114
493834,495942,496014,72,2108
493834,495943,496014,71,2109
493834,495987,496016,29,2153
493834,495982,496016,34,2148
493834,495946,496017,71,2112
493834,495963,496017,54,2129
493834,495985,496017,32,2151
493834,495945,496018,73,2111
493834,495984,496019,35,2150
493834,495944,496019,75,2110
493834,495981,496021,40,2147
493834,495945,496021,76,2111
493834,495946,496021,75,2112
493834,495990,496021,31,2156
493834,495988,496021,33,2154
493834,495949,496023,74,2115
493834,495991,496023,32,2157
493834,495981,496023,42,2147
493834,496004,496024,20,2170
493917,496006,496025,19,2089
493917,496006,496025,19,2089
493917,496007,496025,18,2090
493834,496002,496026,24,2168
493834,496002,496027,25,2168
493834,496000,496027,27,2166
493834,495996,496027,31,2162
493834,496004,496028,24,2170
493834,495995,496028,33,2161
493834,496003,496027,24,2169
493834,495944,496029,85,2110
493834,496002,496029,27,2168
493834,496001,496029,28,2167
493834,495949,496030,81,2115
493834,496003,496031,28,2169
493834,495945,496030,85,2111
493834,495996,496030,34,2162
493917,496010,496032,22,2093
493834,495949,496031,82,2115
493834,495994,496032,38,2160
493834,496002,496032,30,2168
493834,496003,496032,29,2169
493917,496010,496032,22,2093
493917,496008,496033,25,2091
493834,496005,496033,28,2171
493834,496000,496033,33,2166
493834,496004,496034,30,2170
493917,496010,496035,25,2093
493834,496006,496035,29,2172
493917,496010,496035,25,2093
493834,496004,496035,31,2170
493834,495944,496035,91,2110
493917,496011,496035,24,2094
493834,496004,496036,32,2170
493834,496006,496037,31,2172
493834,496003,496036,33,2169
493834,495944,496038,94,2110
493917,496012,496038,26,2095
493834,496006,496039,33,2172
493917,496010,496040,30,2093
493834,496005,496041,36,2171
493834,496006,496041,35,2172
493834,496003,496043,40,2169
493917,496028,496046,18,2111
493917,496026,496046,20,2109
493917,496026,496047,21,2109
493917,496031,496048,17,2114
493917,496028,496049,21,2111
493917,496028,496049,21,2111
493917,496012,496050,38,2095
493917,496028,496050,22,2111
493917,496028,496050,22,2111
493917,496028,496050,22,2111
493917,496026,496050,24,2109
493917,496032,496050,18,2115
493917,496031,496050,19,2114
493917,496029,496051,22,2112
493917,496032,496051,19,2115
493917,496033,496052,19,2116
493917,496029,496052,23,2112
493917,496031,496052,21,2114
493917,496032,496052,20,2115
493917,496031,496053,22,2114
493917,496026,496053,27,2109
493917,496032,496053,21,2115
493917,496024,496053,29,2107
493917,496032,496053,21,2115
493917,496025,496053,28,2108
493917,496037,496055,18,2120
493917,496024,496056,32,2107
493917,496030,496051,21,2113
493917,496034,496055,21,2117
493917,496033,496059,26,2116
493917,496035,496059,24,2118
493917,496036,496059,23,2119
493917,496037,496060,23,2120
493917,496034,496061,27,2117
493917,496037,496061,24,2120
493917,496035,496061,26,2118
493917,496013,496062,49,2096
493917,496035,496063,28,2118
492944,495261,496065,804,2317
493917,496024,496066,42,2107
493917,496035,496066,31,2118
493917,496036,496067,31,2119
493917,496039,496067,28,2122
493917,496040,496068,28,2123
493917,496038,496071,33,2121
493917,496041,496075,34,2124
493917,496042,496075,33,2125
493917,496042,496075,33,2125
493917,496051,496076,25,2134
493917,496018,496077,59,2101
493917,496036,496077,41,2119
493917,496013,496078,65,2096
493917,496013,496078,65,2096
493917,496050,496079,29,2133
493917,496050,496080,30,2133
493917,496047,496080,33,2130
493917,496049,496081,32,2132
493917,496014,496081,67,2097
493917,496044,496080,36,2127
493917,496051,496081,30,2134
493917,496051,496082,31,2134
493917,496052,496082,30,2135
493917,496052,496082,30,2135
493917,496051,496083,32,2134
493917,496056,496083,27,2139
493917,496053,496084,31,2136
493917,496051,496084,33,2134
493917,496053,496084,31,2136
493917,496051,496084,33,2134
493917,496049,496085,36,2132
493917,496046,496085,39,2129
493917,496056,496086,30,2139
493917,496021,496087,66,2104
493917,496058,496087,29,2141
493917,496052,496087,35,2135
493917,496053,496087,34,2136
493917,496060,496087,27,2143
493917,496051,496087,36,2134
493917,496053,496088,35,2136
493917,496054,496088,34,2137
493917,496018,496090,72,2101
493917,496047,496090,43,2130
493030,495322,496091,769,2292
493917,496022,496092,70,2105
493917,496058,496092,34,2141
493917,496062,496092,30,2145
493917,496059,496092,33,2142
493917,496021,496093,72,2104
493917,496052,496092,40,2135
493917,496018,496093,75,2101
493917,496064,496093,29,2147
493917,496068,496094,26,2151
493917,496019,496094,75,2102
493917,496058,496094,36,2141
493917,496066,496094,28,2149
493917,496017,496094,77,2100
493917,496060,496094,34,2143
493917,496020,496095,75,2103
493917,496066,496095,29,2149
493917,496068,496096,28,2151
493917,496062,496097,35,2145
493917,496061,496097,36,2144
493917,496054,496098,44,2137
493917,496060,496097,37,2143
493917,496062,496098,36,2145
493917,496065,496099,34,2148
493917,496075,496099,24,2158
493917,496014,496100,86,2097
493917,496022,496101,79,2105
493917,496017,496102,85,2100
493917,496076,496101,25,2159
494006,496083,496102,19,2077
494006,496083,496104,21,2077
493917,496078,496104,26,2161
493917,496077,496104,27,2160
493917,496079,496104,25,2162
493917,496069,496105,36,2152
493917,496071,496105,34,2154
494006,496083,496106,23,2077
493917,496014,496107,93,2097
493917,496075,496107,32,2158
494006,496086,496107,21,2080
493917,496080,496108,28,2163
493917,496081,496108,27,2164
493917,496080,496109,29,2163
494006,496085,496108,23,2079
494006,496085,496109,24,2079
493917,496082,496109,27,2165
493917,496075,496110,35,2158
493917,496022,496110,88,2105
493917,496079,496111,32,2162
494006,496085,496111,26,2079
494006,496085,496111,26,2079
493917,496081,496111,30,2164
494006,496084,496111,27,2078
493917,496081,496113,32,2164
493917,496080,496113,33,2163
494006,496086,496114,28,2080
493917,496082,496116,34,2165
494006,496087,496116,29,2081
493917,496015,496117,102,2098
493917,496016,496116,100,2099
494006,496098,496119,21,2092
494006,496087,496120,33,2081
494006,496096,496119,23,2090
494006,496103,496120,17,2097
494006,496098,496121,23,2092
494006,496100,496120,20,2094
494006,496098,496121,23,2092
494006,496095,496121,26,2089
494006,496095,496122,27,2089
494006,496100,496123,23,2094
494006,496097,496122,25,2091
494006,496106,496123,17,2100
494006,496098,496123,25,2092
494006,496101,496123,22,2095
494006,496103,496123,20,2097
494006,496105,496124,19,2099
494006,496101,496123,22,2095
494006,496106,496124,18,2100
494006,496105,496124,19,2099
494006,496102,496125,23,2096
494006,496105,496126,21,2099
494006,496097,496126,29,2091
494006,496107,496126,19,2101
494006,496104,496127,23,2098
494006,496108,496128,20,2102
494006,496108,496128,20,2102
494006,496108,496129,21,2102
494006,496109,496129,20,2103
494006,496109,496130,21,2103
494006,496111,496132,21,2105
494006,496095,496132,37,2089
494006,496109,496133,24,2103
494006,496112,496134,22,2106
494006,496112,496134,22,2106
494006,496112,496134,22,2106
494006,496109,496134,25,2103
494006,496111,496136,25,2105
494006,496111,496136,25,2105
494006,496088,496139,51,2082
494006,496110,496141,31,2104
494006,496114,496142,28,2108
494006,496117,496144,27,2111
494006,496111,496146,35,2105
494006,496110,496147,37,2104
494006,496114,496149,35,2108
494006,496088,496150,62,2082
494006,496115,496150,35,2109
494006,496117,496151,34,2111
494006,496123,496151,28,2117
494006,496093,496152,59,2087
494006,496124,496152,28,2118
494006,496122,496152,30,2116
493124,495383,496153,770,2259
494006,496124,496153,29,2118
494006,496128,496153,25,2122
494006,496124,496153,29,2118
494006,496120,496153,33,2114
494006,496123,496153,30,2117
494006,496125,496155,30,2119
494006,496121,496155,34,2115
494006,496127,496157,30,2121
494006,496092,496157,65,2086
494006,496095,496157,62,2089
494006,496119,496157,38,2113
494006,496121,496159,38,2115
494006,496124,496158,34,2118
494006,496117,496158,41,2111
494006,496125,496158,33,2119
494006,496123,496159,36,2117
494006,496117,496159,42,2111
494006,496120,496159,39,2114
494006,496126,496160,34,2120
494006,496092,496160,68,2086
494006,496088,496160,72,2082
494006,496126,496160,34,2120
494006,496123,496160,37,2117
494006,496128,496161,33,2122
494006,496093,496162,69,2087
494006,496092,496163,71,2086
494006,496121,496163,42,2115
494006,496130,496164,34,2124
494006,496127,496164,37,2121
494006,496088,496164,76,2082
494006,496129,496165,36,2123
494006,496123,496165,42,2117
494006,496131,496165,34,2125
494006,496139,496165,26,2133
494006,496140,496166,26,2134
494006,496134,496167,33,2128
494006,496133,496167,34,2127
494006,496093,496167,74,2087
494006,496135,496169,34,2129
494006,496121,496169,48,2115
494006,496134,496169,35,2128
494006,496132,496169,37,2126
494006,496094,496170,76,2088
494006,496146,496170,24,2140
494006,496091,496170,79,2085
494006,496094,496170,76,2088
494006,496088,496171,83,2082
494006,496135,496171,36,2129
494006,496139,496171,32,2133
494006,496143,496172,29,2137
494006,496144,496172,28,2138
494006,496142,496173,31,2136
494110,496157,496173,16,2047
494006,496136,496173,37,2130
494006,496133,496173,40,2127
494006,496151,496176,25,2145
494006,496092,496175,83,2086
494006,496151,496177,26,2145
494006,496153,496177,24,2147
494006,496091,496177,86,2085
494110,496158,496178,20,2048
494006,496148,496179,31,2142
494006,496094,496179,85,2088
494006,496150,496179,29,2144
494006,496153,496179,26,2147
494006,496155,496180,25,2149
494006,496155,496180,25,2149
494006,496152,496180,28,2146
494110,496157,496182,25,2047
494006,496153,496181,28,2147
494006,496095,496182,87,2089
494006,496154,496183,29,2148
494006,496089,496183,94,2083
494006,496151,496183,32,2145
494006,496153,496184,31,2147
494110,496159,496183,24,2049
494006,496154,496184,30,2148
494006,496154,496184,30,2148
494006,496154,496185,31,2148
494110,496159,496186,27,2049
494110,496160,496186,26,2050
494110,496160,496186,26,2050
494110,496160,496188,28,2050
494110,496171,496188,17,2061
494110,496159,496189,30,2049
494110,496159,496190,31,2049
494006,496154,496190,36,2148
494110,496172,496192,20,2062
494110,496174,496193,19,2064
494110,496172,496192,20,2062
494110,496174,496193,19,2064
494110,496174,496194,20,2064
494110,496171,496195,24,2061
494110,496171,496195,24,2061
494110,496171,496196,25,2061
494110,496177,496197,20,2067
494110,496179,496198,19,2069
494110,496172,496198,26,2062
494110,496160,496198,38,2050
494110,496178,496198,20,2068
494110,496173,496199,26,2063
494110,496180,496199,19,2070
494110,496176,496199,23,2066
494110,496171,496199,28,2061
494110,496180,496200,20,2070
494110,496176,496200,24,2066
494110,496179,496201,22,2069
494006,496090,496201,111,2084
494110,496182,496201,19,2072
494110,496182,496202,20,2072
494110,496181,496204,23,2071
494110,496181,496205,24,2071
494110,496170,496205,35,2060
494110,496184,496208,24,2074
494110,496184,496208,24,2074
494110,496185,496208,23,2075
494110,496160,496208,48,2050
494110,496183,496209,26,2073
494110,496182,496211,29,2072
494110,496177,496199,22,2067
494110,496179,496199,20,2069
494110,496181,496202,21,2071
494110,496183,496211,28,2073
494110,496185,496211,26,2075
494110,496184,496213,29,2074
494110,496186,496215,29,2076
494110,496186,496217,31,2076
494110,496189,496217,28,2079
494110,496187,496218,31,2077
494110,496189,496218,29,2079
494110,496170,496218,48,2060
493233,495446,496222,776,2213
494110,496200,496223,23,2090
494110,496201,496225,24,2091
494110,496193,496226,33,2083
494110,496190,496226,36,2080
494110,496184,496226,42,2074
494110,496190,496228,38,2080
494110,496200,496227,27,2090
494110,496167,496229,62,2057
494110,496196,496229,33,2086
494110,496198,496229,31,2088
494110,496200,496229,29,2090
494110,496199,496230,31,2089
494110,496199,496229,30,2089
494110,496191,496231,40,2081
494110,496202,496230,28,2092
494110,496199,496230,31,2089
494110,496199,496231,32,2089
494110,496206,496231,25,2096
494110,496166,496231,65,2056
494110,496198,496232,34,2088
494110,496161,496233,72,2051
494110,496162,496233,71,2052
494110,496161,496234,73,2051
494110,496197,496234,37,2087
494110,496200,496234,34,2090
494110,496198,496236,38,2088
494110,496195,496235,40,2085
494110,496168,496236,68,2058
494110,496166,496236,70,2056
494110,496193,496236,43,2083
494110,496212,496236,24,2102
494110,496196,496237,41,2086
494110,496161,496237,76,2051
494110,496168,496237,69,2058
494110,496193,496238,45,2083
494110,496209,496238,29,2099
494110,496202,496238,36,2092
494110,496166,496239,73,2056
494110,496211,496239,28,2101
494110,496210,496239,29,2100
494110,496211,496240,29,2101
494110,496205,496240,35,2095
494110,496208,496240,32,2098
494110,496202,496240,38,2092
494110,496204,496241,37,2094
494110,496212,496240,28,2102
494110,496165,496242,77,2055
494110,496219,496242,23,2109
494110,496209,496243,34,2099
494110,496219,496244,25,2109
494110,496211,496244,33,2101
494110,496209,496245,36,2099
494110,496219,496246,27,2109
494110,496169,496247,78,2059
494110,496224,496247,23,2114
494110,496164,496246,82,2054
494110,496169,496247,78,2059
494110,496164,496248,84,2054
494110,496218,496247,29,2108
494110,496217,496249,32,2107
494110,496216,496250,34,2106
494110,496222,496250,28,2112
494110,496170,496251,81,2060
494110,496165,496251,86,2055
494110,496225,496252,27,2115
494110,496162,496252,90,2052
494110,496211,496252,41,2101
494110,496229,496252,23,2119
494110,496227,496252,25,2117
494110,496214,496252,38,2104
494110,496228,496252,24,2118
494110,496211,496253,42,2101
494110,496226,496253,27,2116
494110,496230,496254,24,2120
494110,496228,496254,26,2118
494186,496232,496254,22,2046
494110,496230,496254,24,2120
494186,496234,496255,21,2048
494110,496165,496256,91,2055
494186,496232,496256,24,2046
494110,496163,496257,94,2053
494110,496163,496257,94,2053
494110,496231,496258,27,2121
494186,496234,496258,24,2048
494110,496230,496258,28,2120
494110,496231,496258,27,2121
494110,496227,496259,32,2117
494110,496231,496260,29,2121
494110,496230,496260,30,2120
494186,496233,496260,27,2047
494186,496234,496263,29,2048
494186,496234,496264,30,2048
494110,496230,496267,37,2120
494186,496234,496267,33,2048
494186,496236,496268,32,2050
494186,496236,496269,33,2050
494186,496252,496270,18,2066
494186,496248,496270,22,2062
494186,496248,496271,23,2062
494186,496248,496270,22,2062
494186,496247,496271,24,2061
494186,496253,496272,19,2067
494186,496251,496272,21,2065
494186,496252,496272,20,2066
494186,496253,496273,20,2067
494186,496236,496272,36,2050
494186,496247,496273,26,2061
494186,496254,496272,18,2068
494186,496250,496273,23,2064
494186,496255,496273,18,2069
494186,496252,496273,21,2066
494186,496254,496274,20,2068
494186,496252,496275,23,2066
494186,496250,496275,25,2064
494186,496252,496275,23,2066
494186,496247,496275,28,2061
494186,496255,496277,22,2069
494186,496255,496279,24,2069
493285,495507,496279,772,2222
494186,496252,496279,27,2066
494186,496247,496281,34,2061
494186,496256,496282,26,2070
494186,496246,496282,36,2060
494186,496252,496282,30,2066
494186,496258,496283,25,2072
494186,496257,496284,27,2071
494186,496259,496284,25,2073
494186,496237,496280,43,2051
494186,496253,496274,21,2067
494186,496256,496280,24,2070
494186,496258,496284,26,2072
494186,496257,496287,30,2071
494186,496258,496287,29,2072
494186,496260,496289,29,2074
494186,496260,496291,31,2074
494186,496258,496291,33,2072
494186,496265,496296,31,2079
494186,496260,496297,37,2074
494186,496245,496301,56,2059
494186,496258,496301,43,2072
494186,496264,496301,37,2078
494186,496268,496303,35,2082
494186,496244,496303,59,2058
494186,496274,496304,30,2088
494186,496239,496305,66,2053
494186,496276,496306,30,2090
494186,496273,496306,33,2087
494186,496242,496306,64,2056
494186,496276,496307,31,2090
494186,496274,496308,34,2088
494186,496271,496308,37,2085
494186,496241,496309,68,2055
494186,496275,496309,34,2089
494186,496275,496309,34,2089
494186,496276,496309,33,2090
494186,496273,496310,37,2087
494186,496273,496309,36,2087
494186,496241,496310,69,2055
494186,496267,496310,43,2081
494186,496281,496311,30,2095
494186,496283,496312,29,2097
494186,496271,496312,41,2085
494186,496273,496314,41,2087
494186,496272,496313,41,2086
494186,496244,496314,70,2058
494186,496241,496314,73,2055
494186,496243,496314,71,2057
494186,496284,496316,32,2098
494186,496268,496315,47,2082
494186,496285,496315,30,2099
494186,496241,496316,75,2055
494186,496277,496317,40,2091
494186,496269,496317,48,2083
494186,496283,496317,34,2097
494186,496274,496317,43,2088
494186,496283,496317,34,2097
494186,496272,496317,45,2086
494186,496237,496318,81,2051
494186,496271,496320,49,2085
494186,496288,496321,33,2102
494186,496279,496321,42,2093
494186,496279,496322,43,2093
494186,496284,496322,38,2098
494186,496285,496322,37,2099
494186,496285,496322,37,2099
494186,496238,496323,85,2052
494186,496238,496323,85,2052
494186,496240,496323,83,2054
494186,496273,496324,51,2087
494186,496237,496324,87,2051
494186,496279,496325,46,2093
494186,496283,496325,42,2097
494186,496288,496325,37,2102
494186,496238,496324,86,2052
494186,496284,496325,41,2098
494186,496238,496327,89,2052
494186,496298,496326,28,2112
494186,496239,496327,88,2053
494186,496237,496327,90,2051
494186,496307,496326,19,2121
494186,496271,496327,56,2085
494186,496238,496327,89,2052
494186,496292,496328,36,2106
494186,496240,496328,88,2054
494186,496289,496328,39,2103
494186,496291,496330,39,2105
494186,496284,496330,46,2098
494186,496303,496331,28,2117
494186,496306,496331,25,2120
494186,496304,496333,29,2118
494186,496307,496334,27,2121
494186,496297,496333,36,2111
494186,496302,496334,32,2116
494279,496312,496334,22,2033
494279,496311,496335,24,2032
494186,496307,496335,28,2121
494186,496307,496335,28,2121
494279,496312,496335,23,2033
494186,496301,496335,34,2115
494186,496304,496336,32,2118
494279,496313,496339,26,2034
494186,496310,496340,30,2124
494279,496315,496341,26,2036
494279,496314,496341,27,2035
494279,496314,496341,27,2035
494186,496308,496341,33,2122
494186,496310,496341,31,2124
494186,496301,496342,41,2115
494186,496310,496342,32,2124
494186,496240,496343,103,2054
494186,496309,496343,34,2123
494186,496309,496345,36,2123
494186,496310,496346,36,2124
494279,496314,496346,32,2035
494279,496315,496347,32,2036
494186,496310,496347,37,2124
494279,496316,496348,32,2037
494279,496316,496348,32,2037
494279,496328,496349,21,2049
494279,496328,496349,21,2049
494279,496330,496349,19,2051
494279,496328,496349,21,2049
494279,496329,496349,20,2050
494279,496327,496350,23,2048
494279,496327,496351,24,2048
494279,496330,496352,22,2051
494279,496327,496352,25,2048
494279,496326,496353,27,2047
494279,496327,496352,25,2048
494279,496334,496353,19,2055
494279,496331,496353,22,2052
494279,496334,496353,19,2055
494279,496334,496353,19,2055
493347,495570,496353,783,2223
494279,496327,496354,27,2048
494279,496332,496355,23,2053
494279,496325,496355,30,2046
494279,496335,496356,21,2056
494279,496336,496357,21,2057
494279,496333,496357,24,2054
494279,496335,496360,25,2056
494279,496325,496361,36,2046
494279,496336,496361,25,2057
494279,496336,496363,27,2057
494279,496337,496363,26,2058
494279,496341,496365,24,2062
494279,496341,496365,24,2062
494279,496329,496355,26,2050
494279,496335,496355,20,2056
494279,496316,496369,53,2037
494279,496341,496370,29,2062
494279,496342,496370,28,2063
494279,496341,496371,30,2062
494279,496342,496371,29,2063
494279,496343,496376,33,2064
494279,496339,496376,37,2060
494279,496343,496378,35,2064
494279,496347,496380,33,2068
494279,496356,496381,25,2077
494279,496319,496382,63,2040
494279,496346,496382,36,2067
494279,496344,496382,38,2065
494279,496343,496383,40,2064
494279,496354,496384,30,2075
494279,496355,496383,28,2076
494279,496325,496385,60,2046
494279,496346,496385,39,2067
494279,496354,496385,31,2075
494279,496348,496385,37,2069
494279,496356,496385,29,2077
494279,496324,496386,62,2045
494279,496353,496388,35,2074
494279,496348,496389,41,2069
494279,496355,496389,34,2076
494279,496350,496389,39,2071
494279,496362,496389,27,2083
494279,496354,496389,35,2075
494279,496317,496391,74,2038
494279,496353,496390,37,2074
494279,496324,496391,67,2045
494279,496323,496391,68,2044
494279,496354,496392,38,2075
494279,496324,496392,68,2045
494279,496360,496392,32,2081
494279,496325,496392,67,2046
494279,496353,496393,40,2074
494279,496361,496393,32,2082
494279,496357,496394,37,2078
494279,496322,496394,72,2043
494279,496318,496394,76,2039
494279,496325,496394,69,2046
494279,496352,496394,42,2073
494279,496366,496395,29,2087
494279,496353,496395,42,2074
494279,496349,496395,46,2070
494279,496323,496396,73,2044
494279,496357,496396,39,2078
494279,496348,496396,48,2069
494279,496347,496397,50,2068
494279,496317,496398,81,2038
494279,496350,496398,48,2071
494279,496318,496399,81,2039
494279,496353,496399,46,2074
493453,495637,496399,762,2184
494279,496349,496400,51,2070
494279,496365,496399,34,2086
494279,496364,496399,35,2085
494279,496363,496400,37,2084
494279,496317,496402,85,2038
494279,496317,496402,85,2038
494279,496366,496403,37,2087
494279,496371,496403,32,2092
494279,496371,496404,33,2092
494279,496321,496405,84,2042
494279,496372,496405,33,2093
494279,496350,496405,55,2071
494279,496366,496405,39,2087
494279,496320,496406,86,2041
494279,496371,496406,35,2092
494279,496366,496407,41,2087
494279,496384,496408,24,2105
494279,496369,496409,40,2090
494279,496323,496411,88,2044
494279,496376,496411,35,2097
494279,496317,496411,94,2038
494279,496387,496412,25,2108
494279,496384,496412,28,2105
494279,496382,496412,30,2103
494279,496379,496414,35,2100
494279,496381,496414,33,2102
494279,496386,496414,28,2107
494279,496377,496414,37,2098
494279,496386,496415,29,2107
494279,496386,496415,29,2107
494279,496386,496416,30,2107
494279,496386,496416,30,2107
494279,496322,496417,95,2043
494279,496383,496417,34,2104
494389,496392,496417,25,2003
494389,496391,496417,26,2002
494279,496323,496418,95,2044
494279,496389,496418,29,2110
494389,496391,496418,27,2002
494389,496393,496418,25,2004
494389,496392,496420,28,2003
494279,496382,496420,38,2103
494279,496383,496420,37,2104
494279,496383,496421,38,2104
494279,496390,496422,32,2111
494279,496389,496423,34,2110
494389,496393,496423,30,2004
494279,496390,496423,33,2111
494279,496391,496423,32,2112
494279,496389,496424,35,2110
494279,496390,496425,35,2111
494389,496394,496425,31,2005
494389,496394,496425,31,2005
494389,496394,496426,32,2005
494389,496407,496429,22,2018
494389,496412,496430,18,2023
494389,496394,496431,37,2005
494389,496405,496432,27,2016
494389,496406,496433,27,2017
494389,496407,496433,26,2018
494389,496408,496434,26,2019
494389,496415,496434,19,2026
494389,496408,496434,26,2019
494389,496415,496435,20,2026
494389,496410,496434,24,2021
494389,496412,496436,24,2023
494389,496395,496435,40,2006
494389,496412,496435,23,2023
494389,496412,496436,24,2023
494389,496414,496436,22,2025
494389,496416,496436,20,2027
494389,496416,496436,20,2027
494389,496413,496436,23,2024
494389,496412,496437,25,2023
494389,496416,496437,21,2027
494389,496415,496439,24,2026
494389,496395,496439,44,2006
494389,496417,496440,23,2028
494389,496421,496441,20,2032
494389,496417,496443,26,2028
494389,496415,496434,19,2026
494389,496420,496445,25,2031
494389,496417,496446,29,2028
494389,496421,496447,26,2032
494389,496418,496448,30,2029
494389,496418,496449,31,2029
494389,496405,496448,43,2016
494389,496405,496451,46,2016
494389,496405,496452,47,2016
494389,496419,496453,34,2030
494389,496423,496454,31,2034
494389,496422,496456,34,2033
494389,496403,496456,53,2014
494389,496419,496456,37,2030
494389,496422,496457,35,2033
494389,496403,496457,54,2014
494389,496424,496457,33,2035
494389,496397,496460,63,2008
494389,496423,496459,36,2034
494389,496402,496460,58,2013
494389,496398,496461,63,2009
494389,496423,496461,38,2034
494389,496397,496464,67,2008
494389,496397,496463,66,2008
494389,496435,496465,30,2046
494389,496402,496466,64,2013
494389,496436,496468,32,2047
494389,496419,496467,48,2030
494389,496426,496467,41,2037
494389,496437,496468,31,2048
494389,496426,496468,42,2037
494389,496425,496469,44,2036
494389,496425,496470,45,2036
494389,496436,496471,35,2047
494389,496395,496472,77,2006
494389,496436,496472,36,2047
494389,496395,496472,77,2006
494389,496401,496472,71,2012
494389,496432,496473,41,2043
494389,496397,496472,75,2008
494389,496437,496474,37,2048
494389,496438,496473,35,2049
494389,496437,496474,37,2048
494389,496399,496474,75,2010
494389,496433,496475,42,2044
494389,496433,496475,42,2044
494389,496441,496475,34,2052
494389,496435,496476,41,2046
494389,496436,496476,40,2047
494389,496444,496476,32,2055
494389,496435,496477,42,2046
494389,496441,496479,38,2052
494389,496427,496478,51,2038
494389,496435,496479,44,2046
494389,496432,496479,47,2043
494389,496435,496479,44,2046
494389,496438,496479,41,2049
494389,496400,496480,80,2011
494389,496439,496480,41,2050
494389,496430,496480,50,2041
494389,496448,496480,32,2059
493510,495706,496481,775,2196
494389,496396,496482,86,2007
494389,496440,496483,43,2051
494389,496444,496483,39,2055
494389,496451,496484,33,2062
494389,496454,496485,31,2065
494389,496400,496486,86,2011
494389,496436,496487,51,2047
494389,496449,496487,38,2060
494389,496458,496488,30,2069
494389,496396,496488,92,2007
494389,496456,496488,32,2067
494389,496453,496488,35,2064
494389,496454,496489,35,2065
494389,496447,496490,43,2058
494389,496399,496490,91,2010
494389,496460,496490,30,2071
494389,496464,496490,26,2075
494389,496445,496491,46,2056
494389,496449,496493,44,2060
494452,496472,496493,21,2020
494389,496458,496494,36,2069
494452,496473,496496,23,2021
494389,496457,496496,39,2068
494389,496464,496496,32,2075
494389,496466,496497,31,2077
494389,496400,496498,98,2011
494389,496449,496497,48,2060
494389,496460,496497,37,2071
494389,496444,496497,53,2055
494389,496468,496498,30,2079
494452,496473,496498,25,2021
494389,496462,496498,36,2073
494389,496468,496498,30,2079
494452,496473,496498,25,2021
494389,496400,496499,99,2011
494389,496461,496499,38,2072
494389,496466,496500,34,2077
494389,496472,496500,28,2083
494389,496456,496501,45,2067
494452,496474,496501,27,2022
494389,496469,496502,33,2080
494452,496474,496502,28,2022
494389,496400,496503,103,2011
494389,496468,496503,35,2079
494389,496458,496503,45,2069
494389,496460,496505,45,2071
494452,496474,496506,32,2022
494389,496471,496508,37,2082
494389,496469,496509,40,2080
494452,496476,496510,34,2024
494389,496469,496511,42,2080
494452,496476,496513,37,2024
494452,496490,496513,23,2038
494452,496490,496514,24,2038
494452,496491,496513,22,2039
494452,496475,496514,39,2023
494452,496475,496514,39,2023
494452,496491,496514,23,2039
494389,496472,496515,43,2083
494452,496491,496515,24,2039
494452,496496,496516,20,2044
494452,496498,496515,17,2046
494452,496490,496516,26,2038
494452,496498,496516,18,2046
494452,496497,496517,20,2045
494452,496489,496518,29,2037
494452,496493,496519,26,2041
494452,496494,496518,24,2042
494452,496498,496518,20,2046
494452,496476,496519,43,2024
494452,496497,496519,22,2045
494452,496498,496520,22,2046
494452,496494,496521,27,2042
494452,496496,496522,26,2044
494452,496498,496524,26,2046
494452,496499,496526,27,2047
494452,496502,496526,24,2050
494452,496503,496526,23,2051
494452,496501,496528,27,2049
494452,496503,496528,25,2051
494452,496499,496529,30,2047
494452,496501,496529,28,2049
494452,496498,496530,32,2046
494452,496489,496529,40,2037
494452,496499,496530,31,2047
494452,496488,496531,43,2036
494452,496488,496534,46,2036
494452,496504,496535,31,2052
494452,496499,496536,37,2047
494452,496485,496538,53,2033
494452,496501,496538,37,2049
494452,496504,496538,34,2052
494452,496506,496539,33,2054
494452,496500,496542,42,2048
494452,496506,496541,35,2054
494452,496480,496542,62,2028
494452,496487,496543,56,2035
494452,496480,496545,65,2028
494452,496488,496546,58,2036
494452,496481,496546,65,2029
494452,496510,496546,36,2058
494452,496511,496546,35,2059
494452,496510,496547,37,2058
494452,496517,496547,30,2065
494452,496509,496548,39,2057
494452,496520,496548,28,2068
494452,496516,496547,31,2064
494452,496489,496549,60,2037
494452,496479,496551,72,2027
494452,496519,496551,32,2067
494452,496519,496551,32,2067
494452,496476,496552,76,2024
494452,496480,496552,72,2028
493593,495780,496553,773,2187
494452,496484,496554,70,2032
494452,496485,496554,69,2033
494452,496513,496554,41,2061
494452,496515,496554,39,2063
494452,496479,496554,75,2027
494452,496523,496554,31,2071
494452,496516,496555,39,2064
494452,496480,496555,75,2028
494452,496516,496555,39,2064
494452,496518,496556,38,2066
494452,496515,496557,42,2063
494452,496515,496557,42,2063
494452,496513,496557,44,2061
494452,496481,496559,78,2029
494452,496521,496558,37,2069
494452,496520,496559,39,2068
494452,496521,496559,38,2069
494452,496477,496559,82,2025
494452,496478,496559,81,2026
494452,496527,496559,32,2075
494452,496516,496560,44,2064
494452,496516,496560,44,2064
494452,496501,496561,60,2049
494452,496526,496561,35,2074
494452,496515,496562,47,2063
494452,496525,496563,38,2073
494452,496519,496564,45,2067
494452,496481,496564,83,2029
494452,496529,496566,37,2077
494452,496514,496566,52,2062
494452,496527,496567,40,2075
494452,496530,496567,37,2078
494452,496532,496569,37,2080
494452,496530,496569,39,2078
494452,496544,496570,26,2092
494452,496530,496570,40,2078
494452,496529,496570,41,2077
494452,496537,496570,33,2085
494452,496529,496570,41,2077
494452,496535,496571,36,2083
494452,496539,496572,33,2087
494452,496536,496573,37,2084
494452,496530,496573,43,2078
494452,496539,496573,34,2087
494452,496539,496574,35,2087
494452,496518,496574,56,2066
494452,496542,496573,31,2090
494452,496548,496575,27,2096
494452,496546,496575,29,2094
494452,496546,496575,29,2094
494520,496554,496575,21,2034
494452,496548,496576,28,2096
494520,496555,496577,22,2035
494452,496547,496577,30,2095
494452,496546,496577,31,2094
494452,496548,496577,29,2096
494520,496555,496578,23,2035
494452,496543,496578,35,2091
494452,496540,496579,39,2088
494452,496546,496579,33,2094
494452,496479,496579,100,2027
494452,496548,496580,32,2096
494452,496552,496582,30,2100
494520,496555,496582,27,2035
494452,496482,496583,101,2030
494520,496556,496583,27,2036
494520,496557,496583,26,2037
494452,496549,496584,35,2097
494452,496545,496583,38,2093
494452,496551,496584,33,2099
494452,496542,496585,43,2090
494452,496484,496586,102,2032
494520,496557,496586,29,2037
494520,496555,496586,31,2035
494452,496554,496588,34,2102
494452,496552,496588,36,2100
494520,496556,496588,32,2036
494520,496556,496588,32,2036
494452,496553,496590,37,2101
494452,496552,496590,38,2100
494452,496481,496592,111,2029
494520,496578,496593,15,2058
494520,496571,496594,23,2051
494520,496557,496594,37,2037
494520,496576,496594,18,2056
494520,496573,496596,23,2053
494520,496574,496596,22,2054
494520,496574,496597,23,2054
494520,496574,496598,24,2054
494520,496574,496598,24,2054
494520,496577,496597,20,2057
494520,496575,496598,23,2055
494520,496578,496599,21,2058
494520,496577,496600,23,2057
494520,496576,496601,25,2056
494520,496572,496600,28,2052
494520,496573,496600,27,2053
494520,496579,496601,22,2059
494520,496576,496602,26,2056
494520,496580,496602,22,2060
494520,496574,496602,28,2054
494520,496578,496602,24,2058
494520,496577,496602,25,2057
494520,496580,496603,23,2060
494520,496558,496605,47,2038
494520,496584,496607,23,2064
494520,496580,496608,28,2060
494520,496581,496608,27,2061
494520,496584,496608,24,2064
494520,496584,496610,26,2064
494520,496571,496611,40,2051
494520,496584,496611,27,2064
494520,496570,496614,44,2050
494520,496570,496614,44,2050
494520,496560,496614,54,2040
494520,496559,496615,56,2039
494520,496587,496617,30,2067
494520,496586,496617,31,2066
494520,496560,496617,57,2040
494520,496560,496617,57,2040
494520,496571,496618,47,2051
494520,496584,496618,34,2064
494520,496560,496619,59,2040
494520,496587,496619,32,2067
494520,496583,496620,37,2063
494520,496568,496620,52,2048
494520,496589,496621,32,2069
493689,495856,496621,765,2167
494520,496587,496621,34,2067
494520,496561,496622,61,2041
494520,496589,496621,32,2069
494520,496589,496622,33,2069
494520,496588,496624,36,2068
494520,496560,496625,65,2040
494520,496567,496624,57,2047
494520,496567,496625,58,2047
494520,496582,496625,43,2062
494520,496570,496625,55,2050
494520,496571,496626,55,2051
494520,496582,496626,44,2062
494520,496595,496628,33,2075
494520,496597,496628,31,2077
494520,496591,496629,38,2071
494520,496598,496629,31,2078
494520,496564,496630,66,2044
494520,496591,496630,39,2071
494520,496602,496630,28,2082
494520,496595,496631,36,2075
494520,496606,496631,25,2086
494520,496598,496632,34,2078
494520,496592,496633,41,2072
494520,496562,496633,71,2042
494520,496599,496634,35,2079
494520,496602,496635,33,2082
494520,496559,496636,77,2039
494520,496601,496636,35,2081
494520,496601,496637,36,2081
494520,496603,496637,34,2083
494520,496593,496638,45,2073
494520,496562,496638,76,2042
494520,496601,496639,38,2081
494520,496594,496638,44,2074
494520,496597,496640,43,2077
494520,496602,496640,38,2082
494520,496602,496640,38,2082
494520,496598,496641,43,2078
494520,496559,496641,82,2039
494520,496603,496641,38,2083
494520,496602,496641,39,2082
494520,496606,496641,35,2086
494520,496563,496642,79,2043
494520,496609,496642,33,2089
494520,496612,496643,31,2092
494520,496608,496642,34,2088
494520,496559,496643,84,2039
494520,496618,496642,24,2098
494520,496609,496643,34,2089
494520,496611,496644,33,2091
494520,496620,496644,24,2100
494520,496600,496645,45,2080
494520,496612,496645,33,2092
494520,496617,496647,30,2097
494520,496618,496647,29,2098
494520,496609,496648,39,2089
494520,496615,496648,33,2095
494520,496622,496648,26,2102
494520,496621,496649,28,2101
494520,496616,496649,33,2096
494520,496625,496650,25,2105
494520,496625,496650,25,2105
494520,496620,496650,30,2100
494520,496622,496650,28,2102
494520,496566,496650,84,2046
494520,496621,496650,29,2101
494520,496618,496651,33,2098
494520,496621,496651,30,2101
494520,496624,496651,27,2104
494520,496615,496651,36,2095
494600,496630,496652,22,2030
494520,496614,496652,38,2094
494520,496623,496652,29,2103
494520,496619,496654,35,2099
494520,496622,496655,33,2102
494600,496630,496656,26,2030
494520,496627,496656,29,2107
494520,496627,496656,29,2107
494600,496630,496656,26,2030
494520,496626,496657,31,2106
494600,496630,496657,27,2030
494520,496617,496658,41,2097
494520,496626,496658,32,2106
494520,496600,496659,59,2080
494520,496621,496660,39,2101
494600,496633,496659,26,2033
494600,496631,496661,30,2031
494600,496633,496662,29,2033
494600,496634,496663,29,2034
494520,496565,496663,98,2045
494520,496628,496665,37,2108
494600,496631,496665,34,2031
494520,496626,496666,40,2106
494600,496632,496665,33,2032
494600,496652,496668,16,2052
494600,496649,496669,20,2049
494600,496650,496670,20,2050
494600,496652,496670,18,2052
494600,496650,496670,20,2050
494600,496652,496672,20,2052
494600,496648,496672,24,2048
494600,496649,496672,23,2049
494600,496634,496673,39,2034
494600,496650,496673,23,2050
494600,496650,496673,23,2050
494600,496651,496674,23,2051
494600,496648,496674,26,2048
494600,496652,496674,22,2052
494600,496652,496674,22,2052
494600,496651,496675,24,2051
494600,496653,496675,22,2053
494600,496645,496677,32,2045
494600,496651,496676,25,2051
494600,496648,496678,30,2048
494600,496648,496672,24,2048
494600,496653,496681,28,2053
494600,496655,496683,28,2055
494600,496657,496684,27,2057
494600,496659,496685,26,2059
494600,496660,496684,24,2060
494600,496657,496685,28,2057
494600,496645,496686,41,2045
494600,496635,496685,50,2035
494600,496658,496685,27,2058
494600,496659,496685,26,2059
494600,496660,496686,26,2060
494600,496645,496687,42,2045
494600,496639,496688,49,2039
494600,496643,496689,46,2043
494600,496657,496688,31,2057
494600,496643,496690,47,2043
494600,496643,496690,47,2043
494600,496660,496691,31,2060
494600,496663,496691,28,2063
494600,496643,496692,49,2043
494600,496655,496693,38,2055
494600,496664,496694,30,2064
494600,496639,496694,55,2039
494600,496661,496696,35,2061
494600,496641,496696,55,2041
494600,496666,496697,31,2066
494600,496662,496698,36,2062
494600,496636,496698,62,2036
494600,496657,496698,41,2057
494600,496644,496701,57,2044
494600,496657,496701,44,2057
494600,496640,496703,63,2040
494600,496666,496702,36,2066
494600,496641,496703,62,2041
494600,496640,496703,63,2040
494600,496638,496703,65,2038
494600,496673,496704,31,2073
494600,496673,496704,31,2073
494600,496641,496704,63,2041
494600,496676,496704,28,2076
494600,496640,496704,64,2040
494600,496642,496705,63,2042
494600,496645,496704,59,2045
494600,496673,496705,32,2073
494600,496676,496706,30,2076
493825,495934,496706,772,2109
494600,496637,496706,69,2037
494600,496666,496706,40,2066
494600,496677,496706,29,2077
494600,496670,496708,38,2070
494600,496671,496707,36,2071
494600,496638,496708,70,2038
494600,496667,496708,41,2067
494600,496674,496709,35,2074
494600,496637,496709,72,2037
494600,496669,496709,40,2069
494600,496677,496708,31,2077
494600,496669,496709,40,2069
494600,496641,496709,68,2041
494600,496675,496710,35,2075
494600,496678,496710,32,2078
494600,496672,496711,39,2072
494600,496684,496712,28,2084
494600,496674,496712,38,2074
494600,496675,496712,37,2075
494600,496685,496712,27,2085
494600,496692,496714,22,2092
494600,496685,496714,29,2085
494600,496681,496716,35,2081
494600,496689,496715,26,2089
494600,496686,496716,30,2086
494600,496674,496717,43,2074
494600,496638,496717,79,2038
494600,496681,496717,36,2081
494600,496691,496718,27,2091
494600,496686,496717,31,2086
494600,496686,496718,32,2086
494600,496686,496719,33,2086
494600,496696,496720,24,2096
494600,496682,496720,38,2082
494600,496697,496720,23,2097
494600,496687,496720,33,2087
494600,496642,496720,78,2042
494600,496699,496721,22,2099
494600,496693,496721,28,2093
494600,496689,496721,32,2089
494669,496705,496722,17,2036
494600,496685,496722,37,2085
494600,496694,496722,28,2094
494600,496688,496723,35,2088
494600,496686,496723,37,2086
494600,496699,496724,25,2099
494600,496674,496724,50,2074
494600,496697,496724,27,2097
494600,496689,496725,36,2089
494600,496692,496725,33,2092
494600,496695,496725,30,2095
494600,496691,496725,34,2091
494600,496693,496726,33,2093
494600,496699,496727,28,2099
494600,496701,496727,26,2101
494600,496703,496729,26,2103
494669,496705,496729,24,2036
494600,496703,496730,27,2103
494600,496701,496730,29,2101
494600,496703,496731,28,2103
494600,496704,496731,27,2104
494600,496704,496731,27,2104
494669,496706,496732,26,2037
494669,496706,496732,26,2037
494669,496705,496733,28,2036
494600,496642,496734,92,2042
494600,496704,496734,30,2104
494669,496706,496734,28,2037
494669,496706,496735,29,2037
494669,496708,496736,28,2039
494600,496704,496736,32,2104
494669,496706,496738,32,2037
494600,496703,496740,37,2103
494669,496725,496741,16,2056
494669,496707,496742,35,2038
494669,496725,496743,18,2056
494669,496708,496744,36,2039
494669,496724,496744,20,2055
494669,496722,496744,22,2053
494669,496722,496745,23,2053
494669,496723,496746,23,2054
494669,496723,496745,22,2054
494669,496723,496745,22,2054
494669,496726,496746,20,2057
494669,496722,496747,25,2053
494669,496726,496747,21,2057
494669,496725,496748,23,2056
494669,496725,496748,23,2056
494669,496723,496749,26,2054
494669,496721,496750,29,2052
494669,496722,496751,29,2053
494669,496726,496751,25,2057
494669,496721,496753,32,2052
494669,496708,496754,46,2039
494669,496726,496754,28,2057
494669,496718,496756,38,2049
494669,496731,496757,26,2062
494669,496710,496757,47,2041
494669,496732,496757,25,2063
494669,496732,496757,25,2063
494669,496733,496758,25,2064
494669,496727,496758,31,2058
494669,496733,496758,25,2064
494669,496730,496758,28,2061
494669,496731,496760,29,2062
494669,496720,496762,42,2051
494669,496734,496762,28,2065
494669,496734,496762,28,2065
494669,496720,496763,43,2051
494669,496736,496763,27,2067
494669,496730,496764,34,2061
494669,496719,496764,45,2050
494669,496710,496764,54,2041
494669,496718,496765,47,2049
494669,496717,496767,50,2048
493837,496006,496769,763,2169
494669,496713,496769,56,2044
494669,496728,496769,41,2059
494669,496735,496769,34,2066
494669,496718,496770,52,2049
494669,496735,496770,35,2066
494669,496710,496772,62,2041
494669,496738,496772,34,2069
494669,496737,496772,35,2068
494669,496709,496774,65,2040
494669,496740,496774,34,2071
494669,496711,496775,64,2042
494669,496718,496775,57,2049
494669,496741,496775,34,2072
494669,496729,496775,46,2060
494669,496734,496775,41,2065
494669,496709,496778,69,2040
494669,496713,496778,65,2044
494669,496718,496780,62,2049
494669,496717,496780,63,2048
494669,496709,496781,72,2040
494669,496743,496780,37,2074
494669,496749,496780,31,2080
494669,496746,496781,35,2077
494669,496751,496781,30,2082
494669,496711,496781,70,2042
494669,496714,496781,67,2045
494669,496744,496781,37,2075
494669,496709,496781,72,2040
494669,496745,496781,36,2076
494669,496745,496783,38,2076
494669,496743,496783,40,2074
494669,496755,496783,28,2086
494669,496757,496784,27,2088
494669,496716,496785,69,2047
494669,496746,496785,39,2077
494669,496748,496785,37,2079
494669,496750,496785,35,2081
494669,496751,496786,35,2082
494669,496755,496787,32,2086
494669,496709,496788,79,2040
494669,496745,496788,43,2076
494669,496747,496788,41,2078
494669,496758,496789,31,2089
494669,496716,496789,73,2047
494669,496763,496790,27,2094
494669,496753,496791,38,2084
494669,496759,496790,31,2090
494669,496761,496790,29,2092
494669,496758,496791,33,2089
494669,496749,496792,43,2080
494669,496757,496792,35,2088
494669,496747,496793,46,2078
494669,496748,496793,45,2079
494669,496762,496794,32,2093
494669,496772,496794,22,2103
494669,496764,496794,30,2095
494669,496766,496796,30,2097
494669,496765,496796,31,2096
494669,496759,496797,38,2090
494669,496712,496797,85,2043
494669,496772,496797,25,2103
494669,496767,496797,30,2098
494669,496764,496797,33,2095
494669,496759,496798,39,2090
494669,496758,496798,40,2089
494669,496765,496799,34,2096
494669,496773,496800,27,2104
494669,496713,496799,86,2044
494669,496763,496799,36,2094
494669,496714,496799,85,2045
494748,496781,496800,19,2033
494748,496781,496801,20,2033
494669,496757,496801,44,2088
494669,496769,496801,32,2100
494669,496774,496802,28,2105
494669,496771,496801,30,2102
494669,496774,496802,28,2105
494669,496765,496802,37,2096
494669,496770,496803,33,2101
494669,496769,496804,35,2100
494748,496781,496804,23,2033
494669,496758,496804,46,2089
494669,496776,496805,29,2107
494669,496771,496806,35,2102
494669,496775,496807,32,2106
494748,496782,496807,25,2034
494748,496781,496808,27,2033
494669,496778,496809,31,2109
494669,496779,496810,31,2110
494669,496776,496809,33,2107
494748,496782,496811,29,2034
494748,496781,496811,30,2033
494748,496782,496813,31,2034
494669,496769,496813,44,2100
494669,496776,496814,38,2107
494748,496782,496813,31,2034
494669,496780,496817,37,2111
494748,496781,496817,36,2033
494669,496776,496817,41,2107
494748,496783,496818,35,2035
494748,496802,496820,18,2054
494748,496802,496821,19,2054
494748,496800,496821,21,2052
494748,496801,496821,20,2053
494748,496800,496823,23,2052
494748,496800,496822,22,2052
494748,496800,496823,23,2052
494748,496800,496823,23,2052
494748,496799,496823,24,2051
494748,496798,496824,26,2050
494748,496801,496824,23,2053
494748,496802,496825,23,2054
494748,496799,496826,27,2051
494748,496800,496826,26,2052
494748,496803,496827,24,2055
494748,496802,496827,25,2054
494748,496805,496829,24,2057
494748,496807,496830,23,2059
494748,496809,496829,20,2061
494748,496798,496830,32,2050
494748,496795,496830,35,2047
494748,496795,496832,37,2047
494748,496805,496834,29,2057
494748,496803,496834,31,2055
494748,496796,496834,38,2048
494748,496783,496834,51,2035
494748,496809,496834,25,2061
494748,496810,496832,22,2062
494748,496808,496836,28,2060
494748,496807,496837,30,2059
494748,496814,496837,23,2066
494748,496797,496838,41,2049
494748,496794,496838,44,2046
494748,496796,496839,43,2048
494748,496797,496839,42,2049
494748,496789,496839,50,2041
494748,496805,496840,35,2057
494748,496785,496840,55,2037
494748,496793,496841,48,2045
494748,496811,496841,30,2063
494748,496810,496841,31,2062
494748,496786,496841,55,2038
494748,496812,496841,29,2064
494748,496797,496842,45,2049
494748,496814,496843,29,2066
494748,496793,496844,51,2045
494748,496788,496845,57,2040
494748,496821,496845,24,2073
494748,496790,496846,56,2042
494748,496784,496846,62,2036
494748,496787,496846,59,2039
494748,496818,496847,29,2070
494748,496804,496848,44,2056
494748,496818,496847,29,2070
494748,496813,496849,36,2065
494748,496786,496850,64,2038
494748,496819,496849,30,2071
494748,496814,496850,36,2066
494748,496818,496851,33,2070
494748,496821,496856,35,2073
494748,496791,496856,65,2043
494748,496823,496857,34,2075
494748,496826,496856,30,2078
494748,496785,496856,71,2037
494748,496826,496857,31,2078
494748,496791,496857,66,2043
493920,496082,496858,776,2162
494748,496829,496858,29,2081
494748,496826,496859,33,2078
494748,496828,496860,32,2080
494748,496831,496860,29,2083
494748,496823,496861,38,2075
494748,496821,496862,41,2073
494748,496822,496863,41,2074
494748,496824,496862,38,2076
494748,496788,496863,75,2040
494748,496791,496864,73,2043
494748,496830,496864,34,2082
494748,496793,496865,72,2045
494748,496832,496866,34,2084
494748,496825,496866,41,2077
494748,496789,496866,77,2041
494748,496793,496867,74,2045
494748,496790,496868,78,2042
494748,496831,496868,37,2083
494748,496835,496868,33,2087
494748,496846,496869,23,2098
494748,496847,496870,23,2099
494748,496835,496870,35,2087
494748,496839,496870,31,2091
494748,496835,496870,35,2087
494748,496785,496869,84,2037
494748,496837,496870,33,2089
494748,496785,496870,85,2037
494748,496840,496871,31,2092
494748,496844,496872,28,2096
494748,496839,496871,32,2091
494748,496841,496871,30,2093
494748,496835,496872,37,2087
494748,496837,496872,35,2089
494748,496824,496873,49,2076
494748,496842,496873,31,2094
494748,496828,496872,44,2080
494748,496835,496872,37,2087
494748,496837,496873,36,2089
494748,496841,496874,33,2093
494748,496840,496874,34,2092
494748,496842,496875,33,2094
494748,496840,496875,35,2092
494748,496846,496875,29,2098
494748,496835,496875,40,2087
494748,496846,496876,30,2098
494748,496847,496876,29,2099
494748,496831,496877,46,2083
494748,496835,496877,42,2087
494748,496842,496877,35,2094
494748,496842,496877,35,2094
494748,496845,496877,32,2097
494748,496834,496878,44,2086
494832,496858,496878,20,2026
494748,496842,496879,37,2094
494832,496857,496879,22,2025
494832,496857,496879,22,2025
494832,496857,496880,23,2025
494748,496791,496879,88,2043
494748,496850,496881,31,2102
494748,496850,496882,32,2102
494832,496858,496883,25,2026
494748,496848,496883,35,2100
494748,496851,496883,32,2103
494748,496844,496883,39,2096
494748,496850,496884,34,2102
494832,496858,496883,25,2026
494832,496857,496884,27,2025
494748,496843,496884,41,2095
494748,496850,496884,34,2102
494832,496858,496886,28,2026
494748,496848,496886,38,2100
494832,496860,496889,29,2028
494832,496861,496892,31,2029
494832,496861,496893,32,2029
494832,496877,496894,17,2045
494832,496878,496897,19,2046
494832,496878,496897,19,2046
494832,496878,496897,19,2046
494832,496874,496898,24,2042
494832,496874,496898,24,2042
494832,496875,496898,23,2043
494832,496876,496898,22,2044
494832,496878,496898,20,2046
494832,496877,496899,22,2045
494832,496880,496899,19,2048
494832,496878,496901,23,2046
494832,496874,496900,26,2042
494832,496878,496902,24,2046
494832,496881,496902,21,2049
494832,496883,496902,19,2051
494832,496872,496903,31,2040
494832,496880,496904,24,2048
494832,496882,496905,23,2050
494832,496879,496906,27,2047
494832,496873,496906,33,2041
494832,496879,496906,27,2047
494832,496876,496899,23,2044
494832,496876,496905,29,2044
494832,496870,496907,37,2038
494832,496884,496908,24,2052
494832,496873,496908,35,2041
494832,496884,496909,25,2052
494832,496872,496909,37,2040
494832,496884,496910,26,2052
494832,496873,496910,37,2041
494832,496885,496911,26,2053
494832,496871,496911,40,2039
494832,496861,496911,50,2029
494832,496884,496912,28,2052
494832,496872,496912,40,2040
494832,496884,496912,28,2052
494832,496864,496913,49,2032
494832,496871,496913,42,2039
494832,496873,496913,40,2041
494832,496867,496913,46,2035
494832,496885,496915,30,2053
494832,496867,496914,47,2035
494832,496887,496914,27,2055
494832,496879,496915,36,2047
494832,496886,496915,29,2054
494832,496879,496916,37,2047
494832,496865,496916,51,2033
494832,496871,496917,46,2039
494832,496885,496917,32,2053
494832,496889,496918,29,2057
494832,496864,496920,56,2032
494832,496894,496921,27,2062
494832,496870,496921,51,2038
494832,496893,496921,28,2061
494832,496873,496922,49,2041
494832,496893,496923,30,2061
494832,496873,496923,50,2041
494832,496867,496923,56,2035
494832,496898,496925,27,2066
494832,496897,496927,30,2065
494832,496862,496928,66,2030
494009,496157,496928,771,2148
494832,496868,496929,61,2036
494832,496901,496930,29,2069
494832,496899,496930,31,2067
494832,496868,496932,64,2036
494832,496903,496931,28,2071
494832,496869,496932,63,2037
494832,496863,496932,69,2031
494832,496898,496933,35,2066
494832,496870,496934,64,2038
494832,496900,496934,34,2068
494832,496903,496936,33,2071
494832,496868,496936,68,2036
494832,496899,496936,37,2067
494832,496907,496937,30,2075
494832,496903,496937,34,2071
494832,496870,496937,67,2038
494832,496907,496938,31,2075
494832,496904,496938,34,2072
494832,496870,496937,67,2038
494832,496899,496939,40,2067
494832,496906,496938,32,2074
494832,496901,496939,38,2069
494832,496899,496940,41,2067
494832,496914,496941,27,2082
494832,496863,496942,79,2031
494832,496915,496942,27,2083
494832,496909,496942,33,2077
494832,496905,496942,37,2073
494832,496913,496943,30,2081
494832,496910,496943,33,2078
494832,496915,496944,29,2083
494832,496899,496944,45,2067
494832,496912,496943,31,2080
494832,496910,496943,33,2078
494832,496918,496944,26,2086
494832,496914,496944,30,2082
494832,496917,496945,28,2085
494832,496918,496945,27,2086
494910,496928,496945,17,2018
494832,496909,496945,36,2077
494832,496913,496945,32,2081
494832,496912,496946,34,2080
494832,496911,496946,35,2079
494832,496908,496947,39,2076
494832,496908,496947,39,2076
494832,496909,496947,38,2077
494832,496916,496948,32,2084
494832,496863,496948,85,2031
494832,496914,496948,34,2082
494910,496931,496949,18,2021
494832,496916,496949,33,2084
494832,496915,496950,35,2083
494832,496915,496951,36,2083
494832,496919,496951,32,2087
494910,496928,496950,22,2018
494832,496913,496951,38,2081
494910,496929,496951,22,2019
494832,496922,496951,29,2090
494832,496907,496951,44,2075
494832,496910,496950,40,2078
494910,496930,496951,21,2020
494910,496932,496951,19,2022
494832,496921,496952,31,2089
494832,496908,496951,43,2076
494832,496914,496952,38,2082
494832,496921,496952,31,2089
494832,496908,496953,45,2076
494832,496924,496953,29,2092
494832,496923,496955,32,2091
494832,496870,496957,87,2038
494832,496922,496957,35,2090
494910,496931,496958,27,2021
494910,496932,496958,26,2022
494910,496933,496958,25,2023
494832,496923,496959,36,2091
494832,496924,496960,36,2092
494910,496932,496962,30,2022
494910,496952,496965,13,2042
494910,496952,496966,14,2042
494910,496934,496966,32,2024
494910,496952,496966,14,2042
494910,496951,496969,18,2041
494910,496950,496969,19,2040
494910,496952,496969,17,2042
494910,496948,496969,21,2038
494910,496952,496970,18,2042
494910,496947,496971,24,2037
494910,496949,496972,23,2039
494910,496948,496973,25,2038
494910,496953,496973,20,2043
494910,496951,496973,22,2041
494910,496951,496974,23,2041
494910,496948,496974,26,2038
494910,496951,496974,23,2041
494910,496947,496975,28,2037
494910,496953,496974,21,2043
494910,496951,496975,24,2041
494910,496951,496975,24,2041
494910,496945,496976,31,2035
494910,496934,496978,44,2024
494910,496947,496978,31,2037
494910,496944,496980,36,2034
494910,496943,496979,36,2033
494910,496945,496979,34,2035
494910,496946,496980,34,2036
494910,496944,496979,35,2034
494910,496944,496980,36,2034
494910,496945,496980,35,2035
494910,496957,496981,24,2047
494910,496944,496981,37,2034
494910,496944,496975,31,2034
494910,496949,496971,22,2039
494910,496951,496981,30,2041
494910,496944,496981,37,2034
494910,496960,496982,22,2050
494910,496944,496981,37,2034
494910,496957,496983,26,2047
494910,496951,496984,33,2041
494910,496943,496983,40,2033
494910,496958,496984,26,2048
494910,496958,496985,27,2048
494910,496955,496985,30,2045
494910,496954,496985,31,2044
494910,496937,496986,49,2027
494910,496946,496986,40,2036
494910,496962,496986,24,2052
494910,496959,496986,27,2049
494910,496965,496988,23,2055
494910,496939,496989,50,2029
494910,496938,496990,52,2028
494910,496966,496991,25,2056
494910,496946,496991,45,2036
494910,496966,496991,25,2056
494910,496938,496992,54,2028
494910,496941,496993,52,2031
494910,496937,496994,57,2027
494910,496943,496994,51,2033
494910,496961,496995,34,2051
494910,496938,496996,58,2028
494910,496938,496997,59,2028
494910,496946,496998,52,2036
494910,496937,496999,62,2027
494910,496967,497000,33,2057
494910,496941,497000,59,2031
494910,496935,497002,67,2025
494910,496939,497002,63,2029
494910,496970,497002,32,2060
494910,496973,497005,32,2063
494113,496232,497005,773,2119
494910,496970,497005,35,2060
494910,496976,497005,29,2066
494910,496977,497005,28,2067
494910,496974,497006,32,2064
494910,496970,497007,37,2060
494910,496975,497008,33,2065
494910,496940,497007,67,2030
494910,496973,497008,35,2063
494910,496982,497008,26,2072
494910,496981,497010,29,2071
494910,496981,497010,29,2071
494910,496942,497011,69,2032
494910,496975,497011,36,2065
494910,496979,497011,32,2069
494910,496981,497013,32,2071
494910,496970,497013,43,2060
494910,496981,497013,32,2071
494910,496976,497014,38,2066
494910,496989,497013,24,2079
494910,496975,497014,39,2065
494910,496976,497013,37,2066
494910,496976,497013,37,2066
494910,496981,497014,33,2071
494910,496982,497015,33,2072
494910,496984,497015,31,2074
494910,496987,497015,28,2077
494910,496936,497016,80,2026
494910,496983,497015,32,2073
494910,496985,497016,31,2075
494910,496987,497017,30,2077
494910,496986,497017,31,2076
494910,496994,497017,23,2084
494910,496981,497017,36,2071
494910,496971,497017,46,2061
494910,496981,497018,37,2071
494981,496997,497018,21,2016
494910,496980,497019,39,2070
494981,496997,497019,22,2016
494910,496987,497020,33,2077
494981,496998,497020,22,2017
494910,496972,497020,48,2062
494910,496980,497020,40,2070
494910,496986,497021,35,2076
494910,496991,497021,30,2081
494910,496990,497022,32,2080
494910,496936,497022,86,2026
494910,496985,497021,36,2075
494910,496979,497021,42,2069
494910,496981,497023,42,2071
494981,497003,497023,20,2022
494910,496980,497024,44,2070
494910,496991,497024,33,2081
494910,496981,497024,43,2071
494910,496994,497025,31,2084
494981,497000,497025,25,2019
494910,496993,497026,33,2083
494910,496987,497026,39,2077
494910,496980,497026,46,2070
494910,496984,497028,44,2074
494910,496942,497029,87,2032
494910,496991,497029,38,2081
494981,497001,497029,28,2020
494981,497003,497029,26,2022
494910,496992,497031,39,2082
494981,497003,497031,28,2022
494981,497005,497031,26,2024
494981,497000,497032,32,2019
494910,496980,497033,53,2070
494981,497006,497034,28,2025
494910,496994,497035,41,2084
494981,497021,497038,17,2040
494981,497022,497039,17,2041
494981,497022,497041,19,2041
494981,497021,497041,20,2040
494981,497022,497044,22,2041
494981,497016,497044,28,2035
494981,497014,497045,31,2033
494981,497017,497045,28,2036
494981,497021,497045,24,2040
494981,497021,497045,24,2040
494981,497025,497045,20,2044
494981,497022,497045,23,2041
494981,497024,497046,22,2043
494981,497025,497046,21,2044
494981,497025,497046,21,2044
494981,497022,497047,25,2041
494981,497026,497048,22,2045
494981,497016,497049,33,2035
494981,497020,497048,28,2039
494981,497014,497049,35,2033
494981,497014,497050,36,2033
494981,497027,497050,23,2046
494981,497016,497051,35,2035
494981,497016,497050,34,2035
494981,497017,497051,34,2036
494981,497020,497051,31,2039
494981,497031,497051,20,2050
494981,497026,497051,25,2045
494981,497016,497052,36,2035
494981,497008,497052,44,2027
494981,497020,497053,33,2039
494981,497023,497052,29,2042
494981,497031,497053,22,2050
494981,497006,497054,48,2025
494981,497030,497054,24,2049
494981,497030,497055,25,2049
494981,497018,497056,38,2037
494981,497024,497055,31,2043
494981,497015,497056,41,2034
494981,497026,497056,30,2045
494981,497017,497056,39,2036
494981,497014,497057,43,2033
494981,497030,497057,27,2049
494981,497006,497058,52,2025
494981,497014,497058,44,2033
494981,497016,497058,42,2035
494981,497034,497059,25,2053
494981,497033,497059,26,2052
494981,497031,497060,29,2050
494981,497032,497060,28,2051
494981,497019,497060,41,2038
494981,497029,497061,32,2048
494981,497035,497061,26,2054
494981,497028,497062,34,2047
494981,497008,497062,54,2027
494981,497013,497063,50,2032
494981,497012,497063,51,2031
494981,497018,497064,46,2037
494981,497039,497064,25,2058
494981,497008,497064,56,2027
494981,497011,497065,54,2030
494981,497018,497067,49,2037
494981,497008,497067,59,2027
494981,497040,497068,28,2059
494981,497041,497068,27,2060
494981,497009,497070,61,2028
494981,497041,497070,29,2060
494981,497045,497072,27,2064
494981,497011,497073,62,2030
494981,497012,497074,62,2031
494189,496311,497075,764,2122
494981,497045,497074,29,2064
494981,497012,497076,64,2031
494981,497045,497078,33,2064
494981,497047,497078,31,2066
494981,497046,497078,32,2065
494981,497046,497079,33,2065
494981,497049,497080,31,2068
494981,497060,497082,22,2079
494981,497058,497082,24,2077
494981,497054,497082,28,2073
494981,497056,497083,27,2075
494981,497046,497083,37,2065
494981,497052,497083,31,2071
494981,497049,497083,34,2068
494981,497056,497084,28,2075
494981,497051,497085,34,2070
494981,497052,497085,33,2071
494981,497058,497084,26,2077
494981,497053,497085,32,2072
494981,497053,497086,33,2072
494981,497057,497086,29,2076
494981,497055,497086,31,2074
494981,497013,497087,74,2032
494981,497006,497087,81,2025
494981,497056,497087,31,2075
494981,497049,497087,38,2068
494981,497007,497087,80,2026
494981,497050,497087,37,2069
494981,497055,497088,33,2074
494981,497057,497087,30,2076
494981,497047,497088,41,2066
494981,497059,497088,29,2078
494981,497064,497088,24,2083
494981,497013,497089,76,2032
494981,497061,497089,28,2080
494981,497063,497089,26,2082
494981,497056,497089,33,2075
494981,497057,497089,32,2076
494981,497060,497089,29,2079
494981,497048,497090,42,2067
494981,497062,497089,27,2081
494981,497052,497090,38,2071
494981,497062,497090,28,2081
494981,497045,497090,45,2064
494981,497051,497091,40,2070
494981,497060,497090,30,2079
494981,497053,497091,38,2072
494981,497051,497091,40,2070
494981,497046,497092,46,2065
494981,497064,497093,29,2083
495070,497068,497093,25,1998
494981,497063,497092,29,2082
495070,497065,497094,29,1995
494981,497056,497093,37,2075
494981,497051,497094,43,2070
494981,497063,497094,31,2082
494981,497061,497095,34,2080
494981,497046,497095,49,2065
495070,497068,497096,28,1998
494981,497064,497096,32,2083
495070,497068,497097,29,1998
494981,497051,497097,46,2070
495070,497071,497099,28,2001
495070,497073,497099,26,2003
495070,497075,497101,26,2005
494981,497052,497103,51,2071
495070,497069,497106,37,1999
495070,497075,497106,31,2005
495070,497074,497111,37,2004
495070,497071,497113,42,2001
495070,497091,497114,23,2021
495070,497091,497115,24,2021
495070,497093,497117,24,2023
495070,497094,497116,22,2024
495070,497090,497116,26,2020
495070,497090,497117,27,2020
495070,497094,497118,24,2024
495070,497090,497118,28,2020
495070,497091,497119,28,2021
495070,497090,497119,29,2020
495070,497088,497118,30,2018
495070,497091,497119,28,2021
495070,497087,497119,32,2017
495070,497092,497120,28,2022
495070,497088,497121,33,2018
495070,497094,497121,27,2024
495070,497093,497121,28,2023
495070,497094,497122,28,2024
495070,497087,497123,36,2017
495070,497088,497123,35,2018
495070,497090,497124,34,2020
495070,497096,497124,28,2026
495070,497099,497124,25,2029
495070,497089,497125,36,2019
495070,497095,497125,30,2025
495070,497098,497126,28,2028
495070,497088,497126,38,2018
495070,497087,497126,39,2017
495070,497101,497128,27,2031
495070,497096,497128,32,2026
495070,497087,497129,42,2017
495070,497088,497129,41,2018
495070,497096,497130,34,2026
495070,497089,497130,41,2019
495070,497099,497130,31,2029
495070,497103,497130,27,2033
495070,497089,497130,41,2019
495070,497090,497131,41,2020
495070,497093,497131,38,2023
495070,497085,497131,46,2015
495070,497089,497133,44,2019
495070,497098,497132,34,2028
495070,497087,497133,46,2017
495070,497088,497134,46,2018
495070,497075,497134,59,2005
495070,497085,497134,49,2015
495070,497089,497134,45,2019
495070,497093,497136,43,2023
495070,497090,497136,46,2020
495070,497106,497137,31,2036
495070,497085,497137,52,2015
495070,497090,497139,49,2020
495070,497106,497143,37,2036
495070,497113,497144,31,2043
495070,497115,497147,32,2045
495070,497077,497148,71,2007
495070,497114,497148,34,2044
495070,497118,497148,30,2048
495070,497083,497150,67,2013
495070,497117,497150,33,2047
495070,497079,497150,71,2009
495070,497117,497151,34,2047
495070,497112,497151,39,2042
495070,497118,497152,34,2048
495070,497080,497153,73,2010
495070,497083,497152,69,2013
495070,497084,497153,69,2014
495070,497083,497154,71,2013
495070,497082,497154,72,2012
495070,497083,497154,71,2013
495070,497122,497155,33,2052
495070,497121,497155,34,2051
495070,497120,497155,35,2050
495070,497123,497156,33,2053
495070,497078,497157,79,2008
495070,497119,497158,39,2049
495070,497085,497158,73,2015
494282,496391,497159,768,2109
495070,497117,497160,43,2047
495070,497079,497162,83,2009
495070,497131,497163,32,2061
495070,497133,497163,30,2063
495070,497130,497163,33,2060
495070,497120,497164,44,2050
495070,497131,497163,32,2061
495070,497133,497163,30,2063
495070,497123,497164,41,2053
495070,497130,497165,35,2060
495070,497130,497165,35,2060
495070,497129,497166,37,2059
495070,497124,497166,42,2054
495070,497125,497166,41,2055
495070,497081,497166,85,2011
495070,497121,497166,45,2051
495070,497135,497166,31,2065
495070,497131,497168,37,2061
495070,497132,497167,35,2062
495070,497133,497168,35,2063
495070,497137,497169,32,2067
495070,497135,497169,34,2065
495070,497136,497169,33,2066
495070,497124,497169,45,2054
495070,497136,497170,34,2066
495160,497151,497170,19,1991
495070,497083,497170,87,2013
495070,497132,497171,39,2062
495070,497135,497170,35,2065
495070,497134,497171,37,2064
495070,497119,497172,53,2049
495070,497127,497173,46,2057
495070,497129,497173,44,2059
495070,497139,497175,36,2069
495070,497125,497175,50,2055
495070,497124,497175,51,2054
495160,497151,497176,25,1991
495160,497153,497176,23,1993
495070,497119,497176,57,2049
495070,497129,497176,47,2059
495070,497127,497177,50,2057
495070,497120,497177,57,2050
495070,497131,497178,47,2061
495070,497144,497178,34,2074
495160,497151,497179,28,1991
495160,497153,497179,26,1993
495160,497153,497180,27,1993
495070,497126,497181,55,2056
495160,497155,497181,26,1995
495070,497145,497181,36,2075
495070,497084,497182,98,2014
495070,497149,497182,33,2079
495070,497138,497184,46,2068
495070,497148,497185,37,2078
495160,497154,497185,31,1994
495070,497149,497185,36,2079
495070,497121,497185,64,2051
495160,497153,497186,33,1993
495070,497150,497187,37,2080
495070,497124,497190,66,2054
495070,497148,497192,44,2078
495160,497155,497193,38,1995
495160,497155,497194,39,1995
495160,497176,497197,21,2016
495160,497177,497199,22,2017
495160,497166,497199,33,2006
495160,497176,497199,23,2016
495160,497167,497202,35,2007
495160,497170,497202,32,2010
495160,497170,497203,33,2010
495160,497176,497203,27,2016
495160,497176,497204,28,2016
495160,497169,497205,36,2009
495160,497165,497206,41,2005
495160,497166,497207,41,2006
495160,497167,497207,40,2007
495160,497174,497207,33,2014
495160,497177,497207,30,2017
495160,497182,497207,25,2022
495160,497171,497207,36,2011
495160,497168,497207,39,2008
495160,497170,497207,37,2010
495160,497169,497206,37,2009
495160,497170,497206,36,2010
495160,497165,497208,43,2005
495160,497167,497208,41,2007
495160,497180,497208,28,2020
495160,497181,497208,27,2021
495160,497156,497209,53,1996
495160,497171,497209,38,2011
495160,497167,497209,42,2007
495160,497180,497210,30,2020
495160,497181,497210,29,2021
495160,497168,497210,42,2008
495160,497185,497210,25,2025
495160,497168,497211,43,2008
495160,497177,497211,34,2017
495160,497186,497211,25,2026
495160,497180,497212,32,2020
495160,497179,497212,33,2019
495160,497182,497212,30,2022
495160,497184,497212,28,2024
495160,497170,497213,43,2010
495160,497185,497214,29,2025
495160,497182,497215,33,2022
495160,497185,497215,30,2025
495160,497179,497215,36,2019
495160,497185,497216,31,2025
495160,497177,497217,40,2017
495160,497188,497216,28,2028
495160,497161,497217,56,2001
495160,497165,497219,54,2005
495160,497158,497220,62,1998
495160,497173,497221,48,2013
495160,497156,497223,67,1996
495160,497156,497223,67,1996
495160,497193,497224,31,2033
495160,497194,497225,31,2034
495160,497172,497225,53,2012
495160,497178,497225,47,2018
495160,497194,497228,34,2034
495160,497172,497228,56,2012
495160,497159,497229,70,1999
495160,497164,497230,66,2004
495160,497197,497230,33,2037
495160,497200,497230,30,2040
495160,497202,497235,33,2042
495160,497159,497235,76,1999
495160,497203,497237,34,2043
495160,497199,497237,38,2039
495160,497200,497237,37,2040
495160,497208,497238,30,2048
495160,497204,497238,34,2044
495160,497212,497238,26,2052
495160,497163,497239,76,2003
495160,497204,497240,36,2044
495160,497207,497240,33,2047
495160,497160,497241,81,2000
495160,497164,497241,77,2004
495160,497215,497241,26,2055
495160,497211,497242,31,2051
495160,497164,497242,78,2004
495160,497205,497243,38,2045
495160,497208,497243,35,2048
495160,497164,497243,79,2004
495160,497207,497244,37,2047
495160,497212,497244,32,2052
495160,497213,497245,32,2053
495160,497208,497244,36,2048
495160,497207,497245,38,2047
495160,497207,497246,39,2047
495160,497212,497246,34,2052
495160,497164,497246,82,2004
495160,497217,497247,30,2057
495160,497212,497246,34,2052
495160,497212,497246,34,2052
495160,497215,497247,32,2055
495160,497164,497247,83,2004
495160,497211,497248,37,2051
495160,497207,497248,41,2047
495160,497209,497248,39,2049
495160,497210,497248,38,2050
495160,497210,497249,39,2050
495160,497218,497249,31,2058
495160,497215,497249,34,2055
495160,497208,497250,42,2048
495160,497220,497250,30,2060
495160,497215,497252,37,2055
495160,497213,497252,39,2053
495160,497208,497252,44,2048
495160,497221,497252,31,2061
495160,497211,497253,42,2051
495160,497217,497253,36,2057
495226,497230,497254,24,2004
495160,497216,497254,38,2056
495226,497231,497255,24,2005
495160,497210,497255,45,2050
495226,497231,497258,27,2005
495160,497225,497258,33,2065
495160,497221,497258,37,2061
495226,497236,497259,23,2010
495160,497207,497258,51,2047
495160,497229,497258,29,2069
495160,497225,497259,34,2065
495160,497210,497260,50,2050
495160,497224,497261,37,2064
495160,497208,497261,53,2048
495160,497224,497262,38,2064
495160,497225,497263,38,2065
495160,497209,497264,55,2049
495160,497228,497263,35,2068
495160,497205,497264,59,2045
495160,497208,497265,57,2048
495226,497238,497264,26,2012
495160,497226,497265,39,2066
495226,497236,497266,30,2010
495226,497238,497266,28,2012
495226,497237,497267,30,2011
495160,497208,497267,59,2048
495226,497239,497269,30,2013
495160,497213,497268,55,2053
495226,497237,497269,32,2011
495226,497250,497281,31,2024
495226,497263,497282,19,2037
495226,497248,497283,35,2022
495226,497252,497284,32,2026
495226,497248,497284,36,2022
495226,497247,497285,38,2021
495226,497252,497285,33,2026
495226,497249,497285,36,2023
495226,497247,497286,39,2021
495226,497250,497286,36,2024
495226,497247,497286,39,2021
495226,497253,497286,33,2027
495226,497239,497288,49,2013
495226,497249,497289,40,2023
495226,497249,497289,40,2023
495226,497248,497290,42,2022
495226,497264,497290,26,2038
495226,497247,497290,43,2021
495226,497264,497290,26,2038
495226,497239,497290,51,2013
495226,497250,497291,41,2024
495226,497246,497290,44,2020
495226,497247,497291,44,2021
495226,497262,497291,29,2036
495226,497264,497291,27,2038
495226,497266,497291,25,2040
495226,497255,497291,36,2029
495226,497259,497292,33,2033
495226,497259,497292,33,2033
495226,497264,497292,28,2038
495226,497261,497293,32,2035
495226,497246,497292,46,2020
495226,497253,497292,39,2027
495226,497255,497293,38,2029
495226,497252,497293,41,2026
495226,497266,497293,27,2040
495226,497258,497293,35,2032
494392,496472,497293,821,2080
495226,497256,497295,39,2030
495226,497267,497295,28,2041
495226,497268,497295,27,2042
495226,497265,497296,31,2039
495226,497269,497296,27,2043
495226,497251,497296,45,2025
495226,497268,497296,28,2042
495226,497265,497298,33,2039
495226,497260,497298,38,2034
495226,497253,497298,45,2027
495226,497245,497299,54,2019
495226,497259,497303,44,2033
495226,497243,497303,60,2017
495226,497240,497305,65,2014
495226,497243,497306,63,2017
495226,497255,497309,54,2029
495226,497269,497310,41,2043
495226,497259,497311,52,2033
495226,497270,497311,41,2044
495226,497284,497312,28,2058
495226,497285,497312,27,2059
495226,497243,497313,70,2017
495226,497243,497314,71,2017
495226,497241,497314,73,2015
495226,497286,497314,28,2060
495226,497244,497316,72,2018
495226,497282,497316,34,2056
495226,497284,497316,32,2058
495226,497241,497316,75,2015
495226,497259,497317,58,2033
495226,497286,497317,31,2060
495226,497242,497318,76,2016
495226,497286,497318,32,2060
495226,497286,497320,34,2060
495226,497287,497320,33,2061
495226,497259,497321,62,2033
495226,497290,497322,32,2064
495226,497241,497322,81,2015
495226,497290,497322,32,2064
495226,497245,497324,79,2019
495226,497289,497323,34,2063
495226,497294,497324,30,2068
495226,497291,497325,34,2065
495226,497296,497325,29,2070
495226,497287,497325,38,2061
495226,497293,497325,32,2067
495226,497290,497326,36,2064
495226,497293,497326,33,2067
495226,497290,497326,36,2064
495226,497291,497327,36,2065
495226,497299,497327,28,2073
495226,497294,497328,34,2068
495226,497283,497327,44,2057
495226,497290,497327,37,2064
495226,497297,497329,32,2071
495226,497296,497329,33,2070
495226,497296,497329,33,2070
495226,497292,497329,37,2066
495226,497293,497330,37,2067
495226,497294,497330,36,2068
495226,497297,497331,34,2071
495226,497293,497331,38,2067
495226,497244,497331,87,2018
495226,497296,497331,35,2070
495226,497304,497332,28,2078
495226,497291,497332,41,2065
495226,497291,497332,41,2065
495226,497254,497332,78,2028
495226,497292,497333,41,2066
495226,497299,497332,33,2073
495226,497303,497334,31,2077
495226,497244,497334,90,2018
495226,497287,497335,48,2061
495226,497300,497334,34,2074
495226,497298,497335,37,2072
495226,497294,497336,42,2068
495226,497291,497338,47,2065
495283,497315,497339,24,2032
495226,497306,497339,33,2080
495283,497316,497340,24,2033
495226,497292,497341,49,2066
495226,497292,497342,50,2066
495226,497307,497342,35,2081
494455,496554,497342,788,2099
495226,497291,497342,51,2065
495283,497317,497343,26,2034
495226,497292,497344,52,2066
495226,497295,497344,49,2069
495226,497311,497344,33,2085
495283,497318,497344,26,2035
495283,497319,497346,27,2036
495226,497313,497346,33,2087
495226,497311,497346,35,2085
495226,497314,497346,32,2088
495283,497316,497346,30,2033
495226,497314,497347,33,2088
495226,497313,497346,33,2087
495283,497316,497347,31,2033
495283,497317,497349,32,2034
495283,497318,497350,32,2035
495226,497310,497350,40,2084
495226,497291,497350,59,2065
495226,497311,497352,41,2085
495283,497321,497354,33,2038
495283,497331,497357,26,2048
495283,497321,497361,40,2038
495283,497332,497362,30,2049
495283,497333,497364,31,2050
495283,497331,497365,34,2048
495283,497331,497365,34,2048
495283,497329,497366,37,2046
495283,497331,497366,35,2048
495283,497328,497367,39,2045
495283,497330,497367,37,2047
495283,497334,497368,34,2051
495283,497347,497368,21,2064
495283,497345,497368,23,2062
495283,497332,497369,37,2049
495283,497328,497369,41,2045
495283,497331,497369,38,2048
495283,497329,497370,41,2046
495283,497343,497370,27,2060
495283,497346,497371,25,2063
495283,497322,497371,49,2039
495283,497327,497373,46,2044
495283,497333,497370,37,2050
495283,497347,497373,26,2064
495283,497334,497373,39,2051
495283,497347,497374,27,2064
495283,497347,497373,26,2064
495283,497349,497373,24,2066
495283,497327,497374,47,2044
495283,497331,497374,43,2048
495283,497345,497375,30,2062
495283,497333,497375,42,2050
495283,497342,497375,33,2059
495283,497348,497376,28,2065
495283,497342,497375,33,2059
495283,497330,497375,45,2047
495283,497346,497376,30,2063
495283,497346,497377,31,2063
495283,497328,497378,50,2045
495283,497335,497378,43,2052
495283,497351,497378,27,2068
495283,497327,497380,53,2044
495283,497351,497382,31,2068
495283,497343,497382,39,2060
495283,497345,497382,37,2062
495283,497340,497382,42,2057
495283,497333,497382,49,2050
495283,497335,497382,47,2052
495283,497341,497384,43,2058
495283,497351,497383,32,2068
495283,497339,497385,46,2056
495283,497357,497387,30,2074
495283,497343,497387,44,2060
495283,497323,497387,64,2040
494523,496629,497389,760,2106
495283,497327,497389,62,2044
495283,497352,497390,38,2069
495283,497345,497390,45,2062
495283,497324,497390,66,2041
495283,497325,497392,67,2042
495283,497366,497394,28,2083
495283,497362,497395,33,2079
495283,497364,497395,31,2081
495283,497368,497395,27,2085
495283,497325,497396,71,2042
495283,497339,497395,56,2056
495283,497326,497399,73,2043
495283,497366,497400,34,2083
495283,497369,497400,31,2086
495283,497374,497401,27,2091
495283,497326,497402,76,2043
495283,497370,497402,32,2087
495283,497336,497402,66,2053
495283,497344,497403,59,2061
495283,497367,497404,37,2084
495283,497324,497403,79,2041
495283,497371,497404,33,2088
495283,497370,497405,35,2087
495283,497372,497404,32,2089
495283,497367,497405,38,2084
495283,497376,497405,29,2093
495283,497379,497404,25,2096
495283,497368,497405,37,2085
495283,497363,497406,43,2080
495283,497369,497406,37,2086
495283,497368,497406,38,2085
495283,497374,497406,32,2091
495283,497374,497406,32,2091
495283,497371,497407,36,2088
495283,497381,497406,25,2098
495283,497373,497408,35,2090
495283,497374,497408,34,2091
495283,497372,497407,35,2089
495283,497378,497408,30,2095
495283,497376,497407,31,2093
495283,497376,497408,32,2093
495283,497384,497409,25,2101
495283,497368,497409,41,2085
495283,497383,497410,27,2100
495283,497323,497412,89,2040
495283,497382,497412,30,2099
495283,497375,497412,37,2092
495283,497383,497413,30,2100
495283,497383,497412,29,2100
495283,497374,497412,38,2091
495283,497376,497413,37,2093
495283,497382,497413,31,2099
495283,497383,497414,31,2100
495283,497326,497415,89,2043
495283,497375,497415,40,2092
495283,497384,497414,30,2101
495375,497395,497415,20,2020
495283,497323,497415,92,2040
495283,497386,497416,30,2103
495283,497337,497418,81,2054
495283,497374,497418,44,2091
495375,497396,497418,22,2021
495283,497375,497419,44,2092
495283,497374,497419,45,2091
495283,497376,497419,43,2093
495375,497395,497419,24,2020
495283,497390,497420,30,2107
495283,497387,497420,33,2104
495375,497396,497420,24,2021
495283,497379,497421,42,2096
495283,497391,497421,30,2108
495283,497392,497421,29,2109
495375,497402,497423,21,2027
495283,497377,497423,46,2094
495283,497388,497423,35,2105
495283,497389,497423,34,2106
495283,497390,497423,33,2107
495283,497327,497424,97,2044
495375,497401,497425,24,2026
495375,497402,497425,23,2027
495375,497399,497425,26,2024
495283,497389,497427,38,2106
495283,497388,497426,38,2105
495283,497394,497427,33,2111
495375,497402,497428,26,2027
495375,497401,497427,26,2026
495283,497379,497429,50,2096
495375,497412,497440,28,2037
495375,497408,497441,33,2033
495375,497419,497441,22,2044
495375,497411,497441,30,2036
495375,497408,497441,33,2033
495375,497419,497441,22,2044
495375,497402,497441,39,2027
495375,497408,497442,34,2033
495375,497407,497443,36,2032
495375,497419,497443,24,2044
495375,497413,497444,31,2038
495375,497414,497445,31,2039
495375,497420,497446,26,2045
495375,497407,497446,39,2032
495375,497420,497445,25,2045
495375,497408,497445,37,2033
495375,497409,497446,37,2034
495375,497415,497446,31,2040
495375,497413,497446,33,2038
495375,497408,497448,40,2033
495375,497413,497447,34,2038
495375,497424,497448,24,2049
495375,497423,497448,25,2048
495375,497409,497448,39,2034
495375,497416,497448,32,2041
495375,497425,497448,23,2050
495375,497424,497449,25,2049
495375,497414,497449,35,2039
495375,497418,497450,32,2043
495375,497418,497450,32,2043
495375,497423,497450,27,2048
495375,497425,497450,25,2050
495375,497410,497450,40,2035
495375,497421,497450,29,2046
495375,497426,497451,25,2051
495375,497407,497451,44,2032
495375,497425,497451,26,2050
495375,497422,497451,29,2047
495375,497413,497452,39,2038
495375,497424,497452,28,2049
495375,497407,497451,44,2032
495375,497414,497452,38,2039
495375,497421,497454,33,2046
495375,497427,497454,27,2052
495375,497413,497455,42,2038
495375,497421,497456,35,2046
495375,497427,497457,30,2052
495375,497416,497458,42,2041
495375,497427,497458,31,2052
495375,497407,497459,52,2032
495375,497429,497464,35,2054
495375,497428,497464,36,2053
495375,497404,497465,61,2029
495375,497421,497467,46,2046
495375,497444,497467,23,2069
495375,497416,497469,53,2041
495375,497428,497468,40,2053
495375,497416,497470,54,2041
495375,497404,497473,69,2029
495375,497421,497472,51,2046
495375,497443,497472,29,2068
495375,497405,497473,68,2030
495375,497445,497474,29,2070
495375,497442,497475,33,2067
495375,497446,497475,29,2071
495375,497445,497476,31,2070
495375,497442,497476,34,2067
495375,497447,497477,30,2072
495375,497405,497476,71,2030
495375,497449,497476,27,2074
495375,497446,497477,31,2071
495375,497416,497477,61,2041
495375,497446,497478,32,2071
495375,497447,497479,32,2072
495375,497404,497479,75,2029
495375,497448,497480,32,2073
495375,497449,497480,31,2074
495375,497441,497480,39,2066
494603,496704,497481,777,2101
495375,497448,497481,33,2073
495375,497441,497481,40,2066
495375,497454,497482,28,2079
495375,497446,497482,36,2071
495375,497452,497481,29,2077
495375,497452,497482,30,2077
495375,497441,497483,42,2066
495375,497446,497483,37,2071
495375,497456,497484,28,2081
495375,497405,497483,78,2030
495375,497452,497483,31,2077
495375,497451,497483,32,2076
495375,497452,497484,32,2077
495375,497455,497484,29,2080
495375,497450,497484,34,2075
495375,497449,497484,35,2074
495375,497452,497484,32,2077
495375,497451,497485,34,2076
495375,497451,497485,34,2076
495375,497406,497485,79,2031
495375,497405,497485,80,2030
495375,497458,497485,27,2083
495375,497458,497487,29,2083
495375,497443,497486,43,2068
495375,497449,497487,38,2074
495375,497454,497487,33,2079
495375,497440,497488,48,2065
495375,497450,497487,37,2075
495375,497451,497488,37,2076
495375,497452,497487,35,2077
495375,497404,497488,84,2029
495375,497442,497487,45,2067
495375,497460,497488,28,2085
495375,497458,497490,32,2083
495375,497451,497491,40,2076
495375,497464,497492,28,2089
495375,497406,497493,87,2031
495375,497452,497493,41,2077
495448,497475,497494,19,2027
495375,497406,497494,88,2031
495375,497449,497495,46,2074
495375,497451,497497,46,2076
495448,497474,497498,24,2026
495375,497405,497498,93,2030
495375,497470,497499,29,2095
495448,497475,497498,23,2027
495375,497469,497500,31,2094
495375,497466,497501,35,2091
495448,497476,497501,25,2028
495448,497477,497500,23,2029
495375,497473,497502,29,2098
495375,497465,497502,37,2090
495375,497468,497502,34,2093
495375,497469,497502,33,2094
495448,497477,497502,25,2029
495375,497468,497503,35,2093
495448,497476,497504,28,2028
495448,497477,497504,27,2029
495448,497477,497505,28,2029
495375,497473,497505,32,2098
495375,497451,497506,55,2076
495448,497476,497506,30,2028
495448,497494,497515,21,2046
495448,497478,497515,37,2030
495448,497493,497516,23,2045
495448,497485,497516,31,2037
495448,497493,497517,24,2045
495448,497485,497517,32,2037
495448,497486,497517,31,2038
495448,497485,497519,34,2037
495448,497488,497519,31,2040
495448,497483,497519,36,2035
495448,497488,497519,31,2040
495448,497486,497520,34,2038
495448,497492,497520,28,2044
495448,497496,497520,24,2048
495448,497484,497521,37,2036
495448,497495,497522,27,2047
495448,497488,497521,33,2040
495448,497484,497522,38,2036
495448,497486,497523,37,2038
495448,497487,497523,36,2039
495448,497497,497523,26,2049
495448,497488,497523,35,2040
495448,497485,497523,38,2037
495448,497484,497524,40,2036
495448,497492,497524,32,2044
495448,497485,497524,39,2037
495448,497485,497526,41,2037
495448,497487,497526,39,2039
495448,497488,497526,38,2040
495448,497498,497526,28,2050
495448,497503,497526,23,2055
495448,497486,497529,43,2038
495448,497498,497529,31,2050
495448,497483,497530,47,2035
495448,497503,497529,26,2055
495448,497502,497530,28,2054
495448,497487,497530,43,2039
495448,497483,497531,48,2035
495448,497484,497530,46,2036
495448,497502,497531,29,2054
495448,497484,497531,47,2036
495448,497501,497532,31,2053
495448,497488,497533,45,2040
495448,497499,497533,34,2051
495448,497502,497535,33,2054
495448,497488,497535,47,2040
495448,497491,497536,45,2043
495448,497501,497536,35,2053
495448,497505,497538,33,2057
495448,497503,497542,39,2055
495448,497505,497542,37,2057
495448,497481,497542,61,2033
495448,497505,497544,39,2057
495448,497501,497545,44,2053
495448,497483,497546,63,2035
495448,497506,497547,41,2058
495448,497507,497547,40,2059
495448,497489,497548,59,2041
495448,497519,497548,29,2071
495448,497499,497550,51,2051
495448,497506,497549,43,2058
495448,497478,497550,72,2030
495448,497521,497550,29,2073
495448,497520,497551,31,2072
495448,497522,497552,30,2074
495448,497524,497551,27,2076
495448,497524,497551,27,2076
495448,497524,497551,27,2076
495448,497501,497552,51,2053
495448,497520,497552,32,2072
495448,497518,497553,35,2070
495448,497524,497555,31,2076
495448,497522,497555,33,2074
495448,497520,497555,35,2072
495448,497527,497556,29,2079
495448,497523,497556,33,2075
494672,496781,497556,775,2109
495448,497482,497557,75,2034
495448,497532,497558,26,2084
495448,497519,497558,39,2071
495448,497523,497558,35,2075
495448,497522,497558,36,2074
495448,497518,497558,40,2070
495448,497524,497559,35,2076
495448,497530,497560,30,2082
495448,497479,497560,81,2031
495448,497530,497560,30,2082
495448,497482,497559,77,2034
495448,497481,497560,79,2033
495448,497534,497560,26,2086
495448,497479,497561,82,2031
495448,497530,497561,31,2082
495448,497535,497562,27,2087
495448,497532,497562,30,2084
495448,497525,497563,38,2077
495448,497482,497562,80,2034
495448,497530,497563,33,2082
495448,497519,497564,45,2071
495448,497481,497564,83,2033
495448,497515,497565,50,2067
495448,497531,497564,33,2083
495448,497526,497564,38,2078
495448,497527,497564,37,2079
495448,497533,497564,31,2085
495448,497531,497565,34,2083
495448,497515,497565,50,2067
495448,497533,497565,32,2085
495448,497531,497566,35,2083
495448,497526,497567,41,2078
495448,497537,497568,31,2089
495448,497481,497569,88,2033
495448,497527,497569,42,2079
495535,497550,497569,19,2015
495448,497545,497570,25,2097
495448,497527,497569,42,2079
495448,497531,497570,39,2083
495448,497536,497570,34,2088
495448,497517,497572,55,2069
495448,497536,497573,37,2088
495535,497552,497576,24,2017
495448,497543,497577,34,2095
495535,497552,497577,25,2017
495448,497549,497578,29,2101
495448,497518,497577,59,2070
495535,497551,497578,27,2016
495535,497552,497578,26,2017
495448,497539,497579,40,2091
495535,497551,497579,28,2016
495448,497516,497579,63,2068
495535,497552,497581,29,2017
495448,497548,497580,32,2100
495448,497546,497581,35,2098
495448,497546,497582,36,2098
495448,497543,497582,39,2095
495448,497550,497582,32,2102
495448,497548,497583,35,2100
495448,497548,497584,36,2100
495448,497543,497583,40,2095
495535,497553,497585,32,2018
495535,497553,497588,35,2018
495535,497552,497590,38,2017
495535,497570,497592,22,2035
495535,497556,497592,36,2021
495535,497571,497594,23,2036
495535,497565,497594,29,2030
495535,497573,497594,21,2038
495535,497565,497595,30,2030
495535,497571,497597,26,2036
495535,497563,497598,35,2028
495535,497570,497598,28,2035
495535,497567,497597,30,2032
495535,497574,497598,24,2039
495535,497565,497598,33,2030
495535,497566,497598,32,2031
495535,497577,497599,22,2042
495535,497565,497599,34,2030
495535,497566,497600,34,2031
495535,497563,497601,38,2028
495535,497562,497602,40,2027
495535,497568,497602,34,2033
495535,497565,497602,37,2030
495535,497565,497602,37,2030
495535,497566,497603,37,2031
495535,497561,497603,42,2026
495535,497561,497603,42,2026
495535,497578,497603,25,2043
495535,497563,497602,39,2028
495535,497562,497603,41,2027
495535,497560,497605,45,2025
495535,497582,497605,23,2047
495535,497561,497604,43,2026
495535,497564,497605,41,2029
495535,497565,497605,40,2030
495535,497560,497605,45,2025
495535,497560,497607,47,2025
495535,497577,497607,30,2042
495535,497560,497609,49,2025
495535,497560,497609,49,2025
495535,497578,497610,32,2043
495535,497581,497611,30,2046
495535,497581,497612,31,2046
495535,497578,497613,35,2043
495535,497568,497614,46,2033
495535,497580,497614,34,2045
495535,497582,497617,35,2047
495535,497559,497618,59,2024
495535,497580,497619,39,2045
495535,497583,497619,36,2048
495535,497578,497619,41,2043
495535,497582,497619,37,2047
495535,497569,497621,52,2034
495535,497570,497623,53,2035
495535,497556,497623,67,2021
495535,497570,497624,54,2035
494751,496856,497625,769,2105
495535,497584,497626,42,2049
495535,497603,497627,24,2068
495535,497598,497628,30,2063
495535,497598,497629,31,2063
495535,497599,497630,31,2064
495535,497601,497631,30,2066
495535,497598,497632,34,2063
495535,497598,497631,33,2063
495535,497595,497632,37,2060
495535,497603,497631,28,2068
495535,497602,497632,30,2067
495535,497603,497632,29,2068
495535,497597,497633,36,2062
495535,497601,497633,32,2066
495535,497556,497633,77,2021
495535,497599,497633,34,2064
495535,497556,497634,78,2021
495535,497580,497635,55,2045
495535,497584,497634,50,2049
495535,497605,497635,30,2070
495535,497603,497636,33,2068
495535,497602,497636,34,2067
495535,497578,497636,58,2043
495535,497595,497637,42,2060
495535,497603,497637,34,2068
495535,497605,497637,32,2070
495535,497605,497637,32,2070
495535,497606,497638,32,2071
495535,497559,497639,80,2024
495535,497605,497639,34,2070
495535,497603,497639,36,2068
495535,497603,497639,36,2068
495535,497603,497640,37,2068
495535,497613,497641,28,2078
495535,497557,497640,83,2022
495535,497584,497641,57,2049
495535,497607,497641,34,2072
495535,497598,497641,43,2063
495535,497610,497643,33,2075
495535,497594,497643,49,2059
495535,497558,497644,86,2023
495535,497586,497644,58,2051
495535,497605,497645,40,2070
495535,497609,497645,36,2074
495535,497608,497647,39,2073
495535,497591,497647,56,2056
495535,497612,497648,36,2077
495535,497558,497648,90,2023
495535,497559,497649,90,2024
495535,497559,497648,89,2024
495535,497588,497648,60,2053
495535,497615,497648,33,2080
495535,497614,497650,36,2079
495535,497618,497650,32,2083
495535,497593,497651,58,2058
495535,497619,497651,32,2084
495609,497633,497652,19,2024
495535,497557,497653,96,2022
495535,497592,497652,60,2057
495609,497632,497653,21,2023
495535,497611,497653,42,2076
495535,497627,497653,26,2092
495535,497629,497653,24,2094
495535,497615,497654,39,2080
495535,497620,497654,34,2085
495535,497619,497654,35,2084
495535,497605,497655,50,2070
495535,497594,497656,62,2059
495535,497620,497657,37,2085
495609,497632,497658,26,2023
495535,497623,497658,35,2088
495535,497625,497659,34,2090
495535,497620,497659,39,2085
495609,497633,497660,27,2024
495609,497634,497660,26,2025
495535,497630,497662,32,2095
495609,497633,497662,29,2024
495535,497622,497663,41,2087
495535,497624,497662,38,2089
495609,497634,497663,29,2025
495535,497630,497664,34,2095
495535,497628,497665,37,2093
495535,497626,497664,38,2091
495609,497635,497665,30,2026
495535,497632,497666,34,2097
495609,497632,497666,34,2023
495609,497635,497667,32,2026
495609,497640,497672,32,2031
495609,497633,497672,39,2024
495609,497654,497673,19,2045
495609,497653,497673,20,2044
495609,497642,497675,33,2033
495609,497654,497677,23,2045
495609,497655,497677,22,2046
495609,497641,497677,36,2032
495609,497647,497676,29,2038
495609,497646,497677,31,2037
495609,497644,497678,34,2035
495609,497655,497679,24,2046
495609,497653,497679,26,2044
495609,497641,497679,38,2032
495609,497635,497680,45,2026
495609,497640,497681,41,2031
495609,497649,497682,33,2040
495609,497649,497682,33,2040
495609,497640,497683,43,2031
495609,497642,497683,41,2033
495609,497649,497683,34,2040
495609,497644,497684,40,2035
495609,497653,497684,31,2044
495609,497644,497685,41,2035
495609,497643,497685,42,2034
495609,497645,497686,41,2036
495609,497655,497686,31,2046
495609,497638,497687,49,2029
495609,497650,497687,37,2041
495609,497648,497687,39,2039
495609,497649,497687,38,2040
495609,497649,497688,39,2040
495609,497653,497688,35,2044
494835,496926,497688,762,2091
495609,497649,497689,40,2040
495609,497652,497690,38,2043
495609,497650,497690,40,2041
495609,497641,497690,49,2032
495609,497657,497691,34,2048
495609,497641,497690,49,2032
495609,497663,497691,28,2054
495609,497663,497691,28,2054
495609,497639,497692,53,2030
495609,497657,497696,39,2048
495609,497658,497697,39,2049
495609,497653,497697,44,2044
495609,497663,497698,35,2054
495609,497653,497700,47,2044
495609,497659,497701,42,2050
495609,497653,497701,48,2044
495609,497660,497701,41,2051
495609,497661,497703,42,2052
495609,497663,497704,41,2054
495609,497660,497707,47,2051
495609,497678,497707,29,2069
495609,497678,497708,30,2069
495609,497636,497709,73,2027
495609,497680,497710,30,2071
495609,497664,497711,47,2055
495609,497636,497712,76,2027
495609,497679,497712,33,2070
495609,497667,497712,45,2058
495609,497682,497712,30,2073
495609,497677,497713,36,2068
495609,497679,497713,34,2070
495609,497677,497713,36,2068
495609,497637,497715,78,2028
495609,497685,497715,30,2076
495609,497687,497715,28,2078
495609,497685,497715,30,2076
495609,497664,497715,51,2055
495609,497638,497715,77,2029
495609,497676,497716,40,2067
495609,497672,497718,46,2063
495609,497677,497717,40,2068
495609,497688,497717,29,2079
495609,497666,497717,51,2057
495609,497684,497718,34,2075
495609,497685,497718,33,2076
495609,497638,497719,81,2029
495609,497666,497718,52,2057
495609,497679,497718,39,2070
495609,497682,497718,36,2073
495609,497637,497719,82,2028
495609,497685,497720,35,2076
495609,497683,497720,37,2074
495609,497687,497722,35,2078
495609,497691,497723,32,2082
495609,497666,497722,56,2057
495609,497673,497723,50,2064
495609,497687,497723,36,2078
495609,497686,497724,38,2077
495609,497692,497723,31,2083
495609,497661,497724,63,2052
495609,497677,497725,48,2068
495609,497689,497724,35,2080
495609,497688,497724,36,2079
495609,497689,497725,36,2080
495609,497674,497725,51,2065
495609,497665,497726,61,2056
495609,497690,497726,36,2081
495609,497691,497726,35,2082
495609,497637,497726,89,2028
495609,497687,497727,40,2078
495609,497690,497729,39,2081
495609,497665,497729,64,2056
495609,497696,497730,34,2087
495609,497698,497730,32,2089
495609,497688,497731,43,2079
495609,497698,497731,33,2089
495609,497699,497731,32,2090
495609,497693,497731,38,2084
495609,497691,497734,43,2082
495609,497692,497734,42,2083
495609,497691,497735,44,2082
495609,497688,497735,47,2079
495609,497673,497736,63,2064
495650,497714,497736,22,2064
495609,497701,497736,35,2092
495609,497703,497737,34,2094
495650,497713,497738,25,2063
495609,497637,497738,101,2028
495609,497707,497738,31,2098
495609,497701,497738,37,2092
495609,497702,497738,36,2093
495609,497709,497738,29,2100
495650,497715,497738,23,2065
495609,497711,497740,29,2102
495650,497713,497740,27,2063
495650,497716,497740,24,2066
495609,497701,497740,39,2092
495609,497712,497741,29,2103
495609,497707,497742,35,2098
495650,497715,497742,27,2065
495650,497714,497743,29,2064
495609,497705,497743,38,2096
495609,497709,497744,35,2100
495650,497714,497745,31,2064
495609,497712,497745,33,2103
495650,497716,497749,33,2066
495650,497725,497753,28,2075
495650,497715,497753,38,2065
495650,497716,497753,37,2066
495650,497737,497756,19,2087
495650,497724,497758,34,2074
495650,497736,497758,22,2086
495650,497726,497758,32,2076
495650,497726,497759,33,2076
495650,497731,497760,29,2081
495650,497724,497760,36,2074
495650,497724,497762,38,2074
495650,497728,497761,33,2078
495650,497725,497762,37,2075
495650,497737,497762,25,2087
495650,497738,497762,24,2088
494917,496995,497763,768,2078
495650,497731,497764,33,2081
495650,497730,497764,34,2080
495650,497736,497764,28,2086
495650,497723,497764,41,2073
495650,497725,497765,40,2075
495650,497727,497764,37,2077
495650,497725,497765,40,2075
495650,497731,497765,34,2081
495650,497726,497766,40,2076
495650,497724,497766,42,2074
495650,497720,497767,47,2070
495650,497721,497766,45,2071
495650,497735,497766,31,2085
495650,497719,497767,48,2069
495650,497727,497767,40,2077
495650,497719,497768,49,2069
495650,497735,497768,33,2085
495650,497722,497768,46,2072
495650,497730,497768,38,2080
495650,497731,497769,38,2081
495650,497731,497770,39,2081
495650,497716,497770,54,2066
495650,497725,497771,46,2075
495650,497741,497771,30,2091
495650,497720,497772,52,2070
495650,497739,497775,36,2089
495650,497738,497776,38,2088
495650,497739,497776,37,2089
495650,497723,497776,53,2073
495650,497739,497776,37,2089
495650,497739,497778,39,2089
495650,497740,497779,39,2090
495650,497739,497781,42,2089
495650,497734,497782,48,2084
495650,497719,497782,63,2069
495650,497742,497783,41,2092
495650,497741,497784,43,2091
495650,497739,497787,48,2089
495650,497732,497787,55,2082
495650,497745,497788,43,2095
495650,497762,497790,28,2112
495650,497764,497792,28,2114
495650,497765,497793,28,2115
495650,497742,497794,52,2092
495650,497753,497793,40,2103
495650,497759,497793,34,2109
495650,497718,497793,75,2068
495650,497719,497793,74,2069
495650,497764,497794,30,2114
495650,497743,497794,51,2093
495650,497767,497795,28,2117
495650,497718,497794,76,2068
495650,497718,497796,78,2068
495650,497749,497795,46,2099
495650,497763,497796,33,2113
495650,497765,497796,31,2115
495650,497762,497797,35,2112
495650,497763,497798,35,2113
495650,497745,497798,53,2095
495650,497718,497799,81,2068
495650,497767,497799,32,2117
495650,497718,497799,81,2068
495650,497764,497799,35,2114
495650,497764,497799,35,2114
495650,497766,497801,35,2116
495650,497745,497801,56,2095
495650,497764,497802,38,2114
495650,497766,497801,35,2116
495650,497759,497802,43,2109
495650,497767,497802,35,2117
495650,497765,497802,37,2115
495650,497758,497803,45,2108
495650,497767,497803,36,2117
495650,497754,497804,50,2104
495650,497743,497805,62,2093
495650,497718,497806,88,2068
495650,497741,497806,65,2091
495650,497768,497808,40,2118
495650,497777,497808,31,2127
495650,497760,497807,47,2110
495650,497743,497808,65,2093
495650,497772,497809,37,2122
495650,497754,497809,55,2104
495650,497758,497809,51,2108
495650,497772,497810,38,2122
495650,497767,497810,43,2117
495650,497768,497810,42,2118
495650,497760,497811,51,2110
495650,497771,497811,40,2121
495650,497772,497812,40,2122
495650,497778,497813,35,2128
495650,497775,497814,39,2125
495728,497795,497815,20,2067
495650,497757,497817,60,2107
495650,497777,497816,39,2127
495728,497794,497816,22,2066
495650,497779,497817,38,2129
495650,497777,497817,40,2127
495650,497782,497817,35,2132
495728,497795,497818,23,2067
495650,497784,497819,35,2134
495650,497791,497819,28,2141
495728,497795,497821,26,2067
495650,497768,497821,53,2118
495650,497771,497821,50,2121
495650,497769,497821,52,2119
495650,497769,497821,52,2119
495650,497769,497822,53,2119
495728,497796,497822,26,2068
495650,497782,497823,41,2132
495728,497795,497824,29,2067
495728,497796,497824,28,2068
495650,497782,497824,42,2132
495728,497794,497824,30,2066
495728,497798,497825,27,2070
495650,497794,497825,31,2144
495728,497797,497825,28,2069
495728,497797,497826,29,2069
495650,497784,497826,42,2134
495650,497789,497826,37,2139
495650,497788,497828,40,2138
495650,497793,497828,35,2143
495650,497793,497828,35,2143
495650,497769,497828,59,2119
495650,497794,497829,35,2144
495650,497779,497831,52,2129
495650,497788,497832,44,2138
494984,497065,497833,768,2081
495728,497803,497838,35,2075
495728,497805,497839,34,2077
495728,497803,497841,38,2075
495728,497812,497842,30,2084
495728,497809,497843,34,2081
495728,497820,497842,22,2092
495728,497807,497842,35,2079
495728,497820,497843,23,2092
495728,497808,497845,37,2080
495728,497804,497845,41,2076
495728,497810,497846,36,2082
495728,497821,497845,24,2093
495728,497821,497846,25,2093
495728,497809,497847,38,2081
495728,497818,497847,29,2090
495728,497798,497847,49,2070
495728,497809,497847,38,2081
495728,497809,497848,39,2081
495728,497811,497847,36,2083
495728,497802,497848,46,2074
495728,497815,497849,34,2087
495728,497806,497849,43,2078
495728,497822,497849,27,2094
495728,497811,497850,39,2083
495728,497803,497850,47,2075
495728,497821,497850,29,2093
495728,497809,497850,41,2081
495728,497802,497851,49,2074
495728,497812,497852,40,2084
495728,497815,497852,37,2087
495728,497808,497853,45,2080
495728,497802,497853,51,2074
495728,497810,497854,44,2082
495728,497814,497853,39,2086
495728,497818,497854,36,2090
495728,497822,497854,32,2094
495728,497817,497855,38,2089
495728,497802,497855,53,2074
495728,497817,497855,38,2089
495728,497817,497858,41,2089
495728,497824,497857,33,2096
495728,497801,497857,56,2073
495728,497825,497857,32,2097
495728,497823,497858,35,2095
495728,497823,497859,36,2095
495728,497823,497859,36,2095
495728,497829,497863,34,2101
495728,497824,497864,40,2096
495728,497818,497870,52,2090
495728,497818,497870,52,2090
495728,497847,497874,27,2119
495728,497829,497874,45,2101
495728,497829,497876,47,2101
495728,497800,497876,76,2072
495728,497827,497877,50,2099
495728,497801,497877,76,2073
495728,497828,497877,49,2100
495728,497845,497878,33,2117
495728,497799,497878,79,2071
495728,497800,497877,77,2072
495728,497846,497879,33,2118
495728,497843,497878,35,2115
495728,497846,497879,33,2118
495728,497848,497879,31,2120
495728,497851,497880,29,2123
495728,497848,497879,31,2120
495728,497825,497880,55,2097
495728,497799,497881,82,2071
495728,497800,497882,82,2072
495728,497851,497881,30,2123
495728,497831,497882,51,2103
495728,497848,497883,35,2120
495728,497849,497882,33,2121
495728,497848,497883,35,2120
495728,497848,497884,36,2120
495728,497800,497884,84,2072
495728,497846,497884,38,2118
495728,497848,497884,36,2120
495728,497848,497884,36,2120
495728,497850,497885,35,2122
495728,497843,497886,43,2115
495728,497851,497886,35,2123
495728,497852,497885,33,2124
495728,497849,497887,38,2121
495728,497843,497888,45,2115
495728,497859,497889,30,2131
495728,497843,497889,46,2115
495728,497834,497891,57,2106
495728,497855,497891,36,2127
495728,497839,497890,51,2111
495728,497825,497891,66,2097
495728,497854,497891,37,2126
495728,497860,497891,31,2132
495728,497832,497891,59,2104
495728,497855,497892,37,2127
495728,497856,497892,36,2128
495728,497855,497893,38,2127
495728,497858,497892,34,2130
495728,497854,497894,40,2126
495728,497858,497896,38,2130
495728,497842,497896,54,2114
495728,497849,497896,47,2121
495728,497853,497896,43,2125
495728,497854,497896,42,2126
495728,497858,497898,40,2130
495789,497879,497898,19,2090
495728,497853,497898,45,2125
495728,497848,497898,50,2120
495728,497860,497900,40,2132
495728,497854,497901,47,2126
495728,497858,497901,43,2130
495728,497871,497902,31,2143
495789,497879,497902,23,2090
495728,497843,497902,59,2115
495728,497870,497902,32,2142
495728,497877,497903,26,2149
495789,497878,497903,25,2089
495728,497863,497903,40,2135
495789,497879,497904,25,2090
495728,497878,497903,25,2150
495728,497838,497904,66,2110
495728,497827,497904,77,2099
495728,497826,497904,78,2098
495728,497826,497905,79,2098
495728,497864,497906,42,2136
495728,497825,497907,82,2097
495789,497880,497908,28,2091
495789,497881,497908,27,2092
495728,497875,497908,33,2147
495789,497880,497908,28,2091
495728,497855,497910,55,2127
495728,497878,497911,33,2150
495789,497880,497911,31,2091
495728,497878,497911,33,2150
495728,497876,497912,36,2148
495728,497878,497913,35,2150
495789,497882,497913,31,2093
495728,497874,497914,40,2146
495789,497882,497915,33,2093
495073,497151,497917,766,2078
495789,497881,497917,36,2092
495789,497903,497919,16,2114
495789,497891,497919,28,2102
495789,497893,497924,31,2104
495789,497904,497924,20,2115
495789,497892,497924,32,2103
495789,497892,497925,33,2103
495789,497897,497926,29,2108
495789,497903,497926,23,2114
495789,497892,497927,35,2103
495789,497893,497927,34,2104
495789,497903,497927,24,2114
495789,497890,497927,37,2101
495789,497897,497928,31,2108
495789,497886,497928,42,2097
495789,497886,497929,43,2097
495789,497904,497928,24,2115
495789,497890,497929,39,2101
495789,497893,497929,36,2104
495789,497892,497929,37,2103
495789,497896,497929,33,2107
495789,497896,497929,33,2107
495789,497899,497930,31,2110
495789,497899,497931,32,2110
495789,497896,497931,35,2107
495789,497898,497931,33,2109
495789,497895,497931,36,2106
495789,497891,497931,40,2102
495789,497891,497932,41,2102
495789,497882,497932,50,2093
495789,497887,497933,46,2098
495789,497892,497935,43,2103
495789,497904,497936,32,2115
495789,497907,497936,29,2118
495789,497886,497937,51,2097
495789,497904,497937,33,2115
495789,497904,497938,34,2115
495789,497902,497939,37,2113
495789,497905,497939,34,2116
495789,497885,497940,55,2096
495789,497888,497940,52,2099
495789,497900,497941,41,2111
495789,497908,497942,34,2119
495789,497885,497941,56,2096
495789,497904,497943,39,2115
495789,497903,497945,42,2114
495789,497906,497945,39,2117
495789,497898,497946,48,2109
495789,497902,497947,45,2113
495789,497912,497949,37,2123
495789,497883,497950,67,2094
495789,497913,497952,39,2124
495789,497913,497956,43,2124
495789,497929,497958,29,2140
495789,497912,497960,48,2123
495789,497883,497959,76,2094
495789,497932,497960,28,2143
495789,497909,497961,52,2120
495789,497928,497961,33,2139
495789,497928,497961,33,2139
495789,497915,497961,46,2126
495789,497883,497962,79,2094
495789,497908,497962,54,2119
495789,497901,497963,62,2112
495789,497928,497963,35,2139
495789,497933,497964,31,2144
495789,497930,497964,34,2141
495789,497884,497965,81,2095
495789,497932,497965,33,2143
495789,497912,497965,53,2123
495789,497930,497965,35,2141
495789,497929,497965,36,2140
495789,497909,497966,57,2120
495789,497930,497966,36,2141
495789,497931,497966,35,2142
495789,497920,497966,46,2131
495789,497932,497967,35,2143
495789,497929,497968,39,2140
495789,497928,497967,39,2139
495789,497916,497968,52,2127
495789,497929,497968,39,2140
495789,497885,497969,84,2096
495789,497919,497968,49,2130
495789,497937,497969,32,2148
495789,497911,497970,59,2122
495789,497929,497970,41,2140
495789,497933,497970,37,2144
495789,497933,497971,38,2144
495789,497942,497972,30,2153
495789,497924,497973,49,2135
495789,497910,497972,62,2121
495789,497925,497973,48,2136
495789,497930,497973,43,2141
495789,497885,497974,89,2096
495789,497930,497973,43,2141
495789,497941,497975,34,2152
495789,497939,497975,36,2150
495789,497939,497976,37,2150
495789,497934,497976,42,2145
495789,497885,497977,92,2096
495789,497918,497978,60,2129
495789,497941,497978,37,2152
495789,497942,497978,36,2153
495789,497932,497978,46,2143
495789,497937,497978,41,2148
495789,497937,497979,42,2148
495789,497926,497979,53,2137
495789,497940,497980,40,2151
495789,497944,497980,36,2155
495789,497935,497980,45,2146
495789,497909,497981,72,2120
495850,497962,497982,20,2112
495789,497946,497983,37,2157
495789,497927,497983,56,2138
495789,497946,497983,37,2157
495850,497964,497984,20,2114
495789,497945,497984,39,2156
495850,497963,497985,22,2113
495789,497948,497985,37,2159
495789,497938,497985,47,2149
495789,497925,497986,61,2136
495789,497951,497986,35,2162
495789,497939,497987,48,2150
495850,497963,497987,24,2113
495789,497950,497988,38,2161
495850,497964,497987,23,2114
495850,497963,497989,26,2113
495789,497918,497989,71,2129
495850,497965,497989,24,2115
495850,497965,497991,26,2115
495789,497960,497992,32,2171
495850,497965,497993,28,2115
495789,497957,497993,36,2168
495789,497962,497993,31,2173
495789,497962,497994,32,2173
495850,497965,497996,31,2115
495789,497953,497999,46,2164
495789,497960,497998,38,2171
495789,497961,497999,38,2172
495789,497958,497999,41,2169
495850,497974,498000,26,2124
495850,497973,498004,31,2123
495850,497984,498005,21,2134
495850,497983,498005,22,2133
495850,497985,498006,21,2135
495850,497972,498006,34,2122
495850,497984,498006,22,2134
495850,497976,498007,31,2126
495850,497966,498008,42,2116
495850,497971,498009,38,2121
495850,497971,498008,37,2121
495850,497977,498009,32,2127
495850,497979,498010,31,2129
495850,497974,498010,36,2124
495850,497969,498010,41,2119
495850,497973,498011,38,2123
495850,497983,498012,29,2133
495850,497975,498011,36,2125
495850,497985,498012,27,2135
495850,497986,498013,27,2136
495850,497979,498012,33,2129
495850,497969,498013,44,2119
495850,497979,498013,34,2129
495850,497980,498013,33,2130
495850,497981,498014,33,2131
495850,497977,498015,38,2127
495850,497966,498015,49,2116
495850,497976,498015,39,2126
495850,497978,498015,37,2128
495850,497969,498016,47,2119
495850,497974,498016,42,2124
495850,497973,498016,43,2123
495850,497979,498017,38,2129
495850,497971,498013,42,2121
495850,497980,498011,31,2130
495850,497981,498014,33,2131
495850,497980,498017,37,2130
495850,497971,498017,46,2121
495850,497968,498018,50,2118
495850,497987,498018,31,2137
495850,497988,498021,33,2138
495850,497983,498022,39,2133
495850,497969,498023,54,2119
495850,497988,498024,36,2138
495850,497981,498025,44,2131
495850,497987,498025,38,2137
495850,497988,498026,38,2138
495850,497989,498027,38,2139
495850,497987,498027,40,2137
495850,498005,498035,30,2155
495850,498006,498036,30,2156
495850,497992,498037,45,2142
495850,498005,498038,33,2155
495850,497995,498038,43,2145
495850,498009,498038,29,2159
495850,497966,498039,73,2116
495850,497983,498039,56,2133
495163,497229,498039,810,2066
495850,498008,498039,31,2158
495850,498007,498039,32,2157
495850,498011,498040,29,2161
495850,498007,498041,34,2157
495850,497966,498042,76,2116
495850,498012,498042,30,2162
495850,497966,498042,76,2116
495850,498001,498043,42,2151
495850,498016,498044,28,2166
495850,497999,498045,46,2149
495850,498000,498045,45,2150
495850,498008,498045,37,2158
495850,497992,498045,53,2142
495850,498014,498045,31,2164
495850,498012,498046,34,2162
495850,498011,498046,35,2161
495850,498016,498047,31,2166
495850,497968,498048,80,2118
495850,497999,498048,49,2149
495850,498014,498049,35,2164
495850,498010,498049,39,2160
495850,498016,498050,34,2166
495850,498009,498050,41,2159
495850,498010,498050,40,2160
495850,498017,498051,34,2167
495850,497968,498050,82,2118
495850,498013,498051,38,2163
495850,498018,498052,34,2168
495850,497997,498052,55,2147
495850,498012,498052,40,2162
495850,498016,498053,37,2166
495850,498013,498053,40,2163
495850,497999,498053,54,2149
495850,498027,498055,28,2177
495850,498018,498054,36,2168
495850,498018,498054,36,2168
495850,497994,498055,61,2144
495850,498017,498055,38,2167
495850,498017,498055,38,2167
495850,498013,498056,43,2163
495850,498018,498057,39,2168
495850,498023,498057,34,2173
495850,497990,498057,67,2140
495850,498012,498057,45,2162
495850,498018,498057,39,2168
495850,497967,498058,91,2117
495850,498025,498058,33,2175
495850,498019,498058,39,2169
495850,498017,498059,42,2167
495850,498013,498061,48,2163
495850,497994,498061,67,2144
495922,498042,498062,20,2120
495850,498024,498062,38,2174
495850,498022,498062,40,2172
495922,498044,498063,19,2122
495850,498027,498063,36,2177
495850,498018,498065,47,2168
495850,497994,498065,71,2144
495850,498025,498065,40,2175
495922,498042,498066,24,2120
495850,498019,498066,47,2169
495850,497967,498066,99,2117
495850,498037,498067,30,2187
495850,498025,498067,42,2175
495850,498036,498067,31,2186
495850,498039,498068,29,2189
495922,498042,498068,26,2120
495850,497990,498068,78,2140
495922,498042,498069,27,2120
495922,498043,498069,26,2121
495850,498039,498071,32,2189
495850,498040,498071,31,2190
495922,498045,498073,28,2123
495850,498039,498074,35,2189
495850,498040,498073,33,2190
495850,498039,498074,35,2189
495850,498040,498075,35,2190
495850,498028,498077,49,2178
495922,498046,498078,32,2124
495922,498045,498078,33,2123
495922,498046,498079,33,2124
495850,498039,498080,41,2189
495922,498045,498080,35,2123
495850,498038,498084,46,2188
495922,498060,498085,25,2138
495922,498066,498087,21,2144
495922,498066,498087,21,2144
495922,498055,498088,33,2133
495922,498058,498088,30,2136
495922,498057,498089,32,2135
495922,498067,498088,21,2145
495922,498056,498090,34,2134
495922,498053,498090,37,2131
495922,498053,498088,35,2131
495922,498058,498085,27,2136
495922,498058,498090,32,2136
495922,498057,498091,34,2135
495922,498065,498091,26,2143
495229,497315,498092,777,2086
495922,498051,498092,41,2129
495922,498052,498094,42,2130
495922,498056,498094,38,2134
495922,498058,498094,36,2136
495922,498052,498095,43,2130
495922,498050,498094,44,2128
495922,498058,498095,37,2136
495922,498067,498094,27,2145
495922,498054,498095,41,2132
495922,498062,498095,33,2140
495922,498056,498095,39,2134
495922,498058,498096,38,2136
495922,498055,498096,41,2133
495922,498062,498097,35,2140
495922,498054,498097,43,2132
495922,498068,498097,29,2146
495922,498065,498097,32,2143
495922,498055,498097,42,2133
495922,498057,498098,41,2135
495922,498061,498098,37,2139
495922,498047,498098,51,2125
495922,498067,498101,34,2145
495922,498052,498101,49,2130
495922,498068,498102,34,2146
495922,498062,498102,40,2140
495922,498051,498103,52,2129
495922,498068,498104,36,2146
495922,498063,498104,41,2141
495922,498068,498105,37,2146
495922,498068,498108,40,2146
495922,498070,498107,37,2148
495922,498050,498108,58,2128
495922,498063,498112,49,2141
495922,498063,498112,49,2141
495922,498088,498114,26,2166
495922,498089,498115,26,2167
495922,498049,498115,66,2127
495922,498081,498116,35,2159
495922,498088,498118,30,2166
495922,498081,498118,37,2159
495922,498085,498117,32,2163
495922,498047,498118,71,2125
495922,498050,498119,69,2128
495922,498090,498119,29,2168
495922,498089,498120,31,2167
495922,498088,498121,33,2166
495922,498091,498123,32,2169
495922,498072,498123,51,2150
495922,498095,498124,29,2173
495922,498096,498124,28,2174
495922,498097,498124,27,2175
495922,498070,498125,55,2148
495922,498088,498125,37,2166
495922,498090,498125,35,2168
495922,498080,498125,45,2158
495922,498078,498126,48,2156
495922,498097,498126,29,2175
495922,498095,498127,32,2173
495922,498093,498128,35,2171
495922,498092,498128,36,2170
495922,498091,498127,36,2169
495922,498078,498128,50,2156
495922,498091,498129,38,2169
495922,498048,498130,82,2126
495922,498094,498130,36,2172
495922,498048,498130,82,2126
495922,498085,498131,46,2163
495922,498097,498133,36,2175
495922,498092,498134,42,2170
495922,498098,498134,36,2176
495922,498094,498134,40,2172
495922,498095,498135,40,2173
495922,498095,498134,39,2173
495922,498073,498134,61,2151
495922,498049,498135,86,2127
495922,498104,498137,33,2182
495922,498095,498137,42,2173
495922,498099,498137,38,2177
495922,498095,498139,44,2173
495922,498076,498140,64,2154
495922,498098,498140,42,2176
495922,498091,498141,50,2169
495922,498105,498141,36,2183
495922,498101,498142,41,2179
495922,498099,498142,43,2177
495922,498105,498141,36,2183
495922,498098,498143,45,2176
495922,498091,498143,52,2169
495922,498071,498143,72,2149
495922,498106,498143,37,2184
496001,498122,498145,23,2121
495922,498108,498145,37,2186
495922,498075,498145,70,2153
495922,498074,498145,71,2152
495922,498103,498146,43,2181
495922,498049,498146,97,2127
495922,498109,498146,37,2187
495922,498098,498146,48,2176
495922,498114,498147,33,2192
495922,498103,498147,44,2181
495922,498113,498148,35,2191
495922,498113,498148,35,2191
495922,498108,498148,40,2186
495922,498097,498148,51,2175
495922,498115,498148,33,2193
496001,498123,498148,25,2122
496001,498125,498149,24,2124
496001,498124,498149,25,2123
495922,498118,498150,32,2196
496001,498125,498150,25,2124
495922,498118,498150,32,2196
495922,498117,498152,35,2195
495922,498118,498151,33,2196
495922,498095,498151,56,2173
496001,498125,498152,27,2124
496001,498126,498152,26,2125
496001,498124,498152,28,2123
496001,498125,498153,28,2124
496001,498126,498154,28,2125
495922,498120,498155,35,2198
495922,498116,498155,39,2194
495922,498074,498156,82,2152
495922,498102,498156,54,2180
495922,498119,498157,38,2197
496001,498127,498158,31,2126
495922,498120,498161,41,2198
496001,498140,498168,28,2139
496001,498148,498167,19,2147
495286,497395,498167,772,2109
496001,498148,498169,21,2147
496001,498134,498169,35,2133
496001,498135,498169,34,2134
496001,498138,498170,32,2137
496001,498147,498172,25,2146
496001,498134,498172,38,2133
496001,498135,498172,37,2134
496001,498142,498173,31,2141
496001,498127,498173,46,2126
496001,498142,498167,25,2141
496001,498148,498170,22,2147
496001,498135,498175,40,2134
496001,498135,498174,39,2134
496001,498149,498175,26,2148
496001,498147,498175,28,2146
496001,498134,498176,42,2133
496001,498134,498176,42,2133
496001,498144,498176,32,2143
496001,498140,498176,36,2139
496001,498146,498177,31,2145
496001,498141,498177,36,2140
496001,498144,498178,34,2143
496001,498144,498177,33,2143
496001,498141,498179,38,2140
496001,498140,498180,40,2139
496001,498137,498180,43,2136
496001,498145,498180,35,2144
496001,498145,498180,35,2144
496001,498149,498181,32,2148
496001,498145,498181,36,2144
496001,498149,498181,32,2148
496001,498131,498182,51,2130
496001,498131,498182,51,2130
496001,498143,498183,40,2142
496001,498142,498184,42,2141
496001,498137,498184,47,2136
496001,498150,498183,33,2149
496001,498146,498183,37,2145
496001,498149,498184,35,2148
496001,498146,498185,39,2145
496001,498152,498187,35,2151
496001,498152,498187,35,2151
496001,498131,498187,56,2130
496001,498152,498188,36,2151
496001,498157,498188,31,2156
496001,498159,498190,31,2158
496001,498151,498189,38,2150
496001,498152,498191,39,2151
496001,498146,498191,45,2145
496001,498150,498191,41,2149
496001,498130,498193,63,2129
496001,498161,498194,33,2160
496001,498147,498197,50,2146
496001,498156,498197,41,2155
496001,498170,498199,29,2169
496001,498170,498198,28,2169
496001,498151,498198,47,2150
496001,498171,498199,28,2170
496001,498173,498200,27,2172
496001,498168,498200,32,2167
496001,498169,498200,31,2168
496001,498168,498202,34,2167
496001,498128,498203,75,2127
496001,498168,498204,36,2167
496001,498177,498204,27,2176
496001,498173,498203,30,2172
496001,498173,498203,30,2172
496001,498156,498203,47,2155
496001,498153,498204,51,2152
496001,498129,498206,77,2128
496001,498152,498207,55,2151
496001,498178,498207,29,2177
496001,498177,498208,31,2176
496001,498155,498208,53,2154
496001,498128,498208,80,2127
496001,498127,498209,82,2126
496001,498173,498209,36,2172
496001,498177,498210,33,2176
496001,498128,498210,82,2127
496001,498175,498210,35,2174
496001,498175,498211,36,2174
496001,498175,498212,37,2174
496001,498177,498211,34,2176
496001,498129,498211,82,2128
496001,498176,498212,36,2175
496001,498175,498214,39,2174
496001,498180,498213,33,2179
496001,498181,498214,33,2180
496001,498178,498215,37,2177
496001,498183,498214,31,2182
496001,498177,498215,38,2176
496001,498176,498216,40,2175
496001,498182,498216,34,2181
496001,498182,498218,36,2181
496001,498180,498218,38,2179
496001,498181,498219,38,2180
496070,498200,498220,20,2130
496070,498201,498220,19,2131
496001,498181,498220,39,2180
496001,498183,498220,37,2182
496001,498192,498220,28,2191
496001,498184,498221,37,2183
496070,498200,498221,21,2130
496001,498184,498221,37,2183
496001,498185,498222,37,2184
496001,498193,498223,30,2192
496001,498188,498223,35,2187
496001,498187,498224,37,2186
496001,498190,498225,35,2189
496001,498188,498225,37,2187
496001,498186,498226,40,2185
496001,498195,498227,32,2194
496001,498175,498227,52,2174
496001,498176,498227,51,2175
496070,498201,498228,27,2131
496001,498198,498227,29,2197
496001,498175,498228,53,2174
496001,498184,498227,43,2183
496001,498154,498228,74,2153
496001,498191,498228,37,2190
496001,498189,498229,40,2188
496070,498202,498228,26,2132
496070,498204,498228,24,2134
496001,498184,498230,46,2183
496001,498190,498230,40,2189
496001,498199,498230,31,2198
496070,498204,498230,26,2134
496070,498204,498230,26,2134
496070,498204,498231,27,2134
496001,498197,498231,34,2196
496001,498192,498233,41,2191
496070,498204,498233,29,2134
496001,498189,498233,44,2188
496001,498184,498236,52,2183
496001,498199,498237,38,2198
496070,498204,498238,34,2134
496001,498154,498239,85,2153
496001,498181,498242,61,2180
495378,497473,498243,770,2095
496070,498215,498245,30,2145
496070,498228,498248,20,2158
496070,498221,498249,28,2151
496070,498212,498249,37,2142
496070,498215,498250,35,2145
496070,498214,498251,37,2144
496070,498205,498251,46,2135
496070,498218,498252,34,2148
496070,498220,498252,32,2150
496070,498220,498253,33,2150
496070,498221,498253,32,2151
496070,498212,498253,41,2142
496070,498212,498254,42,2142
496070,498215,498254,39,2145
496070,498214,498254,40,2144
496070,498210,498255,45,2140
496070,498221,498254,33,2151
496070,498212,498255,43,2142
496070,498209,498255,46,2139
496070,498228,498256,28,2158
496070,498214,498256,42,2144
496070,498216,498256,40,2146
496070,498221,498255,34,2151
496070,498223,498256,33,2153
496070,498221,498257,36,2151
496070,498228,498257,29,2158
496070,498218,498257,39,2148
496070,498220,498257,37,2150
496070,498229,498258,29,2159
496070,498212,498259,47,2142
496070,498228,498258,30,2158
496070,498223,498260,37,2153
496070,498228,498259,31,2158
496070,498217,498260,43,2147
496070,498211,498260,49,2141
496070,498227,498261,34,2157
496070,498221,498263,42,2151
496070,498225,498263,38,2155
496070,498238,498263,25,2168
496070,498230,498263,33,2160
496070,498231,498263,32,2161
496070,498225,498264,39,2155
496070,498231,498264,33,2161
496070,498228,498265,37,2158
496070,498231,498266,35,2161
496070,498231,498266,35,2161
496070,498229,498266,37,2159
496070,498229,498267,38,2159
496070,498236,498267,31,2166
496070,498226,498267,41,2156
496070,498210,498269,59,2140
496070,498233,498269,36,2163
496070,498209,498269,60,2139
496070,498240,498270,30,2170
496070,498239,498271,32,2169
496070,498209,498270,61,2139
496070,498232,498270,38,2162
496070,498232,498271,39,2162
496070,498224,498271,47,2154
496070,498243,498274,31,2173
496070,498233,498274,41,2163
496070,498229,498275,46,2159
496070,498252,498276,24,2182
496070,498242,498276,34,2172
496070,498254,498276,22,2184
496070,498246,498277,31,2176
496070,498229,498277,48,2159
496070,498251,498277,26,2181
496070,498226,498277,51,2156
496070,498249,498278,29,2179
496070,498250,498278,28,2180
496070,498233,498279,46,2163
496070,498254,498280,26,2184
496070,498252,498281,29,2182
496070,498206,498281,75,2136
496070,498254,498282,28,2184
496070,498249,498282,33,2179
496070,498255,498283,28,2185
496070,498254,498286,32,2184
496070,498207,498286,79,2137
496070,498254,498286,32,2184
496070,498256,498287,31,2186
496070,498257,498287,30,2187
496070,498258,498287,29,2188
496070,498257,498287,30,2187
496070,498257,498288,31,2187
496070,498208,498289,81,2138
496070,498255,498288,33,2185
496070,498256,498290,34,2186
496070,498256,498291,35,2186
496092,498274,498292,18,2182
496070,498258,498292,34,2188
496070,498258,498293,35,2188
496070,498260,498294,34,2190
496070,498268,498295,27,2198
496070,498256,498296,40,2186
496070,498209,498297,88,2139
496070,498270,498296,26,2200
496070,498260,498297,37,2190
496070,498271,498297,26,2201
496070,498259,498298,39,2189
496092,498275,498299,24,2183
496070,498208,498299,91,2138
496070,498267,498298,31,2197
496070,498260,498300,40,2190
496070,498268,498299,31,2198
496070,498259,498300,41,2189
496070,498271,498301,30,2201
496092,498276,498301,25,2184
496092,498276,498301,25,2184
496070,498270,498302,32,2200
496070,498271,498301,30,2201
496070,498262,498302,40,2192
496070,498264,498303,39,2194
496070,498255,498303,48,2185
496070,498267,498304,37,2197
496070,498264,498304,40,2194
496070,498270,498303,33,2200
496070,498271,498304,33,2201
496092,498278,498304,26,2186
496070,498272,498305,33,2202
496070,498263,498304,41,2193
496092,498278,498305,27,2186
496092,498278,498305,27,2186
496070,498261,498306,45,2191
496070,498255,498306,51,2185
496070,498259,498306,47,2189
496070,498255,498307,52,2185
496092,498277,498307,30,2185
496092,498276,498307,31,2184
496070,498264,498308,44,2194
496092,498278,498307,29,2186
496070,498264,498308,44,2194
496070,498266,498310,44,2196
496070,498267,498311,44,2197
496070,498268,498311,43,2198
496070,498258,498313,55,2188
496070,498265,498312,47,2195
496092,498278,498318,40,2186
496070,498264,498321,57,2194
496092,498289,498322,33,2197
496092,498292,498323,31,2200
496092,498292,498323,31,2200
495452,497550,498324,774,2098
496092,498289,498326,37,2197
496092,498279,498328,49,2187
496092,498292,498328,36,2200
496092,498293,498328,35,2201
496092,498289,498328,39,2197
496092,498299,498328,29,2207
496092,498288,498329,41,2196
496092,498288,498328,40,2196
496092,498295,498329,34,2203
496092,498290,498330,40,2198
496092,498304,498330,26,2212
496092,498304,498330,26,2212
496092,498301,498331,30,2209
496092,498297,498330,33,2205
496092,498296,498332,36,2204
496092,498286,498332,46,2194
496092,498296,498333,37,2204
496092,498303,498334,31,2211
496092,498304,498334,30,2212
496092,498297,498334,37,2205
496092,498301,498334,33,2209
496092,498304,498334,30,2212
496092,498297,498335,38,2205
496092,498301,498335,34,2209
496092,498288,498335,47,2196
496092,498299,498335,36,2207
496092,498300,498336,36,2208
496092,498288,498336,48,2196
496092,498301,498336,35,2209
496092,498304,498336,32,2212
496092,498286,498337,51,2194
496092,498297,498337,40,2205
496092,498299,498337,38,2207
496092,498307,498338,31,2215
496092,498299,498339,40,2207
496092,498307,498339,32,2215
496092,498307,498339,32,2215
496092,498300,498339,39,2208
496092,498307,498339,32,2215
496092,498313,498340,27,2221
496092,498305,498340,35,2213
496092,498283,498341,58,2191
496092,498308,498341,33,2216
496092,498287,498341,54,2195
496092,498302,498342,40,2210
496092,498312,498343,31,2220
496092,498305,498344,39,2213
496092,498309,498343,34,2217
496092,498308,498345,37,2216
496092,498311,498345,34,2219
496092,498283,498346,63,2191
496092,498321,498346,25,2229
496092,498313,498347,34,2221
496092,498307,498347,40,2215
496092,498305,498348,43,2213
496092,498307,498349,42,2215
496092,498329,498349,20,2237
496092,498306,498351,45,2214
496092,498327,498352,25,2235
496092,498319,498353,34,2227
496092,498280,498353,73,2188
496092,498322,498354,32,2230
496092,498324,498353,29,2232
496092,498329,498354,25,2237
496092,498325,498356,31,2233
496092,498329,498357,28,2237
496092,498329,498357,28,2237
496092,498328,498357,29,2236
496092,498331,498358,27,2239
496092,498323,498358,35,2231
496092,498328,498359,31,2236
496092,498329,498359,30,2237
496092,498330,498359,29,2238
496092,498311,498360,49,2219
496092,498333,498361,28,2241
496092,498281,498361,80,2189
496092,498331,498361,30,2239
496092,498335,498362,27,2243
496092,498334,498363,29,2242
496092,498331,498364,33,2239
496092,498331,498364,33,2239
496092,498334,498364,30,2242
496092,498282,498364,82,2190
496092,498282,498365,83,2190
496092,498302,498366,64,2210
496092,498332,498366,34,2240
496092,498333,498367,34,2241
496092,498335,498368,33,2243
496092,498306,498368,62,2214
496092,498341,498369,28,2249
496092,498340,498369,29,2248
496092,498334,498369,35,2242
496092,498336,498370,34,2244
496092,498345,498370,25,2253
496092,498345,498370,25,2253
496092,498348,498370,22,2256
496155,498352,498371,19,2197
496092,498282,498371,89,2190
496092,498337,498372,35,2245
496092,498339,498373,34,2247
496092,498302,498374,72,2210
496092,498336,498373,37,2244
496092,498337,498374,37,2245
496155,498353,498374,21,2198
496155,498350,498374,24,2195
496092,498337,498376,39,2245
496092,498344,498376,32,2252
496155,498353,498376,23,2198
496092,498342,498375,33,2250
496092,498340,498377,37,2248
496092,498337,498377,40,2245
496092,498346,498376,30,2254
496092,498344,498377,33,2252
496092,498336,498377,41,2244
496092,498337,498377,40,2245
496092,498341,498378,37,2249
496092,498337,498378,41,2245
496155,498354,498379,25,2199
496092,498348,498379,31,2256
496092,498342,498379,37,2250
496155,498354,498380,26,2199
496092,498344,498380,36,2252
496155,498357,498380,23,2202
496092,498331,498381,50,2239
496092,498343,498381,38,2251
496092,498342,498381,39,2250
496092,498349,498382,33,2257
496092,498347,498382,35,2255
496092,498339,498383,44,2247
496155,498354,498384,30,2199
496155,498355,498387,32,2200
496155,498357,498388,31,2202
496092,498339,498389,50,2247
496092,498339,498390,51,2247
496155,498357,498392,35,2202
496092,498336,498392,56,2244
495538,497632,498396,764,2094
496155,498365,498399,34,2210
496155,498368,498400,32,2213
496155,498371,498400,29,2216
496155,498364,498402,38,2209
496092,498336,498402,66,2244
496155,498370,498403,33,2215
496155,498381,498403,22,2226
496155,498370,498403,33,2215
496155,498364,498405,41,2209
496155,498368,498405,37,2213
496155,498383,498406,23,2228
496155,498384,498407,23,2229
496155,498364,498407,43,2209
496155,498362,498407,45,2207
496155,498370,498408,38,2215
496155,498374,498408,34,2219
496155,498369,498408,39,2214
496155,498375,498408,33,2220
496155,498378,498409,31,2223
496155,498372,498409,37,2217
496155,498374,498408,34,2219
496155,498381,498409,28,2226
496155,498376,498409,33,2221
496155,498358,498409,51,2203
496155,498367,498409,42,2212
496155,498371,498410,39,2216
496155,498362,498411,49,2207
496155,498365,498410,45,2210
496155,498381,498411,30,2226
496155,498381,498410,29,2226
496155,498373,498412,39,2218
496155,498372,498412,40,2217
496155,498378,498412,34,2223
496155,498390,498413,23,2235
496155,498370,498413,43,2215
496155,498366,498413,47,2211
496155,498376,498413,37,2221
496155,498383,498414,31,2228
496155,498380,498414,34,2225
496155,498378,498414,36,2223
496155,498369,498414,45,2214
496155,498378,498414,36,2223
496155,498380,498415,35,2225
496155,498377,498415,38,2222
496155,498375,498415,40,2220
496155,498375,498416,41,2220
496155,498378,498415,37,2223
496155,498376,498417,41,2221
496155,498392,498417,25,2237
496155,498392,498417,25,2237
496155,498373,498417,44,2218
496155,498383,498418,35,2228
496155,498363,498418,55,2208
496155,498379,498419,40,2224
496155,498379,498421,42,2224
496155,498363,498420,57,2208
496155,498390,498420,30,2235
496155,498389,498423,34,2234
496155,498388,498423,35,2233
496155,498361,498423,62,2206
496155,498397,498426,29,2242
496155,498377,498427,50,2222
496155,498403,498427,24,2248
496155,498406,498427,21,2251
496155,498406,498428,22,2251
496155,498404,498428,24,2249
496155,498400,498428,28,2245
496155,498380,498429,49,2225
496155,498407,498430,23,2252
496155,498408,498430,22,2253
496155,498403,498431,28,2248
496155,498404,498433,29,2249
496155,498401,498433,32,2246
496155,498362,498433,71,2207
496155,498408,498434,26,2253
496155,498410,498435,25,2255
496155,498403,498436,33,2248
496155,498376,498436,60,2221
496155,498401,498435,34,2246
496155,498408,498437,29,2253
496155,498409,498438,29,2254
496155,498360,498439,79,2205
496155,498409,498439,30,2254
496155,498408,498440,32,2253
496155,498410,498441,31,2255
496155,498359,498441,82,2204
496155,498409,498443,34,2254
496155,498414,498444,30,2259
496155,498411,498443,32,2256
496155,498408,498444,36,2253
496155,498409,498444,35,2254
496155,498413,498445,32,2258
496155,498358,498445,87,2203
496155,498409,498445,36,2254
496155,498377,498447,70,2222
496155,498414,498446,32,2259
496155,498418,498447,29,2263
496223,498428,498447,19,2205
496223,498428,498448,20,2205
496155,498360,498447,87,2205
496223,498426,498448,22,2203
496155,498409,498448,39,2254
496155,498417,498449,32,2262
496155,498418,498449,31,2263
496155,498419,498449,30,2264
496155,498411,498449,38,2256
496155,498360,498449,89,2205
496155,498410,498449,39,2255
496155,498412,498450,38,2257
496155,498416,498449,33,2261
496155,498421,498449,28,2266
496155,498419,498450,31,2264
496155,498413,498450,37,2258
496155,498421,498451,30,2266
496155,498423,498450,27,2268
496223,498430,498451,21,2207
496155,498412,498453,41,2257
496155,498424,498452,28,2269
496155,498415,498452,37,2260
496155,498411,498453,42,2256
496155,498416,498454,38,2261
496223,498428,498454,26,2205
496223,498428,498454,26,2205
496155,498415,498454,39,2260
496155,498415,498454,39,2260
496155,498416,498454,38,2261
496223,498429,498454,25,2206
496155,498421,498455,34,2266
496155,498416,498457,41,2261
496223,498430,498459,29,2207
496155,498415,498459,44,2260
496155,498418,498459,41,2263
496155,498414,498459,45,2259
496223,498431,498460,29,2208
496155,498417,498460,43,2262
496155,498411,498460,49,2256
496223,498430,498462,32,2207
496155,498415,498463,48,2260
496223,498429,498462,33,2206
496155,498411,498469,58,2256
496155,498415,498469,54,2260
496223,498433,498472,39,2210
496223,498456,498478,22,2233
496223,498448,498478,30,2225
496223,498442,498479,37,2219
496223,498446,498479,33,2223
496223,498445,498478,33,2222
496223,498455,498476,21,2232
496223,498459,498480,21,2236
496223,498436,498480,44,2213
496223,498445,498481,36,2222
496223,498440,498480,40,2217
496223,498448,498481,33,2225
496223,498441,498481,40,2218
496223,498455,498481,26,2232
496223,498450,498481,31,2227
496223,498459,498481,22,2236
496223,498460,498481,21,2237
496223,498450,498482,32,2227
496223,498450,498483,33,2227
496223,498447,498483,36,2224
496223,498444,498483,39,2221
496223,498449,498483,34,2226
496223,498449,498484,35,2226
496223,498450,498484,34,2227
496223,498449,498484,35,2226
496223,498460,498484,24,2237
496223,498457,498484,27,2234
496223,498447,498485,38,2224
496223,498463,498485,22,2240
496223,498463,498485,22,2240
496223,498445,498485,40,2222
496223,498454,498486,32,2231
496223,498448,498485,37,2225
496223,498451,498486,35,2228
496223,498448,498486,38,2225
496223,498454,498487,33,2231
496223,498453,498487,34,2230
496223,498439,498487,48,2216
496223,498445,498487,42,2222
496223,498449,498487,38,2226
496223,498444,498487,43,2221
496223,498450,498487,37,2227
496223,498462,498488,26,2239
496223,498452,498489,37,2229
496223,498450,498488,38,2227
496223,498436,498489,53,2213
496223,498472,498489,17,2249
496223,498444,498490,46,2221
496223,498449,498489,40,2226
496223,498469,498492,23,2246
496223,498459,498492,33,2236
496223,498450,498493,43,2227
496223,498461,498493,32,2238
496223,498453,498493,40,2230
496223,498461,498494,33,2238
496223,498453,498495,42,2230
495613,497713,498496,783,2100
496223,498454,498497,43,2231
496223,498441,498498,57,2218
496223,498454,498500,46,2231
496223,498480,498499,19,2257
496223,498439,498500,61,2216
496223,498480,498501,21,2257
496223,498436,498502,66,2213
496223,498478,498502,24,2255
496223,498453,498502,49,2230
496223,498481,498501,20,2258
496223,498454,498502,48,2231
496223,498480,498502,22,2257
496223,498451,498502,51,2228
496223,498481,498503,22,2258
496223,498481,498503,22,2258
496223,498480,498504,24,2257
496223,498480,498503,23,2257
496223,498480,498504,24,2257
496223,498481,498505,24,2258
496223,498481,498505,24,2258
496223,498481,498507,26,2258
496223,498481,498507,26,2258
496223,498479,498509,30,2256
496223,498438,498510,72,2215
496223,498435,498512,77,2212
496223,498482,498514,32,2259
496223,498486,498515,29,2263
496223,498486,498515,29,2263
496223,498451,498515,64,2228
496223,498482,498516,34,2259
496223,498484,498516,32,2261
496223,498482,498516,34,2259
496223,498433,498516,83,2210
496223,498489,498517,28,2266
496223,498434,498517,83,2211
496223,498484,498519,35,2261
496223,498485,498518,33,2262
496223,498433,498519,86,2210
496223,498486,498519,33,2263
496223,498484,498519,35,2261
496223,498483,498521,38,2260
496281,498500,498520,20,2219
496223,498495,498522,27,2272
496223,498487,498522,35,2264
496223,498489,498522,33,2266
496223,498494,498521,27,2271
496281,498501,498522,21,2220
496223,498488,498523,35,2265
496281,498502,498522,20,2221
496223,498487,498522,35,2264
496223,498489,498523,34,2266
496223,498497,498524,27,2274
496223,498485,498524,39,2262
496281,498502,498524,22,2221
496223,498485,498525,40,2262
496281,498502,498524,22,2221
496223,498494,498525,31,2271
496223,498490,498524,34,2267
496223,498483,498525,42,2260
496223,498497,498524,27,2274
496281,498502,498525,23,2221
496223,498488,498525,37,2265
496223,498487,498526,39,2264
496223,498490,498526,36,2267
496223,498485,498527,42,2262
496223,498490,498526,36,2267
496281,498503,498527,24,2222
496223,498488,498527,39,2265
496223,498488,498528,40,2265
496223,498495,498528,33,2272
496223,498490,498529,39,2267
496223,498494,498528,34,2271
496223,498483,498529,46,2260
496223,498492,498529,37,2269
496223,498493,498530,37,2270
496281,498503,498531,28,2222
496281,498502,498531,29,2221
496223,498499,498534,35,2276
496223,498488,498535,47,2265
496281,498503,498535,32,2222
496281,498503,498536,33,2222
496223,498485,498535,50,2262
496223,498486,498541,55,2263
496223,498488,498542,54,2265
496281,498530,498547,17,2249
496281,498529,498549,20,2248
496281,498508,498550,42,2227
496281,498529,498550,21,2248
496281,498531,498551,20,2250
496281,498519,498552,33,2238
496281,498515,498552,37,2234
496281,498517,498552,35,2236
496281,498536,498552,16,2255
496281,498524,498553,29,2243
496281,498530,498554,24,2249
496281,498523,498554,31,2242
496281,498519,498554,35,2238
496281,498522,498554,32,2241
496281,498517,498554,37,2236
496281,498524,498555,31,2243
496281,498532,498554,22,2251
496281,498531,498554,23,2250
496281,498525,498555,30,2244
496281,498529,498555,26,2248
495653,497794,498555,761,2141
496281,498528,498556,28,2247
496281,498527,498556,29,2246
496281,498536,498556,20,2255
496281,498509,498557,48,2228
496281,498519,498557,38,2238
496281,498534,498557,23,2253
496281,498518,498558,40,2237
496281,498504,498557,53,2223
496281,498542,498558,16,2261
496281,498521,498559,38,2240
496281,498521,498558,37,2240
496281,498515,498559,44,2234
496281,498525,498559,34,2244
496281,498520,498560,40,2239
496281,498522,498560,38,2241
496281,498518,498560,42,2237
496281,498523,498560,37,2242
496281,498523,498561,38,2242
496281,498516,498561,45,2235
496281,498522,498561,39,2241
496281,498522,498560,38,2241
496281,498542,498561,19,2261
496281,498517,498561,44,2236
496281,498536,498561,25,2255
496281,498525,498562,37,2244
496281,498508,498562,54,2227
496281,498525,498561,36,2244
496281,498524,498562,38,2243
496281,498519,498562,43,2238
496281,498527,498563,36,2246
496281,498515,498563,48,2234
496281,498524,498563,39,2243
496281,498535,498564,29,2254
496281,498506,498564,58,2225
496281,498513,498566,53,2232
496281,498523,498566,43,2242
496281,498516,498567,51,2235
496281,498527,498566,39,2246
496281,498554,498570,16,2273
496281,498548,498570,22,2267
496281,498511,498571,60,2230
496281,498553,498572,19,2272
496281,498525,498572,47,2244
496281,498553,498572,19,2272
496281,498525,498573,48,2244
496281,498551,498574,23,2270
496281,498554,498574,20,2273
496281,498527,498575,48,2246
496281,498527,498575,48,2246
496281,498526,498575,49,2245
496281,498549,498575,26,2268
496281,498552,498575,23,2271
496281,498526,498576,50,2245
496281,498555,498575,20,2274
496281,498551,498577,26,2270
496281,498554,498576,22,2273
496281,498553,498578,25,2272
496281,498504,498577,73,2223
496281,498553,498578,25,2272
496281,498551,498579,28,2270
496281,498527,498580,53,2246
496281,498554,498581,27,2273
496281,498504,498582,78,2223
496281,498555,498582,27,2274
496281,498555,498583,28,2274
496281,498555,498583,28,2274
496362,498572,498587,15,2210
496281,498506,498587,81,2225
496281,498557,498588,31,2276
496281,498560,498588,28,2279
496362,498571,498588,17,2209
496281,498504,498589,85,2223
496281,498557,498589,32,2276
496281,498564,498590,26,2283
496362,498571,498590,19,2209
496281,498558,498590,32,2277
496281,498561,498591,30,2280
496362,498573,498592,19,2211
496281,498556,498592,36,2275
496281,498559,498592,33,2278
496281,498560,498593,33,2279
496281,498558,498592,34,2277
496362,498573,498593,20,2211
496281,498563,498593,30,2282
496362,498572,498593,21,2210
496281,498566,498594,28,2285
496281,498560,498594,34,2279
496281,498557,498593,36,2276
496281,498560,498594,34,2279
496281,498562,498594,32,2281
496281,498561,498594,33,2280
496281,498561,498594,33,2280
496362,498575,498595,20,2213
496281,498556,498595,39,2275
496281,498556,498594,38,2275
496281,498567,498595,28,2286
496362,498575,498595,20,2213
496281,498561,498596,35,2280
496281,498561,498596,35,2280
496281,498564,498596,32,2283
496281,498563,498596,33,2282
496281,498558,498597,39,2277
496281,498562,498597,35,2281
496362,498576,498597,21,2214
496281,498558,498598,40,2277
496281,498556,498598,42,2275
496281,498559,498598,39,2278
496281,498567,498599,32,2286
496281,498563,498599,36,2282
496281,498562,498600,38,2281
496281,498564,498599,35,2283
496281,498562,498601,39,2281
496281,498566,498601,35,2285
496281,498561,498602,41,2280
496281,498565,498601,36,2284
496281,498559,498603,44,2278
496281,498561,498604,43,2280
496362,498576,498604,28,2214
496281,498561,498613,52,2280
496362,498599,498614,15,2237
496362,498598,498614,16,2236
496362,498600,498615,15,2238
496362,498602,498616,14,2240
496362,498583,498617,34,2221
496362,498602,498617,15,2240
496362,498604,498617,13,2242
496362,498600,498617,17,2238
496362,498576,498617,41,2214
496362,498595,498618,23,2233
496362,498582,498618,36,2220
496362,498598,498618,20,2236
496362,498598,498618,20,2236
496362,498592,498619,27,2230
496362,498598,498619,21,2236
496362,498602,498620,18,2240
496362,498591,498621,30,2229
496362,498604,498620,16,2242
496362,498599,498620,21,2237
496362,498598,498621,23,2236
496362,498596,498622,26,2234
496362,498584,498622,38,2222
496362,498590,498622,32,2228
496362,498603,498622,19,2241
496362,498588,498622,34,2226
496362,498598,498622,24,2236
496362,498595,498622,27,2233
496362,498592,498624,32,2230
496362,498596,498625,29,2234
496362,498594,498625,31,2232
496362,498589,498626,37,2227
496362,498593,498626,33,2231
496362,498580,498626,46,2218
496362,498579,498627,48,2217
496362,498602,498627,25,2240
496362,498589,498627,38,2227
496362,498594,498626,32,2232
496362,498580,498627,47,2218
496362,498614,498627,13,2252
496362,498583,498628,45,2221
496362,498593,498629,36,2231
496362,498594,498629,35,2232
496362,498614,498629,15,2252
496362,498576,498629,53,2214
496362,498615,498629,14,2253
496362,498590,498630,40,2228
496362,498591,498630,39,2229
496362,498594,498631,37,2232
496362,498618,498630,12,2256
496362,498578,498632,54,2216
496362,498588,498632,44,2226
496362,498594,498632,38,2232
496362,498618,498632,14,2256
496362,498593,498632,39,2231
496362,498618,498633,15,2256
496362,498616,498633,17,2254
496362,498619,498633,14,2257
496362,498593,498633,40,2231
496362,498581,498634,53,2219
496362,498587,498633,46,2225
496362,498619,498634,15,2257
496362,498578,498633,55,2216
496362,498594,498634,40,2232
496362,498619,498635,16,2257
496362,498591,498635,44,2229
496362,498595,498635,40,2233
496362,498617,498635,18,2255
496362,498593,498634,41,2231
496362,498595,498634,39,2233
496362,498617,498635,18,2255
496362,498577,498636,59,2215
496362,498620,498636,16,2258
496362,498618,498637,19,2256
496362,498619,498638,19,2257
496362,498618,498638,20,2256
496362,498577,498638,61,2215
496362,498622,498642,20,2260
496362,498597,498643,46,2235
496362,498595,498644,49,2233
496362,498620,498645,25,2258
496362,498621,498645,24,2259
496362,498597,498646,49,2235
496362,498621,498646,25,2259
496362,498621,498646,25,2259
496362,498596,498649,53,2234
496362,498622,498650,28,2260
496362,498623,498650,27,2261
496402,498634,498649,15,2232
496362,498627,498650,23,2265
496402,498634,498651,17,2232
496362,498623,498652,29,2261
496362,498623,498652,29,2261
496362,498634,498653,19,2272
496402,498635,498653,18,2233
496362,498622,498653,31,2260
496362,498628,498653,25,2266
496362,498628,498653,25,2266
496362,498576,498654,78,2214
496362,498634,498654,20,2272
496402,498635,498654,19,2233
496402,498636,498655,19,2234
496402,498635,498655,20,2233
496362,498633,498655,22,2271
496362,498629,498657,28,2267
496362,498632,498656,24,2270
496402,498636,498656,20,2234
496362,498633,498657,24,2271
496362,498597,498657,60,2235
496362,498626,498658,32,2264
496362,498627,498658,31,2265
496362,498629,498659,30,2267
496362,498633,498658,25,2271
496362,498633,498658,25,2271
496362,498622,498659,37,2260
496362,498576,498659,83,2214
496362,498630,498659,29,2268
496362,498633,498659,26,2271
496402,498637,498660,23,2235
496362,498630,498660,30,2268
496362,498627,498660,33,2265
496362,498630,498660,30,2268
496362,498576,498661,85,2214
496402,498635,498661,26,2233
496362,498628,498661,33,2266
496362,498631,498661,30,2269
496362,498633,498661,28,2271
496362,498627,498661,34,2265
496362,498628,498662,34,2266
496362,498632,498662,30,2270
496362,498626,498662,36,2264
496362,498631,498661,30,2269
496362,498627,498661,34,2265
496362,498632,498662,30,2270
496362,498631,498663,32,2269
496362,498624,498664,40,2262
496402,498635,498664,29,2233
496402,498637,498664,27,2235
496362,498596,498665,69,2234
496362,498629,498667,38,2267
496362,498629,498667,38,2267
496362,498626,498670,44,2264
496402,498662,498676,14,2260
496402,498663,498676,13,2261
496402,498664,498676,12,2262
496402,498662,498678,16,2260
496402,498662,498678,16,2260
496402,498662,498680,18,2260
496402,498662,498680,18,2260
496402,498667,498681,14,2265
496402,498664,498682,18,2262
496402,498666,498683,17,2264
496402,498662,498683,21,2260
496402,498665,498683,18,2263
496402,498662,498684,22,2260
496402,498654,498684,30,2252
496402,498657,498685,28,2255
496402,498652,498686,34,2250
496402,498652,498686,34,2250
496402,498654,498686,32,2252
496402,498651,498686,35,2249
496402,498660,498687,27,2258
496402,498662,498687,25,2260
496402,498660,498689,29,2258
496402,498638,498689,51,2236
496402,498654,498686,32,2252
496402,498661,498682,21,2259
496402,498668,498683,15,2266
496402,498671,498682,11,2269
496402,498677,498689,12,2275
496402,498653,498689,36,2251
496402,498650,498690,40,2248
496402,498665,498690,25,2263
496402,498659,498691,32,2257
496402,498646,498691,45,2244
496402,498651,498691,40,2249
496402,498654,498691,37,2252
496402,498654,498691,37,2252
496402,498657,498692,35,2255
496402,498677,498691,14,2275
496402,498655,498691,36,2253
496402,498647,498691,44,2245
496402,498658,498692,34,2256
496402,498661,498692,31,2259
496402,498646,498693,47,2244
496402,498655,498693,38,2253
496402,498654,498694,40,2252
496402,498655,498694,39,2253
496402,498645,498694,49,2243
496402,498650,498695,45,2248
496402,498681,498694,13,2279
496402,498659,498694,35,2257
496402,498653,498695,42,2251
496402,498657,498695,38,2255
496402,498660,498695,35,2258
496402,498681,498696,15,2279
496402,498650,498696,46,2248
496402,498677,498696,19,2275
496402,498679,498696,17,2277
496402,498685,498696,11,2283
496402,498684,498696,12,2282
496402,498646,498696,50,2244
496402,498658,498697,39,2256
496402,498660,498698,38,2258
496402,498661,498698,37,2259
496402,498659,498698,39,2257
496402,498650,498698,48,2248
496402,498682,498699,17,2280
496402,498683,498699,16,2281
496402,498682,498701,19,2280
496402,498658,498701,43,2256
496402,498685,498701,16,2283
496402,498647,498701,54,2245
496402,498659,498701,42,2257
496402,498684,498702,18,2282
496402,498661,498702,41,2259
496402,498690,498703,13,2288
496402,498686,498704,18,2284
496402,498660,498705,45,2258
496402,498643,498705,62,2241
495731,497878,498706,828,2147
496402,498644,498706,62,2242
496402,498687,498707,20,2285
496402,498639,498707,68,2237
496402,498659,498708,49,2257
496402,498687,498708,21,2285
496402,498661,498710,49,2259
496402,498687,498710,23,2285
496402,498687,498710,23,2285
496402,498687,498710,23,2285
496482,498698,498713,15,2216
496402,498691,498713,22,2289
496402,498639,498714,75,2237
496402,498692,498714,22,2290
496482,498698,498715,17,2216
495792,497962,498715,753,2170
496402,498688,498716,28,2286
496402,498691,498716,25,2289
496402,498694,498717,23,2292
496402,498690,498717,27,2288
496402,498692,498718,26,2290
496482,498698,498718,20,2216
496402,498697,498717,20,2295
496402,498695,498718,23,2293
496402,498693,498719,26,2291
496402,498697,498719,22,2295
496402,498691,498720,29,2289
496402,498696,498719,23,2294
496402,498691,498719,28,2289
496482,498700,498719,19,2218
496402,498691,498719,28,2289
496402,498695,498720,25,2293
496482,498699,498720,21,2217
496482,498700,498720,20,2218
496402,498692,498720,28,2290
496402,498639,498721,82,2237
496482,498701,498721,20,2219
496402,498693,498722,29,2291
496402,498690,498721,31,2288
496402,498697,498722,25,2295
496402,498697,498722,25,2295
496482,498701,498721,20,2219
496402,498695,498722,27,2293
496402,498696,498722,26,2294
496482,498701,498722,21,2219
496402,498695,498723,28,2293
496402,498696,498723,27,2294
496402,498696,498724,28,2294
496402,498695,498723,28,2293
496402,498690,498724,34,2288
496402,498690,498724,34,2288
496402,498692,498724,32,2290
496482,498702,498725,23,2220
496482,498701,498725,24,2219
496402,498691,498725,34,2289
496402,498695,498725,30,2293
496402,498693,498727,34,2291
496402,498690,498727,37,2288
496402,498690,498727,37,2288
496402,498689,498727,38,2287
496402,498691,498727,36,2289
496402,498695,498727,32,2293
496402,498690,498728,38,2288
496402,498692,498734,42,2290
496482,498708,498739,31,2226
496482,498728,498740,12,2246
496482,498723,498741,18,2241
496482,498702,498743,41,2220
496482,498724,498743,19,2242
496482,498724,498744,20,2242
496482,498724,498743,19,2242
496482,498728,498744,16,2246
496482,498724,498744,20,2242
496482,498725,498744,19,2243
496482,498727,498745,18,2245
496482,498711,498746,35,2229
496482,498724,498746,22,2242
496482,498728,498746,18,2246
496482,498726,498747,21,2244
496482,498720,498747,27,2238
496482,498725,498742,17,2243
496482,498726,498745,19,2244
496482,498726,498747,21,2244
496482,498714,498748,34,2232
496482,498727,498748,21,2245
496482,498716,498749,33,2234
496482,498717,498749,32,2235
496482,498722,498749,27,2240
496482,498710,498749,39,2228
496482,498720,498749,29,2238
496482,498722,498750,28,2240
496482,498720,498750,30,2238
496482,498728,498750,22,2246
496482,498716,498751,35,2234
496482,498717,498751,34,2235
496482,498722,498751,29,2240
496482,498723,498751,28,2241
496482,498720,498752,32,2238
496482,498714,498751,37,2232
496482,498711,498752,41,2229
496482,498714,498752,38,2232
496482,498719,498752,33,2237
496482,498716,498753,37,2234
496482,498718,498753,35,2236
496482,498709,498753,44,2227
496482,498718,498753,35,2236
496482,498723,498753,30,2241
496482,498711,498753,42,2229
496482,498719,498754,35,2237
496482,498741,498755,14,2259
496482,498708,498755,47,2226
496482,498721,498755,34,2239
496482,498706,498755,49,2224
496482,498713,498755,42,2231
496482,498720,498755,35,2238
496482,498727,498756,29,2245
496482,498723,498757,34,2241
496482,498703,498757,54,2221
496482,498745,498758,13,2263
496482,498721,498757,36,2239
496482,498720,498758,38,2238
496482,498721,498758,37,2239
496482,498745,498758,13,2263
496482,498718,498758,40,2236
496482,498744,498758,14,2262
496482,498706,498759,53,2224
496482,498718,498759,41,2236
496482,498740,498760,20,2258
496482,498707,498760,53,2225
496482,498707,498760,53,2225
496482,498742,498761,19,2260
496482,498744,498761,17,2262
496482,498744,498761,17,2262
496482,498746,498761,15,2264
496482,498744,498762,18,2262
496482,498722,498763,41,2240
496482,498744,498763,19,2262
496482,498707,498763,56,2225
496482,498747,498763,16,2265
496482,498746,498763,17,2264
496482,498748,498764,16,2266
496482,498747,498765,18,2265
496482,498748,498767,19,2266
496482,498747,498767,20,2265
496482,498721,498768,47,2239
496482,498722,498769,47,2240
496482,498748,498770,22,2266
496482,498722,498770,48,2240
496557,498759,498772,13,2202
496482,498705,498772,67,2223
496482,498747,498772,25,2265
496482,498748,498772,24,2266
496482,498748,498772,24,2266
496482,498752,498773,21,2270
496482,498722,498773,51,2240
496482,498752,498775,23,2270
496482,498750,498776,26,2268
496482,498750,498775,25,2268
496482,498704,498776,72,2222
496482,498751,498776,25,2269
496557,498759,498776,17,2202
496482,498751,498776,25,2269
496557,498761,498776,15,2204
496482,498752,498777,25,2270
496482,498751,498777,26,2269
496557,498760,498777,17,2203
496482,498756,498779,23,2274
496482,498752,498778,26,2270
496482,498758,498779,21,2276
496482,498753,498779,26,2271
496557,498759,498780,21,2202
496482,498758,498780,22,2276
496557,498762,498781,19,2205
496482,498754,498781,27,2272
496482,498758,498781,23,2276
496482,498758,498781,23,2276
496482,498758,498781,23,2276
496482,498754,498781,27,2272
496482,498749,498782,33,2267
496557,498760,498782,22,2203
496557,498762,498783,21,2205
496557,498763,498783,20,2206
496482,498753,498783,30,2271
496482,498750,498784,34,2268
496482,498756,498783,27,2274
496482,498753,498783,30,2271
496557,498762,498785,23,2205
496482,498750,498784,34,2268
496482,498757,498785,28,2275
496482,498756,498785,29,2274
496482,498757,498785,28,2275
496482,498755,498785,30,2273
496482,498754,498786,32,2272
496557,498762,498786,24,2205
496482,498755,498786,31,2273
496482,498754,498787,33,2272
496482,498755,498787,32,2273
496482,498750,498788,38,2268
496482,498754,498787,33,2272
496482,498752,498789,37,2270
496482,498750,498790,40,2268
496482,498758,498790,32,2276
496482,498754,498791,37,2272
496482,498754,498791,37,2272
495853,498040,498798,758,2187
496557,498763,498800,37,2206
496557,498785,498803,18,2228
496557,498777,498805,28,2220
496557,498777,498804,27,2220
496557,498784,498807,23,2227
496557,498777,498807,30,2220
496557,498763,498808,45,2206
496557,498785,498807,22,2228
496557,498770,498809,39,2213
496557,498779,498810,31,2222
496557,498774,498809,35,2217
496557,498783,498810,27,2226
496557,498788,498809,21,2231
496557,498785,498810,25,2228
496557,498788,498810,22,2231
496557,498791,498810,19,2234
496557,498785,498810,25,2228
496557,498791,498810,19,2234
496557,498786,498810,24,2229
496557,498786,498810,24,2229
496557,498787,498811,24,2230
496557,498767,498811,44,2210
496557,498777,498811,34,2220
496557,498777,498811,34,2220
496557,498781,498812,31,2224
496557,498790,498812,22,2233
496557,498772,498812,40,2215
496557,498776,498813,37,2219
496557,498785,498813,28,2228
496557,498786,498813,27,2229
496557,498779,498813,34,2222
496557,498773,498813,40,2216
496557,498781,498813,32,2224
496557,498786,498814,28,2229
496557,498777,498813,36,2220
496557,498788,498814,26,2231
496557,498776,498814,38,2219
496557,498778,498814,36,2221
496557,498767,498814,47,2210
496557,498770,498814,44,2213
496557,498780,498815,35,2223
496557,498784,498815,31,2227
496557,498790,498815,25,2233
496557,498773,498815,42,2216
496557,498781,498815,34,2224
496557,498782,498815,33,2225
496557,498773,498816,43,2216
496557,498773,498816,43,2216
496557,498784,498816,32,2227
496557,498781,498816,35,2224
496557,498789,498817,28,2232
496557,498769,498817,48,2212
496557,498764,498817,53,2207
496557,498799,498817,18,2242
496557,498775,498818,43,2218
496557,498800,498818,18,2243
496557,498783,498818,35,2226
496557,498780,498819,39,2223
496557,498776,498820,44,2219
496557,498774,498821,47,2217
496557,498781,498822,41,2224
496557,498805,498823,18,2248
496557,498804,498824,20,2247
496557,498806,498823,17,2249
496557,498808,498824,16,2251
496557,498765,498824,59,2208
496557,498808,498824,16,2251
496557,498810,498825,15,2253
496557,498783,498826,43,2226
496557,498808,498826,18,2251
496557,498810,498826,16,2253
496557,498810,498826,16,2253
496557,498766,498827,61,2209
496557,498808,498827,19,2251
496557,498810,498828,18,2253
496557,498810,498827,17,2253
496557,498782,498828,46,2225
496557,498781,498829,48,2224
496557,498811,498830,19,2254
496557,498810,498830,20,2253
496557,498764,498830,66,2207
496557,498810,498831,21,2253
496557,498811,498832,21,2254
496557,498811,498833,22,2254
496557,498810,498834,24,2253
496557,498814,498835,21,2257
496557,498770,498835,65,2213
496557,498783,498835,52,2226
496557,498819,498836,17,2262
496557,498817,498836,19,2260
496557,498815,498836,21,2258
496626,498822,498837,15,2196
496557,498815,498838,23,2258
496557,498814,498839,25,2257
496557,498781,498839,58,2224
496557,498812,498839,27,2255
496557,498815,498839,24,2258
496626,498824,498839,15,2198
496626,498824,498839,15,2198
496557,498818,498840,22,2261
496557,498813,498840,27,2256
496557,498817,498839,22,2260
496626,498824,498839,15,2198
496557,498814,498840,26,2257
496557,498818,498841,23,2261
496557,498814,498840,26,2257
496557,498813,498840,27,2256
496626,498824,498840,16,2198
496557,498813,498840,27,2256
496557,498814,498840,26,2257
496557,498814,498841,27,2257
496557,498816,498840,24,2259
496557,498814,498841,27,2257
496557,498812,498841,29,2255
496557,498815,498841,26,2258
496557,498819,498842,23,2262
496557,498816,498842,26,2259
496557,498820,498842,22,2263
496557,498813,498842,29,2256
496557,498815,498843,28,2258
496557,498815,498843,28,2258
496626,498825,498843,18,2199
496557,498764,498843,79,2207
496626,498827,498844,17,2201
496557,498815,498843,28,2258
496626,498825,498843,18,2199
496557,498813,498844,31,2256
496557,498815,498844,29,2258
496557,498816,498844,28,2259
496557,498819,498845,26,2262
496557,498819,498846,27,2262
496557,498815,498846,31,2258
496557,498815,498847,32,2258
496557,498816,498846,30,2259
496557,498817,498846,29,2260
496626,498825,498847,22,2199
496557,498812,498851,39,2255
496557,498812,498852,40,2255
496626,498827,498856,29,2201
496626,498827,498859,32,2201
496626,498844,498862,18,2218
496626,498844,498864,20,2218
496626,498832,498865,33,2206
496626,498842,498867,25,2216
496626,498840,498867,27,2214
496626,498846,498867,21,2220
496626,498847,498868,21,2221
496626,498845,498868,23,2219
496626,498844,498868,24,2218
496626,498840,498870,30,2214
496626,498837,498869,32,2211
496626,498827,498870,43,2201
496626,498838,498870,32,2212
496626,498843,498871,28,2217
496626,498839,498872,33,2213
496626,498844,498872,28,2218
496626,498843,498871,28,2217
496626,498846,498873,27,2220
496626,498838,498873,35,2212
496626,498844,498873,29,2218
496626,498845,498873,28,2219
496626,498831,498873,42,2205
496626,498847,498873,26,2221
496626,498847,498873,26,2221
496626,498841,498874,33,2215
496626,498837,498874,37,2211
496626,498841,498874,33,2215
496626,498852,498875,23,2226
496626,498839,498874,35,2213
496626,498834,498874,40,2208
496626,498840,498875,35,2214
496626,498840,498875,35,2214
496626,498843,498874,31,2217
496626,498846,498876,30,2220
496626,498831,498876,45,2205
496626,498841,498876,35,2215
496626,498827,498863,36,2201
496626,498841,498875,34,2215
496626,498857,498874,17,2231
496626,498840,498876,36,2214
496626,498840,498877,37,2214
496626,498859,498877,18,2233
496626,498830,498877,47,2204
496626,498841,498877,36,2215
496626,498835,498877,42,2209
496626,498837,498877,40,2211
496626,498839,498877,38,2213
496626,498848,498877,29,2222
496626,498841,498878,37,2215
496626,498841,498878,37,2215
496626,498836,498878,42,2210
496626,498865,498879,14,2239
496626,498842,498881,39,2216
496626,498833,498881,48,2207
495925,498121,498881,760,2196
496626,498840,498881,41,2214
496626,498843,498882,39,2217
496626,498829,498883,54,2203
496626,498841,498883,42,2215
496626,498843,498883,40,2217
496626,498835,498884,49,2209
496626,498836,498885,49,2210
496626,498869,498885,16,2243
496626,498868,498885,17,2242
496626,498852,498886,34,2226
496626,498869,498886,17,2243
496626,498868,498886,18,2242
496626,498870,498887,17,2244
496626,498828,498887,59,2202
496626,498842,498888,46,2216
496626,498869,498887,18,2243
496626,498871,498888,17,2245
496626,498866,498888,22,2240
496626,498870,498889,19,2244
496626,498871,498888,17,2245
496626,498868,498889,21,2242
496626,498871,498890,19,2245
496626,498842,498892,50,2216
496626,498872,498892,20,2246
496626,498872,498892,20,2246
496626,498873,498893,20,2247
496626,498872,498894,22,2246
496626,498873,498893,20,2247
496626,498829,498894,65,2203
496626,498829,498894,65,2203
496626,498843,498895,52,2217
496626,498829,498894,65,2203
496626,498877,498896,19,2251
496626,498873,498897,24,2247
496626,498873,498899,26,2247
496626,498875,498898,23,2249
496710,498885,498899,14,2175
496626,498875,498899,24,2249
496710,498887,498900,13,2177
496626,498875,498899,24,2249
496626,498873,498899,26,2247
496626,498874,498900,26,2248
496626,498877,498900,23,2251
496626,498880,498900,20,2254
496626,498875,498901,26,2249
496626,498877,498900,23,2251
496626,498875,498900,25,2249
496710,498887,498900,13,2177
496626,498877,498900,23,2251
496626,498874,498901,27,2248
496626,498878,498901,23,2252
496626,498878,498902,24,2252
496626,498842,498902,60,2216
496710,498885,498902,17,2175
496626,498877,498902,25,2251
496626,498875,498902,27,2249
496626,498879,498902,23,2253
496626,498877,498902,25,2251
496626,498875,498902,27,2249
496626,498877,498902,25,2251
496626,498881,498903,22,2255
496626,498878,498903,25,2252
496626,498874,498903,29,2248
496626,498878,498903,25,2252
496626,498881,498903,22,2255
496710,498886,498904,18,2176
496626,498884,498903,19,2258
496626,498877,498904,27,2251
496626,498876,498904,28,2250
496626,498884,498905,21,2258
496626,498883,498905,22,2257
496626,498878,498905,27,2252
496626,498884,498907,23,2258
496710,498886,498907,21,2176
496626,498881,498907,26,2255
496626,498878,498907,29,2252
496626,498879,498908,29,2253
496710,498888,498907,19,2178
496710,498888,498908,20,2178
496626,498877,498908,31,2251
496626,498881,498911,30,2255
496710,498888,498912,24,2178
496626,498877,498912,35,2251
496710,498887,498912,25,2177
496626,498874,498914,40,2248
496710,498888,498922,34,2178
496710,498889,498924,35,2179
496710,498889,498927,38,2179
496710,498905,498928,23,2195
496710,498900,498928,28,2190
496710,498905,498929,24,2195
496710,498904,498929,25,2194
496710,498908,498932,24,2198
496710,498908,498933,25,2198
496710,498903,498932,29,2193
496710,498900,498933,33,2190
496710,498901,498933,32,2191
496710,498906,498933,27,2196
496710,498904,498933,29,2194
496710,498899,498934,35,2189
496710,498906,498934,28,2196
496710,498897,498933,36,2187
496710,498915,498934,19,2205
496710,498901,498935,34,2191
496710,498908,498935,27,2198
496710,498902,498936,34,2192
496710,498909,498936,27,2199
496710,498895,498936,41,2185
496710,498900,498937,37,2190
496710,498894,498936,42,2184
496710,498899,498936,37,2189
496710,498903,498937,34,2193
496710,498902,498937,35,2192
496710,498894,498938,44,2184
496710,498900,498938,38,2190
496710,498907,498938,31,2197
496710,498901,498938,37,2191
496710,498901,498938,37,2191
496710,498901,498938,37,2191
496710,498908,498939,31,2198
496710,498908,498939,31,2198
496710,498901,498940,39,2191
496710,498904,498940,36,2194
496710,498904,498939,35,2194
496710,498900,498939,39,2190
496710,498900,498940,40,2190
496710,498902,498941,39,2192
496710,498896,498941,45,2186
496710,498893,498941,48,2183
496710,498904,498941,37,2194
496710,498893,498941,48,2183
496710,498894,498941,47,2184
496710,498909,498934,25,2199
496710,498911,498936,25,2201
496710,498903,498942,39,2193
496710,498903,498943,40,2193
496710,498889,498943,54,2179
496710,498896,498943,47,2186
496710,498890,498943,53,2180
496710,498894,498944,50,2184
496710,498913,498944,31,2203
496710,498891,498944,53,2181
496710,498903,498944,41,2193
496710,498923,498944,21,2213
496710,498928,498945,17,2218
496710,498928,498945,17,2218
496710,498928,498946,18,2218
496710,498903,498946,43,2193
496710,498925,498946,21,2215
496710,498913,498948,35,2203
496710,498930,498948,18,2220
496710,498912,498948,36,2202
496710,498892,498949,57,2182
496710,498933,498949,16,2223
496710,498929,498949,20,2219
496710,498932,498949,17,2222
496710,498934,498949,15,2224
496710,498899,498951,52,2189
496710,498904,498951,47,2194
496710,498934,498952,18,2224
496710,498933,498952,19,2223
496710,498934,498952,18,2224
496710,498933,498952,19,2223
496710,498935,498953,18,2225
496710,498934,498954,20,2224
496710,498934,498954,20,2224
496710,498904,498955,51,2194
496710,498935,498956,21,2225
496710,498893,498958,65,2183
496710,498938,498958,20,2228
496710,498935,498959,24,2225
496710,498936,498959,23,2226
496710,498936,498959,23,2226
496710,498938,498960,22,2228
496710,498938,498960,22,2228
496710,498943,498961,18,2233
496710,498903,498961,58,2193
496710,498940,498961,21,2230
496710,498938,498962,24,2228
496710,498938,498962,24,2228
496710,498938,498962,24,2228
496710,498937,498962,25,2227
496710,498903,498962,59,2193
496774,498948,498963,15,2174
496710,498939,498962,23,2229
496710,498940,498963,23,2230
496710,498945,498963,18,2235
496710,498940,498963,23,2230
496710,498945,498964,19,2235
496774,498947,498964,17,2173
496710,498940,498963,23,2230
496710,498941,498964,23,2231
496774,498949,498965,16,2175
496710,498937,498964,27,2227
496710,498944,498965,21,2234
496710,498942,498965,23,2232
496710,498946,498965,19,2236
496710,498938,498965,27,2228
496774,498947,498966,19,2173
496710,498943,498966,23,2233
496710,498944,498967,23,2234
496710,498937,498967,30,2227
496710,498943,498967,24,2233
496774,498948,498968,20,2174
496710,498939,498968,29,2229
496710,498937,498969,32,2227
496710,498943,498969,26,2233
496710,498943,498970,27,2233
496710,498943,498970,27,2233
496710,498942,498970,28,2232
496710,498940,498970,30,2230
496774,498950,498971,21,2176
496774,498950,498970,20,2176
496710,498943,498971,28,2233
496710,498943,498970,27,2233
496710,498943,498971,28,2233
496774,498949,498971,22,2175
496774,498949,498971,22,2175
496710,498942,498972,30,2232
496710,498942,498972,30,2232
496710,498937,498973,36,2227
496710,498944,498974,30,2234
496710,498945,498975,30,2235
496710,498903,498975,72,2193
496004,498199,498980,781,2195
496774,498951,498980,29,2177
496774,498950,498980,30,2176
496774,498968,498989,21,2194
496774,498951,498990,39,2177
496774,498968,498990,22,2194
496774,498961,498990,29,2187
496774,498969,498992,23,2195
496774,498958,498994,36,2184
496774,498952,498995,43,2178
496774,498971,498994,23,2197
496774,498972,498995,23,2198
496774,498968,498995,27,2194
496774,498962,498995,33,2188
496774,498962,498996,34,2188
496774,498964,498996,32,2190
496774,498971,498997,26,2197
496774,498970,498997,27,2196
496774,498972,498998,26,2198
496774,498961,498999,38,2187
496774,498959,499000,41,2185
496774,498961,499001,40,2187
496774,498973,499000,27,2199
496774,498971,499001,30,2197
496774,498970,499001,31,2196
496774,498962,499001,39,2188
496774,498981,499002,21,2207
496774,498964,499001,37,2190
496774,498965,499001,36,2191
496774,498972,499001,29,2198
496774,498959,499001,42,2185
496774,498965,499002,37,2191
496774,498965,499002,37,2191
496774,498970,499003,33,2196
496774,498962,499002,40,2188
496774,498964,499002,38,2190
496774,498955,499002,47,2181
496774,498957,499003,46,2183
496774,498971,499003,32,2197
496774,498963,499004,41,2189
496774,498964,499003,39,2190
496774,498962,499003,41,2188
496774,498963,499004,41,2189
496774,498971,499004,33,2197
496774,498964,499004,40,2190
496774,498972,499004,32,2198
496774,498991,499005,14,2217
496774,498961,499004,43,2187
496774,498964,499005,41,2190
496774,498973,499005,32,2199
496774,498966,499005,39,2192
496774,498965,499006,41,2191
496774,498990,499006,16,2216
496774,498959,499007,48,2185
496774,498963,499007,44,2189
496774,498959,499007,48,2185
496774,498980,499007,27,2206
496774,498953,499007,54,2179
496774,498991,499008,17,2217
496774,498966,499008,42,2192
496774,498954,499009,55,2180
496774,498996,499011,15,2222
496774,498995,499011,16,2221
496774,498952,499011,59,2178
496774,498966,499012,46,2192
496774,498993,499011,18,2219
496774,498954,499012,58,2180
496774,498996,499012,16,2222
496774,498970,499013,43,2196
496774,498975,499013,38,2201
496774,498991,499012,21,2217
496774,498995,499013,18,2221
496774,498996,499014,18,2222
496774,498997,499014,17,2223
496774,498997,499015,18,2223
496774,498996,499015,19,2222
496774,498952,499016,64,2178
496774,498998,499017,19,2224
496774,498995,499017,22,2221
496774,498976,499018,42,2202
496774,498976,499019,43,2202
496774,499001,499020,19,2227
496774,498980,499020,40,2206
496774,498970,499021,51,2196
496774,499000,499021,21,2226
496774,499001,499022,21,2227
496774,499006,499022,16,2232
496774,499001,499023,22,2227
496774,498966,499025,59,2192
496774,499002,499026,24,2228
496774,499002,499026,24,2228
496774,498999,499026,27,2225
496774,499001,499026,25,2227
496862,499012,499027,15,2150
496774,499002,499027,25,2228
496774,498955,499028,73,2181
496774,499003,499028,25,2229
496774,499008,499028,20,2234
496774,499004,499028,24,2230
496774,499003,499028,25,2229
496774,499006,499028,22,2232
496774,499007,499029,22,2233
496774,499003,499029,26,2229
496774,499004,499030,26,2230
496774,499012,499030,18,2238
496862,499012,499029,17,2150
496774,499009,499030,21,2235
496774,498967,499030,63,2193
496774,499002,499030,28,2228
496774,499003,499031,28,2229
496774,499003,499031,28,2229
496774,499004,499031,27,2230
496862,499013,499032,19,2151
496774,499006,499032,26,2232
496774,499007,499032,25,2233
496774,499003,499032,29,2229
496774,499005,499032,27,2231
496862,499013,499032,19,2151
496774,499005,499032,27,2231
496774,499004,499033,29,2230
496774,499008,499033,25,2234
496774,499002,499033,31,2228
496774,499004,499033,29,2230
496774,499003,499032,29,2229
496862,499012,499033,21,2150
496073,498272,499034,762,2199
496774,499010,499034,24,2236
496774,499004,499034,30,2230
496774,499005,499034,29,2231
496774,499002,499034,32,2228
496862,499013,499035,22,2151
496774,499012,499035,23,2238
496774,499005,499035,30,2231
496774,499009,499036,27,2235
496774,499008,499036,28,2234
496862,499014,499036,22,2152
496774,499007,499037,30,2233
496774,499006,499037,31,2232
496862,499014,499039,25,2152
496862,499013,499040,27,2151
496774,499002,499041,39,2228
496862,499015,499043,28,2153
496862,499016,499045,29,2154
496862,499016,499046,30,2154
496774,498967,499049,82,2193
496862,499033,499057,24,2171
496862,499033,499057,24,2171
496862,499022,499059,37,2160
496862,499033,499059,26,2171
496862,499017,499061,44,2155
496862,499035,499061,26,2173
496862,499037,499061,24,2175
496862,499036,499061,25,2174
496862,499035,499064,29,2173
496862,499035,499064,29,2173
496862,499033,499065,32,2171
496862,499035,499066,31,2173
496862,499030,499066,36,2168
496862,499033,499066,33,2171
496862,499029,499067,38,2167
496862,499035,499067,32,2173
496862,499034,499067,33,2172
496862,499035,499067,32,2173
496862,499030,499068,38,2168
496862,499028,499068,40,2166
496862,499036,499069,33,2174
496862,499027,499069,42,2165
496862,499031,499069,38,2169
496862,499023,499070,47,2161
496862,499036,499070,34,2174
496862,499030,499070,40,2168
496862,499021,499070,49,2159
496862,499050,499071,21,2188
496862,499031,499070,39,2169
496862,499026,499071,45,2164
496862,499041,499071,30,2179
496862,499032,499071,39,2170
496862,499031,499071,40,2169
496862,499030,499072,42,2168
496862,499027,499071,44,2165
496862,499028,499071,43,2166
496862,499032,499072,40,2170
496862,499027,499072,45,2165
496862,499026,499073,47,2164
496862,499030,499073,43,2168
496862,499030,499073,43,2168
496862,499033,499072,39,2171
496862,499044,499073,29,2182
496862,499031,499073,42,2169
496862,499028,499073,45,2166
496862,499041,499074,33,2179
496862,499025,499074,49,2163
496862,499057,499074,17,2195
496862,499020,499075,55,2158
496862,499057,499076,19,2195
496862,499024,499077,53,2162
496862,499034,499076,42,2172
496862,499037,499077,40,2175
496862,499062,499077,15,2200
496862,499059,499078,19,2197
496862,499029,499078,49,2167
496862,499022,499079,57,2160
496862,499029,499079,50,2167
496862,499046,499079,33,2184
496862,499026,499079,53,2164
496862,499062,499080,18,2200
496862,499018,499079,61,2156
496862,499062,499079,17,2200
496862,499031,499080,49,2169
496862,499062,499080,18,2200
496862,499047,499081,34,2185
496862,499064,499080,16,2202
496862,499038,499081,43,2176
496862,499021,499081,60,2159
496862,499059,499082,23,2197
496862,499040,499082,42,2178
496862,499018,499082,64,2156
496862,499034,499083,49,2172
496862,499065,499083,18,2203
496862,499066,499083,17,2204
496862,499066,499084,18,2204
496862,499067,499085,18,2205
496862,499066,499085,19,2204
496862,499019,499084,65,2157
496862,499018,499085,67,2156
496862,499032,499087,55,2170
496862,499069,499087,18,2207
496862,499068,499088,20,2206
496862,499068,499088,20,2206
496862,499067,499089,22,2205
496862,499069,499089,20,2207
496862,499069,499090,21,2207
496862,499067,499091,24,2205
496862,499072,499094,22,2210
496862,499071,499096,25,2209
496862,499071,499096,25,2209
496862,499070,499097,27,2208
496933,499080,499097,17,2147
496933,499080,499097,17,2147
496933,499080,499098,18,2147
496862,499072,499098,26,2210
496862,499073,499099,26,2211
496862,499071,499099,28,2209
496862,499072,499098,26,2210
496862,499072,499099,27,2210
496862,499071,499098,27,2209
496862,499072,499099,27,2210
496933,499080,499100,20,2147
496933,499081,499100,19,2148
496862,499074,499100,26,2212
496862,499079,499100,21,2217
496862,499078,499101,23,2216
496862,499073,499101,28,2211
496862,499073,499101,28,2211
496933,499082,499101,19,2149
496862,499071,499102,31,2209
496862,499076,499102,26,2214
496862,499077,499102,25,2215
496933,499080,499102,22,2147
496862,499075,499102,27,2213
496862,499080,499103,23,2218
496862,499073,499104,31,2211
496862,499073,499103,30,2211
496862,499078,499104,26,2216
496862,499070,499104,34,2208
496862,499073,499104,31,2211
496862,499080,499105,25,2218
496862,499071,499105,34,2209
496862,499074,499105,31,2212
496862,499073,499105,32,2211
496862,499077,499106,29,2215
496862,499074,499106,32,2212
496933,499082,499106,24,2149
496862,499079,499107,28,2217
496862,499069,499107,38,2207
496862,499080,499107,27,2218
496862,499075,499107,32,2213
496933,499081,499109,28,2148
496933,499082,499108,26,2149
496862,499032,499109,77,2170
496862,499077,499109,32,2215
496862,499033,499109,76,2171
496096,498349,499110,761,2253
496862,499072,499111,39,2210
496933,499083,499111,28,2150
496933,499082,499111,29,2149
496933,499104,499124,20,2171
496933,499083,499124,41,2150
496933,499089,499126,37,2156
496933,499103,499126,23,2170
496933,499104,499127,23,2171
496933,499103,499128,25,2170
496933,499103,499128,25,2170
496933,499089,499131,42,2156
496933,499104,499131,27,2171
496933,499096,499133,37,2163
496933,499085,499134,49,2152
496933,499098,499135,37,2165
496933,499101,499135,34,2168
496933,499105,499135,30,2172
496933,499110,499135,25,2177
496933,499088,499135,47,2155
496933,499106,499135,29,2173
496933,499105,499135,30,2172
496933,499110,499135,25,2177
496933,499106,499136,30,2173
496933,499097,499135,38,2164
496933,499101,499136,35,2168
496933,499091,499136,45,2158
496933,499099,499137,38,2166
496933,499085,499137,52,2152
496933,499095,499137,42,2162
496933,499099,499137,38,2166
496933,499110,499137,27,2177
496933,499106,499137,31,2173
496933,499108,499138,30,2175
496933,499104,499138,34,2171
496933,499099,499138,39,2166
496933,499099,499138,39,2166
496933,499106,499139,33,2173
496933,499088,499140,52,2155
496933,499110,499140,30,2177
496933,499099,499140,41,2166
496933,499101,499141,40,2168
496933,499106,499141,35,2173
496933,499107,499141,34,2174
496933,499097,499141,44,2164
496933,499090,499141,51,2157
496933,499097,499141,44,2164
496933,499099,499142,43,2166
496933,499112,499142,30,2179
496933,499088,499141,53,2155
496933,499097,499143,46,2164
496933,499112,499143,31,2179
496933,499102,499144,42,2169
496933,499127,499144,17,2194
496933,499108,499144,36,2175
496933,499129,499144,15,2196
496933,499087,499144,57,2154
496933,499101,499144,43,2168
496933,499085,499145,60,2152
496933,499086,499145,59,2153
496933,499084,499146,62,2151
496933,499101,499146,45,2168
496933,499124,499146,22,2191
496933,499133,499147,14,2200
496933,499105,499147,42,2172
496933,499102,499147,45,2169
496933,499127,499147,20,2194
496933,499085,499148,63,2152
496933,499129,499148,19,2196
496933,499109,499148,39,2176
496933,499112,499148,36,2179
496933,499135,499148,13,2202
496933,499127,499148,21,2194
496933,499102,499149,47,2169
496933,499098,499150,52,2165
496933,499124,499150,26,2191
496933,499083,499151,68,2150
496933,499108,499151,43,2175
496933,499109,499153,44,2176
496933,499135,499153,18,2202
496933,499101,499153,52,2168
496933,499132,499154,22,2199
496933,499135,499154,19,2202
496933,499135,499155,20,2202
496933,499136,499155,19,2203
496933,499135,499155,20,2202
496933,499136,499155,19,2203
496933,499136,499156,20,2203
496933,499136,499157,21,2203
496933,499136,499159,23,2203
496933,499136,499158,22,2203
496933,499139,499164,25,2206
497009,499147,499165,18,2138
496933,499138,499165,27,2205
496933,499102,499165,63,2169
496933,499141,499165,24,2208
497009,499147,499167,20,2138
496933,499136,499167,31,2203
496933,499138,499167,29,2205
496933,499138,499168,30,2205
497009,499149,499168,19,2140
496933,499142,499168,26,2209
496933,499138,499168,30,2205
496933,499142,499168,26,2209
497009,499149,499169,20,2140
496933,499142,499170,28,2209
497009,499149,499170,21,2140
496933,499138,499169,31,2205
496933,499138,499170,32,2205
496933,499147,499170,23,2214
497009,499149,499171,22,2140
497009,499148,499170,22,2139
497009,499149,499171,22,2140
496933,499142,499171,29,2209
496933,499138,499171,33,2205
496933,499142,499171,29,2209
496933,499141,499171,30,2208
496933,499145,499171,26,2212
497009,499149,499171,22,2140
496933,499145,499171,26,2212
496933,499147,499172,25,2214
496933,499139,499172,33,2206
496933,499141,499172,31,2208
496933,499145,499172,27,2212
496933,499147,499173,26,2214
496933,499140,499173,33,2207
496933,499138,499172,34,2205
496933,499136,499173,37,2203
496933,499145,499174,29,2212
496933,499145,499173,28,2212
496933,499137,499174,37,2204
496933,499142,499174,32,2209
496933,499144,499175,31,2211
496933,499144,499175,31,2211
496933,499143,499176,33,2210
496933,499142,499176,34,2209
497009,499150,499176,26,2141
496933,499102,499177,75,2169
497009,499150,499178,28,2141
496933,499137,499178,41,2204
496933,499144,499179,35,2211
496933,499146,499178,32,2213
497009,499151,499182,31,2142
496933,499141,499183,42,2208
496158,498424,499190,766,2266
497009,499172,499192,20,2163
497009,499156,499194,38,2147
497009,499151,499196,45,2142
497009,499172,499197,25,2163
497009,499156,499198,42,2147
497009,499173,499197,24,2164
497009,499173,499200,27,2164
497009,499172,499200,28,2163
497009,499173,499200,27,2164
497009,499174,499201,27,2165
497009,499158,499201,43,2149
497009,499179,499202,23,2170
497009,499179,499202,23,2170
497009,499173,499201,28,2164
497009,499174,499202,28,2165
497009,499179,499204,25,2170
497009,499166,499204,38,2157
497009,499174,499205,31,2165
497009,499174,499206,32,2165
497009,499166,499206,40,2157
497009,499175,499206,31,2166
497009,499165,499205,40,2156
497009,499178,499206,28,2169
497009,499166,499207,41,2157
497009,499172,499206,34,2163
497009,499169,499207,38,2160
497009,499184,499208,24,2175
497009,499159,499207,48,2150
497009,499173,499208,35,2164
497009,499167,499208,41,2158
497009,499159,499208,49,2150
497009,499175,499208,33,2166
497009,499156,499209,53,2147
497009,499178,499210,32,2169
497009,499168,499210,42,2159
497009,499173,499210,37,2164
497009,499155,499210,55,2146
497009,499168,499212,44,2159
497009,499169,499212,43,2160
497009,499170,499212,42,2161
497009,499172,499213,41,2163
497009,499169,499213,44,2160
497009,499183,499213,30,2174
497009,499154,499213,59,2145
497009,499168,499214,46,2159
497009,499175,499214,39,2166
497009,499170,499213,43,2161
497009,499152,499215,63,2143
497009,499170,499214,44,2161
497009,499155,499216,61,2146
497009,499201,499216,15,2192
497009,499190,499216,26,2181
497009,499198,499217,19,2189
497009,499171,499217,46,2162
497009,499171,499217,46,2162
497009,499197,499217,20,2188
497009,499177,499217,40,2168
497009,499166,499218,52,2157
497009,499170,499218,48,2161
497009,499168,499219,51,2159
497009,499154,499220,66,2145
497009,499170,499220,50,2161
497009,499202,499220,18,2193
497009,499154,499220,66,2145
497009,499176,499220,44,2167
497009,499200,499220,20,2191
497009,499176,499220,44,2167
497009,499171,499221,50,2162
497009,499198,499221,23,2189
497009,499200,499221,21,2191
497009,499192,499221,29,2183
497009,499154,499221,67,2145
497009,499153,499222,69,2144
497009,499205,499222,17,2196
497009,499171,499223,52,2162
497009,499197,499222,25,2188
497009,499202,499223,21,2193
497009,499202,499223,21,2193
497009,499201,499223,22,2192
497009,499203,499224,21,2194
497009,499202,499224,22,2193
497009,499204,499224,20,2195
497009,499205,499225,20,2196
497009,499206,499226,20,2197
497009,499171,499225,54,2162
497009,499195,499227,32,2186
497009,499172,499228,56,2163
497009,499171,499230,59,2162
497009,499206,499230,24,2197
497009,499207,499235,28,2198
497009,499207,499236,29,2198
497009,499207,499237,30,2198
497009,499207,499237,30,2198
497009,499214,499238,24,2205
497080,499220,499237,17,2140
497009,499208,499239,31,2199
497080,499220,499239,19,2140
497080,499221,499239,18,2141
497009,499206,499239,33,2197
497009,499218,499240,22,2209
497009,499208,499240,32,2199
497009,499213,499240,27,2204
497009,499214,499240,26,2205
497009,499219,499240,21,2210
497009,499211,499241,30,2202
497080,499220,499241,21,2140
497080,499220,499241,21,2140
497009,499215,499242,27,2206
497009,499208,499242,34,2199
497009,499209,499241,32,2200
497080,499221,499242,21,2141
497009,499213,499242,29,2204
497080,499221,499242,21,2141
497009,499214,499243,29,2205
497009,499212,499243,31,2203
497009,499212,499243,31,2203
497009,499209,499243,34,2200
497009,499213,499244,31,2204
497080,499222,499243,21,2142
497009,499217,499244,27,2208
497009,499218,499244,26,2209
497080,499222,499244,22,2142
497009,499210,499244,34,2201
497009,499211,499244,33,2202
497080,499221,499245,24,2141
497009,499210,499245,35,2201
497009,499216,499246,30,2207
497009,499218,499245,27,2209
497009,499209,499246,37,2200
497009,499213,499245,32,2204
497009,499208,499247,39,2199
497009,499216,499247,31,2207
497009,499218,499247,29,2209
497080,499222,499247,25,2142
497009,499210,499248,38,2201
497009,499214,499249,35,2205
497009,499215,499250,35,2206
497009,499217,499250,33,2208
497009,499217,499251,34,2208
497080,499222,499255,33,2142
496226,498500,499258,758,2274
497080,499244,499265,21,2164
497080,499226,499265,39,2146
497080,499244,499267,23,2164
497080,499244,499267,23,2164
497080,499230,499267,37,2150
497080,499248,499270,22,2168
497080,499223,499271,48,2143
497080,499243,499272,29,2163
497080,499231,499272,41,2151
497080,499246,499273,27,2166
497080,499250,499273,23,2170
497080,499243,499272,29,2163
497080,499251,499273,22,2171
497080,499248,499273,25,2168
497080,499224,499274,50,2144
497080,499245,499275,30,2165
497080,499244,499274,30,2164
497080,499238,499275,37,2158
497080,499225,499276,51,2145
497080,499228,499275,47,2148
497080,499225,499275,50,2145
497080,499245,499276,31,2165
497080,499250,499277,27,2170
497080,499245,499276,31,2165
497080,499240,499277,37,2160
497080,499249,499278,29,2169
497080,499240,499277,37,2160
497080,499244,499277,33,2164
497080,499224,499278,54,2144
497080,499241,499278,37,2161
497080,499228,499278,50,2148
497080,499246,499278,32,2166
497080,499250,499278,28,2170
497080,499238,499280,42,2158
497080,499239,499280,41,2159
497080,499246,499280,34,2166
497080,499245,499281,36,2165
497080,499255,499281,26,2175
497080,499259,499282,23,2179
497080,499225,499282,57,2145
497080,499242,499282,40,2162
497080,499237,499283,46,2157
497080,499238,499283,45,2158
497080,499246,499284,38,2166
497080,499247,499283,36,2167
497080,499223,499284,61,2143
497080,499245,499284,39,2165
497080,499241,499285,44,2161
497080,499223,499285,62,2143
497080,499240,499285,45,2160
497080,499223,499285,62,2143
497080,499240,499286,46,2160
497080,499237,499286,49,2157
497080,499235,499288,53,2155
497080,499226,499287,61,2146
497080,499272,499288,16,2192
497080,499240,499288,48,2160
497080,499270,499288,18,2190
497080,499272,499289,17,2192
497080,499243,499289,46,2163
497080,499242,499289,47,2162
497080,499224,499290,66,2144
497080,499241,499289,48,2161
497080,499273,499290,17,2193
497080,499247,499292,45,2167
497080,499266,499291,25,2186
497080,499245,499292,47,2165
497080,499240,499292,52,2160
497080,499273,499293,20,2193
497080,499246,499293,47,2166
497080,499273,499294,21,2193
497080,499242,499294,52,2162
497080,499275,499294,19,2195
497080,499276,499295,19,2196
497080,499273,499295,22,2193
497080,499273,499296,23,2193
497080,499276,499297,21,2196
497080,499224,499297,73,2144
497080,499242,499297,55,2162
497080,499274,499297,23,2194
497080,499265,499297,32,2185
497080,499275,499297,22,2195
497080,499275,499297,22,2195
497080,499277,499298,21,2197
497080,499267,499298,31,2187
497080,499275,499298,23,2195
497080,499267,499298,31,2187
497080,499277,499299,22,2197
497080,499242,499300,58,2162
497080,499243,499300,57,2163
497080,499277,499301,24,2197
497080,499276,499304,28,2196
497080,499276,499304,28,2196
497080,499278,499304,26,2198
497080,499278,499305,27,2198
497080,499279,499305,26,2199
497080,499278,499306,28,2198
497161,499290,499306,16,2129
497080,499284,499306,22,2204
497080,499282,499307,25,2202
497080,499278,499307,29,2198
497080,499283,499307,24,2203
497161,499290,499308,18,2129
497080,499281,499308,27,2201
497080,499279,499308,29,2199
497080,499282,499309,27,2202
497161,499290,499309,19,2129
497080,499284,499311,27,2204
497080,499288,499311,23,2208
497161,499294,499311,17,2133
497080,499280,499311,31,2200
497080,499289,499311,22,2209
497080,499284,499311,27,2204
497161,499292,499311,19,2131
497080,499278,499312,34,2198
497080,499286,499312,26,2206
497080,499282,499312,30,2202
497080,499285,499313,28,2205
497080,499286,499313,27,2206
497080,499280,499313,33,2200
497080,499279,499313,34,2199
497080,499284,499314,30,2204
497080,499285,499315,30,2205
497080,499284,499314,30,2204
497080,499279,499315,36,2199
497080,499286,499316,30,2206
497161,499290,499316,26,2129
497161,499293,499317,24,2132
497080,499289,499317,28,2209
497080,499288,499318,30,2208
497161,499294,499318,24,2133
497161,499292,499318,26,2131
497080,499288,499318,30,2208
497080,499286,499318,32,2206
497161,499292,499319,27,2131
497080,499286,499320,34,2206
497080,499280,499322,42,2200
497080,499288,499322,34,2208
497161,499294,499324,30,2133
497161,499294,499325,31,2133
497161,499295,499332,37,2134
497161,499313,499336,23,2152
497161,499319,499338,19,2158
497161,499300,499338,38,2139
497161,499304,499338,34,2143
497161,499316,499339,23,2155
496284,498571,499339,768,2287
497161,499320,499340,20,2159
497161,499313,499340,27,2152
497161,499312,499340,28,2151
497161,499299,499340,41,2138
497161,499299,499341,42,2138
497161,499319,499340,21,2158
497161,499313,499341,28,2152
497161,499314,499343,29,2153
497161,499314,499344,30,2153
497161,499306,499344,38,2145
497161,499300,499345,45,2139
497161,499312,499345,33,2151
497161,499305,499346,41,2144
497161,499322,499346,24,2161
497161,499299,499347,48,2138
497161,499319,499348,29,2158
497161,499323,499348,25,2162
497161,499314,499347,33,2153
497161,499326,499348,22,2165
497161,499324,499348,24,2163
497161,499299,499348,49,2138
497161,499298,499349,51,2137
497161,499299,499349,50,2138
497161,499315,499350,35,2154
497161,499310,499350,40,2149
497161,499305,499350,45,2144
497161,499309,499350,41,2148
497161,499298,499351,53,2137
497161,499317,499351,34,2156
497161,499315,499352,37,2154
497161,499314,499352,38,2153
497161,499297,499353,56,2136
497161,499297,499352,55,2136
497161,499307,499353,46,2146
497161,499310,499353,43,2149
497161,499307,499353,46,2146
497161,499306,499354,48,2145
497161,499306,499354,48,2145
497161,499316,499354,38,2155
497161,499298,499354,56,2137
497161,499310,499354,44,2149
497161,499319,499354,35,2158
497161,499312,499355,43,2151
497161,499318,499355,37,2157
497161,499308,499355,47,2147
497161,499309,499356,47,2148
497161,499340,499357,17,2179
497161,499307,499358,51,2146
497161,499333,499358,25,2172
497161,499341,499359,18,2180
497161,499341,499360,19,2180
497161,499337,499360,23,2176
497161,499317,499360,43,2156
497161,499340,499361,21,2179
497161,499340,499360,20,2179
497161,499308,499361,53,2147
497161,499315,499361,46,2154
497161,499297,499362,65,2136
497161,499318,499362,44,2157
497161,499312,499363,51,2151
497161,499339,499363,24,2178
497161,499297,499363,66,2136
497161,499341,499364,23,2180
497161,499302,499364,62,2141
497161,499341,499364,23,2180
497161,499297,499364,67,2136
497161,499343,499365,22,2182
497161,499344,499365,21,2183
497161,499318,499365,47,2157
497161,499296,499366,70,2135
497161,499345,499366,21,2184
497161,499339,499366,27,2178
497161,499339,499366,27,2178
497161,499342,499367,25,2181
497161,499344,499368,24,2183
497161,499340,499369,29,2179
497161,499348,499369,21,2187
497161,499348,499370,22,2187
497161,499311,499370,59,2150
497161,499346,499370,24,2185
497161,499312,499373,61,2151
497161,499350,499373,23,2189
497161,499295,499374,79,2134
497161,499349,499374,25,2188
497161,499349,499375,26,2188
497161,499346,499375,29,2185
497161,499348,499375,27,2187
497161,499346,499376,30,2185
497161,499348,499377,29,2187
497300,499361,499377,16,2061
497161,499353,499378,25,2192
497161,499355,499378,23,2194
497300,499362,499378,16,2062
497161,499354,499378,24,2193
497300,499362,499378,16,2062
497161,499349,499379,30,2188
497161,499355,499379,24,2194
497161,499351,499380,29,2190
497161,499354,499380,26,2193
497161,499350,499381,31,2189
497161,499353,499381,28,2192
497161,499312,499381,69,2151
497161,499354,499381,27,2193
497161,499352,499381,29,2191
497161,499355,499381,26,2194
497300,499362,499382,20,2062
497161,499353,499382,29,2192
497161,499355,499383,28,2194
497161,499355,499383,28,2194
497161,499351,499383,32,2190
497161,499350,499383,33,2189
497161,499360,499385,25,2199
497161,499358,499384,26,2197
497161,499360,499385,25,2199
497300,499363,499385,22,2063
497161,499352,499386,34,2191
497300,499365,499386,21,2065
497161,499353,499386,33,2192
497161,499357,499387,30,2196
497161,499351,499387,36,2190
497161,499358,499388,30,2197
497300,499364,499388,24,2064
497161,499356,499387,31,2195
497161,499355,499387,32,2194
497161,499361,499389,28,2200
497161,499351,499388,37,2190
497161,499360,499389,29,2199
497300,499364,499389,25,2064
497161,499358,499390,32,2197
497300,499364,499391,27,2064
497161,499356,499390,34,2195
497300,499365,499391,26,2065
497300,499364,499392,28,2064
497300,499365,499401,36,2065
496365,498634,499404,770,2269
497300,499383,499404,21,2083
497300,499384,499407,23,2084
497300,499385,499409,24,2085
497300,499383,499409,26,2083
497300,499385,499410,25,2085
497300,499384,499411,27,2084
497300,499385,499411,26,2085
497300,499391,499412,21,2091
497300,499389,499412,23,2089
497300,499391,499413,22,2091
497300,499393,499414,21,2093
497300,499370,499414,44,2070
497300,499365,499414,49,2065
497300,499389,499415,26,2089
497300,499391,499413,22,2091
497300,499389,499416,27,2089
497300,499390,499416,26,2090
497300,499367,499417,50,2067
497300,499370,499418,48,2070
497300,499389,499417,28,2089
497300,499368,499418,50,2068
497300,499383,499417,34,2083
497300,499387,499419,32,2087
497300,499371,499419,48,2071
497300,499388,499420,32,2088
497300,499387,499420,33,2087
497300,499383,499420,37,2083
497300,499380,499420,40,2080
497300,499375,499421,46,2075
497300,499371,499422,51,2071
497300,499376,499422,46,2076
497300,499367,499422,55,2067
497300,499374,499423,49,2074
497300,499377,499422,45,2077
497300,499386,499422,36,2086
497300,499367,499423,56,2067
497300,499380,499423,43,2080
497300,499402,499423,21,2102
497300,499367,499423,56,2067
497300,499376,499424,48,2076
497300,499375,499425,50,2075
497300,499380,499426,46,2080
497300,499405,499425,20,2105
497300,499376,499426,50,2076
497300,499388,499426,38,2088
497300,499374,499427,53,2074
497300,499381,499427,46,2081
497300,499378,499427,49,2078
497300,499366,499428,62,2066
497300,499379,499427,48,2079
497300,499382,499428,46,2082
497300,499406,499428,22,2106
497300,499378,499429,51,2078
497300,499378,499429,51,2078
497300,499365,499430,65,2065
497300,499379,499430,51,2079
497300,499388,499430,42,2088
497300,499408,499430,22,2108
497300,499378,499431,53,2078
497300,499379,499431,52,2079
497300,499387,499431,44,2087
497300,499388,499432,44,2088
497300,499413,499432,19,2113
497300,499381,499432,51,2081
497300,499367,499433,66,2067
497300,499387,499432,45,2087
497300,499413,499433,20,2113
497300,499414,499433,19,2114
497300,499410,499434,24,2110
497300,499369,499435,66,2069
497300,499417,499435,18,2117
497300,499413,499435,22,2113
497300,499418,499436,18,2118
497300,499414,499436,22,2114
497300,499411,499437,26,2111
497300,499412,499438,26,2112
497300,499382,499437,55,2082
497300,499416,499438,22,2116
497300,499420,499439,19,2120
497300,499415,499438,23,2115
497300,499418,499439,21,2118
497300,499418,499439,21,2118
497300,499388,499439,51,2088
497300,499416,499440,24,2116
497300,499417,499440,23,2117
497300,499416,499441,25,2116
497300,499418,499441,23,2118
497300,499411,499442,31,2111
497300,499418,499449,31,2118
497300,499421,499448,27,2121
497300,499381,499448,67,2081
497300,499420,499448,28,2120
497300,499426,499449,23,2126
497346,499432,499450,18,2086
497346,499432,499450,18,2086
497300,499420,499451,31,2120
497346,499431,499451,20,2085
497300,499424,499451,27,2124
497300,499424,499452,28,2124
497300,499422,499451,29,2122
497346,499433,499452,19,2087
497300,499425,499452,27,2125
497300,499381,499452,71,2081
497300,499423,499453,30,2123
497300,499423,499453,30,2123
497346,499433,499453,20,2087
497300,499426,499453,27,2126
497300,499421,499453,32,2121
497300,499422,499453,31,2122
497300,499424,499454,30,2124
497300,499427,499453,26,2127
497300,499431,499454,23,2131
497300,499421,499453,32,2121
497300,499423,499454,31,2123
497300,499431,499455,24,2131
497300,499424,499455,31,2124
497300,499426,499455,29,2126
497300,499430,499455,25,2130
497300,499428,499456,28,2128
497300,499429,499456,27,2129
497300,499427,499456,29,2127
497300,499429,499456,27,2129
497346,499434,499457,23,2088
497300,499427,499457,30,2127
497300,499428,499457,29,2128
497346,499434,499457,23,2088
497346,499435,499457,22,2089
497300,499423,499458,35,2123
497300,499430,499458,28,2130
497300,499428,499458,30,2128
497300,499423,499459,36,2123
497300,499429,499458,29,2129
497300,499422,499459,37,2122
497346,499433,499459,26,2087
497300,499430,499461,31,2130
496405,498697,499464,767,2292
497300,499430,499464,34,2130
497346,499436,499468,32,2090
497346,499436,499470,34,2090
497346,499436,499471,35,2090
497300,499382,499476,94,2082
497346,499455,499477,22,2109
497346,499456,499477,21,2110
497346,499455,499478,23,2109
497346,499456,499478,22,2110
497346,499436,499480,44,2090
497346,499455,499480,25,2109
497346,499459,499482,23,2113
497346,499456,499482,26,2110
497346,499457,499482,25,2111
497346,499449,499485,36,2103
497346,499456,499486,30,2110
497346,499441,499486,45,2095
497346,499460,499486,26,2114
497346,499464,499487,23,2118
497346,499440,499487,47,2094
497346,499458,499487,29,2112
497346,499460,499487,27,2114
497346,499458,499488,30,2112
497346,499457,499488,31,2111
497346,499465,499488,23,2119
497346,499462,499488,26,2116
497346,499459,499488,29,2113
497346,499454,499489,35,2108
497346,499438,499489,51,2092
497346,499439,499490,51,2093
497346,499458,499490,32,2112
497346,499441,499490,49,2095
497346,499468,499491,23,2122
497346,499454,499492,38,2108
497346,499458,499492,34,2112
497346,499443,499491,48,2097
497346,499441,499492,51,2095
497346,499451,499492,41,2105
497346,499458,499494,36,2112
497346,499440,499494,54,2094
497346,499450,499495,45,2104
497346,499438,499496,58,2092
497346,499449,499496,47,2103
497346,499452,499497,45,2106
497346,499457,499497,40,2111
497346,499470,499497,27,2124
497346,499477,499500,23,2131
497346,499449,499500,51,2103
497346,499437,499500,63,2091
497346,499478,499500,22,2132
497346,499439,499502,63,2093
497346,499450,499501,51,2104
497346,499479,499502,23,2133
497346,499479,499503,24,2133
497346,499481,499503,22,2135
497346,499457,499503,46,2111
497346,499481,499504,23,2135
497346,499458,499503,45,2112
497346,499477,499504,27,2131
497346,499449,499504,55,2103
497346,499472,499505,33,2126
497346,499452,499505,53,2106
497346,499452,499505,53,2106
497346,499439,499506,67,2093
497346,499440,499506,66,2094
497346,499454,499506,52,2108
497346,499486,499506,20,2140
497346,499486,499508,22,2140
497346,499483,499508,25,2137
497346,499489,499507,18,2143
497346,499487,499509,22,2141
497346,499452,499508,56,2106
497346,499488,499508,20,2142
497346,499486,499509,23,2140
497346,499454,499509,55,2108
497346,499453,499509,56,2107
497346,499452,499510,58,2106
497346,499487,499511,24,2141
497346,499490,499512,22,2144
497346,499452,499512,60,2106
497346,499489,499511,22,2143
497346,499489,499512,23,2143
497346,499454,499512,58,2108
497346,499489,499512,23,2143
497346,499453,499513,60,2107
497346,499482,499513,31,2136
497346,499489,499515,26,2143
497346,499454,499516,62,2108
497346,499438,499517,79,2092
497346,499492,499517,25,2146
497346,499482,499517,35,2136
497346,499488,499518,30,2142
497346,499490,499519,29,2144
497346,499491,499519,28,2145
497346,499438,499520,82,2092
497346,499492,499521,29,2146
497346,499454,499521,67,2108
497346,499488,499521,33,2142
497346,499491,499521,30,2145
497346,499492,499522,30,2146
497346,499492,499522,30,2146
497346,499498,499523,25,2152
497346,499454,499523,69,2108
497346,499493,499524,31,2147
497346,499491,499524,33,2145
497346,499498,499524,26,2152
497346,499495,499525,30,2149
497346,499497,499526,29,2151
497392,499506,499527,21,2114
497346,499493,499527,34,2147
497346,499501,499527,26,2155
497346,499497,499527,30,2151
497392,499508,499527,19,2116
497392,499508,499528,20,2116
497346,499500,499529,29,2154
497346,499501,499529,28,2155
497392,499508,499529,21,2116
497392,499506,499529,23,2114
497346,499495,499529,34,2149
497346,499503,499529,26,2157
497392,499509,499530,21,2117
497346,499497,499531,34,2151
497346,499501,499531,30,2155
497346,499502,499531,29,2156
497346,499503,499531,28,2157
496485,498759,499532,773,2274
497346,499506,499532,26,2160
497346,499503,499533,30,2157
497392,499509,499533,24,2117
497346,499496,499533,37,2150
497346,499502,499533,31,2156
497346,499505,499534,29,2159
497392,499509,499535,26,2117
497346,499504,499536,32,2158
497346,499504,499536,32,2158
497346,499504,499537,33,2158
497392,499509,499536,27,2117
497346,499454,499538,84,2108
497346,499454,499537,83,2108
497346,499505,499537,32,2159
497346,499506,499539,33,2160
497346,499505,499540,35,2159
497346,499504,499541,37,2158
497392,499509,499542,33,2117
497392,499510,499544,34,2118
497392,499510,499552,42,2118
497392,499531,499553,22,2139
497392,499530,499554,24,2138
497392,499530,499554,24,2138
497392,499531,499555,24,2139
497392,499531,499556,25,2139
497392,499540,499556,16,2148
497392,499538,499557,19,2146
497392,499530,499557,27,2138
497392,499537,499559,22,2145
497392,499532,499560,28,2140
497392,499531,499560,29,2139
497392,499538,499560,22,2146
497392,499537,499561,24,2145
497392,499541,499561,20,2149
497392,499543,499563,20,2151
497392,499513,499564,51,2121
497392,499521,499565,44,2129
497392,499537,499565,28,2145
497392,499537,499566,29,2145
497392,499518,499565,47,2126
497392,499532,499566,34,2140
497392,499524,499567,43,2132
497392,499523,499567,44,2131
497392,499542,499567,25,2150
497392,499544,499567,23,2152
497392,499538,499567,29,2146
497392,499529,499568,39,2137
497392,499511,499570,59,2119
497392,499534,499571,37,2142
497392,499522,499571,49,2130
497392,499520,499571,51,2128
497392,499524,499573,49,2132
497392,499523,499572,49,2131
497392,499522,499574,52,2130
497392,499521,499573,52,2129
497392,499555,499573,18,2163
497392,499555,499575,20,2163
497392,499536,499575,39,2144
497392,499514,499575,61,2122
497392,499518,499576,58,2126
497392,499512,499576,64,2120
497392,499525,499576,51,2133
497392,499518,499577,59,2126
497392,499529,499576,47,2137
497392,499553,499577,24,2161
497392,499555,499578,23,2163
497392,499513,499577,64,2121
497392,499519,499577,58,2127
497392,499534,499578,44,2142
497392,499525,499578,53,2133
497392,499526,499578,52,2134
497392,499516,499578,62,2124
497392,499556,499579,23,2164
497392,499522,499580,58,2130
497392,499528,499581,53,2136
497392,499528,499581,53,2136
497392,499529,499581,52,2137
497392,499534,499581,47,2142
497392,499563,499582,19,2171
497392,499533,499582,49,2141
497392,499556,499582,26,2164
497392,499512,499582,70,2120
497392,499517,499583,66,2125
497392,499561,499584,23,2169
497392,499565,499586,21,2173
497392,499529,499586,57,2137
497392,499528,499585,57,2136
497392,499527,499586,59,2135
497392,499561,499586,25,2169
497392,499514,499587,73,2122
497392,499512,499587,75,2120
497392,499566,499588,22,2174
497392,499561,499589,28,2169
497392,499523,499589,66,2131
497392,499529,499590,61,2137
497392,499562,499590,28,2170
497392,499557,499591,34,2165
497392,499566,499591,25,2174
497392,499517,499592,75,2125
497392,499528,499592,64,2136
497392,499567,499592,25,2175
497392,499559,499594,35,2167
497392,499568,499594,26,2176
497392,499534,499594,60,2142
497392,499565,499594,29,2173
497392,499562,499595,33,2170
497392,499568,499596,28,2176
497392,499527,499597,70,2135
497392,499568,499597,29,2176
497392,499564,499599,35,2172
497392,499577,499601,24,2185
497392,499568,499601,33,2176
497392,499564,499600,36,2172
497392,499570,499601,31,2178
496560,498821,499602,781,2261
497392,499557,499603,46,2165
497392,499578,499603,25,2186
497392,499579,499603,24,2187
497486,499583,499604,21,2097
497392,499577,499604,27,2185
497392,499568,499605,37,2176
497486,499584,499605,21,2098
497392,499571,499605,34,2179
497392,499578,499605,27,2186
497392,499576,499605,29,2184
497392,499578,499606,28,2186
497486,499585,499606,21,2099
497392,499573,499606,33,2181
497392,499577,499606,29,2185
497392,499578,499606,28,2186
497486,499583,499606,23,2097
497392,499571,499608,37,2179
497392,499574,499608,34,2182
497392,499577,499609,32,2185
497392,499578,499608,30,2186
497392,499574,499608,34,2182
497392,499582,499609,27,2190
497486,499586,499609,23,2100
497392,499571,499609,38,2179
497392,499569,499610,41,2177
497392,499512,499610,98,2120
497486,499587,499611,24,2101
497392,499573,499611,38,2181
497486,499586,499610,24,2100
497392,499578,499611,33,2186
497392,499574,499612,38,2182
497392,499576,499612,36,2184
497392,499580,499612,32,2188
497486,499586,499613,27,2100
497392,499580,499613,33,2188
497392,499579,499613,34,2187
497392,499576,499614,38,2184
497392,499582,499615,33,2190
497392,499582,499616,34,2190
497392,499582,499617,35,2190
497392,499582,499618,36,2190
497486,499586,499619,33,2100
497392,499575,499620,45,2183
497486,499587,499622,35,2101
497486,499588,499624,36,2102
497486,499610,499631,21,2124
497486,499610,499633,23,2124
497486,499610,499634,24,2124
497486,499609,499635,26,2123
497486,499611,499636,25,2125
497486,499613,499637,24,2127
497486,499613,499638,25,2127
497486,499614,499638,24,2128
497486,499609,499639,30,2123
497486,499609,499639,30,2123
497486,499617,499639,22,2131
497486,499617,499639,22,2131
497486,499614,499639,25,2128
497486,499620,499639,19,2134
497486,499613,499640,27,2127
497486,499616,499641,25,2130
497486,499609,499642,33,2123
497486,499618,499642,24,2132
497486,499621,499642,21,2135
497486,499623,499644,21,2137
497486,499612,499644,32,2126
497486,499604,499646,42,2118
497486,499601,499646,45,2115
497486,499595,499646,51,2109
497486,499611,499647,36,2125
497486,499593,499647,54,2107
497486,499611,499647,36,2125
497486,499589,499648,59,2103
497486,499625,499648,23,2139
497486,499594,499651,57,2108
497486,499602,499650,48,2116
497486,499606,499651,45,2120
496629,498884,499652,768,2255
497486,499598,499653,55,2112
497486,499611,499653,42,2125
497486,499606,499653,47,2120
497486,499597,499654,57,2111
497486,499588,499654,66,2102
497486,499631,499653,22,2145
497486,499613,499654,41,2127
497486,499602,499655,53,2116
497486,499606,499655,49,2120
497486,499601,499656,55,2115
497486,499613,499656,43,2127
497486,499599,499656,57,2113
497486,499603,499656,53,2117
497486,499593,499657,64,2107
497486,499606,499656,50,2120
497486,499607,499658,51,2121
497486,499594,499658,64,2108
497486,499634,499657,23,2148
497486,499603,499657,54,2117
497486,499603,499658,55,2117
497486,499639,499658,19,2153
497486,499594,499659,65,2108
497486,499606,499659,53,2120
497486,499608,499660,52,2122
497486,499606,499660,54,2120
497486,499636,499660,24,2150
497486,499609,499661,52,2123
497486,499597,499662,65,2111
497486,499637,499663,26,2151
497486,499607,499663,56,2121
497486,499605,499663,58,2119
497486,499640,499665,25,2154
497486,499604,499665,61,2118
497486,499591,499666,75,2105
497486,499638,499666,28,2152
497486,499640,499667,27,2154
497486,499639,499667,28,2153
497486,499594,499667,73,2108
497486,499590,499668,78,2104
497486,499590,499668,78,2104
497486,499642,499669,27,2156
497486,499640,499670,30,2154
497486,499592,499669,77,2106
497486,499644,499670,26,2158
497486,499641,499670,29,2155
497486,499643,499671,28,2157
497486,499642,499672,30,2156
497486,499637,499673,36,2151
497486,499593,499673,80,2107
497486,499604,499674,70,2118
497486,499640,499674,34,2154
497486,499647,499674,27,2161
497486,499591,499674,83,2105
497486,499640,499676,36,2154
497486,499644,499676,32,2158
497486,499647,499677,30,2161
497486,499640,499678,38,2154
497486,499647,499677,30,2161
497486,499643,499678,35,2157
497486,499647,499680,33,2161
497486,499605,499682,77,2119
497486,499648,499683,35,2162
497486,499648,499683,35,2162
497486,499654,499683,29,2168
497486,499651,499683,32,2165
497486,499656,499684,28,2170
497562,499663,499686,23,2101
497562,499666,499687,21,2104
497486,499649,499687,38,2163
497486,499658,499687,29,2172
497486,499656,499687,31,2170
497486,499658,499687,29,2172
497486,499657,499687,30,2171
497486,499657,499687,30,2171
497562,499664,499688,24,2102
497486,499653,499687,34,2167
497562,499666,499688,22,2104
497486,499655,499688,33,2169
497486,499652,499689,37,2166
497562,499666,499688,22,2104
497486,499659,499689,30,2173
497486,499656,499689,33,2170
497486,499661,499689,28,2175
497486,499658,499691,33,2172
497486,499657,499690,33,2171
497486,499654,499691,37,2168
497486,499661,499692,31,2175
497486,499649,499692,43,2163
497486,499655,499692,37,2169
497486,499658,499693,35,2172
497486,499654,499693,39,2168
497486,499660,499693,33,2174
497486,499657,499694,37,2171
497562,499663,499694,31,2101
497486,499652,499694,42,2166
497486,499661,499695,34,2175
497486,499651,499696,45,2165
497562,499666,499696,30,2104
497486,499660,499697,37,2174
497486,499605,499697,92,2119
497562,499667,499699,32,2105
497486,499659,499699,40,2173
497562,499667,499699,32,2105
497486,499660,499700,40,2174
497486,499653,499701,48,2167
497486,499654,499709,55,2168
497562,499692,499715,23,2130
497562,499700,499717,17,2138
497562,499694,499717,23,2132
497562,499668,499698,30,2106
497562,499668,499717,49,2106
497562,499698,499718,20,2136
497562,499694,499719,25,2132
497562,499692,499718,26,2130
497562,499691,499719,28,2129
497562,499691,499719,28,2129
497562,499701,499720,19,2139
497562,499697,499720,23,2135
497562,499701,499721,20,2139
497562,499690,499721,31,2128
497562,499691,499722,31,2129
497562,499695,499722,27,2133
497562,499697,499722,25,2135
497562,499697,499722,25,2135
497562,499700,499722,22,2138
497562,499700,499723,23,2138
497562,499693,499726,33,2131
496713,498947,499726,779,2234
497562,499710,499727,17,2148
497562,499688,499727,39,2126
497562,499688,499727,39,2126
497562,499687,499729,42,2125
497562,499689,499730,41,2127
497562,499694,499731,37,2132
497562,499688,499732,44,2126
497562,499669,499732,63,2107
497562,499682,499733,51,2120
497562,499683,499733,50,2121
497562,499716,499734,18,2154
497562,499695,499734,39,2133
497562,499690,499733,43,2128
497562,499675,499733,58,2113
497562,499688,499734,46,2126
497562,499677,499735,58,2115
497562,499677,499735,58,2115
497562,499688,499735,47,2126
497562,499680,499737,57,2118
497562,499675,499737,62,2113
497562,499687,499737,50,2125
497562,499683,499738,55,2121
497562,499694,499739,45,2132
497562,499669,499739,70,2107
497562,499678,499738,60,2116
497562,499689,499739,50,2127
497562,499689,499739,50,2127
497562,499683,499739,56,2121
497562,499678,499740,62,2116
497562,499677,499741,64,2115
497562,499675,499741,66,2113
497562,499678,499742,64,2116
497562,499717,499742,25,2155
497562,499718,499743,25,2156
497562,499687,499742,55,2125
497562,499720,499744,24,2158
497562,499719,499744,25,2157
497562,499717,499745,28,2155
497562,499722,499745,23,2160
497562,499689,499746,57,2127
497562,499718,499746,28,2156
497562,499720,499748,28,2158
497562,499684,499748,64,2122
497562,499687,499748,61,2125
497562,499674,499748,74,2112
497562,499722,499749,27,2160
497562,499721,499749,28,2159
497562,499687,499751,64,2125
497562,499722,499752,30,2160
497562,499724,499753,29,2162
497562,499684,499752,68,2122
497562,499670,499753,83,2108
497562,499670,499753,83,2108
497562,499720,499753,33,2158
497562,499670,499754,84,2108
497562,499723,499754,31,2161
497562,499718,499754,36,2156
497562,499673,499754,81,2111
497562,499722,499754,32,2160
497562,499674,499756,82,2112
497562,499723,499756,33,2161
497562,499686,499756,70,2124
497562,499719,499757,38,2157
497562,499671,499757,86,2109
497562,499728,499757,29,2166
497562,499673,499760,87,2111
497562,499671,499760,89,2109
497562,499727,499761,34,2165
497562,499727,499760,33,2165
497562,499721,499761,40,2159
497562,499721,499762,41,2159
497562,499726,499763,37,2164
497562,499738,499766,28,2176
497562,499731,499766,35,2169
497562,499730,499766,36,2168
497562,499728,499768,40,2166
497562,499741,499768,27,2179
497562,499740,499768,28,2178
497562,499731,499768,37,2169
497562,499740,499770,30,2178
497562,499736,499771,35,2174
497562,499736,499771,35,2174
497562,499742,499770,28,2180
497562,499734,499772,38,2172
497562,499739,499772,33,2177
497562,499732,499773,41,2170
497562,499739,499774,35,2177
497562,499739,499774,35,2177
497626,499749,499774,25,2123
497562,499743,499775,32,2181
497626,499750,499775,25,2124
497626,499748,499775,27,2122
497562,499739,499775,36,2177
497562,499733,499774,41,2171
497562,499734,499776,42,2172
497626,499749,499776,27,2123
497562,499733,499776,43,2171
497562,499739,499776,37,2177
497562,499743,499776,33,2181
497562,499746,499776,30,2184
497562,499743,499777,34,2181
497562,499735,499778,43,2173
497562,499738,499778,40,2176
497562,499733,499779,46,2171
497562,499734,499779,45,2172
497562,499739,499779,40,2177
497562,499745,499780,35,2183
497562,499737,499779,42,2175
497562,499745,499780,35,2183
497562,499745,499780,35,2183
497626,499751,499780,29,2125
497562,499746,499780,34,2184
496777,499012,499781,769,2235
497626,499753,499781,28,2127
497626,499749,499781,32,2123
497626,499750,499782,32,2124
497626,499752,499783,31,2126
497562,499743,499785,42,2181
497562,499734,499787,53,2172
497562,499736,499790,54,2174
497626,499753,499793,40,2127
497626,499784,499802,18,2158
497626,499780,499802,22,2154
497626,499776,499802,26,2150
497626,499786,499803,17,2160
497626,499783,499804,21,2157
497626,499782,499804,22,2156
497626,499782,499805,23,2156
497626,499777,499806,29,2151
497626,499782,499806,24,2156
497626,499780,499806,26,2154
497626,499788,499807,19,2162
497626,499781,499807,26,2155
497626,499775,499808,33,2149
497626,499777,499809,32,2151
497626,499780,499810,30,2154
497626,499776,499811,35,2150
497626,499779,499810,31,2153
497626,499778,499811,33,2152
497626,499775,499811,36,2149
497626,499771,499812,41,2145
497626,499779,499813,34,2153
497626,499780,499814,34,2154
497626,499774,499814,40,2148
497626,499761,499815,54,2135
497626,499781,499815,34,2155
497626,499774,499816,42,2148
497626,499791,499817,26,2165
497626,499775,499816,41,2149
497626,499776,499816,40,2150
497626,499780,499817,37,2154
497626,499778,499818,40,2152
497626,499761,499819,58,2135
497626,499775,499819,44,2149
497626,499753,499819,66,2127
497626,499776,499820,44,2150
497626,499753,499821,68,2127
497626,499773,499823,50,2147
497626,499766,499823,57,2140
497626,499764,499825,61,2138
497626,499775,499826,51,2149
497626,499762,499828,66,2136
497626,499771,499827,56,2145
497626,499771,499827,56,2145
497626,499778,499827,49,2152
497626,499776,499828,52,2150
497626,499758,499829,71,2132
497626,499760,499829,69,2134
497626,499809,499829,20,2183
497626,499776,499830,54,2150
497626,499754,499829,75,2128
497626,499794,499829,35,2168
497626,499760,499830,70,2134
497626,499771,499832,61,2145
497626,499769,499833,64,2143
497626,499761,499833,72,2135
497626,499767,499834,67,2141
497626,499808,499834,26,2182
497626,499767,499835,68,2141
497626,499804,499835,31,2178
497626,499754,499835,81,2128
497626,499755,499836,81,2129
497626,499802,499838,36,2176
497626,499768,499837,69,2142
497626,499805,499838,33,2179
497626,499806,499838,32,2180
497626,499772,499838,66,2146
497626,499756,499839,83,2130
497626,499808,499838,30,2182
497626,499809,499839,30,2183
497626,499803,499840,37,2177
497626,499805,499840,35,2179
497626,499754,499840,86,2128
497626,499768,499839,71,2142
497626,499757,499839,82,2131
497626,499757,499841,84,2131
497626,499804,499841,37,2178
497626,499803,499841,38,2177
497626,499757,499843,86,2131
497626,499768,499843,75,2142
497626,499811,499844,33,2185
497626,499810,499845,35,2184
497626,499811,499846,35,2185
497626,499807,499845,38,2181
497626,499807,499847,40,2181
497626,499815,499849,34,2189
497626,499812,499848,36,2186
497626,499812,499849,37,2186
497626,499758,499850,92,2132
497626,499755,499850,95,2129
497626,499754,499851,97,2128
497626,499813,499854,41,2187
497626,499815,499855,40,2189
497626,499814,499855,41,2188
497626,499817,499856,39,2191
497626,499816,499858,42,2190
496865,499080,499859,779,2215
497626,499817,499859,42,2191
497626,499818,499860,42,2192
497626,499818,499860,42,2192
497692,499838,499862,24,2146
497626,499829,499862,33,2203
497692,499838,499863,25,2146
497626,499829,499863,34,2203
497626,499830,499864,34,2204
497626,499829,499864,35,2203
497626,499828,499864,36,2202
497626,499826,499865,39,2200
497626,499828,499866,38,2202
497692,499839,499866,27,2147
497626,499828,499866,38,2202
497626,499829,499866,37,2203
497626,499817,499866,49,2191
497692,499838,499866,28,2146
497626,499815,499866,51,2189
497626,499820,499866,46,2194
497626,499830,499866,36,2204
497626,499820,499867,47,2194
497692,499838,499867,29,2146
497626,499823,499869,46,2197
497626,499832,499869,37,2206
497692,499839,499869,30,2147
497626,499830,499870,40,2204
497626,499824,499870,46,2198
497626,499818,499871,53,2192
497626,499820,499871,51,2194
497626,499835,499871,36,2209
497626,499836,499872,36,2210
497626,499822,499873,51,2196
497692,499840,499875,35,2148
497626,499828,499876,48,2202
497692,499839,499877,38,2147
497626,499831,499877,46,2205
497626,499825,499879,54,2199
497626,499834,499880,46,2208
497626,499836,499880,44,2210
497692,499840,499880,40,2148
497626,499833,499880,47,2207
497692,499840,499880,40,2148
497626,499836,499881,45,2210
497626,499819,499882,63,2193
497626,499835,499882,47,2209
497692,499872,499897,25,2180
497692,499872,499897,25,2180
497692,499870,499898,28,2178
497692,499874,499900,26,2182
497692,499881,499901,20,2189
497692,499840,499900,60,2148
497692,499872,499902,30,2180
497692,499880,499902,22,2188
497692,499851,499902,51,2159
497692,499865,499902,37,2173
497692,499880,499903,23,2188
497692,499870,499903,33,2178
497692,499868,499903,35,2176
497692,499878,499904,26,2186
497692,499872,499904,32,2180
497692,499866,499903,37,2174
497692,499881,499904,23,2189
497692,499840,499904,64,2148
497692,499880,499904,24,2188
497692,499864,499905,41,2172
497692,499866,499905,39,2174
497692,499880,499905,25,2188
497692,499866,499907,41,2174
497692,499840,499907,67,2148
497692,499866,499907,41,2174
497692,499865,499908,43,2173
497692,499871,499908,37,2179
497692,499878,499908,30,2186
497692,499867,499909,42,2175
497692,499855,499911,56,2163
497692,499866,499911,45,2174
497692,499866,499912,46,2174
497692,499863,499912,49,2171
497692,499864,499912,48,2172
497692,499867,499912,45,2175
497692,499867,499913,46,2175
497692,499864,499913,49,2172
497692,499876,499914,38,2184
497692,499859,499915,56,2167
497692,499867,499915,48,2175
497692,499862,499916,54,2170
497692,499856,499916,60,2164
497692,499881,499916,35,2189
497692,499870,499917,47,2178
497692,499849,499917,68,2157
497692,499868,499918,50,2176
497692,499882,499918,36,2190
497692,499861,499920,59,2169
497692,499841,499921,80,2149
497692,499856,499920,64,2164
497692,499883,499921,38,2191
497692,499849,499921,72,2157
497692,499871,499922,51,2179
497692,499861,499922,61,2169
497692,499851,499922,71,2159
497692,499851,499924,73,2159
497692,499854,499925,71,2162
497692,499859,499925,66,2167
497692,499899,499925,26,2207
497692,499876,499926,50,2184
497692,499841,499927,86,2149
497692,499904,499928,24,2212
497692,499861,499929,68,2169
497692,499844,499928,84,2152
497692,499904,499930,26,2212
497692,499846,499931,85,2154
497692,499904,499931,27,2212
497692,499904,499932,28,2212
497692,499900,499933,33,2208
497692,499844,499933,89,2152
497692,499903,499934,31,2211
497692,499904,499934,30,2212
497692,499847,499934,87,2155
497692,499898,499935,37,2206
497692,499841,499935,94,2149
497692,499898,499937,39,2206
497692,499901,499937,36,2209
497692,499905,499937,32,2213
497692,499901,499938,37,2209
497692,499902,499938,36,2210
497692,499902,499939,37,2210
497692,499905,499939,34,2213
497692,499903,499939,36,2211
497692,499846,499940,94,2154
497692,499905,499940,35,2213
497692,499849,499940,91,2157
497692,499846,499940,94,2154
497692,499905,499941,36,2213
497692,499906,499945,39,2214
497692,499903,499949,46,2211
497692,499906,499950,44,2214
497692,499844,499950,106,2152
497768,499928,499950,22,2160
497692,499908,499950,42,2216
497692,499907,499953,46,2215
497692,499914,499953,39,2222
497692,499912,499953,41,2220
497692,499908,499954,46,2216
497692,499910,499957,47,2218
497692,499918,499957,39,2226
497692,499916,499957,41,2224
497692,499912,499956,44,2220
497692,499911,499958,47,2219
497768,499930,499958,28,2162
497692,499907,499958,51,2215
497692,499912,499959,47,2220
497692,499909,499959,50,2217
497692,499916,499959,43,2224
497692,499912,499959,47,2220
497692,499908,499960,52,2216
497692,499922,499960,38,2230
497692,499918,499960,42,2226
497692,499916,499960,44,2224
497768,499929,499960,31,2161
497768,499929,499960,31,2161
497692,499922,499960,38,2230
497692,499917,499961,44,2225
497768,499932,499962,30,2164
497768,499932,499962,30,2164
497692,499920,499963,43,2228
497692,499921,499964,43,2229
497692,499918,499964,46,2226
497692,499925,499964,39,2233
497692,499927,499964,37,2235
497692,499926,499965,39,2234
497692,499916,499966,50,2224
497692,499921,499966,45,2229
497692,499915,499967,52,2223
497768,499934,499967,33,2166
497692,499925,499967,42,2233
496936,499147,499968,821,2211
497692,499914,499967,53,2222
497692,499926,499968,42,2234
497692,499921,499969,48,2229
497768,499932,499968,36,2164
497692,499915,499969,54,2223
497692,499913,499970,57,2221
497013,499219,499972,753,2206
497692,499923,499974,51,2231
497692,499923,499976,53,2231
497768,499933,499978,45,2165
497768,499935,499977,42,2167
497768,499935,499983,48,2167
497768,499960,499990,30,2192
497768,499959,499991,32,2191
497768,499969,499990,21,2201
497768,499970,499991,21,2202
497768,499965,499991,26,2197
497768,499957,499993,36,2189
497768,499965,499993,28,2197
497768,499969,499994,25,2201
497768,499960,499994,34,2192
497768,499965,499994,29,2197
497768,499935,499993,58,2167
497768,499969,499994,25,2201
497768,499961,499994,33,2193
497768,499960,499995,35,2192
497768,499966,499995,29,2198
497768,499959,499996,37,2191
497768,499968,499996,28,2200
497768,499967,499997,30,2199
497768,499961,499998,37,2193
497768,499961,499997,36,2193
497768,499960,499997,37,2192
497768,499961,499998,37,2193
497768,499968,500000,32,2200
497768,499971,500000,29,2203
497768,499961,500000,39,2193
497768,499957,500000,43,2189
497768,499955,500001,46,2187
497768,499936,500001,65,2168
497768,499960,500002,42,2192
497768,499963,500003,40,2195
497768,499967,500003,36,2199
497768,499967,500003,36,2199
497768,499960,500004,44,2192
497768,499972,500005,33,2204
497768,499957,500005,48,2189
497768,499975,500008,33,2207
497768,499964,500008,44,2196
497768,499962,500010,48,2194
497768,499957,500010,53,2189
497768,499959,500011,52,2191
497768,499937,500014,77,2169
497768,499954,500014,60,2186
497768,499984,500014,30,2216
497768,499963,500015,52,2195
497768,499936,500015,79,2168
497768,499965,500017,52,2197
497768,499945,500017,72,2177
497768,499951,500020,69,2183
497768,499954,500019,65,2186
497768,499949,500020,71,2181
497768,499954,500020,66,2186
497768,499977,500020,43,2209
497768,499994,500021,27,2226
497768,499994,500022,28,2226
497768,499978,500022,44,2210
497768,499994,500022,28,2226
497768,499937,500022,85,2169
497768,499968,500022,54,2200
497768,499938,500022,84,2170
497768,499978,500023,45,2210
497768,499994,500023,29,2226
497768,499995,500024,29,2227
497768,499996,500025,29,2228
497768,499995,500026,31,2227
497768,499940,500027,87,2172
497768,499991,500027,36,2223
497768,499994,500027,33,2226
497768,499965,500028,63,2197
497768,499995,500028,33,2227
497768,499941,500027,86,2173
497768,499950,500029,79,2182
497768,499938,500029,91,2170
497768,499991,500029,38,2223
497768,499937,500029,92,2169
497768,499991,500030,39,2223
497768,499939,500030,91,2171
497768,499991,500031,40,2223
497768,499996,500030,34,2228
497768,499996,500032,36,2228
497768,499940,500033,93,2172
497768,499940,500032,92,2172
497768,499940,500034,94,2172
497768,499992,500036,44,2224
497768,499942,500035,93,2174
497768,499940,500036,96,2172
497768,500001,500038,37,2233
497768,499950,500039,89,2182
497768,499950,500040,90,2182
497768,499998,500040,42,2230
497768,499997,500040,43,2229
497768,499994,500040,46,2226
497083,499289,500042,753,2206
497768,499998,500042,44,2230
497768,500002,500043,41,2234
497768,500000,500044,44,2232
497768,499998,500043,45,2230
497768,500004,500045,41,2236
497849,500025,500046,21,2176
497768,500000,500046,46,2232
497768,500001,500046,45,2233
497849,500023,500048,25,2174
497768,499999,500049,50,2231
497768,500003,500049,46,2235
497768,500011,500049,38,2243
497768,500018,500050,32,2250
497849,500027,500052,25,2178
497768,500000,500052,52,2232
497768,500015,500052,37,2247
497768,500004,500053,49,2236
497849,500026,500054,28,2177
497768,500002,500055,53,2234
497768,500015,500055,40,2247
497849,500024,500056,32,2175
497768,500009,500056,47,2241
497768,500009,500057,48,2241
497849,500027,500057,30,2178
497768,500015,500057,42,2247
497768,500005,500057,52,2237
497768,500018,500058,40,2250
497768,500016,500058,42,2248
497849,500027,500059,32,2178
497768,500016,500059,43,2248
497768,500023,500060,37,2255
497768,500006,500060,54,2238
497768,500020,500062,42,2252
497768,500006,500062,56,2238
497849,500028,500063,35,2179
497768,500022,500065,43,2254
497768,500023,500065,42,2255
497768,500021,500066,45,2253
497768,500010,500066,56,2242
497768,500021,500067,46,2253
497768,500023,500068,45,2255
497768,500012,500068,56,2244
497768,500020,500068,48,2252
497768,500023,500070,47,2255
497768,500021,500071,50,2253
497849,500028,500073,45,2179
497849,500029,500074,45,2180
497849,500028,500079,51,2179
497849,500047,500080,33,2198
497849,500050,500081,31,2201
497849,500057,500081,24,2208
497768,500022,500082,60,2254
497849,500058,500082,24,2209
497849,500049,500083,34,2200
497849,500053,500084,31,2204
497849,500054,500084,30,2205
497849,500028,500084,56,2179
497849,500047,500085,38,2198
497849,500056,500085,29,2207
497849,500050,500085,35,2201
497849,500060,500086,26,2211
497849,500060,500087,27,2211
497849,500050,500088,38,2201
497849,500053,500088,35,2204
497849,500063,500088,25,2214
497849,500060,500090,30,2211
497849,500049,500089,40,2200
497849,500045,500090,45,2196
497849,500046,500090,44,2197
497849,500044,500090,46,2195
497849,500056,500091,35,2207
497849,500053,500092,39,2204
497849,500062,500092,30,2213
497849,500068,500092,24,2219
497849,500055,500094,39,2206
497849,500067,500094,27,2218
497849,500063,500096,33,2214
497849,500054,500095,41,2205
497849,500060,500095,35,2211
497849,500057,500097,40,2208
497849,500058,500098,40,2209
497849,500069,500098,29,2220
497849,500057,500100,43,2208
497849,500055,500100,45,2206
497849,500069,500101,32,2220
497849,500065,500104,39,2216
497849,500071,500104,33,2222
497849,500029,500105,76,2180
497849,500045,500105,60,2196
497849,500078,500105,27,2229
497849,500067,500106,39,2218
497849,500043,500107,64,2194
497849,500030,500107,77,2181
497849,500086,500108,22,2237
497849,500031,500109,78,2182
497849,500065,500109,44,2216
497849,500085,500109,24,2236
497849,500057,500110,53,2208
497849,500085,500111,26,2236
497849,500089,500111,22,2240
497849,500085,500111,26,2236
497849,500031,500112,81,2182
497849,500043,500112,69,2194
497849,500082,500113,31,2233
497849,500074,500113,39,2225
497849,500080,500115,35,2231
497849,500071,500116,45,2222
497849,500084,500116,32,2235
497849,500029,500116,87,2180
497849,500082,500116,34,2233
497849,500031,500116,85,2182
497849,500089,500117,28,2240
497849,500081,500117,36,2232
497849,500086,500118,32,2237
497849,500084,500118,34,2235
497849,500087,500119,32,2238
497849,500040,500119,79,2191
497849,500089,500121,32,2240
497849,500075,500121,46,2226
497849,500082,500121,39,2233
497849,500084,500122,38,2235
497849,500090,500124,34,2241
497849,500030,500126,96,2181
497849,500036,500128,92,2187
497849,500090,500128,38,2241
497849,500033,500129,96,2184
497165,499361,500131,770,2196
497849,500092,500132,40,2243
497849,500032,500132,100,2183
497849,500083,500132,49,2234
497849,500091,500133,42,2242
497849,500041,500133,92,2192
497849,500091,500133,42,2242
497849,500091,500133,42,2242
497849,500092,500134,42,2243
497849,500036,500134,98,2187
497849,500040,500134,94,2191
497849,500037,500135,98,2188
497849,500094,500135,41,2245
497849,500033,500136,103,2184
497849,500043,500137,94,2194
497849,500039,500137,98,2190
497849,500096,500137,41,2247
497849,500096,500138,42,2247
497849,500093,500137,44,2244
497849,500096,500138,42,2247
497849,500041,500139,98,2192
497849,500094,500139,45,2245
497849,500038,500139,101,2189
497930,500117,500140,23,2187
497849,500034,500140,106,2185
497849,500108,500142,34,2259
497849,500094,500143,49,2245
497849,500101,500143,42,2252
497930,500118,500145,27,2188
497849,500109,500147,38,2260
497849,500098,500148,50,2249
497849,500106,500148,42,2257
497930,500117,500148,31,2187
497849,500101,500149,48,2252
497930,500117,500149,32,2187
497849,500099,500150,51,2250
497849,500111,500150,39,2262
497849,500106,500151,45,2257
497849,500108,500150,42,2259
497849,500106,500152,46,2257
497849,500114,500153,39,2265
497849,500110,500152,42,2261
497849,500116,500153,37,2267
497930,500119,500154,35,2189
497849,500099,500154,55,2250
497849,500101,500155,54,2252
497930,500119,500155,36,2189
497849,500106,500154,48,2257
497849,500112,500155,43,2263
497849,500109,500155,46,2260
497930,500118,500155,37,2188
497849,500109,500156,47,2260
497849,500112,500156,44,2263
497849,500111,500157,46,2262
497849,500112,500157,45,2263
497930,500120,500157,37,2190
497849,500105,500161,56,2256
497930,500120,500161,41,2190
497930,500121,500162,41,2191
497849,500111,500162,51,2262
497849,500105,500163,58,2256
497849,500116,500164,48,2267
497849,500113,500171,58,2264
497930,500139,500172,33,2209
497930,500121,500172,51,2191
497930,500140,500173,33,2210
497930,500140,500174,34,2210
497930,500147,500175,28,2217
497930,500144,500176,32,2214
497930,500153,500177,24,2223
497930,500142,500177,35,2212
497930,500121,500178,57,2191
497930,500153,500179,26,2223
497930,500139,500179,40,2209
497930,500153,500179,26,2223
497930,500141,500180,39,2211
497930,500155,500181,26,2225
497930,500151,500181,30,2221
497930,500145,500182,37,2215
497930,500150,500181,31,2220
497930,500148,500182,34,2218
497930,500140,500182,42,2210
497930,500150,500182,32,2220
497930,500144,500183,39,2214
497930,500148,500183,35,2218
497930,500137,500184,47,2207
497930,500155,500184,29,2225
497930,500138,500184,46,2208
497930,500148,500184,36,2218
497930,500149,500185,36,2219
497930,500153,500185,32,2223
497930,500155,500186,31,2225
497930,500155,500186,31,2225
497930,500151,500187,36,2221
497930,500156,500188,32,2226
497930,500155,500188,33,2225
497930,500138,500188,50,2208
497930,500155,500188,33,2225
497930,500158,500193,35,2228
497930,500158,500193,35,2228
497930,500161,500194,33,2231
497930,500151,500196,45,2221
497930,500157,500196,39,2227
497930,500162,500198,36,2232
497930,500123,500198,75,2193
497930,500156,500199,43,2226
497930,500154,500203,49,2224
497930,500163,500203,40,2233
497930,500125,500203,78,2195
497930,500136,500204,68,2206
497930,500156,500206,50,2226
497930,500178,500206,28,2248
497930,500178,500206,28,2248
497930,500181,500208,27,2251
497930,500136,500209,73,2206
497930,500126,500210,84,2196
497930,500128,500210,82,2198
497930,500179,500210,31,2249
497930,500177,500210,33,2247
497303,499431,500211,780,2128
497930,500163,500211,48,2233
497930,500128,500213,85,2198
497930,500164,500212,48,2234
497930,500177,500213,36,2247
497930,500174,500213,39,2244
497930,500179,500214,35,2249
497930,500130,500214,84,2200
497930,500131,500214,83,2201
497930,500172,500215,43,2242
497930,500179,500215,36,2249
497930,500182,500215,33,2252
497930,500173,500216,43,2243
497930,500175,500218,43,2245
497930,500182,500218,36,2252
497930,500173,500218,45,2243
497930,500181,500218,37,2251
497930,500136,500219,83,2206
497930,500182,500220,38,2252
497930,500135,500220,85,2205
497930,500137,500221,84,2207
497930,500172,500221,49,2242
497930,500183,500221,38,2253
497930,500184,500222,38,2254
497930,500133,500222,89,2203
497930,500183,500225,42,2253
497930,500135,500225,90,2205
497930,500188,500226,38,2258
497930,500137,500228,91,2207
497930,500165,500228,63,2235
497930,500183,500228,45,2253
497930,500133,500228,95,2203
497930,500183,500230,47,2253
497930,500184,500231,47,2254
497930,500134,500231,97,2204
497930,500187,500233,46,2257
497930,500134,500232,98,2204
497930,500188,500234,46,2258
497930,500185,500235,50,2255
498045,500214,500237,23,2169
497930,500133,500236,103,2203
497930,500186,500236,50,2256
497930,500187,500238,51,2257
497930,500134,500238,104,2204
497930,500194,500238,44,2264
497930,500185,500238,53,2255
498045,500214,500239,25,2169
497930,500188,500239,51,2258
497930,500134,500239,105,2204
497930,500133,500241,108,2203
498045,500214,500241,27,2169
497930,500185,500241,56,2255
497930,500194,500243,49,2264
497930,500204,500242,38,2274
497930,500198,500243,45,2268
497930,500186,500243,57,2256
497930,500200,500244,44,2270
498045,500215,500244,29,2170
497930,500189,500246,57,2259
498045,500216,500245,29,2171
498045,500215,500247,32,2170
497930,500204,500247,43,2274
497930,500189,500248,59,2259
497930,500204,500248,44,2274
497930,500205,500248,43,2275
497930,500193,500248,55,2263
498045,500216,500249,33,2171
497930,500212,500250,38,2282
498045,500216,500250,34,2171
497930,500198,500250,52,2268
497930,500212,500251,39,2282
497930,500197,500252,55,2267
497930,500211,500253,42,2281
498045,500216,500254,38,2171
497930,500210,500256,46,2280
497930,500212,500257,45,2282
497930,500197,500258,61,2267
498045,500218,500259,41,2173
497930,500207,500259,52,2277
497930,500211,500259,48,2281
497930,500206,500260,54,2276
497930,500207,500260,53,2277
497930,500213,500260,47,2283
497930,500209,500261,52,2279
498045,500218,500263,45,2173
498045,500218,500265,47,2173
497930,500210,500266,56,2280
498045,500248,500267,19,2203
498045,500239,500268,29,2194
498045,500249,500268,19,2204
498045,500248,500269,21,2203
498045,500248,500271,23,2203
498045,500241,500271,30,2196
498045,500237,500271,34,2192
498045,500239,500272,33,2194
498045,500243,500273,30,2198
497349,499506,500273,767,2157
498045,500247,500272,25,2202
498045,500240,500274,34,2195
498045,500240,500273,33,2195
498045,500240,500274,34,2195
498045,500243,500274,31,2198
498045,500239,500275,36,2194
498045,500241,500275,34,2196
498045,500219,500277,58,2174
498045,500245,500277,32,2200
498045,500238,500278,40,2193
498045,500250,500278,28,2205
498045,500242,500278,36,2197
498045,500250,500279,29,2205
498045,500244,500279,35,2199
498045,500250,500281,31,2205
498045,500237,500281,44,2192
498045,500244,500283,39,2199
498045,500253,500284,31,2208
498045,500244,500284,40,2199
498045,500252,500286,34,2207
498045,500237,500286,49,2192
498045,500246,500287,41,2201
498045,500259,500287,28,2214
498045,500255,500287,32,2210
498045,500252,500288,36,2207
498045,500258,500290,32,2213
498045,500249,500291,42,2204
498045,500250,500291,41,2205
498045,500260,500292,32,2215
498045,500219,500293,74,2174
498045,500271,500295,24,2226
498045,500246,500296,50,2201
498045,500269,500297,28,2224
498045,500271,500298,27,2226
498045,500231,500299,68,2186
498045,500221,500299,78,2176
498045,500221,500300,79,2176
498045,500274,500300,26,2229
498045,500229,500299,70,2184
498045,500274,500299,25,2229
498045,500273,500300,27,2228
498045,500266,500301,35,2221
498045,500271,500300,29,2226
498045,500273,500301,28,2228
498045,500266,500301,35,2221
498045,500260,500301,41,2215
498045,500233,500301,68,2188
498045,500269,500302,33,2224
498045,500229,500302,73,2184
498045,500273,500303,30,2228
498045,500264,500304,40,2219
498045,500262,500304,42,2217
498045,500274,500304,30,2229
498045,500231,500304,73,2186
498045,500273,500304,31,2228
498045,500221,500305,84,2176
498045,500260,500306,46,2215
498045,500236,500305,69,2191
498045,500257,500307,50,2212
498045,500274,500307,33,2229
498045,500221,500307,86,2176
498045,500267,500307,40,2222
498045,500232,500308,76,2187
498045,500222,500309,87,2177
498045,500233,500309,76,2188
498045,500257,500309,52,2212
498045,500223,500310,87,2178
498045,500277,500313,36,2232
498045,500261,500313,52,2216
498045,500222,500314,92,2177
498045,500268,500314,46,2223
498045,500267,500314,47,2222
498045,500279,500315,36,2234
498045,500278,500316,38,2233
498045,500277,500316,39,2232
498045,500225,500318,93,2180
498045,500228,500318,90,2183
498045,500275,500318,43,2230
498045,500276,500320,44,2231
498045,500285,500324,39,2240
498045,500280,500323,43,2235
498045,500280,500323,43,2235
498045,500282,500324,42,2237
498045,500279,500324,45,2234
498045,500226,500326,100,2181
498045,500286,500326,40,2241
498045,500234,500328,94,2189
498045,500284,500329,45,2239
498045,500229,500329,100,2184
498102,500304,500329,25,2202
498045,500285,500329,44,2240
498045,500286,500331,45,2241
498045,500289,500330,41,2244
498045,500293,500331,38,2248
498045,500281,500332,51,2236
498102,500303,500331,28,2201
498102,500304,500331,27,2202
498045,500297,500332,35,2252
498102,500304,500332,28,2202
498102,500305,500333,28,2203
498045,500226,500334,108,2181
498102,500305,500334,29,2203
498045,500288,500334,46,2243
498045,500296,500334,38,2251
498045,500295,500334,39,2250
498045,500294,500336,42,2249
498045,500290,500336,46,2245
498102,500305,500336,31,2203
498045,500291,500336,45,2246
498045,500288,500338,50,2243
498045,500302,500338,36,2257
498045,500300,500339,39,2255
498045,500288,500340,52,2243
498045,500299,500341,42,2254
498045,500299,500342,43,2254
498045,500301,500343,42,2256
498045,500301,500344,43,2256
498102,500305,500344,39,2203
498045,500302,500345,43,2257
498045,500302,500345,43,2257
498045,500292,500346,54,2247
498045,500300,500346,46,2255
498102,500306,500347,41,2204
498045,500299,500348,49,2254
498045,500301,500348,47,2256
498045,500301,500350,49,2256
498102,500306,500345,39,2204
498045,500300,500351,51,2255
498045,500300,500353,53,2255
498102,500307,500354,47,2205
498102,500336,500357,21,2234
498102,500335,500358,23,2233
498102,500337,500359,22,2235
498102,500336,500359,23,2234
498102,500330,500359,29,2228
498102,500333,500361,28,2231
498102,500327,500361,34,2225
498102,500308,500362,54,2206
498102,500336,500362,26,2234
498102,500331,500362,31,2229
498102,500326,500363,37,2224
498102,500332,500363,31,2230
498102,500329,500363,34,2227
498102,500330,500364,34,2228
498102,500332,500364,32,2230
498102,500335,500364,29,2233
498102,500330,500366,36,2228
498102,500333,500366,33,2231
498102,500331,500365,34,2229
498102,500331,500368,37,2229
498102,500341,500368,27,2239
498102,500334,500369,35,2232
498102,500332,500369,37,2230
498102,500330,500369,39,2228
498102,500308,500370,62,2206
498102,500333,500372,39,2231
498102,500340,500372,32,2238
498102,500325,500373,48,2223
498102,500347,500374,27,2245
498102,500347,500376,29,2245
498102,500339,500375,36,2237
498102,500345,500376,31,2243
498102,500345,500376,31,2243
498102,500319,500377,58,2217
498102,500351,500377,26,2249
498102,500345,500380,35,2243
498102,500344,500380,36,2242
498102,500335,500381,46,2233
498102,500348,500383,35,2246
498102,500334,500383,49,2232
498102,500340,500384,44,2238
498102,500319,500383,64,2217
498102,500308,500384,76,2206
498102,500349,500385,36,2247
498102,500339,500386,47,2237
498102,500320,500386,66,2218
498102,500359,500387,28,2257
498102,500364,500387,23,2262
498102,500310,500388,78,2208
498102,500310,500388,78,2208
498102,500319,500388,69,2217
498102,500360,500387,27,2258
498102,500364,500388,24,2262
498102,500324,500387,63,2222
498102,500363,500389,26,2261
498102,500362,500388,26,2260
498102,500325,500390,65,2223
498102,500353,500390,37,2251
498102,500309,500390,81,2207
498102,500363,500390,27,2261
498102,500345,500390,45,2243
498102,500364,500391,27,2262
498102,500347,500391,44,2245
498102,500362,500392,30,2260
498102,500360,500392,32,2258
498102,500363,500394,31,2261
498102,500364,500394,30,2262
498102,500317,500396,79,2215
498102,500311,500398,87,2209
498102,500352,500398,46,2250
498102,500354,500398,44,2252
498102,500352,500398,46,2250
497395,499583,500399,816,2188
498102,500324,500400,76,2222
498102,500324,500400,76,2222
498102,500358,500399,41,2256
498102,500364,500401,37,2262
498102,500365,500401,36,2263
498102,500368,500402,34,2266
498102,500351,500403,52,2249
498102,500370,500402,32,2268
498102,500310,500402,92,2208
498102,500313,500405,92,2211
498102,500317,500405,88,2215
498102,500369,500405,36,2267
498102,500366,500406,40,2264
498102,500358,500408,50,2256
498102,500315,500408,93,2213
498102,500315,500408,93,2213
498102,500371,500411,40,2269
498177,500391,500411,20,2214
498102,500366,500411,45,2264
498177,500391,500412,21,2214
498102,500366,500413,47,2264
498177,500391,500413,22,2214
498102,500315,500414,99,2213
498102,500376,500415,39,2274
498102,500372,500416,44,2270
498177,500392,500416,24,2215
498102,500375,500416,41,2273
498102,500314,500418,104,2212
498177,500391,500419,28,2214
498102,500372,500419,47,2270
498102,500313,500421,108,2211
497489,499662,500421,759,2173
498102,500384,500422,38,2282
498102,500370,500423,53,2268
498102,500380,500423,43,2278
498177,500392,500423,31,2215
498102,500370,500423,53,2268
498177,500394,500423,29,2217
498102,500377,500424,47,2275
498102,500377,500424,47,2275
498102,500384,500424,40,2282
498102,500384,500426,42,2282
498102,500376,500425,49,2274
498102,500374,500427,53,2272
498102,500378,500426,48,2276
498102,500390,500428,38,2288
498102,500378,500427,49,2276
498102,500389,500428,39,2287
498177,500395,500429,34,2218
498102,500387,500430,43,2285
498102,500388,500431,43,2286
498102,500389,500431,42,2287
498177,500397,500431,34,2220
498102,500390,500432,42,2288
498102,500388,500432,44,2286
498102,500388,500432,44,2286
498102,500385,500433,48,2283
498102,500387,500434,47,2285
498102,500381,500436,55,2279
498102,500388,500436,48,2286
498177,500399,500437,38,2222
498102,500384,500438,54,2282
498102,500385,500439,54,2283
498102,500387,500440,53,2285
498102,500382,500440,58,2280
498102,500388,500440,52,2286
498102,500389,500440,51,2287
498177,500398,500442,44,2221
498177,500417,500442,25,2240
498102,500388,500443,55,2286
498177,500399,500443,44,2222
498177,500427,500445,18,2250
498177,500428,500445,17,2251
498177,500428,500448,20,2251
498177,500426,500448,22,2249
498177,500416,500449,33,2239
498177,500427,500451,24,2250
498177,500421,500451,30,2244
498177,500423,500451,28,2246
498177,500419,500452,33,2242
498177,500428,500452,24,2251
498177,500426,500452,26,2249
498177,500422,500453,31,2245
498177,500416,500454,38,2239
498177,500423,500455,32,2246
498177,500416,500456,40,2239
498177,500415,500458,43,2238
498177,500420,500457,37,2243
498177,500422,500459,37,2245
498177,500420,500461,41,2243
498177,500411,500461,50,2234
498177,500424,500462,38,2247
498177,500432,500463,31,2255
498177,500433,500463,30,2256
498177,500433,500464,31,2256
498177,500414,500464,50,2237
498177,500424,500464,40,2247
498177,500430,500465,35,2253
498177,500432,500465,33,2255
498177,500399,500465,66,2222
498177,500425,500466,41,2248
498177,500424,500466,42,2247
498177,500432,500467,35,2255
498177,500434,500468,34,2257
498177,500438,500468,30,2261
498177,500425,500469,44,2248
498177,500409,500469,60,2232
498177,500438,500469,31,2261
498177,500406,500469,63,2229
498177,500400,500471,71,2223
498177,500432,500470,38,2255
498177,500444,500471,27,2267
498177,500434,500473,39,2257
498177,500444,500473,29,2267
498177,500449,500474,25,2272
498177,500412,500474,62,2235
498177,500449,500475,26,2272
498177,500452,500475,23,2275
498177,500436,500476,40,2259
498177,500414,500476,62,2237
498177,500430,500476,46,2253
498177,500445,500476,31,2268
498177,500424,500476,52,2247
498177,500448,500477,29,2271
498177,500409,500477,68,2232
498177,500451,500477,26,2274
498177,500440,500477,37,2263
498177,500451,500480,29,2274
498177,500452,500481,29,2275
498177,500408,500481,73,2231
498177,500406,500481,75,2229
498177,500441,500482,41,2264
498177,500453,500482,29,2276
498177,500400,500482,82,2223
498177,500437,500483,46,2260
498177,500453,500484,31,2276
498177,500446,500485,39,2269
498177,500440,500485,45,2263
498177,500443,500486,43,2266
498177,500411,500485,74,2234
498177,500440,500485,45,2263
498177,500445,500485,40,2268
498177,500443,500487,44,2266
498177,500406,500488,82,2229
498177,500456,500489,33,2279
498177,500413,500490,77,2236
498177,500400,500491,91,2223
498177,500455,500492,37,2278
498177,500400,500492,92,2223
498177,500402,500494,92,2225
498177,500403,500494,91,2226
498177,500455,500495,40,2278
498177,500403,500494,91,2226
498177,500458,500495,37,2281
498177,500461,500496,35,2284
498177,500405,500497,92,2228
498177,500458,500498,40,2281
498177,500403,500499,96,2226
498177,500456,500500,44,2279
498257,500481,500500,19,2224
498177,500460,500501,41,2283
498177,500462,500502,40,2285
498177,500402,500502,100,2225
498177,500464,500506,42,2287
498177,500463,500506,43,2286
498177,500465,500507,42,2288
498177,500464,500508,44,2287
498257,500482,500509,27,2225
498257,500482,500509,27,2225
498177,500464,500510,46,2287
498257,500483,500511,28,2226
498177,500466,500510,44,2289
498257,500482,500511,29,2225
498177,500467,500511,44,2290
498257,500483,500511,28,2226
498177,500466,500511,45,2289
498177,500466,500512,46,2289
498257,500483,500512,29,2226
498177,500469,500513,44,2292
498177,500466,500513,47,2289
498177,500475,500514,39,2298
498177,500403,500514,111,2226
498177,500465,500515,50,2288
498177,500477,500515,38,2300
498257,500484,500514,30,2227
498177,500470,500516,46,2293
498177,500476,500516,40,2299
498177,500471,500516,45,2294
498177,500478,500518,40,2301
498177,500474,500518,44,2297
498177,500477,500518,41,2300
498177,500469,500519,50,2292
498177,500477,500520,43,2300
498177,500471,500522,51,2294
498177,500475,500523,48,2298
498177,500477,500523,46,2300
498177,500476,500524,48,2299
498257,500483,500524,41,2226
498177,500471,500524,53,2294
498177,500477,500525,48,2300
498177,500468,500525,57,2291
498177,500475,500526,51,2298
498177,500469,500526,57,2292
497565,499746,500529,783,2181
498177,500474,500529,55,2297
498177,500468,500530,62,2291
498177,500469,500532,63,2292
498257,500485,500533,48,2228
498177,500474,500532,58,2297
498257,500516,500533,17,2259
498257,500507,500534,27,2250
498257,500517,500534,17,2260
498257,500485,500534,49,2228
498257,500515,500536,21,2258
498257,500508,500536,28,2251
498257,500509,500537,28,2252
498257,500515,500538,23,2258
498257,500515,500539,24,2258
498257,500518,500541,23,2261
498257,500486,500541,55,2229
498257,500511,500542,31,2254
498257,500517,500542,25,2260
498257,500518,500542,24,2261
498257,500512,500542,30,2255
498257,500512,500543,31,2255
498257,500513,500543,30,2256
498257,500513,500544,31,2256
498257,500514,500544,30,2257
498257,500509,500546,37,2252
498257,500511,500547,36,2254
498257,500512,500548,36,2255
498257,500511,500549,38,2254
498257,500514,500550,36,2257
498257,500507,500550,43,2250
498257,500524,500552,28,2267
498257,500496,500552,56,2239
498257,500506,500552,46,2249
498257,500500,500552,52,2243
498257,500525,500552,27,2268
498257,500524,500552,28,2267
498257,500525,500553,28,2268
498257,500511,500553,42,2254
498257,500523,500555,32,2266
498257,500501,500555,54,2244
498257,500514,500557,43,2257
498257,500519,500559,40,2262
498257,500534,500560,26,2277
498257,500486,500560,74,2229
498257,500534,500560,26,2277
498257,500520,500560,40,2263
498257,500527,500560,33,2270
498257,500503,500561,58,2246
498257,500536,500561,25,2279
498257,500496,500561,65,2239
498257,500514,500562,48,2257
498257,500500,500562,62,2243
498257,500525,500563,38,2268
498257,500526,500564,38,2269
498257,500534,500564,30,2277
498257,500538,500564,26,2281
498257,500525,500564,39,2268
498257,500539,500565,26,2282
498257,500502,500565,63,2245
498257,500540,500565,25,2283
498257,500498,500566,68,2241
498257,500541,500566,25,2284
498257,500536,500566,30,2279
498257,500542,500566,24,2285
498257,500520,500567,47,2263
498257,500486,500568,82,2229
498257,500530,500568,38,2273
498257,500486,500569,83,2229
498257,500495,500570,75,2238
498257,500502,500570,68,2245
498257,500529,500570,41,2272
498257,500533,500570,37,2276
498257,500487,500571,84,2230
498257,500542,500572,30,2285
498257,500489,500573,84,2232
498257,500526,500573,47,2269
498257,500542,500574,32,2285
498257,500531,500575,44,2274
498257,500543,500577,34,2286
498257,500492,500577,85,2235
498257,500490,500578,88,2233
498257,500490,500579,89,2233
498257,500533,500579,46,2276
498257,500547,500579,32,2290
498257,500532,500580,48,2275
498257,500533,500580,47,2276
498257,500543,500580,37,2286
498257,500544,500582,38,2287
498257,500547,500582,35,2290
498257,500495,500583,88,2238
498257,500543,500583,40,2286
498257,500544,500583,39,2287
498257,500499,500583,84,2242
498257,500544,500583,39,2287
498257,500493,500584,91,2236
498257,500495,500584,89,2238
498257,500548,500585,37,2291
498257,500549,500586,37,2292
498339,500567,500587,20,2228
498257,500492,500587,95,2235
498257,500552,500588,36,2295
498339,500569,500590,21,2230
498257,500551,500590,39,2294
498257,500556,500594,38,2299
498257,500553,500594,41,2296
498257,500551,500594,43,2294
498257,500553,500595,42,2296
498339,500570,500594,24,2231
498257,500553,500597,44,2296
498257,500553,500598,45,2296
498257,500566,500598,32,2309
498257,500556,500599,43,2299
498257,500495,500599,104,2238
498257,500552,500599,47,2295
498257,500567,500600,33,2310
498339,500569,500599,30,2230
498339,500570,500600,30,2231
497629,499836,500600,764,2207
498339,500570,500601,31,2231
498339,500570,500601,31,2231
498257,500559,500602,43,2302
498257,500553,500602,49,2296
498257,500552,500603,51,2295
498257,500563,500604,41,2306
498257,500566,500605,39,2309
498257,500564,500605,41,2307
498257,500561,500605,44,2304
498257,500562,500607,45,2305
498339,500573,500607,34,2234
498257,500567,500607,40,2310
498257,500561,500609,48,2304
498257,500563,500609,46,2306
498257,500564,500609,45,2307
498257,500565,500609,44,2308
498339,500573,500610,37,2234
498257,500561,500610,49,2304
498257,500566,500609,43,2309
498339,500571,500611,40,2232
498257,500562,500610,48,2305
498257,500567,500611,44,2310
498257,500564,500612,48,2307
498339,500572,500613,41,2233
498257,500565,500614,49,2308
498257,500561,500615,54,2304
498257,500559,500616,57,2302
498257,500561,500618,57,2304
498339,500574,500619,45,2235
498339,500604,500622,18,2265
498339,500603,500622,19,2264
498257,500562,500617,55,2305
498339,500602,500623,21,2263
498339,500602,500625,23,2263
498339,500597,500624,27,2258
498339,500601,500625,24,2262
498339,500590,500625,35,2251
498339,500598,500625,27,2259
498339,500604,500626,22,2265
498339,500595,500626,31,2256
498339,500595,500628,33,2256
498339,500595,500628,33,2256
498339,500606,500629,23,2267
498339,500605,500629,24,2266
498339,500595,500630,35,2256
498339,500591,500631,40,2252
498339,500598,500630,32,2259
498339,500595,500632,37,2256
498339,500600,500631,31,2261
498339,500600,500632,32,2261
498339,500607,500635,28,2268
498339,500601,500636,35,2262
498339,500589,500637,48,2250
498339,500584,500637,53,2245
498339,500599,500637,38,2260
498339,500609,500639,30,2270
498339,500585,500639,54,2246
498339,500585,500640,55,2246
498339,500600,500640,40,2261
498339,500609,500640,31,2270
498339,500600,500641,41,2261
498339,500609,500641,32,2270
498339,500586,500642,56,2247
498339,500588,500641,53,2249
498339,500584,500643,59,2245
498339,500609,500643,34,2270
498339,500610,500644,34,2271
498339,500610,500646,36,2271
498339,500587,500646,59,2248
498339,500619,500646,27,2280
498339,500623,500647,24,2284
498339,500623,500647,24,2284
498339,500584,500646,62,2245
498339,500575,500648,73,2236
498339,500601,500649,48,2262
498339,500608,500649,41,2269
498339,500583,500649,66,2244
498339,500610,500651,41,2271
498339,500622,500651,29,2283
498339,500625,500651,26,2286
498339,500608,500651,43,2269
498339,500575,500651,76,2236
498339,500625,500653,28,2286
498339,500577,500652,75,2238
498339,500626,500652,26,2287
498339,500583,500653,70,2244
498339,500622,500652,30,2283
498339,500623,500653,30,2284
498339,500625,500653,28,2286
498339,500627,500653,26,2288
498339,500611,500654,43,2272
498339,500579,500654,75,2240
498339,500611,500656,45,2272
498339,500583,500657,74,2244
498339,500579,500658,79,2240
498339,500626,500658,32,2287
498339,500627,500658,31,2288
498339,500619,500658,39,2280
498339,500629,500661,32,2290
498339,500579,500662,83,2240
498339,500587,500663,76,2248
498339,500632,500664,32,2293
498339,500581,500664,83,2242
498339,500629,500664,35,2290
498339,500583,500666,83,2244
498339,500631,500666,35,2292
498339,500578,500669,91,2239
498339,500629,500669,40,2290
498339,500637,500670,33,2298
498339,500631,500671,40,2292
498339,500581,500671,90,2242
498402,500654,500673,19,2252
498339,500580,500674,94,2241
498339,500629,500674,45,2290
498339,500631,500674,43,2292
498339,500632,500675,43,2293
498339,500614,500676,62,2275
498339,500633,500676,43,2294
498339,500636,500676,40,2297
498339,500611,500676,65,2272
498402,500655,500677,22,2253
498339,500616,500678,62,2277
498339,500612,500677,65,2273
498402,500654,500680,26,2252
498339,500637,500681,44,2298
498402,500655,500681,26,2253
498339,500580,500681,101,2241
498339,500635,500682,47,2296
498339,500615,500681,66,2276
498402,500654,500682,28,2252
498339,500641,500682,41,2302
498339,500649,500684,35,2310
498339,500639,500683,44,2300
498402,500657,500685,28,2255
498339,500652,500685,33,2313
498339,500641,500686,45,2302
498339,500640,500687,47,2301
498339,500615,500687,72,2276
498402,500658,500687,29,2256
498339,500642,500687,45,2303
498339,500641,500687,46,2302
498339,500641,500687,46,2302
498339,500653,500688,35,2314
498339,500638,500690,52,2299
498339,500642,500690,48,2303
498402,500657,500690,33,2255
498339,500647,500690,43,2308
498339,500653,500691,38,2314
498339,500647,500692,45,2308
498402,500659,500693,34,2257
498339,500652,500695,43,2313
498339,500652,500694,42,2313
498339,500644,500694,50,2305
498339,500645,500695,50,2306
498339,500646,500695,49,2307
498339,500652,500696,44,2313
498339,500650,500695,45,2311
498339,500653,500696,43,2314
497695,499927,500697,770,2232
498339,500649,500697,48,2310
498339,500642,500697,55,2303
498339,500653,500697,44,2314
498339,500650,500698,48,2311
498402,500658,500698,40,2256
498339,500643,500699,56,2304
498339,500647,500700,53,2308
498339,500647,500700,53,2308
498339,500646,500700,54,2307
498339,500651,500700,49,2312
498402,500658,500702,44,2256
498402,500688,500706,18,2286
498402,500688,500708,20,2286
498402,500683,500709,26,2281
498402,500690,500708,18,2288
498402,500684,500709,25,2282
498402,500682,500708,26,2280
498402,500691,500704,13,2289
498402,500691,500706,15,2289
498402,500691,500709,18,2289
498402,500685,500711,26,2283
498402,500682,500712,30,2280
498402,500682,500714,32,2280
498402,500693,500713,20,2291
498402,500661,500714,53,2259
498402,500695,500715,20,2293
498402,500688,500714,26,2286
498402,500681,500715,34,2279
498402,500684,500715,31,2282
498402,500692,500715,23,2290
498402,500694,500717,23,2292
498402,500687,500717,30,2285
498402,500686,500717,31,2284
498402,500687,500717,30,2285
498402,500681,500718,37,2279
498402,500682,500718,36,2280
498402,500697,500719,22,2295
498402,500696,500720,24,2294
498402,500698,500720,22,2296
498402,500686,500721,35,2284
498402,500680,500721,41,2278
498402,500697,500723,26,2295
498402,500696,500724,28,2294
498402,500676,500725,49,2274
498402,500675,500725,50,2273
498402,500696,500725,29,2294
498402,500677,500726,49,2275
498402,500678,500726,48,2276
498402,500696,500727,31,2294
498402,500688,500729,41,2286
498402,500687,500730,43,2285
498402,500662,500732,70,2260
498402,500675,500732,57,2273
498402,500678,500732,54,2276
498402,500703,500732,29,2301
498402,500674,500732,58,2272
498402,500676,500733,57,2274
498402,500696,500732,36,2294
498402,500695,500733,38,2293
498402,500707,500733,26,2305
498402,500699,500734,35,2297
498402,500710,500735,25,2308
498402,500709,500734,25,2307
498402,500708,500735,27,2306
498402,500678,500736,58,2276
498402,500709,500736,27,2307
498402,500709,500737,28,2307
498402,500711,500738,27,2309
498402,500665,500738,73,2263
498402,500710,500739,29,2308
498402,500664,500740,76,2262
498402,500677,500740,63,2275
498402,500709,500740,31,2307
498402,500695,500740,45,2293
498402,500667,500741,74,2265
498402,500700,500743,43,2298
498402,500710,500742,32,2308
498402,500700,500743,43,2298
498402,500701,500744,43,2299
498402,500667,500744,77,2265
498402,500664,500744,80,2262
498402,500701,500745,44,2299
498402,500710,500746,36,2308
498402,500712,500748,36,2310
498402,500671,500749,78,2269
498402,500676,500748,72,2274
498402,500674,500749,75,2272
498402,500715,500750,35,2313
498402,500716,500752,36,2314
498402,500716,500752,36,2314
498402,500714,500752,38,2312
498402,500672,500752,80,2270
498402,500716,500752,36,2314
498402,500698,500752,54,2296
498402,500698,500752,54,2296
498402,500717,500753,36,2315
498402,500715,500753,38,2313
498402,500717,500753,36,2315
498402,500717,500754,37,2315
498402,500714,500755,41,2312
498402,500718,500757,39,2316
498402,500714,500757,43,2312
498402,500665,500758,93,2263
498402,500718,500757,39,2316
498499,500740,500760,20,2241
498402,500718,500760,42,2316
498402,500670,500761,91,2268
498499,500739,500762,23,2240
498499,500740,500763,23,2241
498402,500725,500763,38,2323
498402,500726,500764,38,2324
498402,500719,500764,45,2317
498402,500721,500764,43,2319
498499,500741,500765,24,2242
498402,500671,500766,95,2269
498402,500722,500766,44,2320
498402,500720,500768,48,2318
498499,500741,500768,27,2242
498402,500723,500769,46,2321
498402,500722,500769,47,2320
498402,500725,500770,45,2323
498499,500743,500770,27,2244
498402,500670,500770,100,2268
498499,500741,500771,30,2242
498402,500736,500772,36,2334
498402,500726,500771,45,2324
498402,500726,500771,45,2324
498402,500734,500772,38,2332
498402,500736,500772,36,2334
498499,500743,500772,29,2244
498402,500730,500773,43,2328
498402,500735,500772,37,2333
498402,500735,500772,37,2333
498402,500736,500773,37,2334
498402,500732,500774,42,2330
498402,500733,500775,42,2331
498402,500733,500774,41,2331
498402,500731,500775,44,2329
498402,500737,500775,38,2335
498499,500744,500775,31,2245
498402,500732,500776,44,2330
498402,500734,500777,43,2332
498402,500735,500777,42,2333
498402,500726,500778,52,2324
498402,500733,500779,46,2331
498402,500739,500779,40,2337
498402,500733,500781,48,2331
498402,500733,500781,48,2331
498499,500744,500782,38,2245
498402,500728,500785,57,2326
498499,500745,500786,41,2246
498499,500772,500789,17,2273
498499,500772,500789,17,2273
498499,500771,500790,19,2272
498499,500772,500790,18,2273
498499,500763,500792,29,2264
498499,500773,500792,19,2274
498499,500772,500793,21,2273
498499,500765,500794,29,2266
498499,500771,500796,25,2272
498499,500767,500797,30,2268
498499,500772,500797,25,2273
498499,500773,500796,23,2274
498499,500767,500797,30,2268
498499,500765,500796,31,2266
498499,500765,500797,32,2266
498499,500773,500798,25,2274
498499,500776,500797,21,2277
498499,500776,500797,21,2277
498499,500765,500798,33,2266
498499,500770,500798,28,2271
498499,500775,500799,24,2276
498499,500762,500799,37,2263
498499,500777,500799,22,2278
498499,500763,500799,36,2264
498499,500761,500799,38,2262
498499,500762,500800,38,2263
498499,500745,500800,55,2246
498499,500777,500800,23,2278
498499,500773,500800,27,2274
498499,500769,500802,33,2270
498499,500777,500802,25,2278
498499,500768,500803,35,2269
498499,500779,500804,25,2280
498499,500774,500805,31,2275
498499,500754,500806,52,2255
498499,500775,500806,31,2276
498499,500755,500807,52,2256
498499,500770,500808,38,2271
498499,500770,500808,38,2271
498499,500755,500810,55,2256
498499,500754,500811,57,2255
498499,500761,500812,51,2262
498499,500754,500812,58,2255
498499,500758,500813,55,2259
498499,500774,500813,39,2275
498499,500790,500815,25,2291
498499,500791,500816,25,2292
498499,500758,500817,59,2259
498499,500791,500817,26,2292
498499,500747,500818,71,2248
498499,500793,500818,25,2294
498499,500745,500818,73,2246
498499,500758,500818,60,2259
498499,500782,500818,36,2283
498499,500793,500819,26,2294
498499,500782,500820,38,2283
498499,500796,500821,25,2297
498499,500795,500821,26,2296
498499,500770,500822,52,2271
498499,500793,500822,29,2294
498499,500753,500824,71,2254
498499,500753,500823,70,2254
498499,500753,500824,71,2254
498499,500786,500825,39,2287
498499,500790,500826,36,2291
498499,500781,500826,45,2282
498499,500787,500827,40,2288
498499,500780,500828,48,2281
498499,500749,500828,79,2250
498499,500797,500828,31,2298
498499,500750,500828,78,2251
498499,500749,500830,81,2250
498499,500779,500832,53,2280
498499,500758,500832,74,2259
498499,500789,500833,44,2290
498499,500797,500833,36,2298
498499,500799,500834,35,2300
498499,500797,500835,38,2298
498499,500798,500835,37,2299
498499,500749,500835,86,2250
498499,500800,500836,36,2301
498499,500797,500838,41,2298
498499,500800,500837,37,2301
498499,500798,500838,40,2299
498499,500799,500837,38,2300
498499,500798,500838,40,2299
498499,500752,500838,86,2253
498499,500800,500838,38,2301
498499,500800,500839,39,2301
498499,500800,500841,41,2301
498557,500823,500841,18,2266
497771,500023,500841,818,2252
498499,500800,500841,41,2301
498499,500752,500841,89,2253
498499,500800,500842,42,2301
498499,500798,500842,44,2299
498499,500753,500844,91,2254
498499,500751,500844,93,2252
498499,500797,500844,47,2298
498499,500753,500844,91,2254
498499,500802,500846,44,2303
498557,500825,500847,22,2268
498499,500803,500847,44,2304
498499,500806,500847,41,2307
498557,500824,500847,23,2267
498499,500807,500848,41,2308
498499,500804,500848,44,2305
498499,500818,500849,31,2319
498557,500824,500850,26,2267
498499,500812,500851,39,2313
498499,500801,500852,51,2302
498499,500805,500852,47,2306
498499,500810,500852,42,2311
498499,500802,500853,51,2303
498499,500807,500852,45,2308
498557,500826,500852,26,2269
498499,500801,500852,51,2302
498499,500813,500854,41,2314
498499,500820,500854,34,2321
498499,500813,500853,40,2314
498499,500809,500855,46,2310
498499,500819,500856,37,2320
498557,500827,500857,30,2270
498499,500811,500857,46,2312
498499,500816,500857,41,2317
498557,500827,500857,30,2270
498557,500828,500859,31,2271
498499,500820,500859,39,2321
498499,500818,500860,42,2319
498499,500818,500860,42,2319
498499,500819,500861,42,2320
498499,500818,500861,43,2319
498499,500822,500861,39,2323
498499,500815,500863,48,2316
498499,500812,500864,52,2313
498499,500817,500865,48,2318
498557,500829,500865,36,2272
498557,500828,500867,39,2271
498499,500808,500868,60,2309
498557,500853,500870,17,2296
498557,500853,500872,19,2296
498557,500853,500872,19,2296
498557,500854,500873,19,2297
498499,500821,500862,41,2322
498557,500854,500871,17,2297
498557,500829,500875,46,2272
498557,500848,500876,28,2291
498557,500829,500876,47,2272
498557,500845,500876,31,2288
498557,500856,500876,20,2299
498557,500848,500877,29,2291
498557,500845,500877,32,2288
498557,500853,500877,24,2296
498557,500854,500877,23,2297
498557,500847,500878,31,2290
498557,500848,500878,30,2291
498557,500853,500879,26,2296
498557,500849,500879,30,2292
498557,500853,500880,27,2296
498557,500860,500880,20,2303
498557,500848,500880,32,2291
498557,500844,500880,36,2287
498557,500856,500881,25,2299
498557,500849,500882,33,2292
498557,500861,500882,21,2304
498557,500861,500882,21,2304
498557,500843,500883,40,2286
498557,500862,500883,21,2305
498557,500848,500884,36,2291
498557,500861,500883,22,2304
498557,500857,500885,28,2300
498557,500860,500886,26,2303
498557,500852,500886,34,2295
498557,500845,500887,42,2288
497852,500117,500888,771,2265
498557,500863,500888,25,2306
498557,500858,500889,31,2301
498557,500842,500892,50,2285
498557,500839,500899,60,2282
498557,500831,500899,68,2274
498557,500852,500899,47,2295
498557,500858,500899,41,2301
498557,500839,500900,61,2282
498557,500841,500900,59,2284
498557,500875,500900,25,2318
498557,500838,500901,63,2281
498557,500842,500901,59,2285
498557,500858,500902,44,2301
498557,500876,500902,26,2319
498557,500876,500902,26,2319
498557,500875,500903,28,2318
498557,500850,500903,53,2293
498557,500876,500903,27,2319
498557,500876,500903,27,2319
498557,500864,500905,41,2307
498557,500841,500905,64,2284
498557,500865,500905,40,2308
498557,500876,500907,31,2319
498557,500842,500907,65,2285
498557,500840,500908,68,2283
498557,500839,500909,70,2282
498557,500838,500909,71,2281
498557,500877,500909,32,2320
498557,500870,500910,40,2313
498557,500877,500910,33,2320
498557,500842,500911,69,2285
498557,500868,500911,43,2311
498557,500833,500911,78,2276
498557,500869,500911,42,2312
498557,500832,500912,80,2275
498557,500865,500913,48,2308
498557,500833,500915,82,2276
498557,500838,500914,76,2281
498557,500872,500915,43,2315
498557,500878,500916,38,2321
498557,500880,500916,36,2323
498557,500875,500917,42,2318
498557,500879,500917,38,2322
498557,500873,500919,46,2316
498557,500880,500918,38,2323
498557,500872,500918,46,2315
498557,500881,500919,38,2324
498557,500882,500919,37,2325
498557,500836,500920,84,2279
498557,500882,500921,39,2325
498557,500877,500921,44,2320
498557,500877,500922,45,2320
498557,500883,500923,40,2326
498557,500882,500923,41,2325
498557,500884,500925,41,2327
498557,500879,500925,46,2322
498557,500836,500926,90,2279
498557,500889,500927,38,2332
498557,500878,500927,49,2321
498557,500880,500927,47,2323
498557,500883,500928,45,2326
498557,500883,500928,45,2326
498557,500886,500929,43,2329
498557,500888,500930,42,2331
498557,500837,500929,92,2280
498557,500835,500929,94,2278
498557,500884,500930,46,2327
498557,500886,500929,43,2329
498557,500834,500930,96,2277
498557,500889,500930,41,2332
498707,500909,500931,22,2202
498557,500836,500931,95,2279
498557,500887,500934,47,2330
498707,500911,500935,24,2204
498707,500910,500936,26,2203
498557,500889,500935,46,2332
498707,500911,500936,25,2204
498557,500838,500938,100,2281
498557,500900,500939,39,2343
498707,500910,500940,30,2203
498557,500906,500941,35,2349
498557,500903,500941,38,2346
498557,500893,500943,50,2336
498557,500901,500942,41,2344
498707,500911,500943,32,2204
498557,500902,500943,41,2345
498557,500904,500944,40,2347
498557,500906,500944,38,2349
498557,500900,500945,45,2343
498557,500900,500945,45,2343
498557,500902,500946,44,2345
498707,500911,500946,35,2204
498557,500902,500947,45,2345
498557,500906,500947,41,2349
498557,500901,500947,46,2344
498557,500901,500947,46,2344
498557,500904,500948,44,2347
498707,500912,500948,36,2205
498557,500902,500949,47,2345
498557,500907,500950,43,2350
498557,500908,500950,42,2351
498557,500904,500951,47,2347
498707,500913,500953,40,2206
498707,500913,500955,42,2206
498707,500913,500955,42,2206
498707,500931,500960,29,2224
498707,500942,500960,18,2235
498707,500943,500959,16,2236
498557,500904,500956,52,2347
498707,500942,500957,15,2235
498707,500932,500960,28,2225
498707,500943,500961,18,2236
498707,500941,500960,19,2234
498557,500899,500963,64,2342
498707,500930,500962,32,2223
498707,500943,500963,20,2236
498707,500930,500963,33,2223
498707,500944,500963,19,2237
498707,500932,500963,31,2225
498707,500943,500964,21,2236
498707,500930,500965,35,2223
498707,500939,500965,26,2232
498707,500935,500965,30,2228
498707,500915,500967,52,2208
498707,500931,500967,36,2224
498707,500937,500967,30,2230
497933,500213,500968,755,2280
498707,500934,500967,33,2227
498707,500950,500969,19,2243
498707,500939,500969,30,2232
498707,500930,500970,40,2223
498707,500930,500971,41,2223
498707,500929,500971,42,2222
498707,500949,500971,22,2242
498707,500948,500972,24,2241
498707,500947,500972,25,2240
498707,500947,500972,25,2240
498707,500948,500972,24,2241
498707,500929,500973,44,2222
498707,500944,500973,29,2237
498707,500947,500976,29,2240
498707,500950,500976,26,2243
498707,500948,500975,27,2241
498707,500945,500977,32,2238
498707,500929,500981,52,2222
498707,500927,500983,56,2220
498707,500946,500984,38,2239
498707,500926,500985,59,2219
498707,500915,500986,71,2208
498707,500927,500986,59,2220
498707,500936,500987,51,2229
498707,500925,500988,63,2218
498707,500961,500988,27,2254
498707,500922,500988,66,2215
498707,500961,500989,28,2254
498707,500951,500989,38,2244
498707,500928,500990,62,2221
498707,500936,500990,54,2229
498707,500963,500992,29,2256
498707,500956,500992,36,2249
498707,500963,500992,29,2256
498707,500917,500993,76,2210
498707,500960,500993,33,2253
498707,500921,500994,73,2214
498707,500946,500994,48,2239
498707,500917,500995,78,2210
498707,500923,500994,71,2216
498707,500928,500995,67,2221
498707,500922,500996,74,2215
498707,500956,500997,41,2249
498707,500964,500997,33,2257
498707,500924,500998,74,2217
498707,500916,500998,82,2209
498707,500963,500998,35,2256
498707,500917,500999,82,2210
498707,500961,500999,38,2254
498707,500960,501000,40,2253
498707,500960,501000,40,2253
498707,500951,501002,51,2244
498707,500960,501001,41,2253
498707,500966,501002,36,2259
498707,500920,501002,82,2213
498707,500964,501004,40,2257
498707,500917,501004,87,2210
498707,500969,501004,35,2262
498707,500968,501004,36,2261
498707,500923,501005,82,2216
498707,500967,501005,38,2260
498707,500964,501005,41,2257
498707,500971,501006,35,2264
498707,500968,501008,40,2261
498707,500968,501007,39,2261
498707,500971,501009,38,2264
498707,500960,501009,49,2253
498707,500970,501009,39,2263
498707,500966,501010,44,2259
498707,500968,501010,42,2261
498707,500960,501011,51,2253
498707,500973,501013,40,2266
498707,500919,501013,94,2212
498707,500919,501014,95,2212
498707,500919,501013,94,2212
498707,500964,501014,50,2257
498707,500972,501015,43,2265
498707,500965,501017,52,2258
498707,500919,501018,99,2212
498720,500996,501018,22,2276
498707,500971,501018,47,2264
498720,500997,501019,22,2277
498707,500973,501019,46,2266
498707,500972,501020,48,2265
498720,500995,501020,25,2275
498707,500972,501020,48,2265
498707,500976,501020,44,2269
498720,500997,501020,23,2277
498707,500973,501022,49,2266
498707,500976,501022,46,2269
498720,500999,501024,25,2279
498707,500972,501024,52,2265
498720,500997,501025,28,2277
498707,500976,501025,49,2269
498707,500985,501025,40,2278
498707,500991,501025,34,2284
498707,500978,501028,50,2271
498707,500989,501027,38,2282
498707,500989,501028,39,2282
498707,500995,501029,34,2288
498720,500998,501029,31,2278
498707,500988,501029,41,2281
498707,500988,501031,43,2281
498707,500993,501032,39,2286
498720,500999,501032,33,2279
498720,500999,501034,35,2279
498707,500994,501033,39,2287
498707,500989,501035,46,2282
498707,500984,501034,50,2277
498707,500993,501035,42,2286
498707,500992,501037,45,2285
498707,500995,501037,42,2288
498707,500991,501037,46,2284
498707,500981,501038,57,2274
498707,500990,501037,47,2283
498707,500993,501038,45,2286
498707,500987,501038,51,2280
498720,501000,501040,40,2280
498720,501000,501040,40,2280
498707,500987,501041,54,2280
498707,500985,501041,56,2278
498720,501028,501044,16,2308
498720,501026,501044,18,2306
498720,501028,501045,17,2308
498720,501025,501046,21,2305
498720,501024,501047,23,2304
498720,501029,501047,18,2309
498720,501025,501050,25,2305
498720,501025,501050,25,2305
498720,501019,501051,32,2299
498720,501020,501052,32,2300
498720,501021,501053,32,2301
498720,501029,501054,25,2309
498720,501024,501055,31,2304
498720,501021,501055,34,2301
498720,501030,501055,25,2310
498720,501037,501056,19,2317
498720,501021,501056,35,2301
498720,501021,501057,36,2301
498720,501037,501059,22,2317
498720,501019,501058,39,2299
498720,501030,501059,29,2310
498720,501019,501058,39,2299
498720,501038,501059,21,2318
498720,501019,501060,41,2299
498720,501016,501060,44,2296
498720,501036,501061,25,2316
498720,501021,501061,40,2301
498720,501034,501062,28,2314
498720,501038,501062,24,2318
498720,501035,501062,27,2315
498720,501015,501062,47,2295
498720,501017,501062,45,2297
498720,501035,501063,28,2315
498720,501034,501063,29,2314
498720,501001,501063,62,2281
498720,501033,501064,31,2313
498720,501031,501066,35,2311
498720,501033,501072,39,2313
498720,501038,501072,34,2318
498720,501014,501073,59,2294
498720,501013,501076,63,2293
498720,501040,501076,36,2320
498720,501023,501077,54,2303
498720,501041,501077,36,2321
498720,501050,501077,27,2330
498048,500302,501078,776,2254
498720,501048,501080,32,2328
498720,501051,501080,29,2331
498720,501048,501081,33,2328
498720,501007,501081,74,2287
498720,501042,501081,39,2322
498720,501014,501082,68,2294
498720,501012,501082,70,2292
498720,501002,501082,80,2282
498720,501052,501083,31,2332
498720,501041,501082,41,2321
498720,501010,501084,74,2290
498720,501014,501085,71,2294
498720,501044,501086,42,2324
498720,501011,501087,76,2291
498720,501023,501088,65,2303
498720,501052,501089,37,2332
498720,501005,501090,85,2285
498720,501003,501091,88,2283
498720,501008,501091,83,2288
498720,501002,501092,90,2282
498720,501010,501092,82,2290
498720,501039,501093,54,2319
498720,501045,501093,48,2325
498720,501056,501094,38,2336
498720,501059,501094,35,2339
498720,501059,501094,35,2339
498720,501003,501095,92,2283
498720,501059,501095,36,2339
498720,501038,501095,57,2318
498720,501046,501095,49,2326
498720,501060,501095,35,2340
498720,501044,501096,52,2324
498720,501005,501097,92,2285
498720,501060,501098,38,2340
498720,501009,501098,89,2289
498720,501057,501097,40,2337
498720,501008,501099,91,2288
498720,501005,501098,93,2285
498720,501006,501098,92,2286
498720,501053,501099,46,2333
498720,501004,501099,95,2284
498720,501006,501100,94,2286
498720,501055,501100,45,2335
498720,501010,501101,91,2290
498720,501058,501103,45,2338
498720,501064,501103,39,2344
498720,501055,501104,49,2335
498720,501056,501105,49,2336
498720,501063,501106,43,2343
498720,501054,501107,53,2334
498720,501005,501107,102,2285
498720,501063,501106,43,2343
498720,501060,501107,47,2340
498720,501061,501108,47,2341
498720,501065,501108,43,2345
498720,501063,501110,47,2343
498720,501059,501110,51,2339
498720,501064,501109,45,2344
498720,501064,501109,45,2344
498808,501087,501110,23,2279
498720,501062,501110,48,2342
498720,501062,501111,49,2342
498720,501063,501112,49,2343
498720,501077,501117,40,2357
498720,501082,501117,35,2362
498808,501090,501118,28,2282
498720,501074,501118,44,2354
498808,501089,501119,30,2281
498720,501077,501119,42,2357
498720,501078,501120,42,2358
498808,501091,501120,29,2283
498720,501067,501121,54,2347
498808,501092,501122,30,2284
498720,501073,501123,50,2353
498808,501091,501123,32,2283
498720,501082,501123,41,2362
498808,501093,501123,30,2285
498720,501083,501124,41,2363
498720,501081,501125,44,2361
498720,501081,501125,44,2361
498720,501077,501126,49,2357
498720,501085,501126,41,2365
498720,501086,501125,39,2366
498720,501081,501126,45,2361
498720,501079,501126,47,2359
498720,501083,501127,44,2363
498720,501072,501127,55,2352
498720,501077,501129,52,2357
498720,501082,501131,49,2362
498808,501094,501131,37,2286
498808,501093,501132,39,2285
498808,501121,501135,14,2313
498808,501094,501136,42,2286
498720,501082,501128,46,2362
498720,501083,501128,45,2363
498808,501094,501131,37,2286
498808,501120,501139,19,2312
498808,501120,501140,20,2312
498808,501111,501140,29,2303
498808,501110,501141,31,2302
498808,501119,501141,22,2311
498808,501110,501141,31,2302
498808,501108,501142,34,2300
498808,501109,501142,33,2301
498808,501110,501143,33,2302
498808,501123,501142,19,2315
498808,501119,501144,25,2311
498808,501121,501144,23,2313
498808,501108,501144,36,2300
498808,501111,501145,34,2303
498808,501123,501144,21,2315
498808,501126,501147,21,2318
498808,501126,501147,21,2318
498808,501124,501147,23,2316
498808,501110,501147,37,2302
498808,501118,501147,29,2310
498808,501128,501149,21,2320
498808,501107,501149,42,2299
498808,501118,501149,31,2310
498808,501095,501150,55,2287
498808,501107,501151,44,2299
498808,501128,501151,23,2320
498808,501128,501152,24,2320
498808,501124,501151,27,2316
498808,501112,501152,40,2304
498808,501125,501153,28,2317
498808,501126,501152,26,2318
498808,501126,501153,27,2318
498808,501107,501156,49,2299
498808,501130,501158,28,2322
498808,501131,501160,29,2323
498808,501124,501161,37,2316
498105,500391,501164,773,2286
498808,501107,501163,56,2299
498808,501106,501165,59,2298
498808,501138,501168,30,2330
498808,501142,501168,26,2334
498808,501125,501169,44,2317
498808,501101,501171,70,2293
498808,501142,501171,29,2334
498808,501100,501173,73,2292
498808,501117,501174,57,2309
498808,501104,501175,71,2296
498808,501142,501175,33,2334
498808,501138,501176,38,2330
498808,501139,501176,37,2331
498808,501103,501178,75,2295
498808,501143,501178,35,2335
498808,501133,501179,46,2325
498808,501096,501178,82,2288
498808,501143,501180,37,2335
498808,501136,501181,45,2328
498808,501138,501181,43,2330
498808,501095,501181,86,2287
498808,501141,501183,42,2333
498808,501113,501184,71,2305
498808,501143,501184,41,2335
498808,501101,501185,84,2293
498808,501137,501186,49,2329
498808,501099,501186,87,2291
498808,501096,501186,90,2288
498808,501096,501187,91,2288
498808,501105,501187,82,2297
498808,501099,501188,89,2291
498808,501138,501188,50,2330
498808,501141,501188,47,2333
498808,501132,501188,56,2324
498808,501100,501189,89,2292
498808,501096,501190,94,2288
498808,501148,501189,41,2340
498808,501141,501191,50,2333
498808,501150,501192,42,2342
498808,501145,501193,48,2337
498808,501145,501193,48,2337
498808,501147,501193,46,2339
498808,501153,501193,40,2345
498808,501101,501193,92,2293
498808,501098,501193,95,2290
498808,501098,501193,95,2290
498808,501158,501194,36,2350
498808,501096,501195,99,2288
498808,501148,501194,46,2340
498808,501097,501195,98,2289
498808,501148,501196,48,2340
498808,501150,501196,46,2342
498808,501099,501196,97,2291
498808,501097,501198,101,2289
498808,501153,501199,46,2345
498808,501152,501201,49,2344
498808,501152,501200,48,2344
498808,501150,501201,51,2342
498808,501151,501201,50,2343
498808,501145,501201,56,2337
498808,501152,501201,49,2344
498808,501152,501202,50,2344
498808,501160,501202,42,2352
498808,501145,501203,58,2337
498808,501147,501204,57,2339
498808,501098,501205,107,2290
498808,501145,501205,60,2337
498882,501185,501206,21,2303
498808,501156,501207,51,2348
498808,501164,501208,44,2356
498808,501154,501210,56,2346
498808,501153,501211,58,2345
498882,501184,501211,27,2302
498808,501168,501213,45,2360
498882,501185,501213,28,2303
498808,501173,501214,41,2365
498882,501186,501215,29,2304
498808,501169,501215,46,2361
498882,501187,501216,29,2305
498808,501172,501215,43,2364
498808,501171,501216,45,2363
498882,501186,501219,33,2304
498808,501175,501218,43,2367
498808,501175,501219,44,2367
498808,501161,501219,58,2353
498882,501187,501220,33,2305
498808,501181,501220,39,2373
498808,501164,501220,56,2356
498808,501165,501221,56,2357
498882,501187,501220,33,2305
498808,501170,501222,52,2362
498808,501178,501223,45,2370
498808,501176,501224,48,2368
498808,501175,501223,48,2367
498808,501182,501225,43,2374
498808,501179,501225,46,2371
498808,501179,501226,47,2371
498808,501181,501226,45,2373
498882,501189,501227,38,2307
498882,501188,501228,40,2306
498808,501179,501228,49,2371
498882,501189,501229,40,2307
498882,501216,501234,18,2334
498882,501215,501234,19,2333
498882,501207,501234,27,2325
498808,501177,501235,58,2369
498882,501217,501238,21,2335
498882,501213,501237,24,2331
498882,501216,501237,21,2334
498882,501203,501239,36,2321
498882,501215,501240,25,2333
498882,501214,501240,26,2332
498882,501217,501240,23,2335
498882,501208,501240,32,2326
498882,501202,501241,39,2320
498882,501205,501241,36,2323
498180,500478,501241,763,2298
498882,501202,501242,40,2320
498882,501205,501243,38,2323
498882,501219,501243,24,2337
498882,501219,501243,24,2337
498882,501203,501244,41,2321
498882,501204,501243,39,2322
498882,501205,501245,40,2323
498882,501221,501245,24,2339
498882,501221,501246,25,2339
498882,501225,501245,20,2343
498882,501221,501247,26,2339
498882,501224,501247,23,2342
498882,501221,501248,27,2339
498882,501223,501248,25,2341
498882,501202,501248,46,2320
498882,501224,501248,24,2342
498882,501212,501249,37,2330
498882,501224,501249,25,2342
498882,501220,501251,31,2338
498882,501226,501253,27,2344
498882,501202,501254,52,2320
498882,501208,501254,46,2326
498882,501220,501258,38,2338
498882,501189,501262,73,2307
498882,501201,501263,62,2319
498882,501211,501264,53,2329
498882,501220,501268,48,2338
498882,501210,501268,58,2328
498882,501229,501273,44,2347
498882,501201,501275,74,2319
498882,501190,501276,86,2308
498882,501234,501277,43,2352
498882,501196,501277,81,2314
498882,501196,501277,81,2314
498882,501235,501278,43,2353
498882,501230,501279,49,2348
498882,501228,501280,52,2346
498882,501239,501279,40,2357
498882,501190,501280,90,2308
498882,501195,501281,86,2313
498882,501195,501281,86,2313
498882,501242,501282,40,2360
498882,501240,501283,43,2358
498882,501236,501283,47,2354
498882,501238,501284,46,2356
498882,501227,501285,58,2345
498882,501235,501286,51,2353
498882,501194,501286,92,2312
498882,501190,501287,97,2308
498882,501197,501289,92,2315
498882,501195,501289,94,2313
498882,501194,501289,95,2312
498882,501227,501289,62,2345
498882,501238,501289,51,2356
498882,501192,501292,100,2310
498882,501196,501291,95,2314
498882,501241,501292,51,2359
498882,501199,501292,93,2317
498882,501249,501292,43,2367
498882,501242,501293,51,2360
498882,501194,501294,100,2312
498882,501200,501295,95,2318
498882,501246,501294,48,2364
498882,501238,501295,57,2356
498882,501240,501294,54,2358
498882,501243,501295,52,2361
498882,501244,501295,51,2362
498882,501242,501296,54,2360
498882,501193,501297,104,2311
498882,501245,501297,52,2363
498882,501242,501297,55,2360
498882,501194,501298,104,2312
498882,501250,501297,47,2368
498882,501245,501299,54,2363
498882,501190,501300,110,2308
498882,501244,501299,55,2362
498882,501244,501300,56,2362
498882,501247,501301,54,2365
498882,501246,501301,55,2364
498882,501194,501302,108,2312
498882,501244,501303,59,2362
498882,501194,501304,110,2312
498882,501247,501305,58,2365
498882,501248,501306,58,2366
498882,501253,501306,53,2371
498882,501255,501307,52,2373
498882,501242,501307,65,2360
498882,501193,501308,115,2311
498882,501254,501309,55,2372
498882,501251,501308,57,2369
498882,501248,501308,60,2366
498882,501243,501310,67,2361
498882,501248,501311,63,2366
498882,501248,501314,66,2366
498882,501259,501317,58,2377
498991,501286,501318,32,2295
498882,501276,501318,42,2394
498882,501263,501321,58,2381
498882,501265,501321,56,2383
498882,501264,501323,59,2382
498991,501290,501323,33,2299
498991,501287,501324,37,2296
498991,501289,501325,36,2298
498882,501269,501325,56,2387
498882,501280,501326,46,2398
498882,501282,501325,43,2400
498882,501277,501326,49,2395
498991,501287,501326,39,2296
498882,501279,501327,48,2397
498882,501281,501328,47,2399
498882,501268,501328,60,2386
498882,501282,501328,46,2400
498991,501288,501329,41,2297
498882,501284,501330,46,2402
498991,501289,501330,41,2298
498882,501277,501330,53,2395
498882,501278,501332,54,2396
498882,501280,501332,52,2398
498882,501283,501333,50,2401
498882,501278,501334,56,2396
498882,501280,501335,55,2398
498991,501290,501336,46,2299
498991,501306,501336,30,2315
498991,501311,501337,26,2320
498882,501273,501337,64,2391
498991,501307,501338,31,2316
498991,501306,501339,33,2315
498991,501307,501341,34,2316
498991,501307,501341,34,2316
498991,501309,501341,32,2318
498882,501279,501342,63,2397
498991,501324,501344,20,2333
498261,500567,501344,777,2306
498991,501289,501344,55,2298
498991,501292,501345,53,2301
498991,501309,501345,36,2318
498991,501325,501346,21,2334
498991,501324,501346,22,2333
498991,501321,501348,27,2330
498991,501309,501348,39,2318
498991,501324,501347,23,2333
498991,501308,501348,40,2317
498991,501321,501348,27,2330
498991,501312,501350,38,2321
498991,501326,501350,24,2335
498991,501305,501351,46,2314
498991,501326,501351,25,2335
498991,501314,501352,38,2323
498991,501292,501354,62,2301
498991,501329,501356,27,2338
498991,501326,501357,31,2335
498991,501329,501360,31,2338
498991,501326,501361,35,2335
498991,501327,501361,34,2336
498991,501319,501362,43,2328
498991,501303,501363,60,2312
498991,501330,501364,34,2339
498991,501330,501366,36,2339
498991,501334,501367,33,2343
498991,501331,501367,36,2340
498991,501292,501368,76,2301
498991,501331,501370,39,2340
498991,501327,501371,44,2336
498991,501333,501371,38,2342
498991,501329,501377,48,2338
498991,501319,501378,59,2328
498991,501300,501379,79,2309
498991,501332,501380,48,2341
498991,501332,501380,48,2341
498991,501293,501380,87,2302
498991,501318,501381,63,2327
498991,501335,501388,53,2344
498991,501301,501389,88,2310
498991,501346,501390,44,2355
498991,501298,501391,93,2307
498991,501297,501392,95,2306
498991,501298,501393,95,2307
498991,501298,501394,96,2307
498991,501300,501394,94,2309
498991,501293,501394,101,2302
498991,501295,501395,100,2304
498991,501303,501396,93,2312
498991,501298,501397,99,2307
498991,501339,501398,59,2348
498991,501295,501398,103,2304
498991,501295,501399,104,2304
498991,501341,501399,58,2350
498991,501296,501400,104,2305
498991,501302,501400,98,2311
498991,501345,501401,56,2354
498991,501302,501402,100,2311
498991,501338,501403,65,2347
498991,501343,501403,60,2352
498991,501337,501403,66,2346
498991,501341,501403,62,2350
498991,501294,501405,111,2303
498991,501299,501405,106,2308
498991,501295,501406,111,2304
498991,501338,501406,68,2347
498991,501295,501407,112,2304
498991,501295,501409,114,2304
498991,501347,501409,62,2356
498991,501298,501409,111,2307
498991,501341,501412,71,2350
498991,501337,501412,75,2346
498991,501348,501412,64,2357
498991,501353,501414,61,2362
498991,501345,501414,69,2354
498991,501344,501414,70,2353
498991,501347,501415,68,2356
498991,501352,501416,64,2361
498991,501357,501416,59,2366
498991,501358,501416,58,2367
498991,501337,501417,80,2346
498991,501350,501417,67,2359
498991,501360,501419,59,2369
498991,501351,501421,70,2360
498991,501348,501422,74,2357
498991,501348,501423,75,2357
498991,501348,501425,77,2357
498991,501355,501427,72,2364
499036,501400,501428,28,2364
498991,501371,501429,58,2380
498991,501351,501429,78,2360
499036,501401,501431,30,2365
498342,500653,501431,778,2311
498991,501349,501431,82,2358
498991,501369,501432,63,2378
499036,501402,501433,31,2366
498991,501371,501434,63,2380
499036,501404,501436,32,2368
498991,501366,501436,70,2375
499036,501401,501436,35,2365
499036,501403,501437,34,2367
498991,501362,501438,76,2371
498991,501371,501440,69,2380
498991,501344,501439,95,2353
498991,501362,501439,77,2371
498991,501382,501440,58,2391
499036,501403,501441,38,2367
498991,501368,501442,74,2377
498991,501399,501443,44,2408
499036,501401,501443,42,2365
498991,501368,501444,76,2377
498991,501361,501449,88,2370
498991,501380,501450,70,2389
499036,501405,501450,45,2369
499036,501405,501451,46,2369
498991,501394,501451,57,2403
499036,501404,501452,48,2368
498991,501394,501451,57,2403
498991,501378,501452,74,2387
498991,501391,501453,62,2400
498991,501365,501452,87,2374
498991,501381,501453,72,2390
498991,501397,501454,57,2406
498991,501388,501456,68,2397
498991,501395,501457,62,2404
498991,501364,501457,93,2373
498991,501380,501458,78,2389
498991,501381,501459,78,2390
498991,501396,501460,64,2405
498991,501392,501462,70,2401
498991,501398,501462,64,2407
498991,501394,501462,68,2403
499036,501432,501463,31,2396
499036,501433,501465,32,2397
499036,501443,501465,22,2407
498991,501379,501466,87,2388
499036,501431,501467,36,2395
498991,501393,501468,75,2402
499036,501444,501469,25,2408
498991,501399,501470,71,2408
499036,501443,501470,27,2407
499036,501437,501470,33,2401
499036,501437,501470,33,2401
499036,501437,501470,33,2401
499036,501432,501471,39,2396
499036,501435,501472,37,2399
499036,501432,501472,40,2396
499036,501430,501473,43,2394
498991,501390,501473,83,2399
499036,501442,501473,31,2406
499036,501406,501475,69,2370
499036,501449,501474,25,2413
499036,501438,501475,37,2402
499036,501450,501475,25,2414
499036,501443,501475,32,2407
499036,501441,501476,35,2405
499036,501451,501477,26,2415
499036,501453,501478,25,2417
499036,501439,501478,39,2403
499036,501453,501478,25,2417
499036,501452,501480,28,2416
499036,501451,501480,29,2415
499036,501454,501482,28,2418
499036,501429,501483,54,2393
499036,501452,501486,34,2416
499036,501456,501487,31,2420
499036,501440,501487,47,2404
499036,501459,501487,28,2423
499036,501453,501488,35,2417
499036,501460,501492,32,2424
499036,501407,501494,87,2371
499036,501440,501494,54,2404
499036,501429,501494,65,2393
499036,501457,501494,37,2421
499036,501419,501495,76,2383
499036,501452,501496,44,2416
499036,501456,501496,40,2420
499036,501461,501499,38,2425
499036,501423,501500,77,2387
499036,501418,501499,81,2382
499036,501457,501500,43,2421
499036,501424,501500,76,2388
499036,501409,501502,93,2373
499036,501413,501502,89,2377
499036,501409,501503,94,2373
499036,501421,501502,81,2385
499036,501427,501505,78,2391
499036,501471,501508,37,2435
498405,500739,501510,771,2334
499036,501414,501511,97,2378
499036,501413,501511,98,2377
499036,501471,501511,40,2435
499036,501414,501512,98,2378
499036,501415,501512,97,2379
499036,501466,501513,47,2430
499036,501412,501513,101,2376
499036,501418,501514,96,2382
499036,501408,501514,106,2372
499036,501470,501515,45,2434
499036,501465,501516,51,2429
499036,501473,501517,44,2437
499036,501410,501517,107,2374
499036,501417,501518,101,2381
499036,501465,501518,53,2429
499036,501472,501519,47,2436
499036,501469,501519,50,2433
499036,501440,501521,81,2404
499036,501426,501521,95,2390
499036,501473,501523,50,2437
499036,501474,501522,48,2438
499036,501417,501523,106,2381
499036,501463,501524,61,2427
499036,501415,501524,109,2379
499036,501467,501525,58,2431
499036,501417,501524,107,2381
499036,501473,501527,54,2437
499036,501475,501528,53,2439
499036,501476,501528,52,2440
499036,501477,501529,52,2441
499036,501479,501531,52,2443
499036,501463,501531,68,2427
499036,501470,501531,61,2434
499036,501463,501531,68,2427
499036,501469,501532,63,2433
499036,501478,501533,55,2442
499036,501475,501533,58,2439
499036,501475,501533,58,2439
499036,501470,501534,64,2434
499036,501477,501535,58,2441
499036,501478,501536,58,2442
499036,501462,501537,75,2426
499036,501481,501537,56,2445
499036,501475,501540,65,2439
499127,501514,501540,26,2387
499036,501484,501543,59,2448
499127,501514,501543,29,2387
499036,501481,501544,63,2445
499127,501515,501547,32,2388
499036,501486,501547,61,2450
499127,501516,501548,32,2389
499036,501494,501549,55,2458
499036,501501,501550,49,2465
499127,501515,501550,35,2388
499036,501500,501552,52,2464
499036,501473,501553,80,2437
499127,501517,501554,37,2390
499036,501501,501555,54,2465
499036,501502,501555,53,2466
499036,501482,501555,73,2446
499036,501500,501555,55,2464
499036,501493,501556,63,2457
499036,501512,501556,44,2476
499036,501488,501557,69,2452
499036,501503,501557,54,2467
499036,501509,501558,49,2473
499036,501511,501558,47,2475
499036,501510,501558,48,2474
499036,501495,501559,64,2459
499036,501503,501559,56,2467
499036,501495,501559,64,2459
499036,501512,501560,48,2476
499127,501517,501559,42,2390
499127,501519,501560,41,2392
499127,501518,501561,43,2391
499036,501488,501561,73,2452
499036,501495,501562,67,2459
499036,501501,501562,61,2465
499036,501497,501563,66,2461
499036,501488,501564,76,2452
499127,501518,501565,47,2391
499036,501512,501565,53,2476
499036,501497,501567,70,2461
499036,501506,501567,61,2470
499036,501488,501567,79,2452
499127,501519,501570,51,2392
499036,501502,501572,70,2466
499127,501544,501578,34,2417
499127,501560,501578,18,2433
499127,501560,501579,19,2433
499127,501545,501581,36,2418
499127,501548,501581,33,2421
499127,501538,501581,43,2411
499036,501495,501581,86,2459
499127,501541,501583,42,2414
499127,501541,501583,42,2414
499127,501520,501583,63,2393
499127,501560,501585,25,2433
499127,501544,501587,43,2417
499127,501549,501587,38,2422
499127,501538,501587,49,2411
499127,501559,501589,30,2432
499127,501550,501589,39,2423
499127,501556,501590,34,2429
499127,501557,501592,35,2430
499127,501548,501592,44,2421
499127,501558,501594,36,2431
499127,501561,501594,33,2434
499127,501550,501595,45,2423
499127,501563,501595,32,2436
499127,501564,501596,32,2437
499127,501557,501596,39,2430
498502,500823,501597,774,2321
499127,501556,501597,41,2429
499127,501556,501596,40,2429
499127,501562,501597,35,2435
499127,501562,501597,35,2435
499127,501561,501598,37,2434
499127,501534,501600,66,2407
499127,501559,501601,42,2432
499127,501563,501602,39,2436
499127,501521,501604,83,2394
499127,501551,501605,54,2424
499127,501555,501606,51,2428
499127,501552,501607,55,2425
499127,501554,501609,55,2427
499127,501565,501609,44,2438
499127,501568,501610,42,2441
499127,501537,501611,74,2410
499127,501553,501612,59,2426
499127,501523,501612,89,2396
499127,501535,501613,78,2408
499127,501524,501613,89,2397
499127,501555,501613,58,2428
499127,501559,501614,55,2432
499127,501524,501615,91,2397
499127,501583,501616,33,2456
499127,501534,501617,83,2407
499127,501565,501617,52,2438
499127,501535,501617,82,2408
499127,501582,501618,36,2455
499127,501523,501619,96,2396
499127,501559,501619,60,2432
499127,501525,501620,95,2398
499127,501522,501621,99,2395
499127,501573,501620,47,2446
499127,501524,501621,97,2397
499127,501568,501622,54,2441
499127,501533,501623,90,2406
499127,501579,501623,44,2452
499127,501581,501624,43,2454
499127,501568,501624,56,2441
499127,501532,501625,93,2405
499127,501583,501625,42,2456
499127,501581,501627,46,2454
499127,501532,501628,96,2405
499127,501570,501627,57,2443
499127,501584,501628,44,2457
499127,501533,501629,96,2406
499127,501527,501630,103,2400
499127,501525,501632,107,2398
499127,501580,501632,52,2453
499127,501529,501632,103,2402
499127,501532,501632,100,2405
499127,501528,501634,106,2401
499127,501531,501633,102,2404
499127,501581,501636,55,2454
499127,501579,501637,58,2452
499127,501587,501640,53,2460
499127,501593,501641,48,2466
499127,501587,501641,54,2460
499127,501594,501641,47,2467
499127,501528,501642,114,2401
499127,501594,501642,48,2467
499127,501593,501643,50,2466
499127,501585,501644,59,2458
499127,501588,501645,57,2461
499127,501568,501646,78,2441
499127,501589,501646,57,2462
499127,501591,501647,56,2464
499202,501623,501649,26,2421
499127,501597,501649,52,2470
499127,501596,501649,53,2469
499127,501597,501649,52,2470
499127,501589,501651,62,2462
499127,501596,501652,56,2469
499127,501598,501654,56,2471
499127,501602,501655,53,2475
499202,501622,501657,35,2420
499202,501624,501659,35,2422
499202,501624,501659,35,2422
499202,501625,501659,34,2423
499202,501625,501659,34,2423
499127,501597,501660,63,2470
499127,501597,501660,63,2470
499127,501602,501660,58,2475
499127,501607,501661,54,2480
499127,501605,501662,57,2478
499127,501605,501661,56,2478
499127,501620,501662,42,2493
499127,501615,501663,48,2488
499127,501610,501664,54,2483
499127,501600,501665,65,2473
499127,501599,501667,68,2472
499202,501626,501667,41,2424
499127,501617,501667,50,2490
499127,501620,501667,47,2493
499127,501614,501668,54,2487
499127,501613,501668,55,2486
499127,501598,501667,69,2471
499127,501613,501668,55,2486
499127,501618,501669,51,2491
499127,501610,501669,59,2483
499127,501613,501670,57,2486
499202,501628,501671,43,2426
499127,501619,501670,51,2492
499127,501597,501673,76,2470
499127,501621,501673,52,2494
499127,501613,501673,60,2486
499202,501626,501674,48,2424
499127,501620,501675,55,2493
499127,501608,501675,67,2481
499202,501628,501676,48,2426
499127,501616,501676,60,2489
498560,500908,501676,768,2348
499127,501618,501678,60,2491
499127,501612,501680,68,2485
499202,501627,501682,55,2425
499202,501663,501682,19,2461
499127,501616,501683,67,2489
499202,501667,501685,18,2465
499127,501611,501686,75,2484
499202,501667,501688,21,2465
499202,501666,501688,22,2464
499202,501660,501689,29,2458
499202,501664,501689,25,2462
499202,501629,501689,60,2427
499202,501670,501689,19,2468
499202,501670,501690,20,2468
499202,501664,501690,26,2462
499202,501671,501690,19,2469
499202,501670,501693,23,2468
499202,501662,501693,31,2460
499202,501668,501694,26,2466
499202,501662,501694,32,2460
499202,501668,501694,26,2466
499202,501668,501694,26,2466
499202,501654,501696,42,2452
499202,501660,501697,37,2458
499202,501676,501698,22,2474
499202,501659,501698,39,2457
499202,501668,501699,31,2466
499202,501662,501700,38,2460
499202,501673,501703,30,2471
499202,501658,501703,45,2456
499202,501673,501705,32,2471
499202,501669,501705,36,2467
499202,501661,501705,44,2459
499202,501651,501706,55,2449
499202,501671,501707,36,2469
499202,501652,501709,57,2450
499202,501646,501710,64,2444
499202,501676,501710,34,2474
499202,501661,501710,49,2459
499202,501656,501711,55,2454
499202,501675,501711,36,2473
499202,501660,501711,51,2458
499202,501676,501712,36,2474
499202,501649,501712,63,2447
499202,501674,501713,39,2472
499202,501646,501713,67,2444
499202,501661,501716,55,2459
499202,501677,501718,41,2475
499202,501631,501721,90,2429
499202,501634,501722,88,2432
499202,501650,501722,72,2448
499202,501689,501723,34,2487
499202,501629,501724,95,2427
499202,501634,501726,92,2432
499202,501689,501727,38,2487
499202,501637,501728,91,2435
499202,501632,501728,96,2430
499202,501633,501728,95,2431
499202,501644,501730,86,2442
499202,501685,501731,46,2483
499202,501689,501732,43,2487
499202,501682,501732,50,2480
499202,501678,501733,55,2476
499202,501690,501732,42,2488
499202,501638,501733,95,2436
499202,501682,501733,51,2480
499202,501686,501734,48,2484
499202,501683,501734,51,2481
499202,501677,501735,58,2475
499202,501632,501735,103,2430
499202,501645,501736,91,2443
499202,501633,501737,104,2431
499202,501689,501738,49,2487
499202,501643,501739,96,2441
499202,501699,501739,40,2497
499202,501642,501740,98,2440
499202,501695,501740,45,2493
499202,501698,501740,42,2496
499202,501690,501740,50,2488
499202,501680,501742,62,2478
499202,501640,501742,102,2438
499202,501690,501742,52,2488
499202,501689,501742,53,2487
499202,501697,501743,46,2495
499202,501649,501743,94,2447
499202,501694,501744,50,2492
499202,501641,501744,103,2439
499202,501642,501746,104,2440
499202,501694,501746,52,2492
499202,501700,501746,46,2498
499202,501677,501746,69,2475
499202,501694,501746,52,2492
499202,501694,501747,53,2492
499202,501644,501748,104,2442
499202,501642,501749,107,2440
499202,501647,501749,102,2445
499202,501698,501751,53,2496
499202,501693,501752,59,2491
499202,501710,501757,47,2508
499202,501712,501757,45,2510
499202,501649,501756,107,2447
499202,501722,501757,35,2520
499202,501691,501757,66,2489
499202,501701,501757,56,2499
499202,501704,501757,53,2502
499270,501734,501761,27,2464
499202,501704,501764,60,2502
499202,501707,501764,57,2505
499270,501734,501765,31,2464
499270,501734,501764,30,2464
499202,501706,501765,59,2504
499202,501710,501766,56,2508
499270,501733,501766,33,2463
499202,501707,501767,60,2505
499202,501706,501767,61,2504
499270,501736,501768,32,2466
499202,501722,501769,47,2520
499270,501733,501769,36,2463
498710,500995,501770,775,2285
499202,501710,501771,61,2508
499202,501714,501772,58,2512
499202,501706,501773,67,2504
499202,501732,501773,41,2530
499202,501727,501773,46,2525
499202,501712,501773,61,2510
499202,501729,501774,45,2527
499270,501736,501777,41,2466
499202,501723,501778,55,2521
499202,501718,501777,59,2516
499202,501713,501777,64,2511
499270,501735,501777,42,2465
499202,501713,501778,65,2511
499202,501731,501778,47,2529
499202,501733,501780,47,2531
499202,501712,501780,68,2510
499202,501711,501780,69,2509
499270,501737,501780,43,2467
499202,501727,501782,55,2525
499202,501717,501782,65,2515
499270,501738,501783,45,2468
499202,501712,501784,72,2510
499202,501728,501784,56,2526
499270,501739,501787,48,2469
499202,501724,501787,63,2522
499202,501729,501773,44,2527
499202,501723,501790,67,2521
499270,501770,501791,21,2500
499270,501768,501793,25,2498
499270,501778,501793,15,2508
499270,501770,501793,23,2500
499270,501771,501794,23,2501
499270,501768,501794,26,2498
499270,501772,501794,22,2502
499270,501773,501796,23,2503
499270,501769,501795,26,2499
499270,501766,501796,30,2496
499270,501773,501797,24,2503
499270,501774,501798,24,2504
499270,501740,501799,59,2470
499270,501778,501798,20,2508
499270,501775,501801,26,2505
499270,501779,501800,21,2509
499270,501778,501802,24,2508
499270,501779,501802,23,2509
499270,501774,501804,30,2504
499270,501766,501804,38,2496
499270,501758,501805,47,2488
499270,501777,501809,32,2507
499270,501762,501810,48,2492
499270,501757,501810,53,2487
499270,501781,501812,31,2511
499270,501765,501812,47,2495
499270,501765,501813,48,2495
499270,501750,501815,65,2480
499270,501780,501815,35,2510
499270,501764,501816,52,2494
499270,501778,501817,39,2508
499270,501781,501816,35,2511
499270,501758,501817,59,2488
499270,501783,501818,35,2513
499270,501757,501818,61,2487
499270,501765,501817,52,2495
499270,501790,501819,29,2520
499270,501783,501820,37,2513
499270,501765,501820,55,2495
499270,501781,501821,40,2511
499270,501749,501821,72,2479
499270,501741,501825,84,2471
499270,501742,501825,83,2472
499270,501757,501826,69,2487
499270,501794,501826,32,2524
499270,501743,501827,84,2473
499270,501750,501830,80,2480
499270,501791,501833,42,2521
499270,501740,501833,93,2470
499270,501745,501834,89,2475
499270,501795,501835,40,2525
499270,501740,501835,95,2470
499270,501788,501835,47,2518
499270,501740,501836,96,2470
499270,501747,501836,89,2477
499270,501743,501836,93,2473
499270,501785,501838,53,2515
499270,501784,501838,54,2514
499270,501746,501838,92,2476
499270,501795,501838,43,2525
499270,501795,501839,44,2525
499270,501747,501840,93,2477
499270,501792,501840,48,2522
499270,501790,501841,51,2520
499270,501801,501842,41,2531
499270,501793,501842,49,2523
499270,501793,501842,49,2523
499270,501797,501842,45,2527
499270,501796,501843,47,2526
499270,501744,501844,100,2474
499270,501798,501844,46,2528
499270,501757,501844,87,2487
499270,501743,501844,101,2473
499270,501743,501844,101,2473
499270,501746,501845,99,2476
499270,501741,501844,103,2471
499270,501745,501845,100,2475
499270,501798,501845,47,2528
498723,501087,501847,760,2364
499270,501802,501847,45,2532
499270,501796,501847,51,2526
499270,501746,501851,105,2476
499270,501788,501851,63,2518
499270,501801,501851,50,2531
499270,501799,501851,52,2529
499270,501804,501851,47,2534
499270,501810,501852,42,2540
499270,501805,501852,47,2535
499270,501752,501852,100,2482
499270,501783,501852,69,2513
499270,501805,501854,49,2535
499270,501753,501855,102,2483
499270,501810,501856,46,2540
499270,501803,501855,52,2533
499270,501799,501858,59,2529
499270,501748,501858,110,2478
499270,501757,501859,102,2487
499270,501811,501861,50,2541
499270,501818,501864,46,2548
499270,501817,501864,47,2547
499270,501817,501864,47,2547
499270,501827,501866,39,2557
499270,501816,501868,52,2546
499270,501813,501868,55,2543
499345,501838,501868,30,2493
499345,501839,501870,31,2494
499270,501821,501870,49,2551
499270,501817,501872,55,2547
499270,501816,501872,56,2546
499270,501819,501872,53,2549
499270,501813,501873,60,2543
499270,501826,501875,49,2556
499345,501839,501876,37,2494
499270,501821,501877,56,2551
499270,501833,501878,45,2563
499270,501836,501879,43,2566
499270,501813,501879,66,2543
499270,501827,501879,52,2557
499270,501830,501879,49,2560
499345,501839,501879,40,2494
499270,501837,501880,43,2567
499270,501821,501880,59,2551
499270,501818,501881,63,2548
499345,501841,501880,39,2496
499345,501841,501881,40,2496
499270,501836,501881,45,2566
499270,501837,501882,45,2567
499270,501835,501884,49,2565
499345,501842,501884,42,2497
499270,501835,501885,50,2565
499345,501843,501884,41,2498
499270,501815,501885,70,2545
499270,501825,501887,62,2555
499270,501828,501887,59,2558
499270,501818,501888,70,2548
499345,501843,501888,45,2498
499270,501836,501890,54,2566
499345,501843,501891,48,2498
499345,501876,501894,18,2531
499345,501873,501894,21,2528
499345,501874,501896,22,2529
499345,501878,501896,18,2533
499345,501843,501897,54,2498
499345,501882,501897,15,2537
499270,501834,501897,63,2564
499345,501871,501897,26,2526
499345,501875,501898,23,2530
499270,501820,501898,78,2550
499345,501873,501900,27,2528
499345,501879,501899,20,2534
499345,501882,501900,18,2537
499345,501873,501901,28,2528
499345,501880,501901,21,2535
499345,501880,501901,21,2535
499345,501880,501901,21,2535
499345,501880,501904,24,2535
499345,501882,501904,22,2537
499345,501884,501905,21,2539
499345,501881,501905,24,2536
499345,501870,501906,36,2525
499345,501880,501908,28,2535
499345,501884,501907,23,2539
499345,501880,501909,29,2535
499345,501881,501908,27,2536
499345,501881,501910,29,2536
499345,501885,501913,28,2540
499345,501885,501916,31,2540
499345,501843,501918,75,2498
499345,501887,501918,31,2542
499345,501887,501919,32,2542
499345,501870,501923,53,2525
499345,501865,501926,61,2520
499345,501867,501927,60,2522
499345,501886,501928,42,2541
499345,501845,501930,85,2500
499345,501851,501931,80,2506
499345,501844,501932,88,2499
499345,501845,501932,87,2500
499345,501852,501933,81,2507
499345,501848,501933,85,2503
499345,501865,501936,71,2520
499345,501898,501936,38,2553
499345,501891,501936,45,2546
499345,501851,501937,86,2506
499345,501845,501939,94,2500
499345,501845,501941,96,2500
499345,501847,501942,95,2502
499345,501847,501941,94,2502
499345,501846,501942,96,2501
499345,501894,501942,48,2549
499345,501898,501942,44,2553
499345,501844,501943,99,2499
499345,501846,501943,97,2501
499345,501869,501943,74,2524
499345,501898,501943,45,2553
499345,501897,501944,47,2552
499345,501853,501947,94,2508
499345,501902,501946,44,2557
499345,501897,501947,50,2552
499345,501868,501947,79,2523
499345,501906,501948,42,2561
498811,501182,501948,766,2371
499345,501894,501948,54,2549
499345,501852,501948,96,2507
499345,501901,501949,48,2556
499345,501844,501949,105,2499
499345,501899,501949,50,2554
499345,501889,501950,61,2544
499345,501897,501949,52,2552
499345,501865,501950,85,2520
499345,501908,501950,42,2563
499345,501861,501950,89,2516
499345,501852,501952,100,2507
499345,501909,501951,42,2564
499345,501855,501951,96,2510
499345,501888,501952,64,2543
499345,501909,501952,43,2564
499345,501852,501953,101,2507
499345,501905,501953,48,2560
499345,501897,501954,57,2552
499345,501904,501955,51,2559
499345,501852,501955,103,2507
499345,501910,501955,45,2565
499345,501905,501955,50,2560
499345,501901,501957,56,2556
499345,501907,501957,50,2562
499345,501859,501959,100,2514
499345,501900,501959,59,2555
499345,501855,501959,104,2510
499345,501856,501960,104,2511
499345,501900,501961,61,2555
499345,501856,501962,106,2511
499345,501908,501962,54,2563
499345,501890,501963,73,2545
499345,501916,501964,48,2571
499345,501859,501966,107,2514
499345,501860,501966,106,2515
499345,501852,501966,114,2507
499345,501923,501967,44,2578
499345,501919,501968,49,2574
499345,501901,501968,67,2556
499345,501902,501971,69,2557
499409,501947,501971,24,2538
499345,501928,501971,43,2583
499409,501948,501971,23,2539
499345,501913,501972,59,2568
499345,501928,501973,45,2583
499409,501949,501975,26,2540
499345,501926,501980,54,2581
499345,501930,501980,50,2585
499409,501948,501981,33,2539
499409,501950,501981,31,2541
499409,501949,501982,33,2540
499345,501933,501985,52,2588
499345,501944,501984,40,2599
499409,501949,501985,36,2540
499345,501933,501985,52,2588
499345,501942,501986,44,2597
499345,501943,501987,44,2598
499345,501944,501988,44,2599
499345,501947,501988,41,2602
499345,501945,501988,43,2600
499345,501942,501989,47,2597
499345,501918,501989,71,2573
499345,501932,501990,58,2587
499345,501943,501990,47,2598
499345,501919,501990,71,2574
499345,501933,501992,59,2588
499345,501937,501991,54,2592
499345,501943,501992,49,2598
499409,501949,501992,43,2540
499345,501943,501993,50,2598
499409,501949,501993,44,2540
499345,501939,501993,54,2594
499345,501936,501995,59,2591
499345,501935,501997,62,2590
499345,501942,501997,55,2597
499345,501944,501997,53,2599
499409,501982,502000,18,2573
499409,501976,501999,23,2567
499409,501950,502001,51,2541
499409,501982,502001,19,2573
499345,501937,501998,61,2592
499409,501980,502003,23,2571
499409,501981,502003,22,2572
499409,501985,502003,18,2576
499409,501983,502004,21,2574
499409,501950,502004,54,2541
499409,501974,502005,31,2565
499409,501985,502007,22,2576
499409,501988,502007,19,2579
499345,501937,502008,71,2592
499409,501988,502009,21,2579
499409,501986,502010,24,2577
499409,501989,502010,21,2580
499409,501986,502011,25,2577
499409,501991,502012,21,2582
499409,501990,502012,22,2581
499409,501992,502013,21,2583
499409,501992,502013,21,2583
499409,501989,502013,24,2580
499409,501973,502013,40,2564
499409,501992,502014,22,2583
499409,501989,502014,25,2580
499409,501951,502015,64,2542
499409,501992,502016,24,2583
499409,501968,502017,49,2559
499409,501993,502019,26,2584
499409,501991,502021,30,2582
499409,501991,502021,30,2582
499409,501969,502022,53,2560
499409,502003,502022,19,2594
499409,501994,502023,29,2585
499409,501968,502025,57,2559
499409,501956,502025,69,2547
499409,501994,502025,31,2585
499409,501972,502026,54,2563
499409,501966,502029,63,2557
499409,501972,502029,57,2563
499409,501966,502029,63,2557
499409,501954,502029,75,2545
499409,501958,502030,72,2549
499409,501959,502030,71,2550
499409,501996,502032,36,2587
499409,501972,502032,60,2563
499409,501960,502033,73,2551
499409,501956,502035,79,2547
499409,502000,502035,35,2591
499409,502000,502036,36,2591
499409,501952,502039,87,2543
499409,502003,502038,35,2594
499409,502001,502039,38,2592
499409,501952,502040,88,2543
499409,502004,502040,36,2595
499409,501951,502040,89,2542
499409,502004,502040,36,2595
499409,501972,502041,69,2563
499409,501954,502041,87,2545
499409,501952,502042,90,2543
499409,502003,502042,39,2594
499409,501952,502043,91,2543
499409,501951,502043,92,2542
499409,501998,502044,46,2589
499409,501960,502045,85,2551
499409,501955,502045,90,2546
499409,501953,502046,93,2544
499409,501997,502048,51,2588
499409,502007,502047,40,2598
499409,502010,502049,39,2601
499409,502015,502049,34,2606
499409,502002,502049,47,2593
499409,501997,502049,52,2588
499409,502011,502049,38,2602
499409,501956,502050,94,2547
499409,502010,502050,40,2601
499409,502004,502051,47,2595
498885,501284,502052,768,2399
499409,502014,502052,38,2605
499409,502006,502052,46,2597
499409,502014,502053,39,2605
499409,502014,502052,38,2605
499409,502013,502053,40,2604
499409,502015,502053,38,2606
499409,502010,502054,44,2601
499409,502012,502054,42,2603
499409,501965,502054,89,2556
499409,502003,502055,52,2594
499409,501958,502055,97,2549
499409,502013,502055,42,2604
499409,502013,502057,44,2604
499409,502016,502058,42,2607
499409,502009,502059,50,2600
499409,501966,502059,93,2557
499409,502007,502059,52,2598
499409,501955,502061,106,2546
499409,502018,502061,43,2609
499409,501960,502062,102,2551
499465,502043,502064,21,2578
499409,501961,502066,105,2552
499409,501962,502066,104,2553
499409,501964,502065,101,2555
499409,502019,502066,47,2610
499409,502023,502066,43,2614
499465,502044,502069,25,2579
499409,502031,502069,38,2622
499465,502045,502068,23,2580
499465,502044,502069,25,2579
499409,502026,502070,44,2617
499409,502021,502070,49,2612
499409,502023,502071,48,2614
499409,502029,502072,43,2620
499409,502025,502072,47,2616
499409,502024,502075,51,2615
499409,501963,502077,114,2554
499465,502048,502077,29,2583
499465,502046,502077,31,2581
499409,502022,502077,55,2613
499409,502033,502077,44,2624
499409,502030,502078,48,2621
499409,502025,502078,53,2616
499409,502041,502078,37,2632
499465,502046,502080,34,2581
499409,502032,502080,48,2623
499409,502041,502080,39,2632
499465,502047,502080,33,2582
499409,502040,502081,41,2631
499409,502040,502081,41,2631
499409,502025,502082,57,2616
499409,502031,502082,51,2622
499409,502033,502081,48,2624
499409,502042,502081,39,2633
499465,502048,502082,34,2583
499409,502035,502082,47,2626
499409,502040,502083,43,2631
499409,502039,502084,45,2630
499409,502042,502084,42,2633
499409,502030,502085,55,2621
499465,502049,502086,37,2584
499409,502036,502086,50,2627
499409,502037,502088,51,2628
499409,502039,502088,49,2630
499409,502029,502089,60,2620
499465,502049,502090,41,2584
499465,502073,502091,18,2608
499465,502072,502092,20,2607
499465,502077,502093,16,2612
499465,502071,502094,23,2606
499465,502076,502096,20,2611
499465,502072,502095,23,2607
499465,502077,502096,19,2612
499465,502078,502096,18,2613
499465,502082,502097,15,2617
499465,502077,502097,20,2612
499465,502082,502098,16,2617
499465,502083,502098,15,2618
499465,502083,502099,16,2618
499465,502080,502099,19,2615
499465,502078,502100,22,2613
499465,502079,502101,22,2614
499465,502078,502100,22,2613
499465,502082,502101,19,2617
499465,502082,502101,19,2617
499465,502070,502103,33,2605
499465,502081,502102,21,2616
499465,502050,502104,54,2585
499465,502081,502104,23,2616
499465,502079,502105,26,2614
499465,502081,502106,25,2616
499465,502069,502107,38,2604
499465,502067,502108,41,2602
499465,502085,502108,23,2620
499465,502085,502110,25,2620
499465,502082,502111,29,2617
499465,502055,502110,55,2590
499465,502081,502111,30,2616
499465,502070,502112,42,2605
499465,502055,502114,59,2590
499465,502066,502115,49,2601
499465,502056,502115,59,2591
499465,502067,502116,49,2602
499465,502053,502116,63,2588
499465,502066,502117,51,2601
499465,502064,502118,54,2599
499465,502053,502119,66,2588
499465,502057,502120,63,2592
499465,502056,502119,63,2591
499465,502093,502120,27,2628
499465,502095,502120,25,2630
499465,502089,502121,32,2624
499465,502066,502121,55,2601
499465,502091,502121,30,2626
499465,502055,502121,66,2590
499465,502090,502123,33,2625
499465,502089,502123,34,2624
499465,502055,502124,69,2590
499465,502051,502128,77,2586
499465,502087,502129,42,2622
499465,502087,502129,42,2622
499465,502095,502130,35,2630
499465,502092,502130,38,2627
499465,502103,502130,27,2638
499465,502069,502131,62,2604
499465,502053,502131,78,2588
499465,502069,502131,62,2604
499465,502053,502132,79,2588
499465,502096,502132,36,2631
499465,502096,502133,37,2631
499465,502100,502133,33,2635
499465,502099,502133,34,2634
499465,502054,502134,80,2589
499465,502093,502135,42,2628
499465,502051,502136,85,2586
499465,502101,502136,35,2636
499465,502086,502137,51,2621
499465,502103,502137,34,2638
499465,502050,502137,87,2585
499465,502059,502138,79,2594
499465,502053,502138,85,2588
499465,502104,502138,34,2639
499465,502098,502138,40,2633
499465,502101,502138,37,2636
499465,502099,502138,39,2634
499465,502101,502139,38,2636
499465,502104,502139,35,2639
499465,502105,502139,34,2640
499465,502107,502139,32,2642
499465,502101,502139,38,2636
499465,502098,502140,42,2633
499465,502101,502141,40,2636
499465,502097,502140,43,2632
499465,502097,502141,44,2632
499465,502107,502142,35,2642
499465,502097,502141,44,2632
499465,502050,502142,92,2585
499465,502052,502142,90,2587
499465,502111,502147,36,2646
499465,502051,502148,97,2586
499465,502063,502149,86,2598
499465,502110,502149,39,2645
499465,502115,502150,35,2650
499465,502062,502151,89,2597
499465,502112,502151,39,2647
499537,502131,502154,23,2594
499537,502132,502154,22,2595
499465,502115,502155,40,2650
499465,502111,502156,45,2646
499465,502122,502156,34,2657
499537,502132,502156,24,2595
499465,502124,502160,36,2659
499537,502133,502161,28,2596
499465,502121,502160,39,2656
499465,502062,502160,98,2597
499537,502135,502161,26,2598
499537,502133,502161,28,2596
499465,502122,502162,40,2657
499465,502113,502161,48,2648
499465,502120,502162,42,2655
499537,502132,502163,31,2595
499465,502059,502163,104,2594
499465,502109,502163,54,2644
499465,502115,502163,48,2650
499465,502129,502164,35,2664
499465,502120,502164,44,2655
499465,502117,502164,47,2652
499465,502108,502165,57,2643
499465,502130,502164,34,2665
499465,502123,502164,41,2658
499465,502124,502164,40,2659
499465,502129,502164,35,2664
499537,502134,502166,32,2597
499465,502121,502168,47,2656
499537,502133,502168,35,2596
499465,502120,502168,48,2655
499465,502117,502168,51,2652
499465,502117,502168,51,2652
498994,501400,502168,768,2406
499465,502060,502168,108,2595
499465,502122,502170,48,2657
499465,502130,502170,40,2665
499465,502119,502170,51,2654
499537,502134,502171,37,2597
499465,502121,502173,52,2656
499537,502136,502177,41,2599
499537,502162,502178,16,2625
499465,502060,502178,118,2595
499537,502163,502179,16,2626
499537,502162,502179,17,2625
499537,502161,502181,20,2624
499537,502162,502181,19,2625
499537,502161,502182,21,2624
499537,502163,502182,19,2626
499537,502162,502183,21,2625
499537,502168,502184,16,2631
499537,502165,502184,19,2628
499537,502164,502185,21,2627
499537,502168,502185,17,2631
499537,502164,502185,21,2627
499537,502164,502185,21,2627
499537,502165,502185,20,2628
499537,502165,502186,21,2628
499537,502168,502186,18,2631
499537,502164,502186,22,2627
499537,502164,502186,22,2627
499537,502161,502186,25,2624
499537,502169,502186,17,2632
499537,502137,502187,50,2600
499537,502168,502187,19,2631
499537,502161,502187,26,2624
499537,502141,502189,48,2604
499537,502165,502189,24,2628
499537,502165,502190,25,2628
499537,502152,502191,39,2615
499537,502166,502191,25,2629
499537,502155,502191,36,2618
499537,502155,502192,37,2618
499537,502141,502192,51,2604
499537,502169,502193,24,2632
499537,502156,502193,37,2619
499537,502152,502193,41,2615
499537,502154,502195,41,2617
499537,502165,502195,30,2628
499537,502140,502195,55,2603
499537,502140,502198,58,2603
499537,502139,502198,59,2602
499537,502150,502200,50,2613
499537,502139,502201,62,2602
499537,502156,502202,46,2619
499537,502140,502202,62,2603
499537,502151,502203,52,2614
499537,502150,502203,53,2613
499537,502180,502205,25,2643
499537,502142,502205,63,2605
499537,502172,502206,34,2635
499537,502141,502206,65,2604
499537,502185,502206,21,2648
499537,502141,502209,68,2604
499537,502139,502210,71,2602
499537,502178,502209,31,2641
499537,502140,502209,69,2603
499537,502179,502210,31,2642
499537,502174,502210,36,2637
499537,502181,502211,30,2644
499537,502140,502212,72,2603
499537,502179,502212,33,2642
499537,502142,502214,72,2605
499537,502171,502214,43,2634
499537,502182,502215,33,2645
499537,502139,502215,76,2602
499537,502156,502216,60,2619
499537,502178,502216,38,2641
499537,502170,502216,46,2633
499537,502139,502217,78,2602
499537,502187,502217,30,2650
499537,502139,502217,78,2602
499537,502186,502218,32,2649
499537,502187,502218,31,2650
499537,502186,502219,33,2649
499537,502188,502220,32,2651
499537,502188,502220,32,2651
499537,502185,502220,35,2648
499537,502186,502221,35,2649
499537,502137,502222,85,2600
499537,502183,502222,39,2646
499537,502187,502222,35,2650
499537,502189,502222,33,2652
499537,502186,502222,36,2649
499537,502138,502222,84,2601
499537,502186,502223,37,2649
499537,502189,502225,36,2652
499537,502183,502224,41,2646
499537,502186,502225,39,2649
499537,502137,502226,89,2600
499537,502184,502226,42,2647
499537,502171,502226,55,2634
499537,502187,502227,40,2650
499537,502185,502228,43,2648
499537,502191,502228,37,2654
499537,502186,502228,42,2649
499537,502137,502228,91,2600
499537,502192,502230,38,2655
499537,502184,502230,46,2647
499537,502149,502230,81,2612
499537,502194,502233,39,2657
499537,502194,502235,41,2657
499537,502195,502236,41,2658
499606,502212,502236,24,2606
499537,502191,502236,45,2654
499606,502212,502237,25,2606
499537,502193,502236,43,2656
499537,502210,502237,27,2673
499537,502192,502238,46,2655
499537,502201,502239,38,2664
499537,502203,502238,35,2666
499606,502215,502239,24,2609
499537,502211,502239,28,2674
499537,502203,502239,36,2666
499537,502209,502240,31,2672
499537,502201,502241,40,2664
499537,502205,502241,36,2668
499537,502190,502242,52,2653
499537,502196,502243,47,2659
499537,502143,502244,101,2606
499537,502202,502244,42,2665
499606,502214,502245,31,2608
499606,502216,502244,28,2610
499537,502207,502246,39,2670
499537,502207,502245,38,2670
499606,502213,502246,33,2607
499606,502216,502246,30,2610
499537,502199,502247,48,2662
499606,502217,502248,31,2611
499537,502203,502248,45,2666
499537,502205,502249,44,2668
499537,502143,502248,105,2606
499537,502196,502248,52,2659
499537,502193,502249,56,2656
499537,502148,502252,104,2611
499537,502198,502252,54,2661
499537,502207,502252,45,2670
499537,502210,502253,43,2673
499537,502210,502253,43,2673
499606,502217,502254,37,2611
499606,502217,502257,40,2611
499606,502218,502257,39,2612
499606,502240,502257,17,2634
499606,502241,502258,17,2635
499606,502239,502260,21,2633
499606,502240,502261,21,2634
499606,502237,502261,24,2631
499606,502238,502262,24,2632
499606,502239,502263,24,2633
499606,502243,502262,19,2637
499606,502242,502264,22,2636
499606,502244,502264,20,2638
499606,502239,502262,23,2633
499606,502240,502258,18,2634
499606,502247,502264,17,2641
499606,502231,502265,34,2625
499606,502245,502266,21,2639
499606,502245,502267,22,2639
499606,502246,502267,21,2640
499606,502245,502268,23,2639
499606,502246,502268,22,2640
499606,502249,502268,19,2643
499606,502249,502268,19,2643
499606,502245,502268,23,2639
499606,502236,502271,35,2630
499606,502231,502272,41,2625
499606,502233,502274,41,2627
499606,502224,502274,50,2618
499606,502249,502275,26,2643
499606,502236,502275,39,2630
499606,502247,502276,29,2641
499039,501513,502276,763,2474
499606,502237,502278,41,2631
499606,502249,502278,29,2643
499606,502223,502279,56,2617
499606,502237,502279,42,2631
499606,502247,502279,32,2641
499606,502237,502279,42,2631
499606,502218,502279,61,2612
499606,502249,502281,32,2643
499606,502229,502280,51,2623
499606,502225,502282,57,2619
499606,502230,502282,52,2624
499606,502253,502283,30,2647
499606,502222,502284,62,2616
499606,502225,502284,59,2619
499606,502237,502285,48,2631
499606,502222,502287,65,2616
499606,502227,502289,62,2621
499606,502223,502289,66,2617
499606,502223,502290,67,2617
499606,502261,502291,30,2655
499606,502222,502291,69,2616
499606,502262,502292,30,2656
499606,502225,502292,67,2619
499606,502226,502292,66,2620
499606,502254,502293,39,2648
499606,502260,502293,33,2654
499606,502223,502295,72,2617
499606,502253,502295,42,2647
499606,502253,502297,44,2647
499606,502265,502298,33,2659
499606,502254,502298,44,2648
499606,502221,502299,78,2615
499606,502268,502300,32,2662
499606,502268,502300,32,2662
499606,502263,502300,37,2657
499606,502267,502301,34,2661
499606,502268,502303,35,2662
499606,502219,502302,83,2613
499606,502265,502303,38,2659
499606,502265,502303,38,2659
499606,502263,502303,40,2657
499606,502263,502303,40,2657
499606,502258,502304,46,2652
499606,502220,502304,84,2614
499606,502265,502304,39,2659
499606,502272,502304,32,2666
499606,502218,502305,87,2612
499606,502219,502304,85,2613
499606,502269,502305,36,2663
499606,502229,502305,76,2623
499606,502274,502307,33,2668
499606,502220,502307,87,2614
499606,502265,502307,42,2659
499606,502266,502307,41,2660
499606,502264,502308,44,2658
499606,502258,502309,51,2652
499606,502265,502309,44,2659
499606,502274,502309,35,2668
499606,502276,502311,35,2670
499606,502267,502311,44,2661
499606,502219,502311,92,2613
499606,502253,502312,59,2647
499606,502271,502314,43,2665
499606,502257,502315,58,2651
499606,502227,502315,88,2621
499606,502268,502315,47,2662
499606,502284,502317,33,2678
499606,502276,502319,43,2670
499606,502277,502319,42,2671
499606,502275,502320,45,2669
499606,502228,502320,92,2622
499606,502229,502320,91,2623
499606,502279,502324,45,2673
499606,502279,502324,45,2673
499606,502280,502324,44,2674
499606,502280,502325,45,2674
499653,502300,502325,25,2647
499606,502287,502326,39,2681
499606,502257,502327,70,2651
499606,502285,502326,41,2679
499653,502299,502327,28,2646
499606,502283,502328,45,2677
499606,502285,502328,43,2679
499606,502292,502327,35,2686
499653,502299,502328,29,2646
499606,502279,502328,49,2673
499606,502280,502329,49,2674
499606,502293,502329,36,2687
499653,502300,502329,29,2647
499606,502281,502329,48,2675
499606,502293,502329,36,2687
499606,502279,502330,51,2673
499653,502298,502330,32,2645
499606,502294,502330,36,2688
499606,502290,502330,40,2684
499606,502283,502332,49,2677
499606,502292,502332,40,2686
499606,502296,502333,37,2690
499606,502228,502333,105,2622
499653,502301,502333,32,2648
499653,502301,502334,33,2648
499606,502292,502335,43,2686
499606,502291,502335,44,2685
499606,502289,502337,48,2683
499606,502281,502339,58,2675
499606,502294,502339,45,2688
499606,502286,502338,52,2680
499653,502303,502340,37,2650
499653,502302,502340,38,2649
499653,502328,502345,17,2675
499653,502329,502345,16,2676
499653,502328,502347,19,2675
499653,502328,502347,19,2675
499653,502330,502349,19,2677
499653,502327,502349,22,2674
499653,502303,502349,46,2650
499653,502329,502349,20,2676
499653,502329,502350,21,2676
499653,502321,502349,28,2668
499653,502327,502350,23,2674
499653,502328,502350,22,2675
499653,502304,502350,46,2651
499653,502327,502350,23,2674
499653,502326,502352,26,2673
499653,502330,502353,23,2677
499653,502329,502353,24,2676
499653,502330,502353,23,2677
499653,502330,502354,24,2677
499653,502330,502356,26,2677
499653,502322,502356,34,2669
499653,502331,502359,28,2678
499653,502331,502360,29,2678
499653,502319,502361,42,2666
499653,502324,502362,38,2671
499653,502336,502363,27,2683
499653,502321,502364,43,2668
499653,502320,502364,44,2667
499653,502334,502365,31,2681
499653,502304,502366,62,2651
499653,502318,502366,48,2665
499653,502316,502367,51,2663
499653,502309,502368,59,2656
499653,502324,502368,44,2671
499653,502309,502369,60,2656
499653,502326,502369,43,2673
499653,502332,502371,39,2679
499653,502309,502373,64,2656
499653,502335,502374,39,2682
499653,502308,502375,67,2655
499653,502307,502376,69,2654
499653,502311,502378,67,2658
499653,502306,502379,73,2653
499653,502305,502379,74,2652
499653,502311,502379,68,2658
499653,502333,502380,47,2680
499653,502324,502380,56,2671
499653,502308,502381,73,2655
499653,502349,502381,32,2696
499653,502308,502382,74,2655
499653,502339,502382,43,2686
499653,502340,502383,43,2687
499653,502339,502383,44,2686
499653,502332,502383,51,2679
499653,502305,502383,78,2652
499653,502333,502384,51,2680
499653,502339,502385,46,2686
499653,502350,502386,36,2697
499653,502307,502387,80,2654
499653,502304,502387,83,2651
499653,502356,502388,32,2703
499653,502353,502388,35,2700
499653,502340,502389,49,2687
499653,502305,502388,83,2652
499653,502352,502389,37,2699
499653,502305,502388,83,2652
499653,502354,502388,34,2701
499653,502337,502389,52,2684
499653,502348,502390,42,2695
499653,502305,502390,85,2652
499653,502333,502390,57,2680
499653,502351,502391,40,2698
499653,502354,502391,37,2701
499653,502349,502392,43,2696
499653,502351,502392,41,2698
499653,502349,502393,44,2696
499653,502350,502393,43,2697
499653,502354,502393,39,2701
499653,502359,502394,35,2706
499653,502345,502394,49,2692
499653,502362,502395,33,2709
499653,502360,502396,36,2707
499653,502351,502396,45,2698
499653,502351,502397,46,2698
499653,502305,502396,91,2652
499653,502346,502397,51,2693
499653,502363,502399,36,2710
499653,502304,502399,95,2651
499653,502316,502400,84,2663
499653,502304,502400,96,2651
499653,502364,502400,36,2711
499653,502350,502400,50,2697
499653,502365,502401,36,2712
499653,502347,502401,54,2694
499653,502357,502401,44,2704
499653,502315,502403,88,2662
499653,502365,502405,40,2712
499653,502366,502406,40,2713
499653,502366,502405,39,2713
499653,502368,502406,38,2715
499653,502312,502407,95,2659
499653,502367,502407,40,2714
499653,502367,502409,42,2714
499653,502370,502410,40,2717
499653,502316,502411,95,2663
499653,502372,502411,39,2719
499653,502370,502412,42,2717
499731,502389,502414,25,2658
499731,502389,502413,24,2658
499731,502389,502414,25,2658
499653,502382,502415,33,2729
499731,502389,502417,28,2658
499653,502313,502419,106,2660
499731,502389,502418,29,2658
499653,502384,502419,35,2731
499653,502374,502420,46,2721
499653,502376,502421,45,2723
499731,502389,502420,31,2658
499731,502389,502422,33,2658
499653,502380,502422,42,2727
499653,502384,502422,38,2731
499653,502386,502422,36,2733
499653,502368,502423,55,2715
499653,502383,502423,40,2730
499653,502380,502423,43,2727
499653,502384,502424,40,2731
499653,502386,502424,38,2733
499130,501621,502424,803,2491
499653,502385,502426,41,2732
499653,502377,502425,48,2724
499653,502387,502426,39,2734
499731,502390,502426,36,2659
499653,502380,502427,47,2727
499653,502384,502426,42,2731
499653,502375,502427,52,2722
499653,502382,502428,46,2729
499653,502381,502429,48,2728
499731,502390,502428,38,2659
499653,502381,502429,48,2728
499653,502379,502429,50,2726
499731,502390,502432,42,2659
499653,502382,502433,51,2729
499731,502391,502435,44,2660
499731,502421,502437,16,2690
499731,502420,502440,20,2689
499731,502421,502440,19,2690
499731,502415,502441,26,2684
499731,502420,502441,21,2689
499731,502417,502442,25,2686
499731,502419,502442,23,2688
499731,502415,502443,28,2684
499731,502407,502444,37,2676
499731,502423,502444,21,2692
499731,502419,502445,26,2688
499731,502409,502445,36,2678
499731,502424,502446,22,2693
499731,502422,502447,25,2691
499731,502411,502449,38,2680
499731,502407,502449,42,2676
499731,502410,502449,39,2679
499731,502423,502450,27,2692
499731,502424,502450,26,2693
499731,502425,502450,25,2694
499731,502423,502450,27,2692
499731,502414,502451,37,2683
499731,502424,502452,28,2693
499731,502406,502455,49,2675
499731,502412,502456,44,2681
499731,502425,502458,33,2694
499731,502399,502458,59,2668
499731,502401,502459,58,2670
499731,502411,502460,49,2680
499731,502391,502463,72,2660
499731,502427,502463,36,2696
499731,502406,502463,57,2675
499731,502426,502463,37,2695
499731,502427,502465,38,2696
499731,502429,502465,36,2698
499731,502401,502465,64,2670
499731,502414,502465,51,2683
499731,502397,502465,68,2666
499731,502426,502465,39,2695
499731,502406,502466,60,2675
499731,502395,502467,72,2664
499731,502429,502468,39,2698
499731,502429,502467,38,2698
499731,502397,502467,70,2666
499731,502395,502468,73,2664
499731,502399,502468,69,2668
499731,502401,502470,69,2670
499731,502429,502470,41,2698
499731,502426,502472,46,2695
499731,502394,502471,77,2663
499731,502443,502472,29,2712
499731,502425,502471,46,2694
499731,502398,502472,74,2667
499731,502397,502475,78,2666
499731,502428,502475,47,2697
499731,502405,502475,70,2674
499731,502397,502476,79,2666
499731,502442,502477,35,2711
499731,502427,502477,50,2696
499731,502441,502477,36,2710
499731,502400,502477,77,2669
499731,502392,502479,87,2661
499731,502393,502479,86,2662
499731,502433,502480,47,2702
499731,502441,502480,39,2710
499731,502394,502481,87,2663
499731,502437,502480,43,2706
499731,502443,502482,39,2712
499731,502404,502482,78,2673
499731,502434,502482,48,2703
499731,502442,502484,42,2711
499731,502445,502484,39,2714
499731,502430,502483,53,2699
499731,502451,502484,33,2720
499731,502447,502484,37,2716
499731,502450,502485,35,2719
499731,502453,502485,32,2722
499731,502444,502485,41,2713
499731,502392,502485,93,2661
499731,502451,502486,35,2720
499731,502442,502485,43,2711
499731,502392,502486,94,2661
499731,502402,502486,84,2671
499731,502451,502486,35,2720
499731,502457,502486,29,2726
499731,502449,502487,38,2718
499731,502451,502487,36,2720
499731,502445,502490,45,2714
499731,502450,502491,41,2719
499731,502396,502490,94,2665
499731,502448,502492,44,2717
499731,502446,502491,45,2715
499731,502455,502492,37,2724
499731,502401,502494,93,2670
499731,502460,502496,36,2729
499731,502460,502496,36,2729
499731,502451,502497,46,2720
499731,502458,502499,41,2727
499731,502459,502500,41,2728
499731,502463,502503,40,2732
499731,502435,502503,68,2704
499731,502468,502504,36,2737
499782,502478,502505,27,2696
499782,502479,502506,27,2697
499782,502478,502507,29,2696
499731,502463,502507,44,2732
499731,502402,502507,105,2671
499731,502473,502509,36,2742
499731,502476,502509,33,2745
499731,502466,502509,43,2735
499731,502466,502510,44,2735
499731,502469,502509,40,2738
499731,502466,502510,44,2735
499731,502466,502511,45,2735
499731,502464,502511,47,2733
499731,502472,502511,39,2741
499731,502472,502512,40,2741
499731,502469,502513,44,2738
499782,502480,502513,33,2698
499731,502468,502512,44,2737
499731,502463,502513,50,2732
499731,502466,502513,47,2735
499731,502471,502514,43,2740
499731,502472,502513,41,2741
499782,502478,502513,35,2696
499731,502475,502515,40,2744
499731,502467,502516,49,2736
499731,502476,502515,39,2745
499782,502480,502516,36,2698
499782,502481,502516,35,2699
499731,502471,502517,46,2740
499731,502468,502517,49,2737
499731,502467,502517,50,2736
499782,502480,502518,38,2698
499782,502481,502520,39,2699
499731,502472,502520,48,2741
499731,502466,502521,55,2735
499731,502476,502522,46,2745
499205,501733,502523,790,2528
499782,502483,502527,44,2701
499782,502510,502527,17,2728
499782,502510,502529,19,2728
499782,502511,502531,20,2729
499782,502511,502531,20,2729
499782,502512,502532,20,2730
499782,502509,502534,25,2727
499782,502512,502534,22,2730
499782,502513,502535,22,2731
499782,502514,502535,21,2732
499782,502509,502536,27,2727
499782,502510,502537,27,2728
499782,502509,502537,28,2727
499782,502514,502537,23,2732
499782,502513,502537,24,2731
499782,502483,502538,55,2701
499782,502513,502538,25,2731
499782,502483,502538,55,2701
499782,502505,502538,33,2723
499782,502501,502539,38,2719
499782,502517,502541,24,2735
499782,502518,502541,23,2736
499782,502499,502542,43,2717
499782,502504,502543,39,2722
499782,502514,502543,29,2732
499782,502506,502543,37,2724
499782,502506,502545,39,2724
499782,502490,502545,55,2708
499782,502507,502545,38,2725
499782,502516,502547,31,2734
499782,502517,502548,31,2735
499782,502487,502549,62,2705
499782,502503,502550,47,2721
499782,502518,502550,32,2736
499782,502514,502551,37,2732
499782,502497,502551,54,2715
499782,502488,502552,64,2706
499782,502507,502552,45,2725
499782,502515,502553,38,2733
499782,502517,502554,37,2735
499782,502531,502555,24,2749
499782,502517,502555,38,2735
499782,502507,502555,48,2725
499782,502520,502556,36,2738
499782,502516,502557,41,2734
499782,502520,502557,37,2738
499782,502487,502558,71,2705
499782,502486,502559,73,2704
499782,502485,502559,74,2703
499782,502487,502559,72,2705
499782,502485,502561,76,2703
499782,502486,502562,76,2704
499782,502523,502562,39,2741
499782,502522,502563,41,2740
499782,502487,502564,77,2705
499782,502491,502566,75,2709
499782,502486,502565,79,2704
499782,502538,502568,30,2756
499782,502484,502568,84,2702
499782,502532,502568,36,2750
499782,502496,502568,72,2714
499782,502496,502569,73,2714
499782,502488,502569,81,2706
499782,502535,502570,35,2753
499782,502541,502572,31,2759
499782,502535,502572,37,2753
499782,502539,502574,35,2757
499782,502535,502574,39,2753
499782,502528,502578,50,2746
499782,502484,502578,94,2702
499782,502539,502578,39,2757
499782,502534,502579,45,2752
499782,502492,502579,87,2710
499782,502484,502579,95,2702
499782,502494,502580,86,2712
499782,502542,502579,37,2760
499782,502541,502580,39,2759
499782,502485,502581,96,2703
499782,502533,502581,48,2751
499782,502544,502581,37,2762
499782,502531,502581,50,2749
499782,502485,502581,96,2703
499782,502523,502581,58,2741
499782,502544,502581,37,2762
499782,502545,502582,37,2763
499782,502493,502583,90,2711
499782,502527,502582,55,2745
499782,502543,502583,40,2761
499782,502537,502583,46,2755
499782,502484,502583,99,2702
499782,502537,502584,47,2755
499782,502538,502585,47,2756
499782,502538,502585,47,2756
499782,502539,502586,47,2757
499782,502540,502585,45,2758
499273,501838,502587,749,2565
499782,502546,502587,41,2764
499782,502539,502587,48,2757
499782,502529,502588,59,2747
499782,502546,502589,43,2764
499782,502553,502590,37,2771
499782,502492,502592,100,2710
499782,502491,502592,101,2709
499782,502550,502594,44,2768
499782,502557,502595,38,2775
499782,502552,502597,45,2770
499782,502548,502597,49,2766
499782,502551,502598,47,2769
499782,502552,502597,45,2770
499782,502549,502597,48,2767
499782,502555,502600,45,2773
499863,502569,502599,30,2706
499782,502564,502601,37,2782
499782,502555,502601,46,2773
499782,502553,502602,49,2771
499863,502572,502602,30,2709
499782,502569,502603,34,2787
499782,502551,502603,52,2769
499782,502556,502603,47,2774
499782,502559,502603,44,2777
499782,502558,502604,46,2776
499782,502561,502604,43,2779
499782,502559,502604,45,2777
499782,502566,502604,38,2784
499782,502557,502605,48,2775
499863,502570,502605,35,2707
499863,502573,502605,32,2710
499782,502565,502607,42,2783
499782,502562,502607,45,2780
499863,502574,502608,34,2711
499863,502569,502608,39,2706
499863,502571,502608,37,2708
499782,502554,502610,56,2772
499782,502563,502610,47,2781
499782,502568,502610,42,2786
499863,502574,502614,40,2711
499782,502560,502616,56,2778
499863,502578,502619,41,2715
499863,502603,502621,18,2740
499863,502603,502622,19,2740
499863,502600,502624,24,2737
499863,502600,502623,23,2737
499782,502556,502606,50,2774
499782,502560,502606,46,2778
499782,502566,502608,42,2784
499863,502601,502624,23,2738
499863,502598,502624,26,2735
499863,502603,502624,21,2740
499863,502603,502625,22,2740
499863,502579,502626,47,2716
499863,502602,502626,24,2739
499863,502604,502626,22,2741
499863,502603,502627,24,2740
499863,502592,502627,35,2729
499863,502604,502627,23,2741
499863,502591,502628,37,2728
499863,502604,502628,24,2741
499863,502601,502630,29,2738
499863,502608,502630,22,2745
499863,502595,502631,36,2732
499863,502594,502632,38,2731
499863,502579,502632,53,2716
499863,502598,502633,35,2735
499863,502610,502633,23,2747
499863,502597,502636,39,2734
499863,502604,502635,31,2741
499863,502611,502635,24,2748
499863,502608,502635,27,2745
499863,502608,502636,28,2745
499863,502593,502636,43,2730
499863,502583,502637,54,2720
499863,502589,502638,49,2726
499863,502608,502639,31,2745
499863,502589,502640,51,2726
499863,502610,502641,31,2747
499863,502605,502642,37,2742
499863,502605,502642,37,2742
499863,502582,502643,61,2719
499863,502617,502643,26,2754
499863,502607,502646,39,2744
499863,502615,502648,33,2752
499863,502583,502648,65,2720
499863,502620,502649,29,2757
499863,502580,502651,71,2717
499863,502584,502651,67,2721
499863,502598,502652,54,2735
499863,502585,502653,68,2722
499863,502621,502652,31,2758
499863,502597,502652,55,2734
499863,502587,502657,70,2724
499863,502624,502657,33,2761
499863,502582,502657,75,2719
499863,502581,502658,77,2718
499863,502583,502658,75,2720
499863,502584,502659,75,2721
499863,502586,502661,75,2723
499863,502583,502662,79,2720
499863,502624,502662,38,2761
499863,502626,502662,36,2763
499863,502627,502663,36,2764
499863,502629,502663,34,2766
499863,502581,502664,83,2718
499863,502627,502664,37,2764
499863,502633,502666,33,2770
499863,502587,502666,79,2724
499863,502624,502667,43,2761
499863,502581,502667,86,2718
499863,502581,502667,86,2718
499863,502580,502668,88,2717
499863,502622,502669,47,2759
499863,502636,502669,33,2773
499863,502625,502669,44,2762
499863,502630,502669,39,2767
499863,502628,502670,42,2765
499863,502628,502669,41,2765
499863,502626,502669,43,2763
499863,502630,502670,40,2767
499863,502629,502670,41,2766
499863,502627,502671,44,2764
499863,502581,502671,90,2718
499863,502634,502671,37,2771
499863,502625,502672,47,2762
499863,502632,502671,39,2769
499863,502636,502672,36,2773
499863,502636,502673,37,2773
499863,502634,502674,40,2771
499863,502582,502675,93,2719
499863,502636,502675,39,2773
499863,502586,502676,90,2723
499863,502581,502676,95,2718
499863,502624,502676,52,2761
499863,502624,502678,54,2761
499863,502641,502679,38,2778
499863,502581,502679,98,2718
499863,502585,502679,94,2722
499863,502633,502678,45,2770
499863,502637,502680,43,2774
499863,502580,502681,101,2717
499863,502637,502683,46,2774
499863,502624,502684,60,2761
499863,502586,502684,98,2723
499863,502638,502684,46,2775
499863,502638,502684,46,2775
499863,502624,502686,62,2761
499863,502587,502687,100,2724
499863,502650,502688,38,2787
499863,502641,502690,49,2778
499863,502643,502690,47,2780
499863,502647,502691,44,2784
499863,502643,502693,50,2780
499863,502648,502694,46,2785
499863,502653,502695,42,2790
499863,502653,502696,43,2790
499863,502640,502696,56,2777
499972,502665,502696,31,2693
499863,502644,502697,53,2781
499972,502664,502697,33,2692
499972,502667,502698,31,2695
499863,502652,502698,46,2789
499863,502663,502700,37,2800
499863,502653,502700,47,2790
499863,502662,502701,39,2799
499863,502662,502701,39,2799
499972,502667,502701,34,2695
499972,502667,502702,35,2695
499863,502648,502702,54,2785
499863,502643,502703,60,2780
499863,502652,502704,52,2789
499972,502668,502704,36,2696
499863,502653,502704,51,2790
499863,502663,502704,41,2800
499863,502659,502706,47,2796
499863,502659,502707,48,2796
499972,502668,502708,40,2696
499863,502663,502709,46,2800
499863,502657,502709,52,2794
499863,502657,502709,52,2794
499863,502658,502711,53,2795
499863,502660,502711,51,2797
499972,502669,502712,43,2697
499972,502669,502711,42,2697
499972,502669,502714,45,2697
499972,502669,502716,47,2697
499972,502697,502716,19,2725
499348,501947,502718,771,2599
499972,502697,502718,21,2725
499972,502698,502718,20,2726
499972,502687,502719,32,2715
499972,502696,502721,25,2724
499972,502685,502723,38,2713
499972,502695,502723,28,2723
499972,502685,502724,39,2713
499972,502699,502724,25,2727
499972,502701,502724,23,2729
499972,502698,502725,27,2726
499972,502696,502725,29,2724
499972,502696,502726,30,2724
499972,502687,502726,39,2715
499972,502689,502729,40,2717
499972,502702,502729,27,2730
499972,502706,502730,24,2734
499972,502705,502730,25,2733
499972,502702,502731,29,2730
499972,502704,502731,27,2732
499972,502704,502732,28,2732
499972,502701,502732,31,2729
499972,502690,502732,42,2718
499972,502710,502732,22,2738
499972,502685,502732,47,2713
499972,502707,502733,26,2735
499972,502704,502733,29,2732
499972,502702,502734,32,2730
499972,502684,502735,51,2712
499972,502709,502735,26,2737
499972,502709,502735,26,2737
499972,502693,502736,43,2721
499972,502708,502736,28,2736
499972,502702,502737,35,2730
499972,502672,502737,65,2700
499972,502692,502739,47,2720
499972,502711,502740,29,2739
499972,502712,502741,29,2740
499972,502674,502743,69,2702
499972,502703,502744,41,2731
499972,502712,502744,32,2740
499972,502676,502747,71,2704
499972,502677,502747,70,2705
499972,502672,502749,77,2700
499972,502717,502748,31,2745
499972,502712,502749,37,2740
499972,502672,502750,78,2700
499972,502703,502750,47,2731
499972,502714,502752,38,2742
499972,502691,502752,61,2719
499972,502673,502752,79,2701
499972,502681,502754,73,2709
499972,502671,502754,83,2699
499972,502683,502755,72,2711
499972,502670,502756,86,2698
499972,502679,502756,77,2707
499972,502680,502756,76,2708
499972,502672,502757,85,2700
499972,502676,502758,82,2704
499972,502676,502759,83,2704
499972,502679,502759,80,2707
499972,502670,502760,90,2698
499972,502671,502761,90,2699
499972,502671,502761,90,2699
499972,502731,502762,31,2759
499972,502733,502763,30,2761
499972,502726,502763,37,2754
499972,502720,502763,43,2748
499972,502671,502763,92,2699
499972,502670,502763,93,2698
499972,502679,502763,84,2707
499972,502670,502764,94,2698
499972,502727,502764,37,2755
499972,502725,502766,41,2753
499972,502730,502766,36,2758
499972,502732,502766,34,2760
499972,502722,502766,44,2750
499972,502719,502767,48,2747
499972,502731,502766,35,2759
499972,502726,502767,41,2754
499972,502733,502768,35,2761
499972,502725,502768,43,2753
499972,502733,502768,35,2761
499972,502724,502768,44,2752
499972,502732,502768,36,2760
499972,502730,502769,39,2758
499972,502717,502769,52,2745
499972,502676,502769,93,2704
499972,502679,502770,91,2707
499972,502719,502771,52,2747
499972,502719,502771,52,2747
499972,502732,502771,39,2760
499972,502727,502772,45,2755
499972,502735,502773,38,2763
499972,502738,502773,35,2766
499972,502725,502774,49,2753
499972,502736,502779,43,2764
499972,502736,502779,43,2764
499972,502733,502780,47,2761
499972,502724,502780,56,2752
499972,502734,502780,46,2762
499972,502735,502781,46,2763
499972,502736,502782,46,2764
499972,502679,502783,104,2707
499972,502742,502786,44,2770
499972,502744,502786,42,2772
499972,502748,502788,40,2776
499972,502749,502787,38,2777
499972,502734,502789,55,2762
499972,502738,502788,50,2766
499978,502759,502789,30,2781
499972,502756,502789,33,2784
499972,502741,502789,48,2769
499972,502750,502791,41,2778
499972,502755,502791,36,2783
499972,502745,502792,47,2773
499972,502748,502792,44,2776
499978,502760,502793,33,2782
499972,502751,502794,43,2779
499978,502761,502794,33,2783
499978,502761,502794,33,2783
499972,502737,502795,58,2765
499972,502744,502795,51,2772
499972,502751,502795,44,2779
499972,502753,502795,42,2781
499978,502760,502796,36,2782
499972,502739,502797,58,2767
499978,502763,502796,33,2785
499972,502749,502798,49,2777
499978,502762,502798,36,2784
499978,502763,502798,35,2785
499972,502753,502798,45,2781
499972,502757,502799,42,2785
499978,502763,502800,37,2785
499972,502754,502800,46,2782
499972,502752,502800,48,2780
499972,502756,502801,45,2784
499972,502755,502803,48,2783
499978,502764,502806,42,2786
499978,502764,502810,46,2786
499412,502043,502811,768,2631
499978,502792,502812,20,2814
499978,502790,502812,22,2812
499978,502789,502812,23,2811
499978,502791,502814,23,2813
499978,502797,502813,16,2819
499978,502794,502814,20,2816
499978,502799,502816,17,2821
499978,502780,502816,36,2802
499978,502792,502816,24,2814
499978,502799,502816,17,2821
499978,502793,502817,24,2815
499978,502794,502816,22,2816
499978,502790,502817,27,2812
499978,502789,502818,29,2811
499978,502789,502818,29,2811
499978,502789,502819,30,2811
499978,502780,502819,39,2802
499978,502797,502820,23,2819
499978,502796,502820,24,2818
499978,502796,502821,25,2818
499978,502782,502822,40,2804
499978,502800,502822,22,2822
499978,502780,502823,43,2802
499978,502800,502824,24,2822
499978,502784,502824,40,2806
499978,502799,502824,25,2821
499978,502799,502825,26,2821
499978,502794,502826,32,2816
499978,502796,502826,30,2818
499978,502795,502829,34,2817
499978,502779,502828,49,2801
499978,502801,502830,29,2823
499978,502788,502831,43,2810
499978,502801,502831,30,2823
499978,502803,502835,32,2825
499978,502796,502835,39,2818
499978,502781,502837,56,2803
499978,502773,502837,64,2795
499978,502774,502838,64,2796
499978,502770,502838,68,2792
499978,502779,502838,59,2801
499978,502767,502840,73,2789
499978,502786,502839,53,2808
499978,502769,502839,70,2791
499978,502787,502841,54,2809
499978,502801,502841,40,2823
499978,502796,502842,46,2818
499978,502766,502843,77,2788
499978,502806,502844,38,2828
499978,502764,502844,80,2786
499978,502810,502845,35,2832
499978,502764,502845,81,2786
499978,502813,502845,32,2835
499978,502765,502846,81,2787
499978,502774,502847,73,2796
499978,502819,502847,28,2841
499978,502813,502848,35,2835
499978,502769,502848,79,2791
499978,502769,502849,80,2791
499978,502767,502850,83,2789
499978,502769,502851,82,2791
499978,502812,502851,39,2834
499978,502770,502851,81,2792
499978,502820,502852,32,2842
499978,502818,502853,35,2840
499978,502813,502852,39,2835
499978,502817,502853,36,2839
499978,502822,502853,31,2844
499978,502823,502853,30,2845
499978,502774,502855,81,2796
499978,502821,502854,33,2843
499978,502764,502855,91,2786
499978,502817,502855,38,2839
499978,502772,502855,83,2794
499978,502816,502855,39,2838
499978,502769,502856,87,2791
499978,502819,502857,38,2841
499978,502817,502857,40,2839
499978,502769,502858,89,2791
499978,502818,502858,40,2840
499978,502825,502858,33,2847
499978,502766,502858,92,2788
499978,502823,502859,36,2845
499978,502823,502860,37,2845
499978,502817,502859,42,2839
499978,502820,502860,40,2842
499978,502768,502860,92,2790
499978,502767,502862,95,2789
499978,502826,502862,36,2848
499978,502814,502863,49,2836
499978,502818,502864,46,2840
499978,502827,502866,39,2849
499978,502766,502868,102,2788
499978,502814,502868,54,2836
499978,502771,502868,97,2793
499978,502829,502868,39,2851
499978,502829,502869,40,2851
499978,502815,502869,54,2837
499978,502825,502871,46,2847
499978,502827,502872,45,2849
499978,502770,502874,104,2792
499978,502841,502876,35,2863
499978,502825,502875,50,2847
499978,502772,502876,104,2794
499978,502832,502877,45,2854
500043,502851,502878,27,2808
500043,502849,502878,29,2806
499978,502841,502878,37,2863
499978,502840,502879,39,2862
499978,502836,502880,44,2858
499978,502837,502881,44,2859
500043,502850,502881,31,2807
499978,502838,502882,44,2860
499978,502838,502881,43,2860
499978,502848,502882,34,2870
499978,502839,502883,44,2861
500043,502852,502883,31,2809
499978,502840,502884,44,2862
499978,502830,502884,54,2852
499978,502849,502884,35,2871
499978,502836,502885,49,2858
499978,502840,502884,44,2862
499978,502845,502885,40,2867
499978,502832,502886,54,2854
499978,502846,502886,40,2868
500043,502852,502886,34,2809
499978,502838,502888,50,2860
499978,502843,502889,46,2865
499978,502844,502890,46,2866
499978,502845,502890,45,2867
500043,502852,502890,38,2809
499978,502847,502891,44,2869
499978,502846,502892,46,2868
500043,502853,502893,40,2810
499978,502845,502894,49,2867
500043,502854,502894,40,2811
499978,502847,502897,50,2869
500043,502853,502896,43,2810
500043,502882,502903,21,2839
500043,502882,502902,20,2839
500043,502854,502904,50,2811
500043,502882,502905,23,2839
500043,502879,502907,28,2836
500043,502887,502907,20,2844
500043,502854,502907,53,2811
500043,502889,502908,19,2846
500043,502884,502908,24,2841
500043,502879,502908,29,2836
500043,502884,502908,24,2841
500043,502887,502908,21,2844
500043,502891,502908,17,2848
500043,502891,502909,18,2848
500043,502883,502909,26,2840
500043,502874,502910,36,2831
500043,502882,502911,29,2839
500043,502887,502911,24,2844
500043,502879,502911,32,2836
500043,502890,502911,21,2847
500043,502881,502912,31,2838
500043,502876,502913,37,2833
499468,502131,502913,782,2663
500043,502877,502915,38,2834
500043,502873,502915,42,2830
500043,502892,502915,23,2849
500043,502880,502915,35,2837
500043,502885,502915,30,2842
500043,502891,502916,25,2848
500043,502886,502915,29,2843
500043,502885,502916,31,2842
500043,502894,502919,25,2851
500043,502891,502921,30,2848
500043,502876,502921,45,2833
500043,502894,502922,28,2851
500043,502870,502923,53,2827
500043,502894,502925,31,2851
500043,502871,502926,55,2828
500043,502869,502927,58,2826
500043,502897,502928,31,2854
500043,502856,502929,73,2813
500043,502859,502928,69,2816
500043,502877,502931,54,2834
500043,502897,502932,35,2854
500043,502868,502932,64,2825
500043,502885,502934,49,2842
500043,502878,502936,58,2835
500043,502885,502937,52,2842
500043,502860,502937,77,2817
500043,502868,502938,70,2825
500043,502912,502939,27,2869
500043,502856,502939,83,2813
500043,502908,502940,32,2865
500043,502907,502941,34,2864
500043,502905,502942,37,2862
500043,502868,502942,74,2825
500043,502856,502943,87,2813
500043,502903,502943,40,2860
500043,502904,502943,39,2861
500043,502913,502943,30,2870
500043,502914,502944,30,2871
500043,502863,502945,82,2820
500043,502904,502945,41,2861
500043,502911,502946,35,2868
500043,502907,502945,38,2864
500043,502914,502947,33,2871
500043,502909,502947,38,2866
500043,502859,502948,89,2816
500043,502909,502948,39,2866
500043,502909,502948,39,2866
500043,502861,502948,87,2818
500043,502916,502948,32,2873
500043,502869,502948,79,2826
500043,502915,502949,34,2872
500043,502908,502949,41,2865
500043,502855,502950,95,2812
500043,502857,502953,96,2814
500043,502916,502953,37,2873
500043,502912,502953,41,2869
500043,502911,502953,42,2868
500043,502860,502953,93,2817
500043,502909,502954,45,2866
500043,502911,502954,43,2868
500043,502861,502956,95,2818
500043,502855,502958,103,2812
500043,502859,502958,99,2816
500043,502867,502958,91,2824
500043,502855,502959,104,2812
500043,502858,502959,101,2815
500043,502916,502961,45,2873
500043,502863,502962,99,2820
500043,502857,502963,106,2814
500043,502917,502963,46,2874
500043,502909,502964,55,2866
500043,502923,502966,43,2880
500043,502928,502966,38,2885
500043,502860,502967,107,2817
500043,502916,502967,51,2873
500043,502921,502966,45,2878
500043,502855,502968,113,2812
500043,502909,502969,60,2866
500043,502929,502969,40,2886
500043,502920,502970,50,2877
500043,502865,502971,106,2822
500043,502909,502970,61,2866
500043,502924,502971,47,2881
500043,502926,502972,46,2883
500043,502932,502973,41,2889
500043,502916,502974,58,2873
500043,502929,502975,46,2886
500043,502864,502975,111,2821
500043,502937,502976,39,2894
500043,502939,502975,36,2896
500043,502932,502977,45,2889
500043,502937,502977,40,2894
500135,502946,502978,32,2811
500043,502916,502978,62,2873
500043,502944,502978,34,2901
500043,502939,502978,39,2896
500043,502935,502978,43,2892
500135,502948,502980,32,2813
500043,502928,502981,53,2885
500043,502938,502982,44,2895
500135,502946,502981,35,2811
500043,502921,502981,60,2878
500043,502927,502982,55,2884
499540,502211,502982,771,2671
500135,502948,502983,35,2813
500043,502943,502983,40,2900
500043,502944,502984,40,2901
500043,502944,502985,41,2901
500135,502948,502985,37,2813
500043,502942,502985,43,2899
500135,502945,502986,41,2810
500135,502948,502985,37,2813
500043,502941,502985,44,2898
500135,502946,502986,40,2811
500043,502944,502986,42,2901
500043,502939,502986,47,2896
500043,502932,502987,55,2889
500135,502948,502989,41,2813
500135,502949,502991,42,2814
500043,502942,502997,55,2899
500135,502977,502999,22,2842
500135,502978,503001,23,2843
500135,502978,503001,23,2843
500135,502978,503003,25,2843
500135,502976,503004,28,2841
500135,502976,503004,28,2841
500135,502971,503005,34,2836
500135,502978,503005,27,2843
500135,502985,503006,21,2850
500135,502985,503006,21,2850
500135,502983,503006,23,2848
500135,502983,503009,26,2848
500135,502970,503009,39,2835
500135,502949,503010,61,2814
500135,502979,503010,31,2844
500135,502973,503010,37,2838
500135,502983,503011,28,2848
500135,502971,503011,40,2836
500135,502983,503011,28,2848
500135,502976,503012,36,2841
500135,502971,503013,42,2836
500135,502976,503014,38,2841
500135,502986,503014,28,2851
500135,502979,503014,35,2844
500135,502982,503015,33,2847
500135,502970,503016,46,2835
500135,502986,503016,30,2851
500135,502986,503017,31,2851
500135,502987,503017,30,2852
500135,502987,503018,31,2852
500135,502988,503019,31,2853
500135,502986,503019,33,2851
500135,502986,503020,34,2851
500135,502981,503020,39,2846
500135,502969,503021,52,2834
500135,502986,503022,36,2851
500135,502989,503024,35,2854
500135,502982,503025,43,2847
500135,502967,503025,58,2832
500135,502974,503027,53,2839
500135,502982,503029,47,2847
500135,502968,503030,62,2833
500135,502992,503032,40,2857
500135,502953,503032,79,2818
500135,502998,503034,36,2863
500135,503002,503037,35,2867
500135,502982,503036,54,2847
500135,502954,503037,83,2819
500135,502975,503037,62,2840
500135,502949,503040,91,2814
500135,503000,503041,41,2865
500135,503004,503045,41,2869
500135,502949,503045,96,2814
500135,502967,503045,78,2832
500135,503003,503045,42,2868
500135,502953,503046,93,2818
500135,502954,503046,92,2819
500135,502953,503046,93,2818
500135,502954,503046,92,2819
500135,503001,503046,45,2866
500135,503011,503047,36,2876
500135,502966,503047,81,2831
500135,502966,503047,81,2831
500135,502949,503048,99,2814
500135,502967,503049,82,2832
500135,503012,503048,36,2877
500135,502951,503050,99,2816
500135,502954,503052,98,2819
500135,503006,503053,47,2871
500135,502959,503053,94,2824
500135,503014,503054,40,2879
500135,502958,503053,95,2823
500135,503005,503054,49,2870
500135,502962,503054,92,2827
500135,503006,503056,50,2871
500135,502959,503057,98,2824
500135,502960,503057,97,2825
500135,503014,503056,42,2879
500135,502960,503057,97,2825
500135,503012,503058,46,2877
500135,503011,503059,48,2876
500135,503013,503060,47,2878
500135,503006,503061,55,2871
500135,503010,503062,52,2875
500135,502963,503062,99,2828
500135,503019,503062,43,2884
500135,503011,503063,52,2876
500135,502963,503064,101,2828
500135,503018,503064,46,2883
500135,503010,503064,54,2875
500135,502957,503065,108,2822
500135,503018,503065,47,2883
500135,502962,503067,105,2827
500135,503007,503068,61,2872
500135,503009,503068,59,2874
500135,503020,503069,49,2885
500135,502964,503070,106,2829
500135,503025,503071,46,2890
500135,503031,503071,40,2896
500135,503015,503072,57,2880
500135,503032,503073,41,2897
500135,503038,503073,35,2903
500135,503025,503074,49,2890
500135,503007,503075,68,2872
500135,503020,503075,55,2885
500135,503014,503076,62,2879
500135,503018,503076,58,2883
500216,503047,503076,29,2831
500135,503015,503077,62,2880
500135,503020,503077,57,2885
500135,503022,503078,56,2887
500135,503028,503079,51,2893
500135,503034,503079,45,2899
500135,503037,503080,43,2902
500135,503023,503081,58,2888
500135,503037,503081,44,2902
500135,503033,503082,49,2898
499609,502296,503083,787,2687
500135,503016,503084,68,2881
500216,503049,503085,36,2833
500135,503046,503084,38,2911
500135,503038,503085,47,2903
500135,503041,503086,45,2906
500216,503048,503088,40,2832
500135,503017,503089,72,2882
500135,503046,503090,44,2911
500135,503045,503090,45,2910
500135,503026,503094,68,2891
500135,503029,503094,65,2894
500135,503046,503095,49,2911
500135,503046,503095,49,2911
500216,503049,503096,47,2833
500216,503048,503096,48,2832
500216,503052,503098,46,2836
500135,503046,503098,52,2911
500135,503045,503099,54,2910
500216,503047,503091,44,2831
500135,503042,503102,60,2907
500216,503080,503102,22,2864
500216,503054,503103,49,2838
500216,503051,503104,53,2835
500216,503048,503105,57,2832
500216,503079,503105,26,2863
500216,503074,503106,32,2858
500216,503082,503107,25,2866
500216,503080,503108,28,2864
500216,503081,503109,28,2865
500216,503054,503111,57,2838
500216,503078,503113,35,2862
500216,503078,503113,35,2862
500216,503075,503114,39,2859
500216,503074,503115,41,2858
500216,503077,503116,39,2861
500216,503082,503116,34,2866
500216,503077,503116,39,2861
500216,503073,503116,43,2857
500216,503075,503119,44,2859
500216,503088,503120,32,2872
500216,503090,503121,31,2874
500216,503086,503122,36,2870
500216,503072,503121,49,2856
500216,503091,503122,31,2875
500216,503076,503122,46,2860
500216,503073,503122,49,2857
500216,503083,503122,39,2867
500216,503086,503123,37,2870
500216,503090,503123,33,2874
500216,503085,503125,40,2869
500216,503094,503127,33,2878
500216,503072,503128,56,2856
500216,503097,503132,35,2881
500216,503076,503133,57,2860
500216,503054,503134,80,2838
500216,503085,503134,49,2869
500216,503054,503134,80,2838
500216,503098,503135,37,2882
500216,503096,503135,39,2880
500216,503095,503135,40,2879
500216,503095,503139,44,2879
500216,503099,503139,40,2883
500216,503100,503139,39,2884
500216,503071,503141,70,2855
500216,503095,503142,47,2879
500216,503069,503143,74,2853
500216,503064,503143,79,2848
500216,503054,503143,89,2838
500216,503103,503144,41,2887
500216,503103,503145,42,2887
500216,503070,503146,76,2854
500216,503102,503146,44,2886
500216,503106,503150,44,2890
500216,503068,503151,83,2852
500216,503064,503153,89,2848
500216,503102,503155,53,2886
500216,503109,503155,46,2893
500216,503057,503156,99,2841
500216,503055,503157,102,2839
500216,503057,503157,100,2841
500216,503103,503158,55,2887
500216,503105,503159,54,2889
500216,503062,503160,98,2846
500216,503107,503160,53,2891
500216,503106,503161,55,2890
500216,503062,503161,99,2846
500216,503063,503162,99,2847
500216,503058,503163,105,2842
500216,503062,503164,102,2846
500216,503108,503164,56,2892
500216,503117,503164,47,2901
500216,503122,503165,43,2906
500216,503114,503165,51,2898
500216,503064,503167,103,2848
499656,502388,503167,779,2732
500216,503114,503168,54,2898
500216,503061,503169,108,2845
500216,503066,503170,104,2850
500216,503057,503171,114,2841
500216,503115,503171,56,2899
500216,503058,503172,114,2842
500216,503110,503172,62,2894
500216,503065,503171,106,2849
500216,503059,503173,114,2843
500216,503065,503173,108,2849
500216,503057,503174,117,2841
500216,503067,503174,107,2851
500216,503116,503175,59,2900
500216,503122,503175,53,2906
500216,503117,503175,58,2901
500216,503122,503179,57,2906
500216,503112,503180,68,2896
500216,503124,503181,57,2908
500216,503124,503184,60,2908
500216,503132,503186,54,2916
500216,503119,503187,68,2903
500216,503123,503187,64,2907
500216,503122,503189,67,2906
500216,503135,503189,54,2919
500216,503117,503191,74,2901
500216,503134,503192,58,2918
500216,503136,503194,58,2920
500216,503123,503194,71,2907
500216,503144,503195,51,2928
500285,503160,503195,35,2875
500285,503161,503195,34,2876
500216,503117,503196,79,2901
500216,503121,503196,75,2905
500216,503139,503198,59,2923
500216,503126,503198,72,2910
500216,503136,503198,62,2920
500216,503147,503198,51,2931
500216,503122,503199,77,2906
500216,503129,503201,72,2913
500216,503143,503201,58,2927
500216,503135,503201,66,2919
500285,503164,503202,38,2879
500216,503140,503202,62,2924
500216,503135,503202,67,2919
500216,503146,503202,56,2930
500285,503162,503203,41,2877
500216,503143,503203,60,2927
500216,503147,503204,57,2931
500216,503144,503205,61,2928
500285,503162,503206,44,2877
500216,503136,503207,71,2920
500216,503156,503207,51,2940
500216,503158,503208,50,2942
500216,503139,503207,68,2923
500216,503128,503208,80,2912
500285,503162,503208,46,2877
500285,503164,503208,44,2879
500216,503157,503209,52,2941
500285,503165,503210,45,2880
500216,503141,503210,69,2925
500216,503155,503210,55,2939
500216,503153,503211,58,2937
500216,503156,503212,56,2940
500216,503151,503212,61,2935
500216,503145,503213,68,2929
500216,503157,503213,56,2941
500285,503164,503217,53,2879
500216,503150,503217,67,2934
500285,503166,503223,57,2881
500285,503200,503224,24,2915
500285,503164,503228,64,2879
500285,503202,503229,27,2917
500285,503203,503229,26,2918
500285,503203,503231,28,2918
500285,503202,503233,31,2917
500285,503196,503233,37,2911
500285,503199,503234,35,2914
499734,502477,503234,757,2743
500285,503195,503234,39,2910
500285,503196,503235,39,2911
500285,503194,503236,42,2909
500285,503195,503236,41,2910
500285,503203,503237,34,2918
500285,503204,503237,33,2919
500285,503207,503240,33,2922
500285,503205,503240,35,2920
500285,503196,503241,45,2911
500285,503196,503241,45,2911
500285,503204,503242,38,2919
500285,503176,503242,66,2891
500285,503215,503243,28,2930
500285,503203,503243,40,2918
500285,503205,503244,39,2920
500285,503192,503244,52,2907
500285,503198,503246,48,2913
500285,503208,503247,39,2923
500285,503208,503247,39,2923
500285,503210,503248,38,2925
500285,503213,503250,37,2928
500285,503211,503250,39,2926
500285,503193,503250,57,2908
500285,503198,503250,52,2913
500285,503208,503251,43,2923
500285,503213,503252,39,2928
500285,503213,503252,39,2928
500285,503198,503253,55,2913
500285,503209,503253,44,2924
500285,503207,503252,45,2922
500285,503181,503253,72,2896
500285,503179,503254,75,2894
500285,503209,503255,46,2924
500285,503208,503255,47,2923
500285,503180,503256,76,2895
500285,503212,503258,46,2927
500285,503210,503259,49,2925
500285,503184,503258,74,2899
500285,503169,503260,91,2884
500285,503218,503260,42,2933
500285,503190,503262,72,2905
500285,503167,503263,96,2882
500285,503217,503263,46,2932
500285,503215,503265,50,2930
500285,503175,503267,92,2890
500285,503224,503267,43,2939
500285,503167,503269,102,2882
500285,503224,503273,49,2939
500285,503172,503273,101,2887
500285,503175,503274,99,2890
500285,503230,503275,45,2945
500285,503230,503276,46,2945
500285,503173,503277,104,2888
500285,503175,503276,101,2890
500285,503232,503279,47,2947
500285,503168,503279,111,2883
500285,503174,503279,105,2889
500285,503170,503279,109,2885
500285,503236,503280,44,2951
500285,503187,503282,95,2902
500285,503241,503282,41,2956
500285,503210,503282,72,2925
500285,503189,503282,93,2904
500285,503172,503283,111,2887
500285,503237,503283,46,2952
500285,503237,503285,48,2952
500285,503229,503286,57,2944
500285,503234,503286,52,2949
500285,503241,503289,48,2956
500285,503173,503290,117,2888
500285,503235,503289,54,2950
500285,503172,503289,117,2887
500285,503235,503291,56,2950
500285,503187,503293,106,2902
500285,503241,503294,53,2956
500285,503237,503294,57,2952
500285,503238,503294,56,2953
500285,503233,503294,61,2948
500285,503172,503296,124,2887
500285,503171,503297,126,2886
500285,503187,503298,111,2902
500285,503250,503302,52,2965
500285,503243,503303,60,2958
500285,503260,503304,44,2975
500285,503234,503304,70,2949
500285,503252,503304,52,2967
500285,503256,503305,49,2971
500285,503245,503305,60,2960
500285,503250,503306,56,2965
500285,503244,503307,63,2959
500285,503247,503307,60,2962
500285,503253,503308,55,2968
500285,503254,503309,55,2969
500285,503246,503309,63,2961
500285,503264,503310,46,2979
500285,503242,503311,69,2957
500285,503274,503311,37,2989
500402,503279,503312,33,2877
500285,503244,503312,68,2959
500402,503277,503312,35,2875
500402,503280,503312,32,2878
500402,503279,503313,34,2877
500285,503253,503314,61,2968
500285,503258,503315,57,2973
500285,503261,503315,54,2976
500402,503277,503315,38,2875
500402,503276,503315,39,2874
500402,503277,503316,39,2875
500285,503257,503316,59,2972
500285,503242,503317,75,2957
500285,503259,503317,58,2974
500285,503255,503319,64,2970
500285,503273,503319,46,2988
500285,503245,503320,75,2960
500285,503249,503320,71,2964
500285,503267,503320,53,2982
500285,503253,503321,68,2968
500402,503279,503321,42,2877
500285,503251,503321,70,2966
500285,503255,503321,66,2970
500285,503259,503322,63,2974
500285,503252,503323,71,2967
500285,503248,503324,76,2963
500285,503266,503323,57,2981
500285,503264,503326,62,2979
499785,502569,503326,757,2784
500402,503279,503325,46,2877
500285,503263,503327,64,2978
500285,503269,503328,59,2984
500285,503251,503330,79,2966
500285,503251,503330,79,2966
500402,503282,503331,49,2880
500402,503282,503336,54,2880
500285,503268,503338,70,2983
500402,503313,503340,27,2911
500402,503317,503343,26,2915
500402,503315,503344,29,2913
500402,503312,503346,34,2910
500402,503310,503346,36,2908
500402,503317,503346,29,2915
500402,503311,503347,36,2909
500402,503309,503348,39,2907
500402,503316,503348,32,2914
500402,503312,503349,37,2910
500402,503315,503349,34,2913
500402,503316,503350,34,2914
500402,503308,503350,42,2906
500402,503312,503352,40,2910
500402,503282,503353,71,2880
500402,503308,503354,46,2906
500402,503320,503353,33,2918
500402,503320,503355,35,2918
500402,503326,503356,30,2924
500402,503311,503356,45,2909
500402,503307,503357,50,2905
500402,503320,503356,36,2918
500402,503302,503358,56,2900
500402,503328,503358,30,2926
500402,503321,503358,37,2919
500402,503316,503358,42,2914
500402,503324,503359,35,2922
500402,503320,503359,39,2918
500402,503296,503359,63,2894
500402,503306,503360,54,2904
500402,503318,503361,43,2916
500402,503327,503363,36,2925
500402,503322,503364,42,2920
500402,503331,503365,34,2929
500402,503312,503365,53,2910
500402,503324,503366,42,2922
500402,503328,503367,39,2926
500402,503304,503368,64,2902
500402,503298,503368,70,2896
500402,503322,503370,48,2920
500402,503312,503369,57,2910
500402,503298,503371,73,2896
500402,503331,503372,41,2929
500402,503328,503372,44,2926
500402,503329,503373,44,2927
500402,503324,503375,51,2922
500402,503322,503375,53,2920
500402,503286,503377,91,2884
500402,503339,503381,42,2937
500402,503331,503380,49,2929
500402,503341,503382,41,2939
500402,503283,503383,100,2881
500402,503290,503383,93,2888
500402,503295,503383,88,2893
500402,503305,503383,78,2903
500402,503283,503385,102,2881
500402,503286,503388,102,2884
500402,503337,503388,51,2935
500402,503295,503389,94,2893
500402,503294,503389,95,2892
500402,503323,503390,67,2921
500402,503291,503390,99,2889
500402,503283,503390,107,2881
500402,503305,503392,87,2903
500402,503304,503393,89,2902
500402,503295,503393,98,2893
500402,503289,503393,104,2887
500402,503354,503394,40,2952
500402,503290,503395,105,2888
500402,503351,503395,44,2949
500402,503347,503394,47,2945
500402,503286,503395,109,2884
500402,503345,503396,51,2943
500402,503347,503398,51,2945
500402,503354,503398,44,2952
500402,503350,503399,49,2948
500402,503349,503400,51,2947
500402,503344,503400,56,2942
500402,503351,503400,49,2949
500402,503350,503400,50,2948
500402,503348,503402,54,2946
500402,503304,503401,97,2902
500402,503359,503402,43,2957
500402,503290,503402,112,2888
500402,503359,503405,46,2957
500402,503352,503405,53,2950
500402,503348,503406,58,2946
500402,503357,503406,49,2955
500402,503293,503409,116,2891
500402,503357,503410,53,2955
500402,503347,503412,65,2945
500402,503366,503413,47,2964
500402,503305,503415,110,2903
500402,503360,503415,55,2958
500426,503389,503415,26,2963
500426,503389,503416,27,2963
500402,503360,503416,56,2958
500402,503367,503417,50,2965
500402,503360,503417,57,2958
500402,503366,503417,51,2964
500402,503359,503418,59,2957
500402,503361,503418,57,2959
500402,503362,503419,57,2960
500402,503363,503419,56,2961
500402,503354,503419,65,2952
500402,503322,503420,98,2920
500402,503373,503421,48,2971
500426,503390,503421,31,2964
500402,503364,503421,57,2962
500402,503370,503422,52,2968
500402,503375,503422,47,2973
500402,503357,503423,66,2955
500426,503390,503423,33,2964
500402,503357,503423,66,2955
500426,503392,503423,31,2966
500402,503366,503424,58,2964
500402,503383,503425,42,2981
500426,503389,503426,37,2963
500426,503393,503427,34,2967
500426,503390,503427,37,2964
500402,503384,503428,44,2982
500402,503385,503429,44,2983
500402,503371,503429,58,2969
500402,503378,503430,52,2976
500402,503369,503430,61,2967
500402,503358,503431,73,2956
500402,503356,503431,75,2954
499866,502663,503431,768,2797
500402,503373,503432,59,2971
500402,503370,503433,63,2968
500426,503393,503433,40,2967
500402,503375,503433,58,2973
500402,503383,503433,50,2981
500426,503394,503436,42,2968
500402,503382,503436,54,2980
500402,503381,503438,57,2979
500426,503394,503438,44,2968
500402,503383,503440,57,2981
500426,503424,503445,21,2998
500402,503368,503445,77,2966
500426,503424,503445,21,2998
500402,503381,503446,65,2979
500402,503373,503448,75,2971
500426,503424,503449,25,2998
500426,503426,503452,26,3000
500426,503395,503452,57,2969
500426,503419,503453,34,2993
500426,503424,503453,29,2998
500426,503418,503454,36,2992
500426,503422,503456,34,2996
500426,503418,503457,39,2992
500426,503417,503458,41,2991
500426,503418,503458,40,2992
500426,503423,503459,36,2997
500426,503428,503460,32,3002
500426,503428,503459,31,3002
500426,503423,503460,37,2997
500426,503427,503461,34,3001
500426,503421,503462,41,2995
500426,503429,503463,34,3003
500426,503428,503463,35,3002
500426,503419,503464,45,2993
500426,503409,503466,57,2983
500426,503406,503467,61,2980
500426,503416,503467,51,2990
500426,503422,503467,45,2996
500426,503422,503468,46,2996
500426,503434,503468,34,3008
500426,503407,503469,62,2981
500426,503434,503470,36,3008
500426,503395,503471,76,2969
500426,503430,503471,41,3004
500426,503421,503471,50,2995
500426,503407,503471,64,2981
500426,503420,503474,54,2994
500426,503431,503477,46,3005
500426,503412,503477,65,2986
500426,503436,503477,41,3010
500426,503416,503477,61,2990
500426,503439,503478,39,3013
500426,503440,503479,39,3014
500426,503403,503481,78,2977
500426,503432,503482,50,3006
500426,503432,503483,51,3006
500426,503445,503483,38,3019
500426,503434,503485,51,3008
500426,503446,503485,39,3020
500426,503411,503485,74,2985
500426,503405,503485,80,2979
500426,503432,503487,55,3006
500426,503447,503488,41,3021
500426,503437,503489,52,3011
500426,503449,503489,40,3023
500426,503432,503490,58,3006
500426,503398,503490,92,2972
500426,503402,503490,88,2976
500426,503395,503493,98,2969
500426,503420,503493,73,2994
500426,503439,503492,53,3013
500426,503431,503493,62,3005
500426,503402,503496,94,2976
500426,503450,503496,46,3024
500426,503434,503495,61,3008
500426,503446,503497,51,3020
500426,503415,503498,83,2989
500426,503414,503498,84,2988
500426,503401,503498,97,2975
500426,503400,503500,100,2974
500426,503401,503501,100,2975
500426,503457,503500,43,3031
500426,503397,503501,104,2971
500426,503452,503502,50,3026
500426,503459,503503,44,3033
500426,503399,503502,103,2973
500426,503401,503503,102,2975
500426,503454,503503,49,3028
500426,503459,503504,45,3033
500426,503460,503504,44,3034
500426,503454,503504,50,3028
500426,503455,503506,51,3029
500426,503396,503506,110,2970
500426,503398,503506,108,2972
500426,503415,503508,93,2989
500426,503453,503507,54,3027
500426,503415,503509,94,2989
500426,503460,503510,50,3034
500426,503467,503511,44,3041
500426,503468,503511,43,3042
500426,503468,503512,44,3042
500426,503468,503513,45,3042
500426,503458,503512,54,3032
500426,503461,503514,53,3035
500426,503402,503516,114,2976
500426,503460,503517,57,3034
500531,503493,503517,24,2962
500426,503472,503519,47,3046
500426,503468,503519,51,3042
500426,503467,503520,53,3041
500531,503496,503522,26,2965
500426,503463,503522,59,3037
500426,503469,503523,54,3043
500426,503484,503525,41,3058
500531,503497,503525,28,2966
500426,503464,503526,62,3038
500426,503480,503528,48,3054
500426,503465,503528,63,3039
500426,503486,503528,42,3060
500426,503481,503528,47,3055
500531,503496,503529,33,2965
500426,503478,503529,51,3052
500426,503471,503530,59,3045
500531,503498,503530,32,2967
500531,503499,503530,31,2968
500426,503488,503531,43,3062
500426,503474,503531,57,3048
500426,503484,503532,48,3058
500426,503486,503532,46,3060
500531,503494,503533,39,2963
500426,503478,503533,55,3052
500426,503470,503534,64,3044
500426,503477,503535,58,3051
500426,503463,503535,72,3037
500426,503490,503535,45,3064
500426,503477,503536,59,3051
500426,503462,503536,74,3036
500426,503486,503536,50,3060
500426,503490,503537,47,3064
500426,503471,503539,68,3045
500531,503498,503539,41,2967
500426,503485,503539,54,3059
500426,503491,503539,48,3065
500426,503491,503539,48,3065
500531,503496,503539,43,2965
500426,503489,503540,51,3063
500426,503489,503540,51,3063
500426,503471,503540,69,3045
500426,503482,503540,58,3056
500426,503477,503541,64,3051
500531,503500,503544,44,2969
500426,503493,503544,51,3067
500531,503532,503548,16,3001
500531,503532,503553,21,3001
500531,503531,503552,21,3000
500531,503501,503553,52,2970
500531,503534,503555,21,3003
500531,503533,503557,24,3002
500531,503534,503560,26,3003
500531,503531,503560,29,3000
500531,503530,503562,32,2999
500531,503535,503562,27,3004
500531,503530,503566,36,2999
500531,503521,503567,46,2990
500531,503525,503567,42,2994
500531,503535,503568,33,3004
500531,503512,503569,57,2981
500531,503501,503569,68,2970
500531,503523,503570,47,2992
500531,503525,503570,45,2994
500531,503511,503570,59,2980
500531,503524,503571,47,2993
500531,503522,503572,50,2991
500531,503541,503573,32,3010
500531,503513,503573,60,2982
500531,503513,503574,61,2982
500531,503530,503573,43,2999
499975,502758,503574,816,2783
500531,503515,503574,59,2984
500531,503536,503575,39,3005
500531,503512,503576,64,2981
500531,503541,503577,36,3010
500531,503527,503578,51,2996
500531,503511,503578,67,2980
500531,503542,503579,37,3011
500531,503530,503581,51,2999
500531,503503,503582,79,2972
500531,503510,503582,72,2979
500531,503539,503582,43,3008
500531,503528,503582,54,2997
500531,503539,503582,43,3008
500531,503541,503583,42,3010
500531,503539,503583,44,3008
500531,503541,503585,44,3010
500531,503544,503585,41,3013
500531,503517,503586,69,2986
500531,503508,503586,78,2977
500531,503535,503586,51,3004
500531,503502,503587,85,2971
500531,503528,503589,61,2997
500531,503536,503589,53,3005
500531,503503,503589,86,2972
500531,503545,503591,46,3014
500531,503538,503591,53,3007
500531,503503,503593,90,2972
500531,503540,503593,53,3009
500531,503505,503593,88,2974
500531,503537,503593,56,3006
500531,503553,503594,41,3022
500531,503540,503594,54,3009
500531,503549,503595,46,3018
500531,503517,503596,79,2986
500531,503540,503597,57,3009
500531,503520,503597,77,2989
500531,503528,503597,69,2997
500531,503508,503597,89,2977
500531,503553,503598,45,3022
500531,503518,503599,81,2987
500531,503506,503600,94,2975
500531,503504,503599,95,2973
500531,503507,503601,94,2976
499981,502849,503601,752,2868
500531,503528,503604,76,2997
500531,503554,503605,51,3023
500531,503504,503605,101,2973
500531,503537,503607,70,3006
500531,503563,503607,44,3032
500531,503504,503609,105,2973
500531,503563,503610,47,3032
500531,503567,503610,43,3036
500531,503555,503611,56,3024
500531,503507,503611,104,2976
500531,503574,503612,38,3043
500531,503572,503613,41,3041
500531,503569,503613,44,3038
500531,503575,503614,39,3044
500531,503573,503615,42,3042
500531,503568,503614,46,3037
500531,503574,503615,41,3043
500531,503519,503616,97,2988
500531,503504,503616,112,2973
500531,503571,503618,47,3040
500531,503570,503619,49,3039
500531,503571,503619,48,3040
500531,503575,503619,44,3044
500531,503574,503619,45,3043
500531,503557,503621,64,3026
500531,503571,503623,52,3040
500531,503560,503623,63,3029
500531,503568,503623,55,3037
500531,503578,503625,47,3047
500531,503577,503626,49,3046
500531,503578,503627,49,3047
500531,503582,503626,44,3051
500531,503576,503628,52,3045
500601,503597,503628,31,2996
500531,503583,503629,46,3052
500601,503598,503629,31,2997
500531,503582,503631,49,3051
500531,503586,503631,45,3055
500531,503561,503632,71,3030
500531,503570,503632,62,3039
500531,503587,503631,44,3056
500531,503585,503632,47,3054
500601,503597,503632,35,2996
500531,503583,503632,49,3052
500531,503591,503633,42,3060
500531,503582,503634,52,3051
500601,503598,503633,35,2997
500531,503567,503633,66,3036
500531,503593,503634,41,3062
500531,503595,503636,41,3064
500601,503600,503636,36,2999
500531,503579,503636,57,3048
500601,503598,503637,39,2997
500531,503595,503638,43,3064
500531,503591,503638,47,3060
500531,503584,503639,55,3053
500531,503593,503639,46,3062
500601,503601,503640,39,3000
500531,503589,503640,51,3058
500531,503583,503641,58,3052
500601,503600,503641,41,2999
500531,503578,503641,63,3047
500531,503587,503642,55,3056
500531,503588,503642,54,3057
500531,503590,503641,51,3059
500531,503590,503643,53,3059
500601,503599,503643,44,2998
500531,503583,503644,61,3052
500531,503593,503644,51,3062
500531,503585,503645,60,3054
500601,503598,503645,47,2997
500531,503593,503648,55,3062
500601,503634,503651,17,3033
500601,503634,503651,17,3033
500601,503634,503654,20,3033
500601,503633,503655,22,3032
500601,503602,503657,55,3001
500601,503633,503658,25,3032
500601,503635,503658,23,3034
500601,503634,503658,24,3033
500601,503633,503659,26,3032
500601,503636,503665,29,3035
500601,503632,503666,34,3031
500601,503619,503666,47,3018
500601,503637,503670,33,3036
500601,503615,503671,56,3014
500601,503628,503672,44,3027
500601,503619,503672,53,3018
500601,503636,503675,39,3035
500601,503627,503677,50,3026
500601,503620,503678,58,3019
500601,503605,503678,73,3004
500601,503640,503679,39,3039
500601,503638,503679,41,3037
500601,503640,503680,40,3039
500601,503617,503681,64,3016
500601,503632,503681,49,3031
500601,503627,503681,54,3026
500601,503642,503682,40,3041
500601,503627,503682,55,3026
500601,503645,503683,38,3044
500601,503620,503683,63,3019
500601,503641,503684,43,3040
500601,503619,503684,65,3018
500601,503644,503684,40,3043
500601,503626,503685,59,3025
500601,503622,503685,63,3021
500601,503639,503686,47,3038
500601,503642,503686,44,3041
500601,503632,503686,54,3031
500601,503644,503686,42,3043
500601,503630,503689,59,3029
500601,503606,503691,85,3005
500601,503639,503691,52,3038
500601,503605,503691,86,3004
500601,503638,503692,54,3037
500601,503629,503693,64,3028
500601,503642,503694,52,3041
500601,503642,503695,53,3041
500601,503615,503695,80,3014
500601,503651,503695,44,3050
500601,503651,503696,45,3050
500601,503623,503696,73,3022
500601,503646,503697,51,3045
500601,503657,503697,40,3056
500601,503617,503697,80,3016
500601,503630,503698,68,3029
500601,503608,503698,90,3007
500601,503631,503699,68,3030
500601,503656,503699,43,3055
500601,503607,503699,92,3006
500601,503609,503701,92,3008
500601,503646,503701,55,3045
500601,503643,503702,59,3042
500601,503649,503706,57,3048
500601,503655,503705,50,3054
500601,503611,503707,96,3010
500601,503651,503707,56,3050
500601,503611,503711,100,3010
500601,503612,503711,99,3011
500601,503658,503713,55,3057
500601,503652,503713,61,3051
500601,503624,503713,89,3023
500047,502945,503714,769,2898
500601,503614,503715,101,3013
500601,503614,503714,100,3013
500601,503615,503716,101,3014
500601,503671,503716,45,3070
500601,503679,503718,39,3078
500601,503612,503718,106,3011
500601,503678,503718,40,3077
500601,503673,503718,45,3072
500601,503658,503719,61,3057
500601,503631,503719,88,3030
500601,503624,503719,95,3023
500601,503679,503720,41,3078
500601,503681,503720,39,3080
500601,503681,503722,41,3080
500601,503613,503722,109,3012
500601,503658,503724,66,3057
500601,503677,503725,48,3076
500601,503671,503725,54,3070
500601,503667,503725,58,3066
500601,503679,503726,47,3078
500601,503673,503727,54,3072
500601,503666,503727,61,3065
500601,503685,503728,43,3084
500601,503683,503728,45,3082
500601,503684,503728,44,3083
500601,503685,503729,44,3084
500601,503698,503729,31,3097
500601,503611,503730,119,3010
500700,503702,503730,28,3002
500601,503667,503731,64,3066
500700,503706,503732,26,3006
500601,503676,503732,56,3075
500601,503683,503734,51,3082
500601,503681,503734,53,3080
500601,503659,503736,77,3058
500601,503686,503736,50,3085
500700,503703,503737,34,3003
500601,503699,503737,38,3098
500700,503707,503738,31,3007
500601,503683,503739,56,3082
500601,503684,503740,56,3083
500601,503686,503739,53,3085
500700,503701,503740,39,3001
500601,503682,503740,58,3081
500700,503700,503741,41,3000
500601,503685,503741,56,3084
500601,503693,503742,49,3092
500601,503687,503742,55,3086
500601,503696,503743,47,3095
500700,503706,503744,38,3006
500601,503687,503745,58,3086
500601,503695,503746,51,3094
500601,503692,503745,53,3091
500700,503711,503747,36,3011
500601,503691,503746,55,3090
500601,503692,503748,56,3091
500601,503690,503749,59,3089
500601,503697,503749,52,3096
500601,503697,503749,52,3096
500601,503697,503751,54,3096
500700,503712,503751,39,3012
500601,503700,503752,52,3099
500601,503696,503752,56,3095
500601,503696,503750,54,3095
500601,503698,503752,54,3097
500601,503698,503756,58,3097
500700,503708,503756,48,3008
500601,503691,503756,65,3090
500601,503687,503758,71,3086
500700,503741,503758,17,3041
500700,503741,503759,18,3041
500700,503740,503759,19,3040
500700,503741,503759,18,3041
500700,503741,503762,21,3041
500700,503737,503762,25,3037
500700,503740,503766,26,3040
500700,503714,503766,52,3014
500700,503737,503768,31,3037
500700,503725,503770,45,3025
500700,503737,503771,34,3037
500700,503742,503771,29,3042
500700,503742,503771,29,3042
500700,503739,503771,32,3039
500700,503743,503775,32,3043
500700,503714,503777,63,3014
500700,503737,503778,41,3037
500700,503747,503784,37,3047
500700,503733,503785,52,3033
500700,503725,503785,60,3025
500700,503727,503787,60,3027
500700,503728,503787,59,3028
500700,503743,503787,44,3043
500700,503732,503787,55,3032
500700,503752,503788,36,3052
500700,503754,503788,34,3054
500700,503749,503788,39,3049
500700,503722,503789,67,3022
500700,503728,503789,61,3028
500700,503749,503789,40,3049
500700,503747,503789,42,3047
500700,503725,503789,64,3025
500700,503714,503790,76,3014
500700,503746,503790,44,3046
500700,503726,503790,64,3026
500700,503731,503791,60,3031
500700,503752,503792,40,3052
500700,503723,503792,69,3023
500700,503725,503792,67,3025
500700,503729,503793,64,3029
500700,503751,503794,43,3051
500700,503748,503794,46,3048
500700,503735,503795,60,3035
500700,503721,503801,80,3021
500700,503753,503801,48,3053
500700,503733,503802,69,3033
500700,503754,503802,48,3054
500700,503758,503802,44,3058
500700,503750,503803,53,3050
500700,503760,503803,43,3060
500700,503759,503803,44,3059
500700,503756,503804,48,3056
500700,503715,503804,89,3015
500700,503717,503805,88,3017
500700,503762,503805,43,3062
500700,503714,503806,92,3014
500700,503731,503806,75,3031
500138,503047,503806,759,2909
500700,503758,503807,49,3058
500700,503754,503807,53,3054
500700,503744,503808,64,3044
500700,503715,503809,94,3015
500700,503760,503809,49,3060
500700,503718,503809,91,3018
500700,503716,503811,95,3016
500700,503754,503812,58,3054
500700,503720,503815,95,3020
500700,503776,503816,40,3076
500700,503720,503816,96,3020
500700,503763,503816,53,3063
500700,503756,503818,62,3056
500700,503756,503817,61,3056
500700,503729,503818,89,3029
500700,503719,503819,100,3019
500700,503728,503820,92,3028
500700,503719,503821,102,3019
500700,503778,503821,43,3078
500700,503719,503822,103,3019
500700,503785,503823,38,3085
500700,503734,503827,93,3034
500700,503718,503827,109,3018
500700,503788,503828,40,3088
500700,503767,503829,62,3067
500700,503784,503829,45,3084
500700,503769,503829,60,3069
500700,503772,503830,58,3072
500700,503777,503830,53,3077
500700,503788,503830,42,3088
500700,503772,503830,58,3072
500700,503787,503831,44,3087
500700,503786,503831,45,3086
500700,503788,503831,43,3088
500700,503720,503833,113,3020
500700,503790,503833,43,3090
500700,503766,503834,68,3066
500700,503790,503835,45,3090
500700,503771,503836,65,3071
500700,503787,503836,49,3087
500700,503789,503837,48,3089
500700,503789,503837,48,3089
500700,503795,503839,44,3095
500700,503791,503839,48,3091
500844,503809,503840,31,2965
500844,503808,503841,33,2964
500844,503808,503841,33,2964
500700,503792,503841,49,3092
500700,503791,503842,51,3091
500700,503771,503843,72,3071
500700,503791,503844,53,3091
500700,503804,503843,39,3104
500700,503788,503844,56,3088
500700,503804,503844,40,3104
500844,503808,503844,36,2964
500700,503806,503845,39,3106
500700,503793,503845,52,3093
500700,503802,503845,43,3102
500700,503790,503847,57,3090
500700,503803,503848,45,3103
500700,503794,503848,54,3094
500700,503771,503848,77,3071
500700,503804,503849,45,3104
500844,503811,503849,38,2967
500700,503729,503849,120,3029
500844,503809,503850,41,2965
500700,503789,503851,62,3089
500700,503796,503851,55,3096
500700,503803,503850,47,3103
500844,503813,503851,38,2969
500700,503794,503852,58,3094
500700,503790,503852,62,3090
500700,503806,503852,46,3106
500700,503795,503853,58,3095
500700,503805,503853,48,3105
500844,503809,503853,44,2965
500700,503802,503853,51,3102
500700,503806,503854,48,3106
400034,400036,503855,103819,2
500844,503816,503855,39,2972
500700,503801,503855,54,3101
500700,503805,503857,52,3105
500700,503804,503857,53,3104
500844,503846,503862,16,3002
500844,503816,503862,46,2972
500844,503817,503864,47,2973
500844,503846,503864,18,3002
500844,503844,503865,21,3000
500844,503816,503866,50,2972
500844,503844,503867,23,3000
500844,503845,503867,22,3001
500844,503846,503869,23,3002
500844,503847,503869,22,3003
500844,503845,503870,25,3001
500844,503848,503870,22,3004
500844,503844,503874,30,3000
500844,503844,503876,32,3000
500844,503843,503877,34,2999
500844,503848,503879,31,3004
500844,503833,503880,47,2989
500844,503832,503881,49,2988
500844,503832,503883,51,2988
500844,503851,503886,35,3007
500844,503831,503887,56,2987
500844,503838,503887,49,2994
500844,503854,503888,34,3010
500844,503842,503888,46,2998
500844,503850,503889,39,3006
500844,503834,503889,55,2990
500844,503849,503889,40,3005
500844,503851,503891,40,3007
500844,503854,503891,37,3010
500844,503852,503892,40,3008
500844,503854,503892,38,3010
500844,503853,503893,40,3009
500844,503851,503893,42,3007
500844,503832,503894,62,2988
500844,503831,503894,63,2987
500844,503849,503895,46,3005
500844,503857,503896,39,3013
500844,503854,503898,44,3010
500844,503853,503898,45,3009
500844,503851,503898,47,3007
500844,503840,503899,59,2996
500844,503849,503899,50,3005
500844,503840,503899,59,2996
500844,503853,503899,46,3009
500844,503835,503900,65,2991
500844,503839,503900,61,2995
500844,503819,503900,81,2975
500844,503857,503900,43,3013
500844,503831,503900,69,2987
500844,503851,503901,50,3007
500844,503863,503902,39,3019
500844,503818,503902,84,2974
500844,503838,503902,64,2994
500844,503841,503904,63,2997
500844,503830,503904,74,2986
500844,503866,503907,41,3022
500844,503820,503908,88,2976
500844,503865,503909,44,3021
500844,503836,503910,74,2992
500844,503867,503910,43,3023
500844,503818,503910,92,2974
500844,503863,503910,47,3019
500844,503836,503911,75,2992
500844,503856,503910,54,3012
500844,503867,503912,45,3023
500844,503864,503913,49,3020
500844,503822,503913,91,2978
500844,503828,503914,86,2984
500844,503867,503914,47,3023
500844,503821,503916,95,2977
500844,503830,503919,89,2986
500844,503870,503919,49,3026
500844,503819,503920,101,2975
500844,503870,503920,50,3026
500844,503884,503921,37,3040
500844,503828,503921,93,2984
500844,503824,503921,97,2980
500844,503841,503922,81,2997
500844,503881,503922,41,3037
500844,503855,503922,67,3011
500844,503888,503924,36,3044
500844,503886,503925,39,3042
500844,503880,503925,45,3036
500844,503893,503926,33,3049
500844,503822,503927,105,2978
500844,503888,503928,40,3044
500844,503888,503929,41,3044
500844,503877,503929,52,3033
500844,503869,503930,61,3025
500844,503869,503929,60,3025
500844,503828,503931,103,2984
500844,503836,503931,95,2992
500844,503889,503934,45,3045
500844,503879,503935,56,3035
500896,503911,503936,25,3015
500844,503894,503937,43,3050
500844,503889,503936,47,3045
500219,503159,503938,779,2940
500844,503893,503938,45,3049
500844,503893,503939,46,3049
500844,503875,503939,64,3031
500844,503895,503939,44,3051
500844,503830,503939,109,2986
500844,503878,503940,62,3034
500844,503890,503940,50,3046
500896,503910,503940,30,3014
500896,503911,503942,31,3015
500844,503903,503941,38,3059
500844,503891,503941,50,3047
500844,503892,503942,50,3048
500844,503901,503942,41,3057
500896,503911,503943,32,3015
500844,503894,503944,50,3050
500844,503895,503943,48,3051
500844,503890,503945,55,3046
500844,503907,503947,40,3063
500844,503901,503947,46,3057
500844,503898,503947,49,3054
500844,503899,503947,48,3055
500896,503911,503947,36,3015
500896,503913,503948,35,3017
500844,503909,503948,39,3065
500844,503901,503948,47,3057
500896,503915,503948,33,3019
500844,503905,503948,43,3061
500844,503900,503950,50,3056
500896,503913,503950,37,3017
500844,503899,503951,52,3055
500844,503897,503952,55,3053
500896,503913,503952,39,3017
500844,503905,503952,47,3061
500844,503899,503952,53,3055
500844,503903,503953,50,3059
500896,503915,503953,38,3019
500844,503902,503954,52,3058
500844,503901,503954,53,3057
500844,503902,503956,54,3058
500844,503900,503959,59,3056
500844,503830,503960,130,2986
500844,503900,503960,60,3056
500844,503909,503962,53,3065
500844,503899,503962,63,3055
500896,503943,503964,21,3047
500896,503944,503964,20,3048
500896,503917,503964,47,3021
500896,503942,503965,23,3046
500896,503946,503965,19,3050
500896,503944,503967,23,3048
500896,503948,503967,19,3052
500896,503947,503968,21,3051
500896,503947,503968,21,3051
500896,503943,503969,26,3047
500896,503943,503970,27,3047
500896,503948,503971,23,3052
500896,503949,503979,30,3053
500896,503942,503980,38,3046
500896,503941,503982,41,3045
500896,503920,503982,62,3024
500896,503940,503983,43,3044
500896,503948,503984,36,3052
500896,503950,503984,34,3054
500896,503949,503985,36,3053
500896,503938,503986,48,3042
500896,503952,503987,35,3056
500896,503940,503986,46,3044
500896,503940,503988,48,3044
500896,503938,503989,51,3042
500896,503949,503988,39,3053
500896,503952,503990,38,3056
500896,503935,503991,56,3039
500896,503941,503991,50,3045
500896,503939,503991,52,3043
500896,503953,503991,38,3057
500896,503936,503992,56,3040
500896,503954,503993,39,3058
500896,503953,503993,40,3057
500896,503932,503994,62,3036
500896,503932,503995,63,3036
500896,503952,503997,45,3056
500896,503952,503998,46,3056
500896,503954,503998,44,3058
500896,503951,503998,47,3055
500896,503942,503999,57,3046
500896,503940,503999,59,3044
500896,503949,504000,51,3053
500896,503930,504000,70,3034
500896,503954,504002,48,3058
500896,503930,504002,72,3034
500896,503964,504003,39,3068
500896,503949,504004,55,3053
500896,503924,504004,80,3028
500896,503930,504005,75,3034
500896,503937,504005,68,3041
500896,503937,504005,68,3041
500896,503965,504006,41,3069
500896,503921,504007,86,3025
500896,503966,504007,41,3070
500896,503962,504007,45,3066
500896,503963,504008,45,3067
500896,503968,504009,41,3072
500896,503961,504009,48,3065
500896,503922,504009,87,3026
500896,503920,504009,89,3024
500896,503964,504010,46,3068
500896,503964,504010,46,3068
500896,503920,504012,92,3024
500896,503960,504015,55,3064
500896,503959,504017,58,3063
500896,503964,504016,52,3068
500896,503937,504018,81,3041
500896,503926,504018,92,3030
500896,503923,504019,96,3027
500896,503968,504020,52,3072
500896,503971,504021,50,3075
500896,503985,504022,37,3089
500896,503983,504024,41,3087
500896,503985,504024,39,3089
500896,503921,504024,103,3025
500896,503922,504026,104,3026
500896,503970,504027,57,3074
500896,503927,504027,100,3031
500896,503929,504030,101,3033
500896,503986,504030,44,3090
500896,503986,504030,44,3090
500896,503988,504031,43,3092
500896,503925,504031,106,3029
500896,503968,504034,66,3072
500896,503979,504034,55,3083
500896,503927,504036,109,3031
500896,503982,504036,54,3086
500896,503992,504037,45,3096
500896,503970,504038,68,3074
500896,503982,504038,56,3086
500896,503987,504039,52,3091
500896,503989,504039,50,3093
500896,503923,504039,116,3027
500977,504010,504040,30,3033
500896,503980,504040,60,3084
500896,503929,504041,112,3033
500896,503968,504041,73,3072
500896,503922,504041,119,3026
500896,503991,504041,50,3095
500977,504010,504041,31,3033
500896,503994,504041,47,3098
500977,504018,504042,24,3041
500977,504010,504042,32,3033
500896,503996,504042,46,3100
500896,503990,504042,52,3094
500896,503991,504042,51,3095
500977,504011,504043,32,3034
500896,503987,504042,55,3091
500896,503989,504043,54,3093
500896,504001,504043,42,3105
500896,503994,504045,51,3098
500896,504004,504045,41,3108
500977,504011,504045,34,3034
500896,504007,504045,38,3111
500896,503997,504045,48,3101
500896,503993,504045,52,3097
500896,503995,504048,53,3099
500896,503999,504049,50,3103
500977,504012,504049,37,3035
500896,504007,504050,43,3111
500896,504009,504050,41,3113
500896,504003,504052,49,3107
500896,504005,504051,46,3109
500896,503999,504053,54,3103
500896,504008,504053,45,3112
500977,504017,504054,37,3040
500896,504006,504054,48,3110
500977,504015,504054,39,3038
500896,504007,504055,48,3111
500896,503998,504055,57,3102
500896,503992,504056,64,3096
500288,503274,504057,783,2986
500896,504004,504057,53,3108
500896,504000,504058,58,3104
500896,504006,504060,54,3110
500896,503999,504060,61,3103
500896,504003,504061,58,3107
500977,504018,504057,39,3041
500977,504018,504063,45,3041
500896,503999,504064,65,3103
500977,504046,504066,20,3069
500977,504046,504067,21,3069
500896,504003,504067,64,3107
500977,504046,504067,21,3069
500977,504046,504067,21,3069
500977,504046,504069,23,3069
500977,504044,504069,25,3067
500977,504045,504070,25,3068
500977,504043,504070,27,3066
500977,504042,504074,32,3065
500977,504044,504074,30,3067
500977,504048,504074,26,3071
500977,504041,504077,36,3064
500977,504043,504077,34,3066
500977,504042,504077,35,3065
500977,504041,504080,39,3064
500977,504052,504081,29,3075
500977,504041,504083,42,3064
500977,504053,504083,30,3076
500977,504040,504084,44,3063
500977,504042,504084,42,3065
500977,504052,504085,33,3075
500977,504053,504085,32,3076
500977,504050,504086,36,3073
500977,504041,504085,44,3064
500977,504050,504087,37,3073
500977,504043,504088,45,3066
500977,504042,504087,45,3065
500977,504049,504089,40,3072
500977,504055,504090,35,3078
500977,504042,504090,48,3065
500977,504043,504091,48,3066
500977,504057,504091,34,3080
500977,504043,504093,50,3066
500977,504020,504094,74,3043
500977,504021,504094,73,3044
500977,504057,504095,38,3080
500977,504055,504096,41,3078
500977,504055,504095,40,3078
500977,504038,504096,58,3061
500977,504058,504096,38,3081
500977,504049,504101,52,3072
500977,504068,504101,33,3091
500977,504064,504103,39,3087
500977,504054,504103,49,3077
500977,504022,504104,82,3045
500977,504068,504104,36,3091
500977,504061,504105,44,3084
500977,504062,504105,43,3085
500977,504064,504106,42,3087
500977,504067,504105,38,3090
500977,504040,504105,65,3063
500977,504023,504106,83,3046
500977,504061,504106,45,3084
500977,504037,504107,70,3060
500977,504037,504107,70,3060
500977,504069,504108,39,3092
500977,504067,504109,42,3090
500977,504059,504110,51,3082
500977,504025,504111,86,3048
500977,504067,504112,45,3090
500977,504040,504111,71,3063
500977,504031,504114,83,3054
500977,504040,504114,74,3063
500977,504039,504114,75,3062
500977,504083,504115,32,3106
500977,504070,504118,48,3093
500977,504026,504121,95,3049
500977,504081,504121,40,3104
500977,504031,504122,91,3054
500977,504074,504123,49,3097
500977,504081,504123,42,3104
500977,504035,504123,88,3058
500977,504061,504125,64,3084
500977,504061,504127,66,3084
500977,504084,504128,44,3107
500977,504037,504127,90,3060
500977,504078,504128,50,3101
500977,504025,504129,104,3048
500977,504028,504129,101,3051
500977,504074,504130,56,3097
500977,504074,504131,57,3097
500977,504086,504132,46,3109
500977,504032,504133,101,3055
500977,504077,504134,57,3100
500977,504091,504134,43,3114
500977,504031,504135,104,3054
500977,504086,504134,48,3109
500977,504070,504134,64,3093
500977,504088,504135,47,3111
500977,504025,504136,111,3048
500977,504071,504137,66,3094
501082,504111,504137,26,3029
500977,504089,504137,48,3112
500977,504035,504137,102,3058
500977,504092,504137,45,3115
500977,504085,504137,52,3108
500977,504078,504139,61,3101
500977,504086,504138,52,3109
500977,504085,504138,53,3108
500977,504091,504138,47,3114
500977,504085,504140,55,3108
500977,504094,504140,46,3117
500977,504032,504140,108,3055
500977,504091,504140,49,3114
500977,504088,504141,53,3111
500977,504094,504142,48,3117
500977,504093,504144,51,3116
500977,504028,504146,118,3051
500977,504088,504146,58,3111
500977,504106,504147,41,3129
500977,504106,504147,41,3129
500977,504107,504147,40,3130
500977,504096,504147,51,3119
500977,504105,504148,43,3128
501082,504112,504148,36,3030
501082,504112,504148,36,3030
500977,504108,504149,41,3131
500977,504096,504149,53,3119
500977,504096,504149,53,3119
500977,504097,504149,52,3120
500977,504107,504152,45,3130
501082,504116,504152,36,3034
500977,504101,504153,52,3124
501082,504112,504152,40,3030
500977,504106,504155,49,3129
500977,504097,504156,59,3120
500977,504106,504156,50,3129
501082,504115,504157,42,3033
500977,504104,504158,54,3127
500977,504102,504158,56,3125
500977,504106,504158,52,3129
500977,504107,504151,44,3130
500405,503388,504160,772,2983
500977,504103,504162,59,3126
500977,504109,504163,54,3132
501082,504118,504164,46,3036
500977,504104,504164,60,3127
501082,504114,504165,51,3032
501082,504121,504165,44,3039
501082,504149,504166,17,3067
501082,504147,504167,20,3065
501082,504148,504170,22,3066
501082,504116,504171,55,3034
501082,504139,504171,32,3057
501082,504149,504171,22,3067
501082,504140,504173,33,3058
501082,504147,504173,26,3065
501082,504139,504173,34,3057
501082,504149,504174,25,3067
501082,504147,504175,28,3065
501082,504139,504175,36,3057
501082,504141,504176,35,3059
501082,504141,504176,35,3059
501082,504122,504177,55,3040
501082,504138,504177,39,3056
501082,504138,504177,39,3056
501082,504138,504178,40,3056
501082,504139,504178,39,3057
501082,504146,504179,33,3064
501082,504141,504180,39,3059
501082,504152,504182,30,3070
501082,504149,504182,33,3067
501082,504122,504183,61,3040
501082,504150,504183,33,3068
501082,504150,504184,34,3068
501082,504153,504185,32,3071
501082,504144,504185,41,3062
501082,504142,504186,44,3060
501082,504152,504186,34,3070
501082,504159,504186,27,3077
501082,504153,504186,33,3071
501082,504138,504192,54,3056
501082,504157,504195,38,3075
501082,504159,504195,36,3077
501082,504137,504197,60,3055
501082,504149,504197,48,3067
501082,504159,504198,39,3077
501082,504138,504200,62,3056
501082,504156,504201,45,3074
501082,504156,504202,46,3074
501082,504165,504202,37,3083
501082,504165,504202,37,3083
501082,504167,504204,37,3085
501082,504159,504204,45,3077
501082,504124,504204,80,3042
501082,504158,504206,48,3076
501082,504136,504206,70,3054
501082,504166,504208,42,3084
501082,504123,504209,86,3041
501082,504135,504209,74,3053
501082,504171,504210,39,3089
501082,504143,504210,67,3061
501082,504173,504211,38,3091
501082,504137,504212,75,3055
501082,504160,504213,53,3078
501082,504162,504214,52,3080
501082,504159,504214,55,3077
501082,504172,504214,42,3090
501082,504168,504215,47,3086
501082,504172,504216,44,3090
501082,504173,504216,43,3091
501082,504172,504217,45,3090
501082,504178,504218,40,3096
501082,504174,504218,44,3092
501082,504178,504220,42,3096
501082,504164,504221,57,3082
501082,504179,504221,42,3097
501082,504129,504222,93,3047
501082,504177,504223,46,3095
501082,504124,504224,100,3042
501082,504187,504225,38,3105
501082,504186,504225,39,3104
501082,504175,504227,52,3093
501082,504130,504228,98,3048
501082,504178,504227,49,3096
501082,504133,504229,96,3051
501082,504186,504230,44,3104
501082,504181,504230,49,3099
501082,504134,504230,96,3052
501082,504131,504232,101,3049
501082,504128,504233,105,3046
501082,504163,504232,69,3081
501082,504128,504233,105,3046
501082,504186,504233,47,3104
501082,504183,504234,51,3101
501082,504132,504233,101,3050
501082,504184,504233,49,3102
501082,504128,504234,106,3046
501082,504176,504234,58,3094
501082,504177,504234,57,3095
501082,504186,504235,49,3104
501082,504184,504235,51,3102
501082,504183,504235,52,3101
501082,504185,504235,50,3103
501082,504176,504238,62,3094
501082,504125,504238,113,3043
501082,504192,504238,46,3110
501082,504133,504239,106,3051
501082,504197,504240,43,3115
501082,504176,504240,64,3094
501082,504182,504240,58,3100
501082,504129,504241,112,3047
501082,504198,504242,44,3116
501082,504177,504243,66,3095
501082,504135,504243,108,3053
501082,504135,504244,109,3053
501082,504195,504245,50,3113
501082,504204,504245,41,3122
501169,504215,504246,31,3046
501082,504196,504246,50,3114
501082,504135,504247,112,3053
501082,504210,504248,38,3128
501082,504203,504248,45,3121
501082,504199,504248,49,3117
501169,504216,504249,33,3047
501082,504213,504250,37,3131
501082,504200,504250,50,3118
501169,504219,504250,31,3050
501169,504217,504251,34,3048
501082,504210,504251,41,3128
501082,504206,504252,46,3124
501082,504210,504252,42,3128
501082,504204,504252,48,3122
501169,504221,504253,32,3052
501082,504201,504253,52,3119
501082,504202,504254,52,3120
501082,504206,504255,49,3124
501082,504202,504255,53,3120
501082,504213,504257,44,3131
501082,504215,504257,42,3133
501082,504208,504260,52,3126
501082,504215,504260,45,3133
501169,504218,504261,43,3049
501082,504210,504262,52,3128
500429,503493,504263,770,3064
501082,504205,504264,59,3123
501082,504212,504263,51,3130
501169,504223,504264,41,3054
501169,504221,504266,45,3052
501169,504222,504267,45,3053
501169,504239,504267,28,3070
501169,504238,504267,29,3069
501169,504241,504267,26,3072
501169,504240,504268,28,3071
501169,504249,504269,20,3080
501169,504219,504263,44,3050
501169,504248,504269,21,3079
501169,504249,504271,22,3080
501169,504239,504271,32,3070
501169,504248,504272,24,3079
501169,504246,504273,27,3077
501169,504242,504273,31,3073
501169,504250,504275,25,3081
501169,504240,504277,37,3071
501169,504223,504279,56,3054
501169,504247,504280,33,3078
501169,504241,504280,39,3072
501169,504244,504281,37,3075
501169,504244,504281,37,3075
501169,504236,504281,45,3067
501169,504252,504282,30,3083
501169,504245,504284,39,3076
501169,504236,504285,49,3067
501169,504238,504284,46,3069
501169,504253,504286,33,3084
501169,504251,504287,36,3082
501169,504253,504286,33,3084
501169,504253,504287,34,3084
501169,504236,504289,53,3067
501169,504253,504289,36,3084
501169,504253,504290,37,3084
501169,504251,504290,39,3082
501169,504246,504291,45,3077
501169,504258,504298,40,3089
501169,504255,504299,44,3086
501169,504251,504300,49,3082
501169,504255,504305,50,3086
501169,504258,504306,48,3089
501169,504271,504307,36,3102
501169,504268,504307,39,3099
501169,504226,504307,81,3057
501169,504245,504309,64,3076
501169,504268,504308,40,3099
501169,504246,504309,63,3077
501169,504224,504311,87,3055
501169,504226,504310,84,3057
501169,504269,504312,43,3100
501169,504270,504314,44,3101
501169,504267,504316,49,3098
501169,504267,504316,49,3098
501169,504261,504316,55,3092
501169,504236,504318,82,3067
501169,504272,504317,45,3103
501169,504271,504318,47,3102
501169,504262,504318,56,3093
501169,504265,504322,57,3096
501169,504268,504323,55,3099
501169,504227,504327,100,3058
501169,504231,504327,96,3062
501169,504234,504327,93,3065
501169,504229,504328,99,3060
501169,504234,504329,95,3065
501169,504230,504329,99,3061
501169,504276,504330,54,3107
501169,504263,504330,67,3094
501169,504271,504331,60,3102
501169,504281,504331,50,3112
501169,504272,504332,60,3103
501169,504261,504332,71,3092
501169,504277,504334,57,3108
501169,504234,504335,101,3065
501169,504282,504335,53,3113
501169,504233,504335,102,3064
501169,504285,504335,50,3116
501169,504228,504337,109,3059
501169,504233,504337,104,3064
501169,504272,504338,66,3103
501169,504281,504339,58,3112
501169,504279,504339,60,3110
501169,504287,504340,53,3118
501169,504288,504340,52,3119
501169,504233,504340,107,3064
501169,504289,504340,51,3120
501169,504273,504341,68,3104
501169,504228,504341,113,3059
501169,504289,504343,54,3120
501169,504280,504343,63,3111
501169,504284,504344,60,3115
501169,504235,504343,108,3066
501169,504231,504344,113,3062
501169,504273,504345,72,3104
501169,504283,504345,62,3114
501169,504286,504346,60,3117
501169,504290,504347,57,3121
501169,504264,504346,82,3095
501169,504285,504347,62,3116
501169,504291,504347,56,3122
501169,504262,504348,86,3093
501169,504235,504348,113,3066
501169,504234,504349,115,3065
501169,504287,504349,62,3118
501169,504281,504350,69,3112
501169,504264,504350,86,3095
501169,504235,504354,119,3066
501169,504311,504356,45,3142
501260,504330,504356,26,3070
501169,504234,504356,122,3065
501169,504305,504357,52,3136
501169,504300,504357,57,3131
501169,504319,504357,38,3150
501169,504292,504360,68,3123
501260,504328,504361,33,3068
501260,504328,504362,34,3068
501169,504323,504363,40,3154
501169,504317,504363,46,3148
501169,504306,504363,57,3137
501169,504318,504364,46,3149
501169,504298,504365,67,3129
501169,504309,504366,57,3140
501260,504332,504366,34,3072
501169,504301,504366,65,3132
501260,504332,504367,35,3072
501169,504323,504367,44,3154
501169,504308,504368,60,3139
501169,504316,504368,52,3147
501260,504330,504368,38,3070
501260,504332,504369,37,3072
501169,504316,504371,55,3147
501169,504313,504371,58,3144
500534,503595,504372,777,3061
501169,504315,504372,57,3146
501260,504330,504372,42,3070
501169,504309,504373,64,3140
501169,504318,504373,55,3149
501169,504307,504372,65,3138
501260,504333,504372,39,3073
501169,504309,504373,64,3140
501169,504311,504373,62,3142
501169,504319,504376,57,3150
501260,504348,504377,29,3088
501260,504348,504377,29,3088
501260,504331,504377,46,3071
501260,504350,504380,30,3090
501260,504349,504380,31,3089
501169,504327,504381,54,3158
501260,504350,504381,31,3090
501260,504364,504381,17,3104
501260,504349,504381,32,3089
501260,504351,504384,33,3091
501260,504362,504385,23,3102
501260,504364,504386,22,3104
501169,504307,504385,78,3138
501260,504349,504387,38,3089
501260,504354,504388,34,3094
501260,504357,504387,30,3097
501260,504363,504389,26,3103
501260,504347,504391,44,3087
501260,504335,504391,56,3075
501260,504356,504394,38,3096
501260,504346,504394,48,3086
501260,504365,504394,29,3105
501260,504357,504396,39,3097
501260,504367,504398,31,3107
501260,504369,504399,30,3109
501260,504367,504399,32,3107
501260,504347,504398,51,3087
501260,504367,504398,31,3107
501260,504362,504399,37,3102
501260,504367,504401,34,3107
501260,504369,504402,33,3109
501260,504336,504404,68,3076
501260,504360,504405,45,3100
501260,504366,504406,40,3106
501260,504371,504407,36,3111
501260,504357,504408,51,3097
501260,504369,504409,40,3109
501260,504369,504410,41,3109
501260,504376,504411,35,3116
501260,504373,504411,38,3113
501260,504372,504411,39,3112
501260,504366,504411,45,3106
501260,504372,504412,40,3112
501260,504373,504412,39,3113
501260,504381,504415,34,3121
501260,504358,504416,58,3098
501260,504344,504416,72,3084
501260,504382,504416,34,3122
501260,504344,504417,73,3084
501260,504378,504417,39,3118
501260,504381,504418,37,3121
501260,504382,504419,37,3122
501260,504382,504421,39,3122
501260,504384,504421,37,3124
501260,504346,504421,75,3086
501260,504386,504424,38,3126
501260,504373,504423,50,3113
501260,504344,504424,80,3084
501260,504382,504425,43,3122
501260,504378,504425,47,3118
501260,504373,504424,51,3113
501260,504374,504425,51,3114
501260,504358,504428,70,3098
501260,504373,504428,55,3113
501260,504377,504429,52,3117
501260,504345,504429,84,3085
501260,504373,504431,58,3113
501260,504336,504432,96,3076
501260,504338,504434,96,3078
501260,504336,504435,99,3076
501260,504342,504435,93,3082
501260,504386,504436,50,3126
501260,504395,504437,42,3135
501260,504388,504438,50,3128
501260,504388,504438,50,3128
501260,504400,504439,39,3140
501260,504396,504439,43,3136
501260,504345,504441,96,3085
501260,504339,504441,102,3079
501260,504336,504441,105,3076
501260,504340,504442,102,3080
501260,504337,504442,105,3077
501260,504341,504443,102,3081
501260,504399,504444,45,3139
501260,504340,504443,103,3080
501260,504386,504444,58,3126
501260,504342,504445,103,3082
501260,504388,504444,56,3128
501260,504339,504445,106,3079
501260,504338,504444,106,3078
501260,504373,504445,72,3113
501260,504344,504446,102,3084
501260,504395,504446,51,3135
501260,504399,504447,48,3139
501260,504406,504448,42,3146
501260,504392,504449,57,3132
501260,504411,504450,39,3151
501260,504395,504451,56,3135
501260,504408,504452,44,3148
501260,504399,504452,53,3139
501260,504409,504452,43,3149
501260,504390,504453,63,3130
501260,504409,504453,44,3149
501260,504391,504453,62,3131
501260,504398,504454,56,3138
501260,504402,504453,51,3142
501260,504411,504454,43,3151
501260,504402,504454,52,3142
501260,504404,504455,51,3144
501260,504341,504456,115,3081
500604,503700,504456,756,3096
501358,504426,504456,30,3068
501260,504425,504458,33,3165
501260,504412,504459,47,3152
501260,504399,504460,61,3139
501358,504429,504461,32,3071
501260,504420,504461,41,3160
501260,504425,504460,35,3165
501358,504430,504461,31,3072
501260,504418,504462,44,3158
501260,504424,504463,39,3164
501260,504416,504463,47,3156
501260,504412,504463,51,3152
501260,504406,504464,58,3146
501260,504425,504464,39,3165
501358,504435,504464,29,3077
501260,504413,504465,52,3153
501260,504419,504465,46,3159
501358,504429,504466,37,3071
501260,504417,504467,50,3157
501358,504428,504466,38,3070
501260,504421,504468,47,3161
501358,504432,504468,36,3074
501260,504415,504469,54,3155
501260,504424,504470,46,3164
501358,504435,504470,35,3077
501260,504422,504471,49,3162
501260,504422,504472,50,3162
501260,504413,504471,58,3153
501358,504433,504473,40,3075
501260,504417,504474,57,3157
501260,504413,504475,62,3153
501358,504452,504475,23,3094
501260,504417,504477,60,3157
501358,504454,504481,27,3096
501358,504438,504477,39,3080
501358,504462,504484,22,3104
501358,504453,504485,32,3095
501358,504436,504486,50,3078
501358,504461,504486,25,3103
501358,504454,504486,32,3096
501358,504461,504487,26,3103
501358,504453,504487,34,3095
501358,504453,504487,34,3095
501358,504451,504488,37,3093
501358,504453,504488,35,3095
501358,504454,504490,36,3096
501358,504461,504490,29,3103
501358,504454,504492,38,3096
501358,504464,504491,27,3106
501358,504451,504492,41,3093
501358,504449,504492,43,3091
501358,504454,504493,39,3096
501358,504464,504495,31,3106
501358,504464,504495,31,3106
501358,504464,504494,30,3106
501358,504465,504496,31,3107
501358,504460,504496,36,3102
501358,504456,504497,41,3098
501358,504466,504497,31,3108
501358,504465,504498,33,3107
501358,504466,504502,36,3108
501358,504466,504502,36,3108
501358,504462,504503,41,3104
501358,504438,504504,66,3080
501358,504448,504504,56,3090
501358,504469,504505,36,3111
501358,504467,504506,39,3109
501358,504457,504507,50,3099
501358,504469,504508,39,3111
501358,504462,504508,46,3104
501358,504477,504510,33,3119
501358,504447,504510,63,3089
501358,504446,504512,66,3088
501358,504473,504513,40,3115
501358,504476,504517,41,3118
501358,504476,504517,41,3118
501358,504439,504517,78,3081
501358,504458,504517,59,3100
501358,504470,504519,49,3112
501358,504474,504519,45,3116
501358,504482,504520,38,3124
501358,504485,504521,36,3127
501358,504469,504521,52,3111
501358,504484,504523,39,3126
501358,504439,504525,86,3081
501358,504471,504524,53,3113
501358,504484,504525,41,3126
501358,504486,504526,40,3128
501358,504445,504527,82,3087
501358,504472,504527,55,3114
501358,504486,504528,42,3128
501358,504488,504529,41,3130
501358,504487,504530,43,3129
501358,504487,504530,43,3129
501358,504440,504532,92,3082
501358,504487,504532,45,3129
501358,504442,504532,90,3084
501358,504446,504532,86,3088
501358,504442,504534,92,3084
501358,504445,504535,90,3087
501358,504472,504535,63,3114
501358,504496,504536,40,3138
501358,504440,504536,96,3082
501358,504444,504537,93,3086
501358,504493,504538,45,3135
501358,504447,504539,92,3089
501358,504443,504539,96,3085
501358,504457,504538,81,3099
501358,504492,504540,48,3134
501358,504495,504540,45,3137
501358,504457,504540,83,3099
501358,504472,504540,68,3114
501358,504445,504543,98,3087
501358,504489,504545,56,3131
501358,504495,504545,50,3137
501358,504489,504546,57,3131
501358,504442,504547,105,3084
501358,504495,504547,52,3137
501358,504491,504547,56,3133
501358,504503,504548,45,3145
501358,504502,504548,46,3144
501358,504442,504548,106,3084
501358,504503,504548,45,3145
501358,504498,504549,51,3140
501358,504491,504548,57,3133
501358,504497,504549,52,3139
501358,504492,504550,58,3134
501358,504507,504551,44,3149
501358,504497,504552,55,3139
501358,504505,504553,48,3147
501358,504498,504553,55,3140
501358,504492,504553,61,3134
501358,504519,504555,36,3161
501358,504443,504555,112,3085
501358,504504,504555,51,3146
501358,504492,504556,64,3134
501358,504520,504556,36,3162
501358,504506,504556,50,3148
501358,504447,504556,109,3089
501358,504488,504555,67,3130
501358,504507,504556,49,3149
501434,504530,504557,27,3096
501358,504509,504559,50,3151
501358,504444,504559,115,3086
501434,504533,504559,26,3099
501434,504531,504561,30,3097
501434,504530,504560,30,3096
501434,504534,504563,29,3100
501358,504509,504563,54,3151
501358,504511,504564,53,3153
501434,504533,504564,31,3099
501358,504521,504565,44,3163
501358,504514,504565,51,3156
501434,504533,504564,31,3099
501358,504521,504565,44,3163
501358,504444,504566,122,3086
501358,504522,504567,45,3164
501434,504535,504568,33,3101
501358,504528,504570,42,3170
501358,504524,504570,46,3166
501358,504527,504570,43,3169
501434,504532,504570,38,3098
501358,504510,504571,61,3152
501434,504536,504571,35,3102
501358,504518,504572,54,3160
501358,504518,504572,54,3160
501358,504512,504573,61,3154
501358,504517,504574,57,3159
501358,504525,504573,48,3167
501358,504528,504576,48,3170
501358,504526,504576,50,3168
501358,504525,504580,55,3167
501434,504555,504580,25,3121
501358,504518,504582,64,3160
501434,504556,504583,27,3122
500703,503807,504584,777,3104
501434,504554,504586,32,3120
501434,504553,504587,34,3119
501434,504556,504587,31,3122
501434,504536,504588,52,3102
501434,504554,504588,34,3120
501434,504561,504590,29,3127
501434,504566,504589,23,3132
501434,504556,504589,33,3122
501434,504561,504590,29,3127
501434,504553,504592,39,3119
501434,504551,504593,42,3117
501434,504556,504593,37,3122
501434,504563,504594,31,3129
501434,504565,504593,28,3131
501434,504565,504595,30,3131
501434,504556,504595,39,3122
501434,504550,504596,46,3116
501434,504565,504597,32,3131
501434,504552,504597,45,3118
501434,504555,504597,42,3121
501434,504567,504598,31,3133
501434,504567,504598,31,3133
501434,504565,504598,33,3131
501434,504560,504600,40,3126
501434,504537,504602,65,3103
501434,504571,504602,31,3137
501434,504556,504602,46,3122
501434,504570,504603,33,3136
501434,504569,504604,35,3135
501434,504564,504604,40,3130
501434,504559,504606,47,3125
501434,504549,504606,57,3115
501434,504565,504608,43,3131
501434,504571,504609,38,3137
501434,504571,504609,38,3137
501434,504571,504612,41,3137
501434,504549,504615,66,3115
501434,504588,504616,28,3154
501434,504581,504617,36,3147
501434,504584,504617,33,3150
501434,504548,504618,70,3114
501434,504549,504620,71,3115
501434,504572,504620,48,3138
501434,504538,504622,84,3104
501434,504572,504622,50,3138
501434,504577,504624,47,3143
501434,504588,504626,38,3154
501434,504584,504626,42,3150
501434,504573,504626,53,3139
501434,504581,504626,45,3147
501434,504588,504627,39,3154
501434,504548,504627,79,3114
501434,504590,504627,37,3156
501434,504540,504628,88,3106
501434,504583,504628,45,3149
501434,504577,504630,53,3143
501434,504588,504630,42,3154
501434,504574,504631,57,3140
501434,504539,504633,94,3105
501434,504587,504633,46,3153
501434,504548,504634,86,3114
501434,504574,504634,60,3140
501434,504549,504634,85,3115
501434,504538,504634,96,3104
501434,504540,504634,94,3106
501434,504547,504637,90,3113
501434,504601,504637,36,3167
501434,504541,504638,97,3107
501434,504556,504640,84,3122
501434,504539,504641,102,3105
501434,504598,504641,43,3164
501434,504547,504642,95,3113
501434,504590,504642,52,3156
501434,504598,504642,44,3164
501434,504593,504643,50,3159
501434,504597,504643,46,3163
501434,504540,504646,106,3106
501434,504599,504646,47,3165
501434,504603,504647,44,3169
501434,504574,504647,73,3140
501434,504591,504647,56,3157
501434,504545,504648,103,3111
501434,504604,504648,44,3170
501434,504541,504648,107,3107
501434,504597,504649,52,3163
501434,504559,504649,90,3125
501434,504594,504649,55,3160
501434,504594,504650,56,3160
501434,504593,504650,57,3159
501434,504599,504653,54,3165
501434,504608,504654,46,3174
501434,504546,504655,109,3112
501434,504605,504655,50,3171
501434,504603,504656,53,3169
501434,504599,504657,58,3165
501434,504603,504657,54,3169
501434,504544,504656,112,3110
501434,504607,504657,50,3173
501434,504596,504657,61,3162
501434,504590,504657,67,3156
501434,504604,504659,55,3170
501434,504557,504662,105,3123
501434,504606,504662,56,3172
501434,504545,504662,117,3111
501512,504631,504663,32,3119
501434,504593,504663,70,3159
501434,504609,504663,54,3175
501512,504633,504665,32,3121
501434,504623,504665,42,3189
501434,504596,504665,69,3162
501434,504628,504666,38,3194
501512,504633,504666,33,3121
501434,504610,504666,56,3176
501512,504634,504667,33,3122
501434,504625,504667,42,3191
501434,504616,504668,52,3182
501434,504621,504668,47,3187
501434,504623,504669,46,3189
501512,504634,504669,35,3122
501434,504628,504670,42,3194
501434,504628,504672,44,3194
501434,504628,504672,44,3194
501434,504627,504672,45,3193
501512,504634,504672,38,3122
501434,504626,504672,46,3192
501434,504615,504672,57,3181
501434,504627,504673,46,3193
501512,504630,504673,43,3118
501434,504621,504674,53,3187
501434,504626,504673,47,3192
501434,504613,504674,61,3179
500847,503910,504674,764,3063
501512,504635,504674,39,3123
501512,504637,504676,39,3125
501434,504619,504677,58,3185
501434,504617,504682,65,3183
501434,504617,504682,65,3183
501512,504657,504683,26,3145
501434,504629,504667,38,3195
501512,504634,504679,45,3122
501512,504638,504685,47,3126
501512,504659,504686,27,3147
501512,504658,504688,30,3146
501512,504657,504689,32,3145
501512,504657,504690,33,3145
501512,504655,504691,36,3143
501512,504657,504691,34,3145
501512,504662,504692,30,3150
501512,504655,504692,37,3143
501512,504669,504693,24,3157
501512,504658,504693,35,3146
501512,504657,504694,37,3145
501512,504639,504694,55,3127
501512,504668,504697,29,3156
501512,504671,504697,26,3159
501512,504667,504698,31,3155
501512,504670,504698,28,3158
501512,504654,504698,44,3142
501512,504672,504699,27,3160
501512,504655,504700,45,3143
501512,504666,504700,34,3154
501512,504666,504701,35,3154
501512,504673,504701,28,3161
501512,504662,504703,41,3150
501512,504672,504703,31,3160
501512,504672,504703,31,3160
501512,504669,504705,36,3157
501512,504663,504706,43,3151
501512,504674,504708,34,3162
501512,504673,504708,35,3161
501512,504674,504708,34,3162
501512,504666,504709,43,3154
501512,504667,504710,43,3155
501512,504673,504710,37,3161
501512,504684,504711,27,3172
501512,504668,504714,46,3156
501512,504651,504716,65,3139
501512,504668,504718,50,3156
501512,504664,504718,54,3152
501512,504677,504718,41,3165
501512,504674,504721,47,3162
501512,504684,504722,38,3172
501512,504674,504723,49,3162
501512,504685,504724,39,3173
501512,504687,504724,37,3175
501512,504684,504724,40,3172
501512,504650,504725,75,3138
501512,504682,504725,43,3170
501512,504664,504726,62,3152
501512,504676,504727,51,3164
501512,504648,504729,81,3136
501512,504641,504729,88,3129
501512,504690,504730,40,3178
501512,504682,504730,48,3170
501512,504663,504730,67,3151
501512,504691,504731,40,3179
501512,504651,504730,79,3139
501512,504640,504731,91,3128
501512,504684,504730,46,3172
501512,504648,504731,83,3136
501512,504644,504732,88,3132
501512,504689,504732,43,3177
501512,504691,504732,41,3179
501512,504692,504733,41,3180
501512,504650,504733,83,3138
501512,504643,504734,91,3131
501512,504674,504737,63,3162
501512,504642,504737,95,3130
501512,504675,504738,63,3163
501512,504693,504739,46,3181
501512,504644,504739,95,3132
501512,504650,504742,92,3138
501512,504675,504743,68,3163
501512,504704,504745,41,3192
501512,504693,504746,53,3181
501512,504647,504747,100,3135
501512,504695,504747,52,3183
501512,504698,504747,49,3186
501512,504702,504748,46,3190
501512,504707,504749,42,3195
501512,504698,504750,52,3186
501512,504648,504750,102,3136
501512,504711,504751,40,3199
501512,504646,504750,104,3134
501512,504646,504752,106,3134
501512,504642,504752,110,3130
501512,504648,504753,105,3136
501512,504693,504752,59,3181
501512,504706,504754,48,3194
501512,504642,504755,113,3130
501512,504701,504754,53,3189
501512,504648,504755,107,3136
501512,504708,504755,47,3196
501512,504709,504755,46,3197
501512,504703,504756,53,3191
501512,504712,504756,44,3200
501512,504699,504756,57,3187
501512,504694,504757,63,3182
501512,504698,504757,59,3186
501512,504698,504757,59,3186
501512,504693,504758,65,3181
501512,504698,504759,61,3186
501512,504701,504759,58,3189
501512,504726,504761,35,3214
501600,504734,504761,27,3134
501512,504710,504760,50,3198
501600,504731,504762,31,3131
501512,504702,504761,59,3190
501600,504734,504762,28,3134
501512,504709,504763,54,3197
501512,504704,504762,58,3192
501512,504718,504764,46,3206
501512,504711,504765,54,3199
501512,504721,504766,45,3209
501512,504730,504766,36,3218
500899,504009,504767,758,3110
501600,504733,504766,33,3133
501600,504731,504767,36,3131
501600,504733,504768,35,3133
501600,504733,504770,37,3133
501512,504728,504771,43,3216
501600,504734,504771,37,3134
501512,504724,504772,48,3212
501600,504732,504772,40,3132
501512,504730,504773,43,3218
501512,504718,504773,55,3206
501512,504731,504774,43,3219
501512,504724,504773,49,3212
501512,504717,504774,57,3205
501512,504725,504775,50,3213
501512,504726,504776,50,3214
501512,504729,504777,48,3217
501512,504723,504779,56,3211
501512,504725,504779,54,3213
501512,504719,504779,60,3207
501512,504731,504780,49,3219
501600,504738,504779,41,3138
501512,504715,504780,65,3203
501512,504730,504781,51,3218
501600,504758,504782,24,3158
501512,504726,504782,56,3214
501600,504738,504783,45,3138
501600,504764,504784,20,3164
501600,504766,504786,20,3166
501600,504756,504787,31,3156
501600,504763,504787,24,3163
501600,504765,504788,23,3165
501600,504763,504791,28,3163
501600,504763,504792,29,3163
501600,504757,504792,35,3157
501600,504759,504793,34,3159
501600,504758,504793,35,3158
501600,504760,504794,34,3160
501600,504761,504795,34,3161
501600,504756,504795,39,3156
501600,504767,504796,29,3167
501600,504757,504795,38,3157
501600,504756,504796,40,3156
501600,504771,504796,25,3171
501600,504762,504796,34,3162
501600,504760,504797,37,3160
501600,504756,504799,43,3156
501600,504739,504800,61,3139
501600,504756,504801,45,3156
501600,504772,504801,29,3172
501600,504762,504802,40,3162
501600,504771,504805,34,3171
501600,504771,504806,35,3171
501600,504767,504806,39,3167
501600,504761,504808,47,3161
501600,504769,504809,40,3169
501600,504768,504809,41,3168
501600,504774,504811,37,3174
501600,504774,504812,38,3174
501600,504773,504812,39,3173
501600,504774,504812,38,3174
501600,504774,504813,39,3174
501600,504755,504813,58,3155
501600,504784,504814,30,3184
501600,504776,504814,38,3176
501600,504755,504816,61,3155
501600,504761,504816,55,3161
501600,504787,504817,30,3187
501600,504782,504819,37,3182
501600,504767,504819,52,3167
501600,504785,504820,35,3185
501600,504780,504821,41,3180
501600,504788,504822,34,3188
501600,504782,504822,40,3182
501600,504776,504824,48,3176
501600,504788,504824,36,3188
501600,504740,504827,87,3140
501600,504783,504828,45,3183
501600,504780,504829,49,3180
501600,504780,504830,50,3180
501600,504752,504830,78,3152
501600,504788,504831,43,3188
501600,504745,504831,86,3145
501600,504743,504832,89,3143
501600,504748,504835,87,3148
501600,504780,504835,55,3180
501600,504778,504837,59,3178
501600,504747,504837,90,3147
501600,504741,504841,100,3141
501600,504752,504841,89,3152
501600,504748,504842,94,3148
501600,504800,504843,43,3200
501600,504792,504843,51,3192
501600,504789,504845,56,3189
501600,504753,504845,92,3153
501600,504793,504846,53,3193
501600,504779,504846,67,3179
501600,504753,504845,92,3153
501600,504794,504846,52,3194
501600,504748,504846,98,3148
501600,504797,504847,50,3197
501600,504749,504846,97,3149
501600,504807,504847,40,3207
501600,504802,504848,46,3202
501600,504755,504850,95,3155
501600,504796,504850,54,3196
501600,504795,504850,55,3195
501600,504750,504850,100,3150
501600,504793,504849,56,3193
501600,504751,504850,99,3151
501600,504797,504851,54,3197
501600,504812,504851,39,3212
501600,504780,504851,71,3180
501600,504751,504855,104,3151
501600,504796,504855,59,3196
501600,504809,504856,47,3209
501600,504796,504856,60,3196
501600,504793,504856,63,3193
501600,504802,504857,55,3202
501600,504751,504859,108,3151
501600,504798,504859,61,3198
501600,504805,504860,55,3205
501600,504809,504860,51,3209
501600,504810,504860,50,3210
501600,504743,504861,118,3143
501600,504800,504861,61,3200
501600,504806,504861,55,3206
501600,504750,504863,113,3150
501677,504832,504864,32,3155
501600,504796,504863,67,3196
501600,504829,504863,34,3229
501600,504813,504865,52,3213
501600,504824,504866,42,3224
501677,504835,504866,31,3158
501600,504823,504867,44,3223
501600,504818,504869,51,3218
501677,504838,504869,31,3161
501600,504812,504869,57,3212
501600,504814,504869,55,3214
501600,504801,504870,69,3201
501600,504822,504869,47,3222
501600,504823,504869,46,3223
501600,504817,504869,52,3217
501600,504819,504870,51,3219
501677,504837,504870,33,3160
501600,504813,504870,57,3213
501677,504841,504871,30,3164
501600,504797,504872,75,3197
501600,504821,504872,51,3221
501600,504827,504872,45,3227
501600,504820,504872,52,3220
501600,504824,504875,51,3224
501600,504815,504875,60,3215
501600,504818,504876,58,3218
501600,504828,504876,48,3228
501600,504815,504876,61,3215
501677,504835,504877,42,3158
501600,504830,504877,47,3230
501600,504832,504877,45,3232
501677,504843,504878,35,3166
501677,504843,504879,36,3166
501677,504842,504878,36,3165
501677,504843,504879,36,3166
501600,504831,504880,49,3231
500980,504110,504881,771,3130
501600,504814,504882,68,3214
501677,504845,504887,42,3168
501677,504870,504888,18,3193
501677,504869,504890,21,3192
501677,504869,504891,22,3192
501677,504869,504891,22,3192
501677,504867,504892,25,3190
501677,504862,504893,31,3185
501677,504868,504893,25,3191
501677,504869,504893,24,3192
501677,504870,504895,25,3193
501677,504862,504895,33,3185
501677,504870,504898,28,3193
501677,504861,504898,37,3184
501677,504861,504899,38,3184
501677,504863,504899,36,3186
501677,504870,504899,29,3193
501677,504860,504900,40,3183
501677,504872,504900,28,3195
501677,504864,504900,36,3187
501677,504864,504900,36,3187
501677,504873,504902,29,3196
501677,504867,504902,35,3190
501677,504858,504902,44,3181
501677,504861,504904,43,3184
501677,504861,504903,42,3184
501677,504845,504904,59,3168
501677,504872,504905,33,3195
501677,504866,504905,39,3189
501677,504872,504905,33,3195
501677,504857,504906,49,3180
501677,504859,504909,50,3182
501677,504876,504911,35,3199
501677,504873,504912,39,3196
501677,504871,504914,43,3194
501677,504856,504915,59,3179
501677,504871,504914,43,3194
501677,504882,504916,34,3205
501677,504876,504917,41,3199
501677,504857,504917,60,3180
501677,504864,504918,54,3187
501677,504876,504918,42,3199
501677,504881,504920,39,3204
501677,504876,504920,44,3199
501677,504875,504920,45,3198
501677,504888,504923,35,3211
501677,504871,504924,53,3194
501677,504852,504924,72,3175
501677,504880,504926,46,3203
501677,504891,504926,35,3214
501677,504879,504927,48,3202
501677,504893,504928,35,3216
501677,504888,504929,41,3211
501677,504880,504929,49,3203
501677,504877,504930,53,3200
501677,504891,504931,40,3214
501677,504879,504931,52,3202
501677,504855,504933,78,3178
501677,504846,504933,87,3169
501677,504846,504934,88,3169
501677,504892,504935,43,3215
501677,504878,504935,57,3201
501677,504851,504937,86,3174
501677,504877,504937,60,3200
501677,504847,504937,90,3170
501677,504847,504937,90,3170
501677,504847,504939,92,3170
501677,504901,504940,39,3224
501677,504848,504941,93,3171
501677,504851,504942,91,3174
501677,504895,504944,49,3218
501677,504850,504947,97,3173
501677,504893,504947,54,3216
501677,504895,504947,52,3218
501677,504904,504948,44,3227
501677,504899,504949,50,3222
501677,504900,504949,49,3223
501677,504903,504950,47,3226
501677,504878,504952,74,3201
501677,504847,504952,105,3170
501677,504893,504952,59,3216
501677,504847,504953,106,3170
501677,504902,504952,50,3225
501677,504894,504952,58,3217
501677,504905,504953,48,3228
501677,504851,504954,103,3174
501677,504914,504954,40,3237
501677,504899,504954,55,3222
501677,504901,504955,54,3224
501677,504898,504955,57,3221
501677,504907,504956,49,3230
501677,504856,504956,100,3179
501677,504848,504957,109,3171
501677,504910,504958,48,3233
501677,504850,504957,107,3173
501677,504903,504959,56,3226
501677,504900,504959,59,3223
501677,504901,504964,63,3224
501772,504938,504963,25,3166
501677,504850,504964,114,3173
501677,504915,504964,49,3238
501677,504850,504964,114,3173
501677,504906,504964,58,3229
501677,504911,504966,55,3234
501677,504905,504966,61,3228
501772,504935,504967,32,3163
501677,504920,504969,49,3243
501677,504915,504969,54,3238
501677,504913,504968,55,3236
501677,504904,504970,66,3227
501772,504938,504969,31,3166
501677,504852,504971,119,3175
501677,504900,504970,70,3223
501677,504919,504971,52,3242
501677,504920,504971,51,3243
501772,504937,504972,35,3165
501677,504925,504972,47,3248
501677,504932,504972,40,3255
501772,504936,504973,37,3164
501677,504933,504973,40,3256
501772,504935,504972,37,3163
501677,504924,504974,50,3247
501677,504927,504974,47,3250
501772,504938,504975,37,3166
501677,504905,504975,70,3228
501677,504917,504975,58,3240
501677,504931,504975,44,3254
501677,504926,504976,50,3249
501677,504931,504975,44,3254
501677,504928,504977,49,3251
501677,504928,504978,50,3251
501677,504930,504981,51,3253
501772,504940,504982,42,3168
501677,504924,504982,58,3247
501677,504917,504984,67,3240
501677,504919,504983,64,3242
501677,504921,504984,63,3244
501772,504942,504984,42,3170
501677,504917,504986,69,3240
501772,504941,504988,47,3169
501677,504930,504975,45,3253
501772,504972,504988,16,3200
501772,504971,504990,19,3199
501085,504215,504990,775,3130
501772,504972,504992,20,3200
501772,504973,504993,20,3201
501772,504942,504993,51,3170
501772,504970,504993,23,3198
501772,504971,504993,22,3199
501772,504960,504993,33,3188
501772,504970,504993,23,3198
501772,504971,504996,25,3199
501772,504972,504995,23,3200
501772,504969,504997,28,3197
501772,504965,504997,32,3193
501772,504967,504998,31,3195
501772,504958,504999,41,3186
501772,504965,505000,35,3193
501772,504964,505001,37,3192
501772,504969,505001,32,3197
501772,504958,505001,43,3186
501772,504945,505002,57,3173
501772,504973,505001,28,3201
501772,504960,505003,43,3188
501772,504958,505003,45,3186
501772,504976,505004,28,3204
501772,504973,505004,31,3201
501772,504964,505004,40,3192
501772,504965,505004,39,3193
501772,504965,505006,41,3193
501772,504975,505008,33,3203
501772,504973,505012,39,3201
501772,504976,505013,37,3204
501772,504967,505013,46,3195
501772,504976,505014,38,3204
501772,504976,505014,38,3204
501772,504967,505015,48,3195
501772,504978,505019,41,3206
501772,504977,505019,42,3205
501772,504969,505021,52,3197
501772,504981,505021,40,3209
501772,504957,505022,65,3185
501772,504984,505023,39,3212
501772,504975,505024,49,3203
501772,504976,505025,49,3204
501772,504991,505025,34,3219
501772,504993,505027,34,3221
501772,504993,505030,37,3221
501772,504989,505030,41,3217
501772,504947,505031,84,3175
501772,504991,505032,41,3219
501772,504989,505033,44,3217
501772,504984,505035,51,3212
501772,504956,505035,79,3184
501772,504988,505035,47,3216
501772,504949,505035,86,3177
501772,504987,505037,50,3215
501772,504989,505037,48,3217
501772,504993,505037,44,3221
501772,504984,505038,54,3212
501772,504983,505039,56,3211
501772,504994,505041,47,3222
501772,504950,505044,94,3178
501772,504948,505046,98,3176
501772,504950,505046,96,3178
501772,504952,505047,95,3180
501772,504984,505047,63,3212
501772,505002,505048,46,3230
501772,505002,505048,46,3230
501772,504948,505049,101,3176
501772,504994,505049,55,3222
501772,504997,505050,53,3225
501772,505001,505050,49,3229
501772,504953,505051,98,3181
501772,504956,505052,96,3184
501772,504994,505052,58,3222
501772,504998,505052,54,3226
501772,505003,505052,49,3231
501772,504994,505053,59,3222
501772,505006,505054,48,3234
501772,505005,505053,48,3233
501772,505001,505054,53,3229
501772,504955,505055,100,3183
501772,504954,505056,102,3182
501772,505015,505056,41,3243
501772,505005,505057,52,3233
501772,505014,505057,43,3242
501772,504948,505057,109,3176
501772,504984,505057,73,3212
501772,504996,505058,62,3224
501772,504953,505058,105,3181
501772,505000,505059,59,3228
501772,504952,505061,109,3180
501772,504954,505061,107,3182
501772,504955,505061,106,3183
501772,504996,505062,66,3224
501772,505014,505061,47,3242
501772,505013,505062,49,3241
501772,505009,505062,53,3237
501772,504953,505064,111,3181
501772,505016,505063,47,3244
501772,505004,505064,60,3232
501772,505013,505065,52,3241
501848,505039,505065,26,3191
501772,504998,505065,67,3226
501772,505005,505066,61,3233
501772,504956,505065,109,3184
501772,505004,505066,62,3232
501772,504953,505067,114,3181
501848,505041,505069,28,3193
501772,505002,505068,66,3230
501772,505031,505071,40,3259
501772,505036,505072,36,3264
501772,505025,505072,47,3253
501772,505002,505073,71,3230
501772,505019,505073,54,3247
501848,505046,505073,27,3198
501772,505022,505073,51,3250
501772,505033,505074,41,3261
501772,505024,505074,50,3252
501772,505021,505074,53,3249
501848,505048,505074,26,3200
501848,505045,505075,30,3197
501772,505032,505077,45,3260
501772,505032,505077,45,3260
501772,505038,505077,39,3266
501848,505047,505078,31,3199
501772,505025,505079,54,3253
501772,505020,505079,59,3248
501772,505021,505080,59,3249
501772,505035,505080,45,3263
501772,505038,505081,43,3266
501772,505038,505084,46,3266
501772,505036,505084,48,3264
501772,505028,505085,57,3256
501848,505049,505085,36,3201
501848,505049,505086,37,3201
501772,505025,505087,62,3253
501848,505074,505091,17,3226
501848,505072,505091,19,3224
501772,505031,505083,52,3259
501772,505035,505087,52,3263
501848,505069,505091,22,3221
501848,505049,505092,43,3201
501848,505074,505092,18,3226
501848,505067,505092,25,3219
501848,505050,505094,44,3202
501848,505074,505094,20,3226
501848,505073,505094,21,3225
501848,505048,505094,46,3200
501848,505072,505095,23,3224
501848,505074,505095,21,3226
501848,505069,505096,27,3221
501172,504327,505097,770,3155
501848,505074,505097,23,3226
501848,505072,505098,26,3224
501848,505062,505099,37,3214
501848,505066,505099,33,3218
501848,505065,505100,35,3217
501848,505063,505100,37,3215
501848,505064,505100,36,3216
501848,505066,505100,34,3218
501848,505063,505100,37,3215
501848,505076,505103,27,3228
501848,505075,505104,29,3227
501848,505078,505104,26,3230
501848,505075,505105,30,3227
501848,505064,505106,42,3216
501848,505066,505106,40,3218
501848,505065,505107,42,3217
501848,505066,505108,42,3218
501848,505062,505109,47,3214
501848,505062,505110,48,3214
501848,505078,505110,32,3230
501848,505079,505111,32,3231
501848,505062,505112,50,3214
501848,505066,505113,47,3218
501848,505079,505116,37,3231
501848,505091,505118,27,3243
501848,505061,505118,57,3213
501848,505078,505118,40,3230
501848,505081,505124,43,3233
501848,505093,505124,31,3245
501848,505051,505127,76,3203
501848,505081,505130,49,3233
501848,505092,505130,38,3244
501848,505091,505132,41,3243
501848,505093,505132,39,3245
501848,505091,505134,43,3243
501848,505084,505134,50,3236
501848,505087,505135,48,3239
501848,505091,505135,44,3243
501848,505105,505138,33,3257
501848,505088,505139,51,3240
501848,505094,505139,45,3246
501848,505091,505139,48,3243
501848,505091,505140,49,3243
501848,505094,505141,47,3246
501848,505082,505142,60,3234
501848,505094,505142,48,3246
501848,505054,505147,93,3206
501848,505085,505148,63,3237
501848,505100,505148,48,3252
501848,505101,505148,47,3253
501848,505086,505148,62,3238
501848,505100,505149,49,3252
501848,505051,505149,98,3203
501848,505052,505150,98,3204
501848,505097,505151,54,3249
501848,505103,505152,49,3255
501848,505104,505153,49,3256
501848,505059,505154,95,3211
501848,505098,505153,55,3250
501848,505053,505154,101,3205
501848,505095,505154,59,3247
501848,505108,505155,47,3260
501848,505053,505155,102,3205
501848,505105,505156,51,3257
501848,505054,505156,102,3206
501848,505108,505158,50,3260
501848,505059,505158,99,3211
501848,505096,505158,62,3248
501848,505097,505159,62,3249
501848,505101,505158,57,3253
501848,505111,505159,48,3263
501848,505099,505159,60,3251
501848,505107,505159,52,3259
501848,505101,505159,58,3253
501848,505107,505159,52,3259
501848,505101,505161,60,3253
501848,505058,505161,103,3210
501848,505054,505162,108,3206
501848,505086,505161,75,3238
501848,505095,505162,67,3247
501848,505052,505163,111,3204
501848,505099,505164,65,3251
501848,505110,505164,54,3262
501848,505109,505165,56,3261
501848,505057,505165,108,3209
501848,505057,505166,109,3209
501848,505058,505166,108,3210
501848,505052,505166,114,3204
501848,505124,505166,42,3276
501848,505054,505169,115,3206
501848,505118,505168,50,3270
501848,505057,505168,111,3209
501848,505112,505168,56,3264
501848,505112,505170,58,3264
501848,505134,505170,36,3286
501848,505114,505170,56,3266
501955,505149,505172,23,3194
501848,505116,505171,55,3268
501848,505118,505172,54,3270
501848,505055,505173,118,3207
501848,505119,505174,55,3271
501848,505058,505176,118,3210
501848,505130,505175,45,3282
501848,505131,505175,44,3283
501848,505127,505176,49,3279
501848,505139,505177,38,3291
501955,505148,505177,29,3193
501848,505142,505177,35,3294
501848,505059,505179,120,3211
501848,505143,505178,35,3295
501848,505135,505179,44,3287
501848,505141,505180,39,3293
501848,505139,505180,41,3291
501848,505125,505180,55,3277
501955,505149,505181,32,3194
501848,505135,505181,46,3287
501848,505139,505181,42,3291
501848,505135,505181,46,3287
501955,505149,505182,33,3194
501848,505133,505184,51,3285
501955,505149,505185,36,3194
501955,505149,505186,37,3194
501955,505151,505186,35,3196
501848,505140,505186,46,3292
501848,505132,505186,54,3284
501955,505153,505187,34,3198
501955,505172,505189,17,3217
501848,505143,505191,48,3295
501955,505176,505192,16,3221
501955,505170,505192,22,3215
501955,505173,505193,20,3218
501955,505151,505193,42,3196
501955,505177,505194,17,3222
501955,505176,505194,18,3221
501955,505154,505194,40,3199
501955,505167,505196,29,3212
501955,505172,505196,24,3217
501955,505178,505198,20,3223
501955,505177,505199,22,3222
501263,504425,505199,774,3162
501955,505170,505201,31,3215
501955,505165,505201,36,3210
501955,505166,505201,35,3211
501955,505167,505202,35,3212
501955,505169,505202,33,3214
501955,505178,505203,25,3223
501955,505179,505204,25,3224
501955,505170,505200,30,3215
501955,505173,505192,19,3218
501955,505175,505194,19,3220
501955,505176,505192,16,3221
501955,505166,505206,40,3211
501955,505181,505206,25,3226
501955,505180,505205,25,3225
501955,505167,505207,40,3212
501955,505180,505208,28,3225
501955,505179,505209,30,3224
501955,505169,505209,40,3214
501955,505181,505211,30,3226
501955,505164,505211,47,3209
501955,505154,505212,58,3199
501955,505154,505212,58,3199
501955,505164,505214,50,3209
501955,505165,505213,48,3210
501955,505169,505216,47,3214
501955,505169,505218,49,3214
501955,505181,505225,44,3226
501955,505163,505227,64,3208
501955,505192,505231,39,3237
501955,505182,505232,50,3227
501955,505191,505236,45,3236
501955,505194,505238,44,3239
501955,505194,505237,43,3239
501955,505187,505239,52,3232
501955,505193,505239,46,3238
501955,505183,505240,57,3228
501955,505185,505240,55,3230
501955,505182,505241,59,3227
501955,505188,505242,54,3233
501955,505187,505242,55,3232
501955,505194,505243,49,3239
501955,505194,505244,50,3239
501955,505182,505244,62,3227
501955,505206,505244,38,3251
501955,505195,505246,51,3240
501955,505187,505248,61,3232
501955,505162,505250,88,3207
501955,505206,505249,43,3251
501955,505186,505252,66,3231
501955,505207,505253,46,3252
501955,505206,505253,47,3251
501955,505202,505253,51,3247
501955,505206,505255,49,3251
501955,505159,505255,96,3204
501955,505210,505256,46,3255
501955,505206,505257,51,3251
501955,505196,505257,61,3241
501955,505196,505258,62,3241
501955,505159,505258,99,3204
501955,505206,505259,53,3251
501955,505203,505259,56,3248
501955,505157,505259,102,3202
501955,505211,505259,48,3256
501955,505162,505260,98,3207
501955,505201,505260,59,3246
501955,505159,505260,101,3204
501955,505202,505260,58,3247
501955,505203,505261,58,3248
501955,505209,505261,52,3254
501955,505201,505263,62,3246
501955,505155,505262,107,3200
501955,505198,505263,65,3243
501955,505155,505263,108,3200
501955,505155,505263,108,3200
501955,505158,505264,106,3203
501955,505206,505264,58,3251
501955,505159,505264,105,3204
501955,505156,505265,109,3201
501955,505160,505265,105,3205
501955,505212,505265,53,3257
501955,505160,505266,106,3205
501955,505204,505266,62,3249
501955,505212,505267,55,3257
501955,505156,505267,111,3201
501955,505159,505267,108,3204
501955,505210,505268,58,3255
501955,505206,505271,65,3251
501955,505214,505272,58,3259
501955,505214,505271,57,3259
501955,505199,505273,74,3244
501955,505162,505273,111,3207
501955,505216,505273,57,3261
501955,505213,505274,61,3258
502055,505253,505274,21,3198
501955,505160,505274,114,3205
501955,505160,505276,116,3205
501955,505200,505276,76,3245
501955,505162,505280,118,3207
501955,505186,505280,94,3231
501955,505233,505280,47,3278
502055,505253,505281,28,3198
501955,505245,505282,37,3290
501955,505243,505282,39,3288
501955,505228,505282,54,3273
502055,505254,505283,29,3199
501955,505218,505284,66,3263
501955,505241,505284,43,3286
501955,505247,505286,39,3292
501955,505244,505286,42,3289
501955,505243,505286,43,3288
501955,505232,505287,55,3277
501955,505241,505288,47,3286
501955,505245,505288,43,3290
501955,505238,505289,51,3283
501955,505242,505289,47,3287
502055,505257,505289,32,3202
501955,505238,505289,51,3283
501955,505248,505289,41,3293
502055,505258,505291,33,3203
501955,505237,505293,56,3282
501955,505239,505294,55,3284
502055,505280,505294,14,3225
501955,505245,505295,50,3290
502055,505277,505296,19,3222
502055,505253,505295,42,3198
501955,505239,505296,57,3284
502055,505285,505297,12,3230
502055,505280,505297,17,3225
502055,505283,505297,14,3228
502055,505281,505298,17,3226
502055,505258,505297,39,3203
501955,505250,505298,48,3295
502055,505282,505299,17,3227
501955,505226,505299,73,3271
501361,504529,505300,771,3168
502055,505283,505300,17,3228
502055,505256,505300,44,3201
502055,505276,505301,25,3221
502055,505286,505301,15,3231
502055,505275,505302,27,3220
502055,505259,505303,44,3204
502055,505283,505306,23,3228
502055,505255,505289,34,3200
502055,505281,505297,16,3226
502055,505286,505308,22,3231
502055,505259,505309,50,3204
502055,505287,505310,23,3232
502055,505269,505312,43,3214
502055,505288,505311,23,3233
502055,505273,505312,39,3218
502055,505267,505312,45,3212
502055,505289,505313,24,3234
502055,505287,505314,27,3232
502055,505274,505314,40,3219
502055,505288,505314,26,3233
502055,505267,505314,47,3212
502055,505272,505314,42,3217
502055,505272,505314,42,3217
502055,505289,505315,26,3234
502055,505274,505317,43,3219
502055,505289,505318,29,3234
502055,505268,505317,49,3213
502055,505272,505318,46,3217
502055,505274,505320,46,3219
502055,505267,505323,56,3212
502055,505290,505326,36,3235
502055,505259,505327,68,3204
502055,505274,505328,54,3219
502055,505299,505332,33,3244
502055,505266,505332,66,3211
502055,505308,505333,25,3253
502055,505298,505339,41,3243
502055,505298,505341,43,3243
502055,505299,505341,42,3244
502055,505298,505343,45,3243
502055,505298,505344,46,3243
502055,505299,505345,46,3244
502055,505297,505350,53,3242
502055,505295,505351,56,3240
502055,505315,505352,37,3260
502055,505263,505354,91,3208
502055,505260,505355,95,3205
502055,505296,505356,60,3241
502055,505315,505358,43,3260
502055,505317,505358,41,3262
502055,505318,505358,40,3263
502055,505315,505359,44,3260
502055,505308,505359,51,3253
502055,505290,505359,69,3235
502055,505297,505359,62,3242
502055,505315,505360,45,3260
502055,505260,505361,101,3205
502055,505314,505361,47,3259
502055,505316,505361,45,3261
502055,505300,505361,61,3245
502055,505296,505362,66,3241
502055,505301,505363,62,3246
502055,505312,505363,51,3257
502055,505313,505364,51,3258
502055,505312,505364,52,3257
502055,505303,505364,61,3248
502055,505302,505365,63,3247
502055,505266,505365,99,3211
502055,505263,505366,103,3208
502055,505319,505366,47,3264
502055,505265,505368,103,3210
502055,505261,505368,107,3206
502055,505261,505368,107,3206
502055,505266,505369,103,3211
502055,505301,505369,68,3246
502055,505308,505369,61,3253
502055,505261,505370,109,3206
502055,505310,505370,60,3255
502055,505301,505371,70,3246
502055,505313,505371,58,3258
502055,505292,505371,79,3237
502055,505260,505372,112,3205
502055,505261,505372,111,3206
502055,505262,505373,111,3207
502055,505264,505373,109,3209
502055,505264,505374,110,3209
502055,505262,505374,112,3207
502055,505264,505374,110,3209
502055,505295,505375,80,3240
502055,505308,505375,67,3253
502055,505306,505376,70,3251
502055,505295,505376,81,3240
502055,505314,505376,62,3259
502055,505319,505377,58,3264
502055,505302,505377,75,3247
502055,505313,505377,64,3258
502055,505266,505377,111,3211
502055,505321,505377,56,3266
502055,505264,505379,115,3209
502055,505311,505382,71,3256
502055,505294,505381,87,3239
502055,505329,505381,52,3274
502174,505360,505382,22,3186
502055,505333,505383,50,3278
502055,505328,505384,56,3273
502055,505334,505384,50,3279
502055,505355,505386,31,3300
502055,505264,505386,122,3209
502055,505333,505387,54,3278
502055,505327,505388,61,3272
502055,505323,505389,66,3268
502055,505341,505390,49,3286
502174,505361,505391,30,3187
502055,505344,505391,47,3289
502174,505361,505392,31,3187
502055,505343,505393,50,3288
502055,505350,505394,44,3295
502055,505342,505395,53,3287
502055,505358,505395,37,3303
502174,505361,505396,35,3187
502055,505355,505396,41,3300
502055,505345,505396,51,3290
502174,505362,505397,35,3188
502055,505359,505397,38,3304
502055,505339,505398,59,3284
502055,505359,505398,39,3304
501437,504630,505399,769,3193
502174,505361,505400,39,3187
502174,505383,505400,17,3209
502174,505382,505401,19,3208
502174,505389,505402,13,3215
502174,505362,505402,40,3188
502174,505385,505403,18,3211
502055,505359,505404,45,3304
502055,505352,505405,53,3297
502174,505364,505404,40,3190
502174,505365,505405,40,3191
502174,505387,505405,18,3213
502174,505388,505405,17,3214
502055,505352,505405,53,3297
502174,505363,505405,42,3189
502174,505382,505405,23,3208
502174,505385,505406,21,3211
502055,505356,505406,50,3301
502174,505387,505405,18,3213
502174,505391,505406,15,3217
502055,505359,505408,49,3304
502174,505392,505407,15,3218
502174,505389,505408,19,3215
502174,505392,505412,20,3218
502174,505382,505413,31,3208
502174,505394,505415,21,3220
502174,505394,505415,21,3220
502174,505365,505414,49,3191
502174,505377,505416,39,3203
502174,505365,505417,52,3191
502174,505392,505417,25,3218
502174,505378,505419,41,3204
502174,505396,505420,24,3222
502174,505396,505420,24,3222
502174,505376,505423,47,3202
502174,505396,505423,27,3222
502174,505395,505425,30,3221
502174,505377,505427,50,3203
502174,505378,505427,49,3204
502174,505397,505427,30,3223
502174,505378,505428,50,3204
502174,505397,505428,31,3223
502174,505382,505429,47,3208
502174,505377,505431,54,3203
502174,505378,505434,56,3204
502174,505375,505434,59,3201
502174,505398,505435,37,3224
502174,505405,505439,34,3231
502174,505405,505439,34,3231
502174,505375,505440,65,3201
502174,505405,505440,35,3231
502174,505380,505441,61,3206
502174,505405,505441,36,3231
502174,505366,505442,76,3192
502174,505405,505444,39,3231
502174,505400,505447,47,3226
502174,505398,505448,50,3224
502174,505365,505448,83,3191
502174,505375,505448,73,3201
502174,505404,505448,44,3230
502174,505404,505448,44,3230
502174,505401,505449,48,3227
502174,505403,505450,47,3229
502174,505403,505453,50,3229
502174,505400,505454,54,3226
502174,505405,505454,49,3231
502174,505398,505454,56,3224
502174,505371,505456,85,3197
502174,505406,505456,50,3232
502174,505406,505458,52,3232
502174,505406,505460,54,3232
502174,505427,505461,34,3253
502174,505424,505461,37,3250
502174,505408,505461,53,3234
502174,505421,505462,41,3247
502174,505412,505462,50,3238
502174,505408,505463,55,3234
502174,505420,505463,43,3246
502174,505371,505464,93,3197
502174,505413,505464,51,3239
502174,505400,505464,64,3226
502174,505408,505464,56,3234
502174,505424,505465,41,3250
502174,505366,505465,99,3192
502174,505415,505466,51,3241
502174,505405,505466,61,3231
502174,505370,505467,97,3196
502174,505415,505467,52,3241
502174,505426,505468,42,3252
502174,505427,505469,42,3253
502174,505415,505469,54,3241
502174,505428,505470,42,3254
502174,505369,505471,102,3195
502174,505405,505470,65,3231
502174,505369,505471,102,3195
502174,505428,505472,44,3254
502174,505416,505473,57,3242
502174,505420,505473,53,3246
502174,505372,505473,101,3198
502174,505417,505473,56,3243
502174,505366,505474,108,3192
502174,505371,505474,103,3197
502174,505375,505475,100,3201
502174,505417,505475,58,3243
502174,505435,505476,41,3261
502174,505369,505478,109,3195
502174,505372,505478,106,3198
502174,505373,505479,106,3199
502174,505429,505479,50,3255
502174,505450,505481,31,3276
502174,505430,505482,52,3256
502174,505441,505482,41,3267
502174,505369,505483,114,3195
502174,505374,505483,109,3200
502174,505431,505483,52,3257
502174,505374,505485,111,3200
502174,505440,505484,44,3266
502174,505418,505485,67,3244
502174,505441,505486,45,3267
502174,505449,505486,37,3275
502174,505441,505488,47,3267
502174,505370,505488,118,3196
502280,505459,505489,30,3179
502280,505462,505489,27,3182
502174,505373,505490,117,3199
502174,505443,505489,46,3269
502174,505449,505489,40,3275
502174,505435,505490,55,3261
502174,505441,505491,50,3267
502174,505455,505491,36,3281
502174,505451,505491,40,3277
502174,505435,505491,56,3261
502174,505440,505493,53,3266
502174,505448,505492,44,3274
502174,505453,505492,39,3279
502280,505462,505492,30,3182
502280,505461,505493,32,3181
502174,505449,505494,45,3275
502174,505454,505494,40,3280
502174,505375,505496,121,3201
502174,505454,505495,41,3280
502280,505460,505495,35,3180
502174,505448,505495,47,3274
502174,505456,505499,43,3282
502280,505463,505500,37,3183
502280,505463,505500,37,3183
502280,505465,505500,35,3185
502280,505486,505501,15,3206
502174,505448,505502,54,3274
502280,505464,505502,38,3184
502280,505490,505503,13,3210
502280,505490,505503,13,3210
502280,505488,505504,16,3208
502174,505445,505505,60,3271
501515,504731,505505,774,3216
502280,505486,505505,19,3206
502280,505489,505505,16,3209
502280,505490,505507,17,3210
502280,505486,505506,20,3206
502280,505490,505507,17,3210
502280,505485,505508,23,3205
502280,505488,505508,20,3208
502280,505490,505508,18,3210
502280,505465,505510,45,3185
502280,505491,505511,20,3211
502280,505491,505511,20,3211
502280,505493,505513,20,3213
502280,505493,505514,21,3213
502280,505485,505514,29,3205
502280,505492,505515,23,3212
502280,505464,505515,51,3184
502280,505493,505516,23,3213
502280,505492,505518,26,3212
502280,505493,505520,27,3213
502280,505484,505521,37,3204
502280,505494,505522,28,3214
502280,505465,505527,62,3185
502280,505494,505528,34,3214
502280,505495,505530,35,3215
502280,505480,505536,56,3200
502280,505481,505538,57,3201
502280,505496,505538,42,3216
502280,505496,505539,43,3216
502280,505479,505538,59,3199
502280,505496,505539,43,3216
502280,505504,505541,37,3224
502280,505500,505541,41,3220
502280,505502,505541,39,3222
502280,505505,505542,37,3225
502280,505503,505542,39,3223
502280,505496,505543,47,3216
502280,505501,505544,43,3221
502280,505465,505545,80,3185
502280,505501,505545,44,3221
502280,505479,505545,66,3199
502280,505484,505547,63,3204
502280,505478,505547,69,3198
502280,505500,505547,47,3220
502280,505502,505549,47,3222
502280,505483,505550,67,3203
502280,505504,505550,46,3224
502280,505470,505553,83,3190
502280,505506,505554,48,3226
502280,505483,505556,73,3203
502280,505506,505557,51,3226
502280,505520,505557,37,3240
502280,505473,505558,85,3193
502280,505476,505557,81,3196
502280,505483,505559,76,3203
502280,505501,505560,59,3221
502280,505476,505560,84,3196
502280,505466,505561,95,3186
502280,505506,505561,55,3226
502280,505476,505562,86,3196
502280,505465,505564,99,3185
502280,505474,505564,90,3194
502280,505528,505565,37,3248
502280,505474,505566,92,3194
502280,505469,505567,98,3189
502280,505521,505568,47,3241
502280,505468,505569,101,3188
502280,505516,505569,53,3236
502280,505512,505569,57,3232
502280,505508,505569,61,3228
502280,505511,505570,59,3231
502280,505537,505571,34,3257
502280,505514,505571,57,3234
502280,505508,505571,63,3228
502280,505475,505572,97,3195
502280,505507,505573,66,3227
502280,505471,505574,103,3191
502280,505514,505574,60,3234
502280,505468,505574,106,3188
502280,505515,505574,59,3235
502280,505510,505575,65,3230
502280,505507,505575,68,3227
502280,505527,505576,49,3247
502280,505531,505577,46,3251
502280,505514,505578,64,3234
502280,505467,505577,110,3187
502280,505518,505578,60,3238
502280,505469,505578,109,3189
502280,505471,505578,107,3191
502280,505507,505579,72,3227
502280,505467,505579,112,3187
502280,505539,505580,41,3259
502280,505508,505581,73,3228
502280,505474,505581,107,3194
502428,505561,505581,20,3133
502280,505517,505581,64,3237
502280,505523,505582,59,3243
502280,505539,505583,44,3259
502280,505472,505583,111,3192
502280,505471,505585,114,3191
502280,505545,505585,40,3265
502280,505539,505586,47,3259
502280,505540,505587,47,3260
502280,505543,505588,45,3263
502280,505549,505590,41,3269
502280,505542,505591,49,3262
502428,505563,505591,28,3135
502428,505561,505592,31,3133
502280,505539,505592,53,3259
502280,505475,505592,117,3195
501603,504832,505592,760,3229
502280,505558,505593,35,3278
502280,505472,505593,121,3192
502280,505553,505593,40,3273
502280,505558,505594,36,3278
502280,505543,505597,54,3263
502280,505548,505598,50,3268
502428,505564,505598,34,3136
502280,505558,505599,41,3278
502280,505545,505598,53,3265
502280,505551,505600,49,3271
502280,505543,505601,58,3263
502280,505556,505601,45,3276
502428,505566,505601,35,3138
502280,505550,505602,52,3270
502428,505566,505602,36,3138
502280,505560,505604,44,3280
502280,505546,505604,58,3266
502428,505565,505605,40,3137
502428,505567,505605,38,3139
502280,505541,505607,66,3261
502428,505593,505607,14,3165
502428,505569,505608,39,3141
502428,505592,505609,17,3164
502280,505545,505609,64,3265
502428,505594,505610,16,3166
502428,505594,505610,16,3166
502428,505591,505610,19,3163
502428,505589,505610,21,3161
502280,505548,505610,62,3268
502428,505569,505611,42,3141
502428,505587,505613,26,3159
502428,505591,505613,22,3163
502428,505593,505613,20,3165
502280,505547,505614,67,3267
502280,505541,505600,59,3261
502280,505555,505605,50,3275
502280,505557,505599,42,3277
502428,505562,505599,37,3134
502428,505593,505615,22,3165
502428,505593,505615,22,3165
502428,505592,505616,24,3164
502428,505593,505616,23,3165
502428,505598,505618,20,3170
502428,505598,505619,21,3170
502428,505601,505627,26,3173
502428,505599,505627,28,3171
502428,505583,505628,45,3155
502428,505599,505628,29,3171
502428,505569,505629,60,3141
502428,505583,505631,48,3155
502428,505582,505632,50,3154
502428,505601,505634,33,3173
502428,505602,505635,33,3174
502428,505602,505635,33,3174
502428,505586,505636,50,3158
502428,505582,505637,55,3154
502428,505587,505637,50,3159
502428,505604,505638,34,3176
502428,505582,505638,56,3154
502428,505603,505638,35,3175
502428,505604,505640,36,3176
502428,505615,505640,25,3187
502428,505612,505641,29,3184
502428,505581,505641,60,3153
502428,505581,505642,61,3153
502428,505583,505642,59,3155
502428,505585,505643,58,3157
502428,505603,505648,45,3175
502428,505578,505649,71,3150
502428,505611,505649,38,3183
502428,505570,505650,80,3142
502428,505579,505651,72,3151
502428,505610,505651,41,3182
502428,505610,505652,42,3182
502428,505610,505652,42,3182
502428,505608,505652,44,3180
502428,505615,505653,38,3187
502428,505610,505654,44,3182
502428,505570,505654,84,3142
502428,505610,505655,45,3182
502428,505610,505655,45,3182
502428,505613,505655,42,3185
502428,505605,505656,51,3177
502428,505607,505657,50,3179
502428,505578,505658,80,3150
502428,505579,505661,82,3151
502428,505606,505661,55,3178
502428,505570,505662,92,3142
502428,505579,505662,83,3151
502428,505609,505662,53,3181
502428,505579,505663,84,3151
502428,505615,505663,48,3187
502428,505614,505664,50,3186
502428,505576,505664,88,3148
502428,505577,505666,89,3149
502428,505617,505668,51,3189
502428,505619,505668,49,3191
502428,505635,505668,33,3207
502428,505614,505669,55,3186
502428,505619,505669,50,3191
502428,505571,505670,99,3143
502428,505579,505670,91,3151
502428,505615,505670,55,3187
502428,505574,505673,99,3146
502428,505573,505673,100,3145
502428,505629,505673,44,3201
502428,505614,505673,59,3186
502428,505615,505673,58,3187
502428,505616,505673,57,3188
502428,505628,505674,46,3200
502428,505628,505675,47,3200
502428,505575,505676,101,3147
502428,505638,505676,38,3210
502428,505635,505677,42,3207
502428,505632,505678,46,3204
502428,505575,505677,102,3147
502428,505575,505678,103,3147
502428,505635,505678,43,3207
502428,505575,505679,104,3147
502428,505639,505679,40,3211
502428,505575,505679,104,3147
502428,505617,505679,62,3189
502428,505615,505680,65,3187
502428,505638,505681,43,3210
502428,505572,505681,109,3144
502428,505639,505682,43,3211
502428,505575,505683,108,3147
502428,505571,505683,112,3143
502428,505632,505685,53,3204
502428,505639,505684,45,3211
502428,505627,505686,59,3199
502428,505654,505687,33,3226
502539,505662,505688,26,3123
502428,505641,505688,47,3213
502428,505655,505692,37,3227
502428,505657,505694,37,3229
502539,505663,505694,31,3124
502428,505629,505695,66,3201
502428,505641,505695,54,3213
502428,505655,505695,40,3227
502428,505637,505695,58,3209
502539,505663,505696,33,3124
502428,505642,505696,54,3214
502539,505664,505697,33,3125
502428,505651,505697,46,3223
502428,505652,505697,45,3224
502428,505641,505697,56,3213
502428,505657,505697,40,3229
502428,505642,505698,56,3214
502428,505648,505698,50,3220
502428,505652,505698,46,3224
502428,505643,505699,56,3215
502428,505658,505699,41,3230
502428,505643,505700,57,3215
502428,505655,505700,45,3227
502428,505652,505700,48,3224
502428,505651,505701,50,3223
502428,505656,505701,45,3228
502539,505667,505701,34,3128
502428,505650,505701,51,3222
502539,505664,505701,37,3125
502428,505656,505701,45,3228
502539,505664,505705,41,3125
502539,505669,505707,38,3130
502428,505653,505707,54,3225
502539,505663,505708,45,3124
502539,505689,505707,18,3150
501681,504933,505708,775,3252
502539,505668,505708,40,3129
502539,505696,505709,13,3157
502539,505694,505710,16,3155
502539,505694,505710,16,3155
502539,505695,505712,17,3156
502539,505697,505711,14,3158
502539,505665,505712,47,3126
502539,505697,505713,16,3158
502428,505649,505712,63,3221
502539,505693,505713,20,3154
502539,505698,505714,16,3159
502539,505695,505715,20,3156
502539,505696,505716,20,3157
502539,505695,505716,21,3156
502539,505688,505717,29,3149
502539,505668,505718,50,3129
502539,505698,505720,22,3159
502539,505698,505720,22,3159
502539,505684,505721,37,3145
502539,505699,505722,23,3160
502539,505699,505723,24,3160
502539,505682,505723,41,3143
502539,505683,505723,40,3144
502539,505682,505724,42,3143
502539,505698,505724,26,3159
502539,505681,505725,44,3142
502539,505698,505726,28,3159
502539,505685,505726,41,3146
502539,505687,505729,42,3148
502539,505700,505730,30,3161
502539,505682,505731,49,3143
502539,505685,505731,46,3146
502539,505699,505733,34,3160
502539,505699,505733,34,3160
502539,505701,505736,35,3162
502539,505680,505738,58,3141
502539,505701,505738,37,3162
502539,505700,505738,38,3161
502539,505701,505738,37,3162
502539,505687,505739,52,3148
502539,505680,505741,61,3141
502539,505710,505742,32,3171
502539,505702,505746,44,3163
502539,505702,505747,45,3163
502539,505709,505747,38,3170
502539,505708,505749,41,3169
502539,505678,505749,71,3139
502539,505709,505750,41,3170
502539,505707,505750,43,3168
502539,505679,505751,72,3140
502539,505706,505751,45,3167
502539,505669,505752,83,3130
502539,505678,505753,75,3139
502539,505701,505753,52,3162
502539,505702,505753,51,3163
502539,505711,505753,42,3172
502539,505707,505753,46,3168
502539,505679,505754,75,3140
502539,505709,505754,45,3170
502539,505679,505756,77,3140
502539,505678,505759,81,3139
502539,505708,505759,51,3169
502539,505670,505761,91,3131
502539,505670,505762,92,3131
502539,505679,505762,83,3140
502539,505727,505763,36,3188
502539,505722,505765,43,3183
502539,505712,505767,55,3173
502539,505714,505768,54,3175
502539,505731,505767,36,3192
502539,505670,505768,98,3131
502539,505731,505769,38,3192
502539,505671,505771,100,3132
502539,505726,505772,46,3187
502539,505718,505771,53,3179
502539,505718,505772,54,3179
502539,505719,505772,53,3180
502539,505713,505772,59,3174
502539,505732,505772,40,3193
502539,505715,505773,58,3176
502539,505725,505774,49,3186
502539,505677,505773,96,3138
502539,505726,505774,48,3187
502539,505674,505774,100,3135
502539,505716,505774,58,3177
502539,505713,505775,62,3174
502539,505725,505775,50,3186
502539,505730,505775,45,3191
502539,505674,505775,101,3135
502539,505713,505776,63,3174
502539,505674,505777,103,3135
502539,505712,505777,65,3173
502539,505716,505778,62,3177
502539,505673,505777,104,3134
502539,505673,505778,105,3134
502539,505675,505779,104,3136
502539,505720,505779,59,3181
502539,505721,505781,60,3182
502539,505723,505781,58,3184
502539,505723,505781,58,3184
502539,505733,505781,48,3194
502539,505673,505783,110,3134
502539,505676,505784,108,3137
502539,505674,505784,110,3135
502539,505752,505785,33,3213
502539,505737,505785,48,3198
502592,505756,505786,30,3164
502539,505754,505787,33,3215
502592,505762,505788,26,3170
502539,505724,505789,65,3185
502539,505733,505789,56,3194
502539,505749,505790,41,3210
502539,505743,505791,48,3204
502592,505759,505791,32,3167
502539,505755,505792,37,3216
502539,505724,505791,67,3185
502539,505753,505792,39,3214
502539,505747,505792,45,3208
502539,505739,505793,54,3200
502592,505762,505795,33,3170
502539,505742,505795,53,3203
502539,505750,505795,45,3211
502592,505760,505795,35,3168
502539,505738,505796,58,3199
502539,505740,505796,56,3201
502539,505750,505797,47,3211
502539,505752,505797,45,3213
502539,505747,505798,51,3208
502539,505753,505800,47,3214
502592,505764,505799,35,3172
502539,505750,505800,50,3211
502539,505738,505801,63,3199
502539,505740,505801,61,3201
502592,505765,505801,36,3173
502539,505754,505802,48,3215
502539,505748,505802,54,3209
501775,505039,505805,766,3264
502592,505792,505806,14,3200
502592,505790,505807,17,3198
502592,505792,505806,14,3200
502592,505792,505807,15,3200
502592,505768,505807,39,3176
502592,505789,505808,19,3197
502592,505790,505808,18,3198
502592,505793,505808,15,3201
502539,505753,505797,44,3214
502592,505763,505803,40,3171
502592,505789,505810,21,3197
502539,505751,505810,59,3212
502592,505787,505811,24,3195
502592,505792,505812,20,3200
502592,505786,505811,25,3194
502592,505769,505812,43,3177
502592,505768,505812,44,3176
502592,505793,505813,20,3201
502592,505768,505814,46,3176
502592,505788,505815,27,3196
502592,505782,505816,34,3190
502592,505795,505816,21,3203
502592,505782,505816,34,3190
502592,505794,505817,23,3202
502592,505781,505817,36,3189
502592,505780,505822,42,3188
502592,505781,505822,41,3189
502592,505784,505824,40,3192
502592,505796,505824,28,3204
502592,505783,505824,41,3191
502592,505796,505825,29,3204
502592,505798,505826,28,3206
502592,505797,505827,30,3205
502592,505786,505829,43,3194
502592,505797,505829,32,3205
502592,505779,505832,53,3187
502592,505798,505832,34,3206
502592,505800,505832,32,3208
502592,505779,505835,56,3187
502592,505800,505836,36,3208
502592,505777,505837,60,3185
502592,505799,505837,38,3207
502592,505810,505839,29,3218
502592,505808,505840,32,3216
502592,505785,505840,55,3193
502592,505800,505842,42,3208
502592,505809,505845,36,3217
502592,505808,505844,36,3216
502592,505808,505844,36,3216
502592,505808,505846,38,3216
502592,505802,505846,44,3210
502592,505806,505847,41,3214
502592,505802,505848,46,3210
502592,505801,505849,48,3209
502592,505770,505850,80,3178
502592,505807,505850,43,3215
502592,505776,505851,75,3184
502592,505802,505851,49,3210
502592,505778,505851,73,3186
502592,505776,505851,75,3184
502592,505806,505853,47,3214
502592,505776,505853,77,3184
502592,505801,505854,53,3209
502592,505778,505854,76,3186
502592,505810,505855,45,3218
502592,505807,505855,48,3215
502592,505772,505857,85,3180
502592,505778,505859,81,3186
502592,505828,505860,32,3236
502592,505818,505860,42,3226
502592,505812,505861,49,3220
502592,505813,505861,48,3221
502592,505772,505861,89,3180
502592,505772,505861,89,3180
502592,505778,505863,85,3186
502592,505772,505865,93,3180
502592,505775,505865,90,3183
502592,505811,505866,55,3219
502592,505810,505866,56,3218
502592,505815,505866,51,3223
502592,505812,505866,54,3220
502592,505832,505868,36,3240
502592,505830,505870,40,3238
502592,505813,505871,58,3221
502592,505826,505871,45,3234
502592,505811,505871,60,3219
502592,505817,505872,55,3225
502592,505775,505873,98,3183
502592,505774,505873,99,3182
502592,505775,505874,99,3183
502592,505826,505874,48,3234
502592,505813,505874,61,3221
502592,505814,505875,61,3222
502592,505817,505875,58,3225
502592,505824,505876,52,3232
502592,505830,505876,46,3238
502592,505833,505877,44,3241
502592,505773,505877,104,3181
502592,505832,505877,45,3240
502592,505812,505878,66,3220
502592,505818,505877,59,3226
502592,505825,505878,53,3233
502730,505855,505878,23,3125
502592,505816,505880,64,3224
502730,505856,505880,24,3126
502592,505772,505881,109,3180
502592,505823,505881,58,3231
502592,505774,505883,109,3182
502592,505773,505882,109,3181
502592,505822,505883,61,3230
502730,505860,505884,24,3130
502730,505855,505884,29,3125
502592,505847,505886,39,3255
502592,505774,505886,112,3182
502592,505774,505886,112,3182
502730,505859,505886,27,3129
502592,505847,505887,40,3255
502730,505857,505887,30,3127
502592,505839,505888,49,3247
502592,505845,505888,43,3253
502592,505845,505888,43,3253
502730,505862,505889,27,3132
502592,505852,505890,38,3260
502592,505851,505891,40,3259
502592,505852,505891,39,3260
502592,505837,505892,55,3245
502592,505850,505893,43,3258
502592,505841,505893,52,3249
502592,505851,505893,42,3259
502592,505854,505894,40,3262
502730,505862,505894,32,3132
502592,505851,505894,43,3259
502592,505836,505895,59,3244
502592,505837,505895,58,3245
502592,505845,505896,51,3253
502592,505848,505896,48,3256
502592,505847,505896,49,3255
502730,505861,505897,36,3131
502730,505862,505899,37,3132
502592,505843,505899,56,3251
502730,505861,505899,38,3131
502592,505854,505901,47,3262
502730,505886,505901,15,3156
502730,505887,505901,14,3157
502730,505889,505903,14,3159
502592,505841,505903,62,3249
502730,505887,505903,16,3157
501851,505148,505905,757,3297
502730,505888,505905,17,3158
502730,505889,505905,16,3159
502592,505838,505907,69,3246
502730,505889,505906,17,3159
502730,505884,505907,23,3154
502730,505885,505908,23,3155
502730,505886,505908,22,3156
502730,505864,505909,45,3134
502592,505825,505895,70,3233
502592,505850,505904,54,3258
502730,505886,505908,22,3156
502730,505891,505910,19,3161
502730,505890,505912,22,3160
502730,505891,505913,22,3161
502730,505880,505913,33,3150
502730,505884,505914,30,3154
502730,505879,505916,37,3149
502730,505893,505916,23,3163
502730,505878,505916,38,3148
502730,505878,505917,39,3148
502730,505891,505918,27,3161
502730,505881,505917,36,3151
502730,505894,505919,25,3164
502730,505882,505923,41,3152
502730,505878,505923,45,3148
502730,505894,505925,31,3164
502730,505882,505925,43,3152
502730,505894,505925,31,3164
502730,505894,505929,35,3164
502730,505883,505929,46,3153
502730,505878,505930,52,3148
502730,505895,505931,36,3165
502730,505866,505932,66,3136
502730,505883,505931,48,3153
502730,505895,505932,37,3165
502730,505896,505933,37,3166
502730,505896,505934,38,3166
502730,505895,505935,40,3165
502730,505906,505938,32,3176
502730,505904,505939,35,3174
502730,505902,505940,38,3172
502730,505866,505940,74,3136
502730,505903,505940,37,3173
502730,505878,505941,63,3148
502730,505904,505941,37,3174
502730,505900,505941,41,3170
502730,505911,505942,31,3181
502730,505901,505942,41,3171
502730,505901,505943,42,3171
502730,505900,505943,43,3170
502730,505877,505945,68,3147
502730,505866,505945,79,3136
502730,505906,505945,39,3176
502730,505906,505947,41,3176
502730,505876,505948,72,3146
502730,505897,505949,52,3167
502730,505876,505950,74,3146
502730,505867,505950,83,3137
502730,505898,505951,53,3168
502730,505911,505951,40,3181
502730,505877,505952,75,3147
502730,505872,505952,80,3142
502730,505875,505955,80,3145
502730,505899,505956,57,3169
502730,505907,505958,51,3177
502730,505914,505958,44,3184
502730,505871,505960,89,3141
502730,505908,505960,52,3178
502730,505913,505960,47,3183
502730,505926,505961,35,3196
502730,505909,505961,52,3179
502730,505924,505961,37,3194
502730,505911,505962,51,3181
502730,505872,505963,91,3142
502730,505918,505963,45,3188
502730,505911,505962,51,3181
502730,505908,505964,56,3178
502730,505929,505964,35,3199
502730,505917,505965,48,3187
502730,505907,505965,58,3177
502730,505909,505965,56,3179
502730,505926,505965,39,3196
502730,505873,505966,93,3143
502730,505867,505966,99,3137
502730,505924,505966,42,3194
502730,505875,505966,91,3145
502730,505874,505968,94,3144
502730,505869,505968,99,3139
502730,505877,505969,92,3147
502730,505918,505969,51,3188
502730,505867,505969,102,3137
502730,505911,505970,59,3181
502730,505914,505970,56,3184
502730,505918,505969,51,3188
502730,505915,505970,55,3185
502730,505926,505970,44,3196
502730,505873,505972,99,3143
502730,505916,505971,55,3186
502824,505950,505973,23,3126
502730,505930,505973,43,3200
502730,505920,505974,54,3190
502730,505934,505974,40,3204
502824,505951,505975,24,3127
502730,505917,505976,59,3187
502730,505934,505976,42,3204
502730,505930,505977,47,3200
502824,505950,505977,27,3126
502730,505948,505978,30,3218
502730,505945,505979,34,3215
502730,505871,505979,108,3141
502730,505935,505979,44,3205
502730,505932,505979,47,3202
502730,505933,505979,46,3203
502730,505942,505981,39,3212
502730,505944,505981,37,3214
502730,505871,505981,110,3141
502730,505938,505982,44,3208
502824,505951,505982,31,3127
502730,505943,505982,39,3213
502824,505952,505983,31,3128
502730,505940,505983,43,3210
502730,505932,505983,51,3202
502730,505940,505984,44,3210
502824,505956,505984,28,3132
502824,505955,505985,30,3131
502730,505941,505985,44,3211
502824,505958,505986,28,3134
502730,505945,505986,41,3215
502730,505946,505987,41,3216
502730,505943,505989,46,3213
502730,505941,505989,48,3211
502730,505941,505990,49,3211
502730,505947,505990,43,3217
502730,505940,505991,51,3210
502730,505943,505991,48,3213
502824,505952,505993,41,3128
502824,505981,505995,14,3157
502824,505981,505995,14,3157
502730,505932,505995,63,3202
502824,505980,505996,16,3156
502824,505979,505996,17,3155
502824,505977,505997,20,3153
502824,505978,505996,18,3154
502824,505978,505997,19,3154
502824,505980,505998,18,3156
502824,505977,505998,21,3153
502824,505981,505999,18,3157
502824,505960,505990,30,3136
502824,505980,505993,13,3156
502824,505977,506001,24,3153
502824,505959,506002,43,3135
502824,505960,506002,42,3136
502824,505971,506002,31,3147
502824,505982,506003,21,3158
502824,505973,506006,33,3149
502824,505975,506007,32,3151
502824,505971,506007,36,3147
502824,505972,506007,35,3148
502824,505975,506007,32,3151
502824,505983,506010,27,3159
502824,505970,506010,40,3146
502824,505983,506011,28,3159
502824,505974,506011,37,3150
502824,505986,506012,26,3162
502824,505983,506013,30,3159
502824,505983,506013,30,3159
502824,505984,506014,30,3160
502824,505972,506014,42,3148
502824,505984,506014,30,3160
502824,505986,506015,29,3162
502824,505970,506015,45,3146
501958,505250,506016,766,3292
502824,505984,506017,33,3160
502824,505984,506019,35,3160
502824,505974,506021,47,3150
502824,505970,506022,52,3146
502824,505988,506024,36,3164
502824,505970,506026,56,3146
502824,505987,506028,41,3163
502824,505966,506029,63,3142
502824,505960,506029,69,3136
502824,505996,506030,34,3172
502824,505997,506030,33,3173
502824,505996,506031,35,3172
502824,505996,506033,37,3172
502824,505965,506033,68,3141
502824,505991,506034,43,3167
502824,505996,506034,38,3172
502824,506001,506034,33,3177
502824,505989,506034,45,3165
502824,505992,506036,44,3168
502824,505991,506037,46,3167
502824,505996,506037,41,3172
502824,505994,506037,43,3170
502824,505997,506039,42,3173
502824,505962,506039,77,3138
502824,505966,506040,74,3142
502824,505992,506041,49,3168
502824,505965,506042,77,3141
502824,506007,506042,35,3183
502824,505998,506043,45,3174
502824,506000,506044,44,3176
502824,505961,506045,84,3137
502824,505998,506045,47,3174
502824,505966,506046,80,3142
502824,505962,506046,84,3138
502824,505969,506046,77,3145
502824,505990,506046,56,3166
502824,506001,506047,46,3177
502824,505999,506047,48,3175
502824,506003,506047,44,3179
502824,506008,506047,39,3184
502824,506015,506047,32,3191
502824,505967,506047,80,3143
502824,505968,506050,82,3144
502824,506002,506051,49,3178
502824,506003,506050,47,3179
502824,506016,506051,35,3192
502824,505964,506052,88,3140
502824,506003,506053,50,3179
502824,506007,506053,46,3183
502824,506003,506053,50,3179
502824,506015,506053,38,3191
502824,505963,506054,91,3139
502824,505963,506054,91,3139
502824,506015,506055,40,3191
502824,506007,506055,48,3183
502824,505967,506055,88,3143
502824,505962,506056,94,3138
502824,506011,506055,44,3187
502824,506017,506056,39,3193
502824,506008,506056,48,3184
502824,506001,506055,54,3177
502824,506014,506057,43,3190
502824,506011,506060,49,3187
502824,506012,506060,48,3188
502824,505966,506060,94,3142
502824,506011,506062,51,3187
502824,506014,506063,49,3190
502824,506014,506062,48,3190
502824,505967,506063,96,3143
502824,506023,506064,41,3199
502824,505963,506065,102,3139
502824,506010,506064,54,3186
502824,505969,506065,96,3145
502824,506018,506068,50,3194
502824,506034,506068,34,3210
502916,506043,506068,25,3127
502824,506030,506069,39,3206
502824,506031,506069,38,3207
502916,506041,506070,29,3125
502824,506034,506069,35,3210
502916,506043,506070,27,3127
502916,506044,506071,27,3128
502824,506025,506071,46,3201
502824,506020,506072,52,3196
502824,506021,506072,51,3197
502916,506046,506072,26,3130
502824,506035,506072,37,3211
502824,506039,506072,33,3215
502824,506037,506073,36,3213
502824,506037,506073,36,3213
502824,506037,506073,36,3213
502916,506043,506074,31,3127
502916,506045,506074,29,3129
502824,506029,506075,46,3205
502824,506030,506075,45,3206
502824,506035,506075,40,3211
502824,506039,506075,36,3215
502824,506038,506075,37,3214
502824,506034,506076,42,3210
502824,506028,506077,49,3204
502824,506026,506076,50,3202
502824,505969,506077,108,3145
502916,506046,506078,32,3130
502916,506047,506079,32,3131
502824,506029,506079,50,3205
502916,506047,506081,34,3131
502824,506034,506082,48,3210
502916,506069,506084,15,3153
502916,506071,506086,15,3155
502916,506071,506086,15,3155
502916,506070,506087,17,3154
502916,506046,506086,40,3130
502916,506066,506086,20,3150
502916,506072,506088,16,3156
502916,506069,506088,19,3153
502916,506047,506089,42,3131
502916,506073,506089,16,3157
502916,506071,506089,18,3155
502916,506069,506090,21,3153
502916,506065,506093,28,3149
502916,506063,506094,31,3147
502916,506068,506094,26,3152
502916,506073,506095,22,3157
502916,506060,506091,31,3144
502916,506068,506091,23,3152
502916,506073,506097,24,3157
502916,506061,506098,37,3145
502916,506073,506100,27,3157
502916,506063,506101,38,3147
502916,506060,506102,42,3144
502916,506074,506103,29,3158
502916,506075,506102,27,3159
502916,506075,506102,27,3159
502916,506074,506103,29,3158
502916,506074,506103,29,3158
502916,506076,506104,28,3160
502916,506073,506105,32,3157
502916,506073,506107,34,3157
502916,506063,506107,44,3147
502916,506065,506108,43,3149
502916,506057,506108,51,3141
502916,506076,506109,33,3160
502916,506076,506109,33,3160
502916,506063,506109,46,3147
502916,506054,506113,59,3138
502916,506064,506114,50,3148
502916,506079,506115,36,3163
502916,506082,506117,35,3166
502916,506084,506117,33,3168
502916,506052,506117,65,3136
502916,506054,506117,63,3138
502916,506052,506118,66,3136
502916,506076,506117,41,3160
502916,506077,506118,41,3161
502916,506056,506119,63,3140
502916,506080,506119,39,3164
502916,506087,506119,32,3171
502916,506054,506121,67,3138
502916,506054,506121,67,3138
502916,506053,506122,69,3137
502916,506056,506122,66,3140
502916,506047,506122,75,3131
502916,506077,506124,47,3161
502916,506078,506123,45,3162
502916,506080,506123,43,3164
502916,506055,506124,69,3139
502916,506077,506125,48,3161
502916,506086,506125,39,3170
502916,506083,506126,43,3167
502916,506048,506126,78,3132
502916,506087,506126,39,3171
502916,506053,506128,75,3137
502916,506097,506128,31,3181
502916,506098,506128,30,3182
502916,506087,506129,42,3171
502916,506090,506129,39,3174
502916,506051,506129,78,3135
502916,506048,506130,82,3132
502916,506048,506130,82,3132
502916,506048,506130,82,3132
502916,506094,506131,37,3178
502916,506089,506133,44,3173
502916,506088,506135,47,3172
502058,505359,506135,776,3301
502916,506051,506136,85,3135
502916,506055,506136,81,3139
502916,506097,506137,40,3181
502916,506089,506137,48,3173
502916,506097,506138,41,3181
502916,506095,506138,43,3179
502916,506106,506139,33,3190
502916,506091,506140,49,3175
502916,506103,506140,37,3187
502916,506098,506140,42,3182
502916,506107,506140,33,3191
502916,506090,506141,51,3174
502916,506056,506142,86,3140
502916,506103,506142,39,3187
502916,506108,506142,34,3192
502916,506094,506143,49,3178
502916,506103,506143,40,3187
502916,506050,506144,94,3134
502916,506109,506145,36,3193
502916,506104,506146,42,3188
502916,506105,506146,41,3189
502916,506095,506147,52,3179
502916,506104,506147,43,3188
502986,506126,506147,21,3140
502986,506126,506149,23,3140
502986,506127,506150,23,3141
502986,506126,506150,24,3140
502916,506055,506150,95,3139
502916,506109,506152,43,3193
502916,506103,506152,49,3187
502916,506113,506152,39,3197
502916,506102,506153,51,3186
502986,506128,506153,25,3142
502986,506127,506154,27,3141
502916,506101,506154,53,3185
502916,506118,506154,36,3202
502916,506115,506154,39,3199
502916,506109,506154,45,3193
502916,506056,506155,99,3140
502916,506115,506155,40,3199
502916,506122,506155,33,3206
502916,506118,506156,38,3202
502916,506117,506156,39,3201
502916,506123,506156,33,3207
502986,506129,506156,27,3143
502916,506119,506157,38,3203
502986,506129,506157,28,3143
502916,506119,506157,38,3203
502986,506130,506157,27,3144
502916,506117,506158,41,3201
502986,506129,506158,29,3143
502916,506110,506158,48,3194
502916,506110,506159,49,3194
502916,506124,506159,35,3208
502916,506122,506159,37,3206
502916,506124,506159,35,3208
502916,506118,506160,42,3202
502916,506123,506161,38,3207
502916,506120,506161,41,3204
502916,506124,506161,37,3208
502916,506118,506162,44,3202
502916,506119,506162,43,3203
502986,506129,506162,33,3143
502916,506121,506162,41,3205
502916,506056,506162,106,3140
502986,506130,506164,34,3144
502986,506154,506171,17,3168
502986,506155,506171,16,3169
502986,506154,506171,17,3168
502986,506155,506171,16,3169
502986,506154,506171,17,3168
502986,506156,506172,16,3170
502986,506156,506172,16,3170
502986,506155,506173,18,3169
502986,506152,506175,23,3166
502986,506154,506175,21,3168
502986,506153,506176,23,3167
502986,506146,506178,32,3160
502986,506152,506178,26,3166
502986,506130,506180,50,3144
502986,506147,506181,34,3161
502986,506153,506174,21,3167
502986,506146,506183,37,3160
502986,506157,506182,25,3171
502986,506150,506182,32,3164
502986,506157,506182,25,3171
502986,506148,506183,35,3162
502986,506159,506184,25,3173
502986,506157,506185,28,3171
502986,506157,506184,27,3171
502986,506158,506185,27,3172
502986,506158,506186,28,3172
502986,506157,506187,30,3171
502986,506159,506187,28,3173
502986,506147,506188,41,3161
502986,506139,506189,50,3153
502986,506160,506190,30,3174
502986,506157,506189,32,3171
502986,506158,506190,32,3172
502986,506160,506191,31,3174
502986,506160,506191,31,3174
502986,506131,506192,61,3145
502986,506146,506193,47,3160
502986,506158,506193,35,3172
502986,506163,506193,30,3177
502986,506139,506195,56,3153
502986,506150,506196,46,3164
502986,506163,506195,32,3177
502986,506163,506195,32,3177
502986,506141,506196,55,3155
502986,506138,506196,58,3152
502986,506150,506196,46,3164
502986,506162,506197,35,3176
502986,506172,506197,25,3186
502986,506162,506198,36,3176
502986,506163,506198,35,3177
502986,506150,506198,48,3164
502986,506160,506200,40,3174
502986,506137,506199,62,3151
502986,506164,506201,37,3178
502986,506140,506200,60,3154
502986,506133,506201,68,3147
502986,506140,506202,62,3154
502986,506140,506203,63,3154
502986,506162,506203,41,3176
502986,506172,506203,31,3186
502986,506139,506203,64,3153
502986,506138,506205,67,3152
502986,506135,506205,70,3149
502986,506145,506206,61,3159
502986,506162,506207,45,3176
502986,506172,506210,38,3186
502986,506175,506210,35,3189
502986,506132,506210,78,3146
502986,506172,506213,41,3186
502986,506172,506215,43,3186
502986,506189,506215,26,3203
502177,505457,506216,759,3280
502986,506182,506217,35,3196
502986,506176,506217,41,3190
502986,506143,506216,73,3157
502986,506136,506218,82,3150
502986,506141,506217,76,3155
502986,506185,506218,33,3199
502986,506176,506218,42,3190
502986,506180,506219,39,3194
502986,506182,506219,37,3196
502986,506183,506218,35,3197
502986,506190,506219,29,3204
502986,506183,506220,37,3197
502986,506185,506220,35,3199
502986,506172,506220,48,3186
502986,506183,506221,38,3197
502986,506137,506221,84,3151
502986,506183,506222,39,3197
502986,506181,506222,41,3195
502986,506182,506221,39,3196
503086,506203,506223,20,3117
502986,506183,506223,40,3197
502986,506179,506224,45,3193
503086,506204,506224,20,3118
502986,506188,506225,37,3202
502986,506187,506226,39,3201
502986,506190,506226,36,3204
502986,506185,506227,42,3199
502986,506174,506227,53,3188
502986,506192,506227,35,3206
503086,506203,506228,25,3117
502986,506198,506228,30,3212
502986,506200,506229,29,3214
503086,506206,506228,22,3120
502986,506196,506229,33,3210
502986,506201,506229,28,3215
503086,506204,506229,25,3118
502986,506200,506230,30,3214
502986,506185,506230,45,3199
502986,506198,506230,32,3212
502986,506193,506230,37,3207
502986,506197,506231,34,3211
502986,506196,506231,35,3210
503086,506207,506231,24,3121
502986,506196,506231,35,3210
502986,506186,506232,46,3200
502986,506142,506232,90,3156
502986,506187,506232,45,3201
503086,506206,506232,26,3120
502986,506196,506233,37,3210
503086,506206,506233,27,3120
503086,506210,506233,23,3124
502986,506198,506233,35,3212
502986,506191,506233,42,3205
502986,506192,506234,42,3206
502986,506201,506234,33,3215
502986,506194,506235,41,3208
502986,506201,506235,34,3215
502986,506193,506235,42,3207
502986,506196,506237,41,3210
502986,506196,506236,40,3210
502986,506199,506237,38,3213
502986,506198,506237,39,3212
503086,506210,506239,29,3124
503086,506211,506241,30,3125
503086,506231,506243,12,3145
502986,506193,506243,50,3207
503086,506231,506246,15,3145
503086,506229,506247,18,3143
503086,506231,506247,16,3145
503086,506230,506248,18,3144
503086,506231,506248,17,3145
503086,506231,506249,18,3145
503086,506232,506249,17,3146
503086,506230,506249,19,3144
503086,506214,506250,36,3128
503086,506230,506250,20,3144
502986,506142,506251,109,3156
502986,506143,506251,108,3157
503086,506229,506251,22,3143
503086,506229,506252,23,3143
503086,506229,506253,24,3143
502986,506143,506254,111,3157
503086,506232,506256,24,3146
503086,506232,506257,25,3146
503086,506234,506258,24,3148
503086,506234,506259,25,3148
503086,506226,506260,34,3140
503086,506233,506259,26,3147
503086,506235,506261,26,3149
503086,506234,506261,27,3148
503086,506234,506263,29,3148
503086,506228,506264,36,3142
503086,506227,506263,36,3141
503086,506234,506264,30,3148
503086,506233,506265,32,3147
503086,506237,506265,28,3151
503086,506234,506266,32,3148
503086,506224,506266,42,3138
503086,506237,506267,30,3151
503086,506227,506267,40,3141
503086,506219,506267,48,3133
503086,506235,506267,32,3149
503086,506232,506268,36,3146
503086,506219,506267,48,3133
503086,506227,506268,41,3141
503086,506219,506268,49,3133
503086,506215,506269,54,3129
503086,506239,506270,31,3153
503086,506243,506271,28,3157
503086,506236,506271,35,3150
503086,506219,506271,52,3133
503086,506224,506273,49,3138
503086,506218,506272,54,3132
503086,506222,506273,51,3136
503086,506246,506273,27,3160
503086,506220,506275,55,3134
503086,506227,506275,48,3141
503086,506237,506275,38,3151
503086,506221,506276,55,3135
503086,506228,506276,48,3142
503086,506249,506276,27,3163
503086,506227,506277,50,3141
503086,506219,506277,58,3133
503086,506248,506278,30,3162
503086,506248,506277,29,3162
503086,506220,506277,57,3134
503086,506218,506278,60,3132
503086,506249,506279,30,3163
503086,506243,506281,38,3157
503086,506242,506282,40,3156
503086,506238,506283,45,3152
503086,506216,506284,68,3130
503086,506249,506285,36,3163
503086,506222,506287,65,3136
503086,506249,506286,37,3163
503086,506252,506287,35,3166
503086,506255,506289,34,3169
503086,506250,506290,40,3164
503086,506222,506291,69,3136
503086,506252,506291,39,3166
503086,506218,506290,72,3132
503086,506252,506291,39,3166
503086,506267,506292,25,3181
503086,506260,506293,33,3174
503086,506255,506293,38,3169
503086,506258,506294,36,3172
503086,506249,506293,44,3163
503086,506254,506295,41,3168
503086,506251,506294,43,3165
503086,506260,506295,35,3174
503086,506257,506295,38,3171
503086,506258,506296,38,3172
503086,506216,506295,79,3130
503086,506217,506296,79,3131
503086,506217,506296,79,3131
503086,506263,506297,34,3177
503086,506261,506298,37,3175
503086,506260,506298,38,3174
503086,506264,506298,34,3178
503086,506267,506299,32,3181
503086,506224,506299,75,3138
503086,506264,506300,36,3178
503086,506267,506301,34,3181
503086,506264,506300,36,3178
503086,506217,506300,83,3131
503086,506277,506300,23,3191
503086,506268,506302,34,3182
503086,506278,506302,24,3192
503086,506277,506301,24,3191
503086,506274,506302,28,3188
503168,506280,506302,22,3112
503086,506262,506303,41,3176
503086,506272,506303,31,3186
503086,506265,506303,38,3179
503086,506266,506305,39,3180
503086,506275,506305,30,3189
503168,506279,506305,26,3111
503086,506273,506305,32,3187
503168,506281,506305,24,3113
503086,506276,506306,30,3190
503086,506267,506306,39,3181
503086,506272,506307,35,3186
503086,506266,506306,40,3180
503168,506283,506308,25,3115
503086,506276,506308,32,3190
503086,506273,506308,35,3187
503086,506268,506308,40,3182
503168,506285,506310,25,3117
503086,506222,506310,88,3136
503086,506278,506310,32,3192
503086,506224,506310,86,3138
503086,506268,506311,43,3182
503086,506277,506311,34,3191
503086,506273,506311,38,3187
503168,506287,506311,24,3119
503086,506268,506312,44,3182
503086,506272,506312,40,3186
503086,506271,506312,41,3185
503168,506284,506313,29,3116
503086,506269,506314,45,3183
503168,506287,506314,27,3119
503086,506277,506315,38,3191
503086,506269,506315,46,3183
503086,506277,506316,39,3191
503168,506286,506316,30,3118
503168,506288,506316,28,3120
503168,506289,506319,30,3121
503086,506222,506319,97,3136
503168,506304,506323,19,3136
503168,506306,506323,17,3138
503168,506305,506323,18,3137
503168,506306,506324,18,3138
503168,506308,506323,15,3140
503168,506306,506323,17,3138
503168,506291,506323,32,3123
503168,506307,506323,16,3139
503168,506306,506324,18,3138
503168,506305,506324,19,3137
503168,506308,506325,17,3140
503168,506305,506325,20,3137
503168,506308,506326,18,3140
503168,506309,506330,21,3141
502283,505560,506332,772,3277
503168,506303,506332,29,3135
503168,506309,506333,24,3141
503168,506303,506335,32,3135
503168,506310,506335,25,3142
503168,506311,506335,24,3143
503168,506312,506336,24,3144
503168,506294,506336,42,3126
503168,506312,506337,25,3144
503168,506313,506338,25,3145
503168,506312,506339,27,3144
503168,506310,506340,30,3142
503168,506301,506340,39,3133
503168,506295,506340,45,3127
503168,506311,506341,30,3143
503168,506311,506341,30,3143
503168,506296,506341,45,3128
503168,506294,506342,48,3126
503168,506315,506342,27,3147
503168,506317,506343,26,3149
503168,506294,506342,48,3126
503168,506314,506343,29,3146
503168,506313,506343,30,3145
503168,506297,506343,46,3129
503168,506302,506344,42,3134
503168,506302,506344,42,3134
503168,506298,506345,47,3130
503168,506303,506345,42,3135
503168,506311,506346,35,3143
503168,506310,506346,36,3142
503168,506301,506346,45,3133
503168,506317,506346,29,3149
503168,506295,506347,52,3127
503168,506291,506348,57,3123
503168,506320,506349,29,3152
503168,506319,506349,30,3151
503168,506296,506349,53,3128
503168,506302,506349,47,3134
503168,506324,506349,25,3156
503168,506297,506350,53,3129
503168,506323,506350,27,3155
503168,506296,506351,55,3128
503168,506316,506350,34,3148
503168,506323,506351,28,3155
503168,506317,506352,35,3149
503168,506315,506351,36,3147
503168,506301,506353,52,3133
503168,506303,506353,50,3135
503168,506323,506356,33,3155
503168,506297,506355,58,3129
503168,506325,506356,31,3157
503168,506295,506357,62,3127
503168,506324,506357,33,3156
503168,506333,506358,25,3165
503168,506324,506360,36,3156
503168,506325,506360,35,3157
503168,506299,506361,62,3131
503168,506324,506363,39,3156
503168,506291,506363,72,3123
503168,506298,506364,66,3130
503168,506300,506364,64,3132
503168,506324,506363,39,3156
503168,506327,506365,38,3159
503168,506336,506365,29,3168
503168,506337,506366,29,3169
503168,506324,506367,43,3156
503168,506333,506368,35,3165
503168,506291,506368,77,3123
503168,506341,506370,29,3173
503168,506341,506369,28,3173
503168,506341,506370,29,3173
503168,506343,506372,29,3175
503168,506330,506371,41,3162
503168,506293,506371,78,3125
503237,506352,506373,21,3115
503168,506324,506373,49,3156
503168,506301,506373,72,3133
503168,506335,506374,39,3167
503168,506347,506374,27,3179
503168,506333,506374,41,3165
503168,506337,506374,37,3169
503168,506343,506375,32,3175
503237,506354,506376,22,3117
503168,506342,506375,33,3174
503168,506351,506376,25,3183
503168,506336,506375,39,3168
503237,506354,506376,22,3117
503168,506341,506377,36,3173
503168,506338,506377,39,3170
503168,506342,506378,36,3174
503168,506345,506378,33,3177
503168,506344,506378,34,3176
503168,506344,506379,35,3176
503168,506291,506378,87,3123
503168,506346,506378,32,3178
503168,506300,506379,79,3132
503168,506343,506379,36,3175
503168,506350,506380,30,3182
503168,506350,506380,30,3182
503168,506343,506380,37,3175
503168,506350,506380,30,3182
503168,506347,506381,34,3179
503168,506338,506381,43,3170
503168,506350,506381,31,3182
503237,506356,506381,25,3119
503237,506358,506382,24,3121
503168,506351,506383,32,3183
503168,506347,506382,35,3179
503168,506351,506383,32,3183
503168,506349,506384,35,3181
503168,506340,506383,43,3172
503237,506357,506384,27,3120
503168,506351,506384,33,3183
503168,506347,506384,37,3179
503237,506358,506384,26,3121
503168,506350,506384,34,3182
503168,506344,506385,41,3176
503237,506356,506386,30,3119
503168,506345,506387,42,3177
503168,506345,506387,42,3177
503168,506301,506388,87,3133
503237,506361,506388,27,3124
503168,506293,506390,97,3125
503168,506351,506390,39,3183
503237,506360,506390,30,3123
503168,506345,506391,46,3177
503237,506380,506394,14,3143
503237,506381,506394,13,3144
503237,506381,506395,14,3144
503237,506380,506395,15,3143
503237,506361,506396,35,3124
503237,506379,506397,18,3142
503237,506359,506397,38,3122
503237,506380,506397,17,3143
503237,506381,506397,16,3144
503237,506379,506400,21,3142
503237,506380,506401,21,3143
503237,506382,506402,20,3145
503237,506380,506402,22,3143
503237,506382,506403,21,3145
503237,506379,506403,24,3142
503237,506371,506405,34,3134
503237,506379,506403,24,3142
503237,506383,506406,23,3146
503237,506383,506408,25,3146
503237,506364,506407,43,3127
503237,506368,506408,40,3131
503237,506379,506407,28,3142
503237,506386,506409,23,3149
503237,506383,506409,26,3146
503237,506389,506409,20,3152
503237,506385,506410,25,3148
503237,506384,506413,29,3147
503237,506385,506413,28,3148
503237,506385,506412,27,3148
503237,506386,506413,27,3149
503237,506384,506414,30,3147
503237,506367,506414,47,3130
503237,506384,506414,30,3147
503237,506384,506414,30,3147
503237,506387,506415,28,3150
503237,506368,506415,47,3131
503237,506385,506416,31,3148
503237,506372,506416,44,3135
503237,506366,506416,50,3129
503237,506369,506416,47,3132
503237,506390,506419,29,3153
503237,506378,506418,40,3141
503237,506387,506419,32,3150
503237,506377,506420,43,3140
503237,506372,506420,48,3135
502431,505661,506422,761,3230
503237,506370,506422,52,3133
503237,506396,506422,26,3159
503237,506374,506424,50,3137
503237,506374,506423,49,3137
503237,506391,506424,33,3154
503237,506395,506424,29,3158
503237,506365,506424,59,3128
503237,506376,506425,49,3139
503237,506389,506425,36,3152
503237,506377,506425,48,3140
503237,506370,506425,55,3133
503237,506374,506425,51,3137
503237,506372,506425,53,3135
503237,506395,506426,31,3158
503237,506395,506426,31,3158
503237,506374,506427,53,3137
503237,506373,506427,54,3136
503237,506377,506427,50,3140
503237,506398,506428,30,3161
503237,506390,506428,38,3153
503237,506377,506428,51,3140
503237,506376,506429,53,3139
503237,506364,506430,66,3127
503237,506402,506433,31,3165
503237,506364,506433,69,3127
503237,506401,506433,32,3164
503237,506397,506433,36,3160
503237,506397,506436,39,3160
503237,506406,506436,30,3169
503237,506398,506437,39,3161
503237,506410,506438,28,3173
503237,506413,506437,24,3176
503237,506408,506438,30,3171
503237,506375,506438,63,3138
503237,506403,506439,36,3166
503237,506404,506439,35,3167
503237,506402,506438,36,3165
503237,506408,506439,31,3171
503237,506410,506440,30,3173
503237,506406,506440,34,3169
503237,506406,506440,34,3169
503237,506407,506441,34,3170
503237,506414,506440,26,3177
503237,506413,506441,28,3176
503237,506408,506441,33,3171
503237,506398,506442,44,3161
503237,506376,506441,65,3139
503332,506427,506442,15,3095
503237,506401,506442,41,3164
503237,506408,506443,35,3171
503237,506414,506444,30,3177
503237,506415,506444,29,3178
503237,506414,506445,31,3177
503237,506416,506445,29,3179
503237,506410,506446,36,3173
503237,506413,506446,33,3176
503332,506427,506447,20,3095
503237,506416,506449,33,3179
503237,506416,506449,33,3179
503237,506424,506449,25,3187
503237,506414,506449,35,3177
503332,506428,506450,22,3096
503237,506423,506451,28,3186
503237,506426,506452,26,3189
503237,506411,506451,40,3174
503237,506415,506452,37,3178
503332,506428,506451,23,3096
503237,506423,506452,29,3186
503332,506428,506452,24,3096
503332,506429,506452,23,3097
503237,506424,506452,28,3187
503237,506417,506452,35,3180
503237,506425,506453,28,3188
503237,506420,506453,33,3183
503237,506425,506454,29,3188
503237,506426,506453,27,3189
503237,506416,506454,38,3179
503237,506420,506455,35,3183
503237,506425,506454,29,3188
503332,506428,506455,27,3096
503237,506364,506456,92,3127
503237,506426,506456,30,3189
503237,506426,506456,30,3189
503332,506433,506455,22,3101
503237,506419,506456,37,3182
503237,506425,506457,32,3188
503237,506364,506457,93,3127
503332,506430,506457,27,3098
503237,506421,506458,37,3184
503332,506434,506459,25,3102
503237,506375,506458,83,3138
503237,506423,506459,36,3186
503332,506431,506460,29,3099
503237,506375,506460,85,3138
503237,506425,506460,35,3188
503237,506419,506462,43,3182
503332,506434,506465,31,3102
503332,506452,506466,14,3120
503332,506453,506467,14,3121
503332,506453,506467,14,3121
503332,506452,506467,15,3120
503332,506452,506468,16,3120
503332,506452,506468,16,3120
503332,506453,506468,15,3121
503332,506450,506468,18,3118
503332,506452,506469,17,3120
503332,506450,506470,20,3118
503332,506450,506470,20,3118
503332,506451,506471,20,3119
503332,506440,506472,32,3108
503332,506452,506473,21,3120
503332,506450,506473,23,3118
503332,506454,506475,21,3122
503332,506454,506475,21,3122
503332,506440,506476,36,3108
503332,506442,506479,37,3110
503332,506441,506479,38,3109
503332,506456,506479,23,3124
503332,506440,506480,40,3108
503332,506441,506480,39,3109
503332,506442,506480,38,3110
503332,506457,506480,23,3125
503332,506454,506474,20,3122
503332,506458,506481,23,3126
503332,506439,506481,42,3107
503332,506454,506482,28,3122
503332,506454,506482,28,3122
503332,506457,506483,26,3125
503332,506456,506483,27,3124
503332,506456,506483,27,3124
503332,506438,506484,46,3106
503332,506440,506484,44,3108
503332,506443,506485,42,3111
503332,506455,506485,30,3123
503332,506456,506485,29,3124
503332,506438,506486,48,3106
503332,506459,506486,27,3127
503332,506456,506486,30,3124
503332,506460,506486,26,3128
503332,506457,506486,29,3125
503332,506460,506486,26,3128
503332,506462,506487,25,3130
503332,506456,506486,30,3124
503332,506455,506487,32,3123
503332,506434,506487,53,3102
503332,506438,506487,49,3106
503332,506439,506488,49,3107
503332,506443,506490,47,3111
503332,506460,506490,30,3128
503332,506439,506492,53,3107
503332,506449,506492,43,3117
503332,506442,506491,49,3110
503332,506446,506493,47,3114
503332,506459,506493,34,3127
503332,506438,506493,55,3106
503332,506446,506494,48,3114
503332,506441,506493,52,3109
503332,506447,506495,48,3115
503332,506467,506496,29,3135
503332,506459,506498,39,3127
503332,506436,506498,62,3104
503332,506448,506499,51,3116
503332,506470,506499,29,3138
503332,506436,506499,63,3104
503332,506469,506500,31,3137
503332,506465,506501,36,3133
503332,506470,506501,31,3138
503332,506476,506503,27,3144
503332,506469,506503,34,3137
503332,506472,506503,31,3140
503332,506474,506504,30,3142
503332,506469,506505,36,3137
503332,506472,506505,33,3140
503332,506443,506505,62,3111
503332,506477,506504,27,3145
503332,506467,506505,38,3135
503332,506483,506505,22,3151
503332,506485,506506,21,3153
503332,506446,506506,60,3114
503332,506467,506506,39,3135
503332,506467,506506,39,3135
503332,506477,506507,30,3145
503332,506474,506507,33,3142
503332,506468,506507,39,3136
503332,506482,506508,26,3150
503332,506479,506510,31,3147
503332,506482,506510,28,3150
503332,506481,506509,28,3149
503332,506481,506509,28,3149
503332,506480,506509,29,3148
503432,506494,506510,16,3062
503332,506483,506510,27,3151
503332,506481,506511,30,3149
503332,506487,506512,25,3155
503332,506481,506511,30,3149
503332,506486,506512,26,3154
503332,506487,506512,25,3155
503332,506480,506512,32,3148
503332,506484,506512,28,3152
503332,506488,506512,24,3156
503332,506480,506512,32,3148
503332,506485,506513,28,3153
503332,506481,506513,32,3149
503332,506483,506513,30,3151
503332,506486,506514,28,3154
503332,506488,506514,26,3156
503332,506484,506513,29,3152
503332,506487,506515,28,3155
503432,506494,506514,20,3062
503332,506492,506515,23,3160
503332,506492,506516,24,3160
503332,506491,506516,25,3159
503432,506496,506517,21,3064
503332,506492,506517,25,3160
503332,506493,506518,25,3161
503332,506487,506518,31,3155
503332,506487,506519,32,3155
503332,506488,506519,31,3156
503332,506486,506519,33,3154
503332,506437,506519,82,3105
503332,506487,506520,33,3155
503432,506498,506520,22,3066
503332,506490,506521,31,3158
503332,506493,506521,28,3161
503332,506445,506521,76,3113
503332,506488,506522,34,3156
503432,506499,506521,22,3067
503432,506500,506522,22,3068
503432,506499,506523,24,3067
503432,506501,506524,23,3069
503432,506502,506524,22,3070
503332,506486,506525,39,3154
503432,506497,506525,28,3065
503432,506499,506526,27,3067
503332,506486,506528,42,3154
503432,506513,506529,16,3081
503432,506514,506530,16,3082
503432,506502,506530,28,3070
503432,506515,506530,15,3083
503432,506516,506531,15,3084
503432,506514,506531,17,3082
503432,506516,506532,16,3084
503432,506514,506532,18,3082
503432,506516,506532,16,3084
503432,506513,506533,20,3081
503432,506517,506533,16,3085
503432,506513,506534,21,3081
503432,506514,506534,20,3082
503432,506515,506534,19,3083
503432,506517,506534,17,3085
503432,506512,506535,23,3080
503332,506445,506536,91,3113
503432,506513,506536,23,3081
503432,506519,506539,20,3087
503432,506521,506539,18,3089
503432,506518,506540,22,3086
503432,506519,506541,22,3087
503432,506505,506541,36,3073
503432,506507,506541,34,3075
503432,506522,506543,21,3090
503432,506507,506544,37,3075
503432,506521,506544,23,3089
503432,506510,506544,34,3078
503432,506506,506544,38,3074
503432,506510,506545,35,3078
503432,506505,506545,40,3073
503432,506521,506545,24,3089
503432,506524,506545,21,3092
502542,505755,506546,791,3213
503432,506507,506546,39,3075
503432,506521,506547,26,3089
503432,506520,506546,26,3088
503432,506522,506547,25,3090
503432,506520,506547,27,3088
503432,506524,506548,24,3092
503432,506519,506548,29,3087
503432,506510,506548,38,3078
503432,506507,506548,41,3075
503432,506508,506549,41,3076
503432,506522,506549,27,3090
503432,506512,506549,37,3080
503432,506506,506550,44,3074
503432,506508,506550,42,3076
503432,506506,506551,45,3074
503432,506520,506552,32,3088
503432,506529,506552,23,3097
503432,506530,506552,22,3098
503432,506525,506553,28,3093
503432,506530,506554,24,3098
503432,506510,506553,43,3078
503432,506503,506554,51,3071
503432,506505,506554,49,3073
503432,506506,506553,47,3074
503432,506526,506553,27,3094
503432,506525,506556,31,3093
503432,506534,506557,23,3102
503432,506530,506557,27,3098
503432,506510,506559,49,3078
503432,506530,506558,28,3098
503432,506534,506559,25,3102
503432,506525,506560,35,3093
503432,506537,506560,23,3105
503432,506533,506562,29,3101
503432,506533,506561,28,3101
503432,506512,506563,51,3080
503432,506534,506563,29,3102
503432,506533,506563,30,3101
503432,506534,506563,29,3102
503432,506504,506563,59,3072
503432,506542,506563,21,3110
503432,506535,506563,28,3103
503432,506537,506564,27,3105
503432,506531,506564,33,3099
503432,506544,506565,21,3112
503432,506511,506566,55,3079
503432,506532,506565,33,3100
503432,506539,506565,26,3107
503432,506545,506565,20,3113
503432,506540,506566,26,3108
503432,506545,506566,21,3113
503432,506546,506566,20,3114
503432,506546,506566,20,3114
503432,506541,506567,26,3109
503432,506535,506568,33,3103
503432,506542,506568,26,3110
503432,506532,506568,36,3100
503432,506541,506569,28,3109
503580,506558,506569,11,2978
503432,506545,506569,24,3113
503432,506546,506570,24,3114
503432,506548,506569,21,3116
503432,506512,506569,57,3080
503432,506545,506570,25,3113
503432,506548,506570,22,3116
503432,506548,506571,23,3116
503432,506549,506572,23,3117
503432,506548,506572,24,3116
503432,506550,506572,22,3118
503432,506551,506572,21,3119
503432,506547,506573,26,3115
503432,506553,506574,21,3121
503580,506559,506573,14,2979
503580,506560,506575,15,2980
503432,506554,506574,20,3122
503432,506553,506575,22,3121
503432,506554,506575,21,3122
503432,506552,506575,23,3120
503432,506549,506576,27,3117
503432,506545,506575,30,3113
503432,506546,506576,30,3114
503432,506554,506577,23,3122
503432,506549,506577,28,3117
503432,506511,506577,66,3079
503432,506553,506578,25,3121
503432,506553,506577,24,3121
503580,506562,506578,16,2982
503432,506551,506578,27,3119
503580,506561,506579,18,2981
503432,506550,506580,30,3118
503580,506559,506579,20,2979
503432,506550,506579,29,3118
503432,506503,506580,77,3071
503432,506554,506581,27,3122
503432,506554,506580,26,3122
503432,506549,506581,32,3117
503580,506561,506582,21,2981
503580,506563,506581,18,2983
503432,506554,506582,28,3122
503432,506557,506582,25,3125
503580,506563,506584,21,2983
503580,506563,506584,21,2983
503580,506562,506584,22,2982
503432,506505,506586,81,3073
503432,506505,506587,82,3073
503580,506564,506589,25,2984
503432,506512,506590,78,3080
503580,506577,506590,13,2997
503580,506574,506591,17,2994
503580,506578,506591,13,2998
503580,506575,506592,17,2995
503580,506575,506592,17,2995
503580,506575,506592,17,2995
503580,506578,506592,14,2998
503580,506576,506592,16,2996
503580,506575,506593,18,2995
503580,506573,506593,20,2993
503580,506577,506594,17,2997
503580,506577,506594,17,2997
503580,506576,506595,19,2996
503580,506566,506595,29,2986
503580,506569,506596,27,2989
503580,506574,506596,22,2994
503580,506578,506595,17,2998
503580,506576,506596,20,2996
503580,506579,506597,18,2999
503580,506566,506596,30,2986
503580,506566,506596,30,2986
503580,506568,506601,33,2988
503580,506581,506602,21,3001
503580,506567,506602,35,2987
503580,506582,506603,21,3002
503580,506570,506603,33,2990
503580,506570,506602,32,2990
503580,506573,506602,29,2993
503580,506566,506603,37,2986
503580,506579,506603,24,2999
503580,506580,506603,23,3000
503580,506582,506603,21,3002
503580,506581,506604,23,3001
503580,506579,506604,25,2999
503580,506567,506604,37,2987
503580,506582,506604,22,3002
503580,506583,506604,21,3003
503580,506568,506605,37,2988
503580,506564,506605,41,2984
503580,506580,506606,26,3000
503580,506570,506606,36,2990
503580,506584,506606,22,3004
503580,506569,506606,37,2989
503580,506582,506607,25,3002
503580,506580,506610,30,3000
503580,506585,506610,25,3005
503580,506565,506610,45,2985
503580,506568,506610,42,2988
503580,506566,506611,45,2986
503580,506572,506611,39,2992
503580,506581,506612,31,3001
503580,506590,506613,23,3010
503580,506584,506613,29,3004
503432,506512,506613,101,3080
503580,506569,506613,44,2989
503580,506591,506614,23,3011
503580,506566,506611,45,2986
503580,506596,506615,19,3016
503580,506590,506615,25,3010
503580,506590,506616,26,3010
503580,506592,506617,25,3012
503432,506511,506618,107,3079
503580,506594,506618,24,3014
503580,506565,506619,54,2985
503580,506592,506619,27,3012
503580,506564,506619,55,2984
503580,506597,506619,22,3017
503580,506593,506620,27,3013
503580,506596,506620,24,3016
503580,506595,506620,25,3015
503580,506587,506621,34,3007
503580,506603,506621,18,3023
503580,506570,506622,52,2990
503580,506594,506622,28,3014
503580,506604,506622,18,3024
503580,506604,506623,19,3024
503580,506602,506623,21,3022
503580,506594,506623,29,3014
503580,506597,506623,26,3017
503580,506598,506624,26,3018
502595,505854,506624,770,3259
503580,506593,506624,31,3013
503580,506593,506624,31,3013
503580,506593,506624,31,3013
503580,506597,506625,28,3017
503580,506586,506624,38,3006
503580,506602,506625,23,3022
503580,506604,506625,21,3024
503580,506603,506626,23,3023
503580,506605,506627,22,3025
503580,506605,506627,22,3025
503580,506605,506628,23,3025
503580,506603,506629,26,3023
503580,506604,506630,26,3024
503580,506606,506630,24,3026
503580,506604,506630,26,3024
503580,506593,506631,38,3013
503580,506615,506632,17,3035
503580,506606,506633,27,3026
503580,506564,506632,68,2984
503580,506603,506632,29,3023
503580,506570,506632,62,2990
503580,506607,506633,26,3027
503580,506612,506633,21,3032
503580,506613,506633,20,3033
503604,506619,506634,15,3015
503580,506607,506635,28,3027
503604,506619,506635,16,3015
503580,506611,506635,24,3031
503580,506614,506635,21,3034
503580,506606,506635,29,3026
503580,506610,506635,25,3030
503580,506603,506636,33,3023
503604,506619,506635,16,3015
503604,506621,506636,15,3017
503580,506614,506636,22,3034
503580,506604,506637,33,3024
503580,506606,506637,31,3026
503580,506564,506638,74,2984
503604,506620,506638,18,3016
503604,506620,506638,18,3016
503580,506615,506637,22,3035
503580,506616,506638,22,3036
503580,506612,506639,27,3032
503580,506611,506639,28,3031
503580,506615,506639,24,3035
503580,506614,506639,25,3034
503604,506620,506639,19,3016
503580,506615,506641,26,3035
503604,506620,506640,20,3016
503580,506611,506642,31,3031
503580,506617,506642,25,3037
503580,506607,506642,35,3027
503580,506614,506642,28,3034
503604,506621,506642,21,3017
503604,506622,506643,21,3018
503580,506615,506642,27,3035
503604,506622,506643,21,3018
503604,506623,506645,22,3019
503580,506572,506648,76,2992
503604,506636,506650,14,3032
503604,506637,506651,14,3033
503604,506636,506651,15,3032
503604,506636,506651,15,3032
503604,506638,506652,14,3034
503604,506635,506652,17,3031
503604,506635,506652,17,3031
503604,506637,506653,16,3033
503604,506635,506653,18,3031
503604,506634,506653,19,3030
503604,506637,506653,16,3033
503604,506638,506653,15,3034
503604,506635,506654,19,3031
503604,506635,506654,19,3031
503604,506638,506655,17,3034
503604,506634,506655,21,3030
503604,506638,506658,20,3034
503580,506572,506659,87,2992
503604,506634,506658,24,3030
503604,506624,506659,35,3020
503604,506625,506659,34,3021
503604,506625,506659,34,3021
503604,506640,506659,19,3036
503604,506639,506660,21,3035
503604,506640,506660,20,3036
503604,506638,506660,22,3034
503604,506642,506661,19,3038
503604,506629,506661,32,3025
503604,506624,506661,37,3020
503604,506625,506662,37,3021
503604,506627,506663,36,3023
503604,506631,506663,32,3027
503604,506642,506663,21,3038
503604,506627,506664,37,3023
503604,506642,506664,22,3038
503604,506625,506664,39,3021
503604,506643,506665,22,3039
503604,506631,506664,33,3027
503604,506639,506665,26,3035
503604,506625,506665,40,3021
503604,506639,506665,26,3035
503604,506641,506665,24,3037
503604,506624,506665,41,3020
503604,506638,506665,27,3034
503604,506624,506666,42,3020
503604,506641,506667,26,3037
503604,506630,506668,38,3026
503604,506628,506668,40,3024
503604,506625,506668,43,3021
503604,506643,506671,28,3039
503604,506631,506666,35,3027
503604,506643,506666,23,3039
503604,506643,506672,29,3039
503580,506571,506673,102,2991
503580,506571,506673,102,2991
503604,506650,506673,23,3046
503604,506632,506674,42,3028
503604,506652,506676,24,3048
503604,506623,506676,53,3019
503604,506623,506677,54,3019
503604,506655,506678,23,3051
503604,506654,506678,24,3050
503604,506654,506678,24,3050
503604,506651,506679,28,3047
503604,506653,506680,27,3049
503604,506634,506681,47,3030
503604,506656,506681,25,3052
503604,506652,506681,29,3048
503604,506652,506681,29,3048
503604,506624,506682,58,3020
503604,506660,506682,22,3056
503604,506655,506683,28,3051
503604,506665,506683,18,3061
503604,506654,506683,29,3050
503604,506664,506683,19,3060
503604,506648,506683,35,3044
503604,506659,506684,25,3055
503604,506662,506683,21,3058
503604,506665,506684,19,3061
503604,506653,506685,32,3049
503604,506662,506684,22,3058
503604,506654,506684,30,3050
503604,506653,506685,32,3049
503604,506653,506686,33,3049
503604,506659,506686,27,3055
503604,506661,506686,25,3057
503604,506660,506686,26,3056
503604,506661,506686,25,3057
503604,506659,506686,27,3055
503604,506659,506688,29,3055
503604,506660,506688,28,3056
503604,506643,506688,45,3039
503604,506666,506689,23,3062
503604,506666,506689,23,3062
503604,506663,506690,27,3059
503604,506660,506689,29,3056
503604,506669,506690,21,3065
503604,506660,506690,30,3056
503604,506672,506690,18,3068
503604,506663,506690,27,3059
503604,506666,506690,24,3062
503604,506624,506691,67,3020
503604,506672,506691,19,3068
503604,506660,506691,31,3056
503604,506664,506691,27,3060
503604,506624,506692,68,3020
503604,506667,506693,26,3063
503604,506633,506694,61,3029
503604,506664,506694,30,3060
503604,506672,506695,23,3068
503604,506672,506695,23,3068
503604,506674,506695,21,3070
503604,506668,506696,28,3064
503718,506679,506695,16,2961
503718,506680,506697,17,2962
503604,506672,506696,24,3068
503604,506668,506697,29,3064
503604,506674,506698,24,3070
503604,506673,506697,24,3069
503604,506678,506698,20,3074
503604,506676,506697,21,3072
503604,506645,506698,53,3041
503604,506633,506698,65,3029
503604,506677,506698,21,3073
503718,506680,506699,19,2962
503718,506682,506699,17,2964
503604,506666,506699,33,3062
503718,506683,506699,16,2965
503718,506683,506700,17,2965
503604,506669,506700,31,3065
503604,506666,506701,35,3062
503718,506681,506701,20,2963
503718,506682,506701,19,2964
503718,506684,506702,18,2966
503604,506674,506703,29,3070
503604,506674,506703,29,3070
503604,506678,506705,27,3074
503718,506682,506705,23,2964
503718,506684,506707,23,2966
503718,506698,506710,12,2980
503718,506698,506711,13,2980
503718,506697,506712,15,2979
503604,506633,506711,78,3029
503718,506696,506712,16,2978
503718,506693,506713,20,2975
503718,506697,506713,16,2979
503718,506696,506713,17,2978
503718,506696,506713,17,2978
503718,506696,506714,18,2978
503718,506684,506713,29,2966
503718,506694,506714,20,2976
503718,506695,506714,19,2977
503718,506692,506715,23,2974
503718,506698,506715,17,2980
503718,506695,506715,20,2977
503718,506692,506717,25,2974
503718,506698,506717,19,2980
503718,506701,506718,17,2983
503718,506699,506718,19,2981
503718,506698,506719,21,2980
503718,506687,506720,33,2969
503718,506686,506720,34,2968
503718,506702,506720,18,2984
503718,506701,506721,20,2983
503718,506685,506722,37,2967
503718,506687,506721,34,2969
503604,506633,506722,89,3029
503718,506699,506723,24,2981
503718,506700,506723,23,2982
503718,506685,506723,38,2967
503718,506699,506723,24,2981
503718,506701,506724,23,2983
503718,506685,506724,39,2967
503718,506690,506724,34,2972
503718,506699,506724,25,2981
503718,506704,506724,20,2986
503718,506685,506724,39,2967
503718,506700,506726,26,2982
503718,506690,506726,36,2972
503718,506689,506727,38,2971
503718,506703,506727,24,2985
503718,506689,506727,38,2971
503718,506703,506727,24,2985
503718,506690,506727,37,2972
503718,506687,506727,40,2969
503718,506687,506728,41,2969
503718,506702,506728,26,2984
503718,506684,506729,45,2966
503718,506689,506729,40,2971
503718,506687,506725,38,2969
503718,506700,506726,26,2982
503718,506690,506732,42,2972
503718,506688,506732,44,2970
503604,506633,506734,101,3029
503718,506691,506736,45,2973
503718,506713,506738,25,2995
503718,506714,506740,26,2996
503718,506716,506740,24,2998
503718,506712,506740,28,2994
503718,506705,506740,35,2987
503718,506684,506741,57,2966
503718,506724,506741,17,3006
503718,506718,506742,24,3000
503718,506684,506742,58,2966
503718,506724,506742,18,3006
503718,506715,506742,27,2997
503718,506724,506743,19,3006
503718,506725,506743,18,3007
503718,506715,506744,29,2997
503718,506716,506743,27,2998
503718,506710,506744,34,2992
503718,506724,506744,20,3006
503718,506684,506745,61,2966
503718,506724,506745,21,3006
503718,506718,506746,28,3000
503718,506714,506746,32,2996
503718,506714,506746,32,2996
503718,506692,506747,55,2974
503718,506726,506747,21,3008
503718,506713,506747,34,2995
503718,506718,506747,29,3000
503718,506721,506747,26,3003
503718,506714,506748,34,2996
503718,506725,506749,24,3007
503718,506711,506748,37,2993
503718,506707,506749,42,2989
503718,506726,506748,22,3008
503718,506724,506748,24,3006
503718,506712,506749,37,2994
503718,506718,506749,31,3000
503718,506719,506749,30,3001
503718,506721,506749,28,3003
503718,506722,506750,28,3004
503718,506720,506750,30,3002
503718,506727,506751,24,3009
503718,506720,506751,31,3002
503718,506725,506752,27,3007
503718,506727,506752,25,3009
503718,506706,506753,47,2988
503718,506722,506754,32,3004
503718,506730,506754,24,3012
503718,506724,506755,31,3006
503718,506728,506754,26,3010
503718,506733,506755,22,3015
503718,506729,506754,25,3011
503718,506731,506756,25,3013
503718,506731,506756,25,3013
503718,506712,506756,44,2994
503718,506731,506757,26,3013
503718,506729,506757,28,3011
503807,506744,506757,13,2937
503718,506728,506758,30,3010
503718,506722,506758,36,3004
503718,506684,506760,76,2966
503718,506728,506760,32,3010
502734,505949,506761,812,3215
503718,506728,506761,33,3010
503718,506738,506761,23,3020
503718,506740,506762,22,3022
503718,506742,506761,19,3024
503718,506742,506761,19,3024
503807,506744,506762,18,2937
503718,506734,506763,29,3016
503807,506743,506763,20,2936
503718,506728,506764,36,3010
503807,506745,506763,18,2938
503807,506743,506763,20,2936
503807,506743,506764,21,2936
503718,506732,506764,32,3014
503807,506744,506765,21,2937
503807,506744,506766,22,2937
503718,506740,506766,26,3022
503718,506691,506767,76,2973
503718,506741,506767,26,3023
503718,506736,506767,31,3018
503718,506741,506770,29,3023
503807,506744,506770,26,2937
503807,506745,506770,25,2938
503718,506692,506772,80,2974
503718,506691,506773,82,2973
503807,506762,506775,13,2955
503807,506746,506776,30,2939
503807,506746,506776,30,2939
503807,506758,506778,20,2951
503718,506692,506779,87,2974
503807,506758,506778,20,2951
503807,506762,506779,17,2955
503807,506758,506778,20,2951
503807,506762,506778,16,2955
503807,506761,506779,18,2954
503807,506762,506778,16,2955
503807,506763,506780,17,2956
503807,506757,506780,23,2950
503807,506762,506779,17,2955
503807,506760,506780,20,2953
503807,506761,506781,20,2954
503807,506758,506782,24,2951
503807,506758,506782,24,2951
503807,506751,506783,32,2944
503807,506756,506783,27,2949
503807,506768,506783,15,2961
503807,506749,506784,35,2942
503807,506751,506784,33,2944
503807,506751,506784,33,2944
503807,506765,506785,20,2958
503807,506766,506785,19,2959
503807,506748,506785,37,2941
503807,506764,506786,22,2957
503807,506765,506786,21,2958
503807,506749,506786,37,2942
503807,506756,506787,31,2949
503718,506691,506787,96,2973
503807,506747,506788,41,2940
503807,506764,506788,24,2957
503807,506750,506788,38,2943
503807,506765,506788,23,2958
503807,506766,506788,22,2959
503807,506764,506788,24,2957
503807,506767,506789,22,2960
503807,506767,506789,22,2960
503807,506749,506790,41,2942
503807,506748,506791,43,2941
503807,506754,506791,37,2947
503807,506749,506791,42,2942
503807,506750,506791,41,2943
503807,506764,506791,27,2957
503807,506751,506792,41,2944
503807,506750,506792,42,2943
503807,506748,506793,45,2941
503807,506749,506795,46,2942
503807,506764,506792,28,2957
503807,506753,506798,45,2946
503807,506770,506799,29,2963
502827,506041,506800,759,3214
503807,506752,506801,49,2945
503807,506752,506801,49,2945
503807,506771,506802,31,2964
503807,506748,506803,55,2941
503807,506777,506804,27,2970
503807,506773,506804,31,2966
503807,506779,506805,26,2972
503807,506774,506806,32,2967
503807,506779,506806,27,2972
503807,506787,506806,19,2980
503807,506779,506806,27,2972
503807,506788,506806,18,2981
503807,506785,506806,21,2978
503807,506788,506807,19,2981
503807,506777,506807,30,2970
503807,506787,506807,20,2980
503807,506789,506807,18,2982
503807,506786,506807,21,2979
503807,506756,506808,52,2949
503807,506786,506808,22,2979
503807,506781,506808,27,2974
503807,506786,506808,22,2979
503807,506785,506809,24,2978
503807,506779,506809,30,2972
503807,506780,506810,30,2973
503807,506783,506810,27,2976
503807,506780,506811,31,2973
503807,506789,506811,22,2982
503807,506790,506811,21,2983
503807,506783,506811,28,2976
503807,506791,506811,20,2984
503807,506789,506811,22,2982
503807,506784,506812,28,2977
503807,506776,506812,36,2969
503807,506779,506812,33,2972
503807,506788,506812,24,2981
503807,506781,506812,31,2974
503807,506780,506813,33,2973
503807,506784,506814,30,2977
503807,506782,506814,32,2975
503807,506788,506815,27,2981
503807,506789,506816,27,2982
503807,506779,506816,37,2972
503807,506793,506817,24,2986
503807,506784,506817,33,2977
503807,506771,506818,47,2964
503807,506798,506819,21,2991
503807,506791,506820,29,2984
503807,506792,506820,28,2985
503807,506791,506821,30,2984
503807,506792,506820,28,2985
503807,506778,506821,43,2971
503807,506791,506821,30,2984
503807,506748,506822,74,2941
503807,506748,506822,74,2941
503807,506784,506823,39,2977
503807,506800,506822,22,2993
503807,506800,506823,23,2993
503807,506802,506823,21,2995
503807,506791,506823,32,2984
503939,506807,506823,16,2868
503939,506806,506824,18,2867
503939,506806,506824,18,2867
503807,506747,506824,77,2940
503939,506808,506825,17,2869
503807,506804,506826,22,2997
503807,506802,506826,24,2995
503939,506807,506826,19,2868
503807,506779,506826,47,2972
503939,506808,506826,18,2869
503939,506807,506826,19,2868
503807,506806,506827,21,2999
503807,506804,506827,23,2997
503807,506805,506828,23,2998
503807,506806,506828,22,2999
503807,506794,506828,34,2987
503939,506808,506828,20,2869
503807,506804,506829,25,2997
503807,506799,506829,30,2992
503807,506795,506830,35,2988
503807,506798,506831,33,2991
503807,506754,506832,78,2947
503939,506808,506833,25,2869
503939,506808,506834,26,2869
503807,506802,506836,34,2995
503939,506808,506837,29,2869
503807,506755,506840,85,2948
503939,506823,506842,19,2884
503939,506823,506841,18,2884
503939,506809,506842,33,2870
503807,506755,506842,87,2948
503939,506823,506842,19,2884
503939,506824,506842,18,2885
503939,506826,506843,17,2887
503939,506824,506843,19,2885
503939,506825,506843,18,2886
503939,506827,506843,16,2888
503939,506824,506844,20,2885
503939,506827,506844,17,2888
503939,506824,506844,20,2885
503939,506825,506844,19,2886
503939,506827,506845,18,2888
503939,506827,506846,19,2888
503939,506826,506846,20,2887
503939,506825,506847,22,2886
503939,506827,506848,21,2888
503939,506829,506848,19,2890
503939,506828,506849,21,2889
503939,506829,506849,20,2890
503939,506811,506849,38,2872
503807,506754,506851,97,2947
503939,506812,506852,40,2873
503939,506813,506852,39,2874
503939,506832,506852,20,2893
503939,506829,506852,23,2890
503939,506815,506853,38,2876
503939,506823,506853,30,2884
503939,506830,506853,23,2891
503939,506830,506853,23,2891
503939,506812,506854,42,2873
503807,506755,506855,100,2948
503939,506811,506855,44,2872
503939,506829,506855,26,2890
503939,506832,506855,23,2893
503939,506811,506856,45,2872
503939,506813,506856,43,2874
503939,506813,506856,43,2874
503939,506812,506856,44,2873
503939,506828,506856,28,2889
503939,506811,506856,45,2872
503939,506819,506856,37,2880
503939,506810,506857,47,2871
503939,506817,506857,40,2878
503939,506816,506857,41,2877
503939,506829,506858,29,2890
503939,506816,506859,43,2877
503939,506818,506859,41,2879
503939,506814,506861,47,2875
503939,506837,506864,27,2898
503939,506810,506863,53,2871
503939,506840,506864,24,2901
503939,506816,506855,39,2877
503939,506822,506859,37,2883
503939,506838,506865,27,2899
503939,506811,506867,56,2872
503939,506834,506866,32,2895
503939,506843,506866,23,2904
503939,506842,506869,27,2903
503939,506852,506869,17,2913
503939,506813,506870,57,2874
503939,506842,506870,28,2903
503939,506845,506870,25,2906
503939,506835,506871,36,2896
503939,506850,506871,21,2911
503939,506853,506870,17,2914
503939,506845,506871,26,2906
503939,506843,506871,28,2904
503939,506846,506872,26,2907
503939,506844,506872,28,2905
503939,506843,506872,29,2904
503939,506843,506872,29,2904
503939,506850,506872,22,2911
503939,506853,506872,19,2914
503939,506849,506872,23,2910
503939,506854,506873,19,2915
503939,506853,506874,21,2914
503939,506843,506874,31,2904
503939,506853,506875,22,2914
503939,506853,506875,22,2914
503939,506853,506874,21,2914
503939,506855,506875,20,2916
503939,506844,506876,32,2905
503939,506811,506876,65,2872
503939,506856,506876,20,2917
503939,506845,506877,32,2906
503939,506856,506878,22,2917
503939,506857,506878,21,2918
503939,506811,506879,68,2872
503939,506843,506879,36,2904
503939,506846,506879,33,2907
503939,506859,506880,21,2920
503939,506845,506881,36,2906
503939,506856,506881,25,2917
503939,506849,506882,33,2910
503939,506848,506881,33,2909
503939,506849,506883,34,2910
503939,506857,506883,26,2918
503939,506844,506884,40,2905
503939,506857,506884,27,2918
503939,506856,506883,27,2917
503939,506860,506884,24,2921
503939,506858,506885,27,2919
503939,506858,506885,27,2919
503939,506867,506885,18,2928
503939,506858,506884,26,2919
503939,506855,506885,30,2916
503939,506855,506886,31,2916
503939,506857,506886,29,2918
503939,506866,506885,19,2927
503939,506855,506887,32,2916
504058,506871,506887,16,2813
503939,506864,506888,24,2925
503939,506860,506888,28,2921
503939,506865,506889,24,2926
504058,506871,506889,18,2813
503939,506866,506890,24,2927
503939,506867,506890,23,2928
504058,506871,506891,20,2813
503939,506867,506891,24,2928
503939,506864,506891,27,2925
503939,506870,506892,22,2931
503939,506821,506893,72,2882
503939,506866,506893,27,2927
504058,506871,506892,21,2813
503939,506866,506894,28,2927
504058,506871,506894,23,2813
503939,506870,506895,25,2931
503939,506862,506895,33,2923
504058,506873,506895,22,2815
504058,506872,506896,24,2814
504058,506872,506896,24,2814
504058,506872,506897,25,2814
503939,506819,506897,78,2880
503939,506822,506897,75,2883
504058,506872,506898,26,2814
504058,506873,506899,26,2815
503939,506870,506899,29,2931
503939,506821,506900,79,2882
502919,506125,506901,776,3206
504058,506873,506902,29,2815
504058,506886,506905,19,2828
504058,506889,506906,17,2831
504058,506892,506907,15,2834
504058,506890,506907,17,2832
504058,506886,506907,21,2828
504058,506888,506908,20,2830
504058,506891,506908,17,2833
504058,506886,506908,22,2828
504058,506888,506908,20,2830
504058,506891,506908,17,2833
504058,506885,506908,23,2827
503939,506821,506909,88,2882
504058,506889,506910,21,2831
504058,506890,506909,19,2832
504058,506885,506912,27,2827
504058,506878,506913,35,2820
504058,506890,506913,23,2832
504058,506896,506914,18,2838
504058,506892,506915,23,2834
504058,506875,506915,40,2817
504058,506882,506915,33,2824
504058,506880,506916,36,2822
504058,506895,506916,21,2837
504058,506893,506917,24,2835
504058,506893,506917,24,2835
504058,506896,506917,21,2838
504058,506881,506917,36,2823
504058,506893,506917,24,2835
504058,506877,506918,41,2819
504058,506895,506918,23,2837
504058,506895,506918,23,2837
504058,506877,506919,42,2819
504058,506880,506919,39,2822
504058,506895,506919,24,2837
504058,506875,506918,43,2817
504058,506881,506920,39,2823
504058,506898,506920,22,2840
504058,506885,506920,35,2827
504058,506894,506921,27,2836
504058,506878,506922,44,2820
504058,506882,506922,40,2824
504058,506880,506922,42,2822
504058,506882,506923,41,2824
504058,506901,506923,22,2843
504058,506873,506923,50,2815
504058,506883,506924,41,2825
504058,506902,506925,23,2844
504058,506879,506919,40,2821
504058,506889,506910,21,2831
504058,506897,506924,27,2839
504058,506899,506920,21,2841
504058,506900,506925,25,2842
503939,506820,506926,106,2881
504058,506876,506927,51,2818
504058,506897,506927,30,2839
504058,506907,506928,21,2849
504058,506877,506928,51,2819
504058,506875,506930,55,2817
504058,506905,506931,26,2847
504058,506903,506932,29,2845
504058,506884,506932,48,2826
504058,506897,506932,35,2839
504058,506916,506934,18,2858
504058,506910,506936,26,2852
504058,506874,506936,62,2816
504058,506915,506938,23,2857
504058,506918,506937,19,2860
504058,506906,506937,31,2848
504058,506914,506937,23,2856
504058,506874,506938,64,2816
504058,506908,506939,31,2850
504058,506918,506939,21,2860
504058,506918,506939,21,2860
504058,506918,506940,22,2860
504058,506918,506939,21,2860
504058,506908,506940,32,2850
504058,506918,506941,23,2860
504058,506917,506941,24,2859
504058,506920,506941,21,2862
504058,506875,506942,67,2817
504058,506913,506941,28,2855
504058,506914,506941,27,2856
504058,506916,506943,27,2858
504058,506918,506944,26,2860
504058,506909,506943,34,2851
504058,506908,506944,36,2850
504058,506924,506944,20,2866
504058,506921,506946,25,2863
504058,506919,506946,27,2861
504058,506921,506945,24,2863
504058,506916,506945,29,2858
504058,506908,506947,39,2850
504058,506920,506946,26,2862
504058,506924,506946,22,2866
504058,506910,506947,37,2852
504058,506921,506948,27,2863
504058,506923,506948,25,2865
504058,506920,506948,28,2862
504058,506926,506948,22,2868
504058,506908,506949,41,2850
504058,506925,506949,24,2867
504058,506914,506949,35,2856
504058,506922,506950,28,2864
504058,506923,506951,28,2865
504058,506908,506951,43,2850
504058,506920,506950,30,2862
504058,506924,506950,26,2866
504058,506926,506951,25,2868
504058,506926,506950,24,2868
504058,506909,506950,41,2851
504058,506885,506951,66,2827
504058,506919,506951,32,2861
504163,506937,506951,14,2774
504058,506926,506953,27,2868
504058,506926,506953,27,2868
504058,506884,506953,69,2826
504163,506937,506954,17,2774
504163,506934,506954,20,2771
504058,506928,506954,26,2870
504058,506929,506955,26,2871
504163,506938,506955,17,2775
504058,506885,506955,70,2827
504058,506928,506955,27,2870
504163,506938,506956,18,2775
504058,506932,506955,23,2874
504058,506932,506956,24,2874
504058,506929,506956,27,2871
504058,506926,506957,31,2868
504058,506927,506957,30,2869
504163,506938,506957,19,2775
504058,506931,506958,27,2873
504058,506926,506960,34,2868
504163,506939,506960,21,2776
504163,506938,506960,22,2775
504163,506940,506961,21,2777
504058,506932,506965,33,2874
504163,506940,506965,25,2777
504163,506955,506967,12,2792
504163,506940,506967,27,2777
504163,506940,506969,29,2777
504163,506954,506969,15,2791
504163,506955,506970,15,2792
504163,506955,506970,15,2792
504163,506954,506971,17,2791
504163,506951,506970,19,2788
504163,506952,506971,19,2789
504163,506954,506970,16,2791
504163,506952,506971,19,2789
504163,506955,506971,16,2792
504163,506951,506972,21,2788
502989,506202,506972,770,3213
504163,506955,506973,18,2792
504163,506952,506974,22,2789
504163,506951,506974,23,2788
504163,506954,506974,20,2791
504163,506951,506976,25,2788
504163,506959,506978,19,2796
504163,506942,506979,37,2779
504163,506951,506978,27,2788
504163,506956,506979,23,2793
504058,506884,506979,95,2826
504163,506956,506979,23,2793
504163,506958,506980,22,2795
504058,506885,506980,95,2827
504163,506942,506980,38,2779
504163,506956,506981,25,2793
504163,506942,506981,39,2779
504163,506948,506981,33,2785
504163,506947,506982,35,2784
504163,506957,506982,25,2794
504163,506946,506982,36,2783
504163,506943,506982,39,2780
504163,506957,506982,25,2794
504163,506957,506983,26,2794
504163,506957,506983,26,2794
504163,506965,506984,19,2802
504163,506944,506983,39,2781
504163,506947,506984,37,2784
504163,506944,506984,40,2781
504163,506965,506985,20,2802
504163,506946,506985,39,2783
504163,506968,506987,19,2805
504163,506947,506987,40,2784
504163,506942,506988,46,2779
504058,506884,506988,104,2826
504163,506945,506988,43,2782
504163,506946,506988,42,2783
504163,506961,506989,28,2798
504163,506960,506989,29,2797
504163,506962,506982,20,2799
504163,506961,506989,28,2798
504163,506946,506990,44,2783
504163,506969,506990,21,2806
504163,506968,506991,23,2805
504163,506948,506991,43,2785
504163,506949,506991,42,2786
504163,506970,506991,21,2807
504163,506948,506992,44,2785
504163,506951,506992,41,2788
504163,506969,506993,24,2806
504163,506940,506993,53,2777
504163,506941,506994,53,2778
504163,506971,506997,26,2808
504163,506944,506996,52,2781
504163,506971,506997,26,2808
504163,506941,507000,59,2778
504163,506972,506999,27,2809
504163,506980,506999,19,2817
504163,506980,507000,20,2817
504163,506979,507000,21,2816
504163,506982,507002,20,2819
504163,506980,507002,22,2817
504163,506982,507002,20,2819
504163,506980,507003,23,2817
504163,506973,507003,30,2810
504163,506977,507004,27,2814
504163,506971,507003,32,2808
504163,506975,507004,29,2812
504163,506982,507004,22,2819
504163,506981,507005,24,2818
504163,506974,507005,31,2811
504163,506972,507006,34,2809
504163,506982,507007,25,2819
504163,506983,507006,23,2820
504163,506983,507007,24,2820
504163,506985,507007,22,2822
504163,506983,507008,25,2820
504163,506983,507008,25,2820
504163,506941,507008,67,2778
504163,506974,507008,34,2811
504163,506989,507010,21,2826
504163,506989,507010,21,2826
504163,506971,507011,40,2808
504163,506990,507011,21,2827
504163,506985,507011,26,2822
504163,506988,507011,23,2825
504163,506984,507012,28,2821
504163,506950,507013,63,2787
504163,506990,507013,23,2827
504163,506989,507013,24,2826
504163,506985,507013,28,2822
504163,506986,507013,27,2823
504265,506997,507014,17,2732
504163,506971,507014,43,2808
504265,507000,507015,15,2735
504163,506990,507015,25,2827
504163,506991,507014,23,2828
504163,506992,507015,23,2829
504163,506991,507015,24,2828
504163,506995,507015,20,2832
504163,506983,507015,32,2820
504163,506990,507015,25,2827
504163,506990,507015,25,2827
504163,506989,507015,26,2826
504163,506993,507016,23,2830
504163,506991,507016,25,2828
504163,506988,507016,28,2825
504163,506990,507017,27,2827
504163,506984,507017,33,2821
504163,506993,507018,25,2830
504163,506972,507017,45,2809
504265,506998,507018,20,2733
504163,506950,507018,68,2787
504265,507000,507017,17,2735
504163,506992,507018,26,2829
504265,507000,507018,18,2735
504265,507000,507018,18,2735
504163,506951,507019,68,2788
504163,506992,507020,28,2829
504163,506972,507021,49,2809
504265,507000,507022,22,2735
504265,507002,507022,20,2737
504163,506949,507023,74,2786
504163,506994,507023,29,2831
504163,506990,507025,35,2827
504265,507003,507025,22,2738
504265,507003,507025,22,2738
504163,506984,507028,44,2821
504163,506994,507028,34,2831
504265,507003,507028,25,2738
504265,507016,507031,15,2751
504265,507003,507031,28,2738
504265,507017,507032,15,2752
504265,507016,507033,17,2751
504265,507016,507033,17,2751
504265,507015,507033,18,2750
504265,507018,507033,15,2753
504265,507017,507033,16,2752
504265,507016,507033,17,2751
504265,507016,507034,18,2751
504265,507018,507034,16,2753
504265,507018,507035,17,2753
504265,507018,507035,17,2753
504265,507018,507035,17,2753
504265,507017,507036,19,2752
503089,506278,507037,759,3189
504265,507018,507038,20,2753
504265,507021,507039,18,2756
504265,507020,507039,19,2755
504265,507019,507040,21,2754
504265,507006,507040,34,2741
504265,507022,507040,18,2757
504265,507016,507041,25,2751
504265,507019,507041,22,2754
504265,507019,507042,23,2754
504265,507025,507043,18,2760
504265,507010,507043,33,2745
504265,507009,507043,34,2744
504265,507010,507044,34,2745
504265,507015,507044,29,2750
504265,507025,507044,19,2760
504265,507012,507045,33,2747
504265,507026,507046,20,2761
504265,507015,507046,31,2750
504265,507028,507047,19,2763
504265,507012,507048,36,2747
504265,507020,507048,28,2755
504163,506950,507049,99,2787
504265,507009,507049,40,2744
504265,507011,507049,38,2746
504265,507006,507049,43,2741
504265,507011,507050,39,2746
504265,507007,507044,37,2742
504265,507008,507049,41,2743
504265,507022,507043,21,2757
504265,507013,507051,38,2748
504265,507028,507051,23,2763
504265,507028,507052,24,2763
504265,507008,507052,44,2743
504265,507005,507052,47,2740
504265,507032,507052,20,2767
504265,507024,507052,28,2759
504265,507023,507055,32,2758
504265,507031,507054,23,2766
504265,507032,507055,23,2767
504265,507007,507056,49,2742
504265,507013,507056,43,2748
504265,507033,507056,23,2768
504265,507033,507057,24,2768
504163,506949,507057,108,2786
504265,507004,507058,54,2739
504265,507039,507058,19,2774
504265,507040,507059,19,2775
504265,507033,507059,26,2768
504265,507005,507059,54,2740
504265,507039,507060,21,2774
504265,507008,507060,52,2743
504265,507034,507060,26,2769
504265,507034,507062,28,2769
504265,507007,507062,55,2742
504265,507034,507061,27,2769
504265,507036,507062,26,2771
504265,507045,507063,18,2780
504265,507013,507063,50,2748
504265,507041,507063,22,2776
504265,507044,507063,19,2779
504265,507038,507063,25,2773
504265,507041,507064,23,2776
504265,507015,507064,49,2750
504265,507039,507064,25,2774
504265,507034,507064,30,2769
504265,507043,507066,23,2778
504265,507045,507065,20,2780
504265,507045,507066,21,2780
504265,507044,507067,23,2779
504265,507034,507067,33,2769
504265,507015,507068,53,2750
504265,507044,507067,23,2779
504265,507035,507068,33,2770
504265,507041,507068,27,2776
504265,507045,507068,23,2780
504265,507046,507070,24,2781
504265,507004,507070,66,2739
504265,507049,507072,23,2784
504265,507051,507072,21,2786
504265,507036,507072,36,2771
504265,507015,507073,58,2750
504265,507047,507073,26,2782
504265,507051,507073,22,2786
504265,507035,507073,38,2770
504374,507061,507073,12,2687
504265,507015,507073,58,2750
504265,507052,507075,23,2787
504265,507049,507075,26,2784
504265,507050,507076,26,2785
504265,507053,507076,23,2788
504374,507060,507076,16,2686
504265,507051,507076,25,2786
504265,507051,507076,25,2786
504265,507052,507076,24,2787
504265,507049,507077,28,2784
504265,507047,507077,30,2782
504265,507050,507078,28,2785
504265,507052,507078,26,2787
504265,507055,507078,23,2790
504265,507050,507079,29,2785
504265,507013,507078,65,2748
504374,507061,507079,18,2687
504265,507004,507080,76,2739
504374,507062,507081,19,2688
504265,507053,507081,28,2788
504265,507053,507081,28,2788
504265,507059,507082,23,2794
504265,507059,507083,24,2794
504374,507063,507084,21,2689
504265,507057,507083,26,2792
504374,507061,507084,23,2687
504265,507057,507084,27,2792
504374,507062,507084,22,2688
504265,507058,507084,26,2793
504374,507063,507085,22,2689
504265,507048,507085,37,2783
504265,507057,507085,28,2792
504265,507058,507086,28,2793
504374,507063,507086,23,2689
504265,507055,507087,32,2790
504374,507063,507088,25,2689
504374,507064,507089,25,2690
504265,507053,507089,36,2788
504265,507059,507089,30,2794
504265,507056,507090,34,2791
504374,507079,507094,15,2705
504265,507014,507093,79,2749
504374,507082,507094,12,2708
504265,507014,507095,81,2749
504374,507064,507095,31,2690
504374,507079,507095,16,2705
504374,507080,507096,16,2706
504374,507079,507096,17,2705
504374,507079,507097,18,2705
504374,507083,507097,14,2709
504374,507081,507096,15,2707
504374,507078,507098,20,2704
504374,507078,507099,21,2704
504374,507084,507100,16,2710
504374,507068,507100,32,2694
504374,507081,507100,19,2707
504374,507083,507100,17,2709
504374,507085,507100,15,2711
504374,507077,507100,23,2703
504374,507084,507100,16,2710
504374,507077,507100,23,2703
504374,507084,507101,17,2710
504374,507079,507101,22,2705
504374,507076,507102,26,2702
504374,507086,507102,16,2712
504374,507087,507103,16,2713
504374,507089,507103,14,2715
504374,507085,507103,18,2711
504374,507087,507104,17,2713
504374,507069,507104,35,2695
504374,507084,507105,21,2710
504374,507086,507105,19,2712
504374,507066,507106,40,2692
504374,507088,507106,18,2714
504374,507068,507107,39,2694
504374,507090,507107,17,2716
504374,507089,507108,19,2715
504374,507072,507108,36,2698
504374,507071,507109,38,2697
504374,507073,507108,35,2699
504374,507072,507109,37,2698
504374,507073,507109,36,2699
504374,507091,507109,18,2717
504374,507086,507110,24,2712
504374,507066,507110,44,2692
504374,507086,507110,24,2712
504374,507067,507110,43,2693
504374,507069,507111,42,2695
504374,507070,507111,41,2696
503171,506352,507112,760,3181
504374,507067,507113,46,2693
504374,507094,507113,19,2720
504374,507076,507113,37,2702
504374,507074,507113,39,2700
504374,507067,507113,46,2693
504374,507094,507114,20,2720
504374,507065,507115,50,2691
504374,507095,507116,21,2721
504374,507069,507116,47,2695
504374,507072,507117,45,2698
504374,507095,507118,23,2721
504374,507076,507120,44,2702
504374,507103,507120,17,2729
504374,507095,507121,26,2721
504374,507097,507122,25,2723
504374,507097,507122,25,2723
504374,507102,507122,20,2728
504374,507096,507122,26,2722
504374,507101,507123,22,2727
504374,507101,507123,22,2727
504374,507105,507124,19,2731
504374,507064,507124,60,2690
504374,507076,507124,48,2702
504374,507101,507125,24,2727
504374,507104,507126,22,2730
504374,507104,507126,22,2730
504374,507101,507127,26,2727
504374,507103,507126,23,2729
504374,507101,507126,25,2727
504374,507107,507127,20,2733
504374,507097,507127,30,2723
504374,507106,507127,21,2732
504374,507073,507128,55,2699
504374,507103,507128,25,2729
504374,507101,507128,27,2727
504374,507076,507128,52,2702
504374,507103,507128,25,2729
504374,507098,507128,30,2724
504374,507076,507129,53,2702
504374,507074,507129,55,2700
504374,507101,507130,29,2727
504374,507065,507130,65,2691
504374,507105,507130,25,2731
504374,507096,507131,35,2722
504374,507099,507132,33,2725
504374,507110,507131,21,2736
504374,507064,507133,69,2690
504374,507096,507134,38,2722
504374,507065,507134,69,2691
504374,507108,507134,26,2734
504374,507111,507134,23,2737
504374,507109,507134,25,2735
504374,507107,507134,27,2733
504374,507110,507135,25,2736
504374,507112,507135,23,2738
504374,507112,507135,23,2738
504374,507111,507135,24,2737
504374,507110,507137,27,2736
504374,507114,507138,24,2740
504374,507109,507138,29,2735
504374,507109,507139,30,2735
504374,507115,507140,25,2741
504374,507110,507140,30,2736
504374,507114,507140,26,2740
504463,507122,507140,18,2659
504374,507113,507141,28,2739
504374,507116,507142,26,2742
504463,507124,507141,17,2661
504374,507118,507142,24,2744
504374,507100,507142,42,2726
504463,507123,507142,19,2660
504374,507110,507142,32,2736
504374,507117,507143,26,2743
504463,507124,507144,20,2661
504463,507123,507143,20,2660
504374,507117,507144,27,2743
504374,507120,507144,24,2746
504374,507100,507144,44,2726
504374,507111,507144,33,2737
504374,507113,507145,32,2739
504374,507119,507145,26,2745
504463,507123,507145,22,2660
504374,507121,507145,24,2747
504463,507124,507146,22,2661
504463,507125,507146,21,2662
504374,507114,507148,34,2740
504374,507108,507148,40,2734
504374,507107,507148,41,2733
504374,507075,507153,78,2701
504463,507125,507154,29,2662
504463,507127,507155,28,2664
504463,507125,507157,32,2662
504463,507141,507158,17,2678
504463,507143,507158,15,2680
504463,507143,507158,15,2680
504463,507141,507158,17,2678
504463,507142,507159,17,2679
504463,507140,507160,20,2677
504463,507141,507160,19,2678
504463,507126,507161,35,2663
504463,507139,507161,22,2676
504463,507144,507161,17,2681
504463,507139,507161,22,2676
504463,507143,507162,19,2680
504463,507142,507161,19,2679
504463,507144,507162,18,2681
504463,507142,507162,20,2679
504463,507141,507163,22,2678
504463,507143,507163,20,2680
504463,507145,507163,18,2682
504463,507145,507163,18,2682
504463,507145,507164,19,2682
504463,507144,507163,19,2681
504463,507130,507165,35,2667
504463,507132,507165,33,2669
504463,507145,507166,21,2682
504463,507128,507167,39,2665
504463,507140,507167,27,2677
504463,507130,507167,37,2667
504463,507149,507168,19,2686
504463,507149,507169,20,2686
504374,507074,507169,95,2700
504463,507131,507169,38,2668
504463,507134,507169,35,2671
504463,507134,507169,35,2671
504463,507128,507169,41,2665
504463,507145,507170,25,2682
504463,507129,507170,41,2666
504463,507148,507171,23,2685
504463,507147,507170,23,2684
504463,507154,507171,17,2691
504463,507131,507171,40,2668
504463,507129,507172,43,2666
504463,507128,507173,45,2665
504463,507137,507173,36,2674
504463,507146,507173,27,2683
504463,507154,507173,19,2691
504463,507158,507174,16,2695
504463,507156,507174,18,2693
504463,507132,507174,42,2669
504463,507129,507169,40,2666
504463,507131,507174,43,2668
504463,507146,507173,27,2683
504463,507158,507177,19,2695
504463,507135,507177,42,2672
504463,507128,507176,48,2665
504463,507128,507177,49,2665
504463,507135,507179,44,2672
504463,507158,507178,20,2695
504463,507130,507179,49,2667
504463,507127,507179,52,2664
504463,507146,507179,33,2683
504463,507127,507181,54,2664
504463,507158,507182,24,2695
504463,507135,507182,47,2672
504463,507160,507183,23,2697
504463,507164,507182,18,2701
503240,506426,507183,757,3186
504463,507136,507184,48,2673
504463,507159,507185,26,2696
504463,507167,507185,18,2704
504463,507161,507186,25,2698
504463,507160,507187,27,2697
504463,507161,507186,25,2698
504463,507166,507186,20,2703
504463,507164,507187,23,2701
504463,507166,507187,21,2703
504463,507166,507187,21,2703
504463,507169,507188,19,2706
504463,507167,507188,21,2704
504463,507162,507190,28,2699
504463,507163,507189,26,2700
504463,507161,507190,29,2698
504463,507169,507189,20,2706
504463,507169,507190,21,2706
504463,507169,507191,22,2706
504463,507168,507192,24,2705
504463,507127,507192,65,2664
504463,507162,507192,30,2699
504463,507136,507193,57,2673
504463,507162,507195,33,2699
504463,507169,507195,26,2706
504463,507135,507195,60,2672
504463,507171,507196,25,2708
504600,507183,507197,14,2583
504463,507163,507197,34,2700
504463,507173,507197,24,2710
504463,507169,507197,28,2706
504463,507174,507197,23,2711
504463,507135,507197,62,2672
504463,507175,507199,24,2712
504463,507171,507199,28,2708
504600,507185,507199,14,2585
504600,507183,507200,17,2583
504463,507174,507200,26,2711
504463,507174,507201,27,2711
504463,507177,507201,24,2714
504463,507174,507201,27,2711
504463,507170,507202,32,2707
504463,507177,507202,25,2714
504463,507177,507201,24,2714
504463,507161,507203,42,2698
504463,507172,507203,31,2709
504463,507170,507203,33,2707
504463,507170,507203,33,2707
504463,507162,507203,41,2699
504463,507174,507204,30,2711
504463,507178,507204,26,2715
504463,507177,507205,28,2714
504463,507177,507205,28,2714
504600,507184,507206,22,2584
504463,507162,507205,43,2699
504463,507174,507205,31,2711
504463,507180,507205,25,2717
504463,507179,507206,27,2716
504463,507127,507206,79,2664
504463,507182,507207,25,2719
504463,507177,507207,30,2714
504600,507186,507207,21,2586
504600,507185,507207,22,2585
504463,507171,507207,36,2708
504463,507135,507207,72,2672
504463,507177,507208,31,2714
504463,507180,507209,29,2717
504463,507177,507209,32,2714
504600,507186,507210,24,2586
504600,507187,507209,22,2587
504463,507180,507210,30,2717
504600,507187,507210,23,2587
504463,507182,507212,30,2719
504600,507187,507213,26,2587
504463,507179,507214,35,2716
504600,507188,507217,29,2588
504600,507188,507220,32,2588
504600,507205,507221,16,2605
504600,507203,507221,18,2603
504600,507204,507221,17,2604
504600,507206,507222,16,2606
504600,507204,507224,20,2604
504600,507206,507224,18,2606
504600,507206,507224,18,2606
504600,507207,507224,17,2607
504600,507203,507224,21,2603
504600,507203,507223,20,2603
504600,507207,507224,17,2607
504600,507205,507225,20,2605
504600,507207,507224,17,2607
504600,507206,507225,19,2606
504600,507206,507226,20,2606
504600,507194,507226,32,2594
504600,507202,507227,25,2602
504600,507206,507226,20,2606
504600,507208,507227,19,2608
504600,507202,507229,27,2602
504600,507191,507231,40,2591
504600,507195,507230,35,2595
504463,507135,507231,96,2672
504600,507197,507231,34,2597
504600,507211,507231,20,2611
504600,507208,507232,24,2608
504600,507208,507233,25,2608
504600,507213,507234,21,2613
504600,507193,507233,40,2593
504600,507198,507234,36,2598
504600,507210,507233,23,2610
504600,507208,507234,26,2608
504600,507212,507234,22,2612
504600,507217,507234,17,2617
504600,507210,507235,25,2610
504600,507193,507236,43,2593
504600,507190,507236,46,2590
504600,507198,507236,38,2598
504600,507211,507236,25,2611
504600,507215,507236,21,2615
504600,507208,507237,29,2608
504600,507191,507238,47,2591
504600,507197,507238,41,2597
504600,507190,507239,49,2590
504600,507209,507239,30,2609
504600,507189,507240,51,2589
504600,507195,507240,45,2595
504600,507190,507240,50,2590
504600,507209,507241,32,2609
504600,507198,507241,43,2598
504600,507190,507242,52,2590
504600,507199,507242,43,2599
504600,507222,507243,21,2622
504600,507210,507243,33,2610
504600,507222,507243,21,2622
504600,507198,507243,45,2598
504600,507221,507243,22,2621
504600,507221,507244,23,2621
504600,507195,507244,49,2595
504600,507201,507245,44,2601
504600,507198,507244,46,2598
504600,507192,507245,53,2592
504600,507202,507246,44,2602
504600,507221,507247,26,2621
504600,507229,507247,18,2629
504600,507201,507250,49,2601
504600,507188,507250,62,2588
504600,507231,507250,19,2631
504600,507226,507251,25,2626
504600,507227,507251,24,2627
504600,507231,507252,21,2631
504600,507227,507252,25,2627
504600,507231,507252,21,2631
504600,507231,507252,21,2631
504600,507224,507253,29,2624
504600,507234,507253,19,2634
504600,507234,507253,19,2634
504600,507233,507253,20,2633
504600,507225,507254,29,2625
504600,507232,507254,22,2632
504600,507224,507255,31,2624
504600,507224,507255,31,2624
504600,507202,507254,52,2602
504600,507228,507255,27,2628
504600,507234,507255,21,2634
504600,507234,507255,21,2634
504600,507231,507255,24,2631
504600,507201,507255,54,2601
504600,507224,507256,32,2624
504600,507225,507258,33,2625
504600,507226,507258,32,2626
504600,507225,507259,34,2625
504600,507189,507259,70,2589
504600,507224,507259,35,2624
504600,507240,507260,20,2640
504600,507226,507260,34,2626
504600,507234,507261,27,2634
504600,507236,507260,24,2636
504600,507200,507262,62,2600
504600,507236,507262,26,2636
504678,507247,507262,15,2569
504600,507235,507262,27,2635
504600,507235,507262,27,2635
504600,507238,507263,25,2638
504600,507240,507264,24,2640
504600,507240,507264,24,2640
504600,507241,507263,22,2641
504600,507224,507263,39,2624
504600,507200,507264,64,2600
504600,507239,507264,25,2639
504678,507248,507265,17,2570
503335,506494,507265,771,3159
504600,507237,507266,29,2637
504600,507236,507267,31,2636
504600,507240,507266,26,2640
504678,507248,507267,19,2570
504600,507237,507268,31,2637
504600,507245,507268,23,2645
504600,507241,507268,27,2641
504678,507250,507268,18,2572
504600,507236,507269,33,2636
504600,507243,507269,26,2643
504600,507243,507269,26,2643
504678,507252,507270,18,2574
504600,507245,507270,25,2645
504600,507244,507269,25,2644
504600,507242,507270,28,2642
504600,507245,507270,25,2645
504600,507243,507271,28,2643
504678,507251,507271,20,2573
504678,507251,507271,20,2573
504600,507245,507272,27,2645
504600,507243,507273,30,2643
504600,507243,507274,31,2643
504600,507244,507274,30,2644
504678,507253,507275,22,2575
504600,507236,507276,40,2636
504678,507252,507277,25,2574
504678,507252,507279,27,2574
504678,507252,507280,28,2574
504678,507268,507281,13,2590
504678,507266,507283,17,2588
504678,507265,507283,18,2587
504678,507269,507283,14,2591
504678,507270,507283,13,2592
504678,507266,507285,19,2588
504678,507269,507284,15,2591
504678,507267,507285,18,2589
504678,507267,507285,18,2589
504678,507265,507284,19,2587
504600,507200,507285,85,2600
504678,507269,507286,17,2591
504678,507268,507285,17,2590
504678,507267,507286,19,2589
504678,507253,507285,32,2575
504678,507264,507286,22,2586
504678,507270,507288,18,2592
504678,507269,507288,19,2591
504678,507259,507289,30,2581
504678,507270,507289,19,2592
504678,507270,507291,21,2592
504678,507264,507292,28,2586
504678,507255,507294,39,2577
504678,507264,507294,30,2586
504678,507255,507294,39,2577
504678,507260,507295,35,2582
504678,507257,507295,38,2579
504678,507256,507295,39,2578
504678,507255,507295,40,2577
504678,507256,507295,39,2578
504678,507270,507296,26,2592
504678,507260,507297,37,2582
504678,507273,507296,23,2595
504678,507278,507297,19,2600
504678,507261,507298,37,2583
504678,507271,507298,27,2593
504678,507258,507298,40,2580
504678,507259,507299,40,2581
504678,507273,507298,25,2595
504678,507276,507299,23,2598
504678,507260,507299,39,2582
504678,507277,507299,22,2599
504678,507279,507299,20,2601
504678,507275,507300,25,2597
504678,507255,507301,46,2577
504678,507254,507301,47,2576
504678,507255,507302,47,2577
504678,507275,507302,27,2597
504678,507282,507303,21,2604
504678,507264,507302,38,2586
504678,507264,507302,38,2586
504678,507271,507303,32,2593
504678,507280,507304,24,2602
504678,507261,507304,43,2583
504678,507284,507304,20,2606
504678,507284,507306,22,2606
504678,507283,507306,23,2605
504678,507284,507306,22,2606
504678,507254,507307,53,2576
504678,507260,507307,47,2582
504678,507272,507307,35,2594
504678,507256,507307,51,2578
504678,507290,507309,19,2612
504678,507254,507309,55,2576
504678,507253,507309,56,2575
504678,507263,507311,48,2585
504678,507263,507310,47,2585
504678,507285,507311,26,2607
504678,507285,507312,27,2607
504678,507285,507312,27,2607
504678,507264,507312,48,2586
504678,507285,507312,27,2607
504678,507290,507312,22,2612
504678,507289,507313,24,2611
504678,507286,507313,27,2608
504678,507294,507313,19,2616
504678,507285,507313,28,2607
504678,507263,507314,51,2585
504678,507291,507314,23,2613
504678,507254,507315,61,2576
504678,507295,507315,20,2617
504678,507288,507315,27,2610
504678,507295,507315,20,2617
504678,507296,507315,19,2618
504678,507296,507315,19,2618
504678,507295,507316,21,2617
504678,507272,507317,45,2594
504678,507293,507316,23,2615
504678,507296,507316,20,2618
504678,507286,507317,31,2608
504678,507294,507318,24,2616
504678,507300,507320,20,2622
504678,507300,507321,21,2622
504678,507287,507321,34,2609
504678,507285,507322,37,2607
504678,507286,507323,37,2608
504678,507302,507323,21,2624
504678,507302,507324,22,2624
504678,507298,507324,26,2620
504678,507298,507324,26,2620
504678,507297,507324,27,2619
504678,507297,507325,28,2619
504678,507286,507324,38,2608
504772,507310,507326,16,2538
503435,506558,507326,768,3123
504678,507297,507326,29,2619
504678,507303,507327,24,2625
504678,507299,507327,28,2621
504678,507299,507327,28,2621
504678,507303,507327,24,2625
504678,507303,507327,24,2625
504678,507302,507328,26,2624
504678,507299,507328,29,2621
504772,507310,507328,18,2538
504678,507303,507328,25,2625
504772,507311,507329,18,2539
504772,507311,507328,17,2539
504678,507299,507330,31,2621
504678,507305,507330,25,2627
504678,507299,507330,31,2621
504678,507301,507331,30,2623
504678,507308,507331,23,2630
504678,507308,507331,23,2630
504678,507303,507331,28,2625
504678,507254,507332,78,2576
504678,507299,507332,33,2621
504772,507312,507332,20,2540
504678,507306,507333,27,2628
504772,507312,507334,22,2540
504772,507311,507335,24,2539
504678,507304,507335,31,2626
504772,507312,507336,24,2540
504678,507307,507336,29,2629
504772,507313,507336,23,2541
504678,507307,507336,29,2629
504678,507308,507337,29,2630
504678,507304,507336,32,2626
504678,507263,507337,74,2585
504772,507314,507337,23,2542
504678,507307,507339,32,2629
504772,507313,507344,31,2541
504678,507263,507346,83,2585
504772,507331,507346,15,2559
504772,507331,507347,16,2559
504772,507328,507348,20,2556
504772,507331,507348,17,2559
504772,507329,507348,19,2557
504772,507328,507347,19,2556
504772,507331,507348,17,2559
504772,507332,507349,17,2560
504772,507328,507349,21,2556
504772,507328,507349,21,2556
504772,507329,507348,19,2557
504772,507330,507349,19,2558
504772,507328,507349,21,2556
504772,507314,507349,35,2542
504772,507329,507349,20,2557
504772,507330,507351,21,2558
504772,507333,507352,19,2561
504772,507317,507354,37,2545
504772,507316,507354,38,2544
504772,507333,507354,21,2561
504772,507317,507355,38,2545
504772,507316,507357,41,2544
504772,507321,507358,37,2549
504772,507333,507358,25,2561
504772,507316,507358,42,2544
504772,507337,507359,22,2565
504772,507338,507359,21,2566
504772,507316,507360,44,2544
504772,507318,507360,42,2546
504772,507321,507360,39,2549
504772,507338,507361,23,2566
504772,507315,507360,45,2543
504772,507336,507361,25,2564
504772,507323,507362,39,2551
504772,507337,507362,25,2565
504772,507318,507362,44,2546
504772,507317,507362,45,2545
504772,507314,507362,48,2542
504772,507336,507364,28,2564
504772,507324,507364,40,2552
504772,507328,507357,29,2556
504772,507328,507355,27,2556
504772,507334,507360,26,2562
504772,507337,507357,20,2565
504772,507335,507366,31,2563
504772,507322,507366,44,2550
504772,507340,507366,26,2568
504772,507315,507366,51,2543
504772,507345,507366,21,2573
504772,507316,507367,51,2544
504772,507336,507368,32,2564
504772,507346,507369,23,2574
504772,507348,507369,21,2576
504772,507350,507369,19,2578
504772,507315,507370,55,2543
504772,507324,507370,46,2552
504772,507327,507370,43,2555
504772,507327,507369,42,2555
504772,507314,507370,56,2542
504772,507324,507370,46,2552
504772,507354,507371,17,2582
504772,507314,507371,57,2542
504772,507348,507370,22,2576
504772,507346,507371,25,2574
504772,507325,507371,46,2553
504772,507336,507372,36,2564
504772,507324,507373,49,2552
504772,507325,507373,48,2553
504772,507348,507373,25,2576
504772,507348,507374,26,2576
504772,507327,507374,47,2555
504772,507336,507375,39,2564
504772,507354,507376,22,2582
504772,507326,507376,50,2554
504772,507349,507377,28,2577
504772,507349,507376,27,2577
504772,507350,507377,27,2578
504772,507355,507377,22,2583
504772,507355,507377,22,2583
504772,507359,507378,19,2587
504772,507349,507379,30,2577
504772,507359,507380,21,2587
504772,507360,507380,20,2588
504772,507358,507380,22,2586
504772,507360,507380,20,2588
504772,507358,507381,23,2586
504772,507360,507381,21,2588
504772,507361,507383,22,2589
504772,507349,507383,34,2577
504772,507361,507383,22,2589
504772,507325,507384,59,2553
504772,507352,507384,32,2580
504883,507371,507384,13,2488
504772,507349,507385,36,2577
503583,506618,507386,768,3035
504883,507372,507387,15,2489
504772,507366,507387,21,2594
504772,507367,507387,20,2595
504772,507367,507387,20,2595
504772,507350,507387,37,2578
504772,507361,507388,27,2589
504772,507366,507388,22,2594
504772,507361,507388,27,2589
504772,507350,507388,38,2578
504772,507362,507388,26,2590
504772,507363,507389,26,2591
504772,507363,507390,27,2591
504772,507371,507390,19,2599
504772,507365,507389,24,2593
504772,507371,507390,19,2599
504772,507365,507390,25,2593
504772,507366,507390,24,2594
504772,507366,507391,25,2594
504883,507373,507391,18,2490
504772,507366,507390,24,2594
504883,507371,507392,21,2488
504883,507373,507392,19,2490
504772,507366,507391,25,2594
504883,507373,507392,19,2490
504772,507366,507392,26,2594
504772,507349,507393,44,2577
504772,507371,507394,23,2599
504772,507366,507393,27,2594
504772,507370,507394,24,2598
504772,507363,507394,31,2591
504883,507373,507395,22,2490
504772,507325,507396,71,2553
504772,507370,507396,26,2598
504772,507362,507397,35,2590
504772,507370,507396,26,2598
504772,507368,507396,28,2596
504772,507370,507397,27,2598
504772,507362,507397,35,2590
504772,507369,507397,28,2597
504883,507375,507397,22,2492
504883,507375,507398,23,2492
504772,507370,507398,28,2598
504772,507370,507399,29,2598
504883,507375,507400,25,2492
504772,507370,507403,33,2598
504883,507376,507403,27,2493
504883,507376,507405,29,2493
504883,507391,507407,16,2508
504883,507391,507408,17,2508
504883,507394,507408,14,2511
504883,507392,507408,16,2509
504883,507391,507409,18,2508
504883,507391,507409,18,2508
504883,507393,507409,16,2510
504883,507392,507409,17,2509
504883,507394,507410,16,2511
504883,507390,507410,20,2507
504883,507395,507412,17,2512
504883,507381,507412,31,2498
504883,507392,507412,20,2509
504883,507394,507413,19,2511
504883,507390,507413,23,2507
504883,507399,507415,16,2516
504883,507390,507415,25,2507
504883,507390,507416,26,2507
504883,507377,507417,40,2494
504883,507383,507417,34,2500
504883,507378,507417,39,2495
504883,507392,507418,26,2509
504883,507382,507418,36,2499
504883,507396,507418,22,2513
504883,507395,507419,24,2512
504883,507390,507420,30,2507
504883,507385,507420,35,2502
504883,507399,507420,21,2516
504883,507378,507421,43,2495
504883,507399,507421,22,2516
504883,507381,507421,40,2498
504883,507398,507422,24,2515
504883,507397,507422,25,2514
504883,507380,507423,43,2497
504883,507398,507423,25,2515
504883,507398,507423,25,2515
504883,507404,507424,20,2521
504883,507400,507424,24,2517
504883,507386,507424,38,2503
504883,507397,507426,29,2514
504883,507387,507426,39,2504
504883,507389,507426,37,2506
504883,507383,507426,43,2500
504883,507381,507427,46,2498
504883,507396,507427,31,2513
504883,507406,507426,20,2523
504883,507389,507427,38,2506
504883,507381,507428,47,2498
504883,507384,507428,44,2501
504883,507380,507429,49,2497
504883,507377,507429,52,2494
504883,507383,507428,45,2500
504883,507386,507428,42,2503
504883,507396,507424,28,2513
504883,507388,507429,41,2505
504883,507409,507429,20,2526
504883,507404,507430,26,2521
504883,507408,507430,22,2525
504883,507409,507431,22,2526
504883,507390,507433,43,2507
504883,507397,507433,36,2514
504883,507397,507433,36,2514
504883,507409,507433,24,2526
504883,507388,507434,46,2505
504883,507389,507434,45,2506
504883,507389,507434,45,2506
504883,507412,507434,22,2529
504883,507388,507434,46,2505
504883,507409,507435,26,2526
504883,507409,507436,27,2526
504883,507377,507437,60,2494
504883,507415,507439,24,2532
504883,507385,507439,54,2502
504883,507418,507439,21,2535
504883,507418,507439,21,2535
504883,507412,507439,27,2529
504883,507416,507439,23,2533
504883,507412,507440,28,2529
504883,507413,507440,27,2530
504883,507377,507441,64,2494
504883,507417,507442,25,2534
504883,507421,507442,21,2538
504883,507414,507442,28,2531
504883,507410,507444,34,2527
504883,507418,507445,27,2535
504883,507419,507445,26,2536
504883,507409,507446,37,2526
504883,507420,507445,25,2537
504883,507419,507446,27,2536
504883,507420,507446,26,2537
504883,507421,507446,25,2538
504883,507427,507447,20,2544
505006,507433,507447,14,2427
504883,507410,507447,37,2527
504883,507409,507449,40,2526
504883,507425,507449,24,2542
504883,507422,507449,27,2539
504883,507428,507449,21,2545
504883,507429,507449,20,2546
504883,507421,507449,28,2538
505006,507434,507449,15,2428
504883,507422,507450,28,2539
504883,507427,507450,23,2544
505006,507433,507450,17,2427
504883,507422,507450,28,2539
505006,507435,507450,15,2429
504883,507428,507451,23,2545
504883,507431,507452,21,2548
504883,507427,507452,25,2544
504883,507428,507452,24,2545
504883,507425,507453,28,2542
505006,507434,507453,19,2428
504883,507429,507453,24,2546
504883,507427,507453,26,2544
504883,507427,507453,26,2544
504883,507427,507453,26,2544
504883,507430,507454,24,2547
505006,507438,507454,16,2432
504883,507430,507454,24,2547
504883,507427,507454,27,2544
505006,507435,507454,19,2429
504883,507423,507454,31,2540
505006,507435,507454,19,2429
504883,507430,507455,25,2547
504883,507424,507455,31,2541
504883,507430,507455,25,2547
505006,507436,507455,19,2430
504883,507431,507456,25,2548
504883,507424,507458,34,2541
503607,506678,507457,779,3071
504883,507430,507458,28,2547
504883,507423,507460,37,2540
504883,507423,507461,38,2540
504883,507429,507460,31,2546
505006,507437,507461,24,2431
504883,507388,507460,72,2505
504883,507430,507462,32,2547
504883,507433,507463,30,2550
505006,507439,507463,24,2433
504883,507388,507464,76,2505
505006,507454,507469,15,2448
505006,507455,507469,14,2449
505006,507439,507470,31,2433
505006,507455,507471,16,2449
505006,507455,507471,16,2449
505006,507453,507471,18,2447
505006,507454,507472,18,2448
505006,507454,507473,19,2448
505006,507453,507473,20,2447
505006,507454,507472,18,2448
505006,507453,507473,20,2447
505006,507455,507474,19,2449
505006,507455,507474,19,2449
505006,507454,507474,20,2448
505006,507455,507474,19,2449
505006,507454,507475,21,2448
505006,507439,507477,38,2433
505006,507452,507478,26,2446
505006,507451,507477,26,2445
505006,507447,507479,32,2441
505006,507452,507479,27,2446
505006,507447,507480,33,2441
505006,507445,507481,36,2439
505006,507448,507482,34,2442
505006,507463,507482,19,2457
505006,507461,507482,21,2455
505006,507456,507482,26,2450
505006,507442,507483,41,2436
505006,507461,507483,22,2455
505006,507459,507485,26,2453
505006,507463,507484,21,2457
505006,507460,507485,25,2454
505006,507441,507485,44,2435
505006,507442,507485,43,2436
505006,507458,507486,28,2452
505006,507448,507486,38,2442
505006,507461,507486,25,2455
505006,507463,507486,23,2457
505006,507456,507486,30,2450
505006,507445,507486,41,2439
505006,507446,507486,40,2440
505006,507458,507487,29,2452
505006,507461,507487,26,2455
505006,507464,507487,23,2458
505006,507445,507488,43,2439
505006,507441,507488,47,2435
505006,507456,507489,33,2450
505006,507442,507489,47,2436
505006,507470,507488,18,2464
505006,507471,507490,19,2465
505006,507447,507490,43,2441
505006,507439,507490,51,2433
505006,507446,507491,45,2440
505006,507449,507491,42,2443
505006,507440,507492,52,2434
505006,507451,507491,40,2445
505006,507471,507492,21,2465
505006,507469,507492,23,2463
505006,507449,507492,43,2443
505006,507470,507493,23,2464
505006,507440,507494,54,2434
505006,507457,507494,37,2451
505006,507447,507495,48,2441
505006,507449,507495,46,2443
505006,507475,507498,23,2469
505006,507482,507498,16,2476
505006,507471,507498,27,2465
505006,507449,507499,50,2443
505006,507451,507498,47,2445
505006,507472,507499,27,2466
505006,507451,507500,49,2445
505006,507481,507500,19,2475
505006,507451,507500,49,2445
505006,507456,507500,44,2450
505006,507479,507500,21,2473
505006,507483,507500,17,2477
505006,507478,507501,23,2472
505006,507474,507501,27,2468
505006,507483,507502,19,2477
505006,507476,507502,26,2470
505006,507478,507503,25,2472
505006,507482,507502,20,2476
505006,507483,507504,21,2477
505006,507482,507506,24,2476
505006,507440,507507,67,2434
505006,507473,507508,35,2467
505006,507487,507508,21,2481
505006,507474,507508,34,2468
505006,507488,507508,20,2482
505006,507484,507509,25,2478
505006,507490,507510,20,2484
505006,507488,507511,23,2482
505006,507473,507511,38,2467
505006,507450,507511,61,2444
505006,507478,507511,33,2472
505106,507496,507512,16,2390
505006,507488,507512,24,2482
505006,507486,507513,27,2480
505006,507487,507513,26,2481
505006,507489,507513,24,2483
505006,507490,507513,23,2484
505006,507474,507514,40,2468
505006,507491,507514,23,2485
505006,507449,507514,65,2443
505106,507495,507514,19,2389
505006,507485,507514,29,2479
505006,507492,507514,22,2486
505006,507486,507514,28,2480
505006,507488,507514,26,2482
505006,507486,507515,29,2480
505006,507495,507514,19,2489
505106,507499,507514,15,2393
505006,507486,507515,29,2480
505006,507474,507515,41,2468
505006,507491,507515,24,2485
505006,507480,507514,34,2474
505006,507488,507515,27,2482
505006,507489,507516,27,2483
505006,507492,507515,23,2486
505006,507493,507515,22,2487
505006,507492,507516,24,2486
505006,507492,507516,24,2486
505106,507498,507516,18,2392
505006,507486,507517,31,2480
505006,507450,507517,67,2444
505006,507486,507518,32,2480
505006,507492,507518,26,2486
505106,507499,507518,19,2393
505006,507473,507519,46,2467
505006,507493,507519,26,2487
505006,507487,507519,32,2481
505106,507499,507520,21,2393
505006,507487,507518,31,2481
505006,507485,507522,37,2479
505006,507492,507520,28,2486
505106,507500,507523,23,2394
505106,507499,507522,23,2393
505106,507500,507524,24,2394
505106,507499,507526,27,2393
505106,507500,507532,32,2394
505106,507515,507532,17,2409
505106,507516,507534,18,2410
505106,507516,507534,18,2410
505106,507516,507535,19,2410
505106,507515,507536,21,2409
505106,507516,507536,20,2410
505106,507515,507538,23,2409
505106,507516,507539,23,2410
505106,507515,507538,23,2409
505106,507517,507540,23,2411
505106,507516,507540,24,2410
505106,507515,507540,25,2409
505106,507516,507540,24,2410
505106,507517,507542,25,2411
505106,507517,507542,25,2411
505106,507516,507543,27,2410
505106,507519,507542,23,2413
505106,507525,507544,19,2419
505106,507512,507544,32,2406
505106,507511,507546,35,2405
505106,507523,507547,24,2417
505106,507527,507546,19,2421
505106,507508,507548,40,2402
505106,507515,507548,33,2409
505106,507503,507548,45,2397
505106,507520,507548,28,2414
505106,507511,507548,37,2405
505106,507501,507549,48,2395
505106,507513,507550,37,2407
505106,507524,507549,25,2418
505106,507503,507550,47,2397
505106,507509,507550,41,2403
503721,506743,507551,808,3022
505106,507502,507551,49,2396
505106,507533,507551,18,2427
505106,507524,507551,27,2418
505106,507513,507552,39,2407
505106,507519,507553,34,2413
505106,507524,507553,29,2418
505106,507501,507553,52,2395
505106,507508,507554,46,2402
505106,507510,507554,44,2404
505106,507533,507554,21,2427
505106,507518,507555,37,2412
505106,507507,507555,48,2401
505106,507535,507555,20,2429
505106,507512,507557,45,2406
505106,507535,507557,22,2429
505106,507505,507557,52,2399
505106,507508,507557,49,2402
505106,507513,507557,44,2407
505106,507514,507557,43,2408
505106,507509,507558,49,2403
505106,507515,507559,44,2409
505106,507524,507559,35,2418
505106,507509,507560,51,2403
505106,507519,507560,41,2413
505106,507537,507560,23,2431
505106,507518,507560,42,2412
505106,507519,507561,42,2413
505106,507502,507560,58,2396
505106,507535,507560,25,2429
505106,507538,507563,25,2432
505106,507543,507564,21,2437
505106,507548,507564,16,2442
505106,507543,507564,21,2437
505106,507539,507565,26,2433
505106,507544,507565,21,2438
505106,507539,507565,26,2433
505106,507537,507566,29,2431
505106,507548,507566,18,2442
505106,507543,507567,24,2437
505106,507514,507568,54,2408
505106,507545,507567,22,2439
505106,507502,507568,66,2396
505106,507549,507568,19,2443
505106,507548,507568,20,2442
505106,507548,507568,20,2442
505106,507541,507569,28,2435
505106,507547,507568,21,2441
505106,507502,507569,67,2396
505106,507514,507570,56,2408
505106,507548,507569,21,2442
505106,507540,507570,30,2434
505106,507519,507571,52,2413
505106,507545,507572,27,2439
505106,507514,507573,59,2408
505106,507501,507573,72,2395
505106,507540,507573,33,2434
505106,507550,507575,25,2444
505106,507551,507575,24,2445
503810,506806,507576,770,2996
505106,507550,507576,26,2444
505106,507547,507577,30,2441
505106,507552,507577,25,2446
505106,507546,507577,31,2440
505106,507555,507576,21,2449
505106,507514,507578,64,2408
505106,507540,507578,38,2434
505106,507514,507578,64,2408
505106,507553,507580,27,2447
505106,507555,507579,24,2449
505106,507552,507580,28,2446
505106,507555,507580,25,2449
505106,507558,507580,22,2452
505106,507557,507581,24,2451
505106,507557,507582,25,2451
505106,507553,507582,29,2447
505106,507554,507582,28,2448
505106,507559,507583,24,2453
505106,507561,507583,22,2455
505214,507564,507583,19,2350
505106,507558,507583,25,2452
505106,507558,507584,26,2452
505106,507561,507585,24,2455
505106,507554,507586,32,2448
505106,507551,507586,35,2445
505214,507564,507586,22,2350
505214,507565,507586,21,2351
505106,507554,507586,32,2448
505106,507551,507587,36,2445
505106,507555,507586,31,2449
505106,507558,507587,29,2452
505106,507559,507587,28,2453
505106,507561,507588,27,2455
505106,507561,507587,26,2455
505106,507514,507588,74,2408
505106,507515,507588,73,2409
505106,507561,507588,27,2455
505214,507566,507589,23,2352
505106,507561,507589,28,2455
505106,507560,507589,29,2454
505106,507560,507589,29,2454
505214,507566,507589,23,2352
505106,507554,507589,35,2448
505106,507552,507590,38,2446
505214,507566,507591,25,2352
505214,507568,507591,23,2354
505214,507566,507593,27,2352
505214,507566,507593,27,2352
505214,507568,507597,29,2354
505214,507568,507600,32,2354
505214,507584,507605,21,2370
505214,507586,507607,21,2372
505214,507587,507609,22,2373
505214,507585,507609,24,2371
505214,507585,507609,24,2371
505214,507587,507610,23,2373
505214,507584,507610,26,2370
505214,507587,507610,23,2373
505214,507586,507611,25,2372
505214,507575,507612,37,2361
505214,507586,507612,26,2372
505214,507590,507614,24,2376
505214,507587,507614,27,2373
505214,507583,507615,32,2369
505214,507592,507614,22,2378
505214,507577,507614,37,2363
505214,507584,507606,22,2370
505214,507574,507616,42,2360
505214,507590,507617,27,2376
505214,507594,507617,23,2380
505214,507594,507617,23,2380
505214,507577,507618,41,2363
505214,507590,507618,28,2376
505214,507573,507619,46,2359
505214,507577,507619,42,2363
505214,507574,507620,46,2360
505214,507575,507620,45,2361
505214,507590,507621,31,2376
505214,507570,507621,51,2356
505214,507587,507622,35,2373
505214,507588,507621,33,2374
505214,507570,507622,52,2356
505214,507572,507622,50,2358
505214,507601,507622,21,2387
505214,507591,507623,32,2377
505214,507571,507623,52,2357
505214,507598,507623,25,2384
505214,507578,507623,45,2364
505214,507588,507624,36,2374
505214,507568,507624,56,2354
505214,507578,507624,46,2364
505214,507577,507624,47,2363
505214,507588,507624,36,2374
505214,507590,507625,35,2376
505214,507589,507626,37,2375
505214,507573,507626,53,2359
505214,507577,507627,50,2363
505214,507588,507627,39,2374
505214,507576,507627,51,2362
505214,507587,507628,41,2373
505214,507570,507628,58,2356
505214,507579,507629,50,2365
505214,507583,507629,46,2369
505214,507568,507630,62,2354
505214,507609,507632,23,2395
505214,507610,507635,25,2396
505214,507608,507635,27,2394
505214,507609,507636,27,2395
505214,507609,507636,27,2395
505214,507589,507637,48,2375
505214,507569,507638,69,2355
505214,507618,507638,20,2404
505214,507569,507639,70,2355
505214,507615,507639,24,2401
505214,507610,507639,29,2396
505214,507616,507639,23,2402
505214,507589,507641,52,2375
503942,506871,507641,770,2929
505214,507618,507641,23,2404
505214,507618,507641,23,2404
505214,507569,507641,72,2355
505214,507618,507641,23,2404
505214,507616,507642,26,2402
505214,507610,507643,33,2396
505214,507614,507643,29,2400
505214,507619,507644,25,2405
505214,507583,507644,61,2369
505214,507569,507644,75,2355
505214,507617,507644,27,2403
505214,507622,507644,22,2408
505214,507582,507645,63,2368
505214,507616,507645,29,2402
505214,507615,507646,31,2401
505214,507620,507645,25,2406
505214,507621,507646,25,2407
505214,507612,507648,36,2398
505214,507622,507649,27,2408
505214,507621,507650,29,2407
505214,507615,507649,34,2401
505214,507620,507650,30,2406
505214,507624,507651,27,2410
505214,507621,507651,30,2407
505214,507618,507652,34,2404
505214,507582,507653,71,2368
505214,507626,507652,26,2412
505214,507613,507652,39,2399
505214,507623,507653,30,2409
505214,507626,507654,28,2412
505214,507622,507654,32,2408
505214,507581,507654,73,2367
505214,507626,507654,28,2412
505214,507628,507654,26,2414
505214,507628,507654,26,2414
505214,507623,507655,32,2409
505214,507628,507655,27,2414
505214,507581,507655,74,2367
505214,507629,507658,29,2415
505214,507625,507659,34,2411
505314,507640,507659,19,2326
505214,507627,507660,33,2413
505214,507628,507660,32,2414
505214,507630,507660,30,2416
505214,507625,507661,36,2411
505214,507625,507661,36,2411
505214,507612,507661,49,2398
505214,507623,507661,38,2409
505214,507624,507662,38,2410
505214,507633,507662,29,2419
505214,507636,507662,26,2422
505214,507629,507662,33,2415
505214,507638,507662,24,2424
505214,507637,507662,25,2423
505214,507624,507663,39,2410
505314,507640,507663,23,2326
505314,507640,507663,23,2326
505314,507640,507664,24,2326
505314,507641,507664,23,2327
505314,507641,507665,24,2327
505214,507580,507667,87,2366
505314,507642,507666,24,2328
505314,507642,507668,26,2328
505214,507625,507669,44,2411
505214,507637,507669,32,2423
505214,507639,507669,30,2425
505214,507625,507669,44,2411
505214,507636,507670,34,2422
505314,507641,507672,31,2327
505314,507642,507673,31,2328
505314,507642,507674,32,2328
505214,507580,507674,94,2366
505214,507581,507678,97,2367
505314,507662,507682,20,2348
505314,507662,507683,21,2348
505314,507661,507687,26,2347
505314,507662,507687,25,2348
505314,507663,507687,24,2349
505314,507664,507688,24,2350
505314,507664,507688,24,2350
505314,507662,507689,27,2348
505314,507664,507689,25,2350
505314,507660,507689,29,2346
505314,507662,507690,28,2348
505314,507646,507691,45,2332
505314,507652,507691,39,2338
505314,507665,507692,27,2351
505314,507652,507692,40,2338
505314,507660,507693,33,2346
505314,507653,507693,40,2339
505314,507663,507693,30,2349
505314,507663,507694,31,2349
505314,507670,507694,24,2356
505314,507646,507694,48,2332
505314,507647,507695,48,2333
505314,507665,507696,31,2351
505314,507664,507696,32,2350
505314,507670,507697,27,2356
505314,507673,507698,25,2359
505314,507651,507698,47,2337
505314,507675,507697,22,2361
505314,507644,507697,53,2330
505314,507651,507698,47,2337
505314,507653,507699,46,2339
505314,507650,507699,49,2336
505314,507675,507698,23,2361
505314,507670,507699,29,2356
505314,507650,507699,49,2336
505314,507653,507700,47,2339
505314,507650,507700,50,2336
505314,507649,507700,51,2335
505314,507673,507700,27,2359
505314,507656,507701,45,2342
505314,507663,507700,37,2349
505314,507660,507701,41,2346
505314,507679,507703,24,2365
505314,507655,507703,48,2341
504061,506933,507703,770,2872
505314,507667,507704,37,2353
505314,507654,507704,50,2340
505314,507669,507703,34,2355
505314,507654,507705,51,2340
505314,507658,507706,48,2344
505314,507669,507707,38,2355
505314,507645,507708,63,2331
505314,507654,507708,54,2340
505314,507645,507708,63,2331
505314,507667,507711,44,2353
505314,507684,507711,27,2370
505314,507655,507712,57,2341
505314,507660,507714,54,2346
505314,507644,507714,70,2330
505314,507689,507714,25,2375
505314,507656,507714,58,2342
505314,507644,507714,70,2330
505314,507683,507714,31,2369
505314,507688,507716,28,2374
505314,507687,507716,29,2373
505314,507689,507717,28,2375
505314,507687,507718,31,2373
505314,507688,507718,30,2374
505314,507695,507718,23,2381
505314,507690,507719,29,2376
505314,507694,507719,25,2380
505314,507692,507719,27,2378
505314,507669,507719,50,2355
505314,507693,507721,28,2379
505314,507694,507721,27,2380
505314,507660,507721,61,2346
505314,507695,507721,26,2381
505314,507654,507722,68,2340
505314,507692,507722,30,2378
505314,507698,507724,26,2384
505314,507645,507724,79,2331
505314,507654,507723,69,2340
505314,507698,507724,26,2384
505314,507645,507725,80,2331
505314,507695,507726,31,2381
505314,507691,507726,35,2377
505314,507691,507726,35,2377
505314,507696,507727,31,2382
505314,507698,507728,30,2384
505314,507645,507728,83,2331
505314,507698,507728,30,2384
505314,507690,507728,38,2376
505314,507698,507729,31,2384
505314,507700,507731,31,2386
505314,507699,507731,32,2385
505314,507699,507731,32,2385
505314,507697,507732,35,2383
505314,507699,507732,33,2385
505314,507704,507734,30,2390
505314,507690,507734,44,2376
505314,507700,507734,34,2386
505314,507705,507735,30,2391
505314,507701,507736,35,2387
505314,507694,507736,42,2380
505314,507704,507735,31,2390
505314,507701,507736,35,2387
505314,507700,507737,37,2386
505314,507704,507737,33,2390
505314,507708,507738,30,2394
505404,507717,507738,21,2313
505314,507645,507738,93,2331
505314,507702,507738,36,2388
505314,507701,507739,38,2387
505404,507715,507739,24,2311
505314,507706,507739,33,2392
505314,507703,507740,37,2389
505314,507703,507741,38,2389
505404,507717,507740,23,2313
505314,507654,507741,87,2340
505314,507701,507742,41,2387
505314,507700,507741,41,2386
505314,507699,507743,44,2385
505314,507714,507743,29,2400
505404,507719,507745,26,2315
505404,507718,507745,27,2314
505314,507712,507745,33,2398
505314,507715,507745,30,2401
505314,507714,507745,31,2400
505404,507720,507745,25,2316
505314,507712,507746,34,2398
505404,507719,507746,27,2315
505314,507709,507746,37,2395
505314,507715,507746,31,2401
505314,507708,507747,39,2394
505314,507703,507748,45,2389
505314,507712,507748,36,2398
505314,507709,507749,40,2395
505404,507718,507748,30,2314
505404,507720,507751,31,2316
505404,507720,507752,32,2316
505404,507719,507754,35,2315
505404,507740,507763,23,2336
505404,507742,507765,23,2338
505404,507742,507765,23,2338
505404,507743,507766,23,2339
505404,507741,507766,25,2337
505404,507744,507768,24,2340
505404,507731,507768,37,2327
505404,507741,507769,28,2337
504166,506997,507771,774,2831
505404,507739,507771,32,2335
505404,507745,507772,27,2341
505404,507745,507772,27,2341
505404,507745,507772,27,2341
505404,507739,507773,34,2335
505404,507746,507774,28,2342
505404,507741,507774,33,2337
505404,507739,507775,36,2335
505404,507746,507776,30,2342
505404,507745,507776,31,2341
505404,507726,507776,50,2322
505404,507727,507777,50,2323
505404,507727,507777,50,2323
505404,507749,507778,29,2345
505404,507729,507779,50,2325
505404,507740,507778,38,2336
505404,507729,507779,50,2325
505404,507749,507779,30,2345
505404,507729,507779,50,2325
505404,507746,507780,34,2342
505404,507749,507781,32,2345
505404,507752,507780,28,2348
505404,507737,507781,44,2333
505404,507736,507781,45,2332
505404,507752,507782,30,2348
505404,507729,507783,54,2325
505404,507737,507783,46,2333
505404,507727,507783,56,2323
505404,507748,507783,35,2344
505404,507721,507784,63,2317
505404,507731,507784,53,2327
505404,507755,507784,29,2351
505404,507726,507784,58,2322
505404,507747,507785,38,2343
505404,507739,507787,48,2335
505404,507724,507787,63,2320
505404,507736,507788,52,2332
505404,507746,507789,43,2342
505404,507724,507788,64,2320
505404,507748,507790,42,2344
505404,507765,507790,25,2361
505404,507729,507790,61,2325
505404,507732,507793,61,2328
505404,507763,507793,30,2359
505404,507732,507794,62,2328
505404,507767,507794,27,2363
505404,507746,507795,49,2342
505404,507768,507797,29,2364
505404,507769,507797,28,2365
505404,507737,507798,61,2333
505404,507736,507799,63,2332
505404,507766,507799,33,2362
505404,507724,507799,75,2320
505404,507766,507799,33,2362
505404,507721,507800,79,2317
505404,507733,507801,68,2329
505404,507771,507804,33,2367
505404,507773,507804,31,2369
505404,507722,507805,83,2318
505404,507734,507805,71,2330
505404,507779,507805,26,2375
505404,507736,507805,69,2332
505404,507738,507805,67,2334
505404,507780,507805,25,2376
505404,507781,507806,25,2377
505404,507777,507806,29,2373
505404,507773,507806,33,2369
505404,507735,507807,72,2331
505404,507772,507808,36,2368
505404,507722,507809,87,2318
505404,507777,507809,32,2373
505404,507780,507809,29,2376
505404,507781,507809,28,2377
505404,507722,507809,87,2318
505404,507773,507809,36,2369
505404,507774,507809,35,2370
505404,507776,507809,33,2372
505404,507722,507809,87,2318
505404,507770,507809,39,2366
505404,507781,507810,29,2377
505404,507777,507810,33,2373
505404,507773,507811,38,2369
505404,507780,507811,31,2376
505404,507776,507811,35,2372
505404,507775,507811,36,2371
505404,507779,507812,33,2375
505404,507779,507813,34,2375
505404,507738,507813,75,2334
505404,507777,507814,37,2373
505404,507724,507815,91,2320
505404,507782,507817,35,2378
505404,507790,507817,27,2386
505404,507785,507818,33,2381
505404,507778,507819,41,2374
505404,507785,507819,34,2381
505404,507787,507819,32,2383
505404,507784,507819,35,2380
505404,507788,507820,32,2384
505404,507791,507819,28,2387
505404,507734,507820,86,2330
505521,507801,507821,20,2280
505404,507784,507821,37,2380
505521,507800,507821,21,2279
505404,507784,507822,38,2380
505404,507782,507823,41,2378
505404,507789,507822,33,2385
505404,507789,507823,34,2385
505404,507785,507825,40,2381
505404,507784,507825,41,2380
505404,507794,507826,32,2390
505404,507785,507825,40,2381
505404,507794,507827,33,2390
505404,507797,507829,32,2393
505404,507786,507828,42,2382
505404,507789,507829,40,2385
505404,507790,507830,40,2386
505404,507798,507830,32,2394
505521,507805,507831,26,2284
505404,507793,507831,38,2389
505521,507802,507831,29,2281
505521,507805,507830,25,2284
505404,507800,507832,32,2396
505404,507794,507832,38,2390
505521,507806,507832,26,2285
505404,507798,507833,35,2394
505404,507796,507834,38,2392
505404,507799,507835,36,2395
505521,507806,507835,29,2285
505521,507806,507838,32,2285
505521,507806,507840,34,2285
505521,507806,507840,34,2285
505521,507806,507841,35,2285
505521,507826,507844,18,2305
505521,507827,507844,17,2306
505521,507826,507845,19,2305
505521,507826,507845,19,2305
505521,507829,507849,20,2308
505521,507831,507854,23,2310
505521,507829,507854,25,2308
505521,507825,507856,31,2304
505521,507831,507857,26,2310
505521,507810,507857,47,2289
505521,507831,507858,27,2310
505521,507829,507858,29,2308
504268,507060,507859,799,2792
505521,507830,507859,29,2309
505521,507831,507859,28,2310
505521,507811,507861,50,2290
505521,507810,507862,52,2289
505521,507831,507862,31,2310
505521,507819,507861,42,2298
505521,507811,507862,51,2290
505521,507833,507863,30,2312
505521,507810,507863,53,2289
505521,507811,507863,52,2290
505521,507823,507863,40,2302
505521,507806,507865,59,2285
505521,507833,507867,34,2312
505521,507811,507867,56,2290
505521,507823,507868,45,2302
505521,507819,507868,49,2298
505521,507823,507869,46,2302
505521,507820,507868,48,2299
505521,507841,507869,28,2320
505521,507823,507870,47,2302
505521,507833,507870,37,2312
505521,507813,507871,58,2292
505521,507820,507870,50,2299
505521,507841,507872,31,2320
505521,507835,507872,37,2314
505521,507822,507873,51,2301
505521,507813,507873,60,2292
505521,507836,507873,37,2315
505521,507810,507874,64,2289
505521,507844,507874,30,2323
505521,507812,507874,62,2291
505521,507836,507875,39,2315
505521,507810,507875,65,2289
505521,507818,507875,57,2297
505521,507810,507876,66,2289
505521,507845,507876,31,2324
505521,507810,507877,67,2289
505521,507838,507877,39,2317
505521,507820,507877,57,2299
505521,507846,507878,32,2325
505521,507842,507878,36,2321
505521,507821,507879,58,2300
505521,507834,507880,46,2313
505521,507820,507880,60,2299
505521,507845,507881,36,2324
504380,507122,507881,759,2742
505521,507818,507883,65,2297
505521,507849,507883,34,2328
505521,507854,507884,30,2333
505521,507814,507886,72,2293
505521,507808,507885,77,2287
505521,507807,507886,79,2286
505521,507854,507886,32,2333
505521,507856,507889,33,2335
505521,507857,507889,32,2336
505521,507864,507889,25,2343
505521,507867,507891,24,2346
505521,507859,507892,33,2338
505521,507858,507893,35,2337
505521,507807,507893,86,2286
505521,507809,507894,85,2288
505521,507858,507894,36,2337
505521,507807,507895,88,2286
505521,507864,507895,31,2343
505521,507860,507896,36,2339
505521,507810,507896,86,2289
505521,507821,507896,75,2300
505521,507820,507896,76,2299
505521,507864,507897,33,2343
505521,507859,507896,37,2338
505521,507814,507897,83,2293
505521,507868,507898,30,2347
505521,507861,507898,37,2340
505521,507862,507897,35,2341
505521,507866,507897,31,2345
505521,507862,507899,37,2341
505521,507863,507899,36,2342
505521,507817,507899,82,2296
505521,507857,507899,42,2336
505521,507869,507900,31,2348
505521,507810,507900,90,2289
505521,507869,507900,31,2348
505521,507871,507900,29,2350
505521,507868,507901,33,2347
505521,507869,507901,32,2348
505521,507862,507902,40,2341
505521,507869,507902,33,2348
505521,507810,507902,92,2289
505521,507877,507906,29,2356
505521,507873,507908,35,2352
505521,507875,507907,32,2354
505521,507871,507909,38,2350
505521,507874,507909,35,2353
505521,507873,507910,37,2352
505521,507875,507910,35,2354
505521,507877,507910,33,2356
505521,507862,507910,48,2341
505521,507877,507911,34,2356
505601,507886,507912,26,2285
505601,507887,507913,26,2286
505521,507873,507913,40,2352
505521,507874,507913,39,2353
505521,507878,507913,35,2357
505521,507871,507913,42,2350
505521,507816,507914,98,2295
505521,507875,507914,39,2354
505601,507887,507915,28,2286
505521,507874,507915,41,2353
505521,507881,507916,35,2360
505521,507880,507916,36,2359
505521,507883,507917,34,2362
505601,507886,507918,32,2285
505521,507876,507917,41,2355
505521,507878,507919,41,2357
505521,507871,507919,48,2350
505601,507890,507920,30,2289
505521,507877,507920,43,2356
505521,507882,507920,38,2361
505521,507883,507920,37,2362
505521,507875,507921,46,2354
505521,507881,507921,40,2360
505601,507890,507923,33,2289
505521,507881,507924,43,2360
505601,507893,507926,33,2292
505521,507878,507926,48,2357
505601,507893,507927,34,2292
505601,507890,507928,38,2289
505601,507894,507928,34,2293
505601,507914,507930,16,2313
505601,507914,507931,17,2313
505601,507915,507930,15,2314
505601,507916,507932,16,2315
505601,507891,507932,41,2290
505601,507916,507935,19,2315
505601,507916,507936,20,2315
505601,507914,507938,24,2313
505601,507913,507941,28,2312
505601,507918,507945,27,2317
505601,507914,507946,32,2313
505601,507909,507948,39,2308
505601,507920,507947,27,2319
505601,507912,507949,37,2311
505601,507921,507950,29,2320
504467,507182,507950,768,2715
505601,507919,507950,31,2318
505601,507913,507950,37,2312
505601,507913,507951,38,2312
505601,507918,507952,34,2317
505601,507918,507952,34,2317
505601,507903,507952,49,2302
505601,507899,507953,54,2298
505601,507914,507954,40,2313
505601,507907,507954,47,2306
505601,507908,507955,47,2307
505601,507919,507955,36,2318
505601,507910,507956,46,2309
505601,507921,507956,35,2320
505601,507923,507956,33,2322
505601,507900,507958,58,2299
505601,507920,507958,38,2319
505601,507911,507959,48,2310
505601,507920,507959,39,2319
505601,507900,507960,60,2299
505601,507899,507960,61,2298
505601,507922,507961,39,2321
505601,507897,507963,66,2296
505601,507908,507963,55,2307
505601,507898,507963,65,2297
505601,507895,507965,70,2294
505601,507898,507966,68,2297
505601,507928,507966,38,2327
505601,507901,507966,65,2300
505601,507911,507967,56,2310
505601,507901,507968,67,2300
505601,507926,507969,43,2325
505601,507911,507969,58,2310
505601,507935,507969,34,2334
505601,507900,507969,69,2299
505601,507911,507971,60,2310
505601,507927,507970,43,2326
505601,507932,507972,40,2331
505601,507898,507972,74,2297
505601,507929,507973,44,2328
505601,507897,507974,77,2296
505601,507898,507974,76,2297
505601,507931,507975,44,2330
505601,507936,507975,39,2335
505601,507902,507976,74,2301
505601,507931,507976,45,2330
505601,507932,507975,43,2331
505601,507896,507977,81,2295
505601,507898,507978,80,2297
505601,507895,507978,83,2294
505601,507930,507978,48,2329
505601,507896,507978,82,2295
505601,507897,507978,81,2296
505601,507942,507979,37,2341
505601,507928,507980,52,2327
505601,507896,507982,86,2295
505601,507896,507982,86,2295
505601,507961,507986,25,2360
505601,507954,507987,33,2353
505601,507963,507987,24,2362
505601,507956,507988,32,2355
505601,507902,507988,86,2301
505601,507957,507988,31,2356
505601,507897,507989,92,2296
505601,507942,507991,49,2341
505601,507954,507992,38,2353
505601,507938,507992,54,2337
505601,507957,507992,35,2356
505601,507961,507993,32,2360
505601,507902,507994,92,2301
505601,507946,507994,48,2345
505601,507958,507994,36,2357
505601,507955,507995,40,2354
505601,507945,507996,51,2344
505601,507955,507996,41,2354
505601,507952,507998,46,2351
505601,507959,507999,40,2358
505601,507948,508000,52,2347
505601,507960,507999,39,2359
505601,507953,508000,47,2352
505714,507979,508000,21,2265
505601,507954,508000,46,2353
505601,507964,508001,37,2363
505714,507977,508001,24,2263
505601,507951,508001,50,2350
505714,507979,508001,22,2265
505601,507959,508003,44,2358
505714,507979,508004,25,2265
505601,507902,508004,102,2301
505601,507959,508005,46,2358
505601,507948,508005,57,2347
505601,507901,508005,104,2300
505601,507968,508006,38,2367
505601,507964,508006,42,2363
505601,507967,508007,40,2366
505601,507949,508008,59,2348
505601,507950,508009,59,2349
505601,507950,508009,59,2349
505601,507976,508009,33,2375
505601,507967,508010,43,2366
505601,507969,508010,41,2368
505601,507974,508009,35,2373
505601,507952,508009,57,2351
505601,507966,508010,44,2365
505601,507970,508011,41,2369
505601,507976,508011,35,2375
505601,507968,508011,43,2367
505601,507972,508012,40,2371
505601,507971,508012,41,2370
505714,507979,508013,34,2265
505601,507974,508013,39,2373
505714,507980,508013,33,2266
505601,507952,508013,61,2351
505601,507969,508014,45,2368
505601,507970,508014,44,2369
505601,507950,508014,64,2349
505601,507976,508015,39,2375
505601,507967,508015,48,2366
505601,507975,508015,40,2374
505714,507980,508017,37,2266
505601,507973,508018,45,2372
504603,507246,508019,773,2643
505714,507983,508018,35,2269
505601,507971,508019,48,2370
505714,507979,508020,41,2265
505714,508010,508025,15,2296
505714,508010,508025,15,2296
505714,508011,508025,14,2297
505714,508010,508025,15,2296
505714,508012,508027,15,2298
505601,507973,508021,48,2372
505714,508012,508028,16,2298
505714,507987,508029,42,2273
505714,508013,508034,21,2299
505714,508010,508034,24,2296
505714,507982,508036,54,2268
505714,508013,508037,24,2299
505714,508015,508038,23,2301
505714,508014,508041,27,2300
505714,508009,508040,31,2295
505714,508005,508041,36,2291
505714,508015,508042,27,2301
505714,508010,508042,32,2296
505714,508010,508044,34,2296
505714,508014,508044,30,2300
505714,508014,508044,30,2300
505714,508010,508046,36,2296
505714,508004,508045,41,2290
505714,508016,508046,30,2302
505714,508002,508047,45,2288
505714,508005,508047,42,2291
505714,508007,508048,41,2293
505714,508010,508048,38,2296
505714,508018,508049,31,2304
505714,508013,508050,37,2299
505714,508016,508050,34,2302
505714,508008,508050,42,2294
505714,507987,508050,63,2273
505714,508018,508052,34,2304
505714,508002,508052,50,2288
505714,508015,508054,39,2301
505714,508019,508054,35,2305
505714,507994,508055,61,2280
505714,508007,508057,50,2293
505714,508029,508057,28,2315
505714,508019,508057,38,2305
505714,508004,508058,54,2290
505714,507996,508058,62,2282
505714,507988,508058,70,2274
505714,508006,508060,54,2292
505714,508019,508063,44,2305
505714,507997,508065,68,2283
505714,508020,508066,46,2306
505714,507995,508067,72,2281
505714,508025,508068,43,2311
505714,508006,508068,62,2292
505714,508025,508069,44,2311
504681,507309,508069,760,2628
505714,508000,508071,71,2286
505714,507993,508072,79,2279
505714,508029,508073,44,2315
505714,508028,508073,45,2314
505714,507989,508075,86,2275
505714,508025,508075,50,2311
505714,508002,508076,74,2288
505714,507989,508076,87,2275
505714,507994,508077,83,2280
505714,507993,508077,84,2279
505714,507992,508079,87,2278
505714,507999,508080,81,2285
505714,508029,508080,51,2315
505714,507997,508080,83,2283
505714,508038,508080,42,2324
505714,508034,508081,47,2320
505714,508000,508082,82,2286
505714,508000,508082,82,2286
505714,508025,508083,58,2311
505714,507989,508085,96,2275
505714,508034,508084,50,2320
505714,508036,508084,48,2322
505714,508054,508085,31,2340
505714,507990,508085,95,2276
505714,507993,508086,93,2279
505714,508029,508089,60,2315
505714,508050,508090,40,2336
505714,508050,508090,40,2336
505714,508048,508091,43,2334
505714,508057,508091,34,2343
505714,508041,508091,50,2327
505714,508041,508091,50,2327
505714,508046,508092,46,2332
505714,508047,508092,45,2333
505714,508001,508092,91,2287
505714,508055,508093,38,2341
505714,508058,508094,36,2344
505714,508050,508094,44,2336
505714,507991,508094,103,2277
505714,508039,508095,56,2325
505714,508061,508096,35,2347
505714,508051,508096,45,2337
505714,508048,508097,49,2334
505714,508059,508097,38,2345
505714,508056,508097,41,2342
505714,508049,508096,47,2335
505714,508057,508097,40,2343
505714,508042,508098,56,2328
505714,508001,508098,97,2287
505714,508043,508099,56,2329
505714,508041,508100,59,2327
505714,508057,508101,44,2343
505714,508001,508101,100,2287
505714,508048,508101,53,2334
505714,508058,508102,44,2344
505714,508051,508102,51,2337
505714,508052,508102,50,2338
505714,508001,508103,102,2287
505808,508081,508104,23,2273
505714,508044,508104,60,2330
505714,508065,508105,40,2351
505714,508063,508107,44,2349
505808,508081,508107,26,2273
505714,508067,508107,40,2353
505714,508044,508107,63,2330
505808,508079,508107,28,2271
505714,508068,508111,43,2354
505714,508053,508111,58,2339
505714,508067,508112,45,2353
505714,508073,508112,39,2359
505714,508045,508112,67,2331
505714,508076,508113,37,2362
505808,508080,508115,35,2272
505808,508084,508115,31,2276
505714,508076,508115,39,2362
505714,508071,508115,44,2357
505714,508070,508116,46,2356
505714,508073,508116,43,2359
505714,508074,508116,42,2360
505714,508069,508116,47,2355
505714,508077,508117,40,2363
505808,508082,508119,37,2274
505714,508076,508121,45,2362
505714,508070,508121,51,2356
505714,508046,508122,76,2332
505808,508108,508122,14,2300
505808,508085,508123,38,2277
505808,508081,508123,42,2273
505808,508108,508125,17,2300
505808,508112,508125,13,2304
505714,508076,508126,50,2362
505808,508112,508126,14,2304
505808,508083,508127,44,2275
505808,508085,508127,42,2277
505808,508112,508128,16,2304
505808,508083,508129,46,2275
505808,508107,508130,23,2299
505808,508113,508130,17,2305
505808,508114,508132,18,2306
505808,508107,508133,26,2299
505808,508113,508133,20,2305
505808,508086,508134,48,2278
505808,508106,508135,29,2298
504775,507371,508140,769,2596
505808,508104,508139,35,2296
505808,508103,508140,37,2295
505808,508107,508142,35,2299
505808,508099,508144,45,2291
505808,508117,508143,26,2309
505808,508116,508145,29,2308
505808,508116,508145,29,2308
505808,508097,508146,49,2289
505808,508115,508146,31,2307
505808,508115,508146,31,2307
505808,508118,508146,28,2310
505808,508121,508147,26,2313
505808,508116,508148,32,2308
505808,508095,508148,53,2287
505808,508103,508148,45,2295
505808,508105,508148,43,2297
505808,508121,508149,28,2313
505808,508117,508149,32,2309
505808,508101,508150,49,2293
505808,508096,508151,55,2288
505808,508086,508150,64,2278
505808,508100,508151,51,2292
505808,508122,508152,30,2314
505808,508116,508152,36,2308
505808,508097,508153,56,2289
505808,508102,508154,52,2294
505808,508123,508155,32,2315
505808,508102,508156,54,2294
505808,508120,508156,36,2312
505808,508122,508156,34,2314
505808,508099,508158,59,2291
505808,508102,508158,56,2294
505808,508102,508159,57,2294
505808,508125,508160,35,2317
505808,508098,508161,63,2290
505808,508127,508162,35,2319
505808,508095,508163,68,2287
505808,508124,508165,41,2316
505808,508086,508168,82,2278
505808,508125,508169,44,2317
505808,508097,508169,72,2289
505808,508092,508170,78,2284
505808,508097,508170,73,2289
505808,508086,508170,84,2278
505808,508133,508171,38,2325
505808,508126,508172,46,2318
505808,508097,508171,74,2289
505808,508127,508173,46,2319
505808,508133,508173,40,2325
505808,508131,508175,44,2323
505808,508093,508176,83,2285
505808,508126,508176,50,2318
505808,508129,508177,48,2321
505808,508090,508177,87,2282
505808,508131,508178,47,2323
505808,508092,508180,88,2284
505808,508135,508180,45,2327
505808,508152,508182,30,2344
505808,508091,508183,92,2283
505808,508134,508184,50,2326
505808,508152,508185,33,2344
505808,508094,508186,92,2286
505808,508157,508185,28,2349
505808,508130,508186,56,2322
505808,508092,508187,95,2284
505808,508147,508186,39,2339
505808,508147,508187,40,2339
505808,508091,508187,96,2283
505808,508156,508188,32,2348
505808,508091,508188,97,2283
505808,508151,508188,37,2343
505808,508091,508189,98,2283
505808,508135,508190,55,2327
505808,508148,508191,43,2340
505808,508149,508191,42,2341
505808,508140,508191,51,2332
505808,508142,508191,49,2334
505808,508147,508191,44,2339
505808,508150,508191,41,2342
505808,508155,508192,37,2347
505808,508147,508192,45,2339
505808,508151,508194,43,2343
505808,508093,508194,101,2285
505909,508174,508194,20,2265
505808,508155,508195,40,2347
505808,508158,508195,37,2350
505808,508140,508195,55,2332
505808,508095,508196,101,2287
505808,508098,508196,98,2290
505808,508147,508197,50,2339
505808,508154,508198,44,2346
505808,508149,508198,49,2341
505808,508151,508198,47,2343
505909,508173,508199,26,2264
505808,508144,508199,55,2336
505909,508175,508199,24,2266
505808,508161,508199,38,2353
505808,508158,508201,43,2350
504886,507433,508201,768,2547
505808,508166,508202,36,2358
505808,508156,508202,46,2348
505808,508097,508204,107,2289
505808,508171,508205,34,2363
505808,508146,508205,59,2338
505808,508160,508205,45,2352
505808,508170,508205,35,2362
505808,508149,508205,56,2341
505808,508164,508206,42,2356
505808,508145,508206,61,2337
505808,508144,508206,62,2336
505909,508177,508207,30,2268
505808,508160,508208,48,2352
505909,508177,508209,32,2268
505808,508149,508211,62,2341
505808,508171,508211,40,2363
505909,508178,508211,33,2269
505909,508180,508212,32,2271
505909,508181,508212,31,2272
505909,508178,508211,33,2269
505808,508169,508211,42,2361
505808,508170,508211,41,2362
505808,508171,508212,41,2363
505808,508171,508212,41,2363
505808,508140,508213,73,2332
505808,508149,508215,66,2341
505808,508163,508216,53,2355
505909,508178,508216,38,2269
505808,508172,508219,47,2364
505909,508205,508219,14,2296
505909,508206,508220,14,2297
505909,508203,508220,17,2294
505909,508205,508221,16,2296
505909,508206,508223,17,2297
505909,508204,508224,20,2295
505909,508206,508224,18,2297
505909,508183,508225,42,2274
505909,508184,508226,42,2275
505909,508206,508228,22,2297
505909,508199,508228,29,2290
505909,508207,508230,23,2298
505909,508202,508231,29,2293
505909,508207,508232,25,2298
505909,508200,508233,33,2291
505909,508212,508233,21,2303
505909,508206,508233,27,2297
505909,508208,508234,26,2299
505909,508199,508235,36,2290
505909,508199,508235,36,2290
505909,508211,508237,26,2302
505909,508212,508238,26,2303
505909,508212,508238,26,2303
505909,508201,508238,37,2292
505909,508211,508239,28,2302
505909,508192,508240,48,2283
505909,508214,508240,26,2305
505909,508212,508240,28,2303
505909,508210,508242,32,2301
505909,508212,508242,30,2303
505909,508213,508243,30,2304
505909,508212,508244,32,2303
505909,508212,508244,32,2303
505909,508193,508244,51,2284
505909,508216,508245,29,2307
505909,508201,508245,44,2292
505909,508215,508248,33,2306
505909,508221,508250,29,2312
505909,508189,508251,62,2280
505909,508199,508252,53,2290
505909,508189,508251,62,2280
505909,508192,508254,62,2283
505909,508220,508253,33,2311
505909,508217,508254,37,2308
505909,508197,508255,58,2288
505909,508195,508255,60,2286
505909,508197,508255,58,2288
505909,508198,508255,57,2289
505909,508192,508256,64,2283
505909,508196,508255,59,2287
505909,508191,508256,65,2282
505909,508193,508256,63,2284
505909,508191,508256,65,2282
505909,508220,508258,38,2311
505909,508198,508259,61,2289
505909,508189,508260,71,2280
505909,508219,508261,42,2310
505909,508191,508261,70,2282
505909,508185,508263,78,2276
505909,508197,508263,66,2288
505909,508226,508263,37,2317
505909,508186,508264,78,2277
505909,508186,508264,78,2277
505909,508222,508264,42,2313
505909,508225,508265,40,2316
505909,508229,508264,35,2320
505909,508195,508267,72,2286
505909,508225,508267,42,2316
505909,508195,508267,72,2286
505909,508231,508267,36,2322
505909,508238,508269,31,2329
505909,508185,508270,85,2276
505909,508228,508270,42,2319
505909,508241,508271,30,2332
505909,508225,508273,48,2316
505909,508187,508273,86,2278
505909,508192,508274,82,2283
505909,508189,508276,87,2280
505909,508245,508278,33,2336
505909,508250,508280,30,2341
505909,508233,508280,47,2324
505909,508187,508280,93,2278
505909,508254,508281,27,2345
505909,508248,508282,34,2339
505909,508233,508282,49,2324
505909,508245,508282,37,2336
505909,508239,508282,43,2330
505909,508242,508282,40,2333
505909,508252,508283,31,2343
505909,508236,508283,47,2327
505909,508252,508284,32,2343
505909,508245,508284,39,2336
505909,508231,508284,53,2322
506020,508264,508284,20,2244
505909,508234,508285,51,2325
505009,507495,508286,791,2486
505909,508252,508287,35,2343
505909,508243,508287,44,2334
505909,508187,508289,102,2278
505909,508239,508289,50,2330
505909,508234,508289,55,2325
505909,508254,508289,35,2345
505909,508224,508289,65,2315
505909,508245,508290,45,2336
505909,508260,508290,30,2351
505909,508236,508290,54,2327
506020,508264,508291,27,2244
505909,508237,508290,53,2328
505909,508242,508290,48,2333
506020,508264,508291,27,2244
505909,508238,508291,53,2329
505909,508232,508292,60,2323
505909,508188,508291,103,2279
505909,508256,508293,37,2347
505909,508254,508292,38,2345
505909,508195,508293,98,2286
505909,508195,508293,98,2286
505909,508257,508293,36,2348
506020,508265,508294,29,2245
505909,508244,508294,50,2335
505909,508256,508294,38,2347
505909,508256,508295,39,2347
505909,508188,508296,108,2279
506020,508265,508296,31,2245
505909,508255,508296,41,2346
506020,508265,508296,31,2245
505909,508241,508297,56,2332
506020,508268,508298,30,2248
505909,508261,508298,37,2352
505909,508240,508299,59,2331
505909,508256,508298,42,2347
505909,508256,508299,43,2347
505909,508262,508299,37,2353
505909,508263,508301,38,2354
505909,508256,508301,45,2347
505909,508259,508302,43,2350
505909,508256,508304,48,2347
506020,508268,508305,37,2248
505909,508262,508306,44,2353
506020,508294,508306,12,2274
506020,508267,508307,40,2247
506020,508267,508308,41,2247
506020,508293,508308,15,2273
506020,508294,508308,14,2274
506020,508294,508309,15,2274
506020,508294,508309,15,2274
506020,508294,508314,20,2274
506020,508270,508316,46,2250
506020,508295,508316,21,2275
506020,508271,508318,47,2251
506020,508300,508319,19,2280
506020,508292,508319,27,2272
506020,508297,508319,22,2277
506020,508293,508319,26,2273
506020,508291,508321,30,2271
506020,508300,508321,21,2280
506020,508296,508321,25,2276
506020,508295,508321,26,2275
506020,508298,508321,23,2278
506020,508301,508321,20,2281
506020,508298,508321,23,2278
506020,508299,508322,23,2279
506020,508292,508322,30,2272
506020,508296,508324,28,2276
506020,508302,508325,23,2282
506020,508296,508325,29,2276
506020,508291,508325,34,2271
506020,508299,508326,27,2279
506020,508292,508327,35,2272
506020,508291,508327,36,2271
506020,508302,508327,25,2282
506020,508297,508328,31,2277
506020,508305,508329,24,2285
506020,508290,508330,40,2270
506020,508306,508330,24,2286
505109,507563,508331,768,2454
506020,508292,508333,41,2272
506020,508284,508335,51,2264
506020,508307,508335,28,2287
506020,508283,508337,54,2263
506020,508285,508340,55,2265
506020,508307,508341,34,2287
506020,508290,508343,53,2270
506020,508308,508344,36,2288
506020,508309,508344,35,2289
506020,508284,508344,60,2264
506020,508283,508344,61,2263
506020,508285,508345,60,2265
506020,508283,508345,62,2263
506020,508309,508348,39,2289
506020,508282,508348,66,2262
506020,508281,508348,67,2261
506020,508282,508349,67,2262
506020,508308,508349,41,2288
506020,508309,508350,41,2289
506020,508290,508351,61,2270
506020,508286,508351,65,2266
506020,508282,508352,70,2262
506020,508285,508353,68,2265
506020,508290,508353,63,2270
506020,508320,508354,34,2300
506020,508290,508356,66,2270
506020,508318,508358,40,2298
506020,508327,508358,31,2307
506020,508319,508358,39,2299
506020,508315,508361,46,2295
506020,508331,508360,29,2311
506020,508322,508361,39,2302
506020,508326,508362,36,2306
506020,508271,508362,91,2251
506020,508282,508363,81,2262
506020,508289,508362,73,2269
506020,508328,508363,35,2308
506020,508271,508363,92,2251
506020,508326,508364,38,2306
506020,508316,508364,48,2296
506020,508287,508365,78,2267
506020,508317,508364,47,2297
506020,508322,508364,42,2302
506020,508320,508364,44,2300
506020,508327,508365,38,2307
506020,508275,508366,91,2255
506020,508319,508366,47,2299
506020,508334,508367,33,2314
506020,508328,508366,38,2308
506020,508273,508366,93,2253
506020,508274,508367,93,2254
506020,508289,508367,78,2269
506020,508336,508368,32,2316
506020,508322,508368,46,2302
506020,508332,508369,37,2312
506020,508277,508370,93,2257
506020,508336,508369,33,2316
506020,508321,508370,49,2301
506020,508321,508371,50,2301
506020,508331,508371,40,2311
506020,508281,508371,90,2261
506020,508318,508373,55,2298
506020,508322,508373,51,2302
506020,508345,508372,27,2325
506020,508327,508373,46,2307
506020,508337,508373,36,2317
506020,508345,508376,31,2325
506020,508344,508375,31,2324
506020,508329,508375,46,2309
506020,508323,508377,54,2303
506020,508279,508378,99,2259
506020,508289,508378,89,2269
506020,508341,508379,38,2321
506020,508342,508378,36,2322
506020,508321,508379,58,2301
506020,508281,508379,98,2261
506020,508321,508380,59,2301
506020,508345,508381,36,2325
506020,508325,508380,55,2305
506020,508344,508381,37,2324
506020,508351,508382,31,2331
506142,508359,508384,25,2217
506020,508352,508384,32,2332
506020,508346,508384,38,2326
506020,508349,508385,36,2329
506020,508288,508386,98,2268
506020,508350,508386,36,2330
506020,508346,508387,41,2326
506020,508354,508388,34,2334
506020,508354,508388,34,2334
506020,508352,508389,37,2332
506020,508349,508389,40,2329
506142,508361,508390,29,2219
506020,508287,508390,103,2267
506020,508325,508390,65,2305
506020,508352,508391,39,2332
506142,508357,508392,35,2215
506142,508359,508394,35,2217
506142,508363,508394,31,2221
506020,508348,508394,46,2328
506020,508349,508397,48,2329
506142,508359,508397,38,2217
506142,508382,508397,15,2240
506142,508363,508398,35,2221
506142,508384,508398,14,2242
506142,508384,508398,14,2242
506142,508363,508398,35,2221
506142,508361,508398,37,2219
506142,508381,508402,21,2239
506142,508386,508402,16,2244
506142,508384,508402,18,2242
506142,508381,508404,23,2239
506142,508363,508406,43,2221
506142,508379,508409,30,2237
506142,508379,508409,30,2237
506142,508382,508404,22,2240
506142,508387,508409,22,2245
506142,508362,508411,49,2220
506142,508387,508411,24,2245
506142,508381,508412,31,2239
506142,508379,508414,35,2237
506142,508369,508415,46,2227
506142,508392,508415,23,2250
506142,508391,508415,24,2249
506142,508390,508415,25,2248
506142,508389,508416,27,2247
506142,508381,508417,36,2239
506142,508369,508416,47,2227
506142,508392,508417,25,2250
505217,507639,508417,778,2422
506142,508380,508417,37,2238
506142,508390,508418,28,2248
506142,508391,508419,28,2249
506142,508363,508421,58,2221
506142,508391,508421,30,2249
506142,508387,508421,34,2245
506142,508389,508422,33,2247
506142,508371,508422,51,2229
506142,508367,508422,55,2225
506142,508371,508422,51,2229
506142,508394,508424,30,2252
506142,508397,508425,28,2255
506142,508394,508425,31,2252
506142,508395,508426,31,2253
506142,508378,508428,50,2236
506142,508398,508429,31,2256
506142,508379,508428,49,2237
506142,508370,508430,60,2228
506142,508398,508430,32,2256
506142,508397,508430,33,2255
506142,508371,508431,60,2229
506142,508367,508431,64,2225
506142,508367,508435,68,2225
506142,508367,508435,68,2225
506142,508366,508435,69,2224
506142,508368,508436,68,2226
506142,508398,508436,38,2256
506142,508368,508438,70,2226
506142,508398,508438,40,2256
506142,508402,508440,38,2260
506142,508398,508442,44,2256
506142,508372,508444,72,2230
506142,508402,508445,43,2260
506142,508367,508447,80,2225
506142,508370,508447,77,2228
506142,508409,508449,40,2267
506142,508363,508450,87,2221
506142,508422,508451,29,2280
506142,508373,508451,78,2231
506142,508365,508453,88,2223
506142,508409,508452,43,2267
506142,508373,508453,80,2231
506142,508402,508454,52,2260
506142,508410,508455,45,2268
506142,508365,508455,90,2223
506142,508365,508455,90,2223
506142,508421,508455,34,2279
506142,508409,508456,47,2267
506142,508364,508456,92,2222
506142,508407,508456,49,2265
506142,508412,508456,44,2270
506142,508423,508458,35,2281
506142,508376,508459,83,2234
506142,508411,508459,48,2269
506142,508417,508460,43,2275
506142,508376,508460,84,2234
506142,508420,508461,41,2278
506142,508364,508461,97,2222
506142,508416,508463,47,2274
506142,508365,508463,98,2223
506142,508427,508463,36,2285
506142,508366,508463,97,2224
506142,508422,508465,43,2280
506142,508417,508465,48,2275
506142,508428,508465,37,2286
506142,508429,508465,36,2287
506142,508418,508465,47,2276
506142,508430,508465,35,2288
506142,508432,508465,33,2290
506142,508425,508466,41,2283
506142,508409,508466,57,2267
506142,508418,508467,49,2276
506142,508411,508467,56,2269
506142,508423,508468,45,2281
506142,508415,508469,54,2273
506142,508376,508468,92,2234
506142,508426,508468,42,2284
506142,508422,508469,47,2280
506142,508417,508469,52,2275
506142,508404,508470,66,2262
506142,508423,508469,46,2281
506142,508431,508470,39,2289
506142,508429,508470,41,2287
506142,508432,508472,40,2290
506142,508436,508473,37,2294
506142,508415,508473,58,2273
506142,508415,508474,59,2273
506142,508373,508473,100,2231
506142,508414,508474,60,2272
506142,508438,508475,37,2296
506142,508439,508476,37,2297
506142,508416,508476,60,2274
506220,508450,508476,26,2230
506142,508436,508476,40,2294
506142,508436,508476,40,2294
506142,508431,508477,46,2289
506142,508426,508478,52,2284
506142,508417,508480,63,2275
506220,508452,508480,28,2232
506142,508373,508481,108,2231
506142,508441,508480,39,2299
506220,508453,508481,28,2233
506142,508374,508482,108,2232
506142,508446,508482,36,2304
506142,508442,508482,40,2300
506142,508444,508483,39,2302
506220,508452,508483,31,2232
506220,508454,508483,29,2234
506142,508448,508483,35,2306
506142,508447,508484,37,2305
506220,508455,508485,30,2235
506220,508453,508484,31,2233
506142,508437,508485,48,2295
506142,508437,508487,50,2295
506220,508477,508490,13,2257
506220,508456,508491,35,2236
506220,508477,508491,14,2257
506220,508476,508492,16,2256
506220,508456,508494,38,2236
506220,508477,508494,17,2257
506220,508455,508495,40,2235
506220,508477,508496,19,2257
506220,508478,508497,19,2258
506220,508476,508497,21,2256
506220,508456,508497,41,2236
506220,508475,508498,23,2255
506220,508478,508500,22,2258
506220,508474,508503,29,2254
506220,508472,508506,34,2252
506220,508473,508506,33,2253
506220,508480,508507,27,2260
506220,508485,508508,23,2265
506220,508483,508508,25,2263
506220,508481,508507,26,2261
506220,508485,508508,23,2265
506220,508466,508508,42,2246
506220,508480,508508,28,2260
506220,508456,508509,53,2236
506220,508483,508509,26,2263
506220,508481,508511,30,2261
505317,507715,508510,795,2398
506220,508484,508511,27,2264
506220,508470,508512,42,2250
506220,508471,508512,41,2251
506220,508482,508512,30,2262
506220,508482,508513,31,2262
506220,508485,508512,27,2265
506220,508474,508513,39,2254
506220,508483,508513,30,2263
506220,508481,508513,32,2261
506220,508482,508514,32,2262
506220,508474,508514,40,2254
506220,508466,508514,48,2246
506220,508485,508515,30,2265
506220,508488,508516,28,2268
506220,508469,508517,48,2249
506220,508469,508517,48,2249
506220,508470,508521,51,2250
506220,508466,508522,56,2246
506220,508466,508522,56,2246
506220,508469,508522,53,2249
506220,508466,508523,57,2246
506220,508466,508523,57,2246
506220,508469,508525,56,2249
506220,508470,508525,55,2250
506220,508470,508525,55,2250
506220,508461,508525,64,2241
506220,508461,508528,67,2241
506220,508491,508527,36,2271
506220,508492,508529,37,2272
506220,508492,508530,38,2272
506220,508465,508531,66,2245
506220,508468,508531,63,2248
506220,508463,508532,69,2243
506220,508464,508534,70,2244
506220,508463,508534,71,2243
506220,508465,508536,71,2245
506220,508466,508536,70,2246
506220,508495,508537,42,2275
506220,508495,508538,43,2275
506220,508504,508537,33,2284
506220,508457,508538,81,2237
506220,508457,508538,81,2237
506220,508494,508538,44,2274
506220,508467,508538,71,2247
506220,508463,508539,76,2243
506220,508498,508544,46,2278
506220,508496,508544,48,2276
506220,508501,508546,45,2281
506220,508457,508547,90,2237
506220,508513,508547,34,2293
506220,508512,508549,37,2292
506220,508461,508549,88,2241
506220,508498,508549,51,2278
506220,508512,508549,37,2292
506220,508498,508549,51,2278
506220,508512,508550,38,2292
506220,508516,508550,34,2296
506220,508506,508550,44,2286
506220,508511,508551,40,2291
506220,508505,508551,46,2285
506220,508518,508551,33,2298
506220,508513,508552,39,2293
506220,508497,508552,55,2277
506220,508523,508554,31,2303
506220,508515,508553,38,2295
506220,508513,508554,41,2293
506220,508515,508554,39,2295
506220,508508,508555,47,2288
506220,508522,508554,32,2302
506220,508515,508555,40,2295
506220,508509,508555,46,2289
506220,508514,508556,42,2294
506220,508509,508556,47,2289
506220,508524,508557,33,2304
506220,508510,508557,47,2290
506220,508522,508557,35,2302
506220,508458,508556,98,2238
506220,508517,508557,40,2297
506220,508459,508558,99,2239
506220,508511,508558,47,2291
506220,508460,508558,98,2240
506220,508533,508559,26,2313
506337,508538,508559,21,2201
506220,508509,508560,51,2289
506220,508507,508560,53,2287
506220,508508,508560,52,2288
506220,508507,508561,54,2287
506220,508522,508561,39,2302
506220,508514,508562,48,2294
505407,507800,508562,762,2393
506337,508537,508562,25,2200
506220,508530,508563,33,2310
506220,508526,508563,37,2306
506220,508508,508564,56,2288
506220,508526,508564,38,2306
506337,508538,508565,27,2201
506220,508525,508565,40,2305
506337,508538,508565,27,2201
506220,508526,508566,40,2306
506337,508537,508566,29,2200
506220,508467,508567,100,2247
506220,508514,508567,53,2294
506220,508460,508567,107,2240
506220,508531,508568,37,2311
506337,508539,508568,29,2202
506220,508524,508568,44,2304
506337,508538,508568,30,2201
506220,508531,508568,37,2311
506220,508508,508568,60,2288
506220,508534,508569,35,2314
506337,508538,508569,31,2201
506220,508511,508569,58,2291
506220,508528,508572,44,2308
506220,508532,508574,42,2312
506220,508535,508575,40,2315
506220,508528,508576,48,2308
506337,508563,508576,13,2226
506337,508545,508577,32,2208
506337,508565,508578,13,2228
506337,508545,508579,34,2208
506337,508565,508580,15,2228
506337,508563,508580,17,2226
506337,508563,508581,18,2226
506337,508565,508582,17,2228
506337,508562,508584,22,2225
506337,508563,508585,22,2226
506337,508563,508586,23,2226
506337,508569,508585,16,2232
506337,508566,508589,23,2229
506337,508547,508590,43,2210
506337,508569,508592,23,2232
506337,508568,508592,24,2231
506337,508570,508592,22,2233
506337,508568,508593,25,2231
506337,508566,508590,24,2229
506337,508567,508592,25,2230
506337,508540,508593,53,2203
506337,508567,508593,26,2230
506337,508569,508593,24,2232
506337,508567,508595,28,2230
506337,508567,508595,28,2230
506337,508562,508596,34,2225
506337,508568,508595,27,2231
506337,508557,508598,41,2220
506337,508570,508598,28,2233
506337,508556,508598,42,2219
506337,508569,508598,29,2232
506337,508557,508599,42,2220
506337,508558,508600,42,2221
506337,508558,508599,41,2221
506337,508560,508600,40,2223
506337,508560,508601,41,2223
506337,508568,508601,33,2231
506337,508555,508602,47,2218
506337,508561,508603,42,2224
506337,508576,508603,27,2239
506337,508558,508606,48,2221
506337,508553,508607,54,2216
506337,508555,508607,52,2218
506337,508576,508608,32,2239
506337,508573,508609,36,2236
506337,508555,508609,54,2218
506337,508581,508609,28,2244
506337,508559,508609,50,2222
506337,508560,508609,49,2223
506337,508554,508610,56,2217
506337,508578,508610,32,2241
506337,508574,508611,37,2237
506337,508556,508612,56,2219
506337,508547,508611,64,2210
506337,508555,508612,57,2218
506337,508557,508613,56,2220
506337,508554,508614,60,2217
506337,508557,508614,57,2220
506337,508552,508614,62,2215
506337,508551,508615,64,2214
506337,508578,508615,37,2241
506337,508559,508617,58,2222
506337,508552,508618,66,2215
506337,508552,508620,68,2215
506337,508552,508620,68,2215
506337,508579,508624,45,2242
506337,508581,508625,44,2244
506337,508586,508626,40,2249
506337,508551,508626,75,2214
506337,508593,508628,35,2256
506337,508599,508629,30,2262
506337,508585,508629,44,2248
506337,508556,508629,73,2219
506337,508599,508630,31,2262
506337,508595,508630,35,2258
506337,508555,508632,77,2218
506337,508593,508632,39,2256
506337,508593,508632,39,2256
506337,508592,508632,40,2255
506337,508590,508632,42,2253
506337,508600,508633,33,2263
506337,508609,508633,24,2272
506337,508601,508633,32,2264
506337,508602,508634,32,2265
506337,508602,508634,32,2265
506337,508581,508634,53,2244
506337,508609,508635,26,2272
506337,508607,508635,28,2270
506337,508599,508636,37,2262
506337,508601,508635,34,2264
506337,508596,508637,41,2259
506337,508607,508637,30,2270
506337,508604,508637,33,2267
506337,508550,508638,88,2213
506337,508586,508638,52,2249
506337,508586,508638,52,2249
506337,508583,508639,56,2246
506337,508606,508639,33,2269
506337,508600,508639,39,2263
506337,508551,508639,88,2214
506337,508596,508640,44,2259
506337,508593,508641,48,2256
506427,508617,508640,23,2190
506337,508592,508641,49,2255
506337,508599,508641,42,2262
506337,508604,508641,37,2267
506337,508608,508641,33,2271
506337,508593,508641,48,2256
506337,508611,508641,30,2274
506337,508615,508641,26,2278
506337,508548,508642,94,2211
506337,508594,508641,47,2257
506337,508594,508642,48,2257
506337,508611,508642,31,2274
506427,508618,508643,25,2191
506337,508610,508645,35,2273
506337,508614,508646,32,2277
506337,508593,508646,53,2256
506337,508595,508646,51,2258
506337,508600,508646,46,2263
506337,508612,508647,35,2275
506337,508615,508648,33,2278
506337,508610,508648,38,2273
506337,508549,508648,99,2212
506427,508625,508649,24,2198
506337,508550,508649,99,2213
506427,508621,508649,28,2194
506337,508549,508650,101,2212
506427,508626,508650,24,2199
506427,508626,508650,24,2199
506337,508610,508651,41,2273
506337,508612,508651,39,2275
506337,508594,508652,58,2257
506337,508612,508652,40,2275
506337,508616,508653,37,2279
506427,508621,508655,34,2194
506427,508629,508654,25,2202
506337,508612,508657,45,2275
506427,508628,508657,29,2201
506337,508550,508657,107,2213
506337,508614,508659,45,2277
506427,508627,508659,32,2200
506427,508646,508660,14,2219
506427,508647,508660,13,2220
506427,508645,508661,16,2218
506427,508646,508661,15,2219
506427,508647,508662,15,2220
506427,508646,508663,17,2219
506427,508630,508664,34,2203
506427,508643,508664,21,2216
506427,508643,508664,21,2216
506427,508643,508665,22,2216
506427,508648,508669,21,2221
506427,508649,508669,20,2222
506427,508651,508670,19,2224
506427,508650,508671,21,2223
506427,508653,508671,18,2226
506427,508655,508672,17,2228
506427,508649,508672,23,2222
506427,508653,508672,19,2226
506427,508641,508673,32,2214
506427,508648,508673,25,2221
506427,508652,508673,21,2225
506427,508652,508673,21,2225
506427,508654,508674,20,2227
506427,508630,508674,44,2203
506427,508640,508675,35,2213
506427,508641,508676,35,2214
506427,508650,508675,25,2223
506427,508651,508675,24,2224
506427,508650,508677,27,2223
506427,508640,508678,38,2213
506427,508641,508678,37,2214
506427,508641,508680,39,2214
506427,508636,508680,44,2209
506427,508642,508680,38,2215
506427,508641,508681,40,2214
506427,508642,508681,39,2215
506427,508639,508682,43,2212
506427,508655,508683,28,2228
506427,508638,508683,45,2211
506427,508640,508685,45,2213
506427,508638,508686,48,2211
506427,508657,508686,29,2230
506427,508636,508686,50,2209
506427,508642,508687,45,2215
506427,508658,508688,30,2231
506427,508641,508689,48,2214
506427,508662,508691,29,2235
506427,508636,508692,56,2209
506427,508660,508691,31,2233
506427,508659,508692,33,2232
506427,508634,508692,58,2207
506427,508642,508692,50,2215
506427,508658,508694,36,2231
506427,508635,508694,59,2208
506427,508635,508694,59,2208
506427,508633,508694,61,2206
506427,508630,508694,64,2203
506427,508660,508696,36,2233
506427,508662,508697,35,2235
506427,508638,508698,60,2211
506427,508635,508698,63,2208
506427,508661,508698,37,2234
506427,508635,508698,63,2208
506427,508639,508698,59,2212
506427,508638,508699,61,2211
506427,508664,508699,35,2237
505524,507885,508700,815,2361
506427,508642,508700,58,2215
506427,508639,508701,62,2212
506427,508665,508705,40,2238
506427,508681,508706,25,2254
506427,508639,508705,66,2212
506427,508676,508705,29,2249
506427,508675,508706,31,2248
506427,508668,508706,38,2241
506427,508676,508707,31,2249
506427,508670,508707,37,2243
506427,508683,508707,24,2256
506427,508663,508709,46,2236
506427,508664,508709,45,2237
506427,508673,508710,37,2246
506427,508676,508710,34,2249
506427,508676,508710,34,2249
506427,508682,508711,29,2255
506427,508633,508712,79,2206
506427,508665,508712,47,2238
506427,508675,508713,38,2248
506427,508687,508713,26,2260
506427,508687,508713,26,2260
506427,508689,508713,24,2262
506427,508669,508713,44,2242
506427,508686,508714,28,2259
506427,508674,508714,40,2247
506427,508677,508714,37,2250
506427,508683,508714,31,2256
506427,508672,508714,42,2245
506427,508678,508715,37,2251
506427,508681,508715,34,2254
506427,508679,508716,37,2252
506427,508671,508716,45,2244
506427,508631,508716,85,2204
506427,508674,508717,43,2247
506554,508698,508717,19,2144
506427,508672,508717,45,2245
506427,508680,508717,37,2253
506427,508688,508718,30,2261
506427,508687,508718,31,2260
506427,508682,508718,36,2255
506427,508691,508718,27,2264
506427,508671,508717,46,2244
506427,508683,508717,34,2256
506427,508688,508718,30,2261
506427,508632,508719,87,2205
506427,508672,508719,47,2245
506427,508672,508718,46,2245
506554,508698,508719,21,2144
506554,508699,508720,21,2145
506427,508674,508721,47,2247
506427,508695,508722,27,2268
506427,508694,508722,28,2267
506554,508699,508722,23,2145
506427,508695,508723,28,2268
506427,508696,508724,28,2269
506427,508692,508724,32,2265
506427,508693,508724,31,2266
506427,508692,508726,34,2265
506554,508700,508728,28,2146
506427,508695,508729,34,2268
506427,508633,508729,96,2206
506427,508692,508730,38,2265
506427,508633,508729,96,2206
506427,508698,508730,32,2271
506554,508700,508730,30,2146
506427,508692,508731,39,2265
506427,508695,508731,36,2268
506554,508700,508732,32,2146
506554,508699,508733,34,2145
506554,508702,508734,32,2148
506427,508633,508734,101,2206
506554,508719,508734,15,2165
506554,508720,508734,14,2166
506427,508633,508734,101,2206
506554,508722,508734,12,2168
506554,508706,508735,29,2152
506554,508719,508736,17,2165
506554,508721,508738,17,2167
506554,508723,508738,15,2169
506554,508721,508737,16,2167
506554,508723,508740,17,2169
506554,508719,508740,21,2165
506554,508724,508741,17,2170
506554,508705,508742,37,2151
506554,508724,508743,19,2170
506554,508719,508744,25,2165
506554,508706,508745,39,2152
506554,508724,508745,21,2170
506554,508731,508745,14,2177
505604,507977,508746,769,2373
506554,508719,508746,27,2165
506554,508724,508747,23,2170
506554,508716,508748,32,2162
506554,508731,508748,17,2177
506554,508726,508749,23,2172
506554,508730,508750,20,2176
506554,508716,508751,35,2162
506554,508717,508752,35,2163
506554,508718,508751,33,2164
506554,508729,508752,23,2175
506554,508730,508752,22,2176
506554,508718,508753,35,2164
506554,508730,508753,23,2176
506554,508731,508753,22,2177
506554,508706,508754,48,2152
506554,508731,508753,22,2177
506554,508730,508753,23,2176
506554,508716,508754,38,2162
506554,508715,508755,40,2161
506554,508716,508756,40,2162
506554,508718,508756,38,2164
506554,508732,508759,27,2178
506554,508713,508761,48,2159
506554,508712,508762,50,2158
506554,508719,508762,43,2165
506554,508714,508763,49,2160
506554,508734,508763,29,2180
506554,508713,508763,50,2159
506554,508735,508763,28,2181
506554,508715,508764,49,2161
506554,508735,508764,29,2181
506554,508713,508765,52,2159
506554,508713,508766,53,2159
506554,508734,508767,33,2180
506554,508710,508768,58,2156
506554,508735,508768,33,2181
506554,508718,508768,50,2164
506554,508711,508770,59,2157
506554,508714,508769,55,2160
506554,508737,508769,32,2183
506554,508735,508770,35,2181
506554,508710,508769,59,2156
506554,508734,508771,37,2180
506554,508718,508771,53,2164
506554,508718,508772,54,2164
506554,508735,508772,37,2181
506554,508741,508773,32,2187
506554,508738,508774,36,2184
506554,508714,508777,63,2160
506554,508714,508777,63,2160
506554,508709,508779,70,2155
506554,508718,508779,61,2164
506554,508753,508780,27,2199
506554,508754,508781,27,2200
506554,508746,508780,34,2192
506554,508714,508781,67,2160
506554,508738,508781,43,2184
506554,508747,508781,34,2193
506554,508755,508781,26,2201
506554,508756,508782,26,2202
506554,508762,508782,20,2208
506554,508754,508782,28,2200
506554,508743,508783,40,2189
506554,508755,508783,28,2201
506554,508742,508784,42,2188
506554,508752,508784,32,2198
506554,508713,508784,71,2159
506554,508743,508784,41,2189
506554,508746,508785,39,2192
506554,508746,508785,39,2192
506554,508738,508786,48,2184
506554,508752,508787,35,2198
506554,508751,508787,36,2197
506554,508764,508787,23,2210
506554,508752,508787,35,2198
506554,508744,508788,44,2190
506554,508756,508788,32,2202
506554,508710,508788,78,2156
506554,508752,508789,37,2198
506554,508747,508789,42,2193
506554,508762,508790,28,2208
506554,508764,508790,26,2210
506554,508748,508790,42,2194
506554,508753,508790,37,2199
506554,508707,508790,83,2153
506554,508746,508791,45,2192
506554,508753,508791,38,2199
506554,508760,508791,31,2206
506554,508740,508792,52,2186
506554,508762,508793,31,2208
506554,508749,508793,44,2195
506554,508763,508793,30,2209
506554,508709,508794,85,2155
506554,508764,508794,30,2210
506554,508707,508794,87,2153
506634,508773,508794,21,2139
506554,508754,508794,40,2200
506554,508754,508794,40,2200
506634,508773,508796,23,2139
506554,508750,508797,47,2196
506634,508772,508797,25,2138
506634,508774,508797,23,2140
506554,508764,508799,35,2210
506554,508768,508799,31,2214
506554,508770,508799,29,2216
506554,508765,508799,34,2211
506554,508770,508800,30,2216
506554,508770,508800,30,2216
506554,508770,508800,30,2216
506554,508767,508801,34,2213
506554,508707,508801,94,2153
506554,508769,508802,33,2215
506634,508777,508802,25,2143
506634,508775,508803,28,2141
506554,508766,508802,36,2212
506554,508770,508802,32,2216
506554,508708,508804,96,2154
506554,508768,508807,39,2214
506634,508781,508808,27,2147
506554,508707,508809,102,2153
506634,508780,508809,29,2146
506634,508797,508808,11,2163
506634,508780,508809,29,2146
506634,508796,508809,13,2162
506634,508795,508810,15,2161
506634,508795,508810,15,2161
506634,508798,508812,14,2164
506634,508795,508813,18,2161
506634,508781,508813,32,2147
506634,508799,508814,15,2165
506554,508767,508815,48,2213
506634,508778,508815,37,2144
506634,508791,508817,26,2157
506634,508799,508817,18,2165
506634,508791,508818,27,2157
506634,508791,508818,27,2157
506634,508795,508820,25,2161
506634,508790,508821,31,2156
506634,508781,508822,41,2147
506634,508791,508822,31,2157
506634,508800,508822,22,2166
506634,508805,508823,18,2171
506634,508800,508822,22,2166
506634,508791,508823,32,2157
506634,508791,508823,32,2157
506634,508800,508824,24,2166
506634,508802,508824,22,2168
506634,508803,508824,21,2169
506634,508797,508814,17,2163
506634,508801,508821,20,2167
506634,508803,508824,21,2169
506634,508801,508825,24,2167
506634,508803,508825,22,2169
506634,508801,508825,24,2167
506634,508790,508826,36,2156
506634,508791,508827,36,2157
506634,508793,508827,34,2159
506634,508793,508828,35,2159
506634,508795,508828,33,2161
506634,508803,508828,25,2169
506634,508802,508828,26,2168
506634,508794,508830,36,2160
506634,508807,508831,24,2173
506634,508792,508833,41,2158
506634,508788,508836,48,2154
506634,508810,508838,28,2176
506634,508811,508838,27,2177
506634,508788,508839,51,2154
506634,508786,508840,54,2152
506634,508785,508840,55,2151
506634,508789,508840,51,2155
506634,508787,508842,55,2153
506634,508784,508842,58,2150
506634,508787,508841,54,2153
506634,508813,508842,29,2179
506634,508813,508842,29,2179
506634,508784,508843,59,2150
506634,508784,508843,59,2150
506634,508808,508844,36,2174
506634,508809,508843,34,2175
505717,508077,508843,766,2360
506634,508811,508844,33,2177
506634,508794,508846,52,2160
506634,508810,508847,37,2176
506634,508816,508847,31,2182
506634,508816,508848,32,2182
506634,508789,508847,58,2155
506634,508781,508848,67,2147
506634,508793,508849,56,2159
506634,508789,508850,61,2155
506634,508814,508851,37,2180
506634,508785,508852,67,2151
506634,508810,508852,42,2176
506634,508810,508853,43,2176
506634,508817,508854,37,2183
506634,508822,508856,34,2188
506634,508783,508857,74,2149
506634,508829,508857,28,2195
506634,508819,508857,38,2185
506634,508824,508858,34,2190
506634,508824,508859,35,2190
506634,508829,508859,30,2195
506634,508823,508858,35,2189
506634,508830,508859,29,2196
506634,508828,508860,32,2194
506634,508822,508861,39,2188
506634,508829,508862,33,2195
506634,508827,508862,35,2193
506634,508837,508862,25,2203
506634,508823,508862,39,2189
506634,508819,508863,44,2185
506634,508784,508863,79,2150
506634,508823,508863,40,2189
506634,508785,508864,79,2151
506634,508832,508864,32,2198
506634,508826,508864,38,2192
506634,508821,508864,43,2187
506634,508825,508864,39,2191
506634,508826,508865,39,2192
506634,508824,508865,41,2190
506634,508825,508866,41,2191
506634,508825,508866,41,2191
506634,508838,508866,28,2204
506634,508834,508866,32,2200
506634,508840,508867,27,2206
506634,508827,508867,40,2193
506634,508840,508868,28,2206
506634,508824,508867,43,2190
506634,508824,508868,44,2190
506634,508839,508868,29,2205
506634,508820,508869,49,2186
506634,508818,508869,51,2184
506634,508825,508869,44,2191
506634,508825,508870,45,2191
506634,508825,508870,45,2191
506634,508844,508870,26,2210
506764,508848,508871,23,2084
506764,508848,508872,24,2084
506634,508781,508872,91,2147
506634,508842,508872,30,2208
506634,508840,508872,32,2206
506634,508843,508872,29,2209
506764,508851,508872,21,2087
506634,508781,508874,93,2147
506764,508849,508874,25,2085
506634,508843,508874,31,2209
506634,508841,508875,34,2207
506634,508846,508875,29,2212
506634,508844,508876,32,2210
506764,508848,508876,28,2084
506634,508845,508876,31,2211
506634,508781,508877,96,2147
506634,508843,508877,34,2209
506764,508853,508878,25,2089
506764,508849,508878,29,2085
506634,508842,508878,36,2208
506634,508844,508878,34,2210
506634,508782,508879,97,2148
506634,508842,508879,37,2208
506764,508851,508879,28,2087
506634,508782,508880,98,2148
506634,508842,508881,39,2208
506764,508853,508881,28,2089
506634,508782,508883,101,2148
506764,508872,508885,13,2108
506764,508854,508886,32,2090
506764,508853,508887,34,2089
506764,508873,508888,15,2109
506764,508871,508887,16,2107
506764,508873,508887,14,2109
506764,508872,508889,17,2108
506764,508873,508889,16,2109
506764,508875,508890,15,2111
506764,508857,508889,32,2093
506764,508872,508890,18,2108
506764,508866,508892,26,2102
506764,508875,508893,18,2111
506764,508875,508895,20,2111
506764,508876,508896,20,2112
506764,508867,508896,29,2103
506764,508868,508896,28,2104
506764,508867,508896,29,2103
506764,508867,508897,30,2103
506764,508871,508897,26,2107
506764,508876,508897,21,2112
506764,508875,508897,22,2111
506764,508877,508899,22,2113
506764,508868,508899,31,2104
506764,508877,508900,23,2113
506764,508868,508900,32,2104
506764,508866,508901,35,2102
506764,508879,508900,21,2115
506764,508868,508900,32,2104
506764,508879,508901,22,2115
506764,508879,508902,23,2115
506764,508878,508902,24,2114
506764,508868,508903,35,2104
506764,508879,508903,24,2115
506764,508879,508903,24,2115
506764,508880,508904,24,2116
506764,508865,508905,40,2101
506764,508869,508905,36,2105
506764,508871,508906,35,2107
506764,508878,508907,29,2114
506764,508866,508907,41,2102
506764,508884,508910,26,2120
506764,508864,508910,46,2100
506764,508890,508913,23,2126
506764,508864,508912,48,2100
506764,508871,508913,42,2107
506764,508882,508913,31,2118
506764,508887,508913,26,2123
506764,508888,508914,26,2124
506764,508857,508914,57,2093
506764,508864,508914,50,2100
506764,508888,508915,27,2124
506764,508890,508914,24,2126
506764,508865,508916,51,2101
506764,508880,508916,36,2116
506764,508888,508917,29,2124
506764,508864,508917,53,2100
506764,508864,508919,55,2100
506764,508886,508918,32,2122
506764,508890,508919,29,2126
506764,508882,508919,37,2118
506764,508889,508919,30,2125
506764,508880,508921,41,2116
506764,508863,508921,58,2099
506764,508864,508923,59,2100
506764,508862,508923,61,2098
506764,508869,508923,54,2105
506764,508869,508924,55,2105
506764,508888,508925,37,2124
506764,508898,508927,29,2134
506764,508863,508928,65,2099
506764,508861,508929,68,2097
506764,508897,508931,34,2133
506764,508903,508931,28,2139
506764,508901,508931,30,2137
506764,508893,508931,38,2129
506764,508906,508932,26,2142
506764,508895,508933,38,2131
506764,508906,508933,27,2142
506764,508906,508933,27,2142
506764,508890,508933,43,2126
506764,508908,508934,26,2144
506764,508905,508934,29,2141
506764,508894,508934,40,2130
506764,508862,508934,72,2098
506764,508865,508934,69,2101
506764,508902,508934,32,2138
506764,508911,508935,24,2147
506764,508898,508936,38,2134
506764,508908,508936,28,2144
506764,508897,508937,40,2133
506764,508904,508936,32,2140
506764,508863,508937,74,2099
506805,508920,508936,16,2115
506764,508901,508936,35,2137
506764,508904,508937,33,2140
506764,508904,508938,34,2140
506764,508901,508938,37,2137
506764,508898,508938,40,2134
506764,508900,508937,37,2136
506805,508922,508939,17,2117
506764,508911,508940,29,2147
506764,508914,508939,25,2150
506764,508901,508939,38,2137
506764,508913,508940,27,2149
506764,508915,508941,26,2151
506764,508858,508941,83,2094
506764,508896,508941,45,2132
506764,508897,508941,44,2133
506764,508904,508941,37,2140
506764,508913,508943,30,2149
506764,508857,508943,86,2093
505811,508172,508943,771,2361
506764,508916,508944,28,2152
506764,508898,508945,47,2134
506764,508917,508945,28,2153
506764,508916,508945,29,2152
506764,508913,508945,32,2149
506764,508919,508946,27,2155
506764,508919,508946,27,2155
506764,508915,508946,31,2151
506805,508922,508947,25,2117
506764,508917,508947,30,2153
506764,508915,508947,32,2151
506764,508860,508948,88,2096
506764,508914,508948,34,2150
506764,508914,508948,34,2150
506764,508919,508949,30,2155
506805,508924,508950,26,2119
506764,508915,508950,35,2151
506805,508925,508951,26,2120
506805,508924,508952,28,2119
506805,508923,508953,30,2118
506805,508925,508953,28,2120
506764,508901,508953,52,2137
506764,508900,508955,55,2136
506805,508930,508955,25,2125
506805,508927,508957,30,2122
506805,508929,508957,28,2124
506764,508859,508958,99,2095
506805,508946,508959,13,2141
506805,508946,508960,14,2141
506805,508947,508960,13,2142
506805,508945,508962,17,2140
506805,508946,508962,16,2141
506805,508945,508963,18,2140
506805,508945,508963,18,2140
506805,508940,508965,25,2135
506805,508948,508965,17,2143
506805,508931,508965,34,2126
506764,508859,508965,106,2095
506805,508941,508966,25,2136
506805,508940,508967,27,2135
506805,508938,508967,29,2133
506805,508938,508967,29,2133
506764,508859,508968,109,2095
506805,508948,508968,20,2143
506805,508948,508969,21,2143
506805,508944,508969,25,2139
506805,508949,508969,20,2144
506805,508948,508969,21,2143
506764,508859,508961,102,2095
506805,508940,508968,28,2135
506805,508947,508965,18,2142
506805,508940,508970,30,2135
506805,508940,508971,31,2135
506805,508938,508970,32,2133
506805,508949,508971,22,2144
506805,508952,508973,21,2147
506805,508941,508973,32,2136
506805,508938,508974,36,2133
506805,508953,508974,21,2148
506805,508941,508975,34,2136
506805,508954,508975,21,2149
506805,508944,508976,32,2139
506805,508938,508978,40,2133
506805,508941,508980,39,2136
506805,508949,508979,30,2144
506805,508951,508980,29,2146
506805,508952,508980,28,2147
506805,508950,508980,30,2145
506805,508932,508982,50,2127
506805,508937,508983,46,2132
506805,508954,508983,29,2149
506805,508937,508985,48,2132
506805,508936,508986,50,2131
506805,508955,508986,31,2150
506805,508956,508989,33,2151
506805,508960,508989,29,2155
506805,508957,508990,33,2152
506805,508941,508990,49,2136
506805,508963,508991,28,2158
506805,508943,508991,48,2138
506805,508958,508991,33,2153
506805,508963,508991,28,2158
506805,508935,508993,58,2130
506805,508966,508994,28,2161
506805,508966,508994,28,2161
506805,508966,508995,29,2161
506805,508960,508995,35,2155
506805,508936,508995,59,2131
506805,508937,508995,58,2132
506805,508935,508996,61,2130
506805,508959,508996,37,2154
506805,508965,508998,33,2160
506805,508971,508998,27,2166
506805,508963,508998,35,2158
506805,508937,508999,62,2132
506805,508972,508999,27,2167
506805,508935,509001,66,2130
506805,508967,509001,34,2162
506805,508971,509002,31,2166
506805,508967,509003,36,2162
506805,508976,509003,27,2171
506805,508970,509003,33,2165
506805,508974,509003,29,2169
506805,508976,509004,28,2171
506805,508975,509004,29,2170
506805,508935,509004,69,2130
506805,508937,509003,66,2132
506805,508971,509007,36,2166
506805,508969,509007,38,2164
506805,508969,509008,39,2164
506805,508978,509008,30,2173
506805,508982,509008,26,2177
506805,508970,509009,39,2165
506805,508974,509009,35,2169
506805,508968,509009,41,2163
506805,508983,509009,26,2178
506805,508970,509011,41,2165
506805,508969,509010,41,2164
506805,508969,509010,41,2164
506805,508970,509011,41,2165
506805,508968,509011,43,2163
506805,508980,509011,31,2175
506805,508974,509011,37,2169
506805,508983,509012,29,2178
506805,508934,509012,78,2129
506805,508964,509012,48,2159
506805,508980,509012,32,2175
506805,508987,509013,26,2182
506805,508976,509013,37,2171
506805,508980,509014,34,2175
506805,508986,509014,28,2181
506805,508934,509015,81,2129
506805,508980,509015,35,2175
506805,508989,509016,27,2184
506805,508986,509017,31,2181
506805,508932,509017,85,2127
506905,508996,509017,21,2091
506805,508994,509019,25,2189
506805,508932,509019,87,2127
506805,508980,509020,40,2175
506805,508995,509022,27,2190
506905,508997,509022,25,2092
506805,508992,509022,30,2187
506805,508970,509022,52,2165
506805,508994,509023,29,2189
506805,508992,509023,31,2187
506905,508998,509024,26,2093
506805,508996,509025,29,2191
506805,508991,509026,35,2186
506805,508995,509026,31,2190
506805,508970,509026,56,2165
506805,508934,509027,93,2129
506805,508991,509027,36,2186
506805,508991,509027,36,2186
506805,508991,509028,37,2186
506805,508995,509028,33,2190
506905,508998,509028,30,2093
506805,508934,509028,94,2129
506905,508999,509029,30,2094
506805,508990,509030,40,2185
506905,509002,509031,29,2097
506805,508933,509034,101,2128
506905,508999,509034,35,2094
506905,508999,509034,35,2094
506805,508934,509036,102,2129
506905,509023,509037,14,2118
506905,509003,509038,35,2098
506905,509025,509038,13,2120
506905,509003,509038,35,2098
506905,509023,509038,15,2118
506905,509026,509039,13,2121
506805,508933,509039,106,2128
506905,509001,509039,38,2096
506905,509023,509039,16,2118
506805,508933,509040,107,2128
506905,509016,509041,25,2111
506905,509013,509041,28,2108
506905,509024,509041,17,2119
506905,509015,509042,27,2110
506905,509013,509044,31,2108
506905,509027,509044,17,2122
506905,509002,509044,42,2097
506905,509016,509044,28,2111
506905,509013,509044,31,2108
506905,509027,509045,18,2122
506905,509022,509045,23,2117
506905,509027,509045,18,2122
506905,509016,509046,30,2111
506905,509017,509047,30,2112
505912,508263,509048,785,2351
506905,509014,509048,34,2109
506905,509027,509049,22,2122
506905,509022,509049,27,2117
506905,509027,509049,22,2122
506905,509012,509051,39,2107
506905,509021,509051,30,2116
506905,509032,509052,20,2127
506905,509029,509053,24,2124
506905,509012,509054,42,2107
506905,509028,509054,26,2123
506905,509017,509054,37,2112
506905,509013,509056,43,2108
506905,509018,509057,39,2113
506905,509031,509058,27,2126
506905,509011,509057,46,2106
506905,509029,509059,30,2124
506905,509034,509058,24,2129
506905,509029,509059,30,2124
506905,509012,509059,47,2107
506905,509029,509061,32,2124
506905,509004,509061,57,2099
506905,509034,509061,27,2129
506905,509028,509061,33,2123
506905,509019,509064,45,2114
506905,509011,509065,54,2106
506905,509011,509067,56,2106
506905,509039,509067,28,2134
506905,509035,509069,34,2130
506905,509019,509069,50,2114
506905,509042,509070,28,2137
506905,509042,509070,28,2137
506905,509039,509072,33,2134
506905,509039,509072,33,2134
506905,509042,509073,31,2137
506905,509039,509073,34,2134
506905,509040,509074,34,2135
506905,509040,509074,34,2135
506905,509044,509074,30,2139
506905,509011,509075,64,2106
506905,509010,509075,65,2105
506905,509038,509076,38,2133
506905,509010,509078,68,2105
506905,509042,509077,35,2137
506905,509037,509078,41,2132
506905,509040,509078,38,2135
506905,509011,509079,68,2106
506905,509011,509079,68,2106
506905,509038,509081,43,2133
506905,509044,509083,39,2139
506905,509045,509084,39,2140
506905,509010,509084,74,2105
506905,509061,509085,24,2156
506905,509055,509086,31,2150
506905,509009,509087,78,2104
506905,509047,509087,40,2142
506905,509004,509087,83,2099
506905,509054,509088,34,2149
506905,509049,509087,38,2144
506905,509045,509088,43,2140
506905,509057,509088,31,2152
506905,509050,509088,38,2145
506905,509053,509089,36,2148
506905,509004,509089,85,2099
506905,509050,509090,40,2145
506905,509054,509090,36,2149
506905,509041,509091,50,2136
506905,509052,509091,39,2147
506905,509058,509092,34,2153
506905,509009,509091,82,2104
506905,509046,509092,46,2141
506905,509059,509093,34,2154
506905,509066,509093,27,2161
506905,509061,509093,32,2156
506905,509046,509094,48,2141
506905,509062,509093,31,2157
506905,509055,509094,39,2150
506905,509064,509094,30,2159
506905,509056,509094,38,2151
506905,509060,509094,34,2155
506905,509049,509095,46,2144
506905,509047,509095,48,2142
506905,509052,509096,44,2147
506905,509058,509096,38,2153
506905,509067,509096,29,2162
506905,509059,509097,38,2154
506977,509078,509098,20,2101
506905,509060,509097,37,2155
506905,509062,509097,35,2157
506905,509051,509098,47,2146
506905,509073,509098,25,2168
506905,509048,509099,51,2143
506905,509045,509098,53,2140
506977,509079,509099,20,2102
506905,509068,509103,35,2163
506905,509004,509102,98,2099
506905,509075,509104,29,2170
506905,509070,509106,36,2165
506905,509074,509106,32,2169
506905,509075,509107,32,2170
506977,509078,509106,28,2101
506977,509077,509106,29,2100
506977,509082,509107,25,2105
506905,509069,509106,37,2164
506905,509074,509107,33,2169
506905,509073,509108,35,2168
506905,509004,509108,104,2099
506977,509079,509108,29,2102
506905,509072,509109,37,2167
506905,509008,509109,101,2103
506905,509074,509110,36,2169
506905,509007,509111,104,2102
506977,509078,509111,33,2101
506905,509009,509111,102,2104
506905,509071,509111,40,2166
506905,509008,509113,105,2103
506977,509078,509113,35,2101
506905,509070,509115,45,2165
506977,509083,509116,33,2106
506905,509004,509117,113,2099
506977,509085,509119,34,2108
506977,509103,509119,16,2126
506977,509096,509120,24,2119
506977,509105,509120,15,2128
506977,509094,509120,26,2117
506977,509107,509120,13,2130
506977,509095,509120,25,2118
506977,509097,509121,24,2120
506977,509098,509121,23,2121
506977,509103,509122,19,2126
506977,509097,509121,24,2120
506977,509107,509122,15,2130
506977,509094,509122,28,2117
506977,509107,509122,15,2130
506977,509107,509123,16,2130
506977,509097,509124,27,2120
506977,509107,509125,18,2130
506977,509085,509125,40,2108
506977,509107,509126,19,2130
506977,509096,509126,30,2119
506977,509085,509125,40,2108
506977,509107,509127,20,2130
506977,509100,509127,27,2123
506977,509098,509128,30,2121
506977,509094,509124,30,2117
506977,509094,509126,32,2117
506977,509098,509130,32,2121
506977,509098,509131,33,2121
506977,509099,509131,32,2122
506977,509108,509131,23,2131
506977,509094,509132,38,2117
506023,508355,509134,779,2332
506977,509099,509135,36,2122
506977,509109,509135,26,2132
506977,509094,509135,41,2117
506977,509111,509136,25,2134
506977,509112,509138,26,2135
506977,509110,509137,27,2133
506977,509111,509139,28,2134
506977,509108,509140,32,2131
506977,509110,509140,30,2133
506977,509109,509141,32,2132
506977,509099,509141,42,2122
506977,509111,509144,33,2134
506977,509116,509146,30,2139
506977,509122,509146,24,2145
506977,509119,509149,30,2142
506977,509120,509151,31,2143
506977,509117,509151,34,2140
506977,509086,509152,66,2109
506977,509092,509152,60,2115
506977,509112,509152,40,2135
506977,509099,509152,53,2122
506977,509120,509153,33,2143
506977,509122,509152,30,2145
506977,509120,509153,33,2143
506977,509114,509155,41,2137
506977,509088,509156,68,2111
506977,509121,509158,37,2144
506977,509114,509157,43,2137
506977,509093,509159,66,2116
506977,509121,509159,38,2144
506977,509120,509159,39,2143
506977,509123,509159,36,2146
506977,509131,509160,29,2154
506977,509093,509161,68,2116
506977,509131,509161,30,2154
506977,509093,509162,69,2116
506977,509122,509161,39,2145
506977,509093,509162,69,2116
506977,509132,509162,30,2155
506977,509091,509162,71,2114
506977,509129,509164,35,2152
506977,509131,509163,32,2154
506977,509128,509165,37,2151
506977,509092,509166,74,2115
506977,509115,509166,51,2138
506977,509124,509166,42,2147
506977,509126,509167,41,2149
506977,509132,509167,35,2155
506977,509135,509168,33,2158
506977,509136,509167,31,2159
506977,509133,509168,35,2156
506977,509139,509169,30,2162
506977,509132,509169,37,2155
506977,509124,509170,46,2147
506977,509137,509170,33,2160
506977,509138,509170,32,2161
506977,509136,509169,33,2159
506977,509123,509170,47,2146
506977,509125,509171,46,2148
506977,509141,509171,30,2164
506977,509131,509172,41,2154
506977,509132,509173,41,2155
506977,509147,509173,26,2170
506977,509138,509174,36,2161
506977,509089,509174,85,2112
506977,509145,509175,30,2168
506977,509087,509175,88,2110
506977,509087,509177,90,2110
506977,509146,509177,31,2169
506977,509134,509178,44,2157
506977,509126,509178,52,2149
506977,509126,509179,53,2149
506977,509141,509178,37,2164
506977,509090,509179,89,2113
506977,509151,509180,29,2174
506977,509141,509180,39,2164
506977,509089,509181,92,2112
506977,509141,509181,40,2164
506977,509152,509182,30,2175
507044,509160,509182,22,2116
506977,509088,509184,96,2111
506977,509088,509185,97,2111
506977,509155,509185,30,2178
506977,509126,509185,59,2149
507044,509161,509186,25,2117
506977,509127,509185,58,2150
507044,509162,509186,24,2118
507044,509159,509186,27,2115
506977,509154,509187,33,2177
506977,509153,509187,34,2176
506977,509149,509187,38,2172
507044,509160,509187,27,2116
506977,509088,509188,100,2111
506977,509159,509190,31,2182
506977,509153,509190,37,2176
506977,509151,509191,40,2174
506977,509158,509191,33,2181
507044,509163,509192,29,2119
507044,509161,509192,31,2117
506977,509153,509192,39,2176
506977,509152,509192,40,2175
507044,509164,509193,29,2120
506977,509158,509194,36,2181
507044,509163,509193,30,2119
506977,509090,509194,104,2113
506977,509157,509195,38,2180
506977,509152,509195,43,2175
507044,509162,509195,33,2118
507044,509163,509196,33,2119
506977,509090,509199,109,2113
507044,509179,509200,21,2135
507044,509187,509200,13,2143
506977,509089,509201,112,2112
507044,509178,509201,23,2134
507044,509186,509202,16,2142
507044,509186,509203,17,2142
507044,509179,509203,24,2135
507044,509186,509203,17,2142
507044,509186,509203,17,2142
507044,509175,509204,29,2131
507044,509175,509204,29,2131
507044,509175,509204,29,2131
507044,509179,509205,26,2135
507044,509187,509205,18,2143
507044,509177,509205,28,2133
507044,509188,509205,17,2144
507044,509188,509206,18,2144
507044,509188,509206,18,2144
507044,509180,509207,27,2136
507044,509179,509207,28,2135
507044,509181,509207,26,2137
507044,509189,509209,20,2145
507044,509174,509208,34,2130
507044,509190,509209,19,2146
507044,509175,509209,34,2131
507044,509164,509210,46,2120
507044,509180,509211,31,2136
507044,509185,509211,26,2141
507044,509182,509212,30,2138
507044,509191,509216,25,2147
507044,509193,509218,25,2149
507044,509182,509219,37,2138
507044,509193,509218,25,2149
507044,509182,509218,36,2138
507044,509193,509220,27,2149
507044,509194,509220,26,2150
507044,509192,509221,29,2148
507044,509191,509223,32,2147
507044,509193,509224,31,2149
507044,509185,509225,40,2141
506145,508449,509226,777,2304
507044,509201,509226,25,2157
507044,509194,509227,33,2150
507044,509196,509228,32,2152
507044,509174,509228,54,2130
507044,509165,509228,63,2121
507044,509205,509229,24,2161
507044,509194,509230,36,2150
507044,509196,509230,34,2152
507044,509203,509232,29,2159
507044,509185,509232,47,2141
507044,509204,509232,28,2160
507044,509202,509233,31,2158
507044,509202,509234,32,2158
507044,509205,509233,28,2161
507044,509200,509234,34,2156
507044,509195,509236,41,2151
507044,509183,509236,53,2139
507044,509201,509237,36,2157
507044,509209,509237,28,2165
507044,509203,509238,35,2159
507044,509196,509239,43,2152
507044,509196,509240,44,2152
507044,509212,509242,30,2168
507044,509210,509243,33,2166
507044,509216,509243,27,2172
507044,509208,509243,35,2164
507044,509170,509245,75,2126
507044,509171,509244,73,2127
507044,509206,509245,39,2162
507044,509212,509245,33,2168
507044,509203,509246,43,2159
507044,509207,509248,41,2163
507044,509173,509247,74,2129
507044,509220,509249,29,2176
507044,509212,509249,37,2168
507044,509203,509248,45,2159
507044,509205,509249,44,2161
507044,509207,509249,42,2163
507044,509209,509249,40,2165
507044,509219,509249,30,2175
507044,509228,509250,22,2184
507044,509219,509250,31,2175
507044,509221,509251,30,2177
507044,509210,509250,40,2166
507044,509224,509252,28,2180
507044,509219,509252,33,2175
507044,509206,509252,46,2162
507044,509210,509254,44,2166
507044,509221,509255,34,2177
507044,509207,509255,48,2163
507044,509226,509255,29,2182
507044,509170,509256,86,2126
507044,509229,509257,28,2185
507044,509207,509257,50,2163
507044,509172,509257,85,2128
507044,509168,509258,90,2124
507044,509227,509259,32,2183
507044,509226,509258,32,2182
507044,509206,509259,53,2162
507044,509206,509259,53,2162
507044,509218,509259,41,2174
507044,509166,509259,93,2122
507044,509235,509259,24,2191
507044,509169,509260,91,2125
507044,509224,509259,35,2180
507044,509230,509263,33,2186
507044,509167,509263,96,2123
507044,509167,509264,97,2123
507044,509170,509265,95,2126
507044,509233,509265,32,2189
507116,509240,509265,25,2124
507044,509237,509265,28,2193
507044,509229,509265,36,2185
507116,509239,509266,27,2123
507044,509231,509266,35,2187
507044,509234,509267,33,2190
507044,509166,509267,101,2122
507044,509168,509268,100,2124
507044,509168,509269,101,2124
507044,509237,509269,32,2193
507044,509233,509269,36,2189
507116,509242,509270,28,2126
507044,509234,509270,36,2190
507044,509170,509271,101,2126
507116,509243,509271,28,2127
507044,509236,509271,35,2192
507044,509238,509271,33,2194
507044,509226,509271,45,2182
507044,509233,509272,39,2189
507044,509230,509273,43,2186
507044,509170,509274,104,2126
507044,509169,509274,105,2125
507044,509233,509275,42,2189
507116,509247,509275,28,2131
507116,509244,509276,32,2128
507116,509243,509276,33,2127
507116,509246,509277,31,2130
507116,509260,509279,19,2144
507116,509268,509281,13,2152
507116,509245,509282,37,2129
507116,509245,509282,37,2129
507116,509246,509283,37,2130
507116,509267,509284,17,2151
507116,509260,509285,25,2144
507116,509268,509285,17,2152
507116,509267,509286,19,2151
507116,509270,509286,16,2154
507116,509260,509285,25,2144
507116,509260,509285,25,2144
507116,509258,509286,28,2142
507116,509266,509286,20,2150
507116,509259,509287,28,2143
507116,509259,509287,28,2143
507116,509264,509289,25,2148
507116,509271,509289,18,2155
507116,509259,509289,30,2143
507116,509269,509289,20,2153
507116,509248,509290,42,2132
507116,509270,509290,20,2154
507116,509257,509290,33,2141
507116,509271,509291,20,2155
507044,509170,509291,121,2126
507116,509270,509292,22,2154
507116,509264,509292,28,2148
507116,509257,509293,36,2141
507116,509259,509284,25,2143
507116,509260,509289,29,2144
507116,509260,509287,27,2144
507116,509265,509296,31,2149
507116,509266,509297,31,2150
507116,509271,509298,27,2155
507116,509272,509298,26,2156
507116,509265,509298,33,2149
506223,508536,509300,764,2313
507116,509272,509302,30,2156
507116,509272,509303,31,2156
507116,509274,509304,30,2158
507116,509274,509306,32,2158
507116,509272,509305,33,2156
507116,509256,509306,50,2140
507116,509248,509309,61,2132
507116,509265,509310,45,2149
507116,509274,509310,36,2158
507116,509266,509311,45,2150
507116,509285,509312,27,2169
507116,509286,509313,27,2170
507116,509283,509313,30,2167
507116,509275,509316,41,2159
507116,509287,509315,28,2171
507116,509287,509315,28,2171
507116,509280,509319,39,2164
507116,509283,509320,37,2167
507116,509291,509321,30,2175
507116,509266,509322,56,2150
507116,509277,509323,46,2161
507116,509285,509323,38,2169
507116,509286,509324,38,2170
507116,509276,509324,48,2160
507116,509277,509325,48,2161
507116,509292,509325,33,2176
507116,509293,509327,34,2177
507116,509276,509327,51,2160
507116,509301,509328,27,2185
507116,509282,509329,47,2166
507116,509291,509329,38,2175
507116,509294,509330,36,2178
507116,509294,509330,36,2178
507116,509299,509331,32,2183
507116,509292,509333,41,2176
507116,509286,509333,47,2170
507116,509288,509333,45,2172
507116,509290,509333,43,2174
507116,509294,509335,41,2178
507116,509294,509335,41,2178
507116,509306,509335,29,2190
507116,509297,509336,39,2181
507116,509311,509336,25,2195
507116,509298,509337,39,2182
507116,509256,509337,81,2140
507116,509290,509338,48,2174
507116,509294,509337,43,2178
507116,509304,509338,34,2188
507116,509299,509338,39,2183
507116,509249,509339,90,2133
507116,509250,509340,90,2134
507116,509250,509340,90,2134
507116,509289,509340,51,2173
507116,509250,509341,91,2134
507116,509251,509340,89,2135
507116,509313,509340,27,2197
507116,509314,509342,28,2198
507116,509298,509342,44,2182
507116,509307,509342,35,2191
507116,509311,509341,30,2195
507116,509286,509342,56,2170
507116,509291,509344,53,2175
507116,509303,509344,41,2187
507116,509285,509344,59,2169
507116,509249,509345,96,2133
507116,509305,509346,41,2189
507116,509306,509346,40,2190
507116,509249,509347,98,2133
507116,509250,509347,97,2134
507116,509290,509347,57,2174
507116,509251,509348,97,2135
507116,509286,509348,62,2170
507116,509312,509350,38,2196
507188,509329,509350,21,2141
507188,509328,509350,22,2140
507116,509251,509351,100,2135
507116,509254,509353,99,2138
507116,509253,509353,100,2137
507116,509255,509352,97,2139
507116,509291,509354,63,2175
507116,509252,509354,102,2136
507116,509252,509354,102,2136
507188,509329,509355,26,2141
507116,509309,509356,47,2193
507116,509323,509356,33,2207
507116,509324,509357,33,2208
507116,509322,509357,35,2206
507116,509314,509357,43,2198
507188,509330,509358,28,2142
507116,509251,509359,108,2135
507116,509316,509360,44,2200
507188,509329,509359,30,2141
507116,509325,509360,35,2209
507116,509316,509361,45,2200
507116,509324,509361,37,2208
507188,509331,509362,31,2143
507116,509320,509361,41,2204
507188,509331,509362,31,2143
507116,509326,509362,36,2210
507188,509333,509363,30,2145
507116,509321,509363,42,2205
507116,509316,509364,48,2200
507116,509322,509366,44,2206
507116,509326,509365,39,2210
507116,509256,509366,110,2140
507188,509334,509367,33,2146
507188,509354,509370,16,2166
507188,509333,509370,37,2145
507188,509356,509370,14,2168
507188,509357,509372,15,2169
507188,509335,509372,37,2147
507188,509354,509372,18,2166
507188,509351,509373,22,2163
507188,509346,509372,26,2158
507188,509357,509373,16,2169
507188,509348,509373,25,2160
507188,509344,509373,29,2156
507188,509357,509374,17,2169
507188,509347,509374,27,2159
507188,509357,509375,18,2169
507188,509344,509375,31,2156
507188,509348,509375,27,2160
507188,509347,509375,28,2159
507188,509345,509375,30,2157
507188,509357,509376,19,2169
507188,509358,509376,18,2170
507188,509352,509378,26,2164
507188,509360,509379,19,2172
507188,509351,509379,28,2163
507188,509336,509379,43,2148
507188,509333,509381,48,2145
507188,509351,509381,30,2163
507188,509342,509382,40,2154
507188,509347,509369,22,2159
507188,509348,509375,27,2160
507188,509348,509374,26,2160
507188,509360,509380,20,2172
506340,508616,509384,768,2276
507188,509360,509387,27,2172
507188,509361,509389,28,2173
507188,509362,509389,27,2174
507188,509362,509389,27,2174
507188,509362,509390,28,2174
507188,509354,509391,37,2166
507188,509342,509391,49,2154
507188,509361,509392,31,2173
507188,509362,509393,31,2174
507188,509362,509394,32,2174
507188,509363,509396,33,2175
507188,509353,509397,44,2165
507188,509342,509398,56,2154
507188,509374,509399,25,2186
507188,509374,509400,26,2186
507188,509364,509401,37,2176
507188,509368,509404,36,2180
507188,509336,509404,68,2148
507188,509371,509404,33,2183
507188,509374,509406,32,2186
507188,509367,509406,39,2179
507188,509364,509407,43,2176
507188,509338,509408,70,2150
507188,509379,509408,29,2191
507188,509367,509408,41,2179
507188,509371,509409,38,2183
507188,509373,509409,36,2185
507188,509371,509409,38,2183
507188,509353,509410,57,2165
507188,509383,509411,28,2195
507188,509375,509410,35,2187
507188,509341,509411,70,2153
507188,509373,509411,38,2185
507188,509373,509412,39,2185
507188,509353,509414,61,2165
507188,509382,509414,32,2194
507188,509372,509416,44,2184
507188,509373,509415,42,2185
507188,509385,509416,31,2197
507188,509379,509416,37,2191
507188,509380,509416,36,2192
507188,509384,509416,32,2196
507188,509373,509417,44,2185
507188,509384,509418,34,2196
507188,509376,509418,42,2188
507188,509389,509417,28,2201
507188,509372,509419,47,2184
507188,509377,509419,42,2189
507188,509376,509421,45,2188
507188,509387,509421,34,2199
507188,509379,509422,43,2191
507188,509384,509423,39,2196
507188,509342,509423,81,2154
507188,509376,509422,46,2188
507188,509341,509423,82,2153
507188,509384,509424,40,2196
507188,509397,509424,27,2209
507188,509337,509424,87,2149
507188,509392,509425,33,2204
507188,509341,509425,84,2153
507188,509391,509425,34,2203
507188,509390,509426,36,2202
507188,509391,509426,35,2203
507188,509383,509426,43,2195
507188,509342,509426,84,2154
507188,509338,509426,88,2150
507188,509337,509428,91,2149
507188,509376,509428,52,2188
507188,509337,509429,92,2149
507188,509395,509429,34,2207
507188,509384,509430,46,2196
507188,509376,509430,54,2188
507188,509399,509431,32,2211
507268,509411,509431,20,2143
507188,509338,509433,95,2150
507188,509389,509433,44,2201
507188,509338,509433,95,2150
507268,509412,509434,22,2144
507188,509397,509434,37,2209
507188,509341,509434,93,2153
507188,509392,509435,43,2204
507268,509413,509436,23,2145
507188,509399,509435,36,2211
507188,509402,509437,35,2214
507188,509400,509438,38,2212
507188,509406,509439,33,2218
507188,509339,509440,101,2151
507188,509408,509441,33,2220
507188,509338,509441,103,2150
507188,509408,509443,35,2220
507268,509415,509442,27,2147
507188,509409,509444,35,2221
507268,509414,509444,30,2146
507188,509341,509444,103,2153
507188,509405,509446,41,2217
507268,509416,509446,30,2148
507188,509411,509446,35,2223
507188,509409,509447,38,2221
507268,509416,509447,31,2148
507188,509393,509447,54,2205
507188,509410,509448,38,2222
507268,509417,509448,31,2149
507268,509416,509448,32,2148
507188,509340,509450,110,2152
507188,509409,509449,40,2221
507268,509412,509449,37,2144
507188,509407,509450,43,2219
507188,509408,509450,42,2220
507268,509416,509450,34,2148
507188,509405,509451,46,2217
507188,509405,509452,47,2217
507268,509440,509454,14,2172
507268,509417,509455,38,2149
507268,509440,509456,16,2172
507268,509429,509455,26,2161
507268,509427,509456,29,2159
507268,509434,509457,23,2166
507268,509442,509457,15,2174
507268,509430,509457,27,2162
507268,509432,509458,26,2164
507268,509438,509458,20,2170
507268,509430,509458,28,2162
507268,509431,509458,27,2163
507268,509442,509459,17,2174
507268,509444,509459,15,2176
507268,509430,509460,30,2162
507268,509443,509461,18,2175
507268,509434,509461,27,2166
507268,509428,509463,35,2160
507268,509431,509463,32,2163
507268,509418,509462,44,2150
507268,509434,509463,29,2166
507268,509434,509463,29,2166
507268,509443,509464,21,2175
507268,509445,509465,20,2177
506430,508698,509465,767,2268
507268,509426,509465,39,2158
507268,509444,509465,21,2176
507268,509435,509467,32,2167
507268,509427,509467,40,2159
507268,509437,509468,31,2169
507268,509446,509471,25,2178
507268,509446,509474,28,2178
507268,509435,509474,39,2167
507268,509448,509476,28,2180
507268,509448,509478,30,2180
507268,509448,509479,31,2180
507268,509449,509479,30,2181
507268,509448,509481,33,2180
507268,509447,509481,34,2179
507268,509446,509482,36,2178
507268,509426,509483,57,2158
507268,509451,509485,34,2183
507268,509452,509486,34,2184
507268,509450,509487,37,2182
507268,509450,509488,38,2182
507268,509452,509488,36,2184
507268,509421,509490,69,2153
507268,509458,509490,32,2190
507268,509418,509490,72,2150
507268,509458,509490,32,2190
507268,509457,509491,34,2189
507268,509450,509492,42,2182
507268,509418,509493,75,2150
507268,509450,509493,43,2182
507268,509451,509495,44,2183
507268,509436,509495,59,2168
507268,509458,509496,38,2190
507268,509464,509495,31,2196
507268,509456,509497,41,2188
507268,509456,509497,41,2188
507268,509467,509498,31,2199
507268,509464,509499,35,2196
507268,509459,509499,40,2191
507268,509435,509500,65,2167
507268,509468,509500,32,2200
507268,509457,509500,43,2189
507268,509422,509500,78,2154
507268,509463,509501,38,2195
507268,509454,509501,47,2186
507268,509426,509501,75,2158
507268,509466,509502,36,2198
507268,509459,509502,43,2191
507268,509466,509503,37,2198
507268,509465,509502,37,2197
507268,509426,509503,77,2158
507268,509424,509505,81,2156
507268,509460,509504,44,2192
507268,509466,509505,39,2198
507268,509462,509505,43,2194
507268,509472,509505,33,2204
507268,509463,509505,42,2195
507268,509425,509507,82,2157
507268,509463,509507,44,2195
507268,509478,509507,29,2210
507268,509468,509508,40,2200
507268,509464,509508,44,2196
507268,509455,509509,54,2187
507268,509422,509509,87,2154
507268,509475,509511,36,2207
507268,509486,509512,26,2218
507268,509475,509512,37,2207
507268,509482,509513,31,2214
507268,509483,509513,30,2215
507268,509456,509513,57,2188
507268,509418,509514,96,2150
507268,509436,509514,78,2168
507268,509461,509515,54,2193
507268,509477,509516,39,2209
507268,509486,509516,30,2218
507268,509423,509517,94,2155
507268,509425,509517,92,2157
507268,509481,509517,36,2213
507268,509480,509517,37,2212
507268,509479,509519,40,2211
507330,509500,509518,18,2170
507268,509466,509520,54,2198
507268,509425,509520,95,2157
507268,509419,509520,101,2151
507268,509423,509521,98,2155
507268,509424,509522,98,2156
507268,509487,509522,35,2219
507268,509461,509523,62,2193
507268,509420,509524,104,2152
507268,509491,509524,33,2223
507330,509499,509525,26,2169
507330,509500,509525,25,2170
507268,509423,509525,102,2155
507330,509501,509530,29,2171
507268,509492,509530,38,2224
507268,509491,509531,40,2223
507268,509496,509530,34,2228
507268,509423,509530,107,2155
507268,509482,509531,49,2214
507268,509491,509531,40,2223
507268,509496,509531,35,2228
507268,509497,509532,35,2229
507268,509496,509532,36,2228
507268,509493,509532,39,2225
507330,509501,509534,33,2171
507268,509488,509535,47,2220
507330,509501,509535,34,2171
507330,509502,509535,33,2172
507268,509493,509537,44,2225
507330,509501,509537,36,2171
506557,508772,509538,766,2215
507268,509495,509538,43,2227
507330,509526,509539,13,2196
507330,509501,509539,38,2171
507268,509490,509539,49,2222
507268,509489,509540,51,2221
507330,509502,509541,39,2172
507330,509502,509542,40,2172
507268,509491,509542,51,2223
507330,509518,509542,24,2188
507330,509501,509542,41,2171
507330,509518,509542,24,2188
507330,509516,509544,28,2186
507330,509530,509544,14,2200
507330,509516,509544,28,2186
507330,509517,509545,28,2187
507330,509526,509545,19,2196
507330,509531,509546,15,2201
507330,509517,509546,29,2187
507330,509519,509547,28,2189
507330,509531,509547,16,2201
507330,509516,509549,33,2186
507330,509531,509548,17,2201
507330,509520,509549,29,2190
507330,509531,509549,18,2201
507330,509519,509550,31,2189
507330,509520,509551,31,2190
507330,509531,509553,22,2201
507330,509515,509550,35,2185
507330,509521,509548,27,2191
507330,509503,509553,50,2173
507330,509531,509555,24,2201
507330,509525,509556,31,2195
507330,509532,509555,23,2202
507330,509521,509557,36,2191
507330,509514,509557,43,2184
507330,509536,509561,25,2206
507330,509533,509561,28,2203
507330,509533,509561,28,2203
507330,509524,509562,38,2194
507330,509514,509562,48,2184
507330,509536,509563,27,2206
507330,509536,509567,31,2206
507330,509538,509568,30,2208
507330,509534,509570,36,2204
507330,509538,509570,32,2208
507330,509533,509570,37,2203
507330,509524,509573,49,2194
507330,509503,509573,70,2173
507330,509538,509573,35,2208
507330,509545,509574,29,2215
507330,509545,509576,31,2215
507330,509514,509577,63,2184
507330,509539,509577,38,2209
507330,509503,509579,76,2173
507330,509543,509579,36,2213
507330,509542,509579,37,2212
507330,509543,509578,35,2213
507330,509522,509579,57,2192
507330,509545,509580,35,2215
507330,509542,509580,38,2212
507330,509546,509581,35,2216
507330,509539,509581,42,2209
507330,509540,509582,42,2210
507330,509523,509584,61,2193
507330,509539,509584,45,2209
507330,509512,509584,72,2182
507330,509505,509585,80,2175
507330,509546,509585,39,2216
507330,509556,509586,30,2226
507330,509509,509587,78,2179
507330,509510,509588,78,2180
507330,509540,509588,48,2210
507330,509554,509591,37,2224
507330,509555,509591,36,2225
507330,509554,509591,37,2224
507330,509549,509592,43,2219
507330,509554,509592,38,2224
507330,509556,509592,36,2226
507330,509562,509593,31,2232
507330,509509,509594,85,2179
507330,509505,509593,88,2175
507330,509511,509594,83,2181
507330,509551,509593,42,2221
507330,509554,509594,40,2224
507330,509514,509595,81,2184
507330,509558,509594,36,2228
507330,509546,509595,49,2216
507330,509557,509596,39,2227
507330,509542,509597,55,2212
507330,509549,509598,49,2219
507330,509561,509598,37,2231
507330,509506,509598,92,2176
507330,509562,509599,37,2232
507330,509554,509599,45,2224
507330,509523,509599,76,2193
507330,509563,509599,36,2233
507330,509563,509599,36,2233
507330,509505,509599,94,2175
507330,509505,509600,95,2175
507330,509549,509600,51,2219
507330,509551,509601,50,2221
507330,509547,509602,55,2217
507330,509507,509602,95,2177
507330,509570,509603,33,2240
507330,509564,509603,39,2234
507330,509507,509603,96,2177
507330,509573,509603,30,2243
507330,509549,509604,55,2219
507330,509548,509605,57,2218
507330,509547,509605,58,2217
507330,509509,509606,97,2179
507330,509513,509606,93,2183
507330,509569,509608,39,2239
507330,509573,509607,34,2243
507330,509508,509609,101,2178
507387,509586,509612,26,2199
507330,509568,509613,45,2238
507387,509586,509613,27,2199
507387,509587,509613,26,2200
507330,509570,509613,43,2240
507330,509570,509614,44,2240
507330,509575,509614,39,2245
507330,509505,509615,110,2175
507330,509581,509615,34,2251
507330,509574,509618,44,2244
507387,509588,509618,30,2201
507330,509578,509618,40,2248
507330,509579,509619,40,2249
507330,509580,509620,40,2250
507330,509581,509620,39,2251
507330,509578,509620,42,2248
506637,508847,509619,772,2210
507330,509584,509620,36,2254
507387,509593,509622,29,2206
507387,509589,509622,33,2202
507330,509579,509622,43,2249
507387,509589,509624,35,2202
507387,509592,509625,33,2205
507330,509580,509626,46,2250
507387,509592,509627,35,2205
507330,509576,509626,50,2246
507330,509583,509626,43,2253
507330,509579,509626,47,2249
507330,509579,509628,49,2249
507387,509592,509628,36,2205
507330,509584,509631,47,2254
507387,509603,509634,31,2216
507387,509618,509634,16,2231
507387,509593,509634,41,2206
507387,509606,509635,29,2219
507387,509619,509634,15,2232
507387,509593,509636,43,2206
507387,509603,509636,33,2216
507387,509605,509636,31,2218
507330,509582,509636,54,2252
507387,509603,509637,34,2216
507387,509616,509635,19,2229
507387,509603,509637,34,2216
507387,509615,509639,24,2228
507387,509619,509638,19,2232
507387,509620,509640,20,2233
507387,509605,509639,34,2218
507387,509620,509640,20,2233
507387,509608,509641,33,2221
507387,509602,509641,39,2215
507387,509603,509642,39,2216
507387,509608,509642,34,2221
507387,509606,509642,36,2219
507387,509606,509642,36,2219
507387,509620,509645,25,2233
507387,509615,509647,32,2228
507387,509614,509649,35,2227
507387,509593,509650,57,2206
507387,509622,509651,29,2235
507387,509602,509651,49,2215
507387,509610,509652,42,2223
507387,509614,509652,38,2227
507387,509620,509652,32,2233
507387,509623,509653,30,2236
507387,509621,509654,33,2234
507387,509620,509655,35,2233
507387,509625,509654,29,2238
507387,509623,509658,35,2236
507387,509626,509659,33,2239
507387,509626,509662,36,2239
507387,509594,509664,70,2207
507387,509637,509664,27,2250
507387,509636,509665,29,2249
507387,509601,509666,65,2214
507387,509613,509666,53,2226
507387,509614,509667,53,2227
507387,509635,509667,32,2248
507387,509627,509668,41,2240
507387,509637,509668,31,2250
507387,509637,509669,32,2250
507387,509637,509669,32,2250
507387,509601,509671,70,2214
507387,509632,509673,41,2245
507387,509599,509674,75,2212
507387,509629,509675,46,2242
507387,509642,509676,34,2255
507387,509613,509677,64,2226
507387,509599,509678,79,2212
507387,509635,509678,43,2248
507387,509594,509678,84,2207
507387,509627,509679,52,2240
507387,509643,509679,36,2256
507387,509634,509680,46,2247
507387,509600,509680,80,2213
507387,509600,509681,81,2213
507387,509637,509681,44,2250
507387,509594,509682,88,2207
507387,509638,509681,43,2251
507387,509634,509683,49,2247
507387,509641,509683,42,2254
507387,509594,509685,91,2207
507387,509595,509685,90,2208
507387,509613,509685,72,2226
507387,509594,509686,92,2207
507387,509599,509686,87,2212
507387,509643,509687,44,2256
507387,509654,509687,33,2267
507387,509627,509687,60,2240
507387,509639,509688,49,2252
507387,509627,509688,61,2240
507387,509634,509688,54,2247
507387,509653,509689,36,2266
507387,509598,509688,90,2211
507387,509647,509688,41,2260
507387,509642,509689,47,2255
507387,509639,509690,51,2252
507387,509655,509690,35,2268
507387,509645,509691,46,2258
507387,509641,509691,50,2254
507387,509651,509691,40,2264
507387,509650,509691,41,2263
507387,509655,509692,37,2268
507387,509641,509692,51,2254
507387,509653,509693,40,2266
507387,509651,509695,44,2264
507387,509600,509694,94,2213
507387,509595,509695,100,2208
507387,509640,509695,55,2253
507387,509637,509696,59,2250
507387,509651,509696,45,2264
507387,509655,509697,42,2268
507387,509599,509697,98,2212
506769,508920,509698,778,2151
507387,509652,509700,48,2265
507387,509659,509700,41,2272
507387,509598,509701,103,2211
507387,509598,509700,102,2211
507387,509640,509702,62,2253
507387,509596,509702,106,2209
507387,509659,509703,44,2272
507387,509597,509704,107,2210
507387,509666,509705,39,2279
507463,509681,509705,24,2218
507463,509682,509706,24,2219
507463,509681,509708,27,2218
507387,509667,509708,41,2280
507387,509668,509709,41,2281
507387,509670,509710,40,2283
507387,509665,509711,46,2278
507387,509671,509712,41,2284
507463,509682,509713,31,2219
507387,509674,509714,40,2287
507387,509677,509716,39,2290
507463,509684,509716,32,2221
507463,509686,509717,31,2223
507387,509673,509716,43,2286
507463,509686,509717,31,2223
507387,509662,509717,55,2275
507387,509667,509718,51,2280
507387,509678,509718,40,2291
507463,509682,509719,37,2219
507387,509667,509719,52,2280
507387,509664,509719,55,2277
507463,509686,509720,34,2223
507387,509668,509721,53,2281
507387,509679,509721,42,2292
507463,509682,509721,39,2219
507387,509676,509722,46,2289
507387,509679,509722,43,2292
507387,509679,509724,45,2292
507387,509669,509724,55,2282
507463,509685,509724,39,2222
507387,509668,509724,56,2281
507463,509701,509726,25,2238
507463,509683,509727,44,2220
507387,509680,509730,50,2293
507463,509700,509730,30,2237
507463,509698,509730,32,2235
507463,509699,509732,33,2236
507463,509714,509732,18,2251
507463,509700,509733,33,2237
507463,509716,509734,18,2253
507463,509714,509734,20,2251
507463,509697,509735,38,2234
507463,509713,509736,23,2250
507463,509716,509735,19,2253
507463,509697,509736,39,2234
507463,509711,509736,25,2248
507463,509703,509739,36,2240
507463,509687,509739,52,2224
507463,509708,509740,32,2245
507463,509701,509741,40,2238
507463,509696,509741,45,2233
507463,509717,509741,24,2254
507463,509703,509742,39,2240
507463,509704,509742,38,2241
507463,509710,509743,33,2247
507463,509717,509744,27,2254
507463,509718,509744,26,2255
507463,509710,509746,36,2247
507463,509708,509746,38,2245
507463,509705,509747,42,2242
507463,509696,509747,51,2233
507463,509719,509748,29,2256
507463,509719,509750,31,2256
507463,509718,509750,32,2255
507463,509719,509751,32,2256
507463,509687,509752,65,2224
507463,509720,509755,35,2257
507463,509696,509756,60,2233
507463,509721,509756,35,2258
507463,509731,509757,26,2268
507463,509724,509758,34,2261
507463,509725,509758,33,2262
506808,508996,509759,763,2188
507463,509734,509759,25,2271
507463,509723,509759,36,2260
507463,509731,509759,28,2268
507463,509725,509762,37,2262
507463,509733,509762,29,2270
507463,509721,509763,42,2258
507463,509687,509763,76,2224
507463,509722,509765,43,2259
507463,509707,509765,58,2244
507463,509691,509765,74,2228
507463,509730,509765,35,2267
507463,509735,509766,31,2272
507463,509735,509766,31,2272
507463,509725,509767,42,2262
507463,509723,509768,45,2260
507463,509688,509768,80,2225
507463,509722,509768,46,2259
507463,509691,509770,79,2228
507463,509726,509771,45,2263
507463,509732,509772,40,2269
507463,509734,509775,41,2271
507463,509688,509777,89,2225
507463,509695,509778,83,2232
507463,509692,509778,86,2229
507463,509728,509777,49,2265
507463,509706,509780,74,2243
507463,509743,509781,38,2280
507463,509747,509781,34,2284
507463,509751,509781,30,2288
507463,509706,509782,76,2243
507463,509735,509782,47,2272
507463,509740,509784,44,2277
507463,509689,509786,97,2226
507463,509736,509785,49,2273
507463,509742,509785,43,2279
507463,509746,509786,40,2283
507463,509741,509786,45,2278
507463,509740,509787,47,2277
507463,509736,509787,51,2273
507463,509692,509787,95,2229
507463,509693,509788,95,2230
507463,509689,509787,98,2226
507463,509743,509788,45,2280
507463,509748,509788,40,2285
507463,509742,509788,46,2279
507463,509689,509789,100,2226
507463,509741,509789,48,2278
507463,509745,509789,44,2282
507463,509752,509792,40,2289
507463,509747,509792,45,2284
507463,509737,509792,55,2274
507463,509751,509793,42,2288
507463,509690,509793,103,2227
507463,509745,509793,48,2282
507463,509747,509793,46,2284
507463,509737,509794,57,2274
507463,509689,509794,105,2226
507463,509692,509797,105,2229
507463,509695,509797,102,2232
507463,509766,509797,31,2303
507463,509740,509798,58,2277
507463,509758,509798,40,2295
507463,509689,509798,109,2226
507463,509691,509799,108,2228
507463,509756,509801,45,2293
507463,509759,509801,42,2296
507556,509772,509801,29,2216
507463,509760,509802,42,2297
507463,509760,509803,43,2297
507463,509693,509804,111,2230
507463,509761,509803,42,2298
507463,509694,509804,110,2231
507556,509776,509804,28,2220
507463,509756,509806,50,2293
507463,509752,509806,54,2289
507556,509777,509807,30,2221
507556,509778,509807,29,2222
507463,509764,509807,43,2301
507463,509767,509807,40,2304
507463,509758,509807,49,2295
507463,509769,509809,40,2306
507463,509763,509810,47,2300
507463,509763,509811,48,2300
507463,509769,509810,41,2306
507463,509767,509812,45,2304
507463,509757,509813,56,2294
507556,509772,509813,41,2216
507463,509760,509814,54,2297
507463,509765,509814,49,2302
507556,509782,509816,34,2226
507556,509778,509816,38,2222
507463,509769,509816,47,2306
507556,509778,509817,39,2222
507556,509781,509819,38,2225
507463,509767,509819,52,2304
507463,509766,509821,55,2303
507556,509782,509821,39,2226
507556,509782,509822,40,2226
507463,509763,509824,61,2300
507463,509765,509817,52,2302
507556,509808,509826,18,2252
507556,509782,509826,44,2226
507556,509782,509828,46,2226
507556,509808,509829,21,2252
507556,509808,509830,22,2252
507556,509798,509830,32,2242
507556,509807,509831,24,2251
507556,509810,509832,22,2254
507556,509800,509831,31,2244
507556,509809,509832,23,2253
507556,509798,509833,35,2242
507556,509807,509834,27,2251
507556,509797,509835,38,2241
507556,509804,509835,31,2248
507556,509799,509836,37,2243
507556,509794,509836,42,2238
507556,509805,509837,32,2249
507556,509798,509837,39,2242
507556,509802,509838,36,2246
507556,509797,509838,41,2241
507556,509811,509838,27,2255
506908,509076,509839,763,2168
507556,509811,509840,29,2255
507556,509815,509845,30,2259
507556,509813,509845,32,2257
507556,509804,509847,43,2248
507556,509817,509847,30,2261
507556,509813,509847,34,2257
507556,509814,509847,33,2258
507556,509807,509848,41,2251
507556,509816,509848,32,2260
507556,509802,509848,46,2246
507556,509816,509849,33,2260
507556,509814,509848,34,2258
507556,509794,509851,57,2238
507556,509786,509851,65,2230
507556,509819,509852,33,2263
507556,509794,509853,59,2238
507556,509817,509853,36,2261
507556,509795,509855,60,2239
507556,509785,509855,70,2229
507556,509820,509856,36,2264
507556,509821,509858,37,2265
507556,509822,509861,39,2266
507556,509823,509862,39,2267
507556,509825,509862,37,2269
507556,509802,509864,62,2246
507556,509786,509865,79,2230
507556,509832,509865,33,2276
507556,509825,509866,41,2269
507556,509829,509870,41,2273
507556,509794,509870,76,2238
507556,509830,509870,40,2274
507556,509825,509872,47,2269
507556,509804,509872,68,2248
507556,509832,509873,41,2276
507556,509786,509874,88,2230
507556,509831,509875,44,2275
507556,509831,509876,45,2275
507556,509788,509875,87,2232
507556,509828,509876,48,2272
507556,509828,509877,49,2272
507556,509833,509878,45,2277
507556,509787,509879,92,2231
507556,509834,509880,46,2278
507556,509789,509882,93,2233
507556,509787,509883,96,2231
507556,509794,509883,89,2238
507556,509838,509884,46,2282
507556,509837,509883,46,2281
507556,509835,509884,49,2279
507556,509837,509884,47,2281
507556,509788,509886,98,2232
507556,509804,509886,82,2248
507556,509803,509886,83,2247
507556,509840,509887,47,2284
507556,509793,509888,95,2237
507556,509846,509888,42,2290
507556,509835,509889,54,2279
507556,509839,509889,50,2283
507556,509787,509890,103,2231
507556,509846,509890,44,2290
507556,509838,509891,53,2282
507556,509793,509890,97,2237
507556,509848,509891,43,2292
507556,509788,509891,103,2232
507556,509788,509891,103,2232
507556,509787,509891,104,2231
507556,509847,509892,45,2291
507556,509848,509892,44,2292
507556,509790,509892,102,2234
507556,509789,509892,103,2233
507556,509836,509893,57,2280
507556,509837,509893,56,2281
507556,509836,509893,57,2280
507556,509848,509893,45,2292
507556,509848,509894,46,2292
507556,509840,509897,57,2284
507556,509849,509897,48,2293
507556,509789,509897,108,2233
507556,509856,509897,41,2300
507556,509848,509897,49,2292
507556,509848,509897,49,2292
507556,509792,509898,106,2236
507556,509852,509898,46,2296
507556,509854,509899,45,2298
507578,509876,509901,25,2298
507556,509790,509900,110,2234
507556,509851,509903,52,2295
507556,509857,509903,46,2301
507556,509849,509904,55,2293
507556,509827,509904,77,2271
507556,509862,509905,43,2306
507556,509856,509905,49,2300
507556,509853,509906,53,2297
507578,509880,509907,27,2302
507578,509877,509908,31,2299
507556,509859,509909,50,2303
507578,509878,509909,31,2300
507556,509865,509910,45,2309
507556,509853,509910,57,2297
507578,509884,509912,28,2306
507556,509867,509914,47,2311
507556,509863,509914,51,2307
507556,509873,509914,41,2317
507556,509875,509914,39,2319
507578,509883,509915,32,2305
507556,509871,509915,44,2315
507556,509870,509916,46,2314
507556,509873,509916,43,2317
507556,509875,509916,41,2319
507556,509862,509917,55,2306
507578,509881,509918,37,2303
507578,509884,509920,36,2306
507556,509865,509922,57,2309
507556,509871,509922,51,2315
507578,509878,509924,46,2300
507556,509866,509925,59,2310
507578,509884,509926,42,2306
507578,509898,509929,31,2320
507578,509910,509930,20,2332
507578,509909,509930,21,2331
507578,509884,509931,47,2306
507578,509910,509934,24,2332
507578,509885,509934,49,2307
506980,509159,509935,776,2179
507578,509913,509936,23,2335
507578,509884,509936,52,2306
507578,509898,509937,39,2320
507578,509914,509936,22,2336
507556,509873,509937,64,2317
507578,509898,509939,41,2320
507578,509897,509940,43,2319
507578,509899,509941,42,2321
507578,509916,509942,26,2338
507578,509909,509942,33,2331
507578,509915,509943,28,2337
507578,509917,509943,26,2339
507578,509918,509944,26,2340
507578,509915,509946,31,2337
507578,509899,509946,47,2321
507578,509917,509947,30,2339
507578,509915,509948,33,2337
507578,509920,509948,28,2342
507578,509917,509949,32,2339
507578,509916,509951,35,2338
507578,509886,509954,68,2308
507578,509901,509955,54,2323
507578,509922,509955,33,2344
507578,509900,509955,55,2322
507578,509909,509956,47,2331
507578,509897,509956,59,2319
507578,509925,509956,31,2347
507578,509901,509957,56,2323
507578,509923,509958,35,2345
507578,509925,509959,34,2347
507578,509906,509961,55,2328
507578,509929,509961,32,2351
507578,509897,509961,64,2319
507578,509903,509963,60,2325
507578,509926,509963,37,2348
507578,509904,509964,60,2326
507578,509904,509964,60,2326
507578,509907,509964,57,2329
507578,509906,509965,59,2328
507578,509887,509965,78,2309
507578,509893,509965,72,2315
507578,509894,509965,71,2316
507578,509893,509965,72,2315
507578,509908,509968,60,2330
507578,509937,509970,33,2359
507578,509936,509971,35,2358
507578,509936,509971,35,2358
507578,509893,509972,79,2315
507578,509905,509973,68,2327
507578,509888,509973,85,2310
507578,509937,509974,37,2359
507578,509886,509976,90,2308
507578,509931,509976,45,2353
507578,509935,509976,41,2357
507578,509894,509977,83,2316
507578,509930,509978,48,2352
507578,509892,509978,86,2314
507578,509891,509979,88,2313
507578,509889,509979,90,2311
507578,509937,509979,42,2359
507578,509935,509979,44,2357
507578,509890,509982,92,2312
507578,509893,509983,90,2315
507578,509892,509983,91,2314
507578,509888,509984,96,2310
507578,509931,509985,54,2353
507578,509891,509986,95,2313
507578,509890,509987,97,2312
507578,509941,509987,46,2363
507578,509937,509988,51,2359
507578,509892,509988,96,2314
507578,509892,509988,96,2314
507578,509892,509988,96,2314
507578,509946,509989,43,2368
507578,509940,509989,49,2362
507578,509944,509990,46,2366
507578,509891,509991,100,2313
507578,509930,509990,60,2352
507578,509891,509991,100,2313
507578,509887,509992,105,2309
507578,509891,509994,103,2313
507578,509942,509995,53,2364
507578,509955,509997,42,2377
507047,509239,509999,760,2192
507578,509947,509999,52,2369
507578,509942,509999,57,2364
507578,509945,509999,54,2367
507578,509944,510000,56,2366
507578,509942,510002,60,2364
507647,509977,510003,26,2330
507578,509955,510004,49,2377
507647,509980,510004,24,2333
507578,509952,510005,53,2374
507578,509949,510005,56,2371
507578,509949,510005,56,2371
507647,509979,510006,27,2332
507578,509956,510006,50,2378
507578,509949,510008,59,2371
507578,509964,510008,44,2386
507578,509956,510008,52,2378
507647,509979,510008,29,2332
507578,509959,510010,51,2381
507647,509980,510010,30,2333
507578,509948,510010,62,2370
507647,509984,510012,28,2337
507647,509980,510012,32,2333
507578,509957,510012,55,2379
507578,509962,510012,50,2384
507578,509962,510013,51,2384
507578,509975,510013,38,2397
507578,509957,510014,57,2379
507578,509973,510014,41,2395
507578,509966,510014,48,2388
507578,509962,510015,53,2384
507578,509964,510015,51,2386
507578,509965,510016,51,2387
507578,509956,510016,60,2378
507578,509969,510017,48,2391
507578,509974,510018,44,2396
507647,509982,510018,36,2335
507578,509958,510018,60,2380
507578,509964,510018,54,2386
507578,509965,510019,54,2387
507578,509966,510020,54,2388
507647,509980,510019,39,2333
507578,509959,510021,62,2381
507578,509971,510022,51,2393
507647,509983,510022,39,2336
507578,509972,510022,50,2394
507578,509976,510022,46,2398
507578,509971,510023,52,2393
507647,509986,510023,37,2339
507578,509972,510024,52,2394
507578,509966,510025,59,2388
507578,509965,510025,60,2387
507578,509966,510029,63,2388
507647,509986,510029,43,2339
507647,509984,510029,45,2337
507578,509977,510029,52,2399
507647,510018,510034,16,2371
507647,510020,510040,20,2373
507647,510017,510041,24,2370
507647,510019,510041,22,2372
507647,510023,510042,19,2376
507647,510016,510042,26,2369
507647,510021,510043,22,2374
507647,510020,510044,24,2373
507647,510022,510044,22,2375
507647,510020,510045,25,2373
507647,510016,510045,29,2369
507647,510023,510046,23,2376
507647,510010,510047,37,2363
507647,510017,510047,30,2370
507647,510022,510047,25,2375
507647,510008,510048,40,2361
507647,510012,510050,38,2365
507647,510031,510050,19,2384
507647,510023,510050,27,2376
507647,510024,510050,26,2377
507647,510006,510053,47,2359
507647,510009,510055,46,2362
507647,510026,510055,29,2379
507647,510008,510055,47,2361
507647,510011,510056,45,2364
507647,510032,510056,24,2385
507647,510015,510058,43,2368
507647,510024,510057,33,2377
507647,510009,510058,49,2362
507647,510002,510059,57,2355
507647,510007,510059,52,2360
507647,509987,510059,72,2340
507647,510015,510059,44,2368
507647,510012,510062,50,2365
507647,510001,510062,61,2354
507647,510010,510062,52,2363
507647,510035,510062,27,2388
507647,510006,510063,57,2359
507647,510000,510063,63,2353
507647,510012,510064,52,2365
507647,510032,510064,32,2385
507647,510013,510064,51,2366
507647,510026,510065,39,2379
507647,509988,510066,78,2341
507647,510015,510066,51,2368
507647,510014,510068,54,2367
507647,510030,510068,38,2383
507647,510006,510070,64,2359
507647,510014,510071,57,2367
507647,510040,510071,31,2393
507647,510030,510072,42,2383
507647,510005,510074,69,2358
507647,509989,510075,86,2342
507647,509990,510075,85,2343
507647,509987,510074,87,2340
507647,510003,510074,71,2356
507647,509989,510074,85,2342
507647,510042,510076,34,2395
507647,510043,510077,34,2396
507647,509999,510078,79,2352
507647,510041,510078,37,2394
507647,510005,510082,77,2358
507647,510043,510083,40,2396
507647,510030,510083,53,2383
507647,509991,510083,92,2344
507647,509991,510084,93,2344
507647,510013,510084,71,2366
507647,509989,510086,97,2342
507647,509990,510085,95,2343
507647,510043,510086,43,2396
507647,510000,510087,87,2353
507647,510051,510090,39,2404
507647,510045,510090,45,2398
507647,510048,510090,42,2401
507647,509999,510091,92,2352
507647,510051,510092,41,2404
507647,510006,510093,87,2359
507647,509990,510093,103,2343
507119,509327,510093,766,2208
507647,509997,510094,97,2350
507647,510051,510094,43,2404
507647,510046,510095,49,2399
507647,510049,510094,45,2402
507647,510045,510094,49,2398
507647,509996,510096,100,2349
507647,510055,510097,42,2408
507647,510046,510097,51,2399
507647,510045,510097,52,2398
507647,509992,510098,106,2345
507647,510048,510098,50,2401
507647,510063,510098,35,2416
507647,509995,510099,104,2348
507708,510075,510100,25,2367
507647,510058,510103,45,2411
507708,510078,510103,25,2370
507647,509992,510103,111,2345
507708,510077,510103,26,2369
507647,510060,510103,43,2413
507708,510079,510103,24,2371
507647,510064,510104,40,2417
507647,510059,510104,45,2412
507708,510082,510105,23,2374
507647,510051,510106,55,2404
507647,510048,510106,58,2401
507647,510059,510107,48,2412
507647,510056,510108,52,2409
507647,510071,510110,39,2424
507708,510079,510110,31,2371
507647,510060,510110,50,2413
507647,510065,510110,45,2418
507647,510075,510111,36,2428
507647,510060,510111,51,2413
507647,510064,510112,48,2417
507647,510062,510112,50,2415
507647,510056,510112,56,2409
507708,510083,510112,29,2375
507647,510068,510112,44,2421
507647,510066,510112,46,2419
507647,510057,510113,56,2410
507647,510063,510112,49,2416
507647,510075,510113,38,2428
507647,510062,510113,51,2415
507708,510083,510114,31,2375
507708,510085,510114,29,2377
507647,510065,510114,49,2418
507708,510085,510115,30,2377
507647,510074,510115,41,2427
507647,510054,510116,62,2407
507647,510071,510117,46,2424
507647,510075,510117,42,2428
507708,510083,510117,34,2375
507647,510056,510118,62,2409
507647,510058,510118,60,2411
507708,510086,510118,32,2378
507647,510066,510118,52,2419
507647,510072,510118,46,2425
507647,510069,510119,50,2422
507647,510065,510120,55,2418
507647,510064,510122,58,2417
507708,510114,510128,14,2406
507708,510114,510129,15,2406
507708,510113,510129,16,2405
507708,510113,510131,18,2405
507708,510113,510132,19,2405
507647,510072,510119,47,2425
507708,510086,510123,37,2378
507708,510115,510133,18,2407
507708,510110,510135,25,2402
507708,510117,510134,17,2409
507708,510115,510137,22,2407
507708,510116,510138,22,2408
507708,510118,510138,20,2410
507708,510110,510138,28,2402
507708,510110,510138,28,2402
507708,510118,510138,20,2410
507708,510108,510138,30,2400
507708,510087,510139,52,2379
507708,510108,510139,31,2400
507708,510118,510139,21,2410
507708,510115,510139,24,2407
507708,510116,510139,23,2408
507708,510099,510140,41,2391
507708,510119,510140,21,2411
507708,510110,510140,30,2402
507708,510111,510142,31,2403
507708,510107,510142,35,2399
507708,510113,510142,29,2405
507708,510119,510142,23,2411
507708,510119,510144,25,2411
507708,510112,510144,32,2404
507708,510112,510147,35,2404
507708,510107,510149,42,2399
507708,510105,510150,45,2397
507708,510113,510151,38,2405
507708,510123,510151,28,2415
507708,510105,510151,46,2397
507708,510119,510151,32,2411
507708,510120,510152,32,2412
507708,510120,510152,32,2412
507708,510112,510155,43,2404
507708,510133,510158,25,2425
507708,510099,510159,60,2391
507708,510091,510160,69,2383
507708,510093,510159,66,2385
507708,510087,510161,74,2379
507708,510100,510161,61,2392
507708,510099,510163,64,2391
507708,510091,510163,72,2383
507708,510131,510165,34,2423
507708,510098,510165,67,2390
507708,510129,510166,37,2421
507708,510132,510165,33,2424
507708,510098,510166,68,2390
507708,510105,510166,61,2397
507708,510113,510166,53,2405
507708,510129,510168,39,2421
507708,510103,510167,64,2395
507708,510129,510168,39,2421
507191,509411,510168,757,2220
507708,510093,510169,76,2385
507708,510104,510168,64,2396
507708,510134,510168,34,2426
507708,510104,510169,65,2396
507708,510094,510170,76,2386
507708,510139,510170,31,2431
507708,510091,510170,79,2383
507708,510095,510171,76,2387
507708,510104,510171,67,2396
507708,510091,510172,81,2383
507708,510135,510172,37,2427
507708,510133,510173,40,2425
507708,510133,510175,42,2425
507708,510093,510176,83,2385
507708,510097,510177,80,2389
507708,510139,510176,37,2431
507708,510096,510177,81,2388
507708,510138,510178,40,2430
507708,510138,510179,41,2430
507708,510135,510179,44,2427
507708,510097,510180,83,2389
507708,510140,510181,41,2432
507708,510138,510180,42,2430
507708,510138,510181,43,2430
507708,510140,510181,41,2432
507708,510140,510181,41,2432
507708,510143,510183,40,2435
507708,510140,510183,43,2432
507708,510143,510183,40,2435
507708,510103,510184,81,2395
507708,510139,510185,46,2431
507708,510103,510185,82,2395
507708,510150,510185,35,2442
507708,510142,510185,43,2434
507773,510169,510185,16,2396
507708,510148,510185,37,2440
507708,510144,510186,42,2436
507708,510139,510186,47,2431
507708,510094,510187,93,2386
507708,510140,510187,47,2432
507773,510168,510187,19,2395
507708,510143,510188,45,2435
507708,510095,510188,93,2387
507708,510151,510188,37,2443
507708,510153,510188,35,2445
507708,510151,510189,38,2443
507773,510169,510190,21,2396
507708,510151,510190,39,2443
507708,510151,510190,39,2443
507708,510141,510190,49,2433
507708,510140,510192,52,2432
507773,510169,510192,23,2396
507773,510170,510192,22,2397
507708,510152,510194,42,2444
507773,510170,510195,25,2397
507708,510144,510196,52,2436
507708,510095,510199,104,2387
507773,510171,510199,28,2398
507708,510152,510199,47,2444
507773,510171,510200,29,2398
507773,510169,510200,31,2396
507708,510156,510201,45,2448
507708,510160,510201,41,2452
507708,510095,510201,106,2387
507708,510158,510202,44,2450
507708,510167,510202,35,2459
507708,510160,510203,43,2452
507708,510162,510203,41,2454
507708,510167,510203,36,2459
507708,510164,510205,41,2456
507708,510163,510206,43,2455
507773,510170,510205,35,2397
507708,510167,510205,38,2459
507773,510173,510206,33,2400
507708,510166,510206,40,2458
507773,510171,510205,34,2398
507708,510160,510206,46,2452
507708,510166,510208,42,2458
507708,510168,510209,41,2460
507708,510161,510209,48,2453
507773,510173,510211,38,2400
507708,510166,510212,46,2458
507708,510166,510212,46,2458
507773,510191,510216,25,2418
507773,510193,510215,22,2420
507773,510193,510216,23,2420
507773,510191,510216,25,2418
507773,510193,510217,24,2420
507773,510191,510217,26,2418
507773,510196,510218,22,2423
507773,510191,510217,26,2418
507773,510189,510217,28,2416
507773,510201,510219,18,2428
507773,510174,510219,45,2401
507773,510197,510219,22,2424
507773,510189,510220,31,2416
507773,510201,510221,20,2428
507773,510195,510221,26,2422
507773,510202,510221,19,2429
507773,510202,510222,20,2429
507773,510199,510221,22,2426
507773,510200,510222,22,2427
507773,510203,510224,21,2430
507773,510203,510226,23,2430
507773,510206,510226,20,2433
507773,510204,510227,23,2431
507773,510203,510227,24,2430
507773,510207,510228,21,2434
507773,510205,510228,23,2432
507773,510204,510230,26,2431
507773,510200,510229,29,2427
507773,510189,510229,40,2416
507773,510206,510229,23,2433
507773,510206,510230,24,2433
507773,510206,510230,24,2433
507773,510206,510231,25,2433
507773,510200,510232,32,2427
507773,510178,510233,55,2405
507773,510206,510234,28,2433
507773,510189,510233,44,2416
507773,510185,510233,48,2412
507773,510186,510236,50,2413
507773,510212,510238,26,2439
507773,510187,510238,51,2414
507773,510212,510238,26,2439
507773,510209,510241,32,2436
507773,510177,510241,64,2404
507773,510213,510242,29,2440
507773,510185,510242,57,2412
507773,510185,510242,57,2412
507773,510185,510243,58,2412
507773,510210,510244,34,2437
507773,510177,510245,68,2404
507773,510187,510245,58,2414
507773,510179,510246,67,2406
507773,510187,510246,59,2414
507773,510220,510247,27,2447
507773,510209,510247,38,2436
507773,510217,510248,31,2444
507773,510185,510248,63,2412
507773,510176,510248,72,2403
507773,510183,510248,65,2410
507773,510218,510248,30,2445
507773,510217,510250,33,2444
507773,510217,510250,33,2444
507773,510179,510250,71,2406
507773,510222,510250,28,2449
507773,510218,510251,33,2445
507773,510185,510253,68,2412
507773,510179,510252,73,2406
507773,510182,510253,71,2409
507773,510184,510254,70,2411
507773,510216,510254,38,2443
507773,510218,510254,36,2445
507773,510220,510255,35,2447
507773,510221,510255,34,2448
507773,510181,510255,74,2408
507773,510222,510256,34,2449
507773,510223,510257,34,2450
507773,510216,510257,41,2443
507773,510219,510256,37,2446
507773,510222,510257,35,2449
507773,510230,510257,27,2457
507773,510218,510258,40,2445
507773,510180,510259,79,2407
507773,510225,510260,35,2452
507773,510183,510260,77,2410
507773,510222,510260,38,2449
507864,510249,510261,12,2385
507773,510234,510261,27,2461
507773,510230,510264,34,2457
507773,510231,510264,33,2458
507773,510177,510265,88,2404
507773,510230,510265,35,2457
507773,510231,510265,34,2458
507773,510228,510266,38,2455
507773,510232,510266,34,2459
507773,510234,510267,33,2461
507864,510249,510268,19,2385
507773,510222,510268,46,2449
507773,510229,510269,40,2456
507864,510249,510269,20,2385
507864,510251,510269,18,2387
507773,510182,510269,87,2409
507773,510226,510269,43,2453
507864,510251,510270,19,2387
507773,510233,510272,39,2460
507773,510230,510272,42,2457
507773,510228,510273,45,2455
507773,510188,510273,85,2415
507773,510182,510273,91,2409
507864,510249,510273,24,2385
507773,510242,510273,31,2469
507773,510243,510274,31,2470
507271,509498,510274,776,2227
507773,510188,510275,87,2415
507773,510244,510276,32,2471
507864,510250,510276,26,2386
507864,510254,510276,22,2390
507773,510226,510277,51,2453
507773,510234,510277,43,2461
507773,510182,510277,95,2409
507773,510234,510278,44,2461
507773,510239,510278,39,2466
507773,510245,510279,34,2472
507864,510251,510278,27,2387
507773,510247,510279,32,2474
507773,510229,510279,50,2456
507864,510253,510279,26,2389
507773,510237,510279,42,2464
507773,510242,510280,38,2469
507773,510246,510279,33,2473
507864,510252,510280,28,2388
507864,510253,510280,27,2389
507773,510238,510280,42,2465
507773,510245,510280,35,2472
507773,510247,510281,34,2474
507773,510247,510280,33,2474
507773,510187,510282,95,2414
507773,510242,510282,40,2469
507773,510243,510284,41,2470
507773,510246,510285,39,2473
507773,510238,510287,49,2465
507864,510254,510288,34,2390
507864,510274,510295,21,2410
507864,510274,510295,21,2410
507864,510279,510297,18,2415
507864,510273,510297,24,2409
507864,510272,510297,25,2408
507864,510279,510297,18,2415
507864,510274,510298,24,2410
507864,510274,510299,25,2410
507864,510279,510298,19,2415
507864,510277,510300,23,2413
507864,510271,510300,29,2407
507864,510281,510301,20,2417
507864,510277,510301,24,2413
507864,510278,510301,23,2414
507864,510280,510301,21,2416
507864,510280,510302,22,2416
507864,510280,510302,22,2416
507864,510279,510302,23,2415
507864,510271,510303,32,2407
507864,510281,510302,21,2417
507864,510277,510303,26,2413
507864,510279,510304,25,2415
507864,510280,510303,23,2416
507864,510275,510297,22,2411
507864,510281,510300,19,2417
507864,510274,510304,30,2410
507864,510265,510305,40,2401
507864,510276,510305,29,2412
507864,510281,510306,25,2417
507864,510272,510306,34,2408
507864,510279,510306,27,2415
507864,510270,510307,37,2406
507864,510280,510307,27,2416
507864,510282,510307,25,2418
507864,510286,510310,24,2422
507864,510267,510309,42,2403
507864,510256,510310,54,2392
507864,510278,510310,32,2414
507864,510265,510311,46,2401
507864,510278,510312,34,2414
507864,510262,510313,51,2398
507864,510266,510313,47,2402
507864,510254,510313,59,2390
507864,510265,510314,49,2401
507864,510257,510314,57,2393
507864,510283,510314,31,2419
507864,510283,510314,31,2419
507864,510284,510315,31,2420
507864,510257,510316,59,2393
507864,510266,510317,51,2402
507864,510295,510316,21,2431
507864,510262,510318,56,2398
507864,510261,510318,57,2397
507864,510269,510319,50,2405
507864,510289,510320,31,2425
507864,510255,510320,65,2391
507864,510267,510321,54,2403
507864,510269,510322,53,2405
507864,510268,510322,54,2404
507864,510266,510323,57,2402
507864,510257,510324,67,2393
507864,510256,510323,67,2392
507864,510257,510323,66,2393
507864,510255,510324,69,2391
507864,510299,510325,26,2435
507864,510260,510327,67,2396
507864,510298,510326,28,2434
507864,510269,510327,58,2405
507864,510256,510327,71,2392
507864,510257,510328,71,2393
507864,510298,510328,30,2434
507864,510299,510328,29,2435
507864,510298,510329,31,2434
507864,510297,510329,32,2433
507864,510302,510330,28,2438
507864,510298,510330,32,2434
507864,510305,510332,27,2441
507864,510296,510331,35,2432
507864,510302,510333,31,2438
507864,510303,510334,31,2439
507864,510305,510334,29,2441
507864,510301,510334,33,2437
507864,510302,510335,33,2438
507864,510302,510335,33,2438
507864,510303,510335,32,2439
507864,510260,510336,76,2396
507864,510269,510337,68,2405
507864,510303,510337,34,2439
507864,510308,510338,30,2444
507864,510304,510338,34,2440
507864,510306,510338,32,2442
507864,510310,510339,29,2446
507864,510307,510338,31,2443
507864,510306,510340,34,2442
507864,510303,510340,37,2439
507864,510306,510341,35,2442
507864,510307,510341,34,2443
507887,510323,510341,18,2436
507887,510323,510343,20,2436
507864,510305,510343,38,2441
507887,510322,510343,21,2435
507864,510310,510343,33,2446
507864,510311,510344,33,2447
507864,510307,510344,37,2443
507864,510318,510344,26,2454
507864,510304,510344,40,2440
507864,510300,510344,44,2436
507864,510316,510345,29,2452
507864,510307,510344,37,2443
507864,510311,510344,33,2447
507864,510315,510345,30,2451
507864,510317,510345,28,2453
507864,510319,510345,26,2455
507864,510304,510346,42,2440
507864,510314,510347,33,2450
507864,510302,510347,45,2438
507887,510323,510348,25,2436
507887,510324,510347,23,2437
507887,510324,510348,24,2437
507864,510319,510348,29,2455
507887,510324,510348,24,2437
507887,510325,510348,23,2438
507864,510313,510348,35,2449
507864,510317,510348,31,2453
507864,510305,510350,45,2441
507864,510315,510349,34,2451
507864,510316,510349,33,2452
507864,510259,510350,91,2395
507864,510314,510351,37,2450
507864,510320,510351,31,2456
507864,510315,510352,37,2451
507887,510324,510353,29,2437
507887,510327,510353,26,2440
507887,510328,510353,25,2441
507864,510312,510354,42,2448
507864,510314,510356,42,2450
507887,510327,510356,29,2440
507333,509584,510357,773,2251
507864,510313,510358,45,2449
507887,510328,510359,31,2441
507887,510346,510367,21,2459
507887,510348,510368,20,2461
507887,510345,510367,22,2458
507887,510345,510368,23,2458
507887,510349,510368,19,2462
507864,510259,510369,110,2395
507887,510351,510370,19,2464
507887,510346,510371,25,2459
507887,510347,510371,24,2460
507887,510345,510371,26,2458
507887,510346,510371,25,2459
507887,510344,510371,27,2457
507887,510345,510371,26,2458
507887,510349,510371,22,2462
507887,510349,510371,22,2462
507887,510345,510371,26,2458
507887,510345,510372,27,2458
507887,510349,510372,23,2462
507887,510350,510373,23,2463
507887,510354,510373,19,2467
507887,510353,510374,21,2466
507887,510352,510373,21,2465
507887,510350,510374,24,2463
507887,510350,510374,24,2463
507887,510347,510374,27,2460
507887,510352,510374,22,2465
507887,510348,510374,26,2461
507887,510349,510375,26,2462
507887,510354,510375,21,2467
507887,510344,510376,32,2457
507887,510344,510376,32,2457
507887,510343,510378,35,2456
507887,510354,510377,23,2467
507887,510339,510378,39,2452
507887,510348,510379,31,2461
507887,510348,510378,30,2461
507887,510338,510381,43,2451
507887,510337,510383,46,2450
507887,510358,510384,26,2471
507887,510357,510383,26,2470
507887,510329,510384,55,2442
507887,510354,510385,31,2467
507887,510341,510386,45,2454
507887,510328,510385,57,2441
507887,510328,510385,57,2441
507887,510359,510385,26,2472
507887,510336,510385,49,2449
507887,510341,510387,46,2454
507887,510339,510387,48,2452
507887,510359,510387,28,2472
507887,510341,510387,46,2454
507887,510336,510388,52,2449
507887,510329,510389,60,2442
507887,510338,510389,51,2451
507887,510356,510390,34,2469
507887,510340,510390,50,2453
507887,510332,510390,58,2445
507887,510343,510392,49,2456
507887,510338,510394,56,2451
507887,510367,510396,29,2480
507887,510342,510396,54,2455
507887,510331,510396,65,2444
507887,510329,510397,68,2442
507887,510330,510399,69,2443
507887,510335,510399,64,2448
507887,510369,510399,30,2482
507887,510372,510400,28,2485
507887,510370,510400,30,2483
507887,510372,510401,29,2485
507887,510339,510400,61,2452
507887,510370,510400,30,2483
507887,510335,510401,66,2448
507887,510372,510401,29,2485
507887,510374,510402,28,2487
507887,510372,510401,29,2485
507887,510371,510401,30,2484
507887,510371,510402,31,2484
507887,510368,510402,34,2481
507887,510371,510403,32,2484
507887,510332,510404,72,2445
507887,510375,510404,29,2488
507887,510377,510405,28,2490
507887,510376,510405,29,2489
507887,510368,510405,37,2481
507887,510379,510406,27,2492
507887,510376,510406,30,2489
507887,510333,510408,75,2446
507887,510375,510408,33,2488
507887,510372,510409,37,2485
507887,510371,510408,37,2484
507887,510343,510409,66,2456
507955,510393,510410,17,2438
507887,510375,510410,35,2488
507887,510334,510410,76,2447
507887,510374,510411,37,2487
507887,510379,510411,32,2492
507887,510375,510412,37,2488
507887,510372,510412,40,2485
507887,510375,510412,37,2488
507887,510372,510413,41,2485
507955,510395,510413,18,2440
507887,510374,510414,40,2487
507887,510378,510414,36,2491
507887,510375,510415,40,2488
507887,510379,510414,35,2492
507887,510387,510415,28,2500
507887,510374,510415,41,2487
507887,510388,510415,27,2501
507887,510382,510416,34,2495
507887,510386,510417,31,2499
507955,510396,510417,21,2441
507887,510390,510418,28,2503
507887,510388,510418,30,2501
507887,510390,510419,29,2503
507955,510397,510419,22,2442
507887,510386,510419,33,2499
507887,510389,510419,30,2502
507887,510378,510420,42,2491
507887,510334,510420,86,2447
507887,510384,510420,36,2497
507887,510387,510420,33,2500
507955,510396,510420,24,2441
507887,510386,510421,35,2499
507955,510399,510421,22,2444
507955,510397,510421,24,2442
507887,510390,510421,31,2503
507955,510399,510423,24,2444
507955,510401,510422,21,2446
507887,510390,510423,33,2503
507887,510386,510423,37,2499
507887,510384,510424,40,2497
507887,510386,510423,37,2499
507955,510399,510423,24,2444
507887,510384,510425,41,2497
507887,510386,510425,39,2499
507955,510401,510425,24,2446
507887,510384,510428,44,2497
507955,510401,510430,29,2446
507887,510375,510430,55,2488
507887,510334,510432,98,2447
507955,510400,510434,34,2445
507390,509680,510437,757,2290
507955,510417,510437,20,2462
507955,510415,510439,24,2460
507955,510416,510439,23,2461
507955,510416,510439,23,2461
507955,510420,510439,19,2465
507955,510418,510440,22,2463
507955,510419,510440,21,2464
507955,510420,510441,21,2465
507955,510419,510443,24,2464
507955,510420,510442,22,2465
507955,510421,510443,22,2466
507955,510415,510443,28,2460
507955,510422,510443,21,2467
507955,510421,510443,22,2466
507955,510423,510445,22,2468
507955,510421,510445,24,2466
507955,510422,510446,24,2467
507955,510415,510446,31,2460
507955,510423,510446,23,2468
507955,510419,510446,27,2464
507955,510415,510446,31,2460
507955,510424,510447,23,2469
507955,510423,510447,24,2468
507955,510417,510447,30,2462
507955,510411,510447,36,2456
507955,510401,510448,47,2446
507955,510415,510449,34,2460
507955,510424,510450,26,2469
507955,510420,510450,30,2465
507955,510423,510450,27,2468
507955,510411,510451,40,2456
507955,510422,510451,29,2467
507955,510424,510451,27,2469
507955,510420,510452,32,2465
507955,510413,510452,39,2458
507955,510431,510454,23,2476
507955,510411,510453,42,2456
507955,510410,510454,44,2455
507955,510428,510455,27,2473
507955,510421,510455,34,2466
507955,510426,510455,29,2471
507955,510433,510459,26,2478
507955,510401,510460,59,2446
507955,510412,510459,47,2457
507955,510409,510461,52,2454
507955,510407,510462,55,2452
507955,510413,510462,49,2458
507955,510435,510462,27,2480
507955,510414,510461,47,2459
507955,510426,510463,37,2471
507955,510410,510463,53,2455
507955,510402,510465,63,2447
507955,510408,510465,57,2453
507955,510404,510465,61,2449
507955,510409,510465,56,2454
507955,510413,510466,53,2458
507955,510403,510467,64,2448
507955,510440,510466,26,2485
507955,510402,510467,65,2447
507955,510445,510468,23,2490
507955,510402,510468,66,2447
507955,510440,510468,28,2485
507955,510437,510468,31,2482
507955,510438,510468,30,2483
507955,510402,510470,68,2447
507955,510403,510471,68,2448
507955,510446,510471,25,2491
507955,510441,510472,31,2486
507955,510444,510472,28,2489
507955,510409,510472,63,2454
507955,510406,510472,66,2451
507955,510446,510473,27,2491
507955,510440,510473,33,2485
507955,510443,510474,31,2488
507955,510443,510474,31,2488
507955,510441,510475,34,2486
507955,510426,510476,50,2471
507955,510440,510475,35,2485
507955,510442,510476,34,2487
507955,510444,510477,33,2489
507955,510448,510476,28,2493
507955,510444,510477,33,2489
507955,510403,510476,73,2448
507955,510446,510476,30,2491
507955,510413,510479,66,2458
507955,510447,510481,34,2492
507955,510444,510482,38,2489
507955,510449,510483,34,2494
508023,510467,510485,18,2444
507955,510451,510485,34,2496
507955,510447,510485,38,2492
507955,510449,510485,36,2494
507955,510452,510485,33,2497
507955,510446,510486,40,2491
507955,510451,510486,35,2496
507955,510451,510485,34,2496
507955,510405,510485,80,2450
507955,510456,510486,30,2501
508023,510467,510486,19,2444
507955,510450,510486,36,2495
507955,510452,510486,34,2497
507955,510447,510488,41,2492
507955,510453,510489,36,2498
508023,510468,510489,21,2445
507955,510448,510490,42,2493
507955,510462,510490,28,2507
507955,510462,510491,29,2507
507955,510454,510491,37,2499
507955,510454,510491,37,2499
507955,510447,510492,45,2492
507955,510460,510492,32,2505
507955,510453,510494,41,2498
507955,510464,510494,30,2509
507955,510405,510494,89,2450
507955,510455,510495,40,2500
507955,510462,510495,33,2507
508023,510468,510496,28,2445
507955,510404,510496,92,2449
507955,510456,510497,41,2501
508023,510472,510497,25,2449
507955,510460,510496,36,2505
508023,510468,510498,30,2445
507955,510462,510499,37,2507
507955,510465,510499,34,2510
508023,510468,510498,30,2445
508023,510471,510498,27,2448
507955,510456,510499,43,2501
507955,510466,510499,33,2511
508023,510468,510499,31,2445
507955,510466,510500,34,2511
508023,510469,510500,31,2446
507955,510447,510500,53,2492
508023,510471,510500,29,2448
507955,510464,510501,37,2509
507955,510465,510500,35,2510
508023,510472,510501,29,2449
507955,510461,510500,39,2506
507955,510459,510503,44,2504
508023,510471,510505,34,2448
507955,510405,510510,105,2450
508023,510490,510512,22,2467
508023,510495,510515,20,2472
508023,510495,510515,20,2472
508023,510491,510516,25,2468
508023,510493,510516,23,2470
508023,510490,510517,27,2467
508023,510494,510517,23,2471
508023,510496,510517,21,2473
508023,510486,510517,31,2463
508023,510499,510519,20,2476
508023,510490,510519,29,2467
508023,510491,510518,27,2468
508023,510493,510516,23,2470
508023,510501,510520,19,2478
508023,510491,510521,30,2468
508023,510495,510521,26,2472
508023,510492,510521,29,2469
508023,510496,510523,27,2473
508023,510489,510524,35,2466
508023,510486,510526,40,2463
508023,510499,510527,28,2476
508023,510499,510526,27,2476
508023,510485,510527,42,2462
508023,510499,510528,29,2476
508023,510500,510527,27,2477
508023,510485,510528,43,2462
508023,510499,510529,30,2476
508023,510497,510530,33,2474
508023,510504,510530,26,2481
508023,510483,510531,48,2460
508023,510499,510532,33,2476
508023,510481,510532,51,2458
508023,510501,510532,31,2478
508023,510501,510532,31,2478
508023,510486,510532,46,2463
508023,510500,510532,32,2477
507466,509771,510533,762,2305
508023,510486,510533,47,2463
508023,510501,510533,32,2478
508023,510482,510533,51,2459
508023,510496,510534,38,2473
508023,510485,510534,49,2462
508023,510485,510535,50,2462
508023,510511,510535,24,2488
508023,510486,510536,50,2463
508023,510500,510536,36,2477
508023,510500,510537,37,2477
508023,510486,510538,52,2463
508023,510474,510538,64,2451
508023,510476,510540,64,2453
508023,510476,510540,64,2453
508023,510512,510540,28,2489
508023,510500,510540,40,2477
508023,510472,510541,69,2449
508023,510506,510540,34,2483
508023,510497,510542,45,2474
508023,510515,510542,27,2492
508023,510474,510544,70,2451
508023,510480,510543,63,2457
508023,510487,510544,57,2464
508023,510477,510545,68,2454
508023,510516,510545,29,2493
508023,510474,510546,72,2451
508023,510518,510546,28,2495
508023,510518,510546,28,2495
508023,510477,510547,70,2454
508023,510520,510548,28,2497
508023,510485,510549,64,2462
508023,510474,510549,75,2451
508023,510487,510549,62,2464
508023,510520,510549,29,2497
508023,510473,510549,76,2450
508023,510517,510549,32,2494
508023,510497,510550,53,2474
508023,510521,510551,30,2498
508023,510477,510550,73,2454
508023,510517,510551,34,2494
508023,510517,510552,35,2494
508023,510520,510552,32,2497
508023,510520,510552,32,2497
508023,510476,510552,76,2453
508023,510518,510554,36,2495
508023,510520,510554,34,2497
508023,510477,510555,78,2454
508023,510527,510557,30,2504
508023,510527,510557,30,2504
508023,510532,510559,27,2509
508023,510522,510560,38,2499
508023,510533,510560,27,2510
508023,510528,510560,32,2505
508023,510523,510560,37,2500
508074,510544,510561,17,2470
508023,510522,510560,38,2499
508023,510531,510562,31,2508
508023,510528,510562,34,2505
508023,510533,510563,30,2510
508023,510531,510564,33,2508
508023,510528,510564,36,2505
508074,510544,510564,20,2470
508074,510544,510565,21,2470
508023,510532,510566,34,2509
508023,510522,510566,44,2499
508023,510525,510565,40,2502
508023,510527,510566,39,2504
508023,510476,510566,90,2453
508023,510541,510568,27,2518
508074,510547,510567,20,2473
508023,510532,510568,36,2509
508023,510534,510566,32,2511
508023,510539,510569,30,2516
508023,510477,510569,92,2454
508074,510545,510570,25,2471
508023,510537,510569,32,2514
508023,510534,510570,36,2511
508023,510540,510570,30,2517
508023,510529,510570,41,2506
508023,510532,510571,39,2509
508023,510533,510571,38,2510
508023,510541,510571,30,2518
508023,510530,510572,42,2507
508023,510533,510573,40,2510
508074,510548,510573,25,2474
508023,510536,510574,38,2513
508023,510533,510573,40,2510
508074,510547,510574,27,2473
508023,510536,510574,38,2513
508023,510537,510574,37,2514
508074,510546,510575,29,2472
508023,510541,510575,34,2518
508023,510535,510576,41,2512
508074,510549,510576,27,2475
508023,510538,510576,38,2515
508023,510541,510577,36,2518
508074,510547,510577,30,2473
508023,510541,510577,36,2518
508023,510543,510578,35,2520
508023,510535,510579,44,2512
508023,510539,510579,40,2516
508074,510548,510580,32,2474
508074,510549,510583,34,2475
508074,510549,510584,35,2475
508074,510566,510589,23,2492
508074,510571,510590,19,2497
508074,510570,510590,20,2496
508074,510571,510592,21,2497
508074,510569,510592,23,2495
508074,510570,510593,23,2496
508074,510569,510596,27,2495
508074,510571,510596,25,2497
508074,510571,510597,26,2497
508074,510568,510597,29,2494
508074,510577,510596,19,2503
508074,510570,510597,27,2496
508074,510569,510598,29,2495
508074,510549,510598,49,2475
508074,510566,510598,32,2492
508074,510568,510600,32,2494
508074,510569,510600,31,2495
508074,510578,510602,24,2504
508074,510577,510602,25,2503
508074,510578,510603,25,2504
508074,510577,510604,27,2503
508074,510578,510604,26,2504
508074,510562,510606,44,2488
508074,510561,510606,45,2487
508074,510562,510606,44,2488
508074,510566,510607,41,2492
508074,510580,510607,27,2506
508074,510567,510607,40,2493
508074,510566,510608,42,2492
508074,510577,510609,32,2503
508074,510561,510610,49,2487
508074,510574,510611,37,2500
508074,510575,510610,35,2501
508074,510579,510611,32,2505
508074,510560,510612,52,2486
508074,510574,510612,38,2500
508074,510575,510611,36,2501
508074,510573,510613,40,2499
508074,510561,510612,51,2487
508074,510564,510613,49,2490
508074,510585,510612,27,2511
508074,510584,510613,29,2510
508074,510572,510613,41,2498
508074,510579,510614,35,2505
508074,510576,510616,40,2502
508074,510560,510616,56,2486
508074,510564,510617,53,2490
508074,510566,510617,51,2492
508074,510564,510617,53,2490
508074,510575,510617,42,2501
508074,510560,510620,60,2486
508074,510574,510620,46,2500
508074,510591,510622,31,2517
508074,510575,510622,47,2501
508074,510552,510623,71,2478
508074,510552,510623,71,2478
508074,510573,510623,50,2499
508074,510557,510624,67,2483
508074,510558,510626,68,2484
508074,510590,510625,35,2516
508074,510604,510626,22,2530
508074,510551,510626,75,2477
508074,510601,510626,25,2527
508074,510551,510626,75,2477
508074,510565,510627,62,2491
508074,510593,510627,34,2519
508074,510560,510627,67,2486
508074,510552,510628,76,2478
508074,510590,510628,38,2516
508074,510593,510628,35,2519
508074,510597,510630,33,2523
508074,510551,510631,80,2477
508074,510592,510631,39,2518
508074,510550,510631,81,2476
508074,510600,510632,32,2526
508074,510553,510632,79,2479
508074,510597,510633,36,2523
508074,510604,510633,29,2530
508074,510550,510635,85,2476
508074,510598,510635,37,2524
508074,510597,510636,39,2523
508074,510556,510636,80,2482
508074,510604,510638,34,2530
508074,510552,510637,85,2478
508074,510597,510637,40,2523
508074,510602,510638,36,2528
508074,510599,510638,39,2525
508074,510597,510638,41,2523
508074,510599,510640,41,2525
508074,510606,510641,35,2532
508074,510608,510642,34,2534
508074,510609,510642,33,2535
508074,510603,510642,39,2529
508074,510607,510643,36,2533
508074,510608,510644,36,2534
508143,510626,510645,19,2483
508074,510611,510645,34,2537
508074,510608,510646,38,2534
508143,510626,510647,21,2483
508074,510611,510648,37,2537
508074,510612,510648,36,2538
508074,510597,510649,52,2523
508143,510625,510649,24,2482
507559,509876,510649,773,2317
508074,510555,510650,95,2481
508074,510607,510650,43,2533
508074,510617,510650,33,2543
508143,510627,510650,23,2484
508074,510612,510651,39,2538
508074,510618,510651,33,2544
508074,510614,510651,37,2540
508074,510611,510651,40,2537
508074,510612,510652,40,2538
508143,510626,510653,27,2483
508074,510612,510654,42,2538
508074,510617,510653,36,2543
508143,510627,510654,27,2484
508143,510627,510654,27,2484
508143,510629,510655,26,2486
508074,510615,510655,40,2541
508074,510623,510656,33,2549
508074,510610,510656,46,2536
508074,510622,510656,34,2548
508074,510613,510657,44,2539
508143,510627,510656,29,2484
508074,510621,510657,36,2547
508143,510629,510657,28,2486
508074,510613,510657,44,2539
508143,510628,510657,29,2485
508074,510623,510657,34,2549
508074,510617,510658,41,2543
508074,510621,510659,38,2547
508074,510613,510659,46,2539
508074,510618,510658,40,2544
508074,510614,510660,46,2540
508074,510618,510660,42,2544
508074,510613,510660,47,2539
508074,510554,510660,106,2480
508143,510629,510661,32,2486
508074,510623,510661,38,2549
508143,510628,510664,36,2485
508143,510650,510672,22,2507
508143,510653,510673,20,2510
508143,510654,510675,21,2511
508143,510652,510676,24,2509
508143,510652,510676,24,2509
508143,510652,510676,24,2509
508143,510655,510678,23,2512
508143,510654,510677,23,2511
508143,510650,510678,28,2507
508143,510651,510678,27,2508
508143,510654,510678,24,2511
508143,510650,510678,28,2507
508143,510660,510679,19,2517
508143,510650,510680,30,2507
508143,510651,510680,29,2508
508143,510659,510681,22,2516
508143,510651,510681,30,2508
508143,510660,510682,22,2517
508143,510658,510683,25,2515
508143,510660,510684,24,2517
508143,510659,510685,26,2516
508143,510657,510684,27,2514
508143,510657,510685,28,2514
508143,510656,510685,29,2513
508143,510657,510686,29,2514
508143,510649,510685,36,2506
508143,510659,510686,27,2516
508143,510650,510687,37,2507
508143,510631,510687,56,2488
508143,510646,510689,43,2503
508143,510642,510689,47,2499
508143,510648,510690,42,2505
508143,510658,510689,31,2515
508143,510661,510690,29,2518
508143,510639,510691,52,2496
508143,510642,510691,49,2499
508143,510656,510691,35,2513
508143,510638,510693,55,2495
508143,510655,510693,38,2512
508143,510642,510694,52,2499
508143,510661,510693,32,2518
508143,510661,510695,34,2518
508143,510640,510695,55,2497
508143,510642,510695,53,2499
508143,510632,510696,64,2489
508143,510647,510696,49,2504
508143,510646,510697,51,2503
508143,510645,510697,52,2502
508143,510648,510698,50,2505
508143,510657,510698,41,2514
508143,510644,510697,53,2501
508143,510664,510700,36,2521
508143,510632,510700,68,2489
508143,510638,510701,63,2495
508143,510657,510701,44,2514
508143,510657,510702,45,2514
508143,510661,510703,42,2518
508143,510638,510702,64,2495
508143,510656,510703,47,2513
508143,510632,510704,72,2489
508143,510673,510705,32,2530
508143,510647,510709,62,2504
508143,510633,510709,76,2490
508143,510636,510710,74,2493
508143,510685,510711,26,2542
508143,510680,510712,32,2537
508143,510674,510713,39,2531
508143,510683,510713,30,2540
508143,510633,510714,81,2490
508143,510681,510714,33,2538
508143,510682,510714,32,2539
508143,510681,510715,34,2538
508143,510680,510715,35,2537
508143,510677,510715,38,2534
508143,510634,510717,83,2491
508143,510679,510717,38,2536
508143,510684,510718,34,2541
508143,510678,510718,40,2535
508143,510685,510719,34,2542
508143,510678,510719,41,2535
508143,510685,510720,35,2542
508143,510677,510720,43,2534
508143,510686,510721,35,2543
508143,510679,510721,42,2536
508143,510679,510721,42,2536
508143,510686,510722,36,2543
508206,510703,510721,18,2497
508143,510675,510722,47,2532
508143,510676,510723,47,2533
508143,510690,510723,33,2547
508143,510638,510723,85,2495
508143,510691,510724,33,2548
508143,510687,510724,37,2544
508143,510686,510724,38,2543
508143,510687,510724,37,2544
508206,510704,510724,20,2498
508143,510689,510726,37,2546
508143,510686,510726,40,2543
508143,510694,510727,33,2551
508206,510705,510727,22,2499
508143,510633,510728,95,2490
508143,510637,510727,90,2494
508143,510693,510728,35,2550
508143,510679,510728,49,2536
508143,510697,510730,33,2554
508143,510697,510730,33,2554
508143,510635,510730,95,2492
508143,510693,510730,37,2550
508143,510692,510730,38,2549
508143,510701,510731,30,2558
508143,510688,510731,43,2545
508143,510690,510731,41,2547
508206,510709,510732,23,2503
508143,510698,510732,34,2555
508143,510636,510732,96,2493
508143,510689,510732,43,2546
508143,510698,510733,35,2555
508206,510706,510734,28,2500
508143,510692,510734,42,2549
508143,510692,510735,43,2549
508143,510638,510735,97,2495
508143,510698,510735,37,2555
508143,510696,510736,40,2553
508143,510696,510736,40,2553
508143,510700,510737,37,2557
508143,510701,510737,36,2558
508206,510709,510739,30,2503
508206,510710,510738,28,2504
508143,510698,510739,41,2555
508206,510711,510739,28,2505
508143,510701,510740,39,2558
508143,510696,510740,44,2553
508143,510703,510740,37,2560
508206,510713,510741,28,2507
508143,510698,510742,44,2555
508143,510694,510743,49,2551
508206,510714,510744,30,2508
508206,510715,510745,30,2509
508206,510713,510748,35,2507
507581,509977,510748,771,2396
508206,510729,510752,23,2523
508206,510732,510753,21,2526
508206,510732,510754,22,2526
508206,510733,510755,22,2527
508206,510730,510755,25,2524
508206,510731,510757,26,2525
508206,510734,510757,23,2528
508206,510728,510757,29,2522
508206,510731,510757,26,2525
508206,510733,510758,25,2527
508206,510728,510759,31,2522
508206,510730,510759,29,2524
508206,510733,510759,26,2527
508206,510731,510760,29,2525
508206,510737,510760,23,2531
508206,510715,510746,31,2509
508206,510730,510761,31,2524
508206,510731,510759,28,2525
508206,510732,510761,29,2526
508206,510740,510762,22,2534
508206,510736,510763,27,2530
508206,510744,510763,19,2538
508206,510740,510764,24,2534
508206,510739,510764,25,2533
508206,510741,510764,23,2535
508206,510739,510763,24,2533
508206,510741,510763,22,2535
508206,510724,510765,41,2518
508206,510715,510765,50,2509
508206,510728,510766,38,2522
508206,510739,510767,28,2533
508206,510723,510770,47,2517
508206,510724,510770,46,2518
508206,510723,510771,48,2517
508206,510716,510771,55,2510
508206,510737,510771,34,2531
508206,510725,510772,47,2519
508206,510724,510773,49,2518
508206,510734,510773,39,2528
508206,510728,510774,46,2522
508206,510725,510775,50,2519
508206,510725,510774,49,2519
508206,510727,510775,48,2521
508206,510737,510776,39,2531
508206,510715,510777,62,2509
508206,510745,510777,32,2539
508206,510727,510777,50,2521
508206,510739,510777,38,2533
508206,510736,510778,42,2530
508206,510722,510781,59,2516
508206,510716,510781,65,2510
508206,510738,510782,44,2532
508206,510749,510782,33,2543
508206,510746,510784,38,2540
508206,510735,510784,49,2529
508206,510748,510786,38,2542
508206,510723,510786,63,2517
508206,510722,510786,64,2516
508206,510761,510787,26,2555
508206,510761,510787,26,2555
508206,510719,510788,69,2513
508206,510762,510789,27,2556
508206,510753,510790,37,2547
508206,510754,510790,36,2548
508206,510760,510791,31,2554
508206,510760,510792,32,2554
508206,510718,510792,74,2512
508206,510722,510793,71,2516
508206,510761,510794,33,2555
508206,510760,510794,34,2554
508206,510760,510796,36,2554
508206,510764,510796,32,2558
508206,510719,510797,78,2513
508206,510756,510797,41,2550
508206,510728,510796,68,2522
508206,510764,510797,33,2558
508206,510757,510797,40,2551
508206,510755,510798,43,2549
508206,510763,510799,36,2557
508206,510759,510799,40,2553
508206,510760,510799,39,2554
508206,510761,510799,38,2555
508206,510763,510799,36,2557
508206,510758,510800,42,2552
508206,510765,510802,37,2559
508206,510755,510804,49,2549
508206,510767,510803,36,2561
508206,510766,510803,37,2560
508206,510764,510804,40,2558
508206,510771,510804,33,2565
508206,510764,510804,40,2558
508206,510764,510805,41,2558
508206,510722,510805,83,2516
508206,510758,510805,47,2552
508206,510764,510806,42,2558
508206,510771,510806,35,2565
508292,510788,510807,19,2496
508206,510719,510808,89,2513
508206,510771,510807,36,2565
508206,510774,510808,34,2568
508206,510773,510808,35,2567
508206,510782,510809,27,2576
508206,510770,510809,39,2564
508206,510771,510810,39,2565
508292,510788,510810,22,2496
508206,510758,510811,53,2552
508206,510772,510811,39,2566
508206,510719,510811,92,2513
508292,510787,510812,25,2495
508206,510775,510812,37,2569
508292,510791,510813,22,2499
508206,510720,510813,93,2514
508292,510791,510813,22,2499
508206,510773,510815,42,2567
508206,510721,510817,96,2515
508206,510778,510817,39,2572
508206,510778,510819,41,2572
508206,510718,510818,100,2512
508206,510782,510819,37,2576
508206,510777,510819,42,2571
508206,510775,510819,44,2569
508206,510778,510819,41,2572
508206,510775,510819,44,2569
508206,510777,510820,43,2571
508206,510768,510821,53,2562
508292,510793,510821,28,2501
508206,510722,510821,99,2516
508206,510787,510822,35,2581
508292,510790,510823,33,2498
508206,510784,510824,40,2578
508206,510781,510824,43,2575
508292,510792,510824,32,2500
508206,510778,510825,47,2572
508292,510793,510825,32,2501
508206,510786,510825,39,2580
508206,510783,510825,42,2577
508206,510785,510825,40,2579
508292,510795,510826,31,2503
508292,510793,510828,35,2501
508292,510794,510830,36,2502
507649,510075,510832,757,2426
508292,510813,510833,20,2521
508292,510812,510833,21,2520
508292,510813,510834,21,2521
508292,510810,510837,27,2518
508292,510797,510839,42,2505
508292,510816,510838,22,2524
508292,510819,510839,20,2527
508292,510818,510840,22,2526
508292,510811,510839,28,2519
508292,510812,510840,28,2520
508292,510818,510841,23,2526
508292,510819,510841,22,2527
508292,510814,510841,27,2522
508292,510797,510842,45,2505
508292,510810,510843,33,2518
508292,510812,510843,31,2520
508292,510819,510844,25,2527
508292,510810,510843,33,2518
508292,510813,510844,31,2521
508292,510820,510845,25,2528
508292,510806,510846,40,2514
508292,510809,510848,39,2517
508292,510805,510849,44,2513
508292,510824,510849,25,2532
508292,510826,510849,23,2534
508292,510826,510849,23,2534
508292,510807,510850,43,2515
508292,510825,510851,26,2533
508292,510825,510851,26,2533
508292,510826,510851,25,2534
508292,510807,510852,45,2515
508292,510825,510852,27,2533
508292,510827,510852,25,2535
508292,510820,510853,33,2528
508292,510806,510854,48,2514
508292,510808,510854,46,2516
508292,510822,510854,32,2530
508292,510820,510856,36,2528
508292,510822,510855,33,2530
508292,510823,510856,33,2531
508292,510824,510856,32,2532
508292,510805,510856,51,2513
508292,510809,510858,49,2517
508292,510808,510859,51,2516
508292,510808,510861,53,2516
508292,510820,510861,41,2528
508292,510804,510862,58,2512
508292,510804,510863,59,2512
508292,510828,510862,34,2536
508292,510805,510863,58,2513
508292,510809,510866,57,2517
508292,510805,510866,61,2513
508292,510841,510869,28,2549
508292,510844,510870,26,2552
508292,510822,510870,48,2530
508292,510820,510870,50,2528
508292,510834,510872,38,2542
508292,510822,510872,50,2530
508292,510844,510874,30,2552
508292,510831,510875,44,2539
508292,510841,510875,34,2549
508292,510845,510875,30,2553
508292,510834,510875,41,2542
508292,510797,510876,79,2505
508292,510844,510876,32,2552
508292,510842,510876,34,2550
508292,510841,510876,35,2549
508292,510835,510876,41,2543
508292,510842,510877,35,2550
508292,510843,510877,34,2551
508292,510844,510877,33,2552
508292,510840,510880,40,2548
508292,510846,510880,34,2554
508292,510850,510882,32,2558
508292,510849,510883,34,2557
508292,510804,510883,79,2512
508292,510838,510883,45,2546
508292,510797,510884,87,2505
508292,510850,510884,34,2558
508292,510840,510885,45,2548
508292,510849,510885,36,2557
508292,510847,510885,38,2555
508292,510833,510885,52,2541
508292,510852,510885,33,2560
508292,510852,510887,35,2560
508292,510797,510889,92,2505
508292,510849,510889,40,2557
508292,510798,510890,92,2506
508292,510854,510891,37,2562
508292,510798,510891,93,2506
508292,510851,510891,40,2559
508292,510839,510892,53,2547
508292,510799,510892,93,2507
508292,510854,510892,38,2562
508292,510856,510892,36,2564
508292,510853,510893,40,2561
508292,510797,510893,96,2505
508292,510799,510892,93,2507
508292,510850,510893,43,2558
508292,510852,510895,43,2560
508292,510857,510895,38,2565
508292,510839,510895,56,2547
508292,510853,510895,42,2561
508334,510875,510895,20,2541
508292,510856,510898,42,2564
508292,510854,510898,44,2562
508292,510861,510898,37,2569
508292,510853,510898,45,2561
508292,510857,510899,42,2565
508292,510799,510899,100,2507
508292,510799,510899,100,2507
508334,510876,510900,24,2542
508292,510863,510901,38,2571
508334,510875,510900,25,2541
508292,510801,510900,99,2509
508334,510875,510901,26,2541
508334,510875,510901,26,2541
508292,510867,510902,35,2575
508292,510803,510902,99,2511
508292,510870,510904,34,2578
508292,510860,510904,44,2568
508292,510799,510905,106,2507
508292,510863,510905,42,2571
508292,510863,510905,42,2571
508292,510867,510905,38,2575
508292,510864,510905,41,2572
508292,510869,510905,36,2577
508292,510858,510906,48,2566
508334,510876,510907,31,2542
508292,510870,510907,37,2578
508292,510862,510910,48,2570
508292,510872,510911,39,2580
508292,510857,510912,55,2565
508334,510876,510913,37,2542
508292,510870,510913,43,2578
508334,510877,510914,37,2543
508334,510876,510914,38,2542
508334,510877,510915,38,2543
508334,510877,510916,39,2543
508334,510901,510918,17,2567
508334,510877,510919,42,2543
508334,510898,510921,23,2564
508334,510902,510922,20,2568
508334,510902,510923,21,2568
508334,510901,510924,23,2567
508334,510896,510923,27,2562
508334,510877,510924,47,2543
508334,510899,510924,25,2565
508334,510901,510924,23,2567
508334,510899,510926,27,2565
508334,510903,510926,23,2569
508334,510901,510926,25,2567
508334,510899,510927,28,2565
508334,510903,510927,24,2569
508334,510896,510927,31,2562
508334,510896,510927,31,2562
508334,510899,510928,29,2565
508334,510900,510929,29,2566
508334,510880,510933,53,2546
508334,510899,510934,35,2565
508334,510892,510935,43,2558
508334,510905,510934,29,2571
508334,510892,510935,43,2558
508334,510895,510935,40,2561
508334,510905,510937,32,2571
508334,510893,510938,45,2559
508334,510908,510939,31,2574
508334,510906,510940,34,2572
508334,510904,510940,36,2570
508334,510911,510939,28,2577
508334,510893,510940,47,2559
508334,510908,510942,34,2574
508334,510916,510941,25,2582
508334,510915,510942,27,2581
508334,510912,510942,30,2578
507711,510168,510943,775,2457
508334,510893,510943,50,2559
508334,510913,510944,31,2579
508334,510905,510945,40,2571
508334,510906,510946,40,2572
508334,510891,510946,55,2557
508334,510914,510946,32,2580
508334,510893,510947,54,2559
508334,510893,510948,55,2559
508334,510892,510949,57,2558
508334,510891,510949,58,2557
508334,510915,510949,34,2581
508334,510904,510950,46,2570
508334,510892,510952,60,2558
508334,510895,510953,58,2561
508334,510913,510953,40,2579
508334,510890,510954,64,2556
508334,510917,510954,37,2583
508334,510906,510956,50,2572
508334,510894,510958,64,2560
508334,510906,510959,53,2572
508334,510927,510960,33,2593
508334,510889,510961,72,2555
508334,510928,510961,33,2594
508334,510918,510962,44,2584
508334,510928,510961,33,2594
508334,510928,510962,34,2594
508334,510928,510962,34,2594
508334,510880,510962,82,2546
508334,510928,510963,35,2594
508334,510925,510963,38,2591
508334,510929,510963,34,2595
508334,510927,510964,37,2593
508334,510922,510965,43,2588
508334,510925,510967,42,2591
508334,510926,510968,42,2592
508334,510883,510968,85,2549
508334,510884,510970,86,2550
508334,510934,510971,37,2600
508334,510935,510970,35,2601
508334,510935,510972,37,2601
508334,510923,510972,49,2589
508334,510919,510972,53,2585
508334,510935,510973,38,2601
508334,510936,510973,37,2602
508334,510924,510974,50,2590
508334,510885,510977,92,2551
508334,510935,510977,42,2601
508334,510940,510978,38,2606
508334,510940,510979,39,2606
508334,510884,510978,94,2550
508334,510924,510980,56,2590
508334,510885,510981,96,2551
508334,510885,510981,96,2551
508334,510942,510980,38,2608
508334,510938,510981,43,2604
508334,510884,510981,97,2550
508334,510923,510982,59,2589
508334,510938,510981,43,2604
508422,510963,510984,21,2541
508334,510944,510985,41,2610
508334,510885,510985,100,2551
508334,510924,510986,62,2590
508334,510947,510987,40,2613
508422,510963,510987,24,2541
508334,510953,510986,33,2619
508334,510943,510987,44,2609
508422,510962,510987,25,2540
508334,510947,510987,40,2613
508334,510940,510988,48,2606
508334,510888,510988,100,2554
508422,510962,510989,27,2540
508334,510941,510989,48,2607
508422,510962,510989,27,2540
508334,510942,510989,47,2608
508334,510940,510990,50,2606
508334,510884,510990,106,2550
508334,510946,510990,44,2612
508334,510885,510991,106,2551
508334,510947,510992,45,2613
508422,510964,510992,28,2542
508334,510955,510993,38,2621
508422,510963,510993,30,2541
508334,510945,510994,49,2611
508334,510949,510994,45,2615
508334,510948,510995,47,2614
508334,510943,510996,53,2609
508334,510943,510996,53,2609
508334,510949,510997,48,2615
508334,510951,510998,47,2617
508334,510886,510999,113,2552
508422,510964,510998,34,2542
508334,510953,510999,46,2619
508422,510965,511000,35,2543
508334,510957,511001,44,2623
508334,510960,511000,40,2626
508334,510961,511001,40,2627
508334,510950,511003,53,2616
508334,510958,511002,44,2624
508422,510968,511003,35,2546
508334,510952,511003,51,2618
508334,510961,511004,43,2627
508334,510954,511004,50,2620
508422,510969,511005,36,2547
508334,510950,511006,56,2616
508422,510965,511007,42,2543
508422,510990,511011,21,2568
508422,510993,511011,18,2571
508422,510993,511012,19,2571
508422,510994,511012,18,2572
508422,510989,511014,25,2567
508422,510994,511015,21,2572
508422,510989,511015,26,2567
508422,510991,511014,23,2569
508422,510990,511016,26,2568
508422,510991,511016,25,2569
508422,510992,511017,25,2570
508422,510990,511018,28,2568
508422,510991,511017,26,2569
508422,510994,511019,25,2572
508422,510969,511019,50,2547
508422,510989,511021,32,2567
508422,510987,511022,35,2565
508422,510987,511022,35,2565
508422,510988,511023,35,2566
508422,510995,511023,28,2573
508422,511004,511024,20,2582
508422,510982,511025,43,2560
508422,510990,511025,35,2568
507776,510249,511026,777,2473
508422,510985,511026,41,2563
508422,511004,511028,24,2582
508422,511001,511029,28,2579
508422,510982,511029,47,2560
508422,510996,511030,34,2574
508422,510982,511029,47,2560
508422,511001,511030,29,2579
508422,511003,511031,28,2581
508422,510999,511031,32,2577
508422,510985,511032,47,2563
508422,510998,511032,34,2576
508422,511001,511032,31,2579
508422,510996,511032,36,2574
508422,511001,511033,32,2579
508422,511003,511032,29,2581
508422,511005,511034,29,2583
508422,510998,511034,36,2576
508422,511006,511034,28,2584
508422,510982,511034,52,2560
508422,511005,511036,31,2583
508422,510985,511036,51,2563
508422,510987,511036,49,2565
508422,510981,511038,57,2559
508422,510970,511039,69,2548
508422,510981,511046,65,2559
508422,511018,511047,29,2596
508422,510999,511047,48,2577
508422,511007,511047,40,2585
508422,511000,511048,48,2578
508422,510987,511048,61,2565
508422,511017,511049,32,2595
508422,510987,511052,65,2565
508422,511017,511053,36,2595
508422,510971,511054,83,2549
508422,511016,511054,38,2594
508422,511019,511055,36,2597
508422,511021,511055,34,2599
508422,511026,511055,29,2604
508422,511018,511055,37,2596
508422,511017,511055,38,2595
508422,510987,511055,68,2565
508422,511019,511056,37,2597
508422,511012,511057,45,2590
508422,510971,511057,86,2549
508422,511023,511057,34,2601
508422,511012,511057,45,2590
508422,510981,511058,77,2559
508422,511017,511058,41,2595
508422,511023,511059,36,2601
508422,511007,511059,52,2585
508422,511027,511061,34,2605
508422,511025,511060,35,2603
508422,511023,511060,37,2601
508422,510981,511061,80,2559
508422,510972,511061,89,2550
508422,511024,511061,37,2602
508422,510972,511064,92,2550
508422,511032,511066,34,2610
508422,511027,511066,39,2605
508422,510973,511067,94,2551
508422,511024,511067,43,2602
508422,511013,511067,54,2591
508422,511029,511068,39,2607
508422,510973,511068,95,2551
508422,511028,511068,40,2606
508422,510974,511069,95,2552
508422,511031,511069,38,2609
508422,511016,511070,54,2594
508422,511031,511069,38,2609
508422,511033,511070,37,2611
508422,511030,511070,40,2608
508422,511029,511070,41,2607
508422,511033,511071,38,2611
508422,511014,511072,58,2592
508422,511015,511074,59,2593
508422,511034,511074,40,2612
508422,511032,511074,42,2610
508515,511056,511074,18,2541
508422,511031,511075,44,2609
508515,511055,511075,20,2540
508422,510972,511076,104,2550
508515,511055,511076,21,2540
508422,511037,511077,40,2615
508515,511055,511077,22,2540
508422,511030,511077,47,2608
508515,511056,511078,22,2541
508422,510978,511079,101,2556
508422,511036,511080,44,2614
508422,511033,511081,48,2611
508422,511037,511081,44,2615
508515,511056,511082,26,2541
508422,511034,511082,48,2612
508422,511032,511083,51,2610
508422,510978,511083,105,2556
508422,511047,511084,37,2625
508515,511056,511083,27,2541
508422,511034,511084,50,2612
508422,510978,511085,107,2556
508422,511034,511085,51,2612
508515,511057,511087,30,2542
508515,511058,511087,29,2543
508422,510979,511088,109,2557
508422,511047,511089,42,2625
508422,511039,511090,51,2617
508515,511058,511091,33,2543
508422,511055,511091,36,2633
508422,511053,511092,39,2631
508422,511049,511092,43,2627
508422,511048,511092,44,2626
508422,511054,511092,38,2632
508422,511048,511093,45,2626
508422,511039,511094,55,2617
508422,511049,511095,46,2627
508422,510979,511096,117,2557
507867,510321,511096,775,2454
508515,511059,511097,38,2544
508422,511049,511096,47,2627
508515,511058,511098,40,2543
508515,511078,511099,21,2563
508515,511077,511101,24,2562
508515,511084,511102,18,2569
508515,511080,511101,21,2565
508515,511077,511102,25,2562
508515,511059,511103,44,2544
508515,511082,511104,22,2567
508515,511083,511104,21,2568
508515,511081,511104,23,2566
508515,511084,511105,21,2569
508515,511075,511105,30,2560
508515,511076,511105,29,2561
508515,511083,511105,22,2568
508515,511078,511106,28,2563
508515,511081,511106,25,2566
508515,511084,511107,23,2569
508515,511076,511109,33,2561
508515,511081,511109,28,2566
508515,511085,511108,23,2570
508515,511078,511110,32,2563
508515,511092,511115,23,2577
508515,511071,511115,44,2556
508515,511094,511116,22,2579
508515,511086,511117,31,2571
508515,511093,511117,24,2578
508515,511070,511118,48,2555
508515,511093,511118,25,2578
508515,511092,511118,26,2577
508515,511059,511118,59,2544
508515,511088,511119,31,2573
508515,511096,511119,23,2581
508515,511095,511120,25,2580
508515,511070,511120,50,2555
508515,511093,511121,28,2578
508515,511092,511121,29,2577
508515,511097,511120,23,2582
508515,511096,511121,25,2581
508515,511086,511122,36,2571
508515,511089,511122,33,2574
508515,511075,511123,48,2560
508515,511088,511123,35,2573
508515,511071,511124,53,2556
508515,511075,511124,49,2560
508515,511070,511126,56,2555
508515,511091,511125,34,2576
508515,511097,511126,29,2582
508515,511070,511126,56,2555
508515,511074,511129,55,2559
508515,511106,511132,26,2591
508515,511102,511132,30,2587
508515,511069,511132,63,2554
508515,511090,511133,43,2575
508515,511104,511133,29,2589
508515,511106,511133,27,2591
508515,511106,511135,29,2591
508515,511070,511135,65,2555
508515,511073,511136,63,2558
508515,511105,511136,31,2590
508515,511070,511136,66,2555
508515,511075,511136,61,2560
508515,511103,511138,35,2588
508515,511107,511138,31,2592
508515,511109,511139,30,2594
508515,511106,511140,34,2591
508515,511105,511141,36,2590
508515,511061,511141,80,2546
508515,511107,511141,34,2592
508515,511109,511142,33,2594
508515,511104,511142,38,2589
508515,511109,511143,34,2594
508515,511102,511144,42,2587
508515,511110,511144,34,2595
508515,511116,511144,28,2601
508515,511099,511145,46,2584
508515,511061,511146,85,2546
508515,511060,511147,87,2545
508515,511102,511148,46,2587
508515,511098,511148,50,2583
508515,511116,511148,32,2601
508515,511117,511149,32,2602
508515,511061,511150,89,2546
508515,511116,511150,34,2601
508515,511118,511151,33,2603
508515,511119,511151,32,2604
508515,511120,511152,32,2605
508515,511102,511153,51,2587
508515,511119,511154,35,2604
508515,511117,511154,37,2602
508515,511118,511155,37,2603
507890,510391,511157,766,2501
508515,511062,511157,95,2547
508515,511069,511159,90,2554
508515,511067,511159,92,2552
508515,511097,511158,61,2582
508515,511121,511159,38,2606
508515,511121,511159,38,2606
508568,511137,511159,22,2569
508515,511120,511160,40,2605
508515,511119,511160,41,2604
508515,511122,511160,38,2607
508515,511062,511161,99,2547
508515,511122,511160,38,2607
508568,511137,511161,24,2569
508515,511067,511161,94,2552
508515,511062,511162,100,2547
508515,511121,511163,42,2606
508568,511139,511162,23,2571
508568,511139,511162,23,2571
508515,511124,511163,39,2609
508515,511120,511163,43,2605
508515,511123,511163,40,2608
508515,511122,511165,43,2607
508515,511125,511166,41,2610
508568,511139,511166,27,2571
508515,511126,511167,41,2611
508568,511141,511166,25,2573
508515,511126,511167,41,2611
508515,511134,511168,34,2619
508515,511134,511168,34,2619
508515,511065,511169,104,2550
508515,511125,511169,44,2610
508568,511142,511169,27,2574
508515,511130,511169,39,2615
508515,511132,511170,38,2617
508515,511067,511170,103,2552
508515,511136,511170,34,2621
508515,511133,511170,37,2618
508515,511135,511171,36,2620
508568,511142,511171,29,2574
508568,511142,511172,30,2574
508515,511136,511173,37,2621
508568,511141,511173,32,2573
508515,511126,511173,47,2611
508515,511068,511173,105,2553
508515,511133,511175,42,2618
508568,511144,511177,33,2576
508515,511133,511177,44,2618
508515,511127,511178,51,2612
508568,511142,511180,38,2574
508515,511067,511183,116,2552
508568,511164,511186,22,2596
508515,511067,511185,118,2552
508568,511163,511186,23,2595
508568,511144,511186,42,2576
508568,511168,511186,18,2600
508568,511168,511187,19,2600
508568,511163,511187,24,2595
508568,511167,511188,21,2599
508568,511162,511188,26,2594
508568,511167,511188,21,2599
508568,511168,511189,21,2600
508568,511167,511188,21,2599
508568,511162,511190,28,2594
508568,511163,511191,28,2595
508568,511169,511191,22,2601
508568,511164,511191,27,2596
508568,511167,511192,25,2599
508568,511163,511191,28,2595
508568,511165,511191,26,2597
508568,511161,511193,32,2593
508568,511171,511195,24,2603
508568,511161,511195,34,2593
508568,511172,511195,23,2604
508568,511170,511195,25,2602
508568,511173,511196,23,2605
508568,511174,511197,23,2606
508568,511173,511198,25,2605
508568,511179,511201,22,2611
508568,511161,511201,40,2593
508568,511161,511201,40,2593
508568,511178,511203,25,2610
508568,511178,511203,25,2610
508568,511176,511203,27,2608
508568,511145,511204,59,2577
508568,511170,511204,34,2602
508568,511159,511204,45,2591
508568,511171,511204,33,2603
508568,511170,511206,36,2602
508568,511173,511206,33,2605
508568,511174,511208,34,2606
508568,511159,511208,49,2591
508568,511145,511208,63,2577
508568,511171,511210,39,2603
508568,511158,511212,54,2590
508568,511160,511213,53,2592
508568,511160,511214,54,2592
508568,511170,511214,44,2602
508568,511159,511214,55,2591
508568,511171,511216,45,2603
508568,511161,511216,55,2593
508568,511189,511216,27,2621
508568,511159,511216,57,2591
508568,511190,511216,26,2622
508568,511188,511218,30,2620
508568,511156,511220,64,2588
508568,511192,511220,28,2624
508568,511193,511220,27,2625
508568,511191,511220,29,2623
508568,511181,511220,39,2613
508568,511189,511221,32,2621
508568,511196,511221,25,2628
508568,511194,511221,27,2626
508568,511160,511222,62,2592
508568,511186,511223,37,2618
508568,511196,511223,27,2628
508568,511193,511224,31,2625
508568,511193,511225,32,2625
508568,511193,511225,32,2625
508568,511187,511225,38,2619
508568,511145,511226,81,2577
508568,511189,511226,37,2621
508568,511189,511227,38,2621
508568,511196,511228,32,2628
508568,511158,511229,71,2590
508568,511191,511229,38,2623
508568,511197,511231,34,2629
508704,511221,511232,11,2517
508568,511198,511232,34,2630
507957,510466,511232,766,2509
508568,511186,511233,47,2618
508568,511155,511234,79,2587
508568,511186,511235,49,2618
508568,511186,511234,48,2618
508568,511196,511237,41,2628
508568,511202,511240,38,2634
508568,511199,511240,41,2631
508568,511202,511240,38,2634
508568,511204,511241,37,2636
508568,511205,511241,36,2637
508568,511205,511241,36,2637
508704,511223,511241,18,2519
508704,511222,511242,20,2518
508568,511206,511241,35,2638
508568,511184,511242,58,2616
508568,511204,511243,39,2636
508568,511148,511242,94,2580
508568,511208,511244,36,2640
508704,511222,511244,22,2518
508568,511202,511244,42,2634
508568,511147,511244,97,2579
508568,511186,511244,58,2618
508568,511150,511245,95,2582
508568,511149,511245,96,2581
508568,511155,511245,90,2587
508568,511147,511245,98,2579
508568,511204,511246,42,2636
508568,511151,511245,94,2583
508568,511203,511247,44,2635
508704,511223,511246,23,2519
508568,511150,511246,96,2582
508568,511203,511247,44,2635
508568,511208,511248,40,2640
508568,511206,511249,43,2638
508704,511223,511249,26,2519
508568,511151,511250,99,2583
508568,511149,511250,101,2581
508568,511211,511251,40,2643
508568,511218,511252,34,2650
508704,511225,511252,27,2521
508704,511225,511252,27,2521
508568,511152,511253,101,2584
508704,511226,511254,28,2522
508568,511220,511254,34,2652
508568,511215,511254,39,2647
508568,511221,511255,34,2653
508568,511215,511255,40,2647
508568,511213,511256,43,2645
508568,511217,511257,40,2649
508704,511226,511257,31,2522
508568,511216,511257,41,2648
508704,511226,511257,31,2522
508568,511212,511258,46,2644
508568,511217,511259,42,2649
508704,511226,511259,33,2522
508568,511216,511260,44,2648
508568,511220,511260,40,2652
508568,511209,511261,52,2641
508568,511220,511260,40,2652
508568,511215,511262,47,2647
508568,511216,511263,47,2648
508568,511152,511264,112,2584
508704,511247,511268,21,2543
508704,511251,511268,17,2547
508704,511250,511269,19,2546
508704,511227,511269,42,2523
508704,511251,511271,20,2547
508704,511246,511271,25,2542
508704,511250,511271,21,2546
508704,511248,511272,24,2544
508704,511246,511271,25,2542
508704,511247,511272,25,2543
508568,511154,511272,118,2586
508704,511252,511273,21,2548
508704,511229,511273,44,2525
508704,511251,511273,22,2547
508704,511246,511274,28,2542
508704,511248,511275,27,2544
508704,511253,511275,22,2549
508704,511246,511276,30,2542
508704,511247,511276,29,2543
508704,511253,511276,23,2549
508704,511254,511276,22,2550
508704,511258,511278,20,2554
508704,511254,511279,25,2550
508704,511245,511280,35,2541
508704,511246,511281,35,2542
508704,511246,511281,35,2542
508704,511258,511283,25,2554
508704,511258,511284,26,2554
508704,511261,511285,24,2557
508704,511259,511286,27,2555
508704,511261,511287,26,2557
508704,511262,511287,25,2558
508704,511261,511288,27,2557
508704,511261,511289,28,2557
508704,511260,511289,29,2556
508704,511259,511291,32,2555
508704,511255,511291,36,2551
508704,511257,511292,35,2553
508704,511255,511293,38,2551
508704,511245,511293,48,2541
508704,511255,511295,40,2551
508704,511229,511296,67,2525
508704,511243,511295,52,2539
508704,511243,511295,52,2539
508704,511255,511296,41,2551
508704,511243,511297,54,2539
508704,511242,511299,57,2538
508704,511245,511299,54,2541
508704,511272,511300,28,2568
508704,511272,511301,29,2568
508704,511273,511301,28,2569
508704,511276,511301,25,2572
508704,511274,511301,27,2570
508704,511276,511302,26,2572
508704,511232,511302,70,2528
508704,511242,511302,60,2538
508704,511272,511302,30,2568
508704,511274,511302,28,2570
508704,511272,511304,32,2568
508704,511271,511305,34,2567
508704,511270,511306,36,2566
508704,511275,511306,31,2571
508704,511273,511306,33,2569
508704,511263,511306,43,2559
508704,511277,511307,30,2573
508704,511277,511307,30,2573
508704,511275,511307,32,2571
508704,511245,511308,63,2541
508704,511278,511309,31,2574
508704,511281,511310,29,2577
508704,511242,511311,69,2538
508704,511242,511311,69,2538
508704,511281,511313,32,2577
508704,511230,511313,83,2526
508704,511271,511314,43,2567
508704,511279,511313,34,2575
508704,511257,511315,58,2553
508704,511245,511315,70,2541
508704,511284,511315,31,2580
508704,511276,511316,40,2572
508704,511233,511316,83,2529
508704,511284,511317,33,2580
508704,511281,511318,37,2577
508704,511269,511318,49,2565
508704,511268,511319,51,2564
508704,511290,511320,30,2586
508704,511264,511321,57,2560
508704,511288,511321,33,2584
508704,511285,511321,36,2581
508704,511268,511322,54,2564
508704,511287,511322,35,2583
508704,511233,511324,91,2529
508704,511289,511324,35,2585
508704,511291,511324,33,2587
508704,511293,511325,32,2589
508704,511289,511325,36,2585
508752,511305,511325,20,2553
508752,511307,511326,19,2555
508704,511286,511326,40,2582
508704,511296,511327,31,2592
508704,511242,511327,85,2538
508704,511294,511328,34,2590
508752,511307,511329,22,2555
508704,511295,511330,35,2591
508704,511233,511330,97,2529
508752,511307,511330,23,2555
508704,511294,511331,37,2590
508704,511234,511331,97,2530
508752,511306,511331,25,2554
508752,511308,511332,24,2556
508026,510543,511332,789,2517
508704,511297,511333,36,2593
508752,511308,511332,24,2556
508752,511309,511333,24,2557
508752,511310,511334,24,2558
508704,511303,511335,32,2599
508704,511301,511336,35,2597
508704,511302,511335,33,2598
508704,511303,511335,32,2599
508704,511238,511337,99,2534
508752,511308,511336,28,2556
508704,511303,511336,33,2599
508704,511302,511337,35,2598
508704,511301,511337,36,2597
508704,511291,511338,47,2587
508704,511296,511338,42,2592
508704,511242,511339,97,2538
508704,511296,511340,44,2592
508704,511303,511341,38,2599
508752,511310,511341,31,2558
508704,511296,511341,45,2592
508704,511300,511341,41,2596
508704,511300,511342,42,2596
508704,511241,511343,102,2537
508704,511235,511343,108,2531
508704,511300,511345,45,2596
508704,511235,511344,109,2531
508704,511301,511345,44,2597
508752,511311,511348,37,2559
508752,511311,511348,37,2559
508704,511241,511349,108,2537
508752,511328,511351,23,2576
508752,511331,511352,21,2579
508752,511336,511353,17,2584
508704,511241,511354,113,2537
508752,511336,511353,17,2584
508752,511333,511353,20,2581
508752,511334,511354,20,2582
508752,511332,511355,23,2580
508752,511332,511355,23,2580
508752,511335,511354,19,2583
508752,511336,511356,20,2584
508704,511235,511355,120,2531
508752,511332,511357,25,2580
508752,511333,511357,24,2581
508752,511336,511358,22,2584
508752,511337,511358,21,2585
508752,511313,511359,46,2561
508752,511331,511358,27,2579
508752,511337,511360,23,2585
508752,511331,511360,29,2579
508752,511331,511361,30,2579
508752,511337,511361,24,2585
508752,511337,511362,25,2585
508752,511330,511363,33,2578
508752,511333,511363,30,2581
508752,511328,511365,37,2576
508752,511325,511369,44,2573
508752,511341,511369,28,2589
508752,511345,511370,25,2593
508752,511341,511370,29,2589
508752,511338,511370,32,2586
508752,511343,511371,28,2591
508752,511342,511372,30,2590
508752,511346,511372,26,2594
508752,511342,511374,32,2590
508752,511325,511374,49,2573
508752,511344,511375,31,2592
508752,511345,511376,31,2593
508752,511348,511377,29,2596
508752,511341,511377,36,2589
508752,511344,511377,33,2592
508752,511327,511379,52,2575
508752,511325,511380,55,2573
508752,511327,511381,54,2575
508752,511355,511382,27,2603
508752,511358,511382,24,2606
508752,511326,511382,56,2574
508752,511339,511382,43,2587
508752,511339,511383,44,2587
508752,511327,511383,56,2575
508752,511354,511383,29,2602
508752,511323,511385,62,2571
508752,511324,511385,61,2572
508752,511364,511385,21,2612
508752,511359,511386,27,2607
508752,511357,511386,29,2605
508752,511356,511387,31,2604
508752,511364,511387,23,2612
508752,511355,511388,33,2603
508752,511359,511388,29,2607
508752,511353,511389,36,2601
508752,511356,511390,34,2604
508752,511339,511390,51,2587
508752,511313,511390,77,2561
508752,511358,511391,33,2606
508752,511354,511391,37,2602
508752,511326,511391,65,2574
508077,510623,511393,770,2546
508752,511360,511393,33,2608
508752,511354,511393,39,2602
508752,511359,511393,34,2607
508752,511354,511393,39,2602
508752,511361,511394,33,2609
508752,511361,511395,34,2609
508752,511355,511397,42,2603
508752,511362,511397,35,2610
508752,511314,511398,84,2562
508752,511366,511400,34,2614
508752,511315,511400,85,2563
508752,511322,511401,79,2570
508752,511351,511401,50,2599
508752,511362,511401,39,2610
508752,511317,511404,87,2565
508752,511369,511405,36,2617
508752,511370,511404,34,2618
508752,511317,511404,87,2565
508752,511352,511405,53,2600
508752,511315,511405,90,2563
508752,511372,511406,34,2620
508752,511371,511407,36,2619
508752,511373,511408,35,2621
508752,511371,511409,38,2619
508752,511314,511409,95,2562
508752,511370,511409,39,2618
508752,511349,511410,61,2597
508845,511391,511410,19,2546
508845,511391,511411,20,2546
508752,511376,511412,36,2624
508752,511378,511413,35,2626
508845,511389,511414,25,2544
508752,511322,511414,92,2570
508845,511390,511415,25,2545
508752,511375,511415,40,2623
508752,511315,511416,101,2563
508752,511371,511416,45,2619
508752,511319,511417,98,2567
508845,511389,511417,28,2544
508845,511391,511418,27,2546
508752,511386,511420,34,2634
508752,511374,511420,46,2622
508845,511391,511420,29,2546
508752,511320,511421,101,2568
508752,511318,511421,103,2566
508752,511387,511420,33,2635
508752,511388,511420,32,2636
508752,511381,511421,40,2629
508752,511384,511421,37,2632
508752,511378,511422,44,2626
508752,511320,511421,101,2568
508752,511375,511421,46,2623
508752,511388,511423,35,2636
508752,511383,511423,40,2631
508752,511386,511423,37,2634
508752,511383,511424,41,2631
508845,511393,511425,32,2548
508752,511319,511424,105,2567
508752,511350,511425,75,2598
508752,511380,511425,45,2628
508845,511393,511425,32,2548
508752,511381,511425,44,2629
508752,511377,511426,49,2625
508752,511321,511426,105,2569
508752,511385,511427,42,2633
508752,511383,511427,44,2631
508752,511385,511429,44,2633
508845,511393,511428,35,2548
508845,511394,511430,36,2549
508752,511383,511429,46,2631
508752,511383,511430,47,2631
508752,511382,511434,52,2630
508752,511321,511435,114,2569
508845,511393,511437,44,2548
508845,511417,511436,19,2572
508845,511422,511441,19,2577
508845,511421,511441,20,2576
508845,511422,511441,19,2577
508845,511422,511442,20,2577
508845,511421,511441,20,2576
508845,511394,511443,49,2549
508845,511423,511443,20,2578
508845,511417,511444,27,2572
508845,511424,511444,20,2579
508845,511420,511444,24,2575
508845,511417,511444,27,2572
508845,511421,511444,23,2576
508845,511421,511445,24,2576
508845,511421,511446,25,2576
508845,511424,511446,22,2579
508845,511418,511446,28,2573
508845,511419,511446,27,2574
508845,511420,511446,26,2575
508845,511416,511447,31,2571
508845,511421,511447,26,2576
508845,511422,511448,26,2577
508845,511416,511449,33,2571
508845,511425,511450,25,2580
508845,511414,511451,37,2569
508845,511426,511452,26,2581
508845,511394,511452,58,2549
508845,511426,511452,26,2581
508845,511426,511454,28,2581
508845,511426,511455,29,2581
508845,511415,511455,40,2570
508845,511429,511456,27,2584
508845,511410,511458,48,2565
508845,511430,511460,30,2585
508845,511425,511459,34,2580
508845,511429,511461,32,2584
508845,511430,511461,31,2585
508146,510703,511462,759,2557
508845,511426,511463,37,2581
508845,511409,511463,54,2564
508845,511428,511464,36,2583
508845,511410,511465,55,2565
508845,511431,511470,39,2586
508845,511414,511469,55,2569
508845,511411,511470,59,2566
508845,511427,511471,44,2582
508845,511413,511474,61,2568
508845,511443,511474,31,2598
508845,511396,511474,78,2551
508845,511410,511474,64,2565
508845,511425,511475,50,2580
508845,511409,511475,66,2564
508845,511446,511477,31,2601
508845,511445,511477,32,2600
508845,511398,511477,79,2553
508845,511445,511478,33,2600
508845,511446,511478,32,2601
508845,511444,511479,35,2599
508845,511450,511480,30,2605
508845,511398,511480,82,2553
508845,511443,511481,38,2598
508845,511446,511481,35,2601
508845,511441,511482,41,2596
508845,511452,511482,30,2607
508845,511444,511483,39,2599
508845,511444,511483,39,2599
508845,511446,511483,37,2601
508845,511442,511483,41,2597
508845,511446,511484,38,2601
508845,511445,511485,40,2600
508845,511442,511485,43,2597
508845,511437,511486,49,2592
508845,511437,511486,49,2592
508845,511411,511487,76,2566
508845,511442,511487,45,2597
508845,511447,511486,39,2602
508845,511448,511487,39,2603
508845,511402,511488,86,2557
508845,511452,511488,36,2607
508845,511399,511489,90,2554
508845,511453,511489,36,2608
508845,511453,511489,36,2608
508845,511451,511490,39,2606
508845,511426,511490,64,2581
508845,511448,511491,43,2603
508845,511435,511491,56,2590
508845,511449,511491,42,2604
508845,511400,511491,91,2555
508845,511456,511493,37,2611
508845,511408,511494,86,2563
508845,511460,511495,35,2615
508845,511455,511496,41,2610
508845,511455,511497,42,2610
508845,511402,511498,96,2557
508845,511462,511499,37,2617
508845,511460,511501,41,2615
508845,511401,511501,100,2556
508845,511462,511501,39,2617
508845,511458,511502,44,2613
508945,511481,511504,23,2536
508845,511405,511505,100,2560
508845,511464,511505,41,2619
508945,511481,511505,24,2536
508845,511435,511505,70,2590
508845,511455,511506,51,2610
508845,511463,511506,43,2618
508945,511482,511507,25,2537
508945,511481,511508,27,2536
508845,511464,511508,44,2619
508845,511475,511508,33,2630
508845,511402,511509,107,2557
508945,511484,511509,25,2539
508845,511461,511510,49,2616
508845,511406,511511,105,2561
508945,511483,511511,28,2538
508845,511405,511512,107,2560
508845,511405,511512,107,2560
508845,511465,511513,48,2620
508845,511479,511514,35,2634
508945,511483,511514,31,2538
508845,511407,511514,107,2562
508945,511483,511514,31,2538
508845,511475,511514,39,2630
508845,511470,511515,45,2625
508845,511405,511515,110,2560
508945,511484,511516,32,2539
508845,511479,511517,38,2634
508945,511483,511517,34,2538
508845,511406,511518,112,2561
508845,511475,511519,44,2630
508845,511478,511519,41,2633
508845,511478,511520,42,2633
508845,511475,511520,45,2630
508845,511477,511521,44,2632
508845,511470,511523,53,2625
508945,511486,511523,37,2541
508945,511484,511526,42,2539
508945,511505,511526,21,2560
508945,511506,511528,22,2561
508945,511512,511530,18,2567
508945,511512,511531,19,2567
508845,511470,511518,48,2625
508845,511471,511519,48,2626
508845,511476,511516,40,2631
508945,511486,511531,45,2541
508945,511509,511532,23,2564
508945,511514,511532,18,2569
508945,511508,511533,25,2563
508945,511508,511534,26,2563
508945,511515,511534,19,2570
508945,511511,511533,22,2566
508945,511515,511533,18,2570
508845,511474,511535,61,2629
508945,511508,511535,27,2563
508945,511509,511535,26,2564
508945,511513,511534,21,2568
508945,511507,511534,27,2562
508945,511512,511536,24,2567
508945,511510,511537,27,2565
508945,511506,511537,31,2561
508945,511506,511536,30,2561
508945,511515,511537,22,2570
508945,511505,511537,32,2560
508945,511515,511537,22,2570
508945,511504,511543,39,2559
508945,511503,511542,39,2558
508945,511502,511544,42,2557
508945,511516,511547,31,2571
508945,511519,511547,28,2574
508945,511486,511547,61,2541
508945,511519,511548,29,2574
508945,511521,511551,30,2576
508945,511531,511551,20,2586
508945,511518,511551,33,2573
508945,511517,511552,35,2572
508945,511497,511553,56,2552
508945,511524,511553,29,2579
508945,511498,511552,54,2553
508945,511521,511554,33,2576
508945,511520,511555,35,2575
508945,511516,511557,41,2571
508945,511497,511557,60,2552
508945,511496,511558,62,2551
508945,511524,511558,34,2579
508209,510787,511559,772,2578
508945,511526,511560,34,2581
508945,511500,511561,61,2555
508945,511502,511566,64,2557
508945,511535,511566,31,2590
508945,511538,511566,28,2593
508945,511522,511567,45,2577
508945,511537,511568,31,2592
508945,511487,511568,81,2542
508945,511534,511568,34,2589
508945,511533,511568,35,2588
508945,511535,511569,34,2590
508945,511535,511568,33,2590
508945,511532,511569,37,2587
508945,511534,511570,36,2589
508945,511534,511570,36,2589
508945,511517,511571,54,2572
508945,511534,511572,38,2589
508945,511537,511572,35,2592
508945,511495,511572,77,2550
508945,511535,511573,38,2590
508945,511531,511573,42,2586
508945,511531,511573,42,2586
508945,511537,511574,37,2592
508945,511527,511576,49,2582
508945,511487,511577,90,2542
508945,511502,511577,75,2557
508945,511538,511577,39,2593
508945,511532,511577,45,2587
508945,511487,511577,90,2542
508945,511535,511578,43,2590
508945,511533,511578,45,2588
508945,511531,511578,47,2586
508945,511538,511580,42,2593
508945,511531,511580,49,2586
508945,511489,511582,93,2544
508945,511548,511581,33,2603
508945,511543,511582,39,2598
508945,511488,511583,95,2543
508945,511487,511583,96,2542
508945,511531,511583,52,2586
508945,511537,511583,46,2592
508945,511487,511584,97,2542
508945,511490,511584,94,2545
508945,511553,511584,31,2608
508945,511492,511584,92,2547
508945,511490,511584,94,2545
508945,511528,511585,57,2583
508945,511548,511585,37,2603
508945,511548,511588,40,2603
508945,511547,511588,41,2602
508945,511544,511589,45,2599
508945,511554,511589,35,2609
508945,511543,511590,47,2598
508945,511551,511591,40,2606
508945,511494,511592,98,2549
508945,511491,511592,101,2546
509059,511572,511592,20,2513
508945,511553,511592,39,2608
508945,511552,511592,40,2607
509059,511571,511592,21,2512
508945,511490,511595,105,2545
508945,511551,511596,45,2606
508945,511556,511596,40,2611
508945,511569,511596,27,2624
508945,511492,511597,105,2547
509059,511572,511598,26,2513
509059,511573,511599,26,2514
509059,511574,511598,24,2515
509059,511573,511600,27,2514
508945,511560,511600,40,2615
508945,511557,511600,43,2612
508945,511552,511601,49,2607
509059,511576,511601,25,2517
508945,511555,511602,47,2610
508945,511492,511602,110,2547
508945,511561,511603,42,2616
508945,511568,511604,36,2623
508945,511490,511603,113,2545
508945,511570,511604,34,2625
509059,511573,511605,32,2514
508945,511568,511606,38,2623
509059,511574,511605,31,2515
508945,511559,511606,47,2614
508945,511567,511606,39,2622
508945,511567,511606,39,2622
508945,511567,511606,39,2622
508945,511562,511607,45,2617
508945,511492,511608,116,2547
508945,511568,511608,40,2623
508945,511568,511609,41,2623
508945,511557,511611,54,2612
508945,511558,511610,52,2613
508945,511566,511613,47,2621
509059,511577,511614,37,2518
508945,511569,511614,45,2624
509059,511575,511615,40,2516
509059,511601,511619,18,2542
509059,511593,511619,26,2534
509059,511599,511618,19,2540
509059,511593,511620,27,2534
509059,511601,511621,20,2542
509059,511600,511621,21,2541
509059,511596,511621,25,2537
509059,511593,511622,29,2534
509059,511602,511623,21,2543
509059,511592,511623,31,2533
509059,511602,511621,19,2543
509059,511604,511624,20,2545
509059,511597,511624,27,2538
509059,511598,511625,27,2539
509059,511601,511624,23,2542
509059,511597,511624,27,2538
509059,511596,511624,28,2537
509059,511599,511625,26,2540
509059,511603,511625,22,2544
509059,511577,511625,48,2518
509059,511577,511625,48,2518
509059,511592,511627,35,2533
509059,511604,511627,23,2545
509059,511592,511627,35,2533
509059,511578,511627,49,2519
509059,511596,511629,33,2537
509059,511602,511629,27,2543
509059,511605,511629,24,2546
509059,511607,511631,24,2548
509059,511592,511633,41,2533
509059,511606,511634,28,2547
509059,511607,511635,28,2548
509059,511611,511640,29,2552
509059,511611,511642,31,2552
509059,511607,511644,37,2548
509059,511610,511644,34,2551
509059,511609,511645,36,2550
509059,511590,511647,57,2531
509059,511590,511648,58,2531
509059,511606,511649,43,2547
508295,510873,511649,776,2578
509059,511586,511651,65,2527
509059,511623,511652,29,2564
509059,511614,511653,39,2555
509059,511608,511653,45,2549
509059,511578,511654,76,2519
509059,511588,511655,67,2529
509059,511589,511656,67,2530
509059,511624,511656,32,2565
509059,511629,511657,28,2570
509059,511625,511656,31,2566
509059,511622,511658,36,2563
509059,511628,511661,33,2569
509059,511625,511661,36,2566
509059,511622,511662,40,2563
509059,511625,511662,37,2566
509059,511627,511662,35,2568
509059,511624,511664,40,2565
509059,511621,511664,43,2562
509059,511624,511665,41,2565
509059,511625,511665,40,2566
509059,511606,511665,59,2547
509059,511627,511665,38,2568
509059,511619,511666,47,2560
509059,511624,511665,41,2565
509059,511626,511665,39,2567
509059,511626,511666,40,2567
509059,511585,511666,81,2526
509059,511625,511666,41,2566
509059,511625,511666,41,2566
509059,511624,511667,43,2565
509059,511620,511667,47,2561
509059,511619,511667,48,2560
509059,511626,511668,42,2567
509059,511616,511668,52,2557
509059,511614,511668,54,2555
509059,511582,511668,86,2523
509059,511582,511669,87,2523
509059,511625,511669,44,2566
509059,511579,511669,90,2520
509059,511630,511670,40,2571
509059,511619,511670,51,2560
509059,511590,511672,82,2531
509059,511627,511672,45,2568
509059,511615,511673,58,2556
509059,511579,511675,96,2520
509059,511634,511675,41,2575
509059,511578,511675,97,2519
509059,511585,511676,91,2526
509059,511635,511676,41,2576
509059,511583,511677,94,2524
509059,511584,511677,93,2525
509059,511581,511678,97,2522
509059,511580,511678,98,2521
509059,511640,511679,39,2581
509059,511631,511680,49,2572
509059,511583,511680,97,2524
509059,511645,511682,37,2586
509059,511635,511683,48,2576
509059,511585,511683,98,2526
509059,511585,511684,99,2526
509059,511583,511683,100,2524
509059,511645,511684,39,2586
509059,511584,511685,101,2525
509059,511631,511686,55,2572
509059,511645,511686,41,2586
509059,511642,511687,45,2583
509059,511649,511686,37,2590
509059,511584,511687,103,2525
509139,511666,511690,24,2527
509139,511665,511690,25,2526
509139,511666,511690,24,2527
509059,511585,511691,106,2526
509139,511666,511692,26,2527
509059,511654,511692,38,2595
509059,511659,511694,35,2600
509139,511666,511695,29,2527
509059,511648,511696,48,2589
509059,511661,511696,35,2602
509059,511662,511697,35,2603
509059,511648,511697,49,2589
509139,511666,511698,32,2527
509059,511663,511698,35,2604
509139,511667,511699,32,2528
509059,511654,511699,45,2595
509059,511650,511700,50,2591
509139,511666,511700,34,2527
509059,511652,511701,49,2593
509139,511667,511700,33,2528
509059,511664,511701,37,2605
509059,511657,511701,44,2598
509059,511662,511702,40,2603
509059,511657,511703,46,2598
509059,511651,511703,52,2592
509139,511666,511703,37,2527
509059,511657,511704,47,2598
509139,511667,511704,37,2528
509059,511657,511706,49,2598
509059,511663,511705,42,2604
509059,511656,511706,50,2597
509059,511654,511707,53,2595
509139,511684,511709,25,2545
509139,511685,511712,27,2546
509139,511668,511714,46,2529
509139,511686,511715,29,2547
509139,511692,511714,22,2553
509139,511687,511715,28,2548
509139,511692,511715,23,2553
509139,511684,511715,31,2545
509139,511695,511715,20,2556
509139,511667,511715,48,2528
509139,511687,511715,28,2548
509139,511692,511716,24,2553
509139,511698,511715,17,2559
509139,511686,511716,30,2547
509139,511696,511716,20,2557
509139,511685,511717,32,2546
509139,511696,511718,22,2557
509139,511695,511719,24,2556
509139,511691,511719,28,2552
509139,511698,511719,21,2559
509139,511687,511721,34,2548
509139,511690,511722,32,2551
509139,511684,511723,39,2545
509139,511691,511725,34,2552
509139,511684,511725,41,2545
509139,511698,511726,28,2559
509139,511699,511726,27,2560
509139,511699,511730,31,2560
509139,511702,511731,29,2563
509139,511704,511734,30,2565
508337,510962,511734,772,2625
509139,511704,511735,31,2565
509139,511668,511736,68,2529
509139,511703,511736,33,2564
509139,511703,511738,35,2564
509139,511682,511739,57,2543
509139,511702,511742,40,2563
509139,511705,511744,39,2566
509139,511704,511744,40,2565
509139,511723,511745,22,2584
509139,511701,511746,45,2562
509139,511700,511746,46,2561
509139,511719,511747,28,2580
509139,511709,511749,40,2570
509139,511722,511750,28,2583
509139,511716,511751,35,2577
509139,511675,511754,79,2536
509139,511719,511754,35,2580
509139,511700,511754,54,2561
509139,511717,511754,37,2578
509139,511669,511756,87,2530
509139,511701,511756,55,2562
509139,511669,511756,87,2530
509139,511716,511756,40,2577
509139,511716,511757,41,2577
509139,511669,511757,88,2530
509139,511680,511758,78,2541
509139,511707,511757,50,2568
509139,511716,511758,42,2577
509139,511669,511758,89,2530
509139,511716,511758,42,2577
509139,511716,511758,42,2577
509139,511714,511759,45,2575
509139,511717,511758,41,2578
509139,511716,511759,43,2577
509139,511726,511759,33,2587
509139,511680,511759,79,2541
509139,511726,511759,33,2587
509139,511719,511760,41,2580
509139,511723,511760,37,2584
509139,511672,511760,88,2533
509139,511719,511760,41,2580
509139,511715,511762,47,2576
509139,511725,511762,37,2586
509139,511706,511762,56,2567
509139,511669,511763,94,2530
509139,511700,511763,63,2561
509139,511713,511764,51,2574
509139,511707,511764,57,2568
509139,511680,511765,85,2541
509139,511719,511765,46,2580
509139,511715,511765,50,2576
509139,511670,511766,96,2531
509139,511679,511767,88,2540
509139,511716,511767,51,2577
509139,511668,511767,99,2529
509139,511726,511768,42,2587
509139,511675,511770,95,2536
509139,511675,511770,95,2536
509139,511678,511770,92,2539
509139,511671,511771,100,2532
509139,511672,511771,99,2533
509139,511677,511772,95,2538
509139,511677,511772,95,2538
509139,511670,511773,103,2531
509139,511735,511773,38,2596
509139,511706,511774,68,2567
509139,511676,511776,100,2537
509232,511758,511776,18,2526
509139,511677,511777,100,2538
509139,511674,511778,104,2535
509139,511732,511779,47,2593
509139,511740,511780,40,2601
509139,511730,511781,51,2591
509139,511745,511782,37,2606
509139,511737,511783,46,2598
509139,511736,511783,47,2597
509232,511759,511783,24,2527
509232,511759,511784,25,2527
509139,511742,511784,42,2603
509139,511737,511784,47,2598
509139,511739,511787,48,2600
509139,511749,511788,39,2610
509232,511758,511788,30,2526
509139,511735,511789,54,2596
509232,511759,511788,29,2527
509139,511755,511789,34,2616
509232,511758,511790,32,2526
509139,511746,511789,43,2607
509139,511745,511791,46,2606
509232,511759,511790,31,2527
509139,511758,511790,32,2619
509139,511748,511790,42,2609
509232,511760,511791,31,2528
509139,511755,511791,36,2616
509139,511747,511791,44,2608
509139,511751,511793,42,2612
509139,511747,511794,47,2608
509232,511760,511793,33,2528
509139,511756,511794,38,2617
509139,511757,511794,37,2618
509139,511758,511795,37,2619
509232,511761,511796,35,2529
509139,511752,511797,45,2613
509139,511756,511797,41,2617
509139,511756,511798,42,2617
509139,511758,511799,41,2619
509139,511755,511800,45,2616
509139,511756,511800,44,2617
509232,511760,511801,41,2528
509139,511754,511803,49,2615
509232,511760,511802,42,2528
509232,511779,511808,29,2547
509232,511785,511808,23,2553
509232,511789,511809,20,2557
509232,511789,511809,20,2557
509232,511789,511810,21,2557
509232,511790,511810,20,2558
509232,511782,511811,29,2550
509232,511783,511811,28,2551
509232,511777,511812,35,2545
509232,511790,511813,23,2558
509232,511785,511814,29,2553
509232,511780,511814,34,2548
509232,511789,511814,25,2557
509232,511779,511814,35,2547
509232,511776,511816,40,2544
509232,511785,511817,32,2553
509232,511791,511817,26,2559
509232,511783,511819,36,2551
509232,511761,511819,58,2529
509232,511785,511819,34,2553
509232,511791,511819,28,2559
509232,511791,511820,29,2559
509232,511783,511820,37,2551
508425,511055,511821,766,2630
509232,511788,511823,35,2556
509232,511791,511822,31,2559
509232,511762,511823,61,2530
509232,511788,511823,35,2556
509232,511795,511826,31,2563
509232,511794,511828,34,2562
509232,511791,511829,38,2559
509232,511776,511830,54,2544
509232,511793,511834,41,2561
509232,511794,511834,40,2562
509232,511792,511837,45,2560
509232,511812,511838,26,2580
509232,511795,511837,42,2563
509232,511792,511838,46,2560
509232,511775,511843,68,2543
509232,511814,511844,30,2582
509232,511763,511845,82,2531
509232,511796,511846,50,2564
509232,511797,511846,49,2565
509232,511815,511847,32,2583
509232,511814,511848,34,2582
509232,511804,511848,44,2572
509232,511820,511848,28,2588
509232,511816,511849,33,2584
509232,511817,511850,33,2585
509232,511798,511850,52,2566
509232,511820,511850,30,2588
509232,511815,511850,35,2583
509232,511820,511852,32,2588
509232,511808,511851,43,2576
509232,511817,511851,34,2585
509232,511811,511852,41,2579
509232,511763,511852,89,2531
509232,511764,511853,89,2532
509232,511821,511853,32,2589
509232,511811,511853,42,2579
509232,511765,511854,89,2533
509232,511767,511854,87,2535
509232,511800,511854,54,2568
509232,511797,511855,58,2565
509232,511808,511855,47,2576
509232,511763,511856,93,2531
509232,511819,511856,37,2587
509232,511807,511856,49,2575
509232,511811,511857,46,2579
509232,511799,511857,58,2567
509232,511820,511857,37,2588
509232,511764,511858,94,2532
509232,511822,511858,36,2590
509232,511769,511860,91,2537
509232,511823,511860,37,2591
509232,511766,511860,94,2534
509232,511810,511860,50,2578
509232,511766,511861,95,2534
509232,511773,511860,87,2541
509232,511771,511861,90,2539
509232,511811,511862,51,2579
509232,511824,511863,39,2592
509232,511809,511863,54,2577
509232,511768,511863,95,2536
509232,511765,511863,98,2533
509232,511823,511864,41,2591
509232,511807,511867,60,2575
509232,511773,511867,94,2541
509232,511818,511867,49,2586
509232,511801,511867,66,2569
509232,511829,511868,39,2597
509232,511830,511867,37,2598
509232,511824,511869,45,2592
509232,511768,511869,101,2536
509232,511771,511869,98,2539
509232,511773,511869,96,2541
509306,511853,511871,18,2547
509232,511771,511871,100,2539
509232,511827,511872,45,2595
509232,511772,511872,100,2540
509306,511854,511874,20,2548
509306,511854,511875,21,2548
509232,511773,511875,102,2541
509232,511830,511876,46,2598
509306,511855,511876,21,2549
509306,511854,511877,23,2548
509232,511772,511877,105,2540
509232,511766,511878,112,2534
509306,511855,511879,24,2549
509232,511853,511881,28,2621
509306,511855,511882,27,2549
509232,511834,511882,48,2602
509232,511852,511884,32,2620
509232,511835,511884,49,2603
509232,511846,511885,39,2614
509232,511802,511885,83,2570
509232,511846,511886,40,2614
509232,511846,511886,40,2614
509232,511853,511886,33,2621
509232,511839,511886,47,2607
509232,511852,511887,35,2620
509232,511838,511887,49,2606
509232,511838,511888,50,2606
509306,511856,511888,32,2550
509232,511848,511889,41,2616
509232,511850,511889,39,2618
509232,511838,511889,51,2606
509232,511843,511890,47,2611
509306,511857,511890,33,2551
509232,511850,511891,41,2618
509232,511851,511891,40,2619
509306,511857,511892,35,2551
509232,511851,511892,41,2619
509232,511849,511893,44,2617
509232,511849,511893,44,2617
509232,511851,511894,43,2619
509306,511857,511895,38,2551
509232,511852,511897,45,2620
509232,511844,511898,54,2612
509306,511857,511902,45,2551
509306,511885,511905,20,2579
509306,511858,511905,47,2552
509306,511873,511906,33,2567
509306,511886,511905,19,2580
509306,511876,511906,30,2570
509306,511874,511907,33,2568
509306,511885,511903,18,2579
509306,511876,511908,32,2570
508518,511137,511908,771,2619
509306,511877,511909,32,2571
509306,511885,511909,24,2579
509306,511872,511910,38,2566
509232,511848,511910,62,2616
509306,511878,511910,32,2572
509306,511887,511911,24,2581
509306,511886,511911,25,2580
509306,511880,511912,32,2574
509306,511882,511912,30,2576
509306,511881,511914,33,2575
509306,511891,511914,23,2585
509306,511879,511913,34,2573
509306,511885,511914,29,2579
509306,511891,511914,23,2585
509306,511877,511914,37,2571
509306,511872,511916,44,2566
509306,511887,511916,29,2581
509306,511878,511915,37,2572
509306,511891,511916,25,2585
509306,511882,511918,36,2576
509306,511872,511918,46,2566
509306,511889,511922,33,2583
509306,511895,511921,26,2589
509306,511890,511925,35,2584
509306,511892,511926,34,2586
509306,511888,511927,39,2582
509306,511889,511927,38,2583
509306,511870,511928,58,2564
509306,511890,511932,42,2584
509306,511888,511934,46,2582
509306,511907,511935,28,2601
509306,511859,511935,76,2553
509306,511888,511935,47,2582
509306,511893,511935,42,2587
509306,511894,511936,42,2588
509306,511911,511937,26,2605
509306,511912,511938,26,2606
509306,511898,511938,40,2592
509306,511909,511940,31,2603
509306,511914,511940,26,2608
509306,511907,511940,33,2601
509306,511907,511941,34,2601
509306,511909,511942,33,2603
509306,511908,511941,33,2602
509306,511912,511943,31,2606
509306,511912,511943,31,2606
509306,511909,511944,35,2603
509306,511911,511943,32,2605
509306,511896,511944,48,2590
509306,511868,511945,77,2562
509306,511893,511946,53,2587
509306,511914,511946,32,2608
509306,511911,511946,35,2605
509306,511893,511947,54,2587
509306,511914,511947,33,2608
509306,511913,511947,34,2607
509306,511914,511947,33,2608
509306,511861,511948,87,2555
509306,511861,511950,89,2555
509306,511861,511949,88,2555
509306,511859,511950,91,2553
509306,511906,511950,44,2600
509306,511864,511953,89,2558
509306,511864,511953,89,2558
509306,511914,511953,39,2608
509306,511863,511954,91,2557
509306,511919,511955,36,2613
509306,511862,511955,93,2556
509306,511864,511955,91,2558
509306,511916,511956,40,2610
509306,511861,511956,95,2555
509306,511915,511957,42,2609
509306,511906,511958,52,2600
509306,511916,511958,42,2610
509306,511906,511959,53,2600
509306,511860,511959,99,2554
509306,511925,511959,34,2619
509306,511919,511959,40,2613
509306,511922,511960,38,2616
509306,511861,511961,100,2555
509306,511916,511961,45,2610
509306,511906,511962,56,2600
509306,511864,511965,101,2558
509306,511870,511965,95,2564
509306,511870,511965,95,2564
509388,511947,511966,19,2559
509306,511868,511968,100,2562
509306,511922,511968,46,2616
509388,511947,511968,21,2559
509306,511929,511969,40,2623
509306,511916,511969,53,2610
509306,511907,511969,62,2601
509306,511867,511971,104,2561
509306,511945,511971,26,2639
509306,511863,511972,109,2557
509388,511947,511972,25,2559
509388,511947,511972,25,2559
509306,511867,511973,106,2561
509306,511928,511974,46,2622
509306,511932,511974,42,2626
509306,511927,511975,48,2621
509388,511947,511975,28,2559
509388,511947,511976,29,2559
509306,511935,511977,42,2629
509306,511927,511977,50,2621
509388,511948,511977,29,2560
509306,511939,511978,39,2633
509306,511868,511978,110,2562
509306,511903,511978,75,2597
509306,511944,511978,34,2638
509306,511941,511979,38,2635
509306,511941,511980,39,2635
509306,511941,511979,38,2635
509306,511869,511980,111,2563
509306,511941,511981,40,2635
509306,511944,511982,38,2638
509306,511942,511982,40,2636
509388,511947,511982,35,2559
509306,511939,511982,43,2633
509388,511950,511983,33,2562
509306,511935,511983,48,2629
509388,511950,511983,33,2562
509306,511942,511983,41,2636
509306,511936,511983,47,2630
509306,511944,511986,42,2638
509306,511868,511985,117,2562
509388,511951,511987,36,2563
509306,511935,511987,52,2629
509306,511936,511989,53,2630
509306,511943,511990,47,2637
509388,511951,511991,40,2563
509306,511936,511991,55,2630
509388,511953,511995,42,2565
509306,511938,511995,57,2632
509388,511979,511999,20,2591
509388,511978,511999,21,2590
509388,511979,512001,22,2591
508571,511221,512001,780,2650
509388,511979,512003,24,2591
509388,511972,512004,32,2584
509388,511977,512005,28,2589
509388,511978,512006,28,2590
509388,511973,512006,33,2585
509388,511972,512006,34,2584
509388,511970,512008,38,2582
509388,511983,512012,29,2595
509388,511978,512012,34,2590
509388,511974,512012,38,2586
509388,511972,512013,41,2584
509388,511983,512013,30,2595
509388,511976,512013,37,2588
509388,511980,512014,34,2592
509388,511983,512015,32,2595
509388,511976,512016,40,2588
509388,511974,512016,42,2586
509388,511975,512016,41,2587
509388,511973,512017,44,2585
509388,511980,512018,38,2592
509388,511972,512018,46,2584
509388,511970,512020,50,2582
509388,511982,512021,39,2594
509388,511984,512022,38,2596
509388,511983,512022,39,2595
509388,511969,512023,54,2581
509388,511954,512023,69,2566
509388,511969,512024,55,2581
509388,511967,512025,58,2579
509388,511984,512026,42,2596
509388,511984,512027,43,2596
509388,511988,512027,39,2600
509388,511969,512029,60,2581
509388,511980,512030,50,2592
509388,511982,512032,50,2594
509388,511990,512032,42,2602
509388,511980,512033,53,2592
509388,511991,512033,42,2603
509388,512001,512034,33,2613
509388,511987,512034,47,2599
509388,511984,512036,52,2596
509388,511966,512038,72,2578
509388,511986,512038,52,2598
509388,511995,512039,44,2607
509388,511968,512040,72,2580
509388,512001,512040,39,2613
509388,512006,512040,34,2618
509388,511999,512042,43,2611
509388,511995,512042,47,2607
509388,512005,512042,37,2617
509388,512006,512043,37,2618
509388,512007,512043,36,2619
509388,512000,512044,44,2612
509388,511992,512044,52,2604
509388,511957,512044,87,2569
509388,512009,512045,36,2621
509388,511957,512045,88,2569
509388,512012,512046,34,2624
509388,511959,512046,87,2571
509388,511960,512046,86,2572
509388,511959,512046,87,2571
509388,512013,512047,34,2625
509388,512015,512047,32,2627
509388,512014,512048,34,2626
509388,512004,512050,46,2616
509388,511955,512051,96,2567
509388,512016,512050,34,2628
509388,511955,512051,96,2567
509388,512007,512051,44,2619
509388,512014,512052,38,2626
509388,511954,512052,98,2566
509388,512015,512053,38,2627
509388,511986,512054,68,2598
509388,511965,512053,88,2577
509388,512016,512055,39,2628
509388,511992,512054,62,2604
509388,511955,512055,100,2567
509388,511961,512057,96,2573
509388,512014,512058,44,2626
509388,511957,512058,101,2569
509388,511960,512058,98,2572
509388,511966,512060,94,2578
509388,511959,512059,100,2571
509388,512013,512059,46,2625
509388,511962,512059,97,2574
509388,512018,512060,42,2630
509388,512018,512061,43,2630
509388,512025,512061,36,2637
509388,512017,512063,46,2629
509388,512023,512063,40,2635
509388,511958,512063,105,2570
509388,512020,512065,45,2632
509388,511959,512066,107,2571
509388,512023,512069,46,2635
509388,511962,512070,108,2574
509469,512044,512070,26,2575
509388,512018,512071,53,2630
509469,512045,512071,26,2576
509388,512022,512072,50,2634
508707,511305,512072,767,2598
509388,512025,512073,48,2637
509388,512023,512073,50,2635
509469,512046,512073,27,2577
509388,512022,512073,51,2634
509388,512032,512074,42,2644
509388,511962,512074,112,2574
509388,512043,512077,34,2655
509388,512032,512077,45,2644
509388,512028,512078,50,2640
509469,512047,512078,31,2578
509388,512034,512079,45,2646
509469,512045,512079,34,2576
509388,512026,512079,53,2638
509388,512034,512079,45,2646
509388,512043,512080,37,2655
509388,512044,512080,36,2656
509469,512047,512081,34,2578
509388,512027,512084,57,2639
509388,512031,512084,53,2643
509388,512034,512084,50,2646
509388,512038,512083,45,2650
509469,512047,512085,38,2578
509469,512047,512085,38,2578
509388,512041,512086,45,2653
509388,512029,512086,57,2641
509469,512047,512086,39,2578
509388,512043,512087,44,2655
509388,512037,512088,51,2649
509388,512040,512088,48,2652
509388,512039,512088,49,2651
509388,512043,512089,46,2655
509469,512048,512088,40,2579
509388,512041,512090,49,2653
509469,512048,512090,42,2579
509388,512041,512093,52,2653
509469,512051,512095,44,2582
509469,512079,512097,18,2610
509469,512079,512101,22,2610
509469,512078,512102,24,2609
509469,512079,512102,23,2610
509469,512051,512104,53,2582
509388,512035,512106,71,2647
509469,512051,512110,59,2582
509469,512081,512112,31,2612
509469,512077,512113,36,2608
509469,512063,512114,51,2594
509469,512077,512114,37,2608
509469,512070,512114,44,2601
509469,512073,512115,42,2604
509469,512084,512115,31,2615
509469,512064,512116,52,2595
509469,512075,512116,41,2606
509469,512075,512116,41,2606
509469,512062,512117,55,2593
509469,512073,512117,44,2604
509469,512085,512117,32,2616
509469,512071,512118,47,2602
509469,512072,512119,47,2603
509469,512084,512120,36,2615
509469,512073,512120,47,2604
509469,512074,512120,46,2605
509469,512084,512120,36,2615
509469,512070,512120,50,2601
509469,512080,512120,40,2611
509469,512086,512121,35,2617
509469,512074,512121,47,2605
509469,512086,512121,35,2617
509469,512081,512124,43,2612
509469,512087,512123,36,2618
509469,512070,512124,54,2601
509469,512081,512124,43,2612
509469,512064,512125,61,2595
509469,512067,512125,58,2598
509469,512080,512127,47,2611
509469,512089,512127,38,2620
509469,512091,512128,37,2622
509469,512066,512128,62,2597
509469,512060,512131,71,2591
509469,512087,512132,45,2618
509469,512089,512133,44,2620
509469,512089,512134,45,2620
509469,512073,512136,63,2604
509469,512062,512136,74,2593
509469,512061,512139,78,2592
509469,512102,512142,40,2633
509469,512097,512143,46,2628
509469,512096,512144,48,2627
509469,512106,512146,40,2637
509469,512052,512146,94,2583
509469,512091,512147,56,2622
509469,512098,512147,49,2629
509469,512055,512148,93,2586
509469,512088,512150,62,2619
509469,512115,512151,36,2646
509469,512101,512151,50,2632
509469,512052,512151,99,2583
509469,512088,512152,64,2619
509469,512102,512152,50,2633
509469,512105,512151,46,2636
509469,512055,512152,97,2586
509469,512060,512153,93,2591
509469,512115,512153,38,2646
509469,512053,512154,101,2584
509469,512115,512154,39,2646
509469,512118,512154,36,2649
509469,512094,512155,61,2625
509469,512117,512155,38,2648
509469,512112,512155,43,2643
509469,512054,512156,102,2585
509469,512111,512156,45,2642
509469,512058,512156,98,2589
509469,512118,512156,38,2649
509469,512059,512156,97,2590
509469,512053,512157,104,2584
509469,512117,512158,41,2648
509469,512055,512158,103,2586
509469,512058,512159,101,2589
509469,512114,512159,45,2645
509469,512115,512159,44,2646
509469,512117,512160,43,2648
509469,512116,512160,44,2647
509469,512054,512161,107,2585
509469,512059,512161,102,2590
509469,512118,512162,44,2649
509469,512119,512164,45,2650
509469,512120,512164,44,2651
509469,512088,512164,76,2619
509469,512124,512166,42,2655
509469,512120,512166,46,2651
509469,512124,512169,45,2655
509469,512120,512169,49,2651
509469,512060,512170,110,2591
509469,512121,512170,49,2652
509469,512121,512172,51,2652
509469,512053,512172,119,2584
509469,512121,512172,51,2652
508755,511389,512172,783,2634
509469,512121,512172,51,2652
509469,512127,512175,48,2658
509469,512121,512177,56,2652
509469,512124,512177,53,2655
509469,512122,512178,56,2653
509469,512125,512178,53,2656
509538,512151,512179,28,2613
509469,512124,512180,56,2655
509469,512128,512180,52,2659
509469,512133,512181,48,2664
509469,512148,512181,33,2679
509538,512152,512181,29,2614
509469,512060,512181,121,2591
509469,512135,512183,48,2666
509469,512137,512184,47,2668
509469,512119,512184,65,2650
509469,512132,512185,53,2663
509469,512143,512185,42,2674
509469,512147,512188,41,2678
509469,512128,512189,61,2659
509538,512154,512188,34,2616
509538,512152,512188,36,2614
509538,512152,512189,37,2614
509538,512152,512190,38,2614
509469,512134,512189,55,2665
509469,512148,512189,41,2679
509469,512145,512190,45,2676
509469,512140,512191,51,2671
509538,512156,512192,36,2618
509538,512153,512191,38,2615
509538,512154,512192,38,2616
509538,512155,512192,37,2617
509469,512147,512193,46,2678
509469,512151,512193,42,2682
509469,512148,512194,46,2679
509469,512128,512194,66,2659
509538,512154,512195,41,2616
509538,512154,512194,40,2616
509469,512143,512196,53,2674
509469,512136,512199,63,2667
509469,512126,512201,75,2657
509538,512156,512205,49,2618
509538,512185,512209,24,2647
509538,512184,512209,25,2646
509538,512167,512209,42,2629
509538,512184,512209,25,2646
509538,512182,512211,29,2644
509538,512189,512216,27,2651
509538,512189,512218,29,2651
509538,512188,512218,30,2650
509538,512182,512218,36,2644
509538,512182,512218,36,2644
509538,512190,512219,29,2652
509538,512171,512220,49,2633
509538,512186,512221,35,2648
509538,512190,512221,31,2652
509538,512177,512222,45,2639
509538,512190,512223,33,2652
509538,512181,512223,42,2643
509538,512173,512224,51,2635
509538,512189,512224,35,2651
509538,512190,512224,34,2652
509538,512171,512225,54,2633
509538,512156,512225,69,2618
509538,512186,512225,39,2648
509538,512173,512225,52,2635
509538,512191,512225,34,2653
509538,512169,512227,58,2631
509538,512174,512227,53,2636
509538,512169,512228,59,2631
509538,512166,512229,63,2628
509538,512178,512228,50,2640
509538,512180,512230,50,2642
509538,512177,512230,53,2639
509538,512181,512231,50,2643
509538,512194,512232,38,2656
509538,512164,512234,70,2626
509538,512192,512234,42,2654
509538,512165,512235,70,2627
509538,512172,512235,63,2634
509538,512179,512236,57,2641
509538,512192,512236,44,2654
509538,512176,512236,60,2638
509538,512194,512236,42,2656
509538,512180,512237,57,2642
509538,512195,512238,43,2657
509538,512191,512239,48,2653
509538,512202,512239,37,2664
509538,512172,512240,68,2634
509538,512192,512243,51,2654
509538,512200,512244,44,2662
509538,512164,512245,81,2626
509538,512195,512245,50,2657
509538,512156,512246,90,2618
509538,512209,512247,38,2671
509538,512196,512249,53,2658
509538,512210,512249,39,2672
509538,512212,512249,37,2674
509538,512156,512251,95,2618
508848,511480,512250,770,2632
509538,512221,512251,30,2683
509538,512193,512251,58,2655
509538,512192,512251,59,2654
509538,512193,512255,62,2655
509538,512158,512255,97,2620
509538,512222,512255,33,2684
509538,512159,512256,97,2621
509538,512217,512255,38,2679
509538,512161,512256,95,2623
509538,512206,512256,50,2668
509538,512209,512257,48,2671
509538,512220,512257,37,2682
509538,512218,512259,41,2680
509538,512219,512259,40,2681
509538,512159,512260,101,2621
509538,512157,512260,103,2619
509538,512219,512260,41,2681
509538,512157,512262,105,2619
509538,512210,512261,51,2672
509538,512219,512262,43,2681
509538,512224,512262,38,2686
509538,512160,512264,104,2622
509538,512162,512265,103,2624
509538,512161,512265,104,2623
509538,512219,512265,46,2681
509538,512160,512265,105,2622
509538,512161,512266,105,2623
509538,512163,512266,103,2625
509538,512159,512268,109,2621
509538,512229,512269,40,2691
509538,512227,512269,42,2689
509538,512157,512269,112,2619
509538,512222,512270,48,2684
509538,512223,512270,47,2685
509538,512229,512271,42,2691
509538,512224,512274,50,2686
509538,512228,512276,48,2690
509538,512226,512276,50,2688
509625,512251,512276,25,2626
509538,512228,512277,49,2690
509538,512225,512277,52,2687
509538,512225,512278,53,2687
509538,512230,512279,49,2692
509538,512246,512280,34,2708
509538,512225,512280,55,2687
509538,512226,512281,55,2688
509625,512251,512281,30,2626
509625,512251,512281,30,2626
509538,512226,512281,55,2688
509538,512231,512283,52,2693
509538,512225,512283,58,2687
509538,512230,512286,56,2692
509538,512235,512287,52,2697
509538,512240,512288,48,2702
509538,512236,512287,51,2698
509538,512234,512290,56,2696
509625,512252,512289,37,2627
509538,512248,512289,41,2710
509538,512240,512290,50,2702
509538,512239,512291,52,2701
509538,512245,512292,47,2707
509538,512233,512293,60,2695
509538,512240,512292,52,2702
509538,512237,512293,56,2699
509625,512256,512294,38,2631
509625,512256,512294,38,2631
509538,512247,512295,48,2709
509538,512249,512296,47,2711
509538,512236,512298,62,2698
509538,512235,512299,64,2697
509538,512245,512300,55,2707
509538,512249,512300,51,2711
509625,512256,512301,45,2631
509538,512244,512302,58,2706
509538,512237,512301,64,2699
509625,512252,512302,50,2627
509625,512256,512303,47,2631
509538,512235,512293,58,2697
509538,512238,512291,53,2700
509625,512257,512308,51,2632
509625,512256,512310,54,2631
509625,512290,512315,25,2665
509625,512271,512316,45,2646
509625,512257,512317,60,2632
509625,512271,512317,46,2646
509625,512257,512318,61,2632
509625,512293,512319,26,2668
509625,512269,512320,51,2644
509625,512292,512320,28,2667
509625,512290,512320,30,2665
509625,512293,512321,28,2668
509625,512293,512321,28,2668
509625,512288,512322,34,2663
509625,512291,512323,32,2666
509625,512258,512324,66,2633
509625,512293,512324,31,2668
509625,512287,512324,37,2662
509625,512277,512325,48,2652
509625,512295,512326,31,2670
509625,512277,512326,49,2652
509625,512272,512327,55,2647
509625,512280,512327,47,2655
509625,512294,512329,35,2669
509625,512270,512329,59,2645
509625,512267,512330,63,2642
509625,512283,512330,47,2658
509625,512282,512331,49,2657
509625,512283,512331,48,2658
509625,512290,512331,41,2665
509625,512304,512332,28,2679
509625,512269,512334,65,2644
509625,512275,512334,59,2650
509625,512297,512336,39,2672
509625,512281,512336,55,2656
509625,512287,512336,49,2662
509625,512282,512337,55,2657
509625,512280,512336,56,2655
509625,512278,512338,60,2653
509625,512270,512339,69,2645
509625,512303,512339,36,2678
509625,512278,512339,61,2653
509625,512282,512340,58,2657
509625,512296,512340,44,2671
509625,512282,512340,58,2657
509625,512304,512344,40,2679
509625,512299,512345,46,2674
509625,512260,512346,86,2635
509625,512301,512349,48,2676
508948,511570,512352,782,2622
509625,512277,512352,75,2652
509625,512267,512354,87,2642
509625,512316,512355,39,2691
509625,512308,512355,47,2683
509625,512304,512355,51,2679
509625,512300,512357,57,2675
509625,512320,512357,37,2695
509625,512261,512357,96,2636
509625,512302,512357,55,2677
509625,512302,512358,56,2677
509625,512299,512359,60,2674
509625,512317,512360,43,2692
509625,512302,512360,58,2677
509625,512261,512360,99,2636
509625,512263,512360,97,2638
509625,512321,512360,39,2696
509625,512325,512362,37,2700
509625,512311,512362,51,2686
509625,512278,512363,85,2653
509625,512320,512363,43,2695
509625,512320,512364,44,2695
509625,512325,512366,41,2700
509625,512318,512367,49,2693
509625,512324,512367,43,2699
509625,512265,512368,103,2640
509625,512323,512368,45,2698
509625,512260,512368,108,2635
509625,512319,512368,49,2694
509625,512317,512370,53,2692
509625,512265,512371,106,2640
509625,512319,512370,51,2694
509625,512262,512370,108,2637
509625,512261,512372,111,2636
509625,512265,512373,108,2640
509625,512265,512373,108,2640
509625,512322,512374,52,2697
509625,512328,512376,48,2703
509625,512262,512377,115,2637
509625,512323,512377,54,2698
509625,512266,512378,112,2641
509625,512336,512380,44,2711
509625,512325,512380,55,2700
509625,512262,512381,119,2637
509625,512302,512381,79,2677
509625,512326,512381,55,2701
509625,512326,512383,57,2701
509700,512361,512384,23,2661
509625,512327,512385,58,2702
509625,512334,512387,53,2709
509625,512332,512387,55,2707
509625,512335,512386,51,2710
509700,512361,512388,27,2661
509625,512331,512389,58,2706
509700,512363,512389,26,2663
509700,512360,512390,30,2660
509700,512363,512390,27,2663
509625,512329,512390,61,2704
509625,512336,512391,55,2711
509625,512330,512390,60,2705
509625,512332,512391,59,2707
509625,512337,512391,54,2712
509625,512331,512391,60,2706
509700,512361,512391,30,2661
509700,512361,512392,31,2661
509625,512338,512398,60,2713
509625,512340,512397,57,2715
509625,512330,512399,69,2705
509625,512332,512399,67,2707
509625,512338,512400,62,2713
509700,512361,512400,39,2661
509625,512340,512402,62,2715
509700,512363,512402,39,2663
509625,512352,512402,50,2727
509625,512358,512403,45,2733
509625,512347,512404,57,2722
509625,512337,512404,67,2712
509625,512355,512404,49,2730
509700,512364,512404,40,2664
509700,512367,512405,38,2667
509625,512339,512405,66,2714
509625,512340,512405,65,2715
509625,512340,512406,66,2715
509625,512356,512407,51,2731
509625,512358,512407,49,2733
509625,512339,512407,68,2714
509625,512358,512408,50,2733
509625,512352,512408,56,2727
509700,512364,512409,45,2664
509625,512346,512410,64,2721
509625,512345,512412,67,2720
509625,512358,512414,56,2733
509625,512356,512414,58,2731
509625,512355,512418,63,2730
509625,512350,512420,70,2725
509700,512368,512420,52,2668
509700,512382,512423,41,2682
509700,512403,512426,23,2703
509700,512391,512427,36,2691
509700,512403,512429,26,2703
509700,512405,512429,24,2705
509700,512405,512428,23,2705
509700,512403,512430,27,2703
509700,512381,512430,49,2681
509700,512384,512431,47,2684
509700,512403,512431,28,2703
509700,512405,512432,27,2705
509700,512401,512432,31,2701
509700,512400,512433,33,2700
509700,512368,512434,66,2668
509700,512400,512434,34,2700
509700,512404,512434,30,2704
509700,512385,512435,50,2685
509700,512379,512436,57,2679
509700,512400,512437,37,2700
509700,512391,512437,46,2691
509700,512387,512437,50,2687
509700,512381,512437,56,2681
509700,512384,512438,54,2684
509700,512391,512438,47,2691
509700,512381,512439,58,2681
509700,512398,512439,41,2698
509700,512392,512439,47,2692
509700,512406,512440,34,2706
509700,512393,512440,47,2693
509062,511665,512440,775,2603
509700,512406,512441,35,2706
509700,512392,512442,50,2692
509700,512390,512441,51,2690
509700,512390,512442,52,2690
509700,512407,512443,36,2707
509700,512418,512443,25,2718
509700,512398,512445,47,2698
509700,512412,512445,33,2712
509700,512390,512445,55,2690
509700,512391,512447,56,2691
509700,512391,512447,56,2691
509700,512406,512448,42,2706
509700,512381,512448,67,2681
509700,512408,512449,41,2708
509700,512410,512449,39,2710
509700,512415,512450,35,2715
509700,512387,512450,63,2687
509700,512407,512452,45,2707
509700,512410,512453,43,2710
509700,512387,512454,67,2687
509700,512414,512455,41,2714
509700,512407,512456,49,2707
509700,512420,512456,36,2720
509700,512409,512457,48,2709
509700,512378,512458,80,2678
509700,512408,512462,54,2708
509700,512429,512462,33,2729
509700,512368,512463,95,2668
509700,512429,512464,35,2729
509700,512371,512464,93,2671
509700,512426,512465,39,2726
509700,512424,512466,42,2724
509700,512431,512467,36,2731
509700,512421,512467,46,2721
509700,512431,512467,36,2731
509700,512369,512468,99,2669
509700,512428,512468,40,2728
509700,512433,512470,37,2733
509700,512369,512471,102,2669
509700,512433,512471,38,2733
509700,512433,512473,40,2733
509700,512371,512473,102,2671
509700,512429,512475,46,2729
509700,512368,512475,107,2668
509700,512431,512475,44,2731
509700,512389,512476,87,2689
509700,512389,512477,88,2689
509700,512372,512478,106,2672
509700,512376,512480,104,2676
509700,512432,512480,48,2732
509700,512440,512480,40,2740
509700,512434,512481,47,2734
509700,512377,512481,104,2677
509700,512371,512482,111,2671
509700,512439,512482,43,2739
509700,512435,512484,49,2735
509700,512373,512486,113,2673
509700,512441,512486,45,2741
509700,512438,512488,50,2738
509764,512465,512489,24,2701
509700,512438,512490,52,2738
509700,512371,512489,118,2671
509700,512451,512490,39,2751
509700,512441,512489,48,2741
509700,512374,512489,115,2674
509700,512440,512490,50,2740
509700,512442,512490,48,2742
509700,512436,512490,54,2736
509764,512464,512491,27,2700
509700,512443,512491,48,2743
509700,512439,512492,53,2739
509764,512463,512492,29,2699
509700,512437,512491,54,2737
509700,512434,512492,58,2734
509700,512453,512493,40,2753
509764,512466,512494,28,2702
509700,512441,512495,54,2741
509700,512443,512495,52,2743
509700,512373,512495,122,2673
509700,512442,512496,54,2742
509700,512440,512496,56,2740
509700,512436,512497,61,2736
509700,512457,512496,39,2757
509764,512467,512496,29,2703
509700,512448,512497,49,2748
509700,512451,512497,46,2751
509700,512456,512496,40,2756
509764,512464,512497,33,2700
509700,512437,512497,60,2737
509700,512457,512498,41,2757
509700,512455,512497,42,2755
509764,512467,512499,32,2703
509700,512439,512499,60,2739
509764,512467,512500,33,2703
509700,512459,512502,43,2759
509700,512447,512503,56,2747
509700,512448,512502,54,2748
509700,512446,512503,57,2746
509764,512468,512503,35,2704
509700,512446,512505,59,2746
509700,512449,512505,56,2749
509700,512446,512506,60,2746
509764,512469,512506,37,2705
509764,512470,512507,37,2706
509700,512449,512509,60,2749
509700,512453,512510,57,2753
509764,512469,512510,41,2705
509700,512450,512511,61,2750
509700,512443,512506,63,2743
509700,512456,512506,50,2756
509764,512498,512518,20,2734
509764,512498,512520,22,2734
509764,512497,512521,24,2733
509764,512500,512521,21,2736
509764,512497,512522,25,2733
509764,512499,512522,23,2735
509764,512497,512523,26,2733
509764,512497,512523,26,2733
509764,512498,512527,29,2734
509764,512472,512528,56,2708
509142,511758,512531,773,2616
509764,512490,512532,42,2726
509764,512500,512532,32,2736
509764,512497,512533,36,2733
509764,512490,512534,44,2726
509764,512502,512535,33,2738
509764,512495,512534,39,2731
509764,512503,512535,32,2739
509764,512494,512535,41,2730
509764,512492,512535,43,2728
509764,512503,512536,33,2739
509764,512494,512537,43,2730
509764,512495,512537,42,2731
509764,512471,512538,67,2707
509764,512497,512537,40,2733
509764,512510,512538,28,2746
509764,512503,512540,37,2739
509764,512496,512539,43,2732
509764,512517,512540,23,2753
509764,512503,512541,38,2739
509764,512492,512541,49,2728
509764,512490,512542,52,2726
509764,512485,512544,59,2721
509764,512511,512544,33,2747
509764,512490,512544,54,2726
509764,512492,512543,51,2728
509764,512490,512544,54,2726
509764,512493,512544,51,2729
509764,512490,512546,56,2726
509764,512487,512547,60,2723
509764,512505,512547,42,2741
509764,512517,512548,31,2753
509764,512497,512547,50,2733
509764,512509,512548,39,2745
509764,512496,512548,52,2732
509764,512511,512549,38,2747
509764,512506,512549,43,2742
509764,512490,512550,60,2726
509764,512489,512550,61,2725
509764,512496,512552,56,2732
509764,512489,512552,63,2725
509764,512486,512554,68,2722
509764,512518,512555,37,2754
509764,512492,512555,63,2728
509764,512507,512556,49,2743
509764,512520,512557,37,2756
509764,512517,512558,41,2753
509764,512527,512558,31,2763
509764,512491,512560,69,2727
509764,512522,512560,38,2758
509764,512474,512560,86,2710
509764,512522,512560,38,2758
509764,512507,512561,54,2743
509764,512524,512565,41,2760
509764,512533,512564,31,2769
509764,512522,512564,42,2758
509764,512523,512566,43,2759
509764,512523,512567,44,2759
509764,512491,512568,77,2727
509764,512532,512569,37,2768
509764,512533,512569,36,2769
509764,512534,512572,38,2770
509764,512529,512572,43,2765
509764,512476,512573,97,2712
509764,512534,512574,40,2770
509764,512540,512574,34,2776
509764,512477,512575,98,2713
509764,512481,512574,93,2717
509764,512538,512577,39,2774
509764,512483,512578,95,2719
509764,512536,512577,41,2772
509764,512536,512578,42,2772
509764,512536,512580,44,2772
509764,512538,512580,42,2774
509764,512477,512580,103,2713
509764,512483,512581,98,2719
509764,512535,512581,46,2771
509840,512560,512582,22,2720
509764,512555,512582,27,2791
509764,512544,512583,39,2780
509764,512535,512584,49,2771
509764,512538,512583,45,2774
509840,512560,512584,24,2720
509764,512544,512585,41,2780
509764,512541,512585,44,2777
509764,512481,512586,105,2717
509764,512540,512586,46,2776
509764,512538,512584,46,2774
509764,512541,512585,44,2777
509840,512561,512587,26,2721
509764,512482,512588,106,2718
509764,512478,512587,109,2714
509764,512482,512588,106,2718
509764,512541,512588,47,2777
509764,512542,512588,46,2778
509764,512476,512589,113,2712
509764,512474,512589,115,2710
509840,512561,512589,28,2721
509764,512476,512589,113,2712
509840,512559,512590,31,2719
509764,512544,512590,46,2780
509764,512481,512590,109,2717
509764,512557,512591,34,2793
509764,512550,512591,41,2786
509764,512549,512592,43,2785
509764,512548,512592,44,2784
509840,512565,512593,28,2725
509764,512544,512593,49,2780
509840,512561,512594,33,2721
509764,512537,512594,57,2773
509764,512550,512595,45,2786
509764,512553,512595,42,2789
509840,512565,512596,31,2725
509764,512547,512597,50,2783
509764,512545,512597,52,2781
509764,512553,512597,44,2789
509764,512556,512598,42,2792
509764,512549,512599,50,2785
509840,512565,512599,34,2725
509764,512546,512599,53,2782
509764,512550,512600,50,2786
509764,512548,512601,53,2784
509764,512549,512601,52,2785
509840,512567,512602,35,2727
509764,512557,512602,45,2793
509764,512548,512603,55,2784
509764,512535,512604,69,2771
509764,512545,512604,59,2781
509764,512556,512607,51,2792
509840,512569,512609,40,2729
509840,512568,512612,44,2728
509840,512593,512614,21,2753
509840,512594,512615,21,2754
509840,512568,512617,49,2728
509840,512593,512617,24,2753
509840,512594,512618,24,2754
509840,512598,512618,20,2758
509840,512596,512618,22,2756
509840,512595,512620,25,2755
509840,512595,512620,25,2755
509840,512595,512620,25,2755
509840,512598,512622,24,2758
509840,512570,512621,51,2730
509235,511853,512622,769,2618
509840,512585,512625,40,2745
509840,512589,512626,37,2749
509840,512590,512626,36,2750
509840,512599,512628,29,2759
509840,512598,512628,30,2758
509840,512590,512628,38,2750
509840,512589,512630,41,2749
509840,512589,512629,40,2749
509840,512591,512630,39,2751
509840,512589,512630,41,2749
509840,512582,512632,50,2742
509840,512600,512632,32,2760
509840,512593,512632,39,2753
509840,512602,512634,32,2762
509840,512588,512634,46,2748
509840,512590,512635,45,2750
509840,512586,512636,50,2746
509840,512609,512635,26,2769
509840,512604,512636,32,2764
509840,512586,512636,50,2746
509840,512599,512636,37,2759
509840,512591,512637,46,2751
509840,512613,512638,25,2773
509840,512586,512638,52,2746
509840,512601,512637,36,2761
509840,512600,512641,41,2760
509840,512589,512640,51,2749
509840,512584,512641,57,2744
509840,512591,512641,50,2751
509840,512583,512642,59,2743
509840,512602,512643,41,2762
509840,512604,512643,39,2764
509840,512587,512643,56,2747
509840,512605,512644,39,2765
509840,512584,512644,60,2744
509840,512608,512644,36,2768
509840,512591,512646,55,2751
509840,512603,512647,44,2763
509840,512615,512648,33,2775
509840,512583,512649,66,2743
509840,512602,512650,48,2762
509840,512621,512651,30,2781
509840,512588,512652,64,2748
509840,512618,512652,34,2778
509840,512583,512653,70,2743
509840,512617,512655,38,2777
509840,512618,512655,37,2778
509840,512586,512656,70,2746
509840,512621,512656,35,2781
509840,512619,512656,37,2779
509840,512623,512656,33,2783
509840,512621,512657,36,2781
509840,512616,512658,42,2776
509840,512618,512659,41,2778
509840,512625,512660,35,2785
509840,512622,512661,39,2782
509840,512581,512661,80,2741
509840,512587,512661,74,2747
509840,512622,512662,40,2782
509840,512572,512663,91,2732
509840,512627,512664,37,2787
509840,512634,512665,31,2794
509840,512577,512668,91,2737
509840,512636,512668,32,2796
509840,512633,512668,35,2793
509840,512630,512668,38,2790
509840,512636,512668,32,2796
509840,512578,512668,90,2738
509840,512631,512669,38,2791
509840,512629,512669,40,2789
509840,512627,512669,42,2787
509840,512634,512670,36,2794
509840,512633,512670,37,2793
509840,512633,512671,38,2793
509840,512630,512671,41,2790
509840,512630,512671,41,2790
509840,512587,512672,85,2747
509840,512636,512675,39,2796
509951,512654,512675,21,2703
509840,512578,512675,97,2738
509840,512638,512676,38,2798
509840,512637,512676,39,2797
509840,512636,512676,40,2796
509951,512655,512677,22,2704
509840,512573,512677,104,2733
509840,512574,512677,103,2734
509951,512655,512678,23,2704
509840,512644,512679,35,2804
509840,512582,512679,97,2742
509840,512638,512681,43,2798
509840,512637,512681,44,2797
509840,512638,512681,43,2798
509840,512578,512682,104,2738
509840,512643,512682,39,2803
509840,512629,512683,54,2789
509840,512647,512683,36,2807
509840,512647,512685,38,2807
509840,512645,512684,39,2805
509951,512657,512685,28,2706
509951,512657,512684,27,2706
509840,512575,512685,110,2735
509840,512575,512685,110,2735
509951,512657,512686,29,2706
509840,512643,512686,43,2803
509840,512649,512686,37,2809
509840,512648,512687,39,2808
509840,512653,512688,35,2813
509840,512644,512688,44,2804
509840,512641,512688,47,2801
509840,512641,512689,48,2801
509840,512573,512689,116,2733
509840,512641,512689,48,2801
509840,512651,512690,39,2811
509840,512576,512690,114,2736
509840,512638,512690,52,2798
509840,512642,512690,48,2802
509840,512641,512692,51,2801
509840,512652,512692,40,2812
509951,512659,512692,33,2708
509951,512657,512692,35,2706
509840,512629,512694,65,2789
509951,512658,512694,36,2707
509840,512580,512695,115,2740
509840,512644,512697,53,2804
509951,512660,512700,40,2709
509840,512581,512699,118,2741
509951,512657,512700,43,2706
509951,512687,512703,16,2736
509951,512661,512705,44,2710
509951,512662,512705,43,2711
509951,512687,512707,20,2736
509951,512688,512707,19,2737
509951,512689,512707,18,2738
509951,512686,512708,22,2735
509951,512690,512709,19,2739
509951,512689,512710,21,2738
509951,512689,512710,21,2738
509951,512687,512711,24,2736
509951,512690,512711,21,2739
509951,512686,512713,27,2735
509951,512662,512715,53,2711
509951,512685,512716,31,2734
509951,512690,512716,26,2739
509951,512683,512718,35,2732
509951,512683,512720,37,2732
509951,512683,512720,37,2732
509951,512692,512721,29,2741
509951,512676,512722,46,2725
509309,511946,512722,776,2637
509951,512676,512721,45,2725
509951,512701,512721,20,2750
509951,512682,512722,40,2731
509951,512685,512722,37,2734
509951,512682,512724,42,2731
509951,512691,512724,33,2740
509951,512683,512724,41,2732
509951,512677,512725,48,2726
509951,512692,512725,33,2741
509951,512693,512725,32,2742
509951,512672,512726,54,2721
509951,512680,512725,45,2729
509951,512703,512727,24,2752
509951,512672,512728,56,2721
509951,512681,512727,46,2730
509951,512693,512728,35,2742
509951,512685,512730,45,2734
509951,512692,512730,38,2741
509951,512676,512730,54,2725
509951,512677,512732,55,2726
509951,512691,512732,41,2740
509951,512696,512732,36,2745
509951,512676,512732,56,2725
509951,512676,512733,57,2725
509951,512678,512734,56,2727
509951,512672,512734,62,2721
509951,512698,512736,38,2747
509951,512706,512736,30,2755
509951,512672,512736,64,2721
509951,512700,512737,37,2749
509951,512685,512738,53,2734
509951,512686,512738,52,2735
509951,512707,512738,31,2756
509951,512700,512739,39,2749
509951,512708,512740,32,2757
509951,512706,512740,34,2755
509951,512714,512741,27,2763
509951,512695,512743,48,2744
509951,512671,512743,72,2720
509951,512668,512744,76,2717
509951,512709,512745,36,2758
509951,512710,512745,35,2759
509951,512712,512745,33,2761
509951,512671,512746,75,2720
509951,512695,512746,51,2744
509951,512707,512745,38,2756
509951,512710,512747,37,2759
509951,512679,512746,67,2728
509951,512710,512747,37,2759
509951,512712,512747,35,2761
509951,512716,512748,32,2765
509951,512679,512750,71,2728
509951,512716,512751,35,2765
509951,512679,512753,74,2728
509951,512669,512753,84,2718
509951,512664,512755,91,2713
509951,512723,512757,34,2772
509951,512724,512757,33,2773
509951,512721,512757,36,2770
509951,512716,512758,42,2765
509951,512725,512758,33,2774
509951,512669,512759,90,2718
509951,512722,512760,38,2771
509951,512725,512760,35,2774
509951,512725,512761,36,2774
509951,512727,512761,34,2776
509951,512662,512762,100,2711
509951,512723,512762,39,2772
509951,512669,512762,93,2718
509951,512719,512762,43,2768
509951,512726,512763,37,2775
509951,512722,512763,41,2771
509951,512726,512764,38,2775
509951,512722,512765,43,2771
510005,512743,512765,22,2738
509951,512728,512765,37,2777
509951,512725,512766,41,2774
509951,512669,512767,98,2718
509951,512731,512769,38,2780
509951,512722,512769,47,2771
509951,512728,512769,41,2777
509951,512720,512770,50,2769
510005,512745,512770,25,2740
510005,512746,512770,24,2741
509951,512670,512770,100,2719
509951,512728,512771,43,2777
510005,512742,512771,29,2737
510005,512746,512771,25,2741
510005,512743,512771,28,2738
509951,512739,512771,32,2788
509951,512721,512772,51,2770
509951,512730,512772,42,2779
509951,512740,512773,33,2789
509951,512668,512772,104,2717
510005,512745,512773,28,2740
509951,512726,512774,48,2775
510005,512745,512774,29,2740
510005,512747,512775,28,2742
509951,512732,512776,44,2781
509951,512733,512776,43,2782
509951,512732,512776,44,2781
509951,512733,512777,44,2782
510005,512747,512777,30,2742
509951,512738,512778,40,2787
509951,512670,512778,108,2719
509951,512736,512779,43,2785
510005,512746,512779,33,2741
509951,512666,512779,113,2715
509951,512664,512779,115,2713
509951,512741,512779,38,2790
509951,512736,512779,43,2785
509951,512730,512780,50,2779
509951,512736,512781,45,2785
509951,512738,512780,42,2787
509951,512734,512782,48,2783
509951,512737,512783,46,2786
509951,512734,512784,50,2783
509951,512670,512784,114,2719
510005,512774,512790,16,2769
510005,512747,512793,46,2742
510005,512747,512794,47,2742
510005,512773,512794,21,2768
510005,512777,512796,19,2772
510005,512778,512796,18,2773
509951,512732,512785,53,2781
510005,512775,512795,20,2770
510005,512778,512797,19,2773
510005,512777,512797,20,2772
510005,512777,512798,21,2772
510005,512776,512798,22,2771
510005,512774,512799,25,2769
510005,512773,512800,27,2768
510005,512779,512802,23,2774
510005,512771,512803,32,2766
510005,512779,512804,25,2774
510005,512779,512803,24,2774
510005,512764,512804,40,2759
510005,512770,512805,35,2765
510005,512772,512806,34,2767
510005,512773,512808,35,2768
510005,512771,512810,39,2766
510005,512748,512810,62,2743
510005,512780,512811,31,2775
510005,512780,512811,31,2775
510005,512779,512812,33,2774
510005,512770,512812,42,2765
510005,512766,512812,46,2761
510005,512780,512813,33,2775
510005,512771,512813,42,2766
510005,512767,512814,47,2762
510005,512763,512814,51,2758
510005,512781,512814,33,2776
510005,512773,512814,41,2768
510005,512781,512815,34,2776
510005,512771,512814,43,2766
510005,512766,512814,48,2761
510005,512769,512816,47,2764
510005,512780,512816,36,2775
510005,512764,512815,51,2759
510005,512761,512817,56,2756
510005,512781,512817,36,2776
510005,512771,512818,47,2766
510005,512791,512818,27,2786
510005,512765,512819,54,2760
510005,512794,512820,26,2789
510005,512766,512820,54,2761
510005,512773,512820,47,2768
509391,512044,512820,776,2653
510005,512768,512821,53,2763
510005,512784,512821,37,2779
510005,512794,512823,29,2789
510005,512763,512824,61,2758
510005,512763,512824,61,2758
510005,512795,512824,29,2790
510005,512784,512824,40,2779
510005,512762,512826,64,2757
510005,512782,512827,45,2777
510005,512797,512829,32,2792
510005,512762,512830,68,2757
510005,512797,512830,33,2792
510005,512801,512830,29,2796
510005,512796,512832,36,2791
510005,512799,512832,33,2794
510005,512760,512832,72,2755
510005,512798,512833,35,2793
510005,512802,512834,32,2797
510005,512769,512834,65,2764
510005,512797,512834,37,2792
510005,512798,512835,37,2793
510005,512798,512834,36,2793
510005,512759,512835,76,2754
510005,512758,512835,77,2753
510005,512798,512836,38,2793
510005,512797,512837,40,2792
510005,512758,512837,79,2753
510005,512804,512838,34,2799
510005,512769,512838,69,2764
510005,512748,512839,91,2743
510005,512758,512840,82,2753
510005,512759,512840,81,2754
510005,512753,512843,90,2748
510005,512804,512843,39,2799
510005,512759,512843,84,2754
510005,512815,512843,28,2810
510005,512813,512845,32,2808
510005,512811,512845,34,2806
510005,512815,512846,31,2810
510005,512814,512847,33,2809
510005,512804,512848,44,2799
510005,512754,512848,94,2749
510005,512811,512849,38,2806
510005,512761,512848,87,2756
510005,512750,512849,99,2745
510005,512814,512849,35,2809
510005,512813,512848,35,2808
510005,512811,512849,38,2806
510005,512821,512850,29,2816
510099,512830,512849,19,2731
510005,512809,512850,41,2804
510005,512810,512850,40,2805
510005,512807,512851,44,2802
510005,512813,512851,38,2808
510005,512755,512852,97,2750
510005,512820,512852,32,2815
510005,512812,512852,40,2807
510005,512825,512853,28,2820
510005,512816,512852,36,2811
510005,512818,512853,35,2813
510099,512831,512852,21,2732
510005,512815,512853,38,2810
510005,512815,512854,39,2810
510005,512821,512854,33,2816
510005,512814,512854,40,2809
510005,512806,512855,49,2801
510005,512825,512855,30,2820
510099,512831,512856,25,2732
510099,512833,512857,24,2734
510005,512805,512858,53,2800
510005,512816,512858,42,2811
510005,512752,512859,107,2747
510005,512819,512859,40,2814
510005,512816,512861,45,2811
510005,512826,512860,34,2821
510099,512830,512860,30,2731
510099,512833,512861,28,2734
510005,512823,512861,38,2818
510005,512820,512862,42,2815
510005,512818,512862,44,2813
510099,512834,512862,28,2735
510005,512815,512863,48,2810
510005,512821,512863,42,2816
510005,512824,512863,39,2819
510005,512824,512863,39,2819
510099,512833,512863,30,2734
510005,512818,512864,46,2813
510099,512833,512865,32,2734
510099,512834,512865,31,2735
510005,512817,512866,49,2812
510099,512835,512871,36,2736
510005,512820,512872,52,2815
510099,512835,512875,40,2736
510099,512856,512876,20,2757
510099,512858,512877,19,2759
510099,512861,512879,18,2762
510099,512859,512879,20,2760
510099,512859,512880,21,2760
510099,512860,512881,21,2761
510099,512855,512883,28,2756
510099,512860,512883,23,2761
510099,512835,512884,49,2736
510099,512853,512884,31,2754
510099,512862,512885,23,2763
510099,512854,512885,31,2755
510099,512861,512885,24,2762
510099,512853,512888,35,2754
510099,512855,512887,32,2756
510099,512862,512887,25,2763
510099,512849,512890,41,2750
510099,512861,512889,28,2762
510099,512853,512889,36,2754
510099,512864,512890,26,2765
510099,512855,512891,36,2756
510099,512863,512891,28,2764
510099,512850,512892,42,2751
510099,512853,512892,39,2754
510099,512863,512892,29,2764
510099,512855,512892,37,2756
510099,512863,512893,30,2764
510099,512873,512893,20,2774
510099,512835,512893,58,2736
510099,512864,512894,30,2765
510099,512854,512895,41,2755
510099,512849,512895,46,2750
510099,512853,512895,42,2754
510099,512855,512896,41,2756
510099,512864,512896,32,2765
510099,512864,512896,32,2765
510099,512865,512898,33,2766
510099,512863,512898,35,2764
510099,512849,512899,50,2750
510099,512850,512899,49,2751
510099,512853,512900,47,2754
510099,512871,512900,29,2772
510099,512849,512901,52,2750
510099,512849,512901,52,2750
510099,512876,512901,25,2777
510099,512867,512902,35,2768
510099,512866,512903,37,2767
510099,512852,512903,51,2753
510099,512849,512903,54,2750
510099,512850,512905,55,2751
510099,512849,512906,57,2750
510099,512850,512907,57,2751
510099,512866,512908,42,2767
510099,512877,512909,32,2778
510099,512881,512911,30,2782
510099,512880,512912,32,2781
510099,512846,512912,66,2747
510099,512847,512912,65,2748
510099,512848,512914,66,2749
510099,512885,512913,28,2786
510099,512885,512915,30,2786
510099,512878,512916,38,2779
510099,512888,512917,29,2789
510099,512852,512917,65,2753
510099,512881,512917,36,2782
510099,512879,512917,38,2780
510099,512885,512918,33,2786
510099,512843,512919,76,2744
510099,512893,512919,26,2794
510099,512883,512919,36,2784
510099,512885,512920,35,2786
510099,512893,512920,27,2794
509472,512151,512922,771,2679
510099,512839,512922,83,2740
510099,512838,512922,84,2739
510099,512884,512923,39,2785
510099,512894,512923,29,2795
510099,512885,512922,37,2786
510099,512888,512923,35,2789
510099,512888,512926,38,2789
510099,512895,512926,31,2796
510099,512896,512926,30,2797
510099,512896,512926,30,2797
510099,512892,512927,35,2793
510099,512844,512927,83,2745
510099,512841,512928,87,2742
510099,512892,512928,36,2793
510099,512896,512929,33,2797
510099,512840,512930,90,2741
510099,512894,512930,36,2795
510099,512851,512930,79,2752
510099,512904,512931,27,2805
510099,512892,512931,39,2793
510099,512891,512931,40,2792
510099,512838,512931,93,2739
510099,512898,512931,33,2799
510099,512843,512933,90,2744
510099,512896,512933,37,2797
510099,512894,512933,39,2795
510099,512890,512933,43,2791
510099,512895,512934,39,2796
510169,512912,512934,22,2743
510099,512890,512934,44,2791
510099,512893,512934,41,2794
510099,512896,512934,38,2797
510169,512914,512935,21,2745
510099,512846,512936,90,2747
510169,512914,512937,23,2745
510099,512908,512937,29,2809
510099,512904,512937,33,2805
510169,512916,512938,22,2747
510099,512901,512939,38,2802
510099,512899,512938,39,2800
510099,512904,512939,35,2805
510099,512898,512938,40,2799
510099,512837,512939,102,2738
510099,512899,512939,40,2800
510099,512844,512939,95,2745
510099,512901,512940,39,2802
510169,512916,512940,24,2747
510099,512902,512941,39,2803
510169,512917,512941,24,2748
510099,512908,512941,33,2809
510099,512910,512941,31,2811
510169,512918,512942,24,2749
510099,512900,512943,43,2801
510099,512836,512943,107,2737
510099,512906,512943,37,2807
510099,512836,512943,107,2737
510099,512911,512944,33,2812
510099,512906,512943,37,2807
510099,512900,512944,44,2801
510169,512917,512944,27,2748
510099,512912,512945,33,2813
510169,512918,512945,27,2749
510099,512837,512947,110,2738
510099,512890,512947,57,2791
510099,512902,512949,47,2803
510169,512918,512950,32,2749
510169,512919,512954,35,2750
510169,512940,512955,15,2771
510169,512919,512955,36,2750
510169,512940,512956,16,2771
510169,512939,512956,17,2770
510169,512941,512960,19,2772
510169,512942,512960,18,2773
510169,512942,512960,18,2773
510169,512940,512961,21,2771
510169,512942,512961,19,2773
510169,512943,512962,19,2774
510169,512941,512961,20,2772
510169,512942,512961,19,2773
510169,512938,512962,24,2769
510169,512939,512962,23,2770
510169,512935,512963,28,2766
510169,512943,512966,23,2774
510169,512943,512967,24,2774
510169,512944,512968,24,2775
510169,512935,512969,34,2766
510169,512944,512968,24,2775
510169,512939,512970,31,2770
510169,512936,512972,36,2767
510169,512956,512973,17,2787
510169,512946,512973,27,2777
510169,512946,512974,28,2777
510169,512937,512974,37,2768
510169,512945,512974,29,2776
510169,512944,512975,31,2775
510169,512939,512975,36,2770
510169,512938,512976,38,2769
510169,512936,512975,39,2767
510169,512932,512976,44,2763
510169,512933,512977,44,2764
510169,512932,512979,47,2763
510169,512956,512979,23,2787
510169,512931,512980,49,2762
510169,512933,512980,47,2764
510169,512945,512981,36,2776
510169,512949,512980,31,2780
510169,512944,512981,37,2775
510169,512930,512981,51,2761
510169,512955,512982,27,2786
510169,512939,512981,42,2770
510169,512931,512983,52,2762
510169,512963,512983,20,2794
510169,512933,512984,51,2764
510169,512948,512985,37,2779
510169,512957,512986,29,2788
510169,512920,512986,66,2751
510169,512933,512986,53,2764
510169,512957,512986,29,2788
510169,512931,512988,57,2762
510169,512951,512989,38,2782
510169,512928,512989,61,2759
510169,512931,512991,60,2762
510169,512962,512992,30,2793
510169,512960,512992,32,2791
510169,512961,512992,31,2792
510169,512947,512992,45,2778
510169,512962,512992,30,2793
510169,512930,512993,63,2761
510169,512962,512992,30,2793
510169,512935,512993,58,2766
510169,512935,512994,59,2766
510169,512962,512995,33,2793
510169,512960,512995,35,2791
510169,512934,512997,63,2765
510169,512920,512997,77,2751
510169,512961,512999,38,2792
510169,512964,512999,35,2795
510169,512961,512999,38,2792
510169,512929,513001,72,2760
510169,512974,513001,27,2805
510169,512967,513001,34,2798
510169,512971,513002,31,2802
510169,512973,513002,29,2804
510169,512969,513005,36,2800
510169,512976,513005,29,2807
510169,512966,513006,40,2797
510169,512979,513006,27,2810
510169,512975,513007,32,2806
510169,512977,513009,32,2808
510169,512973,513009,36,2804
510169,512975,513009,34,2806
510169,512975,513009,34,2806
510169,512981,513010,29,2812
510169,512969,513011,42,2800
510169,512977,513011,34,2808
510169,512926,513011,85,2757
510169,512923,513011,88,2754
510169,512981,513011,30,2812
510169,512924,513011,87,2755
510169,512923,513012,89,2754
510169,512975,513012,37,2806
510169,512976,513012,36,2807
510169,512980,513012,32,2811
510277,512993,513012,19,2716
510277,512993,513013,20,2716
510277,512995,513014,19,2718
510169,512980,513015,35,2811
510169,512927,513015,88,2758
510169,512981,513016,35,2812
510169,512986,513016,30,2817
510277,512993,513016,23,2716
510169,512972,513016,44,2803
510169,512982,513016,34,2813
510169,512923,513017,94,2754
510169,512984,513017,33,2815
510169,512987,513018,31,2818
510277,512993,513018,25,2716
510169,512987,513018,31,2818
510169,512988,513019,31,2819
510169,512991,513020,29,2822
510169,512984,513020,36,2815
510169,512984,513021,37,2815
510169,512935,513021,86,2766
510169,512992,513022,30,2823
510169,512969,513022,53,2800
510277,512994,513022,28,2717
510169,512989,513022,33,2820
510169,512989,513022,33,2820
510169,512922,513022,100,2753
510277,512995,513022,27,2718
510169,512927,513022,95,2758
510169,512982,513022,40,2813
510169,512987,513023,36,2818
510169,512923,513024,101,2754
510169,512923,513024,101,2754
510169,512920,513023,103,2751
510169,512982,513025,43,2813
510277,512995,513025,30,2718
510277,512997,513024,27,2720
510169,512927,513025,98,2758
509541,512250,513025,775,2709
510169,512993,513026,33,2824
510169,512981,513028,47,2812
510277,512998,513029,31,2721
510277,512999,513029,30,2722
510277,512999,513030,31,2722
510169,512926,513031,105,2757
510169,512986,513038,52,2817
510277,513023,513038,15,2746
510277,513022,513038,16,2745
510277,513023,513039,16,2746
510277,513023,513039,16,2746
510277,513021,513041,20,2744
510277,513023,513041,18,2746
510277,513000,513041,41,2723
510277,513023,513042,19,2746
510277,513024,513042,18,2747
510277,513023,513042,19,2746
510169,512927,513043,116,2758
510277,513019,513043,24,2742
510277,513023,513046,23,2746
510277,513019,513047,28,2742
510277,513020,513046,26,2743
510277,513023,513048,25,2746
510277,513017,513049,32,2740
510277,513024,513050,26,2747
510277,513018,513051,33,2741
510277,513025,513052,27,2748
510277,513017,513052,35,2740
510277,513025,513053,28,2748
510277,513026,513053,27,2749
510277,513025,513054,29,2748
510277,513020,513053,33,2743
510277,513024,513054,30,2747
510277,513017,513054,37,2740
510277,513018,513055,37,2741
510277,513026,513055,29,2749
510277,513021,513056,35,2744
510277,513021,513056,35,2744
510277,513013,513057,44,2736
510277,513025,513058,33,2748
510277,513028,513059,31,2751
510277,513013,513060,47,2736
510277,513039,513060,21,2762
510277,513012,513060,48,2735
510277,513014,513061,47,2737
510277,513013,513061,48,2736
510277,513012,513061,49,2735
510277,513039,513063,24,2762
510277,513014,513063,49,2737
510277,513039,513064,25,2762
510277,513013,513067,54,2736
510277,513016,513069,53,2739
510277,513017,513069,52,2740
510277,513031,513069,38,2754
510277,513042,513070,28,2765
510277,513013,513070,57,2736
510277,513025,513070,45,2748
510277,513001,513071,70,2724
510277,513030,513071,41,2753
510277,513029,513071,42,2752
510277,513016,513072,56,2739
510277,513040,513073,33,2763
510277,513016,513072,56,2739
510277,513016,513073,57,2739
510277,513043,513075,32,2766
510277,513030,513074,44,2753
510277,513042,513075,33,2765
510277,513043,513074,31,2766
510277,513011,513075,64,2734
510277,513046,513076,30,2769
510277,513042,513076,34,2765
510277,513040,513077,37,2763
510277,513011,513077,66,2734
510277,513042,513078,36,2765
510277,513043,513079,36,2766
510277,513012,513080,68,2735
510277,513009,513081,72,2732
510277,513047,513081,34,2770
510277,513048,513083,35,2771
510277,513057,513085,28,2780
510277,513047,513085,38,2770
510277,513006,513085,79,2729
510277,513054,513086,32,2777
510277,513048,513086,38,2771
510277,513055,513087,32,2778
510277,513054,513088,34,2777
510277,513056,513090,34,2779
510277,513009,513090,81,2732
510277,513011,513091,80,2734
510277,513061,513091,30,2784
510277,513002,513091,89,2725
510277,513007,513092,85,2730
510277,513058,513091,33,2781
510361,513075,513092,17,2714
510277,513001,513092,91,2724
510277,513058,513092,34,2781
510277,513059,513093,34,2782
510277,513053,513093,40,2776
510277,513054,513094,40,2777
510277,513050,513093,43,2773
510277,513008,513094,86,2731
510361,513075,513095,20,2714
510277,513060,513095,35,2783
510277,513055,513096,41,2778
510277,513055,513095,40,2778
510277,513060,513095,35,2783
510277,513062,513096,34,2785
510277,513053,513096,43,2776
510277,513061,513096,35,2784
510277,513051,513097,46,2774
510277,513010,513097,87,2733
510277,513071,513098,27,2794
510361,513075,513098,23,2714
510277,513002,513098,96,2725
510277,513061,513099,38,2784
510277,513005,513101,96,2728
510361,513076,513101,25,2715
510277,513062,513101,39,2785
510277,513064,513101,37,2787
510277,513073,513101,28,2796
510277,513064,513101,37,2787
510277,513007,513102,95,2730
510277,513067,513102,35,2790
510361,513077,513102,25,2716
510361,513078,513101,23,2717
510277,513072,513103,31,2795
510277,513073,513104,31,2796
510277,513011,513104,93,2734
510361,513077,513106,29,2716
510277,513070,513106,36,2793
510277,513071,513107,36,2794
510277,513072,513107,35,2795
510277,513069,513107,38,2792
510277,513069,513107,38,2792
510277,513071,513109,38,2794
510277,513074,513110,36,2797
510277,513070,513110,40,2793
510361,513077,513110,33,2716
510277,513003,513110,107,2726
510361,513080,513112,32,2719
510277,513052,513112,60,2775
510361,513081,513112,31,2720
510361,513079,513114,35,2718
510361,513081,513114,33,2720
510277,513064,513115,51,2787
510277,513010,513116,106,2733
510361,513078,513116,38,2717
510277,513052,513117,65,2775
510361,513103,513116,13,2742
510361,513105,513119,14,2744
510361,513104,513119,15,2743
510361,513104,513119,15,2743
510277,513071,513120,49,2794
510361,513099,513125,26,2738
510361,513103,513124,21,2742
510361,513105,513125,20,2744
510361,513106,513126,20,2745
510361,513107,513127,20,2746
510361,513108,513127,19,2747
510361,513102,513127,25,2741
510361,513102,513128,26,2741
509628,512359,513129,770,2731
510361,513101,513130,29,2740
510361,513084,513129,45,2723
510361,513107,513130,23,2746
510361,513108,513132,24,2747
510361,513107,513132,25,2746
510361,513099,513132,33,2738
510361,513101,513132,31,2740
510361,513096,513134,38,2735
510361,513103,513134,31,2742
510361,513100,513136,36,2739
510361,513110,513135,25,2749
510361,513098,513135,37,2737
510361,513102,513139,37,2741
510361,513110,513139,29,2749
510361,513096,513141,45,2735
510361,513096,513141,45,2735
510361,513113,513141,28,2752
510361,513117,513141,24,2756
510361,513111,513141,30,2750
510361,513096,513142,46,2735
510361,513111,513143,32,2750
510361,513093,513143,50,2732
510361,513095,513142,47,2734
510361,513096,513142,46,2735
510361,513098,513143,45,2737
510361,513110,513144,34,2749
510361,513114,513144,30,2753
510361,513113,513144,31,2752
510361,513117,513145,28,2756
510361,513096,513145,49,2735
510361,513094,513149,55,2733
510361,513112,513148,36,2751
510361,513120,513150,30,2759
510361,513097,513150,53,2736
510361,513094,513151,57,2733
510361,513120,513152,32,2759
510361,513120,513152,32,2759
510361,513094,513153,59,2733
510361,513093,513153,60,2732
510361,513102,513153,51,2741
510361,513115,513154,39,2754
510361,513125,513156,31,2764
510361,513117,513157,40,2756
510361,513125,513157,32,2764
510361,513116,513157,41,2755
510361,513129,513158,29,2768
510361,513125,513161,36,2764
510361,513128,513162,34,2767
510361,513128,513164,36,2767
510361,513125,513166,41,2764
510361,513097,513167,70,2736
510361,513126,513167,41,2765
510361,513116,513168,52,2755
510361,513130,513168,38,2769
510361,513128,513169,41,2767
510361,513127,513170,43,2766
510361,513130,513169,39,2769
510361,513088,513171,83,2727
510361,513133,513171,38,2772
510361,513093,513172,79,2732
510361,513085,513172,87,2724
510361,513097,513172,75,2736
510361,513140,513172,32,2779
510361,513142,513173,31,2781
510361,513142,513176,34,2781
510361,513143,513176,33,2782
510361,513143,513176,33,2782
510361,513132,513176,44,2771
510361,513134,513177,43,2773
510361,513136,513177,41,2775
510449,513158,513177,19,2709
510361,513142,513177,35,2781
510361,513141,513178,37,2780
510361,513142,513178,36,2781
510361,513143,513178,35,2782
510361,513132,513178,46,2771
510361,513135,513179,44,2774
510361,513087,513179,92,2726
510361,513136,513180,44,2775
510361,513086,513180,94,2725
510361,513092,513181,89,2731
510449,513157,513181,24,2708
510361,513091,513182,91,2730
510361,513092,513182,90,2731
510361,513145,513182,37,2784
510361,513142,513183,41,2781
510361,513140,513183,43,2779
510361,513132,513185,53,2771
510361,513157,513184,27,2796
510361,513145,513185,40,2784
510361,513143,513186,43,2782
510361,513144,513186,42,2783
510361,513153,513186,33,2792
510361,513144,513187,43,2783
510361,513145,513188,43,2784
510361,513154,513188,34,2793
510361,513091,513189,98,2730
510449,513162,513189,27,2713
510361,513153,513189,36,2792
510361,513157,513190,33,2796
510449,513164,513190,26,2715
510361,513091,513190,99,2730
510449,513161,513191,30,2712
510361,513150,513190,40,2789
510361,513088,513191,103,2727
510361,513149,513192,43,2788
510361,513150,513192,42,2789
510361,513090,513194,104,2729
510361,513136,513194,58,2775
510361,513153,513195,42,2792
510449,513168,513194,26,2719
510361,513086,513195,109,2725
510361,513131,513196,65,2770
510361,513153,513196,43,2792
510361,513085,513196,111,2724
510361,513151,513197,46,2790
510449,513168,513196,28,2719
510449,513166,513198,32,2717
510361,513092,513198,106,2731
510361,513145,513199,54,2784
510449,513169,513200,31,2720
510361,513092,513200,108,2731
510361,513152,513201,49,2791
510361,513149,513204,55,2788
510449,513169,513206,37,2720
510449,513191,513206,15,2742
510449,513169,513207,38,2720
510449,513170,513207,37,2721
510449,513191,513208,17,2742
510449,513192,513208,16,2743
510449,513193,513209,16,2744
510449,513191,513211,20,2742
510449,513193,513214,21,2744
510449,513194,513214,20,2745
510449,513195,513215,20,2746
510449,513187,513216,29,2738
510449,513195,513217,22,2746
510449,513189,513218,29,2740
510449,513170,513218,48,2721
510449,513196,513217,21,2747
510449,513171,513218,47,2722
510449,513182,513218,36,2733
510449,513196,513218,22,2747
510449,513195,513218,23,2746
510449,513188,513220,32,2739
510449,513191,513222,31,2742
510449,513189,513221,32,2740
510449,513187,513223,36,2738
510449,513190,513225,35,2741
510449,513182,513225,43,2733
510449,513187,513224,37,2738
510449,513196,513225,29,2747
510449,513190,513225,35,2741
510449,513197,513227,30,2748
510449,513181,513227,46,2732
509703,512463,513228,765,2760
510449,513190,513229,39,2741
510449,513182,513229,47,2733
510449,513199,513231,32,2750
510449,513199,513231,32,2750
510449,513197,513232,35,2748
510449,513181,513232,51,2732
510449,513183,513232,49,2734
510449,513207,513234,27,2758
510449,513180,513234,54,2731
510449,513197,513235,38,2748
510449,513200,513235,35,2751
510449,513199,513236,37,2750
510449,513207,513237,30,2758
510449,513208,513238,30,2759
510449,513191,513239,48,2742
510449,513184,513239,55,2735
510449,513186,513239,53,2737
510449,513200,513239,39,2751
510449,513209,513240,31,2760
510449,513202,513241,39,2753
510449,513209,513241,32,2760
510449,513180,513243,63,2731
510449,513181,513243,62,2732
510449,513179,513247,68,2730
510449,513207,513250,43,2758
510449,513183,513250,67,2734
510449,513216,513251,35,2767
510449,513171,513252,81,2722
510449,513218,513254,36,2769
510449,513172,513254,82,2723
510449,513179,513255,76,2730
510449,513218,513255,37,2769
510449,513219,513255,36,2770
510449,513212,513256,44,2763
510449,513185,513256,71,2736
510449,513215,513256,41,2766
510449,513230,513257,27,2781
510449,513185,513257,72,2736
510449,513205,513257,52,2756
510449,513217,513257,40,2768
510449,513207,513260,53,2758
510449,513233,513261,28,2784
510449,513179,513260,81,2730
510449,513225,513262,37,2776
510449,513214,513262,48,2765
510449,513217,513263,46,2768
510449,513177,513263,86,2728
510449,513218,513263,45,2769
510449,513177,513264,87,2728
510449,513219,513265,46,2770
510449,513177,513266,89,2728
510449,513232,513267,35,2783
510449,513220,513267,47,2771
510449,513229,513267,38,2780
510449,513225,513268,43,2776
510449,513225,513268,43,2776
510449,513233,513268,35,2784
510449,513224,513269,45,2775
510449,513225,513270,45,2776
510449,513172,513271,99,2723
510449,513176,513271,95,2727
510449,513219,513271,52,2770
510449,513173,513272,99,2724
510449,513234,513274,40,2785
510449,513235,513274,39,2786
510449,513232,513274,42,2783
510449,513222,513275,53,2773
510449,513228,513276,48,2779
510449,513240,513276,36,2791
510449,513173,513276,103,2724
510449,513236,513277,41,2787
510449,513227,513277,50,2778
510449,513232,513277,45,2783
510449,513173,513278,105,2724
510538,513254,513278,24,2716
510449,513178,513278,100,2729
510538,513255,513280,25,2717
510449,513226,513280,54,2777
510449,513236,513281,45,2787
510449,513239,513282,43,2790
510449,513242,513282,40,2793
510449,513177,513282,105,2728
510449,513252,513283,31,2803
510449,513240,513282,42,2791
510538,513255,513283,28,2717
510449,513238,513283,45,2789
510449,513243,513283,40,2794
510449,513176,513283,107,2727
510449,513227,513284,57,2778
510449,513178,513284,106,2729
510449,513242,513284,42,2793
510538,513257,513285,28,2719
510449,513178,513285,107,2729
510538,513256,513286,30,2718
510449,513243,513286,43,2794
510449,513219,513286,67,2770
510538,513256,513286,30,2718
510449,513238,513287,49,2789
510538,513257,513289,32,2719
510449,513222,513289,67,2773
510449,513239,513290,51,2790
510449,513253,513291,38,2804
510449,513237,513291,54,2788
510538,513257,513291,34,2719
510538,513261,513293,32,2723
510538,513260,513293,33,2722
510538,513257,513293,36,2719
510449,513250,513294,44,2801
510538,513257,513295,38,2719
510449,513248,513296,48,2799
510449,513250,513295,45,2801
510449,513239,513297,58,2790
510538,513284,513299,15,2746
510538,513286,513301,15,2748
510538,513285,513301,16,2747
510538,513285,513301,16,2747
510538,513284,513303,19,2746
510538,513287,513304,17,2749
510538,513287,513305,18,2749
510538,513284,513305,21,2746
510538,513258,513305,47,2720
510538,513287,513307,20,2749
510538,513286,513309,23,2748
510538,513282,513309,27,2744
510538,513287,513309,22,2749
510538,513261,513310,49,2723
510538,513284,513310,26,2746
510538,513283,513314,31,2745
510538,513283,513314,31,2745
510538,513287,513314,27,2749
510538,513281,513317,36,2743
510538,513281,513317,36,2743
510538,513283,513319,36,2745
510538,513277,513320,43,2739
510538,513291,513324,33,2753
510538,513275,513324,49,2737
510538,513289,513323,34,2751
510538,513294,513325,31,2756
510538,513276,513325,49,2738
510538,513278,513326,48,2740
510538,513290,513326,36,2752
510538,513277,513326,49,2739
510538,513283,513325,42,2745
510538,513283,513326,43,2745
510538,513279,513326,47,2741
510538,513272,513326,54,2734
510538,513293,513327,34,2755
510538,513290,513328,38,2752
510538,513276,513330,54,2738
510538,513301,513329,28,2763
510538,513295,513329,34,2757
510538,513294,513330,36,2756
510538,513298,513330,32,2760
510538,513284,513331,47,2746
510538,513299,513331,32,2761
510538,513275,513332,57,2737
510538,513291,513334,43,2753
510538,513277,513334,57,2739
510538,513296,513335,39,2758
510538,513301,513335,34,2763
510538,513292,513336,44,2754
510538,513302,513336,34,2764
510538,513274,513339,65,2736
510538,513272,513339,67,2734
510538,513271,513343,72,2733
510538,513262,513343,81,2724
509767,512558,513343,785,2791
510538,513306,513344,38,2768
510538,513303,513344,41,2765
510538,513278,513347,69,2740
510538,513279,513349,70,2741
510538,513306,513348,42,2768
510538,513309,513353,44,2771
510538,513309,513353,44,2771
510538,513278,513354,76,2740
510538,513271,513355,84,2733
510538,513263,513355,92,2725
510538,513305,513356,51,2767
510538,513309,513356,47,2771
510538,513263,513359,96,2725
510538,513307,513359,52,2769
510538,513319,513359,40,2781
510538,513271,513359,88,2733
510538,513310,513360,50,2772
510538,513296,513360,64,2758
510538,513327,513361,34,2789
510538,513306,513362,56,2768
510538,513263,513364,101,2725
510538,513265,513366,101,2727
510538,513328,513366,38,2790
510538,513320,513367,47,2782
510538,513296,513367,71,2758
510538,513327,513367,40,2789
510538,513330,513367,37,2792
510538,513264,513367,103,2726
510538,513318,513367,49,2780
510538,513266,513368,102,2728
510538,513314,513368,54,2776
510538,513310,513369,59,2772
510538,513330,513369,39,2792
510538,513268,513368,100,2730
510538,513325,513369,44,2787
510538,513327,513369,42,2789
510538,513326,513370,44,2788
510538,513267,513370,103,2729
510538,513327,513370,43,2789
510538,513325,513371,46,2787
510538,513314,513371,57,2776
510538,513325,513372,47,2787
510538,513314,513372,58,2776
510538,513267,513373,106,2729
510538,513267,513373,106,2729
510651,513350,513374,24,2699
510538,513318,513375,57,2780
510538,513330,513375,45,2792
510538,513325,513375,50,2787
510538,513268,513376,108,2730
510538,513340,513376,36,2802
510538,513270,513376,106,2732
510538,513326,513376,50,2788
510538,513324,513377,53,2786
510538,513326,513376,50,2788
510538,513331,513378,47,2793
510538,513330,513378,48,2792
510538,513336,513379,43,2798
510538,513268,513378,110,2730
510538,513344,513378,34,2806
510538,513343,513380,37,2805
510538,513335,513381,46,2797
510538,513333,513382,49,2795
510538,513269,513382,113,2731
510538,513326,513382,56,2788
510538,513336,513382,46,2798
510651,513353,513383,30,2702
510538,513332,513383,51,2794
510538,513345,513384,39,2807
510538,513340,513384,44,2802
510651,513349,513384,35,2698
510538,513334,513386,52,2796
510651,513354,513386,32,2703
510651,513355,513385,30,2704
510538,513335,513386,51,2797
510538,513335,513387,52,2797
510538,513344,513387,43,2806
510538,513343,513390,47,2805
510651,513357,513391,34,2706
510651,513359,513391,32,2708
510651,513356,513391,35,2705
510538,513330,513395,65,2792
510651,513383,513397,14,2732
510651,513384,513398,14,2733
510651,513355,513398,43,2704
510651,513382,513399,17,2731
510651,513380,513399,19,2729
510651,513384,513399,15,2733
510651,513359,513399,40,2708
510651,513383,513400,17,2732
510651,513384,513399,15,2733
510651,513383,513400,17,2732
510651,513383,513401,18,2732
510651,513359,513401,42,2708
510651,513355,513395,40,2704
510651,513385,513403,18,2734
510651,513385,513405,20,2734
510651,513379,513404,25,2728
510651,513386,513406,20,2735
510651,513361,513407,46,2710
510651,513378,513407,29,2727
510651,513360,513408,48,2709
510651,513377,513409,32,2726
510651,513377,513411,34,2726
510651,513377,513412,35,2726
510651,513379,513413,34,2728
510651,513386,513415,29,2735
510651,513400,513423,23,2749
510651,513386,513424,38,2735
510651,513387,513424,37,2736
510651,513377,513425,48,2726
510651,513400,513425,25,2749
510651,513392,513425,33,2741
510651,513374,513425,51,2723
510651,513361,513426,65,2710
510651,513372,513427,55,2721
510651,513391,513429,38,2740
510651,513379,513429,50,2728
510651,513376,513429,53,2725
510651,513374,513430,56,2723
510651,513372,513431,59,2721
510651,513379,513431,52,2728
510651,513372,513432,60,2721
510651,513371,513432,61,2720
510651,513388,513434,46,2737
510651,513387,513434,47,2736
510651,513376,513434,58,2725
510651,513391,513435,44,2740
510651,513392,513435,43,2741
510651,513400,513435,35,2749
510651,513399,513436,37,2748
510651,513374,513437,63,2723
510651,513400,513438,38,2749
510651,513373,513438,65,2722
510651,513370,513439,69,2719
510651,513370,513440,70,2719
510651,513402,513440,38,2751
510651,513371,513440,69,2720
510651,513400,513442,42,2749
510651,513399,513443,44,2748
509843,512653,513444,791,2810
510651,513401,513445,44,2750
510651,513401,513447,46,2750
510651,513370,513451,81,2719
510651,513398,513451,53,2747
510651,513402,513452,50,2751
510651,513363,513453,90,2712
510651,513370,513454,84,2719
510651,513402,513455,53,2751
510651,513398,513455,57,2747
510651,513375,513455,80,2724
510651,513408,513456,48,2757
510651,513367,513457,90,2716
510651,513376,513458,82,2725
510651,513410,513460,50,2759
510651,513403,513460,57,2752
510651,513405,513461,56,2754
510651,513364,513462,98,2713
510651,513362,513463,101,2711
510651,513375,513464,89,2724
510651,513408,513465,57,2757
510651,513405,513466,61,2754
510651,513406,513466,60,2755
510651,513368,513466,98,2717
510651,513367,513468,101,2716
510651,513408,513468,60,2757
510651,513367,513469,102,2716
510651,513431,513469,38,2780
510651,513431,513470,39,2780
510651,513367,513470,103,2716
510651,513425,513471,46,2774
510651,513432,513471,39,2781
510651,513427,513472,45,2776
510651,513431,513472,41,2780
510651,513415,513472,57,2764
510651,513412,513472,60,2761
510651,513429,513473,44,2778
510651,513367,513473,106,2716
510651,513368,513475,107,2717
510651,513425,513476,51,2774
510651,513423,513476,53,2772
510651,513424,513477,53,2773
510651,513368,513477,109,2717
510651,513434,513477,43,2783
510651,513426,513478,52,2775
510651,513443,513479,36,2792
510651,513369,513478,109,2718
510762,513453,513479,26,2691
510651,513369,513480,111,2718
510651,513426,513480,54,2775
510651,513429,513480,51,2778
510651,513413,513481,68,2762
510762,513452,513480,28,2690
510651,513427,513481,54,2776
510651,513435,513481,46,2784
510651,513441,513481,40,2790
510651,513411,513481,70,2760
510651,513426,513482,56,2775
510651,513433,513483,50,2782
510651,513367,513483,116,2716
510651,513430,513482,52,2779
510762,513455,513483,28,2693
510651,513440,513483,43,2789
510762,513455,513486,31,2693
510651,513368,513486,118,2717
510651,513435,513487,52,2784
510651,513438,513488,50,2787
510762,513458,513488,30,2696
510651,513441,513489,48,2790
510651,513439,513488,49,2788
510762,513453,513488,35,2691
510651,513436,513489,53,2785
510762,513456,513490,34,2694
510651,513435,513490,55,2784
510651,513445,513489,44,2794
510651,513443,513491,48,2792
510651,513444,513491,47,2793
510651,513435,513492,57,2784
510762,513457,513493,36,2695
510651,513441,513492,51,2790
510651,513438,513493,55,2787
510651,513448,513493,45,2797
510762,513461,513494,33,2699
510651,513435,513495,60,2784
510762,513459,513497,38,2697
510762,513461,513497,36,2699
510762,513487,513502,15,2725
510762,513484,513503,19,2722
510762,513456,513496,40,2694
510762,513489,513504,15,2727
510762,513484,513504,20,2722
510762,513488,513505,17,2726
510762,513490,513505,15,2728
510762,513487,513505,18,2725
510762,513488,513506,18,2726
510762,513489,513507,18,2727
510762,513488,513506,18,2726
510762,513489,513508,19,2727
510762,513483,513508,25,2721
510762,513490,513508,18,2728
510762,513462,513509,47,2700
510762,513463,513511,48,2701
509954,512741,513513,772,2787
510762,513490,513516,26,2728
510762,513490,513517,27,2728
510762,513492,513522,30,2730
510762,513493,513522,29,2731
510762,513495,513524,29,2733
510762,513491,513524,33,2729
510762,513482,513525,43,2720
510762,513481,513526,45,2719
510762,513493,513526,33,2731
510762,513482,513527,45,2720
510762,513502,513528,26,2740
510762,513480,513529,49,2718
510762,513492,513530,38,2730
510762,513482,513530,48,2720
510762,513493,513532,39,2731
510762,513503,513532,29,2741
510762,513482,513533,51,2720
510762,513498,513533,35,2736
510762,513504,513533,29,2742
510762,513477,513537,60,2715
510762,513483,513540,57,2721
510762,513506,513541,35,2744
510762,513464,513541,77,2702
510762,513496,513542,46,2734
510762,513481,513543,62,2719
510762,513506,513543,37,2744
510762,513481,513544,63,2719
510762,513477,513544,67,2715
510762,513483,513544,61,2721
510762,513504,513544,40,2742
510762,513504,513545,41,2742
510762,513478,513545,67,2716
510762,513479,513547,68,2717
510762,513476,513549,73,2714
510762,513483,513549,66,2721
510762,513504,513550,46,2742
510762,513464,513550,86,2702
510762,513505,513552,47,2743
510762,513474,513552,78,2712
510762,513481,513553,72,2719
510762,513479,513554,75,2717
510762,513497,513555,58,2735
510762,513480,513556,76,2718
510762,513506,513556,50,2744
510762,513514,513557,43,2752
510762,513477,513559,82,2715
510762,513465,513560,95,2703
510762,513507,513562,55,2745
510762,513467,513562,95,2705
510762,513512,513562,50,2750
510762,513508,513563,55,2746
510762,513524,513565,41,2762
510762,513527,513564,37,2765
510762,513473,513565,92,2711
510762,513508,513565,57,2746
510762,513466,513566,100,2704
510762,513478,513565,87,2716
510762,513510,513566,56,2748
510762,513508,513567,59,2746
510762,513518,513569,51,2756
510762,513530,513569,39,2768
510762,513476,513569,93,2714
510762,513470,513569,99,2708
510762,513474,513569,95,2712
510762,513526,513569,43,2764
510762,513471,513569,98,2709
510762,513507,513569,62,2745
510762,513534,513570,36,2772
510762,513473,513571,98,2711
510762,513467,513571,104,2705
510762,513526,513571,45,2764
510762,513469,513572,103,2707
510762,513528,513572,44,2766
510762,513471,513572,101,2709
510762,513528,513573,45,2766
510762,513533,513576,43,2771
510762,513468,513576,108,2706
510762,513472,513576,104,2710
510762,513523,513576,53,2761
510762,513530,513576,46,2768
510762,513524,513576,52,2762
510762,513541,513577,36,2779
510762,513541,513577,36,2779
510762,513470,513577,107,2708
510762,513523,513577,54,2761
510762,513530,513578,48,2768
510762,513538,513579,41,2776
510762,513517,513579,62,2755
510762,513534,513579,45,2772
510762,513533,513580,47,2771
510762,513541,513581,40,2779
510762,513472,513583,111,2710
510844,513557,513584,27,2713
510762,513471,513583,112,2709
510844,513563,513583,20,2719
510762,513473,513584,111,2711
510762,513533,513585,52,2771
510844,513557,513584,27,2713
510008,512827,513586,759,2819
510762,513545,513586,41,2783
510762,513548,513586,38,2786
510762,513552,513586,34,2790
510844,513559,513587,28,2715
510762,513544,513588,44,2782
510844,513561,513591,30,2717
510762,513543,513590,47,2781
510762,513546,513591,45,2784
510762,513551,513591,40,2789
510844,513557,513592,35,2713
510762,513544,513593,49,2782
510762,513550,513594,44,2788
510844,513563,513594,31,2719
510762,513545,513595,50,2783
510762,513553,513595,42,2791
510762,513545,513596,51,2783
510844,513566,513596,30,2722
510762,513550,513596,46,2788
510762,513549,513596,47,2787
510844,513565,513596,31,2721
510844,513566,513599,33,2722
510844,513563,513599,36,2719
510762,513554,513601,47,2792
510762,513545,513603,58,2783
510844,513565,513603,38,2721
510844,513588,513604,16,2744
510762,513554,513605,51,2792
510844,513587,513605,18,2743
510844,513588,513606,18,2744
510844,513594,513607,13,2750
510844,513587,513607,20,2743
510844,513591,513607,16,2747
510762,513545,513608,63,2783
510844,513564,513608,44,2720
510844,513591,513609,18,2747
510844,513593,513608,15,2749
510844,513592,513608,16,2748
510844,513566,513609,43,2722
510844,513591,513610,19,2747
510844,513591,513611,20,2747
510844,513585,513613,28,2741
510844,513595,513614,19,2751
510844,513587,513614,27,2743
510844,513594,513610,16,2750
510844,513595,513618,23,2751
510844,513580,513619,39,2736
510844,513585,513619,34,2741
510844,513586,513620,34,2742
510844,513579,513621,42,2735
510844,513580,513621,41,2736
510844,513596,513623,27,2752
510844,513585,513623,38,2741
510844,513596,513625,29,2752
510844,513579,513626,47,2735
510844,513599,513627,28,2755
510844,513597,513628,31,2753
510844,513581,513627,46,2737
510844,513599,513630,31,2755
510844,513597,513630,33,2753
510844,513584,513632,48,2740
510844,513597,513634,37,2753
510844,513604,513637,33,2760
510844,513605,513638,33,2761
510844,513605,513640,35,2761
510844,513607,513641,34,2763
510844,513608,513641,33,2764
510844,513605,513642,37,2761
510844,513566,513643,77,2722
510844,513602,513643,41,2758
510844,513566,513643,77,2722
510844,513581,513644,63,2737
510844,513608,513644,36,2764
510844,513607,513645,38,2763
510844,513607,513648,41,2763
510844,513578,513649,71,2734
510844,513608,513649,41,2764
510844,513611,513653,42,2767
510844,513603,513653,50,2759
510844,513584,513653,69,2740
510844,513609,513654,45,2765
510844,513569,513657,88,2725
510844,513609,513659,50,2765
510844,513614,513658,44,2770
510844,513583,513658,75,2739
510844,513569,513658,89,2725
510844,513614,513660,46,2770
510844,513568,513662,94,2724
510844,513570,513663,93,2726
510844,513615,513663,48,2771
510844,513624,513663,39,2780
510844,513612,513665,53,2768
510844,513584,513665,81,2740
510844,513569,513666,97,2725
510844,513615,513667,52,2771
510844,513577,513667,90,2733
510844,513610,513667,57,2766
510844,513619,513668,49,2775
510844,513569,513669,100,2725
510844,513622,513669,47,2778
510844,513615,513669,54,2771
510844,513577,513669,92,2733
510844,513624,513671,47,2780
510844,513621,513671,50,2777
510844,513576,513671,95,2732
510844,513569,513672,103,2725
510844,513628,513673,45,2784
510844,513638,513674,36,2794
510844,513626,513675,49,2782
510844,513572,513674,102,2728
510844,513570,513676,106,2726
510844,513620,513676,56,2776
510844,513577,513675,98,2733
510844,513627,513676,49,2783
510844,513570,513676,106,2726
510844,513642,513676,34,2798
510844,513622,513677,55,2778
510844,513641,513678,37,2797
510844,513573,513679,106,2729
510844,513635,513678,43,2791
510844,513628,513678,50,2784
510844,513578,513679,101,2734
510844,513631,513680,49,2787
510844,513571,513680,109,2727
510844,513574,513681,107,2730
510844,513639,513681,42,2795
510844,513631,513681,50,2787
510844,513578,513682,104,2734
510844,513572,513682,110,2728
510844,513572,513683,111,2728
510844,513619,513683,64,2775
510844,513633,513682,49,2789
510844,513577,513683,106,2733
510844,513570,513686,116,2726
510844,513628,513685,57,2784
510844,513642,513687,45,2798
510844,513644,513687,43,2800
510844,513573,513687,114,2729
510948,513660,513687,27,2712
510844,513576,513688,112,2732
510948,513659,513689,30,2711
510844,513576,513692,116,2732
510844,513653,513692,39,2809
510844,513645,513692,47,2801
510948,513663,513693,30,2715
510844,513649,513693,44,2805
510948,513663,513694,31,2715
510844,513650,513695,45,2806
510844,513644,513694,50,2800
510844,513643,513696,53,2799
510844,513650,513696,46,2806
510948,513667,513697,30,2719
510844,513645,513697,52,2801
510844,513659,513698,39,2815
510948,513663,513698,35,2715
510948,513666,513699,33,2718
510844,513659,513699,40,2815
510948,513665,513699,34,2717
510948,513664,513699,35,2716
510844,513653,513701,48,2809
510102,512912,513701,789,2810
510948,513668,513703,35,2720
510844,513654,513704,50,2810
510844,513655,513704,49,2811
510844,513644,513705,61,2800
510844,513644,513706,62,2800
510948,513666,513708,42,2718
510948,513668,513709,41,2720
510844,513658,513703,45,2814
510948,513693,513712,19,2745
510948,513692,513715,23,2744
510948,513669,513715,46,2721
510948,513695,513716,21,2747
510948,513689,513718,29,2741
510948,513695,513718,23,2747
510948,513695,513718,23,2747
510948,513698,513718,20,2750
510948,513669,513719,50,2721
510948,513698,513720,22,2750
510948,513688,513720,32,2740
510948,513696,513720,24,2748
510948,513698,513720,22,2750
510948,513698,513721,23,2750
510948,513688,513721,33,2740
510948,513692,513721,29,2744
510948,513687,513721,34,2739
510948,513693,513722,29,2745
510948,513699,513722,23,2751
510948,513697,513723,26,2749
510948,513683,513725,42,2735
510948,513693,513729,36,2745
510948,513683,513730,47,2735
510948,513687,513733,46,2739
510948,513683,513736,53,2735
510948,513701,513738,37,2753
510948,513709,513738,29,2761
510948,513703,513739,36,2755
510948,513699,513739,40,2751
510948,513682,513740,58,2734
510948,513686,513740,54,2738
510948,513712,513740,28,2764
510948,513683,513740,57,2735
510948,513704,513740,36,2756
510948,513700,513741,41,2752
510948,513701,513742,41,2753
510948,513683,513743,60,2735
510948,513705,513745,40,2757
510948,513706,513745,39,2758
510948,513686,513747,61,2738
510948,513687,513749,62,2739
510948,513680,513750,70,2732
510948,513710,513750,40,2762
510948,513716,513750,34,2768
510948,513712,513752,40,2764
510948,513682,513752,70,2734
510948,513713,513753,40,2765
510948,513669,513754,85,2721
510948,513707,513756,49,2759
510948,513715,513757,42,2767
510948,513716,513758,42,2768
510948,513720,513760,40,2772
510948,513681,513761,80,2733
510948,513678,513760,82,2730
510948,513681,513761,80,2733
510948,513722,513762,40,2774
510948,513680,513762,82,2732
510948,513719,513763,44,2771
510948,513719,513764,45,2771
510948,513677,513764,87,2729
510948,513669,513765,96,2721
510948,513721,513765,44,2773
510948,513676,513765,89,2728
510948,513722,513767,45,2774
510948,513722,513768,46,2774
510948,513673,513769,96,2725
510948,513721,513769,48,2773
510948,513719,513770,51,2771
510948,513719,513769,50,2771
510948,513670,513770,100,2722
510948,513722,513772,50,2774
510948,513722,513773,51,2774
510948,513675,513773,98,2727
510948,513671,513774,103,2723
510948,513730,513774,44,2782
510948,513721,513775,54,2773
510948,513720,513775,55,2772
510948,513676,513777,101,2728
510948,513671,513777,106,2723
510948,513676,513780,104,2728
510948,513672,513780,108,2724
510948,513743,513780,37,2795
510948,513679,513781,102,2731
510948,513734,513780,46,2786
510948,513736,513782,46,2788
510948,513741,513784,43,2793
510948,513739,513783,44,2791
510948,513725,513784,59,2777
510948,513681,513784,103,2733
510948,513675,513785,110,2727
510948,513731,513786,55,2783
510948,513676,513787,111,2728
510948,513677,513787,110,2729
510948,513740,513787,47,2792
510948,513724,513788,64,2776
510948,513674,513789,115,2726
510948,513675,513790,115,2727
510948,513723,513790,67,2775
510948,513740,513789,49,2792
511030,513766,513790,24,2736
510948,513739,513790,51,2791
510948,513677,513791,114,2729
510948,513679,513790,111,2731
510948,513740,513791,51,2792
510173,512993,513792,799,2820
511030,513763,513792,29,2733
510948,513739,513792,53,2791
510948,513743,513792,49,2795
510948,513741,513793,52,2793
510948,513679,513794,115,2731
510948,513741,513795,54,2793
510948,513753,513795,42,2805
511030,513764,513798,34,2734
511030,513768,513799,31,2738
510948,513741,513800,59,2793
510948,513758,513800,42,2810
510948,513755,513801,46,2807
510948,513756,513801,45,2808
511030,513766,513801,35,2736
510948,513751,513801,50,2803
510948,513751,513801,50,2803
510948,513745,513801,56,2797
510948,513746,513802,56,2798
510948,513761,513802,41,2813
510948,513759,513803,44,2811
510948,513752,513803,51,2804
511030,513765,513802,37,2735
510948,513754,513803,49,2806
510948,513761,513804,43,2813
511030,513770,513804,34,2740
511030,513768,513804,36,2738
511030,513769,513805,36,2739
511030,513766,513805,39,2736
510948,513747,513806,59,2799
510948,513751,513808,57,2803
510948,513762,513808,46,2814
511030,513770,513809,39,2740
510948,513762,513809,47,2814
511030,513769,513811,42,2739
510948,513750,513812,62,2802
510948,513761,513815,54,2813
511030,513800,513820,20,2770
511030,513773,513821,48,2743
511030,513771,513821,50,2741
511030,513800,513821,21,2770
511030,513796,513823,27,2766
511030,513793,513823,30,2763
511030,513798,513824,26,2768
511030,513794,513825,31,2764
511030,513801,513824,23,2771
511030,513801,513825,24,2771
511030,513795,513827,32,2765
511030,513801,513827,26,2771
511030,513802,513827,25,2772
511030,513803,513828,25,2773
511030,513802,513829,27,2772
511030,513803,513829,26,2773
511030,513801,513829,28,2771
511030,513803,513830,27,2773
511030,513804,513831,27,2774
511030,513803,513834,31,2773
511030,513792,513834,42,2762
511030,513801,513835,34,2771
511030,513801,513836,35,2771
511030,513791,513839,48,2761
511030,513805,513843,38,2775
511030,513812,513843,31,2782
511030,513790,513844,54,2760
511030,513813,513844,31,2783
511030,513806,513845,39,2776
511030,513805,513846,41,2775
511030,513808,513846,38,2778
511030,513793,513847,54,2763
511030,513806,513848,42,2776
511030,513809,513848,39,2779
511030,513792,513848,56,2762
511030,513791,513849,58,2761
511030,513790,513849,59,2760
511030,513806,513850,44,2776
511030,513788,513853,65,2758
511030,513816,513853,37,2786
511030,513773,513854,81,2743
511030,513789,513853,64,2759
511030,513790,513855,65,2760
511030,513792,513855,63,2762
511030,513785,513855,70,2755
511030,513820,513857,37,2790
511030,513785,513857,72,2755
511030,513790,513858,68,2760
511030,513821,513858,37,2791
511030,513816,513858,42,2786
511030,513789,513860,71,2759
511030,513792,513861,69,2762
511030,513787,513861,74,2757
511030,513821,513862,41,2791
511030,513810,513863,53,2780
511030,513810,513864,54,2780
511030,513786,513865,79,2756
511030,513790,513867,77,2760
511030,513825,513867,42,2795
511030,513824,513868,44,2794
511030,513825,513870,45,2795
511030,513788,513870,82,2758
511030,513828,513871,43,2798
511030,513825,513872,47,2795
511030,513773,513873,100,2743
510280,513075,513872,797,2795
511030,513775,513873,98,2745
511030,513823,513875,52,2793
511030,513774,513875,101,2744
511030,513825,513876,51,2795
511030,513781,513876,95,2751
511030,513777,513877,100,2747
511030,513776,513877,101,2746
511030,513829,513877,48,2799
511030,513822,513877,55,2792
511030,513831,513878,47,2801
511030,513829,513880,51,2799
511030,513829,513881,52,2799
511030,513785,513883,98,2755
511030,513834,513883,49,2804
511030,513775,513884,109,2745
511030,513828,513884,56,2798
511030,513781,513887,106,2751
511030,513778,513888,110,2748
511030,513780,513889,109,2750
511030,513835,513890,55,2805
511030,513784,513891,107,2754
511030,513828,513891,63,2798
511030,513780,513890,110,2750
511030,513782,513892,110,2752
511030,513835,513893,58,2805
511030,513830,513893,63,2800
511030,513784,513894,110,2754
511030,513832,513893,61,2802
511030,513781,513894,113,2751
511030,513844,513896,52,2814
511030,513850,513896,46,2820
511030,513837,513897,60,2807
511030,513844,513898,54,2814
511030,513848,513897,49,2818
511030,513850,513899,49,2820
511113,513871,513898,27,2758
511113,513868,513899,31,2755
511113,513868,513899,31,2755
511030,513840,513901,61,2810
511113,513869,513901,32,2756
511030,513845,513901,56,2815
511030,513845,513904,59,2815
511030,513847,513904,57,2817
511030,513847,513905,58,2817
511030,513850,513906,56,2820
511030,513845,513906,61,2815
511113,513871,513906,35,2758
511030,513853,513907,54,2823
511030,513847,513907,60,2817
511030,513857,513909,52,2827
511113,513873,513910,37,2760
511113,513873,513911,38,2760
511113,513873,513911,38,2760
511030,513858,513912,54,2828
511113,513876,513913,37,2763
511030,513854,513913,59,2824
511030,513864,513913,49,2834
511030,513862,513914,52,2832
511030,513864,513915,51,2834
511030,513856,513915,59,2826
511030,513859,513915,56,2829
511113,513875,513914,39,2762
510364,513157,513916,759,2793
511030,513854,513916,62,2824
511030,513854,513916,62,2824
511113,513871,513915,44,2758
511030,513848,513916,68,2818
511113,513874,513916,42,2761
511030,513858,513917,59,2828
511030,513849,513917,68,2819
511030,513862,513917,55,2832
511113,513876,513919,43,2763
511030,513860,513919,59,2830
511030,513861,513920,59,2831
511030,513859,513922,63,2829
511030,513859,513922,63,2829
511030,513856,513922,66,2826
511113,513907,513925,18,2794
511113,513909,513927,18,2796
511113,513908,513928,20,2795
511113,513910,513929,19,2797
511113,513908,513929,21,2795
511113,513876,513931,55,2763
511113,513906,513932,26,2793
511113,513906,513932,26,2793
511113,513906,513936,30,2793
511113,513913,513939,26,2800
511113,513912,513940,28,2799
511113,513914,513940,26,2801
511113,513905,513942,37,2792
511113,513912,513941,29,2799
511113,513904,513944,40,2791
511113,513915,513945,30,2802
511113,513913,513945,32,2800
511113,513895,513946,51,2782
511113,513915,513946,31,2802
511113,513913,513946,33,2800
511113,513915,513947,32,2802
511113,513894,513947,53,2781
511113,513915,513948,33,2802
511113,513877,513949,72,2764
511113,513900,513948,48,2787
511113,513920,513948,28,2807
511113,513917,513952,35,2804
511113,513897,513952,55,2784
511113,513922,513953,31,2809
511113,513901,513954,53,2788
511113,513922,513954,32,2809
511113,513922,513954,32,2809
511113,513900,513956,56,2787
511113,513918,513956,38,2805
511113,513915,513956,41,2802
511113,513896,513957,61,2783
511113,513893,513957,64,2780
511113,513894,513958,64,2781
511113,513896,513958,62,2783
511113,513917,513959,42,2804
511113,513916,513959,43,2803
511113,513923,513961,38,2810
511113,513898,513962,64,2785
511113,513899,513961,62,2786
511113,513917,513962,45,2804
511113,513898,513962,64,2785
511113,513916,513962,46,2803
511113,513893,513962,69,2780
511113,513901,513962,61,2788
511113,513916,513963,47,2803
511113,513930,513963,33,2817
511113,513916,513964,48,2803
511113,513928,513965,37,2815
511113,513899,513966,67,2786
511113,513919,513967,48,2806
511113,513888,513968,80,2775
511113,513929,513968,39,2816
511113,513891,513969,78,2778
511113,513926,513968,42,2813
511113,513927,513969,42,2814
511113,513893,513970,77,2780
511113,513891,513971,80,2778
511113,513878,513973,95,2765
511113,513918,513973,55,2805
511113,513881,513974,93,2768
511113,513879,513975,96,2766
511113,513932,513976,44,2819
511113,513887,513978,91,2774
511113,513878,513979,101,2765
511113,513878,513980,102,2765
511113,513884,513980,96,2771
511113,513933,513983,50,2820
511113,513891,513983,92,2778
511113,513945,513984,39,2832
511113,513942,513984,42,2829
511113,513922,513985,63,2809
511113,513945,513985,40,2832
511113,513890,513985,95,2777
511113,513933,513985,52,2820
511113,513883,513987,104,2770
511113,513942,513987,45,2829
511113,513880,513990,110,2767
511113,513889,513990,101,2776
511113,513949,513993,44,2836
511113,513946,513993,47,2833
511113,513937,513994,57,2824
511113,513940,513995,55,2827
511113,513941,513995,54,2828
511113,513948,513996,48,2835
511159,513969,513997,28,2810
511159,513969,513997,28,2810
511113,513946,513997,51,2833
511159,513969,513997,28,2810
511113,513884,513998,114,2771
511113,513884,513998,114,2771
511113,513954,514001,47,2841
511159,513969,514001,32,2810
511113,513941,514001,60,2828
511113,513948,514001,53,2835
511113,513947,514002,55,2834
511159,513970,514003,33,2811
511113,513949,514003,54,2836
511113,513955,514004,49,2842
511159,513971,514004,33,2812
511113,513962,514005,43,2849
511113,513955,514006,51,2842
511113,513957,514005,48,2844
511113,513953,514005,52,2840
511113,513957,514008,51,2844
511113,513959,514009,50,2846
511113,513949,514009,60,2836
511113,513956,514011,55,2843
511159,513976,514011,35,2817
511113,513952,514011,59,2839
511159,513974,514011,37,2815
511113,513956,514012,56,2843
511159,513971,514014,43,2812
511113,513963,514014,51,2850
511113,513964,514013,49,2851
511113,513957,514014,57,2844
511113,513962,514015,53,2849
511113,513965,514015,50,2852
511113,513966,514016,50,2853
511159,513974,514015,41,2815
511113,513948,514016,68,2835
511113,513959,514016,57,2846
511159,513975,514017,42,2816
511113,513966,514016,50,2853
511113,513946,514017,71,2833
511159,513978,514018,40,2819
511113,513959,514019,60,2846
510452,513254,514020,766,2802
511113,513961,514020,59,2848
511113,513964,514020,56,2851
511159,513976,514021,45,2817
511113,513955,514012,57,2842
511113,513963,514017,54,2850
511159,513979,514023,44,2820
511113,513963,514023,60,2850
511113,513963,514026,63,2850
511159,514012,514028,16,2853
511113,513962,514029,67,2849
511159,514012,514030,18,2853
511159,514006,514030,24,2847
511159,514012,514031,19,2853
511159,514013,514031,18,2854
511159,514012,514032,20,2853
511113,513959,514033,74,2846
511159,514010,514035,25,2851
511159,514010,514035,25,2851
511159,513998,514037,39,2839
511159,514006,514038,32,2847
511159,514001,514039,38,2842
511159,514015,514040,25,2856
511159,513998,514041,43,2839
511159,513996,514045,49,2837
511159,513998,514045,47,2839
511159,514016,514047,31,2857
511159,514014,514047,33,2855
511159,513995,514047,52,2836
511159,514016,514048,32,2857
511159,513980,514049,69,2821
511159,513998,514048,50,2839
511159,514006,514049,43,2847
511159,514001,514048,47,2842
511159,513995,514049,54,2836
511159,514014,514049,35,2855
511159,514014,514049,35,2855
511159,514023,514049,26,2864
511159,514016,514051,35,2857
511159,513999,514051,52,2840
511159,514001,514053,52,2842
511159,514016,514055,39,2857
511159,513997,514056,59,2838
511159,514002,514056,54,2843
511159,514030,514058,28,2871
511159,513994,514059,65,2835
511159,513994,514059,65,2835
511159,514003,514060,57,2844
511159,514032,514060,28,2873
511159,514031,514060,29,2872
511159,514017,514061,44,2858
511159,514003,514062,59,2844
511159,514021,514063,42,2862
511159,514032,514064,32,2873
511159,514027,514066,39,2868
511159,513981,514065,84,2822
511159,514017,514067,50,2858
511159,514005,514068,63,2846
511159,514022,514068,46,2863
511159,514023,514068,45,2864
511159,514021,514069,48,2862
511159,514003,514069,66,2844
511159,514020,514069,49,2861
511159,514029,514069,40,2870
511159,514030,514070,40,2871
511159,514033,514070,37,2874
511159,514017,514071,54,2858
511159,514024,514072,48,2865
511159,514023,514071,48,2864
511159,514017,514072,55,2858
511159,514004,514072,68,2845
511159,514019,514073,54,2860
511159,514017,514075,58,2858
511159,513984,514075,91,2825
511159,514036,514076,40,2877
511159,514023,514077,54,2864
511159,514034,514078,44,2875
511159,514005,514078,73,2846
511159,514038,514078,40,2879
511159,514041,514078,37,2882
511159,514041,514079,38,2882
511159,514020,514079,59,2861
511159,514036,514080,44,2877
511159,513985,514083,98,2826
511159,513983,514083,100,2824
511159,514047,514084,37,2888
511159,513986,514085,99,2827
511159,514046,514088,42,2887
511159,514040,514088,48,2881
511159,513994,514089,95,2835
511159,514038,514090,52,2879
511159,513984,514091,107,2825
511159,513986,514092,106,2827
511159,514050,514092,42,2891
511159,513988,514092,104,2829
511159,513990,514094,104,2831
511159,514047,514094,47,2888
511159,513987,514096,109,2828
511235,514072,514096,24,2837
511159,514046,514095,49,2887
511159,514049,514096,47,2890
511159,514048,514097,49,2889
511159,514050,514097,47,2891
511159,513986,514098,112,2827
511235,514072,514100,28,2837
511235,514072,514100,28,2837
511235,514071,514100,29,2836
511159,514050,514103,53,2891
511159,514050,514103,53,2891
511159,514048,514103,55,2889
511159,514049,514103,54,2890
511159,514049,514103,54,2890
511159,513990,514105,115,2831
511159,514062,514105,43,2903
511159,513986,514105,119,2827
511235,514075,514106,31,2840
511159,514052,514107,55,2893
511235,514074,514107,33,2839
511159,514070,514107,37,2911
511159,514056,514108,52,2897
511159,514061,514108,47,2902
511235,514071,514108,37,2836
511159,514049,514108,59,2890
511159,514054,514108,54,2895
511159,514057,514108,51,2898
511159,514063,514109,46,2904
511159,514064,514109,45,2905
511235,514077,514111,34,2842
511159,514052,514111,59,2893
511159,514058,514111,53,2899
511235,514077,514112,35,2842
511159,514064,514112,48,2905
511235,514076,514113,37,2841
511159,514060,514115,55,2901
511235,514073,514115,42,2838
511235,514078,514115,37,2843
511159,514068,514115,47,2909
511159,514069,514117,48,2910
511159,514069,514118,49,2910
511159,514066,514119,53,2907
511159,514059,514119,60,2900
511159,514069,514121,52,2910
511159,514057,514122,65,2898
511159,514061,514122,61,2902
511235,514078,514123,45,2843
511159,514061,514123,62,2902
511159,514068,514123,55,2909
511159,514066,514115,49,2907
511159,514070,514124,54,2911
511235,514078,514125,47,2843
510541,513347,514124,777,2806
511159,514070,514126,56,2911
511235,514108,514127,19,2873
511235,514109,514127,18,2874
511235,514109,514128,19,2874
511235,514109,514129,20,2874
511235,514108,514130,22,2873
511235,514108,514132,24,2873
511235,514108,514133,25,2873
511235,514100,514135,35,2865
511235,514110,514138,28,2875
511235,514112,514139,27,2877
511235,514096,514140,44,2861
511235,514098,514139,41,2863
511235,514111,514140,29,2876
511235,514094,514140,46,2859
511235,514096,514141,45,2861
511235,514079,514142,63,2844
511235,514099,514142,43,2864
511235,514096,514142,46,2861
511235,514108,514142,34,2873
511235,514097,514143,46,2862
511235,514112,514143,31,2877
511235,514094,514145,51,2859
511235,514124,514145,21,2889
511235,514107,514145,38,2872
511235,514093,514146,53,2858
511235,514112,514146,34,2877
511235,514100,514146,46,2865
511235,514098,514149,51,2863
511235,514101,514148,47,2866
511235,514104,514149,45,2869
511235,514128,514150,22,2893
511235,514103,514150,47,2868
511235,514112,514150,38,2877
511235,514107,514151,44,2872
511235,514129,514152,23,2894
511235,514079,514154,75,2844
511235,514104,514154,50,2869
511235,514103,514155,52,2868
511235,514130,514156,26,2895
511235,514128,514156,28,2893
511235,514103,514156,53,2868
511235,514105,514157,52,2870
511235,514092,514158,66,2857
511235,514125,514159,34,2890
511235,514123,514160,37,2888
511235,514122,514160,38,2887
511235,514124,514160,36,2889
511235,514125,514161,36,2890
511235,514123,514162,39,2888
511235,514113,514162,49,2878
511235,514131,514162,31,2896
511235,514124,514162,38,2889
511235,514127,514166,39,2892
511235,514120,514166,46,2885
511235,514132,514167,35,2897
511235,514120,514167,47,2885
511235,514123,514168,45,2888
511235,514125,514171,46,2890
511235,514123,514172,49,2888
511235,514135,514172,37,2900
511235,514141,514172,31,2906
511235,514084,514173,89,2849
511235,514081,514173,92,2846
511235,514134,514173,39,2899
511235,514117,514174,57,2882
511235,514092,514175,83,2857
511235,514142,514175,33,2907
511235,514106,514175,69,2871
511235,514116,514175,59,2881
511235,514140,514177,37,2905
511235,514085,514177,92,2850
511235,514116,514178,62,2881
511235,514116,514177,61,2881
511235,514106,514178,72,2871
511235,514119,514179,60,2884
511235,514084,514179,95,2849
511235,514086,514180,94,2851
511235,514142,514180,38,2907
511235,514140,514180,40,2905
511235,514142,514181,39,2907
511235,514141,514182,41,2906
511235,514138,514182,44,2903
511235,514140,514183,43,2905
511235,514143,514184,41,2908
511235,514080,514185,105,2845
511235,514143,514184,41,2908
511235,514116,514185,69,2881
511235,514143,514187,44,2908
511338,514168,514188,20,2830
511235,514150,514189,39,2915
511235,514090,514189,99,2855
511235,514146,514189,43,2911
511235,514149,514190,41,2914
511235,514147,514190,43,2912
511338,514168,514191,23,2830
511338,514168,514191,23,2830
511235,514160,514192,32,2925
511235,514145,514193,48,2910
511235,514089,514192,103,2854
511338,514173,514193,20,2835
511235,514144,514194,50,2909
511235,514153,514195,42,2918
511235,514147,514196,49,2912
511235,514145,514196,51,2910
511235,514151,514196,45,2916
511338,514172,514197,25,2834
511235,514146,514197,51,2911
511235,514151,514197,46,2916
511235,514091,514197,106,2856
511235,514156,514199,43,2921
511235,514089,514199,110,2854
511235,514155,514199,44,2920
511338,514173,514200,27,2835
511235,514166,514199,33,2931
511235,514149,514200,51,2914
511235,514162,514200,38,2927
511235,514088,514200,112,2853
511235,514162,514201,39,2927
511235,514154,514201,47,2919
511338,514174,514202,28,2836
511235,514150,514202,52,2915
511338,514172,514202,30,2834
511235,514159,514203,44,2924
511338,514173,514204,31,2835
511235,514156,514205,49,2921
511338,514174,514205,31,2836
511235,514158,514205,47,2923
511235,514157,514206,49,2922
511235,514160,514206,46,2925
511338,514176,514207,31,2838
511235,514151,514207,56,2916
511235,514159,514207,48,2924
511235,514157,514207,50,2922
511235,514163,514207,44,2928
511235,514161,514208,47,2926
511338,514175,514209,34,2837
511338,514175,514210,35,2837
511235,514162,514211,49,2927
511235,514163,514211,48,2928
510654,513451,514213,762,2797
511338,514201,514217,16,2863
511338,514200,514218,18,2862
511338,514200,514219,19,2862
511338,514199,514222,23,2861
511338,514199,514220,21,2861
511338,514201,514223,22,2863
511338,514201,514224,23,2863
511338,514200,514224,24,2862
511338,514185,514226,41,2847
511338,514197,514226,29,2859
511338,514176,514226,50,2838
511338,514191,514226,35,2853
511338,514197,514227,30,2859
511338,514195,514228,33,2857
511338,514176,514229,53,2838
511338,514193,514230,37,2855
511338,514194,514230,36,2856
511338,514197,514230,33,2859
511338,514189,514231,42,2851
511338,514190,514232,42,2852
511338,514191,514233,42,2853
511338,514190,514234,44,2852
511338,514185,514234,49,2847
511338,514185,514235,50,2847
511338,514207,514236,29,2869
511338,514219,514236,17,2881
511338,514190,514236,46,2852
511338,514202,514237,35,2864
511338,514207,514237,30,2869
511338,514193,514237,44,2855
511338,514211,514238,27,2873
511338,514192,514238,46,2854
511338,514207,514238,31,2869
511338,514192,514238,46,2854
511338,514196,514238,42,2858
511338,514197,514238,41,2859
511338,514188,514239,51,2850
511338,514193,514238,45,2855
511338,514207,514239,32,2869
511338,514207,514239,32,2869
511338,514212,514240,28,2874
511338,514214,514240,26,2876
511338,514207,514241,34,2869
511338,514208,514241,33,2870
511338,514205,514242,37,2867
511338,514222,514243,21,2884
511338,514224,514244,20,2886
511338,514185,514245,60,2847
511338,514222,514246,24,2884
511338,514183,514245,62,2845
511338,514217,514247,30,2879
511338,514196,514248,52,2858
511338,514203,514248,45,2865
511338,514219,514248,29,2881
511338,514196,514249,53,2858
511338,514204,514250,46,2866
511338,514197,514251,54,2859
511338,514209,514251,42,2871
511338,514178,514252,74,2840
511338,514211,514254,43,2873
511338,514225,514254,29,2887
511338,514209,514255,46,2871
511338,514224,514256,32,2886
511338,514227,514257,30,2889
511338,514222,514258,36,2884
511338,514184,514258,74,2846
511338,514229,514258,29,2891
511338,514226,514259,33,2888
511338,514205,514260,55,2867
511338,514179,514261,82,2841
511338,514232,514261,29,2894
511338,514227,514261,34,2889
511338,514202,514262,60,2864
511338,514230,514262,32,2892
511338,514203,514262,59,2865
511338,514227,514264,37,2889
511338,514228,514263,35,2890
511338,514204,514265,61,2866
511338,514178,514264,86,2840
511338,514233,514265,32,2895
511338,514230,514265,35,2892
511338,514178,514267,89,2840
511338,514178,514267,89,2840
511338,514178,514268,90,2840
511338,514228,514268,40,2890
511397,514251,514269,18,2854
511338,514202,514269,67,2864
511338,514182,514269,87,2844
511397,514250,514270,20,2853
511338,514231,514270,39,2893
511338,514233,514271,38,2895
511397,514253,514272,19,2856
511338,514239,514273,34,2901
511338,514235,514273,38,2897
511338,514248,514273,25,2910
511397,514251,514275,24,2854
511338,514239,514275,36,2901
511338,514235,514276,41,2897
511338,514180,514276,96,2842
511338,514235,514276,41,2897
511338,514237,514277,40,2899
511338,514238,514277,39,2900
511338,514181,514278,97,2843
511338,514180,514278,98,2842
511338,514236,514279,43,2898
511338,514237,514278,41,2899
511397,514254,514278,24,2857
511338,514181,514278,97,2843
511397,514256,514279,23,2859
511338,514239,514279,40,2901
511397,514255,514280,25,2858
511338,514238,514281,43,2900
511338,514242,514281,39,2904
511338,514239,514281,42,2901
511397,514257,514281,24,2860
511338,514236,514281,45,2898
511338,514242,514282,40,2904
511338,514243,514281,38,2905
511338,514181,514282,101,2843
511338,514238,514282,44,2900
511338,514240,514283,43,2902
511338,514244,514283,39,2906
511338,514246,514283,37,2908
511397,514258,514284,26,2861
511338,514246,514284,38,2908
511338,514247,514284,37,2909
511338,514239,514284,45,2901
511338,514242,514285,43,2904
511338,514241,514286,45,2903
511338,514240,514285,45,2902
511338,514241,514286,45,2903
511338,514248,514286,38,2910
511338,514248,514285,37,2910
511397,514258,514286,28,2861
511338,514239,514287,48,2901
511397,514257,514287,30,2860
511338,514246,514288,42,2908
511397,514258,514289,31,2861
511338,514238,514290,52,2900
511397,514260,514291,31,2863
511397,514282,514298,16,2885
511397,514282,514299,17,2885
511397,514261,514300,39,2864
511397,514282,514301,19,2885
511397,514282,514302,20,2885
511397,514281,514302,21,2884
511397,514282,514304,22,2885
511397,514281,514304,23,2884
511397,514281,514306,25,2884
511397,514273,514307,34,2876
511397,514275,514308,33,2878
511397,514271,514309,38,2874
511397,514279,514309,30,2882
511397,514279,514309,30,2882
511397,514269,514310,41,2872
511397,514287,514311,24,2890
511397,514291,514312,21,2894
511397,514286,514312,26,2889
511397,514275,514312,37,2878
511397,514274,514312,38,2877
511397,514272,514313,41,2875
511397,514278,514313,35,2881
511397,514287,514315,28,2890
511397,514273,514314,41,2876
511397,514278,514314,36,2881
511397,514286,514314,28,2889
511397,514277,514315,38,2880
511397,514283,514315,32,2886
511397,514292,514315,23,2895
511397,514287,514317,30,2890
511397,514285,514317,32,2888
511397,514283,514318,35,2886
511397,514277,514319,42,2880
511397,514283,514318,35,2886
511397,514276,514318,42,2879
511397,514277,514318,41,2880
511397,514272,514319,47,2875
511397,514284,514319,35,2887
511397,514290,514320,30,2893
511397,514288,514321,33,2891
511397,514270,514321,51,2873
511397,514279,514321,42,2882
511397,514270,514321,51,2873
511397,514298,514322,24,2901
511397,514305,514322,17,2908
511397,514303,514322,19,2906
511397,514283,514322,39,2886
511397,514284,514323,39,2887
511397,514303,514323,20,2906
511397,514270,514325,55,2873
511397,514288,514325,37,2891
511397,514279,514325,46,2882
510765,513556,514325,769,2791
511397,514279,514326,47,2882
511397,514268,514326,58,2871
511397,514277,514326,49,2880
511397,514302,514327,25,2905
511397,514287,514328,41,2890
511397,514305,514328,23,2908
511397,514300,514328,28,2903
511397,514285,514328,43,2888
511397,514268,514329,61,2871
511397,514261,514329,68,2864
511397,514279,514330,51,2882
511397,514289,514330,41,2892
511397,514300,514331,31,2903
511397,514285,514333,48,2888
511397,514307,514336,29,2910
511397,514285,514336,51,2888
511397,514309,514339,30,2912
511397,514308,514341,33,2911
511397,514310,514340,30,2913
511397,514313,514341,28,2916
511397,514261,514341,80,2864
511397,514313,514341,28,2916
511397,514308,514341,33,2911
511397,514312,514342,30,2915
511397,514310,514342,32,2913
511397,514313,514344,31,2916
511397,514312,514345,33,2915
511397,514262,514345,83,2865
511397,514311,514345,34,2914
511397,514268,514345,77,2871
511397,514312,514345,33,2915
511397,514267,514346,79,2870
511468,514328,514346,18,2860
511397,514319,514348,29,2922
511468,514328,514349,21,2860
511397,514263,514349,86,2866
511397,514319,514350,31,2922
511468,514328,514350,22,2860
511397,514264,514350,86,2867
511397,514316,514350,34,2919
511397,514315,514351,36,2918
511397,514325,514351,26,2928
511468,514328,514351,23,2860
511468,514329,514351,22,2861
511468,514329,514353,24,2861
511397,514315,514354,39,2918
511468,514329,514354,25,2861
511397,514319,514355,36,2922
511397,514315,514354,39,2918
511397,514263,514354,91,2866
511397,514319,514355,36,2922
511397,514326,514356,30,2929
511468,514332,514356,24,2864
511397,514316,514356,40,2919
511397,514315,514355,40,2918
511397,514321,514357,36,2924
511397,514325,514357,32,2928
511397,514325,514357,32,2928
511397,514266,514357,91,2869
511397,514313,514358,45,2916
511397,514323,514358,35,2926
511397,514263,514358,95,2866
511468,514333,514358,25,2865
511397,514265,514359,94,2868
511397,514327,514358,31,2930
511397,514323,514358,35,2926
511468,514330,514359,29,2862
511397,514319,514359,40,2922
511397,514324,514360,36,2927
511397,514318,514360,42,2921
511397,514266,514361,95,2869
511397,514315,514360,45,2918
511468,514331,514360,29,2863
511397,514321,514362,41,2924
511397,514322,514362,40,2925
511397,514321,514362,41,2924
511397,514324,514363,39,2927
511397,514318,514364,46,2921
511397,514319,514365,46,2922
511397,514264,514365,101,2867
511397,514265,514365,100,2868
511397,514318,514365,47,2921
511397,514326,514365,39,2929
511397,514322,514366,44,2925
511397,514321,514368,47,2924
511397,514323,514369,46,2926
511468,514336,514369,33,2868
511468,514336,514372,36,2868
511468,514358,514377,19,2890
511468,514359,514377,18,2891
511468,514358,514378,20,2890
511468,514359,514378,19,2891
511468,514359,514378,19,2891
511468,514340,514378,38,2872
511468,514359,514379,20,2891
511468,514358,514381,23,2890
511468,514351,514384,33,2883
511468,514352,514385,33,2884
511468,514359,514385,26,2891
511468,514358,514385,27,2890
511468,514352,514386,34,2884
511468,514356,514386,30,2888
511468,514354,514387,33,2886
511468,514360,514388,28,2892
511468,514355,514389,34,2887
511468,514346,514390,44,2878
511468,514364,514390,26,2896
511468,514351,514390,39,2883
511468,514356,514390,34,2888
511468,514356,514391,35,2888
511468,514360,514391,31,2892
511468,514351,514391,40,2883
511468,514351,514392,41,2883
511468,514354,514393,39,2886
511468,514369,514392,23,2901
511468,514341,514393,52,2873
511468,514363,514393,30,2895
511468,514365,514394,29,2897
511468,514365,514395,30,2897
511468,514355,514395,40,2887
511468,514373,514395,22,2905
511468,514355,514396,41,2887
511468,514356,514396,40,2888
511468,514365,514396,31,2897
511468,514350,514396,46,2882
511468,514379,514397,18,2911
511468,514354,514397,43,2886
511468,514356,514397,41,2888
511468,514378,514397,19,2910
511468,514357,514397,40,2889
511468,514380,514398,18,2912
511468,514378,514398,20,2910
511468,514366,514398,32,2898
511468,514352,514398,46,2884
511468,514360,514399,39,2892
511468,514346,514399,53,2878
511468,514349,514399,50,2881
511468,514348,514399,51,2880
511468,514349,514400,51,2881
511468,514361,514399,38,2893
511468,514370,514400,30,2902
511468,514366,514400,34,2898
511468,514360,514400,40,2892
511468,514361,514400,39,2893
511468,514381,514402,21,2913
511468,514363,514402,39,2895
511468,514384,514402,18,2916
511468,514369,514404,35,2901
511468,514378,514405,27,2910
511468,514378,514405,27,2910
511468,514361,514405,44,2893
511468,514357,514406,49,2889
511468,514378,514406,28,2910
511468,514347,514408,61,2879
511468,514378,514409,31,2910
511468,514366,514410,44,2898
511468,514385,514409,24,2917
511468,514362,514410,48,2894
511468,514341,514411,70,2873
511468,514341,514414,73,2873
511468,514390,514414,24,2922
511468,514345,514416,71,2877
511468,514385,514417,32,2917
511468,514388,514418,30,2920
511468,514389,514418,29,2921
511560,514403,514418,15,2843
511468,514390,514419,29,2922
511468,514386,514419,33,2918
511468,514386,514420,34,2918
511468,514342,514420,78,2874
511468,514345,514420,75,2877
511468,514387,514420,33,2919
511468,514341,514420,79,2873
511468,514390,514421,31,2922
511560,514403,514423,20,2843
511468,514345,514423,78,2877
511468,514390,514424,34,2922
511468,514343,514424,81,2875
511560,514403,514424,21,2843
511468,514392,514425,33,2924
511468,514390,514424,34,2922
511560,514404,514425,21,2844
511468,514345,514426,81,2877
511468,514391,514426,35,2923
511468,514397,514427,30,2929
511468,514392,514428,36,2924
511560,514406,514430,24,2846
511468,514393,514429,36,2925
511468,514393,514430,37,2925
511560,514407,514430,23,2847
511560,514406,514432,26,2846
511560,514405,514432,27,2845
511468,514400,514432,32,2932
511468,514398,514433,35,2930
511468,514400,514433,33,2932
511468,514394,514433,39,2926
511468,514400,514433,33,2932
511468,514399,514433,34,2931
511560,514406,514433,27,2846
511468,514400,514433,33,2932
510847,513659,514434,775,2812
511560,514409,514434,25,2849
511560,514410,514434,24,2850
511468,514399,514434,35,2931
511468,514400,514435,35,2932
511468,514395,514434,39,2927
511468,514341,514435,94,2873
511468,514398,514436,38,2930
511468,514398,514436,38,2930
511468,514399,514436,37,2931
511560,514408,514437,29,2848
511468,514392,514436,44,2924
511468,514400,514437,37,2932
511468,514395,514437,42,2927
511468,514343,514438,95,2875
511468,514400,514438,38,2932
511468,514396,514439,43,2928
511468,514398,514438,40,2930
511468,514396,514439,43,2928
511468,514396,514441,45,2928
511468,514401,514442,41,2933
511468,514394,514442,48,2926
511468,514397,514442,45,2929
511468,514396,514443,47,2928
511468,514397,514443,46,2929
511468,514398,514444,46,2930
511468,514398,514445,47,2930
511560,514411,514449,38,2851
511468,514345,514452,107,2877
511560,514435,514452,17,2875
511560,514435,514454,19,2875
511560,514435,514454,19,2875
511560,514410,514454,44,2850
511560,514425,514455,30,2865
511560,514436,514456,20,2876
511560,514435,514457,22,2875
511560,514434,514457,23,2874
511560,514435,514458,23,2875
511560,514434,514459,25,2874
511560,514429,514460,31,2869
511560,514433,514460,27,2873
511560,514424,514460,36,2864
511560,514430,514461,31,2870
511560,514428,514462,34,2868
511560,514432,514462,30,2872
511560,514412,514462,50,2852
511560,514431,514463,32,2871
511560,514424,514463,39,2864
511560,514437,514464,27,2877
511560,514427,514463,36,2867
511560,514425,514464,39,2865
511560,514437,514465,28,2877
511560,514430,514464,34,2870
511560,514440,514465,25,2880
511560,514433,514466,33,2873
511560,514431,514467,36,2871
511560,514439,514467,28,2879
511560,514444,514467,23,2884
511560,514434,514468,34,2874
511560,514443,514469,26,2883
511560,514427,514471,44,2867
511560,514445,514471,26,2885
511560,514442,514471,29,2882
511560,514433,514471,38,2873
511560,514437,514471,34,2877
511560,514434,514472,38,2874
511560,514450,514472,22,2890
511560,514442,514472,30,2882
511560,514425,514473,48,2865
511560,514426,514474,48,2866
511560,514423,514474,51,2863
511560,514439,514474,35,2879
511560,514442,514474,32,2882
511560,514456,514475,19,2896
511560,514437,514474,37,2877
511560,514421,514475,54,2861
511560,514456,514475,19,2896
511560,514437,514475,38,2877
511560,514453,514475,22,2893
511560,514454,514476,22,2894
511560,514432,514476,44,2872
511560,514452,514476,24,2892
511560,514457,514477,20,2897
511560,514457,514477,20,2897
511560,514424,514478,54,2864
511560,514421,514478,57,2861
511560,514444,514479,35,2884
511560,514422,514479,57,2862
511560,514458,514479,21,2898
511560,514455,514480,25,2895
511560,514438,514480,42,2878
511560,514437,514481,44,2877
511560,514444,514483,39,2884
511560,514455,514483,28,2895
511560,514434,514483,49,2874
511560,514439,514483,44,2879
511560,514433,514486,53,2873
511560,514418,514487,69,2858
511560,514459,514489,30,2899
511560,514414,514490,76,2854
511560,514461,514491,30,2901
511560,514461,514491,30,2901
511560,514463,514492,29,2903
511560,514420,514492,72,2860
511560,514461,514492,31,2901
511560,514438,514493,55,2878
511560,514462,514494,32,2902
511560,514464,514495,31,2904
511560,514419,514496,77,2859
511654,514480,514496,16,2826
511560,514462,514496,34,2902
511560,514463,514496,33,2903
511560,514463,514496,33,2903
511560,514464,514496,32,2904
511560,514463,514497,34,2903
511560,514421,514498,77,2861
511654,514479,514499,20,2825
511654,514480,514500,20,2826
511560,514465,514500,35,2905
511560,514415,514500,85,2855
511560,514465,514500,35,2905
511654,514480,514500,20,2826
511654,514479,514501,22,2825
511560,514466,514501,35,2906
511560,514464,514501,37,2904
511654,514481,514501,20,2827
511560,514420,514503,83,2860
511560,514418,514502,84,2858
511560,514472,514502,30,2912
511560,514473,514504,31,2913
511560,514418,514504,86,2858
511560,514468,514504,36,2908
511654,514480,514505,25,2826
511560,514476,514505,29,2916
511560,514467,514505,38,2907
511560,514416,514506,90,2856
511560,514476,514506,30,2916
511560,514470,514506,36,2910
511560,514476,514507,31,2916
511654,514483,514507,24,2829
511560,514474,514508,34,2914
511560,514475,514508,33,2915
511560,514420,514508,88,2860
511654,514483,514508,25,2829
511654,514483,514508,25,2829
511560,514477,514509,32,2917
511560,514477,514509,32,2917
511560,514465,514509,44,2905
511560,514467,514509,42,2907
511560,514472,514510,38,2912
511560,514474,514510,36,2914
511560,514472,514511,39,2912
511560,514472,514511,39,2912
511560,514474,514511,37,2914
511560,514468,514511,43,2908
511560,514477,514513,36,2917
511560,514474,514514,40,2914
511560,514472,514513,41,2912
511560,514472,514514,42,2912
511560,514478,514514,36,2918
511654,514484,514515,31,2830
511560,514477,514515,38,2917
511654,514489,514517,28,2835
511654,514487,514517,30,2833
511654,514488,514518,30,2834
511560,514471,514518,47,2911
511560,514474,514519,45,2914
511560,514476,514526,50,2916
511654,514509,514529,20,2855
511654,514509,514529,20,2855
511654,514510,514530,20,2856
511560,514420,514519,99,2860
511560,514475,514516,41,2915
511654,514510,514527,17,2856
511654,514509,514532,23,2855
511654,514506,514532,26,2852
511654,514503,514533,30,2849
511654,514510,514534,24,2856
511654,514501,514536,35,2847
511654,514510,514535,25,2856
510951,513763,514536,773,2812
511654,514505,514536,31,2851
511654,514514,514537,23,2860
511654,514503,514537,34,2849
511654,514501,514537,36,2847
511654,514504,514537,33,2850
511654,514497,514537,40,2843
511654,514506,514537,31,2852
511654,514502,514537,35,2848
511654,514509,514538,29,2855
511654,514509,514538,29,2855
511654,514507,514538,31,2853
511654,514503,514538,35,2849
511654,514502,514538,36,2848
511654,514500,514539,39,2846
511654,514508,514540,32,2854
511654,514491,514539,48,2837
511654,514499,514540,41,2845
511654,514501,514540,39,2847
511654,514506,514541,35,2852
511654,514502,514541,39,2848
511654,514505,514541,36,2851
511654,514511,514542,31,2857
511654,514501,514543,42,2847
511654,514515,514543,28,2861
511654,514518,514543,25,2864
511654,514504,514544,40,2850
511654,514516,514545,29,2862
511654,514511,514545,34,2857
511654,514516,514545,29,2862
511654,514500,514545,45,2846
511654,514520,514545,25,2866
511654,514498,514548,50,2844
511654,514518,514548,30,2864
511654,514514,514548,34,2860
511654,514519,514549,30,2865
511654,514530,514550,20,2876
511654,514533,514550,17,2879
511654,514497,514551,54,2843
511654,514530,514551,21,2876
511654,514530,514551,21,2876
511654,514530,514552,22,2876
511654,514507,514552,45,2853
511654,514507,514552,45,2853
511654,514527,514552,25,2873
511654,514530,514552,22,2876
511654,514510,514552,42,2856
511654,514534,514553,19,2880
511654,514533,514553,20,2879
511654,514491,514554,63,2837
511654,514512,514554,42,2858
511654,514497,514555,58,2843
511654,514532,514554,22,2878
511654,514536,514555,19,2882
511654,514512,514558,46,2858
511654,514537,514558,21,2883
511654,514519,514558,39,2865
511654,514513,514558,45,2859
511654,514536,514559,23,2882
511654,514512,514560,48,2858
511654,514530,514560,30,2876
511654,514537,514563,26,2883
511654,514539,514566,27,2885
511654,514538,514567,29,2884
511654,514491,514567,76,2837
511654,514538,514568,30,2884
511654,514538,514568,30,2884
511654,514538,514568,30,2884
511654,514539,514569,30,2885
511654,514495,514569,74,2841
511654,514538,514570,32,2884
511736,514553,514570,17,2817
511736,514553,514571,18,2817
511654,514493,514571,78,2839
511654,514539,514571,32,2885
511654,514493,514572,79,2839
511654,514497,514571,74,2843
511654,514538,514573,35,2884
511654,514539,514573,34,2885
511654,514537,514574,37,2883
511654,514541,514575,34,2887
511654,514493,514576,83,2839
511654,514540,514576,36,2886
511654,514543,514576,33,2889
511736,514555,514577,22,2819
511654,514495,514576,81,2841
511736,514554,514576,22,2818
511736,514556,514577,21,2820
511654,514546,514577,31,2892
511654,514544,514578,34,2890
511654,514552,514578,26,2898
511654,514543,514579,36,2889
511654,514546,514579,33,2892
511654,514496,514580,84,2842
511654,514549,514580,31,2895
511654,514539,514580,41,2885
511654,514540,514580,40,2886
511736,514555,514581,26,2819
511654,514544,514582,38,2890
511654,514546,514582,36,2892
511736,514555,514582,27,2819
511654,514542,514583,41,2888
511654,514492,514583,91,2838
511654,514530,514583,53,2876
511654,514546,514584,38,2892
511654,514546,514584,38,2892
511654,514539,514584,45,2885
511654,514552,514584,32,2898
511654,514548,514584,36,2894
511654,514552,514584,32,2898
511654,514551,514584,33,2897
511654,514551,514585,34,2897
511654,514540,514585,45,2886
511654,514552,514585,33,2898
511654,514550,514586,36,2896
511736,514555,514586,31,2819
511736,514558,514586,28,2822
511654,514541,514587,46,2887
511654,514496,514587,91,2842
511654,514552,514587,35,2898
511654,514549,514587,38,2895
511736,514558,514587,29,2822
511736,514559,514587,28,2823
511654,514542,514588,46,2888
511654,514496,514589,93,2842
511654,514545,514589,44,2891
511654,514551,514589,38,2897
511736,514558,514589,31,2822
511654,514550,514590,40,2896
511736,514559,514591,32,2823
511736,514561,514597,36,2825
511736,514585,514599,14,2849
511736,514585,514603,18,2849
511736,514585,514603,18,2849
511736,514585,514604,19,2849
511736,514581,514606,25,2845
511736,514561,514606,45,2825
511736,514584,514606,22,2848
511736,514577,514607,30,2841
511736,514585,514609,24,2849
511736,514572,514608,36,2836
511736,514584,514608,24,2848
511736,514591,514610,19,2855
511736,514579,514610,31,2843
511736,514580,514610,30,2844
511736,514582,514611,29,2846
511736,514591,514611,20,2855
511736,514576,514611,35,2840
511736,514580,514611,31,2844
511736,514588,514612,24,2852
511736,514589,514611,22,2853
511736,514577,514611,34,2841
511736,514577,514612,35,2841
511736,514588,514612,24,2852
511736,514585,514613,28,2849
511736,514590,514613,23,2854
511736,514578,514613,35,2842
511736,514575,514614,39,2839
511736,514578,514615,37,2842
511736,514587,514615,28,2851
511736,514588,514615,27,2852
511736,514575,514616,41,2839
511736,514581,514616,35,2845
511736,514579,514617,38,2843
511736,514573,514616,43,2837
511736,514588,514616,28,2852
511736,514578,514617,39,2842
511736,514589,514617,28,2853
511736,514573,514617,44,2837
511736,514589,514618,29,2853
511736,514583,514619,36,2847
511736,514576,514619,43,2840
511736,514598,514620,22,2862
511736,514572,514620,48,2836
511736,514581,514620,39,2845
511736,514584,514621,37,2848
511736,514590,514620,30,2854
511736,514600,514620,20,2864
511736,514576,514622,46,2840
511736,514582,514621,39,2846
511736,514607,514622,15,2871
511736,514582,514622,40,2846
511736,514604,514623,19,2868
511736,514607,514624,17,2871
511736,514572,514625,53,2836
511736,514608,514626,18,2872
511736,514563,514626,63,2827
511033,513866,514626,760,2833
511736,514572,514627,55,2836
511736,514609,514627,18,2873
511736,514587,514627,40,2851
511736,514609,514628,19,2873
511736,514586,514628,42,2850
511736,514604,514629,25,2868
511736,514585,514629,44,2849
511736,514609,514630,21,2873
511736,514569,514632,63,2833
511736,514567,514633,66,2831
511736,514607,514633,26,2871
511736,514587,514634,47,2851
511736,514568,514634,66,2832
511736,514605,514634,29,2869
511736,514586,514635,49,2850
511736,514567,514634,67,2831
511736,514568,514636,68,2832
511736,514572,514637,65,2836
511736,514587,514637,50,2851
511736,514610,514637,27,2874
511736,514585,514637,52,2849
511736,514611,514639,28,2875
511736,514569,514640,71,2833
511736,514570,514640,70,2834
511736,514586,514640,54,2850
511736,514612,514641,29,2876
511736,514611,514641,30,2875
511736,514612,514642,30,2876
511736,514611,514642,31,2875
511736,514611,514642,31,2875
511736,514614,514643,29,2878
511736,514612,514643,31,2876
511736,514612,514644,32,2876
511736,514570,514645,75,2834
511824,514627,514646,19,2803
511736,514614,514646,32,2878
511736,514569,514646,77,2833
511824,514627,514647,20,2803
511736,514613,514647,34,2877
511736,514618,514648,30,2882
511736,514612,514648,36,2876
511824,514628,514649,21,2804
511824,514628,514649,21,2804
511824,514626,514649,23,2802
511824,514629,514650,21,2805
511736,514613,514650,37,2877
511736,514617,514650,33,2881
511736,514613,514650,37,2877
511736,514616,514651,35,2880
511736,514615,514651,36,2879
511736,514624,514651,27,2888
511736,514613,514651,38,2877
511736,514621,514652,31,2885
511736,514617,514653,36,2881
511736,514617,514654,37,2881
511736,514626,514654,28,2890
511824,514630,514655,25,2806
511736,514619,514655,36,2883
511736,514620,514655,35,2884
511736,514618,514655,37,2882
511736,514625,514656,31,2889
511736,514618,514655,37,2882
511824,514629,514656,27,2805
511824,514633,514656,23,2809
511736,514615,514656,41,2879
511736,514623,514657,34,2887
511736,514620,514657,37,2884
511736,514624,514657,33,2888
511824,514630,514657,27,2806
511736,514621,514657,36,2885
511736,514570,514657,87,2834
511736,514621,514658,37,2885
511736,514622,514658,36,2886
511736,514622,514660,38,2886
511736,514621,514659,38,2885
511736,514616,514660,44,2880
511736,514616,514661,45,2880
511736,514620,514662,42,2884
511736,514621,514662,41,2885
511824,514634,514663,29,2810
511824,514633,514666,33,2809
511736,514622,514667,45,2886
511824,514634,514668,34,2810
511824,514656,514672,16,2832
511824,514656,514673,17,2832
511824,514651,514676,25,2827
511824,514634,514676,42,2810
511824,514656,514675,19,2832
511824,514645,514677,32,2821
511824,514647,514678,31,2823
511824,514655,514677,22,2831
511824,514648,514679,31,2824
511824,514656,514679,23,2832
511824,514650,514679,29,2826
511824,514651,514680,29,2827
511824,514651,514680,29,2827
511824,514648,514681,33,2824
511824,514655,514681,26,2831
511824,514646,514682,36,2822
511824,514652,514681,29,2828
511824,514651,514681,30,2827
511824,514650,514682,32,2826
511824,514657,514682,25,2833
511824,514649,514682,33,2825
511824,514661,514683,22,2837
511824,514650,514683,33,2826
511824,514635,514682,47,2811
511824,514651,514683,32,2827
511824,514659,514683,24,2835
511824,514667,514684,17,2843
511824,514645,514684,39,2821
511824,514647,514684,37,2823
511824,514645,514684,39,2821
511824,514643,514686,43,2819
511824,514662,514686,24,2838
511824,514644,514686,42,2820
511824,514668,514687,19,2844
511824,514661,514687,26,2837
511824,514655,514688,33,2831
511824,514668,514688,20,2844
511824,514660,514689,29,2836
511824,514652,514688,36,2828
511824,514647,514689,42,2823
511824,514659,514689,30,2835
511824,514663,514689,26,2839
511824,514654,514690,36,2830
511824,514660,514690,30,2836
511824,514648,514692,44,2824
511824,514672,514692,20,2848
511824,514664,514693,29,2840
511824,514678,514693,15,2854
511824,514643,514693,50,2819
511824,514635,514694,59,2811
511824,514653,514694,41,2829
511824,514676,514694,18,2852
511824,514658,514694,36,2834
511824,514678,514696,18,2854
511824,514680,514695,15,2856
511824,514635,514696,61,2811
511824,514680,514697,17,2856
511824,514638,514698,60,2814
511824,514641,514699,58,2817
511824,514680,514698,18,2856
511824,514658,514698,40,2834
511824,514642,514699,57,2818
511824,514680,514700,20,2856
511824,514637,514700,63,2813
511824,514657,514699,42,2833
511824,514654,514700,46,2830
511824,514658,514700,42,2834
511824,514679,514701,22,2855
511824,514676,514701,25,2852
511824,514657,514702,45,2833
511824,514641,514702,61,2817
511824,514641,514703,62,2817
511824,514676,514702,26,2852
511824,514658,514705,47,2834
511824,514681,514705,24,2857
511824,514657,514707,50,2833
511824,514637,514708,71,2813
511824,514657,514707,50,2833
511824,514678,514707,29,2854
511824,514681,514709,28,2857
511824,514683,514709,26,2859
511824,514683,514710,27,2859
511824,514681,514711,30,2857
511911,514698,514713,15,2787
511824,514683,514714,31,2859
511824,514640,514714,74,2816
511824,514687,514714,27,2863
511911,514699,514714,15,2788
511824,514682,514715,33,2858
511824,514682,514716,34,2858
511824,514683,514715,32,2859
511824,514682,514716,34,2858
511824,514688,514716,28,2864
511824,514640,514717,77,2816
511911,514699,514718,19,2788
511824,514637,514718,81,2813
511824,514686,514718,32,2862
511824,514683,514718,35,2859
511824,514690,514718,28,2866
511911,514700,514718,18,2789
511824,514685,514720,35,2861
511824,514683,514720,37,2859
511824,514685,514720,35,2861
511824,514636,514721,85,2812
511824,514684,514721,37,2860
511824,514689,514721,32,2865
511824,514691,514721,30,2867
511824,514685,514721,36,2861
511824,514687,514721,34,2863
511824,514694,514722,28,2870
511824,514689,514722,33,2865
511824,514697,514722,25,2873
511824,514690,514723,33,2866
511911,514700,514723,23,2789
511911,514702,514723,21,2791
511824,514696,514724,28,2872
511824,514684,514725,41,2860
511824,514693,514725,32,2869
511824,514689,514725,36,2865
511824,514690,514725,35,2866
511911,514701,514726,25,2790
511824,514689,514726,37,2865
511824,514692,514726,34,2868
511824,514686,514727,41,2862
511911,514700,514727,27,2789
511824,514690,514727,37,2866
511824,514696,514727,31,2872
511911,514700,514727,27,2789
511911,514699,514728,29,2788
511911,514701,514729,28,2790
511824,514695,514730,35,2871
511911,514703,514729,26,2792
511824,514685,514730,45,2861
511824,514695,514730,35,2871
511824,514694,514731,37,2870
511824,514693,514731,38,2869
511824,514693,514732,39,2869
511911,514703,514732,29,2792
511824,514640,514735,95,2816
511911,514702,514735,33,2791
511824,514694,514738,44,2870
511911,514703,514742,39,2792
511911,514726,514742,16,2815
511911,514725,514744,19,2814
511911,514724,514745,21,2813
511911,514726,514745,19,2815
511911,514725,514746,21,2814
511116,513968,514747,779,2852
511911,514719,514748,29,2808
511911,514719,514748,29,2808
511911,514721,514748,27,2810
511911,514722,514748,26,2811
511911,514717,514750,33,2806
511911,514719,514749,30,2808
511911,514721,514749,28,2810
511911,514722,514749,27,2811
511911,514721,514750,29,2810
511911,514715,514750,35,2804
511911,514724,514751,27,2813
511911,514722,514751,29,2811
511911,514722,514752,30,2811
511911,514717,514746,29,2806
511911,514718,514752,34,2807
511911,514726,514752,26,2815
511911,514721,514753,32,2810
511911,514727,514753,26,2816
511911,514723,514753,30,2812
511911,514731,514753,22,2820
511911,514730,514754,24,2819
511911,514716,514755,39,2805
511911,514721,514755,34,2810
511911,514730,514754,24,2819
511911,514735,514755,20,2824
511911,514723,514755,32,2812
511911,514719,514755,36,2808
511911,514730,514755,25,2819
511911,514716,514756,40,2805
511911,514715,514756,41,2804
511911,514717,514755,38,2806
511911,514729,514756,27,2818
511911,514721,514756,35,2810
511911,514730,514757,27,2819
511911,514708,514758,50,2797
511911,514736,514758,22,2825
511911,514739,514757,18,2828
511911,514744,514760,16,2833
511911,514729,514759,30,2818
511911,514723,514760,37,2812
511911,514727,514760,33,2816
511911,514728,514761,33,2817
511911,514718,514760,42,2807
511911,514714,514761,47,2803
511911,514743,514762,19,2832
511911,514732,514762,30,2821
511911,514715,514762,47,2804
511911,514723,514762,39,2812
511911,514746,514763,17,2835
511911,514731,514763,32,2820
511911,514712,514764,52,2801
511911,514748,514765,17,2837
511911,514748,514764,16,2837
511911,514748,514765,17,2837
511911,514714,514765,51,2803
511911,514749,514765,16,2838
511911,514728,514766,38,2817
511911,514704,514766,62,2793
511911,514727,514766,39,2816
511911,514749,514766,17,2838
511911,514714,514767,53,2803
511911,514728,514766,38,2817
511911,514705,514770,65,2794
511911,514727,514769,42,2816
511911,514750,514770,20,2839
511911,514750,514770,20,2839
511911,514708,514770,62,2797
511911,514705,514770,65,2794
511911,514746,514772,26,2835
511911,514746,514775,29,2835
511911,514732,514776,44,2821
511911,514708,514777,69,2797
511911,514750,514778,28,2839
511911,514708,514778,70,2797
511911,514752,514779,27,2841
511911,514751,514780,29,2840
512011,514765,514780,15,2754
511911,514756,514781,25,2845
511911,514710,514781,71,2799
511911,514751,514781,30,2840
511911,514750,514782,32,2839
511911,514752,514782,30,2841
511911,514753,514783,30,2842
511911,514752,514783,31,2841
511911,514756,514783,27,2845
511911,514756,514783,27,2845
511911,514709,514784,75,2798
512011,514765,514784,19,2754
511911,514752,514785,33,2841
512011,514766,514785,19,2755
511911,514753,514786,33,2842
511911,514755,514785,30,2844
511911,514757,514786,29,2846
511911,514756,514786,30,2845
511911,514755,514786,31,2844
512011,514765,514786,21,2754
511911,514751,514787,36,2840
511911,514754,514787,33,2843
511911,514758,514787,29,2847
512011,514765,514787,22,2754
512011,514767,514787,20,2756
511911,514758,514787,29,2847
511911,514763,514788,25,2852
511911,514758,514788,30,2847
512011,514767,514789,22,2756
512011,514767,514790,23,2756
511911,514761,514790,29,2850
511911,514758,514791,33,2847
511911,514755,514790,35,2844
512011,514766,514790,24,2755
511911,514755,514791,36,2844
511911,514761,514791,30,2850
511911,514760,514791,31,2849
511911,514754,514791,37,2843
511911,514756,514791,35,2845
511911,514754,514793,39,2843
511911,514753,514794,41,2842
511911,514760,514793,33,2849
511911,514763,514794,31,2852
512011,514767,514794,27,2756
512011,514766,514794,28,2755
511911,514760,514794,34,2849
511911,514754,514794,40,2843
512011,514767,514795,28,2756
511911,514761,514795,34,2850
511911,514763,514796,33,2852
511911,514757,514795,38,2846
511911,514763,514796,33,2852
511911,514755,514798,43,2844
511911,514711,514798,87,2800
511911,514762,514797,35,2851
512011,514770,514798,28,2759
512011,514770,514802,32,2759
511911,514762,514802,40,2851
512011,514792,514809,17,2781
512011,514791,514811,20,2780
512011,514770,514811,41,2759
512011,514791,514811,20,2780
512011,514791,514812,21,2780
512011,514785,514812,27,2774
512011,514787,514813,26,2776
512011,514788,514814,26,2777
512011,514787,514814,27,2776
512011,514782,514814,32,2771
512011,514788,514815,27,2777
512011,514787,514816,29,2776
512011,514787,514815,28,2776
512011,514787,514815,28,2776
512011,514783,514815,32,2772
512011,514791,514816,25,2780
512011,514791,514816,25,2780
512011,514788,514816,28,2777
512011,514792,514816,24,2781
512011,514796,514817,21,2785
512011,514786,514818,32,2775
512011,514786,514820,34,2775
512011,514795,514820,25,2784
512011,514784,514820,36,2773
512011,514783,514820,37,2772
512011,514786,514820,34,2775
512011,514786,514820,34,2775
512011,514795,514821,26,2784
512011,514796,514822,26,2785
512011,514781,514821,40,2770
512011,514794,514822,28,2783
512011,514784,514823,39,2773
512011,514803,514822,19,2792
512011,514786,514822,36,2775
512011,514788,514822,34,2777
512011,514785,514823,38,2774
512011,514796,514823,27,2785
512011,514794,514823,29,2783
512011,514795,514823,28,2784
512011,514803,514823,20,2792
512011,514787,514823,36,2776
512011,514794,514824,30,2783
512011,514788,514825,37,2777
512011,514796,514824,28,2785
512011,514790,514825,35,2779
512011,514783,514827,44,2772
512011,514770,514828,58,2759
512011,514797,514827,30,2786
512011,514799,514828,29,2788
512011,514781,514829,48,2770
512011,514794,514829,35,2783
512011,514810,514829,19,2799
512011,514777,514830,53,2766
512011,514783,514829,46,2772
512011,514811,514830,19,2800
512011,514798,514830,32,2787
512011,514812,514830,18,2801
512011,514816,514830,14,2805
512011,514792,514831,39,2781
512011,514771,514830,59,2760
512011,514791,514830,39,2780
512011,514815,514832,17,2804
512011,514815,514831,16,2804
512011,514794,514832,38,2783
512011,514815,514832,17,2804
512011,514816,514832,16,2805
512011,514781,514833,52,2770
512011,514791,514834,43,2780
512011,514812,514834,22,2801
512011,514798,514835,37,2787
512011,514816,514836,20,2805
512011,514798,514836,38,2787
511162,514070,514836,766,2908
512011,514813,514837,24,2802
512011,514813,514837,24,2802
512011,514814,514838,24,2803
512011,514816,514838,22,2805
512011,514777,514839,62,2766
512011,514780,514841,61,2769
512011,514816,514840,24,2805
512011,514772,514843,71,2761
512011,514780,514843,63,2769
512011,514816,514844,28,2805
512011,514771,514845,74,2760
512011,514817,514845,28,2806
512011,514816,514847,31,2805
512075,514831,514847,16,2756
512011,514817,514848,31,2806
512075,514831,514848,17,2756
512011,514819,514849,30,2808
512075,514831,514850,19,2756
512011,514821,514852,31,2810
512011,514825,514852,27,2814
512011,514823,514852,29,2812
512011,514823,514852,29,2812
512011,514823,514853,30,2812
512011,514823,514853,30,2812
512075,514832,514853,21,2757
512011,514816,514853,37,2805
512011,514824,514853,29,2813
512011,514779,514854,75,2768
512011,514820,514855,35,2809
512011,514825,514854,29,2814
512075,514832,514855,23,2757
512011,514825,514855,30,2814
512075,514831,514855,24,2756
512011,514827,514855,28,2816
512075,514832,514855,23,2757
512011,514824,514855,31,2813
512011,514824,514856,32,2813
512075,514834,514856,22,2759
512011,514830,514856,26,2819
512011,514820,514856,36,2809
512011,514822,514856,34,2811
512011,514823,514857,34,2812
512075,514832,514857,25,2757
512011,514820,514857,37,2809
512011,514823,514857,34,2812
512011,514830,514858,28,2819
512011,514824,514858,34,2813
512011,514828,514858,30,2817
512011,514821,514858,37,2810
512011,514826,514858,32,2815
512011,514831,514858,27,2820
512011,514828,514859,31,2817
512011,514829,514861,32,2818
512075,514836,514860,24,2761
512011,514831,514860,29,2820
512075,514833,514860,27,2758
512011,514821,514861,40,2810
512011,514820,514861,41,2809
512011,514822,514861,39,2811
512011,514778,514862,84,2767
512011,514830,514861,31,2819
512011,514830,514863,33,2819
512011,514824,514865,41,2813
512075,514836,514865,29,2761
512011,514830,514866,36,2819
512075,514834,514870,36,2759
512075,514835,514871,36,2760
512075,514837,514873,36,2762
512011,514776,514875,99,2765
512075,514858,514877,19,2783
512075,514855,514877,22,2780
512075,514855,514880,25,2780
512075,514856,514880,24,2781
512075,514858,514881,23,2783
512075,514846,514881,35,2771
512075,514858,514881,23,2783
512075,514854,514882,28,2779
512075,514849,514884,35,2774
512075,514850,514884,34,2775
512075,514856,514884,28,2781
512075,514854,514884,30,2779
512075,514856,514885,29,2781
512075,514853,514885,32,2778
512075,514853,514885,32,2778
512075,514853,514885,32,2778
512075,514863,514887,24,2788
512075,514849,514887,38,2774
512075,514852,514886,34,2777
512075,514855,514887,32,2780
512075,514855,514886,31,2780
512075,514858,514887,29,2783
512075,514858,514887,29,2783
512075,514856,514887,31,2781
512075,514847,514887,40,2772
512075,514855,514887,32,2780
512075,514858,514888,30,2783
512075,514861,514888,27,2786
512075,514867,514888,21,2792
512075,514862,514889,27,2787
512075,514861,514888,27,2786
512075,514863,514889,26,2788
512075,514852,514889,37,2777
512075,514861,514890,29,2786
512075,514862,514891,29,2787
512075,514861,514890,29,2786
512075,514862,514891,29,2787
512075,514852,514893,41,2777
512075,514853,514892,39,2778
512075,514856,514892,36,2781
512075,514847,514893,46,2772
512075,514857,514893,36,2782
512075,514850,514894,44,2775
512075,514866,514895,29,2791
512075,514855,514894,39,2780
512075,514857,514896,39,2782
512075,514871,514897,26,2796
512075,514860,514896,36,2785
512075,514865,514896,31,2790
512075,514874,514897,23,2799
512075,514837,514897,60,2762
512075,514871,514897,26,2796
512075,514876,514898,22,2801
512075,514846,514897,51,2771
512075,514878,514899,21,2803
512075,514839,514899,60,2764
512075,514859,514899,40,2784
512075,514838,514899,61,2763
512075,514864,514899,35,2789
512075,514839,514899,60,2764
512075,514878,514899,21,2803
512075,514885,514900,15,2810
512075,514884,514899,15,2809
512075,514884,514900,16,2809
512075,514883,514900,17,2808
512075,514882,514900,18,2807
512075,514856,514901,45,2781
512075,514885,514901,16,2810
512075,514837,514901,64,2762
512075,514857,514902,45,2782
512075,514859,514901,42,2784
512075,514880,514902,22,2805
512075,514858,514903,45,2783
512075,514882,514904,22,2807
512075,514841,514905,64,2766
512075,514881,514905,24,2806
512075,514845,514907,62,2770
512075,514885,514909,24,2810
512075,514843,514908,65,2768
512075,514881,514910,29,2806
512075,514840,514912,72,2765
512075,514886,514913,27,2811
512075,514891,514912,21,2816
512075,514886,514913,27,2811
512075,514890,514914,24,2815
512075,514887,514913,26,2812
512174,514899,514914,15,2725
512075,514886,514915,29,2811
512075,514841,514916,75,2766
512075,514887,514916,29,2812
512075,514890,514916,26,2815
512174,514900,514917,17,2726
512075,514888,514918,30,2813
512075,514843,514918,75,2768
512174,514900,514919,19,2726
512174,514900,514919,19,2726
512075,514889,514919,30,2814
512075,514887,514920,33,2812
512075,514887,514920,33,2812
512174,514900,514920,20,2726
512075,514887,514921,34,2812
512075,514888,514922,34,2813
512075,514889,514923,34,2814
512075,514895,514923,28,2820
512174,514900,514924,24,2726
512075,514889,514924,35,2814
512174,514902,514925,23,2728
512075,514893,514925,32,2818
512174,514900,514925,25,2726
512075,514887,514925,38,2812
512174,514901,514925,24,2727
512075,514898,514926,28,2823
512075,514892,514925,33,2817
512075,514893,514926,33,2818
512075,514894,514925,31,2819
512075,514897,514926,29,2822
512075,514899,514926,27,2824
512075,514889,514927,38,2814
512075,514893,514926,33,2818
512075,514897,514927,30,2822
512075,514887,514927,40,2812
512075,514894,514927,33,2819
512075,514895,514929,34,2820
512075,514897,514928,31,2822
512075,514888,514929,41,2813
512174,514901,514929,28,2727
512075,514891,514929,38,2816
512075,514897,514929,32,2822
512174,514901,514929,28,2727
512075,514898,514929,31,2823
512075,514897,514930,33,2822
512174,514902,514930,28,2728
512075,514898,514931,33,2823
512174,514901,514930,29,2727
512075,514887,514932,45,2812
512075,514894,514931,37,2819
512075,514898,514932,34,2823
512075,514892,514934,42,2817
512174,514902,514938,36,2728
511238,514167,514944,777,2929
512174,514914,514945,31,2740
512174,514902,514948,46,2728
512174,514920,514947,27,2746
512174,514921,514950,29,2747
512174,514921,514949,28,2747
512174,514915,514949,34,2741
512174,514918,514951,33,2744
512174,514918,514952,34,2744
512174,514919,514952,33,2745
512174,514925,514953,28,2751
512174,514926,514952,26,2752
512174,514925,514952,27,2751
512174,514925,514953,28,2751
512174,514924,514953,29,2750
512174,514916,514954,38,2742
512174,514920,514954,34,2746
512174,514926,514955,29,2752
512174,514914,514955,41,2740
512174,514921,514955,34,2747
512174,514916,514955,39,2742
512174,514923,514954,31,2749
512174,514923,514955,32,2749
512174,514917,514955,38,2743
512174,514927,514956,29,2753
512174,514925,514955,30,2751
512174,514926,514956,30,2752
512174,514919,514957,38,2745
512174,514927,514957,30,2753
512174,514931,514957,26,2757
512174,514917,514956,39,2743
512174,514932,514956,24,2758
512174,514932,514956,24,2758
512174,514928,514957,29,2754
512174,514922,514957,35,2748
512174,514933,514958,25,2759
512174,514930,514958,28,2756
512174,514931,514959,28,2757
512174,514928,514959,31,2754
512174,514928,514960,32,2754
512174,514930,514960,30,2756
512174,514929,514960,31,2755
512174,514926,514960,34,2752
512174,514913,514960,47,2739
512174,514914,514962,48,2740
512174,514930,514962,32,2756
512174,514930,514962,32,2756
512174,514927,514962,35,2753
512174,514913,514963,50,2739
512174,514934,514963,29,2760
512174,514927,514963,36,2753
512174,514926,514963,37,2752
512174,514938,514964,26,2764
512174,514945,514965,20,2771
512174,514952,514966,14,2778
512174,514926,514967,41,2752
512174,514926,514967,41,2752
512174,514948,514967,19,2774
512174,514948,514966,18,2774
512174,514907,514966,59,2733
512174,514903,514967,64,2729
512174,514931,514967,36,2757
512174,514952,514968,16,2778
512174,514931,514969,38,2757
512174,514945,514968,23,2771
512174,514953,514970,17,2779
512174,514930,514970,40,2756
512174,514913,514970,57,2739
512174,514953,514970,17,2779
512174,514953,514971,18,2779
512174,514904,514971,67,2730
512174,514954,514971,17,2780
512174,514904,514972,68,2730
512174,514905,514972,67,2731
512174,514905,514973,68,2731
512174,514951,514973,22,2777
512174,514950,514974,24,2776
512174,514952,514974,22,2778
512174,514954,514975,21,2780
512174,514954,514977,23,2780
512174,514929,514977,48,2755
512174,514950,514978,28,2776
512174,514909,514979,70,2735
512174,514929,514981,52,2755
512256,514967,514982,15,2711
512256,514967,514983,16,2711
512174,514955,514983,28,2781
512174,514956,514984,28,2782
512174,514955,514984,29,2781
512174,514963,514984,21,2789
512174,514955,514985,30,2781
512174,514955,514985,30,2781
512174,514957,514985,28,2783
512174,514956,514986,30,2782
512174,514955,514987,32,2781
512174,514961,514988,27,2787
512174,514957,514989,32,2783
512174,514957,514988,31,2783
512174,514911,514989,78,2737
512256,514968,514989,21,2712
512256,514968,514990,22,2712
512174,514956,514990,34,2782
512256,514969,514990,21,2713
512174,514956,514990,34,2782
512174,514957,514990,33,2783
512174,514955,514991,36,2781
512174,514957,514990,33,2783
512174,514960,514991,31,2786
512256,514969,514991,22,2713
512256,514969,514991,22,2713
512174,514959,514992,33,2785
512174,514958,514992,34,2784
512174,514909,514992,83,2735
512174,514957,514992,35,2783
512174,514965,514993,28,2791
512256,514970,514993,23,2714
512174,514962,514994,32,2788
512174,514959,514993,34,2785
512256,514971,514993,22,2715
512174,514964,514994,30,2790
512174,514962,514993,31,2788
512174,514964,514994,30,2790
512174,514966,514993,27,2792
512174,514958,514993,35,2784
512174,514963,514994,31,2789
512174,514960,514994,34,2786
512174,514960,514994,34,2786
512174,514960,514995,35,2786
512256,514971,514995,24,2715
512174,514967,514995,28,2793
512174,514961,514997,36,2787
512256,514971,514997,26,2715
512174,514967,514997,30,2793
512174,514967,514998,31,2793
512174,514964,514999,35,2790
512256,514971,515000,29,2715
512174,514957,515001,44,2783
512174,514957,515001,44,2783
512256,514972,515001,29,2716
512174,514962,515002,40,2788
512256,514972,515004,32,2716
512256,514972,515008,36,2716
512256,514994,515012,18,2738
512256,514994,515013,19,2738
512256,514994,515014,20,2738
512256,514992,515014,22,2736
512256,514985,515015,30,2729
512256,514987,515015,28,2731
511341,514249,515015,766,2908
512256,514983,515016,33,2727
512256,514993,515016,23,2737
512256,514986,515017,31,2730
512256,514988,515018,30,2732
512256,514986,515018,32,2730
512256,514994,515018,24,2738
512256,514992,515018,26,2736
512256,514993,515019,26,2737
512256,514985,515020,35,2729
512256,514985,515020,35,2729
512256,514992,515019,27,2736
512256,514993,515020,27,2737
512256,514989,515020,31,2733
512256,514991,515021,30,2735
512256,514984,515021,37,2728
512256,514993,515021,28,2737
512256,515002,515021,19,2746
512256,514991,515022,31,2735
512256,514984,515021,37,2728
512256,514995,515022,27,2739
512256,514991,515021,30,2735
512256,514991,515023,32,2735
512256,514990,515023,33,2734
512256,514991,515023,32,2735
512256,515002,515024,22,2746
512256,514989,515025,36,2733
512256,514989,515024,35,2733
512256,514990,515025,35,2734
512256,515000,515025,25,2744
512256,515002,515026,24,2746
512256,514994,515026,32,2738
512256,514995,515027,32,2739
512256,515003,515027,24,2747
512256,514980,515027,47,2724
512256,514991,515028,37,2735
512256,514982,515028,46,2726
512256,514984,515028,44,2728
512256,514995,515028,33,2739
512256,514996,515029,33,2740
512256,514994,515030,36,2738
512256,514995,515029,34,2739
512256,514990,515030,40,2734
512256,514994,515031,37,2738
512256,514996,515031,35,2740
512256,515017,515032,15,2761
512256,514994,515032,38,2738
512256,515000,515032,32,2744
512256,514974,515033,59,2718
512256,515004,515033,29,2748
512256,514994,515034,40,2738
512256,515018,515035,17,2762
512256,514998,515035,37,2742
512256,514995,515035,40,2739
512256,515013,515035,22,2757
512256,515017,515035,18,2761
512256,514999,515035,36,2743
512256,515008,515036,28,2752
512256,515018,515036,18,2762
512256,515015,515036,21,2759
512256,515015,515037,22,2759
512256,515019,515038,19,2763
512256,515019,515037,18,2763
512256,515018,515038,20,2762
512256,515014,515039,25,2758
512256,514998,515039,41,2742
512256,515016,515040,24,2760
512256,514972,515040,68,2716
512256,515016,515039,23,2760
512256,515013,515041,28,2757
512256,514978,515042,64,2722
512256,514998,515042,44,2742
512256,515019,515044,25,2763
512256,514973,515045,72,2717
512256,514975,515046,71,2719
512256,514978,515046,68,2722
512356,515035,515048,13,2679
512256,514974,515048,74,2718
512256,515020,515048,28,2764
512256,514975,515050,75,2719
512256,515022,515050,28,2766
512256,515022,515051,29,2766
512256,515024,515051,27,2768
512256,515024,515051,27,2768
512256,515021,515052,31,2765
512256,515025,515052,27,2769
512256,515020,515052,32,2764
512356,515036,515052,16,2680
512356,515036,515053,17,2680
512256,515022,515053,31,2766
512256,515022,515053,31,2766
512256,515029,515054,25,2773
512256,515020,515054,34,2764
512256,515022,515054,32,2766
512256,515032,515056,24,2776
512256,515022,515056,34,2766
512256,514977,515056,79,2721
512256,515020,515057,37,2764
512256,515021,515057,36,2765
512256,515025,515057,32,2769
512256,515027,515057,30,2771
512356,515036,515058,22,2680
512256,515023,515057,34,2767
512256,515025,515057,32,2769
512356,515036,515058,22,2680
512256,515021,515058,37,2765
512256,515027,515058,31,2771
512356,515036,515059,23,2680
512356,515037,515059,22,2681
512256,515024,515059,35,2768
512256,515026,515059,33,2770
512256,515028,515059,31,2772
512256,515032,515059,27,2776
512256,515028,515060,32,2772
512356,515036,515059,23,2680
512356,515036,515060,24,2680
512256,515027,515060,33,2771
512256,515030,515060,30,2774
512256,515030,515060,30,2774
512256,515034,515062,28,2778
512256,515031,515061,30,2775
512356,515038,515061,23,2682
512356,515038,515062,24,2682
512256,515032,515062,30,2776
512256,515025,515062,37,2769
512256,515030,515063,33,2774
512256,515032,515063,31,2776
512256,515034,515063,29,2778
512256,515026,515064,38,2770
512356,515038,515066,28,2682
512256,515030,515066,36,2774
512356,515039,515067,28,2683
512256,515031,515067,36,2775
512356,515060,515072,12,2704
512356,515060,515074,14,2704
512356,515060,515074,14,2704
512356,515039,515074,35,2683
512356,515040,515077,37,2684
512356,515057,515079,22,2701
512356,515060,515079,19,2704
512356,515060,515079,19,2704
512356,515057,515080,23,2701
512356,515053,515081,28,2697
512356,515057,515082,25,2701
512356,515052,515081,29,2696
512356,515055,515082,27,2699
512356,515058,515083,25,2702
512356,515052,515083,31,2696
512356,515058,515083,25,2702
512356,515056,515084,28,2700
512356,515058,515085,27,2702
512356,515048,515085,37,2692
512356,515053,515084,31,2697
512356,515058,515086,28,2702
512356,515055,515086,31,2699
512356,515057,515086,29,2701
512356,515061,515086,25,2705
512356,515055,515086,31,2699
512356,515057,515087,30,2701
512356,515058,515087,29,2702
512356,515058,515087,29,2702
512356,515063,515087,24,2707
512356,515051,515087,36,2695
512356,515066,515087,21,2710
512356,515067,515085,18,2711
512356,515053,515087,34,2697
512356,515063,515087,24,2707
512356,515061,515088,27,2705
512356,515054,515088,34,2698
512356,515059,515088,29,2703
511400,514327,515088,761,2927
512356,515061,515089,28,2705
512356,515062,515089,27,2706
512356,515051,515089,38,2695
512356,515048,515090,42,2692
512356,515062,515090,28,2706
512356,515058,515090,32,2702
512356,515067,515090,23,2711
512356,515052,515091,39,2696
512356,515053,515091,38,2697
512356,515053,515092,39,2697
512356,515050,515092,42,2694
512356,515065,515092,27,2709
512356,515048,515093,45,2692
512356,515061,515094,33,2705
512356,515062,515093,31,2706
512356,515077,515095,18,2721
512356,515062,515095,33,2706
512356,515067,515095,28,2711
512356,515073,515096,23,2717
512356,515079,515096,17,2723
512356,515081,515097,16,2725
512356,515046,515098,52,2690
512356,515064,515097,33,2708
512356,515082,515098,16,2726
512356,515082,515099,17,2726
512356,515040,515099,59,2684
512356,515075,515099,24,2719
512356,515075,515100,25,2719
512356,515042,515101,59,2686
512356,515047,515101,54,2691
512356,515064,515102,38,2708
512356,515059,515101,42,2703
512356,515082,515101,19,2726
512356,515083,515102,19,2727
512356,515079,515102,23,2723
512356,515042,515103,61,2686
512356,515084,515102,18,2728
512356,515064,515102,38,2708
512356,515075,515103,28,2719
512356,515060,515104,44,2704
512356,515084,515103,19,2728
512356,515088,515106,18,2732
512356,515080,515108,28,2724
512356,515081,515109,28,2725
512356,515085,515110,25,2729
512356,515088,515111,23,2732
512356,515042,515112,70,2686
512356,515088,515112,24,2732
512356,515040,515113,73,2684
512356,515087,515113,26,2731
512356,515088,515114,26,2732
512445,515098,515114,16,2653
512356,515087,515114,27,2731
512356,515087,515114,27,2731
512356,515086,515115,29,2730
512445,515102,515115,13,2657
512445,515100,515115,15,2655
512356,515087,515116,29,2731
512356,515086,515116,30,2730
512356,515089,515116,27,2733
512356,515088,515117,29,2732
512356,515086,515117,31,2730
512356,515089,515117,28,2733
512445,515100,515117,17,2655
512356,515086,515118,32,2730
512445,515098,515118,20,2653
512356,515088,515118,30,2732
512356,515091,515119,28,2735
512445,515100,515118,18,2655
512356,515089,515119,30,2733
512356,515091,515119,28,2735
512356,515096,515119,23,2740
512356,515087,515119,32,2731
512356,515044,515120,76,2688
512356,515085,515121,36,2729
512356,515087,515121,34,2731
512445,515099,515121,22,2654
512356,515085,515121,36,2729
512356,515093,515122,29,2737
512356,515091,515122,31,2735
512445,515101,515121,20,2656
512356,515090,515123,33,2734
512356,515091,515123,32,2735
512356,515094,515123,29,2738
512356,515090,515122,32,2734
512356,515045,515123,78,2689
512356,515090,515123,33,2734
512445,515102,515123,21,2657
512356,515097,515125,28,2741
512356,515088,515126,38,2732
512445,515102,515126,24,2657
512356,515095,515126,31,2739
512356,515094,515126,32,2738
512356,515095,515127,32,2739
512356,515092,515128,36,2736
512356,515093,515127,34,2737
512445,515102,515128,26,2657
512356,515096,515129,33,2740
512356,515092,515130,38,2736
512445,515102,515129,27,2657
512356,515094,515131,37,2738
512356,515040,515134,94,2684
512445,515102,515134,32,2657
512445,515103,515136,33,2658
512445,515123,515137,14,2678
512445,515122,515138,16,2677
512445,515123,515140,17,2678
512445,515103,515141,38,2658
512445,515123,515140,17,2678
512445,515121,515141,20,2676
512445,515119,515143,24,2674
512445,515118,515142,24,2673
512445,515123,515143,20,2678
512445,515120,515144,24,2675
512445,515118,515144,26,2673
512445,515117,515145,28,2672
512445,515119,515145,26,2674
512445,515116,515146,30,2671
512445,515119,515146,27,2674
512445,515115,515146,31,2670
512445,515122,515146,24,2677
512445,515114,515146,32,2669
512445,515119,515147,28,2674
512445,515114,515147,33,2669
512445,515121,515147,26,2676
512445,515122,515147,25,2677
512445,515120,515148,28,2675
512445,515117,515148,31,2672
512445,515119,515147,28,2674
512445,515120,515148,28,2675
512445,515130,515149,19,2685
512445,515117,515149,32,2672
512445,515124,515150,26,2679
512445,515114,515150,36,2669
512445,515127,515151,24,2682
512445,515127,515150,23,2682
512445,515115,515151,36,2670
512445,515118,515151,33,2673
512445,515114,515151,37,2669
512445,515126,515152,26,2681
512445,515119,515152,33,2674
512445,515121,515152,31,2676
512445,515127,515153,26,2682
512445,515132,515153,21,2687
512445,515116,515153,37,2671
512445,515124,515153,29,2679
512445,515130,515154,24,2685
512445,515134,515154,20,2689
512445,515128,515154,26,2683
512445,515124,515154,30,2679
512445,515112,515149,37,2667
512445,515116,515152,36,2671
512445,515126,515156,30,2681
512445,515112,515157,45,2667
512445,515126,515157,31,2681
512445,515135,515157,22,2690
512445,515138,515158,20,2693
512445,515144,515158,14,2699
512445,515115,515159,44,2670
512445,515122,515160,38,2677
512445,515112,515160,48,2667
512445,515122,515160,38,2677
512445,515103,515160,57,2658
512445,515128,515160,32,2683
512445,515136,515161,25,2691
512445,515144,515162,18,2699
512445,515146,515162,16,2701
512445,515145,515162,17,2700
512445,515129,515163,34,2684
512445,515141,515163,22,2696
512445,515145,515163,18,2700
512445,515142,515164,22,2697
512445,515146,515166,20,2701
512445,515138,515166,28,2693
512445,515141,515168,27,2696
512445,515107,515169,62,2662
512445,515129,515168,39,2684
512445,515104,515169,65,2659
512445,515146,515170,24,2701
512445,515140,515170,30,2695
512445,515146,515171,25,2701
512445,515143,515173,30,2698
512445,515152,515173,21,2707
512445,515148,515173,25,2703
512445,515156,515174,18,2711
512445,515148,515174,26,2703
511471,514401,515174,773,2930
512445,515152,515175,23,2707
512445,515151,515176,25,2706
512445,515103,515175,72,2658
512445,515152,515175,23,2707
512445,515110,515176,66,2665
512445,515151,515176,25,2706
512445,515103,515177,74,2658
512445,515148,515177,29,2703
512534,515162,515177,15,2628
512534,515161,515178,17,2627
512445,515149,515179,30,2704
512445,515149,515178,29,2704
512534,515161,515178,17,2627
512445,515148,515179,31,2703
512534,515162,515178,16,2628
512445,515151,515179,28,2706
512445,515149,515179,30,2704
512445,515152,515179,27,2707
512445,515143,515180,37,2698
512445,515147,515181,34,2702
512445,515147,515181,34,2702
512534,515163,515182,19,2629
512445,515155,515183,28,2710
512534,515163,515182,19,2629
512445,515155,515183,28,2710
512534,515164,515184,20,2630
512445,515153,515184,31,2708
512445,515154,515184,30,2709
512445,515148,515184,36,2703
512445,515159,515184,25,2714
512445,515158,515184,26,2713
512445,515110,515185,75,2665
512534,515164,515184,20,2630
512445,515148,515185,37,2703
512445,515153,515186,33,2708
512445,515153,515185,32,2708
512445,515156,515186,30,2711
512445,515150,515187,37,2705
512534,515164,515186,22,2630
512445,515153,515187,34,2708
512445,515157,515187,30,2712
512445,515160,515187,27,2715
512534,515163,515187,24,2629
512534,515167,515188,21,2633
512445,515156,515188,32,2711
512445,515159,515189,30,2714
512445,515154,515190,36,2709
512445,515155,515190,35,2710
512445,515159,515190,31,2714
512445,515156,515191,35,2711
512445,515155,515192,37,2710
512445,515109,515192,83,2664
512445,515158,515194,36,2713
512445,515104,515194,90,2659
512534,515169,515194,25,2635
512534,515167,515195,28,2633
512445,515160,515195,35,2715
512534,515169,515195,26,2635
512534,515187,515201,14,2653
512534,515186,515201,15,2652
512534,515186,515201,15,2652
512534,515184,515204,20,2650
512534,515178,515205,27,2644
512534,515182,515205,23,2648
512534,515178,515206,28,2644
512534,515180,515207,27,2646
512534,515187,515207,20,2653
512534,515176,515208,32,2642
512534,515183,515209,26,2649
512534,515180,515209,29,2646
512534,515184,515209,25,2650
512534,515179,515210,31,2645
512534,515179,515211,32,2645
512534,515180,515210,30,2646
512534,515183,515211,28,2649
512534,515187,515211,24,2653
512534,515183,515211,28,2649
512534,515179,515211,32,2645
512534,515177,515212,35,2643
512534,515179,515212,33,2645
512534,515188,515211,23,2654
512534,515184,515212,28,2650
512534,515169,515212,43,2635
512534,515191,515212,21,2657
512534,515195,515213,18,2661
512534,515179,515212,33,2645
512534,515185,515213,28,2651
512534,515195,515213,18,2661
512534,515191,515213,22,2657
512534,515192,515213,21,2658
512534,515179,515214,35,2645
512534,515187,515214,27,2653
512534,515195,515214,19,2661
512534,515183,515215,32,2649
512534,515176,515215,39,2642
512534,515184,515215,31,2650
512534,515178,515215,37,2644
512534,515175,515216,41,2641
512534,515180,515208,28,2646
512534,515186,515206,20,2652
512534,515188,515213,25,2654
512534,515188,515214,26,2654
512534,515190,515209,19,2656
512534,515185,515216,31,2651
512534,515187,515216,29,2653
512534,515190,515216,26,2656
512534,515188,515217,29,2654
512534,515170,515218,48,2636
512534,515182,515219,37,2648
512534,515176,515219,43,2642
512534,515185,515220,35,2651
512534,515185,515221,36,2651
512534,515202,515220,18,2668
512534,515177,515221,44,2643
512534,515192,515221,29,2658
512534,515202,515221,19,2668
512534,515196,515222,26,2662
512534,515194,515222,28,2660
512534,515175,515225,50,2641
512534,515175,515226,51,2641
512534,515194,515226,32,2660
512534,515210,515227,17,2676
512534,515210,515227,17,2676
512534,515211,515228,17,2677
512534,515207,515229,22,2673
512534,515207,515229,22,2673
512534,515172,515230,58,2638
512534,515192,515230,38,2658
512534,515209,515231,22,2675
512534,515209,515232,23,2675
512534,515207,515233,26,2673
512534,515206,515233,27,2672
512534,515174,515236,62,2640
512534,515213,515236,23,2679
512534,515214,515237,23,2680
512534,515206,515237,31,2672
512534,515214,515237,23,2680
512534,515174,515238,64,2640
512534,515208,515238,30,2674
512534,515211,515238,27,2677
512534,515211,515239,28,2677
512624,515223,515239,16,2599
512534,515214,515239,25,2680
512534,515211,515240,29,2677
512534,515215,515240,25,2681
512534,515216,515241,25,2682
512534,515211,515241,30,2677
512624,515225,515241,16,2601
512534,515212,515241,29,2678
512534,515215,515241,26,2681
512534,515212,515242,30,2678
512534,515217,515241,24,2683
512534,515212,515242,30,2678
512624,515222,515242,20,2598
512624,515226,515242,16,2602
512534,515215,515243,28,2681
512534,515212,515243,31,2678
512534,515205,515244,39,2671
512534,515221,515244,23,2687
512534,515212,515245,33,2678
512534,515213,515244,31,2679
512534,515216,515245,29,2682
512534,515222,515245,23,2688
512534,515216,515246,30,2682
512534,515216,515245,29,2682
512534,515221,515245,24,2687
512624,515227,515246,19,2603
512534,515171,515246,75,2637
512534,515216,515246,30,2682
511563,514478,515246,768,2915
512534,515213,515248,35,2679
512534,515213,515247,34,2679
512624,515227,515247,20,2603
512534,515216,515247,31,2682
512534,515216,515248,32,2682
512534,515216,515248,32,2682
512534,515221,515247,26,2687
512534,515174,515248,74,2640
512534,515216,515249,33,2682
512624,515228,515248,20,2604
512534,515213,515249,36,2679
512624,515229,515249,20,2605
512534,515218,515248,30,2684
512534,515213,515250,37,2679
512534,515216,515251,35,2682
512534,515219,515251,32,2685
512624,515229,515250,21,2605
512534,515217,515252,35,2683
512534,515220,515252,32,2686
512534,515219,515252,33,2685
512624,515229,515253,24,2605
512624,515230,515253,23,2606
512534,515171,515253,82,2637
512534,515174,515254,80,2640
512624,515231,515253,22,2607
512534,515222,515255,33,2688
512534,515216,515255,39,2682
512624,515231,515259,28,2607
512624,515232,515260,28,2608
512624,515249,515263,14,2625
512624,515248,515263,15,2624
512624,515248,515266,18,2624
512624,515245,515267,22,2621
512624,515242,515268,26,2618
512624,515249,515268,19,2625
512624,515242,515268,26,2618
512624,515248,515268,20,2624
512624,515243,515269,26,2619
512624,515242,515270,28,2618
512624,515242,515270,28,2618
512624,515242,515272,30,2618
512624,515249,515271,22,2625
512624,515249,515272,23,2625
512624,515247,515272,25,2623
512624,515247,515273,26,2623
512624,515243,515273,30,2619
512624,515247,515273,26,2623
512624,515246,515273,27,2622
512624,515246,515273,27,2622
512624,515252,515273,21,2628
512624,515245,515275,30,2621
512624,515243,515275,32,2619
512624,515251,515274,23,2627
512624,515245,515275,30,2621
512624,515249,515275,26,2625
512624,515252,515276,24,2628
512624,515244,515276,32,2620
512624,515254,515275,21,2630
512624,515246,515276,30,2622
512624,515246,515276,30,2622
512624,515234,515276,42,2610
512624,515253,515276,23,2629
512624,515246,515276,30,2622
512624,515248,515278,30,2624
512624,515252,515277,25,2628
512624,515252,515277,25,2628
512624,515248,515277,29,2624
512624,515254,515277,23,2630
512624,515246,515278,32,2622
512624,515245,515279,34,2621
512624,515255,515278,23,2631
512624,515249,515277,28,2625
512624,515260,515280,20,2636
512624,515242,515279,37,2618
512624,515243,515279,36,2619
512624,515263,515279,16,2639
512624,515256,515280,24,2632
512624,515251,515280,29,2627
512624,515241,515281,40,2617
512624,515264,515283,19,2640
512624,515240,515283,43,2616
512624,515240,515282,42,2616
512624,515254,515282,28,2630
512624,515240,515283,43,2616
512624,515241,515282,41,2617
512624,515241,515283,42,2617
512624,515261,515285,24,2637
512624,515254,515285,31,2630
512624,515269,515287,18,2645
512624,515248,515286,38,2624
512624,515268,515288,20,2644
512624,515269,515289,20,2645
512624,515239,515290,51,2615
512624,515239,515290,51,2615
512624,515254,515290,36,2630
512624,515270,515290,20,2646
512624,515268,515291,23,2644
512624,515271,515292,21,2647
512624,515272,515292,20,2648
512624,515248,515292,44,2624
512624,515272,515295,23,2648
512624,515267,515296,29,2643
512624,515268,515296,28,2644
512624,515278,515298,20,2654
512624,515273,515298,25,2649
512624,515273,515298,25,2649
512624,515280,515299,19,2656
512624,515277,515300,23,2653
512624,515276,515300,24,2652
512624,515277,515300,23,2653
512624,515234,515300,66,2610
512624,515278,515301,23,2654
512624,515276,515301,25,2652
512624,515277,515301,24,2653
512624,515276,515302,26,2652
512624,515272,515302,30,2648
512624,515277,515303,26,2653
512624,515274,515304,30,2650
512624,515273,515304,31,2649
512725,515285,515305,20,2560
512624,515275,515304,29,2651
512725,515287,515305,18,2562
512725,515287,515305,18,2562
512624,515283,515305,22,2659
512624,515274,515306,32,2650
512624,515276,515306,30,2652
512624,515278,515306,28,2654
512725,515290,515306,16,2565
512624,515238,515307,69,2614
512624,515274,515307,33,2650
512624,515283,515307,24,2659
512725,515289,515307,18,2564
512624,515276,515307,31,2652
512624,515283,515307,24,2659
512624,515275,515308,33,2651
512624,515280,515308,28,2656
512624,515278,515309,31,2654
512624,515274,515309,35,2650
512624,515280,515309,29,2656
512725,515290,515310,20,2565
512624,515278,515310,32,2654
512624,515275,515310,35,2651
512624,515279,515311,32,2655
512725,515291,515310,19,2566
512624,515282,515311,29,2658
512624,515276,515311,35,2652
512624,515279,515312,33,2655
512725,515292,515311,19,2567
512624,515236,515311,75,2612
512725,515290,515311,21,2565
512624,515283,515312,29,2659
512624,515280,515313,33,2656
512725,515291,515314,23,2566
512624,515280,515313,33,2656
512624,515280,515314,34,2656
512624,515237,515315,78,2613
512624,515281,515314,33,2657
512624,515278,515315,37,2654
512725,515292,515315,23,2567
512725,515293,515316,23,2568
512624,515283,515316,33,2659
512624,515283,515316,33,2659
512624,515283,515317,34,2659
512624,515280,515316,36,2656
512725,515292,515320,28,2567
512624,515237,515322,85,2613
512725,515296,515325,29,2571
511657,514552,515326,774,2895
512725,515312,515326,14,2587
512725,515312,515327,15,2587
512725,515312,515328,16,2587
512624,515238,515329,91,2614
512624,515238,515329,91,2614
512725,515312,515330,18,2587
512725,515306,515332,26,2581
512725,515307,515332,25,2582
512725,515309,515333,24,2584
512725,515304,515333,29,2579
512725,515309,515333,24,2584
512725,515306,515334,28,2581
512725,515305,515334,29,2580
512725,515312,515334,22,2587
512725,515306,515334,28,2581
512725,515304,515335,31,2579
512725,515315,515334,19,2590
512725,515305,515334,29,2580
512725,515311,515334,23,2586
512725,515307,515335,28,2582
512725,515315,515335,20,2590
512725,515306,515335,29,2581
512725,515306,515335,29,2581
512725,515309,515335,26,2584
512725,515311,515336,25,2586
512725,515305,515335,30,2580
512725,515317,515336,19,2592
512725,515314,515336,22,2589
512725,515308,515336,28,2583
512725,515316,515337,21,2591
512725,515305,515338,33,2580
512725,515310,515337,27,2585
512725,515314,515338,24,2589
512725,515307,515338,31,2582
512725,515316,515338,22,2591
512725,515304,515339,35,2579
512725,515307,515339,32,2582
512725,515315,515339,24,2590
512725,515302,515339,37,2577
512725,515316,515340,24,2591
512725,515307,515340,33,2582
512725,515313,515341,28,2588
512725,515311,515340,29,2586
512725,515316,515341,25,2591
512725,515309,515341,32,2584
512725,515302,515341,39,2577
512725,515310,515342,32,2585
512725,515303,515341,38,2578
512725,515314,515342,28,2589
512725,515297,515342,45,2572
512725,515302,515343,41,2577
512725,515315,515344,29,2590
512725,515318,515343,25,2593
512725,515302,515345,43,2577
512725,515311,515346,35,2586
512725,515328,515346,18,2603
512725,515326,515347,21,2601
512725,515311,515349,38,2586
512725,515327,515349,22,2602
512725,515325,515349,24,2600
512725,515329,515349,20,2604
512725,515330,515351,21,2605
512725,515329,515351,22,2604
512725,515335,515351,16,2610
512725,515301,515352,51,2576
512725,515333,515352,19,2608
512725,515335,515353,18,2610
512725,515333,515353,20,2608
512725,515320,515354,34,2595
512725,515323,515354,31,2598
512725,515333,515354,21,2608
512725,515335,515355,20,2610
512725,515333,515355,22,2608
512725,515334,515356,22,2609
512725,515334,515355,21,2609
512725,515335,515356,21,2610
512725,515297,515357,60,2572
512725,515331,515358,27,2606
512725,515301,515358,57,2576
512725,515339,515361,22,2614
512725,515340,515360,20,2615
512725,515337,515362,25,2612
512725,515336,515361,25,2611
512725,515335,515362,27,2610
512725,515340,515363,23,2615
512826,515350,515363,13,2524
512725,515337,515363,26,2612
512725,515336,515363,27,2611
512725,515339,515363,24,2614
512725,515338,515364,26,2613
512725,515340,515365,25,2615
512725,515339,515365,26,2614
512725,515338,515365,27,2613
512725,515339,515365,26,2614
512826,515352,515365,13,2526
512826,515351,515368,17,2525
512725,515346,515368,22,2621
512725,515340,515368,28,2615
512725,515336,515368,32,2611
512725,515340,515369,29,2615
512725,515343,515369,26,2618
512725,515338,515369,31,2613
512725,515346,515369,23,2621
512725,515336,515369,33,2611
512725,515336,515369,33,2611
512725,515342,515369,27,2617
512725,515335,515370,35,2610
512826,515353,515370,17,2527
512725,515336,515371,35,2611
512725,515342,515371,29,2617
512725,515300,515372,72,2575
512826,515353,515371,18,2527
512725,515342,515372,30,2617
512725,515342,515371,29,2617
512725,515349,515373,24,2624
512826,515353,515372,19,2527
512725,515336,515373,37,2611
512725,515341,515373,32,2616
512725,515349,515373,24,2624
512725,515348,515374,26,2623
512725,515341,515374,33,2616
512826,515355,515374,19,2529
512826,515354,515374,20,2528
512725,515301,515374,73,2576
512725,515343,515375,32,2618
512826,515352,515376,24,2526
512725,515342,515376,34,2617
512725,515299,515377,78,2574
512725,515344,515378,34,2619
512725,515344,515378,34,2619
512725,515336,515378,42,2611
512826,515354,515379,25,2528
512725,515342,515379,37,2617
512826,515354,515379,25,2528
512725,515346,515380,34,2621
512725,515298,515382,84,2573
512725,515335,515382,47,2610
512725,515298,515384,86,2573
512826,515356,515385,29,2530
512826,515355,515385,30,2529
512725,515299,515386,87,2574
511739,514626,515386,760,2887
512826,515374,515388,14,2548
512826,515374,515389,15,2548
512826,515363,515390,27,2537
512826,515365,515391,26,2539
512826,515374,515391,17,2548
512826,515374,515392,18,2548
512826,515374,515392,18,2548
512826,515368,515395,27,2542
512826,515366,515394,28,2540
512826,515370,515394,24,2544
512826,515370,515394,24,2544
512826,515370,515396,26,2544
512826,515374,515396,22,2548
512826,515372,515397,25,2546
512826,515356,515397,41,2530
512826,515366,515397,31,2540
512826,515372,515397,25,2546
512826,515370,515398,28,2544
512826,515372,515398,26,2546
512826,515374,515398,24,2548
512826,515369,515398,29,2543
512826,515370,515398,28,2544
512826,515370,515399,29,2544
512826,515377,515399,22,2551
512826,515371,515399,28,2545
512826,515372,515399,27,2546
512826,515373,515399,26,2547
512826,515371,515399,28,2545
512826,515378,515400,22,2552
512826,515376,515400,24,2550
512826,515365,515400,35,2539
512826,515378,515401,23,2552
512826,515364,515402,38,2538
512826,515375,515401,26,2549
512826,515378,515401,23,2552
512826,515370,515402,32,2544
512826,515373,515402,29,2547
512826,515372,515402,30,2546
512826,515381,515402,21,2555
512826,515373,515403,30,2547
512826,515365,515403,38,2539
512826,515379,515403,24,2553
512826,515379,515403,24,2553
512826,515379,515404,25,2553
512826,515364,515400,36,2538
512826,515366,515399,33,2540
512826,515369,515398,29,2543
512826,515377,515398,21,2551
512826,515363,515405,42,2537
512826,515384,515405,21,2558
512826,515372,515405,33,2546
512826,515383,515406,23,2557
512826,515362,515406,44,2536
512826,515363,515407,44,2537
512826,515362,515406,44,2536
512826,515369,515406,37,2543
512826,515391,515407,16,2565
512826,515387,515407,20,2561
512826,515382,515408,26,2556
512826,515393,515409,16,2567
512826,515389,515409,20,2563
512826,515356,515410,54,2530
512826,515395,515412,17,2569
512826,515389,515412,23,2563
512826,515395,515413,18,2569
512826,515393,515413,20,2567
512826,515385,515414,29,2559
512826,515362,515415,53,2536
512826,515391,515415,24,2565
512826,515397,515416,19,2571
512826,515386,515416,30,2560
512826,515391,515417,26,2565
512826,515395,515417,22,2569
512826,515396,515417,21,2570
512826,515395,515417,22,2569
512826,515386,515417,31,2560
512826,515397,515419,22,2571
512826,515357,515420,63,2531
512826,515400,515422,22,2574
512826,515405,515422,17,2579
512927,515409,515424,15,2482
512826,515397,515424,27,2571
512826,515400,515425,25,2574
512826,515403,515425,22,2577
512826,515400,515426,26,2574
512927,515409,515426,17,2482
512826,515400,515426,26,2574
512927,515410,515426,16,2483
512826,515398,515427,29,2572
512826,515401,515426,25,2575
512826,515400,515427,27,2574
512826,515401,515427,26,2575
512826,515400,515428,28,2574
512826,515402,515428,26,2576
512826,515400,515428,28,2574
512826,515399,515430,31,2573
512826,515407,515430,23,2581
512826,515406,515430,24,2580
512826,515408,515430,22,2582
512927,515413,515431,18,2486
512826,515403,515430,27,2577
512826,515407,515431,24,2581
512927,515414,515431,17,2487
512826,515407,515431,24,2581
512826,515402,515431,29,2576
512826,515404,515432,28,2578
512826,515405,515432,27,2579
512826,515403,515432,29,2577
512826,515405,515433,28,2579
512826,515403,515433,30,2577
512826,515405,515433,28,2579
512826,515398,515434,36,2572
512826,515402,515435,33,2576
512927,515414,515435,21,2487
512826,515402,515435,33,2576
512826,515408,515435,27,2582
512826,515407,515436,29,2581
512826,515405,515437,32,2579
512826,515405,515436,31,2579
512927,515413,515437,24,2486
512826,515401,515437,36,2575
512826,515398,515437,39,2572
512826,515407,515437,30,2581
512927,515415,515438,23,2488
512826,515399,515437,38,2573
512927,515416,515438,22,2489
512927,515416,515438,22,2489
512826,515404,515439,35,2578
512826,515406,515439,33,2580
512826,515404,515440,36,2578
512826,515358,515441,83,2532
512927,515415,515442,27,2488
512826,515399,515442,43,2573
512826,515405,515443,38,2579
512927,515416,515444,28,2489
512826,515361,515447,86,2535
512826,515361,515448,87,2535
512927,515417,515449,32,2490
512826,515359,515449,90,2533
512927,515418,515450,32,2491
512927,515437,515451,14,2510
512927,515437,515452,15,2510
512927,515428,515452,24,2501
512826,515359,515453,94,2533
512927,515437,515454,17,2510
512927,515427,515455,28,2500
512927,515434,515456,22,2507
512927,515435,515456,21,2508
512927,515433,515457,24,2506
512927,515431,515458,27,2504
512927,515426,515458,32,2499
512927,515431,515458,27,2504
512927,515431,515458,27,2504
512927,515428,515458,30,2501
512927,515432,515458,26,2505
512927,515428,515459,31,2501
512927,515431,515458,27,2504
512927,515433,515459,26,2506
512927,515438,515459,21,2511
512927,515427,515459,32,2500
512927,515427,515459,32,2500
512927,515432,515459,27,2505
512927,515432,515459,27,2505
512927,515432,515460,28,2505
512927,515438,515460,22,2511
512927,515425,515460,35,2498
512927,515426,515460,34,2499
512927,515435,515461,26,2508
512927,515438,515460,22,2511
512927,515437,515461,24,2510
512927,515431,515462,31,2504
512927,515443,515462,19,2516
512927,515428,515462,34,2501
512927,515439,515462,23,2512
512927,515425,515462,37,2498
512927,515428,515463,35,2501
512927,515432,515464,32,2505
512927,515433,515464,31,2506
512927,515440,515464,24,2513
512927,515443,515465,22,2516
512927,515425,515465,40,2498
512927,515431,515465,34,2504
512927,515445,515465,20,2518
512927,515431,515465,34,2504
512927,515440,515466,26,2513
512927,515436,515466,30,2509
512927,515427,515466,39,2500
512927,515444,515467,23,2517
512927,515438,515467,29,2511
512927,515441,515468,27,2514
512927,515418,515468,50,2491
512927,515438,515468,30,2511
512927,515435,515469,34,2508
512927,515439,515469,30,2512
512927,515447,515469,22,2520
512927,515435,515471,36,2508
512927,515457,515473,16,2530
512927,515449,515473,24,2522
512927,515439,515473,34,2512
512927,515452,515475,23,2525
512927,515459,515474,15,2532
512927,515458,515476,18,2531
512927,515457,515476,19,2530
512927,515458,515477,19,2531
512927,515458,515477,19,2531
512927,515449,515477,28,2522
512927,515455,515478,23,2528
512927,515459,515478,19,2532
512927,515456,515478,22,2529
512927,515458,515478,20,2531
512927,515454,515479,25,2527
512927,515459,515478,19,2532
512927,515453,515479,26,2526
512927,515450,515480,30,2523
511827,514697,515479,782,2870
512927,515451,515483,32,2524
512927,515462,515483,21,2535
512927,515462,515483,21,2535
512927,515459,515483,24,2532
512927,515461,515483,22,2534
512927,515463,515484,21,2536
512927,515463,515485,22,2536
512927,515423,515484,61,2496
512927,515451,515485,34,2524
512927,515462,515485,23,2535
512927,515465,515486,21,2538
512927,515461,515485,24,2534
512927,515463,515486,23,2536
512927,515461,515486,25,2534
512927,515463,515487,24,2536
512927,515424,515486,62,2497
512927,515463,515488,25,2536
512927,515459,515488,29,2532
513029,515475,515489,14,2446
512927,515459,515489,30,2532
512927,515460,515489,29,2533
512927,515465,515491,26,2538
512927,515462,515491,29,2535
512927,515459,515493,34,2532
512927,515466,515492,26,2539
512927,515461,515492,31,2534
512927,515465,515492,27,2538
512927,515472,515493,21,2545
512927,515465,515493,28,2538
513029,515476,515493,17,2447
512927,515466,515494,28,2539
512927,515469,515494,25,2542
512927,515467,515494,27,2540
512927,515467,515494,27,2540
513029,515478,515494,16,2449
512927,515470,515494,24,2543
513029,515479,515494,15,2450
512927,515474,515495,21,2547
512927,515418,515495,77,2491
513029,515476,515496,20,2447
512927,515463,515495,32,2536
512927,515460,515495,35,2533
512927,515468,515496,28,2541
513029,515478,515497,19,2449
512927,515470,515496,26,2543
512927,515468,515496,28,2541
513029,515478,515497,19,2449
513029,515479,515498,19,2450
512927,515467,515497,30,2540
513029,515478,515498,20,2449
513029,515478,515498,20,2449
512927,515460,515499,39,2533
512927,515469,515499,30,2542
512927,515467,515500,33,2540
513029,515479,515500,21,2450
512927,515474,515500,26,2547
512927,515468,515501,33,2541
512927,515466,515501,35,2539
512927,515474,515501,27,2547
513029,515480,515504,24,2451
513029,515479,515506,27,2450
513029,515479,515506,27,2450
512927,515466,515507,41,2539
512927,515423,515508,85,2496
512927,515419,515510,91,2492
513029,515497,515513,16,2468
513029,515497,515512,15,2468
513029,515497,515513,16,2468
512927,515420,515514,94,2493
512927,515418,515513,95,2491
513029,515493,515515,22,2464
513029,515487,515517,30,2458
513029,515487,515517,30,2458
513029,515497,515517,20,2468
513029,515494,515517,23,2465
513029,515489,515518,29,2460
513029,515497,515518,21,2468
513029,515494,515518,24,2465
513029,515491,515519,28,2462
513029,515489,515519,30,2460
513029,515493,515520,27,2464
513029,515501,515520,19,2472
513029,515492,515519,27,2463
513029,515490,515520,30,2461
513029,515493,515520,27,2464
513029,515496,515520,24,2467
513029,515487,515520,33,2458
513029,515499,515521,22,2470
513029,515493,515521,28,2464
513029,515498,515521,23,2469
513029,515496,515521,25,2467
513029,515489,515522,33,2460
513029,515495,515522,27,2466
513029,515495,515522,27,2466
513029,515498,515521,23,2469
513029,515500,515522,22,2471
513029,515493,515523,30,2464
513029,515502,515523,21,2473
513029,515495,515523,28,2466
513029,515500,515524,24,2471
513029,515499,515524,25,2470
513029,515494,515524,30,2465
513029,515495,515525,30,2466
513029,515500,515525,25,2471
513029,515486,515525,39,2457
513029,515504,515525,21,2475
513029,515494,515525,31,2465
513029,515495,515526,31,2466
513029,515499,515526,27,2470
513029,515487,515526,39,2458
513029,515490,515526,36,2461
513029,515500,515527,27,2471
513029,515480,515527,47,2451
513029,515486,515528,42,2457
513029,515494,515528,34,2465
511914,514763,515528,765,2849
513029,515506,515528,22,2477
513029,515510,515529,19,2481
513029,515486,515524,38,2457
513029,515501,515524,23,2472
513029,515507,515526,19,2478
513029,515507,515530,23,2478
513029,515516,515531,15,2487
513029,515496,515532,36,2467
513029,515508,515534,26,2479
513029,515485,515534,49,2456
513029,515486,515535,49,2457
513029,515517,515536,19,2488
513029,515496,515536,40,2467
513029,515513,515536,23,2484
513029,515518,515537,19,2489
513029,515519,515537,18,2490
513029,515517,515538,21,2488
513029,515518,515539,21,2489
513029,515513,515539,26,2484
513029,515485,515539,54,2456
513029,515520,515540,20,2491
513029,515520,515540,20,2491
513029,515519,515540,21,2490
513029,515520,515540,20,2491
513029,515519,515541,22,2490
513029,515515,515542,27,2486
513029,515519,515541,22,2490
513029,515514,515541,27,2485
513029,515522,515543,21,2493
513029,515523,515543,20,2494
513029,515513,515543,30,2484
513029,515522,515543,21,2493
513029,515526,515544,18,2497
513029,515523,515545,22,2494
513029,515525,515546,21,2496
513029,515526,515546,20,2497
513029,515526,515546,20,2497
513029,515526,515546,20,2497
513029,515521,515547,26,2492
513029,515521,515546,25,2492
513029,515523,515546,23,2494
513029,515527,515547,20,2498
513029,515521,515548,27,2492
513029,515526,515548,22,2497
513029,515522,515549,27,2493
513029,515522,515549,27,2493
513029,515527,515550,23,2498
513029,515521,515550,29,2492
513029,515524,515550,26,2495
513029,515526,515550,24,2497
513029,515531,515550,19,2502
513029,515525,515551,26,2496
513135,515536,515551,15,2401
513029,515530,515551,21,2501
513029,515530,515551,21,2501
513029,515524,515551,27,2495
513029,515529,515552,23,2500
513029,515521,515553,32,2492
513029,515528,515554,26,2499
513029,515524,515554,30,2495
513029,515532,515554,22,2503
513029,515528,515554,26,2499
513135,515537,515555,18,2402
513135,515535,515555,20,2400
513135,515540,515554,14,2405
513029,515534,515556,22,2505
513029,515484,515556,72,2455
513029,515527,515558,31,2498
513029,515530,515558,28,2501
513029,515532,515558,26,2503
513029,515521,515558,37,2492
513135,515536,515558,22,2401
513135,515538,515558,20,2403
513029,515521,515559,38,2492
513029,515527,515561,34,2498
513135,515539,515561,22,2404
513029,515483,515560,77,2454
513029,515530,515561,31,2501
513029,515529,515561,32,2500
513135,515540,515562,22,2405
513135,515539,515562,23,2404
513029,515528,515564,36,2499
513135,515541,515564,23,2406
513029,515484,515566,82,2455
513029,515528,515567,39,2499
513135,515538,515567,29,2403
513135,515540,515568,28,2405
513135,515541,515569,28,2406
513029,515483,515569,86,2454
513135,515558,515571,13,2423
513135,515558,515572,14,2423
513135,515541,515572,31,2406
513135,515559,515574,15,2424
513135,515549,515575,26,2414
513135,515558,515575,17,2423
513135,515551,515576,25,2416
513029,515483,515576,93,2454
513135,515547,515577,30,2412
512014,514831,515577,746,2817
513135,515554,515578,24,2419
513135,515557,515577,20,2422
513135,515547,515578,31,2412
513135,515559,515578,19,2424
513135,515550,515577,27,2415
513135,515548,515579,31,2413
513135,515553,515578,25,2418
513135,515555,515578,23,2420
513135,515552,515578,26,2417
513135,515552,515579,27,2417
513135,515548,515579,31,2413
513135,515551,515579,28,2416
513135,515555,515580,25,2420
513135,515550,515580,30,2415
513135,515549,515580,31,2414
513135,515560,515581,21,2425
513135,515562,515580,18,2427
513135,515552,515580,28,2417
513135,515555,515581,26,2420
513135,515554,515581,27,2419
513135,515547,515582,35,2412
513135,515547,515582,35,2412
513135,515559,515582,23,2424
513135,515551,515583,32,2416
513135,515547,515583,36,2412
513135,515561,515584,23,2426
513135,515566,515584,18,2431
513135,515554,515584,30,2419
513135,515565,515584,19,2430
513029,515484,515585,101,2455
513135,515563,515586,23,2428
513135,515547,515586,39,2412
513135,515550,515586,36,2415
513135,515569,515585,16,2434
513135,515561,515586,25,2426
513135,515567,515587,20,2432
513135,515542,515587,45,2407
513135,515551,515587,36,2416
513135,515568,515587,19,2433
513135,515555,515588,33,2420
513135,515547,515589,42,2412
513135,515564,515588,24,2429
513135,515568,515589,21,2433
513135,515552,515585,33,2417
513135,515561,515586,25,2426
513135,515561,515585,24,2426
513135,515546,515590,44,2411
513135,515561,515591,30,2426
513135,515572,515590,18,2437
513135,515555,515590,35,2420
513135,515569,515591,22,2434
513135,515573,515592,19,2438
513135,515557,515593,36,2422
513135,515576,515594,18,2441
513135,515573,515593,20,2438
513135,515576,515594,18,2441
513135,515545,515594,49,2410
513135,515574,515595,21,2439
513135,515578,515597,19,2443
513135,515578,515597,19,2443
513135,515577,515597,20,2442
513135,515577,515598,21,2442
513135,515576,515599,23,2441
513135,515578,515599,21,2443
513135,515579,515599,20,2444
513135,515579,515600,21,2444
513135,515578,515600,22,2443
513135,515578,515601,23,2443
513135,515579,515601,22,2444
513135,515587,515603,16,2452
513135,515584,515603,19,2449
513135,515579,515605,26,2444
513135,515544,515605,61,2409
513135,515585,515605,20,2450
513135,515575,515605,30,2440
513135,515581,515605,24,2446
513135,515582,515606,24,2447
513135,515582,515605,23,2447
513135,515583,515605,22,2448
513135,515582,515605,23,2447
513135,515583,515606,23,2448
513135,515586,515606,20,2451
513229,515593,515607,14,2364
513135,515586,515608,22,2451
513135,515586,515608,22,2451
513135,515585,515608,23,2450
513135,515584,515608,24,2449
513135,515586,515609,23,2451
513135,515588,515609,21,2453
513135,515586,515609,23,2451
513135,515580,515610,30,2445
513229,515594,515610,16,2365
513135,515580,515610,30,2445
513135,515591,515610,19,2456
513229,515595,515610,15,2366
513135,515579,515610,31,2444
513135,515581,515612,31,2446
513135,515587,515612,25,2452
513135,515583,515611,28,2448
513135,515589,515612,23,2454
513229,515594,515612,18,2365
513135,515590,515613,23,2455
513135,515583,515613,30,2448
513135,515579,515613,34,2444
513135,515589,515614,25,2454
513135,515587,515615,28,2452
513229,515594,515614,20,2365
513229,515598,515615,17,2369
513135,515580,515614,34,2445
513135,515581,515616,35,2446
513135,515590,515616,26,2455
513135,515588,515617,29,2453
513135,515592,515616,24,2457
513135,515591,515617,26,2456
513135,515590,515617,27,2455
513135,515591,515617,26,2456
513229,515594,515617,23,2365
513229,515598,515618,20,2369
513135,515590,515619,29,2455
513135,515589,515620,31,2454
513229,515597,515619,22,2368
513229,515599,515621,22,2370
513135,515590,515621,31,2455
513135,515588,515621,33,2453
513229,515600,515622,22,2371
513135,515542,515625,83,2407
513229,515599,515626,27,2370
513135,515544,515629,85,2409
513229,515600,515630,30,2371
513229,515600,515631,31,2371
513229,515616,515632,16,2387
513135,515542,515633,91,2407
513229,515617,515633,16,2388
513229,515616,515633,17,2387
513229,515613,515634,21,2384
513135,515544,515634,90,2409
513229,515617,515635,18,2388
513229,515613,515636,23,2384
513229,515615,515635,20,2386
513229,515610,515636,26,2381
513229,515608,515636,28,2379
513229,515607,515637,30,2378
513229,515608,515636,28,2379
513229,515609,515637,28,2380
513229,515612,515636,24,2383
513229,515609,515637,28,2380
513229,515617,515637,20,2388
513229,515615,515637,22,2386
513229,515608,515638,30,2379
513229,515610,515639,29,2381
513229,515617,515638,21,2388
513229,515610,515638,28,2381
513229,515611,515639,28,2382
513229,515610,515639,29,2381
513229,515609,515640,31,2380
513229,515611,515639,28,2382
513229,515611,515639,28,2382
513229,515617,515640,23,2388
513229,515606,515640,34,2377
513229,515614,515641,27,2385
513229,515609,515641,32,2380
513229,515606,515640,34,2377
513135,515544,515642,98,2409
513229,515618,515642,24,2389
513229,515607,515643,36,2378
513229,515606,515642,36,2377
513229,515614,515643,29,2385
513229,515626,515644,18,2397
513229,515612,515644,32,2383
513229,515630,515644,14,2401
513229,515622,515644,22,2393
513229,515615,515645,30,2386
513229,515606,515645,39,2377
513135,515542,515645,103,2407
513229,515623,515645,22,2394
513229,515606,515645,39,2377
513229,515618,515645,27,2389
513229,515612,515645,33,2383
513229,515620,515646,26,2391
513229,515606,515647,41,2377
513229,515621,515647,26,2392
513229,515601,515647,46,2372
513229,515627,515647,20,2398
513229,515622,515648,26,2393
513229,515620,515648,28,2391
513229,515620,515649,29,2391
513229,515615,515649,34,2386
513229,515614,515650,36,2385
513229,515615,515651,36,2386
513229,515633,515652,19,2404
513229,515629,515652,23,2400
513229,515637,515653,16,2408
513229,515633,515653,20,2404
513229,515637,515654,17,2408
513229,515631,515654,23,2402
513229,515636,515654,18,2407
513229,515637,515654,17,2408
513229,515636,515653,17,2407
513229,515633,515655,22,2404
513229,515637,515655,18,2408
513229,515638,515655,17,2409
513229,515633,515656,23,2404
513229,515637,515658,21,2408
513229,515634,515658,24,2405
513229,515637,515658,21,2408
513229,515638,515659,21,2409
513229,515638,515659,21,2409
513229,515635,515660,25,2406
513229,515645,515660,15,2416
513229,515635,515660,25,2406
513229,515639,515662,23,2410
513229,515646,515662,16,2417
513229,515643,515663,20,2414
513229,515644,515663,19,2415
513229,515638,515663,25,2409
513229,515641,515663,22,2412
513229,515640,515664,24,2411
513229,515641,515664,23,2412
513229,515645,515664,19,2416
513229,515642,515665,23,2413
513229,515645,515666,21,2416
513229,515605,515666,61,2376
513229,515646,515666,20,2417
513229,515639,515667,28,2410
513229,515645,515667,22,2416
513229,515645,515667,22,2416
513229,515641,515667,26,2412
513229,515639,515667,28,2410
513229,515646,515667,21,2417
513229,515605,515668,63,2376
513229,515646,515668,22,2417
513229,515647,515668,21,2418
513229,515641,515668,27,2412
513229,515645,515668,23,2416
513229,515640,515668,28,2411
513229,515640,515669,29,2411
513347,515654,515669,15,2307
513229,515643,515672,29,2414
513229,515649,515671,22,2420
513347,515654,515671,17,2307
513347,515656,515671,15,2309
513229,515651,515672,21,2422
513229,515648,515672,24,2419
513229,515652,515672,20,2423
513229,515641,515672,31,2412
513229,515644,515673,29,2415
513229,515653,515673,20,2424
513229,515643,515673,30,2414
513229,515649,515673,24,2420
513347,515654,515673,19,2307
513229,515639,515673,34,2410
512078,514899,515674,775,2821
513229,515647,515674,27,2418
513229,515650,515674,24,2421
513347,515654,515674,20,2307
513229,515647,515675,28,2418
513347,515658,515675,17,2311
513229,515649,515675,26,2420
513347,515655,515675,20,2308
513229,515648,515676,28,2419
513347,515656,515676,20,2309
513229,515653,515677,24,2424
513229,515601,515678,77,2372
513347,515657,515679,22,2310
513229,515647,515680,33,2418
513347,515654,515681,27,2307
513229,515640,515682,42,2411
513347,515659,515683,24,2312
513229,515605,515683,78,2376
513347,515658,515683,25,2311
513347,515659,515685,26,2312
513347,515675,515688,13,2328
513347,515675,515690,15,2328
513347,515674,515690,16,2327
513347,515659,515691,32,2312
513347,515675,515691,16,2328
513347,515667,515693,26,2320
513347,515667,515693,26,2320
513347,515675,515693,18,2328
513347,515668,515694,26,2321
513347,515666,515694,28,2319
513347,515675,515695,20,2328
513347,515669,515696,27,2322
513347,515665,515696,31,2318
513347,515668,515696,28,2321
513347,515669,515697,28,2322
513229,515604,515697,93,2375
513347,515668,515697,29,2321
513229,515602,515697,95,2373
513347,515673,515697,24,2326
513347,515673,515698,25,2326
513347,515676,515698,22,2329
513347,515669,515698,29,2322
513347,515672,515698,26,2325
513347,515678,515699,21,2331
513347,515672,515700,28,2325
513347,515666,515700,34,2319
513347,515677,515700,23,2330
513347,515672,515700,28,2325
513347,515684,515700,16,2337
513347,515660,515700,40,2313
513347,515666,515701,35,2319
513347,515673,515700,27,2326
513347,515667,515701,34,2320
513347,515667,515701,34,2320
513347,515672,515701,29,2325
513347,515672,515701,29,2325
513347,515677,515702,25,2330
513347,515664,515702,38,2317
513347,515681,515703,22,2334
513347,515669,515702,33,2322
513347,515669,515703,34,2322
513347,515676,515703,27,2329
513347,515676,515703,27,2329
513347,515686,515704,18,2339
513347,515680,515704,24,2333
513347,515673,515704,31,2326
513347,515664,515705,41,2317
513347,515673,515704,31,2326
513347,515679,515705,26,2332
513347,515684,515705,21,2337
513347,515664,515706,42,2317
513347,515670,515706,36,2323
513347,515682,515707,25,2335
513347,515683,515707,24,2336
513347,515691,515707,16,2344
513347,515691,515708,17,2344
513229,515604,515700,96,2375
513347,515670,515697,27,2323
513347,515672,515694,22,2325
513347,515673,515703,30,2326
513347,515683,515709,26,2336
513347,515694,515709,15,2347
513347,515695,515710,15,2348
513347,515689,515710,21,2342
513347,515664,515710,46,2317
513347,515691,515712,21,2344
513347,515697,515712,15,2350
513347,515695,515713,18,2348
513347,515697,515713,16,2350
513347,515696,515713,17,2349
513347,515693,515715,22,2346
513347,515673,515715,42,2326
513347,515694,515716,22,2347
513347,515694,515716,22,2347
513347,515697,515716,19,2350
513347,515697,515717,20,2350
513347,515697,515717,20,2350
513347,515698,515719,21,2351
513347,515664,515720,56,2317
513347,515702,515722,20,2355
513347,515701,515722,21,2354
513347,515705,515723,18,2358
513347,515703,515723,20,2356
513447,515710,515723,13,2263
513347,515698,515723,25,2351
513347,515701,515724,23,2354
513347,515705,515724,19,2358
513347,515703,515724,21,2356
513347,515699,515724,25,2352
513347,515698,515725,27,2351
513347,515704,515724,20,2357
513347,515704,515724,20,2357
513347,515702,515725,23,2355
513347,515703,515725,22,2356
513347,515702,515725,23,2355
513347,515701,515725,24,2354
513347,515698,515726,28,2351
513347,515701,515726,25,2354
513347,515702,515726,24,2355
513347,515704,515726,22,2357
513347,515703,515727,24,2356
513347,515701,515726,25,2354
513347,515699,515727,28,2352
513347,515663,515727,64,2316
513347,515707,515727,20,2360
513347,515701,515728,27,2354
513347,515709,515728,19,2362
513347,515708,515728,20,2361
513347,515706,515728,22,2359
513347,515706,515728,22,2359
513447,515713,515729,16,2266
513347,515660,515730,70,2313
513347,515700,515729,29,2353
513347,515700,515729,29,2353
513347,515704,515729,25,2357
512177,514967,515730,763,2790
513447,515712,515731,19,2265
513347,515709,515731,22,2362
513347,515706,515731,25,2359
513447,515711,515731,20,2264
513347,515706,515731,25,2359
513347,515701,515732,31,2354
513347,515702,515732,30,2355
513347,515710,515731,21,2363
513347,515709,515732,23,2362
513447,515714,515732,18,2267
513347,515706,515733,27,2359
513347,515709,515733,24,2362
513347,515709,515733,24,2362
513447,515714,515734,20,2267
513447,515714,515735,21,2267
513347,515709,515735,26,2362
513347,515709,515735,26,2362
513347,515707,515737,30,2360
513447,515716,515737,21,2269
513447,515717,515738,21,2270
513447,515716,515739,23,2269
513447,515716,515739,23,2269
513447,515716,515742,26,2269
513447,515716,515741,25,2269
513447,515732,515743,11,2285
513447,515732,515745,13,2285
513447,515732,515747,15,2285
513347,515662,515747,85,2315
513447,515733,515748,15,2286
513347,515663,515749,86,2316
513447,515733,515749,16,2286
513447,515718,515749,31,2271
513447,515732,515751,19,2285
513447,515728,515752,24,2281
513447,515732,515751,19,2285
513447,515727,515752,25,2280
513447,515729,515754,25,2282
513447,515727,515753,26,2280
513447,515727,515754,27,2280
513447,515729,515754,25,2282
513447,515730,515754,24,2283
513447,515733,515754,21,2286
513447,515732,515754,22,2285
513447,515728,515755,27,2281
513447,515726,515756,30,2279
513447,515727,515756,29,2280
513447,515731,515756,25,2284
513347,515663,515757,94,2316
513447,515729,515757,28,2282
513447,515726,515757,31,2279
513447,515730,515757,27,2283
513347,515660,515757,97,2313
513447,515734,515757,23,2287
513447,515740,515758,18,2293
513447,515726,515758,32,2279
513447,515745,515759,14,2298
513447,515730,515759,29,2283
513447,515735,515759,24,2288
513447,515734,515760,26,2287
513447,515737,515759,22,2290
513447,515742,515759,17,2295
513447,515725,515760,35,2278
513447,515739,515760,21,2292
513447,515727,515760,33,2280
513447,515729,515760,31,2282
513447,515726,515761,35,2279
513447,515726,515760,34,2279
513447,515726,515761,35,2279
513447,515736,515761,25,2289
513447,515725,515761,36,2278
513447,515729,515762,33,2282
513447,515730,515761,31,2283
513447,515739,515762,23,2292
513447,515736,515763,27,2289
513447,515725,515765,40,2278
513447,515727,515765,38,2280
513447,515742,515765,23,2295
513447,515735,515764,29,2288
513447,515737,515766,29,2290
513447,515747,515766,19,2300
513447,515725,515767,42,2278
513447,515725,515767,42,2278
513447,515720,515767,47,2273
513447,515744,515768,24,2297
513447,515724,515767,43,2277
513447,515752,515768,16,2305
513447,515732,515768,36,2285
513447,515748,515768,20,2301
513447,515754,515769,15,2307
513447,515752,515769,17,2305
513447,515750,515770,20,2303
513447,515749,515769,20,2302
513447,515724,515772,48,2277
513447,515755,515772,17,2308
513447,515750,515773,23,2303
513447,515732,515774,42,2285
513447,515752,515774,22,2305
513447,515754,515773,19,2307
513447,515751,515774,23,2304
513447,515755,515774,19,2308
513447,515754,515775,21,2307
513447,515754,515776,22,2307
513447,515750,515777,27,2303
513447,515755,515777,22,2308
513447,515762,515779,17,2315
513447,515760,515779,19,2313
513447,515757,515781,24,2310
513447,515755,515781,26,2308
513447,515762,515781,19,2315
512259,515034,515782,748,2775
513447,515761,515782,21,2314
513447,515761,515782,21,2314
513447,515761,515783,22,2314
513447,515760,515784,24,2313
513447,515757,515784,27,2310
513447,515761,515784,23,2314
513447,515760,515784,24,2313
513447,515761,515784,23,2314
513447,515760,515785,25,2313
513447,515761,515785,24,2314
513447,515762,515786,24,2315
513447,515759,515785,26,2312
513515,515770,515786,16,2255
513447,515757,515786,29,2310
513447,515758,515786,28,2311
513447,515760,515786,26,2313
513447,515762,515786,24,2315
513447,515757,515787,30,2310
513447,515721,515787,66,2274
513447,515758,515787,29,2311
513447,515759,515787,28,2312
513447,515761,515788,27,2314
513515,515769,515788,19,2254
513515,515770,515788,18,2255
513447,515768,515789,21,2321
513447,515763,515789,26,2316
513447,515767,515790,23,2320
513447,515768,515790,22,2321
513447,515760,515790,30,2313
513447,515768,515791,23,2321
513447,515758,515791,33,2311
513447,515758,515793,35,2311
513447,515763,515792,29,2316
513447,515767,515793,26,2320
513447,515765,515793,28,2318
513447,515767,515794,27,2320
513515,515773,515794,21,2258
513515,515770,515794,24,2255
513515,515773,515795,22,2258
513515,515774,515795,21,2259
513447,515760,515795,35,2313
513515,515776,515796,20,2261
513447,515765,515796,31,2318
513515,515773,515796,23,2258
513447,515765,515797,32,2318
513515,515775,515797,22,2260
513447,515767,515797,30,2320
513447,515768,515797,29,2321
513447,515768,515798,30,2321
513515,515774,515798,24,2259
513447,515765,515798,33,2318
513447,515724,515800,76,2277
513447,515723,515804,81,2276
513515,515774,515803,29,2259
513447,515722,515804,82,2275
513515,515775,515805,30,2260
513515,515776,515806,30,2261
513515,515794,515808,14,2279
513515,515789,515808,19,2274
513447,515724,515809,85,2277
513515,515795,515810,15,2280
513447,515723,515810,87,2276
513515,515794,515810,16,2279
513515,515795,515811,16,2280
513515,515794,515812,18,2279
513515,515786,515812,26,2271
513515,515786,515812,26,2271
513515,515796,515812,16,2281
513515,515790,515813,23,2275
513447,515723,515813,90,2276
513515,515794,515812,18,2279
513515,515788,515813,25,2273
513515,515785,515814,29,2270
513515,515789,515814,25,2274
513515,515786,515814,28,2271
513515,515788,515814,26,2273
513515,515798,515815,17,2283
513515,515797,515815,18,2282
513515,515786,515815,29,2271
513515,515791,515815,24,2276
513515,515785,515816,31,2270
513515,515785,515816,31,2270
513515,515791,515816,25,2276
513515,515791,515817,26,2276
513515,515786,515818,32,2271
513515,515799,515818,19,2284
513515,515789,515818,29,2274
513515,515784,515818,34,2269
513515,515798,515818,20,2283
513515,515786,515818,32,2271
513515,515786,515818,32,2271
513515,515787,515818,31,2272
513515,515797,515820,23,2282
513515,515804,515820,16,2289
513515,515798,515820,22,2283
513515,515787,515820,33,2272
513515,515790,515820,30,2275
513515,515797,515821,24,2282
513515,515790,515822,32,2275
513515,515777,515822,45,2262
513515,515798,515823,25,2283
513515,515791,515823,32,2276
513515,515800,515824,24,2285
513515,515798,515824,26,2283
513515,515805,515825,20,2290
513515,515799,515821,22,2284
513515,515805,515825,20,2290
513515,515784,515825,41,2269
513515,515784,515827,43,2269
513515,515804,515826,22,2289
513515,515785,515826,41,2270
513515,515784,515828,44,2269
513515,515793,515828,35,2278
513515,515813,515828,15,2298
513515,515809,515829,20,2294
513515,515810,515829,19,2295
513515,515777,515828,51,2262
513515,515809,515829,20,2294
513515,515810,515829,19,2295
513515,515813,515830,17,2298
513515,515812,515830,18,2297
513515,515783,515830,47,2268
513515,515813,515832,19,2298
513515,515793,515832,39,2278
513515,515813,515832,19,2298
513515,515811,515832,21,2296
513515,515813,515832,19,2298
513515,515814,515833,19,2299
513515,515814,515833,19,2299
513515,515812,515833,21,2297
513515,515813,515834,21,2298
513515,515782,515835,53,2267
513515,515811,515838,27,2296
513515,515818,515838,20,2303
513515,515819,515838,19,2304
513515,515818,515840,22,2303
513515,515815,515840,25,2300
513515,515815,515840,25,2300
513515,515821,515841,20,2306
513515,515818,515841,23,2303
513515,515821,515841,20,2306
513515,515822,515841,19,2307
513515,515818,515841,23,2303
513515,515794,515842,48,2279
513515,515824,515843,19,2309
513515,515820,515843,23,2305
513515,515815,515843,28,2300
513515,515780,515843,63,2265
513515,515823,515843,20,2308
513515,515816,515843,27,2301
513515,515821,515844,23,2306
513592,515830,515844,14,2238
513515,515823,515844,21,2308
513515,515819,515845,26,2304
513515,515807,515845,38,2292
513515,515822,515846,24,2307
513515,515815,515846,31,2300
513515,515826,515846,20,2311
513515,515818,515846,28,2303
513515,515817,515846,29,2302
513515,515818,515846,28,2303
513515,515819,515846,27,2304
513515,515829,515847,18,2314
513592,515832,515848,16,2240
513515,515829,515848,19,2314
513515,515816,515848,32,2301
513515,515816,515849,33,2301
513592,515831,515850,19,2239
513515,515826,515849,23,2311
513515,515826,515852,26,2311
513592,515831,515851,20,2239
513515,515817,515852,35,2302
513515,515817,515852,35,2302
513592,515834,515852,18,2242
513515,515827,515852,25,2312
513515,515828,515852,24,2313
513515,515824,515852,28,2309
513515,515829,515852,23,2314
513515,515782,515853,71,2267
513592,515834,515853,19,2242
513592,515833,515854,21,2241
513515,515825,515853,28,2310
513592,515833,515854,21,2241
513515,515828,515854,26,2313
513592,515832,515854,22,2240
513592,515833,515855,22,2241
513515,515829,515855,26,2314
513592,515832,515856,24,2240
513515,515782,515855,73,2267
513515,515827,515855,28,2312
513515,515826,515856,30,2311
513515,515827,515856,29,2312
513592,515834,515857,23,2242
513515,515828,515858,30,2313
513515,515826,515860,34,2311
513592,515836,515861,25,2244
513515,515782,515861,79,2267
513592,515838,515864,26,2246
513592,515853,515865,12,2261
513515,515779,515865,86,2264
513592,515853,515866,13,2261
513515,515782,515866,84,2267
513592,515853,515868,15,2261
513592,515854,515868,14,2262
513592,515854,515869,15,2262
512359,515097,515870,773,2738
513592,515853,515871,18,2261
513592,515847,515872,25,2255
513592,515854,515872,18,2262
513592,515848,515873,25,2256
513592,515844,515873,29,2252
513592,515845,515873,28,2253
513592,515845,515874,29,2253
513592,515848,515874,26,2256
513592,515847,515874,27,2255
513592,515853,515875,22,2261
513592,515853,515875,22,2261
513592,515846,515875,29,2254
513592,515844,515876,32,2252
513592,515849,515877,28,2257
513592,515847,515877,30,2255
513592,515861,515877,16,2269
513592,515847,515877,30,2255
513592,515844,515877,33,2252
513592,515860,515878,18,2268
513592,515846,515877,31,2254
513592,515847,515878,31,2255
513592,515857,515878,21,2265
513592,515852,515879,27,2260
513592,515844,515878,34,2252
513592,515856,515879,23,2264
513592,515856,515879,23,2264
513592,515855,515880,25,2263
513592,515855,515879,24,2263
513592,515856,515879,23,2264
513592,515850,515880,30,2258
513592,515844,515880,36,2252
513592,515846,515880,34,2254
513592,515857,515881,24,2265
513592,515862,515881,19,2270
513592,515856,515880,24,2264
513592,515839,515881,42,2247
513592,515848,515881,33,2256
513592,515855,515882,27,2263
513592,515856,515882,26,2264
513592,515843,515885,42,2251
513592,515844,515884,40,2252
513592,515845,515877,32,2253
513592,515849,515880,31,2257
513592,515850,515882,32,2258
513592,515859,515879,20,2267
513592,515865,515885,20,2273
513592,515839,515886,47,2247
513592,515852,515886,34,2260
513592,515852,515887,35,2260
513592,515866,515887,21,2274
513592,515852,515887,35,2260
513592,515843,515887,44,2251
513592,515865,515887,22,2273
513592,515870,515888,18,2278
513592,515866,515888,22,2274
513592,515865,515888,23,2273
513592,515874,515890,16,2282
513592,515872,515891,19,2280
513592,515873,515891,18,2281
513592,515852,515892,40,2260
513592,515871,515893,22,2279
513592,515873,515893,20,2281
513592,515874,515894,20,2282
513592,515870,515894,24,2278
513592,515869,515895,26,2277
513592,515874,515895,21,2282
513592,515874,515895,21,2282
513592,515877,515898,21,2285
513592,515875,515899,24,2283
513592,515880,515899,19,2288
513592,515881,515899,18,2289
513592,515842,515900,58,2250
513592,515878,515900,22,2286
513592,515840,515900,60,2248
513704,515888,515900,12,2184
513592,515879,515900,21,2287
513592,515881,515900,19,2289
513592,515881,515901,20,2289
513592,515842,515901,59,2250
513592,515879,515901,22,2287
513592,515880,515901,21,2288
513592,515881,515902,21,2289
513592,515879,515903,24,2287
513704,515891,515903,12,2187
513592,515877,515904,27,2285
513704,515889,515905,16,2185
513592,515878,515904,26,2286
513592,515879,515905,26,2287
513592,515881,515905,24,2289
513592,515883,515905,22,2291
513592,515886,515906,20,2294
513592,515877,515906,29,2285
513592,515881,515907,26,2289
513592,515882,515907,25,2290
513592,515876,515908,32,2284
513592,515885,515908,23,2293
513592,515882,515908,26,2290
513592,515886,515909,23,2294
513592,515880,515908,28,2288
513592,515888,515909,21,2296
513592,515877,515908,31,2285
513704,515894,515909,15,2190
513592,515880,515909,29,2288
513592,515888,515910,22,2296
513592,515886,515909,23,2294
513592,515878,515910,32,2286
513704,515893,515910,17,2189
513592,515876,515909,33,2284
513592,515880,515910,30,2288
513592,515887,515911,24,2295
513704,515894,515911,17,2190
513592,515886,515912,26,2294
513592,515887,515912,25,2295
513592,515876,515912,36,2284
513704,515890,515913,23,2186
513592,515888,515913,25,2296
513592,515887,515913,26,2295
513704,515892,515913,21,2188
513592,515878,515914,36,2286
513592,515886,515914,28,2294
513592,515840,515915,75,2248
513592,515880,515915,35,2288
513592,515886,515916,30,2294
513704,515895,515916,21,2191
513704,515896,515916,20,2192
513704,515895,515917,22,2191
513704,515895,515918,23,2191
513592,515842,515918,76,2250
513592,515887,515919,32,2295
513592,515886,515920,34,2294
513592,515842,515922,80,2250
513592,515841,515921,80,2249
513704,515896,515922,26,2192
513704,515913,515924,11,2209
513704,515913,515924,11,2209
513704,515912,515925,13,2208
513704,515899,515926,27,2195
513704,515914,515927,13,2210
513592,515841,515927,86,2249
513704,515912,515927,15,2208
513704,515909,515928,19,2205
513704,515899,515928,29,2195
513704,515912,515928,16,2208
513704,515912,515929,17,2208
513704,515914,515930,16,2210
513704,515905,515932,27,2201
513704,515905,515932,27,2201
512448,515160,515933,773,2712
513704,515917,515935,18,2213
513704,515914,515935,21,2210
513704,515911,515936,25,2207
513704,515915,515936,21,2211
513704,515905,515936,31,2201
513704,515911,515936,25,2207
513704,515910,515936,26,2206
513704,515910,515937,27,2206
513704,515909,515937,28,2205
513704,515906,515938,32,2202
513704,515909,515939,30,2205
513704,515907,515939,32,2203
513704,515903,515939,36,2199
513704,515922,515939,17,2218
513704,515903,515940,37,2199
513704,515905,515940,35,2201
513704,515908,515940,32,2204
513704,515917,515942,25,2213
513704,515910,515941,31,2206
513704,515919,515941,22,2215
513704,515907,515942,35,2203
513704,515905,515942,37,2201
513704,515921,515942,21,2217
513704,515918,515942,24,2214
513704,515918,515943,25,2214
513704,515902,515942,40,2198
513704,515904,515942,38,2200
513704,515906,515943,37,2202
513704,515909,515943,34,2205
513704,515909,515943,34,2205
513704,515916,515943,27,2212
513704,515929,515943,14,2225
513704,515928,515944,16,2224
513704,515915,515943,28,2211
513704,515919,515943,24,2215
513704,515910,515944,34,2206
513704,515930,515943,13,2226
513704,515909,515943,34,2205
513704,515905,515944,39,2201
513704,515924,515944,20,2220
513704,515922,515944,22,2218
513704,515925,515944,19,2221
513704,515915,515944,29,2211
513704,515910,515945,35,2206
513704,515923,515946,23,2219
513704,515928,515946,18,2224
513704,515928,515946,18,2224
513704,515929,515947,18,2225
513704,515908,515946,38,2204
513704,515926,515948,22,2222
513704,515925,515947,22,2221
513704,515910,515949,39,2206
513704,515900,515950,50,2196
513704,515902,515952,50,2198
513704,515933,515953,20,2229
513704,515934,515952,18,2230
513704,515928,515954,26,2224
513704,515902,515955,53,2198
513704,515933,515955,22,2229
513704,515928,515956,28,2224
513704,515936,515958,22,2232
513704,515941,515958,17,2237
513704,515937,515959,22,2233
513704,515901,515960,59,2197
513793,515948,515961,13,2155
513704,515936,515962,26,2232
513793,515947,515962,15,2154
513704,515944,515963,19,2240
513793,515947,515962,15,2154
513704,515940,515963,23,2236
513704,515937,515965,28,2233
513704,515936,515965,29,2232
513704,515944,515965,21,2240
513704,515900,515966,66,2196
513704,515947,515966,19,2243
513704,515942,515966,24,2238
513704,515942,515966,24,2238
513704,515942,515967,25,2238
513704,515942,515967,25,2238
513704,515937,515967,30,2233
513793,515949,515968,19,2156
513704,515940,515968,28,2236
513704,515900,515969,69,2196
513704,515938,515968,30,2234
513704,515941,515969,28,2237
513704,515944,515968,24,2240
513704,515936,515969,33,2232
513704,515943,515969,26,2239
513704,515945,515969,24,2241
513704,515945,515970,25,2241
513704,515942,515970,28,2238
513704,515944,515970,26,2240
513704,515942,515970,28,2238
513793,515948,515970,22,2155
513704,515943,515970,27,2239
513793,515952,515970,18,2159
513704,515944,515971,27,2240
513704,515900,515970,70,2196
513704,515943,515970,27,2239
513704,515944,515971,27,2240
513704,515945,515971,26,2241
513793,515953,515972,19,2160
513704,515937,515972,35,2233
513793,515950,515972,22,2157
513704,515942,515972,30,2238
513704,515947,515972,25,2243
513704,515943,515973,30,2239
513704,515940,515973,33,2236
513704,515945,515972,27,2241
513704,515939,515973,34,2235
513704,515944,515974,30,2240
513793,515953,515974,21,2160
513704,515944,515974,30,2240
513704,515945,515974,29,2241
513704,515940,515975,35,2236
513704,515940,515976,36,2236
513704,515900,515976,76,2196
513704,515901,515977,76,2197
513704,515944,515978,34,2240
513704,515944,515978,34,2240
513704,515901,515979,78,2197
513704,515946,515979,33,2242
513793,515957,515979,22,2164
513793,515954,515979,25,2161
513793,515955,515979,24,2162
513704,515901,515980,79,2197
513793,515958,515982,24,2165
513793,515956,515982,26,2163
513793,515973,515986,13,2180
513793,515973,515987,14,2180
513793,515973,515987,14,2180
513793,515973,515987,14,2180
513793,515973,515988,15,2180
513793,515974,515988,14,2181
513793,515974,515987,13,2181
513793,515973,515989,16,2180
513793,515973,515993,20,2180
513793,515959,515992,33,2166
513793,515974,515993,19,2181
513793,515980,515997,17,2187
513793,515979,515998,19,2186
513793,515970,515998,28,2177
513793,515979,515998,19,2186
513793,515975,515998,23,2182
513793,515980,515999,19,2187
513793,515976,515999,23,2183
513793,515977,516000,23,2184
513793,515969,516000,31,2176
513793,515970,516001,31,2177
513793,515978,516001,23,2185
513793,515977,516002,25,2184
513793,515969,516002,33,2176
513793,515967,516001,34,2174
513793,515972,515999,27,2179
513793,515979,516001,22,2186
513793,515971,516002,31,2178
513793,515970,516003,33,2177
513793,515970,516003,33,2177
513793,515975,516003,28,2182
513793,515968,516003,35,2175
513793,515969,516004,35,2176
513793,515982,516003,21,2189
513793,515968,516004,36,2175
513793,515969,516004,35,2176
513793,515982,516004,22,2189
513793,515979,516005,26,2186
513793,515980,516004,24,2187
513793,515980,516005,25,2187
513793,515986,516005,19,2193
513793,515970,516006,36,2177
513793,515970,516007,37,2177
513793,515988,516007,19,2195
513793,515989,516007,18,2196
513793,515971,516007,36,2178
513793,515971,516008,37,2178
513793,515989,516008,19,2196
513793,515987,516008,21,2194
513793,515972,516009,37,2179
513793,515967,516009,42,2174
513793,515971,516009,38,2178
513793,515970,516010,40,2177
513793,515971,516010,39,2178
513793,515993,516010,17,2200
513793,515967,516009,42,2174
513793,515967,516010,43,2174
513793,515987,516011,24,2194
513793,515971,516011,40,2178
513793,515972,516012,40,2179
513793,515968,516012,44,2175
513793,515967,516013,46,2174
513793,515967,516013,46,2174
513793,515993,516013,20,2200
513793,515988,516014,26,2195
513793,515987,516014,27,2194
513793,515966,516016,50,2173
513793,515998,516018,20,2205
513793,515962,516019,57,2169
513793,515998,516019,21,2205
513793,515960,516020,60,2167
513793,516003,516021,18,2210
513793,515998,516021,23,2205
513793,515960,516021,61,2167
513793,516002,516023,21,2209
513793,516005,516023,18,2212
513793,516004,516024,20,2211
513793,516004,516025,21,2211
513793,516004,516025,21,2211
513793,516002,516026,24,2209
513793,516002,516026,24,2209
513793,516004,516026,22,2211
513793,515999,516026,27,2206
513877,516013,516027,14,2136
513877,516012,516027,15,2135
513793,516003,516027,24,2210
513793,516005,516028,23,2212
513793,516003,516028,25,2210
513793,516006,516028,22,2213
513793,516000,516028,28,2207
513793,516005,516029,24,2212
513793,516005,516029,24,2212
513793,515966,516030,64,2173
513877,516014,516029,15,2137
513793,516002,516030,28,2209
513793,515999,516030,31,2206
513793,516010,516030,20,2217
513793,516008,516031,23,2215
513793,515961,516030,69,2168
513793,516000,516031,31,2207
513793,516001,516031,30,2208
513793,516002,516031,29,2209
513793,516005,516031,26,2212
513793,516007,516032,25,2214
513793,516011,516032,21,2218
513793,516001,516032,31,2208
513793,516002,516033,31,2209
513793,516008,516034,26,2215
513793,516003,516034,31,2210
513877,516015,516034,19,2138
513793,516008,516033,25,2215
513877,516017,516035,18,2140
513793,516008,516035,27,2215
513793,516003,516035,32,2210
513793,516000,516035,35,2207
513877,516014,516035,21,2137
513793,516010,516036,26,2217
513793,515965,516036,71,2172
513793,516010,516036,26,2217
513793,516010,516037,27,2217
513877,516015,516037,22,2138
513793,515963,516038,75,2170
513793,515962,516038,76,2169
513793,516010,516038,28,2217
513793,516011,516038,27,2218
513793,516008,516038,30,2215
513793,516012,516038,26,2219
513877,516021,516038,17,2144
513793,516008,516039,31,2215
513877,516019,516039,20,2142
513793,516008,516040,32,2215
513793,516009,516042,33,2216
513793,516011,516042,31,2218
513793,515964,516043,79,2171
513877,516023,516046,23,2146
512537,515222,516046,824,2685
513877,516022,516045,23,2145
513877,516020,516048,28,2143
513877,516020,516049,29,2143
513877,516037,516050,13,2160
513877,516021,516050,29,2144
513877,516038,516051,13,2161
513877,516038,516052,14,2161
513877,516038,516052,14,2161
512627,515285,516053,768,2658
513877,516038,516053,15,2161
513877,516037,516052,15,2160
513877,516039,516053,14,2162
513877,516024,516054,30,2147
513877,516036,516054,18,2159
513793,515963,516055,92,2170
513877,516036,516058,22,2159
513877,516036,516058,22,2159
513877,516039,516058,19,2162
513877,516041,516060,19,2164
513877,516030,516061,31,2153
513877,516039,516062,23,2162
513877,516031,516062,31,2154
513877,516030,516063,33,2153
513877,516040,516062,22,2163
513877,516030,516065,35,2153
513877,516032,516065,33,2155
513877,516032,516065,33,2155
513877,516031,516065,34,2154
513877,516040,516066,26,2163
513877,516031,516067,36,2154
513877,516031,516067,36,2154
513877,516042,516066,24,2165
513877,516036,516068,32,2159
513877,516039,516067,28,2162
513877,516039,516068,29,2162
513877,516046,516068,22,2169
513877,516044,516068,24,2167
513877,516029,516070,41,2152
513877,516029,516069,40,2152
513877,516034,516070,36,2157
513877,516031,516070,39,2154
513877,516046,516070,24,2169
513877,516028,516072,44,2151
513877,516033,516072,39,2156
513877,516042,516071,29,2165
513877,516051,516072,21,2174
513877,516050,516072,22,2173
513877,516051,516072,21,2174
513877,516046,516072,26,2169
513877,516032,516073,41,2155
513877,516052,516073,21,2175
513877,516050,516074,24,2173
513877,516054,516074,20,2177
513877,516052,516075,23,2175
513877,516029,516074,45,2152
513877,516054,516074,20,2177
513877,516033,516075,42,2156
513877,516054,516075,21,2177
513877,516056,516076,20,2179
513877,516051,516075,24,2174
513877,516053,516076,23,2176
513877,516033,516076,43,2156
513877,516034,516077,43,2157
513877,516034,516077,43,2157
513877,516034,516078,44,2157
513877,516053,516077,24,2176
513877,516024,516079,55,2147
513877,516030,516080,50,2153
513877,516053,516080,27,2176
513877,516059,516081,22,2182
513877,516029,516080,51,2152
513877,516028,516082,54,2151
513877,516034,516082,48,2157
513877,516059,516083,24,2182
513877,516059,516084,25,2182
513877,516061,516085,24,2184
513877,516025,516086,61,2148
513877,516035,516086,51,2158
513877,516067,516088,21,2190
513877,516067,516089,22,2190
513877,516070,516089,19,2193
513877,516035,516089,54,2158
513877,516063,516090,27,2186
513877,516065,516091,26,2188
513877,516061,516091,30,2184
513877,516068,516091,23,2191
513877,516073,516092,19,2196
513877,516068,516092,24,2191
513877,516068,516092,24,2191
513877,516070,516092,22,2193
513877,516066,516092,26,2189
513877,516073,516093,20,2196
513877,516026,516094,68,2149
513877,516072,516094,22,2195
513877,516071,516094,23,2194
513877,516065,516095,30,2188
513877,516071,516095,24,2194
513877,516073,516094,21,2196
513877,516067,516095,28,2190
513877,516069,516094,25,2192
513877,516070,516095,25,2193
513877,516065,516095,30,2188
513877,516063,516095,32,2186
513877,516072,516095,23,2195
513877,516073,516095,22,2196
513877,516069,516096,27,2192
513877,516028,516096,68,2151
513877,516062,516096,34,2185
513877,516026,516096,70,2149
513919,516080,516096,16,2161
513919,516078,516097,19,2159
513877,516074,516097,23,2197
513919,516080,516098,18,2161
513877,516063,516098,35,2186
513877,516076,516098,22,2199
513877,516077,516098,21,2200
513877,516076,516099,23,2199
513919,516081,516100,19,2162
513877,516073,516101,28,2196
513877,516072,516100,28,2195
513919,516081,516101,20,2162
513919,516083,516102,19,2164
513877,516066,516102,36,2189
513877,516075,516102,27,2198
513877,516078,516103,25,2201
513877,516077,516103,26,2200
513919,516081,516103,22,2162
513877,516075,516104,29,2198
513877,516075,516105,30,2198
513877,516027,516105,78,2150
513919,516087,516105,18,2168
513877,516027,516106,79,2150
513877,516027,516106,79,2150
513877,516026,516107,81,2149
513877,516075,516107,32,2198
513919,516083,516107,24,2164
513877,516076,516107,31,2199
513919,516082,516108,26,2163
513919,516086,516109,23,2167
513877,516077,516109,32,2200
513919,516089,516110,21,2170
513877,516075,516111,36,2198
513919,516084,516111,27,2165
513877,516027,516112,85,2150
513877,516075,516112,37,2198
513919,516103,516117,14,2184
513919,516104,516117,13,2185
513919,516103,516117,14,2184
513919,516103,516117,14,2184
513919,516102,516118,16,2183
513919,516102,516119,17,2183
513919,516104,516118,14,2185
513919,516104,516119,15,2185
513919,516086,516122,36,2167
513919,516105,516123,18,2186
512728,515350,516123,773,2622
513919,516089,516124,35,2170
513919,516101,516125,24,2182
513919,516105,516126,21,2186
513919,516110,516129,19,2191
513919,516097,516130,33,2178
513919,516108,516130,22,2189
513919,516112,516130,18,2193
513919,516096,516130,34,2177
513919,516096,516131,35,2177
513919,516106,516132,26,2187
513919,516108,516132,24,2189
513919,516112,516132,20,2193
513919,516111,516132,21,2192
513919,516095,516133,38,2176
513919,516107,516134,27,2188
513919,516097,516133,36,2178
513919,516107,516134,27,2188
513919,516113,516134,21,2194
513919,516107,516134,27,2188
513919,516095,516135,40,2176
513919,516096,516134,38,2177
513919,516096,516135,39,2177
513919,516097,516135,38,2178
513919,516108,516135,27,2189
513919,516096,516136,40,2177
513919,516113,516136,23,2194
513919,516110,516137,27,2191
513919,516117,516137,20,2198
513919,516107,516138,31,2188
513919,516096,516138,42,2177
513919,516117,516139,22,2198
513919,516117,516140,23,2198
513919,516090,516140,50,2171
513919,516097,516140,43,2178
513919,516118,516140,22,2199
513919,516119,516141,22,2200
513919,516120,516140,20,2201
513919,516095,516141,46,2176
513919,516096,516141,45,2177
513919,516095,516142,47,2176
513919,516123,516143,20,2204
513919,516095,516142,47,2176
513919,516101,516143,42,2182
513919,516098,516144,46,2179
513919,516098,516145,47,2179
513919,516094,516145,51,2175
513919,516093,516145,52,2174
513919,516118,516146,28,2199
513919,516123,516146,23,2204
513919,516123,516146,23,2204
513919,516125,516147,22,2206
513919,516099,516147,48,2180
513919,516095,516147,52,2176
513919,516099,516149,50,2180
513919,516119,516149,30,2200
513919,516099,516150,51,2180
513919,516099,516151,52,2180
513919,516094,516151,57,2175
513919,516099,516153,54,2180
513919,516090,516156,66,2171
513919,516100,516157,57,2181
513919,516126,516157,31,2207
513919,516135,516158,23,2216
513919,516126,516158,32,2207
513919,516135,516159,24,2216
513919,516134,516159,25,2215
513919,516135,516160,25,2216
513919,516092,516161,69,2173
513919,516135,516161,26,2216
513919,516135,516162,27,2216
513919,516138,516161,23,2219
513919,516140,516162,22,2221
513919,516093,516162,69,2174
513919,516131,516162,31,2212
513919,516136,516163,27,2217
513919,516137,516163,26,2218
513919,516138,516163,25,2219
513919,516140,516163,23,2221
513919,516135,516163,28,2216
513919,516136,516163,27,2217
513919,516131,516164,33,2212
513919,516135,516164,29,2216
513919,516133,516164,31,2214
513919,516092,516164,72,2173
513919,516130,516164,34,2211
513919,516091,516165,74,2172
513919,516134,516165,31,2215
513919,516133,516165,32,2214
513919,516137,516165,28,2218
513919,516131,516166,35,2212
513919,516139,516166,27,2220
513919,516133,516166,33,2214
513919,516132,516166,34,2213
514026,516147,516167,20,2121
514026,516150,516167,17,2124
513919,516139,516167,28,2220
513919,516140,516167,27,2221
512829,515409,516167,758,2580
513919,516092,516168,76,2173
513919,516141,516169,28,2222
513919,516145,516169,24,2226
514026,516148,516169,21,2122
513919,516129,516169,40,2210
513919,516140,516169,29,2221
513919,516146,516170,24,2227
514026,516147,516169,22,2121
513919,516132,516170,38,2213
513919,516145,516170,25,2226
514026,516151,516172,21,2125
513919,516091,516172,81,2172
513919,516132,516172,40,2213
513919,516143,516172,29,2224
513919,516142,516172,30,2223
513919,516147,516172,25,2228
514026,516149,516173,24,2123
513919,516143,516174,31,2224
513919,516143,516175,32,2224
514026,516151,516175,24,2125
513919,516092,516177,85,2173
513919,516144,516177,33,2225
513919,516143,516178,35,2224
513919,516141,516178,37,2222
514026,516153,516179,26,2127
513919,516142,516180,38,2223
513919,516147,516181,34,2228
513919,516093,516182,89,2174
514026,516159,516183,24,2133
514026,516157,516184,27,2131
514026,516152,516184,32,2126
514026,516172,516186,14,2146
514026,516173,516186,13,2147
514026,516173,516186,13,2147
514026,516171,516187,16,2145
514026,516173,516187,14,2147
514026,516171,516188,17,2145
514026,516159,516189,30,2133
514026,516170,516189,19,2144
514026,516159,516191,32,2133
514026,516174,516191,17,2148
514026,516158,516191,33,2132
514026,516173,516192,19,2147
514026,516157,516194,37,2131
514026,516173,516196,23,2147
514026,516175,516198,23,2149
514026,516170,516198,28,2144
514026,516176,516199,23,2150
514026,516178,516199,21,2152
514026,516180,516200,20,2154
514026,516178,516201,23,2152
514026,516176,516202,26,2150
514026,516184,516203,19,2158
514026,516169,516205,36,2143
514026,516184,516204,20,2158
514026,516166,516207,41,2140
514026,516179,516206,27,2153
514026,516182,516207,25,2156
514026,516165,516206,41,2139
514026,516181,516207,26,2155
514026,516169,516209,40,2143
514026,516187,516208,21,2161
514026,516187,516209,22,2161
514026,516169,516208,39,2143
514026,516166,516210,44,2140
514026,516184,516209,25,2158
514026,516167,516210,43,2141
514026,516181,516210,29,2155
514026,516166,516211,45,2140
514026,516190,516212,22,2164
514026,516166,516212,46,2140
514026,516187,516212,25,2161
514026,516178,516212,34,2152
514026,516166,516213,47,2140
514026,516187,516213,26,2161
514026,516167,516214,47,2141
514026,516168,516213,45,2142
514026,516167,516214,47,2141
514026,516167,516214,47,2141
514026,516164,516216,52,2138
514026,516168,516216,48,2142
514026,516164,516215,51,2138
514026,516170,516218,48,2144
514026,516164,516219,55,2138
514026,516192,516219,27,2166
514026,516166,516219,53,2140
514026,516188,516220,32,2162
514026,516165,516220,55,2139
514026,516160,516220,60,2134
514026,516192,516220,28,2166
514026,516188,516221,33,2162
514026,516164,516222,58,2138
514026,516170,516222,52,2144
514026,516164,516222,58,2138
514026,516189,516223,34,2163
514026,516168,516224,56,2142
514026,516197,516224,27,2171
514026,516192,516227,35,2166
514026,516192,516227,35,2166
514026,516199,516230,31,2173
514026,516164,516230,66,2138
514026,516195,516230,35,2169
514026,516164,516231,67,2138
514026,516199,516232,33,2173
514026,516164,516232,68,2138
514026,516210,516234,24,2184
514026,516162,516235,73,2136
514026,516209,516235,26,2183
514026,516210,516236,26,2184
514026,516162,516236,74,2136
514026,516212,516237,25,2186
514026,516212,516237,25,2186
514026,516200,516237,37,2174
514026,516168,516237,69,2142
514026,516207,516238,31,2181
514026,516207,516238,31,2181
514026,516213,516239,26,2187
514026,516207,516239,32,2181
514026,516200,516240,40,2174
514026,516210,516240,30,2184
514127,516222,516240,18,2095
514127,516223,516240,17,2096
514026,516211,516241,30,2185
514026,516161,516241,80,2135
514026,516209,516240,31,2183
514026,516214,516241,27,2188
514026,516201,516241,40,2175
514026,516209,516241,32,2183
514026,516212,516242,30,2186
514026,516205,516243,38,2179
514026,516214,516243,29,2188
514026,516208,516243,35,2182
514026,516212,516243,31,2186
514026,516214,516244,30,2188
514127,516224,516244,20,2097
514026,516215,516244,29,2189
514026,516213,516244,31,2187
514026,516203,516245,42,2177
514026,516162,516246,84,2136
514026,516202,516247,45,2176
514127,516225,516247,22,2098
514026,516162,516248,86,2136
514026,516209,516247,38,2183
514026,516207,516248,41,2181
514026,516216,516249,33,2190
514026,516205,516250,45,2179
514127,516230,516250,20,2103
514026,516163,516250,87,2137
514026,516216,516250,34,2190
514026,516221,516250,29,2195
514026,516215,516250,35,2189
514026,516222,516251,29,2196
514026,516219,516251,32,2193
514026,516216,516251,35,2190
514026,516201,516251,50,2175
514026,516162,516252,90,2136
514127,516227,516252,25,2100
514026,516221,516253,32,2195
514026,516221,516254,33,2195
514026,516163,516254,91,2137
514127,516230,516254,24,2103
514127,516228,516255,27,2101
514026,516219,516255,36,2193
514026,516218,516257,39,2192
514026,516220,516257,37,2194
512931,515475,516258,783,2544
514127,516232,516258,26,2105
514026,516221,516259,38,2195
514127,516231,516259,28,2104
514026,516219,516259,40,2193
514127,516234,516261,27,2107
514026,516164,516260,96,2138
514127,516232,516262,30,2105
514127,516231,516265,34,2104
514127,516252,516265,13,2125
514127,516252,516266,14,2125
514127,516252,516267,15,2125
514127,516251,516269,18,2124
514127,516235,516269,34,2108
514127,516251,516270,19,2124
514127,516252,516269,17,2125
514127,516253,516270,17,2126
514127,516253,516272,19,2126
514127,516254,516272,18,2127
514127,516236,516273,37,2109
514127,516255,516276,21,2128
514127,516251,516277,26,2124
514127,516260,516277,17,2133
514127,516236,516279,43,2109
514127,516255,516280,25,2128
514127,516259,516280,21,2132
514127,516259,516282,23,2132
514127,516256,516282,26,2129
514127,516255,516283,28,2128
514127,516255,516283,28,2128
514127,516248,516284,36,2121
514127,516259,516285,26,2132
514127,516262,516284,22,2135
514127,516249,516285,36,2122
514127,516257,516285,28,2130
514127,516261,516284,23,2134
514127,516244,516285,41,2117
514127,516249,516286,37,2122
514127,516248,516285,37,2121
514127,516266,516285,19,2139
514127,516260,516285,25,2133
514127,516265,516287,22,2138
514127,516258,516287,29,2131
514127,516249,516288,39,2122
514127,516245,516289,44,2118
514127,516261,516288,27,2134
514127,516251,516289,38,2124
514127,516242,516290,48,2115
514127,516267,516293,26,2140
514127,516245,516293,48,2118
514127,516251,516293,42,2124
514127,516244,516293,49,2117
514127,516244,516293,49,2117
514127,516268,516293,25,2141
514127,516243,516294,51,2116
514127,516243,516295,52,2116
514127,516241,516294,53,2114
514127,516270,516296,26,2143
514127,516243,516297,54,2116
514127,516243,516297,54,2116
514127,516241,516298,57,2114
514127,516241,516298,57,2114
514127,516270,516299,29,2143
514127,516247,516300,53,2120
514127,516270,516301,31,2143
514127,516270,516303,33,2143
514127,516245,516303,58,2118
514127,516271,516303,32,2144
514127,516248,516305,57,2121
514127,516241,516306,65,2114
514127,516247,516306,59,2120
514127,516241,516306,65,2114
514127,516241,516306,65,2114
514127,516237,516308,71,2110
514127,516251,516308,57,2124
514127,516274,516309,35,2147
514127,516277,516311,34,2150
514127,516276,516312,36,2149
514127,516277,516312,35,2150
513032,515535,516312,777,2503
514127,516286,516313,27,2159
514127,516289,516313,24,2162
514127,516241,516313,72,2114
514127,516286,516314,28,2159
514127,516280,516315,35,2153
514127,516237,516315,78,2110
514127,516294,516316,22,2167
514127,516288,516315,27,2161
514127,516286,516317,31,2159
514127,516237,516317,80,2110
514127,516273,516317,44,2146
514127,516293,516317,24,2166
514127,516286,516316,30,2159
514127,516237,516318,81,2110
514127,516286,516318,32,2159
514127,516285,516318,33,2158
514127,516285,516318,33,2158
514127,516288,516318,30,2161
514127,516289,516319,30,2162
514127,516273,516320,47,2146
514127,516294,516319,25,2167
514127,516289,516320,31,2162
514127,516240,516320,80,2113
514127,516285,516321,36,2158
514127,516285,516322,37,2158
514127,516290,516322,32,2163
514127,516294,516322,28,2167
514127,516285,516321,36,2158
514127,516291,516322,31,2164
514127,516293,516323,30,2166
514229,516306,516323,17,2077
514127,516293,516323,30,2166
514127,516280,516323,43,2153
514127,516280,516324,44,2153
514127,516239,516325,86,2112
514127,516284,516326,42,2157
514127,516237,516326,89,2110
514229,516306,516327,21,2077
514127,516284,516328,44,2157
514127,516294,516328,34,2167
514229,516307,516329,22,2078
514229,516307,516328,21,2078
514127,516282,516330,48,2155
514127,516283,516330,47,2156
514127,516304,516330,26,2177
514127,516297,516332,35,2170
514127,516298,516332,34,2171
514127,516295,516334,39,2168
514127,516303,516334,31,2176
514127,516295,516336,41,2168
514127,516239,516336,97,2112
514229,516309,516336,27,2080
514127,516298,516336,38,2171
514229,516312,516336,24,2083
514229,516309,516337,28,2080
514127,516300,516338,38,2173
514229,516313,516338,25,2084
514127,516296,516339,43,2169
514127,516297,516339,42,2170
514127,516284,516340,56,2157
514127,516304,516340,36,2177
514229,516311,516340,29,2082
514127,516299,516340,41,2172
514229,516313,516341,28,2084
514127,516301,516342,41,2174
514127,516239,516343,104,2112
514229,516308,516343,35,2079
514127,516240,516345,105,2113
514229,516315,516348,33,2086
513138,515593,516349,756,2455
514229,516313,516349,36,2084
514229,516313,516350,37,2084
514229,516335,516351,16,2106
514229,516333,516352,19,2104
514229,516335,516351,16,2106
514229,516337,516353,16,2108
514229,516337,516352,15,2108
514229,516312,516353,41,2083
514229,516337,516356,19,2108
514229,516336,516357,21,2107
514229,516337,516359,22,2108
514229,516327,516361,34,2098
514229,516340,516361,21,2111
514229,516337,516362,25,2108
514229,516342,516362,20,2113
514229,516328,516363,35,2099
514229,516341,516363,22,2112
514229,516329,516364,35,2100
514229,516341,516364,23,2112
514229,516329,516364,35,2100
514229,516339,516367,28,2110
514229,516340,516367,27,2111
514229,516343,516367,24,2114
514229,516340,516367,27,2111
514229,516327,516367,40,2098
514229,516329,516367,38,2100
514229,516333,516367,34,2104
514229,516342,516369,27,2113
514229,516324,516370,46,2095
514229,516341,516370,29,2112
514229,516325,516370,45,2096
514229,516344,516370,26,2115
514229,516349,516371,22,2120
514229,516348,516372,24,2119
514229,516329,516372,43,2100
514229,516315,516373,58,2086
514229,516349,516374,25,2120
514229,516339,516375,36,2110
514229,516326,516376,50,2097
514229,516351,516379,28,2122
514229,516322,516378,56,2093
514229,516323,516378,55,2094
514229,516331,516379,48,2102
514229,516322,516379,57,2093
514229,516356,516379,23,2127
514229,516322,516380,58,2093
514229,516324,516380,56,2095
514229,516331,516380,49,2102
514229,516322,516381,59,2093
514229,516323,516381,58,2094
514229,516351,516382,31,2122
514229,516320,516382,62,2091
514229,516321,516382,61,2092
514229,516353,516382,29,2124
514229,516320,516385,65,2091
514229,516320,516385,65,2091
514229,516331,516385,54,2102
514229,516352,516386,34,2123
514229,516353,516386,33,2124
514229,516356,516388,32,2127
514229,516352,516389,37,2123
514229,516322,516391,69,2093
514229,516354,516391,37,2125
514229,516358,516392,34,2129
514229,516324,516392,68,2095
514229,516316,516393,77,2087
514229,516317,516395,78,2088
514229,516362,516396,34,2133
514229,516319,516397,78,2090
514229,516363,516398,35,2134
514229,516319,516398,79,2090
514229,516370,516398,28,2141
514229,516368,516400,32,2139
514229,516319,516400,81,2090
514229,516372,516402,30,2143
514229,516315,516403,88,2086
514229,516373,516403,30,2144
514229,516360,516403,43,2131
514229,516362,516405,43,2133
514229,516370,516405,35,2141
514229,516316,516405,89,2087
514229,516379,516406,27,2150
514229,516373,516407,34,2144
514229,516375,516406,31,2146
514229,516375,516406,31,2146
514229,516370,516407,37,2141
514229,516379,516408,29,2150
514229,516374,516408,34,2145
514229,516368,516409,41,2139
514229,516368,516408,40,2139
514229,516365,516409,44,2136
514229,516317,516409,92,2088
514229,516371,516409,38,2142
514229,516368,516410,42,2139
514229,516368,516410,42,2139
514229,516363,516410,47,2134
514229,516318,516410,92,2089
514229,516380,516410,30,2151
514229,516367,516411,44,2138
514229,516364,516411,47,2135
514229,516376,516411,35,2147
514229,516379,516412,33,2150
514229,516317,516412,95,2088
514229,516367,516413,46,2138
514331,516389,516413,24,2058
514229,516371,516413,42,2142
514229,516317,516414,97,2088
514229,516317,516416,99,2088
514229,516379,516416,37,2150
514331,516391,516416,25,2060
514229,516380,516416,36,2151
514229,516386,516417,31,2157
514229,516365,516417,52,2136
514229,516382,516417,35,2153
514229,516319,516417,98,2090
514229,516386,516418,32,2157
514229,516381,516419,38,2152
514331,516392,516419,27,2061
514229,516382,516419,37,2153
514229,516365,516419,54,2136
514331,516391,516419,28,2060
514229,516380,516420,40,2151
514229,516382,516421,39,2153
513232,515653,516422,769,2421
514229,516380,516422,42,2151
514229,516383,516422,39,2154
514229,516318,516423,105,2089
514229,516382,516423,41,2153
514229,516364,516424,60,2135
514331,516392,516426,34,2061
514229,516386,516426,40,2157
514229,516386,516427,41,2157
514331,516395,516427,32,2064
514331,516396,516428,32,2065
514331,516397,516430,33,2066
514229,516382,516431,49,2153
514229,516386,516432,46,2157
514331,516400,516433,33,2069
514331,516420,516434,14,2089
514331,516400,516434,34,2069
514331,516422,516435,13,2091
514331,516394,516436,42,2063
514331,516420,516436,16,2089
514331,516422,516438,16,2091
514331,516420,516440,20,2089
514331,516399,516439,40,2068
514331,516399,516441,42,2068
514331,516423,516442,19,2092
514331,516420,516446,26,2089
514331,516399,516447,48,2068
514331,516419,516448,29,2088
514331,516423,516449,26,2092
514331,516423,516449,26,2092
514331,516417,516450,33,2086
514331,516417,516451,34,2086
514331,516418,516451,33,2087
514331,516424,516452,28,2093
514331,516417,516452,35,2086
514331,516427,516452,25,2096
514331,516426,516453,27,2095
514331,516417,516453,36,2086
514331,516428,516453,25,2097
514331,516420,516455,35,2089
514331,516427,516455,28,2096
514331,516425,516456,31,2094
514331,516436,516457,21,2105
514331,516429,516457,28,2098
514331,516402,516457,55,2071
514331,516431,516458,27,2100
514331,516430,516458,28,2099
514331,516415,516458,43,2084
514331,516414,516460,46,2083
514331,516419,516460,41,2088
514331,516418,516461,43,2087
514331,516414,516462,48,2083
514331,516414,516463,49,2083
514331,516434,516463,29,2103
514331,516435,516464,29,2104
514331,516435,516464,29,2104
514331,516418,516468,50,2087
514331,516417,516468,51,2086
514331,516437,516468,31,2106
514331,516432,516471,39,2101
514331,516411,516472,61,2080
514331,516413,516473,60,2082
514331,516403,516473,70,2072
514331,516411,516478,67,2080
514331,516440,516478,38,2109
514331,516412,516479,67,2081
513350,515710,516480,770,2360
514331,516446,516480,34,2115
514331,516410,516481,71,2079
514331,516411,516481,70,2080
514331,516440,516481,41,2109
514331,516442,516483,41,2111
514331,516410,516483,73,2079
514331,516449,516485,36,2118
514331,516447,516486,39,2116
514331,516437,516487,50,2106
514331,516448,516488,40,2117
514331,516449,516489,40,2118
514331,516412,516488,76,2081
514331,516405,516489,84,2074
514331,516412,516489,77,2081
514331,516405,516492,87,2074
514331,516405,516493,88,2074
514331,516411,516494,83,2080
514331,516404,516495,91,2073
514331,516409,516496,87,2078
514331,516449,516496,47,2118
514331,516410,516496,86,2079
514331,516404,516496,92,2073
514331,516410,516497,87,2079
514331,516438,516496,58,2107
514331,516451,516497,46,2120
514331,516459,516500,41,2128
514331,516461,516500,39,2130
514331,516454,516501,47,2123
514331,516409,516501,92,2078
514331,516457,516501,44,2126
514331,516461,516502,41,2130
514331,516453,516502,49,2122
514331,516464,516502,38,2133
514331,516457,516504,47,2126
514331,516459,516504,45,2128
514331,516407,516505,98,2076
514331,516464,516505,41,2133
514331,516458,516505,47,2127
514331,516409,516505,96,2078
514331,516453,516505,52,2122
514331,516461,516505,44,2130
514331,516407,516506,99,2076
514438,516491,516507,16,2053
514331,516406,516507,101,2075
514331,516409,516508,99,2078
514331,516454,516508,54,2123
514331,516473,516508,35,2142
514331,516463,516508,45,2132
514331,516451,516510,59,2120
514331,516469,516511,42,2138
514331,516468,516512,44,2137
514331,516452,516512,60,2121
514331,516457,516512,55,2126
514331,516462,516514,52,2131
514438,516489,516514,25,2051
514331,516455,516513,58,2124
514331,516469,516514,45,2138
514331,516465,516515,50,2134
514331,516472,516516,44,2141
514331,516407,516517,110,2076
514331,516478,516519,41,2147
514331,516457,516519,62,2126
514331,516408,516519,111,2077
514331,516455,516519,64,2124
514438,516490,516520,30,2052
514331,516409,516520,111,2078
514438,516496,516521,25,2058
514331,516474,516521,47,2143
514331,516474,516522,48,2143
514331,516453,516523,70,2122
514438,516495,516523,28,2057
514438,516493,516524,31,2055
514331,516484,516524,40,2153
514331,516486,516524,38,2155
514331,516482,516525,43,2151
514331,516480,516527,47,2149
514331,516482,516527,45,2151
514438,516496,516529,33,2058
514331,516453,516529,76,2122
514331,516482,516529,47,2151
514438,516498,516530,32,2060
514331,516487,516529,42,2156
514438,516496,516531,35,2058
514331,516481,516532,51,2150
514438,516497,516533,36,2059
514438,516497,516534,37,2059
514438,516494,516534,40,2056
514331,516478,516534,56,2147
514331,516489,516535,46,2158
514331,516487,516539,52,2156
514331,516483,516540,57,2152
514438,516526,516540,14,2088
514331,516481,516540,59,2150
514438,516525,516541,16,2087
514438,516521,516544,23,2083
514438,516525,516544,19,2087
514438,516525,516544,19,2087
514438,516498,516548,50,2060
514438,516527,516548,21,2089
514438,516521,516548,27,2083
514438,516522,516549,27,2084
514438,516518,516549,31,2080
514438,516528,516551,23,2090
514438,516498,516550,52,2060
514438,516516,516552,36,2078
514438,516530,516553,23,2092
514438,516517,516553,36,2079
514438,516534,516553,19,2096
514438,516529,516554,25,2091
514438,516522,516555,33,2084
514438,516529,516555,26,2091
514438,516514,516554,40,2076
514438,516524,516555,31,2086
514438,516519,516555,36,2081
514438,516535,516555,20,2097
514438,516521,516555,34,2083
514438,516534,516556,22,2096
514438,516529,516556,27,2091
514438,516533,516557,24,2095
514438,516530,516558,28,2092
514438,516531,516558,27,2093
514438,516532,516561,29,2094
514438,516524,516562,38,2086
514438,516535,516562,27,2097
514438,516500,516562,62,2062
514438,516515,516562,47,2077
514438,516519,516563,44,2081
514438,516514,516566,52,2076
514438,516541,516567,26,2103
514438,516514,516569,55,2076
514438,516501,516571,70,2063
514438,516520,516571,51,2082
514438,516541,516571,30,2103
514438,516507,516572,65,2069
514438,516520,516571,51,2082
514438,516506,516572,66,2068
514438,516540,516573,33,2102
514438,516506,516576,70,2068
514438,516506,516576,70,2068
514438,516501,516577,76,2063
514438,516541,516577,36,2103
514438,516545,516581,36,2107
514438,516507,516583,76,2069
514438,516551,516585,34,2113
514438,516549,516586,37,2111
514438,516549,516588,39,2111
514438,516502,516588,86,2064
514438,516548,516589,41,2110
514438,516544,516590,46,2106
514438,516510,516590,80,2072
514438,516513,516590,77,2075
514438,516508,516591,83,2070
514438,516548,516591,43,2110
514438,516553,516592,39,2115
514438,516502,516593,91,2064
514438,516541,516593,52,2103
514438,516509,516593,84,2071
514438,516505,516594,89,2067
514438,516545,516594,49,2107
514438,516551,516595,44,2113
514438,516550,516595,45,2112
513450,515769,516596,827,2319
514438,516558,516596,38,2120
514438,516563,516597,34,2125
514438,516503,516597,94,2065
514438,516553,516600,47,2115
514438,516502,516600,98,2064
514438,516508,516600,92,2070
514438,516555,516600,45,2117
514438,516559,516600,41,2121
514438,516513,516601,88,2075
514438,516509,516601,92,2071
514438,516513,516602,89,2075
514438,516563,516603,40,2125
513518,515830,516604,774,2312
514438,516557,516604,47,2119
514438,516555,516605,50,2117
514438,516506,516605,99,2068
514438,516555,516606,51,2117
514438,516512,516607,95,2074
514438,516503,516607,104,2065
514438,516572,516608,36,2134
514438,516554,516609,55,2116
514438,516568,516609,41,2130
514438,516566,516611,45,2128
514546,516592,516611,19,2046
514438,516556,516611,55,2118
514438,516564,516611,47,2126
514438,516563,516612,49,2125
514438,516572,516612,40,2134
514438,516505,516612,107,2067
514438,516555,516613,58,2117
514438,516577,516613,36,2139
514438,516555,516614,59,2117
514438,516508,516613,105,2070
514546,516592,516614,22,2046
514546,516592,516615,23,2046
514438,516562,516615,53,2124
514438,516505,516615,110,2067
514438,516571,516616,45,2133
514438,516571,516617,46,2133
514438,516570,516617,47,2132
514438,516505,516617,112,2067
514438,516556,516619,63,2118
514438,516572,516619,47,2134
514438,516577,516619,42,2139
514438,516553,516620,67,2115
514546,516593,516621,28,2047
514438,516556,516621,65,2118
514438,516553,516621,68,2115
514438,516555,516623,68,2117
514438,516561,516622,61,2123
514546,516595,516623,28,2049
514438,516576,516623,47,2138
514438,516577,516623,46,2139
514546,516596,516626,30,2050
514438,516572,516625,53,2134
514546,516594,516626,32,2048
514546,516595,516627,32,2049
514546,516595,516629,34,2049
514438,516574,516628,54,2136
514546,516595,516629,34,2049
514438,516591,516630,39,2153
514438,516585,516633,48,2147
514438,516589,516632,43,2151
514546,516597,516633,36,2051
514438,516587,516636,49,2149
514438,516589,516638,49,2151
514546,516597,516639,42,2051
514438,516588,516639,51,2150
514546,516594,516639,45,2048
514438,516584,516639,55,2146
514438,516591,516640,49,2153
514546,516624,516640,16,2078
514546,516624,516641,17,2078
514546,516597,516642,45,2051
514438,516582,516643,61,2144
514546,516622,516644,22,2076
514438,516591,516645,54,2153
514546,516622,516646,24,2076
514546,516624,516647,23,2078
514546,516617,516648,31,2071
514546,516626,516649,23,2080
514546,516621,516648,27,2075
514546,516617,516649,32,2071
514546,516622,516649,27,2076
514546,516623,516650,27,2077
514546,516616,516650,34,2070
514546,516626,516651,25,2080
514546,516620,516651,31,2074
514546,516620,516651,31,2074
514546,516627,516651,24,2081
513595,515888,516652,764,2293
514546,516633,516652,19,2087
514546,516629,516652,23,2083
514546,516614,516653,39,2068
514546,516629,516654,25,2083
514546,516601,516654,53,2055
514546,516626,516654,28,2080
514546,516630,516656,26,2084
514546,516615,516657,42,2069
514546,516639,516657,18,2093
514546,516616,516657,41,2070
514546,516634,516657,23,2088
514546,516637,516658,21,2091
514546,516631,516658,27,2085
514546,516620,516660,40,2074
514546,516623,516660,37,2077
514546,516639,516659,20,2093
514546,516633,516660,27,2087
514546,516614,516662,48,2068
514546,516640,516662,22,2094
514546,516640,516662,22,2094
514546,516614,516665,51,2068
514546,516608,516665,57,2062
514546,516608,516666,58,2062
514546,516640,516667,27,2094
514546,516612,516668,56,2066
514546,516612,516668,56,2066
514546,516614,516670,56,2068
514546,516601,516669,68,2055
514546,516642,516670,28,2096
514546,516648,516673,25,2102
514546,516607,516674,67,2061
514546,516609,516674,65,2063
514546,516612,516674,62,2066
514546,516641,516675,34,2095
514546,516646,516675,29,2100
514546,516617,516676,59,2071
514546,516644,516677,33,2098
514546,516648,516677,29,2102
514546,516612,516679,67,2066
514546,516643,516679,36,2097
514546,516649,516679,30,2103
514546,516613,516680,67,2067
514546,516607,516681,74,2061
514546,516641,516680,39,2095
514546,516645,516681,36,2099
514546,516618,516682,64,2072
514546,516658,516682,24,2112
514546,516606,516682,76,2060
514546,516649,516683,34,2103
514546,516612,516683,71,2066
514546,516650,516684,34,2104
514546,516647,516684,37,2101
514546,516651,516687,36,2105
514546,516650,516688,38,2104
514546,516610,516689,79,2064
514546,516658,516691,33,2112
514546,516660,516691,31,2114
514546,516653,516691,38,2107
514546,516652,516691,39,2106
514546,516605,516692,87,2059
514546,516602,516692,90,2056
514546,516658,516693,35,2112
514546,516605,516693,88,2059
514546,516660,516693,33,2114
514546,516662,516694,32,2116
514546,516602,516694,92,2056
514546,516655,516693,38,2109
514546,516654,516694,40,2108
514546,516601,516694,93,2055
514546,516665,516695,30,2119
514546,516652,516696,44,2106
514546,516613,516696,83,2067
514546,516651,516696,45,2105
514546,516653,516696,43,2107
514546,516604,516697,93,2058
514546,516602,516696,94,2056
514546,516650,516697,47,2104
514546,516601,516698,97,2055
514546,516660,516698,38,2114
514546,516662,516698,36,2116
514546,516663,516698,35,2117
514546,516660,516698,38,2114
514546,516657,516699,42,2111
514546,516658,516699,41,2112
514546,516657,516700,43,2111
514627,516679,516700,21,2052
514546,516657,516700,43,2111
514546,516653,516700,47,2107
514627,516679,516702,23,2052
514546,516651,516703,52,2105
514627,516681,516702,21,2054
514627,516680,516702,22,2053
514546,516666,516705,39,2120
514627,516680,516706,26,2053
514546,516650,516706,56,2104
513707,515947,516706,759,2240
514627,516681,516707,26,2054
514546,516601,516707,106,2055
514546,516666,516708,42,2120
514546,516670,516708,38,2124
514546,516668,516709,41,2122
514627,516682,516708,26,2055
514546,516673,516710,37,2127
514546,516667,516709,42,2121
514546,516654,516710,56,2108
514627,516682,516712,30,2055
514546,516669,516713,44,2123
514546,516674,516715,41,2128
514546,516605,516715,110,2059
514546,516670,516716,46,2124
514546,516676,516715,39,2130
514627,516684,516715,31,2057
514546,516613,516716,103,2067
514627,516682,516717,35,2055
514546,516674,516718,44,2128
514546,516677,516719,42,2131
514546,516671,516720,49,2125
514546,516674,516719,45,2128
514546,516677,516720,43,2131
514546,516677,516722,45,2131
514627,516685,516723,38,2058
514627,516684,516724,40,2057
514627,516684,516723,39,2057
514546,516676,516725,49,2130
514627,516708,516730,22,2081
514627,516684,516730,46,2057
514627,516707,516730,23,2080
514627,516708,516731,23,2081
514627,516706,516731,25,2079
514627,516706,516732,26,2079
514627,516709,516732,23,2082
514627,516703,516732,29,2076
514627,516700,516733,33,2073
514627,516708,516733,25,2081
514627,516710,516734,24,2083
514627,516716,516734,18,2089
514627,516701,516735,34,2074
514627,516711,516734,23,2084
514627,516716,516736,20,2089
514627,516701,516736,35,2074
514627,516701,516736,35,2074
514627,516703,516737,34,2076
514627,516716,516736,20,2089
514627,516710,516737,27,2083
514627,516716,516737,21,2089
514627,516688,516738,50,2061
514627,516718,516739,21,2091
514627,516714,516739,25,2087
514627,516705,516739,34,2078
514627,516713,516740,27,2086
514627,516699,516739,40,2072
514627,516709,516741,32,2082
514627,516716,516742,26,2089
514627,516709,516742,33,2082
514627,516720,516741,21,2093
514627,516717,516742,25,2090
514627,516694,516744,50,2067
514627,516716,516744,28,2089
514627,516700,516745,45,2073
514627,516720,516745,25,2093
514627,516721,516747,26,2094
514627,516699,516748,49,2072
514627,516720,516747,27,2093
514627,516697,516749,52,2070
514627,516724,516751,27,2097
514627,516724,516750,26,2097
514627,516700,516751,51,2073
514627,516689,516752,63,2062
514627,516696,516753,57,2069
514627,516696,516753,57,2069
514627,516723,516753,30,2096
514627,516695,516753,58,2068
514627,516695,516754,59,2068
514627,516695,516754,59,2068
514627,516697,516754,57,2070
514627,516694,516755,61,2067
514627,516695,516757,62,2068
514627,516703,516756,53,2076
514627,516722,516758,36,2095
514627,516730,516758,28,2103
514627,516732,516758,26,2105
514627,516730,516760,30,2103
514627,516697,516760,63,2070
514627,516697,516761,64,2070
514627,516725,516761,36,2098
514627,516703,516762,59,2076
514627,516731,516762,31,2104
514627,516698,516763,65,2071
514627,516730,516763,33,2103
514627,516698,516763,65,2071
514627,516732,516763,31,2105
514627,516697,516764,67,2070
514627,516732,516765,33,2105
514627,516699,516771,72,2072
513796,516012,516771,759,2216
514627,516698,516771,73,2071
514627,516740,516772,32,2113
514627,516690,516772,82,2063
514627,516733,516775,42,2106
514627,516692,516775,83,2065
514627,516736,516775,39,2109
514627,516742,516776,34,2115
514627,516742,516776,34,2115
514627,516741,516776,35,2114
514627,516735,516777,42,2108
514627,516736,516777,41,2109
514627,516748,516778,30,2121
514627,516744,516779,35,2117
514627,516692,516779,87,2065
514627,516733,516779,46,2106
514627,516737,516780,43,2110
514627,516691,516780,89,2064
514627,516737,516780,43,2110
514627,516694,516780,86,2067
514627,516739,516780,41,2112
514627,516738,516780,42,2111
514627,516739,516781,42,2112
514754,516759,516781,22,2005
514627,516744,516782,38,2117
514627,516734,516782,48,2107
514627,516735,516782,47,2108
514627,516737,516782,45,2110
514754,516759,516782,23,2005
514754,516759,516783,24,2005
514627,516740,516784,44,2113
514627,516742,516784,42,2115
514627,516692,516784,92,2065
514627,516693,516785,92,2066
514754,516761,516785,24,2007
514627,516737,516785,48,2110
514627,516743,516785,42,2116
514627,516747,516786,39,2120
514627,516745,516786,41,2118
514627,516753,516787,34,2126
514754,516761,516787,26,2007
514627,516739,516787,48,2112
514627,516735,516787,52,2108
514627,516751,516788,37,2124
514627,516752,516788,36,2125
514754,516762,516789,27,2008
514627,516745,516789,44,2118
514627,516754,516789,35,2127
514754,516760,516789,29,2006
514754,516764,516791,27,2010
514627,516748,516791,43,2121
514627,516754,516792,38,2127
514627,516737,516792,55,2110
514627,516693,516792,99,2066
514627,516751,516794,43,2124
514627,516753,516793,40,2126
514627,516757,516794,37,2130
514627,516754,516794,40,2127
514627,516733,516794,61,2106
514627,516755,516795,40,2128
514627,516753,516796,43,2126
514627,516752,516796,44,2125
514627,516694,516798,104,2067
514627,516754,516797,43,2127
514754,516763,516797,34,2009
514754,516762,516798,36,2008
514627,516749,516798,49,2122
514754,516764,516800,36,2010
514754,516763,516802,39,2009
514627,516757,516809,52,2130
514754,516763,516809,46,2009
514754,516789,516810,21,2035
514754,516763,516810,47,2009
514754,516788,516810,22,2034
514754,516788,516811,23,2034
514754,516789,516811,22,2035
514754,516788,516812,24,2034
514754,516789,516813,24,2035
514754,516787,516813,26,2033
514754,516792,516814,22,2038
514754,516794,516815,21,2040
514754,516793,516816,23,2039
514754,516791,516818,27,2037
514754,516793,516817,24,2039
514754,516799,516818,19,2045
514754,516790,516819,29,2036
514754,516792,516819,27,2038
514754,516781,516819,38,2027
514754,516787,516819,32,2033
514754,516765,516820,55,2011
514754,516785,516820,35,2031
514754,516794,516820,26,2040
514754,516787,516821,34,2033
514754,516795,516822,27,2041
514754,516785,516823,38,2031
514754,516795,516824,29,2041
514754,516796,516823,27,2042
514754,516798,516823,25,2044
514754,516784,516825,41,2030
514754,516785,516825,40,2031
514754,516795,516825,30,2041
514754,516786,516826,40,2032
514754,516798,516826,28,2044
514754,516799,516827,28,2045
514754,516800,516827,27,2046
514754,516781,516827,46,2027
514754,516790,516827,37,2036
514754,516798,516827,29,2044
514754,516797,516828,31,2043
514754,516786,516827,41,2032
514754,516803,516827,24,2049
514754,516780,516828,48,2026
514754,516785,516828,43,2031
514754,516781,516831,50,2027
514754,516783,516831,48,2029
514754,516797,516831,34,2043
514754,516777,516832,55,2023
514754,516790,516832,42,2036
514754,516783,516833,50,2029
514754,516809,516834,25,2055
514754,516778,516834,56,2024
514754,516782,516835,53,2028
514754,516781,516835,54,2027
514754,516781,516834,53,2027
514754,516778,516835,57,2024
514754,516780,516836,56,2026
514754,516780,516836,56,2026
514754,516782,516838,56,2028
514754,516811,516839,28,2057
514754,516811,516839,28,2057
514754,516783,516839,56,2029
514754,516810,516840,30,2056
514754,516811,516840,29,2057
514754,516781,516841,60,2027
514754,516809,516840,31,2055
514754,516811,516842,31,2057
514754,516813,516843,30,2059
514754,516776,516846,70,2022
514754,516777,516850,73,2023
514754,516783,516850,67,2029
513880,516078,516851,773,2198
514839,516836,516852,16,1997
514754,516786,516852,66,2032
514754,516777,516852,75,2023
514754,516813,516851,38,2059
514754,516771,516853,82,2017
514754,516820,516855,35,2066
514754,516783,516855,72,2029
514839,516836,516855,19,1997
514754,516825,516856,31,2071
514754,516772,516856,84,2018
514754,516819,516857,38,2065
514754,516814,516858,44,2060
514754,516818,516858,40,2064
514754,516776,516859,83,2022
514754,516818,516859,41,2064
514754,516820,516860,40,2066
514754,516826,516862,36,2072
514754,516772,516862,90,2018
514754,516827,516862,35,2073
514754,516824,516863,39,2070
514754,516817,516864,47,2063
514839,516836,516864,28,1997
514754,516829,516864,35,2075
514754,516834,516865,31,2080
514754,516773,516865,92,2019
514754,516826,516865,39,2072
514754,516775,516866,91,2021
514754,516773,516866,93,2019
514754,516824,516866,42,2070
514839,516840,516866,26,2001
514754,516827,516867,40,2073
514754,516824,516867,43,2070
514754,516825,516867,42,2071
514754,516827,516867,40,2073
514754,516815,516867,52,2061
514754,516820,516868,48,2066
514754,516822,516868,46,2068
514839,516840,516868,28,2001
514754,516776,516869,93,2022
514754,516826,516869,43,2072
514754,516822,516869,47,2068
514839,516838,516869,31,1999
514754,516828,516870,42,2074
514839,516841,516870,29,2002
514839,516840,516870,30,2001
514754,516835,516871,36,2081
514754,516828,516871,43,2074
514754,516828,516871,43,2074
514754,516824,516872,48,2070
514839,516840,516872,32,2001
514754,516831,516872,41,2077
514754,516831,516872,41,2077
514754,516827,516872,45,2073
514754,516814,516872,58,2060
514754,516834,516872,38,2080
514754,516820,516874,54,2066
514754,516831,516874,43,2077
514754,516821,516874,53,2067
514754,516832,516875,43,2078
514754,516835,516874,39,2081
514754,516828,516875,47,2074
514754,516834,516875,41,2080
514839,516846,516877,31,2007
514754,516833,516878,45,2079
514754,516828,516879,51,2074
514839,516842,516879,37,2003
514754,516835,516880,45,2081
514839,516841,516880,39,2002
514839,516844,516883,39,2005
514754,516821,516886,65,2067
514839,516841,516886,45,2002
514754,516821,516887,66,2067
514839,516871,516890,19,2032
514839,516870,516890,20,2031
514839,516870,516892,22,2031
514839,516870,516892,22,2031
514839,516871,516893,22,2032
514839,516880,516894,14,2041
514839,516871,516895,24,2032
514839,516875,516897,22,2036
514839,516871,516898,27,2032
514839,516869,516897,28,2030
514839,516873,516898,25,2034
514839,516876,516899,23,2037
514839,516869,516899,30,2030
514839,516875,516899,24,2036
514839,516873,516900,27,2034
514839,516878,516902,24,2039
514839,516870,516901,31,2031
514839,516875,516901,26,2036
514839,516868,516903,35,2029
514839,516868,516903,35,2029
514839,516860,516904,44,2021
514839,516873,516903,30,2034
514839,516880,516904,24,2041
514839,516850,516905,55,2011
514839,516867,516906,39,2028
514839,516871,516906,35,2032
514839,516858,516907,49,2019
514839,516863,516906,43,2024
514839,516873,516907,34,2034
514839,516879,516907,28,2040
514839,516858,516907,49,2019
514839,516868,516908,40,2029
514839,516865,516909,44,2026
514839,516884,516909,25,2045
514839,516872,516909,37,2033
514839,516865,516909,44,2026
514839,516873,516909,36,2034
514839,516880,516910,30,2041
514839,516881,516910,29,2042
514839,516888,516910,22,2049
514839,516875,516910,35,2036
514839,516872,516911,39,2033
514839,516863,516911,48,2024
514839,516864,516911,47,2025
514839,516860,516913,53,2021
514839,516867,516913,46,2028
514839,516874,516912,38,2035
514839,516887,516913,26,2048
514839,516891,516914,23,2052
514839,516867,516915,48,2028
514839,516875,516915,40,2036
514839,516890,516916,26,2051
514839,516867,516916,49,2028
514839,516865,516915,50,2026
514839,516872,516916,44,2033
514839,516860,516917,57,2021
514839,516868,516917,49,2029
514839,516855,516916,61,2016
514839,516863,516917,54,2024
514839,516856,516918,62,2017
514839,516866,516919,53,2027
514839,516856,516918,62,2017
514839,516859,516919,60,2020
514839,516887,516919,32,2048
514839,516866,516921,55,2027
514839,516892,516923,31,2053
514839,516855,516924,69,2016
514839,516866,516925,59,2027
514839,516868,516925,57,2029
514839,516893,516927,34,2054
514839,516850,516927,77,2011
514839,516866,516934,68,2027
514839,516855,516934,79,2016
514839,516853,516935,82,2014
514839,516894,516935,41,2055
514839,516898,516937,39,2059
514839,516900,516937,37,2061
514950,516916,516937,21,1966
514950,516916,516937,21,1966
514839,516898,516937,39,2059
514839,516904,516938,34,2065
514839,516895,516938,43,2056
514950,516916,516938,22,1966
514839,516902,516939,37,2063
514839,516902,516940,38,2063
514839,516900,516940,40,2061
514839,516904,516940,36,2065
514839,516899,516941,42,2060
514839,516894,516941,47,2055
514839,516907,516941,34,2068
514839,516899,516942,43,2060
514950,516917,516942,25,1967
514839,516907,516943,36,2068
514839,516909,516943,34,2070
514839,516902,516943,41,2063
514950,516916,516943,27,1966
514839,516906,516943,37,2067
514839,516898,516944,46,2059
514950,516917,516944,27,1967
514839,516908,516945,37,2069
514839,516907,516946,39,2068
514839,516907,516946,39,2068
514839,516911,516946,35,2072
514839,516905,516946,41,2066
514839,516852,516946,94,2013
514950,516917,516947,30,1967
514839,516901,516947,46,2062
514950,516919,516948,29,1969
514839,516911,516948,37,2072
514839,516912,516948,36,2073
514839,516904,516948,44,2065
514839,516852,516948,96,2013
514839,516908,516949,41,2069
514839,516854,516949,95,2015
514839,516852,516950,98,2013
514839,516915,516951,36,2076
514950,516917,516950,33,1967
514839,516908,516951,43,2069
514839,516915,516951,36,2076
514839,516904,516951,47,2065
514839,516909,516952,43,2070
514839,516912,516953,41,2073
514839,516910,516953,43,2071
514839,516911,516954,43,2072
514839,516913,516954,41,2074
514839,516910,516955,45,2071
514839,516852,516955,103,2013
514950,516920,516955,35,1970
514839,516913,516955,42,2074
514839,516909,516955,46,2070
514950,516919,516956,37,1969
514839,516913,516956,43,2074
514839,516914,516956,42,2075
514950,516921,516956,35,1971
514839,516903,516956,53,2064
514839,516914,516957,43,2075
514950,516918,516961,43,1968
514839,516910,516963,53,2071
514950,516920,516965,45,1970
513922,516147,516966,819,2225
514839,516912,516965,53,2073
514950,516949,516966,17,1999
514950,516949,516970,21,1999
514950,516949,516971,22,1999
514950,516957,516971,14,2007
514950,516948,516971,23,1998
514950,516949,516972,23,1999
514950,516955,516974,19,2005
514950,516957,516974,17,2007
514950,516948,516974,26,1998
514950,516956,516975,19,2006
514950,516948,516975,27,1998
514950,516956,516975,19,2006
514950,516955,516976,21,2005
514950,516956,516976,20,2006
514950,516955,516976,21,2005
514950,516949,516976,27,1999
514950,516956,516978,22,2006
514950,516923,516977,54,1973
514950,516956,516977,21,2006
514950,516947,516978,31,1997
514950,516950,516978,28,2000
514950,516938,516978,40,1988
514950,516958,516979,21,2008
514029,516222,516982,760,2193
514950,516942,516982,40,1992
514950,516951,516982,31,2001
514950,516940,516982,42,1990
514950,516953,516983,30,2003
514950,516939,516983,44,1989
514950,516947,516983,36,1997
514950,516947,516984,37,1997
514950,516945,516985,40,1995
514950,516957,516985,28,2007
514950,516962,516985,23,2012
514950,516957,516986,29,2007
514950,516938,516985,47,1988
514950,516963,516986,23,2013
514950,516941,516986,45,1991
514950,516952,516987,35,2002
514950,516953,516988,35,2003
514950,516942,516988,46,1992
514950,516952,516988,36,2002
514950,516944,516988,44,1994
514950,516940,516989,49,1990
514950,516945,516989,44,1995
514950,516951,516989,38,2001
514950,516966,516989,23,2016
514950,516953,516991,38,2003
514950,516966,516991,25,2016
514950,516970,516990,20,2020
514950,516937,516991,54,1987
514950,516941,516992,51,1991
514950,516938,516993,55,1988
514950,516937,516993,56,1987
514950,516937,516993,56,1987
514950,516966,516994,28,2016
514950,516942,516994,52,1992
514950,516944,516995,51,1994
514950,516945,516995,50,1995
514950,516937,516995,58,1987
514950,516965,516996,31,2015
514950,516944,516997,53,1994
514950,516946,516997,51,1996
514950,516943,516997,54,1993
514950,516935,516998,63,1985
514950,516944,516999,55,1994
514950,516924,517000,76,1974
514950,516971,517001,30,2021
514950,516951,517002,51,2001
514950,516935,517003,68,1985
514950,516941,517003,62,1991
514950,516976,517006,30,2026
514950,516976,517007,31,2026
514950,516976,517007,31,2026
514950,516978,517008,30,2028
514950,516951,517008,57,2001
514950,516977,517009,32,2027
514950,516973,517009,36,2023
514950,516972,517009,37,2022
514950,516926,517010,84,1976
514950,516983,517011,28,2033
515020,516992,517012,20,1972
514950,516979,517012,33,2029
514950,516946,517012,66,1996
514950,516972,517012,40,2022
514950,516975,517012,37,2025
514950,516979,517012,33,2029
514950,516978,517013,35,2028
514950,516935,517013,78,1985
515020,516995,517013,18,1975
515020,516993,517014,21,1973
515020,516993,517016,23,1973
514950,516984,517016,32,2034
514950,516978,517017,39,2028
514950,516974,517017,43,2024
515020,516993,517017,24,1973
514950,516983,517018,35,2033
514950,516988,517018,30,2038
514950,516926,517019,93,1976
514950,516975,517019,44,2025
514950,516986,517019,33,2036
514950,516986,517019,33,2036
514950,516984,517020,36,2034
514950,516975,517020,45,2025
514950,516985,517020,35,2035
514950,516975,517020,45,2025
514950,516986,517020,34,2036
514950,516988,517021,33,2038
514950,516944,517021,77,1994
514950,516983,517022,39,2033
514950,516927,517022,95,1977
515020,516994,517022,28,1974
514950,516989,517023,34,2039
515020,516995,517023,28,1975
514950,516987,517023,36,2037
514950,516978,517024,46,2028
514950,516986,517024,38,2036
514950,516987,517024,37,2037
514950,516986,517024,38,2036
515020,516995,517024,29,1975
514950,516989,517024,35,2039
514950,516984,517024,40,2034
514950,516974,517025,51,2024
514950,516991,517025,34,2041
514950,516982,517025,43,2032
514950,516991,517026,35,2041
514950,516986,517026,40,2036
514950,516979,517028,49,2029
515020,516995,517028,33,1975
515020,516998,517029,31,1978
514950,516990,517029,39,2040
515020,516995,517030,35,1975
514950,516991,517030,39,2041
514950,516927,517030,103,1977
514950,516989,517030,41,2039
514950,516989,517030,41,2039
514950,516988,517030,42,2038
514950,516935,517030,95,1985
515020,516998,517031,33,1978
515020,516996,517032,36,1976
515020,516997,517033,36,1977
515020,517022,517038,16,2002
515020,517021,517039,18,2001
515020,516999,517039,40,1979
515020,517026,517041,15,2006
515020,517027,517041,14,2007
515020,517020,517042,22,2000
515020,517021,517042,21,2001
515020,517021,517043,22,2001
515020,517021,517043,22,2001
515020,517025,517043,18,2005
515020,517022,517044,22,2002
515020,517026,517044,18,2006
515020,517025,517044,19,2005
515020,517022,517045,23,2002
515020,517021,517045,24,2001
515020,517025,517045,20,2005
515020,517027,517046,19,2007
515020,517025,517047,22,2005
515020,517013,517046,33,1993
515020,517026,517047,21,2006
515020,517011,517048,37,1991
515020,517028,517047,19,2008
515020,517013,517049,36,1993
515020,517023,517049,26,2003
515020,517020,517050,30,2000
515020,517023,517050,27,2003
515020,517030,517050,20,2010
515020,517011,517050,39,1991
515020,517009,517051,42,1989
515020,517030,517051,21,2010
515020,517031,517052,21,2011
515020,517031,517052,21,2011
515020,517029,517053,24,2009
515020,517031,517055,24,2011
515020,517009,517056,47,1989
515020,517007,517055,48,1987
515020,517034,517056,22,2014
515020,517012,517056,44,1992
515020,517014,517057,43,1994
515020,517029,517056,27,2009
515020,517020,517057,37,2000
515020,517020,517057,37,2000
515020,517018,517058,40,1998
515020,517014,517059,45,1994
515020,517030,517058,28,2010
515020,517014,517059,45,1994
515020,517018,517059,41,1998
515020,517007,517060,53,1987
515020,517031,517060,29,2011
515020,517023,517061,38,2003
515020,517025,517061,36,2005
515020,517016,517062,46,1996
515020,517024,517061,37,2004
515020,517009,517062,53,1989
515020,517032,517062,30,2012
515020,517033,517062,29,2013
515020,517008,517063,55,1988
515020,517019,517065,46,1999
515020,517012,517066,54,1992
515020,517030,517066,36,2010
515020,517039,517067,28,2019
515020,517013,517067,54,1993
515020,517010,517068,58,1990
515020,517040,517069,29,2020
515020,517006,517071,65,1986
515020,517012,517070,58,1992
515020,517046,517070,24,2026
515020,517041,517071,30,2021
515020,517044,517072,28,2024
515020,517045,517071,26,2025
515020,517014,517073,59,1994
515020,517018,517073,55,1998
515020,517047,517074,27,2027
515020,517046,517075,29,2026
515020,517020,517075,55,2000
515020,517043,517075,32,2023
515020,517043,517075,32,2023
515020,517019,517077,58,1999
515020,517044,517076,32,2024
515020,517039,517077,38,2019
515020,517050,517077,27,2030
515020,517046,517078,32,2026
515020,517017,517077,60,1997
515093,517062,517080,18,1969
515020,517050,517080,30,2030
515020,517017,517081,64,1997
515020,517042,517081,39,2022
515093,517062,517081,19,1969
515020,517048,517081,33,2028
515020,517025,517081,56,2005
515020,517051,517084,33,2031
515093,517062,517084,22,1969
515020,516999,517085,86,1979
515020,517053,517086,33,2033
515093,517062,517085,23,1969
515020,517058,517086,28,2038
515020,517049,517086,37,2029
515020,517052,517087,35,2032
515020,517047,517087,40,2027
515020,517059,517087,28,2039
515093,517063,517088,25,1970
515020,517056,517088,32,2036
515020,517049,517088,39,2029
515020,517057,517088,31,2037
515093,517063,517089,26,1970
515020,517050,517089,39,2030
515020,517003,517090,87,1983
515020,517047,517090,43,2027
515093,517064,517090,26,1971
515020,517056,517091,35,2036
515020,517061,517090,29,2041
515093,517067,517091,24,1974
515020,517055,517091,36,2035
515020,517060,517091,31,2040
515093,517063,517091,28,1970
515020,517059,517092,33,2039
515020,517061,517092,31,2041
515020,517048,517092,44,2028
515020,517056,517092,36,2036
515020,517056,517092,36,2036
515020,517058,517093,35,2038
515020,517043,517093,50,2023
515020,517047,517092,45,2027
515020,517057,517094,37,2037
515020,517059,517093,34,2039
514130,516306,517094,788,2176
515020,517003,517094,91,1983
515020,517053,517095,42,2033
515020,517043,517095,52,2023
515093,517065,517095,30,1972
515093,517067,517096,29,1974
515020,517043,517096,53,2023
515020,517054,517096,42,2034
515020,517059,517097,38,2039
515093,517069,517098,29,1976
515020,517052,517098,46,2032
515093,517068,517099,31,1975
515093,517067,517104,37,1974
515020,517001,517104,103,1981
515020,517001,517106,105,1981
515093,517093,517108,15,2000
515020,517002,517107,105,1982
515093,517091,517107,16,1998
515093,517090,517108,18,1997
515093,517093,517111,18,2000
515093,517091,517111,20,1998
515093,517089,517111,22,1996
515093,517093,517111,18,2000
515093,517094,517111,17,2001
515093,517089,517111,22,1996
515093,517096,517112,16,2003
515093,517078,517112,34,1985
515093,517094,517113,19,2001
515093,517070,517113,43,1977
515093,517090,517113,23,1997
515093,517088,517113,25,1995
515093,517092,517114,22,1999
515093,517092,517113,21,1999
515093,517093,517114,21,2000
515093,517094,517114,20,2001
515093,517095,517114,19,2002
515093,517092,517116,24,1999
515093,517092,517115,23,1999
515093,517090,517116,26,1997
515093,517077,517116,39,1984
515093,517076,517117,41,1983
515093,517094,517117,23,2001
515093,517081,517117,36,1988
515093,517080,517118,38,1987
515093,517081,517118,37,1988
515093,517078,517119,41,1985
515093,517088,517119,31,1995
515093,517097,517119,22,2004
515093,517098,517120,22,2005
515093,517092,517120,28,1999
515093,517081,517120,39,1988
515093,517078,517121,43,1985
515093,517099,517121,22,2006
515093,517095,517121,26,2002
515093,517098,517121,23,2005
515093,517092,517121,29,1999
515093,517096,517123,27,2003
515093,517096,517122,26,2003
515093,517078,517123,45,1985
515093,517089,517123,34,1996
515093,517082,517124,42,1989
515093,517081,517126,45,1988
515093,517074,517126,52,1981
515093,517085,517126,41,1992
515093,517104,517126,22,2011
515093,517071,517127,56,1978
515093,517100,517128,28,2007
515093,517076,517128,52,1983
515093,517092,517130,38,1999
515093,517082,517129,47,1989
515093,517087,517131,44,1994
515093,517105,517130,25,2012
515093,517092,517130,38,1999
515093,517077,517131,54,1984
515093,517075,517132,57,1982
515093,517084,517133,49,1991
515093,517107,517133,26,2014
515093,517075,517134,59,1982
515093,517073,517136,63,1980
515093,517097,517136,39,2004
515093,517108,517137,29,2015
515093,517113,517138,25,2020
515093,517113,517138,25,2020
515093,517113,517139,26,2020
515093,517114,517139,25,2021
515093,517108,517140,32,2015
515093,517112,517140,28,2019
515093,517073,517141,68,1980
515093,517114,517141,27,2021
515093,517114,517140,26,2021
515093,517112,517141,29,2019
515093,517108,517142,34,2015
515093,517116,517143,27,2023
515093,517087,517143,56,1994
515093,517114,517143,29,2021
515093,517112,517143,31,2019
515093,517085,517144,59,1992
515093,517086,517144,58,1993
515093,517086,517144,58,1993
515093,517109,517146,37,2016
515177,517127,517147,20,1950
515093,517116,517148,32,2023
515093,517112,517150,38,2019
515093,517122,517151,29,2029
515093,517123,517151,28,2030
515093,517117,517151,34,2024
515093,517086,517151,65,1993
515093,517114,517152,38,2021
515093,517111,517152,41,2018
515093,517117,517152,35,2024
515093,517117,517152,35,2024
515093,517126,517152,26,2033
515093,517123,517152,29,2030
515093,517115,517154,39,2022
515093,517118,517154,36,2025
515093,517120,517154,34,2027
515177,517127,517154,27,1950
515093,517121,517154,33,2028
515177,517128,517154,26,1951
515177,517129,517154,25,1952
515093,517120,517154,34,2027
515093,517111,517155,44,2018
515093,517072,517154,82,1979
515093,517071,517154,83,1978
515093,517115,517154,39,2022
515093,517115,517154,39,2022
515177,517130,517155,25,1953
515093,517119,517156,37,2026
515177,517131,517156,25,1954
515093,517123,517156,33,2030
515093,517120,517156,36,2027
515093,517120,517156,36,2027
515177,517132,517157,25,1955
515093,517119,517157,38,2026
515093,517123,517157,34,2030
515093,517126,517158,32,2033
515177,517131,517158,27,1954
515093,517126,517158,32,2033
515177,517133,517159,26,1956
515177,517131,517158,27,1954
515093,517116,517160,44,2023
515093,517087,517159,72,1994
515177,517130,517159,29,1953
515093,517121,517160,39,2028
515093,517122,517161,39,2029
515093,517122,517161,39,2029
515093,517125,517162,37,2032
515177,517133,517163,30,1956
515093,517122,517163,41,2029
515093,517087,517165,78,1994
515177,517135,517165,30,1958
515093,517072,517167,95,1979
515093,517120,517168,48,2027
515093,517071,517173,102,1978
515177,517155,517173,18,1978
515177,517158,517174,16,1981
515177,517155,517175,20,1978
515177,517134,517175,41,1957
515093,517072,517176,104,1979
515177,517155,517175,20,1978
515177,517158,517177,19,1981
515177,517155,517177,22,1978
515177,517154,517178,24,1977
515177,517136,517178,42,1959
515177,517158,517178,20,1981
515177,517155,517179,24,1978
515177,517160,517179,19,1983
515177,517160,517179,19,1983
515177,517159,517179,20,1982
515177,517159,517180,21,1982
515177,517161,517181,20,1984
515177,517157,517180,23,1980
515177,517155,517180,25,1978
515177,517154,517181,27,1977
515177,517159,517182,23,1982
515177,517160,517182,22,1983
515177,517145,517183,38,1968
515177,517154,517184,30,1977
515177,517143,517185,42,1966
515177,517156,517185,29,1979
515177,517157,517185,28,1980
515177,517162,517186,24,1985
515177,517154,517186,32,1977
515177,517160,517186,26,1983
515177,517151,517186,35,1974
515177,517143,517186,43,1966
515177,517146,517187,41,1969
515177,517149,517187,38,1972
515177,517145,517189,44,1968
515177,517144,517189,45,1967
515177,517144,517190,46,1967
515177,517136,517190,54,1959
515177,517161,517189,28,1984
515177,517162,517190,28,1985
515177,517154,517190,36,1977
515177,517154,517190,36,1977
515177,517165,517191,26,1988
515177,517161,517191,30,1984
515177,517152,517191,39,1975
515177,517141,517193,52,1964
515177,517152,517193,41,1975
515177,517166,517193,27,1989
515177,517143,517195,52,1966
515177,517157,517195,38,1980
515177,517163,517195,32,1986
515177,517142,517196,54,1965
515177,517141,517196,55,1964
515177,517152,517196,44,1975
515177,517157,517196,39,1980
515177,517148,517197,49,1971
515177,517163,517197,34,1986
515177,517145,517197,52,1968
515177,517173,517197,24,1996
515177,517151,517197,46,1974
515177,517167,517201,34,1990
515177,517174,517201,27,1997
515177,517141,517202,61,1964
515177,517168,517203,35,1991
515177,517179,517203,24,2002
515177,517157,517204,47,1980
515177,517176,517204,28,1999
515177,517179,517204,25,2002
515177,517140,517204,64,1963
515177,517180,517205,25,2003
515177,517179,517205,26,2002
515177,517180,517206,26,2003
515177,517180,517207,27,2003
515177,517180,517207,27,2003
515177,517181,517208,27,2004
514232,516388,517208,820,2156
515177,517176,517210,34,1999
515177,517182,517210,28,2005
515177,517181,517210,29,2004
515177,517175,517211,36,1998
515249,517196,517210,14,1947
515177,517175,517211,36,1998
515177,517176,517211,35,1999
515249,517197,517214,17,1948
515177,517152,517214,62,1975
515177,517184,517214,30,2007
515177,517185,517216,31,2008
515177,517181,517216,35,2004
515249,517196,517217,21,1947
515177,517181,517217,36,2004
515177,517190,517218,28,2013
515177,517153,517218,65,1976
515177,517190,517218,28,2013
515177,517187,517219,32,2010
515177,517154,517220,66,1977
515249,517197,517221,24,1948
515177,517188,517221,33,2011
515249,517198,517222,24,1949
515177,517182,517222,40,2005
515177,517140,517222,82,1963
515177,517183,517222,39,2006
515177,517190,517222,32,2013
515177,517195,517222,27,2018
515177,517190,517224,34,2013
515177,517193,517224,31,2016
515177,517140,517224,84,1963
515177,517177,517225,48,2000
515177,517185,517225,40,2008
515177,517186,517225,39,2009
515177,517191,517224,33,2014
515177,517153,517225,72,1976
515249,517197,517225,28,1948
515249,517198,517225,27,1949
515177,517186,517226,40,2009
515177,517187,517227,40,2010
515177,517193,517227,34,2016
515177,517194,517226,32,2017
515249,517198,517227,29,1949
515249,517198,517227,29,1949
515177,517186,517227,41,2009
515249,517197,517227,30,1948
515177,517190,517227,37,2013
515177,517177,517227,50,2000
515249,517203,517228,25,1954
515177,517153,517227,74,1976
515177,517191,517228,37,2014
515177,517137,517229,92,1960
515177,517191,517229,38,2014
515249,517201,517229,28,1952
515177,517191,517230,39,2014
515177,517190,517230,40,2013
515177,517187,517231,44,2010
515177,517139,517231,92,1962
515177,517192,517231,39,2015
515177,517187,517232,45,2010
515177,517195,517232,37,2018
515249,517202,517233,31,1953
515177,517187,517234,47,2010
515177,517139,517235,96,1962
515249,517204,517236,32,1955
515177,517153,517237,84,1976
515177,517139,517239,100,1962
515249,517225,517242,17,1976
515177,517153,517242,89,1976
515249,517228,517245,17,1979
515249,517215,517245,30,1966
515249,517215,517245,30,1966
515249,517225,517245,20,1976
515249,517204,517246,42,1955
515249,517225,517246,21,1976
515249,517227,517247,20,1978
515249,517228,517247,19,1979
515249,517225,517249,24,1976
515249,517225,517249,24,1976
515249,517226,517249,23,1977
515249,517227,517250,23,1978
515249,517224,517250,26,1975
515249,517227,517250,23,1978
515249,517225,517251,26,1976
515249,517228,517250,22,1979
515249,517228,517251,23,1979
515249,517228,517252,24,1979
515249,517225,517252,27,1976
515249,517223,517252,29,1974
515249,517225,517253,28,1976
515249,517227,517252,25,1978
515249,517229,517253,24,1980
515249,517230,517253,23,1981
515249,517226,517254,28,1977
515249,517217,517254,37,1968
515249,517217,517254,37,1968
515249,517231,517255,24,1982
515249,517211,517256,45,1962
515249,517230,517257,27,1981
515249,517216,517258,42,1967
515249,517223,517258,35,1974
515249,517210,517258,48,1961
515249,517233,517258,25,1984
515249,517211,517258,47,1962
515249,517231,517258,27,1982
515249,517230,517259,29,1981
515249,517212,517259,47,1963
515249,517207,517259,52,1958
515249,517215,517260,45,1966
515249,517219,517260,41,1970
514334,516489,517260,771,2155
515249,517207,517261,54,1958
515249,517217,517261,44,1968
515249,517218,517261,43,1969
515249,517234,517261,27,1985
515249,517209,517262,53,1960
515249,517236,517262,26,1987
515249,517219,517262,43,1970
515249,517236,517262,26,1987
515249,517211,517262,51,1962
515249,517211,517262,51,1962
515249,517229,517262,33,1980
515249,517233,517263,30,1984
515249,517210,517262,52,1961
515249,517204,517264,60,1955
515249,517238,517266,28,1989
515249,517223,517266,43,1974
515249,517209,517266,57,1960
515249,517232,517266,34,1983
515249,517227,517267,40,1978
515249,517227,517267,40,1978
515249,517251,517271,20,2002
515249,517239,517272,33,1990
515249,517247,517273,26,1998
515249,517246,517273,27,1997
515249,517248,517273,25,1999
515249,517243,517274,31,1994
515249,517242,517274,32,1993
515249,517250,517274,24,2001
515249,517245,517274,29,1996
515249,517222,517274,52,1973
515249,517250,517275,25,2001
515249,517232,517275,43,1983
515249,517219,517275,56,1970
515249,517227,517276,49,1978
515249,517251,517276,25,2002
515249,517249,517278,29,2000
515249,517248,517280,32,1999
515249,517251,517280,29,2002
515331,517262,517280,18,1931
515249,517246,517281,35,1997
515331,517262,517281,19,1931
515249,517252,517282,30,2003
515331,517262,517282,20,1931
515249,517262,517284,22,2013
515331,517263,517283,20,1932
515331,517263,517284,21,1932
515249,517251,517285,34,2002
515249,517256,517286,30,2007
515249,517262,517286,24,2013
515249,517251,517286,35,2002
515249,517252,517286,34,2003
515249,517245,517286,41,1996
515249,517205,517286,81,1956
515249,517207,517286,79,1958
515249,517254,517288,34,2005
515249,517252,517289,37,2003
515249,517258,517289,31,2009
515249,517260,517289,29,2011
515249,517258,517289,31,2009
515331,517263,517289,26,1932
515249,517245,517290,45,1996
515249,517260,517291,31,2011
515331,517263,517290,27,1932
515249,517261,517291,30,2012
515249,517258,517291,33,2009
515249,517259,517291,32,2010
515249,517255,517291,36,2006
515249,517261,517292,31,2012
515249,517254,517292,38,2005
515249,517260,517292,32,2011
515249,517255,517293,38,2006
515249,517253,517293,40,2004
515249,517256,517293,37,2007
515249,517255,517294,39,2006
515249,517206,517294,88,1957
515249,517259,517295,36,2010
515331,517264,517295,31,1933
515249,517222,517295,73,1973
515331,517267,517295,28,1936
515331,517267,517295,28,1936
515331,517266,517296,30,1935
515249,517260,517296,36,2011
515249,517253,517296,43,2004
515331,517267,517297,30,1936
515331,517264,517296,32,1933
515331,517263,517296,33,1932
515249,517259,517296,37,2010
515249,517258,517297,39,2009
515249,517262,517297,35,2013
515249,517205,517298,93,1956
515249,517258,517298,40,2009
515249,517205,517300,95,1956
515249,517252,517302,50,2003
515249,517222,517307,85,1973
515331,517268,517308,40,1937
515331,517291,517310,19,1960
515331,517296,517312,16,1965
515249,517221,517312,91,1972
515331,517291,517312,21,1960
515331,517291,517312,21,1960
515331,517290,517312,22,1959
515331,517291,517313,22,1960
515331,517289,517314,25,1958
515249,517220,517315,95,1971
515331,517295,517315,20,1964
515331,517292,517314,22,1961
515331,517280,517315,35,1949
515331,517295,517316,21,1964
515331,517280,517316,36,1949
515249,517205,517316,111,1956
515331,517295,517317,22,1964
515331,517280,517317,37,1949
515331,517289,517317,28,1958
515331,517296,517318,22,1965
515331,517294,517319,25,1963
515331,517292,517318,26,1961
515331,517284,517319,35,1953
515331,517275,517319,44,1944
515331,517294,517320,26,1963
515331,517297,517319,22,1966
515331,517289,517321,32,1958
515331,517295,517320,25,1964
515331,517283,517320,37,1952
515331,517296,517321,25,1965
515331,517292,517321,29,1961
515331,517278,517321,43,1947
515331,517268,517321,53,1937
515331,517282,517322,40,1951
515331,517276,517323,47,1945
515331,517277,517323,46,1946
515331,517281,517323,42,1950
515331,517297,517324,27,1966
515331,517276,517323,47,1945
515331,517289,517324,35,1958
515331,517297,517324,27,1966
515331,517277,517324,47,1946
515331,517284,517323,39,1953
515331,517301,517325,24,1970
515331,517281,517325,44,1950
515331,517293,517325,32,1962
515249,517221,517325,104,1972
515331,517274,517327,53,1943
515331,517297,517326,29,1966
515331,517276,517326,50,1945
515331,517289,517328,39,1958
515331,517302,517329,27,1971
515331,517299,517330,31,1968
515331,517275,517331,56,1944
515331,517297,517331,34,1966
515331,517297,517332,35,1966
515331,517292,517332,40,1961
515331,517284,517333,49,1953
515331,517297,517335,38,1966
515331,517289,517335,46,1958
515331,517309,517335,26,1978
515331,517286,517336,50,1955
515331,517297,517336,39,1966
515331,517286,517337,51,1955
515331,517299,517337,38,1968
515331,517287,517338,51,1956
515331,517308,517338,30,1977
515331,517298,517340,42,1967
515331,517274,517341,67,1943
515331,517311,517341,30,1980
515331,517315,517341,26,1984
515331,517315,517343,28,1984
515331,517287,517343,56,1956
515331,517317,517343,26,1986
515331,517317,517344,27,1986
515331,517274,517344,70,1943
515331,517317,517345,28,1986
515403,517328,517345,17,1925
515331,517312,517345,33,1981
515331,517312,517345,33,1981
515331,517317,517345,28,1986
515331,517316,517346,30,1985
515331,517287,517346,59,1956
515331,517315,517347,32,1984
515331,517321,517347,26,1990
515331,517315,517347,32,1984
515403,517331,517348,17,1928
515331,517313,517348,35,1982
515331,517312,517348,36,1981
515331,517314,517349,35,1983
515403,517330,517352,22,1927
515331,517324,517352,28,1993
515331,517321,517353,32,1990
515331,517318,517353,35,1987
515331,517323,517355,32,1992
515331,517326,517355,29,1995
515331,517293,517356,63,1962
515331,517318,517357,39,1987
515403,517329,517357,28,1926
515331,517319,517357,38,1988
515331,517324,517357,33,1993
515331,517324,517357,33,1993
515331,517322,517358,36,1991
515331,517319,517358,39,1988
515331,517327,517359,32,1996
515331,517320,517360,40,1989
515331,517274,517359,85,1943
515331,517324,517360,36,1993
515403,517332,517360,28,1929
515331,517318,517361,43,1987
515331,517322,517360,38,1991
515331,517326,517361,35,1995
515331,517327,517361,34,1996
515331,517286,517362,76,1955
515331,517327,517361,34,1996
515331,517326,517362,36,1995
515331,517313,517362,49,1982
515331,517321,517362,41,1990
515331,517272,517363,91,1941
515331,517321,517364,43,1990
515331,517323,517364,41,1992
515331,517324,517365,41,1993
515331,517322,517365,43,1991
515331,517319,517365,46,1988
515331,517324,517365,41,1993
515331,517324,517366,42,1993
515403,517333,517366,33,1930
515403,517337,517366,29,1934
515403,517332,517366,34,1929
515331,517320,517367,47,1989
515331,517320,517367,47,1989
515403,517335,517367,32,1932
515331,517286,517367,81,1955
515331,517326,517369,43,1995
515331,517324,517369,45,1993
515403,517333,517369,36,1930
515403,517336,517371,35,1933
515331,517273,517373,100,1942
515331,517286,517372,86,1955
515403,517335,517374,39,1932
515403,517338,517375,37,1935
515331,517274,517376,102,1943
515403,517337,517376,39,1934
515403,517338,517377,39,1935
515403,517361,517381,20,1958
515403,517361,517381,20,1958
515331,517273,517383,110,1942
515403,517359,517384,25,1956
515403,517360,517385,25,1957
515403,517361,517385,24,1958
515403,517361,517386,25,1958
515403,517349,517385,36,1946
515403,517360,517386,26,1957
515403,517364,517387,23,1961
515403,517364,517387,23,1961
515403,517348,517387,39,1945
515403,517346,517388,42,1943
515403,517367,517389,22,1964
515403,517347,517389,42,1944
515403,517364,517389,25,1961
515403,517365,517389,24,1962
515403,517361,517390,29,1958
515403,517349,517391,42,1946
515403,517350,517391,41,1947
515403,517347,517391,44,1944
515403,517345,517392,47,1942
515403,517362,517392,30,1959
515403,517368,517392,24,1965
515403,517368,517393,25,1965
515403,517366,517393,27,1963
515403,517347,517393,46,1944
515403,517367,517394,27,1964
515403,517352,517394,42,1949
515403,517368,517394,26,1965
515403,517344,517395,51,1941
515403,517349,517396,47,1946
515403,517359,517396,37,1956
515403,517353,517398,45,1950
515403,517346,517398,52,1943
515403,517366,517397,31,1963
515403,517347,517398,51,1944
515403,517353,517399,46,1950
515403,517359,517398,39,1956
515403,517365,517399,34,1962
515403,517346,517400,54,1943
515403,517363,517401,38,1960
515403,517367,517401,34,1964
515403,517346,517401,55,1943
515403,517363,517402,39,1960
515403,517369,517403,34,1966
515403,517345,517403,58,1942
515403,517358,517403,45,1955
515403,517358,517404,46,1955
515403,517370,517404,34,1967
515403,517373,517404,31,1970
515403,517375,517406,31,1972
515403,517358,517407,49,1955
515403,517375,517408,33,1972
515403,517367,517408,41,1964
515403,517377,517408,31,1974
515403,517362,517408,46,1959
515403,517368,517409,41,1965
515403,517373,517409,36,1970
515403,517339,517410,71,1936
515403,517372,517410,38,1969
515403,517370,517411,41,1967
515403,517377,517412,35,1974
515403,517357,517412,55,1954
515403,517344,517413,69,1941
515403,517388,517413,25,1985
515403,517354,517413,59,1951
515403,517345,517414,69,1942
515403,517386,517414,28,1983
515403,517388,517414,26,1985
515403,517386,517415,29,1983
515403,517385,517415,30,1982
515403,517363,517416,53,1960
515403,517386,517416,30,1983
515403,517357,517416,59,1954
515403,517377,517416,39,1974
515403,517358,517416,58,1955
515403,517385,517417,32,1982
515403,517389,517420,31,1986
515403,517390,517423,33,1987
515403,517387,517423,36,1984
515403,517389,517426,37,1986
515480,517403,517425,22,1923
515480,517403,517425,22,1923
515403,517362,517425,63,1959
515403,517384,517426,42,1981
515403,517393,517426,33,1990
515403,517344,517427,83,1941
515403,517393,517428,35,1990
515403,517381,517428,47,1978
515480,517404,517429,25,1924
515403,517341,517429,88,1938
515403,517390,517429,39,1987
515403,517395,517430,35,1992
515403,517389,517430,41,1986
515403,517402,517431,29,1999
515403,517400,517431,31,1997
515403,517395,517432,37,1992
515403,517391,517433,42,1988
515403,517340,517433,93,1937
515403,517393,517433,40,1990
515403,517398,517433,35,1995
515403,517398,517434,36,1995
515480,517404,517434,30,1924
515403,517396,517434,38,1993
515403,517393,517434,41,1990
515403,517402,517434,32,1999
515403,517399,517435,36,1996
515403,517399,517435,36,1996
515480,517404,517435,31,1924
515403,517383,517435,52,1980
515480,517408,517436,28,1928
515403,517401,517437,36,1998
515403,517402,517437,35,1999
515403,517400,517438,38,1997
515403,517393,517438,45,1990
515480,517408,517438,30,1928
515403,517393,517438,45,1990
515403,517403,517438,35,2000
515403,517342,517440,98,1939
515480,517407,517440,33,1927
515403,517396,517441,45,1993
515403,517389,517442,53,1986
515403,517341,517442,101,1938
515403,517395,517443,48,1992
515480,517408,517443,35,1928
515403,517341,517443,102,1938
515403,517394,517443,49,1991
515403,517356,517444,88,1953
515403,517392,517444,52,1989
515403,517398,517444,46,1995
515480,517410,517445,35,1930
515403,517383,517445,62,1980
515403,517392,517446,54,1989
515403,517356,517446,90,1953
515480,517409,517446,37,1929
515480,517409,517447,38,1929
515403,517398,517449,51,1995
515480,517411,517454,43,1931
515480,517434,517455,21,1954
515480,517435,517456,21,1955
515480,517434,517458,24,1954
515480,517420,517457,37,1940
515480,517410,517459,49,1930
515480,517410,517460,50,1930
515480,517435,517460,25,1955
515480,517435,517460,25,1955
515480,517418,517461,43,1938
515480,517435,517461,26,1955
515480,517435,517461,26,1955
515480,517417,517461,44,1937
515480,517426,517462,36,1946
515480,517441,517464,23,1961
515480,517444,517465,21,1964
515480,517439,517464,25,1959
515480,517444,517465,21,1964
515480,517424,517464,40,1944
515480,517439,517465,26,1959
515480,517434,517465,31,1954
515480,517439,517466,27,1959
515480,517436,517466,30,1956
515480,517444,517467,23,1964
515480,517426,517468,42,1946
515480,517441,517468,27,1961
515480,517426,517468,42,1946
515480,517427,517469,42,1947
515480,517438,517470,32,1958
515480,517442,517470,28,1962
515480,517444,517470,26,1964
515480,517438,517471,33,1958
515480,517444,517472,28,1964
515480,517416,517473,57,1936
515480,517431,517473,42,1951
515480,517426,517474,48,1946
515480,517416,517474,58,1936
515480,517424,517474,50,1944
515480,517438,517475,37,1958
515480,517428,517475,47,1948
515480,517417,517475,58,1937
515480,517434,517476,42,1954
515480,517443,517478,35,1963
515480,517438,517479,41,1958
515480,517426,517480,54,1946
515480,517443,517480,37,1963
515480,517432,517481,49,1952
515480,517412,517481,69,1932
515480,517436,517483,47,1956
515480,517444,517483,39,1964
515480,517415,517483,68,1935
515480,517447,517483,36,1967
515480,517446,517484,38,1966
515480,517447,517485,38,1967
515480,517445,517486,41,1965
515480,517428,517486,58,1948
515480,517462,517489,27,1982
515480,517431,517490,59,1951
515480,517433,517490,57,1953
515480,517432,517491,59,1952
515480,517430,517491,61,1950
515480,517461,517490,29,1981
515480,517416,517492,76,1936
515480,517462,517493,31,1982
515480,517462,517493,31,1982
515480,517415,517493,78,1935
515480,517448,517493,45,1968
515480,517461,517495,34,1981
515480,517415,517496,81,1935
515480,517436,517497,61,1956
515480,517461,517497,36,1981
515480,517445,517497,52,1965
515480,517462,517497,35,1982
515480,517461,517498,37,1981
515480,517465,517497,32,1985
515480,517455,517497,42,1975
515480,517415,517498,83,1935
515480,517432,517498,66,1952
515480,517437,517499,62,1957
515480,517469,517499,30,1989
515480,517429,517500,71,1949
515480,517449,517501,52,1969
515480,517445,517501,56,1965
515480,517460,517502,42,1980
515480,517465,517502,37,1985
515480,517413,517502,89,1933
515530,517483,517502,19,1953
515480,517465,517502,37,1985
515480,517464,517502,38,1984
515480,517465,517502,37,1985
515480,517457,517503,46,1977
515530,517484,517503,19,1954
515480,517468,517504,36,1988
515480,517466,517504,38,1986
515480,517456,517504,48,1976
515480,517458,517504,46,1978
515480,517468,517505,37,1988
515530,517484,517505,21,1954
515480,517413,517506,93,1933
515480,517414,517506,92,1934
515480,517475,517508,33,1995
515530,517485,517509,24,1955
515530,517484,517509,25,1954
515480,517466,517509,43,1986
515480,517414,517509,95,1934
515480,517471,517509,38,1991
515480,517467,517510,43,1987
515480,517475,517510,35,1995
515480,517413,517510,97,1933
515480,517474,517511,37,1994
515480,517458,517511,53,1978
515480,517474,517512,38,1994
515530,517485,517512,27,1955
515480,517476,517512,36,1996
515480,517478,517512,34,1998
515480,517471,517512,41,1991
515480,517474,517513,39,1994
515530,517486,517514,28,1956
515480,517466,517515,49,1986
515480,517476,517515,39,1996
515480,517480,517516,36,2000
515480,517428,517516,88,1948
515530,517489,517516,27,1959
515480,517470,517516,46,1990
515480,517481,517516,35,2001
515480,517480,517517,37,2000
515480,517470,517517,47,1990
515530,517487,517516,29,1957
515480,517469,517517,48,1989
515480,517469,517518,49,1989
515480,517472,517518,46,1992
515480,517477,517519,42,1997
515480,517413,517520,107,1933
515480,517480,517521,41,2000
515530,517490,517522,32,1960
515530,517490,517522,32,1960
515530,517491,517523,32,1961
515480,517482,517524,42,2002
515530,517491,517525,34,1961
515480,517429,517527,98,1949
515530,517491,517528,37,1961
515480,517475,517529,54,1995
515530,517510,517538,28,1980
515530,517500,517539,39,1970
515530,517517,517540,23,1987
515530,517511,517540,29,1981
515530,517518,517540,22,1988
515530,517516,517541,25,1986
515530,517511,517542,31,1981
515530,517493,517542,49,1963
515530,517502,517542,40,1972
515530,517517,517543,26,1987
515530,517502,517544,42,1972
515530,517499,517545,46,1969
515530,517512,517545,33,1982
515530,517516,517545,29,1986
515530,517503,517547,44,1973
515530,517516,517548,32,1986
515530,517493,517549,56,1963
515530,517513,517549,36,1983
515530,517503,517548,45,1973
515530,517510,517549,39,1980
515530,517517,517549,32,1987
515530,517511,517549,38,1981
515530,517518,517549,31,1988
515530,517519,517551,32,1989
515530,517516,517551,35,1986
515530,517506,517551,45,1976
515530,517515,517553,38,1985
515530,517510,517553,43,1980
515530,517503,517553,50,1973
515530,517502,517554,52,1972
515530,517501,517553,52,1971
515530,517517,517553,36,1987
515530,517506,517553,47,1976
515530,517512,517556,44,1982
515530,517500,517556,56,1970
515530,517517,517556,39,1987
515530,517513,517557,44,1983
515530,517515,517557,42,1985
515530,517512,517559,47,1982
515530,517523,517561,38,1993
515530,517503,517560,57,1973
515530,517505,517562,57,1975
515530,517498,517565,67,1968
515530,517523,517564,41,1993
515530,517499,517565,66,1969
515530,517514,517565,51,1984
515530,517499,517565,66,1969
515530,517507,517567,60,1977
515530,517524,517566,42,1994
515530,517519,517568,49,1989
515530,517530,517568,38,2000
515530,517513,517569,56,1983
515530,517522,517569,47,1992
515530,517503,517572,69,1973
515530,517527,517574,47,1997
515530,517529,517573,44,1999
515530,517521,517574,53,1991
515530,517504,517574,70,1974
515530,517504,517574,70,1974
515530,517505,517574,69,1975
515530,517513,517575,62,1983
515530,517510,517576,66,1980
515530,517525,517577,52,1995
515530,517498,517578,80,1968
515530,517498,517578,80,1968
515530,517494,517580,86,1964
515530,517498,517581,83,1968
515530,517526,517581,55,1996
515530,517507,517583,76,1977
515530,517542,517583,41,2012
515530,517494,517583,89,1964
515530,517498,517583,85,1968
515530,517543,517584,41,2013
515530,517497,517585,88,1967
515530,517494,517586,92,1964
515530,517542,517587,45,2012
515530,517497,517587,90,1967
515530,517498,517587,89,1968
515530,517544,517587,43,2014
515530,517538,517588,50,2008
515530,517540,517588,48,2010
515530,517509,517590,81,1979
515530,517541,517590,49,2011
515530,517504,517592,88,1974
515530,517541,517592,51,2011
515530,517544,517594,50,2014
515530,517551,517594,43,2021
515530,517496,517595,99,1966
515530,517543,517598,55,2013
515530,517546,517599,53,2016
515530,517550,517599,49,2020
515530,517549,517600,51,2019
515530,517549,517600,51,2019
515530,517509,517600,91,1979
515530,517551,517600,49,2021
515530,517561,517601,40,2031
515530,517548,517601,53,2018
515580,517567,517602,35,1987
515530,517550,517602,52,2020
515530,517546,517603,57,2016
515530,517504,517603,99,1974
515530,517561,517603,42,2031
515530,517546,517603,57,2016
515530,517554,517604,50,2024
515580,517569,517605,36,1989
515530,517554,517605,51,2024
515580,517567,517604,37,1987
515580,517569,517605,36,1989
515530,517554,517605,51,2024
515530,517540,517606,66,2010
515530,517548,517606,58,2018
515530,517552,517606,54,2022
515530,517565,517607,42,2035
515580,517566,517607,41,1986
515530,517557,517607,50,2027
515530,517566,517608,42,2036
515530,517553,517608,55,2023
515530,517554,517608,54,2024
515530,517556,517609,53,2026
515530,517559,517609,50,2029
515530,517549,517609,60,2019
515530,517558,517610,52,2028
515530,517558,517612,54,2028
515530,517557,517612,55,2027
515530,517549,517612,63,2019
515580,517569,517613,44,1989
515530,517566,517613,47,2036
515530,517549,517614,65,2019
515530,517562,517616,54,2032
515530,517553,517616,63,2023
515580,517572,517617,45,1992
515530,517553,517620,67,2023
515580,517574,517622,48,1994
515530,517565,517623,58,2035
515580,517569,517623,54,1989
515580,517575,517630,55,1995
515580,517574,517630,56,1994
515580,517606,517630,24,2026
515580,517607,517633,26,2027
515580,517574,517638,64,1994
515580,517605,517639,34,2025
515580,517606,517638,32,2026
515580,517613,517639,26,2033
515580,517614,517640,26,2034
515580,517614,517641,27,2034
515580,517613,517641,28,2033
515580,517575,517642,67,1995
515580,517607,517642,35,2027
515580,517575,517644,69,1995
515580,517575,517644,69,1995
515580,517613,517645,32,2033
515580,517617,517646,29,2037
515580,517607,517647,40,2027
515580,517605,517648,43,2025
515580,517610,517648,38,2030
515580,517591,517650,59,2011
515580,517605,517650,45,2025
515580,517608,517652,44,2028
515580,517592,517654,62,2012
515580,517588,517656,68,2008
515580,517577,517657,80,1997
515580,517605,517656,51,2025
515580,517601,517656,55,2021
515580,517604,517657,53,2024
515580,517577,517658,81,1997
515580,517610,517658,48,2030
515580,517589,517659,70,2009
515580,517617,517660,43,2037
515580,517610,517659,49,2030
515580,517623,517660,37,2043
515580,517593,517662,69,2013
515580,517587,517662,75,2007
515580,517605,517662,57,2025
515580,517590,517662,72,2010
515580,517609,517663,54,2029
515580,517613,517663,50,2033
515580,517609,517664,55,2029
515580,517603,517664,61,2023
515580,517621,517665,44,2041
515580,517594,517666,72,2014
515580,517611,517666,55,2031
515580,517579,517666,87,1999
515580,517581,517667,86,2001
515580,517601,517667,66,2021
515580,517624,517668,44,2044
515580,517608,517667,59,2028
515580,517601,517668,67,2021
515580,517588,517669,81,2008
515580,517586,517669,83,2006
515580,517624,517671,47,2044
515580,517609,517671,62,2029
515580,517589,517671,82,2009
515580,517631,517672,41,2051
515580,517581,517673,92,2001
515580,517595,517674,79,2015
515580,517630,517675,45,2050
515580,517602,517674,72,2022
515580,517602,517675,73,2022
515580,517584,517675,91,2004
515580,517617,517676,59,2037
515580,517580,517677,97,2000
515580,517638,517677,39,2058
515580,517595,517678,83,2015
515580,517583,517678,95,2003
515580,517587,517678,91,2007
515580,517603,517680,77,2023
515580,517603,517680,77,2023
515580,517579,517680,101,1999
515580,517583,517681,98,2003
515580,517631,517682,51,2051
515580,517584,517683,99,2004
515580,517584,517684,100,2004
515580,517603,517685,82,2023
515580,517634,517686,52,2054
515580,517644,517690,46,2064
515580,517600,517691,91,2020
515580,517599,517691,92,2019
515580,517587,517693,106,2007
515580,517600,517693,93,2020
515580,517639,517693,54,2059
515580,517641,517694,53,2061
515580,517642,517696,54,2062
515580,517600,517696,96,2020
515580,517643,517697,54,2063
515580,517650,517698,48,2070
515580,517598,517698,100,2018
515580,517639,517698,59,2059
515580,517646,517700,54,2066
515580,517656,517701,45,2076
515580,517648,517702,54,2068
515580,517641,517702,61,2061
515678,517670,517705,35,1992
515580,517649,517707,58,2069
515678,517670,517707,37,1992
515580,517646,517709,63,2066
515678,517668,517709,41,1990
515580,517658,517710,52,2078
515678,517671,517710,39,1993
515580,517658,517711,53,2078
515580,517645,517712,67,2065
515580,517661,517712,51,2081
515580,517657,517712,55,2077
515678,517671,517713,42,1993
515580,517651,517713,62,2071
515678,517671,517713,42,1993
515580,517658,517713,55,2078
515580,517649,517713,64,2069
515580,517664,517713,49,2084
515580,517665,517713,48,2085
515580,517667,517714,47,2087
515580,517643,517714,71,2063
515580,517640,517715,75,2060
515580,517665,517715,50,2085
515580,517664,517715,51,2084
515580,517662,517716,54,2082
515580,517655,517716,61,2075
515580,517657,517716,59,2077
515580,517668,517718,50,2088
515580,517663,517719,56,2083
515580,517668,517718,50,2088
515580,517668,517719,51,2088
515580,517664,517721,57,2084
515580,517667,517722,55,2087
515678,517673,517722,49,1995
515678,517674,517722,48,1996
515580,517668,517724,56,2088
515678,517672,517724,52,1994
515580,517663,517724,61,2083
515580,517667,517724,57,2087
515678,517675,517725,50,1997
515580,517660,517728,68,2080
515580,517659,517729,70,2079
515678,517676,517730,54,1998
515580,517652,517730,78,2072
515678,517675,517730,55,1997
515678,517714,517735,21,2036
515678,517714,517734,20,2036
515678,517714,517736,22,2036
515580,517657,517736,79,2077
515678,517675,517736,61,1997
515580,517663,517737,74,2083
515678,517714,517737,23,2036
515678,517676,517738,62,1998
515678,517715,517739,24,2037
515580,517660,517741,81,2080
515678,517714,517741,27,2036
515678,517677,517742,65,1999
515678,517716,517742,26,2038
515678,517716,517743,27,2038
515678,517716,517746,30,2038
515678,517725,517747,22,2047
515678,517725,517750,25,2047
515678,517723,517750,27,2045
515678,517722,517752,30,2044
515678,517725,517753,28,2047
515678,517710,517755,45,2032
515678,517713,517758,45,2035
515678,517716,517760,44,2038
515678,517722,517761,39,2044
515678,517694,517761,67,2016
515678,517725,517762,37,2047
515678,517717,517763,46,2039
515678,517696,517765,69,2018
515678,517696,517766,70,2018
515678,517678,517767,89,2000
515678,517712,517767,55,2034
515678,517729,517768,39,2051
515678,517728,517770,42,2050
515678,517714,517771,57,2036
515678,517678,517772,94,2000
515678,517684,517772,88,2006
515678,517694,517772,78,2016
515678,517720,517773,53,2042
515678,517717,517772,55,2039
515678,517677,517773,96,1999
515678,517726,517773,47,2048
515678,517680,517773,93,2002
515678,517710,517775,65,2032
515678,517693,517774,81,2015
515678,517687,517775,88,2009
515678,517711,517775,64,2033
515678,517680,517775,95,2002
515678,517709,517775,66,2031
515678,517719,517776,57,2041
515678,517722,517776,54,2044
515678,517681,517776,95,2003
515678,517699,517776,77,2021
515678,517731,517776,45,2053
515678,517731,517776,45,2053
515678,517713,517777,64,2035
515678,517679,517778,99,2001
515678,517692,517778,86,2014
515678,517711,517778,67,2033
515678,517683,517779,96,2005
515678,517682,517781,99,2004
515678,517690,517780,90,2012
515678,517699,517781,82,2021
515678,517735,517781,46,2057
515678,517697,517782,85,2019
515678,517697,517783,86,2019
515678,517737,517783,46,2059
515678,517730,517783,53,2052
515678,517738,517784,46,2060
515678,517685,517784,99,2007
515678,517735,517784,49,2057
515678,517737,517785,48,2059
515678,517708,517785,77,2030
515678,517712,517785,73,2034
515678,517699,517786,87,2021
515678,517738,517788,50,2060
515678,517708,517789,81,2030
515678,517719,517790,71,2041
515678,517691,517790,99,2013
515678,517685,517791,106,2007
515678,517736,517791,55,2058
515678,517739,517794,55,2061
515678,517747,517794,47,2069
515678,517743,517796,53,2065
515678,517719,517797,78,2041
515678,517705,517797,92,2027
515678,517700,517797,97,2022
515678,517753,517799,46,2075
515678,517748,517798,50,2070
515678,517751,517800,49,2073
515678,517743,517800,57,2065
515678,517713,517801,88,2035
515678,517755,517801,46,2077
515678,517702,517803,101,2024
515678,517740,517803,63,2062
515678,517762,517806,44,2084
515678,517744,517806,62,2066
515678,517702,517806,104,2024
515678,517751,517807,56,2073
515733,517777,517807,30,2044
515733,517777,517807,30,2044
515678,517742,517808,66,2064
515678,517762,517810,48,2084
515678,517742,517809,67,2064
515678,517763,517811,48,2085
515733,517777,517812,35,2044
515678,517763,517813,50,2085
515678,517702,517813,111,2024
515678,517772,517814,42,2094
515678,517777,517817,40,2099
515678,517754,517819,65,2076
515678,517773,517819,46,2095
515678,517774,517819,45,2096
515733,517779,517820,41,2046
515678,517775,517822,47,2097
515678,517775,517822,47,2097
515678,517761,517823,62,2083
515733,517778,517823,45,2045
515678,517759,517824,65,2081
515678,517768,517824,56,2090
515678,517776,517825,49,2098
515678,517767,517824,57,2089
515678,517775,517826,51,2097
515678,517773,517826,53,2095
515678,517774,517827,53,2096
515678,517776,517827,51,2098
515678,517773,517827,54,2095
515678,517777,517827,50,2099
515678,517775,517828,53,2097
515678,517773,517828,55,2095
515678,517765,517829,64,2087
515733,517778,517830,52,2045
515733,517781,517830,49,2048
515733,517780,517832,52,2047
515678,517776,517832,56,2098
515678,517770,517832,62,2092
515733,517779,517833,54,2046
515678,517769,517834,65,2091
515733,517782,517835,53,2049
515678,517773,517837,64,2095
515733,517781,517837,56,2048
515733,517781,517839,58,2048
515733,517820,517841,21,2087
515733,517783,517841,58,2050
515733,517819,517842,23,2086
515678,517768,517842,74,2090
515733,517823,517843,20,2090
515733,517819,517843,24,2086
515733,517823,517843,20,2090
515733,517822,517844,22,2089
515733,517824,517844,20,2091
515678,517772,517846,74,2094
515733,517824,517846,22,2091
515733,517824,517848,24,2091
515733,517819,517852,33,2086
515733,517825,517854,29,2092
515733,517808,517854,46,2075
515733,517781,517854,73,2048
515733,517807,517857,50,2074
515733,517829,517856,27,2096
515733,517810,517860,50,2077
515733,517831,517860,29,2098
515733,517783,517860,77,2050
515733,517830,517860,30,2097
515733,517814,517862,48,2081
515733,517829,517865,36,2096
515733,517815,517865,50,2082
515733,517832,517866,34,2099
515733,517813,517867,54,2080
515733,517825,517870,45,2092
515733,517828,517870,42,2095
515733,517785,517872,87,2052
515733,517784,517872,88,2051
515733,517785,517873,88,2052
515733,517827,517874,47,2094
515733,517832,517874,42,2099
515733,517812,517874,62,2079
515733,517783,517875,92,2050
515733,517810,517875,65,2077
515733,517827,517875,48,2094
515733,517799,517876,77,2066
515733,517784,517877,93,2051
515733,517801,517876,75,2068
515733,517799,517878,79,2066
515733,517827,517879,52,2094
515733,517818,517880,62,2085
515733,517786,517880,94,2053
515733,517807,517880,73,2074
515733,517834,517881,47,2101
515733,517786,517881,95,2053
515733,517790,517883,93,2057
515733,517787,517884,97,2054
515733,517835,517884,49,2102
515733,517789,517884,95,2056
515733,517828,517884,56,2095
515733,517797,517886,89,2064
515733,517838,517886,48,2105
515733,517840,517886,46,2107
515733,517801,517888,87,2068
515733,517813,517887,74,2080
515733,517792,517887,95,2059
515733,517796,517888,92,2063
515733,517794,517890,96,2061
515733,517791,517891,100,2058
515733,517836,517891,55,2103
515733,517798,517891,93,2065
515733,517843,517892,49,2110
515733,517807,517893,86,2074
515733,517800,517894,94,2067
515733,517798,517894,96,2065
515733,517791,517895,104,2058
515733,517795,517895,100,2062
515733,517791,517896,105,2058
515733,517838,517896,58,2105
515733,517801,517896,95,2068
515733,517828,517897,69,2095
515733,517841,517898,57,2108
515733,517844,517898,54,2111
515733,517843,517898,55,2110
515733,517843,517899,56,2110
515733,517828,517901,73,2095
515733,517832,517902,70,2099
515733,517849,517903,54,2116
515733,517847,517903,56,2114
515733,517844,517904,60,2111
515733,517855,517905,50,2122
515733,517806,517904,98,2073
515733,517847,517907,60,2114
515733,517803,517907,104,2070
515733,517842,517908,66,2109
515733,517807,517908,101,2074
515733,517853,517910,57,2120
515733,517861,517910,49,2128
515733,517845,517911,66,2112
515733,517866,517911,45,2133
515786,517885,517911,26,2099
515733,517857,517911,54,2124
515733,517855,517912,57,2122
515733,517845,517912,67,2112
515733,517865,517913,48,2132
515733,517860,517915,55,2127
515733,517806,517916,110,2073
515733,517862,517916,54,2129
515733,517804,517916,112,2071
515733,517860,517917,57,2127
515733,517860,517918,58,2127
515733,517854,517919,65,2121
515733,517857,517924,67,2124
515733,517867,517926,59,2134
515733,517875,517927,52,2142
515733,517881,517927,46,2148
515786,517886,517928,42,2100
515733,517877,517928,51,2144
515786,517885,517929,44,2099
515786,517885,517929,44,2099
515733,517876,517931,55,2143
515733,517884,517933,49,2151
515733,517882,517933,51,2149
515733,517877,517933,56,2144
515786,517887,517933,46,2101
515733,517868,517932,64,2135
515733,517877,517933,56,2144
515733,517881,517934,53,2148
515733,517882,517936,54,2149
515733,517885,517936,51,2152
515786,517888,517937,49,2102
515733,517876,517937,61,2143
515733,517879,517937,58,2146
515733,517873,517938,65,2140
515733,517874,517938,64,2141
515733,517879,517939,60,2146
515733,517873,517939,66,2140
515786,517888,517939,51,2102
515733,517873,517940,67,2140
515733,517875,517941,66,2142
515786,517889,517941,52,2103
515786,517887,517943,56,2101
515733,517875,517944,69,2142
515733,517870,517945,75,2137
515733,517871,517945,74,2138
515733,517881,517947,66,2148
515786,517930,517947,17,2144
515786,517888,517950,62,2102
515786,517932,517951,19,2146
515786,517930,517952,22,2144
515786,517892,517952,60,2106
515786,517929,517952,23,2143
515786,517933,517953,20,2147
515786,517892,517954,62,2106
515786,517933,517954,21,2147
515786,517928,517955,27,2142
515786,517933,517959,26,2147
515786,517933,517959,26,2147
515786,517933,517961,28,2147
515786,517927,517964,37,2141
515786,517891,517964,73,2105
515786,517893,517967,74,2107
515786,517892,517968,76,2106
515786,517924,517969,45,2138
515786,517916,517971,55,2130
515786,517934,517971,37,2148
515786,517934,517973,39,2148
515786,517940,517975,35,2154
515786,517927,517976,49,2141
515786,517917,517976,59,2131
515786,517939,517976,37,2153
515786,517916,517977,61,2130
515786,517936,517978,42,2150
515786,517894,517979,85,2108
515786,517918,517979,61,2132
515786,517939,517979,40,2153
515786,517897,517981,84,2111
515786,517895,517981,86,2109
515786,517895,517981,86,2109
515786,517937,517981,44,2151
515786,517927,517985,58,2141
515786,517897,517985,88,2111
515786,517943,517987,44,2157
515786,517919,517988,69,2133
515786,517898,517988,90,2112
515786,517942,517989,47,2156
515786,517940,517989,49,2154
515786,517898,517990,92,2112
515786,517939,517991,52,2153
515786,517905,517991,86,2119
515786,517937,517991,54,2151
515786,517902,517991,89,2116
515786,517897,517993,96,2111
515786,517899,517994,95,2113
515786,517904,517994,90,2118
515786,517896,517995,99,2110
515786,517894,517995,101,2108
515786,517901,517996,95,2115
515786,517919,517996,77,2133
515786,517938,517999,61,2152
515786,517947,517999,52,2161
515786,517900,517999,99,2114
515786,517904,517999,95,2118
515786,517912,518000,88,2126
515786,517905,518001,96,2119
515786,517938,518001,63,2152
515786,517938,518001,63,2152
515786,517913,518002,89,2127
515786,517945,518003,58,2159
515786,517945,518004,59,2159
515786,517916,518004,88,2130
515786,517941,518004,63,2155
515786,517897,518004,107,2111
515786,517952,518005,53,2166
515786,517948,518005,57,2162
515786,517945,518006,61,2159
515786,517908,518007,99,2122
515786,517911,518007,96,2125
515786,517909,518008,99,2123
515786,517907,518008,101,2121
515786,517904,518008,104,2118
515786,517952,518010,58,2166
515786,517908,518011,103,2122
515786,517910,518011,101,2124
515786,517911,518013,102,2125
515786,517953,518013,60,2167
515786,517950,518015,65,2164
515786,517911,518015,104,2125
515786,517954,518015,61,2168
515786,517911,518017,106,2125
515786,517914,518017,103,2128
515786,517911,518018,107,2125
515786,517959,518020,61,2173
515786,517952,518021,69,2166
515786,517976,518023,47,2190
515881,517997,518024,27,2116
515786,517978,518025,47,2192
515786,517955,518025,70,2169
515786,517962,518028,66,2176
515786,517954,518029,75,2168
515786,517977,518029,52,2191
515786,517977,518029,52,2191
515786,517964,518031,67,2178
515786,517965,518032,67,2179
515786,517971,518034,63,2185
515786,517978,518034,56,2192
515786,517974,518034,60,2188
515786,517975,518040,65,2189
515786,517989,518041,52,2203
515786,517979,518040,61,2193
515786,517982,518043,61,2196
515786,517993,518043,50,2207
515786,517971,518043,72,2185
515786,517992,518043,51,2206
515786,517996,518044,48,2210
515786,517968,518044,76,2182
515786,517970,518044,74,2184
515881,518000,518044,44,2119
515881,517997,518045,48,2116
515786,517992,518047,55,2206
515786,517992,518048,56,2206
515786,517995,518048,53,2209
515786,517991,518047,56,2205
515786,517980,518047,67,2194
515786,517959,518049,90,2173
515786,517992,518049,57,2206
515786,517986,518050,64,2200
515786,517988,518051,63,2202
515786,517982,518052,70,2196
515786,517989,518051,62,2203
515881,518000,518053,53,2119
515786,517986,518054,68,2200
515786,517995,518054,59,2209
515786,517982,518054,72,2196
515881,518000,518055,55,2119
515786,517979,518056,77,2193
515881,518000,518056,56,2119
515786,517996,518057,61,2210
515786,517990,518058,68,2204
515881,518001,518059,58,2120
515786,517969,518059,90,2183
515786,517981,518064,83,2195
515881,518005,518064,59,2124
515881,518004,518066,62,2123
515881,518048,518066,18,2167
515881,518003,518067,64,2122
515881,518048,518067,19,2167
515881,518047,518067,20,2166
515881,518048,518068,20,2167
515786,517955,518068,113,2169
515881,518048,518069,21,2167
515881,518045,518070,25,2164
515881,518002,518070,68,2121
515881,518005,518070,65,2124
515786,517988,518072,84,2202
515881,518004,518072,68,2123
515881,518045,518073,28,2164
515881,518049,518073,24,2168
515881,518050,518074,24,2169
515881,518005,518074,69,2124
515881,518049,518075,26,2168
515881,518044,518075,31,2163
515881,518001,518076,75,2120
515881,518001,518078,77,2120
515881,518006,518080,74,2125
515881,518006,518088,82,2125
515881,518044,518088,44,2163
515881,518052,518088,36,2171
515881,518052,518091,39,2171
515881,518055,518091,36,2174
515881,518055,518092,37,2174
515881,518009,518093,84,2128
515881,518029,518096,67,2148
515881,518057,518096,39,2176
515881,518007,518098,91,2126
515881,518044,518100,56,2163
515881,518033,518101,68,2152
515881,518009,518102,93,2128
515881,518008,518103,95,2127
515881,518008,518103,95,2127
515881,518055,518104,49,2174
515881,518060,518104,44,2179
515881,518057,518105,48,2176
515881,518035,518105,70,2154
515881,518053,518105,52,2172
515881,518032,518106,74,2151
515881,518052,518107,55,2171
515881,518009,518107,98,2128
515881,518019,518107,88,2138
515881,518013,518107,94,2132
515881,518012,518108,96,2131
515881,518014,518108,94,2133
515881,518064,518109,45,2183
515881,518016,518109,93,2135
515881,518041,518110,69,2160
515881,518041,518110,69,2160
518103,518103,518111,8,0
515881,518055,518111,56,2174
518103,518103,518113,10,0
518103,518103,518112,9,0
518103,518103,518112,9,0
515881,518017,518113,96,2136
515881,518011,518113,102,2130
515881,518044,518113,69,2163
518103,518103,518113,10,0
518103,518103,518113,10,0
518103,518103,518114,11,0
518103,518103,518114,11,0
518103,518103,518113,10,0
518103,518103,518114,11,0
518103,518103,518113,10,0
518103,518103,518115,12,0
518103,518103,518114,11,0
518103,518103,518114,11,0
518103,518103,518115,12,0
518103,518103,518114,11,0
518103,518103,518115,12,0
518103,518103,518114,11,0
515881,518044,518115,71,2163
515881,518059,518115,56,2178
518103,518103,518116,13,0
518103,518103,518116,13,0
518103,518103,518116,13,0
518103,518103,518115,12,0
518103,518103,518115,12,0
515881,518017,518116,99,2136
515881,518021,518117,96,2140
518103,518103,518117,14,0
518103,518103,518117,14,0
518103,518103,518116,13,0
518103,518103,518117,14,0
518103,518103,518117,14,0
518103,518103,518117,14,0
518103,518103,518116,13,0
518103,518103,518117,14,0
518103,518103,518116,13,0
515881,518043,518118,75,2162
518103,518103,518117,14,0
518103,518103,518118,15,0
518103,518103,518118,15,0
518103,518103,518118,15,0
518103,518103,518117,14,0
518103,518103,518117,14,0
518103,518103,518118,15,0
518103,518103,518118,15,0
518103,518103,518118,15,0
515881,518040,518118,78,2159
515881,518044,518119,75,2163
518103,518103,518119,16,0
518103,518103,518119,16,0
518103,518103,518119,16,0
518103,518103,518118,15,0
518103,518103,518119,16,0
518103,518103,518119,16,0
518103,518103,518119,16,0
518103,518103,518119,16,0
515881,518011,518119,108,2130
518103,518103,518120,17,0
518103,518103,518120,17,0
518103,518103,518120,17,0
518103,518103,518120,17,0
518103,518103,518120,17,0
518103,518103,518120,17,0
518103,518103,518120,17,0
515881,518067,518120,53,2186
515881,518028,518121,93,2147
518103,518103,518121,18,0
518103,518103,518121,18,0
518103,518103,518121,18,0
518103,518103,518121,18,0
518103,518103,518121,18,0
518103,518103,518121,18,0
515881,518034,518122,88,2153
518103,518103,518122,19,0
518103,518112,518123,11,9
518103,518113,518123,10,10
518103,518114,518123,9,11
518103,518114,518123,9,11
518103,518103,518123,20,0
518103,518103,518123,20,0
518103,518103,518123,20,0
515881,518029,518123,94,2148
518103,518103,518123,20,0
515881,518016,518123,107,2135
515881,518035,518124,89,2154
518103,518114,518123,9,11
518103,518114,518124,10,11
518103,518114,518123,9,11
518103,518114,518124,10,11
518103,518117,518124,7,14
518103,518117,518124,7,14
518103,518103,518124,21,0
518103,518103,518124,21,0
518103,518103,518124,21,0
518103,518103,518124,21,0
515881,518024,518124,100,2143
515881,518025,518124,99,2144
518103,518103,518124,21,0
518103,518113,518124,11,10
518103,518114,518125,11,11
518103,518116,518125,9,13
515881,518025,518125,100,2144
515881,518016,518125,109,2135
515881,518066,518126,60,2185
518103,518115,518126,11,12
518103,518118,518125,7,15
518103,518113,518126,13,10
518103,518115,518126,11,12
518103,518116,518125,9,13
518103,518116,518126,10,13
518103,518116,518127,11,13
515881,518057,518126,69,2176
518103,518115,518126,11,12
518103,518115,518126,11,12
518103,518117,518127,10,14
518103,518117,518128,11,14
518103,518116,518128,12,13
515881,518065,518128,63,2184
518103,518117,518128,11,14
518103,518115,518129,14,12
518103,518118,518129,11,15
518103,518118,518129,11,15
515881,518029,518129,100,2148
518103,518117,518129,12,14
515881,518066,518130,64,2185
515881,518020,518130,110,2139
518103,518117,518130,13,14
518103,518118,518130,12,15
518103,518115,518130,15,12
518103,518117,518131,14,14
518103,518117,518130,13,14
518103,518115,518131,16,12
518103,518118,518131,13,15
518103,518118,518131,13,15
518103,518118,518131,13,15
515881,518069,518133,64,2188
515881,518025,518133,108,2144
518103,518123,518133,10,20
518103,518123,518133,10,20
518103,518119,518133,14,16
518103,518119,518133,14,16
515881,518068,518133,65,2187
518103,518120,518134,14,17
518103,518120,518134,14,17
518103,518120,518133,13,17
518103,518118,518133,15,15
518103,518121,518134,13,18
518103,518124,518134,10,21
518103,518124,518134,10,21
518103,518124,518134,10,21
518103,518123,518134,11,20
518103,518123,518134,11,20
518103,518124,518135,11,21
518103,518118,518134,16,15
518103,518120,518134,14,17
518103,518120,518134,14,17
518103,518124,518135,11,21
518103,518120,518135,15,17
518103,518123,518135,12,20
518103,518119,518136,17,16
518103,518119,518136,17,16
518103,518119,518135,16,16
518103,518119,518135,16,16
518103,518120,518136,16,17
518103,518124,518136,12,21
518103,518120,518136,16,17
518103,518120,518136,16,17
518103,518123,518136,13,20
518103,518124,518136,12,21
518103,518122,518137,15,19
515881,518067,518137,70,2186
518103,518123,518137,14,20
518103,518122,518138,16,19
518103,518124,518137,13,21
518103,518126,518138,12,23
518103,518126,518138,12,23
518103,518127,518138,11,24
518103,518126,518138,12,23
518103,518127,518138,11,24
518103,518125,518138,13,22
518103,518125,518138,13,22
515881,518089,518139,50,2208
518103,518127,518140,13,24
518103,518125,518139,14,22
518103,518127,518139,12,24
518103,518127,518139,12,24
518103,518122,518140,18,19
518103,518121,518139,18,18
518103,518121,518139,18,18
515881,518068,518140,72,2187
515881,518070,518140,70,2189
518103,518125,518141,16,22
518103,518131,518141,10,28
518103,518127,518142,15,24
518103,518131,518142,11,28
518103,518130,518142,12,27
518103,518129,518142,13,26
518103,518125,518142,17,22
518103,518125,518142,17,22
515881,518093,518142,49,2212
518103,518131,518142,11,28
518103,518130,518143,13,27
518103,518130,518142,12,27
518103,518128,518142,14,25
518103,518131,518142,11,28
518103,518131,518143,12,28
518103,518135,518143,8,32
518103,518135,518144,9,32
518103,518129,518143,14,26
518103,518131,518144,13,28
518103,518132,518144,12,29
518103,518125,518144,19,22
518103,518129,518144,15,26
515881,518089,518144,55,2208
518103,518135,518144,9,32
518103,518135,518144,9,32
518103,518135,518144,9,32
518103,518135,518144,9,32
515881,518075,518145,70,2194
515881,518073,518144,71,2192
518103,518134,518145,11,31
518103,518129,518145,16,26
518103,518134,518145,11,31
518103,518134,518145,11,31
515881,518070,518145,75,2189
518103,518134,518145,11,31
518103,518134,518146,12,31
518103,518125,518145,20,22
518103,518135,518146,11,32
518103,518134,518146,12,31
518103,518132,518147,15,29
518103,518135,518146,11,32
515881,518097,518146,49,2216
518103,518134,518147,13,31
518103,518135,518146,11,32
515881,518089,518146,57,2208
515881,518070,518149,79,2189
518103,518134,518149,15,31
515881,518075,518149,74,2194
518103,518132,518149,17,29
515881,518068,518150,82,2187
515881,518093,518151,58,2212
515881,518091,518153,62,2210
515881,518091,518154,63,2210
515881,518072,518154,82,2191
515881,518059,518155,96,2178
515881,518074,518154,80,2193
515881,518076,518155,79,2195
515881,518080,518155,75,2199
515881,518109,518155,46,2228
515942,518114,518158,44,2172
515881,518073,518159,86,2192
515942,518116,518160,44,2174
515881,518111,518161,50,2230
515942,518116,518162,46,2174
515881,518076,518161,85,2195
515881,518100,518162,62,2219
515942,518113,518162,49,2171
518157,518157,518164,7,0
515881,518106,518163,57,2225
515881,518110,518163,53,2229
515881,518079,518163,84,2198
515881,518108,518165,57,2227
518157,518157,518166,9,0
518157,518157,518166,9,0
518157,518157,518165,8,0
515942,518114,518166,52,2172
515881,518104,518166,62,2223
518157,518157,518166,9,0
518157,518157,518167,10,0
518157,518157,518166,9,0
515881,518104,518167,63,2223
518157,518157,518168,11,0
518157,518157,518168,11,0
518157,518157,518167,10,0
518157,518157,518167,10,0
515881,518073,518168,95,2192
518157,518157,518168,11,0
518157,518157,518168,11,0
518157,518157,518169,12,0
518157,518157,518168,11,0
518157,518157,518168,11,0
518157,518157,518168,11,0
518157,518157,518169,12,0
518157,518157,518169,12,0
518157,518157,518168,11,0
518157,518157,518168,11,0
518157,518157,518169,12,0
518157,518157,518169,12,0
518157,518157,518170,13,0
518157,518157,518170,13,0
518157,518157,518169,12,0
518157,518157,518170,13,0
518157,518157,518170,13,0
518157,518157,518169,12,0
518157,518157,518169,12,0
515881,518106,518170,64,2225
518157,518157,518170,13,0
515942,518121,518170,49,2179
518157,518157,518171,14,0
518157,518157,518171,14,0
518157,518157,518170,13,0
518157,518157,518171,14,0
515881,518112,518171,59,2231
515942,518119,518171,52,2177
518157,518157,518172,15,0
518157,518157,518172,15,0
518157,518157,518171,14,0
518157,518157,518171,14,0
518157,518157,518172,15,0
518157,518157,518172,15,0
518157,518157,518171,14,0
518157,518157,518172,15,0
518157,518157,518172,15,0
518157,518157,518172,15,0
518157,518157,518172,15,0
515881,518110,518172,62,2229
515881,518107,518172,65,2226
515881,518109,518172,63,2228
515881,518097,518172,75,2216
515881,518108,518172,64,2227
518157,518157,518172,15,0
518157,518157,518172,15,0
518157,518157,518172,15,0
518157,518157,518173,16,0
518157,518157,518173,16,0
518157,518157,518173,16,0
518157,518157,518174,17,0
518157,518157,518173,16,0
518157,518157,518174,17,0
518157,518157,518173,16,0
518157,518157,518174,17,0
515881,518105,518174,69,2224
515881,518103,518174,71,2222
518157,518157,518174,17,0
518157,518157,518174,17,0
518157,518157,518174,17,0
518157,518157,518175,18,0
518157,518157,518174,17,0
518157,518157,518175,18,0
518157,518157,518175,18,0
515942,518117,518175,58,2175
518157,518157,518175,18,0
515881,518111,518177,66,2230
518157,518157,518177,20,0
518157,518157,518176,19,0
518157,518157,518177,20,0
518157,518157,518177,20,0
518157,518157,518177,20,0
518157,518157,518177,20,0
518157,518164,518177,13,7
518157,518157,518178,21,0
518157,518166,518179,13,9
518157,518167,518179,12,10
518157,518168,518179,11,11
518157,518170,518180,10,13
518157,518170,518179,9,13
518157,518170,518180,10,13
518157,518172,518180,8,15
518157,518167,518180,13,10
518157,518169,518181,12,12
518157,518169,518181,12,12
518157,518170,518181,11,13
518157,518169,518181,12,12
518157,518169,518181,12,12
518157,518172,518181,9,15
518157,518170,518181,11,13
515942,518165,518182,17,2223
518157,518168,518182,14,11
518157,518166,518182,16,9
518157,518169,518182,13,12
518157,518169,518182,13,12
518157,518173,518181,8,16
515881,518108,518182,74,2227
518157,518172,518182,10,15
518157,518171,518182,11,14
518157,518170,518182,12,13
518157,518170,518182,12,13
518157,518168,518182,14,11
518157,518172,518182,10,15
515942,518119,518182,63,2177
518157,518172,518183,11,15
518157,518170,518183,13,13
518157,518173,518183,10,16
518157,518172,518183,11,15
518157,518173,518183,10,16
518157,518168,518183,15,11
515881,518102,518184,82,2221
518157,518169,518184,15,12
518157,518172,518184,12,15
518157,518169,518184,15,12
515881,518106,518184,78,2225
515942,518118,518184,66,2176
518157,518167,518184,17,10
518157,518175,518184,9,18
518157,518170,518184,14,13
518157,518172,518184,12,15
518157,518172,518184,12,15
518157,518169,518184,15,12
518157,518173,518185,12,16
518157,518175,518185,10,18
518157,518175,518184,9,18
518157,518166,518185,19,9
518157,518178,518185,7,21
518157,518172,518185,13,15
518157,518172,518185,13,15
518157,518169,518184,15,12
518157,518174,518185,11,17
518157,518174,518185,11,17
515942,518166,518185,19,2224
518157,518176,518185,9,19
515881,518104,518186,82,2223
515942,518167,518186,19,2225
518157,518179,518186,7,22
518157,518179,518186,7,22
518157,518175,518186,11,18
518157,518174,518187,13,17
518157,518174,518186,12,17
518157,518178,518187,9,21
515942,518164,518187,23,2222
518157,518174,518187,13,17
518157,518171,518187,16,14
518157,518175,518187,12,18
518157,518170,518187,17,13
518157,518179,518187,8,22
515881,518099,518188,89,2218
515942,518166,518188,22,2224
518157,518180,518188,8,23
518157,518177,518188,11,20
518157,518177,518188,11,20
518157,518174,518188,14,17
518157,518177,518188,11,20
518157,518177,518188,11,20
518157,518175,518189,14,18
518157,518174,518189,15,17
518157,518180,518190,10,23
518157,518177,518189,12,20
518157,518175,518189,14,18
518157,518171,518190,19,14
515942,518164,518190,26,2222
515942,518164,518190,26,2222
518157,518180,518190,10,23
518157,518180,518190,10,23
518157,518171,518190,19,14
515881,518106,518191,85,2225
518157,518181,518191,10,24
518157,518181,518191,10,24
518157,518181,518192,11,24
518157,518180,518192,12,23
518157,518181,518192,11,24
518157,518181,518193,12,24
515942,518163,518193,30,2221
515942,518121,518193,72,2179
518157,518182,518193,11,25
518157,518181,518193,12,24
518157,518183,518193,10,26
518157,518182,518195,13,25
515942,518122,518194,72,2180
518157,518181,518195,14,24
518157,518185,518194,9,28
515942,518124,518195,71,2182
518157,518182,518195,13,25
518157,518182,518195,13,25
518157,518185,518195,10,28
515942,518168,518195,27,2226
518157,518183,518195,12,26
518157,518183,518196,13,26
518157,518183,518196,13,26
518157,518182,518195,13,25
518157,518186,518196,10,29
518157,518182,518196,14,25
518157,518184,518196,12,27
518157,518185,518196,11,28
518157,518183,518196,13,26
518157,518183,518197,14,26
518157,518185,518197,12,28
518157,518186,518197,11,29
518157,518185,518197,12,28
518157,518185,518197,12,28
518157,518185,518197,12,28
518157,518185,518197,12,28
518157,518185,518198,13,28
518157,518186,518198,12,29
518157,518185,518199,14,28
518157,518183,518200,17,26
515942,518163,518200,37,2221
515942,518170,518200,30,2228
518157,518184,518200,16,27
518157,518184,518201,17,27
518157,518184,518202,18,27
518157,518184,518201,17,27
518157,518184,518202,18,27
518157,518186,518203,17,29
518157,518184,518202,18,27
518157,518187,518203,16,30
515942,518124,518202,78,2182
515942,518173,518203,30,2231
518157,518186,518203,17,29
518157,518186,518203,17,29
518157,518187,518204,17,30
518157,518187,518203,16,30
515942,518170,518204,34,2228
515942,518120,518204,84,2178
515942,518117,518205,88,2175
518157,518186,518207,21,29
518157,518186,518208,22,29
515942,518154,518209,55,2212
515942,518172,518209,37,2230
515942,518171,518210,39,2229
515942,518124,518212,88,2182
515942,518127,518214,87,2185
515942,518175,518216,41,2233
515942,518173,518217,44,2231
515942,518162,518217,55,2220
515942,518125,518218,93,2183
515942,518129,518218,89,2187
515942,518126,518218,92,2184
515942,518130,518219,89,2188
515942,518160,518219,59,2218
515942,518172,518219,47,2230
515942,518175,518222,47,2233
515942,518125,518222,97,2183
515942,518134,518222,88,2192
518214,518214,518222,8,0
518214,518214,518222,8,0
518214,518214,518223,9,0
518214,518214,518224,10,0
518214,518214,518224,10,0
518214,518214,518224,10,0
518214,518214,518224,10,0
518214,518214,518224,10,0
518214,518214,518224,10,0
518214,518214,518224,10,0
518214,518214,518224,10,0
518214,518214,518224,10,0
515942,518175,518224,49,2233
515942,518126,518225,99,2184
515942,518162,518225,63,2220
518214,518214,518226,12,0
518214,518215,518226,11,1
518214,518215,518225,10,1
518214,518214,518225,11,0
518214,518214,518225,11,0
518214,518214,518225,11,0
515942,518130,518226,96,2188
515942,518161,518225,64,2219
515942,518126,518226,100,2184
518214,518215,518227,12,1
518214,518214,518226,12,0
518214,518214,518226,12,0
518214,518214,518226,12,0
518214,518214,518226,12,0
518214,518215,518226,11,1
518214,518215,518227,12,1
518214,518215,518227,12,1
518214,518214,518226,12,0
518214,518214,518226,12,0
518214,518214,518226,12,0
515942,518139,518227,88,2197
518214,518214,518227,13,0
518214,518214,518227,13,0
518214,518214,518227,13,0
518214,518214,518227,13,0
518214,518214,518227,13,0
518214,518214,518227,13,0
518214,518215,518227,12,1
518214,518214,518227,13,0
518214,518214,518227,13,0
515942,518133,518227,94,2191
518214,518215,518227,12,1
518214,518214,518227,13,0
518214,518214,518228,14,0
518214,518214,518227,13,0
518214,518214,518228,14,0
518214,518214,518228,14,0
518214,518214,518228,14,0
518214,518215,518228,13,1
515942,518183,518228,45,2241
518214,518215,518228,13,1
518214,518215,518228,13,1
518214,518214,518228,14,0
518214,518214,518228,14,0
518214,518214,518229,15,0
515942,518160,518229,69,2218
518214,518214,518230,16,0
518214,518214,518229,15,0
515942,518172,518229,57,2230
518214,518214,518229,15,0
518214,518214,518229,15,0
518214,518214,518229,15,0
518214,518214,518230,16,0
518214,518214,518229,15,0
515942,518130,518230,100,2188
515942,518154,518230,76,2212
518214,518214,518230,16,0
518214,518214,518231,17,0
515942,518155,518231,76,2213
518214,518214,518232,18,0
518214,518215,518231,16,1
515942,518183,518232,49,2241
518214,518214,518232,18,0
518214,518214,518232,18,0
518214,518223,518233,10,9
518214,518214,518232,18,0
518214,518214,518232,18,0
518214,518223,518233,10,9
518214,518224,518233,9,10
518214,518214,518232,18,0
518214,518214,518232,18,0
515942,518152,518233,81,2210
518214,518214,518233,19,0
518214,518225,518234,9,11
518214,518224,518234,10,10
518214,518225,518234,9,11
518214,518224,518234,10,10
518214,518214,518233,19,0
518214,518214,518234,20,0
515942,518155,518234,79,2213
518214,518214,518234,20,0
518214,518225,518235,10,11
518214,518225,518235,10,11
515942,518177,518235,58,2235
518214,518225,518235,10,11
518214,518225,518236,11,11
518214,518226,518236,10,12
518214,518226,518235,9,12
518214,518226,518235,9,12
515942,518172,518236,64,2230
518214,518225,518237,12,11
515942,518155,518237,82,2213
515942,518133,518237,104,2191
515942,518185,518237,52,2243
518214,518227,518238,11,13
518214,518226,518238,12,12
515942,518155,518238,83,2213
515942,518159,518238,79,2217
515942,518186,518238,52,2244
515942,518156,518239,83,2214
518214,518228,518239,11,14
518214,518227,518240,13,13
518214,518228,518240,12,14
518214,518226,518240,14,12
518214,518227,518241,14,13
518214,518228,518241,13,14
518214,518228,518241,13,14
518214,518227,518241,14,13
518214,518227,518241,14,13
518214,518228,518241,13,14
518214,518228,518241,13,14
515942,518141,518241,100,2199
518214,518227,518242,15,13
518214,518228,518242,14,14
518214,518228,518242,14,14
518214,518227,518242,15,13
518214,518228,518242,14,14
515942,518149,518242,93,2207
515942,518147,518242,95,2205
515942,518144,518243,99,2202
515942,518147,518242,95,2205
518214,518228,518243,15,14
518214,518228,518243,15,14
518214,518227,518243,16,13
518214,518235,518243,8,21
518214,518236,518243,7,22
518214,518236,518243,7,22
518214,518237,518243,6,23
518214,518233,518243,10,19
518214,518234,518243,9,20
518214,518236,518243,7,22
518214,518236,518243,7,22
515942,518141,518243,102,2199
515942,518187,518243,56,2245
518214,518230,518244,14,16
518214,518233,518243,10,19
518214,518234,518244,10,20
518214,518235,518244,9,21
518214,518236,518244,8,22
518214,518227,518244,17,13
518214,518230,518244,14,16
518214,518231,518244,13,17
518214,518227,518244,17,13
518214,518230,518244,14,16
518214,518233,518244,11,19
518214,518234,518244,10,20
518214,518234,518244,10,20
518214,518238,518244,6,24
515942,518145,518244,99,2203
515942,518138,518244,106,2196
515942,518182,518244,62,2240
515942,518186,518244,58,2244
515942,518185,518244,59,2243
518214,518228,518245,17,14
518214,518230,518245,15,16
518214,518234,518245,11,20
518214,518234,518244,10,20
518214,518226,518245,19,12
518214,518228,518245,17,14
515942,518146,518245,99,2204
518214,518230,518246,16,16
518214,518230,518246,16,16
518214,518233,518246,13,19
518214,518230,518246,16,16
518214,518229,518246,17,15
518214,518231,518246,15,17
518214,518235,518246,11,21
518214,518240,518247,7,26
518214,518233,518247,14,19
518214,518233,518247,14,19
518214,518232,518247,15,18
518214,518241,518247,6,27
518214,518227,518247,20,13
518214,518238,518247,9,24
515942,518186,518247,61,2244
518214,518234,518248,14,20
518214,518240,518248,8,26
518214,518232,518248,16,18
518214,518241,518248,7,27
518214,518229,518248,19,15
518214,518242,518248,6,28
518214,518233,518248,15,19
518214,518240,518248,8,26
515942,518156,518248,92,2214
518214,518229,518249,20,15
518214,518229,518248,19,15
518214,518240,518249,9,26
518214,518232,518249,17,18
518214,518242,518249,7,28
515942,518143,518249,106,2201
518214,518242,518250,8,28
518214,518241,518250,9,27
518214,518242,518250,8,28
515942,518184,518250,66,2242
515942,518150,518250,100,2208
518214,518229,518251,22,15
518214,518232,518251,19,18
518214,518241,518251,10,27
518214,518242,518251,9,28
518214,518243,518252,9,29
518214,518243,518252,9,29
518214,518243,518251,8,29
518214,518243,518251,8,29
518214,518229,518252,23,15
518214,518241,518252,11,27
518214,518244,518252,8,30
518214,518229,518252,23,15
518214,518241,518252,11,27
518214,518243,518252,9,29
518214,518243,518252,9,29
518214,518244,518252,8,30
515942,518151,518253,102,2209
515942,518188,518253,65,2246
518214,518243,518253,10,29
518214,518229,518253,24,15
518214,518229,518253,24,15
518214,518241,518253,12,27
518214,518243,518253,10,29
518214,518245,518253,8,31
518214,518245,518253,8,31
518214,518244,518254,10,30
518214,518243,518254,11,29
518214,518243,518254,11,29
518214,518244,518255,11,30
518214,518244,518255,11,30
518214,518245,518255,10,31
515942,518190,518255,65,2248
515942,518191,518255,64,2249
518214,518244,518256,12,30
518214,518244,518256,12,30
515942,518205,518256,51,2263
515942,518145,518257,112,2203
518214,518244,518257,13,30
518214,518245,518257,12,31
515942,518206,518258,52,2264
518214,518244,518258,14,30
515942,518189,518259,70,2247
515942,518210,518261,51,2268
515942,518191,518263,72,2249
515942,518209,518264,55,2267
516047,518232,518268,36,2185
515942,518213,518268,55,2271
515942,518211,518271,60,2269
515942,518216,518271,55,2274
516047,518236,518272,36,2189
515942,518203,518274,71,2261
515942,518196,518273,77,2254
518265,518265,518275,10,0
515942,518215,518275,60,2273
515942,518217,518276,59,2275
518265,518265,518276,11,0
518265,518265,518276,11,0
518265,518265,518276,11,0
518265,518265,518275,10,0
518265,518265,518276,11,0
515942,518230,518275,45,2288
516047,518235,518277,42,2188
518265,518265,518277,12,0
518265,518265,518277,12,0
518265,518265,518277,12,0
518265,518265,518277,12,0
518265,518265,518277,12,0
518265,518265,518277,12,0
518265,518265,518277,12,0
518265,518265,518277,12,0
515942,518205,518278,73,2263
516047,518234,518277,43,2187
518265,518265,518278,13,0
518265,518265,518278,13,0
518265,518265,518278,13,0
518265,518265,518278,13,0
518265,518265,518277,12,0
518265,518265,518278,13,0
518265,518265,518278,13,0
518265,518265,518278,13,0
515942,518200,518278,78,2258
518265,518265,518279,14,0
518265,518265,518279,14,0
518265,518265,518279,14,0
518265,518265,518279,14,0
518265,518265,518279,14,0
515942,518200,518279,79,2258
515942,518203,518279,76,2261
518265,518265,518280,15,0
518265,518265,518280,15,0
518265,518265,518280,15,0
518265,518265,518280,15,0
518265,518265,518279,14,0
518265,518265,518280,15,0
518265,518265,518280,15,0
518265,518265,518280,15,0
518265,518265,518280,15,0
515942,518226,518280,54,2284
515942,518220,518280,60,2278
515942,518196,518280,84,2254
515942,518194,518281,87,2252
516047,518237,518281,44,2190
518265,518265,518281,16,0
518265,518265,518281,16,0
518265,518265,518281,16,0
518265,518265,518281,16,0
515942,518222,518281,59,2280
518265,518265,518281,16,0
518265,518265,518281,16,0
515942,518194,518282,88,2252
518265,518265,518282,17,0
518265,518265,518282,17,0
518265,518265,518282,17,0
518265,518265,518282,17,0
518265,518265,518282,17,0
518265,518265,518282,17,0
518265,518265,518282,17,0
518265,518265,518282,17,0
516047,518238,518282,44,2191
518265,518275,518283,8,10
518265,518276,518283,7,11
518265,518276,518283,7,11
515942,518220,518283,63,2278
518265,518265,518284,19,0
518265,518265,518283,18,0
518265,518265,518283,18,0
518265,518265,518283,18,0
518265,518265,518283,18,0
515942,518232,518283,51,2290
515942,518229,518284,55,2287
518265,518276,518284,8,11
518265,518276,518284,8,11
518265,518277,518285,8,12
518265,518265,518284,19,0
518265,518277,518284,7,12
518265,518277,518284,7,12
518265,518277,518284,7,12
518265,518265,518285,20,0
518265,518276,518284,8,11
518265,518277,518284,7,12
518265,518277,518284,7,12
518265,518277,518284,7,12
515942,518231,518285,54,2289
515942,518226,518285,59,2284
518265,518265,518285,20,0
515942,518227,518285,58,2285
518265,518265,518285,20,0
518265,518277,518285,8,12
518265,518279,518286,7,14
515942,518218,518285,67,2276
516047,518238,518286,48,2191
518265,518278,518286,8,13
518265,518265,518286,21,0
515942,518195,518286,91,2253
518265,518265,518286,21,0
518265,518279,518286,7,14
518265,518265,518287,22,0
518265,518278,518287,9,13
518265,518265,518288,23,0
518265,518278,518287,9,13
518265,518278,518288,10,13
518265,518278,518288,10,13
518265,518279,518287,8,14
518265,518279,518288,9,14
518265,518265,518288,23,0
518265,518265,518289,24,0
515942,518228,518289,61,2286
518265,518265,518289,24,0
518265,518265,518289,24,0
518265,518265,518289,24,0
518265,518265,518289,24,0
518265,518279,518289,10,14
518265,518280,518290,10,15
518265,518282,518290,8,17
518265,518282,518290,8,17
518265,518265,518290,25,0
515942,518223,518290,67,2281
515942,518227,518291,64,2285
518265,518265,518291,26,0
518265,518281,518291,10,16
518265,518281,518291,10,16
518265,518281,518291,10,16
518265,518281,518291,10,16
518265,518279,518292,13,14
518265,518283,518292,9,18
516047,518242,518291,49,2195
518265,518281,518291,10,16
518265,518282,518292,10,17
518265,518281,518292,11,16
515942,518225,518292,67,2283
518265,518284,518293,9,19
518265,518284,518293,9,19
518265,518282,518292,10,17
518265,518282,518293,11,17
518265,518283,518293,10,18
515942,518230,518293,63,2288
518265,518280,518293,13,15
518265,518281,518292,11,16
518265,518282,518293,11,17
516047,518238,518293,55,2191
518265,518265,518293,28,0
518265,518284,518293,9,19
518265,518281,518294,13,16
515942,518219,518294,75,2277
518265,518283,518294,11,18
516047,518240,518294,54,2193
518265,518283,518295,12,18
518265,518283,518295,12,18
518265,518283,518294,11,18
518265,518286,518295,9,21
518265,518283,518294,11,18
515942,518225,518295,70,2283
515942,518223,518295,72,2281
515942,518230,518295,65,2288
518265,518283,518294,11,18
518265,518285,518296,11,20
518265,518287,518296,9,22
518265,518284,518295,11,19
515942,518220,518295,75,2278
518265,518285,518296,11,20
518265,518287,518297,10,22
518265,518285,518297,12,20
518265,518288,518298,10,23
518265,518288,518298,10,23
518265,518285,518297,12,20
518265,518285,518297,12,20
518265,518286,518298,12,21
518265,518286,518298,12,21
518265,518284,518297,13,19
518265,518284,518297,13,19
518265,518287,518298,11,22
518265,518285,518298,13,20
518265,518285,518298,13,20
518265,518286,518298,12,21
516047,518239,518299,60,2192
518265,518287,518298,11,22
516047,518239,518300,61,2192
518265,518291,518300,9,26
518265,518288,518300,12,23
518265,518284,518300,16,19
515942,518218,518300,82,2276
518265,518291,518301,10,26
518265,518285,518301,16,20
518265,518292,518300,8,27
518265,518294,518300,6,29
518265,518285,518300,15,20
518265,518293,518301,8,28
518265,518293,518301,8,28
518265,518288,518300,12,23
518265,518293,518301,8,28
518265,518285,518301,16,20
515942,518218,518302,84,2276
518265,518288,518301,13,23
518265,518285,518301,16,20
518265,518285,518302,17,20
518265,518291,518302,11,26
518265,518293,518301,8,28
518265,518295,518302,7,30
518265,518292,518302,10,27
518265,518284,518302,18,19
518265,518293,518302,9,28
518265,518278,518302,24,13
515942,518226,518302,76,2284
518265,518296,518302,6,31
518265,518296,518302,6,31
518265,518292,518303,11,27
518265,518292,518303,11,27
518265,518292,518303,11,27
518265,518294,518302,8,29
518265,518293,518303,10,28
518265,518292,518302,10,27
518265,518294,518302,8,29
518265,518288,518303,15,23
518265,518294,518303,9,29
516047,518284,518304,20,2237
516047,518284,518304,20,2237
518265,518292,518303,11,27
518265,518296,518304,8,31
518265,518293,518304,11,28
518265,518293,518304,11,28
518265,518292,518304,12,27
518265,518291,518303,12,26
518265,518295,518304,9,30
516047,518243,518304,61,2196
518265,518295,518305,10,30
518265,518295,518305,10,30
518265,518295,518304,9,30
518265,518292,518305,13,27
518265,518295,518305,10,30
518265,518292,518304,12,27
516047,518284,518305,21,2237
518265,518290,518307,17,25
518265,518290,518307,17,25
516047,518285,518308,23,2238
516047,518282,518308,26,2235
516047,518239,518308,69,2192
518265,518290,518309,19,25
516047,518281,518309,28,2234
516047,518282,518310,28,2235
518265,518289,518310,21,24
518265,518289,518310,21,24
518265,518290,518311,21,25
518265,518289,518311,22,24
518265,518288,518311,23,23
516047,518281,518312,31,2234
518265,518290,518312,22,25
516047,518283,518313,30,2236
516047,518286,518316,30,2239
516047,518285,518316,31,2238
516047,518281,518318,37,2234
516047,518243,518318,75,2196
516047,518281,518321,40,2234
516047,518286,518321,35,2239
516047,518291,518321,30,2244
516047,518293,518324,31,2246
516047,518291,518324,33,2244
516047,518243,518324,81,2196
516047,518272,518326,54,2225
516047,518273,518325,52,2226
516047,518281,518326,45,2234
516047,518243,518327,84,2196
518320,518320,518327,7,0
518320,518320,518327,7,0
518320,518320,518328,8,0
518320,518320,518328,8,0
518320,518320,518328,8,0
516047,518245,518328,83,2198
518320,518320,518329,9,0
518320,518320,518329,9,0
518320,518320,518329,9,0
518320,518320,518328,8,0
518320,518320,518329,9,0
518320,518320,518329,9,0
516047,518245,518329,84,2198
518320,518320,518329,9,0
518320,518320,518329,9,0
518320,518320,518330,10,0
518320,518320,518330,10,0
518320,518320,518329,9,0
518320,518320,518330,10,0
518320,518320,518330,10,0
518320,518320,518330,10,0
516047,518289,518330,41,2242
516047,518293,518330,37,2246
518320,518320,518331,11,0
518320,518320,518330,10,0
518320,518320,518331,11,0
518320,518320,518331,11,0
518320,518320,518330,10,0
518320,518320,518331,11,0
518320,518320,518331,11,0
518320,518320,518331,11,0
518320,518320,518331,11,0
518320,518320,518331,11,0
518320,518320,518331,11,0
516047,518292,518331,39,2245
516047,518244,518330,86,2197
516047,518294,518331,37,2247
518320,518320,518332,12,0
518320,518320,518332,12,0
518320,518320,518331,11,0
518320,518320,518332,12,0
518320,518320,518332,12,0
518320,518320,518331,11,0
518320,518320,518331,11,0
518320,518320,518331,11,0
518320,518320,518332,12,0
518320,518320,518332,12,0
516047,518245,518332,87,2198
516047,518286,518332,46,2239
518320,518320,518332,12,0
518320,518320,518333,13,0
518320,518320,518333,13,0
518320,518320,518333,13,0
518320,518320,518333,13,0
518320,518320,518333,13,0
518320,518320,518333,13,0
518320,518320,518333,13,0
518320,518320,518332,12,0
516047,518245,518333,88,2198
516047,518274,518333,59,2227
518320,518320,518333,13,0
518320,518320,518334,14,0
518320,518320,518334,14,0
518320,518320,518334,14,0
518320,518320,518334,14,0
518320,518320,518333,13,0
518320,518320,518334,14,0
516047,518244,518333,89,2197
516047,518274,518334,60,2227
518320,518320,518334,14,0
518320,518320,518335,15,0
518320,518320,518335,15,0
518320,518320,518335,15,0
518320,518320,518335,15,0
518320,518328,518336,8,8
518320,518320,518336,16,0
518320,518328,518335,7,8
518320,518320,518337,17,0
518320,518328,518337,9,8
516047,518280,518337,57,2233
516047,518248,518337,89,2201
516047,518287,518338,51,2240
518320,518328,518338,10,8
518320,518320,518338,18,0
518320,518332,518338,6,12
518320,518332,518338,6,12
518320,518332,518338,6,12
518320,518332,518338,6,12
516047,518245,518339,94,2198
518320,518328,518339,11,8
518320,518320,518339,19,0
518320,518330,518339,9,10
518320,518320,518339,19,0
516047,518295,518339,44,2248
516047,518246,518339,93,2199
518320,518320,518340,20,0
518320,518331,518340,9,11
518320,518334,518340,6,14
518320,518331,518340,9,11
518320,518330,518340,10,10
518320,518333,518340,7,13
518320,518320,518340,20,0
518320,518332,518340,8,12
518320,518332,518340,8,12
518320,518331,518341,10,11
518320,518331,518341,10,11
518320,518334,518341,7,14
518320,518320,518342,22,0
518320,518330,518341,11,10
518320,518331,518341,10,11
518320,518332,518341,9,12
518320,518330,518341,11,10
518320,518331,518341,10,11
518320,518331,518341,10,11
518320,518320,518341,21,0
518320,518332,518342,10,12
516047,518268,518342,74,2221
518320,518334,518342,8,14
518320,518334,518342,8,14
518320,518334,518342,8,14
518320,518320,518342,22,0
518320,518331,518342,11,11
518320,518332,518342,10,12
518320,518333,518342,9,13
518320,518330,518342,12,10
518320,518330,518342,12,10
518320,518331,518343,12,11
518320,518329,518343,14,9
518320,518333,518342,9,13
518320,518333,518343,10,13
518320,518320,518342,22,0
518320,518331,518342,11,11
518320,518332,518342,10,12
518320,518334,518342,8,14
516047,518250,518343,93,2203
518320,518330,518343,13,10
518320,518333,518343,10,13
518320,518336,518343,7,16
518320,518333,518343,10,13
518320,518333,518343,10,13
518320,518334,518343,9,14
518320,518335,518343,8,15
518320,518333,518343,10,13
516047,518251,518343,92,2204
518320,518330,518343,13,10
518320,518331,518343,12,11
518320,518336,518343,7,16
516047,518295,518344,49,2248
518320,518329,518345,16,9
518320,518336,518344,8,16
518320,518336,518344,8,16
518320,518335,518344,9,15
518320,518335,518345,10,15
518320,518336,518345,9,16
518320,518338,518346,8,18
518320,518337,518345,8,17
518320,518338,518345,7,18
518320,518335,518345,10,15
516047,518300,518346,46,2253
518320,518338,518347,9,18
518320,518338,518346,8,18
518320,518338,518347,9,18
516047,518262,518347,85,2215
518320,518338,518347,9,18
516047,518272,518347,75,2225
518320,518339,518348,9,19
518320,518342,518348,6,22
518320,518342,518349,7,22
516047,518263,518349,86,2216
518320,518341,518348,7,21
516047,518303,518349,46,2256
516047,518295,518349,54,2248
516047,518275,518349,74,2228
518320,518341,518349,8,21
518320,518340,518350,10,20
518320,518341,518350,9,21
518320,518342,518349,7,22
518320,518329,518350,21,9
518320,518341,518349,8,21
518320,518341,518349,8,21
518320,518338,518350,12,18
518320,518340,518350,10,20
518320,518341,518350,9,21
518320,518341,518350,9,21
518320,518329,518350,21,9
518320,518342,518350,8,22
518320,518344,518351,7,24
518320,518342,518351,9,22
518320,518341,518350,9,21
518320,518342,518350,8,22
518320,518342,518350,8,22
518320,518329,518351,22,9
516047,518294,518351,57,2247
518320,518344,518351,7,24
518320,518344,518352,8,24
518320,518340,518352,12,20
518320,518342,518351,9,22
518320,518342,518351,9,22
518320,518329,518352,23,9
518320,518342,518352,10,22
516047,518294,518352,58,2247
518320,518344,518353,9,24
518320,518342,518353,11,22
516047,518301,518352,51,2254
516047,518304,518353,49,2257
516047,518251,518353,102,2204
518320,518340,518353,13,20
518320,518344,518353,9,24
518320,518345,518354,9,25
518320,518344,518354,10,24
518320,518344,518353,9,24
518320,518344,518353,9,24
518320,518344,518353,9,24
518320,518344,518354,10,24
518320,518343,518354,11,23
516047,518258,518354,96,2211
516047,518249,518354,105,2202
516047,518276,518354,78,2229
516047,518253,518354,101,2206
516047,518296,518355,59,2249
518320,518344,518354,10,24
518320,518343,518355,12,23
518320,518343,518355,12,23
518320,518345,518355,10,25
518320,518343,518356,13,23
518320,518342,518356,14,22
518320,518343,518355,12,23
516047,518279,518356,77,2232
516047,518280,518357,77,2233
516047,518299,518356,57,2252
516047,518253,518357,104,2206
518320,518343,518357,14,23
518320,518343,518357,14,23
518320,518343,518358,15,23
518320,518343,518357,14,23
518320,518343,518358,15,23
518320,518343,518357,14,23
516047,518302,518358,56,2255
518320,518343,518358,15,23
516047,518276,518358,82,2229
516047,518259,518360,101,2212
516047,518257,518361,104,2210
516047,518269,518361,92,2222
516047,518256,518361,105,2209
518320,518343,518362,19,23
518320,518343,518361,18,23
518320,518343,518362,19,23
518320,518343,518362,19,23
516047,518265,518363,98,2218
516047,518305,518364,59,2258
518320,518343,518364,21,23
518320,518345,518363,18,25
516047,518306,518364,58,2259
516047,518304,518365,61,2257
516047,518308,518365,57,2261
516047,518256,518365,109,2209
516047,518316,518366,50,2269
516047,518257,518366,109,2210
516047,518322,518370,48,2275
516047,518278,518371,93,2231
516055,518346,518373,27,2291
516047,518325,518373,48,2278
516047,518277,518374,97,2230
516047,518322,518374,52,2275
516047,518318,518375,57,2271
516047,518278,518375,97,2231
516047,518327,518375,48,2280
516047,518316,518377,61,2269
516047,518322,518377,55,2275
518370,518370,518377,7,0
518370,518370,518377,7,0
518370,518370,518378,8,0
518370,518370,518378,8,0
518370,518370,518378,8,0
518370,518370,518378,8,0
518370,518370,518378,8,0
518370,518370,518378,8,0
518370,518370,518378,8,0
518370,518370,518379,9,0
518370,518370,518378,8,0
518370,518370,518379,9,0
518370,518370,518379,9,0
518370,518370,518379,9,0
518370,518370,518379,9,0
518370,518370,518379,9,0
518370,518370,518379,9,0
516047,518326,518379,53,2279
518370,518370,518380,10,0
518370,518370,518380,10,0
518370,518370,518380,10,0
518370,518370,518380,10,0
518370,518370,518380,10,0
518370,518370,518380,10,0
518370,518370,518381,11,0
518370,518370,518380,10,0
518370,518370,518381,11,0
518370,518370,518381,11,0
518370,518370,518381,11,0
518370,518370,518382,12,0
518370,518370,518381,11,0
518370,518370,518381,11,0
518370,518370,518381,11,0
518370,518370,518381,11,0
518370,518370,518381,11,0
518370,518370,518382,12,0
518370,518370,518382,12,0
518370,518370,518382,12,0
516047,518329,518381,52,2282
516047,518314,518382,68,2267
516055,518348,518382,34,2293
516047,518309,518382,73,2262
518370,518370,518383,13,0
518370,518370,518383,13,0
518370,518370,518383,13,0
518370,518370,518382,12,0
518370,518370,518382,12,0
518370,518370,518382,12,0
518370,518370,518382,12,0
518370,518370,518382,12,0
518370,518370,518382,12,0
516047,518326,518382,56,2279
518370,518370,518383,13,0
518370,518370,518383,13,0
518370,518370,518383,13,0
518370,518370,518383,13,0
518370,518370,518383,13,0
516047,518324,518383,59,2277
518370,518370,518383,13,0
518370,518370,518383,13,0
518370,518370,518384,14,0
518370,518370,518383,13,0
518370,518370,518383,13,0
516047,518319,518384,65,2272
516055,518348,518383,35,2293
518370,518370,518384,14,0
518370,518370,518384,14,0
518370,518370,518384,14,0
518370,518378,518384,6,8
518370,518379,518385,6,9
518370,518379,518385,6,9
518370,518370,518385,15,0
518370,518370,518385,15,0
518370,518370,518385,15,0
518370,518379,518385,6,9
518370,518377,518385,8,7
518370,518379,518385,6,9
516047,518324,518386,62,2277
518370,518370,518386,16,0
518370,518370,518385,15,0
518370,518379,518386,7,9
518370,518370,518385,15,0
518370,518370,518386,16,0
518370,518379,518386,7,9
518370,518380,518386,6,10
518370,518380,518386,6,10
518370,518370,518387,17,0
518370,518380,518386,6,10
518370,518380,518387,7,10
518370,518380,518387,7,10
516047,518342,518387,45,2295
516047,518331,518388,57,2284
518370,518379,518387,8,9
518370,518380,518387,7,10
518370,518370,518387,17,0
518370,518380,518387,7,10
516055,518350,518388,38,2295
516047,518340,518389,49,2293
518370,518370,518388,18,0
518370,518380,518389,9,10
516047,518340,518390,50,2293
518370,518382,518390,8,12
518370,518370,518389,19,0
516047,518331,518390,59,2284
516047,518333,518390,57,2286
516047,518309,518389,80,2262
516055,518349,518390,41,2294
516047,518339,518391,52,2292
518370,518381,518391,10,11
518370,518383,518390,7,13
518370,518381,518391,10,11
518370,518382,518391,9,12
518370,518382,518390,8,12
516047,518338,518390,52,2291
516047,518332,518391,59,2285
518370,518370,518391,21,0
518370,518387,518392,5,17
518370,518387,518392,5,17
518370,518387,518392,5,17
518370,518383,518391,8,13
518370,518383,518392,9,13
518370,518383,518392,9,13
518370,518383,518392,9,13
516047,518312,518392,80,2265
518370,518370,518392,22,0
518370,518383,518392,9,13
518370,518383,518393,10,13
518370,518387,518392,5,17
518370,518381,518393,12,11
518370,518386,518393,7,16
516055,518350,518393,43,2295
518370,518381,518393,12,11
518370,518381,518393,12,11
518370,518382,518393,11,12
518370,518383,518393,10,13
516047,518331,518394,63,2284
518370,518383,518393,10,13
518370,518387,518393,6,17
518370,518384,518394,10,14
518370,518386,518394,8,16
518370,518387,518394,7,17
518370,518388,518394,6,18
518370,518384,518394,10,14
518370,518386,518394,8,16
518370,518386,518394,8,16
518370,518385,518393,8,15
518370,518385,518394,9,15
518370,518385,518393,8,15
518370,518386,518394,8,16
518370,518386,518394,8,16
516047,518328,518395,67,2281
518370,518387,518394,7,17
518370,518387,518395,8,17
518370,518385,518395,10,15
518370,518385,518395,10,15
518370,518386,518394,8,16
518370,518388,518395,7,18
516047,518344,518395,51,2297
518370,518388,518395,7,18
518370,518381,518395,14,11
518370,518382,518395,13,12
518370,518384,518395,11,14
516047,518345,518396,51,2298
516047,518335,518395,60,2288
518370,518386,518396,10,16
518370,518386,518396,10,16
518370,518386,518396,10,16
518370,518381,518395,14,11
518370,518388,518396,8,18
516047,518338,518396,58,2291
518370,518385,518396,11,15
516055,518349,518397,48,2294
518370,518382,518397,15,12
516047,518344,518397,53,2297
516047,518333,518398,65,2286
518370,518382,518398,16,12
518370,518384,518398,14,14
516047,518333,518398,65,2286
518370,518382,518398,16,12
518370,518384,518399,15,14
518370,518382,518399,17,12
518370,518381,518399,18,11
518370,518384,518399,15,14
516047,518310,518399,89,2263
516047,518335,518400,65,2288
518370,518384,518399,15,14
518370,518384,518400,16,14
518370,518391,518400,9,21
518370,518382,518400,18,12
518370,518390,518400,10,20
516047,518338,518401,63,2291
518370,518382,518401,19,12
518370,518391,518401,10,21
518370,518391,518401,10,21
518370,518392,518401,9,22
518370,518392,518400,8,22
518370,518391,518401,10,21
518370,518389,518401,12,19
518370,518394,518401,7,24
518370,518382,518401,19,12
516055,518352,518402,50,2297
516055,518354,518401,47,2299
518370,518395,518402,7,25
516055,518353,518402,49,2298
518370,518395,518402,7,25
518370,518391,518402,11,21
518370,518393,518402,9,23
518370,518384,518402,18,14
518370,518394,518402,8,24
518370,518389,518402,13,19
518370,518394,518402,8,24
518370,518394,518402,8,24
516047,518310,518402,92,2263
518370,518393,518403,10,23
518370,518395,518403,8,25
518370,518392,518403,11,22
518370,518393,518403,10,23
518370,518393,518403,10,23
518370,518394,518403,9,24
518370,518384,518403,19,14
518370,518392,518403,11,22
518370,518393,518403,10,23
518370,518390,518403,13,20
518370,518393,518403,10,23
518370,518393,518404,11,23
518370,518394,518403,9,24
516047,518331,518404,73,2284
518370,518394,518404,10,24
518370,518394,518404,10,24
518370,518392,518404,12,22
518370,518394,518405,11,24
518370,518393,518405,12,23
518370,518394,518405,11,24
518370,518394,518405,11,24
518370,518394,518405,11,24
518370,518392,518405,13,22
518370,518393,518405,12,23
518370,518392,518405,13,22
518370,518393,518405,12,23
518370,518394,518406,12,24
518370,518392,518405,13,22
516055,518353,518406,53,2298
516055,518353,518406,53,2298
516055,518355,518408,53,2300
518370,518394,518408,14,24
516047,518334,518410,76,2287
516055,518355,518411,56,2300
516055,518355,518411,56,2300
516047,518328,518412,84,2281
516055,518390,518413,23,2335
516055,518390,518413,23,2335
516055,518392,518414,22,2337
516055,518388,518414,26,2333
516055,518391,518415,24,2336
516055,518354,518417,63,2299
516055,518392,518418,26,2337
516055,518393,518418,25,2338
516055,518391,518419,28,2336
516055,518390,518419,29,2335
516055,518377,518419,42,2322
518414,518414,518420,6,0
518414,518415,518420,5,1
516055,518386,518421,35,2331
518414,518414,518421,7,0
518414,518415,518421,6,1
518414,518414,518421,7,0
516055,518389,518422,33,2334
518414,518415,518422,7,1
518414,518415,518422,7,1
518414,518415,518423,8,1
518414,518414,518422,8,0
518414,518414,518423,9,0
518414,518415,518422,7,1
518414,518414,518423,9,0
518414,518415,518423,8,1
518414,518415,518423,8,1
518414,518414,518424,10,0
518414,518415,518423,8,1
518414,518415,518423,8,1
518414,518415,518423,8,1
516055,518389,518424,35,2334
518414,518414,518424,10,0
518414,518415,518424,9,1
518414,518415,518424,9,1
518414,518415,518424,9,1
518414,518414,518425,11,0
518414,518415,518424,9,1
518414,518414,518425,11,0
518414,518415,518425,10,1
518414,518415,518426,11,1
518414,518415,518425,10,1
518414,518414,518426,12,0
518414,518415,518425,10,1
518414,518415,518425,10,1
518414,518415,518425,10,1
518414,518421,518425,4,7
518414,518414,518425,11,0
518414,518415,518426,11,1
518414,518415,518425,10,1
518414,518421,518426,5,7
516055,518388,518426,38,2333
518414,518414,518426,12,0
518414,518415,518426,11,1
518414,518415,518426,11,1
518414,518415,518427,12,1
518414,518415,518427,12,1
518414,518415,518427,12,1
518414,518415,518427,12,1
518414,518415,518426,11,1
518414,518415,518427,12,1
518414,518414,518427,13,0
518414,518414,518426,12,0
518414,518422,518427,5,8
518414,518415,518427,12,1
518414,518415,518428,13,1
518414,518415,518428,13,1
518414,518414,518428,14,0
518414,518415,518428,13,1
516055,518398,518428,30,2343
518414,518422,518429,7,8
518414,518415,518428,13,1
518414,518415,518428,13,1
518414,518415,518428,13,1
518414,518414,518429,15,0
518414,518422,518429,7,8
518414,518415,518429,14,1
518414,518415,518429,14,1
518414,518414,518429,15,0
518414,518414,518430,16,0
518414,518415,518430,15,1
516055,518397,518430,33,2342
518414,518415,518430,15,1
518414,518415,518431,16,1
518414,518423,518430,7,9
518414,518415,518431,16,1
518414,518415,518430,15,1
518414,518415,518430,15,1
516055,518394,518431,37,2339
516055,518384,518431,47,2329
518414,518414,518432,18,0
518414,518423,518432,9,9
516055,518357,518432,75,2302
516055,518390,518432,42,2335
518414,518415,518433,18,1
518414,518423,518432,9,9
518414,518427,518433,6,13
518414,518414,518432,18,0
516055,518380,518432,52,2325
518414,518415,518432,17,1
518414,518427,518433,6,13
516055,518398,518433,35,2343
516055,518396,518433,37,2341
518414,518424,518434,10,10
518414,518428,518434,6,14
518414,518414,518434,20,0
518414,518428,518434,6,14
518414,518424,518434,10,10
518414,518425,518434,9,11
518414,518425,518434,9,11
518414,518428,518434,6,14
516055,518377,518434,57,2322
518414,518423,518435,12,9
518414,518424,518434,10,10
518414,518425,518435,10,11
518414,518429,518435,6,15
518414,518428,518435,7,14
518414,518415,518435,20,1
518414,518423,518435,12,9
518414,518428,518434,6,14
518414,518415,518435,20,1
518414,518427,518435,8,13
518414,518427,518435,8,13
518414,518424,518434,10,10
518414,518426,518435,9,12
518414,518426,518435,9,12
516055,518395,518435,40,2340
516055,518390,518436,46,2335
518414,518426,518435,9,12
518414,518427,518435,8,13
518414,518423,518436,13,9
518414,518424,518436,12,10
518414,518424,518435,11,10
518414,518428,518435,7,14
518414,518426,518436,10,12
516055,518382,518436,54,2327
516055,518397,518437,40,2342
516055,518400,518437,37,2345
516055,518357,518436,79,2302
518414,518426,518436,10,12
516055,518355,518437,82,2300
518414,518429,518436,7,15
518414,518424,518436,12,10
518414,518429,518437,8,15
518414,518427,518437,10,13
516055,518382,518437,55,2327
518414,518426,518437,11,12
518414,518427,518437,10,13
516055,518357,518437,80,2302
518414,518426,518438,12,12
518414,518425,518438,13,11
518414,518425,518438,13,11
518414,518426,518438,12,12
518414,518429,518438,9,15
516055,518382,518438,56,2327
516055,518399,518439,40,2344
518414,518427,518439,12,13
518414,518426,518438,12,12
518414,518426,518439,13,12
518414,518425,518439,14,11
518414,518429,518439,10,15
516055,518359,518439,80,2304
518414,518427,518439,12,13
518414,518427,518440,13,13
518414,518427,518440,13,13
518414,518426,518441,15,12
518414,518431,518441,10,17
518414,518433,518441,8,19
518414,518434,518441,7,20
518414,518426,518441,15,12
518414,518426,518441,15,12
518414,518434,518442,8,20
518414,518433,518442,9,19
518414,518434,518442,8,20
518414,518434,518442,8,20
518414,518434,518442,8,20
518414,518434,518442,8,20
516055,518359,518442,83,2304
518414,518430,518443,13,16
518414,518434,518443,9,20
518414,518435,518443,8,21
518414,518435,518443,8,21
518414,518435,518443,8,21
518414,518435,518443,8,21
518414,518430,518443,13,16
518414,518433,518444,11,19
518414,518431,518444,13,17
518414,518435,518444,9,21
518414,518434,518444,10,20
518414,518435,518444,9,21
518414,518437,518444,7,23
518414,518429,518443,14,15
518414,518438,518444,6,24
518414,518433,518444,11,19
518414,518436,518444,8,22
518414,518437,518444,7,23
518414,518439,518444,5,25
518414,518430,518444,14,16
518414,518439,518444,5,25
518414,518431,518445,14,17
518414,518432,518445,13,18
518414,518435,518445,10,21
518414,518431,518445,14,17
518414,518431,518446,15,17
518414,518437,518445,8,23
516055,518360,518445,85,2305
518414,518433,518445,12,19
518414,518437,518445,8,23
518414,518439,518445,6,25
518414,518438,518445,7,24
518414,518430,518446,16,16
518414,518439,518446,7,25
516055,518402,518446,44,2347
518414,518438,518446,8,24
518414,518438,518446,8,24
518414,518439,518446,7,25
518414,518431,518446,15,17
516055,518395,518446,51,2340
518414,518435,518447,12,21
518414,518435,518446,11,21
518414,518438,518446,8,24
518414,518435,518448,13,21
518414,518435,518447,12,21
518414,518440,518448,8,26
518414,518430,518448,18,16
518414,518432,518448,16,18
518414,518436,518448,12,22
518414,518435,518448,13,21
518414,518435,518448,13,21
518414,518440,518448,8,26
518414,518435,518449,14,21
516055,518357,518449,92,2302
516055,518396,518449,53,2341
518414,518436,518449,13,22
518414,518440,518449,9,26
518414,518436,518449,13,22
516055,518375,518450,75,2320
518414,518440,518449,9,26
516055,518401,518450,49,2346
518414,518440,518450,10,26
516055,518400,518450,50,2345
516055,518402,518451,49,2347
516055,518364,518451,87,2309
518414,518441,518451,10,27
516055,518402,518451,49,2347
518414,518433,518451,18,19
516055,518407,518451,44,2352
518414,518436,518452,16,22
516055,518361,518452,91,2306
518414,518436,518452,16,22
518414,518436,518453,17,22
516055,518376,518453,77,2321
516055,518362,518454,92,2307
516055,518384,518454,70,2329
516055,518364,518455,91,2309
516055,518375,518456,81,2320
516055,518408,518457,49,2353
516055,518407,518458,51,2352
516055,518404,518458,54,2349
516055,518403,518460,57,2348
516055,518412,518461,49,2357
516055,518366,518461,95,2311
516055,518383,518462,79,2328
516055,518375,518463,88,2320
516055,518411,518465,54,2356
516055,518365,518465,100,2310
516055,518372,518465,93,2317
516055,518419,518466,47,2364
518460,518460,518466,6,0
516055,518411,518466,55,2356
516055,518414,518466,52,2359
516055,518367,518467,100,2312
518460,518460,518467,7,0
518460,518460,518467,7,0
518460,518460,518468,8,0
518460,518460,518468,8,0
518460,518460,518468,8,0
516055,518374,518468,94,2319
516055,518418,518468,50,2363
518460,518460,518469,9,0
518460,518460,518468,8,0
518460,518460,518468,8,0
518460,518460,518468,8,0
518460,518460,518469,9,0
518460,518460,518468,8,0
516055,518361,518469,108,2306
518460,518460,518470,10,0
518460,518460,518470,10,0
518460,518460,518470,10,0
518460,518460,518470,10,0
518460,518460,518469,9,0
518460,518460,518469,9,0
518460,518460,518469,9,0
518460,518460,518469,9,0
518460,518460,518469,9,0
518460,518460,518470,10,0
518460,518460,518470,10,0
516055,518419,518470,51,2364
518460,518460,518471,11,0
518460,518460,518471,11,0
518460,518460,518471,11,0
518460,518460,518470,10,0
518460,518460,518471,11,0
518460,518460,518471,11,0
516055,518366,518470,104,2311
518460,518460,518471,11,0
516055,518420,518471,51,2365
518460,518460,518472,12,0
518460,518460,518472,12,0
518460,518460,518472,12,0
518460,518460,518471,11,0
518460,518460,518472,12,0
518460,518460,518471,11,0
518460,518460,518472,12,0
518460,518460,518472,12,0
516055,518366,518472,106,2311
516055,518375,518472,97,2320
516055,518374,518472,98,2319
516055,518432,518472,40,2377
518460,518460,518473,13,0
518460,518460,518473,13,0
518460,518460,518473,13,0
518460,518460,518473,13,0
518460,518460,518473,13,0
518460,518460,518473,13,0
518460,518460,518473,13,0
518460,518460,518473,13,0
518460,518460,518473,13,0
518460,518460,518473,13,0
516055,518412,518473,61,2357
518460,518460,518473,13,0
518460,518460,518474,14,0
518460,518460,518474,14,0
518460,518460,518474,14,0
518460,518460,518475,15,0
518460,518460,518475,15,0
518460,518467,518475,8,7
518460,518468,518475,7,8
518460,518460,518475,15,0
518460,518468,518475,7,8
518460,518468,518475,7,8
518460,518460,518475,15,0
518460,518468,518475,7,8
518460,518460,518475,15,0
518460,518460,518475,15,0
518460,518460,518475,15,0
518460,518460,518476,16,0
518460,518460,518476,16,0
518460,518460,518476,16,0
518460,518460,518476,16,0
518460,518469,518476,7,9
518460,518469,518476,7,9
516055,518366,518476,110,2311
518460,518460,518476,16,0
516055,518421,518477,56,2366
518460,518460,518476,16,0
518460,518470,518477,7,10
518460,518470,518477,7,10
518460,518470,518477,7,10
518460,518469,518477,8,9
518460,518469,518477,8,9
518460,518470,518477,7,10
518460,518460,518476,16,0
516055,518371,518478,107,2316
518460,518460,518477,17,0
518460,518468,518477,9,8
518460,518460,518478,18,0
518460,518472,518478,6,12
518460,518472,518478,6,12
518460,518460,518478,18,0
518460,518469,518478,9,9
516055,518415,518478,63,2360
516055,518424,518478,54,2369
518460,518472,518479,7,12
518460,518471,518479,8,11
518460,518472,518480,8,12
518460,518469,518480,11,9
518460,518471,518479,8,11
518460,518473,518479,6,13
516055,518414,518479,65,2359
516055,518418,518480,62,2363
516055,518426,518480,54,2371
518460,518472,518480,8,12
518460,518473,518480,7,13
518460,518473,518480,7,13
518460,518460,518480,20,0
518460,518473,518480,7,13
518460,518460,518480,20,0
518460,518470,518480,10,10
518460,518471,518480,9,11
518460,518473,518480,7,13
518460,518470,518480,10,10
518460,518470,518480,10,10
518460,518473,518481,8,13
516055,518431,518480,49,2376
516055,518433,518481,48,2378
518460,518474,518481,7,14
516055,518422,518481,59,2367
518460,518470,518481,11,10
518460,518473,518481,8,13
518460,518470,518482,12,10
518460,518471,518481,10,11
518460,518472,518481,9,12
516055,518420,518481,61,2365
518460,518475,518483,8,15
518460,518475,518483,8,15
518460,518470,518482,12,10
518460,518473,518482,9,13
518460,518460,518482,22,0
518460,518470,518482,12,10
518460,518475,518483,8,15
518460,518475,518483,8,15
518460,518475,518483,8,15
518460,518477,518483,6,17
518460,518473,518484,11,13
518460,518474,518484,10,14
518460,518475,518483,8,15
518460,518473,518484,11,13
518460,518474,518483,9,14
516055,518428,518483,55,2373
516055,518414,518484,70,2359
516055,518435,518484,49,2380
518460,518475,518484,9,15
518460,518473,518484,11,13
518460,518473,518484,11,13
518460,518477,518485,8,17
518460,518475,518484,9,15
516055,518432,518484,52,2377
518460,518476,518484,8,16
518460,518477,518484,7,17
516130,518451,518484,33,2321
518460,518477,518485,8,17
518460,518471,518486,15,11
518460,518477,518486,9,17
518460,518479,518485,6,19
518460,518476,518485,9,16
518460,518480,518486,6,20
516055,518434,518485,51,2379
516055,518383,518486,103,2328
518460,518476,518486,10,16
518460,518477,518486,9,17
518460,518479,518486,7,19
518460,518475,518486,11,15
518460,518477,518486,9,17
518460,518477,518486,9,17
518460,518478,518486,8,18
518460,518481,518486,5,21
518460,518481,518487,6,21
518460,518476,518486,10,16
518460,518480,518487,7,20
518460,518479,518486,7,19
516130,518451,518487,36,2321
518460,518480,518487,7,20
518460,518480,518487,7,20
518460,518481,518487,6,21
518460,518481,518487,6,21
518460,518481,518488,7,21
518460,518478,518488,10,18
518460,518478,518488,10,18
518460,518478,518488,10,18
518460,518478,518488,10,18
518460,518481,518487,6,21
518460,518481,518487,6,21
518460,518481,518487,6,21
518460,518479,518488,9,19
518460,518476,518487,11,16
518460,518476,518487,11,16
518460,518480,518488,8,20
518460,518480,518488,8,20
518460,518481,518488,7,21
518460,518478,518489,11,18
516130,518451,518490,39,2321
518460,518471,518490,19,11
518460,518478,518490,12,18
516055,518416,518490,74,2361
516130,518452,518490,38,2322
518460,518471,518490,19,11
518460,518484,518491,7,24
516055,518447,518491,44,2392
518460,518478,518491,13,18
516055,518437,518490,53,2382
516055,518437,518491,54,2382
516055,518384,518491,107,2329
518460,518484,518492,8,24
518460,518485,518491,6,25
518460,518484,518491,7,24
516130,518452,518492,40,2322
518460,518485,518493,8,25
518460,518484,518492,8,24
518460,518484,518493,9,24
518460,518484,518492,8,24
518460,518485,518493,8,25
518460,518482,518494,12,22
518460,518484,518493,9,24
518460,518484,518493,9,24
516130,518453,518494,41,2323
516055,518436,518495,59,2381
516055,518431,518494,63,2376
518460,518483,518494,11,23
518460,518483,518494,11,23
518460,518483,518495,12,23
516055,518439,518495,56,2384
518460,518483,518496,13,23
518460,518482,518496,14,22
518460,518482,518497,15,22
518460,518482,518496,14,22
518460,518482,518497,15,22
518460,518482,518496,14,22
518460,518483,518497,14,23
518460,518483,518498,15,23
516055,518437,518498,61,2382
516055,518435,518498,63,2380
518460,518483,518499,16,23
516055,518446,518499,53,2391
516055,518443,518499,56,2388
516055,518437,518499,62,2382
516055,518449,518499,50,2394
516055,518446,518500,54,2391
516130,518456,518500,44,2326
516055,518450,518501,51,2395
518460,518481,518500,19,21
516130,518454,518500,46,2324
516055,518438,518501,63,2383
518460,518481,518502,21,21
518460,518481,518501,20,21
516055,518450,518502,52,2395
516130,518455,518503,48,2325
516055,518439,518505,66,2384
516055,518433,518505,72,2378
516055,518440,518505,65,2385
516130,518455,518508,53,2325
516055,518438,518509,71,2383
516130,518456,518510,54,2326
516130,518458,518510,52,2328
516055,518437,518511,74,2382
516130,518458,518512,54,2328
516055,518433,518513,80,2378
516130,518459,518514,55,2329
516055,518449,518515,66,2394
518508,518509,518516,7,1
518508,518509,518515,6,1
518508,518509,518515,6,1
518508,518509,518515,6,1
518508,518509,518516,7,1
518508,518509,518516,7,1
518508,518509,518516,7,1
518508,518509,518517,8,1
518508,518509,518516,7,1
518508,518509,518516,7,1
518508,518509,518517,8,1
518508,518509,518516,7,1
518508,518509,518516,7,1
518508,518509,518516,7,1
518508,518509,518517,8,1
516130,518491,518517,26,2361
516130,518486,518517,31,2356
518508,518509,518517,8,1
518508,518509,518517,8,1
518508,518509,518517,8,1
518508,518509,518518,9,1
518508,518509,518517,8,1
518508,518509,518518,9,1
518508,518509,518517,8,1
518508,518509,518517,8,1
516130,518490,518518,28,2360
518508,518509,518518,9,1
518508,518509,518519,10,1
518508,518509,518518,9,1
518508,518509,518519,10,1
518508,518509,518518,9,1
518508,518509,518518,9,1
518508,518509,518518,9,1
518508,518509,518519,10,1
518508,518509,518518,9,1
518508,518509,518518,9,1
518508,518509,518518,9,1
518508,518509,518518,9,1
516130,518487,518519,32,2357
518508,518509,518519,10,1
518508,518509,518520,11,1
518508,518509,518520,11,1
518508,518509,518519,10,1
518508,518509,518520,11,1
518508,518509,518519,10,1
518508,518509,518519,10,1
518508,518509,518519,10,1
518508,518509,518519,10,1
518508,518509,518520,11,1
516130,518495,518520,25,2365
518508,518509,518520,11,1
518508,518509,518520,11,1
518508,518509,518519,10,1
516130,518490,518520,30,2360
516130,518460,518520,60,2330
518508,518509,518521,12,1
518508,518509,518521,12,1
518508,518509,518520,11,1
518508,518509,518520,11,1
518508,518509,518520,11,1
518508,518509,518521,12,1
518508,518509,518521,12,1
518508,518509,518520,11,1
518508,518509,518520,11,1
518508,518509,518520,11,1
516130,518461,518522,61,2331
516130,518495,518521,26,2365
518508,518509,518521,12,1
518508,518509,518522,13,1
518508,518517,518522,5,9
516130,518492,518521,29,2362
518508,518509,518522,13,1
518508,518509,518522,13,1
518508,518517,518522,5,9
518508,518509,518522,13,1
516130,518494,518522,28,2364
516130,518492,518522,30,2362
518508,518509,518523,14,1
518508,518509,518523,14,1
518508,518517,518523,6,9
518508,518517,518523,6,9
518508,518517,518523,6,9
518508,518517,518522,5,9
518508,518517,518523,6,9
518508,518517,518523,6,9
518508,518517,518522,5,9
518508,518516,518523,7,8
518508,518516,518523,7,8
518508,518509,518523,14,1
516130,518491,518522,31,2361
518508,518509,518523,14,1
518508,518518,518523,5,10
518508,518516,518524,8,8
518508,518517,518523,6,9
518508,518518,518524,6,10
516130,518486,518523,37,2356
518508,518509,518524,15,1
518508,518517,518524,7,9
518508,518518,518524,6,10
518508,518509,518525,16,1
518508,518518,518524,6,10
518508,518518,518525,7,10
518508,518516,518525,9,8
518508,518518,518524,6,10
516130,518480,518525,45,2350
516130,518499,518525,26,2369
518508,518509,518526,17,1
518508,518509,518526,17,1
518508,518518,518525,7,10
518508,518520,518526,6,12
516130,518484,518527,43,2354
518508,518520,518526,6,12
516130,518501,518528,27,2371
518508,518509,518527,18,1
518508,518522,518528,6,14
518508,518520,518528,8,12
518508,518520,518528,8,12
518508,518520,518528,8,12
516130,518495,518528,33,2365
518508,518522,518529,7,14
518508,518520,518528,8,12
518508,518520,518529,9,12
518508,518520,518529,9,12
518508,518520,518529,9,12
518508,518521,518529,8,13
516130,518481,518529,48,2351
516130,518499,518529,30,2369
518508,518521,518529,8,13
518508,518521,518529,8,13
518508,518521,518530,9,13
518508,518522,518530,8,14
518508,518523,518530,7,15
518508,518523,518530,7,15
518508,518523,518530,7,15
518508,518523,518530,7,15
518508,518521,518530,9,13
516130,518491,518530,39,2361
518508,518523,518530,7,15
518508,518523,518530,7,15
518508,518521,518530,9,13
518508,518522,518530,8,14
518508,518521,518530,9,13
518508,518521,518530,9,13
516130,518485,518531,46,2355
518508,518519,518530,11,11
518508,518523,518531,8,15
518508,518524,518531,7,16
518508,518520,518530,10,12
518508,518524,518531,7,16
518508,518526,518531,5,18
518508,518521,518531,10,13
518508,518519,518531,12,11
518508,518522,518531,9,14
518508,518522,518531,9,14
518508,518523,518532,9,15
518508,518523,518532,9,15
518508,518527,518532,5,19
518508,518524,518532,8,16
518508,518525,518532,7,17
518508,518527,518532,5,19
518508,518521,518532,11,13
518508,518523,518533,10,15
516130,518482,518533,51,2352
518508,518523,518533,10,15
516130,518502,518533,31,2372
518508,518520,518532,12,12
518508,518524,518533,9,16
518508,518526,518533,7,18
518508,518524,518533,9,16
518508,518519,518533,14,11
516130,518482,518534,52,2352
516130,518500,518534,34,2370
518508,518523,518534,11,15
518508,518520,518534,14,12
518508,518526,518534,8,18
516130,518501,518534,33,2371
518508,518519,518534,15,11
518508,518524,518534,10,16
518508,518519,518534,15,11
518508,518519,518534,15,11
518508,518519,518534,15,11
516130,518501,518535,34,2371
516130,518502,518535,33,2372
518508,518519,518535,16,11
518508,518520,518534,14,12
518508,518528,518535,7,20
518508,518518,518535,17,10
518508,518519,518535,16,11
518508,518519,518535,16,11
518508,518525,518535,10,17
518508,518522,518535,13,14
516130,518462,518536,74,2332
518508,518528,518535,7,20
518508,518530,518536,6,22
518508,518530,518536,6,22
518508,518530,518536,6,22
518508,518531,518537,6,23
518508,518531,518536,5,23
518508,518519,518536,17,11
518508,518530,518537,7,22
518508,518531,518537,6,23
518508,518529,518537,8,21
518508,518530,518537,7,22
518508,518532,518537,5,24
518508,518532,518537,5,24
518508,518528,518538,10,20
516130,518492,518537,45,2362
516130,518500,518538,38,2370
518508,518519,518538,19,11
518508,518530,518538,8,22
518508,518530,518538,8,22
518508,518530,518538,8,22
516130,518484,518538,54,2354
516130,518499,518539,40,2369
518508,518529,518539,10,21
518508,518524,518538,14,16
518508,518529,518538,9,21
518508,518529,518538,9,21
518508,518530,518539,9,22
518508,518531,518539,8,23
518508,518532,518538,6,24
516130,518500,518539,39,2370
516130,518481,518539,58,2351
518508,518531,518539,8,23
518508,518531,518539,8,23
518508,518530,518539,9,22
518508,518531,518540,9,23
518508,518525,518541,16,17
518508,518529,518540,11,21
518508,518531,518540,9,23
518508,518529,518540,11,21
516130,518464,518541,77,2334
518508,518531,518541,10,23
518508,518525,518541,16,17
518508,518531,518541,10,23
518508,518531,518541,10,23
516130,518462,518542,80,2332
518508,518525,518542,17,17
516130,518500,518545,45,2370
516130,518466,518545,79,2336
516130,518480,518546,66,2350
516130,518506,518547,41,2376
516130,518467,518547,80,2337
518508,518524,518547,23,16
516130,518504,518549,45,2374
516130,518506,518553,47,2376
516130,518471,518553,82,2341
516130,518511,518554,43,2381
516130,518505,518555,50,2375
516130,518479,518556,77,2349
516130,518485,518557,72,2355
516130,518471,518558,87,2341
516130,518466,518558,92,2336
518554,518554,518559,5,0
516130,518509,518559,50,2379
518554,518554,518559,5,0
518554,518554,518560,6,0
518554,518554,518559,5,0
518554,518554,518560,6,0
518554,518554,518559,5,0
516130,518469,518560,91,2339
516130,518470,518560,90,2340
518554,518554,518561,7,0
518554,518554,518561,7,0
518554,518554,518560,6,0
518554,518554,518561,7,0
516130,518466,518561,95,2336
516130,518510,518561,51,2380
516130,518514,518561,47,2384
516130,518511,518561,50,2381
518554,518554,518562,8,0
518554,518554,518562,8,0
518554,518554,518562,8,0
518554,518554,518561,7,0
518554,518554,518562,8,0
518554,518554,518562,8,0
518554,518554,518562,8,0
518554,518554,518563,9,0
518554,518554,518563,9,0
518554,518554,518563,9,0
518554,518554,518563,9,0
518554,518554,518563,9,0
518554,518554,518563,9,0
518554,518554,518563,9,0
518554,518554,518563,9,0
518554,518554,518564,10,0
518554,518554,518564,10,0
518554,518554,518563,9,0
518554,518554,518564,10,0
518554,518554,518564,10,0
518554,518554,518563,9,0
518554,518554,518563,9,0
518554,518554,518564,10,0
516130,518522,518564,42,2392
518554,518554,518564,10,0
516130,518467,518565,98,2337
518554,518554,518565,11,0
518554,518554,518565,11,0
518554,518554,518564,10,0
518554,518554,518565,11,0
518554,518554,518564,10,0
518554,518554,518565,11,0
518554,518554,518565,11,0
518554,518554,518565,11,0
518554,518554,518565,11,0
518554,518554,518565,11,0
516130,518467,518565,98,2337
518554,518554,518566,12,0
518554,518554,518566,12,0
518554,518554,518566,12,0
518554,518559,518565,6,5
518554,518554,518566,12,0
518554,518554,518566,12,0
516130,518478,518566,88,2348
516130,518514,518565,51,2384
518554,518554,518566,12,0
518554,518554,518566,12,0
516130,518510,518566,56,2380
518554,518554,518566,12,0
518554,518554,518566,12,0
518554,518554,518566,12,0
518554,518554,518567,13,0
518554,518554,518567,13,0
518554,518560,518567,7,6
518554,518554,518567,13,0
518554,518562,518567,5,8
516130,518522,518566,44,2392
518554,518554,518567,13,0
518554,518554,518567,13,0
518554,518560,518568,8,6
518554,518554,518567,13,0
516130,518522,518567,45,2392
516130,518484,518568,84,2354
518554,518554,518568,14,0
518554,518554,518568,14,0
518554,518554,518567,13,0
518554,518562,518567,5,8
516130,518515,518568,53,2385
518554,518554,518569,15,0
516130,518522,518569,47,2392
518554,518554,518569,15,0
518554,518554,518569,15,0
518554,518562,518569,7,8
518554,518560,518569,9,6
518554,518560,518569,9,6
518554,518562,518569,7,8
516130,518468,518569,101,2338
516130,518474,518570,96,2344
516130,518480,518569,89,2350
518554,518554,518570,16,0
518554,518554,518569,15,0
518554,518554,518570,16,0
518554,518563,518570,7,9
518554,518554,518569,15,0
518554,518562,518570,8,8
518554,518563,518570,7,9
518554,518564,518570,6,10
518554,518564,518570,6,10
518554,518560,518570,10,6
518554,518564,518570,6,10
518554,518554,518571,17,0
518554,518562,518571,9,8
518554,518566,518571,5,12
518554,518566,518572,6,12
518554,518567,518571,4,13
516130,518473,518571,98,2343
516130,518517,518572,55,2387
518554,518565,518573,8,11
518554,518564,518572,8,10
518554,518564,518572,8,10
518554,518564,518572,8,10
518554,518564,518572,8,10
518554,518567,518572,5,13
518554,518567,518572,5,13
518554,518563,518572,9,9
518554,518567,518572,5,13
518554,518565,518572,7,11
518554,518567,518573,6,13
518554,518554,518574,20,0
516130,518479,518573,94,2349
518554,518565,518573,8,11
518554,518567,518573,6,13
518554,518567,518573,6,13
518554,518565,518573,8,11
518554,518565,518574,9,11
518554,518566,518573,7,12
518554,518566,518573,7,12
518554,518563,518573,10,9
518554,518567,518573,6,13
518554,518563,518573,10,9
518554,518563,518573,10,9
518554,518565,518573,8,11
518554,518568,518574,6,14
518554,518566,518573,7,12
518554,518563,518574,11,9
518554,518565,518574,9,11
518554,518567,518574,7,13
518554,518564,518575,11,10
518554,518567,518574,7,13
518554,518563,518575,12,9
518554,518566,518574,8,12
518554,518566,518575,9,12
516130,518477,518575,98,2347
516130,518520,518575,55,2390
516130,518513,518576,63,2383
518554,518561,518576,15,7
518554,518565,518576,11,11
518554,518565,518576,11,11
518554,518564,518575,11,10
518554,518568,518575,7,14
518554,518568,518575,7,14
518554,518563,518576,13,9
518554,518561,518575,14,7
516130,518530,518576,46,2400
516130,518527,518576,49,2397
518554,518571,518577,6,17
518554,518568,518576,8,14
518554,518571,518578,7,17
518554,518571,518577,6,17
518554,518571,518577,6,17
518554,518572,518578,6,18
518554,518572,518577,5,18
516130,518472,518577,105,2342
516130,518473,518577,104,2343
518554,518571,518577,6,17
518554,518572,518578,6,18
516130,518473,518578,105,2343
516130,518518,518578,60,2388
518554,518571,518578,7,17
516130,518477,518579,102,2347
518554,518572,518578,6,18
516130,518521,518579,58,2391
516130,518523,518579,56,2393
518554,518570,518579,9,16
518554,518573,518579,6,19
518554,518572,518579,7,18
518554,518569,518579,10,15
518554,518570,518579,9,16
518554,518573,518580,7,19
518554,518570,518579,9,16
518554,518561,518580,19,7
516130,518523,518580,57,2393
516130,518469,518581,112,2339
518554,518573,518580,7,19
518554,518561,518581,20,7
518554,518573,518581,8,19
518554,518573,518580,7,19
518554,518574,518581,7,20
516130,518528,518581,53,2398
518554,518568,518582,14,14
518554,518568,518581,13,14
518554,518569,518581,12,15
516130,518531,518581,50,2401
518554,518574,518582,8,20
518554,518574,518581,7,20
518554,518574,518581,7,20
516130,518519,518581,62,2389
518554,518573,518582,9,19
518554,518573,518582,9,19
518554,518573,518581,8,19
518554,518574,518582,8,20
516130,518526,518581,55,2396
516130,518526,518582,56,2396
518554,518570,518582,12,16
518554,518574,518583,9,20
518554,518574,518582,8,20
516130,518524,518583,59,2394
518554,518574,518583,9,20
518554,518574,518582,8,20
518554,518571,518582,11,17
518554,518573,518582,9,19
518554,518574,518582,8,20
516130,518473,518583,110,2343
518554,518570,518583,13,16
518554,518568,518584,16,14
518554,518570,518584,14,16
518554,518574,518583,9,20
518554,518574,518583,9,20
518554,518570,518584,14,16
518554,518571,518583,12,17
518554,518574,518583,9,20
518554,518575,518584,9,21
518554,518575,518584,9,21
518554,518575,518584,9,21
518554,518575,518584,9,21
518554,518575,518585,10,21
518554,518575,518584,9,21
518554,518574,518584,10,20
518554,518574,518584,10,20
516130,518530,518585,55,2400
518554,518571,518584,13,17
518554,518571,518584,13,17
518554,518574,518585,11,20
516130,518535,518585,50,2405
518554,518575,518585,10,21
518554,518574,518586,12,20
518554,518575,518586,11,21
518554,518576,518588,12,22
516130,518517,518588,71,2387
516130,518536,518588,52,2406
516130,518531,518589,58,2401
518554,518576,518589,13,22
516130,518521,518588,67,2391
516130,518535,518589,54,2405
516130,518534,518589,55,2404
516130,518533,518589,56,2403
516169,518554,518590,36,2385
516130,518541,518590,49,2411
518554,518576,518591,15,22
516130,518535,518591,56,2405
516130,518545,518591,46,2415
516169,518556,518591,35,2387
516130,518529,518592,63,2399
516130,518540,518594,54,2410
516169,518556,518594,38,2387
516130,518549,518595,46,2419
516169,518558,518595,37,2389
516130,518539,518597,58,2409
516169,518558,518598,40,2389
516130,518545,518599,54,2415
516169,518559,518600,41,2390
516130,518534,518601,67,2404
518597,518597,518603,6,0
518597,518597,518602,5,0
516130,518539,518604,65,2409
516130,518548,518604,56,2418
518597,518597,518604,7,0
518597,518597,518604,7,0
518597,518597,518604,7,0
518597,518597,518604,7,0
518597,518597,518604,7,0
518597,518597,518604,7,0
516130,518538,518604,66,2408
516130,518539,518604,65,2409
516130,518548,518605,57,2418
518597,518597,518605,8,0
518597,518597,518605,8,0
518597,518597,518605,8,0
518597,518597,518605,8,0
518597,518597,518605,8,0
518597,518597,518604,7,0
518597,518597,518605,8,0
518597,518597,518605,8,0
516130,518546,518605,59,2416
516169,518560,518605,45,2391
516169,518560,518605,45,2391
518597,518597,518606,9,0
518597,518597,518606,9,0
518597,518597,518606,9,0
518597,518597,518606,9,0
518597,518597,518606,9,0
518597,518597,518606,9,0
518597,518597,518606,9,0
518597,518597,518606,9,0
518597,518597,518607,10,0
518597,518597,518608,11,0
518597,518597,518607,10,0
518597,518597,518607,10,0
518597,518597,518607,10,0
516130,518538,518607,69,2408
516130,518542,518608,66,2412
516169,518557,518607,50,2388
518597,518597,518608,11,0
518597,518597,518608,11,0
518597,518597,518608,11,0
518597,518597,518608,11,0
518597,518597,518608,11,0
518597,518597,518608,11,0
518597,518597,518608,11,0
518597,518597,518608,11,0
518597,518597,518608,11,0
518597,518597,518609,12,0
518597,518597,518609,12,0
518597,518597,518609,12,0
518597,518597,518609,12,0
518597,518597,518609,12,0
518597,518597,518609,12,0
518597,518597,518609,12,0
518597,518597,518609,12,0
518597,518597,518609,12,0
518597,518597,518609,12,0
518597,518597,518609,12,0
518597,518597,518610,13,0
518597,518597,518610,13,0
518597,518604,518611,7,7
518597,518597,518610,13,0
518597,518597,518610,13,0
518597,518604,518610,6,7
518597,518597,518610,13,0
518597,518597,518610,13,0
516130,518553,518610,57,2423
518597,518597,518610,13,0
518597,518604,518611,7,7
518597,518604,518611,7,7
518597,518597,518611,14,0
518597,518604,518611,7,7
518597,518597,518611,14,0
518597,518603,518611,8,6
518597,518604,518611,7,7
518597,518597,518612,15,0
518597,518597,518612,15,0
516169,518564,518612,48,2395
518597,518603,518612,9,6
518597,518607,518613,6,10
518597,518606,518613,7,9
518597,518607,518612,5,10
518597,518597,518612,15,0
518597,518606,518612,6,9
516169,518562,518613,51,2393
518597,518597,518613,16,0
518597,518605,518613,8,8
518597,518597,518613,16,0
518597,518606,518613,7,9
518597,518597,518614,17,0
518597,518597,518613,16,0
518597,518606,518614,8,9
518597,518606,518613,7,9
518597,518606,518613,7,9
518597,518608,518613,5,11
518597,518607,518613,6,10
518597,518606,518613,7,9
518597,518597,518614,17,0
518597,518597,518613,16,0
516169,518590,518614,24,2421
516169,518562,518614,52,2393
518597,518597,518614,17,0
518597,518597,518615,18,0
518597,518597,518614,17,0
518597,518608,518614,6,11
516130,518533,518614,81,2403
518597,518607,518615,8,10
516169,518588,518614,26,2419
518597,518597,518615,18,0
518597,518597,518616,19,0
518597,518609,518616,7,12
518597,518610,518616,6,13
518597,518611,518616,5,14
518597,518608,518615,7,11
518597,518608,518616,8,11
518597,518608,518616,8,11
516169,518590,518617,27,2421
518597,518609,518617,8,12
518597,518609,518616,7,12
518597,518609,518617,8,12
518597,518611,518617,6,14
516169,518589,518617,28,2420
518597,518607,518617,10,10
518597,518607,518617,10,10
518597,518609,518617,8,12
518597,518611,518618,7,14
518597,518609,518617,8,12
518597,518610,518617,7,13
518597,518611,518617,6,14
518597,518609,518617,8,12
518597,518607,518617,10,10
518597,518611,518618,7,14
516169,518589,518618,29,2420
516169,518562,518618,56,2393
518597,518609,518617,8,12
516169,518589,518618,29,2420
518597,518607,518618,11,10
518597,518610,518618,8,13
518597,518610,518618,8,13
518597,518611,518618,7,14
518597,518612,518618,6,15
518597,518613,518619,6,16
518597,518609,518619,10,12
518597,518610,518619,9,13
518597,518611,518618,7,14
516169,518562,518619,57,2393
518597,518610,518620,10,13
518597,518612,518620,8,15
518597,518613,518620,7,16
518597,518610,518620,10,13
518597,518610,518620,10,13
518597,518610,518619,9,13
516169,518588,518620,32,2419
516169,518592,518620,28,2423
518597,518610,518620,10,13
518597,518615,518621,6,18
518597,518611,518621,10,14
518597,518611,518621,10,14
518597,518613,518620,7,16
518597,518614,518621,7,17
518597,518616,518621,5,19
518597,518614,518621,7,17
518597,518615,518621,6,18
518597,518612,518621,9,15
518597,518614,518621,7,17
518597,518616,518621,5,19
518597,518616,518621,5,19
518597,518610,518621,11,13
518597,518614,518621,7,17
518597,518613,518621,8,16
518597,518615,518621,6,18
516169,518582,518621,39,2413
518597,518614,518622,8,17
518597,518615,518621,6,18
518597,518615,518621,6,18
518597,518614,518622,8,17
518597,518614,518622,8,17
518597,518616,518622,6,19
518597,518613,518622,9,16
518597,518614,518621,7,17
518597,518614,518622,8,17
518597,518612,518622,10,15
518597,518613,518622,9,16
518597,518614,518622,8,17
518597,518616,518622,6,19
518597,518612,518622,10,15
518597,518614,518622,8,17
518597,518616,518622,6,19
518597,518616,518622,6,19
518597,518616,518622,6,19
518597,518614,518623,9,17
518597,518617,518623,6,20
518597,518612,518622,10,15
518597,518617,518622,5,20
518597,518614,518622,8,17
518597,518614,518623,9,17
518597,518612,518623,11,15
518597,518612,518624,12,15
518597,518612,518624,12,15
518597,518617,518624,7,20
518597,518617,518624,7,20
516169,518595,518625,30,2426
516169,518594,518624,30,2425
518597,518618,518626,8,21
518597,518618,518626,8,21
516169,518582,518626,44,2413
516169,518582,518626,44,2413
516169,518586,518626,40,2417
518597,518620,518627,7,23
518597,518620,518627,7,23
516169,518565,518627,62,2396
516169,518561,518627,66,2392
516169,518591,518628,37,2422
518597,518618,518628,10,21
518597,518618,518628,10,21
518597,518619,518628,9,22
518597,518619,518628,9,22
518597,518619,518628,9,22
516169,518600,518628,28,2431
516169,518582,518629,47,2413
516169,518592,518628,36,2423
518597,518619,518629,10,22
518597,518620,518629,9,23
518597,518618,518629,11,21
518597,518620,518629,9,23
518597,518618,518629,11,21
518597,518619,518629,10,22
516169,518566,518629,63,2397
516169,518590,518629,39,2421
516169,518596,518630,34,2427
518597,518619,518629,10,22
516169,518594,518629,35,2425
518597,518618,518629,11,21
518597,518618,518630,12,21
518597,518618,518630,12,21
518597,518618,518630,12,21
518597,518619,518630,11,22
516169,518592,518630,38,2423
518597,518619,518631,12,22
518597,518619,518630,11,22
516169,518592,518634,42,2423
518597,518618,518634,16,21
516169,518605,518634,29,2436
516169,518600,518634,34,2431
516169,518605,518636,31,2436
516169,518604,518636,32,2435
516169,518583,518637,54,2414
516169,518582,518637,55,2413
516169,518605,518637,32,2436
516169,518602,518638,36,2433
516169,518581,518639,58,2412
516169,518599,518639,40,2430
516169,518604,518640,36,2435
516169,518598,518642,44,2429
516169,518584,518644,60,2415
516169,518567,518646,79,2398
518640,518640,518647,7,0
518640,518640,518647,7,0
518640,518640,518647,7,0
518640,518640,518647,7,0
518640,518640,518647,7,0
518640,518640,518647,7,0
518640,518640,518647,7,0
518640,518640,518647,7,0
518640,518640,518647,7,0
516169,518606,518648,42,2437
518640,518640,518649,9,0
518640,518640,518648,8,0
518640,518640,518648,8,0
518640,518640,518648,8,0
518640,518640,518648,8,0
518640,518640,518648,8,0
518640,518640,518648,8,0
518640,518640,518650,10,0
518640,518640,518649,9,0
518640,518640,518649,9,0
518640,518640,518649,9,0
518640,518640,518649,9,0
518640,518640,518649,9,0
518640,518640,518650,10,0
518640,518640,518650,10,0
518640,518640,518649,9,0
518640,518640,518649,9,0
518640,518640,518650,10,0
518640,518640,518650,10,0
518640,518640,518651,11,0
518640,518640,518650,10,0
518640,518640,518650,10,0
518640,518640,518650,10,0
518640,518641,518650,9,1
518640,518640,518650,10,0
518640,518640,518650,10,0
518640,518640,518650,10,0
516169,518608,518650,42,2439
518640,518640,518651,11,0
518640,518640,518651,11,0
518640,518641,518651,10,1
518640,518640,518651,11,0
518640,518640,518651,11,0
518640,518640,518651,11,0
518640,518640,518651,11,0
518640,518641,518652,11,1
518640,518641,518651,10,1
516169,518611,518652,41,2442
516169,518613,518652,39,2444
516169,518570,518652,82,2401
518640,518641,518652,11,1
518640,518640,518652,12,0
518640,518640,518652,12,0
518640,518640,518652,12,0
518640,518640,518652,12,0
518640,518640,518652,12,0
518640,518640,518652,12,0
518640,518640,518652,12,0
518640,518648,518653,5,8
518640,518641,518653,12,1
518640,518641,518652,11,1
518640,518640,518653,13,0
518640,518640,518652,12,0
516169,518579,518653,74,2410
516169,518585,518653,68,2416
518640,518640,518654,14,0
518640,518640,518653,13,0
518640,518648,518653,5,8
518640,518649,518653,4,9
518640,518649,518654,5,9
518640,518649,518654,5,9
518640,518649,518653,4,9
518640,518649,518653,4,9
516169,518579,518654,75,2410
518640,518648,518653,5,8
518640,518649,518653,4,9
518640,518641,518653,12,1
518640,518640,518654,14,0
518640,518640,518653,13,0
518640,518640,518653,13,0
516169,518570,518654,84,2401
518640,518640,518655,15,0
518640,518641,518654,13,1
518640,518648,518655,7,8
518640,518648,518654,6,8
518640,518648,518654,6,8
518640,518641,518655,14,1
518640,518649,518655,6,9
518640,518648,518655,7,8
518640,518648,518655,7,8
518640,518640,518656,16,0
518640,518640,518656,16,0
518640,518650,518656,6,10
518640,518640,518656,16,0
518640,518650,518656,6,10
516169,518615,518655,40,2446
518640,518650,518656,6,10
518640,518648,518655,7,8
518640,518650,518656,6,10
518640,518650,518656,6,10
518640,518641,518655,14,1
518640,518650,518656,6,10
518640,518650,518656,6,10
518640,518650,518655,5,10
516169,518568,518656,88,2399
516169,518615,518656,41,2446
516169,518568,518656,88,2399
518640,518640,518656,16,0
518640,518650,518657,7,10
518640,518650,518657,7,10
516169,518608,518657,49,2439
516169,518567,518657,90,2398
516169,518567,518658,91,2398
518640,518641,518657,16,1
516169,518608,518658,50,2439
518640,518651,518659,8,11
518640,518651,518659,8,11
518640,518651,518659,8,11
516169,518574,518659,85,2405
518640,518654,518660,6,14
516169,518579,518660,81,2410
518640,518653,518660,7,13
518640,518653,518660,7,13
518640,518654,518660,6,14
518640,518654,518660,6,14
518640,518653,518660,7,13
518640,518654,518659,5,14
518640,518654,518660,6,14
516169,518613,518660,47,2444
516169,518570,518660,90,2401
518640,518654,518661,7,14
518640,518652,518660,8,12
518640,518652,518661,9,12
518640,518653,518661,8,13
518640,518654,518661,7,14
518640,518654,518661,7,14
516169,518569,518661,92,2400
516169,518606,518661,55,2437
518640,518652,518661,9,12
518640,518653,518661,8,13
516169,518569,518660,91,2400
518640,518651,518661,10,11
518640,518656,518661,5,16
518640,518653,518661,8,13
518640,518654,518661,7,14
518640,518651,518660,9,11
518640,518655,518661,6,15
516169,518580,518661,81,2411
518640,518654,518662,8,14
518640,518656,518662,6,16
518640,518653,518662,9,13
516169,518621,518662,41,2452
518640,518651,518662,11,11
518640,518656,518662,6,16
518640,518653,518662,9,13
518640,518653,518662,9,13
518640,518656,518662,6,16
518640,518653,518661,8,13
518640,518654,518661,7,14
518640,518656,518661,5,16
518640,518651,518662,11,11
518640,518652,518662,10,12
518640,518653,518661,8,13
518640,518653,518662,9,13
518640,518655,518662,7,15
516169,518606,518662,56,2437
518640,518654,518662,8,14
518640,518654,518663,9,14
518640,518655,518663,8,15
518640,518655,518663,8,15
518640,518655,518663,8,15
518640,518656,518663,7,16
518640,518656,518663,7,16
518640,518656,518663,7,16
518640,518655,518663,8,15
518640,518656,518663,7,16
518640,518652,518663,11,12
518640,518652,518663,11,12
518640,518653,518662,9,13
518640,518655,518663,8,15
518640,518656,518663,7,16
518640,518657,518663,6,17
518640,518656,518663,7,16
518640,518655,518663,8,15
518640,518656,518663,7,16
516169,518615,518663,48,2446
518640,518654,518664,10,14
518640,518655,518664,9,15
518640,518657,518664,7,17
518640,518659,518664,5,19
518640,518652,518664,12,12
518640,518652,518664,12,12
518640,518658,518664,6,18
518640,518652,518664,12,12
518640,518656,518664,8,16
518640,518657,518664,7,17
518640,518659,518665,6,19
518640,518651,518665,14,11
518640,518660,518666,6,20
516169,518625,518666,41,2456
518640,518659,518666,7,19
516169,518617,518666,49,2448
516169,518568,518666,98,2399
518640,518651,518667,16,11
518640,518660,518667,7,20
518640,518660,518667,7,20
516169,518622,518668,46,2453
518640,518662,518668,6,22
518640,518660,518668,8,20
518640,518660,518668,8,20
518640,518661,518668,7,21
518640,518660,518668,8,20
518640,518662,518668,6,22
516169,518614,518668,54,2445
518640,518661,518668,7,21
518640,518662,518669,7,22
518640,518662,518669,7,22
518640,518660,518669,9,20
518640,518662,518669,7,22
518640,518662,518670,8,22
518640,518662,518670,8,22
518640,518662,518670,8,22
518640,518661,518670,9,21
518640,518661,518670,9,21
518640,518660,518670,10,20
516169,518625,518670,45,2456
516169,518579,518671,92,2410
518640,518661,518671,10,21
518640,518661,518671,10,21
518640,518661,518671,10,21
518640,518661,518671,10,21
518640,518661,518671,10,21
518640,518661,518671,10,21
516169,518621,518672,51,2452
516169,518576,518672,96,2407
518640,518661,518673,12,21
518640,518651,518674,23,11
516169,518627,518675,48,2458
516169,518618,518675,57,2449
516169,518628,518676,48,2459
516169,518626,518678,52,2457
516169,518629,518679,50,2460
516262,518654,518679,25,2392
516169,518577,518680,103,2408
516169,518617,518681,64,2448
516169,518618,518681,63,2449
516169,518619,518680,61,2450
516169,518636,518682,46,2467
516169,518576,518681,105,2407
516169,518577,518681,104,2408
516169,518628,518681,53,2459
516169,518629,518682,53,2460
516169,518580,518682,102,2411
516169,518628,518683,55,2459
516262,518654,518684,30,2392
516169,518627,518684,57,2458
516169,518638,518684,46,2469
516169,518631,518685,54,2462
518680,518681,518686,5,1
516169,518636,518685,49,2467
518680,518681,518686,5,1
518680,518681,518686,5,1
518680,518681,518686,5,1
518680,518681,518686,5,1
518680,518681,518686,5,1
518680,518681,518687,6,1
518680,518681,518686,5,1
516169,518578,518686,108,2409
516169,518627,518687,60,2458
516169,518635,518687,52,2466
516169,518576,518687,111,2407
516169,518634,518687,53,2465
518680,518681,518688,7,1
518680,518681,518687,6,1
518680,518681,518688,7,1
518680,518681,518687,6,1
518680,518681,518687,6,1
518680,518681,518688,7,1
518680,518681,518688,7,1
518680,518681,518687,6,1
516169,518578,518688,110,2409
516169,518630,518687,57,2461
518680,518681,518689,8,1
518680,518681,518689,8,1
518680,518681,518688,7,1
518680,518681,518689,8,1
518680,518681,518689,8,1
518680,518681,518688,7,1
516169,518572,518688,116,2403
518680,518681,518689,8,1
518680,518681,518689,8,1
518680,518681,518689,8,1
518680,518681,518690,9,1
518680,518681,518689,8,1
518680,518681,518689,8,1
518680,518681,518690,9,1
518680,518681,518689,8,1
518680,518681,518689,8,1
518680,518681,518690,9,1
518680,518681,518689,8,1
518680,518681,518690,9,1
516169,518630,518690,60,2461
518680,518681,518690,9,1
518680,518681,518691,10,1
518680,518681,518691,10,1
518680,518681,518690,9,1
518680,518681,518691,10,1
518680,518681,518691,10,1
518680,518681,518690,9,1
518680,518681,518690,9,1
518680,518681,518691,10,1
518680,518681,518691,10,1
518680,518686,518691,5,6
518680,518681,518691,10,1
518680,518681,518690,9,1
518680,518681,518691,10,1
518680,518681,518691,10,1
518680,518681,518690,9,1
516262,518656,518691,35,2394
516169,518573,518691,118,2404
516262,518654,518691,37,2392
518680,518681,518691,10,1
518680,518681,518692,11,1
518680,518681,518691,10,1
518680,518681,518691,10,1
518680,518681,518691,10,1
518680,518681,518692,11,1
518680,518687,518692,5,7
518680,518687,518692,5,7
518680,518687,518691,4,7
518680,518688,518692,4,8
518680,518681,518692,11,1
518680,518681,518691,10,1
518680,518681,518691,10,1
518680,518681,518691,10,1
518680,518681,518691,10,1
518680,518687,518692,5,7
518680,518681,518692,11,1
516169,518635,518692,57,2466
516169,518618,518693,75,2449
516169,518630,518693,63,2461
518680,518681,518692,11,1
518680,518681,518692,11,1
518680,518681,518693,12,1
518680,518687,518692,5,7
518680,518687,518692,5,7
518680,518688,518693,5,8
518680,518681,518692,11,1
518680,518687,518693,6,7
518680,518681,518693,12,1
516169,518643,518694,51,2474
518680,518681,518694,13,1
518680,518688,518694,6,8
518680,518689,518694,5,9
518680,518689,518694,5,9
518680,518681,518694,13,1
518680,518681,518694,13,1
518680,518688,518694,6,8
516262,518656,518695,39,2394
518680,518689,518695,6,9
518680,518688,518695,7,8
518680,518689,518695,6,9
518680,518688,518694,6,8
518680,518688,518695,7,8
518680,518689,518696,7,9
518680,518681,518696,15,1
518680,518688,518695,7,8
518680,518691,518696,5,11
518680,518691,518696,5,11
518680,518689,518696,7,9
516262,518656,518696,40,2394
516169,518637,518696,59,2468
518680,518690,518697,7,10
518680,518690,518697,7,10
518680,518690,518697,7,10
518680,518690,518697,7,10
518680,518690,518696,6,10
518680,518691,518697,6,11
518680,518691,518697,6,11
518680,518681,518697,16,1
516169,518630,518697,67,2461
516169,518640,518697,57,2471
516169,518652,518697,45,2483
516169,518638,518697,59,2469
518680,518690,518698,8,10
518680,518690,518698,8,10
518680,518692,518698,6,12
518680,518692,518698,6,12
518680,518690,518698,8,10
518680,518691,518698,7,11
518680,518691,518698,7,11
518680,518691,518698,7,11
518680,518691,518698,7,11
518680,518691,518698,7,11
518680,518692,518698,6,12
518680,518692,518698,6,12
516169,518648,518698,50,2479
516262,518658,518699,41,2396
518680,518691,518699,8,11
518680,518691,518699,8,11
518680,518692,518699,7,12
518680,518692,518699,7,12
518680,518692,518699,7,12
518680,518681,518698,17,1
518680,518690,518698,8,10
518680,518692,518699,7,12
518680,518690,518699,9,10
518680,518692,518698,6,12
518680,518690,518699,9,10
518680,518692,518700,8,12
518680,518691,518699,8,11
516169,518652,518699,47,2483
516169,518639,518700,61,2470
518680,518691,518700,9,11
518680,518692,518700,8,12
518680,518690,518700,10,10
518680,518692,518700,8,12
518680,518692,518700,8,12
518680,518691,518700,9,11
518680,518691,518700,9,11
518680,518691,518700,9,11
518680,518694,518701,7,14
518680,518694,518701,7,14
518680,518693,518701,8,13
518680,518694,518701,7,14
518680,518693,518701,8,13
516169,518645,518701,56,2476
516169,518641,518702,61,2472
518680,518695,518703,8,15
518680,518692,518702,10,12
518680,518692,518702,10,12
518680,518693,518702,9,13
518680,518692,518702,10,12
518680,518692,518702,10,12
516169,518651,518702,51,2482
516262,518658,518703,45,2396
518680,518693,518703,10,13
518680,518694,518703,9,14
518680,518695,518703,8,15
518680,518697,518703,6,17
518680,518699,518703,4,19
518680,518699,518703,4,19
518680,518697,518703,6,17
518680,518693,518703,10,13
516169,518638,518704,66,2469
518680,518697,518704,7,17
518680,518693,518704,11,13
518680,518700,518704,4,20
518680,518700,518704,4,20
518680,518696,518704,8,16
518680,518698,518705,7,18
518680,518698,518704,6,18
518680,518699,518704,5,19
518680,518699,518704,5,19
518680,518694,518704,10,14
518680,518693,518704,11,13
518680,518694,518704,10,14
516262,518657,518704,47,2395
516169,518653,518705,52,2484
518680,518696,518705,9,16
518680,518699,518705,6,19
518680,518695,518705,10,15
518680,518693,518705,12,13
518680,518696,518705,9,16
518680,518698,518705,7,18
518680,518699,518705,6,19
518680,518697,518705,8,17
518680,518695,518705,10,15
518680,518699,518705,6,19
518680,518696,518705,9,16
518680,518697,518705,8,17
518680,518700,518706,6,20
516262,518661,518706,45,2399
518680,518700,518706,6,20
518680,518699,518706,7,19
518680,518697,518706,9,17
518680,518699,518706,7,19
518680,518699,518706,7,19
518680,518694,518706,12,14
518680,518700,518706,6,20
518680,518700,518706,6,20
518680,518695,518706,11,15
518680,518699,518706,7,19
518680,518699,518706,7,19
518680,518699,518706,7,19
516262,518658,518706,48,2396
518680,518699,518707,8,19
518680,518699,518707,8,19
518680,518697,518707,10,17
518680,518699,518707,8,19
518680,518693,518707,14,13
518680,518696,518708,12,16
516169,518653,518707,54,2484
518680,518699,518708,9,19
518680,518699,518708,9,19
518680,518699,518708,9,19
516169,518647,518709,62,2478
516262,518660,518709,49,2398
516262,518688,518712,24,2426
516262,518689,518713,24,2427
516262,518688,518713,25,2426
516262,518688,518714,26,2426
516262,518684,518715,31,2422
516262,518661,518715,54,2399
516262,518658,518715,57,2396
516262,518687,518715,28,2425
516262,518661,518718,57,2399
518714,518714,518719,5,0
518714,518714,518719,5,0
518714,518714,518719,5,0
518714,518714,518719,5,0
518714,518714,518720,6,0
518714,518714,518720,6,0
518714,518714,518720,6,0
518714,518714,518720,6,0
518714,518714,518721,7,0
518714,518714,518721,7,0
518714,518714,518721,7,0
518714,518714,518721,7,0
518714,518714,518721,7,0
518714,518714,518721,7,0
518714,518714,518721,7,0
518714,518714,518722,8,0
516262,518692,518722,30,2430
516262,518688,518722,34,2426
518714,518714,518722,8,0
518714,518714,518722,8,0
518714,518714,518722,8,0
518714,518714,518722,8,0
518714,518714,518722,8,0
518714,518714,518723,9,0
518714,518714,518722,8,0
518714,518714,518722,8,0
518714,518714,518722,8,0
518714,518714,518722,8,0
518714,518714,518722,8,0
516262,518698,518723,25,2436
516262,518691,518722,31,2429
516262,518683,518722,39,2421
516262,518687,518722,35,2425
518714,518714,518723,9,0
518714,518714,518723,9,0
518714,518714,518723,9,0
518714,518714,518723,9,0
518714,518714,518723,9,0
518714,518714,518723,9,0
518714,518714,518723,9,0
516262,518698,518724,26,2436
516262,518684,518725,41,2422
518714,518714,518724,10,0
518714,518714,518724,10,0
518714,518715,518725,10,1
518714,518714,518725,11,0
518714,518714,518724,10,0
518714,518714,518724,10,0
518714,518714,518724,10,0
518714,518715,518725,10,1
518714,518715,518724,9,1
518714,518714,518725,11,0
518714,518714,518724,10,0
518714,518714,518724,10,0
518714,518715,518724,9,1
518714,518714,518726,12,0
518714,518714,518725,11,0
518714,518714,518725,11,0
518714,518714,518725,11,0
518714,518714,518725,11,0
518714,518715,518726,11,1
518714,518714,518725,11,0
516262,518688,518725,37,2426
516262,518698,518725,27,2436
518714,518714,518726,12,0
518714,518714,518725,11,0
516262,518693,518725,32,2431
518714,518714,518727,13,0
518714,518714,518726,12,0
518714,518720,518726,6,6
518714,518720,518727,7,6
518714,518714,518726,12,0
518714,518714,518726,12,0
518714,518714,518726,12,0
518714,518714,518726,12,0
518714,518714,518727,13,0
518714,518720,518727,7,6
516262,518700,518727,27,2438
518714,518714,518727,13,0
518714,518720,518728,8,6
518714,518723,518728,5,9
518714,518714,518727,13,0
518714,518715,518728,13,1
516262,518685,518727,42,2423
518714,518714,518728,14,0
518714,518721,518728,7,7
518714,518724,518729,5,10
518714,518715,518729,14,1
518714,518721,518728,7,7
518714,518723,518729,6,9
518714,518714,518729,15,0
518714,518721,518729,8,7
518714,518721,518728,7,7
518714,518723,518729,6,9
516262,518660,518728,68,2398
516262,518692,518728,36,2430
518714,518723,518729,6,9
516262,518694,518729,35,2432
516262,518699,518729,30,2437
518714,518714,518729,15,0
518714,518724,518730,6,10
518714,518722,518729,7,8
518714,518722,518730,8,8
518714,518723,518730,7,9
518714,518724,518730,6,10
518714,518724,518730,6,10
518714,518724,518729,5,10
518714,518725,518730,5,11
516262,518693,518730,37,2431
518714,518726,518731,5,12
518714,518722,518731,9,8
518714,518723,518730,7,9
518714,518726,518731,5,12
518714,518723,518731,8,9
518714,518723,518730,7,9
518714,518723,518731,8,9
518714,518724,518731,7,10
518714,518725,518731,6,11
518714,518725,518731,6,11
518714,518725,518731,6,11
518714,518723,518731,8,9
518714,518714,518731,17,0
518714,518724,518730,6,10
518714,518725,518731,6,11
518714,518725,518731,6,11
518714,518714,518732,18,0
518714,518726,518732,6,12
518714,518726,518731,5,12
518714,518722,518731,9,8
518714,518725,518732,7,11
518714,518726,518732,6,12
516262,518683,518732,49,2421
518714,518725,518731,6,11
518714,518725,518732,7,11
518714,518725,518731,6,11
516262,518695,518733,38,2433
518714,518722,518733,11,8
518714,518725,518732,7,11
518714,518725,518733,8,11
518714,518727,518732,5,13
518714,518727,518732,5,13
518714,518722,518732,10,8
518714,518727,518732,5,13
518714,518722,518733,11,8
518714,518722,518733,11,8
518714,518728,518733,5,14
518714,518728,518733,5,14
518714,518725,518732,7,11
516262,518699,518733,34,2437
518714,518723,518732,9,9
518714,518727,518734,7,13
518714,518730,518734,4,16
518714,518729,518734,5,15
518714,518726,518734,8,12
518714,518727,518734,7,13
518714,518729,518734,5,15
518714,518729,518734,5,15
516262,518686,518734,48,2424
518714,518726,518734,8,12
518714,518727,518734,7,13
518714,518726,518734,8,12
518714,518726,518734,8,12
518714,518727,518735,8,13
518714,518728,518734,6,14
516262,518700,518735,35,2438
518714,518727,518735,8,13
518714,518729,518735,6,15
518714,518729,518735,6,15
518714,518729,518735,6,15
518714,518730,518734,4,16
518714,518730,518735,5,16
518714,518727,518735,8,13
518714,518729,518735,6,15
518714,518729,518735,6,15
518714,518730,518735,5,16
518714,518730,518735,5,16
518714,518728,518735,7,14
518714,518729,518735,6,15
516262,518683,518736,53,2421
518714,518727,518735,8,13
518714,518729,518736,7,15
518714,518730,518736,6,16
518714,518730,518736,6,16
518714,518729,518735,6,15
518714,518728,518736,8,14
518714,518730,518736,6,16
516262,518692,518737,45,2430
518714,518731,518737,6,17
516262,518692,518738,46,2430
518714,518731,518738,7,17
518714,518730,518738,8,16
516262,518661,518738,77,2399
516262,518702,518738,36,2440
516262,518681,518739,58,2419
518714,518733,518739,6,19
518714,518733,518739,6,19
518714,518731,518738,7,17
518714,518731,518738,7,17
518714,518733,518739,6,19
516262,518697,518739,42,2435
518714,518731,518740,9,17
518714,518731,518740,9,17
518714,518731,518740,9,17
518714,518733,518740,7,19
518714,518733,518740,7,19
518714,518732,518741,9,18
518714,518733,518741,8,19
518714,518731,518741,10,17
518714,518733,518740,7,19
516262,518704,518741,37,2442
518714,518733,518741,8,19
518714,518733,518742,9,19
518714,518733,518742,9,19
518714,518731,518742,11,17
518714,518731,518742,11,17
518714,518731,518742,11,17
518714,518732,518742,10,18
518714,518733,518742,9,19
518714,518733,518742,9,19
518714,518731,518743,12,17
518714,518731,518743,12,17
516262,518682,518744,62,2420
516262,518685,518744,59,2423
516262,518702,518744,42,2440
518714,518732,518744,12,18
518714,518733,518744,11,19
518714,518731,518745,14,17
518714,518731,518744,13,17
516262,518703,518745,42,2441
518714,518732,518745,13,18
518714,518731,518745,14,17
516262,518707,518746,39,2445
518714,518732,518746,14,18
518714,518732,518745,13,18
518714,518732,518746,14,18
516262,518662,518746,84,2400
516262,518698,518747,49,2436
518714,518732,518747,15,18
516262,518663,518748,85,2401
516262,518718,518748,30,2456
516262,518662,518748,86,2400
516262,518703,518749,46,2441
516262,518705,518750,45,2443
516262,518666,518751,85,2404
516262,518671,518751,80,2409
516262,518697,518751,54,2435
516262,518708,518752,44,2446
516262,518682,518753,71,2420
516262,518705,518753,48,2443
516262,518681,518753,72,2419
516262,518682,518754,72,2420
516262,518710,518754,44,2448
516262,518712,518754,42,2450
516262,518661,518756,95,2399
516262,518706,518756,50,2444
516262,518723,518757,34,2461
516262,518668,518757,89,2406
518753,518753,518758,5,0
518753,518753,518758,5,0
516262,518669,518758,89,2407
516262,518667,518758,91,2405
516262,518672,518758,86,2410
516262,518722,518759,37,2460
518753,518753,518759,6,0
518753,518753,518760,7,0
518753,518753,518759,6,0
516262,518713,518759,46,2451
518753,518753,518760,7,0
518753,518753,518760,7,0
518753,518753,518760,7,0
518753,518753,518760,7,0
518753,518753,518760,7,0
518753,518753,518760,7,0
518753,518753,518760,7,0
518753,518753,518761,8,0
518753,518753,518760,7,0
518753,518753,518760,7,0
518753,518753,518760,7,0
518753,518753,518760,7,0
518753,518753,518760,7,0
518753,518753,518760,7,0
518753,518753,518761,8,0
518753,518753,518761,8,0
518753,518753,518761,8,0
518753,518753,518761,8,0
518753,518753,518761,8,0
518753,518753,518762,9,0
518753,518753,518762,9,0
518753,518753,518761,8,0
518753,518753,518761,8,0
518753,518753,518761,8,0
518753,518753,518762,9,0
516262,518664,518761,97,2402
518753,518753,518761,8,0
518753,518753,518761,8,0
518753,518753,518761,8,0
518753,518754,518761,7,1
516262,518714,518762,48,2452
518753,518753,518762,9,0
518753,518753,518762,9,0
518753,518753,518762,9,0
518753,518753,518763,10,0
518753,518753,518762,9,0
518753,518753,518762,9,0
518753,518753,518762,9,0
518753,518753,518762,9,0
518753,518759,518762,3,6
518753,518753,518762,9,0
518753,518753,518762,9,0
518753,518754,518763,9,1
518753,518754,518762,8,1
518753,518753,518763,10,0
518753,518753,518763,10,0
518753,518753,518763,10,0
518753,518753,518763,10,0
518753,518753,518763,10,0
518753,518753,518763,10,0
518753,518753,518763,10,0
518753,518760,518764,4,7
518753,518759,518763,4,6
518753,518753,518764,11,0
518753,518753,518763,10,0
518753,518753,518763,10,0
518753,518753,518764,11,0
518753,518753,518763,10,0
518753,518760,518763,3,7
518753,518753,518763,10,0
516262,518672,518763,91,2410
516262,518709,518764,55,2447
518753,518753,518764,11,0
518753,518753,518764,11,0
518753,518753,518764,11,0
518753,518753,518765,12,0
518753,518761,518764,3,8
518753,518753,518765,12,0
518753,518761,518764,3,8
518753,518761,518765,4,8
518753,518753,518764,11,0
518753,518753,518765,12,0
518753,518761,518765,4,8
518753,518761,518765,4,8
518753,518761,518765,4,8
518753,518753,518765,12,0
518753,518753,518766,13,0
518753,518761,518766,5,8
518753,518760,518765,5,7
516262,518722,518765,43,2460
516262,518715,518766,51,2453
516262,518723,518766,43,2461
518753,518761,518766,5,8
518753,518753,518766,13,0
516262,518727,518767,40,2465
516262,518723,518767,44,2461
516262,518724,518767,43,2462
518753,518761,518767,6,8
518753,518761,518768,7,8
518753,518753,518768,15,0
518753,518753,518769,16,0
518753,518765,518770,5,12
518753,518765,518769,4,12
518753,518765,518769,4,12
518753,518763,518770,7,10
518753,518763,518769,6,10
518753,518763,518769,6,10
518753,518761,518770,9,8
516262,518714,518770,56,2452
516262,518676,518770,94,2414
518753,518766,518771,5,13
518753,518766,518770,4,13
518753,518766,518771,5,13
518753,518765,518770,5,12
518753,518761,518771,10,8
518753,518763,518771,8,10
518753,518762,518771,9,9
518753,518766,518771,5,13
518753,518761,518771,10,8
518753,518764,518771,7,11
518753,518766,518771,5,13
518753,518765,518772,7,12
518753,518765,518772,7,12
518753,518762,518772,10,9
518753,518762,518772,10,9
518753,518763,518772,9,10
518753,518763,518772,9,10
518753,518762,518771,9,9
518753,518765,518772,7,12
518753,518766,518771,5,13
518753,518766,518772,6,13
518753,518763,518772,9,10
518753,518765,518772,7,12
518753,518766,518772,6,13
518753,518761,518771,10,8
518753,518763,518772,9,10
518753,518763,518772,9,10
518753,518763,518772,9,10
518753,518762,518772,10,9
518753,518762,518771,9,9
516262,518666,518771,105,2404
518753,518767,518772,5,14
516262,518728,518772,44,2466
518753,518763,518772,9,10
516262,518679,518773,94,2417
518753,518753,518773,20,0
518753,518762,518773,11,9
518753,518764,518772,8,11
518753,518762,518773,11,9
518753,518763,518773,10,10
518753,518764,518773,9,11
518753,518764,518773,9,11
518753,518762,518773,11,9
518753,518762,518773,11,9
516262,518678,518773,95,2416
518753,518764,518774,10,11
518753,518762,518774,12,9
518753,518764,518773,9,11
518753,518765,518773,8,12
518753,518762,518774,12,9
518753,518767,518774,7,14
516262,518676,518774,98,2414
518753,518768,518774,6,15
518753,518770,518774,4,17
518753,518764,518774,10,11
516262,518716,518775,59,2454
516262,518723,518774,51,2461
518753,518763,518774,11,10
518753,518764,518775,11,11
516262,518725,518775,50,2463
516262,518681,518775,94,2419
516262,518716,518775,59,2454
518753,518762,518775,13,9
518753,518768,518775,7,15
518753,518764,518775,11,11
518753,518770,518775,5,17
518753,518770,518775,5,17
518753,518770,518775,5,17
516262,518716,518775,59,2454
518753,518770,518775,5,17
518753,518772,518775,3,19
518753,518764,518776,12,11
518753,518764,518775,11,11
518753,518770,518776,6,17
518753,518764,518776,12,11
518753,518769,518776,7,16
518753,518771,518776,5,18
518753,518771,518776,5,18
518753,518772,518776,4,19
518753,518770,518775,5,17
518753,518771,518776,5,18
518753,518771,518776,5,18
516262,518729,518776,47,2467
518753,518763,518777,14,10
518753,518773,518777,4,20
518753,518771,518777,6,18
518753,518772,518777,5,19
518753,518772,518777,5,19
516262,518672,518777,105,2410
518753,518771,518777,6,18
518753,518764,518777,13,11
518753,518764,518777,13,11
518753,518772,518777,5,19
518753,518769,518777,8,16
518753,518772,518777,5,19
516262,518677,518778,101,2415
516262,518733,518777,44,2471
516314,518749,518778,29,2435
518753,518772,518778,6,19
518753,518764,518778,14,11
518753,518762,518778,16,9
518753,518762,518778,16,9
516262,518726,518778,52,2464
518753,518772,518778,6,19
518753,518772,518778,6,19
518753,518772,518778,6,19
518753,518774,518778,4,21
518753,518774,518778,4,21
518753,518774,518778,4,21
516262,518726,518778,52,2464
518753,518772,518779,7,19
518753,518771,518778,7,18
518753,518772,518779,7,19
518753,518772,518779,7,19
518753,518772,518779,7,19
518753,518772,518779,7,19
518753,518771,518779,8,18
518753,518772,518779,7,19
518753,518772,518779,7,19
518753,518772,518779,7,19
518753,518772,518779,7,19
516262,518681,518779,98,2419
516262,518680,518780,100,2418
518753,518772,518779,7,19
518753,518771,518780,9,18
516262,518729,518781,52,2467
516262,518733,518780,47,2471
516314,518749,518780,31,2435
516262,518729,518780,51,2467
516314,518749,518781,32,2435
518753,518771,518781,10,18
518753,518771,518781,10,18
516262,518732,518781,49,2470
516262,518737,518781,44,2475
516262,518726,518782,56,2464
516262,518734,518784,50,2472
516262,518736,518786,50,2474
516262,518735,518786,51,2473
516314,518751,518787,36,2437
516262,518745,518788,43,2483
516314,518752,518788,36,2438
516314,518751,518789,38,2437
516262,518749,518789,40,2487
516262,518738,518789,51,2476
516262,518747,518790,43,2485
516262,518682,518790,108,2420
516262,518740,518791,51,2478
516262,518747,518791,44,2485
518787,518787,518791,4,0
518787,518787,518791,4,0
518787,518787,518792,5,0
516262,518742,518792,50,2480
516314,518751,518792,41,2437
516314,518753,518792,39,2439
518787,518787,518793,6,0
518787,518787,518793,6,0
516262,518745,518793,48,2483
518787,518787,518794,7,0
518787,518787,518794,7,0
518787,518787,518794,7,0
518787,518787,518794,7,0
516262,518746,518795,49,2484
518787,518787,518795,8,0
518787,518787,518795,8,0
516314,518753,518795,42,2439
516262,518739,518796,57,2477
518787,518788,518796,8,1
518787,518787,518797,10,0
518787,518787,518796,9,0
518787,518787,518796,9,0
518787,518792,518797,5,5
518787,518787,518797,10,0
518787,518792,518796,4,5
518787,518787,518797,10,0
518787,518787,518796,9,0
518787,518787,518796,9,0
518787,518787,518797,10,0
518787,518788,518797,9,1
518787,518787,518796,9,0
518787,518788,518796,8,1
518787,518788,518796,8,1
518787,518787,518797,10,0
518787,518788,518797,9,1
518787,518787,518797,10,0
518787,518787,518797,10,0
518787,518788,518797,9,1
518787,518788,518797,9,1
518787,518788,518797,9,1
518787,518787,518797,10,0
518787,518787,518797,10,0
518787,518787,518797,10,0
518787,518787,518797,10,0
518787,518787,518797,10,0
518787,518787,518797,10,0
516314,518754,518798,44,2440
518787,518787,518798,11,0
518787,518787,518798,11,0
518787,518787,518798,11,0
518787,518787,518798,11,0
518787,518787,518798,11,0
518787,518787,518799,12,0
518787,518787,518799,12,0
518787,518793,518798,5,6
518787,518787,518799,12,0
518787,518787,518798,11,0
516262,518730,518799,69,2468
518787,518787,518799,12,0
518787,518787,518799,12,0
518787,518787,518800,13,0
518787,518787,518800,13,0
518787,518787,518799,12,0
518787,518787,518799,12,0
518787,518794,518799,5,7
518787,518787,518800,13,0
518787,518787,518799,12,0
518787,518794,518799,5,7
518787,518787,518800,13,0
516314,518755,518799,44,2441
516262,518739,518800,61,2477
518787,518787,518801,14,0
518787,518787,518800,13,0
518787,518787,518800,13,0
518787,518795,518800,5,8
518787,518795,518801,6,8
518787,518796,518801,5,9
518787,518787,518800,13,0
518787,518787,518801,14,0
518787,518795,518800,5,8
518787,518797,518801,4,10
518787,518787,518801,14,0
516262,518744,518800,56,2482
516314,518755,518800,45,2441
518787,518788,518800,12,1
518787,518788,518800,12,1
516314,518782,518801,19,2468
518787,518787,518801,14,0
518787,518787,518801,14,0
518787,518798,518802,4,11
518787,518798,518802,4,11
518787,518798,518802,4,11
518787,518799,518802,3,12
518787,518787,518801,14,0
518787,518787,518802,15,0
518787,518795,518802,7,8
518787,518797,518802,5,10
518787,518798,518802,4,11
518787,518799,518802,3,12
516314,518755,518802,47,2441
518787,518797,518802,5,10
516314,518756,518802,46,2442
518787,518787,518802,15,0
518787,518799,518803,4,12
518787,518787,518803,16,0
518787,518796,518802,6,9
518787,518798,518803,5,11
518787,518798,518803,5,11
518787,518797,518803,6,10
518787,518798,518802,4,11
518787,518799,518802,3,12
516262,518745,518802,57,2483
518787,518798,518803,5,11
518787,518798,518803,5,11
518787,518798,518803,5,11
518787,518787,518803,16,0
518787,518797,518802,5,10
518787,518799,518803,4,12
518787,518798,518802,4,11
518787,518797,518802,5,10
518787,518797,518803,6,10
518787,518798,518804,6,11
518787,518798,518804,6,11
518787,518799,518804,5,12
518787,518797,518803,6,10
518787,518800,518804,4,13
518787,518787,518804,17,0
518787,518797,518804,7,10
518787,518799,518803,4,12
518787,518787,518804,17,0
518787,518797,518803,6,10
518787,518799,518803,4,12
518787,518799,518803,4,12
518787,518799,518804,5,12
516262,518739,518804,65,2477
518787,518797,518804,7,10
518787,518800,518805,5,13
516314,518782,518805,23,2468
518787,518797,518805,8,10
518787,518797,518805,8,10
518787,518797,518805,8,10
518787,518800,518805,5,13
518787,518800,518805,5,13
516262,518730,518805,75,2468
518787,518800,518806,6,13
518787,518800,518806,6,13
516314,518781,518807,26,2467
516314,518782,518807,25,2468
516314,518754,518807,53,2440
518787,518797,518807,10,10
518787,518800,518807,7,13
516314,518781,518807,26,2467
516314,518757,518808,51,2443
518787,518801,518808,7,14
518787,518801,518808,7,14
518787,518800,518808,8,13
518787,518801,518808,7,14
518787,518804,518808,4,17
518787,518800,518808,8,13
516314,518781,518809,28,2467
518787,518801,518808,7,14
518787,518804,518809,5,17
518787,518800,518809,9,13
518787,518800,518809,9,13
518787,518801,518809,8,14
518787,518802,518809,7,15
518787,518801,518809,8,14
518787,518801,518809,8,14
518787,518801,518809,8,14
518787,518804,518809,5,17
518787,518804,518809,5,17
518787,518804,518809,5,17
516314,518783,518809,26,2469
516314,518781,518809,28,2467
518787,518802,518810,8,15
518787,518804,518809,5,17
518787,518805,518810,5,18
518787,518805,518810,5,18
518787,518802,518810,8,15
518787,518804,518810,6,17
518787,518801,518810,9,14
518787,518801,518810,9,14
518787,518804,518810,6,17
518787,518805,518810,5,18
518787,518804,518810,6,17
516314,518780,518811,31,2466
518787,518803,518811,8,16
518787,518803,518811,8,16
518787,518803,518810,7,16
518787,518805,518810,5,18
518787,518802,518811,9,15
518787,518805,518811,6,18
518787,518802,518811,9,15
518787,518802,518811,9,15
518787,518803,518811,8,16
518787,518806,518811,5,19
518787,518801,518811,10,14
518787,518802,518811,9,15
518787,518801,518811,10,14
518787,518802,518811,9,15
516314,518778,518812,34,2464
518787,518803,518812,9,16
518787,518803,518812,9,16
518787,518801,518812,11,14
518787,518802,518812,10,15
518787,518803,518812,9,16
518787,518803,518812,9,16
518787,518803,518812,9,16
518787,518805,518812,7,18
518787,518807,518812,5,20
518787,518805,518812,7,18
518787,518802,518812,10,15
518787,518803,518812,9,16
518787,518803,518812,9,16
516314,518784,518812,28,2470
518787,518802,518813,11,15
518787,518804,518813,9,17
518787,518804,518813,9,17
518787,518804,518813,9,17
518787,518802,518813,11,15
518787,518803,518813,10,16
518787,518803,518813,10,16
518787,518803,518813,10,16
518787,518805,518813,8,18
516314,518780,518814,34,2466
518787,518803,518814,11,16
518787,518807,518814,7,20
518787,518808,518814,6,21
518787,518803,518814,11,16
518787,518803,518814,11,16
518787,518802,518814,12,15
518787,518803,518815,12,16
516314,518776,518819,43,2462
516314,518793,518820,27,2479
516314,518778,518820,42,2464
516314,518778,518822,44,2464
516314,518778,518822,44,2464
516314,518793,518823,30,2479
516314,518796,518823,27,2482
516314,518795,518825,30,2481
518821,518821,518825,4,0
518821,518821,518825,4,0
518821,518821,518826,5,0
518821,518822,518825,3,1
518821,518821,518826,5,0
518821,518822,518826,4,1
518821,518821,518826,5,0
518821,518822,518826,4,1
518821,518822,518826,4,1
518821,518822,518826,4,1
518821,518822,518827,5,1
516314,518791,518827,36,2477
518821,518822,518827,5,1
518821,518822,518827,5,1
518821,518821,518827,6,0
518821,518822,518827,5,1
518821,518821,518827,6,0
518821,518821,518827,6,0
518821,518822,518828,6,1
518821,518821,518827,6,0
518821,518821,518827,6,0
516314,518794,518828,34,2480
516314,518791,518828,37,2477
518821,518821,518828,7,0
518821,518822,518828,6,1
518821,518822,518829,7,1
518821,518822,518828,6,1
518821,518822,518829,7,1
516314,518793,518829,36,2479
516314,518789,518829,40,2475
518821,518821,518829,8,0
518821,518822,518830,8,1
518821,518822,518829,7,1
518821,518821,518829,8,0
518821,518822,518830,8,1
518821,518822,518829,7,1
518821,518822,518829,7,1
518821,518821,518829,8,0
518821,518822,518829,7,1
518821,518822,518829,7,1
518821,518822,518829,7,1
518821,518822,518829,7,1
518821,518822,518829,7,1
518821,518822,518829,7,1
518821,518822,518829,7,1
518821,518822,518829,7,1
518821,518822,518829,7,1
518821,518822,518830,8,1
518821,518822,518830,8,1
518821,518822,518829,7,1
516314,518779,518829,50,2465
516314,518777,518830,53,2463
516314,518789,518829,40,2475
518821,518821,518831,10,0
518821,518821,518830,9,0
518821,518822,518830,8,1
518821,518822,518830,8,1
518821,518822,518830,8,1
518821,518822,518830,8,1
518821,518822,518831,9,1
518821,518822,518831,9,1
518821,518822,518831,9,1
518821,518822,518831,9,1
516314,518803,518832,29,2489
518821,518822,518833,11,1
518821,518822,518833,11,1
518821,518821,518833,12,0
518821,518822,518832,10,1
518821,518822,518833,11,1
518821,518822,518832,10,1
518821,518822,518833,11,1
518821,518826,518833,7,5
518821,518826,518834,8,5
518821,518827,518834,7,6
518821,518826,518833,7,5
518821,518827,518834,7,6
518821,518822,518833,11,1
518821,518822,518833,11,1
518821,518827,518834,7,6
518821,518828,518834,6,7
518821,518822,518833,11,1
516314,518779,518834,55,2465
518821,518822,518835,13,1
518821,518827,518835,8,6
518821,518828,518834,6,7
518821,518827,518835,8,6
518821,518828,518835,7,7
518821,518826,518834,8,5
518821,518827,518834,7,6
518821,518828,518834,6,7
516314,518757,518835,78,2443
516314,518791,518836,45,2477
518821,518830,518835,5,9
518821,518822,518836,14,1
518821,518830,518835,5,9
518821,518830,518836,6,9
518821,518822,518836,14,1
518821,518830,518836,6,9
518821,518830,518835,5,9
518821,518830,518836,6,9
518821,518827,518835,8,6
518821,518828,518836,8,7
518821,518830,518835,5,9
518821,518831,518836,5,10
518821,518829,518836,7,8
518821,518830,518836,6,9
518821,518831,518836,5,10
518821,518830,518837,7,9
518821,518830,518836,6,9
518821,518829,518837,8,8
518821,518830,518837,7,9
518821,518828,518836,8,7
518821,518828,518837,9,7
518821,518829,518837,8,8
518821,518830,518836,6,9
518821,518830,518836,6,9
516314,518787,518837,50,2473
518821,518828,518837,9,7
518821,518828,518837,9,7
518821,518834,518837,3,13
518821,518834,518837,3,13
518821,518832,518838,6,11
518821,518832,518838,6,11
518821,518831,518838,7,10
518821,518830,518837,7,9
518821,518830,518837,7,9
518821,518835,518838,3,14
518821,518835,518838,3,14
518821,518822,518837,15,1
518821,518830,518837,7,9
518821,518832,518838,6,11
518821,518834,518838,4,13
518821,518822,518838,16,1
518821,518829,518838,9,8
518821,518830,518837,7,9
518821,518831,518837,6,10
518821,518832,518838,6,11
518821,518829,518838,9,8
518821,518831,518838,7,10
518821,518831,518838,7,10
518821,518835,518838,3,14
516314,518802,518839,37,2488
518821,518835,518839,4,14
518821,518833,518839,6,12
518821,518833,518839,6,12
518821,518833,518839,6,12
518821,518833,518838,5,12
518821,518834,518839,5,13
518821,518834,518839,5,13
518821,518834,518839,5,13
518821,518835,518839,4,14
518821,518835,518839,4,14
518821,518835,518838,3,14
518821,518834,518839,5,13
518821,518834,518839,5,13
518821,518834,518839,5,13
518821,518835,518838,3,14
518821,518836,518839,3,15
518821,518833,518839,6,12
518821,518833,518839,6,12
518821,518822,518840,18,1
518821,518834,518840,6,13
518821,518836,518840,4,15
518821,518830,518839,9,9
518821,518836,518840,4,15
518821,518836,518840,4,15
518821,518821,518839,18,0
516314,518790,518840,50,2476
518821,518836,518839,3,15
518821,518836,518839,3,15
518821,518836,518840,4,15
518821,518836,518840,4,15
518821,518836,518840,4,15
518821,518830,518840,10,9
518821,518836,518840,4,15
518821,518836,518840,4,15
518821,518834,518840,6,13
518821,518836,518840,4,15
518821,518830,518841,11,9
518821,518836,518840,4,15
518821,518836,518841,5,15
518821,518836,518841,5,15
516314,518774,518843,69,2460
516314,518796,518843,47,2482
518821,518837,518843,6,16
518821,518837,518843,6,16
518821,518837,518843,6,16
516314,518799,518843,44,2485
516314,518775,518844,69,2461
516314,518801,518844,43,2487
518821,518837,518844,7,16
518821,518837,518844,7,16
518821,518837,518844,7,16
518821,518837,518845,8,16
518821,518837,518845,8,16
518821,518838,518845,7,17
518821,518838,518845,7,17
518821,518838,518845,7,17
518821,518837,518845,8,16
518821,518837,518845,8,16
516314,518802,518845,43,2488
516314,518775,518846,71,2461
516314,518759,518845,86,2445
518821,518838,518846,8,17
518821,518838,518846,8,17
518821,518838,518846,8,17
518821,518837,518846,9,16
518821,518838,518846,8,17
516314,518759,518846,87,2445
516314,518788,518846,58,2474
516314,518800,518846,46,2486
516314,518803,518847,44,2489
516314,518798,518847,49,2484
518821,518837,518847,10,16
518821,518838,518847,9,17
516314,518775,518847,72,2461
518821,518837,518847,10,16
516314,518789,518847,58,2475
516314,518774,518847,73,2460
516314,518810,518848,38,2496
516314,518764,518848,84,2450
516314,518760,518848,88,2446
518821,518838,518849,11,17
518821,518838,518849,11,17
516314,518812,518849,37,2498
516314,518805,518849,44,2491
516314,518760,518849,89,2446
516314,518762,518850,88,2448
518821,518838,518850,12,17
518821,518838,518850,12,17
518821,518838,518850,12,17
518821,518838,518851,13,17
518821,518838,518850,12,17
518821,518838,518850,12,17
516314,518789,518851,62,2475
516314,518809,518851,42,2495
516314,518801,518852,51,2487
516314,518787,518852,65,2473
518821,518838,518852,14,17
518821,518838,518852,14,17
518821,518838,518852,14,17
516314,518811,518852,41,2497
516314,518808,518853,45,2494
516314,518775,518853,78,2461
516314,518801,518854,53,2487
518821,518838,518854,16,17
516314,518766,518855,89,2452
516314,518810,518854,44,2496
516314,518813,518855,42,2499
516314,518758,518856,98,2444
516314,518763,518856,93,2449
516314,518805,518856,51,2491
516314,518788,518857,69,2474
516314,518764,518858,94,2450
516314,518766,518860,94,2452
516314,518807,518859,52,2493
516314,518806,518861,55,2492
516314,518759,518861,102,2445
516314,518767,518861,94,2453
516314,518808,518861,53,2494
516314,518775,518862,87,2461
516314,518814,518862,48,2500
516314,518822,518862,40,2508
516314,518807,518863,56,2493
518860,518860,518864,4,0
518860,518860,518865,5,0
518860,518860,518865,5,0
518860,518860,518865,5,0
518860,518860,518865,5,0
518860,518860,518864,4,0
518860,518860,518865,5,0
518860,518860,518865,5,0
518860,518860,518865,5,0
516314,518773,518865,92,2459
518860,518860,518865,5,0
518860,518860,518866,6,0
518860,518860,518865,5,0
516314,518773,518866,93,2459
518860,518860,518866,6,0
518860,518860,518866,6,0
518860,518860,518865,5,0
518860,518860,518866,6,0
518860,518860,518866,6,0
518860,518860,518866,6,0
518860,518860,518866,6,0
518860,518860,518866,6,0
518860,518860,518866,6,0
516314,518771,518866,95,2457
516314,518766,518867,101,2452
518860,518860,518867,7,0
518860,518860,518867,7,0
518860,518860,518867,7,0
518860,518860,518867,7,0
518860,518860,518867,7,0
518860,518860,518868,8,0
518860,518860,518867,7,0
518860,518860,518867,7,0
518860,518860,518868,8,0
518860,518860,518867,7,0
518860,518860,518868,8,0
518860,518860,518867,7,0
516314,518824,518868,44,2510
518860,518860,518868,8,0
518860,518860,518868,8,0
518860,518865,518869,4,5
518860,518860,518868,8,0
518860,518860,518868,8,0
518860,518860,518868,8,0
518860,518860,518868,8,0
518860,518860,518868,8,0
518860,518864,518868,4,4
518860,518865,518868,3,5
518860,518860,518868,8,0
518860,518860,518868,8,0
518860,518860,518868,8,0
518860,518860,518868,8,0
518860,518865,518868,3,5
518860,518860,518868,8,0
518860,518860,518868,8,0
518860,518860,518868,8,0
518860,518860,518869,9,0
518860,518860,518868,8,0
518860,518860,518869,9,0
518860,518865,518869,4,5
518860,518865,518869,4,5
518860,518860,518869,9,0
518860,518865,518869,4,5
518860,518860,518869,9,0
518860,518860,518869,9,0
518860,518866,518869,3,6
518860,518860,518870,10,0
518860,518860,518869,9,0
518860,518860,518869,9,0
518860,518866,518869,3,6
516314,518820,518870,50,2506
518860,518860,518869,9,0
518860,518860,518869,9,0
518860,518866,518870,4,6
518860,518866,518869,3,6
516314,518823,518869,46,2509
518860,518867,518870,3,7
518860,518860,518871,11,0
518860,518860,518871,11,0
518860,518860,518870,10,0
518860,518860,518870,10,0
518860,518860,518871,11,0
518860,518866,518870,4,6
518860,518867,518871,4,7
518860,518860,518871,11,0
518860,518860,518871,11,0
518860,518860,518871,11,0
518860,518860,518871,11,0
518860,518860,518871,11,0
516314,518821,518872,51,2507
518860,518867,518872,5,7
518860,518860,518872,12,0
518860,518860,518872,12,0
518860,518860,518873,13,0
518860,518867,518873,6,7
518860,518860,518873,13,0
516314,518772,518873,101,2458
516314,518820,518873,53,2506
516314,518768,518873,105,2454
516314,518768,518873,105,2454
518860,518868,518873,5,8
518860,518868,518873,5,8
518860,518867,518873,6,7
518860,518868,518873,5,8
516314,518807,518875,68,2493
518860,518867,518874,7,7
518860,518868,518874,6,8
518860,518868,518875,7,8
518860,518867,518874,7,7
518860,518868,518875,7,8
518860,518868,518875,7,8
518860,518871,518875,4,11
516314,518770,518875,105,2456
518860,518869,518875,6,9
516363,518847,518876,29,2484
518860,518868,518876,8,8
518860,518872,518875,3,12
518860,518868,518876,8,8
518860,518868,518876,8,8
518860,518871,518876,5,11
518860,518868,518875,7,8
518860,518868,518876,8,8
518860,518871,518876,5,11
518860,518871,518875,4,11
516363,518847,518876,29,2484
518860,518871,518877,6,11
518860,518870,518877,7,10
518860,518870,518877,7,10
518860,518872,518877,5,12
518860,518871,518876,5,11
518860,518871,518876,5,11
516314,518830,518877,47,2516
516363,518847,518877,30,2484
518860,518869,518878,9,9
518860,518870,518877,7,10
518860,518870,518877,7,10
518860,518870,518878,8,10
518860,518872,518877,5,12
518860,518867,518878,11,7
518860,518870,518877,7,10
518860,518870,518878,8,10
518860,518869,518878,9,9
518860,518872,518877,5,12
518860,518867,518878,11,7
518860,518870,518877,7,10
518860,518870,518878,8,10
518860,518870,518878,8,10
516314,518830,518878,48,2516
518860,518869,518879,10,9
518860,518873,518878,5,13
518860,518874,518879,5,14
518860,518876,518879,3,16
518860,518870,518878,8,10
518860,518874,518878,4,14
518860,518874,518879,5,14
518860,518876,518878,2,16
518860,518870,518879,9,10
518860,518870,518879,9,10
518860,518869,518879,10,9
518860,518869,518879,10,9
518860,518869,518879,10,9
518860,518870,518878,8,10
518860,518872,518879,7,12
518860,518875,518879,4,15
516314,518824,518879,55,2510
518860,518869,518879,10,9
518860,518870,518878,8,10
518860,518872,518879,7,12
518860,518875,518879,4,15
516363,518847,518879,32,2484
518860,518869,518879,10,9
518860,518869,518879,10,9
518860,518875,518879,4,15
518860,518869,518879,10,9
518860,518874,518880,6,14
518860,518875,518879,4,15
518860,518877,518880,3,17
518860,518878,518880,2,18
518860,518869,518879,10,9
518860,518877,518879,2,17
518860,518869,518880,11,9
518860,518876,518879,3,16
518860,518877,518880,3,17
518860,518877,518880,3,17
518860,518870,518880,10,10
518860,518876,518880,4,16
518860,518876,518880,4,16
518860,518876,518880,4,16
518860,518877,518880,3,17
516314,518825,518881,56,2511
516363,518848,518881,33,2485
518860,518869,518881,12,9
518860,518877,518881,4,17
518860,518878,518880,2,18
518860,518869,518881,12,9
518860,518869,518881,12,9
518860,518878,518881,3,18
518860,518873,518881,8,13
518860,518873,518881,8,13
518860,518875,518880,5,15
518860,518873,518881,8,13
518860,518875,518881,6,15
518860,518873,518881,8,13
518860,518875,518881,6,15
518860,518876,518881,5,16
516314,518828,518882,54,2514
518860,518869,518881,12,9
518860,518878,518882,4,18
518860,518869,518881,12,9
518860,518878,518882,4,18
518860,518876,518882,6,16
518860,518876,518882,6,16
518860,518878,518882,4,18
518860,518878,518882,4,18
518860,518878,518883,5,18
518860,518869,518883,14,9
518860,518878,518883,5,18
518860,518878,518883,5,18
518860,518878,518882,4,18
518860,518873,518883,10,13
518860,518869,518883,14,9
518860,518878,518883,5,18
518860,518878,518883,5,18
516314,518835,518884,49,2521
516314,518847,518885,38,2533
516363,518850,518886,36,2487
518860,518876,518886,10,16
516314,518829,518887,58,2515
516363,518848,518888,40,2485
516314,518830,518888,58,2516
516314,518828,518889,61,2514
516363,518848,518888,40,2485
516314,518844,518889,45,2530
516363,518850,518890,40,2487
516363,518848,518890,42,2485
516314,518844,518890,46,2530
516314,518846,518891,45,2532
516314,518843,518891,48,2529
516314,518846,518892,46,2532
516363,518850,518892,42,2487
516314,518841,518894,53,2527
518892,518892,518895,3,0
518892,518892,518895,3,0
518892,518892,518895,3,0
516314,518832,518895,63,2518
518892,518892,518896,4,0
516314,518846,518896,50,2532
516314,518830,518896,66,2516
516363,518849,518896,47,2486
516363,518849,518896,47,2486
518892,518892,518897,5,0
518892,518892,518897,5,0
518892,518892,518897,5,0
518892,518892,518897,5,0
518892,518892,518897,5,0
518892,518892,518898,6,0
518892,518892,518897,5,0
518892,518892,518898,6,0
518892,518892,518898,6,0
518892,518892,518897,5,0
516314,518835,518897,62,2521
516314,518844,518898,54,2530
516314,518843,518899,56,2529
518892,518892,518899,7,0
518892,518892,518899,7,0
518892,518892,518898,6,0
518892,518892,518899,7,0
518892,518892,518899,7,0
518892,518892,518899,7,0
518892,518892,518899,7,0
518892,518892,518899,7,0
518892,518892,518898,6,0
518892,518892,518899,7,0
518892,518892,518899,7,0
518892,518892,518899,7,0
518892,518892,518899,7,0
518892,518892,518899,7,0
518892,518892,518899,7,0
518892,518895,518900,5,3
518892,518895,518900,5,3
518892,518892,518900,8,0
518892,518895,518900,5,3
518892,518892,518900,8,0
518892,518892,518900,8,0
516314,518836,518900,64,2522
516314,518837,518901,64,2523
518892,518892,518901,9,0
518892,518892,518900,8,0
518892,518892,518901,9,0
518892,518892,518901,9,0
518892,518892,518901,9,0
518892,518892,518901,9,0
518892,518896,518901,5,4
518892,518892,518901,9,0
518892,518892,518901,9,0
516314,518839,518902,63,2525
516363,518851,518901,50,2488
518892,518892,518901,9,0
518892,518892,518902,10,0
518892,518892,518901,9,0
518892,518892,518902,10,0
518892,518892,518902,10,0
518892,518892,518902,10,0
518892,518892,518902,10,0
518892,518899,518902,3,7
518892,518899,518902,3,7
518892,518899,518902,3,7
518892,518892,518902,10,0
518892,518892,518902,10,0
518892,518897,518902,5,5
518892,518899,518902,3,7
518892,518899,518902,3,7
518892,518899,518902,3,7
518892,518892,518902,10,0
516363,518879,518902,23,2516
518892,518892,518903,11,0
516363,518876,518902,26,2513
518892,518892,518903,11,0
518892,518898,518903,5,6
518892,518898,518903,5,6
518892,518899,518902,3,7
518892,518892,518903,11,0
518892,518899,518903,4,7
518892,518892,518903,11,0
518892,518898,518903,5,6
518892,518899,518903,4,7
518892,518892,518903,11,0
518892,518897,518902,5,5
518892,518898,518902,4,6
518892,518900,518903,3,8
518892,518898,518903,5,6
518892,518900,518903,3,8
518892,518900,518903,3,8
518892,518900,518903,3,8
516363,518878,518904,26,2515
518892,518892,518904,12,0
518892,518899,518904,5,7
518892,518892,518904,12,0
518892,518892,518904,12,0
518892,518898,518904,6,6
518892,518901,518904,3,9
518892,518901,518904,3,9
518892,518899,518904,5,7
518892,518900,518904,4,8
516363,518880,518905,25,2517
518892,518897,518905,8,5
518892,518899,518904,5,7
516363,518877,518904,27,2514
518892,518892,518905,13,0
518892,518899,518905,6,7
518892,518892,518905,13,0
518892,518901,518904,3,9
518892,518892,518905,13,0
518892,518900,518905,5,8
518892,518901,518905,4,9
518892,518898,518905,7,6
518892,518901,518905,4,9
518892,518901,518905,4,9
518892,518901,518905,4,9
518892,518901,518905,4,9
516363,518879,518905,26,2516
518892,518899,518905,6,7
518892,518902,518906,4,10
518892,518902,518906,4,10
518892,518900,518905,5,8
518892,518902,518906,4,10
518892,518892,518906,14,0
518892,518892,518906,14,0
518892,518892,518906,14,0
518892,518901,518906,5,9
516363,518882,518907,25,2519
518892,518892,518907,15,0
518892,518902,518907,5,10
518892,518902,518907,5,10
518892,518902,518907,5,10
518892,518902,518907,5,10
518892,518902,518907,5,10
518892,518902,518907,5,10
518892,518902,518907,5,10
518892,518902,518907,5,10
518892,518892,518907,15,0
518892,518902,518907,5,10
518892,518902,518907,5,10
518892,518892,518908,16,0
518892,518892,518908,16,0
518892,518892,518908,16,0
518892,518902,518908,6,10
516363,518878,518909,31,2515
518892,518904,518909,5,12
518892,518904,518909,5,12
518892,518903,518908,5,11
516363,518881,518909,28,2518
518892,518904,518909,5,12
518892,518892,518909,17,0
518892,518903,518909,6,11
518892,518904,518909,5,12
518892,518904,518910,6,12
516363,518852,518909,57,2489
516363,518873,518910,37,2510
516363,518881,518910,29,2518
516363,518870,518910,40,2507
516363,518875,518911,36,2512
518892,518903,518910,7,11
518892,518903,518910,7,11
518892,518904,518911,7,12
518892,518904,518911,7,12
518892,518908,518912,4,16
518892,518908,518912,4,16
518892,518907,518912,5,15
518892,518908,518911,3,16
518892,518892,518911,19,0
518892,518908,518912,4,16
518892,518908,518911,3,16
518892,518908,518912,4,16
518892,518908,518912,4,16
518892,518908,518912,4,16
518892,518903,518913,10,11
518892,518908,518912,4,16
516314,518829,518912,83,2515
518892,518906,518913,7,14
518892,518904,518912,8,12
518892,518904,518912,8,12
518892,518904,518912,8,12
518892,518904,518913,9,12
518892,518904,518913,9,12
518892,518906,518912,6,14
516363,518850,518913,63,2487
518892,518905,518913,8,13
516363,518873,518913,40,2510
518892,518892,518913,21,0
518892,518907,518913,6,15
518892,518906,518913,7,14
518892,518906,518913,7,14
518892,518904,518913,9,12
518892,518909,518914,5,17
518892,518907,518913,6,15
518892,518908,518913,5,16
518892,518905,518913,8,13
518892,518906,518913,7,14
518892,518906,518914,8,14
518892,518907,518913,6,15
518892,518908,518913,5,16
518892,518908,518914,6,16
516363,518873,518914,41,2510
518892,518907,518914,7,15
518892,518909,518914,5,17
518892,518909,518915,6,17
518892,518904,518915,11,12
518892,518906,518915,9,14
518892,518906,518915,9,14
518892,518908,518914,6,16
518892,518909,518914,5,17
518892,518907,518914,7,15
518892,518907,518914,7,15
518892,518907,518916,9,15
518892,518905,518915,10,13
516363,518875,518915,40,2512
518892,518905,518915,10,13
518892,518905,518915,10,13
518892,518905,518916,11,13
518892,518906,518916,10,14
518892,518906,518916,10,14
518892,518903,518916,13,11
518892,518905,518916,11,13
518892,518903,518918,15,11
518892,518905,518917,12,13
518892,518906,518917,11,14
518892,518904,518918,14,12
516363,518889,518918,29,2526
518892,518904,518919,15,12
516363,518885,518918,33,2522
516363,518870,518919,49,2507
518892,518904,518919,15,12
518892,518904,518919,15,12
518892,518904,518921,17,12
516363,518888,518921,33,2525
516363,518889,518921,32,2526
516363,518890,518923,33,2527
516363,518889,518924,35,2526
516363,518889,518923,34,2526
516363,518894,518925,31,2531
516363,518874,518926,52,2511
516363,518887,518927,40,2524
516363,518868,518927,59,2505
516363,518893,518928,35,2530
518926,518926,518929,3,0
518926,518926,518929,3,0
518926,518926,518930,4,0
518926,518926,518930,4,0
518926,518926,518930,4,0
518926,518926,518930,4,0
516363,518852,518930,78,2489
518926,518926,518931,5,0
518926,518926,518931,5,0
518926,518926,518931,5,0
518926,518926,518931,5,0
518926,518926,518931,5,0
518926,518926,518931,5,0
518926,518926,518931,5,0
518926,518926,518931,5,0
518926,518926,518931,5,0
518926,518926,518931,5,0
518926,518926,518931,5,0
518926,518926,518931,5,0
518926,518926,518931,5,0
518926,518926,518932,6,0
518926,518926,518932,6,0
518926,518926,518932,6,0
518926,518926,518932,6,0
518926,518926,518931,5,0
518926,518926,518932,6,0
518926,518926,518932,6,0
518926,518926,518932,6,0
518926,518926,518933,7,0
518926,518926,518933,7,0
518926,518926,518934,8,0
518926,518926,518933,7,0
518926,518926,518933,7,0
518926,518926,518933,7,0
518926,518926,518933,7,0
518926,518926,518933,7,0
518926,518926,518933,7,0
516363,518867,518933,66,2504
516363,518892,518933,41,2529
518926,518926,518934,8,0
518926,518926,518934,8,0
518926,518926,518934,8,0
518926,518926,518934,8,0
518926,518926,518934,8,0
518926,518926,518934,8,0
518926,518926,518934,8,0
518926,518926,518934,8,0
518926,518926,518934,8,0
516363,518892,518934,42,2529
518926,518926,518935,9,0
518926,518926,518935,9,0
518926,518926,518935,9,0
518926,518926,518935,9,0
518926,518926,518935,9,0
518926,518926,518935,9,0
518926,518926,518935,9,0
518926,518926,518936,10,0
516363,518853,518936,83,2490
518926,518926,518936,10,0
518926,518926,518936,10,0
518926,518926,518936,10,0
518926,518926,518937,11,0
518926,518926,518936,10,0
518926,518926,518936,10,0
518926,518926,518936,10,0
518926,518926,518937,11,0
516363,518855,518936,81,2492
516363,518891,518936,45,2528
516363,518863,518937,74,2500
516363,518895,518937,42,2532
518926,518926,518937,11,0
518926,518934,518937,3,8
518926,518926,518938,12,0
516363,518854,518938,84,2491
518926,518934,518938,4,8
518926,518935,518939,4,9
518926,518932,518938,6,6
518926,518935,518939,4,9
518926,518935,518939,4,9
518926,518926,518938,12,0
518926,518926,518938,12,0
518926,518934,518938,4,8
518926,518934,518938,4,8
516363,518852,518939,87,2489
518926,518932,518939,7,6
518926,518932,518939,7,6
518926,518934,518939,5,8
518926,518936,518939,3,10
518926,518931,518939,8,5
518926,518934,518940,6,8
518926,518935,518939,4,9
518926,518926,518940,14,0
518926,518935,518939,4,9
518926,518932,518939,7,6
518926,518932,518939,7,6
518926,518926,518939,13,0
518926,518937,518940,3,11
518926,518926,518939,13,0
518926,518935,518939,4,9
518926,518936,518939,3,10
516363,518893,518940,47,2530
518926,518932,518940,8,6
518926,518929,518941,12,3
518926,518931,518940,9,5
518926,518932,518940,8,6
518926,518932,518940,8,6
518926,518933,518941,8,7
518926,518938,518940,2,12
518926,518939,518941,2,13
518926,518926,518941,15,0
518926,518934,518940,6,8
518926,518926,518941,15,0
518926,518932,518941,9,6
518926,518937,518940,3,11
518926,518930,518940,10,4
518926,518931,518941,10,5
518926,518938,518940,2,12
516363,518902,518940,38,2539
518926,518935,518941,6,9
518926,518937,518941,4,11
518926,518934,518941,7,8
518926,518938,518941,3,12
518926,518934,518941,7,8
518926,518935,518940,5,9
518926,518937,518941,4,11
518926,518933,518941,8,7
518926,518933,518940,7,7
518926,518936,518941,5,10
516363,518864,518941,77,2501
518926,518930,518942,12,4
518926,518930,518941,11,4
518926,518933,518941,8,7
518926,518936,518942,6,10
518926,518939,518941,2,13
518926,518932,518942,10,6
518926,518937,518942,5,11
518926,518937,518942,5,11
518926,518939,518941,2,13
518926,518939,518941,2,13
518926,518935,518941,6,9
518926,518937,518941,4,11
518926,518933,518942,9,7
518926,518936,518942,6,10
518926,518936,518941,5,10
518926,518939,518942,3,13
516363,518866,518941,75,2503
516363,518891,518942,51,2528
518926,518936,518942,6,10
518926,518937,518941,4,11
516363,518886,518942,56,2523
518926,518940,518943,3,14
518926,518940,518943,3,14
516363,518899,518943,44,2536
518926,518926,518943,17,0
518926,518932,518942,10,6
518926,518933,518942,9,7
518926,518939,518942,3,13
518926,518932,518942,10,6
518926,518939,518943,4,13
518926,518939,518943,4,13
518926,518940,518943,3,14
518926,518940,518944,4,14
518926,518940,518943,3,14
516363,518911,518944,33,2548
518926,518940,518943,3,14
518926,518940,518943,3,14
516363,518867,518944,77,2504
518926,518939,518944,5,13
516363,518857,518944,87,2494
516363,518858,518944,86,2495
516363,518886,518944,58,2523
516363,518855,518945,90,2492
518926,518941,518944,3,15
518926,518941,518945,4,15
518926,518941,518945,4,15
518926,518926,518945,19,0
518926,518936,518945,9,10
518926,518940,518945,5,14
518926,518940,518945,5,14
518926,518940,518945,5,14
516363,518853,518945,92,2490
516363,518874,518944,70,2511
518926,518940,518945,5,14
518926,518940,518945,5,14
518926,518933,518944,11,7
518926,518940,518945,5,14
516363,518896,518945,49,2533
518926,518941,518945,4,15
518926,518941,518945,4,15
518926,518941,518945,4,15
518926,518941,518945,4,15
518926,518941,518945,4,15
518926,518940,518945,5,14
518926,518941,518946,5,15
518926,518941,518946,5,15
516363,518856,518946,90,2493
518926,518940,518946,6,14
516363,518901,518946,45,2538
518926,518940,518946,6,14
516363,518910,518946,36,2547
516363,518902,518946,44,2539
518926,518942,518946,4,16
518926,518942,518947,5,16
516363,518897,518947,50,2534
516363,518911,518947,36,2548
518926,518941,518947,6,15
518926,518941,518947,6,15
518926,518941,518947,6,15
518926,518942,518947,5,16
518926,518929,518947,18,3
518926,518941,518948,7,15
518926,518941,518948,7,15
518926,518941,518948,7,15
518926,518941,518948,7,15
518926,518941,518947,6,15
518926,518941,518948,7,15
516363,518896,518948,52,2533
516363,518898,518948,50,2535
518926,518941,518949,8,15
516363,518903,518950,47,2540
516363,518860,518949,89,2497
518926,518942,518949,7,16
518926,518941,518949,8,15
518926,518942,518950,8,16
516363,518863,518950,87,2500
518926,518941,518950,9,15
516363,518910,518951,41,2547
516363,518901,518950,49,2538
518926,518942,518951,9,16
518926,518941,518951,10,15
516363,518858,518951,93,2495
516363,518857,518952,95,2494
516363,518898,518952,54,2535
518926,518942,518952,10,16
518926,518941,518952,11,15
518926,518941,518952,11,15
516363,518897,518952,55,2534
516363,518907,518952,45,2544
518926,518942,518953,11,16
518926,518941,518953,12,15
518926,518942,518953,11,16
516363,518909,518954,45,2546
516363,518910,518954,44,2547
518926,518942,518954,12,16
518926,518942,518955,13,16
518926,518942,518956,14,16
518926,518942,518956,14,16
516363,518863,518956,93,2500
516363,518904,518956,52,2541
516363,518861,518956,95,2498
516363,518862,518957,95,2499
516363,518856,518957,101,2493
516363,518855,518957,102,2492
516363,518909,518958,49,2546
516363,518866,518958,92,2503
516363,518861,518960,99,2498
516363,518903,518962,59,2540
516363,518914,518962,48,2551
516363,518860,518964,104,2497
516363,518913,518964,51,2550
516363,518906,518965,59,2543
518961,518962,518965,3,1
518961,518962,518966,4,1
518961,518962,518965,3,1
518961,518962,518965,3,1
518961,518962,518966,4,1
518961,518962,518967,5,1
518961,518962,518966,4,1
518961,518962,518967,5,1
518961,518962,518966,4,1
518961,518962,518966,4,1
518961,518962,518967,5,1
516363,518916,518967,51,2553
516363,518919,518967,48,2556
518961,518962,518968,6,1
518961,518962,518967,5,1
518961,518962,518967,5,1
518961,518962,518967,5,1
518961,518962,518967,5,1
518961,518962,518968,6,1
518961,518962,518967,5,1
518961,518962,518967,5,1
518961,518962,518968,6,1
518961,518962,518967,5,1
516363,518905,518968,63,2542
516363,518861,518968,107,2498
518961,518962,518969,7,1
518961,518962,518969,7,1
518961,518962,518968,6,1
518961,518962,518968,6,1
518961,518962,518968,6,1
518961,518962,518968,6,1
518961,518962,518969,7,1
518961,518962,518968,6,1
518961,518962,518968,6,1
518961,518962,518968,6,1
518961,518962,518968,6,1
518961,518962,518969,7,1
518961,518962,518968,6,1
518961,518962,518969,7,1
518961,518962,518969,7,1
518961,518962,518969,7,1
518961,518962,518970,8,1
518961,518962,518970,8,1
518961,518962,518970,8,1
518961,518962,518969,7,1
518961,518962,518969,7,1
518961,518966,518969,3,5
518961,518966,518969,3,5
518961,518962,518970,8,1
518961,518962,518970,8,1
518961,518962,518969,7,1
518961,518967,518970,3,6
518961,518962,518970,8,1
518961,518962,518970,8,1
518961,518966,518969,3,5
518961,518962,518970,8,1
518961,518962,518970,8,1
518961,518962,518970,8,1
518961,518962,518970,8,1
518961,518962,518969,7,1
518961,518962,518970,8,1
518961,518962,518971,9,1
518961,518962,518970,8,1
518961,518962,518971,9,1
516363,518920,518970,50,2557
518961,518962,518970,8,1
518961,518967,518971,4,6
518961,518966,518970,4,5
518961,518966,518971,5,5
516363,518922,518971,49,2559
516363,518905,518971,66,2542
516363,518913,518971,58,2550
518961,518962,518972,10,1
518961,518962,518972,10,1
518961,518962,518972,10,1
518961,518962,518971,9,1
518961,518962,518972,10,1
518961,518968,518971,3,7
518961,518968,518971,3,7
518961,518967,518972,5,6
518961,518967,518971,4,6
518961,518967,518971,4,6
518961,518968,518972,4,7
516424,518942,518972,30,2518
518961,518962,518973,11,1
518961,518962,518973,11,1
518961,518962,518973,11,1
518961,518968,518972,4,7
518961,518962,518972,10,1
518961,518962,518972,10,1
518961,518968,518973,5,7
518961,518962,518973,11,1
518961,518968,518973,5,7
518961,518968,518973,5,7
516363,518915,518974,59,2552
518961,518968,518974,6,7
518961,518962,518974,12,1
518961,518968,518973,5,7
518961,518968,518974,6,7
516363,518923,518974,51,2560
518961,518962,518975,13,1
518961,518969,518974,5,8
518961,518969,518974,5,8
518961,518967,518975,8,6
518961,518969,518975,6,8
518961,518969,518975,6,8
516363,518924,518976,52,2561
518961,518970,518976,6,9
518961,518962,518975,13,1
518961,518962,518976,14,1
518961,518970,518976,6,9
518961,518970,518975,5,9
518961,518970,518975,5,9
518961,518969,518976,7,8
518961,518969,518976,7,8
516363,518924,518975,51,2561
518961,518969,518976,7,8
518961,518969,518976,7,8
518961,518972,518977,5,11
518961,518969,518977,8,8
518961,518969,518977,8,8
518961,518972,518977,5,11
518961,518970,518977,7,9
516363,518919,518977,58,2556
518961,518969,518977,8,8
518961,518970,518978,8,9
518961,518970,518978,8,9
518961,518971,518978,7,10
518961,518971,518978,7,10
518961,518972,518978,6,11
518961,518973,518977,4,12
518961,518970,518978,8,9
518961,518971,518978,7,10
518961,518972,518978,6,11
518961,518972,518978,6,11
518961,518973,518977,4,12
518961,518973,518978,5,12
518961,518975,518978,3,14
516363,518926,518978,52,2563
518961,518969,518979,10,8
518961,518970,518979,9,9
518961,518972,518979,7,11
518961,518973,518979,6,12
518961,518976,518978,2,15
518961,518977,518979,2,16
518961,518977,518979,2,16
518961,518974,518979,5,13
518961,518973,518979,6,12
518961,518976,518978,2,15
518961,518976,518979,3,15
518961,518977,518979,2,16
518961,518970,518979,9,9
518961,518970,518979,9,9
518961,518976,518979,3,15
518961,518972,518979,7,11
518961,518975,518979,4,14
518961,518975,518979,4,14
516424,518943,518979,36,2519
518961,518971,518980,9,10
518961,518975,518980,5,14
518961,518976,518979,3,15
516424,518944,518980,36,2520
518961,518971,518979,8,10
518961,518976,518979,3,15
518961,518970,518980,10,9
518961,518970,518980,10,9
518961,518971,518980,9,10
518961,518974,518980,6,13
518961,518970,518980,10,9
518961,518973,518980,7,12
518961,518973,518980,7,12
518961,518974,518980,6,13
518961,518977,518980,3,16
518961,518977,518980,3,16
518961,518971,518980,9,10
518961,518976,518980,4,15
518961,518976,518980,4,15
518961,518970,518980,10,9
518961,518973,518980,7,12
518961,518973,518980,7,12
518961,518977,518980,3,16
518961,518972,518981,9,11
518961,518972,518981,9,11
518961,518972,518980,8,11
518961,518972,518981,9,11
518961,518970,518981,11,9
518961,518970,518981,11,9
518961,518978,518981,3,17
518961,518979,518981,2,18
518961,518970,518981,11,9
518961,518970,518981,11,9
518961,518974,518981,7,13
518961,518969,518981,12,8
518961,518970,518981,11,9
518961,518978,518981,3,17
516363,518940,518982,42,2577
516363,518941,518981,40,2578
518961,518975,518981,6,14
518961,518977,518981,4,16
516424,518943,518981,38,2519
518961,518975,518982,7,14
518961,518978,518982,4,17
518961,518970,518982,12,9
518961,518970,518982,12,9
518961,518978,518982,4,17
518961,518979,518982,3,18
518961,518979,518982,3,18
518961,518979,518982,3,18
518961,518979,518982,3,18
518961,518973,518982,9,12
518961,518978,518983,5,17
518961,518970,518983,13,9
518961,518979,518983,4,18
518961,518979,518983,4,18
518961,518979,518983,4,18
516424,518945,518983,38,2521
518961,518979,518984,5,18
518961,518979,518984,5,18
518961,518979,518984,5,18
516424,518944,518984,40,2520
518961,518979,518985,6,18
518961,518979,518985,6,18
516363,518934,518985,51,2571
516424,518945,518985,40,2521
516424,518945,518986,41,2521
516363,518928,518986,58,2565
516424,518945,518986,41,2521
516363,518939,518987,48,2576
516363,518922,518986,64,2559
516424,518944,518988,44,2520
516363,518938,518987,49,2575
516363,518927,518987,60,2564
516363,518942,518989,47,2579
516363,518935,518991,56,2572
516363,518928,518991,63,2565
516363,518931,518993,62,2568
516424,518945,518993,48,2521
516363,518941,518994,53,2578
516363,518937,518995,58,2574
516363,518938,518994,56,2575
516363,518925,518994,69,2562
518991,518991,518995,4,0
518991,518991,518995,4,0
518991,518991,518996,5,0
518991,518991,518995,4,0
518991,518991,518996,5,0
518991,518991,518995,4,0
518991,518991,518996,5,0
516424,518976,518996,20,2552
516363,518936,518996,60,2573
518991,518991,518997,6,0
518991,518991,518997,6,0
518991,518991,518997,6,0
516424,518946,518997,51,2522
516424,518976,518997,21,2552
516424,518946,518997,51,2522
518991,518991,518997,6,0
518991,518991,518998,7,0
518991,518991,518997,6,0
518991,518991,518997,6,0
518991,518991,518997,6,0
518991,518991,518998,7,0
518991,518991,518997,6,0
518991,518991,518998,7,0
516363,518934,518998,64,2571
518991,518991,518998,7,0
516424,518946,518998,52,2522
518991,518991,518999,8,0
518991,518991,518999,8,0
518991,518991,518998,7,0
518991,518991,518998,7,0
518991,518991,518998,7,0
518991,518991,518999,8,0
518991,518991,518999,8,0
518991,518991,518999,8,0
518991,518991,518999,8,0
516424,518946,519000,54,2522
518991,518991,518999,8,0
518991,518991,518999,8,0
518991,518991,519000,9,0
518991,518991,519000,9,0
518991,518991,518999,8,0
518991,518991,519000,9,0
518991,518991,519000,9,0
518991,518995,519000,5,4
518991,518991,518999,8,0
518991,518991,518999,8,0
518991,518991,519000,9,0
518991,518991,518999,8,0
518991,518991,519000,9,0
516424,518979,519000,21,2555
518991,518991,519001,10,0
518991,518998,519001,3,7
518991,518991,519001,10,0
518991,518995,519001,6,4
518991,518998,519001,3,7
518991,518998,519000,2,7
518991,518991,519000,9,0
518991,518991,519001,10,0
518991,518991,519001,10,0
518991,518998,519000,2,7
518991,518999,519001,2,8
518991,518991,519001,10,0
518991,518998,519001,3,7
518991,518998,519001,3,7
518991,518991,519000,9,0
518991,518996,519002,6,5
518991,518999,519001,2,8
516363,518938,519001,63,2575
518991,518991,519001,10,0
518991,518996,519002,6,5
518991,518998,519001,3,7
518991,519000,519002,2,9
518991,518999,519002,3,8
518991,518999,519001,2,8
518991,518999,519001,2,8
518991,518991,519002,11,0
518991,518991,519001,10,0
518991,518991,519002,11,0
518991,518996,519002,6,5
518991,518999,519002,3,8
516424,518974,519002,28,2550
518991,518991,519002,11,0
518991,518991,519002,11,0
518991,518991,519002,11,0
516424,518980,519002,22,2556
516424,518975,519002,27,2551
518991,518991,519003,12,0
518991,518991,519002,11,0
518991,519000,519003,3,9
518991,518997,519003,6,6
518991,518991,519003,12,0
518991,518998,519002,4,7
518991,519000,519003,3,9
518991,518991,519003,12,0
518991,518991,519003,12,0
518991,518991,519003,12,0
518991,518997,519003,6,6
516424,518977,519003,26,2553
518991,518991,519004,13,0
518991,518991,519004,13,0
518991,518999,519003,4,8
518991,518999,519003,4,8
518991,519000,519003,3,9
516424,518980,519003,23,2556
518991,518998,519004,6,7
518991,519001,519004,3,10
518991,518991,519004,13,0
518991,518991,519004,13,0
518991,519000,519004,4,9
518991,518991,519004,13,0
518991,518996,519004,8,5
518991,519000,519004,4,9
518991,519000,519004,4,9
518991,518996,519004,8,5
518991,519000,519004,4,9
518991,518991,519005,14,0
518991,519000,519004,4,9
518991,518999,519004,5,8
516363,518937,519004,67,2574
518991,518991,519004,13,0
518991,519001,519005,4,10
518991,518991,519005,14,0
518991,519000,519005,5,9
518991,519001,519005,4,10
518991,519001,519005,4,10
518991,519001,519005,4,10
518991,519001,519006,5,10
518991,519000,519005,5,9
518991,519000,519006,6,9
518991,519000,519005,5,9
518991,519002,519006,4,11
518991,519002,519006,4,11
518991,519002,519006,4,11
518991,519002,519006,4,11
518991,519001,519006,5,10
518991,519001,519006,5,10
518991,519001,519006,5,10
518991,519001,519006,5,10
518991,518991,519006,15,0
518991,519001,519006,5,10
518991,519002,519006,4,11
518991,519000,519006,6,9
518991,519002,519006,4,11
516424,518973,519006,33,2549
518991,519002,519007,5,11
518991,519001,519007,6,10
518991,519002,519008,6,11
518991,519002,519008,6,11
516424,518968,519008,40,2544
518991,519002,519008,6,11
518991,519002,519007,5,11
518991,518991,519008,17,0
518991,519003,519009,6,12
518991,519003,519008,5,12
518991,519004,519008,4,13
518991,519002,519008,6,11
516424,518946,519009,63,2522
518991,518991,519009,18,0
518991,519003,519010,7,12
518991,519002,519009,7,11
518991,519004,519010,6,13
518991,519004,519009,5,13
518991,519004,519009,5,13
518991,518991,519009,18,0
516424,518982,519009,27,2558
518991,519006,519011,5,15
518991,519007,519011,4,16
518991,519002,519010,8,11
518991,519006,519010,4,15
518991,519006,519011,5,15
518991,519006,519011,5,15
518991,519004,519010,6,13
518991,519004,519010,6,13
516424,518986,519011,25,2562
518991,519006,519011,5,15
518991,519007,519012,5,16
518991,519007,519011,4,16
518991,519007,519011,4,16
518991,519004,519012,8,13
518991,519007,519012,5,16
518991,519003,519011,8,12
516424,518965,519011,46,2541
516424,518987,519012,25,2563
516424,518969,519011,42,2545
516424,518987,519013,26,2563
518991,519007,519012,5,16
518991,519005,519012,7,14
518991,519005,519013,8,14
518991,519005,519013,8,14
518991,519007,519013,6,16
518991,519007,519013,6,16
518991,519005,519013,8,14
518991,519003,519012,9,12
518991,519005,519013,8,14
518991,519007,519012,5,16
518991,519007,519012,5,16
516424,518972,519013,41,2548
518991,519003,519013,10,12
518991,519003,519013,10,12
518991,519005,519014,9,14
518991,519006,519013,7,15
518991,519006,519013,7,15
516424,518968,519013,45,2544
518991,519003,519013,10,12
518991,519005,519013,8,14
518991,519006,519013,7,15
518991,519003,519014,11,12
518991,519005,519014,9,14
518991,519006,519013,7,15
516424,518986,519014,28,2562
518991,519003,519014,11,12
518991,519005,519014,9,14
518991,519005,519014,9,14
518991,519005,519015,10,14
518991,519005,519014,9,14
518991,519006,519014,8,15
518991,519007,519014,7,16
518991,519007,519014,7,16
518991,519007,519015,8,16
518991,519005,519016,11,14
518991,519005,519016,11,14
516424,518985,519016,31,2561
516424,518986,519016,30,2562
518991,519007,519016,9,16
518991,519004,519018,14,13
518991,519004,519018,14,13
518991,519004,519017,13,13
518991,519004,519019,15,13
516424,518982,519018,36,2558
516424,518984,519019,35,2560
518991,519004,519020,16,13
516424,518987,519019,32,2563
518991,519004,519020,16,13
516424,518964,519021,57,2540
516424,518971,519023,52,2547
516424,518947,519024,77,2523
516424,518987,519024,37,2563
516424,518969,519026,57,2545
516424,518992,519028,36,2568
519025,519026,519029,3,1
519025,519026,519029,3,1
519025,519026,519029,3,1
519025,519026,519029,3,1
519025,519026,519030,4,1
519025,519026,519029,3,1
519025,519026,519029,3,1
519025,519026,519029,3,1
519025,519026,519029,3,1
519025,519026,519029,3,1
519025,519026,519029,3,1
516424,518971,519030,59,2547
519025,519026,519030,4,1
519025,519026,519031,5,1
519025,519026,519030,4,1
519025,519026,519030,4,1
519025,519026,519030,4,1
519025,519026,519030,4,1
519025,519026,519030,4,1
519025,519026,519031,5,1
519025,519026,519030,4,1
519025,519026,519030,4,1
519025,519026,519030,4,1
519025,519026,519031,5,1
519025,519026,519031,5,1
519025,519026,519031,5,1
519025,519026,519031,5,1
519025,519026,519030,4,1
516424,518950,519031,81,2526
519025,519026,519031,5,1
519025,519026,519032,6,1
519025,519026,519032,6,1
519025,519026,519031,5,1
519025,519026,519032,6,1
516424,518947,519031,84,2523
516424,518988,519032,44,2564
516424,518950,519033,83,2526
519025,519026,519032,6,1
519025,519026,519033,7,1
519025,519026,519033,7,1
519025,519026,519032,6,1
519025,519026,519033,7,1
519025,519026,519033,7,1
519025,519026,519032,6,1
516424,518992,519032,40,2568
519025,519026,519032,6,1
519025,519026,519033,7,1
516424,518971,519033,62,2547
519025,519026,519034,8,1
519025,519026,519034,8,1
519025,519026,519033,7,1
519025,519026,519034,8,1
519025,519026,519034,8,1
519025,519026,519033,7,1
519025,519026,519033,7,1
519025,519026,519033,7,1
516424,518990,519034,44,2566
516424,518959,519034,75,2535
519025,519026,519034,8,1
519025,519026,519034,8,1
519025,519026,519034,8,1
519025,519026,519035,9,1
519025,519026,519034,8,1
519025,519030,519034,4,5
519025,519030,519035,5,5
519025,519026,519034,8,1
519025,519026,519035,9,1
519025,519030,519035,5,5
519025,519026,519035,9,1
516424,518993,519035,42,2569
519025,519026,519035,9,1
519025,519026,519036,10,1
519025,519026,519035,9,1
519025,519030,519035,5,5
519025,519026,519035,9,1
519025,519026,519035,9,1
519025,519030,519035,5,5
519025,519026,519036,10,1
516424,518949,519036,87,2525
519025,519026,519037,11,1
519025,519026,519037,11,1
519025,519026,519036,10,1
519025,519026,519037,11,1
519025,519032,519037,5,7
519025,519033,519037,4,8
519025,519035,519037,2,10
519025,519032,519037,5,7
519025,519034,519037,3,9
519025,519035,519038,3,10
519025,519031,519038,7,6
519025,519034,519038,4,9
519025,519035,519037,2,10
519025,519036,519038,2,11
519025,519026,519037,11,1
519025,519026,519038,12,1
519025,519035,519038,3,10
519025,519036,519038,2,11
519025,519026,519037,11,1
519025,519035,519038,3,10
519025,519035,519038,3,10
519025,519031,519038,7,6
519025,519033,519038,5,8
519025,519035,519038,3,10
519025,519036,519038,2,11
516424,518982,519038,56,2558
519025,519026,519038,12,1
519025,519026,519038,12,1
519025,519032,519039,7,7
519025,519034,519039,5,9
519025,519034,519039,5,9
519025,519032,519039,7,7
519025,519036,519038,2,11
519025,519031,519038,7,6
519025,519031,519039,8,6
519025,519033,519039,6,8
519025,519032,519039,7,7
519025,519035,519039,4,10
519025,519034,519039,5,9
519025,519036,519039,3,11
519025,519031,519039,8,6
519025,519034,519039,5,9
519025,519037,519039,2,12
519025,519031,519039,8,6
519025,519031,519039,8,6
519025,519033,519038,5,8
519025,519036,519039,3,11
519025,519037,519039,2,12
519025,519035,519040,5,10
519025,519031,519039,8,6
519025,519038,519040,2,13
519025,519031,519040,9,6
519025,519038,519040,2,13
519025,519034,519040,6,9
519025,519034,519040,6,9
519025,519036,519039,3,11
519025,519036,519039,3,11
519025,519037,519040,3,12
516424,519005,519041,36,2581
519025,519033,519041,8,8
519025,519037,519041,4,12
519025,519037,519041,4,12
519025,519031,519040,9,6
519025,519038,519041,3,13
519025,519038,519041,3,13
519025,519038,519040,2,13
519025,519038,519041,3,13
519025,519038,519041,3,13
519025,519038,519041,3,13
519025,519033,519041,8,8
519025,519038,519041,3,13
519025,519037,519041,4,12
519025,519038,519041,3,13
519025,519031,519041,10,6
519025,519038,519041,3,13
516424,518951,519042,91,2527
516424,518952,519042,90,2528
519025,519035,519041,6,10
519025,519030,519042,12,5
519025,519039,519042,3,14
519025,519037,519042,5,12
519025,519030,519042,12,5
519025,519030,519042,12,5
519025,519033,519042,9,8
519025,519038,519042,4,13
519025,519038,519042,4,13
519025,519033,519042,9,8
519025,519038,519042,4,13
519025,519038,519042,4,13
519025,519038,519042,4,13
519025,519038,519042,4,13
519025,519033,519042,9,8
519025,519039,519043,4,14
519025,519031,519043,12,6
519025,519039,519043,4,14
519025,519031,519043,12,6
519025,519038,519043,5,13
519025,519039,519044,5,14
519025,519039,519043,4,14
519025,519039,519044,5,14
516424,518950,519043,93,2526
516424,518995,519043,48,2571
516424,518994,519044,50,2570
516424,519004,519044,40,2580
516424,518953,519044,91,2529
516424,518949,519044,95,2525
519025,519035,519044,9,10
519025,519039,519044,5,14
519025,519040,519044,4,15
519025,519040,519044,4,15
519025,519031,519044,13,6
519025,519031,519044,13,6
519025,519039,519044,5,14
519025,519039,519044,5,14
519025,519039,519045,6,14
519025,519030,519044,14,5
519025,519040,519045,5,15
519025,519040,519045,5,15
519025,519040,519044,4,15
519025,519039,519044,5,14
519025,519039,519045,6,14
516424,519004,519044,40,2580
516424,518952,519044,92,2528
516424,518955,519045,90,2531
516424,519008,519044,36,2584
519025,519040,519045,5,15
519025,519040,519045,5,15
519025,519039,519045,6,14
519025,519031,519046,15,6
519025,519039,519045,6,14
519025,519041,519045,4,16
519025,519039,519045,6,14
516424,519007,519046,39,2583
516424,518988,519046,58,2564
519025,519040,519046,6,15
519025,519030,519046,16,5
519025,519040,519046,6,15
519025,519040,519047,7,15
519025,519041,519046,5,16
516424,518995,519046,51,2571
516424,518951,519046,95,2527
516424,518962,519047,85,2538
519025,519040,519047,7,15
519025,519030,519047,17,5
519025,519040,519047,7,15
519025,519040,519047,7,15
519025,519040,519047,7,15
516424,518951,519048,97,2527
516424,518961,519047,86,2537
516424,518988,519048,60,2564
516424,518995,519048,53,2571
519025,519041,519048,7,16
519025,519041,519048,7,16
516424,518964,519048,84,2540
516424,519010,519050,40,2586
516424,518952,519050,98,2528
516424,518998,519051,53,2574
516424,518958,519051,93,2534
516424,518957,519053,96,2533
516424,518997,519053,56,2573
516424,519009,519053,44,2585
516424,518957,519052,95,2533
516424,518995,519053,58,2571
516424,518954,519053,99,2530
516424,518998,519053,55,2574
516424,518957,519054,97,2533
516424,518998,519054,56,2574
516424,518958,519055,97,2534
516424,519003,519055,52,2579
516424,518959,519055,96,2535
516424,518998,519055,57,2574
516424,519012,519057,45,2588
519025,519041,519058,17,16
519025,519041,519059,18,16
516424,518963,519060,97,2539
516424,519012,519060,48,2588
516424,519003,519062,59,2579
516424,519003,519063,60,2579
516424,519013,519064,51,2589
516424,519000,519065,65,2576
516424,519012,519065,53,2588
516424,519014,519066,52,2590
516424,519012,519067,55,2588
519065,519065,519068,3,0
519065,519065,519067,2,0
516424,518999,519068,69,2575
516424,519017,519068,51,2593
519065,519065,519068,3,0
519065,519065,519068,3,0
519065,519065,519068,3,0
519065,519065,519068,3,0
519065,519065,519069,4,0
519065,519065,519068,3,0
519065,519065,519068,3,0
519065,519065,519069,4,0
519065,519065,519068,3,0
516424,519013,519069,56,2589
519065,519065,519070,5,0
519065,519065,519069,4,0
519065,519065,519069,4,0
519065,519065,519070,5,0
519065,519065,519070,5,0
519065,519065,519070,5,0
519065,519068,519070,2,3
519065,519065,519069,4,0
519065,519065,519069,4,0
519065,519065,519069,4,0
519065,519065,519070,5,0
516424,519022,519070,48,2598
516424,519014,519070,56,2590
516424,519020,519070,50,2596
519065,519065,519071,6,0
519065,519065,519071,6,0
519065,519065,519070,5,0
519065,519065,519070,5,0
519065,519069,519071,2,4
519065,519065,519070,5,0
519065,519065,519070,5,0
519065,519065,519070,5,0
519065,519065,519071,6,0
519065,519065,519071,6,0
519065,519068,519070,2,3
519065,519065,519071,6,0
519065,519065,519071,6,0
519065,519065,519071,6,0
519065,519065,519071,6,0
519065,519065,519070,5,0
519065,519065,519071,6,0
519065,519065,519070,5,0
519065,519065,519070,5,0
516424,519001,519071,70,2577
516424,519017,519071,54,2593
519065,519065,519072,7,0
519065,519065,519072,7,0
519065,519065,519071,6,0
516482,519044,519071,27,2562
519065,519065,519072,7,0
519065,519069,519072,3,4
519065,519069,519071,2,4
519065,519069,519071,2,4
519065,519065,519072,7,0
519065,519065,519072,7,0
519065,519069,519072,3,4
519065,519065,519071,6,0
519065,519069,519072,3,4
519065,519069,519072,3,4
516424,518997,519072,75,2573
519065,519070,519072,2,5
519065,519070,519073,3,5
519065,519070,519073,3,5
519065,519070,519072,2,5
519065,519065,519073,8,0
519065,519069,519073,4,4
519065,519069,519072,3,4
519065,519065,519072,7,0
519065,519065,519073,8,0
516424,519019,519073,54,2595
519065,519065,519074,9,0
519065,519070,519074,4,5
516424,519024,519074,50,2600
519065,519065,519074,9,0
519065,519065,519074,9,0
519065,519065,519074,9,0
519065,519070,519074,4,5
519065,519065,519073,8,0
516424,519002,519074,72,2578
516424,519026,519074,48,2602
516424,519034,519074,40,2610
519065,519065,519074,9,0
519065,519071,519075,4,6
519065,519065,519075,10,0
519065,519071,519075,4,6
519065,519071,519075,4,6
519065,519065,519075,10,0
519065,519065,519075,10,0
519065,519071,519075,4,6
519065,519070,519075,5,5
519065,519070,519074,4,5
519065,519065,519074,9,0
519065,519070,519074,4,5
519065,519070,519074,4,5
519065,519070,519075,5,5
516482,519044,519075,31,2562
516424,519036,519075,39,2612
519065,519072,519076,4,7
519065,519071,519076,5,6
519065,519071,519075,4,6
519065,519071,519076,5,6
519065,519071,519076,5,6
516424,519019,519076,57,2595
519065,519065,519077,12,0
519065,519071,519076,5,6
519065,519065,519076,11,0
519065,519072,519077,5,7
519065,519065,519077,12,0
519065,519071,519077,6,6
519065,519071,519076,5,6
519065,519071,519077,6,6
519065,519071,519077,6,6
519065,519065,519076,11,0
519065,519071,519077,6,6
516482,519042,519077,35,2560
516424,519036,519077,41,2612
516424,518958,519077,119,2534
519065,519065,519078,13,0
519065,519072,519078,6,7
519065,519065,519078,13,0
519065,519071,519078,7,6
519065,519065,519078,13,0
519065,519071,519078,7,6
519065,519071,519078,7,6
519065,519065,519078,13,0
516482,519044,519078,34,2562
516482,519044,519078,34,2562
519065,519072,519079,7,7
519065,519065,519079,14,0
519065,519076,519079,3,11
519065,519065,519079,14,0
519065,519075,519079,4,10
519065,519065,519080,15,0
519065,519076,519079,3,11
519065,519078,519080,2,13
519065,519071,519079,8,6
519065,519071,519079,8,6
519065,519076,519079,3,11
516482,519044,519080,36,2562
519065,519065,519080,15,0
519065,519072,519080,8,7
519065,519075,519080,5,10
519065,519075,519080,5,10
519065,519065,519080,15,0
519065,519075,519080,5,10
519065,519077,519080,3,12
519065,519078,519080,2,13
519065,519079,519080,1,14
519065,519065,519080,15,0
519065,519076,519080,4,11
519065,519077,519080,3,12
519065,519075,519080,5,10
519065,519079,519080,1,14
519065,519078,519080,2,13
519065,519078,519080,2,13
519065,519075,519080,5,10
519065,519078,519080,2,13
519065,519074,519080,6,9
519065,519077,519080,3,12
519065,519077,519080,3,12
519065,519077,519081,4,12
519065,519077,519081,4,12
519065,519072,519081,9,7
519065,519077,519081,4,12
519065,519078,519081,3,13
519065,519078,519081,3,13
519065,519074,519081,7,9
519065,519075,519081,6,10
519065,519080,519081,1,15
519065,519080,519081,1,15
519065,519074,519081,7,9
519065,519075,519081,6,10
519065,519074,519081,7,9
519065,519079,519081,2,14
519065,519079,519081,2,14
519065,519074,519081,7,9
519065,519079,519081,2,14
519065,519079,519081,2,14
516424,519024,519081,57,2600
519065,519079,519081,2,14
516424,519042,519082,40,2618
516424,519039,519082,43,2615
519065,519073,519082,9,8
519065,519073,519082,9,8
519065,519079,519082,3,14
519065,519079,519082,3,14
519065,519080,519082,2,15
519065,519080,519082,2,15
519065,519077,519082,5,12
519065,519079,519082,3,14
519065,519080,519082,2,15
516424,519032,519082,50,2608
519065,519075,519082,7,10
519065,519073,519083,10,8
519065,519080,519083,3,15
519065,519081,519083,2,16
519065,519074,519082,8,9
519065,519080,519082,2,15
519065,519080,519082,2,15
519065,519080,519082,2,15
519065,519080,519083,3,15
519065,519080,519084,4,15
519065,519075,519084,9,10
519065,519075,519083,8,10
519065,519080,519083,3,15
519065,519072,519084,12,7
519065,519073,519083,10,8
519065,519081,519083,2,16
519065,519081,519083,2,16
519065,519081,519083,2,16
519065,519075,519084,9,10
516424,519032,519084,52,2608
516424,519034,519084,50,2610
519065,519081,519084,3,16
516482,519045,519084,39,2563
519065,519072,519085,13,7
516424,519033,519085,52,2609
519065,519074,519085,11,9
519065,519073,519086,13,8
519065,519072,519085,13,7
519065,519073,519085,12,8
519065,519073,519085,12,8
519065,519073,519086,13,8
516424,519024,519086,62,2600
519065,519072,519087,15,7
519065,519072,519086,14,7
519065,519072,519087,15,7
519065,519072,519088,16,7
516482,519047,519088,41,2565
519065,519073,519087,14,8
516424,519028,519088,60,2604
516424,519031,519088,57,2607
516482,519046,519089,43,2564
516482,519045,519092,47,2563
516424,519041,519091,50,2617
516482,519045,519092,47,2563
516482,519044,519092,48,2562
516424,519033,519093,60,2609
516482,519046,519096,50,2564
519093,519093,519096,3,0
519093,519093,519096,3,0
519093,519093,519096,3,0
519093,519093,519096,3,0
516482,519075,519096,21,2593
519093,519093,519096,3,0
519093,519093,519096,3,0
519093,519093,519097,4,0
516482,519045,519097,52,2563
519093,519093,519097,4,0
519093,519093,519097,4,0
519093,519093,519098,5,0
519093,519093,519097,4,0
516424,519033,519098,65,2609
516482,519073,519099,26,2591
516482,519074,519099,25,2592
519093,519093,519099,6,0
519093,519093,519099,6,0
519093,519093,519098,5,0
519093,519093,519099,6,0
519093,519093,519099,6,0
519093,519093,519098,5,0
519093,519093,519099,6,0
519093,519096,519099,3,3
519093,519093,519099,6,0
519093,519093,519098,5,0
519093,519096,519099,3,3
519093,519096,519099,3,3
519093,519093,519099,6,0
516424,519031,519099,68,2607
516482,519079,519099,20,2597
516482,519076,519099,23,2594
516482,519072,519099,27,2590
516482,519048,519099,51,2566
519093,519093,519099,6,0
519093,519093,519100,7,0
519093,519093,519100,7,0
519093,519093,519099,6,0
519093,519093,519099,6,0
519093,519097,519099,2,4
519093,519097,519100,3,4
519093,519093,519099,6,0
519093,519093,519099,6,0
519093,519096,519100,4,3
519093,519093,519100,7,0
519093,519098,519100,2,5
519093,519093,519099,6,0
516482,519071,519100,29,2589
516482,519075,519101,26,2593
516482,519075,519101,26,2593
519093,519093,519100,7,0
519093,519093,519101,8,0
519093,519093,519101,8,0
519093,519093,519101,8,0
519093,519093,519101,8,0
519093,519093,519101,8,0
519093,519093,519101,8,0
519093,519093,519101,8,0
519093,519097,519101,4,4
519093,519098,519101,3,5
519093,519099,519101,2,6
519093,519099,519101,2,6
519093,519099,519101,2,6
519093,519099,519101,2,6
519093,519099,519101,2,6
519093,519093,519100,7,0
519093,519093,519100,7,0
519093,519093,519101,8,0
519093,519093,519102,9,0
519093,519093,519102,9,0
519093,519098,519101,3,5
519093,519093,519102,9,0
519093,519093,519102,9,0
519093,519093,519101,8,0
519093,519093,519102,9,0
519093,519093,519101,8,0
519093,519099,519102,3,6
519093,519099,519102,3,6
519093,519093,519102,9,0
519093,519093,519102,9,0
519093,519093,519102,9,0
519093,519098,519102,4,5
519093,519099,519102,3,6
519093,519100,519102,2,7
519093,519099,519102,3,6
519093,519100,519102,2,7
516482,519074,519102,28,2592
519093,519100,519102,2,7
519093,519100,519102,2,7
516482,519072,519102,30,2590
516482,519079,519103,24,2597
516482,519078,519102,24,2596
516482,519048,519103,55,2566
519093,519093,519103,10,0
519093,519101,519103,2,8
519093,519099,519103,4,6
519093,519100,519103,3,7
519093,519100,519102,2,7
519093,519101,519103,2,8
519093,519100,519103,3,7
519093,519101,519103,2,8
519093,519100,519103,3,7
519093,519101,519103,2,8
519093,519100,519103,3,7
519093,519101,519103,2,8
519093,519100,519104,4,7
519093,519100,519103,3,7
519093,519093,519104,11,0
519093,519100,519104,4,7
519093,519100,519104,4,7
516482,519080,519104,24,2598
516482,519078,519103,25,2596
519093,519099,519103,4,6
519093,519099,519104,5,6
519093,519101,519103,2,8
519093,519099,519104,5,6
519093,519101,519104,3,8
519093,519101,519104,3,8
519093,519093,519105,12,0
519093,519101,519104,3,8
519093,519101,519104,3,8
519093,519101,519104,3,8
516482,519047,519104,57,2565
519093,519093,519104,11,0
519093,519093,519104,11,0
519093,519101,519104,3,8
519093,519101,519104,3,8
519093,519093,519104,11,0
519093,519102,519105,3,9
519093,519093,519105,12,0
519093,519093,519105,12,0
519093,519101,519105,4,8
519093,519093,519105,12,0
519093,519101,519105,4,8
519093,519101,519105,4,8
519093,519101,519105,4,8
516482,519072,519106,34,2590
519093,519102,519106,4,9
519093,519102,519105,3,9
519093,519093,519107,14,0
519093,519104,519106,2,11
519093,519093,519106,13,0
519093,519102,519106,4,9
519093,519102,519106,4,9
519093,519103,519107,4,10
519093,519103,519107,4,10
519093,519093,519106,13,0
519093,519093,519107,14,0
519093,519101,519106,5,8
516482,519082,519107,25,2600
519093,519093,519107,14,0
519093,519102,519107,5,9
519093,519102,519107,5,9
519093,519103,519108,5,10
519093,519102,519107,5,9
519093,519104,519107,3,11
519093,519104,519107,3,11
519093,519103,519107,4,10
519093,519104,519107,3,11
519093,519104,519108,4,11
519093,519104,519108,4,11
516482,519078,519107,29,2596
519093,519103,519108,5,10
519093,519103,519108,5,10
519093,519093,519108,15,0
519093,519093,519108,15,0
519093,519102,519108,6,9
519093,519102,519108,6,9
519093,519103,519108,5,10
519093,519104,519108,4,11
519093,519102,519108,6,9
519093,519104,519108,4,11
519093,519104,519109,5,11
519093,519093,519109,16,0
519093,519093,519110,17,0
519093,519102,519109,7,9
519093,519103,519110,7,10
519093,519103,519109,6,10
519093,519107,519109,2,14
519093,519107,519109,2,14
519093,519093,519110,17,0
519093,519108,519111,3,15
519093,519093,519110,17,0
519093,519093,519110,17,0
519093,519103,519110,7,10
519093,519103,519110,7,10
519093,519104,519110,6,11
519093,519106,519111,5,13
519093,519106,519110,4,13
519093,519104,519110,6,11
519093,519107,519110,3,14
519093,519107,519111,4,14
519093,519107,519111,4,14
516482,519082,519111,29,2600
519093,519107,519111,4,14
519093,519105,519111,6,12
519093,519106,519111,5,13
519093,519106,519112,6,13
519093,519106,519112,6,13
516482,519077,519112,35,2595
519093,519107,519112,5,14
519093,519107,519112,5,14
519093,519107,519112,5,14
519093,519106,519112,6,13
519093,519107,519112,5,14
519093,519106,519112,6,13
519093,519105,519114,9,12
519093,519106,519113,7,13
519093,519107,519113,6,14
519093,519107,519114,7,14
519093,519105,519113,8,12
516482,519069,519114,45,2587
516482,519066,519113,47,2584
519093,519105,519114,9,12
519093,519105,519115,10,12
519093,519105,519115,10,12
516482,519066,519115,49,2584
519093,519105,519115,10,12
516482,519069,519114,45,2587
519093,519105,519116,11,12
519093,519105,519116,11,12
519093,519105,519118,13,12
519093,519104,519118,14,11
519093,519104,519117,13,11
516482,519067,519117,50,2585
519093,519104,519117,13,11
516482,519076,519118,42,2594
519093,519105,519119,14,12
519093,519104,519118,14,11
519093,519104,519118,14,11
519093,519104,519119,15,11
516482,519071,519118,47,2589
516482,519082,519119,37,2600
519093,519105,519119,14,12
516482,519048,519119,71,2566
516482,519083,519121,38,2601
516482,519089,519123,34,2607
516482,519049,519124,75,2567
516482,519066,519124,58,2584
516482,519090,519128,38,2608
519125,519125,519128,3,0
519125,519125,519127,2,0
519125,519125,519128,3,0
519125,519125,519128,3,0
519125,519125,519127,2,0
519125,519125,519128,3,0
519125,519125,519128,3,0
519125,519125,519128,3,0
519125,519125,519127,2,0
519125,519125,519127,2,0
519125,519125,519128,3,0
519125,519125,519128,3,0
519125,519125,519128,3,0
516482,519088,519127,39,2606
519125,519125,519128,3,0
519125,519125,519129,4,0
519125,519125,519128,3,0
519125,519125,519128,3,0
519125,519125,519128,3,0
519125,519125,519129,4,0
519125,519125,519129,4,0
519125,519125,519129,4,0
519125,519125,519129,4,0
519125,519125,519128,3,0
519125,519125,519129,4,0
519125,519125,519129,4,0
519125,519125,519129,4,0
519125,519125,519129,4,0
519125,519125,519128,3,0
519125,519125,519129,4,0
519125,519125,519129,4,0
519125,519125,519129,4,0
516482,519084,519129,45,2602
516482,519070,519129,59,2588
519125,519125,519129,4,0
519125,519125,519129,4,0
519125,519125,519129,4,0
519125,519125,519130,5,0
519125,519125,519129,4,0
519125,519125,519129,4,0
519125,519125,519130,5,0
519125,519125,519129,4,0
519125,519125,519131,6,0
519125,519125,519131,6,0
519125,519125,519131,6,0
519125,519125,519130,5,0
519125,519125,519130,5,0
519125,519128,519131,3,3
519125,519125,519131,6,0
519125,519125,519131,6,0
519125,519125,519130,5,0
519125,519125,519131,6,0
519125,519125,519131,6,0
519125,519128,519131,3,3
519125,519128,519131,3,3
519125,519125,519131,6,0
519125,519125,519131,6,0
519125,519125,519131,6,0
519125,519125,519131,6,0
519125,519125,519131,6,0
516482,519051,519132,81,2569
516482,519051,519132,81,2569
516482,519048,519132,84,2566
519125,519125,519132,7,0
519125,519125,519131,6,0
519125,519125,519132,7,0
519125,519125,519132,7,0
519125,519128,519131,3,3
519125,519128,519132,4,3
519125,519128,519132,4,3
519125,519125,519132,7,0
519125,519128,519131,3,3
519125,519128,519132,4,3
519125,519125,519132,7,0
519125,519128,519132,4,3
519125,519125,519132,7,0
519125,519125,519132,7,0
519125,519125,519132,7,0
519125,519125,519132,7,0
519125,519125,519132,7,0
519125,519125,519133,8,0
519125,519128,519133,5,3
519125,519125,519133,8,0
519125,519125,519133,8,0
516482,519092,519134,42,2610
516482,519093,519133,40,2611
516482,519050,519134,84,2568
516482,519088,519134,46,2606
519125,519130,519134,4,5
519125,519131,519134,3,6
519125,519132,519134,2,7
519125,519132,519134,2,7
519125,519133,519134,1,8
519125,519131,519134,3,6
519125,519132,519134,2,7
519125,519133,519134,1,8
519125,519133,519134,1,8
516482,519048,519134,86,2566
519125,519125,519134,9,0
519125,519131,519134,3,6
519125,519131,519134,3,6
519125,519133,519134,1,8
519125,519133,519134,1,8
519125,519125,519134,9,0
519125,519132,519135,3,7
516482,519064,519135,71,2582
519125,519131,519135,4,6
519125,519125,519135,10,0
519125,519131,519135,4,6
519125,519132,519135,3,7
519125,519130,519136,6,5
519125,519134,519135,1,9
519125,519130,519135,5,5
519125,519131,519135,4,6
519125,519131,519135,4,6
519125,519131,519135,4,6
519125,519131,519135,4,6
519125,519133,519135,2,8
519125,519132,519135,3,7
519125,519130,519136,6,5
519125,519132,519135,3,7
519125,519132,519135,3,7
519125,519129,519136,7,4
519125,519129,519136,7,4
519125,519134,519135,1,9
519125,519125,519136,11,0
519125,519130,519136,6,5
519125,519131,519136,5,6
519125,519133,519136,3,8
519125,519130,519136,6,5
519125,519132,519136,4,7
519125,519133,519137,4,8
519125,519128,519137,9,3
519125,519135,519136,1,10
519125,519135,519136,1,10
519125,519135,519137,2,10
519125,519135,519136,1,10
519125,519129,519136,7,4
519125,519134,519136,2,9
519125,519135,519136,1,10
519125,519135,519136,1,10
519125,519135,519136,1,10
519125,519135,519136,1,10
519125,519132,519136,4,7
519125,519132,519137,5,7
519125,519133,519137,4,8
519125,519129,519137,8,4
519125,519131,519137,6,6
519125,519133,519136,3,8
519125,519131,519137,6,6
519125,519131,519137,6,6
519125,519132,519137,5,7
519125,519128,519137,9,3
519125,519129,519137,8,4
519125,519135,519137,2,10
519125,519135,519137,2,10
519125,519135,519137,2,10
519125,519135,519137,2,10
519125,519135,519138,3,10
519125,519129,519138,9,4
519125,519129,519138,9,4
519125,519135,519137,2,10
519125,519131,519138,7,6
519125,519135,519138,3,10
516482,519085,519138,53,2603
516482,519094,519137,43,2612
519125,519133,519138,5,8
519125,519135,519138,3,10
519125,519136,519138,2,11
519125,519136,519139,3,11
519125,519136,519138,2,11
519125,519135,519138,3,10
516482,519054,519138,84,2572
516482,519101,519139,38,2619
519125,519136,519139,3,11
519125,519136,519139,3,11
519125,519136,519139,3,11
519125,519129,519140,11,4
519125,519137,519140,3,12
519125,519129,519139,10,4
519125,519137,519140,3,12
519125,519137,519140,3,12
519125,519137,519140,3,12
519125,519128,519139,11,3
519125,519136,519140,4,11
519125,519136,519139,3,11
519125,519128,519139,11,3
516482,519054,519140,86,2572
516482,519096,519140,44,2614
519125,519137,519141,4,12
519125,519129,519140,11,4
519125,519129,519140,11,4
519125,519137,519140,3,12
519125,519137,519140,3,12
519125,519137,519140,3,12
519125,519137,519140,3,12
519125,519136,519141,5,11
516482,519101,519141,40,2619
519125,519137,519142,5,12
519125,519137,519142,5,12
516482,519092,519141,49,2610
519125,519129,519141,12,4
519125,519137,519141,4,12
519125,519137,519141,4,12
519125,519129,519142,13,4
516482,519070,519142,72,2588
519125,519136,519142,6,11
519125,519129,519141,12,4
519125,519136,519141,5,11
519125,519136,519141,5,11
516482,519103,519141,38,2621
516482,519098,519142,44,2616
519125,519137,519142,5,12
516482,519064,519142,78,2582
516482,519087,519142,55,2605
519125,519129,519143,14,4
519125,519136,519142,6,11
516482,519100,519143,43,2618
516482,519092,519143,51,2610
516482,519052,519143,91,2570
516482,519097,519143,46,2615
519125,519137,519143,6,12
519125,519129,519143,14,4
519125,519136,519143,7,11
519125,519136,519143,7,11
519125,519136,519143,7,11
519125,519136,519143,7,11
516482,519099,519144,45,2617
516482,519054,519144,90,2572
519125,519129,519145,16,4
519125,519136,519144,8,11
516482,519085,519145,60,2603
516482,519100,519145,45,2618
516482,519101,519145,44,2619
516482,519061,519145,84,2579
516482,519055,519146,91,2573
516482,519103,519146,43,2621
516482,519103,519146,43,2621
516482,519053,519148,95,2571
516482,519086,519149,63,2604
516482,519054,519150,96,2572
516482,519054,519150,96,2572
516482,519103,519150,47,2621
516482,519056,519152,96,2574
519150,519150,519153,3,0
519150,519150,519153,3,0
519150,519150,519153,3,0
519150,519150,519153,3,0
519150,519150,519153,3,0
519150,519150,519154,4,0
519150,519150,519153,3,0
519150,519150,519153,3,0
519150,519150,519153,3,0
519150,519150,519153,3,0
519150,519150,519153,3,0
519150,519150,519154,4,0
519150,519150,519154,4,0
519150,519150,519155,5,0
519150,519150,519154,4,0
519150,519150,519154,4,0
519150,519150,519154,4,0
519150,519153,519154,1,3
519150,519150,519154,4,0
519150,519150,519154,4,0
519150,519150,519155,5,0
519150,519150,519154,4,0
519150,519153,519154,1,3
519150,519150,519154,4,0
519150,519150,519155,5,0
516482,519063,519154,91,2581
519150,519150,519154,4,0
519150,519150,519155,5,0
519150,519150,519155,5,0
519150,519150,519156,6,0
519150,519150,519156,6,0
519150,519150,519156,6,0
519150,519150,519155,5,0
519150,519150,519156,6,0
519150,519154,519156,2,4
519150,519154,519156,2,4
519150,519150,519156,6,0
519150,519150,519156,6,0
519150,519154,519156,2,4
519150,519150,519156,6,0
519150,519150,519156,6,0
519150,519150,519156,6,0
519150,519154,519156,2,4
519150,519154,519156,2,4
519150,519154,519156,2,4
519150,519150,519155,5,0
519150,519150,519155,5,0
516482,519055,519155,100,2573
519150,519150,519156,6,0
519150,519153,519155,2,3
516482,519054,519156,102,2572
519150,519150,519157,7,0
519150,519150,519156,6,0
519150,519150,519157,7,0
519150,519150,519157,7,0
519150,519150,519157,7,0
519150,519154,519156,2,4
519150,519150,519157,7,0
519150,519150,519157,7,0
519150,519150,519156,6,0
519150,519150,519157,7,0
516482,519056,519157,101,2574
516482,519100,519157,57,2618
516482,519099,519157,58,2617
516482,519055,519158,103,2573
519150,519150,519158,8,0
519150,519155,519158,3,5
519150,519155,519158,3,5
519150,519150,519158,8,0
519150,519150,519157,7,0
519150,519150,519157,7,0
519150,519150,519157,7,0
519150,519150,519158,8,0
519150,519154,519158,4,4
519150,519150,519158,8,0
519150,519155,519158,3,5
519150,519155,519158,3,5
519150,519150,519158,8,0
519150,519155,519158,3,5
519150,519150,519158,8,0
516482,519104,519158,54,2622
519150,519155,519159,4,5
519150,519150,519159,9,0
519150,519150,519159,9,0
519150,519154,519158,4,4
519150,519155,519159,4,5
519150,519155,519159,4,5
519150,519155,519159,4,5
519150,519155,519159,4,5
519150,519155,519159,4,5
519150,519155,519159,4,5
519150,519155,519159,4,5
519150,519156,519159,3,6
519150,519150,519159,9,0
516482,519114,519159,45,2632
516482,519098,519159,61,2616
519150,519150,519159,9,0
519150,519150,519159,9,0
519150,519156,519160,4,6
519150,519156,519160,4,6
516482,519104,519160,56,2622
519150,519156,519160,4,6
519150,519156,519160,4,6
519150,519156,519160,4,6
519150,519156,519160,4,6
519150,519156,519160,4,6
519150,519156,519160,4,6
519150,519156,519160,4,6
516482,519060,519161,101,2578
516598,519135,519160,25,2537
519150,519150,519160,10,0
519150,519156,519161,5,6
516482,519115,519160,45,2633
519150,519155,519161,6,5
519150,519155,519161,6,5
519150,519156,519161,5,6
519150,519156,519161,5,6
519150,519156,519161,5,6
519150,519156,519161,5,6
519150,519150,519161,11,0
516482,519103,519161,58,2621
516482,519057,519161,104,2575
519150,519156,519162,6,6
519150,519156,519162,6,6
519150,519156,519162,6,6
519150,519150,519162,12,0
519150,519156,519162,6,6
519150,519157,519162,5,7
516482,519099,519162,63,2617
519150,519150,519162,12,0
519150,519160,519162,2,10
516482,519114,519162,48,2632
519150,519160,519162,2,10
516482,519053,519163,110,2571
519150,519150,519163,13,0
519150,519160,519163,3,10
519150,519160,519163,3,10
519150,519157,519163,6,7
519150,519158,519164,6,8
519150,519158,519163,5,8
519150,519161,519163,2,11
519150,519158,519163,5,8
519150,519161,519163,2,11
519150,519150,519163,13,0
519150,519160,519164,4,10
519150,519150,519163,13,0
519150,519160,519163,3,10
519150,519156,519164,8,6
519150,519156,519164,8,6
519150,519160,519164,4,10
519150,519160,519163,3,10
519150,519159,519164,5,9
519150,519161,519164,3,11
519150,519161,519164,3,11
519150,519157,519164,7,7
519150,519157,519164,7,7
516482,519107,519164,57,2625
516482,519115,519164,49,2633
516598,519134,519165,31,2536
519150,519150,519164,14,0
519150,519159,519164,5,9
519150,519162,519164,2,12
519150,519159,519164,5,9
519150,519161,519164,3,11
519150,519163,519165,2,13
519150,519158,519164,6,8
519150,519159,519164,5,9
519150,519163,519164,1,13
519150,519163,519164,1,13
519150,519160,519165,5,10
519150,519161,519164,3,11
519150,519161,519164,3,11
519150,519162,519164,2,12
519150,519159,519164,5,9
519150,519162,519165,3,12
519150,519162,519164,2,12
519150,519162,519164,2,12
519150,519162,519165,3,12
519150,519163,519165,2,13
519150,519159,519165,6,9
519150,519159,519165,6,9
519150,519162,519165,3,12
519150,519158,519165,7,8
519150,519163,519165,2,13
519150,519164,519165,1,14
519150,519159,519165,6,9
519150,519162,519165,3,12
519150,519162,519165,3,12
519150,519161,519165,4,11
519150,519162,519166,4,12
519150,519157,519165,8,7
519150,519161,519165,4,11
519150,519164,519165,1,14
519150,519164,519166,2,14
519150,519164,519166,2,14
519150,519157,519165,8,7
519150,519158,519165,7,8
519150,519164,519165,1,14
519150,519164,519166,2,14
519150,519160,519165,5,10
519150,519162,519165,3,12
516482,519106,519165,59,2624
516482,519105,519165,60,2623
519150,519162,519166,4,12
519150,519162,519166,4,12
516482,519108,519166,58,2626
519150,519158,519167,9,8
519150,519150,519166,16,0
519150,519164,519166,2,14
519150,519157,519166,9,7
519150,519164,519166,2,14
519150,519164,519166,2,14
519150,519164,519166,2,14
519150,519158,519167,9,8
519150,519158,519167,9,8
519150,519150,519167,17,0
519150,519157,519167,10,7
519150,519157,519167,10,7
519150,519157,519167,10,7
519150,519158,519169,11,8
519150,519158,519168,10,8
519150,519158,519168,10,8
519150,519158,519169,11,8
519150,519158,519169,11,8
516482,519111,519169,58,2629
516598,519135,519170,35,2537
516482,519125,519170,45,2643
516482,519112,519170,58,2630
516482,519134,519170,36,2652
516482,519123,519171,48,2641
516482,519134,519172,38,2652
516482,519118,519173,55,2636
516482,519128,519174,46,2646
516482,519132,519174,42,2650
516598,519138,519174,36,2540
516482,519120,519174,54,2638
516482,519100,519174,74,2618
516598,519139,519174,35,2541
516482,519119,519175,56,2637
519174,519174,519177,3,0
519174,519174,519177,3,0
519174,519174,519177,3,0
516598,519138,519177,39,2540
516482,519128,519177,49,2646
516482,519132,519177,45,2650
516598,519141,519177,36,2543
516482,519119,519177,58,2637
519174,519174,519178,4,0
519174,519174,519178,4,0
519174,519174,519178,4,0
519174,519174,519179,5,0
519174,519174,519178,4,0
516482,519132,519178,46,2650
516482,519130,519179,49,2648
519174,519174,519179,5,0
519174,519174,519179,5,0
519174,519174,519180,6,0
519174,519174,519179,5,0
519174,519174,519179,5,0
519174,519174,519179,5,0
519174,519174,519179,5,0
519174,519174,519180,6,0
519174,519174,519179,5,0
519174,519174,519179,5,0
519174,519174,519179,5,0
519174,519174,519179,5,0
516482,519134,519179,45,2652
516482,519125,519180,55,2643
519174,519174,519180,6,0
516598,519140,519180,40,2542
519174,519174,519180,6,0
519174,519174,519180,6,0
519174,519174,519180,6,0
519174,519174,519180,6,0
519174,519174,519180,6,0
519174,519174,519180,6,0
519174,519174,519180,6,0
519174,519174,519181,7,0
519174,519174,519180,6,0
519174,519174,519180,6,0
519174,519174,519180,6,0
516482,519119,519181,62,2637
519174,519174,519180,6,0
519174,519174,519181,7,0
519174,519174,519181,7,0
519174,519174,519181,7,0
519174,519174,519181,7,0
519174,519174,519181,7,0
519174,519174,519181,7,0
519174,519174,519181,7,0
519174,519174,519181,7,0
519174,519174,519181,7,0
519174,519178,519181,3,4
519174,519179,519181,2,5
519174,519174,519181,7,0
519174,519178,519181,3,4
519174,519179,519181,2,5
519174,519179,519181,2,5
519174,519178,519181,3,4
519174,519179,519181,2,5
519174,519179,519181,2,5
519174,519174,519181,7,0
519174,519174,519181,7,0
519174,519174,519181,7,0
519174,519174,519182,8,0
519174,519174,519182,8,0
519174,519174,519182,8,0
519174,519174,519182,8,0
519174,519174,519182,8,0
519174,519174,519182,8,0
519174,519174,519182,8,0
519174,519174,519182,8,0
519174,519180,519183,3,6
519174,519174,519182,8,0
519174,519180,519183,3,6
519174,519174,519182,8,0
519174,519174,519183,9,0
519174,519174,519182,8,0
519174,519180,519182,2,6
519174,519180,519183,3,6
516482,519130,519182,52,2648
519174,519182,519184,2,8
519174,519182,519184,2,8
519174,519182,519184,2,8
519174,519180,519183,3,6
519174,519180,519184,4,6
519174,519182,519184,2,8
519174,519180,519184,4,6
519174,519181,519183,2,7
519174,519181,519183,2,7
519174,519174,519183,9,0
519174,519180,519184,4,6
519174,519180,519183,3,6
519174,519181,519184,3,7
519174,519181,519183,2,7
519174,519174,519184,10,0
519174,519174,519184,10,0
519174,519180,519183,3,6
519174,519181,519184,3,7
519174,519182,519183,1,8
519174,519182,519184,2,8
519174,519180,519183,3,6
519174,519181,519183,2,7
519174,519182,519184,2,8
519174,519182,519184,2,8
519174,519182,519184,2,8
519174,519174,519184,10,0
519174,519181,519184,3,7
519174,519182,519184,2,8
519174,519182,519184,2,8
519174,519182,519184,2,8
519174,519182,519184,2,8
519174,519182,519184,2,8
519174,519181,519184,3,7
519174,519174,519184,10,0
519174,519181,519184,3,7
519174,519182,519185,3,8
519174,519174,519185,11,0
519174,519181,519184,3,7
519174,519182,519184,2,8
519174,519180,519184,4,6
519174,519181,519184,3,7
519174,519181,519184,3,7
519174,519182,519185,3,8
519174,519182,519185,3,8
519174,519174,519185,11,0
519174,519174,519185,11,0
519174,519182,519184,2,8
519174,519182,519186,4,8
516598,519140,519185,45,2542
519174,519174,519186,12,0
519174,519174,519186,12,0
519174,519174,519185,11,0
519174,519181,519186,5,7
519174,519174,519186,12,0
519174,519183,519186,3,9
519174,519182,519186,4,8
519174,519183,519186,3,9
519174,519182,519186,4,8
519174,519183,519186,3,9
519174,519183,519186,3,9
516482,519121,519187,66,2639
519174,519174,519187,13,0
519174,519183,519187,4,9
519174,519183,519186,3,9
519174,519183,519187,4,9
519174,519183,519187,4,9
519174,519183,519186,3,9
519174,519183,519187,4,9
516598,519166,519187,21,2568
519174,519183,519186,3,9
519174,519183,519187,4,9
519174,519183,519187,4,9
519174,519184,519187,3,10
516598,519139,519188,49,2541
516598,519167,519188,21,2569
519174,519174,519187,13,0
519174,519184,519188,4,10
519174,519184,519188,4,10
519174,519184,519188,4,10
519174,519184,519188,4,10
519174,519183,519188,5,9
519174,519183,519188,5,9
519174,519184,519189,5,10
519174,519184,519189,5,10
519174,519184,519189,5,10
519174,519184,519188,4,10
519174,519184,519189,5,10
519174,519186,519189,3,12
519174,519186,519189,3,12
519174,519184,519188,4,10
519174,519184,519189,5,10
519174,519184,519189,5,10
519174,519184,519189,5,10
519174,519184,519189,5,10
519174,519186,519189,3,12
516598,519142,519189,47,2544
519174,519184,519189,5,10
519174,519184,519190,6,10
516598,519142,519189,47,2544
516598,519175,519190,15,2577
519174,519184,519189,5,10
519174,519184,519190,6,10
519174,519184,519190,6,10
519174,519186,519190,4,12
519174,519186,519190,4,12
519174,519184,519190,6,10
519174,519184,519190,6,10
519174,519186,519190,4,12
519174,519184,519190,6,10
519174,519185,519190,5,11
519174,519184,519190,6,10
519174,519186,519191,5,12
516598,519170,519191,21,2572
519174,519186,519191,5,12
519174,519184,519191,7,10
519174,519184,519191,7,10
519174,519184,519191,7,10
519174,519186,519192,6,12
519174,519186,519192,6,12
519174,519184,519192,8,10
519174,519184,519192,8,10
519174,519185,519192,7,11
519174,519185,519192,7,11
519174,519185,519193,8,11
519174,519185,519192,7,11
519174,519186,519193,7,12
519174,519186,519192,6,12
516598,519165,519192,27,2567
519174,519185,519192,7,11
519174,519185,519193,8,11
516598,519166,519193,27,2568
516598,519142,519192,50,2544
519174,519185,519193,8,11
519174,519185,519193,8,11
519174,519184,519193,9,10
519174,519185,519193,8,11
516598,519175,519193,18,2577
516598,519165,519194,29,2567
519174,519185,519194,9,11
519174,519185,519194,9,11
519174,519185,519194,9,11
516598,519165,519194,29,2567
516598,519170,519195,25,2572
516598,519143,519195,52,2545
516598,519143,519195,52,2545
519174,519185,519195,10,11
519174,519185,519195,10,11
516598,519171,519195,24,2573
516598,519175,519195,20,2577
516598,519163,519195,32,2565
519174,519185,519196,11,11
516598,519175,519196,21,2577
516598,519173,519196,23,2575
516598,519175,519197,22,2577
516598,519173,519198,25,2575
516598,519142,519199,57,2544
516598,519175,519199,24,2577
516598,519171,519200,29,2573
519201,519201,519204,3,0
519201,519201,519204,3,0
519201,519201,519204,3,0
519201,519201,519204,3,0
519201,519202,519204,2,1
519201,519201,519204,3,0
516598,519176,519204,28,2578
516598,519162,519204,42,2564
516598,519161,519205,44,2563
519201,519202,519205,3,1
519201,519201,519205,4,0
519201,519201,519205,4,0
519201,519202,519205,3,1
519201,519202,519205,3,1
519201,519202,519205,3,1
519201,519201,519205,4,0
519201,519202,519205,3,1
519201,519201,519205,4,0
519201,519201,519205,4,0
519201,519202,519205,3,1
519201,519202,519206,4,1
519201,519202,519205,3,1
519201,519201,519205,4,0
519201,519201,519205,4,0
519201,519202,519205,3,1
519201,519202,519205,3,1
519201,519202,519206,4,1
519201,519202,519206,4,1
519201,519201,519205,4,0
519201,519202,519205,3,1
519201,519202,519205,3,1
516598,519171,519206,35,2573
519201,519201,519206,5,0
519201,519202,519207,5,1
519201,519201,519206,5,0
519201,519202,519206,4,1
519201,519202,519206,4,1
519201,519202,519206,4,1
519201,519202,519207,5,1
519201,519201,519207,6,0
519201,519202,519206,4,1
516598,519161,519207,46,2563
519201,519201,519207,6,0
519201,519202,519208,6,1
519201,519201,519207,6,0
519201,519202,519208,6,1
519201,519202,519208,6,1
519201,519202,519207,5,1
519201,519202,519208,6,1
519201,519202,519208,6,1
519201,519202,519207,5,1
519201,519202,519207,5,1
519201,519202,519207,5,1
516598,519163,519208,45,2565
519201,519202,519207,5,1
519201,519202,519207,5,1
519201,519205,519208,3,4
519201,519202,519207,5,1
519201,519202,519207,5,1
519201,519202,519208,6,1
519201,519202,519209,7,1
519201,519201,519208,7,0
519201,519202,519208,6,1
519201,519201,519208,7,0
519201,519202,519208,6,1
519201,519202,519208,6,1
519201,519202,519209,7,1
519201,519205,519208,3,4
519201,519205,519209,4,4
519201,519205,519208,3,4
519201,519205,519208,3,4
519201,519205,519209,4,4
519201,519201,519208,7,0
519201,519202,519208,6,1
519201,519202,519208,6,1
519201,519202,519208,6,1
519201,519201,519210,9,0
519201,519202,519210,8,1
519201,519202,519210,8,1
519201,519202,519209,7,1
519201,519202,519209,7,1
519201,519206,519210,4,5
519201,519202,519209,7,1
519201,519202,519209,7,1
519201,519202,519210,8,1
519201,519206,519211,5,5
519201,519208,519210,2,7
519201,519206,519211,5,5
519201,519209,519212,3,8
519201,519209,519212,3,8
519201,519209,519212,3,8
519201,519209,519212,3,8
519201,519209,519211,2,8
519201,519206,519212,6,5
519201,519208,519211,3,7
519201,519210,519211,1,9
519201,519209,519212,3,8
519201,519206,519212,6,5
519201,519207,519212,5,6
519201,519209,519211,2,8
519201,519206,519212,6,5
519201,519208,519211,3,7
519201,519208,519212,4,7
519201,519209,519212,3,8
519201,519206,519212,6,5
519201,519209,519211,2,8
519201,519208,519212,4,7
519201,519209,519212,3,8
519201,519206,519211,5,5
519201,519208,519212,4,7
519201,519208,519211,3,7
519201,519208,519212,4,7
519201,519209,519211,2,8
519201,519210,519212,2,9
519201,519210,519212,2,9
519201,519206,519213,7,5
519201,519207,519212,5,6
519201,519207,519212,5,6
519201,519206,519213,7,5
519201,519206,519213,7,5
519201,519206,519213,7,5
519201,519209,519212,3,8
519201,519208,519213,5,7
519201,519208,519213,5,7
519201,519208,519212,4,7
519201,519210,519212,2,9
519201,519210,519213,3,9
519201,519208,519213,5,7
519201,519209,519213,4,8
519201,519210,519213,3,9
519201,519210,519212,2,9
519201,519210,519213,3,9
519201,519211,519213,2,10
519201,519206,519213,7,5
519201,519206,519212,6,5
519201,519211,519212,1,10
519201,519211,519212,1,10
519201,519208,519213,5,7
519201,519208,519213,5,7
519201,519209,519213,4,8
519201,519209,519213,4,8
519201,519209,519213,4,8
519201,519211,519213,2,10
519201,519209,519213,4,8
516598,519171,519213,42,2573
519201,519206,519214,8,5
519201,519206,519214,8,5
519201,519212,519214,2,11
519201,519212,519214,2,11
519201,519207,519214,7,6
519201,519207,519214,7,6
519201,519212,519214,2,11
519201,519212,519214,2,11
519201,519212,519214,2,11
519201,519206,519214,8,5
519201,519212,519214,2,11
519201,519212,519214,2,11
519201,519208,519214,6,7
519201,519208,519213,5,7
516598,519161,519215,54,2563
516598,519162,519215,53,2564
519201,519212,519215,3,11
519201,519212,519215,3,11
519201,519212,519215,3,11
519201,519206,519214,8,5
519201,519207,519215,8,6
519201,519212,519215,3,11
519201,519212,519215,3,11
519201,519212,519215,3,11
519201,519206,519215,9,5
519201,519206,519214,8,5
519201,519206,519215,9,5
519201,519212,519215,3,11
519201,519212,519215,3,11
519201,519212,519215,3,11
519201,519212,519215,3,11
519201,519212,519215,3,11
519201,519212,519215,3,11
516598,519178,519215,37,2580
519201,519213,519216,3,12
519201,519213,519216,3,12
519201,519213,519216,3,12
519201,519213,519216,3,12
519201,519206,519216,10,5
519201,519212,519215,3,11
519201,519212,519216,4,11
519201,519207,519217,10,6
519201,519213,519216,3,12
519201,519213,519216,3,12
519201,519213,519217,4,12
519201,519213,519217,4,12
519201,519213,519217,4,12
519201,519213,519217,4,12
519201,519207,519217,10,6
519201,519212,519217,5,11
519201,519212,519217,5,11
519201,519212,519217,5,11
519201,519212,519218,6,11
519201,519212,519217,5,11
519201,519212,519217,5,11
519201,519207,519218,11,6
519201,519213,519218,5,12
519201,519213,519218,5,12
519201,519213,519218,5,12
519201,519213,519218,5,12
516598,519180,519219,39,2582
519201,519213,519219,6,12
519201,519213,519219,6,12
519201,519213,519219,6,12
519201,519213,519219,6,12
519201,519213,519219,6,12
516598,519180,519220,40,2582
516598,519178,519221,43,2580
516598,519178,519221,43,2580
516598,519143,519223,80,2545
516598,519180,519225,45,2582
516598,519145,519225,80,2547
516598,519162,519225,63,2564
516598,519181,519226,45,2583
516598,519143,519226,83,2545
516598,519160,519226,66,2562
516598,519143,519227,84,2545
519224,519224,519228,4,0
519224,519224,519228,4,0
519224,519224,519228,4,0
519224,519224,519228,4,0
519224,519224,519228,4,0
519224,519224,519228,4,0
516598,519144,519229,85,2546
519224,519224,519229,5,0
519224,519224,519228,4,0
516598,519188,519229,41,2590
519224,519224,519229,5,0
519224,519224,519229,5,0
519224,519224,519229,5,0
519224,519228,519229,1,4
519224,519224,519229,5,0
519224,519224,519229,5,0
519224,519224,519229,5,0
519224,519224,519229,5,0
519224,519224,519229,5,0
519224,519224,519229,5,0
519224,519224,519229,5,0
519224,519224,519229,5,0
519224,519224,519229,5,0
519224,519224,519228,4,0
516598,519187,519229,42,2589
519224,519224,519230,6,0
519224,519224,519229,5,0
519224,519224,519230,6,0
519224,519224,519230,6,0
519224,519224,519230,6,0
519224,519224,519229,5,0
519224,519228,519229,1,4
519224,519228,519230,2,4
519224,519228,519230,2,4
519224,519224,519230,6,0
519224,519224,519229,5,0
519224,519224,519230,6,0
519224,519224,519230,6,0
519224,519224,519230,6,0
519224,519224,519230,6,0
519224,519224,519230,6,0
519224,519224,519230,6,0
519224,519224,519230,6,0
519224,519228,519230,2,4
519224,519224,519231,7,0
519224,519224,519231,7,0
519224,519224,519231,7,0
519224,519224,519230,6,0
519224,519224,519231,7,0
519224,519229,519231,2,5
519224,519229,519231,2,5
519224,519224,519231,7,0
519224,519224,519231,7,0
519224,519228,519231,3,4
519224,519229,519231,2,5
519224,519229,519231,2,5
519224,519229,519231,2,5
519224,519224,519231,7,0
519224,519224,519231,7,0
519224,519224,519231,7,0
519224,519229,519231,2,5
519224,519224,519231,7,0
519224,519224,519231,7,0
516598,519145,519232,87,2547
516598,519178,519232,54,2580
519224,519224,519232,8,0
519224,519224,519232,8,0
519224,519230,519232,2,6
519224,519230,519232,2,6
519224,519229,519232,3,5
519224,519229,519232,3,5
519224,519230,519232,2,6
519224,519230,519232,2,6
519224,519229,519232,3,5
519224,519224,519233,9,0
519224,519231,519233,2,7
519224,519224,519232,8,0
519224,519229,519232,3,5
519224,519224,519232,8,0
519224,519224,519232,8,0
519224,519229,519232,3,5
519224,519229,519232,3,5
519224,519229,519232,3,5
516598,519181,519233,52,2583
516598,519143,519233,90,2545
516598,519144,519232,88,2546
519224,519230,519233,3,6
519224,519224,519233,9,0
519224,519230,519233,3,6
519224,519224,519233,9,0
519224,519224,519233,9,0
519224,519224,519234,10,0
519224,519224,519234,10,0
519224,519229,519233,4,5
519224,519224,519233,9,0
519224,519231,519234,3,7
519224,519231,519234,3,7
519224,519231,519233,2,7
519224,519231,519233,2,7
519224,519231,519234,3,7
519224,519224,519234,10,0
519224,519231,519233,2,7
516598,519195,519233,38,2597
519224,519224,519234,10,0
519224,519231,519234,3,7
519224,519231,519234,3,7
519224,519231,519234,3,7
519224,519231,519234,3,7
519224,519231,519234,3,7
519224,519224,519234,10,0
519224,519231,519234,3,7
519224,519231,519234,3,7
519224,519231,519235,4,7
516598,519190,519235,45,2592
516598,519196,519235,39,2598
519224,519232,519236,4,8
519224,519224,519236,12,0
519224,519224,519236,12,0
516598,519190,519236,46,2592
519224,519231,519235,4,7
516598,519188,519235,47,2590
516598,519145,519236,91,2547
519224,519224,519236,12,0
519224,519231,519236,5,7
519224,519232,519236,4,8
519224,519232,519236,4,8
519224,519224,519236,12,0
519224,519224,519236,12,0
519224,519224,519236,12,0
519224,519232,519236,4,8
519224,519234,519237,3,10
519224,519234,519237,3,10
519224,519234,519237,3,10
519224,519234,519237,3,10
519224,519235,519237,2,11
519224,519224,519236,12,0
519224,519235,519237,2,11
516598,519147,519237,90,2549
516598,519187,519237,50,2589
519224,519224,519237,13,0
519224,519231,519237,6,7
519224,519234,519238,4,10
519224,519234,519238,4,10
519224,519236,519237,1,12
519224,519235,519238,3,11
519224,519235,519238,3,11
519224,519232,519238,6,8
519224,519235,519238,3,11
519224,519234,519237,3,10
519224,519234,519237,3,10
519224,519235,519237,2,11
519224,519235,519237,2,11
519224,519234,519237,3,10
519224,519235,519237,2,11
519224,519234,519238,4,10
519224,519234,519238,4,10
519224,519234,519238,4,10
519224,519236,519238,2,12
519224,519224,519238,14,0
519224,519238,519239,1,14
519224,519233,519238,5,9
519224,519233,519238,5,9
519224,519237,519238,1,13
519224,519237,519238,1,13
519224,519234,519239,5,10
519224,519235,519238,3,11
519224,519235,519238,3,11
519224,519236,519238,2,12
519224,519232,519239,7,8
519224,519233,519239,6,9
519224,519237,519238,1,13
519224,519237,519238,1,13
519224,519237,519239,2,13
519224,519237,519239,2,13
519224,519233,519239,6,9
519224,519237,519238,1,13
519224,519237,519238,1,13
519224,519237,519238,1,13
519224,519237,519238,1,13
519224,519237,519238,1,13
519224,519234,519239,5,10
519224,519237,519239,2,13
516598,519163,519239,76,2565
519224,519237,519239,2,13
519224,519237,519239,2,13
519224,519238,519240,2,14
519224,519233,519239,6,9
519224,519238,519239,1,14
519224,519238,519239,1,14
519224,519238,519239,1,14
519224,519233,519239,6,9
519224,519236,519239,3,12
516598,519150,519240,90,2552
519224,519232,519239,7,8
519224,519232,519239,7,8
519224,519233,519239,6,9
519224,519233,519240,7,9
519224,519237,519239,2,13
519224,519232,519239,7,8
519224,519233,519239,6,9
519224,519233,519239,6,9
519224,519233,519240,7,9
519224,519234,519239,5,10
519224,519232,519239,7,8
519224,519233,519239,6,9
519224,519232,519240,8,8
519224,519233,519240,7,9
516598,519183,519241,58,2585
516598,519195,519240,45,2597
519224,519231,519240,9,7
519224,519234,519240,6,10
519224,519233,519240,7,9
519224,519232,519240,8,8
519224,519232,519241,9,8
516598,519193,519241,48,2595
516598,519195,519241,46,2597
519224,519233,519242,9,9
519224,519233,519242,9,9
519224,519232,519243,11,8
519224,519233,519242,9,9
516598,519146,519243,97,2548
516598,519194,519243,49,2596
519224,519232,519243,11,8
519224,519233,519243,10,9
516598,519186,519243,57,2588
516598,519196,519244,48,2598
516598,519191,519245,54,2593
516598,519160,519245,85,2562
516598,519195,519245,50,2597
516598,519179,519246,67,2581
516598,519199,519248,49,2601
516598,519193,519248,55,2595
516598,519153,519251,98,2555
516598,519178,519251,73,2580
516598,519193,519252,59,2595
519249,519249,519252,3,0
519249,519249,519252,3,0
519249,519249,519252,3,0
519249,519249,519252,3,0
519249,519249,519252,3,0
519249,519249,519252,3,0
519249,519249,519252,3,0
519249,519249,519252,3,0
519249,519249,519252,3,0
516598,519205,519252,47,2607
516598,519158,519252,94,2560
516598,519207,519252,45,2609
519249,519249,519253,4,0
519249,519249,519253,4,0
519249,519249,519253,4,0
519249,519249,519253,4,0
519249,519249,519253,4,0
519249,519249,519253,4,0
519249,519249,519253,4,0
519249,519249,519253,4,0
516598,519149,519253,104,2551
516598,519190,519254,64,2592
519249,519249,519253,4,0
519249,519249,519253,4,0
519249,519249,519254,5,0
519249,519249,519253,4,0
519249,519249,519253,4,0
519249,519249,519253,4,0
519249,519249,519253,4,0
519249,519249,519254,5,0
519249,519249,519253,4,0
519249,519249,519254,5,0
519249,519249,519254,5,0
519249,519249,519254,5,0
519249,519249,519254,5,0
519249,519249,519254,5,0
519249,519249,519254,5,0
519249,519249,519254,5,0
519249,519249,519253,4,0
516598,519156,519255,99,2558
519249,519249,519254,5,0
519249,519252,519255,3,3
519249,519252,519255,3,3
519249,519252,519255,3,3
519249,519249,519254,5,0
519249,519252,519255,3,3
519249,519252,519255,3,3
519249,519252,519255,3,3
519249,519249,519255,6,0
516598,519196,519255,59,2598
516598,519197,519255,58,2599
519249,519249,519256,7,0
519249,519249,519256,7,0
519249,519252,519256,4,3
519249,519253,519256,3,4
519249,519255,519256,1,6
519249,519255,519256,1,6
519249,519252,519256,4,3
519249,519253,519256,3,4
519249,519254,519256,2,5
519249,519252,519256,4,3
519249,519253,519256,3,4
519249,519254,519256,2,5
516598,519147,519256,109,2549
516598,519150,519257,107,2552
519249,519249,519257,8,0
519249,519254,519257,3,5
519249,519254,519257,3,5
519249,519249,519257,8,0
519249,519254,519257,3,5
519249,519254,519257,3,5
519249,519256,519257,1,7
519249,519249,519257,8,0
519249,519254,519257,3,5
519249,519254,519257,3,5
519249,519254,519257,3,5
519249,519254,519257,3,5
516598,519200,519257,57,2602
519249,519253,519257,4,4
519249,519254,519257,3,5
519249,519254,519257,3,5
519249,519249,519257,8,0
519249,519254,519257,3,5
519249,519254,519257,3,5
519249,519255,519257,2,6
519249,519253,519257,4,4
519249,519253,519257,4,4
519249,519254,519257,3,5
519249,519256,519257,1,7
519249,519249,519257,8,0
519249,519255,519257,2,6
519249,519255,519257,2,6
519249,519256,519257,1,7
519249,519249,519257,8,0
519249,519249,519257,8,0
516598,519146,519258,112,2548
516598,519194,519258,64,2596
516598,519208,519257,49,2610
519249,519254,519258,4,5
519249,519253,519258,5,4
519249,519249,519258,9,0
519249,519249,519258,9,0
519249,519254,519258,4,5
519249,519257,519258,1,8
519249,519249,519258,9,0
519249,519249,519259,10,0
519249,519257,519258,1,8
519249,519257,519258,1,8
519249,519257,519258,1,8
519249,519253,519258,5,4
519249,519257,519258,1,8
519249,519257,519258,1,8
519249,519257,519258,1,8
519249,519249,519259,10,0
519249,519257,519258,1,8
519249,519257,519259,2,8
519249,519257,519259,2,8
516598,519149,519258,109,2551
516598,519197,519258,61,2599
516598,519158,519259,101,2560
519249,519249,519259,10,0
519249,519249,519259,10,0
519249,519249,519260,11,0
519249,519249,519259,10,0
519249,519249,519260,11,0
516598,519200,519260,60,2602
516598,519150,519260,110,2552
516598,519157,519260,103,2559
519249,519249,519261,12,0
519249,519258,519260,2,9
519249,519258,519260,2,9
519249,519258,519260,2,9
519249,519249,519261,12,0
519249,519258,519260,2,9
519249,519258,519260,2,9
519249,519258,519260,2,9
519249,519258,519260,2,9
519249,519258,519261,3,9
519249,519249,519261,12,0
519249,519249,519260,11,0
519249,519258,519260,2,9
519249,519258,519261,3,9
519249,519249,519261,12,0
519249,519249,519260,11,0
519249,519258,519261,3,9
519249,519258,519261,3,9
519249,519258,519260,2,9
519249,519258,519261,3,9
519249,519258,519260,2,9
519249,519249,519261,12,0
519249,519258,519261,3,9
519249,519258,519261,3,9
519249,519258,519261,3,9
519249,519249,519261,12,0
519249,519258,519262,4,9
519249,519258,519261,3,9
519249,519258,519262,4,9
519249,519258,519261,3,9
519249,519258,519262,4,9
519249,519258,519261,3,9
519249,519258,519261,3,9
519249,519258,519262,4,9
519249,519258,519261,3,9
519249,519249,519262,13,0
519249,519258,519261,3,9
519249,519258,519261,3,9
516598,519158,519262,104,2560
519249,519249,519262,13,0
519249,519258,519262,4,9
519249,519249,519262,13,0
519249,519249,519262,13,0
519249,519249,519262,13,0
519249,519249,519262,13,0
519249,519258,519263,5,9
519249,519258,519262,4,9
519249,519249,519262,13,0
516605,519233,519263,30,2628
516598,519197,519263,66,2599
519249,519249,519263,14,0
519249,519259,519264,5,10
519249,519261,519264,3,12
519249,519259,519265,6,10
519249,519259,519265,6,10
519249,519261,519265,4,12
519249,519261,519265,4,12
519249,519259,519265,6,10
516598,519214,519265,51,2616
516598,519226,519265,39,2628
519249,519259,519265,6,10
519249,519261,519266,5,12
519249,519261,519265,4,12
519249,519261,519266,5,12
519249,519259,519265,6,10
519249,519259,519266,7,10
519249,519259,519266,7,10
519249,519259,519265,6,10
519249,519259,519265,6,10
516598,519201,519266,65,2603
516598,519205,519266,61,2607
516598,519206,519267,61,2608
519249,519260,519267,7,11
519249,519261,519267,6,12
519249,519259,519267,8,10
519249,519259,519267,8,10
519249,519259,519266,7,10
519249,519260,519267,7,11
519249,519260,519267,7,11
519249,519261,519267,6,12
516598,519155,519266,111,2557
519249,519259,519266,7,10
519249,519259,519266,7,10
519249,519259,519267,8,10
519249,519260,519267,7,11
516605,519232,519267,35,2627
519249,519260,519267,7,11
519249,519259,519268,9,10
519249,519261,519267,6,12
519249,519259,519268,9,10
516598,519157,519268,111,2559
516605,519232,519268,36,2627
519249,519261,519268,7,12
519249,519259,519268,9,10
519249,519261,519268,7,12
516598,519225,519269,44,2627
519249,519261,519269,8,12
519249,519261,519270,9,12
516605,519233,519270,37,2628
519249,519261,519270,9,12
519249,519261,519271,10,12
516605,519234,519272,38,2629
516598,519230,519273,43,2632
516598,519215,519273,58,2617
516598,519228,519274,46,2630
516598,519229,519274,45,2631
516605,519235,519274,39,2630
516598,519224,519275,51,2626
516598,519159,519276,117,2561
516598,519205,519276,71,2607
516598,519227,519277,50,2629
519276,519276,519278,2,0
519276,519276,519277,1,0
519276,519276,519278,2,0
519276,519276,519277,1,0
519276,519276,519278,2,0
519276,519276,519278,2,0
516598,519220,519278,58,2622
519276,519276,519278,2,0
519276,519276,519278,2,0
516605,519233,519278,45,2628
516605,519235,519278,43,2630
516605,519236,519278,42,2631
519276,519276,519278,2,0
519276,519276,519278,2,0
519276,519276,519279,3,0
519276,519276,519279,3,0
519276,519276,519278,2,0
519276,519276,519279,3,0
519276,519276,519278,2,0
519276,519276,519278,2,0
519276,519276,519278,2,0
519276,519276,519279,3,0
519276,519276,519278,2,0
519276,519276,519278,2,0
519276,519276,519279,3,0
519276,519276,519278,2,0
519276,519276,519279,3,0
519276,519276,519279,3,0
519276,519276,519278,2,0
519276,519276,519279,3,0
519276,519276,519278,2,0
519276,519276,519278,2,0
519276,519276,519279,3,0
516598,519219,519279,60,2621
516598,519226,519279,53,2628
516598,519216,519279,63,2618
516598,519225,519279,54,2627
519276,519276,519280,4,0
519276,519276,519279,3,0
519276,519276,519279,3,0
519276,519276,519279,3,0
519276,519276,519279,3,0
519276,519276,519279,3,0
519276,519276,519280,4,0
519276,519276,519279,3,0
519276,519276,519280,4,0
519276,519276,519280,4,0
519276,519276,519279,3,0
519276,519276,519279,3,0
519276,519276,519279,3,0
519276,519276,519279,3,0
519276,519276,519279,3,0
519276,519276,519281,5,0
519276,519276,519280,4,0
519276,519276,519280,4,0
519276,519276,519280,4,0
519276,519276,519280,4,0
519276,519276,519280,4,0
519276,519276,519280,4,0
519276,519276,519280,4,0
519276,519276,519280,4,0
519276,519276,519280,4,0
519276,519276,519280,4,0
519276,519276,519281,5,0
519276,519276,519281,5,0
519276,519276,519280,4,0
519276,519276,519281,5,0
519276,519278,519280,2,2
519276,519278,519280,2,2
519276,519278,519281,3,2
519276,519278,519280,2,2
519276,519278,519280,2,2
519276,519278,519281,3,2
519276,519276,519280,4,0
519276,519276,519281,5,0
519276,519276,519281,5,0
519276,519276,519281,5,0
516605,519236,519281,45,2631
519276,519276,519282,6,0
519276,519276,519282,6,0
519276,519276,519282,6,0
519276,519276,519282,6,0
519276,519276,519281,5,0
519276,519276,519282,6,0
519276,519276,519281,5,0
516598,519222,519282,60,2624
516598,519229,519283,54,2631
516598,519215,519282,67,2617
519276,519281,519283,2,5
519276,519281,519283,2,5
519276,519276,519283,7,0
519276,519278,519283,5,2
519276,519278,519283,5,2
519276,519279,519283,4,3
519276,519281,519284,3,5
519276,519276,519283,7,0
519276,519282,519284,2,6
519276,519282,519284,2,6
519276,519281,519284,3,5
519276,519281,519283,2,5
519276,519282,519284,2,6
519276,519281,519284,3,5
519276,519283,519284,1,7
519276,519283,519284,1,7
519276,519281,519284,3,5
519276,519283,519284,1,7
519276,519281,519284,3,5
519276,519281,519284,3,5
519276,519283,519284,1,7
519276,519281,519284,3,5
519276,519281,519284,3,5
519276,519283,519284,1,7
519276,519281,519284,3,5
519276,519282,519284,2,6
519276,519282,519284,2,6
519276,519282,519284,2,6
519276,519279,519284,5,3
519276,519284,519285,1,8
519276,519284,519285,1,8
519276,519282,519285,3,6
519276,519279,519285,6,3
519276,519281,519284,3,5
519276,519284,519285,1,8
519276,519284,519285,1,8
519276,519281,519285,4,5
519276,519281,519285,4,5
519276,519279,519285,6,3
519276,519280,519285,5,4
519276,519280,519285,5,4
519276,519284,519285,1,8
519276,519284,519285,1,8
519276,519281,519284,3,5
519276,519281,519285,4,5
519276,519280,519285,5,4
519276,519280,519286,6,4
519276,519281,519286,5,5
519276,519281,519286,5,5
519276,519284,519286,2,8
519276,519284,519285,1,8
519276,519284,519286,2,8
519276,519279,519286,7,3
519276,519284,519286,2,8
519276,519279,519285,6,3
519276,519279,519286,7,3
519276,519279,519286,7,3
519276,519280,519286,6,4
519276,519279,519286,7,3
519276,519279,519286,7,3
519276,519280,519286,6,4
519276,519284,519286,2,8
519276,519281,519285,4,5
519276,519284,519286,2,8
519276,519284,519286,2,8
519276,519279,519285,6,3
519276,519284,519286,2,8
519276,519284,519286,2,8
519276,519281,519286,5,5
519276,519281,519286,5,5
519276,519281,519286,5,5
516598,519221,519287,66,2623
519276,519280,519287,7,4
519276,519285,519286,1,9
519276,519285,519286,1,9
519276,519285,519286,1,9
519276,519279,519287,8,3
519276,519285,519287,2,9
519276,519285,519287,2,9
519276,519285,519287,2,9
519276,519285,519287,2,9
519276,519280,519287,7,4
519276,519281,519287,6,5
519276,519285,519287,2,9
519276,519279,519287,8,3
519276,519284,519287,3,8
519276,519284,519287,3,8
516605,519266,519287,21,2661
519276,519279,519287,8,3
519276,519281,519287,6,5
519276,519284,519287,3,8
519276,519284,519287,3,8
519276,519284,519287,3,8
519276,519284,519288,4,8
519276,519285,519287,2,9
516605,519237,519287,50,2632
516605,519237,519287,50,2632
516605,519241,519288,47,2636
516605,519267,519288,21,2662
519276,519280,519287,7,4
519276,519280,519287,7,4
519276,519280,519288,8,4
519276,519279,519287,8,3
519276,519280,519288,8,4
519276,519280,519288,8,4
519276,519285,519288,3,9
519276,519285,519288,3,9
519276,519279,519288,9,3
519276,519285,519288,3,9
519276,519285,519288,3,9
519276,519285,519288,3,9
519276,519285,519288,3,9
519276,519285,519288,3,9
519276,519280,519288,8,4
519276,519285,519288,3,9
519276,519279,519288,9,3
519276,519279,519288,9,3
519276,519279,519288,9,3
519276,519286,519288,2,10
519276,519285,519288,3,9
516605,519239,519288,49,2634
516605,519266,519288,22,2661
519276,519286,519288,2,10
519276,519286,519289,3,10
519276,519286,519289,3,10
519276,519285,519290,5,9
519276,519280,519289,9,4
519276,519286,519290,4,10
516598,519226,519290,64,2628
516605,519236,519290,54,2631
516605,519267,519290,23,2662
519276,519286,519291,5,10
519276,519279,519291,12,3
519276,519286,519292,6,10
516605,519264,519292,28,2659
516605,519240,519293,53,2635
516605,519276,519293,17,2671
519276,519279,519294,15,3
516605,519268,519294,26,2663
516605,519274,519294,20,2669
516605,519264,519296,32,2659
516605,519275,519295,20,2670
516605,519272,519296,24,2667
516605,519268,519296,28,2663
516605,519275,519296,21,2670
516605,519277,519296,19,2672
516605,519267,519296,29,2662
516605,519266,519297,31,2661
516605,519275,519298,23,2670
516605,519273,519299,26,2668
516605,519270,519299,29,2665
519299,519299,519301,2,0
519299,519299,519302,3,0
519299,519299,519302,3,0
519299,519299,519302,3,0
519299,519299,519302,3,0
519299,519299,519302,3,0
519299,519299,519301,2,0
519299,519299,519301,2,0
519299,519301,519302,1,2
519299,519299,519302,3,0
519299,519299,519302,3,0
519299,519299,519302,3,0
519299,519302,519303,1,3
519299,519299,519302,3,0
519299,519302,519303,1,3
519299,519299,519302,3,0
519299,519299,519303,4,0
519299,519299,519303,4,0
519299,519302,519303,1,3
519299,519302,519303,1,3
519299,519299,519303,4,0
519299,519299,519303,4,0
516605,519277,519304,27,2672
519299,519299,519304,5,0
519299,519299,519304,5,0
519299,519303,519304,1,4
519299,519303,519304,1,4
519299,519299,519304,5,0
519299,519299,519303,4,0
519299,519303,519304,1,4
519299,519303,519304,1,4
519299,519299,519304,5,0
519299,519303,519304,1,4
519299,519299,519304,5,0
519299,519299,519304,5,0
519299,519299,519304,5,0
519299,519302,519304,2,3
519299,519302,519304,2,3
519299,519302,519304,2,3
519299,519302,519304,2,3
519299,519299,519303,4,0
519299,519299,519304,5,0
519299,519299,519304,5,0
519299,519299,519305,6,0
519299,519299,519304,5,0
519299,519299,519305,6,0
519299,519299,519305,6,0
519299,519299,519305,6,0
519299,519299,519305,6,0
519299,519303,519304,1,4
519299,519299,519305,6,0
519299,519303,519305,2,4
519299,519303,519305,2,4
519299,519303,519305,2,4
519299,519303,519305,2,4
516605,519269,519305,36,2664
519299,519299,519306,7,0
519299,519299,519305,6,0
519299,519299,519305,6,0
519299,519299,519306,7,0
519299,519299,519306,7,0
519299,519299,519306,7,0
519299,519304,519306,2,5
519299,519304,519306,2,5
519299,519299,519305,6,0
519299,519304,519306,2,5
519299,519304,519306,2,5
519299,519304,519306,2,5
519299,519304,519306,2,5
519299,519299,519306,7,0
519299,519304,519306,2,5
519299,519304,519306,2,5
519299,519304,519306,2,5
519299,519303,519305,2,4
519299,519303,519306,3,4
519299,519299,519306,7,0
516605,519278,519307,29,2673
516605,519263,519306,43,2658
519299,519299,519306,7,0
519299,519299,519307,8,0
519299,519304,519306,2,5
519299,519304,519307,3,5
519299,519304,519307,3,5
519299,519299,519306,7,0
519299,519299,519307,8,0
519299,519299,519306,7,0
519299,519299,519307,8,0
519299,519299,519307,8,0
519299,519304,519307,3,5
519299,519299,519308,9,0
519299,519299,519307,8,0
519299,519299,519307,8,0
519299,519299,519307,8,0
519299,519299,519307,8,0
519299,519303,519307,4,4
516605,519260,519308,48,2655
516605,519259,519308,49,2654
519299,519299,519308,9,0
519299,519299,519308,9,0
519299,519305,519308,3,6
519299,519299,519308,9,0
519299,519299,519308,9,0
519299,519299,519308,9,0
519299,519305,519308,3,6
519299,519305,519308,3,6
519299,519305,519308,3,6
519299,519299,519308,9,0
519299,519299,519308,9,0
519299,519299,519309,10,0
519299,519305,519309,4,6
519299,519305,519309,4,6
519299,519299,519309,10,0
519299,519299,519309,10,0
519299,519305,519309,4,6
519299,519305,519310,5,6
519299,519305,519309,4,6
519299,519304,519309,5,5
519299,519304,519309,5,5
519299,519304,519309,5,5
519299,519304,519309,5,5
519299,519304,519309,5,5
516605,519280,519309,29,2675
516605,519277,519309,32,2672
519299,519299,519310,11,0
519299,519305,519310,5,6
519299,519309,519311,2,10
519299,519309,519311,2,10
519299,519305,519311,6,6
519299,519310,519312,2,11
519299,519309,519311,2,10
519299,519310,519312,2,11
519299,519310,519311,1,11
519299,519299,519312,13,0
519299,519299,519311,12,0
519299,519310,519312,2,11
519299,519310,519311,1,11
519299,519310,519312,2,11
519299,519310,519311,1,11
519299,519306,519312,6,7
519299,519309,519311,2,10
519299,519309,519311,2,10
519299,519310,519311,1,11
516605,519259,519312,53,2654
519299,519299,519312,13,0
519299,519299,519312,13,0
519299,519308,519312,4,9
519299,519309,519312,3,10
519299,519309,519312,3,10
519299,519308,519312,4,9
519299,519309,519312,3,10
519299,519309,519312,3,10
519299,519306,519312,6,7
519299,519308,519312,4,9
519299,519310,519312,2,11
519299,519306,519312,6,7
519299,519308,519312,4,9
519299,519312,519313,1,13
519299,519307,519312,5,8
519299,519308,519313,5,9
519299,519312,519313,1,13
519299,519312,519313,1,13
519299,519312,519313,1,13
519299,519306,519312,6,7
516605,519279,519313,34,2674
519299,519309,519313,4,10
519299,519308,519313,5,9
519299,519310,519313,3,11
519299,519309,519313,4,10
519299,519312,519313,1,13
519299,519306,519314,8,7
519299,519306,519313,7,7
519299,519306,519313,7,7
519299,519306,519313,7,7
519299,519308,519314,6,9
519299,519308,519314,6,9
519299,519308,519314,6,9
519299,519306,519313,7,7
519299,519307,519314,7,8
519299,519308,519313,5,9
519299,519308,519314,6,9
519299,519308,519313,5,9
519299,519308,519314,6,9
519299,519307,519315,8,8
519299,519299,519314,15,0
519299,519307,519314,7,8
519299,519307,519315,8,8
519299,519306,519314,8,7
519299,519308,519314,6,9
519299,519308,519315,7,9
519299,519306,519314,8,7
519299,519306,519315,9,7
519299,519307,519315,8,8
519299,519306,519315,9,7
519299,519306,519315,9,7
519299,519307,519315,8,8
519299,519307,519315,8,8
519299,519306,519315,9,7
519299,519306,519316,10,7
516605,519258,519315,57,2653
516605,519280,519315,35,2675
516605,519269,519315,46,2664
519299,519307,519316,9,8
519299,519306,519316,10,7
519299,519306,519317,11,7
519299,519307,519316,9,8
516605,519283,519317,34,2678
516605,519243,519318,75,2638
516605,519279,519317,38,2674
516605,519242,519318,76,2637
516605,519260,519319,59,2655
516605,519242,519321,79,2637
516605,519243,519322,79,2638
519321,519322,519324,2,1
516605,519258,519323,65,2653
519321,519322,519324,2,1
519321,519322,519324,2,1
519321,519322,519324,2,1
519321,519322,519325,3,1
519321,519322,519324,2,1
519321,519322,519324,2,1
519321,519322,519324,2,1
519321,519322,519324,2,1
519321,519322,519324,2,1
519321,519322,519324,2,1
516605,519244,519324,80,2639
519321,519322,519325,3,1
519321,519322,519326,4,1
519321,519322,519325,3,1
519321,519322,519325,3,1
519321,519322,519325,3,1
519321,519322,519325,3,1
519321,519322,519325,3,1
519321,519322,519326,4,1
519321,519322,519325,3,1
516605,519281,519325,44,2676
519321,519322,519325,3,1
516605,519261,519325,64,2656
516605,519279,519326,47,2674
519321,519322,519326,4,1
519321,519322,519326,4,1
519321,519322,519326,4,1
519321,519322,519326,4,1
519321,519322,519327,5,1
519321,519322,519326,4,1
516605,519288,519327,39,2683
519321,519322,519327,5,1
519321,519322,519327,5,1
519321,519322,519327,5,1
519321,519322,519327,5,1
519321,519322,519328,6,1
519321,519322,519327,5,1
519321,519322,519327,5,1
519321,519322,519328,6,1
519321,519322,519328,6,1
519321,519322,519328,6,1
516605,519288,519328,40,2683
519321,519326,519329,3,5
519321,519326,519329,3,5
519321,519322,519328,6,1
519321,519324,519329,5,3
519321,519326,519328,2,5
519321,519328,519329,1,7
516605,519294,519329,35,2689
516605,519241,519329,88,2636
516605,519245,519329,84,2640
519321,519325,519329,4,4
519321,519325,519329,4,4
519321,519325,519329,4,4
519321,519325,519329,4,4
519321,519327,519329,2,6
519321,519322,519329,7,1
519321,519327,519330,3,6
519321,519329,519330,1,8
519321,519322,519329,7,1
519321,519322,519329,7,1
519321,519327,519330,3,6
519321,519328,519329,1,7
519321,519328,519330,2,7
519321,519328,519330,2,7
519321,519329,519330,1,8
519321,519322,519329,7,1
519321,519325,519330,5,4
519321,519325,519330,5,4
519321,519327,519329,2,6
519321,519329,519330,1,8
519321,519329,519330,1,8
519321,519326,519330,4,5
519321,519328,519330,2,7
519321,519325,519329,4,4
519321,519325,519329,4,4
519321,519325,519329,4,4
519321,519328,519330,2,7
519321,519329,519330,1,8
519321,519329,519330,1,8
519321,519326,519329,3,5
519321,519327,519329,2,6
519321,519329,519330,1,8
516605,519244,519330,86,2639
516605,519261,519330,69,2656
516605,519288,519329,41,2683
519321,519330,519331,1,9
519321,519330,519331,1,9
519321,519328,519330,2,7
519321,519330,519331,1,9
519321,519330,519331,1,9
519321,519322,519330,8,1
519321,519326,519330,4,5
519321,519327,519330,3,6
519321,519322,519330,8,1
519321,519322,519331,9,1
519321,519329,519330,1,8
516605,519287,519330,43,2682
519321,519322,519331,9,1
519321,519322,519331,9,1
519321,519322,519331,9,1
519321,519322,519331,9,1
519321,519322,519330,8,1
519321,519325,519330,5,4
519321,519322,519331,9,1
519321,519330,519331,1,9
519321,519330,519331,1,9
519321,519330,519331,1,9
519321,519330,519332,2,9
519321,519330,519331,1,9
519321,519326,519331,5,5
519321,519326,519331,5,5
519321,519330,519332,2,9
519321,519322,519332,10,1
519321,519330,519331,1,9
519321,519330,519331,1,9
519321,519322,519331,9,1
519321,519330,519331,1,9
519321,519326,519332,6,5
519321,519330,519331,1,9
519321,519330,519331,1,9
519321,519330,519332,2,9
519321,519330,519332,2,9
519321,519330,519332,2,9
519321,519330,519332,2,9
519321,519330,519331,1,9
519321,519330,519332,2,9
519321,519330,519332,2,9
519321,519330,519331,1,9
519321,519330,519332,2,9
519321,519330,519332,2,9
519321,519330,519332,2,9
519321,519330,519332,2,9
519321,519322,519332,10,1
519321,519322,519332,10,1
519321,519322,519332,10,1
519321,519322,519333,11,1
519321,519322,519333,11,1
519321,519322,519333,11,1
519321,519326,519332,6,5
519321,519330,519332,2,9
519321,519330,519333,3,9
519321,519330,519333,3,9
519321,519330,519333,3,9
519321,519330,519333,3,9
516605,519296,519333,37,2691
519321,519322,519334,12,1
519321,519322,519333,11,1
519321,519322,519334,12,1
519321,519322,519333,11,1
519321,519331,519334,3,10
519321,519322,519334,12,1
519321,519322,519334,12,1
519321,519330,519334,4,9
516605,519283,519335,52,2678
519321,519331,519335,4,10
519321,519322,519335,13,1
519321,519331,519335,4,10
519321,519331,519335,4,10
519321,519331,519335,4,10
519321,519322,519335,13,1
519321,519331,519335,4,10
519321,519331,519335,4,10
516605,519288,519335,47,2683
516605,519295,519335,40,2690
519321,519322,519335,13,1
519321,519331,519336,5,10
519321,519322,519336,14,1
519321,519331,519336,5,10
519321,519331,519336,5,10
519321,519331,519336,5,10
519321,519332,519337,5,11
519321,519322,519337,15,1
519321,519331,519336,5,10
519321,519331,519337,6,10
519321,519322,519337,15,1
519321,519322,519337,15,1
519321,519332,519337,5,11
519321,519332,519337,5,11
519321,519332,519337,5,11
519321,519332,519337,5,11
519321,519331,519337,6,10
519321,519331,519337,6,10
519321,519331,519337,6,10
516605,519289,519338,49,2684
516605,519295,519338,43,2690
519321,519332,519338,6,11
519321,519332,519338,6,11
519321,519331,519338,7,10
519321,519333,519338,5,12
519321,519332,519338,6,11
519321,519332,519338,6,11
519321,519332,519338,6,11
516605,519248,519338,90,2643
516605,519283,519339,56,2678
516605,519296,519339,43,2691
516605,519279,519339,60,2674
519321,519332,519339,7,11
519321,519332,519339,7,11
519321,519333,519338,5,12
519321,519333,519339,6,12
519321,519333,519339,6,12
519321,519332,519340,8,11
519321,519332,519339,7,11
519321,519332,519339,7,11
519321,519332,519339,7,11
516605,519288,519340,52,2683
519321,519332,519340,8,11
519321,519332,519340,8,11
519321,519332,519341,9,11
519321,519332,519341,9,11
519321,519332,519341,9,11
519321,519332,519341,9,11
516605,519279,519341,62,2674
516605,519291,519342,51,2686
516605,519291,519342,51,2686
516605,519289,519341,52,2684
519321,519332,519342,10,11
519321,519332,519342,10,11
516605,519248,519343,95,2643
519321,519332,519343,11,11
519321,519332,519344,12,11
519321,519332,519344,12,11
516605,519246,519344,98,2641
516605,519296,519345,49,2691
519321,519332,519345,13,11
516605,519256,519345,89,2651
519321,519332,519345,13,11
516605,519246,519346,100,2641
519321,519332,519346,14,11
516605,519256,519346,90,2651
516605,519299,519347,48,2694
519321,519332,519347,15,11
516605,519307,519348,41,2702
516605,519297,519348,51,2692
516605,519291,519351,60,2686
516605,519294,519352,58,2689
516605,519254,519352,98,2649
516661,519328,519352,24,2667
516605,519245,519353,108,2640
516605,519297,519354,57,2692
519352,519352,519354,2,0
519352,519352,519354,2,0
519352,519352,519354,2,0
519352,519352,519354,2,0
519352,519352,519354,2,0
516605,519252,519354,102,2647
516605,519252,519354,102,2647
516605,519297,519355,58,2692
519352,519352,519355,3,0
519352,519352,519354,2,0
519352,519352,519354,2,0
519352,519352,519355,3,0
519352,519352,519355,3,0
519352,519352,519354,2,0
519352,519352,519354,2,0
519352,519352,519354,2,0
519352,519352,519355,3,0
519352,519352,519355,3,0
519352,519352,519355,3,0
519352,519352,519354,2,0
519352,519352,519355,3,0
519352,519352,519355,3,0
519352,519352,519355,3,0
516605,519298,519354,56,2693
516605,519252,519355,103,2647
516605,519310,519355,45,2705
516661,519329,519356,27,2668
519352,519352,519356,4,0
519352,519352,519356,4,0
519352,519352,519356,4,0
519352,519352,519356,4,0
519352,519352,519355,3,0
519352,519352,519356,4,0
519352,519352,519356,4,0
519352,519352,519356,4,0
519352,519352,519356,4,0
519352,519352,519355,3,0
519352,519352,519356,4,0
519352,519352,519355,3,0
519352,519352,519355,3,0
519352,519352,519356,4,0
519352,519352,519355,3,0
519352,519352,519356,4,0
519352,519352,519356,4,0
519352,519352,519356,4,0
516605,519257,519356,99,2652
519352,519352,519357,5,0
519352,519352,519357,5,0
519352,519352,519357,5,0
519352,519352,519357,5,0
519352,519352,519357,5,0
519352,519352,519356,4,0
519352,519352,519357,5,0
519352,519352,519356,4,0
519352,519352,519357,5,0
519352,519352,519357,5,0
519352,519352,519357,5,0
519352,519352,519357,5,0
519352,519352,519357,5,0
519352,519352,519357,5,0
519352,519352,519356,4,0
519352,519352,519357,5,0
519352,519352,519357,5,0
516605,519297,519357,60,2692
519352,519352,519357,5,0
519352,519352,519357,5,0
516605,519299,519357,58,2694
519352,519352,519358,6,0
519352,519352,519358,6,0
519352,519352,519357,5,0
519352,519354,519358,4,2
519352,519354,519358,4,2
519352,519354,519358,4,2
519352,519354,519358,4,2
519352,519352,519358,6,0
519352,519352,519358,6,0
516605,519252,519359,107,2647
519352,519352,519358,6,0
519352,519352,519359,7,0
516605,519253,519359,106,2648
519352,519355,519359,4,3
519352,519355,519359,4,3
519352,519352,519359,7,0
519352,519355,519359,4,3
519352,519354,519359,5,2
519352,519355,519360,5,3
519352,519352,519359,7,0
516605,519254,519359,105,2649
516605,519308,519360,52,2703
519352,519352,519360,8,0
519352,519352,519360,8,0
519352,519352,519360,8,0
519352,519352,519360,8,0
519352,519352,519360,8,0
516661,519329,519361,32,2668
519352,519355,519360,5,3
519352,519355,519360,5,3
519352,519355,519361,6,3
519352,519358,519360,2,6
519352,519359,519361,2,7
519352,519355,519360,5,3
519352,519358,519361,3,6
516605,519310,519361,51,2705
519352,519357,519361,4,5
519352,519360,519362,2,8
519352,519357,519361,4,5
519352,519357,519361,4,5
519352,519360,519361,1,8
519352,519360,519361,1,8
519352,519355,519361,6,3
519352,519355,519361,6,3
519352,519355,519361,6,3
519352,519358,519361,3,6
519352,519359,519362,3,7
519352,519359,519361,2,7
519352,519352,519361,9,0
519352,519355,519361,6,3
519352,519358,519361,3,6
519352,519360,519361,1,8
519352,519360,519361,1,8
519352,519361,519362,1,9
519352,519361,519362,1,9
519352,519361,519362,1,9
519352,519355,519361,6,3
519352,519359,519361,2,7
519352,519359,519361,2,7
519352,519360,519361,1,8
519352,519361,519362,1,9
519352,519361,519362,1,9
516605,519257,519362,105,2652
516605,519258,519362,104,2653
519352,519361,519362,1,9
516605,519253,519362,109,2648
519352,519361,519362,1,9
519352,519361,519362,1,9
519352,519361,519362,1,9
519352,519360,519362,2,8
519352,519360,519362,2,8
519352,519362,519363,1,10
519352,519359,519362,3,7
519352,519359,519362,3,7
519352,519362,519363,1,10
519352,519362,519363,1,10
519352,519362,519363,1,10
519352,519362,519363,1,10
519352,519356,519363,7,4
516605,519255,519363,108,2650
519352,519357,519363,6,5
519352,519357,519363,6,5
519352,519358,519363,5,6
519352,519359,519364,5,7
519352,519357,519363,6,5
519352,519357,519363,6,5
519352,519357,519363,6,5
519352,519357,519363,6,5
519352,519362,519363,1,10
519352,519362,519363,1,10
519352,519362,519363,1,10
519352,519355,519364,9,3
519352,519362,519364,2,10
519352,519362,519364,2,10
519352,519356,519363,7,4
519352,519362,519364,2,10
519352,519362,519364,2,10
519352,519362,519364,2,10
519352,519356,519364,8,4
519352,519362,519364,2,10
519352,519362,519364,2,10
516661,519330,519364,34,2669
516605,519308,519364,56,2703
519352,519357,519364,7,5
519352,519357,519364,7,5
519352,519357,519364,7,5
519352,519357,519364,7,5
516605,519307,519364,57,2702
516661,519330,519365,35,2669
519352,519356,519365,9,4
519352,519356,519364,8,4
519352,519357,519364,7,5
519352,519356,519364,8,4
519352,519357,519365,8,5
519352,519362,519364,2,10
519352,519362,519365,3,10
519352,519356,519365,9,4
519352,519362,519365,3,10
519352,519362,519364,2,10
519352,519362,519364,2,10
519352,519362,519365,3,10
519352,519362,519364,2,10
519352,519362,519365,3,10
519352,519362,519364,2,10
519352,519362,519364,2,10
519352,519362,519364,2,10
519352,519362,519365,3,10
519352,519362,519365,3,10
516605,519300,519365,65,2695
519352,519356,519365,9,4
519352,519356,519365,9,4
519352,519357,519365,8,5
519352,519355,519366,11,3
516605,519306,519366,60,2701
519352,519357,519366,9,5
519352,519363,519366,3,11
519352,519363,519367,4,11
519352,519356,519366,10,4
516605,519318,519367,49,2713
516605,519318,519367,49,2713
516605,519321,519368,47,2716
519352,519356,519367,11,4
519352,519363,519367,4,11
519352,519356,519367,11,4
519352,519363,519367,4,11
519352,519356,519368,12,4
516605,519304,519368,64,2699
516605,519293,519368,75,2688
516661,519331,519368,37,2670
519352,519363,519368,5,11
519352,519363,519369,6,11
519352,519363,519368,5,11
519352,519363,519369,6,11
519352,519356,519368,12,4
516661,519330,519369,39,2669
519352,519356,519370,14,4
519352,519363,519370,7,11
516605,519312,519370,58,2707
519352,519356,519370,14,4
519352,519363,519371,8,11
516605,519326,519372,46,2721
516605,519258,519372,114,2653
516605,519326,519372,46,2721
516605,519319,519373,54,2714
516661,519330,519373,43,2669
516605,519318,519373,55,2713
516661,519330,519373,43,2669
516605,519325,519374,49,2720
516605,519326,519374,48,2721
516605,519323,519376,53,2718
516661,519334,519376,42,2673
516605,519324,519376,52,2719
516605,519316,519376,60,2711
516661,519335,519377,42,2674
516605,519319,519376,57,2714
516605,519313,519379,66,2708
519375,519376,519379,3,1
519375,519376,519379,3,1
519375,519376,519379,3,1
519375,519376,519379,3,1
519375,519376,519379,3,1
519375,519376,519380,4,1
519375,519376,519380,4,1
519375,519376,519380,4,1
519375,519376,519379,3,1
516605,519316,519380,64,2711
519375,519376,519380,4,1
519375,519376,519380,4,1
519375,519376,519380,4,1
519375,519376,519380,4,1
519375,519380,519381,1,5
519375,519380,519381,1,5
519375,519376,519381,5,1
519375,519376,519380,4,1
519375,519376,519380,4,1
519375,519380,519381,1,5
519375,519380,519381,1,5
519375,519376,519380,4,1
519375,519376,519380,4,1
519375,519380,519381,1,5
519375,519380,519381,1,5
519375,519376,519380,4,1
519375,519376,519380,4,1
519375,519380,519381,1,5
516661,519336,519381,45,2675
519375,519376,519381,5,1
519375,519376,519381,5,1
519375,519381,519382,1,6
519375,519381,519382,1,6
519375,519376,519381,5,1
519375,519376,519381,5,1
519375,519376,519381,5,1
519375,519376,519382,6,1
519375,519376,519382,6,1
519375,519381,519382,1,6
519375,519381,519382,1,6
519375,519376,519382,6,1
519375,519380,519381,1,5
519375,519376,519381,5,1
519375,519376,519382,6,1
519375,519376,519382,6,1
519375,519376,519383,7,1
519375,519376,519383,7,1
519375,519376,519383,7,1
519375,519376,519382,6,1
519375,519381,519383,2,6
519375,519381,519383,2,6
519375,519376,519383,7,1
519375,519381,519383,2,6
519375,519376,519383,7,1
519375,519381,519383,2,6
519375,519376,519382,6,1
519375,519381,519383,2,6
519375,519376,519383,7,1
519375,519376,519383,7,1
519375,519376,519382,6,1
519375,519381,519383,2,6
519375,519376,519383,7,1
519375,519381,519382,1,6
519375,519381,519382,1,6
519375,519381,519382,1,6
519375,519381,519382,1,6
516605,519316,519383,67,2711
519375,519382,519384,2,7
519375,519382,519384,2,7
519375,519382,519384,2,7
519375,519382,519384,2,7
519375,519376,519384,8,1
519375,519376,519384,8,1
519375,519376,519384,8,1
519375,519376,519384,8,1
519375,519376,519384,8,1
519375,519382,519384,2,7
519375,519376,519384,8,1
519375,519376,519384,8,1
519375,519381,519384,3,6
519375,519376,519383,7,1
519375,519376,519384,8,1
519375,519381,519384,3,6
519375,519376,519384,8,1
519375,519376,519384,8,1
519375,519382,519384,2,7
519375,519382,519384,2,7
519375,519376,519385,9,1
519375,519376,519384,8,1
519375,519376,519385,9,1
519375,519382,519384,2,7
519375,519382,519385,3,7
519375,519382,519385,3,7
519375,519382,519385,3,7
519375,519382,519384,2,7
519375,519382,519385,3,7
519375,519382,519384,2,7
519375,519376,519385,9,1
519375,519376,519385,9,1
519375,519381,519384,3,6
516661,519367,519385,18,2706
516661,519363,519385,22,2702
519375,519376,519386,10,1
519375,519376,519385,9,1
519375,519376,519385,9,1
519375,519376,519386,10,1
519375,519382,519385,3,7
516661,519338,519386,48,2677
519375,519376,519387,11,1
519375,519376,519387,11,1
519375,519383,519387,4,8
519375,519382,519386,4,7
519375,519376,519387,11,1
519375,519376,519387,11,1
516661,519362,519388,26,2701
519375,519383,519387,4,8
519375,519383,519387,4,8
519375,519376,519387,11,1
519375,519383,519388,5,8
519375,519383,519387,4,8
519375,519383,519388,5,8
519375,519383,519388,5,8
519375,519385,519388,3,10
519375,519385,519388,3,10
519375,519376,519388,12,1
519375,519376,519388,12,1
519375,519383,519388,5,8
519375,519383,519388,5,8
519375,519376,519388,12,1
519375,519383,519388,5,8
519375,519383,519388,5,8
519375,519383,519388,5,8
519375,519386,519389,3,11
519375,519383,519389,6,8
519375,519383,519389,6,8
519375,519386,519389,3,11
519375,519387,519389,2,12
519375,519388,519389,1,13
519375,519388,519389,1,13
519375,519383,519389,6,8
519375,519383,519389,6,8
519375,519385,519389,4,10
519375,519385,519389,4,10
519375,519383,519389,6,8
519375,519385,519389,4,10
519375,519386,519389,3,11
519375,519383,519390,7,8
519375,519387,519389,2,12
519375,519389,519390,1,14
519375,519383,519389,6,8
519375,519385,519389,4,10
519375,519389,519390,1,14
519375,519385,519389,4,10
519375,519388,519390,2,13
519375,519389,519390,1,14
519375,519386,519389,3,11
519375,519389,519390,1,14
519375,519385,519390,5,10
519375,519388,519390,2,13
519375,519388,519390,2,13
519375,519387,519389,2,12
519375,519388,519390,2,13
519375,519388,519390,2,13
519375,519385,519390,5,10
519375,519385,519390,5,10
519375,519385,519389,4,10
519375,519388,519390,2,13
519375,519384,519390,6,9
519375,519376,519390,14,1
519375,519388,519390,2,13
519375,519383,519390,7,8
519375,519383,519390,7,8
519375,519389,519390,1,14
519375,519385,519390,5,10
519375,519389,519390,1,14
519375,519389,519390,1,14
519375,519389,519390,1,14
516661,519336,519390,54,2675
516661,519365,519390,25,2704
519375,519376,519391,15,1
519375,519386,519390,4,11
519375,519388,519391,3,13
519375,519383,519391,8,8
519375,519384,519391,7,9
519375,519384,519391,7,9
519375,519383,519391,8,8
519375,519384,519391,7,9
519375,519385,519392,7,10
519375,519385,519392,7,10
519375,519384,519392,8,9
516661,519338,519392,54,2677
519375,519384,519393,9,9
519375,519384,519393,9,9
519375,519384,519393,9,9
519375,519384,519393,9,9
519375,519385,519393,8,10
516661,519367,519393,26,2706
519375,519385,519393,8,10
519375,519384,519393,9,9
519375,519384,519393,9,9
516661,519369,519394,25,2708
516661,519369,519393,24,2708
519375,519384,519394,10,9
519375,519384,519394,10,9
519375,519384,519394,10,9
519375,519384,519394,10,9
516661,519362,519395,33,2701
516661,519362,519395,33,2701
519375,519384,519395,11,9
516661,519368,519396,28,2707
516661,519361,519396,35,2700
516661,519365,519395,30,2704
519375,519384,519396,12,9
516661,519369,519396,27,2708
516661,519365,519396,31,2704
516661,519370,519397,27,2709
516661,519339,519397,58,2678
516661,519371,519398,27,2710
516661,519372,519399,27,2711
516661,519373,519400,27,2712
516661,519366,519400,34,2705
516661,519363,519401,38,2702
516661,519373,519402,29,2712
519401,519401,519403,2,0
519401,519402,519403,1,1
519401,519401,519403,2,0
519401,519402,519403,1,1
519401,519402,519403,1,1
519401,519402,519403,1,1
519401,519401,519404,3,0
519401,519402,519404,2,1
519401,519402,519404,2,1
519401,519402,519404,2,1
519401,519402,519405,3,1
519401,519402,519405,3,1
519401,519402,519404,2,1
519401,519402,519405,3,1
519401,519402,519405,3,1
519401,519402,519404,2,1
519401,519402,519404,2,1
519401,519402,519405,3,1
519401,519402,519405,3,1
519401,519402,519405,3,1
519401,519402,519405,3,1
519401,519402,519405,3,1
519401,519402,519405,3,1
519401,519402,519405,3,1
519401,519402,519405,3,1
519401,519402,519406,4,1
519401,519402,519406,4,1
516661,519377,519405,28,2716
516661,519339,519406,67,2678
519401,519401,519405,4,0
519401,519402,519407,5,1
519401,519402,519406,4,1
519401,519402,519407,5,1
519401,519402,519406,4,1
519401,519402,519406,4,1
519401,519402,519406,4,1
519401,519402,519407,5,1
519401,519402,519407,5,1
519401,519402,519407,5,1
519401,519402,519406,4,1
519401,519402,519407,5,1
519401,519402,519407,5,1
519401,519402,519408,6,1
516661,519375,519408,33,2714
519401,519402,519407,5,1
519401,519405,519408,3,4
519401,519405,519408,3,4
519401,519406,519408,2,5
519401,519406,519408,2,5
519401,519402,519407,5,1
519401,519407,519408,1,6
519401,519402,519407,5,1
516661,519373,519408,35,2712
519401,519402,519408,6,1
519401,519402,519408,6,1
519401,519406,519409,3,5
519401,519406,519408,2,5
519401,519407,519409,2,6
519401,519405,519408,3,4
519401,519407,519409,2,6
519401,519407,519408,1,6
519401,519408,519409,1,7
519401,519402,519409,7,1
519401,519407,519409,2,6
519401,519407,519408,1,6
519401,519408,519409,1,7
519401,519402,519408,6,1
519401,519402,519409,7,1
519401,519405,519408,3,4
519401,519405,519408,3,4
519401,519408,519409,1,7
519401,519402,519409,7,1
519401,519407,519409,2,6
519401,519408,519409,1,7
519401,519408,519409,1,7
519401,519408,519409,1,7
519401,519402,519409,7,1
519401,519406,519408,2,5
519401,519407,519408,1,6
519401,519408,519409,1,7
519401,519402,519409,7,1
519401,519406,519408,2,5
519401,519407,519408,1,6
519401,519408,519409,1,7
519401,519406,519409,3,5
519401,519408,519410,2,7
519401,519408,519409,1,7
519401,519408,519409,1,7
519401,519407,519409,2,6
519401,519409,519410,1,8
519401,519409,519410,1,8
519401,519409,519410,1,8
519401,519402,519410,8,1
519401,519402,519409,7,1
519401,519406,519410,4,5
519401,519406,519409,3,5
519401,519409,519410,1,8
519401,519409,519410,1,8
516661,519358,519409,51,2697
519401,519402,519409,7,1
519401,519404,519410,6,3
519401,519409,519410,1,8
519401,519409,519410,1,8
519401,519409,519410,1,8
519401,519404,519410,6,3
519401,519404,519410,6,3
519401,519409,519410,1,8
519401,519409,519410,1,8
516661,519373,519410,37,2712
519401,519402,519410,8,1
519401,519402,519409,7,1
516661,519361,519411,50,2700
519401,519402,519411,9,1
519401,519406,519411,5,5
519401,519406,519410,4,5
519401,519409,519410,1,8
519401,519409,519411,2,8
519401,519405,519411,6,4
519401,519405,519411,6,4
519401,519404,519410,6,3
519401,519409,519411,2,8
519401,519409,519411,2,8
519401,519409,519411,2,8
519401,519409,519411,2,8
516661,519365,519411,46,2704
516661,519339,519412,73,2678
519401,519402,519412,10,1
519401,519405,519411,6,4
519401,519405,519411,6,4
519401,519409,519412,3,8
519401,519409,519412,3,8
519401,519404,519411,7,3
519401,519404,519411,7,3
519401,519409,519412,3,8
519401,519409,519412,3,8
519401,519405,519411,6,4
519401,519409,519411,2,8
519401,519409,519411,2,8
519401,519403,519412,9,2
519401,519409,519411,2,8
519401,519409,519411,2,8
519401,519405,519412,7,4
519401,519410,519412,2,9
519401,519410,519413,3,9
519401,519410,519413,3,9
519401,519410,519413,3,9
519401,519410,519413,3,9
519401,519409,519412,3,8
519401,519409,519413,4,8
519401,519402,519413,11,1
519401,519410,519413,3,9
519401,519409,519413,4,8
519401,519409,519413,4,8
519401,519409,519413,4,8
519401,519409,519413,4,8
516661,519377,519413,36,2716
519401,519410,519413,3,9
519401,519402,519414,12,1
519401,519410,519413,3,9
519401,519402,519414,12,1
519401,519410,519414,4,9
519401,519410,519414,4,9
519401,519410,519414,4,9
519401,519409,519414,5,8
519401,519402,519414,12,1
516661,519356,519414,58,2695
516661,519376,519414,38,2715
516661,519379,519414,35,2718
519401,519410,519415,5,9
519401,519410,519415,5,9
519401,519410,519414,4,9
519401,519410,519415,5,9
519401,519402,519415,13,1
519401,519410,519415,5,9
519401,519410,519415,5,9
519401,519410,519415,5,9
519401,519410,519415,5,9
519401,519410,519415,5,9
519401,519402,519416,14,1
519401,519402,519416,14,1
519401,519402,519416,14,1
519401,519410,519416,6,9
519401,519410,519415,5,9
516661,519381,519417,36,2720
519401,519411,519417,6,10
519401,519402,519417,15,1
519401,519411,519417,6,10
519401,519410,519416,6,9
519401,519402,519417,15,1
519401,519412,519417,5,11
519401,519412,519417,5,11
519401,519410,519417,7,9
519401,519402,519418,16,1
519401,519411,519418,7,10
519401,519412,519418,6,11
519401,519402,519418,16,1
519401,519410,519418,8,9
519401,519412,519419,7,11
519401,519413,519419,6,12
516661,519339,519419,80,2678
516661,519374,519420,46,2713
516661,519381,519420,39,2720
519401,519412,519420,8,11
519401,519412,519419,7,11
519401,519411,519420,9,10
519401,519411,519420,9,10
519401,519411,519420,9,10
519401,519411,519420,9,10
519401,519411,519420,9,10
516661,519360,519420,60,2699
519401,519412,519421,9,11
519401,519412,519421,9,11
519401,519411,519421,10,10
519401,519411,519420,9,10
516661,519375,519422,47,2714
516661,519377,519422,45,2716
519401,519412,519422,10,11
519401,519411,519423,12,10
516661,519342,519423,81,2681
519401,519411,519424,13,10
516661,519342,519425,83,2681
516661,519377,519424,47,2716
516661,519365,519425,60,2704
516661,519377,519427,50,2716
516661,519342,519427,85,2681
516661,519386,519429,43,2725
516661,519384,519430,46,2723
519429,519429,519432,3,0
519429,519429,519432,3,0
519429,519429,519432,3,0
519429,519429,519432,3,0
519429,519429,519432,3,0
519429,519429,519432,3,0
519429,519429,519432,3,0
519429,519429,519432,3,0
519429,519429,519432,3,0
519429,519429,519432,3,0
519429,519429,519432,3,0
519429,519429,519432,3,0
519429,519429,519432,3,0
519429,519429,519433,4,0
519429,519429,519433,4,0
519429,519429,519433,4,0
519429,519429,519433,4,0
519429,519429,519433,4,0
519429,519429,519433,4,0
519429,519429,519433,4,0
519429,519429,519433,4,0
519429,519429,519433,4,0
519429,519429,519433,4,0
516661,519357,519434,77,2696
516661,519358,519434,76,2697
519429,519429,519434,5,0
519429,519429,519434,5,0
519429,519429,519434,5,0
519429,519429,519434,5,0
519429,519429,519434,5,0
519429,519429,519434,5,0
519429,519429,519434,5,0
519429,519429,519434,5,0
519429,519429,519434,5,0
519429,519429,519434,5,0
519429,519429,519434,5,0
519429,519429,519434,5,0
519429,519429,519434,5,0
519429,519429,519434,5,0
519429,519429,519434,5,0
519429,519429,519434,5,0
519429,519429,519434,5,0
519429,519429,519434,5,0
519429,519429,519434,5,0
519429,519429,519434,5,0
519429,519429,519434,5,0
519429,519429,519434,5,0
519429,519429,519434,5,0
519429,519433,519435,2,4
519429,519429,519434,5,0
519429,519429,519434,5,0
519429,519429,519434,5,0
519429,519429,519434,5,0
519429,519429,519435,6,0
516661,519398,519435,37,2737
519429,519429,519435,6,0
519429,519429,519435,6,0
519429,519429,519435,6,0
519429,519433,519435,2,4
519429,519433,519435,2,4
519429,519433,519435,2,4
519429,519433,519435,2,4
519429,519429,519435,6,0
519429,519429,519435,6,0
519429,519429,519435,6,0
519429,519433,519435,2,4
519429,519429,519436,7,0
519429,519433,519435,2,4
519429,519433,519435,2,4
519429,519433,519435,2,4
516661,519374,519436,62,2713
516661,519388,519436,48,2727
519429,519429,519437,8,0
519429,519429,519436,7,0
519429,519429,519436,7,0
519429,519429,519437,8,0
519429,519429,519436,7,0
519429,519429,519436,7,0
519429,519433,519436,3,4
519429,519429,519436,7,0
519429,519429,519436,7,0
519429,519429,519436,7,0
519429,519429,519437,8,0
516661,519342,519437,95,2681
516661,519346,519437,91,2685
519429,519429,519437,8,0
519429,519429,519437,8,0
519429,519434,519438,4,5
519429,519433,519438,5,4
519429,519434,519437,3,5
519429,519434,519438,4,5
519429,519434,519438,4,5
519429,519429,519438,9,0
519429,519433,519437,4,4
519429,519434,519437,3,5
519429,519433,519437,4,4
519429,519437,519438,1,8
516661,519387,519437,50,2726
516661,519391,519438,47,2730
519429,519437,519438,1,8
519429,519438,519439,1,9
519429,519437,519439,2,8
519429,519437,519439,2,8
519429,519434,519438,4,5
519429,519434,519438,4,5
519429,519434,519438,4,5
519429,519436,519439,3,7
519429,519436,519438,2,7
519429,519437,519438,1,8
519429,519438,519439,1,9
519429,519434,519438,4,5
519429,519436,519438,2,7
519429,519436,519438,2,7
519429,519436,519438,2,7
519429,519438,519439,1,9
519429,519438,519439,1,9
519429,519434,519438,4,5
519429,519438,519439,1,9
519429,519438,519439,1,9
516661,519386,519439,53,2725
516661,519340,519439,99,2679
519429,519437,519439,2,8
519429,519438,519439,1,9
519429,519438,519439,1,9
519429,519438,519439,1,9
519429,519437,519439,2,8
519429,519438,519439,1,9
519429,519436,519440,4,7
519429,519436,519439,3,7
519429,519438,519439,1,9
519429,519439,519440,1,10
519429,519439,519440,1,10
519429,519436,519439,3,7
519429,519437,519440,3,8
519429,519437,519440,3,8
519429,519437,519440,3,8
519429,519437,519440,3,8
519429,519439,519440,1,10
519429,519438,519439,1,9
519429,519439,519440,1,10
519429,519439,519440,1,10
519429,519435,519440,5,6
519429,519436,519440,4,7
519429,519439,519440,1,10
519429,519439,519440,1,10
519429,519439,519440,1,10
519429,519439,519440,1,10
519429,519435,519439,4,6
519429,519439,519440,1,10
519429,519439,519440,1,10
519429,519439,519440,1,10
519429,519439,519440,1,10
516661,519394,519439,45,2733
516661,519396,519440,44,2735
519429,519429,519440,11,0
519429,519435,519440,5,6
519429,519436,519440,4,7
516661,519354,519441,87,2693
516661,519343,519440,97,2682
516661,519345,519440,95,2684
519429,519435,519441,6,6
519429,519439,519440,1,10
519429,519436,519441,5,7
519429,519436,519441,5,7
519429,519436,519440,4,7
516661,519347,519441,94,2686
519429,519435,519441,6,6
519429,519436,519441,5,7
519429,519439,519440,1,10
519429,519439,519441,2,10
519429,519439,519440,1,10
519429,519439,519441,2,10
519429,519439,519441,2,10
519429,519439,519441,2,10
516661,519395,519441,46,2734
519429,519440,519442,2,11
519429,519435,519442,7,6
519429,519435,519442,7,6
519429,519440,519442,2,11
519429,519440,519442,2,11
519429,519435,519442,7,6
516661,519352,519442,90,2691
519429,519435,519443,8,6
519429,519435,519442,7,6
519429,519440,519443,3,11
519429,519440,519443,3,11
519429,519440,519442,2,11
519429,519440,519443,3,11
519429,519435,519443,8,6
519429,519436,519443,7,7
519429,519440,519443,3,11
516661,519396,519442,46,2735
516661,519351,519443,92,2690
516661,519356,519442,86,2695
519429,519435,519443,8,6
519429,519435,519443,8,6
516661,519353,519443,90,2692
519429,519440,519443,3,11
519429,519440,519442,2,11
519429,519440,519443,3,11
519429,519435,519442,7,6
519429,519435,519442,7,6
519429,519440,519443,3,11
519429,519435,519443,8,6
519429,519440,519444,4,11
519429,519435,519444,9,6
519429,519440,519444,4,11
519429,519440,519443,3,11
519429,519440,519444,4,11
519429,519440,519444,4,11
519429,519440,519444,4,11
519429,519435,519444,9,6
519429,519435,519445,10,6
519429,519435,519445,10,6
519429,519435,519445,10,6
519429,519435,519445,10,6
519429,519435,519446,11,6
519429,519435,519445,10,6
516661,519355,519446,91,2694
519429,519435,519446,11,6
519429,519435,519447,12,6
516661,519395,519447,52,2734
519429,519435,519447,12,6
516661,519345,519448,103,2684
516661,519354,519448,94,2693
519429,519435,519448,13,6
516661,519349,519450,101,2688
516661,519391,519450,59,2730
516661,519396,519450,54,2735
516661,519348,519451,103,2687
516661,519360,519452,92,2699
516661,519406,519451,45,2745
516661,519353,519452,99,2692
516661,519347,519452,105,2686
516661,519346,519453,107,2685
516661,519406,519453,47,2745
516661,519408,519453,45,2747
516661,519353,519454,101,2692
516661,519397,519455,58,2736
516661,519393,519455,62,2732
516661,519400,519455,55,2739
516661,519394,519455,61,2733
519429,519435,519455,20,6
516661,519402,519456,54,2741
516661,519400,519458,58,2739
516661,519355,519458,103,2694
516661,519397,519458,61,2736
516661,519355,519459,104,2694
516661,519355,519458,103,2694
516661,519394,519459,65,2733
516661,519397,519459,62,2736
516661,519410,519460,50,2749
516708,519427,519460,33,2719
516661,519401,519460,59,2740
516661,519414,519462,48,2753
516708,519428,519462,34,2720
516661,519420,519463,43,2759
516661,519410,519463,53,2749
519461,519461,519463,2,0
519461,519461,519464,3,0
519461,519461,519463,2,0
519461,519461,519464,3,0
519461,519461,519464,3,0
519461,519461,519464,3,0
519461,519461,519464,3,0
519461,519461,519464,3,0
519461,519461,519465,4,0
519461,519461,519465,4,0
519461,519461,519465,4,0
519461,519464,519465,1,3
516708,519426,519465,39,2718
516661,519417,519465,48,2756
516661,519412,519465,53,2751
516661,519408,519465,57,2747
519461,519461,519465,4,0
519461,519461,519465,4,0
519461,519461,519466,5,0
519461,519461,519465,4,0
519461,519465,519466,1,4
519461,519465,519466,1,4
519461,519461,519466,5,0
519461,519461,519465,4,0
519461,519465,519466,1,4
519461,519461,519466,5,0
519461,519465,519466,1,4
519461,519465,519466,1,4
519461,519465,519466,1,4
519461,519461,519466,5,0
519461,519461,519466,5,0
516661,519399,519466,67,2738
519461,519461,519466,5,0
519461,519461,519467,6,0
519461,519461,519466,5,0
519461,519461,519467,6,0
519461,519466,519467,1,5
519461,519461,519466,5,0
519461,519461,519466,5,0
519461,519461,519466,5,0
519461,519466,519467,1,5
519461,519466,519467,1,5
519461,519466,519467,1,5
519461,519461,519467,6,0
519461,519461,519466,5,0
519461,519465,519466,1,4
519461,519465,519467,2,4
519461,519461,519466,5,0
519461,519466,519467,1,5
519461,519466,519467,1,5
519461,519466,519467,1,5
519461,519461,519467,6,0
519461,519465,519466,1,4
519461,519466,519467,1,5
519461,519461,519467,6,0
519461,519461,519466,5,0
519461,519465,519466,1,4
519461,519461,519467,6,0
519461,519466,519467,1,5
519461,519466,519467,1,5
519461,519461,519468,7,0
519461,519461,519467,6,0
519461,519461,519468,7,0
519461,519461,519468,7,0
519461,519466,519468,2,5
519461,519466,519468,2,5
519461,519461,519467,6,0
519461,519461,519468,7,0
519461,519461,519468,7,0
519461,519466,519467,1,5
519461,519466,519468,2,5
519461,519461,519468,7,0
519461,519466,519468,2,5
516661,519425,519468,43,2764
516661,519415,519469,54,2754
519461,519461,519468,7,0
519461,519461,519469,8,0
519461,519467,519469,2,6
519461,519467,519469,2,6
519461,519461,519468,7,0
519461,519467,519469,2,6
519461,519467,519469,2,6
519461,519467,519469,2,6
519461,519461,519469,8,0
519461,519461,519469,8,0
519461,519461,519469,8,0
519461,519461,519469,8,0
519461,519461,519469,8,0
519461,519461,519469,8,0
519461,519461,519469,8,0
519461,519466,519469,3,5
516661,519425,519469,44,2764
516661,519402,519469,67,2741
519461,519461,519470,9,0
519461,519467,519470,3,6
519461,519467,519470,3,6
519461,519461,519470,9,0
519461,519467,519470,3,6
519461,519467,519470,3,6
519461,519467,519470,3,6
519461,519467,519470,3,6
519461,519467,519470,3,6
519461,519461,519470,9,0
519461,519461,519470,9,0
519461,519461,519470,9,0
519461,519461,519469,8,0
516661,519420,519470,50,2759
519461,519461,519469,8,0
519461,519461,519471,10,0
519461,519467,519471,4,6
519461,519467,519471,4,6
519461,519467,519471,4,6
519461,519461,519471,10,0
519461,519467,519470,3,6
519461,519461,519471,10,0
519461,519467,519471,4,6
519461,519467,519471,4,6
519461,519461,519471,10,0
519461,519467,519470,3,6
519461,519467,519471,4,6
519461,519467,519471,4,6
519461,519467,519471,4,6
519461,519467,519471,4,6
519461,519461,519471,10,0
519461,519461,519471,10,0
516661,519421,519471,50,2760
519461,519461,519471,10,0
519461,519461,519472,11,0
516708,519436,519472,36,2728
516708,519430,519472,42,2722
519461,519467,519472,5,6
519461,519468,519472,4,7
516661,519411,519472,61,2750
516708,519437,519472,35,2729
516661,519411,519473,62,2750
519461,519472,519473,1,11
519461,519472,519473,1,11
519461,519468,519473,5,7
519461,519471,519473,2,10
519461,519471,519473,2,10
516661,519415,519473,58,2754
516661,519360,519473,113,2699
519461,519468,519473,5,7
519461,519468,519473,5,7
519461,519472,519473,1,11
519461,519468,519473,5,7
519461,519468,519473,5,7
519461,519472,519473,1,11
519461,519472,519473,1,11
519461,519472,519473,1,11
519461,519461,519473,12,0
519461,519467,519473,6,6
519461,519467,519473,6,6
519461,519472,519473,1,11
519461,519468,519473,5,7
516661,519422,519473,51,2761
519461,519461,519474,13,0
519461,519471,519474,3,10
519461,519471,519474,3,10
519461,519468,519474,6,7
519461,519471,519474,3,10
519461,519472,519474,2,11
519461,519472,519474,2,11
519461,519470,519475,5,9
519461,519472,519474,2,11
519461,519468,519474,6,7
519461,519468,519475,7,7
519461,519470,519474,4,9
519461,519468,519475,7,7
519461,519472,519474,2,11
519461,519473,519474,1,12
519461,519468,519474,6,7
519461,519472,519474,2,11
519461,519461,519474,13,0
519461,519473,519474,1,12
519461,519461,519475,14,0
519461,519470,519475,5,9
519461,519471,519475,4,10
519461,519471,519475,4,10
516661,519422,519475,53,2761
519461,519470,519475,5,9
519461,519470,519475,5,9
519461,519461,519475,14,0
519461,519469,519475,6,8
519461,519470,519475,5,9
519461,519470,519475,5,9
519461,519469,519475,6,8
519461,519471,519476,5,10
519461,519468,519475,7,7
519461,519469,519475,6,8
519461,519468,519475,7,7
519461,519468,519475,7,7
519461,519470,519475,5,9
519461,519470,519475,5,9
516661,519420,519476,56,2759
519461,519469,519477,8,8
519461,519470,519476,6,9
516708,519437,519476,39,2729
519461,519469,519477,8,8
519461,519470,519476,6,9
519461,519471,519476,5,10
516708,519435,519476,41,2727
519461,519469,519477,8,8
519461,519469,519477,8,8
519461,519470,519477,7,9
519461,519470,519477,7,9
519461,519469,519479,10,8
519461,519469,519479,10,8
516661,519424,519479,55,2763
519461,519469,519479,10,8
519461,519471,519479,8,10
516661,519415,519480,65,2754
519461,519469,519480,11,8
519461,519469,519480,11,8
519461,519469,519480,11,8
519461,519469,519480,11,8
516708,519435,519481,46,2727
516708,519431,519481,50,2723
516708,519434,519482,48,2726
519485,519486,519488,2,1
519485,519486,519488,2,1
519485,519486,519488,2,1
519485,519486,519488,2,1
519485,519486,519488,2,1
519485,519486,519488,2,1
519485,519486,519488,2,1
519485,519486,519488,2,1
519485,519486,519488,2,1
519485,519486,519488,2,1
519485,519486,519489,3,1
516708,519460,519488,28,2752
519485,519486,519489,3,1
519485,519486,519488,2,1
519485,519486,519488,2,1
519485,519486,519488,2,1
519485,519486,519488,2,1
519485,519486,519488,2,1
516708,519436,519488,52,2728
516708,519460,519488,28,2752
519485,519486,519489,3,1
519485,519486,519489,3,1
516708,519438,519489,51,2730
519485,519486,519489,3,1
519485,519486,519489,3,1
519485,519486,519489,3,1
519485,519486,519489,3,1
519485,519486,519490,4,1
516708,519439,519490,51,2731
519485,519486,519490,4,1
519485,519486,519490,4,1
519485,519486,519490,4,1
519485,519486,519491,5,1
516708,519460,519491,31,2752
519485,519486,519491,5,1
519485,519486,519491,5,1
519485,519486,519490,4,1
519485,519486,519490,4,1
519485,519486,519491,5,1
519485,519486,519491,5,1
516708,519466,519491,25,2758
519485,519486,519491,5,1
519485,519486,519492,6,1
516708,519466,519491,25,2758
519485,519486,519492,6,1
519485,519486,519492,6,1
519485,519486,519492,6,1
519485,519486,519491,5,1
519485,519486,519492,6,1
519485,519486,519491,5,1
516708,519438,519492,54,2730
519485,519486,519492,6,1
519485,519486,519492,6,1
519485,519491,519493,2,6
519485,519486,519492,6,1
519485,519486,519492,6,1
519485,519489,519493,4,4
519485,519486,519493,7,1
519485,519491,519493,2,6
519485,519492,519493,1,7
519485,519492,519493,1,7
519485,519486,519493,7,1
519485,519492,519493,1,7
516708,519463,519494,31,2755
519485,519486,519494,8,1
519485,519491,519493,2,6
519485,519492,519494,2,7
519485,519486,519494,8,1
519485,519486,519493,7,1
519485,519486,519494,8,1
519485,519491,519494,3,6
519485,519486,519493,7,1
519485,519489,519493,4,4
519485,519489,519494,5,4
519485,519492,519493,1,7
519485,519493,519494,1,8
519485,519493,519494,1,8
519485,519489,519494,5,4
519485,519489,519493,4,4
519485,519489,519493,4,4
519485,519489,519493,4,4
519485,519493,519494,1,8
519485,519493,519494,1,8
519485,519489,519493,4,4
519485,519490,519494,4,5
519485,519493,519494,1,8
519485,519493,519494,1,8
519485,519493,519494,1,8
519485,519486,519493,7,1
519485,519486,519494,8,1
519485,519489,519494,5,4
519485,519491,519493,2,6
519485,519493,519494,1,8
519485,519491,519493,2,6
519485,519491,519494,3,6
519485,519493,519494,1,8
519485,519491,519494,3,6
516708,519461,519494,33,2753
516708,519470,519494,24,2762
516708,519461,519494,33,2753
519485,519491,519495,4,6
519485,519492,519495,3,7
519485,519492,519495,3,7
519485,519486,519495,9,1
519485,519486,519495,9,1
519485,519490,519495,5,5
519485,519494,519495,1,9
519485,519486,519495,9,1
519485,519491,519494,3,6
519485,519493,519494,1,8
516708,519467,519495,28,2759
519485,519490,519494,4,5
519485,519494,519495,1,9
519485,519494,519495,1,9
519485,519494,519495,1,9
519485,519489,519494,5,4
519485,519494,519495,1,9
519485,519489,519495,6,4
519485,519493,519494,1,8
519485,519486,519495,9,1
519485,519486,519495,9,1
519485,519486,519495,9,1
519485,519489,519495,6,4
519485,519489,519494,5,4
519485,519486,519495,9,1
519485,519489,519495,6,4
519485,519490,519495,5,5
519485,519490,519495,5,5
519485,519493,519495,2,8
519485,519494,519496,2,9
519485,519494,519496,2,9
519485,519490,519496,6,5
519485,519494,519495,1,9
519485,519494,519495,1,9
519485,519486,519496,10,1
519485,519491,519496,5,6
519485,519494,519496,2,9
519485,519494,519496,2,9
519485,519489,519496,7,4
519485,519494,519496,2,9
519485,519494,519496,2,9
519485,519494,519496,2,9
519485,519488,519496,8,3
519485,519494,519496,2,9
519485,519494,519495,1,9
519485,519494,519495,1,9
519485,519494,519496,2,9
519485,519494,519496,2,9
519485,519494,519496,2,9
519485,519494,519496,2,9
519485,519490,519496,6,5
519485,519486,519496,10,1
516708,519469,519497,28,2761
519485,519486,519497,11,1
519485,519488,519497,9,3
519485,519494,519497,3,9
519485,519494,519497,3,9
519485,519494,519497,3,9
519485,519494,519497,3,9
519485,519494,519497,3,9
519485,519494,519498,4,9
519485,519494,519498,4,9
519485,519486,519498,12,1
519485,519494,519498,4,9
519485,519494,519498,4,9
519485,519494,519498,4,9
519485,519494,519498,4,9
519485,519495,519499,4,10
519485,519495,519499,4,10
519485,519486,519499,13,1
519485,519495,519499,4,10
519485,519495,519499,4,10
519485,519495,519499,4,10
519485,519494,519499,5,9
519485,519486,519499,13,1
516708,519463,519500,37,2755
516708,519476,519500,24,2768
519485,519495,519500,5,10
519485,519495,519500,5,10
519485,519495,519500,5,10
519485,519486,519500,14,1
519485,519486,519500,14,1
519485,519495,519500,5,10
519485,519495,519500,5,10
519485,519486,519500,14,1
519485,519495,519500,5,10
519485,519495,519500,5,10
519485,519495,519500,5,10
519485,519486,519500,14,1
516708,519459,519501,42,2751
519485,519496,519501,5,11
519485,519495,519501,6,10
519485,519495,519501,6,10
519485,519495,519501,6,10
519485,519495,519502,7,10
519485,519495,519501,6,10
519485,519496,519501,5,11
519485,519495,519502,7,10
519485,519495,519502,7,10
519485,519496,519502,6,11
519485,519495,519502,7,10
519485,519495,519502,7,10
519485,519495,519502,7,10
519485,519496,519502,6,11
519485,519496,519502,6,11
519485,519496,519502,6,11
516708,519471,519502,31,2763
516708,519473,519502,29,2765
516708,519470,519502,32,2762
516708,519469,519502,33,2761
519485,519496,519503,7,11
519485,519496,519503,7,11
519485,519496,519503,7,11
519485,519496,519503,7,11
519485,519496,519504,8,11
519485,519496,519504,8,11
516708,519473,519504,31,2765
516708,519440,519504,64,2732
516708,519474,519504,30,2766
516708,519473,519505,32,2765
516708,519473,519505,32,2765
519485,519496,519505,9,11
519485,519496,519506,10,11
519485,519496,519506,10,11
519485,519496,519506,10,11
516708,519472,519506,34,2764
519485,519496,519507,11,11
519485,519496,519508,12,11
516708,519477,519508,31,2769
516708,519459,519507,48,2751
516708,519474,519508,34,2766
516708,519439,519511,72,2731
519512,519512,519514,2,0
519512,519512,519514,2,0
519512,519512,519514,2,0
516708,519477,519514,37,2769
516708,519476,519514,38,2768
519512,519512,519515,3,0
519512,519512,519515,3,0
519512,519512,519515,3,0
519512,519512,519515,3,0
519512,519512,519515,3,0
519512,519512,519515,3,0
519512,519512,519515,3,0
519512,519512,519514,2,0
519512,519512,519515,3,0
519512,519512,519515,3,0
519512,519512,519515,3,0
519512,519512,519515,3,0
519512,519512,519515,3,0
519512,519512,519515,3,0
519512,519512,519515,3,0
519512,519512,519515,3,0
519512,519512,519515,3,0
519512,519512,519514,2,0
519512,519512,519515,3,0
519512,519512,519515,3,0
519512,519512,519515,3,0
519512,519512,519515,3,0
516708,519463,519515,52,2755
516708,519482,519516,34,2774
516708,519440,519516,76,2732
519512,519512,519516,4,0
519512,519512,519516,4,0
519512,519512,519516,4,0
519512,519512,519516,4,0
519512,519512,519516,4,0
519512,519512,519515,3,0
519512,519512,519515,3,0
519512,519512,519515,3,0
519512,519512,519516,4,0
519512,519512,519515,3,0
519512,519512,519516,4,0
519512,519512,519516,4,0
519512,519512,519516,4,0
519512,519512,519517,5,0
519512,519512,519517,5,0
519512,519512,519517,5,0
519512,519512,519517,5,0
519512,519512,519517,5,0
519512,519512,519517,5,0
519512,519512,519516,4,0
519512,519515,519517,2,3
519512,519515,519517,2,3
519512,519512,519517,5,0
519512,519512,519517,5,0
519512,519512,519517,5,0
519512,519512,519517,5,0
519512,519512,519517,5,0
519512,519514,519517,3,2
519512,519514,519517,3,2
519512,519512,519517,5,0
519512,519512,519517,5,0
519512,519512,519517,5,0
519512,519512,519518,6,0
519512,519512,519517,5,0
519512,519512,519517,5,0
519512,519512,519517,5,0
516708,519481,519518,37,2773
519512,519512,519518,6,0
519512,519512,519518,6,0
519512,519512,519518,6,0
519512,519515,519518,3,3
519512,519515,519518,3,3
519512,519515,519518,3,3
519512,519512,519518,6,0
519512,519515,519518,3,3
519512,519515,519518,3,3
519512,519514,519518,4,2
519512,519512,519518,6,0
519512,519512,519518,6,0
516708,519441,519518,77,2733
519512,519512,519518,6,0
519512,519512,519518,6,0
516708,519465,519519,54,2757
519512,519512,519519,7,0
519512,519515,519519,4,3
519512,519515,519520,5,3
519512,519515,519519,4,3
519512,519512,519520,8,0
519512,519512,519519,7,0
519512,519516,519520,4,4
519512,519516,519520,4,4
519512,519516,519520,4,4
519512,519515,519521,6,3
519512,519516,519520,4,4
519512,519512,519521,9,0
519512,519516,519521,5,4
516708,519441,519521,80,2733
516708,519473,519521,48,2765
519512,519519,519521,2,7
519512,519515,519521,6,3
519512,519519,519521,2,7
519512,519520,519522,2,8
519512,519516,519521,5,4
519512,519519,519521,2,7
519512,519519,519521,2,7
519512,519519,519521,2,7
519512,519521,519522,1,9
519512,519515,519522,7,3
519512,519515,519521,6,3
519512,519515,519521,6,3
519512,519517,519521,4,5
519512,519517,519521,4,5
519512,519519,519521,2,7
519512,519519,519521,2,7
519512,519515,519522,7,3
519512,519521,519522,1,9
519512,519512,519522,10,0
519512,519519,519521,2,7
519512,519512,519521,9,0
519512,519516,519522,6,4
519512,519516,519521,5,4
519512,519516,519521,5,4
519512,519520,519522,2,8
519512,519521,519522,1,9
519512,519516,519521,5,4
519512,519516,519521,5,4
519512,519519,519522,3,7
519512,519512,519522,10,0
519512,519520,519522,2,8
519512,519517,519523,6,5
519512,519519,519522,3,7
519512,519519,519522,3,7
519512,519519,519522,3,7
519512,519518,519522,4,6
519512,519518,519522,4,6
519512,519518,519522,4,6
519512,519520,519522,2,8
519512,519522,519523,1,10
519512,519522,519523,1,10
519512,519518,519523,5,6
519512,519521,519522,1,9
519512,519522,519523,1,10
519512,519522,519523,1,10
519512,519522,519523,1,10
519512,519515,519522,7,3
519512,519515,519522,7,3
519512,519520,519522,2,8
519512,519517,519523,6,5
519512,519520,519522,2,8
519512,519521,519523,2,9
519512,519521,519522,1,9
519512,519519,519524,5,7
519512,519519,519524,5,7
519512,519522,519523,1,10
519512,519522,519523,1,10
519512,519522,519523,1,10
516708,519459,519523,64,2751
519512,519522,519523,1,10
519512,519522,519524,2,10
519512,519522,519524,2,10
519512,519522,519523,1,10
519512,519522,519524,2,10
519512,519522,519524,2,10
519512,519522,519524,2,10
519512,519522,519524,2,10
519512,519522,519524,2,10
519512,519517,519524,7,5
519512,519517,519524,7,5
519512,519518,519524,6,6
516708,519441,519524,83,2733
519512,519517,519524,7,5
519512,519518,519524,6,6
519512,519518,519524,6,6
519512,519517,519525,8,5
519512,519518,519525,7,6
519512,519518,519525,7,6
519512,519522,519524,2,10
519512,519522,519524,2,10
519512,519522,519524,2,10
519512,519518,519524,6,6
519512,519518,519525,7,6
519512,519522,519524,2,10
519512,519522,519525,3,10
519512,519518,519524,6,6
519512,519522,519524,2,10
519512,519522,519524,2,10
519512,519522,519524,2,10
519512,519522,519525,3,10
519512,519517,519525,8,5
519512,519523,519525,2,11
519512,519523,519525,2,11
519512,519517,519525,8,5
519512,519523,519525,2,11
519512,519523,519525,2,11
519512,519523,519525,2,11
516708,519480,519525,45,2772
519512,519523,519525,2,11
519512,519523,519525,2,11
519512,519523,519525,2,11
519512,519518,519525,7,6
519512,519518,519525,7,6
519512,519518,519526,8,6
519512,519522,519526,4,10
519512,519517,519526,9,5
519512,519522,519526,4,10
519512,519517,519527,10,5
519512,519523,519526,3,11
519512,519523,519527,4,11
519512,519517,519527,10,5
516708,519441,519528,87,2733
516708,519443,519528,85,2735
519512,519517,519528,11,5
516708,519453,519529,76,2745
516708,519480,519529,49,2772
516708,519465,519530,65,2757
516708,519453,519531,78,2745
516708,519443,519530,87,2735
516708,519483,519531,48,2775
516708,519443,519534,91,2735
516708,519489,519534,45,2781
516708,519443,519534,91,2735
516708,519443,519534,91,2735
516708,519452,519534,82,2744
516708,519447,519535,88,2739
516708,519451,519535,84,2743
519533,519533,519536,3,0
519533,519533,519536,3,0
519533,519533,519536,3,0
519533,519533,519536,3,0
516708,519489,519537,48,2781
519533,519533,519537,4,0
519533,519533,519537,4,0
519533,519533,519537,4,0
519533,519533,519537,4,0
519533,519536,519537,1,3
519533,519536,519537,1,3
519533,519533,519537,4,0
519533,519533,519538,5,0
519533,519533,519538,5,0
519533,519533,519538,5,0
519533,519533,519538,5,0
519533,519536,519538,2,3
519533,519537,519538,1,4
519533,519537,519538,1,4
516708,519452,519538,86,2744
519533,519533,519538,5,0
519533,519533,519538,5,0
519533,519533,519538,5,0
519533,519536,519537,1,3
519533,519537,519538,1,4
519533,519533,519538,5,0
519533,519533,519538,5,0
519533,519537,519538,1,4
519533,519537,519538,1,4
519533,519537,519538,1,4
519533,519533,519539,6,0
519533,519533,519539,6,0
519533,519533,519539,6,0
519533,519533,519539,6,0
519533,519533,519539,6,0
519533,519538,519539,1,5
519533,519533,519539,6,0
519533,519533,519539,6,0
519533,519538,519539,1,5
519533,519533,519539,6,0
519533,519533,519539,6,0
519533,519533,519538,5,0
519533,519538,519539,1,5
519533,519533,519538,5,0
519533,519538,519539,1,5
519533,519538,519539,1,5
519533,519538,519540,2,5
519533,519538,519540,2,5
519533,519538,519539,1,5
516708,519474,519539,65,2766
519533,519533,519540,7,0
519533,519533,519540,7,0
519533,519533,519539,6,0
519533,519533,519540,7,0
519533,519533,519539,6,0
519533,519533,519540,7,0
519533,519533,519540,7,0
519533,519539,519540,1,6
519533,519539,519540,1,6
519533,519538,519540,2,5
519533,519538,519540,2,5
519533,519533,519541,8,0
519533,519533,519540,7,0
519533,519533,519541,8,0
519533,519533,519540,7,0
519533,519533,519540,7,0
519533,519539,519540,1,6
519533,519539,519540,1,6
519533,519539,519540,1,6
519533,519539,519540,1,6
519533,519533,519541,8,0
516708,519495,519541,46,2787
519533,519533,519541,8,0
519533,519533,519541,8,0
519533,519533,519541,8,0
519533,519533,519541,8,0
519533,519539,519541,2,6
519533,519539,519541,2,6
519533,519533,519541,8,0
519533,519533,519541,8,0
519533,519533,519541,8,0
519533,519539,519540,1,6
519533,519533,519541,8,0
519533,519533,519541,8,0
519533,519533,519541,8,0
519533,519533,519541,8,0
519533,519533,519541,8,0
519533,519540,519541,1,7
519533,519533,519541,8,0
519533,519533,519541,8,0
516708,519442,519542,100,2734
516708,519495,519542,47,2787
519533,519533,519542,9,0
519533,519533,519542,9,0
519533,519539,519542,3,6
519533,519540,519542,2,7
519533,519540,519542,2,7
519533,519533,519542,9,0
519533,519533,519543,10,0
519533,519540,519542,2,7
519533,519540,519543,3,7
519533,519540,519543,3,7
519533,519533,519542,9,0
519533,519540,519542,2,7
519533,519540,519542,2,7
519533,519540,519542,2,7
519533,519540,519542,2,7
519533,519540,519542,2,7
516708,519491,519542,51,2783
516708,519490,519543,53,2782
519533,519533,519543,10,0
519533,519540,519543,3,7
519533,519533,519543,10,0
519533,519541,519543,2,8
519533,519533,519544,11,0
519533,519533,519543,10,0
519533,519533,519543,10,0
519533,519540,519543,3,7
519533,519540,519543,3,7
519533,519540,519544,4,7
519533,519540,519543,3,7
516708,519464,519543,79,2756
516708,519449,519544,95,2741
516708,519449,519544,95,2741
519533,519533,519544,11,0
519533,519533,519544,11,0
519533,519541,519544,3,8
519533,519541,519545,4,8
519533,519541,519545,4,8
519533,519533,519544,11,0
519533,519541,519545,4,8
519533,519541,519544,3,8
519533,519541,519544,3,8
519533,519541,519544,3,8
519533,519541,519545,4,8
519533,519541,519545,4,8
519533,519540,519544,4,7
519533,519541,519544,3,8
519533,519541,519544,3,8
519533,519541,519545,4,8
519533,519540,519544,4,7
516708,519491,519545,54,2783
519533,519542,519546,4,9
519533,519541,519545,4,8
519533,519533,519545,12,0
519533,519541,519545,4,8
519533,519533,519545,12,0
519533,519543,519546,3,10
519533,519541,519545,4,8
519533,519542,519546,4,9
519533,519544,519546,2,11
519533,519545,519546,1,12
519533,519541,519545,4,8
519533,519543,519546,3,10
519533,519545,519546,1,12
519533,519545,519546,1,12
519533,519545,519546,1,12
516708,519505,519546,41,2797
519533,519542,519546,4,9
519533,519545,519547,2,12
519533,519533,519546,13,0
519533,519541,519546,5,8
519533,519545,519546,1,12
519533,519545,519546,1,12
519533,519542,519546,4,9
519533,519543,519547,4,10
519533,519543,519546,3,10
519533,519543,519547,4,10
519533,519543,519546,3,10
519533,519541,519546,5,8
519533,519544,519547,3,11
519533,519544,519546,2,11
519533,519544,519547,3,11
519533,519544,519547,3,11
519533,519544,519547,3,11
519533,519545,519547,2,12
519533,519545,519547,2,12
519533,519545,519548,3,12
519533,519545,519547,2,12
519533,519542,519548,6,9
519533,519541,519547,6,8
519533,519544,519547,3,11
519533,519542,519548,6,9
519533,519542,519548,6,9
519533,519543,519548,5,10
516708,519453,519547,94,2745
519533,519543,519547,4,10
516708,519448,519549,101,2740
516708,519489,519548,59,2781
516708,519494,519548,54,2786
519533,519544,519548,4,11
519533,519544,519548,4,11
519533,519542,519549,7,9
519533,519544,519548,4,11
519533,519544,519549,5,11
519533,519543,519549,6,10
519533,519543,519549,6,10
516708,519450,519549,99,2742
516708,519495,519548,53,2787
516708,519493,519548,55,2785
519533,519542,519549,7,9
519533,519543,519549,6,10
519533,519542,519549,7,9
519533,519543,519549,6,10
519533,519542,519549,7,9
516708,519497,519550,53,2789
519533,519542,519551,9,9
519533,519542,519550,8,9
519533,519542,519550,8,9
519533,519542,519550,8,9
519533,519543,519550,7,10
519533,519543,519550,7,10
516708,519503,519550,47,2795
519533,519542,519551,9,9
519533,519542,519551,9,9
519533,519542,519551,9,9
519533,519543,519552,9,10
516708,519505,519552,47,2797
516708,519491,519552,61,2783
516708,519450,519552,102,2742
516708,519453,519552,99,2745
516708,519455,519553,98,2747
516708,519500,519555,55,2792
516708,519450,519557,107,2742
516708,519503,519557,54,2795
519533,519543,519557,14,10
516708,519505,519558,53,2797
516708,519494,519558,64,2786
516708,519492,519559,67,2784
516708,519503,519559,56,2795
516708,519529,519560,31,2821
516708,519455,519561,106,2747
516708,519503,519562,59,2795
516708,519501,519563,62,2793
516708,519508,519563,55,2800
516708,519505,519563,58,2797
519563,519563,519564,1,0
519563,519563,519564,1,0
519563,519563,519564,1,0
519563,519563,519564,1,0
519563,519563,519564,1,0
519563,519563,519564,1,0
519563,519563,519564,1,0
519563,519563,519564,1,0
519563,519563,519564,1,0
519563,519563,519564,1,0
519563,519563,519564,1,0
516773,519530,519564,34,2757
519563,519563,519565,2,0
519563,519563,519565,2,0
519563,519563,519565,2,0
519563,519563,519565,2,0
516708,519455,519565,110,2747
519563,519563,519565,2,0
519563,519563,519565,2,0
519563,519563,519565,2,0
519563,519563,519566,3,0
519563,519563,519566,3,0
519563,519563,519566,3,0
519563,519563,519566,3,0
519563,519563,519566,3,0
516708,519458,519565,107,2750
516708,519507,519566,59,2799
516708,519511,519566,55,2803
519563,519563,519566,3,0
519563,519563,519566,3,0
519563,519563,519566,3,0
519563,519563,519566,3,0
519563,519563,519566,3,0
519563,519563,519567,4,0
519563,519563,519566,3,0
519563,519563,519566,3,0
519563,519563,519566,3,0
519563,519563,519566,3,0
519563,519563,519566,3,0
519563,519563,519567,4,0
519563,519563,519566,3,0
519563,519563,519566,3,0
519563,519563,519566,3,0
519563,519563,519567,4,0
516708,519521,519567,46,2813
519563,519563,519567,4,0
519563,519563,519567,4,0
519563,519563,519567,4,0
519563,519563,519567,4,0
519563,519563,519568,5,0
519563,519563,519567,4,0
519563,519563,519568,5,0
516773,519531,519568,37,2758
516708,519528,519568,40,2820
519563,519563,519568,5,0
519563,519563,519568,5,0
519563,519563,519569,6,0
516708,519456,519569,113,2748
516708,519515,519569,54,2807
519563,519563,519569,6,0
519563,519563,519568,5,0
519563,519563,519569,6,0
519563,519563,519569,6,0
519563,519563,519568,5,0
519563,519563,519569,6,0
519563,519567,519569,2,4
519563,519567,519569,2,4
519563,519563,519568,5,0
519563,519563,519568,5,0
519563,519563,519568,5,0
519563,519563,519568,5,0
519563,519565,519570,5,2
519563,519566,519570,4,3
519563,519566,519569,3,3
519563,519569,519570,1,6
519563,519563,519569,6,0
519563,519563,519569,6,0
519563,519563,519570,7,0
519563,519563,519569,6,0
519563,519569,519570,1,6
519563,519565,519570,5,2
519563,519565,519569,4,2
519563,519567,519570,3,4
519563,519568,519569,1,5
519563,519569,519570,1,6
519563,519569,519570,1,6
519563,519565,519570,5,2
519563,519566,519570,4,3
519563,519568,519570,2,5
519563,519569,519570,1,6
519563,519567,519570,3,4
519563,519568,519570,2,5
519563,519566,519570,4,3
519563,519568,519570,2,5
516773,519531,519570,39,2758
516708,519508,519570,62,2800
516773,519531,519570,39,2758
516708,519457,519570,113,2749
519563,519563,519571,8,0
519563,519563,519570,7,0
519563,519567,519571,4,4
519563,519569,519570,1,6
519563,519570,519571,1,7
519563,519563,519571,8,0
519563,519563,519570,7,0
519563,519568,519570,2,5
519563,519569,519571,2,6
519563,519569,519571,2,6
519563,519565,519571,6,2
519563,519570,519571,1,7
519563,519570,519571,1,7
519563,519570,519571,1,7
519563,519563,519571,8,0
519563,519567,519571,4,4
519563,519567,519571,4,4
519563,519567,519571,4,4
519563,519569,519571,2,6
519563,519567,519570,3,4
519563,519567,519571,4,4
519563,519568,519571,3,5
519563,519568,519570,2,5
519563,519570,519571,1,7
519563,519570,519571,1,7
519563,519570,519571,1,7
519563,519565,519571,6,2
519563,519566,519570,4,3
519563,519570,519571,1,7
519563,519570,519571,1,7
519563,519565,519570,5,2
519563,519566,519571,5,3
519563,519570,519571,1,7
519563,519563,519571,8,0
519563,519565,519571,6,2
519563,519567,519570,3,4
519563,519569,519571,2,6
519563,519569,519571,2,6
519563,519563,519570,7,0
519563,519565,519570,5,2
519563,519567,519570,3,4
519563,519569,519570,1,6
519563,519569,519571,2,6
516773,519534,519571,37,2761
516708,519505,519571,66,2797
516708,519458,519571,113,2750
519563,519565,519572,7,2
519563,519565,519572,7,2
519563,519566,519572,6,3
519563,519570,519571,1,7
519563,519566,519572,6,3
519563,519567,519572,5,4
519563,519567,519572,5,4
519563,519569,519571,2,6
519563,519569,519571,2,6
519563,519570,519571,1,7
519563,519565,519572,7,2
519563,519570,519572,2,7
519563,519570,519572,2,7
519563,519563,519572,9,0
519563,519567,519571,4,4
516708,519515,519572,57,2807
516708,519519,519572,53,2811
519563,519570,519571,1,7
519563,519570,519572,2,7
519563,519570,519572,2,7
519563,519570,519572,2,7
519563,519565,519572,7,2
519563,519571,519573,2,8
519563,519571,519573,2,8
516708,519500,519573,73,2792
519563,519565,519573,8,2
519563,519563,519573,10,0
516708,519524,519573,49,2816
519563,519570,519573,3,7
519563,519567,519573,6,4
519563,519570,519573,3,7
519563,519570,519573,3,7
519563,519570,519573,3,7
519563,519570,519573,3,7
516708,519509,519573,64,2801
516708,519519,519573,54,2811
516773,519535,519574,39,2762
519563,519571,519574,3,8
519563,519571,519574,3,8
519563,519571,519574,3,8
519563,519571,519574,3,8
519563,519571,519574,3,8
519563,519571,519574,3,8
519563,519571,519574,3,8
519563,519571,519574,3,8
519563,519571,519574,3,8
516708,519453,519574,121,2745
519563,519571,519575,4,8
519563,519571,519575,4,8
519563,519571,519575,4,8
519563,519571,519575,4,8
519563,519571,519575,4,8
519563,519571,519575,4,8
519563,519571,519575,4,8
519563,519571,519575,4,8
519563,519565,519575,10,2
516773,519535,519576,41,2762
519563,519571,519576,5,8
519563,519571,519576,5,8
519563,519571,519576,5,8
519563,519571,519576,5,8
519563,519571,519576,5,8
519563,519571,519576,5,8
519563,519572,519577,5,9
519563,519572,519576,4,9
519563,519572,519576,4,9
519563,519572,519576,4,9
516708,519455,519577,122,2747
519563,519571,519577,6,8
519563,519571,519577,6,8
519563,519571,519577,6,8
519563,519572,519577,5,9
519563,519572,519577,5,9
516773,519535,519577,42,2762
516708,519516,519577,61,2808
516773,519534,519578,44,2761
519563,519571,519578,7,8
519563,519571,519577,6,8
516773,519535,519579,44,2762
516708,519518,519578,60,2810
516708,519516,519579,63,2808
519563,519572,519579,7,9
519563,519571,519579,8,8
519563,519572,519580,8,9
519563,519572,519580,8,9
519563,519572,519581,9,9
516708,519521,519581,60,2813
519563,519572,519580,8,9
516708,519530,519580,50,2822
516708,519516,519580,64,2808
516708,519526,519581,55,2818
516773,519537,519581,44,2764
516708,519529,519581,52,2821
519563,519572,519581,9,9
519563,519572,519582,10,9
516708,519525,519586,61,2817
516773,519536,519587,51,2763
519587,519587,519590,3,0
519587,519587,519590,3,0
519587,519587,519590,3,0
519587,519587,519590,3,0
519587,519587,519590,3,0
519587,519587,519590,3,0
519587,519587,519590,3,0
519587,519587,519590,3,0
519587,519587,519590,3,0
519587,519587,519590,3,0
519587,519587,519590,3,0
519587,519587,519590,3,0
519587,519587,519590,3,0
519587,519587,519591,4,0
519587,519587,519590,3,0
519587,519587,519590,3,0
519587,519587,519591,4,0
519587,519587,519591,4,0
519587,519587,519591,4,0
519587,519587,519591,4,0
519587,519587,519591,4,0
519587,519587,519591,4,0
519587,519587,519590,3,0
519587,519587,519591,4,0
519587,519587,519592,5,0
519587,519587,519592,5,0
519587,519587,519592,5,0
519587,519587,519592,5,0
519587,519587,519592,5,0
519587,519587,519591,4,0
519587,519587,519592,5,0
519587,519587,519592,5,0
519587,519587,519591,4,0
519587,519587,519592,5,0
519587,519587,519591,4,0
519587,519590,519592,2,3
519587,519587,519592,5,0
519587,519590,519592,2,3
519587,519590,519592,2,3
519587,519587,519592,5,0
519587,519587,519591,4,0
519587,519590,519592,2,3
519587,519590,519592,2,3
519587,519587,519591,4,0
519587,519587,519592,5,0
519587,519587,519592,5,0
519587,519587,519592,5,0
519587,519587,519592,5,0
516773,519566,519592,26,2793
519587,519587,519592,5,0
519587,519587,519593,6,0
519587,519587,519592,5,0
519587,519587,519593,6,0
519587,519587,519593,6,0
519587,519587,519593,6,0
519587,519587,519593,6,0
519587,519590,519593,3,3
519587,519590,519593,3,3
519587,519590,519593,3,3
519587,519587,519593,6,0
519587,519590,519592,2,3
519587,519590,519593,3,3
519587,519590,519592,2,3
519587,519587,519593,6,0
519587,519591,519593,2,4
519587,519591,519593,2,4
519587,519587,519592,5,0
519587,519587,519593,6,0
519587,519587,519593,6,0
519587,519587,519593,6,0
516773,519540,519593,53,2767
519587,519587,519594,7,0
519587,519587,519593,6,0
519587,519587,519594,7,0
519587,519587,519594,7,0
519587,519587,519594,7,0
519587,519587,519594,7,0
519587,519587,519593,6,0
519587,519587,519594,7,0
519587,519591,519594,3,4
519587,519587,519594,7,0
519587,519587,519594,7,0
519587,519591,519594,3,4
519587,519587,519594,7,0
519587,519591,519594,3,4
519587,519587,519595,8,0
519587,519591,519595,4,4
519587,519592,519596,4,5
519587,519587,519595,8,0
519587,519592,519596,4,5
519587,519591,519595,4,4
519587,519591,519595,4,4
516773,519541,519595,54,2768
519587,519587,519596,9,0
519587,519592,519596,4,5
519587,519592,519596,4,5
519587,519592,519596,4,5
519587,519592,519596,4,5
519587,519592,519596,4,5
519587,519591,519596,5,4
519587,519592,519596,4,5
519587,519594,519596,2,7
519587,519594,519596,2,7
519587,519592,519596,4,5
519587,519592,519596,4,5
519587,519594,519596,2,7
519587,519595,519596,1,8
519587,519592,519596,4,5
519587,519594,519596,2,7
519587,519595,519596,1,8
519587,519591,519597,6,4
519587,519591,519596,5,4
519587,519591,519597,6,4
519587,519594,519597,3,7
519587,519591,519596,5,4
519587,519595,519597,2,8
519587,519592,519597,5,5
519587,519594,519597,3,7
519587,519587,519597,10,0
519587,519592,519597,5,5
519587,519592,519597,5,5
519587,519592,519597,5,5
519587,519594,519597,3,7
519587,519597,519598,1,10
519587,519597,519598,1,10
519587,519596,519598,2,9
519587,519596,519597,1,9
519587,519587,519597,10,0
519587,519596,519598,2,9
519587,519596,519597,1,9
519587,519597,519598,1,10
519587,519596,519598,2,9
519587,519597,519598,1,10
519587,519594,519598,4,7
519587,519594,519597,3,7
519587,519595,519597,2,8
519587,519596,519597,1,9
519587,519594,519598,4,7
519587,519595,519597,2,8
516773,519538,519598,60,2765
519587,519594,519598,4,7
519587,519594,519598,4,7
519587,519597,519598,1,10
519587,519598,519599,1,11
516773,519566,519598,32,2793
519587,519595,519598,3,8
519587,519597,519598,1,10
519587,519597,519598,1,10
519587,519597,519598,1,10
516773,519573,519598,25,2800
519587,519592,519598,6,5
519587,519594,519599,5,7
519587,519594,519599,5,7
519587,519597,519598,1,10
519587,519597,519598,1,10
519587,519592,519599,7,5
519587,519594,519598,4,7
519587,519597,519598,1,10
519587,519597,519598,1,10
519587,519594,519599,5,7
519587,519594,519598,4,7
519587,519594,519598,4,7
519587,519597,519598,1,10
519587,519597,519598,1,10
519587,519597,519598,1,10
519587,519596,519598,2,9
519587,519597,519599,2,10
519587,519597,519599,2,10
519587,519597,519598,1,10
519587,519597,519598,1,10
519587,519592,519598,6,5
519587,519594,519598,4,7
519587,519594,519598,4,7
519587,519597,519598,1,10
519587,519597,519598,1,10
519587,519597,519598,1,10
519587,519598,519599,1,11
519587,519595,519599,4,8
519587,519592,519600,8,5
519587,519598,519599,1,11
519587,519598,519599,1,11
519587,519598,519599,1,11
516773,519543,519599,56,2770
519587,519598,519599,1,11
519587,519595,519599,4,8
519587,519595,519599,4,8
519587,519597,519599,2,10
519587,519592,519600,8,5
519587,519598,519600,2,11
519587,519593,519601,8,6
519587,519593,519600,7,6
516773,519574,519601,27,2801
519587,519593,519601,8,6
519587,519598,519600,2,11
519587,519598,519600,2,11
519587,519598,519600,2,11
519587,519598,519600,2,11
516773,519573,519600,27,2800
519587,519592,519600,8,5
519587,519598,519601,3,11
519587,519598,519601,3,11
519587,519592,519600,8,5
519587,519592,519601,9,5
519587,519598,519601,3,11
519587,519598,519601,3,11
516773,519572,519601,29,2799
516773,519574,519602,28,2801
519587,519593,519601,8,6
519587,519593,519601,8,6
519587,519592,519601,9,5
519587,519594,519602,8,7
516773,519574,519604,30,2801
516773,519579,519605,26,2806
516773,519579,519605,26,2806
516773,519574,519606,32,2801
516773,519568,519606,38,2795
516773,519572,519607,35,2799
516773,519543,519608,65,2770
516773,519581,519608,27,2808
516773,519574,519608,34,2801
516773,519572,519608,36,2799
519607,519607,519610,3,0
519607,519607,519610,3,0
519607,519607,519610,3,0
519607,519607,519610,3,0
519607,519607,519609,2,0
519607,519607,519610,3,0
519607,519607,519610,3,0
516773,519569,519611,42,2796
519607,519607,519611,4,0
519607,519607,519611,4,0
519607,519607,519611,4,0
519607,519607,519611,4,0
519607,519607,519612,5,0
519607,519607,519612,5,0
519607,519607,519612,5,0
519607,519611,519613,2,4
519607,519607,519613,6,0
519607,519607,519612,5,0
519607,519611,519612,1,4
519607,519607,519612,5,0
519607,519607,519612,5,0
519607,519611,519612,1,4
519607,519611,519612,1,4
519607,519607,519613,6,0
519607,519607,519613,6,0
519607,519607,519613,6,0
519607,519607,519613,6,0
519607,519607,519614,7,0
519607,519607,519613,6,0
519607,519607,519613,6,0
519607,519607,519613,6,0
519607,519607,519613,6,0
519607,519608,519614,6,1
519607,519608,519613,5,1
519607,519607,519614,7,0
519607,519611,519613,2,4
519607,519612,519613,1,5
519607,519607,519613,6,0
519607,519611,519613,2,4
519607,519611,519613,2,4
519607,519613,519614,1,6
519607,519613,519614,1,6
519607,519612,519614,2,5
519607,519612,519613,1,5
519607,519607,519614,7,0
519607,519607,519614,7,0
519607,519607,519614,7,0
519607,519614,519615,1,7
519607,519607,519614,7,0
519607,519607,519614,7,0
519607,519607,519614,7,0
519607,519607,519614,7,0
519607,519607,519614,7,0
519607,519607,519614,7,0
519607,519613,519614,1,6
519607,519613,519614,1,6
519607,519613,519614,1,6
519607,519613,519614,1,6
519607,519607,519615,8,0
519607,519607,519614,7,0
519607,519613,519615,2,6
516773,519575,519614,39,2802
519607,519613,519614,1,6
519607,519613,519615,2,6
519607,519613,519614,1,6
519607,519613,519614,1,6
519607,519607,519615,8,0
519607,519613,519615,2,6
516773,519578,519615,37,2805
516773,519579,519614,35,2806
516773,519581,519615,34,2808
516773,519543,519615,72,2770
519607,519607,519615,8,0
519607,519614,519615,1,7
519607,519607,519615,8,0
519607,519607,519615,8,0
519607,519614,519615,1,7
519607,519614,519615,1,7
519607,519614,519615,1,7
519607,519607,519616,9,0
519607,519614,519615,1,7
519607,519607,519615,8,0
519607,519607,519615,8,0
519607,519614,519615,1,7
519607,519614,519615,1,7
516773,519543,519616,73,2770
519607,519607,519616,9,0
519607,519607,519615,8,0
519607,519614,519615,1,7
519607,519614,519616,2,7
519607,519614,519615,1,7
519607,519614,519615,1,7
519607,519614,519616,2,7
519607,519607,519615,8,0
519607,519614,519616,2,7
519607,519614,519616,2,7
519607,519614,519616,2,7
519607,519614,519616,2,7
519607,519614,519616,2,7
519607,519614,519616,2,7
516773,519568,519616,48,2795
519607,519607,519616,9,0
519607,519607,519616,9,0
519607,519607,519616,9,0
519607,519607,519616,9,0
519607,519607,519617,10,0
519607,519607,519616,9,0
519607,519615,519617,2,8
519607,519615,519617,2,8
519607,519614,519616,2,7
519607,519607,519617,10,0
519607,519607,519616,9,0
519607,519607,519617,10,0
519607,519607,519617,10,0
519607,519615,519617,2,8
519607,519607,519617,10,0
519607,519607,519618,11,0
519607,519615,519617,2,8
519607,519615,519618,3,8
516773,519546,519618,72,2773
519607,519615,519617,2,8
519607,519615,519618,3,8
519607,519615,519617,2,8
519607,519615,519617,2,8
519607,519615,519618,3,8
519607,519607,519618,11,0
519607,519615,519618,3,8
519607,519615,519618,3,8
519607,519615,519618,3,8
519607,519615,519618,3,8
516773,519566,519618,52,2793
519607,519615,519618,3,8
516773,519582,519619,37,2809
519607,519615,519618,3,8
519607,519607,519619,12,0
519607,519615,519618,3,8
519607,519615,519618,3,8
519607,519615,519618,3,8
519607,519615,519619,4,8
519607,519615,519619,4,8
519607,519615,519619,4,8
519607,519607,519618,11,0
519607,519607,519620,13,0
519607,519616,519619,3,9
516773,519557,519620,63,2784
519607,519607,519620,13,0
519607,519615,519619,4,8
519607,519616,519620,4,9
519607,519616,519620,4,9
519607,519616,519620,4,9
519607,519616,519619,3,9
519607,519616,519620,4,9
519607,519616,519619,3,9
519607,519616,519620,4,9
519607,519615,519619,4,8
519607,519616,519619,3,9
519607,519616,519620,4,9
519607,519616,519620,4,9
516773,519576,519620,44,2803
519607,519607,519620,13,0
519607,519607,519620,13,0
516773,519545,519621,76,2772
516773,519556,519621,65,2783
519607,519616,519620,4,9
519607,519616,519620,4,9
519607,519616,519621,5,9
519607,519619,519621,2,12
519607,519617,519620,3,10
519607,519617,519621,4,10
519607,519617,519620,3,10
519607,519617,519621,4,10
519607,519618,519621,3,11
519607,519617,519621,4,10
519607,519618,519621,3,11
519607,519618,519621,3,11
519607,519618,519621,3,11
516773,519577,519621,44,2804
519607,519619,519622,3,12
519607,519618,519622,4,11
519607,519619,519622,3,12
519607,519616,519622,6,9
519607,519618,519622,4,11
519607,519619,519622,3,12
519607,519616,519622,6,9
519607,519618,519622,4,11
519607,519618,519622,4,11
519607,519607,519622,15,0
519607,519618,519621,3,11
519607,519619,519622,3,12
519607,519618,519621,3,11
516773,519581,519622,41,2808
519607,519617,519623,6,10
519607,519618,519622,4,11
519607,519618,519622,4,11
519607,519617,519623,6,10
519607,519616,519623,7,9
519607,519616,519622,6,9
519607,519616,519623,7,9
519607,519616,519623,7,9
519607,519618,519622,4,11
519607,519616,519623,7,9
519607,519618,519623,5,11
519607,519618,519623,5,11
519607,519616,519623,7,9
519607,519616,519622,6,9
519607,519617,519624,7,10
516773,519578,519623,45,2805
519607,519618,519623,5,11
516773,519569,519623,54,2796
519607,519616,519623,7,9
519607,519616,519624,8,9
519607,519616,519624,8,9
519607,519618,519624,6,11
519607,519617,519624,7,10
519607,519617,519625,8,10
516773,519544,519625,81,2771
516773,519549,519626,77,2776
516773,519582,519626,44,2809
519607,519616,519626,10,9
516773,519588,519626,38,2815
519607,519617,519626,9,10
516773,519545,519628,83,2772
516773,519553,519629,76,2780
516773,519578,519630,52,2805
516773,519564,519631,67,2791
516773,519549,519631,82,2776
516773,519549,519632,83,2776
516773,519593,519631,38,2820
516773,519582,519632,50,2809
516773,519546,519632,86,2773
519631,519632,519633,1,1
519631,519632,519634,2,1
519631,519632,519634,2,1
519631,519632,519633,1,1
519631,519632,519633,1,1
519631,519632,519633,1,1
519631,519632,519633,1,1
519631,519632,519633,1,1
519631,519632,519633,1,1
519631,519632,519633,1,1
516773,519571,519633,62,2798
516773,519587,519634,47,2814
519631,519632,519634,2,1
519631,519632,519634,2,1
519631,519632,519634,2,1
519631,519632,519635,3,1
519631,519632,519635,3,1
519631,519632,519634,2,1
519631,519632,519634,2,1
519631,519632,519635,3,1
519631,519632,519634,2,1
519631,519632,519634,2,1
519631,519632,519634,2,1
516773,519571,519635,64,2798
519631,519632,519636,4,1
519631,519632,519635,3,1
519631,519632,519635,3,1
519631,519632,519635,3,1
519631,519632,519635,3,1
519631,519632,519636,4,1
519631,519632,519635,3,1
519631,519632,519635,3,1
519631,519632,519636,4,1
519631,519632,519636,4,1
519631,519632,519636,4,1
519631,519632,519636,4,1
519631,519632,519635,3,1
519631,519632,519636,4,1
519631,519632,519636,4,1
519631,519632,519636,4,1
519631,519632,519636,4,1
519631,519632,519636,4,1
519631,519632,519636,4,1
519631,519632,519636,4,1
519631,519632,519636,4,1
516773,519570,519636,66,2797
519631,519632,519636,4,1
519631,519632,519636,4,1
519631,519634,519637,3,3
519631,519632,519636,4,1
519631,519634,519637,3,3
519631,519634,519637,3,3
519631,519632,519636,4,1
519631,519632,519637,5,1
516773,519552,519636,84,2779
519631,519632,519637,5,1
519631,519632,519637,5,1
519631,519632,519638,6,1
516773,519565,519637,72,2792
516773,519594,519638,44,2821
519631,519632,519637,5,1
519631,519632,519638,6,1
519631,519632,519638,6,1
519631,519632,519637,5,1
519631,519632,519638,6,1
519631,519632,519638,6,1
519631,519632,519639,7,1
519631,519632,519638,6,1
519631,519632,519638,6,1
519631,519632,519638,6,1
519631,519632,519638,6,1
519631,519632,519638,6,1
519631,519637,519639,2,6
519631,519637,519639,2,6
519631,519636,519639,3,5
519631,519637,519639,2,6
519631,519636,519639,3,5
519631,519632,519638,6,1
519631,519632,519638,6,1
519631,519632,519638,6,1
519631,519632,519639,7,1
519631,519636,519639,3,5
519631,519637,519639,2,6
516773,519549,519639,90,2776
516773,519549,519640,91,2776
519631,519632,519640,8,1
519631,519632,519639,7,1
519631,519637,519640,3,6
519631,519638,519640,2,7
519631,519632,519639,7,1
519631,519632,519639,7,1
519631,519636,519639,3,5
519631,519636,519639,3,5
519631,519636,519639,3,5
519631,519639,519640,1,8
519631,519635,519639,4,4
519631,519637,519639,2,6
519631,519637,519640,3,6
519631,519635,519640,5,4
519631,519635,519640,5,4
519631,519637,519640,3,6
519631,519638,519640,2,7
519631,519637,519639,2,6
519631,519638,519640,2,7
519631,519636,519640,4,5
519631,519636,519640,4,5
519631,519638,519639,1,7
519631,519638,519640,2,7
519631,519632,519640,8,1
519631,519632,519641,9,1
519631,519638,519640,2,7
519631,519638,519640,2,7
519631,519639,519641,2,8
519631,519637,519641,4,6
519631,519637,519641,4,6
519631,519639,519640,1,8
519631,519639,519641,2,8
519631,519639,519641,2,8
519631,519639,519641,2,8
519631,519634,519640,6,3
519631,519636,519640,4,5
519631,519639,519640,1,8
519631,519639,519640,1,8
519631,519634,519641,7,3
519631,519639,519640,1,8
519631,519635,519640,5,4
519631,519635,519640,5,4
519631,519639,519640,1,8
519631,519639,519641,2,8
519631,519639,519641,2,8
519631,519635,519641,6,4
519631,519635,519641,6,4
519631,519635,519641,6,4
516773,519558,519642,84,2785
516773,519553,519642,89,2780
519631,519636,519642,6,5
519631,519639,519641,2,8
519631,519634,519641,7,3
519631,519635,519642,7,4
519631,519640,519642,2,9
519631,519640,519642,2,9
519631,519634,519641,7,3
519631,519640,519642,2,9
519631,519640,519642,2,9
519631,519634,519642,8,3
519631,519634,519642,8,3
519631,519640,519642,2,9
519631,519640,519642,2,9
519631,519637,519641,4,6
519631,519639,519641,2,8
519631,519639,519641,2,8
519631,519636,519641,5,5
519631,519639,519641,2,8
519631,519639,519642,3,8
519631,519636,519642,6,5
519631,519639,519642,3,8
516773,519548,519643,95,2775
516773,519558,519643,85,2785
519631,519635,519642,7,4
519631,519636,519643,7,5
519631,519636,519642,6,5
519631,519636,519643,7,5
519631,519640,519643,3,9
519631,519640,519643,3,9
519631,519640,519643,3,9
519631,519637,519643,6,6
519631,519640,519643,3,9
519631,519640,519643,3,9
519631,519640,519643,3,9
519631,519640,519643,3,9
519631,519640,519643,3,9
519631,519637,519642,5,6
519631,519634,519643,9,3
519631,519640,519643,3,9
519631,519639,519642,3,8
519631,519640,519643,3,9
519631,519640,519643,3,9
519631,519635,519643,8,4
519631,519640,519643,3,9
519631,519640,519643,3,9
516773,519569,519643,74,2796
519631,519640,519643,3,9
519631,519641,519644,3,10
519631,519641,519644,3,10
519631,519641,519644,3,10
519631,519641,519644,3,10
519631,519640,519644,4,9
519631,519640,519644,4,9
519631,519641,519644,3,10
519631,519641,519644,3,10
519631,519640,519644,4,9
516773,519551,519645,94,2778
516773,519565,519645,80,2792
519631,519641,519645,4,10
519631,519641,519645,4,10
519631,519641,519645,4,10
519631,519641,519645,4,10
516773,519549,519645,96,2776
519631,519641,519646,5,10
519631,519641,519646,5,10
519631,519641,519646,5,10
519631,519641,519646,5,10
519631,519641,519646,5,10
519631,519641,519646,5,10
519631,519641,519646,5,10
519631,519641,519646,5,10
519631,519641,519646,5,10
516773,519552,519647,95,2779
519631,519641,519646,5,10
519631,519641,519647,6,10
519631,519641,519647,6,10
519631,519641,519647,6,10
519631,519641,519647,6,10
519631,519641,519647,6,10
516773,519557,519648,91,2784
516773,519599,519649,50,2826
516773,519596,519650,54,2823
516773,519564,519649,85,2791
519631,519642,519650,8,11
519631,519642,519650,8,11
519631,519642,519650,8,11
519631,519642,519652,10,11
516773,519553,519653,100,2780
516773,519560,519652,92,2787
516773,519598,519653,55,2825
516773,519601,519654,53,2828
516773,519562,519657,95,2789
516773,519571,519658,87,2798
516773,519602,519659,57,2829
516773,519599,519660,61,2826
516773,519601,519659,58,2828
516773,519550,519660,110,2777
516773,519560,519660,100,2787
519657,519657,519660,3,0
519657,519657,519660,3,0
519657,519657,519660,3,0
516773,519605,519661,56,2832
516773,519609,519660,51,2836
519657,519657,519661,4,0
519657,519657,519660,3,0
519657,519657,519661,4,0
519657,519657,519661,4,0
519657,519657,519661,4,0
519657,519657,519661,4,0
519657,519657,519661,4,0
519657,519657,519661,4,0
519657,519657,519661,4,0
519657,519657,519661,4,0
519657,519657,519661,4,0
519657,519657,519661,4,0
519657,519657,519661,4,0
516773,519562,519662,100,2789
516773,519600,519662,62,2827
519657,519657,519662,5,0
519657,519657,519662,5,0
519657,519657,519662,5,0
519657,519657,519662,5,0
519657,519657,519662,5,0
519657,519657,519662,5,0
519657,519657,519662,5,0
519657,519657,519662,5,0
519657,519657,519663,6,0
519657,519657,519662,5,0
519657,519657,519663,6,0
519657,519657,519662,5,0
519657,519657,519662,5,0
519657,519657,519662,5,0
519657,519657,519662,5,0
519657,519657,519662,5,0
519657,519657,519662,5,0
519657,519661,519662,1,4
519657,519657,519662,5,0
519657,519661,519662,1,4
519657,519661,519662,1,4
516773,519561,519663,102,2788
519657,519657,519663,6,0
519657,519657,519662,5,0
519657,519657,519662,5,0
516773,519617,519662,45,2844
516854,519633,519663,30,2779
516773,519605,519663,58,2832
519657,519657,519663,6,0
519657,519661,519663,2,4
519657,519662,519663,1,5
519657,519657,519663,6,0
519657,519657,519664,7,0
519657,519657,519663,6,0
519657,519657,519663,6,0
519657,519657,519663,6,0
519657,519662,519664,2,5
519657,519662,519664,2,5
519657,519662,519663,1,5
519657,519657,519663,6,0
519657,519657,519664,7,0
519657,519657,519663,6,0
519657,519657,519663,6,0
519657,519657,519664,7,0
519657,519657,519664,7,0
519657,519657,519663,6,0
519657,519662,519664,2,5
519657,519662,519664,2,5
519657,519662,519664,2,5
519657,519657,519663,6,0
516773,519606,519664,58,2833
516773,519563,519663,100,2790
516773,519607,519664,57,2834
516773,519608,519664,56,2835
519657,519657,519664,7,0
519657,519657,519664,7,0
519657,519657,519665,8,0
519657,519657,519665,8,0
519657,519657,519664,7,0
519657,519657,519664,7,0
519657,519657,519665,8,0
519657,519657,519664,7,0
519657,519657,519664,7,0
519657,519657,519664,7,0
519657,519657,519664,7,0
519657,519662,519665,3,5
519657,519657,519664,7,0
519657,519662,519664,2,5
519657,519662,519665,3,5
516854,519632,519665,33,2778
516773,519607,519665,58,2834
519657,519663,519665,2,6
519657,519663,519665,2,6
519657,519663,519665,2,6
516854,519631,519665,34,2777
519657,519657,519665,8,0
519657,519657,519665,8,0
519657,519663,519666,3,6
519657,519657,519666,9,0
519657,519662,519665,3,5
519657,519662,519665,3,5
519657,519657,519666,9,0
519657,519657,519666,9,0
519657,519657,519666,9,0
519657,519663,519666,3,6
519657,519664,519667,3,7
519657,519657,519666,9,0
519657,519663,519666,3,6
519657,519663,519667,4,6
519657,519663,519666,3,6
519657,519663,519666,3,6
519657,519663,519666,3,6
519657,519663,519667,4,6
519657,519663,519667,4,6
519657,519663,519667,4,6
519657,519663,519667,4,6
516773,519616,519667,51,2843
519657,519657,519667,10,0
519657,519663,519667,4,6
519657,519663,519667,4,6
519657,519663,519668,5,6
519657,519664,519667,3,7
519657,519664,519667,3,7
519657,519663,519667,4,6
519657,519663,519668,5,6
519657,519665,519668,3,8
519657,519657,519668,11,0
519657,519663,519667,4,6
519657,519663,519667,4,6
519657,519663,519668,5,6
516773,519607,519668,61,2834
516773,519615,519668,53,2842
519657,519663,519668,5,6
519657,519664,519669,5,7
519657,519664,519669,5,7
519657,519666,519669,3,9
519657,519667,519669,2,10
519657,519667,519669,2,10
519657,519667,519669,2,10
519657,519664,519669,5,7
519657,519664,519668,4,7
519657,519666,519669,3,9
519657,519667,519669,2,10
519657,519667,519669,2,10
519657,519664,519669,5,7
519657,519665,519668,3,8
519657,519667,519669,2,10
519657,519667,519669,2,10
519657,519667,519668,1,10
519657,519663,519669,6,6
519657,519665,519669,4,8
519657,519665,519669,4,8
519657,519665,519669,4,8
519657,519667,519669,2,10
519657,519667,519669,2,10
516773,519627,519668,41,2854
516773,519611,519669,58,2838
519657,519667,519669,2,10
519657,519668,519670,2,11
519657,519666,519670,4,9
519657,519666,519669,3,9
519657,519668,519670,2,11
519657,519668,519670,2,11
519657,519664,519669,5,7
519657,519664,519669,5,7
519657,519666,519669,3,9
519657,519666,519670,4,9
519657,519667,519669,2,10
519657,519667,519670,3,10
519657,519668,519670,2,11
519657,519664,519670,6,7
519657,519664,519669,5,7
519657,519665,519670,5,8
519657,519668,519669,1,11
519657,519668,519669,1,11
519657,519664,519669,5,7
519657,519665,519669,4,8
519657,519666,519669,3,9
516773,519620,519670,50,2847
516854,519634,519670,36,2780
516773,519601,519671,70,2828
519657,519668,519671,3,11
519657,519668,519671,3,11
519657,519668,519670,2,11
519657,519666,519671,5,9
519657,519667,519671,4,10
519657,519666,519670,4,9
519657,519669,519671,2,12
519657,519669,519671,2,12
519657,519669,519671,2,12
519657,519669,519671,2,12
519657,519669,519671,2,12
519657,519664,519671,7,7
519657,519665,519671,6,8
519657,519665,519671,6,8
519657,519665,519671,6,8
519657,519666,519670,4,9
519657,519668,519670,2,11
519657,519664,519671,7,7
519657,519664,519670,6,7
519657,519665,519670,5,8
519657,519668,519670,2,11
519657,519668,519671,3,11
519657,519668,519671,3,11
516773,519624,519671,47,2851
516854,519632,519671,39,2778
519657,519669,519671,2,12
519657,519664,519671,7,7
519657,519664,519671,7,7
519657,519669,519671,2,12
519657,519669,519671,2,12
519657,519669,519671,2,12
519657,519669,519672,3,12
519657,519669,519672,3,12
519657,519665,519672,7,8
519657,519664,519671,7,7
519657,519665,519671,6,8
516773,519618,519672,54,2845
516773,519615,519673,58,2842
519657,519665,519672,7,8
519657,519665,519672,7,8
516773,519616,519672,56,2843
519657,519669,519672,3,12
519657,519669,519673,4,12
519657,519669,519673,4,12
516773,519623,519673,50,2850
519657,519664,519674,10,7
519657,519664,519674,10,7
516773,519609,519675,66,2836
519657,519664,519676,12,7
516854,519638,519676,38,2784
516773,519621,519676,55,2848
516854,519633,519676,43,2779
516854,519634,519678,44,2780
516854,519638,519679,41,2784
516773,519630,519679,49,2857
516773,519615,519680,65,2842
516773,519626,519681,55,2853
516773,519619,519681,62,2846
516773,519631,519682,51,2858
516773,519622,519682,60,2849
516773,519630,519683,53,2857
516773,519621,519683,62,2848
516773,519626,519683,57,2853
519681,519681,519683,2,0
519681,519681,519683,2,0
519681,519681,519683,2,0
519681,519681,519683,2,0
519681,519681,519684,3,0
519681,519681,519683,2,0
519681,519681,519684,3,0
516773,519608,519685,77,2835
519681,519681,519685,4,0
519681,519681,519684,3,0
519681,519681,519684,3,0
519681,519681,519684,3,0
519681,519681,519684,3,0
519681,519681,519685,4,0
516854,519635,519684,49,2781
516773,519615,519685,70,2842
516773,519628,519685,57,2855
519681,519681,519685,4,0
519681,519681,519686,5,0
519681,519681,519685,4,0
519681,519681,519685,4,0
519681,519681,519685,4,0
519681,519681,519686,5,0
519681,519681,519686,5,0
516773,519624,519685,61,2851
519681,519681,519686,5,0
519681,519681,519686,5,0
519681,519681,519686,5,0
519681,519681,519687,6,0
519681,519681,519686,5,0
519681,519681,519686,5,0
519681,519681,519687,6,0
519681,519681,519686,5,0
519681,519681,519687,6,0
519681,519681,519686,5,0
519681,519681,519686,5,0
519681,519681,519686,5,0
519681,519684,519686,2,3
519681,519685,519686,1,4
519681,519686,519687,1,5
519681,519681,519687,6,0
519681,519684,519687,3,3
519681,519684,519687,3,3
519681,519685,519687,2,4
519681,519685,519687,2,4
519681,519681,519687,6,0
519681,519686,519688,2,5
519681,519681,519688,7,0
519681,519681,519688,7,0
519681,519681,519688,7,0
519681,519685,519687,2,4
519681,519681,519687,6,0
519681,519681,519687,6,0
519681,519681,519688,7,0
519681,519681,519688,7,0
519681,519684,519687,3,3
519681,519684,519687,3,3
519681,519685,519687,2,4
519681,519685,519687,2,4
519681,519686,519688,2,5
519681,519681,519688,7,0
519681,519684,519687,3,3
519681,519684,519687,3,3
519681,519686,519688,2,5
519681,519681,519687,6,0
519681,519681,519687,6,0
519681,519681,519688,7,0
519681,519686,519688,2,5
519681,519686,519688,2,5
516773,519621,519688,67,2848
519681,519681,519688,7,0
519681,519681,519688,7,0
519681,519681,519689,8,0
519681,519681,519688,7,0
519681,519681,519688,7,0
519681,519681,519689,8,0
519681,519687,519689,2,6
519681,519687,519689,2,6
519681,519687,519689,2,6
519681,519687,519688,1,6
519681,519681,519689,8,0
519681,519686,519688,2,5
519681,519687,519689,2,6
519681,519687,519689,2,6
519681,519687,519689,2,6
519681,519681,519689,8,0
519681,519687,519689,2,6
519681,519687,519689,2,6
519681,519687,519689,2,6
519681,519681,519689,8,0
519681,519687,519689,2,6
516773,519619,519689,70,2846
519681,519681,519689,8,0
519681,519681,519689,8,0
519681,519681,519690,9,0
519681,519681,519690,9,0
519681,519688,519690,2,7
519681,519681,519689,8,0
519681,519681,519689,8,0
519681,519687,519689,2,6
519681,519688,519690,2,7
519681,519681,519690,9,0
519681,519688,519690,2,7
519681,519688,519690,2,7
519681,519681,519690,9,0
519681,519681,519689,8,0
519681,519687,519689,2,6
516854,519637,519690,53,2783
516854,519642,519690,48,2788
516854,519637,519690,53,2783
519681,519681,519691,10,0
519681,519681,519691,10,0
519681,519681,519691,10,0
519681,519688,519690,2,7
519681,519688,519690,2,7
519681,519688,519691,3,7
519681,519688,519690,2,7
519681,519688,519691,3,7
519681,519688,519691,3,7
519681,519681,519691,10,0
519681,519688,519691,3,7
519681,519688,519691,3,7
519681,519688,519691,3,7
519681,519688,519691,3,7
519681,519688,519691,3,7
519681,519688,519691,3,7
519681,519688,519691,3,7
519681,519688,519691,3,7
519681,519681,519691,10,0
519681,519687,519690,3,6
519681,519681,519692,11,0
519681,519688,519691,3,7
519681,519688,519691,3,7
519681,519689,519692,3,8
519681,519689,519692,3,8
519681,519688,519692,4,7
519681,519688,519692,4,7
519681,519688,519692,4,7
519681,519688,519692,4,7
519681,519688,519692,4,7
519681,519689,519692,3,8
516773,519625,519692,67,2852
516854,519639,519692,53,2785
519681,519681,519692,11,0
519681,519689,519693,4,8
519681,519689,519693,4,8
519681,519689,519693,4,8
519681,519689,519692,3,8
519681,519689,519692,3,8
519681,519689,519692,3,8
519681,519689,519693,4,8
519681,519688,519693,5,7
519681,519688,519693,5,7
519681,519688,519693,5,7
519681,519688,519693,5,7
519681,519690,519694,4,9
519681,519689,519694,5,8
519681,519689,519694,5,8
516854,519640,519694,54,2786
519681,519681,519694,13,0
519681,519690,519695,5,9
519681,519689,519694,5,8
519681,519689,519694,5,8
519681,519688,519694,6,7
519681,519689,519694,5,8
519681,519689,519694,5,8
519681,519690,519694,4,9
519681,519681,519695,14,0
519681,519690,519695,5,9
519681,519690,519695,5,9
519681,519690,519695,5,9
519681,519692,519695,3,11
519681,519689,519695,6,8
519681,519689,519695,6,8
519681,519689,519695,6,8
519681,519690,519695,5,9
519681,519693,519695,2,12
519681,519689,519695,6,8
519681,519691,519695,4,10
519681,519691,519696,5,10
519681,519692,519696,4,11
519681,519692,519696,4,11
519681,519692,519696,4,11
519681,519692,519696,4,11
519681,519691,519696,5,10
519681,519691,519696,5,10
519681,519691,519696,5,10
519681,519692,519696,4,11
519681,519691,519696,5,10
519681,519691,519696,5,10
519681,519690,519696,6,9
519681,519693,519696,3,12
519681,519693,519696,3,12
519681,519691,519697,6,10
519681,519692,519697,5,11
519681,519691,519697,6,10
519681,519691,519697,6,10
519681,519691,519697,6,10
519681,519691,519697,6,10
519681,519691,519697,6,10
519681,519691,519697,6,10
519681,519691,519697,6,10
519681,519689,519698,9,8
519681,519690,519697,7,9
519681,519691,519698,7,10
519681,519690,519699,9,9
519681,519690,519699,9,9
519681,519690,519699,9,9
519681,519691,519699,8,10
519681,519691,519699,8,10
519681,519690,519700,10,9
519681,519690,519701,11,9
516854,519643,519701,58,2789
516854,519677,519701,24,2823
516854,519679,519704,25,2825
516854,519642,519703,61,2788
519681,519690,519703,13,9
516854,519676,519706,30,2822
516854,519679,519708,29,2825
516854,519676,519708,32,2822
516854,519677,519710,33,2823
519709,519709,519711,2,0
519709,519709,519711,2,0
519709,519709,519711,2,0
519709,519709,519711,2,0
516854,519673,519711,38,2819
516854,519679,519711,32,2825
516854,519669,519711,42,2815
519709,519709,519712,3,0
519709,519709,519711,2,0
519709,519709,519712,3,0
519709,519709,519712,3,0
519709,519709,519711,2,0
519709,519709,519711,2,0
519709,519709,519712,3,0
519709,519709,519711,2,0
519709,519709,519712,3,0
519709,519709,519711,2,0
519709,519709,519712,3,0
519709,519709,519712,3,0
519709,519709,519712,3,0
519709,519709,519711,2,0
519709,519709,519711,2,0
516854,519684,519713,29,2830
516854,519685,519713,28,2831
519709,519709,519713,4,0
519709,519709,519713,4,0
519709,519709,519712,3,0
519709,519709,519713,4,0
519709,519709,519713,4,0
519709,519709,519713,4,0
519709,519709,519713,4,0
519709,519709,519713,4,0
519709,519709,519713,4,0
519709,519709,519713,4,0
519709,519709,519712,3,0
519709,519709,519712,3,0
519709,519709,519713,4,0
519709,519709,519713,4,0
519709,519709,519712,3,0
519709,519709,519713,4,0
516854,519672,519713,41,2818
519709,519709,519714,5,0
519709,519709,519714,5,0
519709,519709,519713,4,0
519709,519709,519714,5,0
519709,519709,519714,5,0
519709,519709,519714,5,0
519709,519709,519714,5,0
519709,519709,519713,4,0
519709,519709,519714,5,0
519709,519709,519714,5,0
519709,519709,519714,5,0
519709,519709,519714,5,0
519709,519709,519715,6,0
519709,519709,519715,6,0
519709,519709,519715,6,0
519709,519709,519715,6,0
519709,519709,519715,6,0
519709,519709,519715,6,0
519709,519709,519715,6,0
519709,519709,519715,6,0
519709,519711,519715,4,2
519709,519711,519715,4,2
519709,519709,519715,6,0
519709,519709,519715,6,0
516854,519686,519715,29,2832
519709,519709,519716,7,0
519709,519709,519716,7,0
519709,519709,519716,7,0
519709,519709,519716,7,0
519709,519709,519716,7,0
519709,519711,519716,5,2
519709,519712,519716,4,3
519709,519712,519716,4,3
519709,519712,519716,4,3
519709,519711,519716,5,2
519709,519712,519716,4,3
516854,519668,519716,48,2814
519709,519709,519716,7,0
519709,519709,519716,7,0
516854,519681,519716,35,2827
516854,519684,519716,32,2830
516854,519685,519717,32,2831
519709,519709,519717,8,0
519709,519709,519717,8,0
519709,519709,519717,8,0
519709,519709,519717,8,0
519709,519709,519717,8,0
516854,519645,519717,72,2791
519709,519715,519717,2,6
519709,519716,519718,2,7
519709,519712,519717,5,3
519709,519712,519717,5,3
519709,519714,519718,4,5
519709,519716,519717,1,7
519709,519713,519718,5,4
519709,519715,519717,2,6
519709,519716,519717,1,7
519709,519716,519718,2,7
516854,519681,519718,37,2827
519709,519709,519718,9,0
519709,519709,519718,9,0
519709,519717,519718,1,8
519709,519713,519719,6,4
519709,519713,519718,5,4
519709,519713,519719,6,4
519709,519716,519718,2,7
519709,519716,519718,2,7
519709,519716,519718,2,7
519709,519709,519718,9,0
519709,519715,519719,4,6
519709,519717,519719,2,8
519709,519714,519718,4,5
519709,519715,519719,4,6
519709,519715,519718,3,6
519709,519715,519718,3,6
519709,519713,519718,5,4
519709,519717,519718,1,8
519709,519717,519718,1,8
519709,519712,519719,7,3
519709,519715,519718,3,6
519709,519715,519718,3,6
519709,519716,519718,2,7
519709,519717,519718,1,8
519709,519717,519718,1,8
519709,519712,519719,7,3
519709,519712,519718,6,3
519709,519717,519718,1,8
519709,519717,519718,1,8
519709,519715,519718,3,6
519709,519715,519718,3,6
516854,519682,519719,37,2828
519709,519716,519720,4,7
519709,519717,519720,3,8
519709,519714,519720,6,5
519709,519717,519719,2,8
519709,519713,519719,6,4
516854,519643,519720,77,2789
519709,519713,519719,6,4
519709,519712,519720,8,3
519709,519718,519720,2,9
519709,519718,519720,2,9
519709,519712,519719,7,3
519709,519713,519720,7,4
519709,519718,519720,2,9
519709,519718,519720,2,9
519709,519713,519719,6,4
519709,519717,519720,3,8
519709,519718,519720,2,9
519709,519712,519720,8,3
519709,519714,519719,5,5
519709,519714,519721,7,5
519709,519714,519721,7,5
519709,519714,519721,7,5
519709,519718,519721,3,9
519709,519718,519720,2,9
519709,519718,519721,3,9
519709,519718,519721,3,9
519709,519718,519721,3,9
519709,519718,519720,2,9
519709,519718,519720,2,9
519709,519718,519720,2,9
519709,519712,519720,8,3
519709,519718,519720,2,9
519709,519713,519720,7,4
519709,519713,519720,7,4
519709,519717,519720,3,8
519709,519714,519721,7,5
519709,519713,519721,8,4
519709,519718,519722,4,9
519709,519719,519722,3,10
516854,519669,519722,53,2815
516854,519671,519722,51,2817
519709,519719,519722,3,10
519709,519719,519722,3,10
519709,519719,519722,3,10
519709,519719,519722,3,10
519709,519719,519722,3,10
519709,519719,519722,3,10
519709,519719,519722,3,10
519709,519719,519722,3,10
519709,519719,519723,4,10
519709,519719,519723,4,10
519709,519719,519722,3,10
519709,519719,519722,3,10
519709,519719,519722,3,10
519709,519719,519722,3,10
519709,519719,519722,3,10
519709,519719,519723,4,10
516854,519673,519723,50,2819
519709,519719,519723,4,10
519709,519719,519723,4,10
519709,519719,519723,4,10
519709,519720,519724,4,11
519709,519720,519724,4,11
519709,519719,519724,5,10
519709,519719,519724,5,10
519709,519713,519723,10,4
519709,519713,519723,10,4
519709,519719,519723,4,10
519709,519720,519724,4,11
519709,519712,519723,11,3
519709,519719,519723,4,10
519709,519720,519724,4,11
519709,519720,519724,4,11
519709,519719,519723,4,10
519709,519719,519724,5,10
516854,519690,519724,34,2836
519709,519720,519725,5,11
519709,519720,519725,5,11
519709,519719,519724,5,10
519709,519719,519724,5,10
519709,519720,519725,5,11
519709,519712,519725,13,3
519709,519719,519724,5,10
519709,519720,519724,4,11
519709,519719,519725,6,10
519709,519719,519724,5,10
516854,519686,519726,40,2832
519709,519720,519726,6,11
516854,519665,519726,61,2811
516854,519673,519725,52,2819
516854,519668,519727,59,2814
516854,519688,519727,39,2834
516854,519671,519727,56,2817
516854,519650,519729,79,2796
516854,519686,519730,44,2832
516854,519690,519730,40,2836
516854,519665,519731,66,2811
516854,519684,519731,47,2830
516854,519691,519732,41,2837
516854,519682,519733,51,2828
516854,519648,519732,84,2794
519731,519731,519734,3,0
519731,519731,519734,3,0
519731,519731,519735,4,0
519731,519731,519734,3,0
519731,519731,519734,3,0
519731,519731,519734,3,0
519731,519731,519734,3,0
519731,519731,519734,3,0
519731,519731,519734,3,0
519731,519731,519734,3,0
519731,519731,519735,4,0
519731,519731,519735,4,0
519731,519731,519734,3,0
519731,519731,519734,3,0
519731,519731,519735,4,0
519731,519731,519734,3,0
516854,519650,519734,84,2796
519731,519731,519735,4,0
519731,519731,519735,4,0
519731,519731,519735,4,0
519731,519731,519736,5,0
519731,519731,519735,4,0
516854,519690,519735,45,2836
519731,519731,519735,4,0
519731,519731,519736,5,0
519731,519731,519736,5,0
519731,519731,519736,5,0
519731,519731,519735,4,0
519731,519731,519735,4,0
516854,519645,519735,90,2791
516854,519644,519735,91,2790
516854,519666,519736,70,2812
516854,519646,519737,91,2792
519731,519731,519736,5,0
519731,519731,519736,5,0
519731,519731,519736,5,0
519731,519731,519737,6,0
519731,519731,519737,6,0
519731,519731,519737,6,0
519731,519731,519736,5,0
519731,519731,519736,5,0
519731,519731,519737,6,0
519731,519731,519737,6,0
519731,519731,519736,5,0
519731,519731,519736,5,0
519731,519735,519737,2,4
519731,519735,519737,2,4
516854,519653,519736,83,2799
519731,519731,519737,6,0
519731,519731,519736,5,0
519731,519731,519737,6,0
519731,519731,519737,6,0
519731,519731,519737,6,0
519731,519731,519736,5,0
519731,519731,519736,5,0
519731,519731,519737,6,0
516854,519659,519738,79,2805
519731,519735,519737,2,4
519731,519735,519738,3,4
519731,519735,519737,2,4
519731,519731,519738,7,0
519731,519731,519738,7,0
516854,519670,519737,67,2816
516854,519693,519737,44,2839
519731,519731,519738,7,0
519731,519735,519737,2,4
519731,519735,519737,2,4
519731,519735,519738,3,4
519731,519731,519738,7,0
519731,519731,519738,7,0
519731,519731,519738,7,0
519731,519731,519737,6,0
519731,519731,519737,6,0
516854,519695,519738,43,2841
519731,519731,519739,8,0
519731,519735,519739,4,4
519731,519731,519739,8,0
519731,519736,519739,3,5
519731,519736,519739,3,5
519731,519736,519739,3,5
516854,519657,519739,82,2803
519731,519731,519739,8,0
519731,519735,519739,4,4
519731,519735,519739,4,4
519731,519735,519739,4,4
519731,519735,519739,4,4
519731,519735,519739,4,4
519731,519735,519739,4,4
516854,519653,519739,86,2799
516854,519661,519739,78,2807
516854,519649,519739,90,2795
516854,519665,519740,75,2811
516854,519654,519739,85,2800
519731,519731,519740,9,0
519731,519731,519740,9,0
519731,519736,519740,4,5
519731,519737,519740,3,6
519731,519731,519740,9,0
519731,519731,519739,8,0
519731,519736,519739,3,5
519731,519736,519739,3,5
519731,519731,519740,9,0
519731,519735,519739,4,4
519731,519731,519740,9,0
519731,519736,519739,3,5
519731,519731,519739,8,0
519731,519736,519740,4,5
516854,519683,519740,57,2829
516854,519653,519740,87,2799
519731,519737,519741,4,6
519731,519731,519741,10,0
519731,519731,519741,10,0
519731,519737,519740,3,6
519731,519737,519740,3,6
519731,519731,519741,10,0
519731,519736,519741,5,5
519731,519736,519741,5,5
519731,519737,519742,5,6
519731,519737,519742,5,6
519731,519738,519742,4,7
519731,519731,519742,11,0
519731,519736,519742,6,5
519731,519737,519742,5,6
519731,519737,519742,5,6
519731,519737,519742,5,6
519731,519737,519741,4,6
519731,519737,519741,4,6
519731,519731,519742,11,0
519731,519737,519742,5,6
519731,519737,519741,4,6
519731,519737,519742,5,6
516854,519662,519742,80,2808
516854,519669,519742,73,2815
519731,519739,519743,4,8
519731,519740,519743,3,9
519731,519737,519743,6,6
519731,519737,519743,6,6
519731,519740,519742,2,9
519731,519740,519743,3,9
519731,519737,519743,6,6
519731,519737,519743,6,6
516854,519693,519744,51,2839
519731,519738,519743,5,7
519731,519740,519744,4,9
519731,519740,519743,3,9
519731,519741,519743,2,10
519731,519731,519744,13,0
519731,519739,519744,5,8
519731,519742,519744,2,11
519731,519731,519744,13,0
519731,519739,519744,5,8
519731,519741,519744,3,10
519731,519742,519744,2,11
519731,519737,519744,7,6
519731,519740,519744,4,9
519731,519740,519744,4,9
519731,519738,519744,6,7
519731,519741,519743,2,10
519731,519741,519743,2,10
519731,519742,519744,2,11
519731,519741,519744,3,10
519731,519737,519744,7,6
519731,519737,519744,7,6
519731,519738,519744,6,7
519731,519739,519744,5,8
519731,519741,519744,3,10
519731,519740,519744,4,9
519731,519740,519744,4,9
519731,519743,519745,2,12
519731,519738,519745,7,7
519731,519738,519745,7,7
519731,519740,519744,4,9
519731,519742,519744,2,11
519731,519743,519745,2,12
519731,519743,519745,2,12
519731,519742,519745,3,11
519731,519742,519745,3,11
519731,519739,519745,6,8
519731,519743,519745,2,12
519731,519743,519745,2,12
519731,519740,519745,5,9
519731,519742,519745,3,11
519731,519742,519745,3,11
519731,519742,519745,3,11
519731,519742,519744,2,11
519731,519741,519745,4,10
519731,519741,519745,4,10
519731,519738,519745,7,7
519731,519742,519745,3,11
519731,519742,519745,3,11
519731,519744,519746,2,13
519731,519738,519745,7,7
519731,519739,519745,6,8
519731,519739,519745,6,8
519731,519739,519745,6,8
516854,519660,519746,86,2806
519731,519738,519746,8,7
519731,519739,519745,6,8
519731,519744,519746,2,13
519731,519744,519746,2,13
519731,519744,519746,2,13
519731,519740,519746,6,9
519731,519738,519746,8,7
519731,519744,519746,2,13
519731,519739,519746,7,8
519731,519743,519746,3,12
519731,519743,519746,3,12
519731,519740,519746,6,9
519731,519744,519746,2,13
519731,519739,519746,7,8
519731,519739,519746,7,8
519731,519738,519746,8,7
519731,519742,519746,4,11
516854,519647,519746,99,2793
519731,519744,519746,2,13
519731,519744,519747,3,13
519731,519744,519747,3,13
519731,519740,519747,7,9
519731,519739,519747,8,8
516854,519658,519748,90,2804
516854,519671,519748,77,2817
519731,519744,519748,4,13
519731,519738,519749,11,7
519731,519738,519750,12,7
516854,519661,519750,89,2807
516854,519704,519751,47,2850
519731,519737,519751,14,6
516854,519664,519751,87,2810
516854,519670,519752,82,2816
516854,519701,519752,51,2847
516854,519663,519752,89,2809
516854,519663,519753,90,2809
519731,519738,519753,15,7
516854,519660,519755,95,2806
516854,519664,519756,92,2810
516854,519704,519755,51,2850
516854,519709,519758,49,2855
516854,519702,519758,56,2848
516854,519707,519758,51,2853
516854,519712,519758,46,2858
516854,519660,519758,98,2806
516854,519660,519759,99,2806
516854,519713,519760,47,2859
516854,519714,519761,47,2860
519758,519758,519761,3,0
519758,519758,519761,3,0
519758,519758,519762,4,0
519758,519758,519762,4,0
519758,519758,519761,3,0
519758,519758,519762,4,0
519758,519758,519762,4,0
519758,519758,519762,4,0
519758,519758,519762,4,0
516854,519713,519762,49,2859
516854,519663,519763,100,2809
516854,519712,519763,51,2858
519758,519758,519763,5,0
519758,519758,519763,5,0
519758,519758,519763,5,0
519758,519758,519763,5,0
519758,519758,519763,5,0
519758,519758,519763,5,0
516854,519731,519764,33,2877
519758,519758,519764,6,0
519758,519758,519764,6,0
519758,519758,519764,6,0
519758,519758,519763,5,0
519758,519758,519764,6,0
519758,519758,519764,6,0
519758,519758,519764,6,0
519758,519758,519764,6,0
519758,519758,519765,7,0
519758,519758,519765,7,0
519758,519758,519764,6,0
519758,519758,519765,7,0
519758,519758,519765,7,0
519758,519761,519765,4,3
519758,519761,519765,4,3
519758,519762,519765,3,4
519758,519758,519764,6,0
519758,519758,519765,7,0
519758,519758,519765,7,0
519758,519758,519765,7,0
519758,519758,519765,7,0
519758,519762,519765,3,4
519758,519762,519765,3,4
519758,519763,519765,2,5
519758,519758,519765,7,0
519758,519762,519765,3,4
519758,519763,519765,2,5
519758,519758,519766,8,0
519758,519758,519766,8,0
519758,519758,519766,8,0
519758,519758,519765,7,0
516854,519664,519766,102,2810
519758,519758,519766,8,0
519758,519758,519766,8,0
519758,519758,519766,8,0
519758,519758,519766,8,0
519758,519758,519766,8,0
519758,519758,519766,8,0
519758,519763,519766,3,5
519758,519758,519766,8,0
519758,519758,519766,8,0
519758,519762,519766,4,4
519758,519762,519766,4,4
519758,519765,519766,1,7
519758,519765,519766,1,7
519758,519758,519766,8,0
519758,519758,519767,9,0
519758,519765,519766,1,7
516854,519717,519767,50,2863
519758,519758,519767,9,0
519758,519758,519767,9,0
519758,519763,519767,4,5
519758,519765,519767,2,7
519758,519758,519767,9,0
519758,519758,519767,9,0
519758,519763,519767,4,5
519758,519758,519767,9,0
519758,519764,519768,4,6
519758,519764,519767,3,6
519758,519764,519767,3,6
519758,519766,519767,1,8
519758,519766,519768,2,8
519758,519766,519768,2,8
519758,519758,519767,9,0
519758,519765,519767,2,7
519758,519758,519767,9,0
519758,519762,519767,5,4
519758,519766,519767,1,8
519758,519766,519768,2,8
519758,519758,519767,9,0
519758,519764,519767,3,6
519758,519766,519768,2,8
519758,519766,519768,2,8
516854,519716,519768,52,2862
519758,519758,519768,10,0
519758,519758,519768,10,0
519758,519766,519768,2,8
519758,519766,519768,2,8
519758,519766,519769,3,8
519758,519766,519768,2,8
519758,519758,519768,10,0
519758,519758,519768,10,0
519758,519758,519768,10,0
519758,519758,519768,10,0
519758,519766,519769,3,8
519758,519766,519769,3,8
519758,519766,519768,2,8
519758,519766,519768,2,8
519758,519766,519769,3,8
519758,519766,519769,3,8
519758,519767,519769,2,9
519758,519767,519770,3,9
519758,519767,519769,2,9
519758,519758,519769,11,0
519758,519767,519770,3,9
519758,519767,519770,3,9
519758,519758,519769,11,0
519758,519766,519769,3,8
519758,519767,519770,3,9
519758,519767,519770,3,9
519758,519767,519770,3,9
519758,519767,519770,3,9
519758,519766,519769,3,8
516854,519717,519770,53,2863
519758,519758,519770,12,0
519758,519767,519770,3,9
519758,519767,519770,3,9
519758,519767,519770,3,9
519758,519767,519770,3,9
519758,519758,519771,13,0
519758,519758,519770,12,0
519758,519767,519771,4,9
519758,519767,519770,3,9
519758,519767,519771,4,9
516854,519712,519770,58,2858
516966,519738,519770,32,2772
519758,519768,519771,3,10
519758,519768,519771,3,10
519758,519768,519771,3,10
519758,519768,519771,3,10
519758,519768,519771,3,10
519758,519768,519772,4,10
519758,519758,519772,14,0
519758,519768,519771,3,10
519758,519768,519772,4,10
519758,519768,519772,4,10
519758,519767,519772,5,9
516854,519723,519772,49,2869
519758,519767,519771,4,9
516854,519724,519772,48,2870
519758,519768,519773,5,10
519758,519768,519772,4,10
519758,519758,519772,14,0
519758,519768,519773,5,10
519758,519768,519773,5,10
519758,519767,519773,6,9
519758,519768,519773,5,10
519758,519768,519772,4,10
519758,519768,519773,5,10
516854,519723,519772,49,2869
519758,519768,519773,5,10
519758,519768,519774,6,10
519758,519758,519774,16,0
519758,519768,519774,6,10
519758,519769,519774,5,11
519758,519769,519774,5,11
519758,519767,519774,7,9
519758,519768,519773,5,10
519758,519768,519774,6,10
519758,519768,519774,6,10
516854,519664,519774,110,2810
516854,519720,519774,54,2866
516854,519729,519774,45,2875
516854,519711,519774,63,2857
519758,519769,519775,6,11
519758,519771,519775,4,13
519758,519769,519774,5,11
519758,519770,519774,4,12
519758,519772,519775,3,14
519758,519772,519775,3,14
519758,519770,519774,4,12
519758,519768,519775,7,10
519758,519770,519775,5,12
519758,519770,519775,5,12
519758,519771,519774,3,13
519758,519771,519775,4,13
516854,519663,519775,112,2809
519758,519768,519774,6,10
516966,519738,519775,37,2772
516854,519728,519774,46,2874
516854,519717,519775,58,2863
519758,519771,519776,5,13
519758,519771,519775,4,13
519758,519771,519775,4,13
519758,519769,519776,7,11
519758,519769,519775,6,11
519758,519770,519776,6,12
519758,519770,519776,6,12
519758,519770,519776,6,12
519758,519771,519775,4,13
519758,519771,519776,5,13
519758,519770,519775,5,12
516854,519718,519775,57,2864
519758,519758,519776,18,0
519758,519770,519776,6,12
519758,519770,519776,6,12
519758,519770,519776,6,12
519758,519770,519777,7,12
519758,519771,519777,6,13
519758,519772,519777,5,14
516966,519737,519776,39,2771
516966,519739,519776,37,2773
519758,519769,519777,8,11
519758,519769,519777,8,11
519758,519769,519778,9,11
519758,519771,519778,7,13
516854,519709,519778,69,2855
516854,519730,519778,48,2876
519758,519770,519779,9,12
519758,519769,519779,10,11
516966,519740,519779,39,2774
516966,519736,519780,44,2770
519758,519758,519780,22,0
519758,519769,519779,10,11
519758,519769,519779,10,11
519758,519769,519780,11,11
516854,519733,519780,47,2879
516854,519720,519780,60,2866
516854,519728,519781,53,2874
516854,519733,519781,48,2879
516966,519737,519780,43,2771
519758,519769,519782,13,11
519758,519769,519782,13,11
516854,519735,519783,48,2881
516966,519738,519784,46,2772
516854,519736,519784,48,2882
516854,519725,519784,59,2871
516854,519732,519785,53,2878
516854,519726,519785,59,2872
516854,519726,519785,59,2872
516966,519739,519785,46,2773
516966,519740,519786,46,2774
519758,519769,519786,17,11
516854,519736,519787,51,2882
516854,519727,519787,60,2873
516854,519718,519790,72,2864
516854,519726,519790,64,2872
516966,519740,519791,51,2774
516854,519717,519791,74,2863
516854,519731,519791,60,2877
516854,519736,519792,56,2882
516854,519732,519793,61,2878
516966,519739,519793,54,2773
519792,519792,519795,3,0
519792,519792,519794,2,0
519792,519792,519794,2,0
519792,519792,519795,3,0
519792,519792,519795,3,0
519792,519792,519795,3,0
519792,519792,519795,3,0
519792,519792,519795,3,0
519792,519792,519794,2,0
519792,519792,519794,2,0
519792,519792,519794,2,0
519792,519792,519794,2,0
519792,519792,519795,3,0
519792,519792,519795,3,0
519792,519792,519795,3,0
519792,519792,519795,3,0
519792,519792,519795,3,0
519792,519792,519795,3,0
519792,519792,519795,3,0
519792,519792,519795,3,0
519792,519792,519795,3,0
519792,519792,519795,3,0
519792,519792,519796,4,0
519792,519792,519796,4,0
519792,519792,519796,4,0
519792,519792,519796,4,0
519792,519792,519795,3,0
519792,519792,519796,4,0
519792,519792,519796,4,0
519792,519792,519795,3,0
519792,519792,519796,4,0
519792,519792,519796,4,0
519792,519792,519795,3,0
519792,519792,519795,3,0
519792,519792,519796,4,0
519792,519792,519796,4,0
519792,519792,519796,4,0
516966,519740,519796,56,2774
519792,519792,519797,5,0
519792,519792,519796,4,0
519792,519792,519797,5,0
519792,519792,519796,4,0
519792,519792,519796,4,0
519792,519792,519796,4,0
519792,519792,519796,4,0
519792,519792,519797,5,0
519792,519792,519796,4,0
519792,519792,519796,4,0
519792,519792,519797,5,0
519792,519792,519796,4,0
519792,519792,519798,6,0
519792,519792,519798,6,0
519792,519792,519798,6,0
519792,519792,519798,6,0
519792,519792,519797,5,0
519792,519792,519798,6,0
519792,519792,519798,6,0
519792,519792,519798,6,0
519792,519792,519798,6,0
519792,519792,519798,6,0
519792,519792,519798,6,0
516966,519743,519798,55,2777
519792,519792,519799,7,0
519792,519792,519798,6,0
519792,519792,519799,7,0
519792,519792,519799,7,0
519792,519792,519798,6,0
519792,519792,519799,7,0
519792,519792,519799,7,0
519792,519792,519799,7,0
519792,519795,519799,4,3
519792,519795,519800,5,3
519792,519795,519800,5,3
519792,519795,519800,5,3
519792,519795,519800,5,3
519792,519795,519800,5,3
519792,519795,519800,5,3
519792,519792,519801,9,0
519792,519795,519800,5,3
519792,519795,519801,6,3
519792,519795,519801,6,3
519792,519795,519801,6,3
519792,519796,519801,5,4
519792,519797,519801,4,5
519792,519795,519801,6,3
519792,519797,519801,4,5
519792,519797,519801,4,5
519792,519797,519801,4,5
519792,519792,519801,9,0
519792,519792,519801,9,0
519792,519798,519801,3,6
519792,519796,519801,5,4
519792,519798,519801,3,6
519792,519798,519801,3,6
519792,519792,519801,9,0
516966,519741,519802,61,2775
519792,519797,519802,5,5
519792,519799,519802,3,7
519792,519799,519801,2,7
519792,519800,519802,2,8
519792,519797,519802,5,5
519792,519798,519802,4,6
519792,519796,519802,6,4
519792,519796,519802,6,4
519792,519800,519802,2,8
519792,519800,519802,2,8
519792,519800,519802,2,8
519792,519795,519803,8,3
519792,519796,519802,6,4
519792,519798,519802,4,6
519792,519799,519802,3,7
519792,519799,519802,3,7
519792,519796,519802,6,4
519792,519796,519802,6,4
519792,519796,519803,7,4
519792,519797,519802,5,5
519792,519799,519802,3,7
519792,519800,519803,3,8
519792,519796,519803,7,4
519792,519799,519803,4,7
519792,519799,519802,3,7
519792,519796,519802,6,4
519792,519800,519802,2,8
519792,519798,519803,5,6
519792,519800,519804,4,8
519792,519800,519804,4,8
519792,519802,519804,2,10
519792,519797,519803,6,5
519792,519799,519803,4,7
519792,519799,519803,4,7
519792,519799,519803,4,7
519792,519796,519803,7,4
519792,519802,519803,1,10
519792,519802,519804,2,10
519792,519797,519803,6,5
519792,519796,519803,7,4
519792,519796,519803,7,4
519792,519796,519803,7,4
519792,519797,519804,7,5
519792,519796,519804,8,4
519792,519796,519804,8,4
519792,519796,519804,8,4
519792,519802,519804,2,10
519792,519801,519804,3,9
519792,519801,519804,3,9
519792,519802,519804,2,10
519792,519802,519804,2,10
519792,519802,519804,2,10
519792,519802,519804,2,10
519792,519802,519804,2,10
519792,519802,519805,3,10
519792,519802,519804,2,10
519792,519802,519804,2,10
519792,519798,519804,6,6
519792,519798,519804,6,6
516966,519741,519805,64,2775
516966,519743,519805,62,2777
519792,519801,519805,4,9
516966,519781,519805,24,2815
519792,519803,519805,2,11
519792,519801,519805,4,9
519792,519803,519805,2,11
519792,519803,519805,2,11
519792,519802,519805,3,10
519792,519797,519805,8,5
519792,519802,519805,3,10
519792,519803,519806,3,11
519792,519803,519807,4,11
519792,519803,519806,3,11
519792,519803,519806,3,11
519792,519803,519806,3,11
519792,519803,519806,3,11
519792,519797,519807,10,5
519792,519803,519806,3,11
519792,519803,519807,4,11
516966,519777,519807,30,2811
519792,519802,519807,5,10
519792,519803,519807,4,11
519792,519804,519808,4,12
519792,519796,519807,11,4
519792,519803,519807,4,11
519792,519795,519807,12,3
519792,519803,519807,4,11
519792,519803,519808,5,11
519792,519803,519807,4,11
519792,519796,519808,12,4
519792,519804,519809,5,12
519792,519804,519808,4,12
519792,519804,519808,4,12
519792,519804,519808,4,12
519792,519803,519808,5,11
519792,519803,519808,5,11
519792,519803,519808,5,11
519792,519803,519808,5,11
519792,519803,519808,5,11
519792,519803,519808,5,11
519792,519803,519808,5,11
519792,519803,519809,6,11
519792,519796,519809,13,4
519792,519804,519809,5,12
519792,519795,519809,14,3
519792,519803,519809,6,11
519792,519803,519809,6,11
519792,519804,519810,6,12
519792,519804,519811,7,12
516966,519780,519810,30,2814
519792,519795,519810,15,3
519792,519795,519812,17,3
516966,519780,519811,31,2814
516966,519776,519812,36,2810
516966,519786,519813,27,2820
516966,519778,519813,35,2812
516966,519781,519813,32,2815
516966,519777,519814,37,2811
516966,519784,519814,30,2818
516966,519785,519816,31,2819
516966,519781,519817,36,2815
516966,519781,519816,35,2815
516966,519786,519819,33,2820
516966,519784,519820,36,2818
519816,519817,519820,3,1
519816,519817,519820,3,1
519816,519817,519820,3,1
516966,519788,519820,32,2822
519816,519817,519821,4,1
519816,519817,519822,5,1
519816,519817,519821,4,1
519816,519817,519821,4,1
519816,519817,519822,5,1
519816,519817,519821,4,1
519816,519817,519821,4,1
519816,519817,519821,4,1
519816,519817,519821,4,1
519816,519817,519823,6,1
519816,519817,519822,5,1
519816,519817,519822,5,1
519816,519821,519823,2,5
519816,519816,519822,6,0
519816,519817,519822,5,1
519816,519817,519822,5,1
519816,519821,519823,2,5
519816,519817,519822,5,1
519816,519817,519822,5,1
519816,519817,519822,5,1
519816,519817,519822,5,1
519816,519817,519822,5,1
519816,519817,519822,5,1
516966,519788,519824,36,2822
519816,519817,519823,6,1
519816,519817,519823,6,1
519816,519817,519824,7,1
519816,519817,519823,6,1
519816,519817,519823,6,1
519816,519817,519823,6,1
519816,519817,519823,6,1
519816,519817,519823,6,1
519816,519817,519823,6,1
519816,519817,519824,7,1
516966,519775,519823,48,2809
519816,519817,519823,6,1
519816,519817,519824,7,1
519816,519817,519824,7,1
519816,519822,519824,2,6
519816,519822,519824,2,6
519816,519822,519824,2,6
519816,519817,519823,6,1
519816,519822,519824,2,6
519816,519817,519824,7,1
519816,519817,519823,6,1
519816,519821,519823,2,5
519816,519817,519823,6,1
519816,519817,519823,6,1
516966,519791,519823,32,2825
519816,519817,519823,6,1
519816,519817,519823,6,1
516966,519776,519824,48,2810
519816,519817,519824,7,1
519816,519817,519824,7,1
519816,519817,519824,7,1
519816,519817,519825,8,1
519816,519817,519824,7,1
519816,519817,519825,8,1
519816,519817,519824,7,1
519816,519817,519824,7,1
519816,519822,519825,3,6
519816,519822,519825,3,6
519816,519817,519824,7,1
519816,519817,519825,8,1
519816,519817,519824,7,1
519816,519822,519825,3,6
519816,519822,519825,3,6
516966,519785,519825,40,2819
519816,519817,519825,8,1
519816,519817,519825,8,1
519816,519823,519826,3,7
519816,519823,519826,3,7
519816,519817,519826,9,1
519816,519823,519825,2,7
519816,519817,519825,8,1
519816,519817,519826,9,1
519816,519822,519825,3,6
519816,519817,519826,9,1
516966,519779,519826,47,2813
516966,519746,519826,80,2780
516966,519768,519826,58,2802
519816,519817,519826,9,1
519816,519817,519827,10,1
519816,519823,519826,3,7
519816,519823,519827,4,7
519816,519823,519826,3,7
519816,519823,519826,3,7
519816,519823,519826,3,7
516966,519786,519826,40,2820
519816,519823,519826,3,7
519816,519823,519827,4,7
519816,519823,519827,4,7
519816,519817,519827,10,1
519816,519817,519827,10,1
519816,519824,519827,3,8
519816,519824,519827,3,8
519816,519824,519828,4,8
519816,519823,519828,5,7
519816,519823,519827,4,7
519816,519823,519827,4,7
519816,519824,519828,4,8
519816,519824,519829,5,8
519816,519824,519829,5,8
519816,519824,519829,5,8
519816,519824,519828,4,8
519816,519824,519828,4,8
519816,519824,519828,4,8
519816,519824,519829,5,8
519816,519824,519828,4,8
519816,519824,519829,5,8
519816,519817,519829,12,1
519816,519824,519829,5,8
516966,519749,519829,80,2783
519816,519824,519828,4,8
519816,519824,519829,5,8
516966,519761,519829,68,2795
519816,519824,519829,5,8
519816,519824,519830,6,8
519816,519817,519830,13,1
519816,519824,519830,6,8
519816,519824,519829,5,8
519816,519824,519830,6,8
519816,519826,519830,4,10
519816,519817,519830,13,1
519816,519824,519830,6,8
516966,519792,519830,38,2826
516966,519747,519830,83,2781
516966,519771,519831,60,2805
519816,519817,519831,14,1
519816,519824,519830,6,8
519816,519826,519831,5,10
519816,519817,519831,14,1
516966,519779,519831,52,2813
516966,519793,519830,37,2827
519816,519824,519831,7,8
519816,519829,519831,2,13
519816,519829,519831,2,13
519816,519826,519831,5,10
519816,519826,519831,5,10
519816,519824,519831,7,8
516966,519793,519831,38,2827
516966,519792,519832,40,2826
516966,519791,519832,41,2825
519816,519817,519832,15,1
519816,519826,519832,6,10
519816,519817,519832,15,1
519816,519825,519832,7,9
519816,519825,519832,7,9
519816,519829,519832,3,13
519816,519829,519832,3,13
519816,519829,519831,2,13
519816,519829,519832,3,13
519816,519829,519831,2,13
519816,519826,519832,6,10
519816,519828,519832,4,12
519816,519827,519832,5,11
519816,519827,519832,5,11
519816,519828,519832,4,12
519816,519829,519832,3,13
519816,519829,519832,3,13
516966,519797,519833,36,2831
516966,519794,519833,39,2828
519816,519826,519832,6,10
519816,519829,519833,4,13
519816,519829,519833,4,13
519816,519825,519833,8,9
519816,519825,519833,8,9
519816,519827,519832,5,11
519816,519828,519833,5,12
519816,519831,519833,2,15
519816,519826,519833,7,10
519816,519826,519832,6,10
519816,519828,519833,5,12
519816,519827,519833,6,11
519816,519827,519833,6,11
519816,519825,519833,8,9
519816,519825,519833,8,9
519816,519827,519833,6,11
519816,519827,519833,6,11
519816,519831,519833,2,15
519816,519831,519833,2,15
516966,519767,519833,66,2801
519816,519828,519834,6,12
519816,519829,519834,5,13
519816,519830,519834,4,14
519816,519830,519833,3,14
519816,519827,519834,7,11
519816,519829,519834,5,13
519816,519827,519833,6,11
519816,519828,519834,6,12
519816,519829,519833,4,13
519816,519827,519833,6,11
519816,519831,519834,3,15
519816,519830,519834,4,14
519816,519830,519834,4,14
519816,519831,519834,3,15
519816,519831,519834,3,15
519816,519826,519834,8,10
519816,519830,519834,4,14
519816,519830,519834,4,14
519816,519831,519834,3,15
519816,519825,519834,9,9
519816,519830,519834,4,14
519816,519830,519834,4,14
519816,519831,519834,3,15
519816,519825,519835,10,9
519816,519828,519834,6,12
519816,519828,519834,6,12
519816,519832,519835,3,16
519816,519830,519835,5,14
519816,519825,519835,10,9
516966,519791,519835,44,2825
516966,519799,519835,36,2833
516966,519774,519835,61,2808
516966,519786,519836,50,2820
516966,519774,519836,62,2808
519816,519831,519836,5,15
519816,519831,519835,4,15
519816,519825,519836,11,9
519816,519825,519836,11,9
516966,519786,519836,50,2820
516966,519752,519837,85,2786
516966,519802,519837,35,2836
516966,519758,519837,79,2792
516966,519772,519837,65,2806
516966,519744,519837,93,2778
516966,519753,519838,85,2787
519816,519825,519838,13,9
519816,519825,519838,13,9
519816,519825,519838,13,9
519816,519825,519838,13,9
516966,519751,519839,88,2785
516966,519775,519840,65,2809
516966,519774,519841,67,2808
516966,519754,519842,88,2788
516966,519763,519842,79,2797
516966,519752,519844,92,2786
516966,519756,519845,89,2790
519843,519843,519846,3,0
519843,519843,519846,3,0
519843,519843,519846,3,0
516966,519753,519846,93,2787
519843,519843,519847,4,0
519843,519843,519847,4,0
519843,519843,519847,4,0
519843,519843,519847,4,0
519843,519843,519847,4,0
519843,519843,519848,5,0
516966,519773,519847,74,2807
516966,519806,519848,42,2840
519843,519843,519848,5,0
519843,519843,519848,5,0
516966,519760,519849,89,2794
519843,519843,519849,6,0
519843,519843,519849,6,0
519843,519843,519849,6,0
519843,519843,519849,6,0
519843,519843,519849,6,0
519843,519843,519849,6,0
519843,519843,519849,6,0
519843,519843,519849,6,0
516966,519806,519849,43,2840
519843,519843,519850,7,0
516966,519751,519850,99,2785
516966,519773,519850,77,2807
519843,519843,519850,7,0
519843,519843,519850,7,0
519843,519843,519850,7,0
519843,519843,519850,7,0
519843,519843,519850,7,0
519843,519843,519850,7,0
519843,519843,519850,7,0
519843,519843,519850,7,0
519843,519843,519851,8,0
519843,519843,519850,7,0
516966,519771,519851,80,2805
516966,519755,519851,96,2789
519843,519843,519851,8,0
519843,519843,519851,8,0
519843,519843,519851,8,0
519843,519843,519851,8,0
519843,519843,519851,8,0
519843,519843,519851,8,0
519843,519843,519851,8,0
519843,519843,519852,9,0
519843,519843,519851,8,0
519843,519843,519851,8,0
519843,519843,519851,8,0
519843,519843,519851,8,0
519843,519843,519851,8,0
519843,519843,519851,8,0
519843,519843,519851,8,0
519843,519844,519852,8,1
516966,519806,519852,46,2840
519843,519843,519853,10,0
519843,519843,519852,9,0
519843,519843,519852,9,0
519843,519847,519853,6,4
519843,519848,519852,4,5
519843,519848,519852,4,5
519843,519843,519852,9,0
519843,519848,519853,5,5
519843,519848,519852,4,5
519843,519847,519852,5,4
519843,519848,519853,5,5
519843,519843,519853,10,0
519843,519843,519852,9,0
519843,519843,519852,9,0
519843,519843,519852,9,0
516966,519748,519852,104,2782
519843,519843,519853,10,0
519843,519843,519853,10,0
519843,519843,519853,10,0
519843,519843,519853,10,0
519843,519843,519854,11,0
519843,519843,519853,10,0
519843,519843,519853,10,0
519843,519848,519853,5,5
519843,519849,519853,4,6
519843,519851,519853,2,8
519843,519850,519853,3,7
519843,519851,519853,2,8
519843,519851,519853,2,8
519843,519847,519853,6,4
519843,519850,519853,3,7
519843,519850,519854,4,7
519843,519851,519853,2,8
519843,519843,519853,10,0
519843,519851,519854,3,8
516966,519811,519854,43,2845
519843,519843,519854,11,0
519843,519849,519854,5,6
519843,519843,519855,12,0
519843,519850,519855,5,7
519843,519851,519854,3,8
519843,519852,519855,3,9
519843,519843,519854,11,0
519843,519850,519854,4,7
519843,519852,519855,3,9
519843,519843,519855,12,0
519843,519850,519854,4,7
519843,519852,519854,2,9
519843,519843,519855,12,0
519843,519852,519855,3,9
519843,519843,519854,11,0
519843,519851,519854,3,8
519843,519851,519854,3,8
519843,519852,519855,3,9
519843,519852,519855,3,9
519843,519852,519855,3,9
516966,519815,519856,41,2849
519843,519852,519855,3,9
519843,519852,519855,3,9
519843,519852,519855,3,9
519843,519843,519855,12,0
519843,519851,519855,4,8
519843,519853,519856,3,10
519843,519853,519856,3,10
519843,519852,519855,3,9
519843,519852,519855,3,9
519843,519852,519855,3,9
519843,519852,519856,4,9
519843,519853,519855,2,10
519843,519853,519856,3,10
519843,519843,519856,13,0
519843,519852,519856,4,9
519843,519853,519856,3,10
519843,519853,519856,3,10
519843,519850,519855,5,7
519843,519851,519855,4,8
516966,519759,519856,97,2793
516966,519760,519856,96,2794
519843,519851,519856,5,8
519843,519850,519856,6,7
519843,519853,519856,3,10
519843,519853,519857,4,10
519843,519853,519856,3,10
519843,519853,519857,4,10
519843,519854,519857,3,11
519843,519853,519857,4,10
519843,519854,519857,3,11
516966,519770,519857,87,2804
516966,519807,519858,51,2841
519843,519852,519857,5,9
519843,519854,519858,4,11
519843,519854,519858,4,11
519843,519854,519858,4,11
519843,519853,519857,4,10
519843,519854,519857,3,11
519843,519854,519858,4,11
519843,519854,519858,4,11
519843,519854,519858,4,11
519843,519853,519858,5,10
519843,519854,519858,4,11
519843,519854,519858,4,11
519843,519854,519858,4,11
519843,519854,519858,4,11
519843,519854,519858,4,11
519843,519853,519859,6,10
519843,519854,519859,5,11
519843,519854,519858,4,11
519843,519853,519859,6,10
519843,519854,519859,5,11
519843,519854,519859,5,11
519843,519843,519859,16,0
516966,519756,519859,103,2790
519843,519843,519859,16,0
516966,519814,519860,46,2848
519843,519855,519860,5,12
519843,519855,519860,5,12
519843,519854,519860,6,11
519843,519855,519860,5,12
516966,519758,519861,103,2792
519843,519855,519861,6,12
519843,519855,519860,5,12
519843,519855,519861,6,12
519843,519856,519861,5,13
519843,519856,519860,4,13
519843,519856,519861,5,13
519843,519855,519860,5,12
519843,519855,519861,6,12
519843,519855,519861,6,12
519843,519855,519861,6,12
519843,519857,519861,4,14
516966,519814,519861,47,2848
519843,519855,519861,6,12
519843,519855,519861,6,12
519843,519857,519862,5,14
519843,519855,519862,7,12
519843,519855,519861,6,12
519843,519855,519862,7,12
519843,519856,519862,6,13
519843,519857,519862,5,14
516966,519759,519862,103,2793
516966,519815,519863,48,2849
519843,519856,519863,7,13
519843,519856,519862,6,13
516966,519775,519863,88,2809
519843,519856,519863,7,13
519843,519856,519863,7,13
519843,519857,519863,6,14
519843,519857,519863,6,14
519843,519857,519863,6,14
519843,519855,519863,8,12
519843,519855,519863,8,12
519843,519856,519862,6,13
516966,519813,519863,50,2847
519843,519856,519863,7,13
516966,519767,519864,97,2801
519843,519856,519864,8,13
519843,519856,519864,8,13
519843,519855,519864,9,12
519843,519857,519864,7,14
516966,519817,519864,47,2851
519843,519857,519865,8,14
516966,519762,519865,103,2796
519843,519856,519865,9,13
519843,519856,519865,9,13
519843,519857,519865,8,14
519843,519855,519865,10,12
516966,519819,519865,46,2853
519843,519856,519866,10,13
519843,519856,519865,9,13
519843,519856,519865,9,13
519843,519855,519867,12,12
519843,519856,519867,11,13
516966,519759,519867,108,2793
519843,519856,519867,11,13
516966,519775,519868,93,2809
516966,519763,519869,106,2797
516966,519817,519869,52,2851
516966,519813,519870,57,2847
516985,519838,519869,31,2853
516966,519833,519870,37,2867
516966,519827,519870,43,2861
516985,519837,519871,34,2852
516966,519824,519873,49,2858
516966,519817,519873,56,2851
516966,519826,519873,47,2860
516966,519813,519876,63,2847
516966,519836,519876,40,2870
519873,519874,519876,2,1
519873,519873,519877,4,0
519873,519873,519877,4,0
519873,519874,519877,3,1
519873,519874,519877,3,1
519873,519873,519877,4,0
519873,519873,519877,4,0
519873,519873,519877,4,0
519873,519874,519877,3,1
519873,519874,519877,3,1
519873,519874,519877,3,1
519873,519874,519877,3,1
519873,519874,519878,4,1
519873,519873,519877,4,0
519873,519873,519877,4,0
519873,519873,519877,4,0
519873,519874,519877,3,1
519873,519874,519877,3,1
519873,519874,519877,3,1
519873,519873,519877,4,0
519873,519874,519877,3,1
519873,519874,519878,4,1
516966,519834,519877,43,2868
519873,519874,519879,5,1
519873,519874,519878,4,1
519873,519874,519878,4,1
519873,519874,519878,4,1
519873,519874,519878,4,1
519873,519874,519879,5,1
519873,519874,519878,4,1
519873,519873,519878,5,0
519873,519874,519878,4,1
519873,519874,519878,4,1
519873,519874,519878,4,1
519873,519874,519878,4,1
519873,519874,519879,5,1
519873,519874,519878,4,1
519873,519874,519879,5,1
519873,519874,519878,4,1
516966,519833,519879,46,2867
516966,519827,519878,51,2861
519873,519874,519879,5,1
519873,519874,519879,5,1
519873,519874,519879,5,1
519873,519874,519879,5,1
519873,519874,519879,5,1
519873,519874,519879,5,1
519873,519874,519879,5,1
519873,519873,519880,7,0
519873,519874,519879,5,1
519873,519874,519879,5,1
519873,519873,519879,6,0
519873,519874,519879,5,1
516966,519836,519879,43,2870
519873,519874,519880,6,1
519873,519874,519881,7,1
519873,519874,519880,6,1
519873,519874,519881,7,1
519873,519874,519880,6,1
519873,519874,519880,6,1
519873,519877,519881,4,4
519873,519873,519880,7,0
519873,519874,519880,6,1
519873,519874,519880,6,1
519873,519874,519881,7,1
519873,519874,519881,7,1
519873,519874,519880,6,1
519873,519874,519881,7,1
519873,519874,519880,6,1
516966,519821,519881,60,2855
516985,519838,519881,43,2853
516966,519827,519881,54,2861
519873,519878,519882,4,5
519873,519873,519882,9,0
519873,519874,519881,7,1
519873,519874,519881,7,1
519873,519873,519881,8,0
519873,519874,519881,7,1
516966,519821,519882,61,2855
519873,519878,519882,4,5
519873,519878,519882,4,5
519873,519878,519882,4,5
519873,519878,519882,4,5
519873,519878,519882,4,5
519873,519878,519883,5,5
519873,519874,519883,9,1
519873,519874,519883,9,1
519873,519874,519882,8,1
516985,519838,519882,44,2853
516966,519764,519883,119,2798
516966,519824,519883,59,2858
516966,519832,519883,51,2866
516966,519829,519883,54,2863
519873,519878,519884,6,5
519873,519878,519883,5,5
519873,519878,519883,5,5
519873,519878,519884,6,5
516966,519832,519884,52,2866
516966,519836,519883,47,2870
516966,519824,519884,60,2858
519873,519878,519884,6,5
519873,519878,519884,6,5
519873,519881,519884,3,8
519873,519879,519884,5,6
519873,519879,519884,5,6
519873,519882,519885,3,9
519873,519878,519884,6,5
519873,519878,519885,7,5
519873,519879,519885,6,6
519873,519883,519885,2,10
519873,519879,519885,6,6
519873,519880,519885,5,7
516966,519831,519885,54,2865
516966,519831,519886,55,2865
519873,519881,519885,4,8
519873,519882,519886,4,9
519873,519878,519885,7,5
519873,519878,519886,8,5
519873,519878,519885,7,5
519873,519879,519885,6,6
519873,519881,519886,5,8
519873,519881,519885,4,8
519873,519881,519886,5,8
519873,519882,519885,3,9
519873,519882,519885,3,9
519873,519880,519886,6,7
519873,519880,519885,5,7
519873,519883,519886,3,10
519873,519883,519886,3,10
519873,519883,519886,3,10
519873,519879,519886,7,6
519873,519879,519886,7,6
519873,519880,519886,6,7
519873,519880,519885,5,7
519873,519881,519886,5,8
519873,519883,519885,2,10
519873,519883,519886,3,10
519873,519878,519885,7,5
519873,519881,519886,5,8
519873,519882,519886,4,9
519873,519879,519885,6,6
519873,519881,519886,5,8
519873,519878,519886,8,5
519873,519879,519886,7,6
519873,519880,519885,5,7
516985,519841,519886,45,2856
516985,519839,519886,47,2854
516966,519836,519887,51,2870
519873,519879,519887,8,6
519873,519879,519887,8,6
519873,519881,519887,6,8
519873,519884,519887,3,11
519873,519880,519887,7,7
519873,519880,519887,7,7
519873,519883,519886,3,10
519873,519879,519887,8,6
519873,519881,519886,5,8
519873,519879,519887,8,6
519873,519881,519887,6,8
519873,519879,519887,8,6
519873,519884,519887,3,11
519873,519880,519888,8,7
519873,519882,519888,6,9
519873,519885,519888,3,12
519873,519885,519888,3,12
519873,519885,519888,3,12
519873,519885,519888,3,12
519873,519880,519887,7,7
519873,519881,519887,6,8
516966,519831,519888,57,2865
519873,519880,519888,8,7
519873,519881,519888,7,8
519873,519883,519888,5,10
519873,519883,519888,5,10
519873,519880,519888,8,7
519873,519881,519888,7,8
516966,519831,519888,57,2865
519873,519884,519889,5,11
519873,519885,519889,4,12
519873,519885,519889,4,12
519873,519879,519889,10,6
519873,519885,519889,4,12
519873,519886,519889,3,13
519873,519884,519889,5,11
519873,519879,519888,9,6
516985,519837,519889,52,2852
519873,519878,519888,10,5
519873,519881,519889,8,8
516966,519827,519890,63,2861
516966,519836,519890,54,2870
519873,519885,519889,4,12
519873,519885,519889,4,12
519873,519886,519890,4,13
519873,519886,519890,4,13
519873,519885,519890,5,12
519873,519886,519890,4,13
519873,519886,519890,4,13
519873,519886,519890,4,13
519873,519886,519890,4,13
519873,519886,519890,4,13
519873,519886,519890,4,13
519873,519886,519891,5,13
519873,519886,519891,5,13
519873,519886,519891,5,13
516966,519832,519891,59,2866
519873,519886,519891,5,13
519873,519886,519891,5,13
516985,519838,519891,53,2853
519873,519886,519891,5,13
519873,519886,519891,5,13
519873,519886,519891,5,13
519873,519885,519891,6,12
519873,519886,519891,5,13
516966,519831,519891,60,2865
519873,519886,519892,6,13
519873,519886,519892,6,13
519873,519886,519892,6,13
519873,519886,519892,6,13
519873,519885,519892,7,12
516985,519837,519893,56,2852
519873,519886,519893,7,13
519873,519886,519893,7,13
519873,519886,519893,7,13
519873,519886,519893,7,13
519873,519886,519894,8,13
519873,519887,519894,7,14
519873,519886,519894,8,13
519873,519886,519894,8,13
519873,519886,519894,8,13
519873,519886,519894,8,13
516966,519824,519895,71,2858
516985,519842,519896,54,2857
516985,519843,519899,56,2858
516985,519848,519900,52,2863
516985,519847,519902,55,2862
519899,519900,519904,4,1
516966,519830,519904,74,2864
519899,519899,519905,6,0
519899,519899,519905,6,0
519899,519899,519905,6,0
519899,519899,519905,6,0
519899,519899,519905,6,0
519899,519899,519905,6,0
519899,519900,519905,5,1
519899,519899,519905,6,0
519899,519899,519905,6,0
519899,519900,519905,5,1
519899,519900,519906,6,1
519899,519900,519906,6,1
519899,519900,519906,6,1
519899,519899,519906,7,0
519899,519899,519906,7,0
519899,519900,519906,6,1
519899,519899,519906,7,0
519899,519900,519906,6,1
519899,519900,519906,6,1
519899,519899,519906,7,0
519899,519899,519906,7,0
519899,519899,519906,7,0
519899,519899,519906,7,0
519899,519900,519906,6,1
519899,519900,519906,6,1
519899,519900,519906,6,1
519899,519899,519907,8,0
519899,519900,519907,7,1
519899,519900,519908,8,1
519899,519899,519907,8,0
519899,519899,519907,8,0
519899,519899,519907,8,0
519899,519899,519907,8,0
519899,519899,519907,8,0
519899,519899,519907,8,0
519899,519900,519907,7,1
519899,519899,519908,9,0
519899,519900,519908,8,1
519899,519899,519907,8,0
519899,519899,519907,8,0
519899,519905,519908,3,6
519899,519899,519908,9,0
519899,519899,519908,9,0
519899,519900,519908,8,1
519899,519899,519908,9,0
519899,519899,519908,9,0
519899,519899,519908,9,0
519899,519900,519908,8,1
519899,519906,519908,2,7
519899,519906,519908,2,7
519899,519906,519909,3,7
519899,519899,519908,9,0
519899,519900,519908,8,1
519899,519899,519908,9,0
519899,519900,519909,9,1
519899,519899,519909,10,0
519899,519900,519908,8,1
519899,519906,519909,3,7
519899,519906,519909,3,7
519899,519899,519908,9,0
519899,519900,519908,8,1
516985,519842,519909,67,2857
516985,519880,519908,28,2895
519899,519899,519909,10,0
519899,519900,519909,9,1
519899,519906,519909,3,7
519899,519899,519910,11,0
519899,519900,519909,9,1
519899,519906,519910,4,7
519899,519899,519910,11,0
519899,519899,519909,10,0
519899,519899,519909,10,0
519899,519899,519909,10,0
519899,519906,519910,4,7
519899,519899,519911,12,0
519899,519899,519911,12,0
519899,519906,519910,4,7
519899,519907,519910,3,8
519899,519908,519911,3,9
519899,519900,519910,10,1
519899,519899,519910,11,0
519899,519906,519910,4,7
516985,519881,519911,30,2896
516985,519848,519911,63,2863
519899,519908,519912,4,9
519899,519908,519911,3,9
519899,519899,519911,12,0
519899,519908,519911,3,9
519899,519906,519911,5,7
519899,519907,519911,4,8
519899,519907,519911,4,8
519899,519908,519911,3,9
519899,519908,519912,4,9
519899,519907,519912,5,8
519899,519907,519912,5,8
519899,519908,519912,4,9
519899,519907,519913,6,8
519899,519908,519913,5,9
519899,519908,519912,4,9
519899,519908,519913,5,9
519899,519899,519912,13,0
519899,519908,519912,4,9
519899,519907,519913,6,8
519899,519908,519913,5,9
519899,519906,519912,6,7
519899,519907,519913,6,8
519899,519907,519913,6,8
519899,519899,519912,13,0
519899,519908,519912,4,9
516985,519882,519913,31,2897
516985,519879,519913,34,2894
519899,519907,519914,7,8
519899,519907,519914,7,8
519899,519908,519914,6,9
519899,519899,519914,15,0
519899,519906,519913,7,7
519899,519907,519914,7,8
516985,519881,519915,34,2896
516985,519881,519914,33,2896
519899,519908,519915,7,9
519899,519909,519915,6,10
519899,519907,519914,7,8
519899,519908,519915,7,9
519899,519909,519916,7,10
519899,519911,519916,5,12
519899,519909,519915,6,10
519899,519909,519915,6,10
519899,519910,519916,6,11
519899,519909,519916,7,10
519899,519909,519916,7,10
519899,519910,519915,5,11
519899,519912,519916,4,13
519899,519909,519916,7,10
519899,519910,519916,6,11
519899,519909,519917,8,10
519899,519909,519917,8,10
519899,519913,519917,4,14
519899,519913,519917,4,14
519899,519913,519917,4,14
519899,519909,519917,8,10
519899,519911,519917,6,12
519899,519911,519917,6,12
519899,519911,519917,6,12
519899,519909,519917,8,10
519899,519909,519917,8,10
519899,519912,519917,5,13
519899,519912,519917,5,13
519899,519913,519917,4,14
516985,519845,519916,71,2860
519899,519910,519917,7,11
519899,519912,519917,5,13
519899,519912,519917,5,13
519899,519912,519917,5,13
516985,519851,519918,67,2866
519899,519909,519917,8,10
519899,519909,519918,9,10
519899,519911,519918,7,12
519899,519910,519917,7,11
519899,519912,519918,6,13
519899,519912,519918,6,13
519899,519913,519917,4,14
519899,519913,519918,5,14
519899,519913,519918,5,14
519899,519909,519918,9,10
519899,519910,519917,7,11
519899,519913,519918,5,14
519899,519915,519918,3,16
519899,519909,519918,9,10
519899,519913,519918,5,14
519899,519909,519917,8,10
519899,519913,519918,5,14
516985,519845,519918,73,2860
519899,519910,519918,8,11
519899,519911,519919,8,12
519899,519916,519919,3,17
519899,519910,519919,9,11
519899,519912,519919,7,13
519899,519916,519919,3,17
519899,519916,519919,3,17
519899,519911,519919,8,12
519899,519913,519919,6,14
519899,519916,519919,3,17
519899,519916,519919,3,17
519899,519911,519919,8,12
519899,519913,519919,6,14
519899,519915,519919,4,16
519899,519912,519920,8,13
519899,519912,519919,7,13
519899,519909,519920,11,10
519899,519914,519920,6,15
519899,519916,519920,4,17
519899,519910,519920,10,11
519899,519912,519919,7,13
519899,519916,519920,4,17
519899,519916,519920,4,17
519899,519911,519920,9,12
519899,519913,519920,7,14
519899,519909,519920,11,10
519899,519914,519920,6,15
519899,519915,519920,5,16
519899,519916,519920,4,17
516985,519849,519921,72,2864
516985,519884,519920,36,2899
519899,519910,519920,10,11
519899,519916,519921,5,17
519899,519914,519921,7,15
519899,519915,519921,6,16
516985,519879,519921,42,2894
516985,519884,519922,38,2899
516985,519889,519921,32,2904
519899,519917,519921,4,18
516985,519883,519922,39,2898
519899,519914,519922,8,15
516985,519869,519922,53,2884
516985,519884,519923,39,2899
519899,519914,519924,10,15
516985,519885,519923,38,2900
519899,519914,519924,10,15
519899,519916,519925,9,17
516985,519878,519925,47,2893
516985,519870,519926,56,2885
516985,519890,519926,36,2905
516985,519884,519927,43,2899
516985,519890,519927,37,2905
516985,519870,519927,57,2885
516985,519891,519930,39,2906
516985,519885,519929,44,2900
516985,519869,519931,62,2884
516985,519850,519932,82,2865
516985,519851,519932,81,2866
516985,519886,519933,47,2901
516985,519890,519933,43,2905
516985,519888,519933,45,2903
519930,519931,519935,4,1
519930,519931,519935,4,1
519930,519931,519935,4,1
519930,519931,519934,3,1
519930,519931,519935,4,1
519930,519931,519935,4,1
519930,519931,519936,5,1
519930,519931,519936,5,1
519930,519931,519935,4,1
519930,519931,519935,4,1
519930,519931,519936,5,1
516985,519886,519935,49,2901
516985,519871,519936,65,2886
519930,519931,519936,5,1
519930,519931,519936,5,1
519930,519931,519936,5,1
519930,519931,519936,5,1
516985,519892,519936,44,2907
519930,519931,519937,6,1
519930,519931,519937,6,1
519930,519931,519937,6,1
519930,519931,519938,7,1
519930,519931,519937,6,1
519930,519931,519938,7,1
519930,519931,519938,7,1
519930,519931,519937,6,1
519930,519931,519937,6,1
519930,519931,519938,7,1
519930,519931,519938,7,1
519930,519931,519938,7,1
519930,519931,519939,8,1
519930,519931,519938,7,1
519930,519931,519938,7,1
519930,519931,519938,7,1
519930,519931,519938,7,1
519930,519931,519938,7,1
519930,519931,519939,8,1
516985,519892,519938,46,2907
516985,519893,519939,46,2908
516985,519851,519938,87,2866
519930,519931,519940,9,1
519930,519931,519939,8,1
519930,519931,519939,8,1
519930,519931,519940,9,1
519930,519931,519939,8,1
519930,519931,519939,8,1
519930,519931,519939,8,1
519930,519931,519940,9,1
519930,519931,519939,8,1
519930,519936,519940,4,6
519930,519931,519939,8,1
519930,519931,519939,8,1
519930,519931,519939,8,1
516985,519902,519940,38,2917
516985,519869,519940,71,2884
516985,519901,519940,39,2916
516985,519851,519940,89,2866
516985,519876,519941,65,2891
516985,519871,519940,69,2886
519930,519931,519940,9,1
519930,519931,519941,10,1
519930,519931,519940,9,1
519930,519935,519941,6,5
519930,519937,519941,4,7
519930,519931,519940,9,1
519930,519931,519940,9,1
519930,519935,519941,6,5
519930,519936,519940,4,6
519930,519937,519941,4,7
519930,519931,519941,10,1
519930,519931,519940,9,1
516985,519883,519941,58,2898
516985,519896,519941,45,2911
519930,519931,519941,10,1
519930,519931,519942,11,1
519930,519931,519941,10,1
519930,519931,519941,10,1
519930,519937,519942,5,7
519930,519931,519942,11,1
519930,519931,519942,11,1
519930,519931,519941,10,1
519930,519931,519941,10,1
519930,519935,519941,6,5
519930,519936,519942,6,6
519930,519938,519942,4,8
519930,519938,519942,4,8
519930,519935,519941,6,5
519930,519936,519941,5,6
519930,519937,519941,4,7
519930,519936,519942,6,6
519930,519931,519941,10,1
519930,519936,519941,5,6
519930,519931,519942,11,1
519930,519931,519942,11,1
519930,519931,519941,10,1
516985,519857,519942,85,2872
516985,519876,519942,66,2891
519930,519938,519943,5,8
519930,519931,519943,12,1
519930,519931,519943,12,1
519930,519940,519943,3,10
519930,519940,519943,3,10
519930,519939,519943,4,9
519930,519940,519943,3,10
519930,519931,519942,11,1
519930,519937,519943,6,7
519930,519937,519943,6,7
516985,519905,519944,39,2920
519930,519936,519944,8,6
519930,519938,519944,6,8
519930,519938,519944,6,8
519930,519940,519943,3,10
519930,519931,519944,13,1
519930,519938,519943,5,8
519930,519939,519944,5,9
519930,519941,519944,3,11
519930,519931,519943,12,1
519930,519940,519943,3,10
519930,519940,519944,4,10
519930,519938,519943,5,8
519930,519940,519944,4,10
519930,519938,519944,6,8
519930,519939,519944,5,9
519930,519940,519944,4,10
519930,519941,519944,3,11
519930,519941,519944,3,11
519930,519941,519944,3,11
519930,519941,519945,4,11
519930,519941,519945,4,11
519930,519931,519945,14,1
519930,519939,519945,6,9
519930,519939,519945,6,9
519930,519940,519944,4,10
519930,519939,519945,6,9
516985,519857,519945,88,2872
516985,519896,519945,49,2911
519930,519942,519946,4,12
519930,519939,519945,6,9
519930,519941,519946,5,11
519930,519941,519946,5,11
519930,519941,519946,5,11
519930,519941,519946,5,11
519930,519931,519946,15,1
519930,519940,519946,6,10
519930,519942,519946,4,12
519930,519940,519945,5,10
519930,519940,519945,5,10
519930,519942,519946,4,12
519930,519939,519946,7,9
516985,519855,519947,92,2870
519930,519942,519947,5,12
519930,519942,519947,5,12
519930,519942,519947,5,12
519930,519942,519946,4,12
516985,519858,519947,89,2873
519930,519942,519947,5,12
519930,519942,519947,5,12
519930,519942,519947,5,12
519930,519940,519947,7,10
516985,519856,519947,91,2871
519930,519942,519948,6,12
519930,519943,519948,5,13
519930,519943,519948,5,13
519930,519941,519948,7,11
519930,519942,519948,6,12
519930,519942,519948,6,12
519930,519942,519948,6,12
516985,519864,519949,85,2879
516985,519900,519949,49,2915
519930,519943,519949,6,13
519930,519943,519949,6,13
519930,519943,519949,6,13
519930,519942,519950,8,12
519930,519942,519949,7,12
519930,519942,519949,7,12
519930,519942,519949,7,12
519930,519941,519949,8,11
519930,519942,519949,7,12
519930,519942,519949,7,12
516985,519871,519949,78,2886
516985,519886,519950,64,2901
519930,519945,519950,5,15
519930,519942,519950,8,12
519930,519943,519950,7,13
519930,519943,519950,7,13
519930,519943,519950,7,13
516985,519911,519950,39,2926
519930,519942,519950,8,12
516985,519909,519950,41,2924
516985,519852,519951,99,2867
519930,519945,519951,6,15
519930,519945,519951,6,15
519930,519945,519951,6,15
519930,519939,519951,12,9
519930,519945,519952,7,15
519930,519943,519951,8,13
519930,519945,519952,7,15
519930,519946,519952,6,16
519930,519944,519952,8,14
519930,519944,519952,8,14
519930,519945,519952,7,15
519930,519947,519952,5,17
519930,519945,519952,7,15
519930,519945,519952,7,15
519930,519946,519952,6,16
519930,519944,519952,8,14
516985,519883,519952,69,2898
516985,519853,519953,100,2868
519930,519945,519953,8,15
519930,519946,519953,7,16
519930,519946,519953,7,16
519930,519946,519953,7,16
519930,519944,519953,9,14
519930,519944,519954,10,14
519930,519947,519954,7,17
519930,519944,519953,9,14
519930,519945,519954,9,15
516985,519865,519954,89,2880
516985,519909,519954,45,2924
519930,519944,519954,10,14
519930,519947,519954,7,17
519930,519944,519954,10,14
519930,519944,519954,10,14
519930,519944,519954,10,14
519930,519944,519954,10,14
519930,519945,519954,9,15
516985,519860,519954,94,2875
519930,519944,519955,11,14
519930,519946,519955,9,16
519930,519946,519955,9,16
519930,519946,519955,9,16
519930,519944,519955,11,14
519930,519944,519956,12,14
519930,519946,519956,10,16
516985,519866,519958,92,2881
516985,519860,519958,98,2875
516985,519858,519960,102,2873
516985,519864,519961,97,2879
516985,519914,519961,47,2929
516985,519868,519962,94,2883
516985,519861,519964,103,2876
516985,519863,519964,101,2878
516985,519887,519965,78,2902
516985,519863,519965,102,2878
516985,519865,519965,100,2880
519962,519962,519966,4,0
519962,519962,519966,4,0
519962,519962,519966,4,0
519962,519962,519966,4,0
519962,519962,519966,4,0
519962,519962,519966,4,0
516985,519915,519966,51,2930
519962,519962,519966,4,0
519962,519962,519966,4,0
519962,519962,519967,5,0
519962,519962,519967,5,0
519962,519962,519967,5,0
519962,519962,519967,5,0
519962,519962,519967,5,0
519962,519962,519967,5,0
519962,519962,519967,5,0
519962,519962,519967,5,0
519962,519962,519967,5,0
519962,519962,519966,4,0
519962,519962,519967,5,0
519962,519962,519967,5,0
519962,519962,519968,6,0
519962,519962,519968,6,0
519962,519962,519967,5,0
519962,519962,519967,5,0
519962,519962,519968,6,0
519962,519962,519968,6,0
519962,519962,519968,6,0
519962,519962,519967,5,0
519962,519962,519967,5,0
519962,519962,519968,6,0
519962,519962,519968,6,0
516985,519874,519968,94,2889
519962,519962,519968,6,0
519962,519962,519969,7,0
519962,519962,519969,7,0
519962,519962,519969,7,0
519962,519962,519969,7,0
519962,519962,519969,7,0
519962,519962,519968,6,0
519962,519962,519969,7,0
519962,519962,519969,7,0
519962,519962,519969,7,0
519962,519962,519969,7,0
519962,519962,519969,7,0
519962,519962,519969,7,0
519962,519962,519969,7,0
516985,519914,519970,56,2929
516985,519921,519970,49,2936
519962,519962,519970,8,0
519962,519962,519969,7,0
519962,519962,519969,7,0
519962,519962,519969,7,0
519962,519962,519970,8,0
519962,519962,519970,8,0
519962,519962,519969,7,0
519962,519962,519969,7,0
519962,519962,519970,8,0
519962,519962,519970,8,0
519962,519962,519970,8,0
519962,519962,519969,7,0
519962,519962,519970,8,0
519962,519962,519970,8,0
516985,519921,519971,50,2936
519962,519966,519971,5,4
519962,519962,519971,9,0
519962,519962,519971,9,0
519962,519962,519971,9,0
519962,519962,519971,9,0
519962,519962,519971,9,0
519962,519962,519971,9,0
519962,519966,519972,6,4
519962,519966,519972,6,4
519962,519966,519972,6,4
519962,519966,519972,6,4
519962,519962,519972,10,0
519962,519962,519972,10,0
519962,519962,519972,10,0
519962,519962,519972,10,0
519962,519962,519972,10,0
516985,519919,519972,53,2934
516985,519917,519973,56,2932
516985,519912,519973,61,2927
516985,519922,519973,51,2937
519962,519967,519973,6,5
519962,519967,519973,6,5
519962,519967,519973,6,5
519962,519962,519973,11,0
519962,519962,519973,11,0
516985,519863,519974,111,2878
516985,519922,519974,52,2937
516985,519922,519974,52,2937
516985,519862,519974,112,2877
519962,519967,519974,7,5
519962,519967,519974,7,5
519962,519967,519974,7,5
519962,519967,519974,7,5
519962,519966,519974,8,4
519962,519967,519974,7,5
519962,519967,519974,7,5
519962,519968,519974,6,6
516985,519874,519975,101,2889
519962,519967,519975,8,5
519962,519967,519975,8,5
519962,519967,519975,8,5
519962,519967,519975,8,5
519962,519968,519975,7,6
519962,519969,519975,6,7
519962,519969,519976,7,7
519962,519968,519976,8,6
519962,519970,519976,6,8
519962,519970,519976,6,8
519962,519970,519976,6,8
519962,519970,519976,6,8
519962,519969,519976,7,7
519962,519969,519976,7,7
519962,519969,519976,7,7
519962,519969,519977,8,7
519962,519971,519976,5,9
519962,519971,519976,5,9
519962,519971,519976,5,9
519962,519971,519976,5,9
519962,519973,519977,4,11
517097,519942,519976,34,2845
519962,519967,519976,9,5
519962,519971,519976,5,9
519962,519969,519976,7,7
516985,519915,519977,62,2930
516985,519923,519977,54,2938
519962,519974,519977,3,12
519962,519974,519977,3,12
519962,519974,519978,4,12
519962,519972,519977,5,10
519962,519973,519977,4,11
519962,519975,519978,3,13
519962,519975,519978,3,13
519962,519969,519978,9,7
519962,519970,519978,8,8
519962,519969,519978,9,7
519962,519972,519977,5,10
519962,519972,519977,5,10
519962,519972,519977,5,10
519962,519973,519977,4,11
519962,519971,519977,6,9
519962,519971,519977,6,9
519962,519971,519977,6,9
519962,519971,519977,6,9
519962,519975,519978,3,13
519962,519968,519979,11,6
519962,519970,519978,8,8
519962,519970,519978,8,8
519962,519972,519978,6,10
519962,519974,519979,5,12
519962,519969,519978,9,7
519962,519969,519979,10,7
519962,519973,519979,6,11
519962,519974,519979,5,12
519962,519973,519978,5,11
519962,519975,519978,3,13
519962,519975,519978,3,13
519962,519975,519978,3,13
519962,519975,519979,4,13
519962,519976,519978,2,14
519962,519976,519978,2,14
519962,519973,519978,5,11
519962,519976,519979,3,14
519962,519968,519979,11,6
519962,519973,519979,6,11
519962,519972,519978,6,10
519962,519968,519978,10,6
519962,519969,519979,10,7
519962,519970,519979,9,8
519962,519970,519978,8,8
519962,519973,519978,5,11
519962,519973,519978,5,11
519962,519975,519979,4,13
519962,519976,519980,4,14
519962,519976,519979,3,14
519962,519968,519979,11,6
519962,519969,519980,11,7
519962,519977,519980,3,15
519962,519968,519981,13,6
519962,519968,519980,12,6
519962,519977,519981,4,15
519962,519977,519981,4,15
519962,519976,519980,4,14
519962,519976,519981,5,14
516985,519937,519981,44,2952
519962,519977,519981,4,15
519962,519977,519982,5,15
519962,519977,519982,5,15
519962,519977,519982,5,15
519962,519977,519981,4,15
519962,519977,519981,4,15
519962,519977,519982,5,15
519962,519977,519982,5,15
516985,519924,519981,57,2939
516985,519874,519982,108,2889
516985,519927,519983,56,2942
516985,519941,519982,41,2956
519962,519977,519982,5,15
519962,519978,519982,4,16
519962,519978,519982,4,16
519962,519978,519983,5,16
519962,519978,519982,4,16
519962,519977,519982,5,15
519962,519977,519982,5,15
519962,519977,519982,5,15
519962,519977,519983,6,15
516985,519941,519983,42,2956
519962,519977,519983,6,15
519962,519978,519984,6,16
516985,519928,519983,55,2943
519962,519978,519983,5,16
516985,519940,519984,44,2955
519962,519978,519985,7,16
516985,519922,519985,63,2937
519962,519978,519986,8,16
519962,519978,519985,7,16
519962,519978,519986,8,16
519962,519978,519986,8,16
516985,519933,519986,53,2948
516985,519939,519986,47,2954
516985,519924,519986,62,2939
516985,519942,519986,44,2957
519962,519978,519986,8,16
519962,519978,519987,9,16
519962,519978,519987,9,16
519962,519978,519986,8,16
516985,519930,519987,57,2945
516985,519937,519987,50,2952
519962,519978,519988,10,16
516985,519926,519987,61,2941
516985,519932,519988,56,2947
517097,519944,519989,45,2847
516985,519940,519989,49,2955
516985,519933,519990,57,2948
516985,519941,519990,49,2956
517097,519942,519992,50,2845
517097,519946,519993,47,2849
516985,519932,519993,61,2947
516985,519930,519992,62,2945
516985,519932,519992,60,2947
517097,519947,519994,47,2850
516985,519936,519994,58,2951
516985,519928,519995,67,2943
517097,519943,519996,53,2846
516985,519941,519996,55,2956
517097,519946,519996,50,2849
516985,519918,519997,79,2933
516985,519939,519997,58,2954
516985,519927,519998,71,2942
519993,519993,519999,6,0
519993,519993,519999,6,0
519993,519993,519999,6,0
519993,519993,519999,6,0
516985,519934,519999,65,2949
519993,519993,520000,7,0
519993,519993,520000,7,0
519993,519993,520000,7,0
519993,519993,519999,6,0
519993,519993,519999,6,0
519993,519993,520000,7,0
519993,519993,520000,7,0
519993,519993,520000,7,0
519993,519993,519999,6,0
519993,519993,520000,7,0
519993,519993,520000,7,0
519993,519993,520000,7,0
519993,519993,520000,7,0
519993,519993,520000,7,0
519993,519993,520000,7,0
519993,519993,520000,7,0
519993,519993,520000,7,0
519993,519993,520001,8,0
519993,519993,520001,8,0
519993,519993,520001,8,0
519993,519993,520001,8,0
519993,519993,520000,7,0
519993,519993,520001,8,0
519993,519993,520001,8,0
519993,519993,520001,8,0
519993,519993,520000,7,0
519993,519993,520001,8,0
519993,519993,520001,8,0
519993,519993,520001,8,0
519993,519993,520001,8,0
519993,519993,520001,8,0
519993,519993,520001,8,0
519993,519993,520000,7,0
519993,519993,520001,8,0
519993,519993,520001,8,0
519993,519993,520002,9,0
519993,519993,520002,9,0
519993,519993,520002,9,0
519993,519993,520002,9,0
519993,519993,520003,10,0
519993,519993,520002,9,0
519993,519993,520002,9,0
519993,519993,520002,9,0
519993,519993,520003,10,0
519993,519993,520002,9,0
519993,519999,520002,3,6
519993,519993,520002,9,0
519993,519993,520003,10,0
519993,519993,520003,10,0
519993,519993,520003,10,0
519993,519993,520003,10,0
519993,519993,520003,10,0
519993,519993,520003,10,0
519993,519999,520003,4,6
519993,519999,520003,4,6
519993,519993,520003,10,0
519993,519993,520003,10,0
519993,519993,520004,11,0
519993,520001,520004,3,8
519993,519999,520004,5,6
519993,519993,520004,11,0
519993,519993,520004,11,0
519993,519993,520004,11,0
519993,519993,520004,11,0
519993,519993,520005,12,0
519993,520001,520004,3,8
519993,520001,520004,3,8
519993,519993,520005,12,0
519993,520001,520004,3,8
519993,520001,520004,3,8
519993,520001,520004,3,8
519993,520000,520004,4,7
519993,520001,520005,4,8
519993,520001,520004,3,8
517097,519948,520005,57,2851
519993,519993,520005,12,0
519993,520001,520005,4,8
519993,520001,520005,4,8
519993,520001,520005,4,8
519993,520001,520005,4,8
519993,519993,520006,13,0
519993,520002,520005,3,9
519993,520002,520005,3,9
519993,520000,520005,5,7
519993,520000,520005,5,7
519993,520000,520005,5,7
519993,520001,520006,5,8
516985,519939,520005,66,2954
516985,519927,520006,79,2942
519993,520001,520006,5,8
519993,520002,520006,4,9
519993,520002,520007,5,9
519993,520002,520007,5,9
519993,519993,520006,13,0
519993,520002,520006,4,9
517097,519948,520007,59,2851
519993,519993,520007,14,0
519993,519993,520007,14,0
519993,519993,520007,14,0
519993,520002,520007,5,9
519993,520002,520007,5,9
519993,519993,520007,14,0
519993,520002,520007,5,9
519993,520002,520007,5,9
519993,520002,520008,6,9
519993,520002,520007,5,9
517097,519949,520008,59,2852
519993,520002,520009,7,9
517097,519949,520008,59,2852
519993,520002,520008,6,9
519993,520003,520008,5,10
519993,520002,520008,6,9
519993,520002,520008,6,9
519993,520002,520008,6,9
519993,520002,520009,7,9
519993,520002,520009,7,9
519993,520004,520009,5,11
519993,520003,520009,6,10
519993,520003,520009,6,10
519993,520003,520009,6,10
519993,520002,520010,8,9
517097,519951,520010,59,2854
519993,520004,520010,6,11
519993,520003,520010,7,10
519993,520003,520011,8,10
519993,520004,520011,7,11
519993,520005,520011,6,12
519993,520005,520011,6,12
519993,520005,520010,5,12
519993,520003,520010,7,10
519993,520004,520010,6,11
519993,520005,520011,6,12
517097,519950,520011,61,2853
519993,520004,520011,7,11
519993,520004,520012,8,11
519993,520006,520012,6,13
519993,520004,520012,8,11
519993,520004,520011,7,11
519993,520004,520011,7,11
519993,520004,520011,7,11
519993,520003,520012,9,10
519993,520004,520011,7,11
519993,520006,520012,6,13
519993,520005,520012,7,12
519993,520005,520012,7,12
517097,519951,520011,60,2854
517097,519987,520012,25,2890
517097,519950,520012,62,2853
519993,520005,520012,7,12
519993,520005,520013,8,12
519993,520006,520013,7,13
519993,520004,520012,8,11
519993,520007,520013,6,14
519993,520004,520013,9,11
519993,520006,520013,7,13
519993,520007,520013,6,14
519993,520007,520013,6,14
519993,520006,520012,6,13
519993,520008,520013,5,15
519993,520008,520014,6,15
519993,520005,520014,9,12
519993,520007,520014,7,14
519993,520008,520014,6,15
519993,520006,520013,7,13
519993,520006,520013,7,13
519993,520006,520014,8,13
519993,520007,520014,7,14
519993,520003,520013,10,10
519993,520005,520013,8,12
519993,520006,520013,7,13
519993,520008,520014,6,15
519993,520009,520014,5,16
519993,520007,520013,6,14
519993,520009,520013,4,16
519993,520005,520014,9,12
519993,520010,520014,4,17
519993,520010,520015,5,17
519993,520011,520014,3,18
519993,520008,520014,6,15
519993,520005,520015,10,12
519993,520006,520014,8,13
519993,520006,520014,8,13
519993,520011,520015,4,18
519993,520006,520015,9,13
519993,520009,520014,5,16
519993,520010,520014,4,17
519993,520011,520015,4,18
519993,520011,520015,4,18
519993,520008,520015,7,15
519993,520008,520014,6,15
519993,520008,520015,7,15
519993,520010,520015,5,17
519993,520008,520015,7,15
519993,520009,520015,6,16
519993,520009,520015,6,16
519993,520009,520015,6,16
519993,520010,520016,6,17
519993,520005,520015,10,12
519993,520008,520015,7,15
519993,520011,520015,4,18
519993,520011,520016,5,18
519993,520010,520015,5,17
519993,520011,520015,4,18
519993,520011,520016,5,18
519993,520011,520016,5,18
517097,519951,520017,66,2854
519993,520005,520017,12,12
519993,520010,520017,7,17
517097,519988,520018,30,2891
517097,519953,520019,66,2856
517097,519987,520019,32,2890
517097,519988,520021,33,2891
517097,519986,520021,35,2889
517097,519987,520022,35,2890
517097,519987,520023,36,2890
517097,519985,520024,39,2888
517097,519989,520024,35,2892
520023,520023,520026,3,0
520023,520023,520027,4,0
520023,520023,520026,3,0
517097,519990,520028,38,2893
520023,520023,520028,5,0
520023,520023,520028,5,0
520023,520023,520028,5,0
520023,520023,520028,5,0
520023,520023,520028,5,0
520023,520023,520028,5,0
520023,520023,520028,5,0
520023,520023,520028,5,0
520023,520023,520027,4,0
517097,519992,520028,36,2895
517097,519995,520029,34,2898
520023,520023,520029,6,0
520023,520023,520029,6,0
520023,520023,520029,6,0
520023,520023,520029,6,0
520023,520023,520029,6,0
520023,520023,520029,6,0
520023,520023,520029,6,0
520023,520023,520029,6,0
520023,520023,520029,6,0
517097,519953,520029,76,2856
517097,519977,520029,52,2880
517097,519993,520029,36,2896
517097,519993,520029,36,2896
517097,519996,520030,34,2899
517097,519986,520029,43,2889
520023,520023,520030,7,0
520023,520023,520030,7,0
520023,520023,520030,7,0
520023,520023,520030,7,0
520023,520023,520030,7,0
520023,520023,520030,7,0
520023,520023,520030,7,0
520023,520023,520031,8,0
520023,520023,520031,8,0
520023,520023,520031,8,0
520023,520023,520031,8,0
520023,520023,520031,8,0
520023,520023,520031,8,0
520023,520023,520031,8,0
520023,520023,520031,8,0
520023,520023,520031,8,0
520023,520023,520031,8,0
517097,519954,520031,77,2857
517097,519993,520032,39,2896
520023,520023,520032,9,0
520023,520023,520032,9,0
520023,520023,520032,9,0
520023,520023,520033,10,0
520023,520023,520032,9,0
520023,520023,520033,10,0
520023,520023,520032,9,0
517097,519997,520033,36,2900
520023,520023,520033,10,0
520023,520023,520033,10,0
517097,519984,520033,49,2887
517097,519993,520032,39,2896
520023,520023,520033,10,0
520023,520026,520033,7,3
520023,520023,520033,10,0
520023,520023,520033,10,0
520023,520023,520033,10,0
520023,520023,520033,10,0
520023,520023,520033,10,0
520023,520023,520034,11,0
520023,520023,520034,11,0
520023,520023,520034,11,0
520023,520028,520035,7,5
520023,520029,520034,5,6
520023,520023,520034,11,0
520023,520023,520034,11,0
520023,520027,520034,7,4
520023,520028,520034,6,5
520023,520029,520034,5,6
517097,519977,520034,57,2880
520023,520023,520035,12,0
520023,520023,520035,12,0
520023,520023,520035,12,0
520023,520023,520035,12,0
520023,520023,520035,12,0
520023,520023,520035,12,0
520023,520032,520035,3,9
520023,520023,520035,12,0
520023,520023,520035,12,0
520023,520023,520035,12,0
520023,520023,520035,12,0
520023,520027,520035,8,4
520023,520032,520036,4,9
520023,520028,520035,7,5
520023,520029,520036,7,6
517097,519961,520036,75,2864
520023,520028,520036,8,5
520023,520028,520036,8,5
520023,520033,520036,3,10
520023,520023,520036,13,0
520023,520029,520036,7,6
520023,520029,520036,7,6
520023,520028,520036,8,5
520023,520032,520036,4,9
520023,520033,520036,3,10
520023,520028,520036,8,5
520023,520031,520036,5,8
520023,520031,520037,6,8
520023,520033,520036,3,10
520023,520030,520037,7,7
520023,520032,520036,4,9
520023,520023,520036,13,0
520023,520030,520037,7,7
520023,520023,520037,14,0
520023,520030,520036,6,7
517097,519999,520037,38,2902
520023,520028,520037,9,5
520023,520031,520037,6,8
520023,520031,520037,6,8
520023,520033,520037,4,10
520023,520029,520037,8,6
520023,520023,520037,14,0
520023,520030,520037,7,7
520023,520032,520038,6,9
520023,520033,520037,4,10
520023,520033,520038,5,10
517097,519998,520038,40,2901
517097,519997,520039,42,2900
520023,520031,520038,7,8
520023,520031,520038,7,8
520023,520035,520039,4,12
520023,520035,520038,3,12
520023,520035,520038,3,12
520023,520035,520038,3,12
517097,519954,520038,84,2857
520023,520032,520038,6,9
520023,520031,520039,8,8
520023,520032,520039,7,9
520023,520033,520038,5,10
520023,520034,520039,5,11
520023,520034,520038,4,11
520023,520031,520038,7,8
520023,520035,520039,4,12
520023,520035,520039,4,12
520023,520036,520039,3,13
520023,520036,520040,4,13
520023,520034,520040,6,11
520023,520035,520039,4,12
520023,520036,520039,3,13
520023,520036,520040,4,13
520023,520034,520039,5,11
520023,520034,520040,6,11
520023,520035,520039,4,12
520023,520036,520039,3,13
520023,520031,520039,8,8
520023,520031,520039,8,8
517097,519998,520039,41,2901
520023,520034,520039,5,11
520023,520034,520040,6,11
520023,520035,520040,5,12
520023,520035,520041,6,12
520023,520036,520040,4,13
520023,520036,520040,4,13
520023,520036,520040,4,13
520023,520036,520041,5,13
520023,520034,520041,7,11
520023,520037,520041,4,14
517097,519999,520041,42,2902
520023,520036,520042,6,13
517097,519962,520042,80,2865
520023,520037,520042,5,14
520023,520037,520042,5,14
520023,520037,520043,6,14
520023,520036,520043,7,13
520023,520037,520043,6,14
520023,520037,520043,6,14
520023,520037,520042,5,14
517097,520005,520043,38,2908
520023,520038,520043,5,15
520023,520037,520043,6,14
520023,520037,520043,6,14
520023,520037,520044,7,14
520023,520036,520043,7,13
520023,520037,520044,7,14
520023,520037,520044,7,14
520023,520036,520044,8,13
520023,520037,520044,7,14
520023,520037,520044,7,14
520023,520036,520043,7,13
520023,520037,520044,7,14
517097,519990,520044,54,2893
520023,520038,520044,6,15
520023,520037,520044,7,14
520023,520037,520045,8,14
520023,520036,520044,8,13
520023,520037,520045,8,14
520023,520038,520045,7,15
520023,520038,520045,7,15
520023,520037,520045,8,14
520023,520038,520046,8,15
520023,520039,520046,7,16
520023,520039,520045,6,16
517097,519989,520046,57,2892
520023,520039,520047,8,16
520023,520038,520047,9,15
520023,520038,520046,8,15
520023,520039,520047,8,16
520023,520038,520047,9,15
520023,520038,520047,9,15
520023,520039,520047,8,16
520023,520039,520047,8,16
520023,520039,520047,8,16
520023,520040,520048,8,17
520023,520040,520048,8,17
520023,520040,520048,8,17
517097,519958,520048,90,2861
520023,520039,520047,8,16
520023,520039,520048,9,16
520023,520039,520048,9,16
520023,520039,520048,9,16
520023,520039,520048,9,16
517097,520009,520049,40,2912
517097,519977,520049,72,2880
520023,520040,520050,10,17
520023,520039,520050,11,16
520023,520040,520050,10,17
517097,520006,520050,44,2909
520023,520040,520050,10,17
520023,520038,520050,12,15
517097,519981,520051,70,2884
517097,519955,520051,96,2858
520023,520040,520051,11,17
517097,519976,520052,76,2879
517097,519990,520052,62,2893
517097,519995,520052,57,2898
517097,519965,520052,87,2868
517097,520009,520052,43,2912
517097,519959,520053,94,2862
517097,520007,520054,47,2910
517097,520010,520055,45,2913
520023,520034,520055,21,11
517097,519975,520055,80,2878
517097,519966,520055,89,2869
517097,519996,520056,60,2899
517097,520012,520058,46,2915
517097,519966,520060,94,2869
517097,519984,520060,76,2887
517097,520006,520061,55,2909
517097,520011,520061,50,2914
517097,520012,520064,52,2915
517097,519962,520064,102,2865
520060,520060,520065,5,0
520060,520060,520065,5,0
520060,520060,520065,5,0
520060,520060,520065,5,0
520060,520060,520065,5,0
517097,519967,520066,99,2870
520060,520060,520066,6,0
520060,520060,520066,6,0
520060,520060,520066,6,0
520060,520060,520066,6,0
520060,520060,520066,6,0
520060,520060,520066,6,0
520060,520060,520066,6,0
520060,520060,520066,6,0
520060,520060,520066,6,0
520060,520060,520066,6,0
520060,520060,520066,6,0
520060,520060,520066,6,0
517097,519970,520066,96,2873
517097,519963,520067,104,2866
520060,520060,520067,7,0
520060,520060,520067,7,0
520060,520060,520067,7,0
520060,520060,520067,7,0
520060,520060,520067,7,0
520060,520060,520067,7,0
520060,520060,520067,7,0
520060,520060,520067,7,0
520060,520060,520067,7,0
520060,520060,520067,7,0
520060,520060,520067,7,0
520060,520060,520067,7,0
520060,520060,520067,7,0
520060,520060,520067,7,0
520060,520060,520067,7,0
517097,520012,520067,55,2915
517097,519965,520068,103,2868
517097,520025,520068,43,2928
520060,520060,520068,8,0
520060,520060,520068,8,0
520060,520060,520068,8,0
520060,520060,520068,8,0
520060,520060,520068,8,0
520060,520060,520068,8,0
520060,520060,520068,8,0
520060,520060,520068,8,0
517097,519969,520069,100,2872
520060,520060,520069,9,0
520060,520060,520069,9,0
520060,520060,520069,9,0
520060,520060,520069,9,0
520060,520060,520069,9,0
520060,520060,520070,10,0
520060,520060,520070,10,0
520060,520060,520070,10,0
520060,520060,520070,10,0
520060,520060,520070,10,0
520060,520060,520070,10,0
520060,520060,520070,10,0
520060,520060,520070,10,0
517097,520017,520070,53,2920
520060,520060,520071,11,0
520060,520060,520070,10,0
520060,520060,520070,10,0
520060,520060,520070,10,0
520060,520060,520070,10,0
520060,520060,520070,10,0
520060,520060,520070,10,0
520060,520060,520070,10,0
520060,520065,520070,5,5
520060,520060,520070,10,0
520060,520060,520070,10,0
520060,520060,520070,10,0
517097,519973,520071,98,2876
520060,520065,520071,6,5
520060,520065,520071,6,5
520060,520067,520072,5,7
520060,520065,520071,6,5
520060,520066,520072,6,6
520060,520067,520072,5,7
520060,520060,520072,12,0
520060,520060,520071,11,0
520060,520060,520071,11,0
520060,520060,520071,11,0
520060,520060,520071,11,0
517097,520019,520072,53,2922
520060,520067,520072,5,7
520060,520067,520072,5,7
520060,520067,520072,5,7
520060,520067,520073,6,7
520060,520067,520072,5,7
520060,520067,520073,6,7
520060,520060,520072,12,0
520060,520060,520073,13,0
520060,520060,520072,12,0
517097,519973,520074,101,2876
517097,519966,520073,107,2869
520060,520067,520073,6,7
520060,520067,520073,6,7
520060,520067,520073,6,7
520060,520067,520073,6,7
520060,520068,520074,6,8
520060,520068,520074,6,8
520060,520068,520075,7,8
517097,519971,520074,103,2874
517097,520028,520074,46,2931
520060,520068,520075,7,8
520060,520068,520075,7,8
517097,519973,520076,103,2876
520060,520068,520075,7,8
520060,520068,520075,7,8
520060,520068,520075,7,8
520060,520068,520077,9,8
520060,520069,520077,8,9
520060,520069,520077,8,9
520060,520068,520076,8,8
520060,520069,520077,8,9
517097,519983,520077,94,2886
517097,519974,520078,104,2877
517097,519982,520078,96,2885
520060,520073,520077,4,13
520060,520073,520077,4,13
520060,520072,520078,6,12
520060,520073,520077,4,13
520060,520073,520077,4,13
520060,520068,520077,9,8
520060,520069,520078,9,9
520060,520069,520078,9,9
520060,520072,520078,6,12
520060,520071,520077,6,11
520060,520073,520077,4,13
520060,520073,520077,4,13
520060,520072,520077,5,12
520060,520071,520078,7,11
520060,520072,520078,6,12
520060,520069,520079,10,9
520060,520069,520078,9,9
520060,520069,520079,10,9
520060,520071,520079,8,11
520060,520072,520078,6,12
520060,520072,520078,6,12
520060,520074,520079,5,14
520060,520068,520079,11,8
520060,520071,520079,8,11
520060,520073,520079,6,13
520060,520073,520078,5,13
517097,519975,520079,104,2878
520060,520070,520079,9,10
520060,520071,520079,8,11
520060,520071,520079,8,11
520060,520071,520078,7,11
517097,520028,520080,52,2931
517097,520019,520079,60,2922
520060,520071,520079,8,11
520060,520071,520080,9,11
520060,520072,520080,8,12
520060,520073,520079,6,13
520060,520072,520080,8,12
520060,520074,520079,5,14
520060,520075,520080,5,15
520060,520070,520080,10,10
520060,520070,520080,10,10
520060,520072,520079,7,12
520060,520074,520079,5,14
520060,520076,520080,4,16
520060,520074,520080,6,14
520060,520076,520080,4,16
520060,520076,520080,4,16
520060,520070,520079,9,10
520060,520071,520080,9,11
517097,519974,520079,105,2877
520060,520071,520080,9,11
520060,520071,520079,8,11
520060,520071,520080,9,11
520060,520071,520080,9,11
517097,520030,520080,50,2933
520060,520071,520081,10,11
520060,520071,520080,9,11
520060,520072,520081,9,12
520060,520070,520081,11,10
520060,520072,520080,8,12
520060,520070,520081,11,10
520060,520070,520081,11,10
520060,520075,520081,6,15
520060,520068,520081,13,8
520060,520068,520081,13,8
520060,520070,520080,10,10
520060,520075,520081,6,15
517097,520030,520082,52,2933
520060,520078,520081,3,18
520060,520078,520081,3,18
520060,520078,520081,3,18
520060,520078,520082,4,18
520060,520078,520081,3,18
520060,520077,520081,4,17
520060,520078,520082,4,18
520060,520068,520081,13,8
517097,520029,520082,53,2932
520060,520075,520082,7,15
520060,520077,520082,5,17
520060,520077,520082,5,17
520060,520075,520083,8,15
520060,520077,520083,6,17
520060,520070,520082,12,10
520060,520077,520083,6,17
520060,520078,520083,5,18
520060,520078,520083,5,18
520060,520078,520083,5,18
520060,520078,520083,5,18
517097,520021,520083,62,2924
517097,520019,520084,65,2922
517097,520024,520083,59,2927
520060,520079,520084,5,19
520060,520078,520083,5,18
520060,520078,520084,6,18
520060,520078,520084,6,18
520060,520079,520084,5,19
520060,520079,520084,5,19
520060,520078,520084,6,18
520060,520078,520085,7,18
517097,519983,520085,102,2886
520060,520079,520086,7,19
520060,520079,520086,7,19
517097,519983,520087,104,2886
517097,520022,520086,64,2925
520060,520079,520087,8,19
520060,520079,520087,8,19
520060,520079,520087,8,19
520060,520079,520088,9,19
520060,520079,520088,9,19
520060,520079,520088,9,19
517097,519973,520088,115,2876
517097,520024,520092,68,2927
517097,519970,520091,121,2873
517097,520032,520092,60,2935
517097,520030,520094,64,2933
517211,520053,520095,42,2842
517097,520030,520094,64,2933
517097,520052,520095,43,2955
517097,520023,520095,72,2926
517211,520053,520095,42,2842
517211,520052,520096,44,2841
517097,520033,520097,64,2936
517211,520055,520097,42,2844
517211,520055,520097,42,2844
517097,520032,520098,66,2935
517097,520039,520098,59,2942
517097,520048,520097,49,2951
517097,520038,520098,60,2941
517097,520035,520098,63,2938
517097,520034,520098,64,2937
517097,520042,520099,57,2945
517097,520040,520099,59,2943
517097,520051,520100,49,2954
520094,520094,520099,5,0
520094,520094,520099,5,0
520094,520094,520100,6,0
520094,520094,520099,5,0
517097,520052,520100,48,2955
517097,520034,520101,67,2937
520094,520094,520100,6,0
520094,520094,520101,7,0
517097,520050,520100,50,2953
520094,520094,520102,8,0
520094,520094,520101,7,0
520094,520094,520101,7,0
520094,520094,520101,7,0
520094,520094,520101,7,0
520094,520094,520102,8,0
520094,520094,520102,8,0
520094,520094,520101,7,0
517097,520043,520102,59,2946
517097,520036,520103,67,2939
520094,520094,520102,8,0
520094,520094,520103,9,0
520094,520094,520103,9,0
520094,520094,520103,9,0
520094,520094,520102,8,0
520094,520094,520102,8,0
520094,520094,520103,9,0
520094,520094,520103,9,0
520094,520094,520102,8,0
520094,520094,520103,9,0
520094,520094,520103,9,0
520094,520094,520103,9,0
520094,520094,520103,9,0
520094,520094,520103,9,0
520094,520094,520104,10,0
520094,520094,520104,10,0
520094,520094,520104,10,0
520094,520094,520104,10,0
520094,520094,520104,10,0
520094,520094,520104,10,0
520094,520094,520103,9,0
520094,520094,520104,10,0
520094,520094,520103,9,0
520094,520094,520104,10,0
520094,520094,520104,10,0
520094,520100,520104,4,6
520094,520094,520104,10,0
520094,520094,520104,10,0
520094,520094,520104,10,0
520094,520094,520104,10,0
520094,520100,520104,4,6
517097,520049,520104,55,2952
517097,520039,520104,65,2942
520094,520094,520105,11,0
520094,520094,520104,10,0
520094,520094,520105,11,0
520094,520094,520105,11,0
520094,520094,520105,11,0
520094,520094,520105,11,0
520094,520094,520105,11,0
520094,520094,520105,11,0
520094,520094,520105,11,0
520094,520101,520105,4,7
520094,520094,520105,11,0
520094,520100,520105,5,6
520094,520100,520105,5,6
520094,520094,520106,12,0
520094,520094,520106,12,0
520094,520094,520106,12,0
520094,520094,520106,12,0
520094,520094,520106,12,0
520094,520094,520106,12,0
520094,520094,520106,12,0
520094,520094,520106,12,0
520094,520094,520106,12,0
520094,520101,520106,5,7
520094,520094,520106,12,0
520094,520094,520107,13,0
520094,520094,520106,12,0
517097,520052,520107,55,2955
520094,520094,520107,13,0
520094,520094,520107,13,0
520094,520094,520106,12,0
520094,520102,520107,5,8
520094,520103,520107,4,9
520094,520102,520107,5,8
520094,520103,520107,4,9
520094,520103,520107,4,9
520094,520094,520107,13,0
520094,520102,520107,5,8
520094,520103,520107,4,9
520094,520103,520107,4,9
520094,520094,520107,13,0
517097,520047,520108,61,2950
520094,520094,520108,14,0
520094,520104,520108,4,10
520094,520102,520108,6,8
520094,520102,520108,6,8
520094,520103,520108,5,9
520094,520103,520108,5,9
520094,520103,520108,5,9
517211,520061,520108,47,2850
517097,520042,520109,67,2945
517097,520045,520109,64,2948
520094,520094,520109,15,0
520094,520104,520109,5,10
520094,520104,520110,6,10
520094,520104,520109,5,10
520094,520103,520109,6,9
520094,520104,520109,5,10
520094,520102,520109,7,8
520094,520103,520110,7,9
520094,520103,520110,7,9
520094,520104,520110,6,10
517097,520052,520110,58,2955
520094,520104,520111,7,10
520094,520103,520110,7,9
520094,520103,520110,7,9
517211,520057,520110,53,2846
520094,520102,520110,8,8
520094,520104,520111,7,10
520094,520104,520110,6,10
520094,520106,520111,5,12
520094,520106,520111,5,12
520094,520106,520110,4,12
520094,520103,520110,7,9
520094,520104,520111,7,10
520094,520104,520111,7,10
520094,520105,520111,6,11
520094,520105,520111,6,11
520094,520104,520111,7,10
520094,520104,520111,7,10
520094,520104,520111,7,10
520094,520106,520111,5,12
520094,520104,520112,8,10
517211,520053,520112,59,2842
520094,520106,520112,6,12
520094,520106,520113,7,12
520094,520106,520113,7,12
520094,520106,520112,6,12
517097,520030,520113,83,2933
520094,520105,520113,8,11
520094,520105,520113,8,11
520094,520105,520114,9,11
520094,520105,520113,8,11
520094,520102,520114,12,8
520094,520106,520113,7,12
520094,520106,520113,7,12
520094,520106,520113,7,12
517211,520056,520113,57,2845
520094,520107,520114,7,13
520094,520106,520115,9,12
520094,520107,520114,7,13
520094,520107,520115,8,13
520094,520108,520115,7,14
520094,520108,520115,7,14
520094,520107,520116,9,13
520094,520108,520117,9,14
520094,520107,520117,10,13
520094,520107,520117,10,13
520094,520107,520116,9,13
517097,520030,520116,86,2933
520094,520107,520116,9,13
520094,520108,520118,10,14
520094,520111,520118,7,17
520094,520108,520117,9,14
520094,520109,520117,8,15
520094,520108,520117,9,14
520094,520112,520117,5,18
520094,520112,520117,5,18
520094,520112,520118,6,18
520094,520108,520117,9,14
520094,520107,520117,10,13
520094,520108,520118,10,14
520094,520112,520118,6,18
520094,520113,520118,5,19
520094,520113,520118,5,19
520094,520114,520119,5,20
517211,520061,520118,57,2850
520094,520112,520118,6,18
520094,520112,520118,6,18
520094,520112,520118,6,18
520094,520114,520119,5,20
520094,520108,520118,10,14
520094,520111,520119,8,17
520094,520111,520119,8,17
520094,520111,520119,8,17
520094,520111,520119,8,17
520094,520109,520118,9,15
520094,520110,520118,8,16
520094,520110,520119,9,16
520094,520110,520118,8,16
520094,520110,520119,9,16
520094,520113,520119,6,19
517211,520098,520119,21,2887
520094,520110,520120,10,16
520094,520110,520120,10,16
520094,520110,520119,9,16
520094,520111,520119,8,17
520094,520114,520119,5,20
520094,520114,520119,5,20
520094,520111,520120,9,17
520094,520111,520120,9,17
520094,520112,520120,8,18
520094,520111,520120,9,17
520094,520111,520120,9,17
520094,520113,520119,6,19
520094,520110,520120,10,16
520094,520108,520121,13,14
520094,520110,520120,10,16
520094,520111,520120,9,17
520094,520110,520121,11,16
517211,520059,520120,61,2848
520094,520109,520121,12,15
520094,520109,520120,11,15
520094,520109,520120,11,15
520094,520108,520122,14,14
520094,520109,520122,13,15
517211,520099,520122,23,2888
517211,520055,520122,67,2844
520094,520109,520122,13,15
517211,520061,520122,61,2850
520094,520107,520123,16,13
517211,520062,520123,61,2851
520094,520108,520123,15,14
517211,520098,520124,26,2887
517211,520065,520125,60,2854
520094,520108,520125,17,14
517097,520038,520127,89,2941
517211,520098,520127,29,2887
517211,520099,520129,30,2888
517211,520097,520130,33,2886
517211,520099,520131,32,2888
517211,520101,520131,30,2890
517211,520096,520132,36,2885
517211,520099,520133,34,2888
517211,520098,520134,36,2887
520132,520132,520136,4,0
520132,520132,520136,4,0
520132,520132,520136,4,0
520132,520132,520136,4,0
520132,520132,520136,4,0
520132,520132,520136,4,0
520132,520132,520136,4,0
517211,520097,520137,40,2886
520132,520132,520136,4,0
517211,520103,520136,33,2892
517211,520101,520137,36,2890
520132,520132,520137,5,0
520132,520132,520138,6,0
520132,520132,520138,6,0
520132,520132,520138,6,0
520132,520132,520138,6,0
520132,520132,520137,5,0
520132,520132,520138,6,0
520132,520132,520138,6,0
520132,520132,520139,7,0
517211,520109,520139,30,2898
520132,520132,520139,7,0
520132,520132,520139,7,0
517211,520108,520139,31,2897
520132,520132,520139,7,0
520132,520132,520139,7,0
520132,520132,520140,8,0
520132,520132,520139,7,0
520132,520132,520140,8,0
520132,520132,520140,8,0
520132,520132,520140,8,0
517211,520065,520140,75,2854
520132,520132,520140,8,0
520132,520132,520141,9,0
520132,520132,520140,8,0
520132,520132,520141,9,0
520132,520132,520141,9,0
520132,520132,520140,8,0
520132,520132,520141,9,0
520132,520132,520141,9,0
520132,520132,520141,9,0
520132,520132,520141,9,0
520132,520132,520141,9,0
517211,520101,520140,39,2890
517211,520066,520140,74,2855
517211,520103,520142,39,2892
520132,520132,520141,9,0
520132,520132,520142,10,0
520132,520132,520142,10,0
520132,520132,520142,10,0
520132,520132,520142,10,0
520132,520132,520141,9,0
520132,520132,520141,9,0
520132,520132,520142,10,0
520132,520132,520143,11,0
520132,520132,520143,11,0
520132,520132,520143,11,0
520132,520132,520143,11,0
520132,520132,520143,11,0
520132,520132,520143,11,0
520132,520132,520143,11,0
520132,520132,520142,10,0
520132,520132,520143,11,0
520132,520132,520143,11,0
520132,520132,520144,12,0
517211,520110,520144,34,2899
517211,520109,520144,35,2898
520132,520136,520145,9,4
520132,520132,520144,12,0
520132,520132,520145,13,0
520132,520132,520145,13,0
520132,520132,520145,13,0
520132,520136,520146,10,4
520132,520132,520146,14,0
520132,520132,520146,14,0
520132,520132,520146,14,0
520132,520132,520146,14,0
520132,520132,520146,14,0
520132,520132,520146,14,0
517211,520095,520147,52,2884
520132,520140,520147,7,8
520132,520136,520147,11,4
520132,520137,520147,10,5
520132,520138,520147,9,6
520132,520139,520147,8,7
520132,520139,520147,8,7
520132,520140,520147,7,8
520132,520142,520147,5,10
520132,520132,520147,15,0
520132,520142,520147,5,10
517211,520067,520147,80,2856
520132,520142,520147,5,10
520132,520132,520147,15,0
520132,520142,520147,5,10
517211,520100,520148,48,2889
520132,520137,520148,11,5
520132,520138,520148,10,6
520132,520142,520148,6,10
520132,520136,520148,12,4
520132,520139,520148,9,7
520132,520137,520148,11,5
520132,520140,520148,8,8
520132,520143,520148,5,11
520132,520143,520148,5,11
520132,520132,520148,16,0
520132,520142,520148,6,10
520132,520142,520148,6,10
520132,520143,520148,5,11
520132,520132,520148,16,0
520132,520140,520148,8,8
520132,520143,520148,5,11
520132,520138,520149,11,6
520132,520138,520149,11,6
520132,520141,520149,8,9
520132,520141,520149,8,9
520132,520141,520149,8,9
520132,520138,520149,11,6
520132,520140,520149,9,8
520132,520140,520149,9,8
520132,520143,520149,6,11
520132,520142,520149,7,10
520132,520143,520149,6,11
520132,520143,520149,6,11
520132,520140,520150,10,8
520132,520143,520149,6,11
520132,520143,520149,6,11
520132,520139,520149,10,7
520132,520141,520150,9,9
520132,520141,520150,9,9
520132,520138,520150,12,6
520132,520147,520151,4,15
520132,520147,520150,3,15
520132,520138,520150,12,6
520132,520141,520150,9,9
520132,520140,520150,10,8
520132,520141,520150,9,9
520132,520141,520150,9,9
520132,520141,520150,9,9
517211,520111,520151,40,2900
517211,520109,520151,42,2898
520132,520145,520151,6,13
520132,520147,520151,4,15
520132,520137,520151,14,5
520132,520147,520151,4,15
520132,520147,520151,4,15
520132,520147,520151,4,15
520132,520147,520151,4,15
520132,520132,520151,19,0
520132,520141,520151,10,9
520132,520147,520152,5,15
520132,520147,520152,5,15
520132,520132,520152,20,0
520132,520143,520151,8,11
520132,520147,520152,5,15
520132,520147,520152,5,15
520132,520144,520152,8,12
520132,520145,520152,7,13
520132,520147,520153,6,15
517211,520113,520152,39,2902
520132,520146,520153,7,14
520132,520146,520153,7,14
520132,520147,520154,7,15
517211,520113,520154,41,2902
520132,520149,520154,5,17
520132,520149,520154,5,17
520132,520150,520154,4,18
520132,520147,520154,7,15
520132,520146,520154,8,14
520132,520145,520154,9,13
520132,520145,520154,9,13
520132,520148,520154,6,16
517211,520092,520155,63,2881
520132,520148,520155,7,16
520132,520148,520155,7,16
520132,520149,520155,6,17
520132,520149,520155,6,17
520132,520150,520155,5,18
520132,520147,520155,8,15
520132,520149,520155,6,17
517211,520107,520155,48,2896
520132,520148,520155,7,16
520132,520148,520155,7,16
517211,520068,520156,88,2857
517211,520087,520156,69,2876
520132,520148,520156,8,16
520132,520149,520157,8,17
520132,520149,520156,7,17
520132,520149,520156,7,17
520132,520149,520156,7,17
520132,520150,520156,6,18
520132,520150,520157,7,18
520132,520149,520156,7,17
520132,520150,520157,7,18
520132,520149,520157,8,17
520132,520149,520158,9,17
520132,520150,520158,8,18
520132,520149,520159,10,17
520132,520149,520159,10,17
517211,520071,520159,88,2860
520132,520150,520159,9,18
520132,520149,520159,10,17
520132,520150,520160,10,18
520132,520150,520161,11,18
520132,520150,520161,11,18
517211,520105,520160,55,2894
517211,520068,520161,93,2857
520132,520151,520161,10,19
520132,520151,520161,10,19
520132,520151,520161,10,19
520132,520150,520162,12,18
520132,520151,520162,11,19
520132,520150,520161,11,18
517211,520070,520161,91,2859
520132,520152,520162,10,20
520132,520152,520162,10,20
520132,520151,520162,11,19
520132,520151,520162,11,19
520132,520151,520163,12,19
517211,520089,520163,74,2878
517211,520075,520163,88,2864
517211,520075,520163,88,2864
520132,520152,520163,11,20
520132,520151,520163,12,19
517211,520100,520163,63,2889
517211,520067,520164,97,2856
520132,520152,520165,13,20
520132,520151,520165,14,19
520132,520150,520165,15,18
517211,520119,520165,46,2908
517211,520071,520165,94,2860
520132,520151,520166,15,19
520132,520151,520166,15,19
517211,520121,520167,46,2910
520132,520150,520167,17,18
517211,520105,520168,63,2894
517211,520117,520169,52,2906
517211,520074,520168,94,2863
517211,520081,520169,88,2870
517211,520095,520169,74,2884
517211,520079,520169,90,2868
517211,520100,520170,70,2889
517211,520119,520169,50,2908
517211,520123,520171,48,2912
517211,520114,520171,57,2903
517211,520087,520171,84,2876
517211,520123,520171,48,2912
517211,520068,520173,105,2857
517211,520074,520175,101,2863
517211,520078,520175,97,2867
517211,520086,520175,89,2875
517211,520084,520177,93,2873
517211,520080,520177,97,2869
520174,520174,520178,4,0
520174,520174,520179,5,0
517211,520080,520179,99,2869
517211,520082,520180,98,2871
520174,520174,520180,6,0
520174,520174,520179,5,0
520174,520174,520179,5,0
520174,520174,520179,5,0
520174,520174,520179,5,0
517211,520128,520180,52,2917
517211,520123,520180,57,2912
517211,520073,520180,107,2862
520174,520174,520180,6,0
520174,520174,520180,6,0
520174,520174,520180,6,0
520174,520174,520180,6,0
520174,520174,520180,6,0
517211,520077,520181,104,2866
517211,520123,520181,58,2912
520174,520174,520181,7,0
520174,520174,520181,7,0
520174,520174,520181,7,0
520174,520174,520181,7,0
520174,520174,520181,7,0
520174,520174,520182,8,0
520174,520174,520181,7,0
520174,520174,520182,8,0
520174,520174,520182,8,0
520174,520174,520181,7,0
520174,520174,520182,8,0
520174,520174,520181,7,0
520174,520174,520181,7,0
520174,520174,520181,7,0
517211,520137,520182,45,2926
517211,520084,520183,99,2873
520174,520174,520183,9,0
520174,520174,520182,8,0
520174,520174,520182,8,0
520174,520174,520182,8,0
520174,520174,520182,8,0
520174,520174,520182,8,0
520174,520174,520183,9,0
520174,520174,520183,9,0
520174,520174,520183,9,0
520174,520174,520183,9,0
520174,520174,520183,9,0
517211,520134,520183,49,2923
520174,520174,520183,9,0
520174,520174,520183,9,0
520174,520174,520184,10,0
520174,520174,520183,9,0
520174,520179,520184,5,5
520174,520174,520183,9,0
520174,520174,520184,10,0
520174,520174,520184,10,0
520174,520174,520184,10,0
520174,520174,520183,9,0
520174,520174,520183,9,0
520174,520174,520184,10,0
517211,520131,520183,52,2920
520174,520174,520185,11,0
520174,520179,520184,5,5
520174,520174,520184,10,0
520174,520174,520184,10,0
520174,520174,520184,10,0
520174,520174,520185,11,0
520174,520174,520185,11,0
520174,520174,520185,11,0
520174,520174,520185,11,0
517211,520130,520185,55,2919
520174,520180,520186,6,6
520174,520180,520186,6,6
520174,520180,520186,6,6
520174,520174,520186,12,0
520174,520174,520186,12,0
520174,520174,520185,11,0
520174,520180,520186,6,6
517211,520082,520186,104,2871
520174,520174,520186,12,0
520174,520174,520186,12,0
520174,520174,520186,12,0
520174,520174,520185,11,0
520174,520174,520185,11,0
520174,520174,520185,11,0
517211,520127,520186,59,2916
520174,520174,520187,13,0
520174,520174,520187,13,0
520174,520174,520187,13,0
517211,520084,520187,103,2873
517211,520125,520187,62,2914
520174,520182,520188,6,8
520174,520182,520188,6,8
520174,520181,520188,7,7
520174,520182,520187,5,8
520174,520182,520187,5,8
520174,520174,520188,14,0
520174,520181,520188,7,7
520174,520182,520187,5,8
520174,520174,520187,13,0
520174,520182,520188,6,8
517211,520078,520188,110,2867
517211,520125,520188,63,2914
520174,520181,520189,8,7
520174,520182,520189,7,8
517211,520132,520189,57,2921
520174,520180,520189,9,6
520174,520181,520189,8,7
520174,520182,520189,7,8
520174,520182,520189,7,8
517211,520080,520189,109,2869
520174,520174,520190,16,0
520174,520182,520190,8,8
520174,520181,520190,9,7
517211,520129,520190,61,2918
517211,520137,520191,54,2926
520174,520182,520191,9,8
520174,520182,520191,9,8
517211,520093,520191,98,2882
517211,520139,520192,53,2928
520174,520182,520192,10,8
520174,520174,520192,18,0
520174,520182,520192,10,8
517211,520133,520193,60,2922
520174,520189,520193,4,15
520174,520186,520193,7,12
520174,520184,520193,9,10
520174,520185,520193,8,11
520174,520186,520193,7,12
520174,520188,520193,5,14
520174,520188,520193,5,14
520174,520189,520193,4,15
517211,520076,520193,117,2865
520174,520185,520194,9,11
520174,520186,520194,8,12
520174,520188,520194,6,14
520174,520186,520193,7,12
520174,520183,520194,11,9
520174,520189,520194,5,15
520174,520190,520194,4,16
520174,520189,520194,5,15
520174,520190,520194,4,16
520174,520187,520194,7,13
520174,520188,520194,6,14
520174,520188,520194,6,14
520174,520189,520194,5,15
520174,520189,520194,5,15
520174,520191,520194,3,17
520174,520183,520195,12,9
520174,520186,520195,9,12
520174,520186,520195,9,12
520174,520185,520195,10,11
520174,520185,520194,9,11
520174,520184,520195,11,10
520174,520185,520195,10,11
520174,520188,520195,7,14
520174,520186,520195,9,12
520174,520185,520195,10,11
520174,520186,520195,9,12
520174,520186,520195,9,12
520174,520187,520195,8,13
520174,520185,520195,10,11
520174,520186,520195,9,12
520174,520186,520195,9,12
520174,520187,520195,8,13
520174,520185,520195,10,11
520174,520186,520195,9,12
517211,520132,520195,63,2921
520174,520188,520196,8,14
520174,520184,520196,12,10
520174,520183,520196,13,9
520174,520183,520196,13,9
520174,520185,520196,11,11
520174,520188,520195,7,14
520174,520184,520196,12,10
520174,520186,520196,10,12
520174,520192,520196,4,18
520174,520192,520196,4,18
520174,520184,520196,12,10
517211,520138,520196,58,2927
520174,520183,520197,14,9
520174,520188,520197,9,14
520174,520188,520197,9,14
520174,520183,520197,14,9
520174,520183,520197,14,9
520174,520192,520197,5,18
520174,520184,520198,14,10
520174,520184,520198,14,10
520174,520184,520198,14,10
520174,520195,520199,4,21
520174,520183,520198,15,9
520174,520184,520199,15,10
520174,520184,520198,14,10
520174,520194,520199,5,20
520174,520193,520199,6,19
520174,520194,520199,5,20
520174,520194,520199,5,20
520174,520195,520199,4,21
520174,520195,520200,5,21
520174,520195,520200,5,21
520174,520193,520199,6,19
520174,520195,520200,5,21
520174,520195,520200,5,21
520174,520195,520199,4,21
517211,520095,520200,105,2884
520174,520183,520199,16,9
520174,520193,520200,7,19
520174,520193,520200,7,19
520174,520193,520201,8,19
520174,520194,520200,6,20
520174,520184,520200,16,10
520174,520195,520200,5,21
520174,520183,520200,17,9
517211,520141,520201,60,2930
520174,520195,520201,6,21
520174,520195,520201,6,21
520174,520196,520201,5,22
520174,520193,520201,8,19
520174,520193,520201,8,19
520174,520184,520202,18,10
520174,520195,520201,6,21
517211,520095,520201,106,2884
520174,520196,520202,6,22
520174,520193,520202,9,19
520174,520193,520203,10,19
520174,520195,520202,7,21
520174,520195,520203,8,21
517211,520140,520202,62,2929
520174,520194,520202,8,20
517211,520092,520202,110,2881
520174,520195,520203,8,21
520174,520195,520203,8,21
517211,520147,520204,57,2936
517261,520169,520204,35,2908
517211,520095,520204,109,2884
517211,520145,520204,59,2934
520174,520183,520207,24,9
517211,520139,520207,68,2928
517261,520170,520208,38,2909
520174,520195,520209,14,21
517261,520170,520209,39,2909
517261,520169,520209,40,2908
517211,520144,520210,66,2933
517211,520142,520211,69,2931
517211,520155,520213,58,2944
517211,520159,520213,54,2948
517211,520162,520213,51,2951
517211,520166,520213,47,2955
517261,520170,520214,44,2909
517211,520162,520215,53,2951
517211,520163,520214,51,2952
517211,520153,520214,61,2942
517211,520148,520214,66,2937
517211,520148,520214,66,2937
517211,520157,520215,58,2946
517211,520166,520215,49,2955
517211,520164,520216,52,2953
517261,520170,520217,47,2909
517261,520171,520219,48,2910
517211,520154,520220,66,2943
520214,520214,520220,6,0
520214,520214,520220,6,0
520214,520214,520220,6,0
517211,520164,520220,56,2953
520214,520214,520221,7,0
520214,520214,520221,7,0
517261,520172,520221,49,2911
520214,520214,520222,8,0
520214,520214,520223,9,0
520214,520214,520222,8,0
520214,520214,520222,8,0
520214,520214,520222,8,0
520214,520214,520223,9,0
520214,520214,520222,8,0
517211,520168,520222,54,2957
520214,520214,520223,9,0
520214,520214,520223,9,0
520214,520214,520223,9,0
520214,520214,520223,9,0
520214,520214,520223,9,0
520214,520214,520224,10,0
517211,520156,520223,67,2945
520214,520214,520224,10,0
520214,520214,520224,10,0
520214,520214,520225,11,0
520214,520214,520224,10,0
520214,520214,520224,10,0
517261,520170,520224,54,2909
517211,520151,520225,74,2940
520214,520214,520225,11,0
520214,520214,520225,11,0
520214,520214,520225,11,0
520214,520214,520225,11,0
520214,520214,520225,11,0
520214,520214,520226,12,0
520214,520214,520225,11,0
520214,520214,520225,11,0
520214,520214,520225,11,0
520214,520214,520225,11,0
520214,520214,520225,11,0
520214,520221,520226,5,7
520214,520221,520225,4,7
520214,520222,520225,3,8
520214,520214,520226,12,0
520214,520214,520226,12,0
520214,520214,520226,12,0
520214,520214,520226,12,0
520214,520214,520226,12,0
520214,520214,520226,12,0
520214,520221,520226,5,7
520214,520222,520226,4,8
520214,520223,520226,3,9
520214,520223,520226,3,9
520214,520214,520226,12,0
520214,520214,520226,12,0
520214,520214,520226,12,0
520214,520223,520226,3,9
520214,520223,520226,3,9
520214,520223,520226,3,9
520214,520223,520226,3,9
517211,520151,520226,75,2940
517211,520141,520227,86,2930
517211,520164,520227,63,2953
517211,520161,520227,66,2950
520214,520214,520227,13,0
520214,520214,520227,13,0
520214,520214,520227,13,0
520214,520214,520227,13,0
520214,520214,520227,13,0
520214,520223,520227,4,9
520214,520215,520228,13,1
520214,520224,520227,3,10
520214,520224,520227,3,10
520214,520224,520228,4,10
517211,520164,520227,63,2953
520214,520214,520228,14,0
520214,520214,520229,15,0
520214,520214,520228,14,0
520214,520224,520228,4,10
520214,520224,520228,4,10
520214,520214,520228,14,0
520214,520224,520228,4,10
517261,520172,520229,57,2911
520214,520214,520229,15,0
520214,520214,520229,15,0
520214,520214,520229,15,0
520214,520226,520230,4,12
520214,520226,520230,4,12
517261,520170,520230,60,2909
520214,520214,520230,16,0
520214,520214,520230,16,0
520214,520214,520231,17,0
520214,520214,520230,16,0
520214,520214,520230,16,0
520214,520226,520231,5,12
520214,520226,520231,5,12
520214,520226,520231,5,12
520214,520226,520230,4,12
520214,520214,520230,16,0
520214,520226,520231,5,12
520214,520214,520230,16,0
520214,520214,520232,18,0
520214,520214,520231,17,0
520214,520214,520232,18,0
520214,520226,520232,6,12
517261,520176,520232,56,2915
520214,520225,520232,7,11
520214,520227,520232,5,13
520214,520214,520232,18,0
520214,520226,520232,6,12
520214,520227,520232,5,13
520214,520214,520233,19,0
520214,520214,520233,19,0
520214,520227,520232,5,13
520214,520225,520232,7,11
520214,520227,520232,5,13
520214,520227,520233,6,13
520214,520225,520233,8,11
520214,520227,520232,5,13
517261,520176,520233,57,2915
520214,520225,520233,8,11
520214,520227,520233,6,13
517261,520172,520234,62,2911
520214,520225,520234,9,11
520214,520227,520233,6,13
520214,520227,520234,7,13
520214,520227,520234,7,13
520214,520228,520234,6,14
520214,520226,520233,7,12
520214,520227,520233,6,13
517211,520156,520234,78,2945
520214,520226,520234,8,12
520214,520226,520234,8,12
520214,520226,520235,9,12
520214,520226,520234,8,12
520214,520214,520234,20,0
520214,520227,520235,8,13
520214,520228,520234,6,14
520214,520228,520235,7,14
520214,520214,520235,21,0
520214,520227,520235,8,13
520214,520227,520235,8,13
520214,520227,520235,8,13
520214,520227,520236,9,13
520214,520228,520236,8,14
520214,520228,520236,8,14
520214,520228,520236,8,14
517261,520212,520237,25,2951
520214,520229,520237,8,15
517261,520176,520237,61,2915
520214,520229,520237,8,15
520214,520228,520238,10,14
520214,520229,520237,8,15
520214,520228,520238,10,14
520214,520228,520237,9,14
520214,520229,520238,9,15
520214,520227,520237,10,13
517261,520173,520238,65,2912
520214,520214,520239,25,0
520214,520228,520238,10,14
517261,520211,520239,28,2950
517261,520210,520239,29,2949
520214,520234,520240,6,20
520214,520234,520240,6,20
517261,520213,520240,27,2952
520214,520231,520241,10,17
520214,520233,520241,8,19
520214,520236,520241,5,22
520214,520236,520240,4,22
520214,520236,520240,4,22
520214,520229,520241,12,15
520214,520232,520241,9,18
520214,520233,520241,8,19
520214,520229,520241,12,15
520214,520229,520241,12,15
520214,520236,520241,5,22
517261,520213,520242,29,2952
520214,520231,520242,11,17
520214,520235,520242,7,21
520214,520231,520241,10,17
520214,520233,520242,9,19
520214,520234,520242,8,20
520214,520235,520242,7,21
520214,520235,520242,7,21
517261,520213,520242,29,2952
520214,520235,520243,8,21
520214,520234,520243,9,20
517261,520213,520242,29,2952
520214,520231,520242,11,17
520214,520231,520243,12,17
520214,520234,520243,9,20
520214,520230,520243,13,16
520214,520231,520243,12,17
520214,520232,520243,11,18
520214,520232,520243,11,18
520214,520233,520243,10,19
520214,520234,520243,9,20
517261,520210,520244,34,2949
520214,520230,520244,14,16
520214,520235,520243,8,21
520214,520233,520243,10,19
520214,520233,520244,11,19
520214,520233,520244,11,19
520214,520234,520244,10,20
520214,520231,520243,12,17
520214,520231,520244,13,17
520214,520235,520244,9,21
520214,520232,520244,12,18
520214,520234,520244,10,20
520214,520234,520244,10,20
520214,520232,520244,12,18
517261,520177,520245,68,2916
520214,520235,520244,9,21
520214,520233,520245,12,19
520214,520235,520245,10,21
520214,520235,520245,10,21
520214,520233,520245,12,19
520214,520231,520246,15,17
520214,520230,520246,16,16
520214,520232,520246,14,18
520214,520232,520246,14,18
517261,520215,520246,31,2954
520214,520232,520247,15,18
520214,520235,520246,11,21
517261,520214,520247,33,2953
520214,520230,520247,17,16
517261,520179,520247,68,2918
520214,520231,520248,17,17
520214,520231,520248,17,17
520214,520231,520250,19,17
520214,520230,520251,21,16
517261,520223,520251,28,2962
517261,520217,520252,35,2956
517261,520215,520253,38,2954
517261,520215,520254,39,2954
517261,520216,520254,38,2955
517261,520190,520255,65,2929
517261,520222,520255,33,2961
517261,520178,520257,79,2917
517261,520226,520259,33,2965
517261,520191,520259,68,2930
517261,520209,520260,51,2948
517261,520224,520260,36,2963
517261,520225,520260,35,2964
517261,520215,520260,45,2954
517261,520180,520261,81,2919
517261,520207,520261,54,2946
520257,520257,520261,4,0
520257,520257,520261,4,0
520257,520257,520261,4,0
517261,520217,520261,44,2956
520257,520257,520262,5,0
520257,520257,520262,5,0
520257,520257,520262,5,0
520257,520257,520262,5,0
517261,520189,520263,74,2928
520257,520257,520263,6,0
520257,520257,520263,6,0
520257,520257,520263,6,0
520257,520257,520263,6,0
520257,520257,520263,6,0
520257,520257,520263,6,0
517261,520227,520264,37,2966
520257,520257,520264,7,0
520257,520257,520264,7,0
520257,520257,520264,7,0
520257,520257,520264,7,0
520257,520257,520264,7,0
520257,520257,520264,7,0
520257,520257,520264,7,0
520257,520257,520264,7,0
517261,520227,520265,38,2966
520257,520257,520265,8,0
520257,520257,520265,8,0
520257,520257,520265,8,0
520257,520257,520265,8,0
520257,520257,520265,8,0
520257,520257,520265,8,0
517261,520221,520265,44,2960
517261,520227,520265,38,2966
520257,520257,520266,9,0
520257,520257,520266,9,0
520257,520257,520266,9,0
520257,520257,520266,9,0
520257,520257,520266,9,0
520257,520257,520266,9,0
520257,520257,520266,9,0
520257,520257,520267,10,0
517261,520231,520266,35,2970
520257,520257,520268,11,0
520257,520257,520267,10,0
520257,520257,520267,10,0
520257,520257,520267,10,0
520257,520257,520268,11,0
520257,520257,520267,10,0
520257,520257,520267,10,0
520257,520257,520267,10,0
517261,520180,520267,87,2919
517261,520230,520268,38,2969
517261,520182,520268,86,2921
517261,520181,520268,87,2920
520257,520257,520268,11,0
520257,520257,520269,12,0
520257,520257,520268,11,0
517261,520220,520269,49,2959
517261,520205,520269,64,2944
520257,520257,520270,13,0
520257,520257,520270,13,0
520257,520257,520269,12,0
520257,520257,520269,12,0
520257,520257,520270,13,0
520257,520257,520270,13,0
520257,520257,520270,13,0
520257,520257,520270,13,0
517261,520181,520270,89,2920
517261,520192,520271,79,2931
520257,520257,520271,14,0
520257,520257,520271,14,0
520257,520257,520271,14,0
520257,520257,520271,14,0
517261,520215,520271,56,2954
520257,520261,520273,12,4
520257,520265,520273,8,8
520257,520265,520273,8,8
520257,520267,520273,6,10
520257,520257,520272,15,0
520257,520257,520273,16,0
520257,520257,520272,15,0
517261,520186,520272,86,2925
517261,520228,520273,45,2967
520257,520261,520273,12,4
520257,520265,520273,8,8
520257,520267,520274,7,10
520257,520257,520273,16,0
520257,520261,520273,12,4
520257,520262,520273,11,5
520257,520265,520273,8,8
520257,520265,520274,9,8
520257,520262,520273,11,5
517261,520220,520273,53,2959
520257,520265,520274,9,8
520257,520270,520274,4,13
520257,520257,520274,17,0
520257,520266,520275,9,9
520257,520257,520274,17,0
520257,520267,520275,8,10
520257,520264,520274,10,7
520257,520269,520274,5,12
520257,520267,520275,8,10
520257,520264,520274,10,7
520257,520270,520274,4,13
517261,520192,520275,83,2931
520257,520257,520275,18,0
520257,520267,520276,9,10
520257,520271,520276,5,14
520257,520270,520276,6,13
520257,520271,520276,5,14
520257,520263,520276,13,6
520257,520264,520276,12,7
520257,520265,520276,11,8
520257,520270,520275,5,13
520257,520264,520276,12,7
520257,520271,520275,4,14
520257,520268,520275,7,11
520257,520265,520276,11,8
520257,520271,520275,4,14
520257,520257,520276,19,0
520257,520269,520276,7,12
520257,520268,520276,8,11
520257,520268,520277,9,11
520257,520272,520277,5,15
520257,520257,520276,19,0
520257,520272,520276,4,15
520257,520272,520277,5,15
520257,520257,520276,19,0
520257,520264,520277,13,7
520257,520268,520277,9,11
520257,520266,520276,10,9
520257,520268,520277,9,11
520257,520272,520277,5,15
520257,520267,520277,10,10
520257,520273,520278,5,16
520257,520263,520277,14,6
520257,520267,520278,11,10
520257,520263,520277,14,6
520257,520267,520278,11,10
520257,520269,520278,9,12
520257,520266,520277,11,9
517261,520234,520278,44,2973
517261,520189,520279,90,2928
520257,520266,520279,13,9
520257,520273,520278,5,16
520257,520273,520279,6,16
520257,520274,520279,5,17
520257,520268,520279,11,11
520257,520274,520279,5,17
520257,520268,520278,10,11
520257,520268,520278,10,11
520257,520266,520279,13,9
520257,520257,520279,22,0
517261,520235,520279,44,2974
520257,520266,520280,14,9
520257,520274,520280,6,17
520257,520274,520279,5,17
520257,520274,520279,5,17
520257,520273,520279,6,16
520257,520274,520280,6,17
520257,520275,520279,4,18
520257,520274,520279,5,17
520257,520274,520280,6,17
520257,520274,520280,6,17
520257,520275,520280,5,18
520257,520275,520280,5,18
520257,520273,520280,7,16
520257,520273,520280,7,16
520257,520273,520280,7,16
517261,520215,520279,64,2954
517261,520205,520280,75,2944
520257,520276,520281,5,19
520257,520257,520281,24,0
520257,520275,520280,5,18
520257,520257,520281,24,0
517261,520228,520282,54,2967
517261,520205,520281,76,2944
517261,520234,520281,47,2973
520257,520275,520282,7,18
520257,520275,520281,6,18
520257,520275,520282,7,18
517261,520232,520282,50,2971
517261,520184,520282,98,2923
517261,520192,520282,90,2931
520257,520276,520282,6,19
520257,520257,520283,26,0
520257,520276,520283,7,19
520257,520275,520283,8,18
520257,520275,520283,8,18
520257,520275,520282,7,18
520257,520275,520283,8,18
517261,520238,520283,45,2977
517261,520188,520283,95,2927
517261,520184,520284,100,2923
520257,520277,520284,7,20
520257,520276,520284,8,19
517261,520183,520284,101,2922
517261,520189,520284,95,2928
517261,520180,520285,105,2919
520257,520276,520284,8,19
520257,520276,520285,9,19
520257,520277,520284,7,20
520257,520277,520285,8,20
520257,520276,520285,9,19
520257,520276,520284,8,19
517261,520183,520285,102,2922
520257,520276,520286,10,19
520257,520276,520287,11,19
520257,520277,520287,10,20
520257,520277,520287,10,20
520257,520277,520287,10,20
520257,520277,520287,10,20
520257,520277,520288,11,20
520257,520277,520288,11,20
520257,520277,520289,12,20
520257,520277,520288,11,20
520257,520276,520289,13,19
520257,520277,520289,12,20
520257,520277,520289,12,20
517261,520240,520289,49,2979
517261,520193,520289,96,2932
520257,520279,520290,11,22
520257,520279,520290,11,22
520257,520276,520290,14,19
520257,520277,520290,13,20
517261,520248,520290,42,2987
520257,520278,520291,13,21
520257,520279,520291,12,22
520257,520279,520291,12,22
517261,520188,520291,103,2927
520257,520276,520292,16,19
520257,520276,520292,16,19
520257,520278,520293,15,21
517261,520237,520293,56,2976
520257,520279,520293,14,22
517261,520252,520293,41,2991
520257,520278,520293,15,21
517261,520186,520293,107,2925
520257,520279,520294,15,22
520257,520278,520294,16,21
517261,520200,520294,94,2939
520257,520278,520295,17,21
520257,520279,520295,16,22
517261,520242,520295,53,2981
517261,520187,520295,108,2926
517261,520240,520296,56,2979
517261,520243,520296,53,2982
520257,520278,520297,19,21
517261,520203,520296,93,2942
517261,520247,520297,50,2986
517261,520196,520298,102,2935
520257,520278,520299,21,21
520257,520278,520299,21,21
517261,520247,520300,53,2986
517261,520253,520300,47,2992
517261,520239,520302,63,2978
517261,520244,520302,58,2983
517261,520197,520303,106,2936
517261,520204,520304,100,2943
517261,520243,520304,61,2982
517261,520241,520304,63,2980
517261,520253,520306,53,2992
517261,520202,520306,104,2941
517261,520194,520307,113,2933
520305,520305,520310,5,0
517261,520268,520310,42,3007
520305,520305,520310,5,0
520305,520305,520310,5,0
520305,520305,520311,6,0
520305,520305,520311,6,0
520305,520305,520312,7,0
520305,520305,520312,7,0
520305,520305,520311,6,0
520305,520305,520311,6,0
520305,520305,520312,7,0
517261,520268,520312,44,3007
520305,520305,520312,7,0
520305,520305,520312,7,0
520305,520305,520313,8,0
520305,520305,520313,8,0
520305,520305,520313,8,0
520305,520305,520313,8,0
520305,520305,520312,7,0
520305,520305,520313,8,0
520305,520305,520313,8,0
520305,520305,520313,8,0
520305,520305,520312,7,0
520305,520305,520312,7,0
517261,520201,520313,112,2940
517261,520260,520314,54,2999
520305,520305,520314,9,0
520305,520305,520313,8,0
520305,520305,520314,9,0
520305,520305,520314,9,0
520305,520305,520313,8,0
520305,520305,520314,9,0
517261,520245,520314,69,2984
520305,520305,520314,9,0
517261,520256,520314,58,2995
517261,520203,520314,111,2942
517261,520254,520314,60,2993
517261,520271,520315,44,3010
520305,520305,520315,10,0
520305,520305,520315,10,0
520305,520305,520314,9,0
520305,520305,520314,9,0
520305,520305,520314,9,0
520305,520305,520315,10,0
520305,520305,520315,10,0
520305,520305,520315,10,0
520305,520305,520315,10,0
517261,520263,520315,52,3002
517261,520257,520315,58,2996
517261,520262,520316,54,3001
520305,520305,520315,10,0
520305,520305,520316,11,0
520305,520305,520316,11,0
520305,520305,520315,10,0
520305,520305,520316,11,0
520305,520305,520316,11,0
520305,520310,520316,6,5
520305,520305,520316,11,0
520305,520312,520316,4,7
520305,520305,520315,10,0
520305,520305,520316,11,0
520305,520311,520316,5,6
520305,520305,520316,11,0
517261,520261,520316,55,3000
520305,520312,520316,4,7
520305,520305,520317,12,0
520305,520305,520317,12,0
520305,520311,520317,6,6
520305,520305,520317,12,0
520305,520311,520317,6,6
520305,520305,520316,11,0
520305,520305,520317,12,0
520305,520305,520317,12,0
520305,520312,520316,4,7
520305,520312,520317,5,7
517261,520272,520317,45,3011
517261,520261,520317,56,3000
520305,520305,520318,13,0
520305,520305,520318,13,0
520305,520305,520318,13,0
517261,520266,520318,52,3005
517261,520268,520318,50,3007
520305,520305,520318,13,0
520305,520305,520319,14,0
520305,520305,520319,14,0
520305,520305,520319,14,0
520305,520305,520319,14,0
520305,520305,520319,14,0
520305,520305,520319,14,0
520305,520313,520320,7,8
517261,520267,520320,53,3006
520305,520305,520320,15,0
520305,520305,520320,15,0
520305,520305,520320,15,0
520305,520305,520320,15,0
520305,520305,520320,15,0
520305,520312,520320,8,7
520305,520312,520320,8,7
517261,520265,520320,55,3004
520305,520313,520321,8,8
520305,520305,520321,16,0
517261,520268,520322,54,3007
520305,520313,520321,8,8
520305,520314,520322,8,9
520305,520314,520322,8,9
517261,520266,520322,56,3005
520305,520313,520322,9,8
520305,520314,520322,8,9
520305,520305,520322,17,0
520305,520313,520322,9,8
517261,520260,520322,62,2999
517261,520269,520322,53,3008
520305,520313,520323,10,8
520305,520315,520324,9,10
520305,520313,520324,11,8
520305,520313,520325,12,8
520305,520314,520324,10,9
520305,520314,520325,11,9
520305,520314,520325,11,9
517261,520271,520325,54,3010
520305,520315,520326,11,10
520305,520315,520326,11,10
520305,520314,520326,12,9
520305,520313,520326,13,8
520305,520317,520327,10,12
520305,520317,520327,10,12
520305,520313,520327,14,8
520305,520313,520327,14,8
520305,520305,520327,22,0
520305,520313,520327,14,8
517261,520264,520327,63,3003
520305,520316,520328,12,11
517261,520256,520328,72,2995
520305,520317,520328,11,12
520305,520324,520328,4,19
520305,520316,520328,12,11
520305,520316,520328,12,11
517261,520260,520328,68,2999
520305,520315,520328,13,10
520305,520316,520329,13,11
520305,520317,520329,12,12
520305,520315,520329,14,10
520305,520317,520329,12,12
520305,520317,520329,12,12
520305,520323,520329,6,18
520305,520325,520329,4,20
520305,520325,520329,4,20
520305,520315,520329,14,10
517261,520269,520330,61,3008
520305,520320,520330,10,15
520305,520323,520330,7,18
520305,520323,520330,7,18
517261,520254,520330,76,2993
520305,520317,520330,13,12
520305,520323,520331,8,18
520305,520327,520331,4,22
520305,520325,520331,6,20
520305,520325,520330,5,20
520305,520323,520330,7,18
517261,520260,520331,71,2999
520305,520322,520331,9,17
520305,520323,520331,8,18
520305,520316,520332,16,11
520305,520317,520331,14,12
517261,520261,520331,70,3000
520305,520315,520331,16,10
520305,520316,520331,15,11
520305,520316,520331,15,11
520305,520319,520331,12,14
520305,520326,520331,5,21
520305,520317,520331,14,12
520305,520326,520331,5,21
520305,520321,520331,10,16
520305,520320,520332,12,15
520305,520327,520332,5,22
520305,520316,520332,16,11
520305,520316,520333,17,11
520305,520317,520332,15,12
520305,520321,520333,12,16
520305,520321,520332,11,16
520305,520321,520332,11,16
520305,520316,520332,16,11
520305,520327,520332,5,22
520305,520316,520332,16,11
520305,520327,520332,5,22
520305,520318,520333,15,13
520305,520319,520333,14,14
520305,520321,520333,12,16
520305,520316,520333,17,11
520305,520321,520333,12,16
520305,520317,520334,17,12
520305,520328,520333,5,23
520305,520328,520334,6,23
520305,520322,520333,11,17
520305,520329,520334,5,24
520305,520329,520334,5,24
520305,520329,520335,6,24
520305,520316,520335,19,11
520305,520319,520334,15,14
520305,520329,520335,6,24
520305,520318,520335,17,13
520305,520320,520335,15,15
520305,520330,520336,6,25
520305,520315,520336,21,10
520305,520319,520336,17,14
520305,520329,520335,6,24
520305,520330,520336,6,25
520305,520328,520335,7,23
520305,520328,520335,7,23
520305,520320,520335,15,15
520305,520330,520336,6,25
520305,520331,520336,5,26
520305,520330,520337,7,25
520305,520330,520336,6,25
520305,520328,520336,8,23
520305,520328,520336,8,23
520305,520331,520336,5,26
520305,520329,520336,7,24
517261,520260,520337,77,2999
520305,520331,520337,6,26
520305,520330,520337,7,25
520305,520330,520337,7,25
520305,520330,520337,7,25
520305,520321,520337,16,16
520305,520321,520337,16,16
520305,520331,520337,6,26
520305,520319,520337,18,14
520305,520331,520337,6,26
520305,520331,520337,6,26
520305,520331,520340,9,26
520305,520315,520339,24,10
520305,520330,520340,10,25
520347,520347,520353,6,0
520347,520347,520353,6,0
520347,520347,520354,7,0
520347,520347,520356,9,0
520347,520347,520357,10,0
520347,520347,520357,10,0
520347,520347,520358,11,0
520347,520347,520357,10,0
520347,520347,520359,12,0
520347,520347,520359,12,0
520347,520347,520359,12,0
520347,520347,520359,12,0
520347,520347,520358,11,0
520347,520347,520359,12,0
520347,520347,520359,12,0
520347,520347,520360,13,0
520347,520347,520360,13,0
520347,520347,520361,14,0
520347,520347,520361,14,0
520347,520347,520360,13,0
520347,520347,520361,14,0
520347,520347,520362,15,0
520347,520347,520361,14,0
520347,520347,520361,14,0
520347,520347,520361,14,0
520347,520347,520362,15,0
520347,520347,520361,14,0
520347,520347,520362,15,0
520347,520347,520363,16,0
520347,520347,520362,15,0
520347,520347,520362,15,0
520347,520347,520363,16,0
520347,520347,520363,16,0
520347,520347,520364,17,0
520347,520347,520363,16,0
520347,520347,520364,17,0
520347,520347,520364,17,0
520347,520347,520364,17,0
520347,520347,520364,17,0
520347,520347,520364,17,0
520347,520347,520363,16,0
520347,520359,520364,5,12
520347,520347,520365,18,0
520347,520347,520365,18,0
520347,520347,520365,18,0
520347,520360,520364,4,13
520347,520347,520365,18,0
520347,520347,520365,18,0
520347,520347,520365,18,0
520347,520347,520365,18,0
520347,520347,520366,19,0
520347,520360,520366,6,13
520347,520347,520365,18,0
520347,520359,520365,6,12
520347,520359,520366,7,12
520347,520347,520366,19,0
520347,520360,520366,6,13
520347,520359,520366,7,12
520347,520361,520366,5,14
520347,520358,520366,8,11
520347,520347,520366,19,0
520347,520359,520366,7,12
520347,520347,520367,20,0
520347,520347,520367,20,0
520347,520358,520366,8,11
520347,520361,520366,5,14
520347,520361,520367,6,14
520347,520361,520367,6,14
520347,520347,520367,20,0
520347,520347,520367,20,0
520347,520347,520367,20,0
520347,520347,520367,20,0
520347,520361,520367,6,14
520347,520347,520367,20,0
520347,520355,520368,13,8
520347,520362,520368,6,15
520347,520347,520368,21,0
520347,520357,520369,12,10
520347,520357,520369,12,10
520347,520362,520369,7,15
520347,520362,520369,7,15
520347,520347,520369,22,0
520347,520347,520369,22,0
520347,520362,520369,7,15
520347,520347,520369,22,0
520347,520347,520370,23,0
520347,520353,520370,17,6
520347,520363,520370,7,16
520347,520363,520370,7,16
520347,520363,520370,7,16
520347,520347,520370,23,0
520347,520347,520369,22,0
520347,520347,520370,23,0
520347,520347,520370,23,0
520347,520354,520370,16,7
520347,520362,520370,8,15
520347,520347,520371,24,0
520347,520362,520371,9,15
520347,520347,520371,24,0
520347,520357,520371,14,10
520347,520362,520371,9,15
520347,520365,520371,6,18
520347,520364,520371,7,17
520347,520363,520371,8,16
520347,520365,520372,7,18
520347,520347,520373,26,0
520347,520364,520373,9,17
520347,520364,520373,9,17
520347,520347,520373,26,0
520347,520364,520373,9,17
520347,520365,520373,8,18
520347,520365,520373,8,18
520347,520364,520373,9,17
520347,520364,520373,9,17
520347,520364,520374,10,17
520347,520364,520374,10,17
520347,520364,520374,10,17
520347,520364,520374,10,17
520347,520365,520374,9,18
520347,520365,520374,9,18
520347,520366,520375,9,19
520347,520365,520375,10,18
520347,520366,520375,9,19
520347,520366,520375,9,19
520347,520366,520376,10,19
520347,520365,520376,11,18
520347,520366,520376,10,19
520347,520366,520376,10,19
520347,520367,520379,12,20
520347,520368,520379,11,21
520347,520366,520379,13,19
520347,520367,520379,12,20
520347,520367,520379,12,20
520347,520366,520379,13,19
520347,520367,520379,12,20
520347,520368,520379,11,21
520347,520366,520380,14,19
520347,520367,520380,13,20
520347,520368,520380,12,21
520347,520367,520380,13,20
520347,520367,520380,13,20
520347,520368,520381,13,21
520347,520368,520381,13,21
520347,520366,520381,15,19
520347,520368,520381,13,21
520347,520367,520381,14,20
520347,520366,520382,16,19
520347,520370,520382,12,23
520347,520369,520384,15,22
520347,520370,520383,13,23
520347,520370,520383,13,23
520347,520366,520384,18,19
520347,520371,520384,13,24
520347,520370,520384,14,23
520347,520372,520385,13,25
520347,520370,520386,16,23
520347,520370,520386,16,23
520347,520369,520386,17,22
520347,520372,520386,14,25
520347,520370,520386,16,23
520347,520370,520386,16,23
520347,520372,520386,14,25
520347,520371,520386,15,24
520347,520372,520387,15,25
520347,520368,520387,19,21
520347,520373,520387,14,26
520347,520370,520388,18,23
520347,520372,520387,15,25
520347,520372,520388,16,25
520347,520375,520388,13,28
520347,520377,520388,11,30
520347,520370,520388,18,23
520347,520369,520388,19,22
520347,520376,520389,13,29
520347,520375,520388,13,28
520347,520369,520388,19,22
520347,520369,520389,20,22
520347,520369,520390,21,22
520347,520377,520389,12,30
520347,520370,520389,19,23
520347,520371,520390,19,24
520347,520374,520389,15,27
520347,520374,520391,17,27
520347,520376,520390,14,29
520347,520371,520390,19,24
520347,520377,520390,13,30
520347,520374,520391,17,27
520347,520375,520391,16,28
520347,520377,520391,14,30
520347,520374,520391,17,27
520347,520374,520392,18,27
520347,520374,520392,18,27
520347,520375,520392,17,28
520347,520376,520393,17,29
520347,520374,520393,19,27
520347,520374,520393,19,27
520347,520376,520394,18,29
520347,520375,520397,22,28
520347,520375,520396,21,28
520347,520374,520399,25,27
520406,520406,520412,6,0
520406,520406,520412,6,0
520406,520406,520412,6,0
520406,520406,520413,7,0
520406,520406,520412,6,0
520406,520406,520413,7,0
520406,520406,520413,7,0
520406,520406,520413,7,0
520406,520406,520413,7,0
520406,520406,520414,8,0
520406,520406,520414,8,0
520406,520406,520414,8,0
520406,520406,520413,7,0
520406,520406,520414,8,0
520406,520406,520415,9,0
520406,520406,520414,8,0
520406,520406,520414,8,0
520406,520406,520415,9,0
520406,520406,520415,9,0
520406,520406,520415,9,0
520406,520406,520416,10,0
520406,520406,520416,10,0
520406,520406,520415,9,0
520406,520406,520417,11,0
520406,520406,520416,10,0
520406,520406,520417,11,0
520406,520406,520416,10,0
520406,520406,520417,11,0
520406,520406,520417,11,0
520406,520406,520418,12,0
520406,520406,520418,12,0
520406,520406,520418,12,0
520406,520406,520417,11,0
520406,520406,520418,12,0
520406,520406,520417,11,0
520406,520406,520418,12,0
520406,520406,520419,13,0
520406,520406,520419,13,0
520406,520406,520419,13,0
520406,520406,520419,13,0
520406,520406,520419,13,0
520406,520406,520418,12,0
520406,520406,520419,13,0
520406,520406,520419,13,0
520406,520406,520420,14,0
520406,520406,520420,14,0
520406,520406,520420,14,0
520406,520406,520419,13,0
520406,520406,520420,14,0
520406,520406,520420,14,0
520406,520406,520421,15,0
520406,520406,520421,15,0
520406,520406,520421,15,0
520406,520406,520421,15,0
520406,520406,520422,16,0
520406,520406,520422,16,0
520406,520406,520422,16,0
520406,520406,520422,16,0
520406,520406,520423,17,0
520406,520406,520423,17,0
520406,520406,520424,18,0
520406,520406,520424,18,0
520406,520406,520424,18,0
520406,520414,520425,11,8
520406,520414,520425,11,8
520406,520406,520425,19,0
520406,520415,520426,11,9
520406,520413,520426,13,7
520406,520406,520426,20,0
520406,520406,520426,20,0
520406,520406,520426,20,0
520406,520413,520427,14,7
520406,520414,520427,13,8
520406,520413,520427,14,7
520406,520415,520427,12,9
520406,520406,520427,21,0
520406,520406,520427,21,0
520406,520406,520427,21,0
520406,520414,520428,14,8
520406,520414,520428,14,8
520406,520414,520428,14,8
520406,520419,520429,10,13
520406,520412,520429,17,6
520406,520415,520429,14,9
520406,520414,520429,15,8
520406,520406,520430,24,0
520406,520422,520429,7,16
520406,520422,520429,7,16
520406,520412,520430,18,6
520406,520419,520430,11,13
520406,520421,520430,9,15
520406,520422,520430,8,16
520406,520422,520430,8,16
520406,520424,520431,7,18
520406,520406,520430,24,0
520406,520422,520431,9,16
520406,520423,520430,7,17
520406,520424,520431,7,18
520406,520416,520431,15,10
520406,520415,520431,16,9
520406,520419,520431,12,13
520406,520424,520431,7,18
520406,520415,520432,17,9
520406,520419,520432,13,13
520406,520416,520431,15,10
520406,520416,520431,15,10
520406,520413,520432,19,7
520406,520415,520432,17,9
520406,520425,520433,8,19
520406,520421,520432,11,15
520406,520425,520432,7,19
520406,520425,520433,8,19
520406,520420,520433,13,14
520406,520419,520433,14,13
520406,520426,520434,8,20
520406,520418,520433,15,12
520406,520425,520434,9,19
520406,520426,520434,8,20
520406,520417,520434,17,11
520406,520420,520434,14,14
520406,520426,520435,9,20
520406,520420,520435,15,14
520406,520418,520435,17,12
520406,520419,520434,15,13
520406,520427,520436,9,21
520406,520427,520435,8,21
520406,520428,520435,7,22
520406,520417,520435,18,11
520406,520418,520435,17,12
520406,520420,520435,15,14
520406,520417,520435,18,11
520406,520418,520436,18,12
520406,520427,520436,9,21
520406,520419,520436,17,13
520406,520417,520436,19,11
520406,520428,520436,8,22
520406,520429,520436,7,23
520406,520427,520436,9,21
520406,520428,520436,8,22
520406,520412,520437,25,6
520406,520427,520436,9,21
520406,520417,520437,20,11
520406,520431,520437,6,25
520406,520431,520437,6,25
520406,520428,520437,9,22
520406,520431,520437,6,25
520406,520418,520437,19,12
520406,520430,520439,9,24
520406,520419,520438,19,13
520406,520428,520438,10,22
520406,520429,520438,9,23
520406,520428,520439,11,22
520406,520430,520439,9,24
520406,520420,520440,20,14
520406,520431,520440,9,25
520406,520418,520439,21,12
520406,520417,520439,22,11
520406,520430,520440,10,24
520406,520420,520441,21,14
520406,520431,520440,9,25
520406,520431,520440,9,25
520406,520419,520441,22,13
520406,520430,520441,11,24
520406,520431,520440,9,25
520406,520432,520441,9,26
520406,520430,520441,11,24
520406,520432,520441,9,26
520406,520431,520441,10,25
520406,520430,520443,13,24
520406,520432,520443,11,26
520406,520431,520444,13,25
520406,520431,520443,12,25
520406,520431,520444,13,25
520406,520433,520445,12,27
520406,520433,520444,11,27
520406,520432,520445,13,26
520406,520433,520446,13,27
520406,520434,520445,11,28
520406,520434,520445,11,28
520406,520433,520446,13,27
520406,520433,520446,13,27
520406,520430,520445,15,24
520406,520432,520447,15,26
520406,520433,520446,13,27
520406,520433,520447,14,27
520406,520432,520448,16,26
520406,520432,520447,15,26
520406,520435,520449,14,29
520406,520435,520448,13,29
520406,520436,520448,12,30
520406,520436,520448,12,30
520406,520434,520449,15,28
520406,520435,520451,16,29
520406,520436,520453,17,30
520406,520436,520452,16,30
520406,520435,520453,18,29
520406,520435,520454,19,29
520406,520435,520455,20,29
520406,520435,520457,22,29
520406,520435,520457,22,29
520463,520463,520472,9,0
520463,520463,520472,9,0
520463,520463,520472,9,0
520463,520463,520472,9,0
520463,520463,520472,9,0
520463,520463,520473,10,0
520463,520463,520474,11,0
520463,520463,520474,11,0
520463,520463,520474,11,0
520463,520463,520474,11,0
520463,520463,520474,11,0
520463,520463,520475,12,0
520463,520463,520475,12,0
520463,520463,520475,12,0
520463,520463,520475,12,0
520463,520463,520475,12,0
520463,520463,520475,12,0
520463,520463,520475,12,0
520463,520463,520475,12,0
520463,520463,520475,12,0
520463,520463,520475,12,0
520463,520463,520476,13,0
520463,520463,520476,13,0
520463,520463,520477,14,0
520463,520463,520476,13,0
520463,520463,520476,13,0
520463,520463,520476,13,0
520463,520463,520476,13,0
520463,520463,520477,14,0
520463,520463,520477,14,0
520463,520463,520477,14,0
520463,520463,520477,14,0
520463,520463,520477,14,0
520463,520463,520478,15,0
520463,520463,520477,14,0
520463,520463,520478,15,0
520463,520463,520478,15,0
520463,520463,520478,15,0
520463,520463,520478,15,0
520463,520463,520478,15,0
520463,520463,520478,15,0
520463,520463,520478,15,0
520463,520463,520478,15,0
520463,520463,520480,17,0
520463,520463,520480,17,0
520463,520463,520480,17,0
520463,520463,520479,16,0
520463,520463,520479,16,0
520463,520463,520479,16,0
520463,520463,520479,16,0
520463,520463,520479,16,0
520463,520463,520480,17,0
520463,520463,520480,17,0
520463,520463,520480,17,0
520463,520463,520480,17,0
520463,520463,520480,17,0
520463,520463,520481,18,0
520463,520463,520481,18,0
520463,520463,520481,18,0
520463,520463,520481,18,0
520463,520463,520482,19,0
520463,520472,520482,10,9
520463,520463,520482,19,0
520463,520463,520482,19,0
520463,520463,520483,20,0
520463,520472,520483,11,9
520463,520476,520483,7,13
520463,520476,520484,8,13
520463,520463,520483,20,0
520463,520475,520484,9,12
520463,520472,520484,12,9
520463,520476,520484,8,13
520463,520476,520485,9,13
520463,520463,520484,21,0
520463,520463,520485,22,0
520463,520475,520485,10,12
520463,520476,520485,9,13
520463,520472,520485,13,9
520463,520463,520486,23,0
520463,520476,520486,10,13
520463,520476,520486,10,13
520463,520463,520485,22,0
520463,520475,520485,10,12
520463,520477,520486,9,14
520463,520476,520486,10,13
520463,520473,520487,14,10
520463,520463,520488,25,0
520463,520476,520488,12,13
520463,520474,520488,14,11
520463,520463,520488,25,0
520463,520477,520489,12,14
520463,520476,520490,14,13
520463,520463,520489,26,0
520463,520477,520491,14,14
520463,520477,520490,13,14
520463,520478,520490,12,15
520463,520478,520490,12,15
520463,520481,520491,10,18
520463,520478,520491,13,15
520463,520482,520493,11,19
520463,520479,520492,13,16
520463,520481,520493,12,18
520463,520474,520493,19,11
520463,520477,520492,15,14
520463,520478,520492,14,15
520463,520480,520494,14,17
520463,520482,520493,11,19
520463,520480,520494,14,17
520463,520477,520493,16,14
520463,520481,520493,12,18
520463,520479,520493,14,16
520463,520478,520494,16,15
520463,520483,520495,12,20
520463,520478,520495,17,15
520463,520478,520495,17,15
520463,520481,520494,13,18
520463,520480,520494,14,17
520463,520481,520495,14,18
520463,520480,520495,15,17
520463,520480,520494,14,17
520463,520486,520496,10,23
520463,520479,520495,16,16
520463,520485,520496,11,22
520463,520486,520496,10,23
520463,520486,520496,10,23
520463,520480,520497,17,17
520463,520482,520497,15,19
520463,520479,520496,17,16
520463,520480,520496,16,17
520463,520483,520497,14,20
520463,520477,520496,19,14
520463,520483,520498,15,20
520463,520483,520497,14,20
520463,520485,520498,13,22
520463,520479,520497,18,16
520463,520480,520498,18,17
520463,520482,520498,16,19
520463,520483,520497,14,20
520463,520485,520497,12,22
520463,520487,520499,12,24
520463,520491,520499,8,28
520463,520486,520499,13,23
520463,520486,520499,13,23
520463,520484,520499,15,21
520463,520485,520500,15,22
520463,520491,520500,9,28
520463,520485,520499,14,22
520463,520487,520500,13,24
520463,520492,520499,7,29
520463,520486,520499,13,23
520463,520486,520499,13,23
520463,520484,520500,16,21
520463,520493,520501,8,30
520463,520493,520500,7,30
520463,520475,520501,26,12
520463,520479,520501,22,16
520463,520491,520501,10,28
520463,520492,520501,9,29
520463,520486,520500,14,23
520463,520484,520502,18,21
520463,520491,520501,10,28
520463,520494,520503,9,31
520463,520479,520502,23,16
520463,520493,520503,10,30
520463,520479,520502,23,16
520463,520493,520503,10,30
520463,520489,520503,14,26
520463,520490,520503,13,27
520463,520494,520504,10,31
520463,520490,520503,13,27
520463,520493,520504,11,30
520463,520484,520504,20,21
520463,520493,520504,11,30
520463,520484,520505,21,21
520463,520488,520506,18,25
520463,520495,520506,11,32
520463,520490,520506,16,27
520463,520494,520505,11,31
520463,520494,520506,12,31
520463,520494,520506,12,31
520463,520496,520506,10,33
520463,520489,520507,18,26
520463,520494,520507,13,31
520463,520494,520507,13,31
520463,520488,520506,18,25
520463,520497,520508,11,34
520463,520497,520508,11,34
520463,520495,520508,13,32
520463,520488,520508,20,25
520463,520497,520509,12,34
520463,520495,520508,13,32
520463,520495,520508,13,32
520463,520495,520509,14,32
520463,520495,520509,14,32
520463,520495,520509,14,32
520463,520495,520510,15,32
520463,520496,520512,16,33
520463,520497,520514,17,34
520463,520497,520514,17,34
520463,520497,520516,19,34
520524,520524,520534,10,0
520524,520524,520533,9,0
520524,520524,520533,9,0
520524,520524,520534,10,0
520524,520524,520535,11,0
520524,520524,520535,11,0
520524,520524,520536,12,0
520524,520524,520536,12,0
520524,520524,520535,11,0
520524,520524,520536,12,0
520524,520524,520537,13,0
520524,520524,520537,13,0
520524,520524,520537,13,0
520524,520524,520537,13,0
520524,520524,520537,13,0
520524,520524,520537,13,0
520524,520524,520537,13,0
520524,520524,520537,13,0
520524,520524,520537,13,0
520524,520524,520538,14,0
520524,520524,520538,14,0
520524,520524,520538,14,0
520524,520524,520538,14,0
520524,520524,520538,14,0
520524,520524,520538,14,0
520524,520524,520538,14,0
520524,520524,520539,15,0
520524,520524,520539,15,0
520524,520524,520538,14,0
520524,520524,520539,15,0
520524,520524,520539,15,0
520524,520524,520539,15,0
520524,520524,520538,14,0
520524,520524,520539,15,0
520524,520524,520539,15,0
520524,520524,520540,16,0
520524,520524,520540,16,0
520524,520524,520540,16,0
520524,520524,520540,16,0
520524,520524,520541,17,0
520524,520524,520541,17,0
520524,520524,520541,17,0
520524,520524,520541,17,0
520524,520524,520541,17,0
520524,520524,520541,17,0
520524,520524,520541,17,0
520524,520524,520541,17,0
520524,520524,520541,17,0
520524,520524,520542,18,0
520524,520524,520542,18,0
520524,520524,520542,18,0
520524,520524,520541,17,0
520524,520524,520542,18,0
520524,520524,520542,18,0
520524,520524,520542,18,0
520524,520524,520542,18,0
520524,520524,520543,19,0
520524,520524,520543,19,0
520524,520524,520543,19,0
520524,520524,520543,19,0
520524,520524,520543,19,0
520524,520524,520543,19,0
520524,520524,520543,19,0
520524,520524,520544,20,0
520524,520524,520545,21,0
520524,520524,520545,21,0
520524,520534,520546,12,10
520524,520538,520546,8,14
520524,520524,520546,22,0
520524,520524,520547,23,0
520524,520534,520547,13,10
520524,520537,520547,10,13
520524,520537,520547,10,13
520524,520538,520547,9,14
520524,520524,520547,23,0
520524,520524,520547,23,0
520524,520534,520548,14,10
520524,520538,520548,10,14
520524,520535,520548,13,11
520524,520538,520548,10,14
520524,520538,520548,10,14
520524,520524,520548,24,0
520524,520538,520549,11,14
520524,520535,520549,14,11
520524,520537,520549,12,13
520524,520537,520549,12,13
520524,520538,520549,11,14
520524,520535,520550,15,11
520524,520537,520550,13,13
520524,520536,520551,15,12
520524,520536,520551,15,12
520524,520537,520551,14,13
520524,520541,520551,10,17
520524,520540,520552,12,16
520524,520537,520551,14,13
520524,520539,520552,13,15
520524,520537,520552,15,13
520524,520539,520553,14,15
520524,520540,520552,12,16
520524,520540,520553,13,16
520524,520524,520554,30,0
520524,520536,520555,19,12
520524,520539,520554,15,15
520524,520539,520555,16,15
520524,520537,520554,17,13
520524,520541,520554,13,17
520524,520541,520555,14,17
520524,520539,520554,15,15
520524,520540,520555,15,16
520524,520541,520555,14,17
520524,520544,520555,11,20
520524,520543,520555,12,19
520524,520540,520556,16,16
520524,520543,520555,12,19
520524,520536,520555,19,12
520524,520545,520556,11,21
520524,520541,520556,15,17
520524,520544,520556,12,20
520524,520542,520557,15,18
520524,520544,520557,13,20
520524,520543,520557,14,19
520524,520542,520557,15,18
520524,520541,520557,16,17
520524,520542,520558,16,18
520524,520544,520557,13,20
520524,520544,520557,13,20
520524,520543,520557,14,19
520524,520544,520558,14,20
520524,520544,520557,13,20
520524,520542,520558,16,18
520524,520542,520559,17,18
520524,520545,520559,14,21
520524,520543,520558,15,19
520524,520548,520559,11,24
520524,520543,520559,16,19
520524,520542,520559,17,18
520524,520543,520560,17,19
520524,520547,520560,13,23
520524,520548,520560,12,24
520524,520549,520560,11,25
520524,520549,520560,11,25
520524,520548,520560,12,24
520524,520549,520560,11,25
520524,520548,520560,12,24
520524,520543,520560,17,19
520524,520549,520561,12,25
520524,520547,520561,14,23
520524,520549,520562,13,25
520524,520548,520562,14,24
520524,520548,520562,14,24
520524,520546,520562,16,22
520524,520552,520562,10,28
520524,520552,520563,11,28
520524,520552,520563,11,28
520524,520553,520564,11,29
520524,520552,520563,11,28
520524,520553,520563,10,29
520524,520551,520564,13,27
520524,520547,520564,17,23
520524,520552,520564,12,28
520524,520552,520565,13,28
520524,520554,520565,11,30
520524,520551,520565,14,27
520524,520549,520565,16,25
520524,520550,520566,16,26
520524,520553,520567,14,29
520524,520553,520567,14,29
520524,520557,520568,11,33
520524,520550,520567,17,26
520524,520547,520567,20,23
520524,520550,520567,17,26
520524,520554,520568,14,30
520524,520555,520569,14,31
520524,520550,520569,19,26
520524,520555,520570,15,31
520524,520549,520570,21,25
520524,520555,520571,16,31
520524,520555,520571,16,31
520524,520555,520571,16,31
520524,520555,520571,16,31
520524,520555,520571,16,31
520524,520557,520570,13,33
520524,520557,520572,15,33
520524,520557,520573,16,33
520524,520557,520572,15,33
520524,520557,520572,15,33
520524,520556,520573,17,32
520524,520555,520573,18,31
520524,520556,520573,17,32
520524,520556,520574,18,32
520524,520556,520574,18,32
520524,520556,520574,18,32
520524,520557,520574,17,33
520524,520556,520575,19,32
520524,520558,520575,17,34
520524,520558,520576,18,34
520524,520558,520576,18,34
520524,520558,520577,19,34
520524,520558,520577,19,34
520524,520558,520579,21,34
520586,520586,520595,9,0
520586,520586,520596,10,0
520586,520586,520596,10,0
520586,520586,520597,11,0
520586,520586,520598,12,0
520586,520586,520599,13,0
520586,520586,520599,13,0
520586,520586,520599,13,0
520586,520586,520598,12,0
520586,520586,520599,13,0
520586,520586,520599,13,0
520586,520586,520599,13,0
520586,520586,520598,12,0
520586,520586,520600,14,0
520586,520586,520599,13,0
520586,520586,520600,14,0
520586,520586,520599,13,0
520586,520586,520600,14,0
520586,520586,520599,13,0
520586,520586,520600,14,0
520586,520586,520601,15,0
520586,520586,520601,15,0
520586,520586,520600,14,0
520586,520586,520600,14,0
520586,520586,520600,14,0
520586,520586,520600,14,0
520586,520586,520601,15,0
520586,520586,520601,15,0
520586,520586,520601,15,0
520586,520586,520601,15,0
520586,520586,520601,15,0
520586,520586,520601,15,0
520586,520586,520601,15,0
520586,520586,520602,16,0
520586,520586,520602,16,0
520586,520586,520601,15,0
520586,520586,520603,17,0
520586,520586,520603,17,0
520586,520586,520603,17,0
520586,520586,520603,17,0
520586,520586,520603,17,0
520586,520586,520603,17,0
520586,520586,520602,16,0
520586,520586,520603,17,0
520586,520586,520603,17,0
520586,520586,520604,18,0
520586,520586,520603,17,0
520586,520586,520604,18,0
520586,520586,520603,17,0
520586,520586,520604,18,0
520586,520586,520603,17,0
520586,520586,520604,18,0
520586,520586,520604,18,0
520586,520586,520605,19,0
520586,520586,520605,19,0
520586,520586,520605,19,0
520586,520586,520605,19,0
520586,520586,520605,19,0
520586,520586,520605,19,0
520586,520586,520604,18,0
520586,520586,520605,19,0
520586,520586,520605,19,0
520586,520586,520605,19,0
520586,520586,520606,20,0
520586,520586,520606,20,0
520586,520586,520607,21,0
520586,520586,520607,21,0
520586,520586,520606,20,0
520586,520586,520607,21,0
520586,520586,520606,20,0
520586,520596,520607,11,10
520586,520586,520608,22,0
520586,520597,520609,12,11
520586,520597,520610,13,11
520586,520600,520611,11,14
520586,520600,520610,10,14
520586,520599,520611,12,13
520586,520600,520610,10,14
520586,520599,520611,12,13
520586,520600,520611,11,14
520586,520600,520612,12,14
520586,520599,520612,13,13
520586,520600,520612,12,14
520586,520598,520613,15,12
520586,520599,520613,14,13
520586,520599,520613,14,13
520586,520599,520613,14,13
520586,520601,520613,12,15
520586,520603,520614,11,17
520586,520598,520613,15,12
520586,520601,520614,13,15
520586,520600,520615,15,14
520586,520601,520615,14,15
520586,520603,520615,12,17
520586,520599,520614,15,13
520586,520586,520615,29,0
520586,520601,520616,15,15
520586,520599,520617,18,13
520586,520601,520616,15,15
520586,520601,520617,16,15
520586,520606,520618,12,20
520586,520603,520617,14,17
520586,520603,520618,15,17
520586,520605,520618,13,19
520586,520607,520618,11,21
520586,520601,520618,17,15
520586,520602,520618,16,16
520586,520605,520617,12,19
520586,520605,520618,13,19
520586,520603,520618,15,17
520586,520606,520619,13,20
520586,520607,520619,12,21
520586,520605,520619,14,19
520586,520608,520619,11,22
520586,520605,520619,14,19
520586,520606,520619,13,20
520586,520607,520619,12,21
520586,520602,520619,17,16
520586,520605,520619,14,19
520586,520607,520619,12,21
520586,520605,520619,14,19
520586,520602,520619,17,16
520586,520602,520620,18,16
520586,520602,520620,18,16
520586,520610,520620,10,24
520586,520603,520620,17,17
520586,520603,520620,17,17
520586,520602,520620,18,16
520586,520602,520620,18,16
520586,520606,520620,14,20
520586,520610,520621,11,24
520586,520604,520621,17,18
520586,520605,520621,16,19
520586,520605,520622,17,19
520586,520603,520621,18,17
520586,520611,520622,11,25
520586,520602,520622,20,16
520586,520603,520623,20,17
520586,520607,520622,15,21
520586,520611,520623,12,25
520586,520611,520623,12,25
520586,520612,520623,11,26
520586,520611,520623,12,25
520586,520612,520623,11,26
520586,520604,520623,19,18
520586,520604,520623,19,18
520586,520604,520623,19,18
520586,520604,520624,20,18
520586,520608,520623,15,22
520586,520611,520624,13,25
520586,520612,520624,12,26
520586,520613,520624,11,27
520586,520612,520625,13,26
520586,520602,520625,23,16
520586,520613,520626,13,27
520586,520614,520626,12,28
520586,520604,520626,22,18
520586,520604,520627,23,18
520586,520614,520627,13,28
520586,520614,520627,13,28
520586,520617,520628,11,31
520586,520615,520628,13,29
520586,520615,520628,13,29
520586,520614,520628,14,28
520586,520614,520628,14,28
520586,520613,520629,16,27
520586,520615,520630,15,29
520586,520618,520630,12,32
520586,520617,520630,13,31
520586,520619,520631,12,33
520586,520619,520631,12,33
520586,520618,520632,14,32
520586,520615,520631,16,29
520586,520616,520631,15,30
520586,520616,520631,15,30
520586,520619,520631,12,33
520586,520619,520632,13,33
520586,520618,520632,14,32
520586,520619,520632,13,33
520586,520620,520632,12,34
520586,520619,520632,13,33
520586,520619,520633,14,33
520586,520618,520633,15,32
520586,520620,520633,13,34
520586,520619,520634,15,33
520586,520620,520633,13,34
520586,520621,520634,13,35
520586,520619,520634,15,33
520586,520620,520635,15,34
520586,520619,520634,15,33
520586,520620,520635,15,34
520586,520619,520635,16,33
520586,520620,520636,16,34
520586,520620,520635,15,34
520586,520620,520635,15,34
520586,520621,520637,16,35
520586,520621,520639,18,35
520586,520621,520641,20,35
520586,520621,520641,20,35
520586,520621,520642,21,35
520648,520648,520661,13,0
520648,520648,520661,13,0
520648,520648,520661,13,0
520648,520648,520662,14,0
520648,520648,520661,13,0
520648,520648,520662,14,0
520648,520648,520662,14,0
520648,520648,520662,14,0
520648,520648,520662,14,0
520648,520648,520662,14,0
520648,520648,520662,14,0
520648,520648,520663,15,0
520648,520648,520663,15,0
520648,520648,520663,15,0
520648,520648,520663,15,0
520648,520648,520663,15,0
520648,520648,520663,15,0
520648,520648,520663,15,0
520648,520648,520663,15,0
520648,520648,520662,14,0
520648,520648,520664,16,0
520648,520648,520664,16,0
520648,520648,520664,16,0
520648,520648,520663,15,0
520648,520648,520664,16,0
520648,520648,520664,16,0
520648,520648,520664,16,0
520648,520648,520664,16,0
520648,520648,520665,17,0
520648,520648,520665,17,0
520648,520648,520665,17,0
520648,520648,520666,18,0
520648,520648,520666,18,0
520648,520648,520665,17,0
520648,520648,520665,17,0
520648,520648,520665,17,0
520648,520648,520666,18,0
520648,520648,520666,18,0
520648,520648,520666,18,0
520648,520648,520665,17,0
520648,520648,520666,18,0
520648,520648,520666,18,0
520648,520648,520666,18,0
520648,520648,520666,18,0
520648,520648,520666,18,0
520648,520648,520666,18,0
520648,520648,520666,18,0
520648,520648,520666,18,0
520648,520648,520666,18,0
520648,520648,520666,18,0
520648,520648,520667,19,0
520648,520648,520667,19,0
520648,520648,520667,19,0
520648,520648,520667,19,0
520648,520648,520668,20,0
520648,520648,520669,21,0
520648,520648,520668,20,0
520648,520648,520668,20,0
520648,520648,520668,20,0
520648,520648,520669,21,0
520648,520648,520669,21,0
520648,520648,520669,21,0
520648,520648,520669,21,0
520648,520648,520670,22,0
520648,520648,520670,22,0
520648,520648,520670,22,0
520648,520648,520671,23,0
520648,520648,520670,22,0
520648,520661,520671,10,13
520648,520648,520671,23,0
520648,520648,520671,23,0
520648,520661,520672,11,13
520648,520661,520672,11,13
520648,520648,520672,24,0
520648,520662,520673,11,14
520648,520662,520673,11,14
520648,520664,520673,9,16
520648,520664,520674,10,16
520648,520663,520674,11,15
520648,520648,520674,26,0
520648,520662,520674,12,14
520648,520663,520675,12,15
520648,520663,520676,13,15
520648,520665,520676,11,17
520648,520662,520676,14,14
520648,520665,520676,11,17
520648,520663,520676,13,15
520648,520664,520676,12,16
520648,520664,520677,13,16
520648,520663,520677,14,15
520648,520663,520678,15,15
520648,520666,520678,12,18
520648,520662,520677,15,14
520648,520663,520677,14,15
520648,520662,520677,15,14
520648,520662,520677,15,14
520648,520665,520677,12,17
520648,520664,520677,13,16
520648,520664,520677,13,16
520648,520663,520678,15,15
520648,520666,520678,12,18
520648,520664,520678,14,16
520648,520663,520678,15,15
520648,520666,520679,13,18
520648,520666,520679,13,18
520648,520662,520679,17,14
520648,520665,520679,14,17
520648,520666,520681,15,18
520648,520667,520681,14,19
520648,520666,520681,15,18
520648,520666,520681,15,18
520648,520668,520682,14,20
520648,520666,520682,16,18
520648,520667,520684,17,19
520648,520666,520683,17,18
520648,520669,520683,14,21
520648,520666,520684,18,18
520648,520667,520684,17,19
520648,520669,520685,16,21
520648,520667,520684,17,19
520648,520669,520684,15,21
520648,520673,520685,12,25
520648,520673,520685,12,25
520648,520672,520685,13,24
520648,520667,520685,18,19
520648,520670,520685,15,22
520648,520667,520685,18,19
520648,520668,520686,18,20
520648,520668,520686,18,20
520648,520670,520685,15,22
520648,520673,520686,13,25
520648,520675,520686,11,27
520648,520670,520686,16,22
520648,520670,520686,16,22
520648,520671,520687,16,23
520648,520668,520687,19,20
520648,520667,520687,20,19
520648,520671,520687,16,23
520648,520673,520687,14,25
520648,520676,520688,12,28
520648,520674,520687,13,26
520648,520670,520688,18,22
520648,520671,520687,16,23
520648,520667,520687,20,19
520648,520676,520688,12,28
520648,520675,520688,13,27
520648,520667,520688,21,19
520648,520673,520688,15,25
520648,520679,520689,10,31
520648,520671,520689,18,23
520648,520672,520689,17,24
520648,520668,520690,22,20
520648,520671,520689,18,23
520648,520677,520690,13,29
520648,520672,520690,18,24
520648,520678,520692,14,30
520648,520677,520693,16,29
520648,520677,520692,15,29
520648,520678,520692,14,30
520648,520679,520692,13,31
520648,520675,520692,17,27
520648,520678,520692,14,30
520648,520678,520693,15,30
520648,520678,520693,15,30
520648,520677,520693,16,29
520648,520678,520693,15,30
520648,520678,520694,16,30
520648,520678,520694,16,30
520648,520682,520695,13,34
520648,520686,520696,10,38
520648,520680,520696,16,32
520648,520679,520696,17,31
520648,520686,520696,10,38
520648,520686,520696,10,38
520648,520680,520696,16,32
520648,520679,520697,18,31
520648,520684,520697,13,36
520648,520677,520697,20,29
520648,520683,520697,14,35
520648,520678,520697,19,30
520648,520680,520697,17,32
520648,520684,520698,14,36
520648,520680,520699,19,32
520648,520685,520699,14,37
520648,520677,520699,22,29
520648,520685,520699,14,37
520648,520677,520699,22,29
520648,520682,520700,18,34
520648,520683,520700,17,35
520648,520678,520699,21,30
520648,520685,520699,14,37
520648,520685,520700,15,37
520648,520685,520700,15,37
520648,520684,520700,16,36
520648,520686,520701,15,38
520648,520681,520700,19,33
520648,520686,520701,15,38
520648,520686,520701,15,38
520648,520682,520702,20,34
520648,520686,520704,18,38
520710,520711,520720,9,1
520710,520711,520721,10,1
520710,520711,520721,10,1
520710,520711,520721,10,1
520710,520711,520721,10,1
520710,520711,520723,12,1
520710,520711,520722,11,1
520710,520711,520722,11,1
520710,520711,520723,12,1
520710,520711,520723,12,1
520710,520711,520723,12,1
520710,520711,520723,12,1
520710,520711,520724,13,1
520710,520711,520724,13,1
520710,520711,520724,13,1
520710,520711,520724,13,1
520710,520711,520724,13,1
520710,520711,520724,13,1
520710,520711,520724,13,1
520710,520711,520724,13,1
520710,520711,520725,14,1
520710,520711,520724,13,1
520710,520711,520725,14,1
520710,520711,520725,14,1
520710,520711,520725,14,1
520710,520711,520725,14,1
520710,520711,520725,14,1
520710,520711,520725,14,1
520710,520711,520725,14,1
520710,520711,520725,14,1
520710,520711,520725,14,1
520710,520711,520726,15,1
520710,520711,520726,15,1
520710,520711,520727,16,1
520710,520711,520726,15,1
520710,520711,520727,16,1
520710,520711,520728,17,1
520710,520711,520727,16,1
520710,520711,520729,18,1
520710,520711,520730,19,1
520710,520711,520730,19,1
503864,503866,547521,43655,2
547519,547522,547639,117,3
582445,582445,583849,1404,0
582416,582416,583871,1455,0
582448,582448,583876,1428,0
582407,582407,583890,1483,0
582411,582411,583890,1479,0
582401,582401,583895,1494,0
582424,582424,583919,1495,0
582455,582455,583935,1480,0
582461,582462,583952,1490,1
582432,582432,583959,1527,0
582402,582403,583960,1557,1
582404,582405,583984,1579,1
582418,582421,583991,1570,3
583853,583853,584006,153,0
583853,583853,584008,155,0
583853,583853,584009,156,0
583853,583853,584009,156,0
583853,583853,584012,159,0
583853,583853,584012,159,0
583853,583853,584012,159,0
583853,583853,584013,160,0
583853,583853,584013,160,0
583853,583853,584015,162,0
583853,583853,584015,162,0
583853,583853,584015,162,0
582384,582384,584016,1632,0
582439,582439,584017,1578,0
583853,583853,584017,164,0
583853,583853,584017,164,0
583853,583853,584019,166,0
583853,583853,584019,166,0
583853,583853,584020,167,0
583853,583853,584020,167,0
583853,583853,584021,168,0
582409,582409,584022,1613,0
583853,583853,584023,170,0
583853,583853,584026,173,0
583853,583853,584026,173,0
583853,583853,584027,174,0
583853,583853,584027,174,0
583853,583853,584028,175,0
583853,583853,584028,175,0
583853,583853,584028,175,0
583853,583853,584030,177,0
582380,582380,584029,1649,0
583853,583853,584029,176,0
583853,583853,584031,178,0
583853,583853,584032,179,0
583853,583853,584033,180,0
583853,583853,584033,180,0
583853,583853,584033,180,0
583853,583853,584036,183,0
583853,583853,584038,185,0
583853,583853,584037,184,0
583853,583853,584038,185,0
583853,583853,584038,185,0
583853,583853,584039,186,0
583853,583853,584041,188,0
582426,582429,584047,1618,3
583853,583871,584047,176,18
583853,583890,584049,159,37
583853,583891,584049,158,38
582465,582481,584051,1570,16
583853,583877,584060,183,24
583853,583895,584068,173,42
583853,583919,584078,159,66
583853,583936,584083,147,83
582451,582481,584098,1617,30
582442,582442,584100,1658,0
583853,583952,584110,158,99
582379,582379,584120,1741,0
582389,582389,584121,1732,0
583853,583960,584127,167,107
583853,583959,584134,175,106
582385,582385,584139,1754,0
582386,582386,584141,1755,0
582458,582481,584143,1662,23
583853,583985,584148,163,132
583853,584008,584151,143,155
583853,584015,584159,144,162
583853,584013,584160,147,160
583853,583991,584163,172,138
583853,584012,584165,153,159
583853,584009,584166,157,156
583853,584024,584165,141,171
582388,582388,584166,1778,0
583853,584022,584169,147,169
583853,584018,584169,151,165
583853,584029,584172,143,176
582391,582391,584173,1782,0
583853,584016,584174,158,163
582382,582382,584175,1793,0
583853,584022,584178,156,169
583853,584018,584180,162,165
582394,582394,584183,1789,0
583853,584013,584183,170,160
583853,584020,584184,164,167
583853,584030,584184,154,177
583853,584033,584184,151,180
583853,584017,584185,168,164
583853,584016,584185,169,163
583853,584030,584187,157,177
583853,584013,584187,174,160
583853,584010,584188,178,157
583853,584014,584188,174,161
582392,582392,584190,1798,0
583853,584021,584192,171,168
583853,584042,584193,151,189
583853,584006,584193,187,153
583853,584027,584194,167,174
583853,584034,584195,161,181
583853,584029,584198,169,176
583853,584023,584201,178,170
583853,584020,584202,182,167
583853,584038,584201,163,185
583853,584028,584202,174,175
583853,584017,584203,186,164
583853,584050,584203,153,197
583853,584027,584203,176,174
583853,584034,584207,173,181
583853,584038,584208,170,185
583853,584048,584208,160,195
583853,584040,584207,167,187
583853,584050,584211,161,197
583853,584030,584212,182,177
583853,584029,584214,185,176
583853,584039,584214,175,186
583853,584039,584215,176,186
583853,584061,584216,155,208
582429,582429,584218,1789,0
583853,584031,584220,189,178
583853,584034,584221,187,181
583853,584028,584221,193,175
583853,584052,584222,170,199
582421,582421,584224,1803,0
583853,584048,584229,181,195
583853,584037,584230,193,184
583853,584069,584235,166,216
582399,582399,584237,1838,0
583853,584079,584245,166,226
582436,582436,584252,1816,0
583853,584083,584257,174,230
583853,584098,584258,160,245
583853,584101,584259,158,248
582395,582395,584263,1868,0
583853,584122,584266,144,269
583853,584110,584269,159,257
582397,582397,584269,1872,0
583853,584121,584277,156,268
582381,582381,584283,1902,0
583853,584140,584285,145,287
582383,582383,584287,1904,0
583853,584127,584299,172,274
583853,584134,584303,169,281
582414,582414,584311,1897,0
583853,584144,584314,170,291
583853,584149,584317,168,296
583853,584169,584324,155,316
583853,584161,584327,166,308
583853,584167,584329,162,314
583853,584151,584328,177,298
583853,584166,584330,164,313
583853,584159,584332,173,306
583853,584166,584334,168,313
583853,584163,584335,172,310
583853,584142,584336,194,289
583853,584173,584336,163,320
583853,584176,584341,165,323
583853,584169,584341,172,316
583853,584188,584341,153,335
583853,584175,584342,167,322
583853,584179,584344,165,326
583853,584184,584347,163,331
583853,584187,584351,164,334
583853,584184,584352,168,331
583853,584185,584353,168,332
583853,584188,584354,166,335
583853,584185,584354,169,332
583853,584165,584354,189,312
583853,584174,584355,181,321
583853,584185,584357,172,332
583853,584184,584357,173,331
583853,584195,584360,165,342
583853,584181,584361,180,328
583853,584203,584362,159,350
583853,584183,584363,180,330
583853,584193,584364,171,340
583853,584193,584368,175,340
583853,584202,584368,166,349
583853,584202,584369,167,349
583853,584208,584370,162,355
583853,584204,584372,168,351
583853,584189,584376,187,336
583853,584194,584376,182,341
583853,584202,584376,174,349
583853,584214,584377,163,361
583853,584214,584377,163,361
583853,584208,584380,172,355
583853,584223,584381,158,370
583853,584213,584381,168,360
583853,584217,584382,165,364
583853,584205,584384,179,352
583853,584208,584383,175,355
583853,584224,584385,161,371
583853,584196,584387,191,343
583853,584216,584386,170,363
583853,584190,584386,196,337
583853,584221,584392,171,368
583853,584199,584393,194,346
583853,584222,584396,174,369
583853,584218,584397,179,365
583853,584230,584399,169,377
583853,584212,584399,187,359
583853,584221,584399,178,368
583853,584203,584400,197,350
583853,584208,584402,194,355
583853,584237,584404,167,384
583853,584231,584406,175,378
583853,584235,584408,173,382
583853,584259,584417,158,406
583853,584253,584419,166,400
583853,584246,584423,177,393
583853,584259,584426,167,406
583853,584257,584427,170,404
583853,584264,584430,166,411
583853,584267,584434,167,414
583853,584269,584436,167,416
583853,584286,584443,157,433
583853,584288,584448,160,435
583853,584277,584451,174,424
583853,584269,584458,189,416
583853,584284,584461,177,431
583853,584304,584481,177,451
583853,584314,584482,168,461
583853,584325,584486,161,472
583853,584330,584489,159,477
583853,584329,584493,164,476
583853,584299,584494,195,446
583853,584341,584498,157,488
583853,584328,584500,172,475
583853,584336,584501,165,483
583853,584318,584502,184,465
583853,584337,584503,166,484
583853,584341,584502,161,488
583853,584335,584503,168,482
583853,584341,584503,162,488
583853,584356,584518,162,503
583853,584347,584518,171,494
583853,584329,584519,190,476
583853,584345,584518,173,492
583853,584355,584519,164,502
583853,584335,584520,185,482
583853,584352,584520,168,499
583853,584354,584520,166,501
583853,584333,584521,188,480
583853,584370,584525,155,517
583853,584364,584525,161,511
583853,584342,584527,185,489
583853,584357,584529,172,504
583853,584363,584529,166,510
583853,584362,584531,169,509
583853,584353,584533,180,500
583853,584312,584535,223,459
583853,584368,584535,167,515
583853,584361,584535,174,508
583853,584355,584536,181,502
583853,584372,584537,165,519
583853,584382,584537,155,529
583853,584387,584537,150,534
583853,584353,584538,185,500
583853,584358,584538,180,505
583853,584371,584538,167,518
583853,584377,584539,162,524
583853,584383,584541,158,530
583853,584380,584542,162,527
583853,584386,584544,158,533
583853,584377,584546,169,524
583873,584400,584547,147,527
583873,584400,584547,147,527
583853,584364,584549,185,511
583853,584377,584549,172,524
583853,584382,584549,167,529
583853,584385,584554,169,532
583853,584377,584554,177,524
583853,584368,584557,189,515
583853,584394,584557,163,541
583853,584384,584559,175,531
583873,584401,584559,158,528
583873,584405,584561,156,532
583853,584397,584561,164,544
583853,584387,584561,174,534
583873,584400,584562,162,527
583873,584418,584565,147,545
583853,584393,584566,173,540
583853,584378,584570,192,525
583873,584420,584569,149,547
583873,584409,584570,161,536
583873,584402,584571,169,529
583853,584387,584573,186,534
583873,584435,584576,141,562
583873,584407,584578,171,534
583873,584423,584578,155,550
583873,584426,584579,153,553
583873,584430,584580,150,557
583873,584427,584585,158,554
583873,584436,584600,164,563
583873,584444,584606,162,571
583873,584448,584609,161,575
583873,584462,584611,149,589
583873,584451,584615,164,578
583873,584459,584618,159,586
583873,584483,584639,156,610
583873,584489,584648,159,616
583873,584482,584648,166,609
583873,584487,584652,165,614
583873,584494,584659,165,621
583873,584498,584659,161,625
583873,584494,584663,169,621
583873,584503,584665,162,630
583873,584503,584668,165,630
583873,584500,584669,169,627
583873,584521,584669,148,648
583873,584504,584673,169,631
583873,584502,584673,171,629
583873,584526,584679,153,653
583873,584529,584680,151,656
583873,584503,584680,177,630
583873,584519,584683,164,646
583873,584504,584683,179,631
583873,584534,584686,152,661
583873,584542,584687,145,669
583873,584537,584688,151,664
583873,584519,584687,168,646
583873,584521,584688,167,648
583873,584535,584690,155,662
583873,584527,584691,164,654
583873,584520,584692,172,647
583873,584539,584694,155,666
583873,584551,584695,144,678
583873,584519,584695,176,646
583873,584538,584698,160,665
583873,584521,584698,177,648
583873,584532,584699,167,659
583873,584542,584701,159,669
583873,584520,584701,181,647
583873,584537,584701,164,664
583873,584536,584702,166,663
583873,584535,584703,168,662
583873,584537,584703,166,664
583873,584529,584704,175,656
583873,584538,584706,168,665
583873,584547,584707,160,674
583873,584538,584709,171,665
583873,584559,584712,153,686
583873,584548,584712,164,675
583873,584562,584713,151,689
583873,584545,584715,170,672
583873,584519,584716,197,646
583873,584566,584716,150,693
583873,584562,584716,154,689
583873,584557,584717,160,684
583873,584525,584717,192,652
583873,584576,584721,145,703
583873,584540,584722,182,667
583873,584550,584722,172,677
583873,584561,584722,161,688
583873,584559,584725,166,686
583873,584554,584726,172,681
583873,584550,584730,180,677
583873,584567,584730,163,694
583873,584570,584730,160,697
583873,584572,584733,161,699
583873,584546,584736,190,673
583873,584558,584736,178,685
583873,584574,584739,165,701
583873,584580,584740,160,707
583873,584555,584742,187,682
583873,584562,584741,179,689
583873,584581,584741,160,708
583873,584570,584744,174,697
583873,584579,584745,166,706
583873,584579,584754,175,706
583873,584600,584759,159,727
583873,584607,584759,152,734
583873,584571,584765,194,698
583873,584586,584769,183,713
583873,584610,584781,171,737
583873,584611,584782,171,738
583873,584619,584786,167,746
583873,584615,584800,185,742
583873,584640,584800,160,767
583873,584653,584800,147,780
583873,584648,584802,154,775
583873,584649,584803,154,776
583873,584660,584808,148,787
583873,584660,584810,150,787
583873,584665,584811,146,792
583873,584669,584820,151,796
583873,584670,584821,151,797
583873,584669,584823,154,796
583873,584680,584831,151,807
583873,584680,584833,153,807
583873,584674,584835,161,801
583873,584664,584836,172,791
583873,584680,584837,157,807
583873,584673,584842,169,800
583873,584696,584846,150,823
583873,584703,584849,146,830
583873,584698,584852,154,825
583873,584690,584853,163,817
583873,584683,584857,174,810
583873,584684,584859,175,811
583873,584703,584860,157,830
583873,584694,584861,167,821
583873,584693,584864,171,820
583873,584695,584864,169,822
583873,584688,584865,177,815
583873,584702,584865,163,829
583873,584686,584865,179,813
583873,584701,584866,165,828
583873,584698,584866,168,825
583873,584691,584868,177,818
583873,584707,584868,161,834
583873,584688,584869,181,815
583873,584716,584869,153,843
583873,584688,584874,186,815
583873,584718,584874,156,845
583873,584704,584877,173,831
583873,584710,584878,168,837
583873,584716,584879,163,843
583873,584716,584879,163,843
583873,584702,584881,179,829
583873,584712,584881,169,839
583873,584706,584880,174,833
583873,584689,584881,192,816
583873,584722,584884,162,849
583873,584713,584884,171,840
583873,584717,584884,167,844
583873,584702,584885,183,829
583873,584716,584885,169,843
583873,584713,584887,174,840
583873,584726,584889,163,853
583873,584723,584890,167,850
583873,584700,584893,193,827
583873,584725,584898,173,852
583873,584722,584906,184,849
583873,584745,584907,162,872
583873,584737,584907,170,864
583873,584731,584906,175,858
583873,584737,584908,171,864
583873,584731,584908,177,858
583873,584741,584910,169,868
583873,584755,584912,157,882
583873,584742,584911,169,869
583873,584731,584911,180,858
583873,584733,584913,180,860
583873,584745,584913,168,872
583873,584742,584918,176,869
583873,584742,584919,177,869
583873,584759,584923,164,886
583873,584766,584924,158,893
583873,584769,584928,159,896
583873,584740,584929,189,867
583873,584722,584933,211,849
583873,584759,584939,180,886
583873,584783,584947,164,910
583873,584787,584955,168,914
583873,584781,584958,177,908
583873,584801,584959,158,928
583873,584801,584962,161,928
583873,584809,584962,153,936
583873,584803,584968,165,930
583873,584804,584970,166,931
583873,584800,584971,171,927
583873,584824,584978,154,951
583873,584810,584984,174,937
583873,584812,584990,178,939
583873,584822,584994,172,949
583873,584864,584994,130,991
583873,584832,584997,165,959
583873,584835,584998,163,962
583873,584821,585000,179,948
583873,584834,585007,173,961
583873,584837,585007,170,964
583873,584842,585008,166,969
583873,584838,585008,170,965
583873,584847,585008,161,974
583873,584853,585009,156,980
583873,584860,585018,158,987
583873,584868,585019,151,995
583873,584874,585026,152,1001
583873,584867,585026,159,994
583873,584869,585027,158,996
583873,584881,585028,147,1008
583873,584865,585029,164,992
583873,584861,585030,169,988
583873,584886,585030,144,1013
583873,584854,585030,176,981
583873,584857,585033,176,984
583873,584866,585033,167,993
583873,584885,585034,149,1012
583873,584864,585035,171,991
583873,584865,585035,170,992
583873,584866,585041,175,993
583873,584849,585043,194,976
583873,584885,585043,158,1012
583873,584880,585044,164,1007
583873,584881,585045,164,1008
583873,584907,585046,139,1034
583873,584881,585047,166,1008
583873,584877,585050,173,1004
583873,584874,585051,177,1001
583873,584879,585051,172,1006
583873,584861,585051,190,988
583873,584879,585051,172,1006
583873,584912,585052,140,1039
583873,584890,585053,163,1017
583873,584887,585054,167,1014
583873,584869,585055,186,996
583873,584885,585057,172,1012
583873,584870,585058,188,997
583873,584907,585058,151,1034
583873,584908,585058,150,1035
583873,584885,585059,174,1012
583873,584906,585062,156,1033
583873,584899,585062,163,1026
583873,584907,585065,158,1034
583873,584911,585065,154,1038
583873,584882,585065,183,1009
583873,584914,585068,154,1041
583873,584918,585071,153,1045
583878,584934,585072,138,1056
583873,584895,585072,177,1022
583873,584913,585072,159,1040
583873,584891,585075,184,1018
583873,584912,585076,164,1039
583873,584920,585077,157,1047
583873,584924,585080,156,1051
583873,584914,585081,167,1041
583873,584908,585082,174,1035
583873,584923,585089,166,1050
583878,584948,585095,147,1070
583878,584940,585103,163,1062
583878,584963,585103,140,1085
583878,584929,585113,184,1051
583878,584958,585114,156,1080
583878,584963,585121,158,1085
583878,584968,585123,155,1090
583878,584978,585124,146,1100
583878,584956,585126,170,1078
583878,584972,585126,154,1094
583878,584959,585128,169,1081
583878,584991,585129,138,1113
583878,584971,585138,167,1093
583878,584984,585143,159,1106
583878,584998,585155,157,1120
583878,584995,585157,162,1117
583878,584995,585157,162,1117
583878,584998,585159,161,1120
583878,585000,585165,165,1122
583878,585007,585166,159,1129
583878,585008,585166,158,1130
583878,585008,585172,164,1130
583878,585019,585176,157,1141
583878,585008,585179,171,1130
583878,585008,585183,175,1130
583878,585020,585183,163,1142
583878,585027,585185,158,1149
583878,585031,585187,156,1153
583878,585009,585187,178,1131
583878,585030,585190,160,1152
583878,585028,585190,162,1150
583878,585041,585197,156,1163
583878,585035,585198,163,1157
583878,585044,585200,156,1166
583878,585036,585201,165,1158
583878,585026,585203,177,1148
583878,585059,585203,144,1181
583878,585031,585205,174,1153
583878,585031,585206,175,1153
583878,585033,585207,174,1155
583878,585043,585208,165,1165
583878,585043,585208,165,1165
583878,585058,585208,150,1180
583878,585052,585209,157,1174
583878,585036,585209,173,1158
583878,585047,585211,164,1169
583878,585058,585212,154,1180
583878,585065,585213,148,1187
583878,585056,585214,158,1178
583878,585046,585214,168,1168
583878,585029,585216,187,1151
583878,585053,585216,163,1175
583878,585058,585218,160,1180
583878,585055,585218,163,1177
583878,585050,585221,171,1172
583878,585063,585221,158,1185
583878,585051,585222,171,1173
583878,585051,585224,173,1173
583878,585071,585225,154,1193
583878,585062,585226,164,1184
583878,585077,585226,149,1199
583878,585033,585228,195,1155
583878,585051,585229,178,1173
583878,585054,585233,179,1176
583878,585068,585234,166,1190
583878,585076,585234,158,1198
583878,585065,585234,169,1187
583878,585080,585235,155,1202
583878,585066,585237,171,1188
583878,585076,585238,162,1198
583878,585057,585240,183,1179
583878,585072,585240,168,1194
583878,585072,585242,170,1194
583878,585048,585244,196,1170
583878,585073,585246,173,1195
583878,585090,585250,160,1212
583878,585083,585254,171,1205
583878,585103,585256,153,1225
583878,585082,585261,179,1204
583878,585103,585261,158,1225
583878,585124,585276,152,1246
583878,585096,585277,181,1218
583878,585114,585277,163,1236
583878,585122,585290,168,1244
583878,585128,585290,162,1250
583878,585114,585294,180,1236
583878,585127,585294,167,1249
583878,585129,585297,168,1251
583878,585125,585302,177,1247
583878,585138,585304,166,1260
583878,585159,585308,149,1281
583878,585144,585308,164,1266
583878,585127,585310,183,1249
583878,585156,585314,158,1278
583878,585158,585318,160,1280
583878,585158,585320,162,1280
583878,585166,585328,162,1288
583878,585183,585335,152,1305
583878,585180,585339,159,1302
583878,585167,585340,173,1289
583878,585185,585341,156,1307
583878,585190,585343,153,1312
583878,585176,585346,170,1298
583878,585198,585346,148,1320
583878,585166,585348,182,1288
583878,585172,585350,178,1294
583878,585202,585351,149,1324
583878,585188,585354,166,1310
583878,585191,585357,166,1313
583878,585209,585361,152,1331
583878,585204,585361,157,1326
583878,585188,585363,175,1310
583878,585201,585363,162,1323
583878,585184,585367,183,1306
583878,585219,585373,154,1341
583878,585208,585373,165,1330
583878,585212,585375,163,1334
583878,585209,585378,169,1331
583878,585215,585379,164,1337
583878,585209,585380,171,1331
583878,585198,585379,181,1320
583878,585207,585381,174,1329
583878,585216,585381,165,1338
583878,585228,585381,153,1350
583878,585204,585381,177,1326
583878,585210,585385,175,1332
583878,585214,585384,170,1336
583878,585225,585386,161,1347
583878,585216,585386,170,1338
583878,585226,585387,161,1348
583878,585222,585391,169,1344
583878,585233,585392,159,1355
583878,585226,585393,167,1348
583878,585205,585394,189,1327
583878,585211,585393,182,1333
583878,585234,585394,160,1356
583878,585209,585395,186,1331
583878,585227,585396,169,1349
583878,585219,585397,178,1341
583878,585230,585399,169,1352
583878,585222,585399,177,1344
583878,585235,585403,168,1357
583878,585238,585406,168,1360
583878,585221,585406,185,1343
583878,585214,585407,193,1336
583878,585235,585407,172,1357
583878,585238,585410,172,1360
583878,585245,585411,166,1367
583878,585257,585411,154,1379
583878,585242,585413,171,1364
583878,585254,585415,161,1376
583878,585241,585418,177,1363
583878,585240,585422,182,1362
583878,585235,585422,187,1357
583878,585251,585425,174,1373
583878,585262,585427,165,1384
583878,585247,585434,187,1369
583878,585262,585438,176,1384
583878,585278,585442,164,1400
583878,585278,585447,169,1400
583878,585291,585448,157,1413
583878,585276,585449,173,1398
583878,585295,585455,160,1417
583878,585298,585462,164,1420
583878,585295,585462,167,1417
583878,585303,585462,159,1425
583878,585308,585469,161,1430
583878,585305,585472,167,1427
583878,585291,585475,184,1413
583878,585309,585481,172,1431
583878,585314,585484,170,1436
583878,585319,585484,165,1441
583878,585310,585496,186,1432
583878,585340,585499,159,1462
583878,585321,585502,181,1443
583878,585329,585502,173,1451
583878,585344,585507,163,1466
583878,585336,585510,174,1458
583878,585346,585514,168,1468
583878,585351,585519,168,1473
583878,585342,585520,178,1464
583878,585349,585524,175,1471
583878,585355,585524,169,1477
583878,585362,585527,165,1484
583878,585347,585527,180,1469
583878,585341,585527,186,1463
583878,585358,585531,173,1480
583878,585367,585536,169,1489
583878,585394,585536,142,1516
583878,585364,585537,173,1486
583878,585351,585540,189,1473
583878,585385,585544,159,1507
583878,585374,585544,170,1496
583878,585373,585546,173,1495
583878,585380,585547,167,1502
583878,585382,585548,166,1504
583878,585382,585549,167,1504
583878,585364,585551,187,1486
583878,585385,585552,167,1507
583878,585400,585556,156,1522
583878,585382,585557,175,1504
583878,585407,585558,151,1529
583878,585380,585558,178,1502
583878,585387,585558,171,1509
583878,585361,585547,186,1483
583878,585376,585556,180,1498
583878,585382,585560,178,1504
583878,585387,585549,162,1509
583878,585397,585561,164,1519
583878,585379,585565,186,1501
583878,585392,585569,177,1514
583878,585387,585569,182,1509
583878,585396,585569,173,1518
583878,585406,585569,163,1528
583878,585380,585571,191,1502
583878,585408,585571,163,1530
583878,585395,585572,177,1517
583878,585412,585574,162,1534
583878,585395,585575,180,1517
583878,585393,585575,182,1515
583878,585423,585579,156,1545
583878,585407,585581,174,1529
583878,585411,585584,173,1533
583878,585394,585586,192,1516
583878,585393,585585,192,1515
583878,585435,585586,151,1557
583878,585403,585586,183,1525
583878,585412,585586,174,1534
583878,585415,585590,175,1537
583878,585419,585591,172,1541
583878,585438,585590,152,1560
583878,585413,585594,181,1535
583878,585426,585597,171,1548
583878,585427,585597,170,1549
583878,585448,585602,154,1570
583878,585422,585603,181,1544
583878,585443,585607,164,1565
583878,585449,585608,159,1571
583878,585456,585607,151,1578
583878,585448,585611,163,1570
583878,585399,585620,221,1521
583878,585462,585622,160,1584
583878,585476,585629,153,1598
583878,585462,585630,168,1584
583892,585497,585631,134,1605
583878,585472,585632,160,1594
583878,585462,585634,172,1584
583892,585503,585636,133,1611
583878,585481,585636,155,1603
583892,585510,585641,131,1618
583878,585484,585646,162,1606
583892,585507,585647,140,1615
583878,585470,585648,178,1592
583892,585528,585653,125,1636
583892,585519,585654,135,1627
583892,585521,585656,135,1629
583892,585500,585656,156,1608
583892,585503,585659,156,1611
583892,585514,585661,147,1622
583892,585525,585662,137,1633
583892,585528,585674,146,1636
583892,585528,585674,146,1636
583892,585537,585680,143,1645
583892,585524,585684,160,1632
583892,585537,585685,148,1645
583892,585545,585688,143,1653
583892,585540,585691,151,1648
583892,585537,585692,155,1645
583892,585550,585698,148,1658
583892,585562,585699,137,1670
583892,585549,585702,153,1657
583892,585545,585703,158,1653
583892,585548,585706,158,1656
583892,585547,585707,160,1655
583892,585553,585711,158,1661
583892,585561,585714,153,1669
583892,585570,585714,144,1678
583892,585559,585720,161,1667
583892,585557,585722,165,1665
583892,585573,585723,150,1681
583892,585571,585723,152,1679
583892,585552,585723,171,1660
583892,585559,585723,164,1667
583892,585558,585723,165,1666
583892,585561,585724,163,1669
583892,585561,585723,162,1669
583892,585576,585726,150,1684
583892,585580,585726,146,1688
583892,585570,585726,156,1678
583892,585566,585729,163,1674
583892,585570,585729,159,1678
583892,585570,585732,162,1678
583892,585574,585734,160,1682
583892,585558,585736,178,1666
583892,585575,585738,163,1683
583892,585561,585738,177,1669
583892,585582,585739,157,1690
583892,585598,585739,141,1706
583892,585561,585745,184,1669
583892,585590,585745,155,1698
583892,585586,585745,159,1694
583892,585586,585746,160,1694
583892,585594,585746,152,1702
583892,585591,585748,157,1699
583892,585586,585749,163,1694
583892,585586,585756,170,1694
583892,585608,585757,149,1716
583892,585571,585758,187,1679
583892,585612,585758,146,1720
583892,585604,585760,156,1712
583892,585591,585764,173,1699
583892,585587,585763,176,1695
583892,585608,585767,159,1716
583892,585597,585768,171,1705
583892,585584,585769,185,1692
583892,585603,585783,180,1711
583892,585632,585785,153,1740
583892,585608,585784,176,1716
583892,585642,585789,147,1750
583892,585620,585792,172,1728
583892,585629,585793,164,1737
583892,585648,585794,146,1756
583892,585631,585795,164,1739
583853,584398,585801,1403,545
583892,585634,585801,167,1742
583892,585655,585801,146,1763
583892,585637,585807,170,1745
583892,585636,585809,173,1744
583892,585623,585811,188,1731
583892,585654,585813,159,1762
583892,585662,585813,151,1770
583892,585656,585816,160,1764
583892,585646,585817,171,1754
583892,585663,585819,156,1771
583892,585656,585823,167,1764
583892,585632,585826,194,1740
583892,585680,585829,149,1788
583892,585660,585830,170,1768
583892,585675,585839,164,1783
583892,585647,585840,193,1755
583892,585691,585844,153,1799
583892,585688,585846,158,1796
583892,585692,585848,156,1800
583892,585686,585849,163,1794
583892,585675,585851,176,1783
583892,585698,585851,153,1806
583892,585715,585854,139,1823
583892,585703,585855,152,1811
583892,585684,585856,172,1792
583892,585724,585864,140,1832
583892,585700,585864,164,1808
583892,585707,585867,160,1815
583892,585722,585867,145,1830
583892,585720,585876,156,1828
583892,585723,585877,154,1831
583892,585712,585880,168,1820
583892,585724,585881,157,1832
583892,585708,585881,173,1816
583892,585726,585883,157,1834
583892,585704,585888,184,1812
583892,585724,585887,163,1832
583892,585727,585888,161,1835
583892,585724,585889,165,1832
583892,585715,585892,177,1823
583892,585727,585893,166,1835
583892,585733,585893,160,1841
583892,585738,585896,158,1846
583892,585739,585900,161,1847
583892,585723,585903,180,1831
583892,585736,585904,168,1844
583892,585724,585907,183,1832
583892,585745,585910,165,1853
583892,585757,585911,154,1865
583892,585764,585915,151,1872
583892,585750,585915,165,1858
583892,585740,585916,176,1848
583892,585730,585916,186,1838
583892,585747,585917,170,1855
583892,585730,585917,187,1838
583892,585747,585918,171,1855
583892,585768,585918,150,1876
583892,585739,585918,179,1847
583892,585768,585919,151,1876
583892,585745,585920,175,1853
583892,585746,585921,175,1854
583892,585735,585921,186,1843
583892,585792,585933,141,1900
583892,585749,585932,183,1857
583892,585764,585935,171,1872
583892,585759,585936,177,1867
583892,585758,585937,179,1866
583892,585785,585940,155,1893
583892,585783,585945,162,1891
583892,585793,585945,152,1901
583892,585796,585953,157,1904
583892,585785,585954,169,1893
583892,585761,585955,194,1869
583892,585757,585958,201,1865
583892,585801,585959,158,1909
583892,585769,585959,190,1877
583892,585795,585962,167,1903
583892,585789,585962,173,1897
583892,585801,585966,165,1909
583892,585818,585968,150,1926
583892,585812,585968,156,1920
583892,585802,585971,169,1910
583892,585814,585977,163,1922
583892,585808,585981,173,1916
583892,585823,585984,161,1931
583892,585816,585985,169,1924
583892,585809,585985,176,1917
583892,585827,585987,160,1935
583892,585819,585990,171,1927
583892,585829,585998,169,1937
583892,585844,586001,157,1952
583892,585831,586001,170,1939
583892,585840,586001,161,1948
583892,585855,586003,148,1963
583892,585857,586007,150,1965
583892,585813,586009,196,1921
583892,585846,586010,164,1954
583892,585850,586010,160,1958
583892,585840,586010,170,1948
583892,585855,586014,159,1963
583892,585852,586016,164,1960
583892,585865,586018,153,1973
583892,585851,586022,171,1959
583892,585848,586026,178,1956
583892,585867,586029,162,1975
583892,585864,586032,168,1972
583892,585868,586036,168,1976
583892,585877,586040,163,1985
583892,585889,586044,155,1997
583892,585890,586044,154,1998
583892,585908,586044,136,2016
583892,585905,586045,140,2013
583892,585878,586045,167,1986
583892,585896,586045,149,2004
583892,585912,586046,134,2020
583892,585916,586047,131,2024
583892,585893,586048,155,2001
583892,585884,586048,164,1992
583892,585881,586048,167,1989
583892,585881,586049,168,1989
583892,585889,586049,160,1997
583892,585920,586049,129,2028
583892,585901,586052,151,2009
583892,585919,586052,133,2027
583892,585894,586057,163,2002
583892,585911,586058,147,2019
583892,585915,586058,143,2023
583892,585889,586058,169,1997
583892,585921,586059,138,2029
583892,585882,586060,178,1990
583892,585917,586061,144,2025
583892,585919,586065,146,2027
583892,585922,586067,145,2030
583892,585919,586067,148,2027
583892,585904,586068,164,2012
583892,585917,586068,151,2025
583892,585893,586072,179,2001
583892,585918,586075,157,2026
583892,585933,586079,146,2041
583892,585935,586079,144,2043
583892,585916,586080,164,2024
583892,585922,586085,163,2030
583892,585945,586085,140,2053
583892,585940,586088,148,2048
583892,585933,586094,161,2041
583892,585959,586097,138,2067
583892,585937,586097,160,2045
583892,585959,586101,142,2067
583892,585963,586103,140,2071
583892,585967,586105,138,2075
583892,585946,586112,166,2054
583892,585969,586112,143,2077
583892,585955,586112,157,2063
583892,585954,586113,159,2062
583892,585988,586116,128,2096
583892,585937,586117,180,2045
583892,585968,586118,150,2076
583892,585955,586117,162,2063
583892,585986,586118,132,2094
583892,585985,586118,133,2093
583892,585971,586119,148,2079
583892,585959,586122,163,2067
583892,585962,586129,167,2070
583892,585982,586130,148,2090
583892,585977,586134,157,2085
583892,585985,586137,152,2093
583892,585991,586143,152,2099
583892,586004,586151,147,2112
583892,586001,586152,151,2109
583892,585998,586152,154,2106
583892,586011,586153,142,2119
583892,586002,586158,156,2110
583892,586001,586159,158,2109
583892,586010,586160,150,2118
583892,586017,586160,143,2125
583892,586010,586161,151,2118
583892,586008,586162,154,2116
583892,586014,586162,148,2122
583892,586045,586165,120,2153
583892,586027,586165,138,2135
583892,586010,586170,160,2118
583892,586032,586171,139,2140
583892,586019,586171,152,2127
583892,586046,586176,130,2154
583892,586023,586176,153,2131
583892,586044,586181,137,2152
583892,586044,586183,139,2152
583892,586029,586185,156,2137
583892,586046,586186,140,2154
583892,586046,586187,141,2154
583892,586036,586189,153,2144
583892,586040,586193,153,2148
583892,586047,586195,148,2155
583892,586053,586203,150,2161
583892,586050,586203,153,2158
583892,586049,586208,159,2157
583892,586049,586208,159,2157
583892,586048,586209,161,2156
583892,586058,586210,152,2166
583892,586050,586212,162,2158
583892,586049,586212,163,2157
583892,586058,586216,158,2166
583892,586068,586218,150,2176
583892,586059,586219,160,2167
583892,586053,586223,170,2161
583892,586048,586225,177,2156
583892,586067,586228,161,2175
583892,586073,586229,156,2181
583892,586085,586234,149,2193
583892,586058,586236,178,2166
583892,586058,586235,177,2166
583892,586068,586236,168,2176
583892,586061,586237,176,2169
583892,586080,586236,156,2188
583892,586067,586237,170,2175
583892,586066,586237,171,2174
583892,586080,586240,160,2188
583892,586080,586243,163,2188
583892,586085,586243,158,2193
583892,586098,586252,154,2206
583892,586062,586254,192,2170
583892,586095,586254,159,2203
583892,586089,586255,166,2197
583892,586118,586257,139,2226
583892,586113,586260,147,2221
583892,586102,586261,159,2210
583892,586075,586262,187,2183
583892,586104,586261,157,2212
583892,586106,586262,156,2214
583892,586097,586264,167,2205
583892,586113,586266,153,2221
583892,586112,586268,156,2220
583892,586119,586270,151,2227
583892,586123,586275,152,2231
583892,586119,586278,159,2227
583892,586131,586277,146,2239
583892,586118,586278,160,2226
583892,586118,586280,162,2226
583892,586130,586280,150,2238
583892,586116,586284,168,2224
583892,586113,586285,172,2221
583892,586117,586286,169,2225
583892,586134,586288,154,2242
583892,586162,586306,144,2270
583892,586153,586306,153,2261
583892,586163,586308,145,2271
583892,586152,586309,157,2260
583892,586137,586310,173,2245
583892,586163,586313,150,2271
583892,586144,586313,169,2252
583892,586160,586314,154,2268
583892,586154,586315,161,2262
583892,586165,586316,151,2273
583892,586171,586319,148,2279
583892,586161,586320,159,2269
583892,586158,586324,166,2266
583892,586176,586330,154,2284
583892,586177,586331,154,2285
583892,586153,586333,180,2261
583892,586159,586335,176,2267
583892,586190,586336,146,2298
583892,586183,586338,155,2291
583892,586187,586339,152,2295
583892,586170,586341,171,2278
583892,586166,586344,178,2274
583875,584928,586347,1419,1053
583892,586181,586351,170,2289
583892,586185,586351,166,2293
583892,586203,586353,150,2311
583892,586171,586356,185,2279
583892,586196,586359,163,2304
583892,586194,586361,167,2302
583892,586218,586362,144,2326
583892,586217,586363,146,2325
583892,586204,586364,160,2312
583892,586187,586366,179,2295
583892,586209,586367,158,2317
583892,586224,586367,143,2332
583892,586220,586369,149,2328
583892,586236,586370,134,2344
583892,586209,586373,164,2317
583892,586213,586373,160,2321
583892,586235,586374,139,2343
583892,586208,586375,167,2316
583892,586210,586380,170,2318
583892,586213,586381,168,2321
583892,586237,586391,154,2345
583892,586241,586393,152,2349
583892,586237,586392,155,2345
583892,586229,586399,170,2337
583892,586237,586402,165,2345
583892,586236,586403,167,2344
583892,586253,586404,151,2361
583892,586237,586407,170,2345
583892,586226,586408,182,2334
583892,586229,586411,182,2337
583892,586262,586411,149,2370
583892,586244,586419,175,2352
583892,586256,586420,164,2364
583892,586258,586422,164,2366
583892,586261,586422,161,2369
583892,586262,586424,162,2370
583892,586265,586426,161,2373
583892,586255,586428,173,2363
583892,586289,586428,139,2397
583892,586271,586429,158,2379
583892,586237,586430,193,2345
583892,586262,586431,169,2370
583892,586255,586434,179,2363
583892,586244,586440,196,2352
583892,586285,586444,159,2393
583892,586281,586446,165,2389
583892,586287,586446,159,2395
583892,586284,586449,165,2392
583892,586262,586449,187,2370
583892,586281,586450,169,2389
583892,586278,586450,172,2386
583892,586279,586451,172,2387
583892,586278,586452,174,2386
583892,586310,586453,143,2418
583892,586269,586454,185,2377
583892,586266,586455,189,2374
583892,586276,586459,183,2384
583892,586316,586461,145,2424
583892,586311,586465,154,2419
583892,586314,586466,152,2422
583892,586307,586466,159,2415
583892,586320,586474,154,2428
583892,586308,586476,168,2416
583892,586314,586479,165,2422
583892,586306,586480,174,2414
583892,586331,586485,154,2439
583892,586317,586490,173,2425
583892,586321,586491,170,2429
583892,586335,586493,158,2443
583892,586340,586495,155,2448
583892,586314,586496,182,2422
583892,586325,586497,172,2433
583892,586332,586501,169,2440
583892,586334,586503,169,2442
583892,586361,586503,142,2469
583892,586337,586505,168,2445
583892,586344,586505,161,2452
583892,586351,586507,156,2459
583892,586352,586508,156,2460
583892,586339,586512,173,2447
583892,586342,586514,172,2450
583892,586354,586514,160,2462
583892,586348,586515,167,2456
583892,586363,586520,157,2471
583892,586365,586523,158,2473
583892,586366,586532,166,2474
583892,586374,586533,159,2482
583892,586367,586534,167,2475
583892,586375,586535,160,2483
583892,586376,586537,161,2484
583892,586356,586537,181,2464
583892,586370,586537,167,2478
583892,586370,586539,169,2478
583892,586393,586544,151,2501
583892,586361,586546,185,2469
583892,586381,586547,166,2489
583892,586380,586547,167,2488
583892,586391,586548,157,2499
583892,586374,586550,176,2482
583892,586400,586553,153,2508
583892,586363,586553,190,2471
583892,586367,586553,186,2475
583892,586403,586557,154,2511
583892,586394,586558,164,2502
583892,586422,586560,138,2530
583892,586409,586561,152,2517
583892,586402,586561,159,2510
583892,586407,586565,158,2515
583892,586419,586567,148,2527
583892,586411,586568,157,2519
583892,586431,586569,138,2539
583892,586405,586569,164,2513
583892,586427,586573,146,2535
583892,586411,586573,162,2519
583892,586444,586575,131,2552
583892,586430,586583,153,2538
583892,586425,586586,161,2533
583892,586429,586586,157,2537
583892,586420,586589,169,2528
583892,586429,586590,161,2537
583892,586423,586591,168,2531
583892,586429,586594,165,2537
583892,586440,586594,154,2548
583892,586447,586596,149,2555
583892,586447,586598,151,2555
583892,586461,586601,140,2569
583892,586449,586604,155,2557
583892,586453,586605,152,2561
583892,586451,586606,155,2559
583892,586455,586607,152,2563
583892,586451,586608,157,2559
583892,586455,586609,154,2563
583892,586459,586615,156,2567
583892,586451,586615,164,2559
583892,586449,586617,168,2557
583892,586453,586619,166,2561
583892,586480,586622,142,2588
583892,586466,586623,157,2574
583892,586435,586624,189,2543
583892,586467,586625,158,2575
583892,586480,586628,148,2588
583892,586475,586631,156,2583
583892,586485,586634,149,2593
583892,586494,586637,143,2602
583892,586477,586639,162,2585
583892,586466,586642,176,2574
583892,586495,586643,148,2603
583892,586508,586646,138,2616
583892,586491,586646,155,2599
583892,586504,586646,142,2612
583892,586491,586646,155,2599
583892,586509,586647,138,2617
583892,586504,586649,145,2612
583892,586506,586655,149,2614
583892,586496,586657,161,2604
583892,586502,586660,158,2610
583892,586498,586660,162,2606
583892,586515,586661,146,2623
583892,586506,586667,161,2614
583896,586524,586674,150,2628
583892,586514,586674,160,2622
583892,586513,586678,165,2621
583896,586535,586679,144,2639
583896,586538,586684,146,2642
583896,586535,586688,153,2639
583896,586538,586689,151,2642
583896,586540,586691,151,2644
583896,586533,586693,160,2637
583896,586521,586694,173,2625
583896,586537,586696,159,2641
583896,586533,586702,169,2637
583896,586548,586709,161,2652
583896,586551,586708,157,2655
583896,586553,586711,158,2657
583896,586557,586711,154,2661
583896,586548,586712,164,2652
583896,586548,586715,167,2652
583896,586553,586716,163,2657
583896,586553,586717,164,2657
583896,586547,586717,170,2651
583896,586544,586721,177,2648
583896,586559,586721,162,2663
583896,586561,586722,161,2665
583896,586561,586723,162,2665
583896,586565,586726,161,2669
583896,586568,586728,160,2672
583896,586574,586729,155,2678
583896,586562,586731,169,2666
583896,586570,586739,169,2674
583896,586599,586739,140,2703
583896,586583,586741,158,2687
583896,586590,586742,152,2694
583896,586570,586746,176,2674
583896,586567,586749,182,2671
583896,586574,586750,176,2678
583896,586595,586755,160,2699
583896,586615,586756,141,2719
583896,586592,586756,164,2696
583896,586601,586756,155,2705
583896,586589,586758,169,2693
583896,586595,586761,166,2699
583896,586617,586761,144,2721
583896,586607,586762,155,2711
583896,586587,586763,176,2691
583896,586610,586763,153,2714
583896,586576,586764,188,2680
583896,586608,586769,161,2712
583896,586597,586770,173,2701
583896,586624,586775,151,2728
583896,586616,586775,159,2720
583896,586606,586780,174,2710
583896,586608,586782,174,2712
583896,586619,586783,164,2723
583896,586604,586783,179,2708
583896,586587,586784,197,2691
583896,586635,586785,150,2739
583896,586626,586786,160,2730
583896,586640,586791,151,2744
583896,586625,586792,167,2729
583896,586638,586793,155,2742
583896,586632,586797,165,2736
583896,586629,586797,168,2733
583896,586647,586804,157,2751
583896,586644,586805,161,2748
583896,586655,586804,149,2759
583896,586622,586805,183,2726
583896,586643,586806,163,2747
583896,586647,586809,162,2751
583896,586661,586814,153,2765
583896,586646,586814,168,2750
583896,586647,586815,168,2751
583896,586657,586819,162,2761
583896,586649,586819,170,2753
583896,586661,586818,157,2765
583896,586678,586828,150,2782
583896,586661,586830,169,2765
583896,586647,586837,190,2751
583896,586685,586838,153,2789
583896,586674,586839,165,2778
583896,586680,586843,163,2784
583896,586689,586846,157,2793
583896,586668,586849,181,2772
583896,586692,586852,160,2796
583896,586693,586854,161,2797
583896,586689,586854,165,2793
583896,586675,586857,182,2779
583896,586695,586857,162,2799
583896,586718,586859,141,2822
583896,586697,586863,166,2801
583896,586721,586867,146,2825
583896,586712,586870,158,2816
583896,586702,586871,169,2806
583896,586717,586872,155,2821
583896,586709,586873,164,2813
583896,586712,586875,163,2816
583896,586729,586876,147,2833
583896,586709,586879,170,2813
583896,586721,586878,157,2825
583896,586722,586879,157,2826
583896,586716,586881,165,2820
583896,586715,586881,166,2819
583896,586724,586882,158,2828
583896,586730,586886,156,2834
583896,586713,586892,179,2817
583896,586739,586892,153,2843
583896,586739,586897,158,2843
583896,586727,586902,175,2831
583896,586756,586902,146,2860
583896,586741,586903,162,2845
583879,585485,586905,1420,1606
583896,586742,586906,164,2846
583896,586731,586907,176,2835
583896,586759,586907,148,2863
583896,586757,586907,150,2861
583896,586750,586910,160,2854
583896,586757,586913,156,2861
583896,586755,586914,159,2859
583896,586747,586915,168,2851
583896,586762,586917,155,2866
583896,586749,586920,171,2853
583896,586762,586921,159,2866
583896,586764,586923,159,2868
583896,586775,586924,149,2879
583896,586764,586926,162,2868
583896,586771,586939,168,2875
583896,586792,586940,148,2896
583896,586764,586943,179,2868
583896,586763,586945,182,2867
583896,586770,586949,179,2874
583896,586776,586953,177,2880
583896,586786,586953,167,2890
583896,586793,586958,165,2897
583896,586781,586958,177,2885
583896,586794,586960,166,2898
583896,586782,586960,178,2886
583896,586785,586962,177,2889
583896,586784,586962,178,2888
583896,586783,586965,182,2887
583896,586797,586965,168,2901
583896,586806,586968,162,2910
583896,586819,586968,149,2923
583896,586786,586970,184,2890
583896,586798,586971,173,2902
583896,586806,586971,165,2910
583896,586804,586974,170,2908
583896,586815,586980,165,2919
583896,586805,586985,180,2909
583896,586805,586985,180,2909
583896,586815,586987,172,2919
583896,586819,586988,169,2923
583896,586809,586991,182,2913
583896,586830,586994,164,2934
583896,586828,586995,167,2932
583896,586816,586996,180,2920
583896,586819,586997,178,2923
583896,586839,587005,166,2943
583896,586844,587006,162,2948
583896,586838,587007,169,2942
583896,586839,587008,169,2943
583896,586846,587009,163,2950
583896,586854,587016,162,2958
583896,586858,587020,162,2962
583896,586860,587021,161,2964
583896,586855,587021,166,2959
583896,586852,587022,170,2956
583896,586858,587024,166,2962
583896,586849,587025,176,2953
583896,586876,587027,151,2980
583896,586864,587035,171,2968
583896,586879,587037,158,2983
583896,586871,587037,166,2975
583896,586871,587038,167,2975
583896,586873,587038,165,2977
583896,586867,587039,172,2971
583896,586881,587042,161,2985
583896,586873,587049,176,2977
583896,586879,587049,170,2983
583896,586875,587050,175,2979
583896,586892,587051,159,2996
583896,586883,587052,169,2987
583896,586908,587060,152,3012
583896,586881,587063,182,2985
583896,586893,587064,171,2997
583896,586908,587064,156,3012
583896,586880,587065,185,2984
583896,586897,587065,168,3001
583896,586913,587065,152,3017
583896,586911,587068,157,3015
583896,586903,587069,166,3007
583896,586887,587071,184,2991
583896,586907,587075,168,3011
583896,586904,587079,175,3008
583896,586918,587081,163,3022
583896,586902,587082,180,3006
583896,586908,587083,175,3012
583896,586923,587083,160,3027
583896,586914,587084,170,3018
583896,586927,587086,159,3031
583896,586916,587089,173,3020
583896,586939,587093,154,3043
583896,586921,587095,174,3025
583896,586920,587095,175,3024
583896,586940,587098,158,3044
583896,586924,587102,178,3028
583896,586946,587103,157,3050
583896,586943,587106,163,3047
583896,586954,587107,153,3058
583896,586949,587108,159,3053
583896,586906,587109,203,3010
583896,586969,587119,150,3073
583896,586963,587123,160,3067
583896,586958,587126,168,3062
583896,586965,587126,161,3069
583896,586961,587127,166,3065
583896,586965,587128,163,3069
583896,586988,587128,140,3092
583896,586974,587129,155,3078
583896,586970,587135,165,3074
583896,586985,587136,151,3089
583896,586954,587137,183,3058
583896,586961,587137,176,3065
583896,586981,587142,161,3085
583896,586969,587142,173,3073
583896,586994,587146,152,3098
583896,586959,587147,188,3063
583896,586963,587147,184,3067
583896,586992,587151,159,3096
583896,586985,587153,168,3089
583896,586989,587154,165,3093
583896,586996,587155,159,3100
583896,586972,587156,184,3076
583896,586972,587158,186,3076
583896,586996,587160,164,3100
583896,587009,587161,152,3113
583896,586997,587161,164,3101
583896,587021,587166,145,3125
583896,587009,587168,159,3113
583896,587006,587168,162,3110
583896,587021,587169,148,3125
583896,587025,587170,145,3129
583896,587008,587172,164,3112
583896,587017,587173,156,3121
583896,587006,587175,169,3110
583896,587022,587180,158,3126
583920,587050,587189,139,3130
583896,587023,587189,166,3127
583896,587024,587189,165,3128
583896,587038,587195,157,3142
583920,587050,587196,146,3130
583920,587052,587198,146,3132
583896,587037,587198,161,3141
583896,587028,587200,172,3132
583920,587049,587200,151,3129
583896,587036,587203,167,3140
583896,587039,587206,167,3143
583920,587066,587209,143,3146
583920,587069,587214,145,3149
583896,587038,587217,179,3142
583920,587065,587222,157,3145
583920,587061,587224,163,3141
583920,587082,587227,145,3162
583920,587052,587230,178,3132
583920,587065,587230,165,3145
583920,587069,587230,161,3149
583920,587065,587232,167,3145
583920,587065,587235,170,3145
583920,587076,587238,162,3156
583920,587072,587242,170,3152
583920,587083,587243,160,3163
583920,587063,587246,183,3143
583920,587080,587248,168,3160
583920,587084,587249,165,3164
583920,587084,587252,168,3164
583920,587095,587252,157,3175
583920,587087,587254,167,3167
583920,587083,587255,172,3163
583920,587093,587261,168,3173
583920,587103,587265,162,3183
583920,587106,587264,158,3186
583920,587090,587268,178,3170
583920,587110,587269,159,3190
583920,587096,587271,175,3176
583920,587107,587271,164,3187
583920,587098,587274,176,3178
583920,587104,587280,176,3184
583920,587126,587283,157,3206
583920,587128,587284,156,3208
583920,587120,587285,165,3200
583920,587127,587286,159,3207
583920,587108,587288,180,3188
583920,587123,587291,168,3203
583920,587129,587294,165,3209
583920,587147,587296,149,3227
583920,587127,587297,170,3207
583920,587138,587300,162,3218
583920,587148,587302,154,3228
583920,587158,587302,144,3238
583920,587128,587308,180,3208
583920,587142,587308,166,3222
583920,587137,587309,172,3217
583920,587135,587312,177,3215
583920,587142,587312,170,3222
583920,587167,587313,146,3247
583920,587153,587313,160,3233
583920,587154,587314,160,3234
583920,587156,587315,159,3236
583920,587148,587317,169,3228
583920,587138,587319,181,3218
583920,587157,587322,165,3237
583920,587152,587325,173,3232
583920,587174,587328,154,3254
583920,587161,587328,167,3241
583920,587171,587329,158,3251
583920,587162,587331,169,3242
583920,587169,587332,163,3249
583920,587161,587334,173,3241
583920,587169,587336,167,3249
583920,587169,587336,167,3249
583920,587173,587337,164,3253
583920,587175,587341,166,3255
583920,587189,587341,152,3269
583920,587198,587342,144,3278
583920,587201,587348,147,3281
583920,587195,587348,153,3275
583920,587190,587351,161,3270
583920,587181,587353,172,3261
583920,587190,587357,167,3270
583920,587200,587357,157,3280
583920,587199,587364,165,3279
583920,587197,587364,167,3277
583920,587203,587368,165,3283
583920,587206,587369,163,3286
583920,587209,587375,166,3289
583920,587218,587376,158,3298
583920,587227,587378,151,3307
583920,587223,587380,157,3303
583920,587214,587380,166,3294
583920,587230,587385,155,3310
583920,587225,587385,160,3305
583920,587236,587385,149,3316
583920,587233,587387,154,3313
583920,587230,587394,164,3310
583920,587243,587396,153,3323
583920,587253,587398,145,3333
583920,587248,587400,152,3328
583920,587231,587400,169,3311
583920,587256,587401,145,3336
583920,587253,587401,148,3333
583920,587246,587407,161,3326
583920,587238,587412,174,3318
583920,587243,587413,170,3323
583920,587255,587418,163,3335
583920,587283,587422,139,3363
583920,587270,587427,157,3350
583920,587262,587427,165,3342
583920,587286,587428,142,3366
583920,587272,587431,159,3352
583920,587274,587435,161,3354
583920,587269,587436,167,3349
583920,587265,587436,171,3345
583920,587281,587440,159,3361
583920,587249,587440,191,3329
583920,587288,587448,160,3368
583920,587265,587447,182,3345
583920,587284,587450,166,3364
583920,587287,587452,165,3367
583920,587272,587457,185,3352
583920,587302,587456,154,3382
583920,587295,587459,164,3375
583920,587297,587461,164,3377
583920,587291,587466,175,3371
583920,587302,587473,171,3382
583920,587308,587478,170,3388
583920,587313,587480,167,3393
583920,587315,587480,165,3395
583920,587310,587481,171,3390
583920,587312,587483,171,3392
583920,587313,587483,170,3393
583920,587318,587484,166,3398
583920,587301,587486,185,3381
583920,587297,587487,190,3377
583920,587329,587488,159,3409
583920,587309,587489,180,3389
583920,587329,587492,163,3409
583920,587331,587494,163,3411
583920,587316,587494,178,3396
583920,587326,587496,170,3406
583920,587334,587496,162,3414
583920,587329,587500,171,3409
583920,587314,587501,187,3394
583920,587343,587504,161,3423
583920,587320,587504,184,3400
583920,587348,587506,158,3428
583920,587322,587506,184,3402
583920,587337,587507,170,3417
583920,587337,587508,171,3417
583920,587342,587509,167,3422
583920,587336,587511,175,3416
583920,587354,587518,164,3434
583920,587352,587519,167,3432
583920,587348,587520,172,3428
583920,587332,587522,190,3412
583920,587357,587529,172,3437
583920,587365,587532,167,3445
583920,587341,587533,192,3421
583920,587368,587538,170,3448
583920,587357,587540,183,3437
583920,587401,587542,141,3481
583920,587381,587543,162,3461
583920,587375,587544,169,3455
583920,587379,587545,166,3459
583920,587365,587548,183,3445
583920,587399,587549,150,3479
583920,587386,587549,163,3466
583920,587377,587551,174,3457
583920,587387,587554,167,3467
583920,587380,587554,174,3460
583920,587401,587556,155,3481
583920,587394,587559,165,3474
583920,587386,587559,173,3466
583920,587385,587563,178,3465
583920,587396,587564,168,3476
583920,587400,587568,168,3480
583920,587401,587569,168,3481
583920,587370,587569,199,3450
583920,587407,587571,164,3487
583920,587413,587578,165,3493
583920,587432,587584,152,3512
583920,587412,587587,175,3492
583920,587427,587590,163,3507
583920,587437,587591,154,3517
583920,587428,587598,170,3508
583920,587418,587598,180,3498
583920,587440,587598,158,3520
583920,587423,587600,177,3503
583920,587428,587601,173,3508
583920,587452,587609,157,3532
583920,587440,587610,170,3520
583920,587436,587610,174,3516
583920,587457,587613,156,3537
583920,587436,587613,177,3516
583920,587451,587616,165,3531
583920,587448,587625,177,3528
583920,587448,587633,185,3528
583920,587457,587632,175,3537
583920,587473,587634,161,3553
583920,587462,587636,174,3542
583920,587466,587637,171,3546
583920,587488,587641,153,3568
583920,587460,587637,177,3540
583920,587486,587649,163,3566
583920,587481,587649,168,3561
583920,587481,587650,169,3561
583920,587484,587650,166,3564
583920,587488,587650,162,3568
583920,587490,587651,161,3570
583920,587483,587654,171,3563
583920,587479,587655,176,3559
583920,587483,587655,172,3563
583920,587480,587657,177,3560
583920,587494,587662,168,3574
583920,587495,587662,167,3575
583920,587504,587664,160,3584
583920,587507,587665,158,3587
583920,587493,587666,173,3573
583920,587496,587670,174,3576
583920,587512,587672,160,3592
583920,587510,587673,163,3590
583920,587501,587674,173,3581
583920,587497,587675,178,3577
583920,587502,587677,175,3582
583920,587508,587680,172,3588
583920,587507,587680,173,3587
583920,587530,587681,151,3610
583920,587520,587687,167,3600
583920,587518,587689,171,3598
583920,587505,587689,184,3585
583920,587522,587689,167,3602
583920,587542,587691,149,3622
583920,587509,587691,182,3589
583920,587534,587692,158,3614
583920,587520,587693,173,3600
583920,587555,587696,141,3635
583920,587545,587703,158,3625
583920,587539,587704,165,3619
583920,587533,587704,171,3613
583920,587549,587704,155,3629
583920,587549,587705,156,3629
583920,587541,587704,163,3621
583920,587550,587710,160,3630
583920,587544,587713,169,3624
583920,587552,587714,162,3632
583920,587544,587716,172,3624
583920,587557,587727,170,3637
583920,587565,587727,162,3645
583920,587569,587728,159,3649
583920,587568,587730,162,3648
583920,587559,587729,170,3639
583920,587555,587730,175,3635
583920,587569,587734,165,3649
583920,587559,587736,177,3639
583920,587564,587736,172,3644
583941,587599,587740,141,3658
583941,587579,587745,166,3638
583941,587598,587746,148,3657
583941,587602,587746,144,3661
583941,587601,587749,148,3660
583941,587590,587753,163,3649
583941,587585,587755,170,3644
583941,587611,587756,145,3670
583941,587598,587765,167,3657
583941,587610,587771,161,3669
583941,587587,587772,185,3646
583941,587610,587773,163,3669
583941,587613,587776,163,3672
583941,587617,587778,161,3676
583941,587592,587785,193,3651
583941,587625,587786,161,3684
583941,587642,587787,145,3701
583941,587633,587795,162,3692
583941,587633,587796,163,3692
583941,587638,587799,161,3697
583941,587637,587800,163,3696
583941,587650,587803,153,3709
583941,587647,587807,160,3706
583941,587635,587810,175,3694
583941,587655,587812,157,3714
583941,587649,587813,164,3708
583941,587658,587815,157,3717
583941,587650,587816,166,3709
583941,587647,587816,169,3706
583941,587650,587818,168,3709
583941,587651,587819,168,3710
583941,587652,587821,169,3711
583941,587654,587826,172,3713
583941,587675,587827,152,3734
583941,587663,587827,164,3722
583941,587665,587831,166,3724
583941,587674,587834,160,3733
583941,587656,587835,179,3715
583941,587671,587836,165,3730
583941,587675,587838,163,3734
583941,587691,587838,147,3750
583941,587677,587839,162,3736
583941,587680,587839,159,3739
583941,587673,587841,168,3732
583941,587664,587842,178,3723
583941,587667,587842,175,3726
583941,587663,587843,180,3722
583941,587689,587848,159,3748
583941,587688,587850,162,3747
583941,587705,587854,149,3764
583941,587682,587859,177,3741
583941,587690,587860,170,3749
583941,587705,587860,155,3764
583941,587697,587862,165,3756
583941,587692,587863,171,3751
583941,587710,587864,154,3769
583941,587694,587869,175,3753
583941,587705,587871,166,3764
583941,587690,587872,182,3749
583941,587714,587873,159,3773
583941,587680,587873,193,3739
583941,587717,587874,157,3776
583941,587704,587877,173,3763
583941,587693,587878,185,3752
583941,587704,587879,175,3763
583941,587735,587883,148,3794
583941,587740,587889,149,3799
583941,587730,587890,160,3789
583941,587745,587890,145,3804
583941,587704,587891,187,3763
583941,587728,587892,164,3787
583941,587730,587893,163,3789
583941,587728,587894,166,3787
583941,587728,587897,169,3787
583941,587714,587902,188,3773
583941,587736,587903,167,3795
583941,587730,587905,175,3789
583941,587737,587906,169,3796
583941,587756,587909,153,3815
583941,587749,587916,167,3808
583941,587746,587916,170,3805
583941,587756,587919,163,3815
583941,587753,587920,167,3812
583941,587765,587923,158,3824
583941,587746,587924,178,3805
583941,587772,587930,158,3831
583893,586516,587931,1415,2623
583941,587774,587936,162,3833
583941,587771,587940,169,3830
583941,587779,587941,162,3838
583941,587786,587948,162,3845
583941,587785,587951,166,3844
583941,587804,587950,146,3863
583941,587776,587952,176,3835
583941,587797,587957,160,3856
583941,587788,587959,171,3847
583941,587819,587960,141,3878
583941,587799,587962,163,3858
583941,587813,587965,152,3872
583941,587816,587965,149,3875
583941,587816,587970,154,3875
583941,587800,587971,171,3859
583941,587834,587975,141,3893
583941,587816,587976,160,3875
583941,587819,587981,162,3878
583941,587796,587982,186,3855
583941,587836,587983,147,3895
583941,587826,587987,161,3885
583941,587828,587987,159,3887
583941,587807,587989,182,3866
583941,587828,587990,162,3887
583941,587831,587992,161,3890
583941,587810,587994,184,3869
583941,587839,587995,156,3898
583941,587813,587995,182,3872
583941,587843,587996,153,3902
583941,587839,588001,162,3898
583941,587821,588004,183,3880
583941,587840,588006,166,3899
583941,587840,588007,167,3899
583941,587836,588011,175,3895
583941,587851,588016,165,3910
583941,587841,588017,176,3900
583941,587843,588021,178,3902
583941,587855,588022,167,3914
583941,587848,588024,176,3907
583941,587844,588025,181,3903
583941,587861,588030,169,3920
583941,587871,588032,161,3930
583941,587873,588037,164,3932
583941,587859,588039,180,3918
583941,587861,588039,178,3920
583941,587891,588043,152,3950
583941,587884,588044,160,3943
583941,587862,588045,183,3921
583941,587879,588045,166,3938
583941,587872,588045,173,3931
583941,587869,588048,179,3928
583941,587864,588049,185,3923
583941,587879,588051,172,3938
583941,587874,588052,178,3933
583941,587891,588052,161,3950
583941,587864,588052,188,3923
583941,587891,588054,163,3950
583941,587916,588056,140,3975
583941,587904,588058,154,3963
583941,587877,588058,181,3936
583941,587903,588058,155,3962
583941,587894,588067,173,3953
583941,587895,588068,173,3954
583941,587890,588072,182,3949
583941,587898,588074,176,3957
583941,587875,588075,200,3934
583941,587906,588076,170,3965
583941,587893,588076,183,3952
583941,587910,588079,169,3969
583941,587917,588080,163,3976
583941,587920,588081,161,3979
583941,587905,588084,179,3964
583941,587932,588085,153,3991
583941,587925,588087,162,3984
583941,587923,588093,170,3982
583941,587937,588099,162,3996
583941,587930,588100,170,3989
583941,587940,588100,160,3999
583941,587941,588105,164,4000
583941,587951,588112,161,4010
583941,587958,588114,156,4017
583941,587920,588119,199,3979
583941,587965,588122,157,4024
583941,587971,588122,151,4030
583941,587951,588125,174,4010
583941,587952,588125,173,4011
583941,587963,588128,165,4022
583941,587948,588127,179,4007
583941,587960,588129,169,4019
583941,587972,588134,162,4031
583941,587993,588138,145,4052
583941,587960,588140,180,4019
583941,587981,588143,162,4040
583941,587987,588148,161,4046
583941,587975,588148,173,4034
583941,587983,588150,167,4042
583941,587987,588153,166,4046
583941,587965,588153,188,4024
583941,587984,588156,172,4043
583941,587977,588157,180,4036
583941,587989,588159,170,4048
583941,587996,588159,163,4055
583941,588007,588160,153,4066
583941,588004,588162,158,4063
583941,587995,588163,168,4054
583941,587990,588163,173,4049
583941,587996,588168,172,4055
583941,588001,588170,169,4060
583941,588030,588182,152,4089
583941,588016,588184,168,4075
583941,588050,588185,135,4109
583941,588007,588184,177,4066
583941,588023,588188,165,4082
583941,587994,588189,195,4053
583941,588052,588189,137,4111
583941,588012,588190,178,4071
583941,588026,588196,170,4085
583941,588053,588196,143,4112
583941,588055,588200,145,4114
583941,588022,588201,179,4081
583941,588046,588201,155,4105
583941,588040,588202,162,4099
583941,588018,588204,186,4077
583941,588025,588207,182,4084
583941,588087,588209,122,4146
583941,588033,588209,176,4092
583941,588045,588211,166,4104
583941,588037,588212,175,4096
583941,588052,588213,161,4111
583941,588040,588214,174,4099
583941,588049,588214,165,4108
583941,588053,588214,161,4112
583941,588046,588217,171,4105
583941,588059,588217,158,4118
583941,588044,588219,175,4103
583941,588057,588224,167,4116
583941,588058,588225,167,4117
583941,588058,588225,167,4117
583941,588074,588231,157,4133
583941,588085,588232,147,4144
583941,588076,588233,157,4135
583941,588045,588234,189,4104
583941,588067,588236,169,4126
583941,588076,588236,160,4135
583941,588079,588240,161,4138
583941,588081,588240,159,4140
583941,588073,588242,169,4132
583941,588100,588243,143,4159
583941,588069,588249,180,4128
583941,588093,588257,164,4152
583941,588101,588261,160,4160
583941,588085,588260,175,4144
583941,588120,588263,143,4179
583941,588077,588264,187,4136
583941,588123,588268,145,4182
583941,588082,588269,187,4141
583941,588113,588269,156,4172
583941,588101,588270,169,4160
583957,588134,588272,138,4177
583941,588123,588272,149,4182
583941,588114,588276,162,4173
583957,588141,588276,135,4184
583941,588105,588278,173,4164
583957,588143,588288,145,4186
583941,588126,588291,165,4185
583957,588130,588294,164,4173
583941,588128,588295,167,4187
583941,588126,588295,169,4185
583957,588149,588295,146,4192
583957,588151,588298,147,4194
583957,588139,588298,159,4182
583957,588153,588301,148,4196
583957,588154,588304,150,4197
583957,588159,588304,145,4202
583957,588160,588307,147,4203
583957,588156,588318,162,4199
583957,588149,588319,170,4192
583957,588164,588320,156,4207
583957,588170,588328,158,4213
583957,588163,588332,169,4206
583957,588163,588333,170,4206
583957,588168,588333,165,4211
583957,588184,588336,152,4227
583957,588157,588337,180,4200
583957,588159,588338,179,4202
583957,588185,588339,154,4228
583957,588191,588342,151,4234
583957,588190,588343,153,4233
583957,588185,588343,158,4228
583957,588197,588346,149,4240
583957,588189,588349,160,4232
583957,588183,588349,166,4226
583957,588203,588352,149,4246
583957,588207,588355,148,4250
583957,588202,588358,156,4245
583957,588205,588360,155,4248
583957,588188,588361,173,4231
583957,588196,588361,165,4239
583957,588209,588361,152,4252
583957,588225,588365,140,4268
583957,588215,588365,150,4258
583957,588217,588367,150,4260
583957,588214,588368,154,4257
583957,588201,588368,167,4244
583957,588202,588371,169,4245
583957,588237,588374,137,4280
583957,588209,588377,168,4252
583957,588212,588376,164,4255
583957,588240,588377,137,4283
583957,588220,588378,158,4263
583957,588213,588380,167,4256
583957,588218,588383,165,4261
583957,588212,588383,171,4255
583957,588232,588386,154,4275
583957,588226,588387,161,4269
583957,588235,588388,153,4278
583957,588225,588391,166,4268
583957,588234,588390,156,4277
583957,588215,588390,175,4258
583957,588233,588398,165,4276
583957,588243,588400,157,4286
583957,588270,588401,131,4313
583957,588243,588401,158,4286
583957,588241,588405,164,4284
583957,588236,588412,176,4279
583957,588263,588415,152,4306
583957,588249,588415,166,4292
583957,588261,588420,159,4304
583957,588277,588426,149,4320
583957,588269,588426,157,4312
583957,588269,588428,159,4312
583957,588265,588431,166,4308
583957,588273,588436,163,4316
583957,588272,588436,164,4315
583957,588289,588438,149,4332
583957,588257,588439,182,4300
583957,588261,588441,180,4304
583957,588271,588446,175,4314
583957,588296,588452,156,4339
583957,588277,588453,176,4320
583957,588301,588454,153,4344
583957,588292,588458,166,4335
583957,588299,588458,159,4342
583957,588298,588459,161,4341
583957,588278,588459,181,4321
583957,588305,588463,158,4348
583957,588296,588466,170,4339
583957,588307,588468,161,4350
583897,587039,588470,1431,3142
583957,588296,588471,175,4339
583957,588329,588470,141,4372
583957,588295,588479,184,4338
583901,587043,588481,1438,3142
583957,588332,588481,149,4375
583957,588318,588487,169,4361
583957,588305,588488,183,4348
583957,588320,588490,170,4363
583957,588350,588492,142,4393
583957,588337,588492,155,4380
583957,588321,588495,174,4364
583957,588337,588497,160,4380
583957,588346,588498,152,4389
583957,588333,588497,164,4376
583957,588343,588499,156,4386
583957,588334,588501,167,4377
583957,588338,588506,168,4381
583957,588355,588507,152,4398
583957,588339,588509,170,4382
583957,588361,588509,148,4404
583957,588365,588511,146,4408
583957,588349,588514,165,4392
583957,588372,588516,144,4415
583957,588342,588517,175,4385
583957,588368,588519,151,4411
583957,588353,588521,168,4396
583957,588343,588522,179,4386
583957,588361,588524,163,4404
583957,588358,588524,166,4401
583957,588368,588524,156,4411
583957,588368,588528,160,4411
583957,588374,588529,155,4417
583957,588362,588536,174,4405
583957,588377,588536,159,4420
583957,588365,588537,172,4408
583957,588360,588538,178,4403
583957,588388,588539,151,4431
583957,588398,588546,148,4441
583957,588383,588551,168,4426
583957,588401,588551,150,4444
583957,588392,588551,159,4435
583957,588387,588553,166,4430
583957,588377,588557,180,4420
583957,588377,588563,186,4420
583957,588391,588567,176,4434
583957,588388,588568,180,4431
583957,588379,588571,192,4422
583957,588405,588574,169,4448
583957,588415,588574,159,4458
583957,588380,588576,196,4423
583957,588391,588578,187,4434
583957,588402,588581,179,4445
583957,588384,588581,197,4427
583957,588400,588582,182,4443
583957,588436,588583,147,4479
583957,588415,588592,177,4458
583957,588429,588594,165,4472
583957,588421,588595,174,4464
583957,588432,588599,167,4475
583957,588438,588599,161,4481
583957,588427,588600,173,4470
583957,588427,588601,174,4470
583957,588440,588601,161,4483
583957,588442,588602,160,4485
583957,588413,588608,195,4456
583957,588437,588614,177,4480
583957,588459,588621,162,4502
583957,588453,588621,168,4496
583957,588471,588627,156,4514
583957,588452,588627,175,4495
583957,588446,588627,181,4489
583957,588471,588630,159,4514
583957,588455,588630,175,4498
583957,588467,588631,164,4510
583957,588460,588631,171,4503
583957,588459,588632,173,4502
583957,588471,588634,163,4514
583957,588489,588639,150,4532
583957,588459,588640,181,4502
583957,588479,588642,163,4522
583957,588482,588644,162,4525
583957,588469,588651,182,4512
583957,588487,588652,165,4530
583957,588482,588651,169,4525
583957,588496,588653,157,4539
583957,588497,588655,158,4540
583957,588464,588660,196,4507
583957,588493,588662,169,4536
583957,588500,588662,162,4543
583957,588502,588663,161,4545
583957,588518,588663,145,4561
583957,588507,588664,157,4550
583957,588492,588664,172,4535
583957,588506,588667,161,4549
583957,588491,588670,179,4534
583957,588512,588671,159,4555
583957,588498,588673,175,4541
583957,588525,588674,149,4568
583957,588515,588679,164,4558
583957,588537,588680,143,4580
583957,588510,588681,171,4553
583957,588522,588682,160,4565
583957,588498,588683,185,4541
583957,588516,588684,168,4559
583957,588537,588687,150,4580
583957,588529,588688,159,4572
583957,588552,588687,135,4595
583957,588510,588687,177,4553
583957,588529,588689,160,4572
583957,588520,588689,169,4563
583957,588539,588695,156,4582
583957,588523,588699,176,4566
583957,588552,588700,148,4595
583957,588554,588701,147,4597
583957,588538,588701,163,4581
583957,588524,588706,182,4567
583957,588537,588708,171,4580
583957,588551,588710,159,4594
583957,588546,588710,164,4589
583957,588524,588718,194,4567
583957,588583,588722,139,4626
583957,588558,588727,169,4601
583957,588575,588727,152,4618
583957,588600,588733,133,4643
583957,588567,588736,169,4610
583957,588563,588737,174,4606
583957,588568,588738,170,4611
583957,588574,588739,165,4617
583957,588595,588743,148,4638
583957,588572,588744,172,4615
583957,588593,588746,153,4636
583957,588581,588746,165,4624
583957,588583,588748,165,4626
583957,588576,588749,173,4619
583957,588582,588751,169,4625
583957,588622,588757,135,4665
583957,588603,588757,154,4646
583957,588601,588760,159,4644
583957,588602,588760,158,4645
583957,588601,588764,163,4644
583957,588633,588767,134,4676
583957,588627,588767,140,4670
583957,588622,588768,146,4665
583957,588579,588768,189,4622
583957,588600,588769,169,4643
583957,588631,588771,140,4674
583957,588632,588772,140,4675
583957,588639,588775,136,4682
583957,588635,588778,143,4678
583957,588615,588779,164,4658
583957,588608,588781,173,4651
583957,588596,588783,187,4639
583957,588652,588785,133,4695
583957,588628,588786,158,4671
583957,588640,588786,146,4683
583957,588661,588789,128,4704
583957,588643,588794,151,4686
583957,588627,588801,174,4670
583957,588631,588802,171,4674
583966,588665,588807,142,4699
583957,588631,588807,176,4674
583966,588665,588810,145,4699
583966,588664,588812,148,4698
583966,588668,588813,145,4702
583966,588673,588813,140,4707
583957,588645,588815,170,4688
583957,588652,588817,165,4695
583957,588652,588821,169,4695
583966,588682,588823,141,4716
583966,588688,588827,139,4722
583957,588654,588831,177,4697
583966,588683,588832,149,4717
583966,588687,588834,147,4721
583966,588685,588834,149,4719
583957,588662,588836,174,4705
583966,588671,588836,165,4705
583966,588680,588839,159,4714
583957,588655,588839,184,4698
583957,588663,588840,177,4706
583966,588690,588840,150,4724
583966,588683,588841,158,4717
583966,588689,588843,154,4723
583966,588672,588844,172,4706
583966,588674,588845,171,4708
583966,588681,588847,166,4715
583966,588695,588848,153,4729
583966,588688,588850,162,4722
583966,588701,588850,149,4735
583966,588706,588852,146,4740
583966,588688,588853,165,4722
583966,588702,588858,156,4736
583966,588700,588860,160,4734
583966,588702,588866,164,4736
583966,588711,588874,163,4745
583966,588718,588875,157,4752
583966,588708,588877,169,4742
583966,588711,588881,170,4745
583966,588723,588883,160,4757
583966,588739,588888,149,4773
583966,588733,588891,158,4767
583966,588740,588893,153,4774
583966,588738,588893,155,4772
583966,588728,588894,166,4762
583966,588747,588894,147,4781
583966,588744,588898,154,4778
583966,588749,588899,150,4783
583966,588744,588900,156,4778
583966,588728,588902,174,4762
583966,588747,588903,156,4781
583966,588736,588903,167,4770
583966,588757,588904,147,4791
583966,588752,588906,154,4786
583966,588749,588908,159,4783
583966,588757,588910,153,4791
583966,588768,588917,149,4802
583966,588767,588919,152,4801
583966,588760,588921,161,4794
583966,588772,588922,150,4806
583966,588761,588926,165,4795
583966,588773,588926,153,4807
583966,588768,588928,160,4802
583966,588764,588930,166,4798
583966,588779,588936,157,4813
583966,588770,588937,167,4804
583966,588767,588939,172,4801
583966,588780,588947,167,4814
583966,588775,588948,173,4809
583966,588794,588949,155,4828
583966,588786,588950,164,4820
583966,588785,588950,165,4819
583966,588784,588950,166,4818
583966,588786,588950,164,4820
583966,588782,588957,175,4816
583966,588802,588958,156,4836
583966,588789,588959,170,4823
583966,588807,588960,153,4841
583966,588808,588960,152,4842
583966,588814,588960,146,4848
583966,588802,588964,162,4836
583966,588824,588965,141,4858
583966,588814,588971,157,4848
583966,588835,588975,140,4869
583966,588811,588975,164,4845
583966,588818,588976,158,4852
583966,588813,588976,163,4847
583921,587572,588981,1409,3651
583966,588828,588983,155,4862
583966,588822,588987,165,4856
583966,588836,588987,151,4870
583966,588816,588988,172,4850
583966,588835,588990,155,4869
583966,588837,588991,154,4871
583966,588831,588992,161,4865
583966,588833,588993,160,4867
583966,588844,588994,150,4878
583966,588840,588998,158,4874
583966,588840,589001,161,4874
583966,588842,589002,160,4876
583966,588845,589007,162,4879
583966,588847,589008,161,4881
583966,588850,589010,160,4884
583966,588846,589013,167,4880
583966,588839,589013,174,4873
583966,588861,589014,153,4895
583966,588860,589014,154,4894
583966,588853,589014,161,4887
583966,588851,589021,170,4885
583966,588841,589027,186,4875
583966,588867,589029,162,4901
583966,588854,589030,176,4888
583966,588848,589030,182,4882
583966,588895,589034,139,4929
583966,588877,589035,158,4911
583966,588889,589039,150,4923
583966,588894,589040,146,4928
583966,588874,589041,167,4908
583966,588881,589043,162,4915
583966,588884,589044,160,4918
583966,588875,589050,175,4909
583966,588901,589050,149,4935
583966,588899,589052,153,4933
583966,588891,589054,163,4925
583966,588904,589058,154,4938
583966,588911,589062,151,4945
583966,588894,589066,172,4928
583966,588902,589068,166,4936
583966,588895,589068,173,4929
583966,588908,589068,160,4942
583966,588900,589068,168,4934
583966,588923,589074,151,4957
583966,588919,589074,155,4953
583966,588904,589079,175,4938
583966,588907,589082,175,4941
583966,588921,589093,172,4955
583966,588904,589096,192,4938
583966,588918,589097,179,4952
583966,588926,589099,173,4960
583966,588929,589099,170,4963
583966,588926,589100,174,4960
583966,588937,589104,167,4971
583966,588948,589106,158,4982
583966,588950,589108,158,4984
583966,588951,589110,159,4985
583966,588958,589110,152,4992
583966,588951,589111,160,4985
583966,588930,589111,181,4964
583966,588958,589115,157,4992
583966,588950,589118,168,4984
583966,588949,589118,169,4983
583966,588939,589121,182,4973
583966,588937,589122,185,4971
583966,588971,589125,154,5005
583966,588960,589128,168,4994
583966,588961,589129,168,4995
583966,588964,589131,167,4998
583966,588975,589130,155,5009
583966,588965,589132,167,4999
583966,588975,589133,158,5009
583966,588977,589134,157,5011
583966,588977,589137,160,5011
583966,588961,589138,177,4995
583966,588950,589140,190,4984
583966,588959,589147,188,4993
583966,588981,589148,167,5015
583966,588990,589153,163,5024
583966,588991,589155,164,5025
583966,588988,589155,167,5022
583966,589001,589158,157,5035
583966,588994,589160,166,5028
583966,588989,589161,172,5023
583966,588984,589162,178,5018
583966,589009,589167,158,5043
583966,588995,589168,173,5029
583966,589010,589169,159,5044
583966,588993,589170,177,5027
583966,589014,589170,156,5048
583966,589003,589177,174,5037
583966,589007,589178,171,5041
583966,588998,589178,180,5032
583966,589014,589180,166,5048
583966,588988,589183,195,5022
583966,589014,589184,170,5048
583966,589014,589187,173,5048
583966,589031,589190,159,5065
583966,589031,589192,161,5065
583966,589021,589193,172,5055
583966,589015,589197,182,5049
583966,589035,589202,167,5069
583966,589035,589203,168,5069
583966,589051,589204,153,5085
583966,589030,589206,176,5064
583966,589063,589208,145,5097
583966,589027,589209,182,5061
583966,589040,589210,170,5074
583966,589043,589210,167,5077
583966,589050,589211,161,5084
583966,589041,589212,171,5075
583966,589053,589212,159,5087
583966,589039,589212,173,5073
583966,589059,589216,157,5093
583966,589082,589222,140,5116
583966,589074,589223,149,5108
583966,589069,589224,155,5103
583966,589068,589225,157,5102
583966,589068,589225,157,5102
583966,589080,589232,152,5114
583966,589054,589232,178,5088
583966,589068,589237,169,5102
583966,589067,589238,171,5101
583966,589099,589242,143,5133
583966,589045,589245,200,5079
583966,589110,589247,137,5144
583966,589100,589249,149,5134
583966,589097,589253,156,5131
583966,589100,589254,154,5134
583966,589106,589257,151,5140
583966,589075,589260,185,5109
583966,589108,589261,153,5142
583966,589098,589261,163,5132
583966,589110,589265,155,5144
583966,589105,589267,162,5139
583966,589125,589276,151,5159
583966,589112,589276,164,5146
583966,589119,589276,157,5153
583966,589093,589276,183,5127
583966,589116,589278,162,5150
583966,589112,589280,168,5146
583966,589132,589281,149,5166
583966,589131,589288,157,5165
583966,589121,589288,167,5155
583966,589139,589288,149,5173
583966,589118,589291,173,5152
583966,589129,589292,163,5163
583966,589129,589293,164,5163
583966,589140,589294,154,5174
583966,589122,589294,172,5156
583966,589137,589296,159,5171
583966,589148,589296,148,5182
583966,589131,589298,167,5165
583966,589155,589297,142,5189
583966,589149,589304,155,5183
583966,589133,589307,174,5167
583966,589134,589310,176,5168
583966,589156,589312,156,5190
583966,589159,589313,154,5193
583966,589163,589315,152,5197
583967,589184,589317,133,5217
583966,589162,589317,155,5196
583966,589161,589319,158,5195
583966,589169,589319,150,5203
583966,589168,589322,154,5202
583966,589178,589322,144,5212
583966,589171,589326,155,5205
583967,589190,589327,137,5223
583966,589179,589328,149,5213
583966,589179,589331,152,5213
583966,589154,589332,178,5188
583966,589170,589335,165,5204
583966,589171,589336,165,5205
583966,589181,589342,161,5215
583967,589184,589343,159,5217
583967,589188,589347,159,5221
583967,589213,589354,141,5246
583967,589197,589357,160,5230
583967,589204,589359,155,5237
583967,589193,589364,171,5226
583967,589204,589364,160,5237
583967,589210,589366,156,5243
583967,589193,589371,178,5226
583967,589202,589374,172,5235
583967,589209,589375,166,5242
583967,589209,589377,168,5242
583967,589207,589379,172,5240
583967,589217,589380,163,5250
583967,589225,589380,155,5258
583967,589211,589382,171,5244
583967,589224,589387,163,5257
583967,589212,589390,178,5245
583967,589224,589391,167,5257
583967,589213,589393,180,5246
583967,589222,589399,177,5255
583967,589233,589404,171,5266
583967,589242,589404,162,5275
583967,589232,589405,173,5265
583967,589211,589408,197,5244
583967,589247,589408,161,5280
583967,589238,589409,171,5271
583967,589261,589412,151,5294
583967,589254,589414,160,5287
583967,589253,589416,163,5286
583967,589257,589418,161,5290
583967,589226,589419,193,5259
583967,589237,589420,183,5270
583967,589246,589422,176,5279
583967,589261,589423,162,5294
583967,589250,589423,173,5283
583967,589268,589431,163,5301
583967,589262,589432,170,5295
583967,589281,589434,153,5314
583967,589265,589437,172,5298
583967,589277,589439,162,5310
583967,589294,589442,148,5327
583967,589276,589443,167,5309
583967,589276,589444,168,5309
583967,589276,589444,168,5309
583967,589289,589445,156,5322
583967,589281,589446,165,5314
583967,589293,589447,154,5326
583967,589279,589455,176,5312
583967,589293,589456,163,5326
583967,589297,589458,161,5330
583967,589294,589459,165,5327
583967,589289,589458,169,5322
583967,589291,589458,167,5324
583967,589289,589462,173,5322
583967,589296,589463,167,5329
583967,589298,589464,166,5331
583967,589310,589465,155,5343
583967,589298,589468,170,5331
583967,589326,589471,145,5359
583967,589324,589475,151,5357
583967,589305,589475,170,5338
583967,589318,589476,158,5351
583967,589328,589480,152,5361
583967,589329,589482,153,5362
583967,589314,589482,168,5347
583967,589315,589483,168,5348
583967,589307,589487,180,5340
583967,589331,589490,159,5364
583967,589332,589491,159,5365
583967,589312,589493,181,5345
583967,589335,589495,160,5368
583967,589320,589497,177,5353
583967,589318,589497,179,5351
583967,589320,589498,178,5353
583967,589323,589499,176,5356
583967,589354,589515,161,5387
583967,589343,589516,173,5376
583967,589337,589518,181,5370
583967,589358,589518,160,5391
583967,589344,589520,176,5377
583967,589365,589521,156,5398
583967,589367,589522,155,5400
583967,589348,589522,174,5381
583967,589365,589525,160,5398
583967,589383,589527,144,5416
583967,589360,589529,169,5393
583967,589375,589530,155,5408
583944,588128,589532,1404,4184
583967,589378,589537,159,5411
583967,589394,589537,143,5427
583967,589387,589540,153,5420
583967,589376,589543,167,5409
583967,589391,589543,152,5424
583967,589380,589544,164,5413
583967,589372,589544,172,5405
583967,589380,589552,172,5413
583967,589405,589554,149,5438
583967,589391,589554,163,5424
583967,589381,589556,175,5414
583967,589408,589557,149,5441
583967,589405,589557,152,5438
583967,589409,589562,153,5442
583967,589399,589562,163,5432
583967,589406,589565,159,5439
583967,589409,589565,156,5442
583967,589420,589568,148,5453
583967,589414,589570,156,5447
583967,589416,589576,160,5449
583967,589420,589579,159,5453
583967,589419,589582,163,5452
583967,589424,589587,163,5457
583967,589424,589592,168,5457
583967,589433,589595,162,5466
583967,589446,589596,150,5479
583967,589422,589597,175,5455
583967,589431,589598,167,5464
583967,589443,589600,157,5476
583967,589440,589603,163,5473
583967,589412,589606,194,5445
583967,589435,589607,172,5468
583967,589446,589606,160,5479
583967,589438,589608,170,5471
583967,589459,589610,151,5492
583967,589444,589616,172,5477
583967,589444,589616,172,5477
583967,589456,589621,165,5489
583967,589472,589622,150,5505
583967,589465,589627,162,5498
583967,589447,589627,180,5480
583967,589475,589630,155,5508
583967,589483,589631,148,5516
583967,589462,589633,171,5495
583967,589459,589634,175,5492
583967,589444,589635,191,5477
583967,589459,589639,180,5492
583967,589490,589643,153,5523
583967,589481,589644,163,5514
583967,589476,589645,169,5509
583967,589457,589646,189,5490
583967,589495,589647,152,5528
583967,589475,589652,177,5508
583967,589483,589654,171,5516
583967,589458,589655,197,5491
583967,589483,589658,175,5516
583967,589465,589658,193,5498
583967,589464,589660,196,5497
583967,589497,589660,163,5530
583967,589469,589662,193,5502
583967,589494,589667,173,5527
583967,589492,589667,175,5525
583967,589487,589668,181,5520
583967,589498,589672,174,5531
583967,589498,589677,179,5531
583967,589500,589677,177,5533
583967,589516,589680,164,5549
583967,589518,589680,162,5551
583967,589517,589684,167,5550
583967,589522,589685,163,5555
583967,589519,589685,166,5552
583967,589523,589687,164,5556
583967,589526,589688,162,5559
583967,589520,589693,173,5553
583967,589531,589699,168,5564
583967,589529,589703,174,5562
583967,589538,589705,167,5571
583967,589527,589705,178,5560
583967,589543,589707,164,5576
583967,589523,589710,187,5556
583967,589540,589711,171,5573
583967,589538,589712,174,5571
583967,589544,589714,170,5577
583967,589544,589721,177,5577
583967,589533,589722,189,5566
583967,589554,589725,171,5587
583967,589545,589725,180,5578
583967,589562,589728,166,5595
583967,589562,589729,167,5595
583967,589558,589733,175,5591
583967,589552,589734,182,5585
583967,589554,589736,182,5587
583967,589569,589738,169,5602
583967,589558,589742,184,5591
583967,589571,589744,173,5604
583967,589557,589744,187,5590
583967,589566,589747,181,5599
583967,589599,589753,154,5632
583967,589597,589754,157,5630
583967,589566,589755,189,5599
583967,589576,589757,181,5609
583967,589593,589757,164,5626
583967,589588,589762,174,5621
583967,589607,589763,156,5640
583967,589607,589764,157,5640
583967,589595,589765,170,5628
583967,589579,589767,188,5612
583967,589601,589771,170,5634
583967,589611,589774,163,5644
583967,589604,589775,171,5637
583967,589617,589779,162,5650
583967,589597,589782,185,5630
583967,589616,589784,168,5649
583967,589622,589785,163,5655
583967,589583,589762,179,5616
583967,589609,589787,178,5642
583967,589631,589790,159,5664
583967,589607,589792,185,5640
583967,589636,589795,159,5669
583967,589639,589796,157,5672
583967,589634,589799,165,5667
583967,589632,589801,169,5665
583967,589623,589801,178,5656
583967,589635,589806,171,5668
583967,589644,589812,168,5677
583967,589628,589815,187,5661
583967,589627,589814,187,5660
583967,589653,589816,163,5686
583967,589647,589817,170,5680
583967,589673,589821,148,5706
583967,589643,589821,178,5676
583967,589646,589825,179,5679
583967,589654,589824,170,5687
583967,589689,589829,140,5722
583967,589668,589830,162,5701
583967,589667,589829,162,5700
583967,589660,589832,172,5693
583967,589648,589833,185,5681
583967,589655,589835,180,5688
583967,589658,589835,177,5691
583967,589668,589834,166,5701
583967,589659,589837,178,5692
583967,589685,589839,154,5718
583967,589662,589840,178,5695
583967,589677,589841,164,5710
583967,589678,589845,167,5711
583967,589660,589847,187,5693
583967,589680,589847,167,5713
583967,589681,589850,169,5714
583967,589688,589851,163,5721
583985,589722,589852,130,5737
583967,589686,589854,168,5719
583967,589707,589869,162,5740
583967,589686,589870,184,5719
583967,589711,589870,159,5744
583967,589693,589871,178,5726
583967,589706,589874,168,5739
583985,589726,589875,149,5741
583967,589711,589876,165,5744
583985,589721,589877,156,5736
583985,589725,589877,152,5740
583985,589729,589879,150,5744
583967,589706,589879,173,5739
583967,589704,589880,176,5737
583967,589700,589881,181,5733
583985,589734,589886,152,5749
583985,589734,589890,156,5749
583985,589744,589890,146,5759
583985,589730,589889,159,5745
583985,589737,589891,154,5752
583985,589748,589893,145,5763
583985,589743,589897,154,5758
583985,589744,589904,160,5759
583985,589754,589906,152,5769
583985,589756,589914,158,5771
583985,589765,589913,148,5780
583985,589765,589915,150,5780
583985,589763,589916,153,5778
583985,589764,589916,152,5779
583985,589758,589918,160,5773
583985,589738,589920,182,5753
583985,589772,589928,156,5787
583985,589767,589929,162,5782
583985,589780,589930,150,5795
583985,589786,589935,149,5801
583985,589782,589937,155,5797
583985,589775,589939,164,5790
583985,589779,589943,164,5794
583985,589786,589943,157,5801
583985,589785,589945,160,5800
583985,589800,589946,146,5815
583985,589776,589949,173,5791
583985,589796,589950,154,5811
583985,589813,589953,140,5828
583985,589801,589954,153,5816
583985,589796,589955,159,5811
583985,589787,589957,170,5802
583985,589802,589959,157,5817
583985,589790,589960,170,5805
583985,589785,589962,177,5800
583985,589807,589962,155,5822
583985,589817,589963,146,5832
583985,589815,589968,153,5830
583985,589818,589970,152,5833
583985,589793,589972,179,5808
583985,589815,589972,157,5830
583985,589822,589974,152,5837
583985,589821,589980,159,5836
583985,589830,589985,155,5845
583985,589838,589985,147,5853
583985,589825,589986,161,5840
583985,589830,589988,158,5845
583985,589840,589989,149,5855
583985,589832,589989,157,5847
583985,589835,589990,155,5850
583985,589825,589991,166,5840
583985,589841,589992,151,5856
583985,589848,589996,148,5863
583985,589829,589997,168,5844
583985,589833,589999,166,5848
583985,589848,590008,160,5863
583985,589851,590008,157,5866
583985,589847,590009,162,5862
583985,589851,590010,159,5866
583985,589835,590013,178,5850
583985,589835,590014,179,5850
583985,589855,590020,165,5870
583985,589841,590025,184,5856
583985,589853,590027,174,5868
583985,589871,590029,158,5886
583985,589870,590031,161,5885
583985,589877,590033,156,5892
583985,589875,590034,159,5890
583985,589880,590038,158,5895
583985,589870,590038,168,5885
583985,589876,590039,163,5891
583985,589882,590039,157,5897
583985,589877,590044,167,5892
583985,589894,590044,150,5909
583985,589871,590045,174,5886
583985,589879,590045,166,5894
583985,589878,590046,168,5893
583985,589881,590047,166,5896
583985,589890,590048,158,5905
583985,589892,590055,163,5907
583985,589905,590056,151,5920
583985,589886,590056,170,5901
583985,589890,590060,170,5905
583985,589915,590062,147,5930
583985,589914,590064,150,5929
583985,589890,590067,177,5905
583985,589898,590068,170,5913
583985,589906,590068,162,5921
583985,589929,590069,140,5944
583985,589914,590072,158,5929
583985,589918,590072,154,5933
583985,589916,590073,157,5931
583985,589916,590073,157,5931
583985,589929,590077,148,5944
583985,589920,590079,159,5935
583985,589943,590086,143,5958
583985,589931,590090,159,5946
583985,589937,590092,155,5952
583985,589946,590094,148,5961
583985,589935,590095,160,5950
583962,588664,590095,1431,4702
583985,589940,590097,157,5955
583985,589950,590102,152,5965
583985,589955,590105,150,5970
583985,589960,590110,150,5975
583985,589944,590111,167,5959
583985,589954,590112,158,5969
583985,589960,590114,154,5975
583985,589947,590114,167,5962
583985,589955,590115,160,5970
583985,589963,590115,152,5978
583985,589963,590121,158,5978
583985,589951,590131,180,5966
583985,589973,590136,163,5988
583985,589957,590136,179,5972
583985,589992,590140,148,6007
583985,589974,590141,167,5989
583985,589969,590147,178,5984
583985,589973,590146,173,5988
583985,589990,590147,157,6005
583985,589970,590148,178,5985
583985,589993,590148,155,6008
583985,590000,590149,149,6015
583985,589989,590153,164,6004
583985,589987,590153,166,6002
583985,589985,590156,171,6000
583985,589989,590156,167,6004
583985,589990,590162,172,6005
583985,590009,590163,154,6024
583985,589964,590165,201,5979
583985,589981,590164,183,5996
583985,589997,590166,169,6012
583985,589986,590167,181,6001
583985,589997,590168,171,6012
583985,590011,590170,159,6026
583985,590008,590173,165,6023
583985,590008,590177,169,6023
583985,590013,590181,168,6028
583985,590015,590182,167,6030
583985,590035,590183,148,6050
583985,590032,590184,152,6047
583985,590029,590190,161,6044
583985,590025,590190,165,6040
583985,590033,590190,157,6048
583985,590020,590195,175,6035
583985,590029,590200,171,6044
583985,590045,590200,155,6060
583985,590040,590205,165,6055
583985,590038,590205,167,6053
583985,590045,590206,161,6060
583985,590040,590209,169,6055
583985,590038,590210,172,6053
583985,590046,590210,164,6061
583985,590048,590211,163,6063
583985,590061,590212,151,6076
583985,590047,590215,168,6062
583985,590057,590216,159,6072
583985,590047,590217,170,6062
583985,590068,590224,156,6083
583985,590057,590226,169,6072
583985,590056,590230,174,6071
583985,590045,590230,185,6060
583985,590065,590231,166,6080
583985,590069,590233,164,6084
583985,590074,590233,159,6089
583985,590078,590234,156,6093
583985,590074,590235,161,6089
583985,590073,590235,162,6088
583985,590069,590245,176,6084
583985,590072,590246,174,6087
583985,590079,590247,168,6094
583985,590087,590249,162,6102
583985,590111,590250,139,6126
583985,590090,590251,161,6105
583985,590102,590250,148,6117
583985,590095,590255,160,6110
583985,590095,590261,166,6110
583985,590063,590263,200,6078
583985,590068,590264,196,6083
583985,590095,590265,170,6110
583985,590115,590266,151,6130
583985,590115,590267,152,6130
583985,590122,590268,146,6137
583985,590092,590268,176,6107
583985,590098,590268,170,6113
583985,590115,590274,159,6130
583985,590112,590277,165,6127
583985,590114,590278,164,6129
583985,590105,590277,172,6120
583985,590141,590282,141,6156
583985,590110,590287,177,6125
583985,590148,590288,140,6163
583985,590150,590291,141,6165
583985,590154,590296,142,6169
583985,590132,590296,164,6147
583985,590148,590298,150,6163
583985,590157,590298,141,6172
583985,590141,590300,159,6156
583985,590137,590300,163,6152
583985,590137,590304,167,6152
583985,590167,590306,139,6182
583985,590163,590309,146,6178
583985,590148,590311,163,6163
583985,590154,590311,157,6169
583985,590157,590314,157,6172
583985,590148,590315,167,6163
583985,590163,590316,153,6178
583985,590149,590318,169,6164
583985,590168,590319,151,6183
583985,590181,590321,140,6196
583985,590183,590322,139,6198
583985,590165,590322,157,6180
583985,590170,590323,153,6185
583985,590169,590328,159,6184
583985,590165,590331,166,6180
583985,590182,590332,150,6197
583985,590207,590335,128,6222
583985,590173,590337,164,6188
583985,590191,590338,147,6206
583985,590209,590340,131,6224
583985,590190,590341,151,6205
583985,590191,590342,151,6206
583985,590185,590346,161,6200
583985,590200,590347,147,6215
583985,590178,590349,171,6193
583985,590206,590350,144,6221
583985,590195,590355,160,6210
583985,590210,590357,147,6225
583985,590225,590365,140,6240
583985,590210,590365,155,6225
583985,590200,590365,165,6215
583985,590217,590366,149,6232
583985,590205,590369,164,6220
583985,590236,590369,133,6251
583985,590226,590370,144,6241
583985,590216,590378,162,6231
583985,590218,590381,163,6233
583985,590211,590382,171,6226
583994,590247,590383,136,6253
583985,590234,590384,150,6249
583985,590235,590387,152,6250
583985,590232,590388,156,6247
583985,590212,590389,177,6227
583985,590233,590388,155,6248
583985,590231,590391,160,6246
583994,590250,590394,144,6256
583985,590235,590397,162,6250
583994,590251,590398,147,6257
583994,590264,590402,138,6270
583994,590250,590404,154,6256
583994,590268,590406,138,6274
583985,590231,590410,179,6246
583994,590247,590411,164,6253
583994,590269,590411,142,6275
583994,590269,590413,144,6275
583994,590261,590415,154,6267
583994,590255,590415,160,6261
583994,590267,590417,150,6273
583994,590277,590417,140,6283
583994,590251,590420,169,6257
583994,590266,590422,156,6272
583994,590264,590426,162,6270
583994,590267,590428,161,6273
583994,590275,590429,154,6281
583994,590282,590430,148,6288
583994,590278,590437,159,6284
583994,590278,590440,162,6284
583994,590289,590457,168,6295
583994,590292,590458,166,6298
583994,590301,590460,159,6307
583994,590296,590460,164,6302
583994,590298,590464,166,6304
583994,590307,590467,160,6313
583994,590305,590471,166,6311
583994,590298,590475,177,6304
583994,590300,590475,175,6306
583994,590310,590477,167,6316
583994,590316,590478,162,6322
583994,590323,590479,156,6329
583994,590315,590479,164,6321
583994,590323,590479,156,6329
583994,590316,590480,164,6322
583994,590323,590481,158,6329
583994,590312,590483,171,6318
583994,590322,590483,161,6328
583994,590333,590485,152,6339
583994,590297,590486,189,6303
583994,590317,590489,172,6323
583994,590312,590491,179,6318
583994,590329,590492,163,6335
583994,590347,590493,146,6353
583994,590319,590495,176,6325
583994,590335,590495,160,6341
583994,590339,590496,157,6345
583994,590319,590498,179,6325
583994,590331,590498,167,6337
583994,590350,590499,149,6356
583994,590342,590503,161,6348
583994,590343,590507,164,6349
583994,590338,590508,170,6344
583994,590347,590508,161,6353
583994,590351,590513,162,6357
583994,590367,590514,147,6373
583994,590365,590516,151,6371
583994,590357,590519,162,6363
583994,590355,590520,165,6361
583994,590341,590525,184,6347
583994,590371,590527,156,6377
583994,590369,590532,163,6375
583994,590385,590533,148,6391
583994,590365,590533,168,6371
583994,590365,590534,169,6371
583994,590378,590538,160,6384
583994,590383,590537,154,6389
583994,590388,590537,149,6394
583994,590369,590538,169,6375
583994,590383,590545,162,6389
583994,590388,590546,158,6394
583994,590389,590547,158,6395
583994,590381,590548,167,6387
583994,590392,590552,160,6398
583994,590389,590555,166,6395
583994,590405,590558,153,6411
583994,590407,590559,152,6413
583994,590398,590559,161,6404
583994,590394,590561,167,6400
583994,590411,590566,155,6417
583994,590420,590567,147,6426
583994,590402,590571,169,6408
583994,590410,590571,161,6416
583994,590423,590572,149,6429
583994,590398,590574,176,6404
583994,590415,590574,159,6421
583994,590418,590577,159,6424
583994,590416,590578,162,6422
583994,590414,590579,165,6420
583994,590429,590580,151,6435
583994,590417,590584,167,6423
583994,590426,590586,160,6432
583994,590429,590588,159,6435
583994,590412,590595,183,6418
583994,590431,590596,165,6437
583994,590437,590600,163,6443
583994,590440,590606,166,6446
583994,590464,590607,143,6470
583994,590467,590613,146,6473
583994,590479,590613,134,6485
583994,590460,590618,158,6466
583994,590457,590619,162,6463
583994,590461,590620,159,6467
583994,590475,590622,147,6481
583994,590471,590629,158,6477
583994,590481,590630,149,6487
583994,590458,590635,177,6464
583994,590475,590637,162,6481
583994,590481,590640,159,6487
583994,590480,590641,161,6486
583994,590483,590642,159,6489
583994,590478,590644,166,6484
583994,590480,590644,164,6486
583994,590499,590651,152,6505
583994,590494,590652,158,6500
583994,590491,590653,162,6497
583994,590479,590655,176,6485
583994,590486,590656,170,6492
583994,590483,590661,178,6489
583994,590509,590664,155,6515
583994,590487,590664,177,6493
583994,590496,590669,173,6502
583994,590495,590676,181,6501
583994,590496,590676,180,6502
583994,590500,590677,177,6506
583994,590493,590677,184,6499
583994,590489,590678,189,6495
583994,590509,590682,173,6515
583994,590498,590683,185,6504
583994,590519,590684,165,6525
583994,590515,590685,170,6521
583994,590507,590686,179,6513
583994,590525,590686,161,6531
583994,590534,590690,156,6540
583994,590514,590693,179,6520
583994,590538,590697,159,6544
583994,590533,590698,165,6539
583994,590538,590698,160,6544
583994,590504,590699,195,6510
583994,590538,590702,164,6544
583994,590528,590702,174,6534
583994,590517,590705,188,6523
583994,590534,590705,171,6540
583994,590520,590706,186,6526
583994,590552,590708,156,6558
583994,590534,590709,175,6540
583994,590548,590711,163,6554
583994,590548,590711,163,6554
583994,590559,590715,156,6565
583994,590538,590715,177,6544
583994,590561,590718,157,6567
583994,590546,590722,176,6552
583994,590559,590722,163,6565
583994,590559,590723,164,6565
583994,590575,590726,151,6581
583994,590568,590728,160,6574
583994,590556,590731,175,6562
583994,590572,590737,165,6578
583994,590572,590738,166,6578
583994,590546,590738,192,6552
583994,590579,590740,161,6585
583994,590587,590744,157,6593
583994,590575,590744,169,6581
583994,590577,590745,168,6583
583994,590584,590748,164,6590
583994,590572,590749,177,6578
583994,590580,590750,170,6586
583994,590580,590752,172,6586
583994,590566,590759,193,6572
583994,590588,590758,170,6594
583994,590601,590763,162,6607
583994,590614,590769,155,6620
583994,590595,590769,174,6601
583994,590608,590770,162,6614
583994,590630,590775,145,6636
583994,590619,590777,158,6625
583994,590607,590779,172,6613
583994,590619,590781,162,6625
583994,590613,590788,175,6619
583994,590596,590788,192,6602
583994,590635,590790,155,6641
583994,590620,590791,171,6626
583994,590638,590798,160,6644
583994,590622,590800,178,6628
583994,590645,590805,160,6651
583994,590640,590809,169,6646
583994,590653,590809,156,6659
583994,590643,590813,170,6649
583994,590662,590813,151,6668
583994,590629,590814,185,6635
583994,590652,590817,165,6658
583994,590669,590817,148,6675
583994,590652,590818,166,6658
583994,590645,590819,174,6651
583994,590642,590819,177,6648
583994,590656,590820,164,6662
583994,590656,590823,167,6662
583994,590664,590822,158,6670
583994,590665,590826,161,6671
583994,590678,590829,151,6684
583994,590678,590838,160,6684
583994,590684,590839,155,6690
583994,590677,590845,168,6683
583994,590686,590851,165,6692
583994,590686,590852,166,6692
583994,590676,590854,178,6682
583994,590683,590856,173,6689
583994,590716,590857,141,6722
583994,590690,590858,168,6696
583994,590687,590859,172,6693
583994,590698,590860,162,6704
583994,590676,590864,188,6682
583994,590703,590865,162,6709
583994,590707,590865,158,6713
583994,590710,590868,158,6716
583994,590683,590869,186,6689
583994,590700,590869,169,6706
583994,590698,590870,172,6704
583994,590694,590873,179,6700
583994,590723,590875,152,6729
583994,590711,590877,166,6717
583994,590698,590878,180,6704
583994,590712,590879,167,6718
583994,590728,590879,151,6734
583994,590703,590880,177,6709
583994,590718,590881,163,6724
583994,590706,590882,176,6712
583994,590709,590883,174,6715
583994,590739,590883,144,6745
583994,590706,590884,178,6712
583994,590715,590886,171,6721
583994,590723,590892,169,6729
583994,590749,590896,147,6755
583994,590746,590896,150,6752
583994,590748,590898,150,6754
583994,590732,590898,166,6738
583994,590745,590901,156,6751
583994,590741,590904,163,6747
583994,590722,590904,182,6728
583994,590726,590908,182,6732
583994,590753,590911,158,6759
583994,590738,590912,174,6744
583994,590744,590912,168,6750
583994,590769,590914,145,6775
583994,590759,590916,157,6765
583994,590764,590920,156,6770
583994,590738,590921,183,6744
584020,590776,590926,150,6756
584020,590781,590926,145,6761
583994,590750,590928,178,6756
583994,590759,590932,173,6765
584020,590792,590941,149,6772
584020,590780,590950,170,6760
584020,590788,590951,163,6768
584020,590809,590950,141,6789
584020,590771,590955,184,6751
584020,590817,590957,140,6797
584020,590805,590958,153,6785
584020,590778,590961,183,6758
584020,590791,590963,172,6771
584020,590800,590964,164,6780
584020,590789,590965,176,6769
584020,590810,590966,156,6790
584020,590799,590972,173,6779
584020,590823,590973,150,6803
584020,590814,590977,163,6794
584020,590821,590981,160,6801
584020,590820,590981,161,6800
584020,590819,590981,162,6799
584020,590818,590982,164,6798
584020,590823,590982,159,6803
584020,590814,590985,171,6794
584020,590829,590988,159,6809
584020,590840,590991,151,6820
584020,590814,590993,179,6794
584020,590826,590993,167,6806
584020,590839,591002,163,6819
584020,590852,591007,155,6832
584020,590846,591013,167,6826
584020,590866,591014,148,6846
584020,590858,591016,158,6838
584020,590856,591017,161,6836
584020,590840,591018,178,6820
584020,590860,591020,160,6840
584020,590857,591020,163,6837
584020,590880,591021,141,6860
584020,590852,591021,169,6832
584020,590870,591024,154,6850
584020,590869,591026,157,6849
584020,590885,591026,141,6865
584020,590873,591027,154,6853
584020,590861,591027,166,6841
584020,590870,591029,159,6850
584020,590854,591030,176,6834
584020,590870,591032,162,6850
584020,590892,591037,145,6872
584020,590899,591037,138,6879
584020,590878,591038,160,6858
584020,590883,591038,155,6863
584020,590878,591039,161,6858
584020,590875,591041,166,6855
584020,590865,591041,176,6845
584020,590884,591044,160,6864
584020,590899,591044,145,6879
584020,590882,591044,162,6862
584020,590879,591051,172,6859
584020,590881,591054,173,6861
584020,590915,591054,139,6895
584020,590913,591055,142,6893
584020,590883,591056,173,6863
584020,590887,591058,171,6867
584020,590912,591060,148,6892
584020,590909,591062,153,6889
584020,590897,591064,167,6877
584020,590866,591064,198,6846
584020,590905,591065,160,6885
584020,590904,591070,166,6884
584020,590927,591071,144,6907
584020,590897,591072,175,6877
584020,590913,591073,160,6893
584020,590921,591075,154,6901
584020,590902,591078,176,6882
584020,590928,591078,150,6908
584020,590927,591083,156,6907
584020,590932,591087,155,6912
584020,590941,591090,149,6921
584020,590921,591094,173,6901
584020,590917,591094,177,6897
584020,590967,591109,142,6947
584020,590961,591110,149,6941
583974,589715,591114,1399,5741
584020,590964,591114,150,6944
584020,590974,591115,141,6954
584020,590973,591117,144,6953
584020,590951,591121,170,6931
584020,590956,591122,166,6936
583970,589713,591123,1410,5743
584020,590951,591125,174,6931
584020,590965,591127,162,6945
584020,590959,591129,170,6939
584020,590951,591131,180,6931
584020,590981,591135,154,6961
584020,590981,591135,154,6961
584020,590958,591138,180,6938
584020,590966,591140,174,6946
584020,590983,591142,159,6963
584020,590982,591141,159,6962
584020,590981,591142,161,6961
584020,591007,591145,138,6987
584020,590994,591148,154,6974
584020,590978,591152,174,6958
584020,590986,591153,167,6966
584020,590994,591163,169,6974
584020,591019,591169,150,6999
584020,590989,591176,187,6969
584020,591020,591178,158,7000
584020,591003,591178,175,6983
584020,591013,591178,165,6993
584020,591016,591183,167,6996
584020,590992,591186,194,6972
584020,591041,591187,146,7021
584020,591030,591186,156,7010
584020,591021,591188,167,7001
584020,591024,591190,166,7004
584020,591026,591191,165,7006
584020,591026,591191,165,7006
584020,591021,591193,172,7001
584020,591018,591193,175,6998
584020,591032,591193,161,7012
584020,591022,591195,173,7002
584020,591044,591194,150,7024
584020,591051,591201,150,7031
584020,591014,591202,188,6994
584020,591027,591202,175,7007
584020,591037,591204,167,7017
584020,591030,591206,176,7010
584020,591037,591209,172,7017
584020,591039,591211,172,7019
584020,591041,591212,171,7021
584020,591038,591213,175,7018
584020,591045,591213,168,7025
584020,591055,591215,160,7035
584020,591027,591217,190,7007
584020,591054,591218,164,7034
584020,591061,591225,164,7041
584020,591054,591227,173,7034
584020,591063,591227,164,7043
584020,591057,591229,172,7037
584020,591076,591234,158,7056
584020,591040,591234,194,7020
584020,591059,591236,177,7039
584020,591065,591240,175,7045
584020,591066,591239,173,7046
584020,591073,591240,167,7053
584020,591070,591244,174,7050
584020,591072,591245,173,7052
584020,591044,591246,202,7024
584020,591079,591249,170,7059
584020,591079,591251,172,7059
584020,591073,591252,179,7053
584020,591065,591254,189,7045
584020,591095,591260,165,7075
584020,591110,591260,150,7090
584020,591095,591262,167,7075
584020,591088,591262,174,7068
584020,591084,591265,181,7064
584020,591091,591272,181,7071
584020,591118,591286,168,7098
584020,591123,591287,164,7103
584020,591135,591288,153,7115
584020,591136,591289,153,7116
584020,591111,591290,179,7091
584020,591126,591290,164,7106
584020,591115,591290,175,7095
584020,591114,591294,180,7094
584020,591116,591294,178,7096
584020,591122,591295,173,7102
584020,591123,591298,175,7103
584020,591141,591299,158,7121
584020,591129,591305,176,7109
584020,591143,591305,162,7123
584020,591139,591306,167,7119
584020,591132,591309,177,7112
584020,591142,591309,167,7122
584020,591128,591312,184,7108
584020,591148,591314,166,7128
584020,591142,591318,176,7122
584020,591152,591320,168,7132
584020,591146,591325,179,7126
584020,591164,591325,161,7144
584020,591153,591328,175,7133
584020,591177,591332,155,7157
584020,591179,591335,156,7159
584020,591169,591339,170,7149
584020,591179,591343,164,7159
584020,591187,591345,158,7167
584020,591187,591349,162,7167
584020,591184,591351,167,7164
584020,591188,591352,164,7168
584020,591195,591354,159,7175
584020,591191,591356,165,7171
584020,591202,591357,155,7182
584020,591202,591360,158,7182
584020,591193,591361,168,7173
584020,591204,591362,158,7184
584020,591212,591361,149,7192
584020,591195,591362,167,7175
584020,591194,591366,172,7174
584020,591190,591365,175,7170
584020,591194,591369,175,7174
584020,591191,591369,178,7171
584020,591187,591369,182,7167
584020,591206,591371,165,7186
584020,591212,591374,162,7192
584020,591225,591374,149,7205
584020,591218,591375,157,7198
584020,591178,591376,198,7158
584020,591216,591380,164,7196
584020,591228,591380,152,7208
584020,591227,591382,155,7207
584020,591202,591382,180,7182
584020,591210,591384,174,7190
584020,591217,591385,168,7197
584020,591229,591391,162,7209
584020,591214,591392,178,7194
584020,591235,591393,158,7215
584020,591236,591394,158,7216
584020,591240,591396,156,7220
584020,591234,591400,166,7214
584020,591213,591402,189,7193
584020,591240,591404,164,7220
584020,591250,591404,154,7230
584020,591246,591415,169,7226
584020,591240,591417,177,7220
584020,591266,591420,154,7246
584020,591261,591424,163,7241
584020,591245,591425,180,7225
584020,591255,591425,170,7235
584020,591253,591425,172,7233
584020,591246,591427,181,7226
584020,591263,591427,164,7243
584020,591274,591430,156,7254
584020,591261,591433,172,7241
584020,591251,591434,183,7231
584020,591263,591434,171,7243
584020,591294,591437,143,7274
584020,591287,591442,155,7267
584020,591289,591442,153,7269
584020,591290,591443,153,7270
584020,591295,591445,150,7275
584020,591286,591446,160,7266
584020,591291,591449,158,7271
584020,591290,591451,161,7270
584020,591298,591452,154,7278
584020,591291,591455,164,7271
584020,591296,591455,159,7276
584022,591313,591457,144,7291
584022,591328,591460,132,7306
584020,591307,591464,157,7287
584020,591300,591464,164,7280
584020,591310,591466,156,7290
584022,591320,591466,146,7298
584022,591326,591470,144,7304
584020,591306,591474,168,7286
584022,591310,591475,165,7288
584022,591326,591481,155,7304
584020,591306,591481,175,7286
584022,591343,591481,138,7321
584022,591340,591490,150,7318
584022,591319,591490,171,7297
584022,591333,591491,158,7311
584022,591335,591496,161,7313
584022,591315,591498,183,7293
584022,591349,591499,150,7327
584022,591352,591510,158,7330
584022,591354,591510,156,7332
584022,591360,591513,153,7338
584022,591346,591520,174,7324
584022,591363,591523,160,7341
584022,591369,591527,158,7347
584022,591357,591528,171,7335
584022,591362,591531,169,7340
584022,591366,591534,168,7344
584022,591352,591534,182,7330
584022,591375,591536,161,7353
584022,591366,591536,170,7344
584022,591369,591538,169,7347
584022,591356,591538,182,7334
584022,591382,591539,157,7360
584022,591370,591542,172,7348
584022,591381,591543,162,7359
584022,591362,591544,182,7340
584022,591376,591544,168,7354
584022,591362,591546,184,7340
584022,591372,591546,174,7350
584022,591391,591547,156,7369
584022,591381,591550,169,7359
584022,591385,591551,166,7363
584022,591385,591553,168,7363
584022,591374,591552,178,7352
584022,591394,591554,160,7372
584022,591376,591555,179,7354
584022,591382,591559,177,7360
584022,591404,591560,156,7382
584022,591397,591561,164,7375
584022,591395,591561,166,7373
584022,591401,591565,164,7379
584022,591402,591570,168,7380
584022,591404,591571,167,7382
584022,591393,591574,181,7371
584022,591424,591574,150,7402
584022,591425,591580,155,7403
584022,591418,591581,163,7396
584022,591421,591583,162,7399
584022,591430,591584,154,7408
584022,591425,591588,163,7403
584022,591415,591589,174,7393
584022,591427,591589,162,7405
584022,591443,591591,148,7421
584022,591428,591592,164,7406
584022,591433,591596,163,7411
584022,591434,591597,163,7412
584022,591435,591596,161,7413
584022,591446,591597,151,7424
584022,591426,591600,174,7404
584022,591452,591603,151,7430
584022,591467,591604,137,7445
584022,591465,591606,141,7443
584022,591443,591606,163,7421
584022,591455,591607,152,7433
584022,591437,591609,172,7415
584022,591465,591612,147,7443
584022,591442,591612,170,7420
584022,591446,591618,172,7424
584022,591460,591619,159,7438
584022,591467,591622,155,7445
584022,591450,591623,173,7428
584022,591451,591626,175,7429
584022,591458,591627,169,7436
584022,591456,591628,172,7434
584022,591482,591638,156,7460
584022,591475,591644,169,7453
584022,591491,591645,154,7469
583987,590246,591647,1401,6259
584022,591476,591649,173,7454
584022,591490,591651,161,7468
584022,591471,591655,184,7449
584022,591499,591657,158,7477
584022,591482,591657,175,7460
584022,591514,591658,144,7492
584022,591492,591661,169,7470
584022,591511,591663,152,7489
584022,591499,591664,165,7477
584022,591482,591666,184,7460
584022,591521,591669,148,7499
584022,591524,591671,147,7502
584022,591511,591672,161,7489
584022,591497,591675,178,7475
584022,591528,591683,155,7506
584022,591529,591691,162,7507
584022,591535,591691,156,7513
584022,591531,591693,162,7509
584022,591540,591696,156,7518
584022,591536,591697,161,7514
584022,591539,591699,160,7517
584022,591544,591703,159,7522
584022,591546,591704,158,7524
584022,591537,591704,167,7515
584022,591538,591704,166,7516
584022,591544,591705,161,7522
584022,591542,591705,163,7520
584022,591547,591706,159,7525
584022,591535,591707,172,7513
584022,591553,591712,159,7531
584022,591545,591713,168,7523
584022,591554,591713,159,7532
584022,591560,591715,155,7538
584022,591546,591715,169,7524
584022,591550,591716,166,7528
584022,591562,591718,156,7540
584022,591556,591718,162,7534
584022,591552,591721,169,7530
584022,591553,591722,169,7531
584022,591575,591725,150,7553
584022,591571,591730,159,7549
584022,591571,591733,162,7549
584022,591562,591735,173,7540
584022,591584,591736,152,7562
584022,591580,591741,161,7558
584022,591575,591743,168,7553
584022,591565,591744,179,7543
584022,591598,591748,150,7576
584022,591559,591749,190,7537
584022,591590,591753,163,7568
584022,591584,591754,170,7562
584022,591607,591757,150,7585
584022,591592,591759,167,7570
584022,591606,591760,154,7584
584022,591592,591762,170,7570
584022,591605,591764,159,7583
584022,591596,591765,169,7574
584022,591588,591765,177,7566
584022,591597,591767,170,7575
584022,591582,591770,188,7560
584022,591612,591771,159,7590
584022,591613,591774,161,7591
584022,591608,591777,169,7586
584022,591618,591778,160,7596
584022,591589,591779,190,7567
584022,591601,591781,180,7579
584022,591619,591781,162,7597
584022,591629,591784,155,7607
584022,591604,591785,181,7582
584022,591597,591788,191,7575
584022,591622,591790,168,7600
584022,591624,591794,170,7602
584022,591627,591797,170,7605
584022,591609,591798,189,7587
584022,591627,591798,171,7605
584022,591648,591805,157,7626
584022,591644,591805,161,7622
584022,591652,591811,159,7630
584022,591650,591818,168,7628
584022,591646,591820,174,7624
584022,591657,591823,166,7635
584022,591664,591826,162,7642
584022,591639,591827,188,7617
584022,591658,591827,169,7636
584022,591665,591828,163,7643
584022,591659,591832,173,7637
584022,591676,591832,156,7654
584022,591671,591834,163,7649
584022,591656,591835,179,7634
584022,591673,591840,167,7651
584022,591662,591841,179,7640
584022,591667,591842,175,7645
584022,591684,591845,161,7662
584022,591691,591848,157,7669
584022,591697,591851,154,7675
584022,591691,591854,163,7669
584022,591669,591860,191,7647
584022,591704,591864,160,7682
584022,591696,591864,168,7674
584022,591700,591864,164,7678
584022,591705,591869,164,7683
584022,591708,591871,163,7686
584022,591704,591875,171,7682
584022,591705,591876,171,7683
584022,591694,591878,184,7672
584022,591707,591881,174,7685
584022,591713,591881,168,7691
584022,591718,591883,165,7696
584022,591705,591886,181,7683
584022,591713,591886,173,7691
584022,591716,591887,171,7694
584022,591722,591887,165,7700
584022,591719,591887,168,7697
584022,591706,591889,183,7684
584022,591717,591891,174,7695
584022,591742,591894,152,7720
584022,591712,591896,184,7690
584022,591716,591900,184,7694
584022,591723,591901,178,7701
584022,591735,591902,167,7713
584022,591725,591903,178,7703
584022,591730,591904,174,7708
584022,591749,591909,160,7727
584022,591733,591910,177,7711
584022,591754,591915,161,7732
584022,591744,591915,171,7722
584022,591754,591917,163,7732
584022,591737,591920,183,7715
584022,591759,591921,162,7737
584022,591760,591924,164,7738
584022,591749,591925,176,7727
584022,591765,591930,165,7743
584022,591766,591930,164,7744
584022,591765,591931,166,7743
584022,591759,591931,172,7737
584022,591743,591934,191,7721
584022,591771,591937,166,7749
584022,591798,591937,139,7776
584022,591784,591940,156,7762
584022,591762,591940,178,7740
584022,591775,591940,165,7753
584022,591767,591940,173,7745
584022,591771,591944,173,7749
584022,591777,591945,168,7755
584022,591789,591946,157,7767
584022,591778,591949,171,7756
584022,591797,591950,153,7775
584022,591779,591952,173,7757
584022,591791,591956,165,7769
584022,591782,591962,180,7760
584022,591782,591962,180,7760
584022,591794,591966,172,7772
584022,591806,591968,162,7784
584022,591818,591968,150,7796
584022,591786,591971,185,7764
584026,591842,591974,132,7816
584026,591849,591976,127,7823
584022,591798,591976,178,7776
584022,591823,591981,158,7801
584026,591846,591983,137,7820
584022,591812,591985,173,7790
584022,591826,591984,158,7804
584022,591832,591988,156,7810
584026,591852,591990,138,7826
584022,591827,591991,164,7805
584026,591842,591991,149,7816
584026,591860,591992,132,7834
584022,591806,591993,187,7784
584022,591821,591993,172,7799
584026,591864,591994,130,7838
584022,591829,591998,169,7807
584026,591855,591998,143,7829
584022,591835,591999,164,7813
584022,591828,592001,173,7806
584026,591865,592001,136,7839
584026,591869,592001,132,7843
584022,591832,592003,171,7810
584026,591865,592004,139,7839
584026,591875,592005,130,7849
584022,591835,592015,180,7813
584026,591872,592020,148,7846
584026,591879,592026,147,7853
584026,591892,592035,143,7866
584026,591887,592039,152,7861
584026,591882,592040,158,7856
584026,591877,592048,171,7851
584026,591884,592048,164,7858
584026,591887,592048,161,7861
584026,591882,592051,169,7856
584026,591890,592054,164,7864
584026,591888,592056,168,7862
584026,591895,592063,168,7869
584026,591886,592067,181,7860
584026,591904,592067,163,7878
584026,591901,592068,167,7875
584026,591911,592070,159,7885
584026,591905,592070,165,7879
584026,591920,592074,154,7894
584026,591900,592075,175,7874
584026,591909,592075,166,7883
584026,591888,592076,188,7862
584026,591924,592076,152,7898
584026,591897,592078,181,7871
584026,591918,592078,160,7892
584026,591916,592081,165,7890
584026,591940,592082,142,7914
584026,591903,592083,180,7877
584026,591921,592085,164,7895
584026,591938,592086,148,7912
584026,591916,592086,170,7890
584026,591934,592087,153,7908
584026,591931,592087,156,7905
584026,591946,592088,142,7920
584026,591930,592089,159,7904
584026,591930,592090,160,7904
584026,591937,592095,158,7911
584026,591941,592101,160,7915
584026,591926,592101,175,7900
584026,591932,592102,170,7906
584026,591940,592103,163,7914
584026,591953,592104,151,7927
584026,591944,592111,167,7918
584026,591949,592110,161,7923
584026,591957,592114,157,7931
584026,591972,592114,142,7946
584026,591940,592115,175,7914
584026,591969,592119,150,7943
584026,591950,592120,170,7924
584026,591969,592120,151,7943
584026,591966,592120,154,7940
584026,591947,592125,178,7921
584026,591974,592126,152,7948
584026,591985,592133,148,7959
584026,591977,592136,159,7951
584026,591991,592141,150,7965
584026,591977,592141,164,7951
584026,591993,592144,151,7967
584026,591990,592145,155,7964
584026,591991,592146,155,7965
584026,591982,592146,164,7956
584026,591995,592148,153,7969
584026,591963,592148,185,7937
584026,591984,592149,165,7958
584026,591963,592150,187,7937
584026,592003,592151,148,7977
584026,591999,592150,151,7973
584026,591985,592151,166,7959
584026,592002,592154,152,7976
584026,591999,592154,155,7973
584026,592002,592157,155,7976
584026,591994,592158,164,7968
584026,592006,592158,152,7980
584026,592002,592158,156,7976
583996,590770,592159,1389,6774
584026,591988,592163,175,7962
584026,591999,592165,166,7973
584026,591994,592168,174,7968
584026,592004,592181,177,7978
584026,592021,592184,163,7995
584026,592026,592185,159,8000
584026,592015,592193,178,7989
584026,592036,592194,158,8010
584026,592048,592199,151,8022
584026,592048,592209,161,8022
584026,592039,592210,171,8013
584026,592040,592211,171,8014
584026,592068,592213,145,8042
584026,592064,592215,151,8038
584026,592055,592217,162,8029
584026,592067,592219,152,8041
584026,592049,592222,173,8023
584026,592075,592224,149,8049
584026,592056,592224,168,8030
584026,592071,592232,161,8045
584026,592087,592234,147,8061
584026,592077,592234,157,8051
584026,592075,592238,163,8049
584026,592077,592239,162,8051
584026,592052,592239,187,8026
584026,592069,592244,175,8043
584026,592088,592248,160,8062
584026,592086,592248,162,8060
584026,592087,592250,163,8061
584026,592088,592252,164,8062
584026,592079,592251,172,8053
584026,592091,592251,160,8065
584026,592075,592254,179,8049
584026,592102,592261,159,8076
584026,592090,592262,172,8064
584026,592104,592262,158,8078
584026,592082,592263,181,8056
584026,592084,592263,179,8058
584026,592105,592264,159,8079
584026,592115,592264,149,8089
584026,592082,592264,182,8056
584026,592096,592266,170,8070
584026,592102,592265,163,8076
584026,592071,592268,197,8045
584026,592079,592270,191,8053
584026,592101,592275,174,8075
584026,592111,592276,165,8085
584026,592087,592279,192,8061
584026,592116,592286,170,8090
584026,592121,592287,166,8095
584026,592137,592288,151,8111
584026,592119,592290,171,8093
584026,592121,592292,171,8095
584026,592125,592293,168,8099
584026,592145,592294,149,8119
584026,592120,592293,173,8094
584026,592133,592297,164,8107
584026,592147,592297,150,8121
584026,592142,592300,158,8116
584026,592149,592305,156,8123
584026,592127,592307,180,8101
584026,592148,592309,161,8122
584026,592146,592310,164,8120
584026,592149,592313,164,8123
584026,592141,592313,172,8115
584026,592157,592315,158,8131
584026,592151,592316,165,8125
584026,592160,592317,157,8134
584026,592155,592319,164,8129
584026,592159,592319,160,8133
584026,592154,592320,166,8128
584026,592151,592319,168,8125
584026,592159,592320,161,8133
584026,592111,592321,210,8085
584026,592159,592322,163,8133
584026,592145,592323,178,8119
584026,592152,592326,174,8126
584026,592165,592325,160,8139
584026,592114,592329,215,8088
584026,592163,592342,179,8137
584026,592181,592344,163,8155
584026,592195,592344,149,8169
584026,592151,592347,196,8125
584026,592193,592351,158,8167
584026,592184,592350,166,8158
584026,592185,592351,166,8159
584026,592169,592357,188,8143
584026,592200,592357,157,8174
584026,592212,592362,150,8186
584026,592210,592369,159,8184
584026,592210,592371,161,8184
584026,592224,592375,151,8198
584026,592213,592379,166,8187
584026,592219,592380,161,8193
584026,592224,592385,161,8198
584026,592245,592388,143,8219
584026,592218,592389,171,8192
584026,592252,592390,138,8226
584026,592215,592398,183,8189
584026,592239,592399,160,8213
584026,592234,592401,167,8208
584026,592232,592403,171,8206
584026,592249,592403,154,8223
584026,592249,592404,155,8223
584026,592235,592409,174,8209
584026,592264,592410,146,8238
584026,592252,592411,159,8226
584026,592252,592411,159,8226
584026,592240,592412,172,8214
584026,592270,592414,144,8244
584026,592265,592416,151,8239
584026,592268,592418,150,8242
584026,592263,592419,156,8237
584026,592266,592421,155,8240
584026,592287,592421,134,8261
584026,592223,592423,200,8197
584026,592240,592423,183,8214
584026,592290,592423,133,8264
584026,592265,592424,159,8239
584026,592255,592426,171,8229
584026,592251,592426,175,8225
584026,592292,592426,134,8266
584026,592266,592427,161,8240
584026,592276,592427,151,8250
584026,592264,592429,165,8238
584026,592262,592429,167,8236
584026,592263,592424,161,8237
584026,592275,592428,153,8249
584026,592288,592430,142,8262
584026,592294,592437,143,8268
584026,592279,592438,159,8253
584026,592263,592440,177,8237
584026,592307,592444,137,8281
584026,592293,592445,152,8267
584026,592288,592447,159,8262
584026,592309,592447,138,8283
584026,592298,592449,151,8272
584026,592298,592449,151,8272
584026,592306,592453,147,8280
584026,592315,592455,140,8289
584026,592311,592457,146,8285
584026,592294,592457,163,8268
584026,592320,592459,139,8294
584026,592322,592461,139,8296
584026,592300,592464,164,8274
584026,592320,592464,144,8294
584026,592314,592465,151,8288
584026,592322,592467,145,8296
584026,592313,592469,156,8287
584026,592317,592468,151,8291
584026,592319,592471,152,8293
584026,592326,592473,147,8300
584026,592326,592475,149,8300
584026,592344,592476,132,8318
584026,592319,592477,158,8293
584026,592323,592480,157,8297
584026,592330,592481,151,8304
584026,592351,592482,131,8325
584026,592320,592485,165,8294
584026,592318,592486,168,8292
584026,592342,592490,148,8316
584026,592347,592494,147,8321
584026,592351,592498,147,8325
584026,592344,592504,160,8318
584035,592362,592519,157,8327
584026,592352,592519,167,8326
584035,592372,592522,150,8337
584035,592370,592523,153,8335
584035,592381,592532,151,8346
584035,592375,592533,158,8340
584035,592389,592534,145,8354
584035,592402,592536,134,8367
584035,592391,592542,151,8356
584035,592386,592545,159,8351
584035,592379,592548,169,8344
584035,592404,592549,145,8369
584035,592411,592556,145,8376
584035,592405,592559,154,8370
584035,592388,592561,173,8353
584035,592398,592561,163,8363
584035,592399,592562,163,8364
584035,592419,592566,147,8384
584035,592412,592568,156,8377
584035,592413,592568,155,8378
584035,592404,592570,166,8369
584035,592412,592572,160,8377
584035,592410,592573,163,8375
584035,592417,592582,165,8382
584035,592422,592582,160,8387
584035,592415,592583,168,8380
584035,592421,592583,162,8386
584035,592423,592584,161,8388
584035,592424,592586,162,8389
584035,592426,592588,162,8391
584035,592438,592589,151,8403
584035,592430,592589,159,8395
584035,592427,592589,162,8392
584035,592431,592590,159,8396
584035,592439,592591,152,8404
584035,592420,592592,172,8385
584035,592424,592592,168,8389
584035,592445,592594,149,8410
584035,592431,592596,165,8396
584035,592427,592598,171,8392
584035,592440,592602,162,8405
584035,592428,592604,176,8393
584035,592445,592605,160,8410
584035,592466,592607,141,8431
584035,592427,592607,180,8392
584035,592447,592607,160,8412
584035,592431,592610,179,8396
584035,592430,592613,183,8395
584035,592431,592614,183,8396
584035,592456,592613,157,8421
584035,592462,592615,153,8427
584035,592469,592616,147,8434
584035,592458,592616,158,8423
584035,592473,592616,143,8438
584035,592450,592621,171,8415
584035,592460,592621,161,8425
584035,592447,592621,174,8412
584035,592458,592623,165,8423
584035,592465,592625,160,8430
584035,592472,592628,156,8437
584035,592454,592629,175,8419
584035,592449,592631,182,8414
584035,592476,592632,156,8441
584035,592480,592635,155,8445
584035,592469,592638,169,8434
584035,592464,592639,175,8429
584035,592468,592641,173,8433
584035,592491,592642,151,8456
584035,592481,592648,167,8446
584035,592475,592650,175,8440
584035,592486,592658,172,8451
584035,592478,592661,183,8443
584035,592505,592663,158,8470
584035,592483,592664,181,8448
584035,592486,592664,178,8451
584035,592494,592667,173,8459
584035,592498,592670,172,8463
584035,592536,592676,140,8501
584035,592520,592678,158,8485
584035,592523,592683,160,8488
584035,592519,592687,168,8484
584035,592534,592688,154,8499
584035,592534,592689,155,8499
584035,592532,592693,161,8497
584035,592562,592700,138,8527
584035,592545,592706,161,8510
584035,592548,592708,160,8513
584035,592542,592710,168,8507
584035,592569,592710,141,8534
584035,592561,592712,151,8526
584035,592567,592711,144,8532
584035,592550,592716,166,8515
584035,592524,592716,192,8489
584035,592584,592722,138,8549
584035,592569,592725,156,8534
584035,592562,592728,166,8527
584035,592573,592729,156,8538
584035,592593,592730,137,8558
584035,592560,592731,171,8525
584035,592571,592732,161,8536
584035,592573,592737,164,8538
584035,592583,592739,156,8548
584035,592556,592740,184,8521
584035,592587,592742,155,8552
584035,592583,592745,162,8548
584035,592590,592745,155,8555
584035,592589,592746,157,8554
584035,592590,592748,158,8555
584035,592590,592752,162,8555
584035,592599,592752,153,8564
584035,592594,592754,160,8559
584035,592590,592756,166,8555
584035,592584,592756,172,8549
584035,592592,592767,175,8557
584035,592621,592768,147,8586
584035,592584,592773,189,8549
584035,592616,592775,159,8581
584035,592614,592776,162,8579
584035,592617,592776,159,8582
584035,592593,592776,183,8558
584035,592605,592778,173,8570
584035,592616,592779,163,8581
584035,592597,592780,183,8562
584035,592611,592780,169,8576
584035,592606,592782,176,8571
584035,592607,592784,177,8572
584035,592603,592785,182,8568
584035,592623,592786,163,8588
584035,592621,592790,169,8586
584035,592626,592790,164,8591
584035,592616,592791,175,8581
584035,592630,592792,162,8595
584035,592608,592792,184,8573
584035,592608,592792,184,8573
584035,592614,592793,179,8579
584035,592614,592794,180,8579
584035,592622,592795,173,8587
584035,592638,592795,157,8603
584035,592632,592800,168,8597
584035,592633,592800,167,8598
584035,592643,592803,160,8608
584035,592628,592807,179,8593
584035,592642,592808,166,8607
584035,592648,592809,161,8613
584035,592639,592812,173,8604
584035,592636,592815,179,8601
584035,592650,592819,169,8615
584035,592659,592826,167,8624
584035,592665,592829,164,8630
584035,592671,592829,158,8636
584035,592662,592830,168,8627
584035,592667,592831,164,8632
584035,592679,592840,161,8644
584035,592664,592841,177,8629
584035,592665,592844,179,8630
584035,592676,592845,169,8641
584035,592687,592850,163,8652
584035,592688,592859,171,8653
584035,592700,592862,162,8665
584035,592707,592865,158,8672
584035,592683,592867,184,8648
584035,592711,592868,157,8676
584035,592712,592870,158,8677
584035,592689,592870,181,8654
584035,592694,592872,178,8659
584035,592708,592873,165,8673
584035,592710,592873,163,8675
584035,592717,592886,169,8682
584035,592712,592886,174,8677
584035,592716,592887,171,8681
584035,592729,592890,161,8694
584035,592723,592891,168,8688
584035,592728,592892,164,8693
584035,592730,592897,167,8695
584035,592737,592898,161,8702
584035,592731,592900,169,8696
584035,592726,592902,176,8691
584035,592733,592903,170,8698
584035,592739,592905,166,8704
584035,592742,592911,169,8707
584035,592757,592914,157,8722
584035,592748,592917,169,8713
584035,592746,592920,174,8711
584035,592754,592920,166,8719
584035,592740,592923,183,8705
584035,592746,592930,184,8711
584035,592778,592933,155,8743
584035,592780,592934,154,8745
584035,592768,592934,166,8733
584035,592746,592935,189,8711
584035,592752,592936,184,8717
584035,592757,592937,180,8722
584035,592783,592939,156,8748
584035,592776,592940,164,8741
584035,592774,592940,166,8739
584035,592753,592942,189,8718
584035,592776,592942,166,8741
584035,592781,592943,162,8746
584035,592777,592943,166,8742
584035,592795,592943,148,8760
584035,592787,592944,157,8752
584035,592776,592945,169,8741
584035,592785,592946,161,8750
584035,592781,592948,167,8746
584035,592795,592948,153,8760
584035,592801,592953,152,8766
584035,592793,592954,161,8758
584035,592790,592956,166,8755
584035,592793,592956,163,8758
584035,592790,592958,168,8755
584035,592786,592959,173,8751
584035,592792,592959,167,8757
584035,592800,592961,161,8765
584035,592794,592962,168,8759
584035,592768,592963,195,8733
584035,592808,592965,157,8773
584035,592793,592966,173,8758
584035,592795,592967,172,8760
584035,592808,592969,161,8773
584035,592830,592971,141,8795
584035,592812,592972,160,8777
584035,592816,592981,165,8781
584035,592829,592980,151,8794
584035,592804,592983,179,8769
584035,592810,592984,174,8775
584035,592819,592991,172,8784
584035,592827,592996,169,8792
584035,592831,592995,164,8796
584035,592841,592999,158,8806
584035,592850,593000,150,8815
584035,592841,593001,160,8806
584035,592846,593006,160,8811
584035,592872,593017,145,8837
584035,592845,593018,173,8810
584035,592867,593018,151,8832
584035,592832,593022,190,8797
584035,592863,593024,161,8828
584035,592869,593025,156,8834
584035,592874,593027,153,8839
584035,592888,593028,140,8853
584035,592866,593034,168,8831
584035,592859,593037,178,8824
584050,592904,593038,134,8854
584035,592886,593039,153,8851
584035,592873,593039,166,8838
584035,592870,593042,172,8835
584035,592892,593045,153,8857
584035,592871,593045,174,8836
584035,592890,593048,158,8855
584035,592887,593048,161,8852
584035,592891,593049,158,8856
584050,592903,593062,159,8853
584050,592906,593063,157,8856
584035,592898,593066,168,8863
584050,592915,593070,155,8865
584050,592923,593072,149,8873
584050,592901,593074,173,8851
584050,592920,593075,155,8870
584050,592912,593083,171,8862
584050,592933,593083,150,8883
584050,592935,593083,148,8885
584050,592934,593084,150,8884
584050,592920,593086,166,8870
584050,592936,593088,152,8886
584050,592917,593089,172,8867
584050,592930,593091,161,8880
584050,592935,593094,159,8885
584050,592943,593095,152,8893
584050,592939,593097,158,8889
584050,592944,593100,156,8894
584050,592941,593101,160,8891
584050,592945,593111,166,8895
584050,592944,593111,167,8894
584050,592954,593113,159,8904
584050,592943,593115,172,8893
584050,592943,593116,173,8893
584050,592940,593117,177,8890
584050,592937,593116,179,8887
584050,592973,593117,144,8923
584050,592947,593118,171,8897
584050,592959,593120,161,8909
584050,592971,593123,152,8921
584050,592964,593123,159,8914
584050,592965,593123,158,8915
584050,592948,593124,176,8898
584050,592960,593127,167,8910
584050,592946,593127,181,8896
584050,592967,593127,160,8917
584050,592948,593130,182,8898
584050,592957,593131,174,8907
584050,592970,593132,162,8920
584050,592953,593133,180,8903
584050,592963,593135,172,8913
584050,592967,593136,169,8917
584050,592962,593138,176,8912
584050,592984,593140,156,8934
584050,592985,593141,156,8935
584050,592958,593143,185,8908
584050,592956,593143,187,8906
584050,593000,593144,144,8950
584050,592981,593153,172,8931
584050,593000,593155,155,8950
584050,592991,593158,167,8941
584050,592996,593162,166,8946
584050,593002,593163,161,8952
584050,592996,593165,169,8946
584050,592981,593166,185,8931
584050,593019,593169,150,8969
584050,593006,593176,170,8956
584050,593028,593181,153,8978
584050,593019,593183,164,8969
584050,593025,593182,157,8975
584050,593028,593184,156,8978
584050,593018,593190,172,8968
584050,593023,593193,170,8973
584050,593039,593197,158,8989
584050,593038,593196,158,8988
584050,593025,593200,175,8975
584050,593050,593203,153,9000
584050,593040,593205,165,8990
584050,593042,593207,165,8992
584050,593048,593207,159,8998
584050,593046,593209,163,8996
584050,593035,593210,175,8985
584023,591841,593216,1375,7818
584050,593039,593216,177,8989
584050,593045,593219,174,8995
584050,593070,593221,151,9020
584050,593063,593224,161,9013
584050,593072,593224,152,9022
584050,593049,593226,177,8999
584050,593063,593226,163,9013
584050,593074,593228,154,9024
584050,593066,593235,169,9016
584050,593075,593237,162,9025
584050,593084,593239,155,9034
584050,593097,593242,145,9047
584050,593085,593244,159,9035
584050,593084,593246,162,9034
584050,593087,593249,162,9037
584050,593089,593249,160,9039
584050,593084,593250,166,9034
584050,593091,593259,168,9041
584050,593100,593259,159,9050
584050,593117,593263,146,9067
584050,593090,593263,173,9040
584050,593112,593263,151,9062
584050,593113,593268,155,9063
584050,593118,593270,152,9068
584050,593102,593270,168,9052
584050,593117,593272,155,9067
584050,593115,593272,157,9065
584050,593123,593274,151,9073
584050,593124,593275,151,9074
584050,593096,593277,181,9046
584050,593111,593277,166,9061
584050,593095,593279,184,9045
584050,593117,593279,162,9067
584050,593118,593284,166,9068
584050,593121,593287,166,9071
584050,593123,593288,165,9073
584050,593128,593288,160,9078
584050,593124,593290,166,9074
584050,593134,593294,160,9084
584050,593139,593298,159,9089
584050,593131,593300,169,9081
584050,593133,593300,167,9083
584050,593128,593302,174,9078
584050,593131,593305,174,9081
584050,593135,593308,173,9085
584050,593154,593310,156,9104
584050,593145,593313,168,9095
584050,593136,593318,182,9086
584050,593143,593319,176,9093
584050,593163,593321,158,9113
584050,593141,593324,183,9091
584050,593142,593326,184,9092
584050,593128,593327,199,9078
584050,593144,593331,187,9094
584050,593176,593332,156,9126
584050,593170,593332,162,9120
584050,593181,593335,154,9131
584050,593164,593336,172,9114
584050,593166,593337,171,9116
584050,593167,593339,172,9117
584050,593184,593342,158,9134
584050,593158,593344,186,9108
584050,593156,593344,188,9106
584050,593183,593351,168,9133
584050,593183,593352,169,9133
584050,593190,593358,168,9140
584050,593197,593359,162,9147
584050,593200,593360,160,9150
584050,593194,593360,166,9144
584050,593197,593364,167,9147
584050,593208,593364,156,9158
584050,593208,593367,159,9158
584050,593204,593370,166,9154
584050,593205,593377,172,9155
584050,593216,593386,170,9166
584050,593221,593386,165,9171
584050,593225,593388,163,9175
584050,593229,593393,164,9179
584050,593210,593393,183,9160
584050,593210,593396,186,9160
584050,593220,593398,178,9170
584050,593227,593398,171,9177
584050,593224,593402,178,9174
584050,593240,593404,164,9190
584050,593250,593404,154,9200
584050,593217,593404,187,9167
584050,593226,593407,181,9176
584050,593237,593411,174,9187
584050,593235,593413,178,9185
584050,593245,593415,170,9195
584050,593246,593416,170,9196
584050,593263,593421,158,9213
584050,593251,593426,175,9201
584050,593250,593427,177,9200
584050,593276,593427,151,9226
584050,593264,593427,163,9214
584050,593260,593429,169,9210
584050,593270,593431,161,9220
584050,593270,593431,161,9220
584050,593278,593433,155,9228
584050,593268,593433,165,9218
584050,593264,593434,170,9214
584050,593260,593434,174,9210
584050,593272,593436,164,9222
584050,593243,593439,196,9193
584050,593278,593443,165,9228
584050,593272,593445,173,9222
584050,593275,593446,171,9225
584050,593280,593448,168,9230
584050,593288,593451,163,9238
584050,593290,593452,162,9240
584050,593288,593454,166,9238
584050,593280,593457,177,9230
584050,593300,593462,162,9250
584050,593294,593465,171,9244
584050,593300,593467,167,9250
584050,593299,593468,169,9249
584050,593287,593469,182,9237
584050,593302,593471,169,9252
584050,593285,593472,187,9235
584050,593308,593473,165,9258
584050,593311,593474,163,9261
584050,593305,593479,174,9255
584050,593318,593480,162,9268
584050,593313,593481,168,9263
584050,593322,593485,163,9272
584050,593325,593492,167,9275
584050,593331,593497,166,9281
584050,593337,593497,160,9287
584050,593320,593500,180,9270
584050,593327,593501,174,9277
584050,593332,593503,171,9282
584050,593332,593507,175,9282
584050,593336,593507,171,9286
584050,593340,593509,169,9290
584050,593328,593509,181,9278
584050,593337,593510,173,9287
584050,593344,593511,167,9294
584050,593342,593513,171,9292
584050,593359,593517,158,9309
584050,593352,593521,169,9302
584050,593360,593521,161,9310
584050,593359,593521,162,9309
584050,593344,593523,179,9294
584050,593364,593530,166,9314
584050,593368,593533,165,9318
584050,593377,593536,159,9327
584050,593365,593541,176,9315
584050,593360,593545,185,9310
584050,593396,593546,150,9346
584050,593352,593547,195,9302
584050,593371,593552,181,9321
584050,593386,593563,177,9336
584050,593399,593563,164,9349
584050,593427,593566,139,9377
584050,593405,593567,162,9355
584050,593405,593568,163,9355
584050,593407,593568,161,9357
584050,593389,593569,180,9339
584050,593399,593569,170,9349
584050,593393,593570,177,9343
584050,593411,593571,160,9361
584050,593387,593572,185,9337
584050,593404,593575,171,9354
584050,593413,593575,162,9363
584050,593421,593576,155,9371
584050,593416,593578,162,9366
584050,593394,593580,186,9344
584056,593446,593580,134,9390
584050,593416,593580,164,9366
584050,593402,593580,178,9352
584050,593428,593582,154,9378
584050,593427,593583,156,9377
584050,593427,593584,157,9377
584056,593440,593584,144,9384
584050,593431,593584,153,9381
584056,593446,593585,139,9390
584056,593452,593590,138,9396
584056,593435,593590,155,9379
584056,593435,593592,157,9379
584050,593431,593592,161,9381
584056,593436,593595,159,9380
584050,593434,593595,161,9384
584056,593465,593597,132,9409
584050,593430,593598,168,9380
584056,593452,593600,148,9396
584056,593448,593602,154,9392
584056,593458,593606,148,9402
584056,593463,593611,148,9407
584056,593444,593613,169,9388
584056,593454,593617,163,9398
584056,593468,593619,151,9412
584056,593474,593624,150,9418
584056,593482,593627,145,9426
584056,593470,593630,160,9414
584056,593480,593630,150,9424
584056,593472,593631,159,9416
584056,593472,593633,161,9416
584056,593479,593638,159,9423
584056,593475,593641,166,9419
584056,593486,593642,156,9430
584056,593469,593642,173,9413
584056,593498,593650,152,9442
584056,593508,593651,143,9452
584056,593510,593655,145,9454
584056,593517,593656,139,9461
584056,593511,593658,147,9455
584056,593509,593658,149,9453
584056,593502,593662,160,9446
584056,593510,593667,157,9454
584056,593498,593669,171,9442
584056,593521,593674,153,9465
584056,593503,593675,172,9447
584056,593522,593675,153,9466
584056,593524,593675,151,9468
584056,593522,593676,154,9466
584056,593501,593678,177,9445
584056,593510,593680,170,9454
584056,593507,593686,179,9451
584056,593533,593690,157,9477
584056,593514,593694,180,9458
584056,593530,593693,163,9474
584056,593542,593694,152,9486
584056,593537,593697,160,9481
584056,593548,593702,154,9492
584056,593570,593707,137,9514
584056,593547,593715,168,9491
584056,593576,593724,148,9520
584056,593569,593726,157,9513
584056,593545,593727,182,9489
584056,593572,593728,156,9516
584056,593580,593731,151,9524
584056,593563,593732,169,9507
584056,593568,593733,165,9512
584056,593568,593734,166,9512
584056,593570,593734,164,9514
584056,593553,593735,182,9497
584056,593577,593736,159,9521
584056,593582,593742,160,9526
584056,593566,593742,176,9510
584056,593571,593744,173,9515
584056,593579,593745,166,9523
584056,593581,593745,164,9525
584056,593573,593745,172,9517
584056,593563,593745,182,9507
584056,593584,593747,163,9528
584056,593590,593747,157,9534
584056,593576,593747,171,9520
584056,593586,593748,162,9530
584056,593585,593749,164,9529
584056,593581,593751,170,9525
584056,593585,593751,166,9529
584028,592357,593753,1396,8329
584056,593593,593755,162,9537
584056,593591,593755,164,9535
584056,593603,593759,156,9547
584056,593581,593762,181,9525
584056,593601,593764,163,9545
584056,593627,593765,138,9571
584056,593593,593766,173,9537
584056,593613,593767,154,9557
584056,593598,593768,170,9542
584056,593595,593768,173,9539
584056,593612,593775,163,9556
584056,593606,593775,169,9550
584056,593620,593776,156,9564
584056,593583,593778,195,9527
584033,592358,593779,1421,8325
584056,593599,593779,180,9543
584056,593595,593783,188,9539
584056,593618,593783,165,9562
584056,593625,593788,163,9569
584056,593651,593791,140,9595
584056,593631,593793,162,9575
584056,593632,593795,163,9576
584056,593642,593795,153,9586
584056,593638,593800,162,9582
584056,593658,593801,143,9602
584056,593641,593802,161,9585
584056,593631,593804,173,9575
584056,593634,593806,172,9578
584056,593651,593809,158,9595
584056,593642,593810,168,9586
584056,593655,593814,159,9599
584056,593663,593817,154,9607
584056,593659,593825,166,9603
584056,593674,593826,152,9618
584056,593675,593826,151,9619
584056,593668,593828,160,9612
584056,593677,593829,152,9621
584056,593669,593830,161,9613
584056,593656,593833,177,9600
584056,593678,593834,156,9622
584056,593681,593835,154,9625
584056,593676,593840,164,9620
584056,593690,593842,152,9634
584056,593675,593848,173,9619
584056,593686,593862,176,9630
584056,593698,593865,167,9642
584056,593708,593865,157,9652
584056,593703,593865,162,9647
584056,593694,593868,174,9638
584056,593694,593874,180,9638
584056,593729,593883,154,9673
584056,593736,593887,151,9680
584056,593694,593888,194,9638
584056,593724,593891,167,9668
584056,593715,593894,179,9659
584056,593727,593895,168,9671
584056,593735,593897,162,9679
584056,593751,593901,150,9695
584056,593746,593903,157,9690
584056,593742,593910,168,9686
584056,593748,593912,164,9692
584056,593748,593914,166,9692
584056,593736,593915,179,9680
584056,593767,593915,148,9711
584056,593734,593916,182,9678
584056,593746,593916,170,9690
584056,593752,593917,165,9696
584056,593732,593917,185,9676
584056,593754,593918,164,9698
584056,593749,593921,172,9693
584056,593728,593921,193,9672
584056,593735,593922,187,9679
584056,593732,593922,190,9676
584056,593748,593922,174,9692
584056,593775,593922,147,9719
584056,593745,593923,178,9689
584056,593755,593925,170,9699
584056,593743,593926,183,9687
584056,593746,593928,182,9690
584056,593769,593928,159,9713
584056,593764,593930,166,9708
584056,593748,593929,181,9692
584056,593745,593930,185,9689
584056,593756,593930,174,9700
584056,593763,593932,169,9707
584056,593769,593933,164,9713
584056,593767,593933,166,9711
584056,593760,593934,174,9704
584056,593779,593939,160,9723
584056,593777,593944,167,9721
584056,593766,593946,180,9710
584056,593778,593948,170,9722
584056,593789,593948,159,9733
584056,593795,593948,153,9739
584056,593780,593954,174,9724
584056,593809,593954,145,9753
584056,593775,593956,181,9719
584056,593792,593958,166,9736
584056,593794,593958,164,9738
584056,593805,593962,157,9749
584056,593807,593963,156,9751
584056,593803,593964,161,9747
584056,593814,593964,150,9758
584056,593800,593965,165,9744
584056,593802,593970,168,9746
584056,593825,593972,147,9769
584056,593783,593972,189,9727
584056,593796,593975,179,9740
584056,593817,593977,160,9761
584056,593830,593978,148,9774
584056,593836,593979,143,9780
584056,593783,593980,197,9727
584056,593811,593982,171,9755
584056,593830,593987,157,9774
584056,593827,593988,161,9771
584056,593849,593993,144,9793
584056,593827,593994,167,9771
584056,593834,593995,161,9778
584056,593828,594000,172,9772
584056,593835,594003,168,9779
584056,593840,594006,166,9784
584056,593842,594014,172,9786
584056,593862,594022,160,9806
584056,593874,594021,147,9818
584056,593866,594032,166,9810
584056,593865,594034,169,9809
584056,593865,594035,170,9809
584056,593884,594043,159,9828
584056,593903,594046,143,9847
584056,593902,594047,145,9846
584056,593869,594052,183,9813
584056,593891,594053,162,9835
584056,593888,594058,170,9832
584056,593889,594059,170,9833
584056,593926,594063,137,9870
584056,593918,594064,146,9862
584056,593931,594067,136,9875
584056,593913,594067,154,9857
584056,593924,594069,145,9868
584056,593914,594071,157,9858
584056,593922,594072,150,9866
584056,593930,594074,144,9874
584056,593911,594075,164,9855
584056,593898,594075,177,9842
584056,593921,594076,155,9865
584056,593894,594078,184,9838
584056,593925,594080,155,9869
584056,593939,594079,140,9883
584056,593919,594081,162,9863
584056,593895,594081,186,9839
584056,593934,594082,148,9878
584056,593917,594084,167,9861
584056,593921,594085,164,9865
584056,593928,594087,159,9872
584056,593917,594087,170,9861
584056,593923,594087,164,9867
584056,593928,594089,161,9872
584056,593933,594089,156,9877
584056,593916,594091,175,9860
584056,593922,594092,170,9866
584056,593916,594093,177,9860
584056,593949,594094,145,9893
584056,593932,594098,166,9876
584056,593931,594101,170,9875
584099,593966,594104,138,9867
584056,593930,594104,174,9874
584056,593923,594105,182,9867
584056,593948,594105,157,9892
584056,593957,594107,150,9901
584056,593958,594108,150,9902
584056,593955,594109,154,9899
584056,593947,594110,163,9891
584056,593935,594110,175,9879
584056,593949,594111,162,9893
584056,593918,594113,195,9862
584099,593965,594115,150,9866
584056,593945,594123,178,9889
584099,593963,594124,161,9864
584056,593955,594124,169,9899
584099,593977,594127,150,9878
584099,593979,594132,153,9880
584099,593965,594133,168,9866
584099,593973,594135,162,9874
584099,593963,594136,173,9864
584099,593978,594138,160,9879
584099,593989,594139,150,9890
584099,593983,594142,159,9884
584099,593975,594142,167,9876
584099,593973,594144,171,9874
584099,593988,594149,161,9889
584099,593981,594155,174,9882
584099,594000,594158,158,9901
584099,593971,594160,189,9872
584099,594007,594164,157,9908
584099,593996,594167,171,9897
584099,594014,594167,153,9915
584099,593995,594168,173,9896
584099,593994,594175,181,9895
584099,594022,594180,158,9923
584099,594032,594181,149,9933
584099,594022,594185,163,9923
584099,594035,594196,161,9936
584099,594032,594198,166,9933
584099,594044,594202,158,9945
584099,594053,594204,151,9954
584099,594034,594204,170,9935
584099,594060,594209,149,9961
584099,594064,594215,151,9965
584099,594048,594219,171,9949
584099,594058,594220,162,9959
584099,594047,594222,175,9948
584099,594069,594223,154,9970
584099,594067,594224,157,9968
584099,594080,594226,146,9981
584099,594053,594226,173,9954
584099,594064,594231,167,9965
584099,594088,594232,144,9989
584099,594077,594233,156,9978
584099,594076,594235,159,9977
584099,594076,594236,160,9977
584099,594078,594239,161,9979
584099,594090,594239,149,9991
584099,594072,594242,170,9973
584099,594071,594241,170,9972
584099,594086,594243,157,9987
584099,594082,594244,162,9983
584099,594075,594244,169,9976
584099,594094,594245,151,9995
584099,594092,594250,158,9993
584099,594080,594250,170,9981
584099,594099,594251,152,10000
584099,594091,594252,161,9992
584099,594067,594254,187,9968
584099,594082,594254,172,9983
584099,594093,594255,162,9994
584099,594101,594256,155,10002
584099,594081,594256,175,9982
584099,594087,594256,169,9988
584099,594106,594260,154,10007
584099,594105,594264,159,10006
584099,594085,594264,179,9986
584099,594088,594264,176,9989
584099,594110,594268,158,10011
584099,594111,594267,156,10012
584099,594105,594273,168,10006
584099,594124,594273,149,10025
584099,594107,594274,167,10008
584099,594111,594279,168,10012
584099,594089,594285,196,9990
584099,594124,594288,164,10025
584099,594109,594290,181,10010
584099,594116,594289,173,10017
584099,594106,594289,183,10007
584038,592899,594290,1391,8861
584099,594123,594292,169,10024
584099,594128,594294,166,10029
584099,594114,594296,182,10015
584099,594136,594296,160,10037
584099,594112,594296,184,10013
584099,594133,594296,163,10034
584099,594138,594298,160,10039
584099,594132,594298,166,10033
584099,594145,594301,156,10046
584099,594156,594307,151,10057
584099,594143,594309,166,10044
584099,594140,594312,172,10041
584099,594150,594313,163,10051
584099,594137,594315,178,10038
584099,594161,594321,160,10062
584099,594143,594321,178,10044
584099,594159,594321,162,10060
584099,594167,594323,156,10068
584099,594165,594327,162,10066
584099,594181,594334,153,10082
584099,594180,594336,156,10081
584099,594186,594341,155,10087
584099,594168,594347,179,10069
584099,594169,594350,181,10070
584099,594175,594354,179,10076
584099,594202,594356,154,10103
584099,594225,594366,141,10126
584099,594204,594367,163,10105
584099,594205,594368,163,10106
584099,594197,594369,172,10098
584099,594210,594373,163,10111
584099,594221,594376,155,10122
584099,594233,594377,144,10134
584099,594232,594378,146,10133
584099,594223,594378,155,10124
584099,594234,594380,146,10135
584099,594215,594382,167,10116
584099,594223,594385,162,10124
584099,594219,594386,167,10120
584099,594226,594391,165,10127
584099,594226,594392,166,10127
584099,594246,594394,148,10147
584099,594242,594394,152,10143
584099,594198,594394,196,10099
584099,594251,594402,151,10152
584099,594235,594403,168,10136
584099,594240,594407,167,10141
584099,594237,594410,173,10138
584099,594244,594412,168,10145
584099,594256,594413,157,10157
584099,594257,594414,157,10158
584099,594252,594415,163,10153
584099,594242,594416,174,10143
584099,594251,594420,169,10152
584099,594265,594422,157,10166
584099,594269,594423,154,10170
584099,594239,594424,185,10140
584099,594264,594424,160,10165
584099,594269,594424,155,10170
584099,594256,594426,170,10157
584099,594244,594427,183,10145
584099,594274,594431,157,10175
584099,594254,594432,178,10155
584099,594254,594435,181,10155
584099,594274,594437,163,10175
584099,594250,594437,187,10151
584099,594255,594439,184,10156
584099,594265,594440,175,10166
584099,594280,594441,161,10181
584099,594290,594441,151,10191
584099,594285,594441,156,10186
584099,594290,594445,155,10191
584099,594245,594448,203,10146
584099,594293,594450,157,10194
584099,594261,594455,194,10162
584099,594289,594455,166,10190
584099,594297,594460,163,10198
584099,594295,594460,165,10196
584099,594298,594460,162,10199
584099,594297,594461,164,10198
584099,594298,594463,165,10199
584099,594275,594465,190,10176
584099,594301,594467,166,10202
584099,594315,594468,153,10216
584099,594290,594469,179,10191
584099,594297,594471,174,10198
584099,594297,594472,175,10198
584099,594307,594474,167,10208
584099,594312,594474,162,10213
584099,594290,594478,188,10191
584099,594322,594485,163,10223
584099,594314,594488,174,10215
584099,594328,594488,160,10229
584099,594309,594489,180,10210
584099,594322,594490,168,10223
584099,594323,594491,168,10224
584099,594322,594491,169,10223
584099,594334,594497,163,10235
584099,594342,594508,166,10243
584099,594354,594516,162,10255
584099,594337,594522,185,10238
584099,594348,594528,180,10249
584099,594351,594534,183,10252
584099,594356,594534,178,10257
584099,594377,594535,158,10278
584099,594367,594536,169,10268
584099,594370,594537,167,10271
584099,594373,594541,168,10274
584099,594379,594542,163,10280
584099,594367,594543,176,10268
584099,594368,594543,175,10269
584099,594383,594543,160,10284
584099,594377,594550,173,10278
584099,594395,594553,158,10296
584099,594380,594554,174,10281
584099,594393,594551,158,10294
584099,594395,594558,163,10296
584099,594378,594560,182,10279
584099,594391,594564,173,10292
584099,594403,594566,163,10304
584099,594403,594565,162,10304
584099,594386,594567,181,10287
584099,594395,594567,172,10296
584099,594432,594571,139,10333
584099,594385,594574,189,10286
584099,594408,594574,166,10309
584099,594416,594574,158,10317
584099,594435,594575,140,10336
584099,594410,594579,169,10311
584099,594425,594585,160,10326
584099,594423,594586,163,10324
584099,594432,594588,156,10333
584099,594416,594590,174,10317
584099,594424,594591,167,10325
584099,594428,594592,164,10329
584099,594413,594592,179,10314
584099,594413,594593,180,10314
584099,594414,594593,179,10315
584099,594437,594593,156,10338
584099,594441,594600,159,10342
584099,594425,594602,177,10326
584099,594439,594605,166,10340
584099,594442,594605,163,10343
584099,594421,594606,185,10322
584099,594438,594608,170,10339
584099,594427,594610,183,10328
584099,594441,594614,173,10342
584099,594423,594616,193,10324
584099,594449,594617,168,10350
584099,594451,594619,168,10352
584099,594461,594619,158,10362
584099,594471,594621,150,10372
584099,594446,594622,176,10347
584099,594461,594622,161,10362
584099,594456,594623,167,10357
584099,594442,594624,182,10343
584099,594462,594624,162,10363
584099,594456,594627,171,10357
584099,594464,594628,164,10365
584105,594492,594633,141,10387
584099,594469,594634,165,10370
584099,594461,594636,175,10362
584099,594489,594636,147,10390
584099,594473,594637,164,10374
584099,594475,594641,166,10376
584099,594468,594642,174,10369
584099,594485,594643,158,10386
584099,594478,594643,165,10379
584099,594489,594644,155,10390
584099,594475,594645,170,10376
584099,594470,594652,182,10371
584099,594491,594654,163,10392
584099,594489,594655,166,10390
584099,594466,594664,198,10367
584105,594497,594665,168,10392
584105,594529,594671,142,10424
584105,594523,594680,157,10418
584105,594542,594682,140,10437
584105,594516,594683,167,10411
584105,594509,594686,177,10404
584105,594536,594692,156,10431
584105,594534,594691,157,10429
584105,594535,594694,159,10430
584105,594544,594696,152,10439
584105,594537,594697,160,10432
584105,594544,594703,159,10439
584105,594553,594708,155,10448
584105,594543,594711,168,10438
584105,594543,594716,173,10438
584105,594565,594720,155,10460
584105,594554,594721,167,10449
584105,594537,594722,185,10432
584105,594558,594722,164,10453
584105,594566,594724,158,10461
584105,594574,594725,151,10469
584105,594568,594725,157,10463
584105,594559,594727,168,10454
584105,594571,594728,157,10466
584105,594566,594734,168,10461
584105,594585,594736,151,10480
584105,594558,594739,181,10453
584105,594567,594739,172,10462
584105,594580,594740,160,10475
584105,594574,594744,170,10469
584105,594576,594747,171,10471
584105,594574,594748,174,10469
584105,594592,594749,157,10487
584105,594560,594750,190,10455
584105,594593,594755,162,10488
584105,594594,594758,164,10489
584105,594594,594758,164,10489
584105,594588,594761,173,10483
584105,594592,594761,169,10487
584105,594594,594762,168,10489
584105,594620,594764,144,10515
584105,594617,594769,152,10512
584105,594600,594770,170,10495
584105,594609,594773,164,10504
584105,594591,594773,182,10486
584105,594603,594773,170,10498
584105,594586,594775,189,10481
584105,594619,594775,156,10514
584105,594605,594777,172,10500
584105,594610,594777,167,10505
584105,594624,594777,153,10519
584105,594623,594778,155,10518
584105,594606,594779,173,10501
584105,594622,594781,159,10517
584105,594629,594782,153,10524
584105,594616,594782,166,10511
584105,594634,594783,149,10529
584105,594606,594784,178,10501
584105,594624,594786,162,10519
584105,594621,594793,172,10516
584105,594634,594795,161,10529
584105,594614,594796,182,10509
584105,594637,594797,160,10532
584105,594637,594797,160,10532
584105,594643,594800,157,10538
584105,594643,594801,158,10538
584105,594655,594804,149,10550
584105,594637,594804,167,10532
584105,594624,594806,182,10519
584105,594644,594806,162,10539
584105,594655,594809,154,10550
584105,594628,594811,183,10523
584105,594641,594812,171,10536
584105,594653,594813,160,10548
584105,594644,594815,171,10539
584105,594646,594815,169,10541
584105,594664,594831,167,10559
584105,594681,594833,152,10576
584105,594683,594841,158,10578
584105,594671,594843,172,10566
584052,593434,594844,1410,9382
584105,594697,594852,155,10592
584105,594692,594858,166,10587
584105,594692,594859,167,10587
584105,594665,594859,194,10560
584105,594694,594861,167,10589
584105,594698,594862,164,10593
584105,594687,594862,175,10582
584105,594703,594865,162,10598
584105,594711,594865,154,10606
584105,594709,594873,164,10604
584105,594721,594872,151,10616
584105,594684,594875,191,10579
584105,594717,594875,158,10612
584105,594724,594877,153,10619
584105,594721,594880,159,10616
584105,594726,594883,157,10621
584105,594722,594884,162,10617
584105,594723,594886,163,10618
584105,594725,594888,163,10620
584105,594729,594890,161,10624
584105,594735,594895,160,10630
584105,594739,594900,161,10634
584105,594747,594902,155,10642
584105,594737,594904,167,10632
584105,594741,594906,165,10636
584105,594728,594907,179,10623
584105,594750,594908,158,10645
584105,594748,594908,160,10643
584105,594762,594913,151,10657
584105,594744,594914,170,10639
584105,594758,594918,160,10653
584105,594739,594920,181,10634
584105,594762,594921,159,10657
584105,594750,594926,176,10645
584105,594775,594926,151,10670
584105,594755,594927,172,10650
584105,594761,594931,170,10656
584105,594777,594939,162,10672
584105,594765,594942,177,10660
584105,594786,594948,162,10681
584105,594758,594949,191,10653
584105,594797,594950,153,10692
584105,594778,594950,172,10673
584105,594771,594951,180,10666
584105,594778,594954,176,10673
584105,594784,594955,171,10679
584105,594769,594956,187,10664
584105,594773,594957,184,10668
584105,594776,594956,180,10671
584105,594773,594956,183,10668
584105,594779,594957,178,10674
584105,594796,594958,162,10691
584105,594774,594958,184,10669
584105,594796,594961,165,10691
584105,594782,594962,180,10677
584105,594804,594962,158,10699
584105,594781,594967,186,10676
584105,594807,594968,161,10702
584105,594801,594968,167,10696
584105,594785,594969,184,10680
584105,594801,594969,168,10696
584105,594777,594969,192,10672
584105,594782,594970,188,10677
584105,594797,594972,175,10692
584105,594793,594973,180,10688
584105,594810,594976,166,10705
584105,594806,594979,173,10701
584105,594813,594983,170,10708
584105,594811,594986,175,10706
584105,594804,594986,182,10699
584105,594816,594986,170,10711
584105,594816,594990,174,10711
584105,594812,594995,183,10707
584105,594831,594998,167,10726
584105,594844,595002,158,10739
584105,594833,595009,176,10728
584105,594853,595020,167,10748
584105,594865,595022,157,10760
584105,594860,595023,163,10755
584105,594842,595024,182,10737
584105,594873,595025,152,10768
584105,594860,595027,167,10755
584105,594843,595028,185,10738
584105,594866,595030,164,10761
584105,594862,595033,171,10757
584105,594858,595033,175,10753
584105,594861,595034,173,10756
584105,594873,595038,165,10768
584105,594878,595038,160,10773
584105,594889,595039,150,10784
584105,594862,595045,183,10757
584105,594875,595046,171,10770
584105,594876,595046,170,10771
584105,594885,595050,165,10780
584105,594883,595051,168,10778
584105,594891,595052,161,10786
584105,594896,595055,159,10791
584105,594880,595058,178,10775
584105,594887,595063,176,10782
584105,594902,595064,162,10797
584105,594909,595069,160,10804
584105,594901,595071,170,10796
584105,594908,595072,164,10803
584105,594904,595077,173,10799
584105,594907,595077,170,10802
584105,594909,595080,171,10804
584105,594922,595080,158,10817
584105,594921,595089,168,10816
584105,594913,595089,176,10808
584105,594926,595091,165,10821
584105,594928,595095,167,10823
584105,594914,595096,182,10809
584105,594926,595103,177,10821
584105,594932,595106,174,10827
584105,594951,595116,165,10846
584105,594948,595115,167,10843
584105,594942,595118,176,10837
584105,594950,595119,169,10845
584105,594919,595121,202,10814
584105,594957,595122,165,10852
584105,594968,595123,155,10863
584105,594958,595123,165,10853
584105,594949,595123,174,10844
584105,594958,595123,165,10853
584105,594940,595125,185,10835
584105,594957,595128,171,10852
584105,594957,595129,172,10852
584105,594951,595130,179,10846
584105,594969,595130,161,10864
584105,594957,595131,174,10852
584105,594962,595131,169,10857
584105,594955,595132,177,10850
584105,594961,595134,173,10856
584105,594972,595136,164,10867
584105,594967,595138,171,10862
584105,594970,595138,168,10865
584105,594959,595138,179,10854
584105,594963,595139,176,10858
584105,594956,595141,185,10851
584105,594970,595141,171,10865
584105,594976,595143,167,10871
584105,594970,595147,177,10865
584105,594986,595151,165,10881
584105,594979,595153,174,10874
584105,594969,595154,185,10864
584105,594991,595156,165,10886
584105,594987,595157,170,10882
584105,595003,595158,155,10898
584105,594983,595159,176,10878
584105,594973,595160,187,10868
584105,594998,595161,163,10893
584105,594986,595161,175,10881
584105,595010,595167,157,10905
584105,595021,595172,151,10916
584105,594995,595174,179,10890
584105,595023,595182,159,10918
584105,595028,595185,157,10923
584105,595025,595185,160,10920
584105,595031,595186,155,10926
584124,595047,595188,141,10923
584105,595028,595190,162,10923
584105,595035,595193,158,10930
584105,595024,595194,170,10919
584105,595039,595199,160,10934
584105,595026,595201,175,10921
584105,595034,595202,168,10929
584105,595033,595203,170,10928
584105,595040,595206,166,10935
584124,595053,595209,156,10929
584105,595038,595210,172,10933
584124,595050,595211,161,10926
584105,595045,595210,165,10940
584124,595051,595212,161,10927
584124,595055,595218,163,10931
584124,595070,595222,152,10946
584124,595071,595226,155,10947
584124,595080,595225,145,10956
584124,595078,595228,150,10954
584124,595078,595235,157,10954
584124,595059,595236,177,10935
584124,595063,595235,172,10939
584124,595065,595239,174,10941
584124,595091,595245,154,10967
584124,595082,595247,165,10958
584124,595073,595251,178,10949
584124,595089,595255,166,10965
584124,595096,595258,162,10972
584124,595107,595259,152,10983
584124,595095,595261,166,10971
584124,595103,595262,159,10979
584124,595122,595263,141,10998
584124,595116,595265,149,10992
584124,595120,595267,147,10996
584124,595089,595268,179,10965
584124,595123,595270,147,10999
584124,595126,595274,148,11002
584124,595118,595277,159,10994
584124,595116,595283,167,10992
584124,595138,595284,146,11014
584124,595131,595286,155,11007
584124,595139,595286,147,11015
584124,595123,595286,163,10999
584124,595132,595288,156,11008
584124,595124,595289,165,11000
584124,595124,595290,166,11000
584124,595131,595292,161,11007
584124,595124,595293,169,11000
584124,595136,595295,159,11012
584124,595134,595297,163,11010
584124,595132,595298,166,11008
584124,595141,595300,159,11017
584124,595143,595303,160,11019
584124,595152,595305,153,11028
584124,595130,595305,175,11006
584124,595129,595307,178,11005
584124,595131,595308,177,11007
584124,595161,595309,148,11037
584124,595156,595313,157,11032
584124,595138,595315,177,11014
584124,595154,595315,161,11030
584124,595147,595317,170,11023
584124,595153,595317,164,11029
584124,595162,595321,159,11038
584124,595141,595322,181,11017
584124,595162,595324,162,11038
584124,595139,595324,185,11015
584124,595157,595325,168,11033
584124,595174,595327,153,11050
584124,595172,595331,159,11048
584124,595186,595332,146,11062
584124,595159,595335,176,11035
584124,595160,595336,176,11036
584124,595190,595340,150,11066
584124,595185,595341,156,11061
584124,595194,595344,150,11070
584057,593958,595345,1387,9901
584124,595186,595347,161,11062
584124,595199,595348,149,11075
584124,595167,595348,181,11043
584124,595182,595356,174,11058
584124,595212,595359,147,11088
584124,595204,595360,156,11080
584124,595194,595361,167,11070
584124,595211,595361,150,11087
584124,595209,595365,156,11085
584124,595188,595368,180,11064
584124,595201,595368,167,11077
584124,595226,595370,144,11102
584124,595223,595371,148,11099
584124,595211,595373,162,11087
584124,595218,595375,157,11094
584124,595211,595378,167,11087
584124,595203,595378,175,11079
584124,595207,595384,177,11083
584124,595229,595385,156,11105
584124,595240,595386,146,11116
584124,595236,595390,154,11112
584124,595236,595389,153,11112
584124,595236,595394,158,11112
584124,595246,595398,152,11122
584124,595247,595402,155,11123
584124,595252,595404,152,11128
584124,595226,595407,181,11102
584124,595267,595418,151,11143
584124,595256,595418,162,11132
584124,595264,595425,161,11140
584124,595259,595427,168,11135
584124,595262,595428,166,11138
584124,595268,595428,160,11144
584124,595263,595430,167,11139
584124,595266,595430,164,11142
584124,595277,595433,156,11153
584124,595290,595434,144,11166
584124,595270,595435,165,11146
584124,595290,595437,147,11166
584124,595284,595441,157,11160
584124,595287,595444,157,11163
584124,595284,595445,161,11160
584124,595258,595447,189,11134
584124,595287,595449,162,11163
584124,595297,595452,155,11173
584124,595315,595459,144,11191
584124,595293,595460,167,11169
584124,595289,595464,175,11165
584124,595286,595465,179,11162
584124,595296,595467,171,11172
584124,595306,595469,163,11182
584124,595309,595470,161,11185
584124,595275,595473,198,11151
584124,595301,595474,173,11177
584124,595294,595474,180,11170
584124,595298,595475,177,11174
584124,595304,595475,171,11180
584124,595305,595476,171,11181
584124,595308,595477,169,11184
584124,595315,595482,167,11191
584124,595318,595484,166,11194
584124,595318,595484,166,11194
584124,595324,595486,162,11200
584124,595335,595491,156,11211
584124,595349,595493,144,11225
584124,595331,595494,163,11207
584124,595322,595493,171,11198
584124,595325,595497,172,11201
584124,595313,595498,185,11189
584124,595310,595500,190,11186
584124,595324,595501,177,11200
584124,595322,595502,180,11198
584124,595327,595505,178,11203
584124,595348,595507,159,11224
584124,595346,595508,162,11222
584124,595340,595510,170,11216
584124,595360,595514,154,11236
584124,595336,595515,179,11212
584124,595348,595516,168,11224
584124,595344,595516,172,11220
584124,595332,595521,189,11208
584124,595341,595525,184,11217
584124,595371,595530,159,11247
584124,595369,595533,164,11245
584124,595362,595535,173,11238
584124,595357,595534,177,11233
584124,595366,595536,170,11242
584124,595372,595537,165,11248
584124,595374,595538,164,11250
584124,595361,595541,180,11237
584124,595379,595544,165,11255
584124,595368,595546,178,11244
584124,595362,595551,189,11238
584124,595386,595551,165,11262
584124,595390,595554,164,11266
584124,595390,595554,164,11266
584124,595386,595555,169,11262
584124,595378,595557,179,11254
584124,595376,595560,184,11252
584124,595402,595560,158,11278
584124,595386,595566,180,11262
584124,595399,595567,168,11275
584124,595395,595573,178,11271
584124,595408,595578,170,11284
584124,595419,595580,161,11295
584124,595404,595581,177,11280
584124,595419,595595,176,11295
584124,595428,595597,169,11304
584124,595425,595598,173,11301
584124,595431,595600,169,11307
584124,595428,595600,172,11304
584124,595430,595601,171,11306
584124,595429,595606,177,11305
584124,595438,595610,172,11314
584124,595441,595610,169,11317
584124,595435,595613,178,11311
584124,595446,595613,167,11322
584124,595435,595614,179,11311
584124,595445,595617,172,11321
584124,595470,595618,148,11346
584124,595433,595621,188,11309
584124,595450,595624,174,11326
584124,595453,595625,172,11329
584124,595460,595625,165,11336
584124,595448,595627,179,11324
584124,595465,595630,165,11341
584124,595468,595630,162,11344
584124,595460,595630,170,11336
584124,595498,595631,133,11374
584124,595475,595635,160,11351
584124,595487,595638,151,11363
584124,595494,595642,148,11370
584124,595478,595644,166,11354
584124,595475,595644,169,11351
584124,595503,595644,141,11379
584124,595464,595646,182,11340
584124,595476,595647,171,11352
584124,595477,595647,170,11353
584124,595491,595648,157,11367
584124,595469,595648,179,11345
584124,595484,595649,165,11360
584124,595502,595650,148,11378
584124,595501,595651,150,11377
584124,595474,595655,181,11350
584124,595474,595659,185,11350
584124,595484,595658,174,11360
584124,595483,595662,179,11359
584124,595522,595664,142,11398
584124,595497,595666,169,11373
584124,595516,595667,151,11392
584124,595494,595667,173,11370
584124,595494,595672,178,11370
584124,595511,595674,163,11387
584124,595509,595675,166,11385
584124,595516,595677,161,11392
584124,595515,595678,163,11391
584124,595530,595681,151,11406
584124,595505,595684,179,11381
584124,595508,595684,176,11384
584124,595536,595685,149,11412
584124,595535,595691,156,11411
584124,595552,595693,141,11428
584124,595525,595694,169,11401
584124,595536,595699,163,11412
584124,595533,595699,166,11409
584124,595537,595700,163,11413
584124,595542,595702,160,11418
584124,595546,595703,157,11422
584124,595517,595704,187,11393
584124,595552,595706,154,11428
584124,595539,595711,172,11415
584124,595545,595711,166,11421
584124,595555,595712,157,11431
584124,595574,595718,144,11450
584124,595555,595718,163,11431
584124,595579,595721,142,11455
584124,595581,595722,141,11457
584124,595566,595723,157,11442
584124,595557,595723,166,11433
584124,595580,595727,147,11456
584124,595561,595728,167,11437
584124,595561,595732,171,11437
584124,595568,595736,168,11444
584124,595598,595741,143,11474
584124,595601,595742,141,11477
584124,595555,595746,191,11431
584124,595611,595750,139,11487
584124,595598,595754,156,11474
584124,595595,595755,160,11471
584124,595602,595760,158,11478
584124,595615,595763,148,11491
584124,595619,595765,146,11495
584124,595601,595767,166,11477
584124,595618,595769,151,11494
584124,595613,595770,157,11489
584124,595611,595771,160,11487
584124,595614,595773,159,11490
584124,595606,595778,172,11482
584124,595627,595778,151,11503
584124,595625,595780,155,11501
584124,595631,595783,152,11507
584124,595624,595783,159,11500
584124,595626,595785,159,11502
584124,595635,595785,150,11511
584124,595631,595790,159,11507
584124,595651,595790,139,11527
584124,595630,595793,163,11506
584124,595638,595795,157,11514
584124,595632,595795,163,11508
584124,595659,595798,139,11535
584124,595621,595799,178,11497
584124,595648,595799,151,11524
584124,595648,595805,157,11524
584124,595655,595806,151,11531
584124,595650,595806,156,11526
584124,595643,595807,164,11519
584124,595647,595809,162,11523
584124,595646,595811,165,11522
584124,595644,595815,171,11520
584124,595645,595815,170,11521
584124,595645,595816,171,11521
584124,595648,595825,177,11524
584124,595652,595825,173,11528
584124,595659,595825,166,11535
584124,595663,595826,163,11539
584124,595682,595828,146,11558
584124,595664,595830,166,11540
584124,595676,595835,159,11552
584124,595675,595837,162,11551
584124,595666,595841,175,11542
584124,595672,595842,170,11548
584124,595667,595842,175,11543
584124,595679,595844,165,11555
584124,595684,595845,161,11560
584124,595691,595845,154,11567
584124,595685,595846,161,11561
584124,595694,595846,152,11570
584124,595699,595846,147,11575
584124,595678,595846,168,11554
584124,595684,595846,162,11560
584124,595667,595848,181,11543
584124,595703,595859,156,11579
584124,595699,595860,161,11575
584124,595704,595862,158,11580
584124,595694,595864,170,11570
584124,595700,595864,164,11576
584124,595723,595864,141,11599
584124,595733,595869,136,11609
584124,595702,595872,170,11578
584124,595724,595874,150,11600
584124,595713,595878,165,11589
584124,595712,595880,168,11588
584124,595718,595880,162,11594
584124,595707,595882,175,11583
584124,595719,595887,168,11595
584124,595728,595888,160,11604
584124,595736,595889,153,11612
584124,595729,595891,162,11605
584124,595711,595891,180,11587
584124,595722,595892,170,11598
584124,595743,595899,156,11619
584124,595741,595899,158,11617
584124,595723,595902,179,11599
584124,595751,595907,156,11627
584124,595746,595909,163,11622
584124,595765,595911,146,11641
584101,594491,595911,1420,10390
584124,595771,595916,145,11647
584124,595763,595916,153,11639
584124,595754,595923,169,11630
584124,595761,595923,162,11637
584124,595781,595925,144,11657
584124,595771,595925,154,11647
584124,595774,595928,154,11650
584124,595755,595928,173,11631
584124,595779,595929,150,11655
584124,595768,595930,162,11644
584124,595784,595936,152,11660
584124,595790,595937,147,11666
584124,595785,595941,156,11661
584124,595779,595942,163,11655
584124,595785,595945,160,11661
584124,595800,595946,146,11676
584124,595784,595947,163,11660
584124,595770,595950,180,11646
584124,595799,595953,154,11675
584124,595791,595962,171,11667
584124,595796,595962,166,11672
584124,595794,595964,170,11670
584124,595810,595964,154,11686
584124,595815,595965,150,11691
584124,595806,595966,160,11682
584124,595800,595967,167,11676
584124,595796,595967,171,11672
584124,595807,595968,161,11683
584124,595816,595974,158,11692
584124,595816,595977,161,11692
584124,595807,595982,175,11683
584124,595806,595984,178,11682
584124,595831,595984,153,11707
584124,595811,595985,174,11687
584124,595825,595988,163,11701
584124,595836,595991,155,11712
584124,595826,595992,166,11702
584124,595826,595995,169,11702
584124,595847,595996,149,11723
584124,595843,596002,159,11719
584124,595827,596003,176,11703
584124,595837,596006,169,11713
584124,595843,596006,163,11719
584124,595846,596006,160,11722
584124,595847,596008,161,11723
584124,595842,596008,166,11718
584124,595829,596009,180,11705
584124,595844,596013,169,11720
584124,595860,596014,154,11736
584124,595847,596016,169,11723
584124,595849,596016,167,11725
584124,595846,596019,173,11722
584124,595860,596020,160,11736
584124,595869,596021,152,11745
584124,595846,596026,180,11722
584124,595847,596028,181,11723
584124,595864,596029,165,11740
584124,595862,596032,170,11738
584124,595865,596033,168,11741
584124,595872,596038,166,11748
584124,595882,596037,155,11758
584124,595888,596039,151,11764
584124,595888,596039,151,11764
584124,595878,596040,162,11754
584124,595892,596041,149,11768
584124,595874,596042,168,11750
584124,595893,596042,149,11769
584124,595880,596045,165,11756
584124,595889,596051,162,11765
584124,595881,596056,175,11757
584124,595865,596058,193,11741
584124,595899,596058,159,11775
584124,595899,596064,165,11775
584124,595892,596064,172,11768
584124,595908,596069,161,11784
584124,595911,596071,160,11787
584124,595902,596071,169,11778
584124,595916,596076,160,11792
584124,595924,596077,153,11800
584124,595912,596080,168,11788
584124,595909,596083,174,11785
584124,595924,596083,159,11800
584124,595917,596085,168,11793
584124,595928,596088,160,11804
584124,595925,596091,166,11801
584124,595926,596098,172,11802
584124,595942,596104,162,11818
584124,595930,596105,175,11806
584124,595950,596105,155,11826
584124,595938,596109,171,11814
584124,595942,596110,168,11818
584124,595947,596112,165,11823
584124,595947,596114,167,11823
584124,595929,596114,185,11805
584124,595931,596116,185,11807
584124,595945,596116,171,11821
584124,595937,596123,186,11813
584124,595963,596124,161,11839
584124,595968,596125,157,11844
584124,595954,596126,172,11830
584124,595968,596128,160,11844
584124,595964,596129,165,11840
584124,595975,596131,156,11851
584124,595966,596133,167,11842
584124,595969,596134,165,11845
584124,595962,596135,173,11838
584124,595985,596140,155,11861
584124,595978,596140,162,11854
584124,595982,596144,162,11858
584124,595965,596147,182,11841
584124,595992,596151,159,11868
584124,595965,596152,187,11841
584124,595988,596152,164,11864
584124,595986,596156,170,11862
584124,596007,596157,150,11883
584124,595996,596159,163,11872
584124,595992,596160,168,11868
584124,596009,596162,153,11885
584124,596002,596164,162,11878
584124,595984,596165,181,11860
584124,595997,596166,169,11873
584124,596004,596172,168,11880
584124,596027,596177,150,11903
584124,596020,596177,157,11896
584124,596016,596178,162,11892
584124,596015,596183,168,11891
584124,596006,596183,177,11882
584124,596010,596184,174,11886
584124,596009,596188,179,11885
584124,596013,596188,175,11889
584124,596039,596190,151,11915
584124,596030,596191,161,11906
584124,596017,596192,175,11893
584124,596020,596193,173,11896
584124,596021,596197,176,11897
584124,596038,596196,158,11914
584124,596043,596198,155,11919
584124,596033,596201,168,11909
584124,596064,596203,139,11940
584124,596042,596205,163,11918
584124,596034,596206,172,11910
584124,596007,596207,200,11883
584124,596043,596207,164,11919
584124,596046,596208,162,11922
584124,596029,596210,181,11905
584124,596040,596211,171,11916
584124,596056,596213,157,11932
584124,596052,596215,163,11928
584124,596058,596217,159,11934
584124,596040,596217,177,11916
584124,596069,596218,149,11945
584124,596059,596218,159,11935
584124,596077,596226,149,11953
584124,596038,596227,189,11914
584124,596072,596227,155,11948
584124,596072,596227,155,11948
584124,596083,596230,147,11959
584124,596065,596233,168,11941
584124,596083,596237,154,11959
584124,596088,596243,155,11964
584124,596080,596250,170,11956
584124,596078,596251,173,11954
584124,596085,596255,170,11961
584145,596115,596255,140,11970
584145,596116,596257,141,11971
584124,596106,596257,151,11982
584124,596099,596258,159,11975
584124,596092,596259,167,11968
584145,596115,596261,146,11970
584124,596105,596265,160,11981
584145,596125,596265,140,11980
584124,596105,596269,164,11981
584145,596117,596271,154,11972
584145,596126,596273,147,11981
584145,596123,596278,155,11978
584145,596125,596278,153,11980
584145,596128,596283,155,11983
584145,596134,596284,150,11989
584145,596141,596288,147,11996
584145,596131,596291,160,11986
584145,596148,596293,145,12003
584145,596140,596294,154,11995
584145,596130,596294,164,11985
584145,596113,596295,182,11968
584145,596144,596296,152,11999
584145,596133,596302,169,11988
584145,596135,596307,172,11990
584145,596160,596308,148,12015
584145,596152,596308,156,12007
584145,596167,596317,150,12022
584145,596165,596319,154,12020
584145,596153,596323,170,12008
584145,596179,596324,145,12034
584145,596166,596325,159,12021
584145,596173,596327,154,12028
584145,596192,596327,135,12047
584145,596178,596329,151,12033
584145,596157,596332,175,12012
584145,596160,596335,175,12015
584145,596193,596335,142,12048
584145,596164,596337,173,12019
584145,596188,596338,150,12043
584145,596193,596341,148,12048
584145,596183,596342,159,12038
584145,596206,596342,136,12061
584145,596185,596345,160,12040
584145,596178,596345,167,12033
584145,596157,596346,189,12012
584145,596204,596351,147,12059
584145,596202,596353,151,12057
584145,596188,596353,165,12043
584145,596210,596356,146,12065
584145,596183,596357,174,12038
584145,596185,596360,175,12040
584145,596197,596359,162,12052
584145,596208,596362,154,12063
584145,596214,596363,149,12069
584145,596208,596364,156,12063
584145,596197,596366,169,12052
584145,596211,596369,158,12066
584145,596218,596369,151,12073
584145,596207,596370,163,12062
584145,596199,596371,172,12054
584145,596217,596373,156,12072
584145,596216,596375,159,12071
584145,596231,596377,146,12086
584145,596190,596377,187,12045
584145,596217,596379,162,12072
584145,596237,596382,145,12092
584145,596227,596383,156,12082
584145,596228,596384,156,12083
584145,596228,596386,158,12083
584145,596207,596390,183,12062
584145,596219,596393,174,12074
584145,596227,596395,168,12082
584145,596252,596399,147,12107
584145,596258,596403,145,12113
584145,596256,596404,148,12111
584145,596233,596404,171,12088
584145,596244,596410,166,12099
584145,596259,596411,152,12114
584145,596258,596415,157,12113
584145,596256,596417,161,12111
584145,596250,596421,171,12105
584145,596266,596422,156,12121
584145,596262,596426,164,12117
584145,596285,596428,143,12140
584145,596278,596429,151,12133
584145,596272,596429,157,12127
584145,596257,596432,175,12112
584145,596284,596437,153,12139
584145,596265,596439,174,12120
584145,596294,596438,144,12149
584145,596269,596438,169,12124
584145,596292,596445,153,12147
584145,596273,596447,174,12128
584145,596308,596448,140,12163
584145,596289,596447,158,12144
584145,596303,596453,150,12158
584145,596278,596454,176,12133
584145,596293,596458,165,12148
584145,596323,596461,138,12178
584145,596297,596463,166,12152
584145,596295,596467,172,12150
584145,596307,596467,160,12162
584145,596317,596478,161,12172
584145,596296,596480,184,12151
584145,596337,596482,145,12192
584145,596346,596486,140,12201
584145,596335,596488,153,12190
584145,596336,596489,153,12191
584145,596345,596490,145,12200
584145,596332,596492,160,12187
584145,596327,596492,165,12182
584145,596326,596495,169,12181
584145,596327,596499,172,12182
584145,596309,596500,191,12164
584145,596339,596500,161,12194
584145,596343,596502,159,12198
584145,596324,596503,179,12179
584145,596320,596503,183,12175
584145,596342,596505,163,12197
584145,596330,596506,176,12185
584145,596352,596513,161,12207
584145,596357,596513,156,12212
584145,596353,596515,162,12208
584145,596353,596516,163,12208
584145,596360,596517,157,12215
584145,596365,596517,152,12220
584145,596358,596520,162,12213
584145,596342,596522,180,12197
584145,596345,596524,179,12200
584145,596364,596526,162,12219
584145,596370,596527,157,12225
584106,595046,596533,1487,10940
584145,596378,596533,155,12233
584145,596380,596534,154,12235
584145,596376,596540,164,12231
584145,596371,596540,169,12226
584145,596360,596544,184,12215
584145,596363,596547,184,12218
584145,596383,596550,167,12238
584145,596378,596550,172,12233
584145,596370,596551,181,12225
584145,596385,596553,168,12240
584145,596367,596553,186,12222
584145,596390,596554,164,12245
584145,596382,596558,176,12237
584145,596394,596559,165,12249
584145,596405,596562,157,12260
584145,596399,596563,164,12254
584145,596417,596566,149,12272
584145,596387,596567,180,12242
584145,596396,596568,172,12251
584145,596405,596568,163,12260
584145,596374,596570,196,12229
584145,596412,596570,158,12267
584145,596411,596575,164,12266
584145,596372,596577,205,12227
584145,596403,596581,178,12258
584145,596429,596582,153,12284
584145,596427,596589,162,12282
584145,596429,596592,163,12284
584145,596423,596592,169,12278
584145,596428,596595,167,12283
584145,596433,596596,163,12288
584145,596439,596598,159,12294
584145,596439,596599,160,12294
584145,596416,596600,184,12271
584145,596437,596601,164,12292
584145,596446,596613,167,12301
584145,596447,596614,167,12302
584145,596421,596616,195,12276
584145,596454,596617,163,12309
584145,596448,596616,168,12303
584145,596459,596623,164,12314
584145,596439,596623,184,12294
584145,596448,596627,179,12303
584145,596461,596629,168,12316
584145,596468,596629,161,12323
584145,596464,596633,169,12319
584145,596468,596634,166,12323
584145,596454,596635,181,12309
584145,596481,596647,166,12336
584145,596479,596647,168,12334
584145,596482,596648,166,12337
584145,596491,596651,160,12346
584145,596489,596657,168,12344
584145,596489,596656,167,12344
584145,596496,596658,162,12351
584145,596492,596662,170,12347
584145,596499,596662,163,12354
584145,596487,596665,178,12342
584145,596504,596667,163,12359
584145,596501,596666,165,12356
584145,596493,596669,176,12348
584145,596513,596670,157,12368
584145,596523,596671,148,12378
584145,596518,596672,154,12373
584145,596500,596672,172,12355
584145,596506,596673,167,12361
584145,596507,596677,170,12362
584145,596517,596678,161,12372
584145,596503,596680,177,12358
584145,596535,596681,146,12390
584145,596503,596682,179,12358
584145,596516,596683,167,12371
584145,596518,596684,166,12373
584145,596524,596686,162,12379
584145,596513,596687,174,12368
584145,596527,596687,160,12382
584145,596533,596695,162,12388
584145,596521,596696,175,12376
584145,596541,596697,156,12396
584145,596550,596700,150,12405
584145,596534,596701,167,12389
584145,596544,596704,160,12399
584145,596541,596707,166,12396
584145,596527,596708,181,12382
584145,596563,596720,157,12418
584145,596554,596722,168,12409
584145,596559,596723,164,12414
584145,596566,596727,161,12421
584145,596571,596727,156,12426
584145,596548,596727,179,12403
584145,596550,596731,181,12405
584145,596555,596730,175,12410
584145,596554,596732,178,12409
584145,596570,596731,161,12425
584145,596582,596731,149,12437
584145,596569,596732,163,12424
584145,596560,596732,172,12415
584145,596581,596735,154,12436
584145,596551,596735,184,12406
584145,596568,596738,170,12423
584145,596596,596742,146,12451
584145,596563,596742,179,12418
584145,596577,596744,167,12432
584145,596569,596745,176,12424
584145,596598,596751,153,12453
584145,596576,596753,177,12431
584145,596596,596754,158,12451
584145,596589,596757,168,12444
584145,596593,596758,165,12448
584145,596593,596760,167,12448
584145,596600,596761,161,12455
584145,596627,596773,146,12482
584145,596623,596774,151,12478
584145,596617,596775,158,12472
584145,596633,596776,143,12488
584145,596602,596780,178,12457
584145,596617,596780,163,12472
584146,596662,596782,120,12516
584145,596601,596782,181,12456
584145,596616,596784,168,12471
584145,596614,596787,173,12469
584145,596613,596790,177,12468
584146,596634,596791,157,12488
584145,596624,596792,168,12479
584145,596629,596792,163,12484
584145,596629,596793,164,12484
584146,596647,596794,147,12501
584146,596635,596795,160,12489
584146,596657,596799,142,12511
584146,596657,596805,148,12511
584146,596651,596807,156,12505
584146,596666,596806,140,12520
584146,596659,596808,149,12513
584146,596648,596809,161,12502
584146,596662,596819,157,12516
584146,596667,596819,152,12521
584146,596679,596820,141,12533
584146,596670,596821,151,12524
584146,596673,596822,149,12527
584146,596648,596824,176,12502
584146,596671,596825,154,12525
584146,596678,596827,149,12532
584146,596681,596827,146,12535
584146,596673,596832,159,12527
584146,596671,596834,163,12525
584146,596673,596835,162,12527
584146,596687,596836,149,12541
584146,596686,596837,151,12540
584146,596684,596837,153,12538
584146,596667,596844,177,12521
584146,596697,596845,148,12551
584146,596695,596846,151,12549
584146,596701,596850,149,12555
584146,596681,596852,171,12535
584146,596685,596856,171,12539
584146,596697,596860,163,12551
584146,596683,596861,178,12537
584146,596705,596862,157,12559
584146,596723,596863,140,12577
584146,596687,596866,179,12541
584146,596720,596867,147,12574
584146,596709,596869,160,12563
584146,596728,596876,148,12582
584146,596701,596879,178,12555
584146,596708,596882,174,12562
584146,596732,596884,152,12586
584146,596728,596884,156,12582
584146,596731,596885,154,12585
584146,596731,596891,160,12585
584146,596728,596895,167,12582
584146,596745,596895,150,12599
584146,596752,596896,144,12606
584146,596762,596896,134,12616
584146,596754,596897,143,12608
584146,596724,596898,174,12578
584146,596743,596899,156,12597
584146,596777,596900,123,12631
584146,596732,596900,168,12586
584146,596754,596901,147,12608
584146,596774,596902,128,12628
584146,596758,596901,143,12612
584146,596738,596902,164,12592
584146,596743,596903,160,12597
584146,596732,596905,173,12586
584146,596732,596908,176,12586
584146,596732,596908,176,12586
584146,596761,596909,148,12615
584146,596735,596909,174,12589
584146,596790,596915,125,12644
584146,596735,596919,184,12589
584146,596776,596923,147,12630
584146,596783,596935,152,12637
584146,596759,596937,178,12613
584146,596781,596938,157,12635
584146,596775,596939,164,12629
584146,596783,596939,156,12637
584146,596747,596939,192,12601
584146,596792,596941,149,12646
584146,596781,596942,161,12635
584146,596787,596945,158,12641
584146,596784,596955,171,12638
584146,596792,596959,167,12646
584146,596806,596960,154,12660
584146,596795,596960,165,12649
584146,596810,596962,152,12664
584146,596792,596962,170,12646
584146,596793,596962,169,12647
584146,596822,596966,144,12676
584146,596822,596966,144,12676
584146,596808,596969,161,12662
584146,596807,596970,163,12661
584146,596819,596972,153,12673
584146,596807,596971,164,12661
584146,596820,596972,152,12674
584146,596825,596980,155,12679
584146,596844,596982,138,12698
584146,596835,596983,148,12689
584146,596828,596986,158,12682
584146,596821,596986,165,12675
584146,596799,596990,191,12653
584146,596794,596991,197,12648
584146,596837,596992,155,12691
584146,596832,596996,164,12686
584146,596836,596997,161,12690
584146,596851,596999,148,12705
584146,596835,596999,164,12689
584146,596845,597002,157,12699
584146,596825,597003,178,12679
584146,596861,597003,142,12715
584146,596837,597004,167,12691
584146,596827,597005,178,12681
584146,596861,597007,146,12715
584146,596863,597010,147,12717
584146,596846,597013,167,12700
584146,596864,597017,153,12718
584146,596856,597018,162,12710
584146,596870,597022,152,12724
584146,596867,597031,164,12721
584146,596880,597035,155,12734
584146,596868,597036,168,12722
584146,596877,597038,161,12731
584146,596885,597046,161,12739
584146,596852,597047,195,12706
584146,596882,597052,170,12736
584146,596896,597054,158,12750
584146,596896,597054,158,12750
584146,596910,597058,148,12764
584146,596886,597058,172,12740
584146,596909,597060,151,12763
584146,596884,597062,178,12738
584146,596902,597063,161,12756
584146,596908,597063,155,12762
584146,596898,597064,166,12752
584146,596897,597066,169,12751
584146,596901,597066,165,12755
584146,596900,597072,172,12754
584146,596902,597072,170,12756
584146,596910,597072,162,12764
584146,596896,597074,178,12750
584146,596892,597075,183,12746
584146,596902,597075,173,12756
584146,596906,597075,169,12760
584146,596901,597079,178,12755
584146,596902,597082,180,12756
584146,596904,597084,180,12758
584146,596919,597089,170,12773
584146,596937,597090,153,12791
584146,596898,597090,192,12752
584146,596916,597092,176,12770
584146,596939,597095,156,12793
584146,596924,597095,171,12778
584146,596940,597100,160,12794
584146,596942,597101,159,12796
584146,596962,597114,152,12816
584146,596939,597115,176,12793
584146,596942,597120,178,12796
584146,596936,597120,184,12790
584146,596940,597125,185,12794
584146,596962,597125,163,12816
584146,596961,597130,169,12815
584146,596961,597130,169,12815
584146,596970,597130,160,12824
584146,596969,597133,164,12823
584146,596967,597133,166,12821
584146,596962,597133,171,12816
584146,596972,597134,162,12826
584146,596955,597138,183,12809
584146,596960,597137,177,12814
584146,596966,597142,176,12820
584146,596987,597145,158,12841
584146,596946,597146,200,12800
584146,596973,597146,173,12827
584146,596999,597148,149,12853
584146,596984,597149,165,12838
584146,596990,597151,161,12844
584146,596972,597150,178,12826
584146,596987,597152,165,12841
584146,596998,597154,156,12852
584146,596981,597155,174,12835
584146,597004,597155,151,12858
584146,597014,597157,143,12868
584146,597003,597158,155,12857
584146,597017,597158,141,12871
584146,596992,597159,167,12846
584146,597003,597160,157,12857
584146,596983,597165,182,12837
584146,596991,597170,179,12845
584146,597005,597171,166,12859
584146,597010,597172,162,12864
584146,597003,597176,173,12857
584146,597007,597176,169,12861
584146,596997,597182,185,12851
584146,597022,597186,164,12876
584146,597000,597189,189,12854
584146,597019,597189,170,12873
584146,597054,597195,141,12908
584146,597064,597197,133,12918
584146,597036,597198,162,12890
584146,597037,597198,161,12891
584146,597067,597207,140,12921
584146,597064,597211,147,12918
584146,597066,597211,145,12920
584146,597032,597213,181,12886
584146,597039,597215,176,12893
584146,597072,597216,144,12926
584146,597048,597216,168,12902
584146,597052,597219,167,12906
584146,597058,597220,162,12912
584146,597065,597221,156,12919
584146,597054,597220,166,12908
584146,597063,597226,163,12917
584146,597046,597229,183,12900
584146,597085,597233,148,12939
584146,597058,597234,176,12912
584146,597073,597235,162,12927
584146,597090,597237,147,12944
584146,597060,597236,176,12914
584146,597076,597237,161,12930
584146,597076,597240,164,12930
584146,597080,597241,161,12934
584146,597083,597245,162,12937
584146,597075,597246,171,12929
584146,597091,597248,157,12945
584146,597076,597249,173,12930
584146,597073,597252,179,12927
584146,597090,597252,162,12944
584146,597093,597252,159,12947
584146,597114,597255,141,12968
584146,597095,597256,161,12949
584146,597126,597259,133,12980
584146,597102,597272,170,12956
584146,597121,597277,156,12975
584146,597131,597279,148,12985
584146,597134,597279,145,12988
584146,597101,597279,178,12955
584146,597116,597280,164,12970
584146,597126,597280,154,12980
584146,597135,597281,146,12989
584146,597120,597282,162,12974
584146,597133,597283,150,12987
584146,597096,597291,195,12950
584146,597131,597295,164,12985
584151,597156,597296,140,13005
584146,597138,597297,159,12992
584146,597145,597298,153,12999
584146,597131,597300,169,12985
584146,597134,597302,168,12988
584146,597149,597302,153,13003
584146,597147,597303,156,13001
584151,597159,597305,146,13008
584146,597142,597305,163,12996
584151,597160,597306,146,13009
584146,597151,597308,157,13005
584151,597156,597308,152,13005
584151,597155,597310,155,13004
584151,597158,597311,153,13007
584146,597147,597313,166,13001
584146,597150,597315,165,13004
584146,597138,597320,182,12992
584151,597182,597325,143,13031
584151,597159,597325,166,13008
584151,597170,597329,159,13019
584151,597195,597334,139,13044
584151,597172,597334,162,13021
584151,597176,597336,160,13025
584151,597186,597338,152,13035
584151,597159,597339,180,13008
584151,597166,597340,174,13015
584151,597172,597340,168,13021
584151,597190,597342,152,13039
584146,597151,597344,193,13005
584151,597190,597347,157,13039
584151,597176,597347,171,13025
584151,597208,597356,148,13057
584151,597198,597359,161,13047
584151,597212,597363,151,13061
584151,597198,597363,165,13047
584151,597198,597366,168,13047
584151,597226,597374,148,13075
584151,597219,597377,158,13068
584151,597220,597378,158,13069
584151,597217,597379,162,13066
584151,597225,597379,154,13074
584151,597216,597379,163,13065
584151,597225,597382,157,13074
584151,597241,597385,144,13090
584151,597212,597385,173,13061
584151,597234,597390,156,13083
584151,597215,597393,178,13064
584151,597237,597393,156,13086
584151,597236,597396,160,13085
584151,597241,597398,157,13090
584151,597256,597398,142,13105
584151,597229,597397,168,13078
584151,597234,597398,164,13083
584151,597245,597402,157,13094
584151,597253,597404,151,13102
584151,597237,597405,168,13086
584151,597247,597405,158,13096
584151,597248,597410,162,13097
584151,597260,597418,158,13109
584151,597253,597419,166,13102
584151,597221,597419,198,13070
584151,597252,597419,167,13101
584151,597249,597420,171,13098
584151,597282,597424,142,13131
584151,597238,597430,192,13087
584151,597279,597430,151,13128
584151,597256,597430,174,13105
584151,597292,597430,138,13141
584151,597281,597434,153,13130
584151,597281,597437,156,13130
584151,597273,597441,168,13122
584151,597278,597442,164,13127
584151,597284,597443,159,13133
584151,597298,597448,150,13147
584151,597307,597448,141,13156
584151,597299,597448,149,13148
584151,597281,597449,168,13130
584151,597280,597450,170,13129
584151,597303,597450,147,13152
584151,597310,597450,140,13159
584151,597311,597457,146,13160
584151,597304,597459,155,13153
584151,597280,597460,180,13129
584151,597296,597460,164,13145
584151,597300,597464,164,13149
584151,597309,597465,156,13158
584151,597297,597467,170,13146
584151,597303,597468,165,13152
584151,597316,597469,153,13165
584151,597308,597470,162,13157
584151,597306,597476,170,13155
584151,597336,597481,145,13185
584151,597334,597482,148,13183
584151,597342,597484,142,13191
584151,597347,597485,138,13196
584151,597306,597486,180,13155
584151,597326,597489,163,13175
584151,597320,597490,170,13169
584151,597314,597493,179,13163
584151,597334,597493,159,13183
584151,597330,597495,165,13179
584151,597356,597496,140,13205
584151,597339,597498,159,13188
584151,597340,597499,159,13189
584151,597325,597500,175,13174
584132,596110,597500,1390,11978
584151,597347,597506,159,13196
584151,597345,597508,163,13194
584151,597363,597508,145,13212
584151,597339,597508,169,13188
584151,597341,597508,167,13190
584151,597360,597510,150,13209
584127,596110,597513,1403,11983
584151,597363,597516,153,13212
584151,597378,597524,146,13227
584151,597366,597532,166,13215
584151,597374,597537,163,13223
584151,597379,597537,158,13228
584151,597380,597544,164,13229
584151,597398,597545,147,13247
584151,597394,597546,152,13243
584151,597385,597549,164,13234
584151,597380,597552,172,13229
584151,597386,597555,169,13235
584151,597380,597557,177,13229
584151,597396,597558,162,13245
584151,597405,597560,155,13254
584151,597382,597562,180,13231
584151,597405,597563,158,13254
584151,597398,597567,169,13247
584151,597398,597569,171,13247
584151,597393,597573,180,13242
584151,597391,597575,184,13240
584151,597405,597577,172,13254
584151,597424,597579,155,13273
584151,597402,597579,177,13251
584151,597398,597584,186,13247
584151,597411,597586,175,13260
584151,597441,597595,154,13290
584151,597419,597597,178,13268
584151,597444,597598,154,13293
584151,597431,597599,168,13280
584151,597419,597599,180,13268
584151,597430,597602,172,13279
584151,597419,597603,184,13268
584151,597449,597603,154,13298
584151,597438,597604,166,13287
584151,597450,597603,153,13299
584151,597448,597605,157,13297
584151,597442,597606,164,13291
584151,597420,597606,186,13269
584151,597431,597607,176,13280
584151,597418,597607,189,13267
584151,597435,597610,175,13284
584151,597448,597614,166,13297
584151,597461,597618,157,13310
584151,597460,597622,162,13309
584151,597457,597627,170,13306
584151,597450,597630,180,13299
584151,597467,597631,164,13316
584151,597465,597631,166,13314
584151,597469,597633,164,13318
584151,597465,597633,168,13314
584151,597431,597633,202,13280
584151,597450,597635,185,13299
584151,597469,597635,166,13318
584151,597450,597639,189,13299
584151,597481,597639,158,13330
584151,597477,597648,171,13326
584151,597491,597648,157,13340
584151,597461,597649,188,13310
584151,597486,597650,164,13335
584151,597490,597653,163,13339
584151,597471,597656,185,13320
584151,597483,597658,175,13332
584151,597485,597659,174,13334
584151,597500,597660,160,13349
584151,597494,597660,166,13343
584151,597499,597663,164,13348
584151,597501,597665,164,13350
584151,597509,597665,156,13358
584151,597496,597666,170,13345
584151,597487,597667,180,13336
584151,597500,597666,166,13349
584151,597496,597671,175,13345
584151,597508,597673,165,13357
584151,597494,597673,179,13343
584151,597511,597675,164,13360
584151,597514,597680,166,13363
584151,597506,597682,176,13355
584151,597509,597682,173,13358
584151,597508,597689,181,13357
584151,597525,597698,173,13374
584151,597517,597698,181,13366
584151,597537,597703,166,13386
584151,597547,597705,158,13396
584151,597538,597708,170,13387
584151,597545,597709,164,13394
584151,597549,597711,162,13398
584151,597552,597710,158,13401
584151,597532,597712,180,13381
584151,597563,597718,155,13412
584151,597559,597718,159,13408
584151,597546,597723,177,13395
584151,597561,597723,162,13410
584151,597557,597724,167,13406
584151,597575,597729,154,13424
584151,597578,597729,151,13427
584151,597567,597730,163,13416
584151,597579,597733,154,13428
584151,597556,597734,178,13405
584151,597564,597735,171,13413
584151,597569,597740,171,13418
584151,597579,597745,166,13428
584151,597600,597745,145,13449
584151,597599,597748,149,13448
584151,597595,597753,158,13444
584151,597574,597753,179,13423
584151,597604,597753,149,13453
584151,597599,597755,156,13448
584151,597602,597755,153,13451
584151,597585,597759,174,13434
584151,597586,597758,172,13435
584151,597604,597760,156,13453
584151,597608,597762,154,13457
584151,597597,597763,166,13446
584151,597603,597766,163,13452
584151,597608,597770,162,13457
584151,597606,597772,166,13455
584151,597605,597773,168,13454
584151,597611,597774,163,13460
584151,597604,597777,173,13453
584151,597633,597783,150,13482
584151,597606,597785,179,13455
584151,597632,597787,155,13481
584151,597618,597788,170,13467
584151,597631,597788,157,13480
584151,597614,597789,175,13463
584151,597636,597793,157,13485
584151,597639,597793,154,13488
584151,597633,597793,160,13482
584151,597633,597796,163,13482
584151,597630,597797,167,13479
584151,597628,597799,171,13477
584151,597640,597799,159,13489
584151,597622,597800,178,13471
584151,597649,597803,154,13498
584151,597654,597806,152,13503
584151,597661,597808,147,13510
584151,597650,597808,158,13499
584151,597636,597809,173,13485
584151,597649,597809,160,13498
584151,597651,597811,160,13500
584151,597664,597816,152,13513
584151,597657,597819,162,13506
584151,597659,597819,160,13508
584151,597661,597823,162,13510
584151,597667,597828,161,13516
584151,597666,597828,162,13515
584151,597666,597830,164,13515
584151,597667,597832,165,13516
584167,597682,597834,152,13515
584151,597667,597835,168,13516
584167,597676,597837,161,13509
584151,597659,597846,187,13508
584167,597690,597846,156,13523
584167,597680,597849,169,13513
584167,597710,597850,140,13543
584167,597683,597852,169,13516
584167,597706,597854,148,13539
584167,597711,597856,145,13544
584167,597704,597858,154,13537
584167,597699,597860,161,13532
584167,597719,597869,150,13552
584167,597699,597873,174,13532
584167,597724,597874,150,13557
584167,597708,597874,166,13541
584151,597672,597877,205,13521
584167,597719,597879,160,13552
584167,597730,597882,152,13563
584167,597711,597882,171,13544
584167,597729,597887,158,13562
584167,597741,597888,147,13574
584167,597713,597891,178,13546
584167,597724,597892,168,13557
584167,597725,597893,168,13558
584167,597745,597897,152,13578
584167,597735,597898,163,13568
584167,597735,597901,166,13568
584167,597742,597900,158,13575
584167,597746,597904,158,13579
584167,597731,597905,174,13564
584167,597753,597908,155,13586
584167,597756,597909,153,13589
584167,597759,597909,150,13592
584167,597749,597911,162,13582
584167,597759,597912,153,13592
584167,597760,597912,152,13593
584167,597764,597918,154,13597
584167,597755,597920,165,13588
584167,597767,597921,154,13600
584167,597753,597921,168,13586
584167,597771,597926,155,13604
584167,597753,597925,172,13586
584167,597773,597926,153,13606
584167,597788,597932,144,13621
584167,597789,597935,146,13622
584167,597797,597936,139,13630
584167,597777,597937,160,13610
584167,597785,597939,154,13618
584167,597762,597944,182,13595
584167,597787,597945,158,13620
584167,597783,597946,163,13616
584167,597799,597951,152,13632
584167,597793,597952,159,13626
584167,597796,597952,156,13629
584167,597775,597955,180,13608
584167,597789,597956,167,13622
584167,597773,597959,186,13606
584167,597810,597960,150,13643
584167,597803,597959,156,13636
584167,597793,597961,168,13626
584167,597819,597962,143,13652
584167,597811,597965,154,13644
584167,597807,597969,162,13640
584167,597808,597969,161,13641
584167,597800,597970,170,13633
584167,597800,597969,169,13633
584167,597810,597973,163,13643
584167,597793,597974,181,13626
584167,597829,597977,148,13662
584167,597817,597980,163,13650
584167,597809,597983,174,13642
584167,597835,597983,148,13668
584167,597833,597987,154,13666
584167,597819,597988,169,13652
584167,597829,597990,161,13662
584167,597838,597996,158,13671
584167,597831,597997,166,13664
584167,597836,597998,162,13669
584167,597850,598003,153,13683
584167,597847,598004,157,13680
584167,597824,598006,182,13657
584167,597847,598007,160,13680
584167,597858,598009,151,13691
584167,597851,598011,160,13684
584167,597855,598014,159,13688
584167,597870,598017,147,13703
584167,597852,598019,167,13685
584167,597875,598028,153,13708
584167,597860,598028,168,13693
584167,597875,598029,154,13708
584167,597857,598030,173,13690
584167,597882,598031,149,13715
584167,597878,598035,157,13711
584167,597893,598034,141,13726
584167,597889,598037,148,13722
584167,597883,598038,155,13716
584167,597887,598040,153,13720
584167,597897,598048,151,13730
584167,597906,598056,150,13739
584167,597909,598056,147,13742
584167,597904,598057,153,13737
584167,597901,598058,157,13734
584167,597874,598058,184,13707
584167,597893,598059,166,13726
584167,597909,598059,150,13742
584167,597898,598060,162,13731
584167,597920,598060,140,13753
584167,597912,598060,148,13745
584167,597879,598061,182,13712
584167,597892,598067,175,13725
584167,597912,598067,155,13745
584167,597901,598068,167,13734
584167,597922,598070,148,13755
584167,597919,598071,152,13752
584167,597911,598071,160,13744
584167,597910,598076,166,13743
584167,597926,598080,154,13759
584167,597926,598088,162,13759
584167,597922,598088,166,13755
584167,597936,598094,158,13769
584167,597926,598094,168,13759
584167,597940,598098,158,13773
584167,597938,598102,164,13771
584167,597937,598105,168,13770
584167,597945,598108,163,13778
584167,597953,598116,163,13786
584167,597956,598117,161,13789
584167,597963,598122,159,13796
584167,597932,598123,191,13765
584167,597951,598123,172,13784
584167,597970,598123,153,13803
584167,597944,598124,180,13777
584167,597971,598125,154,13804
584167,597946,598127,181,13779
584167,597959,598132,173,13792
584167,597969,598134,165,13802
584167,597957,598135,178,13790
584167,597969,598137,168,13802
584167,597960,598136,176,13793
584167,597973,598137,164,13806
584167,597953,598138,185,13786
584167,597965,598142,177,13798
584167,597974,598143,169,13807
584167,597962,598145,183,13795
584167,597960,598148,188,13793
584167,597984,598149,165,13817
584167,597977,598151,174,13810
584167,597984,598152,168,13817
584167,597980,598154,174,13813
584167,597997,598154,157,13830
584167,597990,598155,165,13823
584167,597988,598157,169,13821
584167,597988,598164,176,13821
584167,598005,598168,163,13838
584167,598007,598172,165,13840
584167,598004,598171,167,13837
584167,597999,598173,174,13832
584167,598018,598176,158,13851
584167,598011,598178,167,13844
584167,598010,598178,168,13843
584167,597998,598182,184,13831
584167,598014,598184,170,13847
584167,598008,598190,182,13841
584167,598020,598193,173,13853
584167,598029,598195,166,13862
584167,598035,598196,161,13868
584167,598038,598202,164,13871
584167,598032,598204,172,13865
584167,598028,598206,178,13861
584167,598030,598206,176,13863
584167,598030,598209,179,13863
584167,598039,598209,170,13872
584167,598035,598209,174,13868
584167,598058,598211,153,13891
584167,598049,598211,162,13882
584167,598041,598217,176,13874
584167,598056,598220,164,13889
584167,598060,598223,163,13893
584167,598057,598227,170,13890
584167,598061,598230,169,13894
584167,598059,598233,174,13892
584167,598058,598234,176,13891
584167,598071,598235,164,13904
584167,598061,598235,174,13894
584167,598061,598236,175,13894
584167,598071,598238,167,13904
584167,598069,598240,171,13902
584167,598059,598241,182,13892
584167,598070,598242,172,13903
584167,598080,598243,163,13913
584167,598077,598245,168,13910
584167,598088,598250,162,13921
584167,598098,598252,154,13931
584167,598067,598254,187,13900
584167,598061,598257,196,13894
584167,598068,598257,189,13901
584167,598095,598258,163,13928
584167,598088,598263,175,13921
584167,598095,598264,169,13928
584167,598102,598267,165,13935
584167,598117,598271,154,13950
584167,598123,598275,152,13956
584167,598105,598277,172,13938
584167,598124,598280,156,13957
584167,598123,598283,160,13956
584167,598128,598282,154,13961
584167,598109,598284,175,13942
584167,598124,598286,162,13957
584167,598124,598289,165,13957
584167,598136,598293,157,13969
584167,598126,598295,169,13959
584167,598117,598295,178,13950
584167,598143,598297,154,13976
584167,598139,598298,159,13972
584167,598143,598298,155,13976
584167,598137,598298,161,13970
584167,598133,598300,167,13966
584167,598145,598306,161,13978
584167,598164,598307,143,13997
584167,598137,598306,169,13970
584167,598134,598309,175,13967
584167,598158,598310,152,13991
584167,598153,598310,157,13986
584167,598149,598316,167,13982
584167,598149,598317,168,13982
584167,598137,598317,180,13970
584167,598155,598319,164,13988
584167,598172,598322,150,14005
584167,598155,598322,167,13988
584167,598151,598324,173,13984
584167,598156,598329,173,13989
584167,598174,598334,160,14007
584167,598177,598336,159,14010
584167,598179,598336,157,14012
584167,598184,598337,153,14017
584167,598169,598338,169,14002
584167,598178,598342,164,14011
584167,598182,598343,161,14015
584167,598191,598347,156,14024
584167,598197,598349,152,14030
584167,598195,598351,156,14028
584167,598172,598353,181,14005
584167,598194,598357,163,14027
584167,598210,598360,150,14043
584167,598210,598363,153,14043
584167,598206,598365,159,14039
584167,598212,598369,157,14045
584167,598211,598370,159,14044
584178,598220,598370,150,14042
584167,598203,598371,168,14036
584167,598207,598372,165,14040
584178,598224,598374,150,14046
584178,598228,598374,146,14050
584178,598236,598377,141,14058
584178,598235,598377,142,14057
584178,598236,598381,145,14058
584178,598239,598382,143,14061
584167,598205,598382,177,14038
584178,598233,598383,150,14055
584167,598210,598391,181,14043
584178,598244,598393,149,14066
584178,598237,598393,156,14059
584178,598246,598396,150,14068
584178,598231,598400,169,14053
584178,598241,598400,159,14063
584178,598243,598401,158,14065
584178,598252,598400,148,14074
584178,598258,598411,153,14080
584178,598251,598411,160,14073
584178,598258,598415,157,14080
584178,598259,598417,158,14081
584178,598264,598419,155,14086
584178,598241,598423,182,14063
584178,598265,598425,160,14087
584178,598278,598429,151,14100
584178,598267,598431,164,14089
584178,598283,598433,150,14105
584178,598271,598433,162,14093
584178,598255,598433,178,14077
584178,598281,598435,154,14103
584178,598275,598436,161,14097
584178,598297,598443,146,14119
584178,598284,598444,160,14106
584178,598285,598445,160,14107
584178,598289,598445,156,14111
584178,598301,598446,145,14123
584178,598309,598448,139,14131
584178,598310,598451,141,14132
584178,598298,598452,154,14120
584178,598319,598454,135,14141
584178,598296,598455,159,14118
584178,598317,598455,138,14139
584178,598286,598462,176,14108
584178,598298,598463,165,14120
584178,598295,598464,169,14117
584178,598316,598467,151,14138
584178,598310,598468,158,14132
584178,598307,598470,163,14129
584178,598317,598471,154,14139
584178,598329,598476,147,14151
584178,598323,598476,153,14145
584178,598307,598479,172,14129
584178,598325,598479,154,14147
584178,598336,598489,153,14158
584178,598322,598489,167,14144
584178,598298,598492,194,14120
584178,598338,598493,155,14160
584178,598293,598494,201,14115
584178,598337,598495,158,14159
584178,598307,598499,192,14129
584178,598334,598499,165,14156
584178,598343,598505,162,14165
584178,598353,598506,153,14175
584178,598369,598512,143,14191
584178,598342,598514,172,14164
584178,598351,598515,164,14173
584178,598365,598517,152,14187
584178,598347,598519,172,14169
584178,598350,598522,172,14172
584178,598358,598522,164,14180
584178,598364,598524,160,14186
584178,598339,598524,185,14161
584178,598371,598525,154,14193
584178,598373,598528,155,14195
584148,597152,598528,1376,13004
584178,598361,598529,168,14183
584178,598375,598532,157,14197
584178,598375,598532,157,14197
584178,598378,598539,161,14200
584178,598384,598539,155,14206
584178,598371,598540,169,14193
584178,598382,598541,159,14204
584178,598378,598542,164,14200
584178,598397,598543,146,14219
584178,598381,598546,165,14203
584178,598373,598547,174,14195
584178,598384,598552,168,14206
584178,598394,598552,158,14216
584178,598401,598554,153,14223
584178,598392,598557,165,14214
584178,598401,598567,166,14223
584178,598411,598568,157,14233
584178,598430,598571,141,14252
584178,598400,598575,175,14222
584178,598420,598575,155,14242
584178,598433,598579,146,14255
584178,598433,598579,146,14255
584178,598412,598585,173,14234
584178,598434,598586,152,14256
584178,598415,598587,172,14237
584178,598431,598587,156,14253
584178,598417,598588,171,14239
584178,598444,598590,146,14266
584178,598426,598591,165,14248
584178,598424,598591,167,14246
584178,598401,598592,191,14223
584178,598437,598592,155,14259
584178,598394,598595,201,14216
584178,598436,598599,163,14258
584178,598444,598599,155,14266
584178,598448,598599,151,14270
584178,598452,598599,147,14274
584178,598452,598606,154,14274
584178,598446,598614,168,14268
584178,598446,598616,170,14268
584178,598464,598618,154,14286
584178,598454,598622,168,14276
584178,598462,598629,167,14284
584178,598455,598629,174,14277
584178,598470,598631,161,14292
584178,598456,598631,175,14278
584178,598446,598636,190,14268
584178,598464,598640,176,14286
584178,598480,598643,163,14302
584178,598476,598643,167,14298
584178,598467,598645,178,14289
584178,598471,598648,177,14293
584178,598476,598657,181,14298
584178,598468,598657,189,14290
584178,598479,598658,179,14301
584178,598489,598658,169,14311
584178,598499,598664,165,14321
584178,598494,598667,173,14316
584178,598493,598668,175,14315
584178,598493,598675,182,14315
584178,598496,598676,180,14318
584178,598499,598676,177,14321
584178,598505,598677,172,14327
584178,598517,598677,160,14339
584178,598512,598680,168,14334
584178,598529,598681,152,14351
584178,598523,598683,160,14345
584178,598490,598685,195,14312
584178,598514,598688,174,14336
584178,598507,598688,181,14329
584178,598541,598691,150,14363
584178,598525,598692,167,14347
584178,598515,598696,181,14337
584178,598525,598696,171,14347
584178,598519,598698,179,14341
584178,598525,598701,176,14347
584178,598530,598701,171,14352
584178,598528,598705,177,14350
584178,598542,598709,167,14364
584178,598523,598710,187,14345
584178,598540,598711,171,14362
584178,598544,598712,168,14366
584178,598540,598712,172,14362
584178,598542,598714,172,14364
584178,598557,598718,161,14379
584178,598533,598718,185,14355
584178,598547,598719,172,14369
584178,598547,598719,172,14369
584178,598554,598721,167,14376
584178,598533,598727,194,14355
584178,598552,598731,179,14374
584178,598552,598735,183,14374
584178,598580,598740,160,14402
584178,598568,598740,172,14390
584178,598575,598747,172,14397
584178,598593,598751,158,14415
584178,598588,598755,167,14410
584178,598593,598755,162,14415
584178,598591,598756,165,14413
584178,598572,598761,189,14394
584178,598587,598762,175,14409
584178,598587,598764,177,14409
584178,598600,598764,164,14422
584178,598568,598765,197,14390
584178,598576,598765,189,14398
584178,598600,598769,169,14422
584178,598589,598772,183,14411
584178,598580,598772,192,14402
584178,598586,598775,189,14408
584178,598607,598776,169,14429
584178,598616,598778,162,14438
584178,598596,598778,182,14418
584178,598600,598779,179,14422
584178,598623,598780,157,14445
584178,598592,598781,189,14414
584178,598600,598783,183,14422
584178,598619,598786,167,14441
584178,598632,598787,155,14454
584178,598614,598788,174,14436
584178,598591,598788,197,14413
584178,598629,598793,164,14451
584178,598636,598793,157,14458
584178,598631,598798,167,14453
584178,598643,598800,157,14465
584178,598629,598801,172,14451
584178,598646,598806,160,14468
584178,598644,598807,163,14466
584178,598657,598809,152,14479
584178,598649,598813,164,14471
584178,598641,598815,174,14463
584178,598681,598823,142,14503
584178,598659,598824,165,14481
584178,598667,598828,161,14489
584178,598676,598829,153,14498
584178,598658,598829,171,14480
584178,598665,598831,166,14487
584178,598669,598832,163,14491
584178,598678,598835,157,14500
584178,598676,598838,162,14498
584178,598692,598839,147,14514
584178,598683,598844,161,14505
584178,598659,598846,187,14481
584178,598677,598848,171,14499
584178,598693,598850,157,14515
584178,598685,598852,167,14507
584178,598698,598852,154,14520
584178,598676,598854,178,14498
584178,598680,598855,175,14502
584178,598688,598858,170,14510
584178,598719,598861,142,14541
584178,598702,598864,162,14524
584178,598709,598866,157,14531
584178,598713,598866,153,14535
584178,598710,598868,158,14532
584178,598697,598868,171,14519
584178,598705,598868,163,14527
584178,598702,598869,167,14524
584178,598688,598870,182,14510
584178,598711,598873,162,14533
584178,598696,598875,179,14518
584178,598718,598876,158,14540
584178,598731,598880,149,14553
584178,598721,598880,159,14543
584178,598712,598882,170,14534
584178,598715,598884,169,14537
584178,598728,598884,156,14550
584178,598741,598884,143,14563
584178,598748,598888,140,14570
584178,598720,598889,169,14542
584178,598719,598889,170,14541
584178,598735,598897,162,14557
584178,598740,598897,157,14562
584178,598752,598904,152,14574
584178,598762,598907,145,14584
584178,598756,598909,153,14578
584178,598756,598909,153,14578
584178,598766,598911,145,14588
584178,598757,598912,155,14579
584178,598765,598914,149,14587
584178,598766,598918,152,14588
584178,598776,598921,145,14598
584178,598762,598927,165,14584
584178,598779,598929,150,14601
584178,598784,598931,147,14606
584178,598773,598931,158,14595
584178,598776,598932,156,14598
584178,598782,598932,150,14604
584178,598765,598935,170,14587
584178,598788,598935,147,14610
584178,598773,598943,170,14595
584178,598780,598944,164,14602
584178,598794,598945,151,14616
584178,598781,598950,169,14603
584178,598802,598951,149,14624
584178,598787,598954,167,14609
584178,598778,598955,177,14600
584178,598806,598957,151,14628
584178,598769,598957,188,14591
584178,598788,598958,170,14610
584178,598793,598958,165,14615
584178,598801,598960,159,14623
584178,598808,598966,158,14630
584178,598788,598968,180,14610
584178,598813,598969,156,14635
584178,598799,598971,172,14621
584178,598825,598974,149,14647
584178,598816,598983,167,14638
584178,598830,598989,159,14652
584178,598832,598990,158,14654
584178,598829,598994,165,14651
584178,598823,598997,174,14645
584178,598829,598998,169,14651
584178,598836,598999,163,14658
584178,598838,599002,164,14660
584178,598850,599004,154,14672
584178,598852,599003,151,14674
584178,598846,599003,157,14668
584178,598833,599004,171,14655
584178,598810,599005,195,14632
584178,598854,599008,154,14676
584178,598839,599008,169,14661
584178,598845,599011,166,14667
584178,598861,599011,150,14683
584178,598859,599011,152,14681
584178,598868,599014,146,14690
584178,598869,599017,148,14691
584178,598856,599021,165,14678
584178,598848,599020,172,14670
584178,598866,599020,154,14688
584178,598880,599029,149,14702
584178,598871,599031,160,14693
599029,599029,599031,2,0
584178,598852,599031,179,14674
584178,598873,599031,158,14695
599029,599029,599032,3,0
599030,599030,599033,3,0
599033,599033,599035,2,0
599031,599031,599035,4,0
599034,599034,599036,2,0
599032,599032,599035,3,0
584178,598864,599037,173,14686
599035,599035,599037,2,0
584178,598898,599037,139,14720
584178,598869,599038,169,14691
599036,599036,599039,3,0
599035,599036,599039,3,1
584178,598869,599040,171,14691
599038,599038,599041,3,0
599037,599037,599041,4,0
584178,598885,599041,156,14707
584178,598890,599042,152,14712
599040,599040,599043,3,0
599039,599039,599043,4,0
599041,599041,599043,2,0
584178,598890,599044,154,14712
599042,599042,599044,2,0
599044,599044,599046,2,0
599043,599043,599046,3,0
584178,598876,599047,171,14698
584153,597673,599048,1375,13520
584178,598866,599048,182,14688
599045,599046,599048,2,1
599045,599045,599048,3,0
584178,598889,599050,161,14711
599047,599047,599050,3,0
584178,598877,599051,174,14699
584178,598913,599051,138,14735
599046,599047,599051,4,1
599048,599048,599052,4,0
599049,599049,599052,3,0
599051,599051,599053,2,0
599050,599050,599053,3,0
584178,598884,599054,170,14706
584178,598882,599054,172,14704
584178,598905,599054,149,14727
599052,599052,599055,3,0
584178,598912,599056,144,14734
584178,598897,599057,160,14719
584178,598880,599061,181,14702
584159,597674,599066,1392,13515
584178,598919,599070,151,14741
584178,598907,599069,162,14729
584178,598885,599070,185,14707
584178,598909,599072,163,14731
584178,598910,599075,165,14732
584178,598932,599083,151,14754
584178,598915,599085,170,14737
584178,598936,599087,151,14758
584178,598933,599093,160,14755
584178,598933,599100,167,14755
584178,598929,599104,175,14751
584178,598945,599106,161,14767
584178,598958,599106,148,14780
584178,598931,599110,179,14753
584178,598944,599110,166,14766
584178,598922,599110,188,14744
584178,598927,599111,184,14749
584178,598958,599112,154,14780
584178,598952,599114,162,14774
584178,598955,599114,159,14777
584178,598950,599115,165,14772
584178,598970,599119,149,14792
584178,598959,599120,161,14781
584178,598967,599124,157,14789
584178,598972,599123,151,14794
584178,598946,599124,178,14768
584178,598936,599125,189,14758
584178,598955,599126,171,14777
584178,598959,599129,170,14781
584178,598975,599131,156,14797
584178,598984,599134,150,14806
584178,598998,599143,145,14820
584178,598961,599146,185,14783
584178,598999,599152,153,14821
584178,598991,599151,160,14813
584178,598968,599155,187,14790
584178,599004,599155,151,14826
584178,598995,599157,162,14817
584178,598989,599156,167,14811
584178,599004,599156,152,14826
584178,599009,599160,151,14831
584178,599003,599162,159,14825
584178,599006,599163,157,14828
584178,599004,599163,159,14826
584178,598999,599166,167,14821
584178,599011,599166,155,14833
584178,599005,599169,164,14827
584178,599018,599178,160,14840
584178,599009,599182,173,14831
584178,599021,599184,163,14843
584178,599015,599185,170,14837
584178,599021,599187,166,14843
584178,599011,599187,176,14833
584178,599012,599192,180,14834
584178,599029,599192,163,14851
584178,599032,599196,164,14854
584178,599032,599199,167,14854
584178,599048,599201,153,14870
584178,599048,599202,154,14870
584178,599038,599203,165,14860
584178,599037,599203,166,14859
584178,599038,599203,165,14860
584178,599021,599207,186,14843
584178,599055,599208,153,14877
584178,599047,599209,162,14869
584178,599043,599211,168,14865
584178,599051,599212,161,14873
584178,599044,599216,172,14866
584178,599041,599217,176,14863
584178,599031,599216,185,14853
584178,599051,599219,168,14873
584178,599050,599220,170,14872
584178,599042,599220,178,14864
584178,599066,599222,156,14888
584178,599070,599225,155,14892
584178,599057,599229,172,14879
584178,599072,599229,157,14894
584178,599054,599229,175,14876
584178,599070,599232,162,14892
584178,599075,599232,157,14897
584178,599055,599234,179,14877
584178,599061,599236,175,14883
584178,599070,599237,167,14892
584178,599056,599242,186,14878
584178,599083,599251,168,14905
584178,599085,599257,172,14907
584178,599087,599257,170,14909
584178,599093,599257,164,14915
584178,599107,599270,163,14929
584178,599110,599271,161,14932
584178,599111,599273,162,14933
584178,599120,599276,156,14942
584178,599112,599279,167,14934
584178,599111,599279,168,14933
584178,599132,599281,149,14954
584178,599113,599281,168,14935
584178,599104,599283,179,14926
584178,599121,599283,162,14943
584178,599115,599285,170,14937
584178,599107,599286,179,14929
584178,599126,599291,165,14948
584178,599124,599292,168,14946
584178,599144,599295,151,14966
584178,599134,599297,163,14956
584178,599124,599298,174,14946
584178,599130,599298,168,14952
584178,599115,599300,185,14937
584178,599125,599300,175,14947
584178,599100,599306,206,14922
584178,599115,599308,193,14937
584178,599147,599312,165,14969
584178,599126,599313,187,14948
584178,599157,599315,158,14979
584178,599161,599315,154,14983
584178,599157,599317,160,14979
584178,599156,599321,165,14978
584178,599152,599323,171,14974
584178,599155,599323,168,14977
584178,599167,599331,164,14989
584178,599182,599331,149,15004
584178,599164,599332,168,14986
584178,599169,599334,165,14991
584178,599152,599335,183,14974
584178,599163,599336,173,14985
584178,599179,599338,159,15001
584178,599157,599340,183,14979
584178,599164,599343,179,14986
584178,599193,599353,160,15015
584178,599187,599356,169,15009
584178,599188,599358,170,15010
584178,599202,599358,156,15024
584178,599167,599359,192,14989
584178,599204,599359,155,15026
584178,599186,599359,173,15008
584178,599185,599360,175,15007
584178,599196,599359,163,15018
584178,599207,599363,156,15029
584178,599220,599366,146,15042
584178,599199,599369,170,15021
584178,599203,599373,170,15025
584178,599217,599372,155,15039
584178,599204,599377,173,15026
584178,599217,599378,161,15039
584178,599212,599379,167,15034
584178,599237,599382,145,15059
584178,599212,599383,171,15034
584178,599230,599384,154,15052
584178,599204,599386,182,15026
584178,599223,599385,162,15045
584178,599220,599388,168,15042
584178,599209,599389,180,15031
584178,599221,599389,168,15043
584178,599216,599389,173,15038
584178,599193,599391,198,15015
584178,599232,599391,159,15054
584178,599235,599395,160,15057
584178,599226,599395,169,15048
584178,599230,599396,166,15052
584178,599230,599396,166,15052
584178,599210,599404,194,15032
584178,599233,599406,173,15055
584178,599258,599407,149,15080
584178,599270,599410,140,15092
584178,599236,599410,174,15058
584178,599274,599419,145,15096
584178,599257,599425,168,15079
584178,599252,599426,174,15074
584178,599257,599426,169,15079
584178,599242,599427,185,15064
584184,599287,599430,143,15103
584178,599284,599430,146,15106
584184,599296,599430,134,15112
584178,599279,599435,156,15101
584178,599283,599437,154,15105
584184,599301,599440,139,15117
584184,599299,599441,142,15115
584184,599293,599441,148,15109
584178,599279,599442,163,15101
584178,599282,599444,162,15104
584178,599281,599445,164,15103
584178,599272,599448,176,15094
584184,599291,599451,160,15107
584178,599276,599451,175,15098
584184,599297,599459,162,15113
584184,599299,599459,160,15115
584184,599307,599461,154,15123
584184,599300,599463,163,15116
584184,599315,599464,149,15131
584184,599313,599469,156,15129
584184,599313,599471,158,15129
584184,599315,599474,159,15131
584184,599322,599474,152,15138
584184,599317,599474,157,15133
584184,599309,599478,169,15125
584184,599324,599483,159,15140
584184,599339,599485,146,15155
584184,599323,599485,162,15139
584184,599334,599489,155,15150
584184,599332,599490,158,15148
584184,599333,599491,158,15149
584184,599335,599502,167,15151
584184,599359,599505,146,15175
584184,599360,599512,152,15176
584184,599337,599513,176,15153
584184,599364,599515,151,15180
584184,599360,599515,155,15176
584184,599354,599517,163,15170
584184,599343,599517,174,15159
584184,599373,599518,145,15189
584184,599356,599519,163,15172
584184,599360,599521,161,15176
584184,599358,599522,164,15174
584184,599360,599527,167,15176
584184,599382,599526,144,15198
584184,599341,599527,186,15157
584184,599353,599528,175,15169
584184,599367,599530,163,15183
584184,599384,599531,147,15200
584184,599373,599531,158,15189
584184,599358,599532,174,15174
584184,599385,599533,148,15201
584184,599370,599537,167,15186
584184,599379,599538,159,15195
584184,599388,599539,151,15204
584184,599386,599541,155,15202
584184,599396,599541,145,15212
584184,599386,599542,156,15202
584184,599378,599546,168,15194
584184,599377,599547,170,15193
584184,599397,599550,153,15213
584184,599396,599553,157,15212
584184,599397,599553,156,15213
584184,599390,599554,164,15206
584184,599406,599555,149,15222
584184,599389,599555,166,15205
584184,599390,599558,168,15206
584184,599392,599562,170,15208
584184,599410,599565,155,15226
584184,599392,599566,174,15208
584184,599419,599566,147,15235
584184,599407,599570,163,15223
584184,599411,599574,163,15227
584184,599426,599575,149,15242
584184,599404,599575,171,15220
584184,599425,599581,156,15241
584184,599430,599582,152,15246
584184,599430,599581,151,15246
584184,599430,599585,155,15246
584184,599426,599586,160,15242
584184,599444,599588,144,15260
584184,599440,599589,149,15256
584184,599449,599598,149,15265
584184,599441,599604,163,15257
584184,599442,599605,163,15258
584184,599438,599608,170,15254
584184,599436,599610,174,15252
584184,599451,599614,163,15267
584184,599441,599615,174,15257
584184,599460,599620,160,15276
584184,599459,599622,163,15275
584184,599470,599622,152,15286
584170,598218,599623,1405,14048
584184,599474,599623,149,15290
584184,599462,599625,163,15278
584184,599475,599625,150,15291
584184,599427,599627,200,15243
584184,599445,599627,182,15261
584184,599472,599628,156,15288
584184,599465,599629,164,15281
584184,599475,599636,161,15291
584184,599451,599638,187,15267
584184,599463,599640,177,15279
584184,599478,599644,166,15294
584184,599486,599652,166,15302
584184,599491,599652,161,15307
584184,599506,599656,150,15322
584184,599490,599663,173,15306
584184,599483,599668,185,15299
584184,599517,599667,150,15333
584184,599492,599668,176,15308
584184,599486,599668,182,15302
584184,599514,599669,155,15330
584184,599516,599670,154,15332
584184,599513,599675,162,15329
584184,599521,599680,159,15337
584184,599527,599680,153,15343
584184,599503,599681,178,15319
584184,599527,599683,156,15343
584184,599520,599683,163,15336
584184,599516,599685,169,15332
584184,599518,599686,168,15334
584184,599529,599686,157,15345
584184,599534,599688,154,15350
584184,599518,599689,171,15334
584184,599523,599691,168,15339
584184,599541,599696,155,15357
584184,599532,599701,169,15348
584184,599528,599701,173,15344
584184,599532,599702,170,15348
584184,599556,599705,149,15372
584184,599532,599710,178,15348
584184,599531,599711,180,15347
584184,599551,599711,160,15367
584184,599559,599713,154,15375
584184,599539,599713,174,15355
584184,599554,599714,160,15370
584184,599546,599716,170,15362
584184,599547,599717,170,15363
584184,599543,599718,175,15359
584184,599556,599720,164,15372
584184,599541,599722,181,15357
584184,599540,599724,184,15356
584184,599575,599729,154,15391
584184,599567,599732,165,15383
584184,599566,599733,167,15382
584184,599538,599735,197,15354
584184,599567,599737,170,15383
584184,599571,599737,166,15387
584184,599575,599739,164,15391
584184,599562,599739,177,15378
584184,599576,599744,168,15392
584184,599589,599744,155,15405
584184,599553,599747,194,15369
584184,599586,599747,161,15402
584184,599581,599750,169,15397
584184,599553,599750,197,15369
584184,599599,599750,151,15415
584184,599589,599752,163,15405
584184,599586,599758,172,15402
584184,599604,599758,154,15420
584184,599605,599765,160,15421
584184,599582,599766,184,15398
584184,599611,599769,158,15427
584184,599582,599770,188,15398
584184,599608,599774,166,15424
584184,599615,599777,162,15431
584184,599623,599778,155,15439
584184,599627,599783,156,15443
584184,599624,599784,160,15440
584184,599625,599788,163,15441
584184,599615,599790,175,15431
584184,599629,599791,162,15445
584184,599621,599791,170,15437
584184,599627,599792,165,15443
584184,599623,599794,171,15439
584184,599629,599797,168,15445
584184,599624,599798,174,15440
584184,599640,599799,159,15456
584184,599625,599801,176,15441
584184,599638,599802,164,15454
584184,599637,599808,171,15453
584184,599657,599817,160,15473
584184,599644,599822,178,15460
584184,599653,599822,169,15469
584184,599664,599827,163,15480
584184,599669,599828,159,15485
584184,599668,599830,162,15484
584184,599652,599831,179,15468
584184,599669,599833,164,15485
584184,599668,599834,166,15484
584184,599669,599840,171,15485
584184,599676,599841,165,15492
584184,599682,599842,160,15498
584184,599681,599847,166,15497
584184,599683,599848,165,15499
584184,599686,599850,164,15502
584184,599684,599857,173,15500
584184,599687,599858,171,15503
584184,599712,599859,147,15528
584184,599671,599861,190,15487
584184,599692,599862,170,15508
584184,599702,599863,161,15518
584184,599703,599865,162,15519
584184,599714,599867,153,15530
584184,599697,599868,171,15513
584184,599681,599865,184,15497
584184,599705,599875,170,15521
584184,599714,599875,161,15530
584184,599719,599878,159,15535
584184,599713,599879,166,15529
584184,599686,599873,187,15502
584184,599689,599875,186,15505
584184,599701,599882,181,15517
584184,599690,599883,193,15506
584184,599717,599883,166,15533
584184,599736,599885,149,15552
584184,599718,599886,168,15534
584184,599711,599888,177,15527
584184,599730,599890,160,15546
584184,599722,599891,169,15538
584184,599712,599892,180,15528
584184,599725,599892,167,15541
584184,599721,599896,175,15537
584184,599739,599898,159,15555
584184,599752,599899,147,15568
584184,599738,599899,161,15554
584184,599748,599900,152,15564
584184,599750,599902,152,15566
584184,599734,599904,170,15550
584184,599750,599904,154,15566
584184,599744,599909,165,15560
584184,599744,599910,166,15560
584184,599740,599912,172,15556
584184,599733,599913,180,15549
584184,599770,599915,145,15586
584184,599747,599914,167,15563
584184,599750,599922,172,15566
584184,599738,599925,187,15554
584184,599779,599928,149,15595
584184,599766,599928,162,15582
584184,599758,599931,173,15574
584184,599766,599931,165,15582
584184,599777,599932,155,15593
584184,599758,599935,177,15574
584184,599770,599939,169,15586
584184,599783,599939,156,15599
584184,599775,599944,169,15591
584184,599785,599946,161,15601
584184,599788,599948,160,15604
584184,599799,599951,152,15615
584184,599795,599953,158,15611
584184,599798,599953,155,15614
584184,599797,599954,157,15613
584184,599802,599957,155,15618
584184,599793,599962,169,15609
584184,599792,599963,171,15608
584184,599792,599963,171,15608
584184,599791,599964,173,15607
584196,599817,599970,153,15621
584196,599822,599981,159,15626
584196,599822,599984,162,15626
584196,599828,599985,157,15632
584196,599835,599987,152,15639
584196,599829,599989,160,15633
584196,599850,599995,145,15654
584196,599831,599999,168,15635
584196,599841,600000,159,15645
584196,599840,600001,161,15644
584196,599831,600001,170,15635
584196,599857,600006,149,15661
584196,599859,600014,155,15663
584196,599859,600019,160,15663
584196,599833,600020,187,15637
584196,599843,600022,179,15647
584196,599849,600023,174,15653
584196,599865,600026,161,15669
584196,599868,600028,160,15672
584196,599886,600028,142,15690
584196,599869,600030,161,15673
584196,599880,600030,150,15684
584196,599876,600032,156,15680
584196,599892,600033,141,15696
584196,599862,600033,171,15666
584196,599876,600036,160,15680
584196,599876,600037,161,15680
584196,599879,600040,161,15683
584196,599885,600041,156,15689
584196,599876,600042,166,15680
584196,599880,600043,163,15684
584196,599891,600044,153,15695
584196,599864,600044,180,15668
584196,599880,600044,164,15684
584196,599880,600049,169,15684
584196,599882,600049,167,15686
584196,599905,600050,145,15709
584196,599893,600051,158,15697
584196,599884,600051,167,15688
584196,599884,600053,169,15688
584196,599897,600061,164,15701
584196,599893,600063,170,15697
584196,599900,600063,163,15704
584196,599899,600063,164,15703
584196,599913,600064,151,15717
584196,599888,600064,176,15692
584196,599898,600068,170,15702
584196,599915,600072,157,15719
584196,599900,600074,174,15704
584196,599905,600074,169,15709
584196,599910,600074,164,15714
584196,599931,600075,144,15735
584196,599929,600077,148,15733
584196,599926,600081,155,15730
584196,599940,600081,141,15744
584196,599936,600083,147,15740
584196,599909,600085,176,15713
584196,599915,600087,172,15719
584196,599914,600087,173,15718
584196,599903,600088,185,15707
584196,599928,600089,161,15732
584196,599922,600090,168,15726
584196,599939,600095,156,15743
584196,599946,600097,151,15750
584196,599957,600098,141,15761
584196,599932,600104,172,15736
584196,599963,600108,145,15767
584196,599954,600108,154,15758
584196,599948,600110,162,15752
584196,599954,600114,160,15758
584196,599963,600118,155,15767
584196,599954,600118,164,15758
584196,599945,600124,179,15749
584196,599933,600127,194,15737
584196,599964,600127,163,15768
584196,599952,600132,180,15756
584196,599970,600141,171,15774
584196,599984,600144,160,15788
584196,599964,600145,181,15768
584196,599987,600145,158,15791
584196,600002,600150,148,15806
584196,599982,600155,173,15786
584196,599989,600156,167,15793
584196,600000,600156,156,15804
584196,599986,600157,171,15790
584196,599996,600162,166,15800
584196,600000,600170,170,15804
584196,600020,600173,153,15824
584196,600006,600176,170,15810
584196,600001,600176,175,15805
584196,600023,600183,160,15827
584196,600028,600184,156,15832
584196,600044,600185,141,15848
584196,600043,600189,146,15847
584196,600014,600189,175,15818
584196,600034,600189,155,15838
584196,600027,600190,163,15831
584196,600028,600189,161,15832
584196,600032,600191,159,15836
584196,600041,600192,151,15845
584196,600034,600192,158,15838
584196,600038,600194,156,15842
584196,600020,600196,176,15824
584196,600023,600195,172,15827
584196,600036,600195,159,15840
584196,600050,600197,147,15854
584196,600030,600199,169,15834
584196,600050,600202,152,15854
584196,600044,600202,158,15848
584196,600044,600206,162,15848
584196,600052,600207,155,15856
584196,600041,600208,167,15845
584196,600031,600213,182,15835
584196,600065,600217,152,15869
584196,600045,600219,174,15849
584196,600051,600219,168,15855
584196,600052,600220,168,15856
584196,600064,600224,160,15868
584196,600076,600227,151,15880
584196,600064,600232,168,15868
584196,600054,600232,178,15858
584196,600062,600234,172,15866
584196,600084,600241,157,15888
584196,600075,600242,167,15879
584196,600075,600244,169,15879
584196,600078,600245,167,15882
584196,600069,600246,177,15873
584196,600099,600249,150,15903
584196,600089,600251,162,15893
584196,600090,600254,164,15894
584196,600065,600255,190,15869
584196,600081,600257,176,15885
584196,600082,600259,177,15886
584196,600088,600262,174,15892
584196,600075,600262,187,15879
584196,600090,600264,174,15894
584196,600085,600265,180,15889
584196,600063,600265,202,15867
584196,600072,600266,194,15876
584196,600087,600269,182,15891
584196,600098,600276,178,15902
584196,600119,600276,157,15923
584196,600096,600276,180,15900
584196,600105,600278,173,15909
584196,600108,600281,173,15912
584196,600115,600283,168,15919
584196,600125,600284,159,15929
584196,600111,600290,179,15915
584196,600128,600291,163,15932
584196,600108,600292,184,15912
584196,600119,600297,178,15923
584196,600142,600302,160,15946
584196,600133,600308,175,15937
584196,600128,600310,182,15932
584196,600155,600312,157,15959
584196,600157,600313,156,15961
584196,600144,600317,173,15948
584196,600145,600319,174,15949
584196,600162,600325,163,15966
584196,600157,600326,169,15961
584196,600145,600331,186,15949
584196,600150,600333,183,15954
584196,600171,600335,164,15975
584196,600189,600344,155,15993
584196,600174,600345,171,15978
584196,600184,600347,163,15988
584196,600194,600350,156,15998
584196,600177,600351,174,15981
584196,600158,600352,194,15962
584196,600192,600355,163,15996
584196,600176,600354,178,15980
584196,600192,600356,164,15996
584196,600189,600359,170,15993
584196,600185,600359,174,15989
584196,600190,600360,170,15994
584196,600196,600360,164,16000
584196,600190,600365,175,15994
584196,600184,600365,181,15988
584196,600196,600365,169,16000
584196,600196,600366,170,16000
584196,600191,600367,176,15995
584196,600197,600367,170,16001
584196,600189,600370,181,15993
584196,600208,600371,163,16012
584196,600206,600372,166,16010
584196,600199,600374,175,16003
584196,600202,600374,172,16006
584196,600214,600377,163,16018
584196,600228,600378,150,16032
584196,600224,600383,159,16028
584196,600220,600384,164,16024
584196,600203,600388,185,16007
584196,600221,600388,167,16025
584196,600220,600391,171,16024
584196,600217,600390,173,16021
584196,600233,600394,161,16037
584196,600208,600394,186,16012
584196,600232,600394,162,16036
584196,600235,600400,165,16039
584196,600242,600405,163,16046
584196,600245,600412,167,16049
584196,600247,600412,165,16051
584196,600263,600415,152,16067
584196,600252,600415,163,16056
584196,600242,600416,174,16046
584196,600264,600418,154,16068
584196,600245,600418,173,16049
584196,600255,600420,165,16059
584196,600260,600420,160,16064
584196,600255,600421,166,16059
584196,600258,600425,167,16062
584196,600267,600429,162,16071
584196,600266,600430,164,16070
584196,600263,600433,170,16067
584196,600276,600438,162,16080
584196,600250,600439,189,16054
584196,600269,600440,171,16073
584196,600285,600440,155,16089
584196,600279,600441,162,16083
584196,600291,600442,151,16095
584196,600265,600444,179,16069
584196,600277,600446,169,16081
584196,600281,600449,168,16085
584196,600292,600457,165,16096
584196,600303,600457,154,16107
584196,600312,600460,148,16116
584196,600284,600462,178,16088
584196,600293,600463,170,16097
584196,600276,600463,187,16080
584196,600298,600464,166,16102
584196,600313,600466,153,16117
584196,600311,600467,156,16115
584196,600326,600472,146,16130
584196,600309,600477,168,16113
584196,600318,600479,161,16122
584196,600319,600485,166,16123
584196,600326,600485,159,16130
584196,600331,600489,158,16135
584196,600334,600495,161,16138
584196,600335,600497,162,16139
584220,600368,600505,137,16148
584196,600351,600504,153,16155
584196,600345,600506,161,16149
584196,600359,600507,148,16163
584196,600348,600508,160,16152
584196,600355,600509,154,16159
584196,600355,600510,155,16159
584196,600352,600511,159,16156
584220,600361,600511,150,16141
584196,600346,600514,168,16150
584220,600367,600515,148,16147
584220,600373,600519,146,16153
584196,600357,600523,166,16161
584220,600360,600524,164,16140
584220,600365,600527,162,16145
584220,600378,600528,150,16158
584220,600367,600529,162,16147
584220,600366,600532,166,16146
584220,600371,600533,162,16151
584220,600374,600533,159,16154
584220,600377,600535,158,16157
584220,600375,600534,159,16155
584220,600365,600537,172,16145
584220,600384,600538,154,16164
584196,600350,600537,187,16154
584220,600391,600540,149,16171
584220,600370,600545,175,16150
584220,600385,600545,160,16165
584220,600388,600554,166,16168
584220,600400,600564,164,16180
584220,600394,600565,171,16174
584220,600391,600568,177,16171
584220,600394,600572,178,16174
584220,600406,600576,170,16186
584220,600418,600577,159,16198
584220,600416,600579,163,16196
584220,600418,600579,161,16198
584220,600388,600581,193,16168
584220,600395,600583,188,16175
584220,600417,600585,168,16197
584220,600421,600587,166,16201
584220,600420,600589,169,16200
584220,600416,600590,174,16196
584220,600422,600591,169,16202
584220,600429,600591,162,16209
584220,600412,600592,180,16192
584220,600425,600594,169,16205
584220,600413,600596,183,16193
584220,600441,600598,157,16221
584220,600450,600598,148,16230
584220,600439,600600,161,16219
584220,600439,600606,167,16219
584220,600434,600606,172,16214
584220,600441,600607,166,16221
584220,600447,600610,163,16227
584220,600431,600610,179,16211
584220,600443,600613,170,16223
584220,600458,600613,155,16238
584220,600444,600613,169,16224
584220,600440,600619,179,16220
584220,600468,600626,158,16248
584220,600461,600627,166,16241
584220,600486,600628,142,16266
584220,600467,600629,162,16247
584220,600480,600630,150,16260
584220,600465,600632,167,16245
584220,600464,600635,171,16244
584220,600458,600637,179,16238
584220,600463,600637,174,16243
584220,600472,600638,166,16252
584220,600463,600638,175,16243
584220,600477,600640,163,16257
584220,600486,600641,155,16266
584220,600498,600649,151,16278
584220,600495,600651,156,16275
584220,600490,600652,162,16270
584220,600509,600655,146,16289
584220,600505,600659,154,16285
584220,600506,600663,157,16286
584220,600505,600675,170,16285
584220,600514,600674,160,16294
584220,600511,600676,165,16291
584220,600511,600678,167,16291
584220,600520,600679,159,16300
584220,600511,600680,169,16291
584181,599286,600683,1397,15105
584220,600515,600684,169,16295
584220,600538,600685,147,16318
584220,600534,600687,153,16314
584220,600510,600691,181,16290
584220,600535,600692,157,16315
584220,600528,600693,165,16308
584220,600527,600694,167,16307
584220,600508,600695,187,16288
584220,600538,600696,158,16318
584220,600532,600695,163,16312
584220,600538,600696,158,16318
584220,600524,600697,173,16304
584220,600533,600697,164,16313
584220,600530,600699,169,16310
584220,600541,600703,162,16321
584220,600546,600705,159,16326
584220,600535,600705,170,16315
584220,600525,600707,182,16305
584220,600545,600708,163,16325
584220,600568,600710,142,16348
584220,600564,600722,158,16344
584220,600566,600722,156,16346
584220,600573,600725,152,16353
584220,600577,600731,154,16357
584220,600592,600731,139,16372
584220,600576,600732,156,16356
584220,600555,600735,180,16335
584220,600581,600742,161,16361
584220,600592,600744,152,16372
584220,600585,600747,162,16365
584220,600580,600750,170,16360
584220,600589,600751,162,16369
584220,600591,600751,160,16371
584220,600579,600753,174,16359
584220,600592,600761,169,16372
584220,600594,600761,167,16374
584220,600598,600763,165,16378
584220,600583,600765,182,16363
584220,600597,600765,168,16377
584220,600601,600775,174,16381
584220,600598,600774,176,16378
584220,600610,600775,165,16390
584220,600614,600775,161,16394
584220,600629,600777,148,16409
584220,600614,600778,164,16394
584220,600607,600780,173,16387
584220,600587,600782,195,16367
584220,600610,600785,175,16390
584220,600606,600785,179,16386
584220,600628,600788,160,16408
584220,600631,600792,161,16411
584220,600614,600794,180,16394
584220,600633,600795,162,16413
584220,600606,600795,189,16386
584220,600638,600796,158,16418
584220,600638,600796,158,16418
584220,600619,600800,181,16399
584220,600641,600800,159,16421
584220,600639,600803,164,16419
584220,600639,600806,167,16419
584220,600630,600807,177,16410
584220,600627,600810,183,16407
584220,600640,600810,170,16420
584220,600635,600817,182,16415
584220,600659,600817,158,16439
584220,600653,600819,166,16433
584220,600652,600824,172,16432
584220,600649,600830,181,16429
584220,600655,600837,182,16435
584220,600677,600840,163,16457
584220,600675,600847,172,16455
584220,600675,600849,174,16455
584220,600664,600849,185,16444
584220,600680,600849,169,16460
584220,600686,600849,163,16466
584220,600687,600853,166,16467
584220,600696,600853,157,16476
584220,600684,600855,171,16464
584220,600681,600857,176,16461
584220,600678,600859,181,16458
584220,600693,600860,167,16473
584220,600695,600860,165,16475
584220,600697,600860,163,16477
584220,600693,600864,171,16473
584220,600705,600863,158,16485
584220,600698,600867,169,16478
584220,600685,600870,185,16465
584220,600704,600873,169,16484
584220,600706,600873,167,16486
584220,600710,600874,164,16490
584220,600696,600874,178,16476
584220,600692,600876,184,16472
584220,600696,600877,181,16476
584220,600731,600880,149,16511
584220,600708,600881,173,16488
584220,600708,600881,173,16488
584220,600700,600882,182,16480
584220,600723,600884,161,16503
584220,600698,600887,189,16478
584220,600726,600888,162,16506
584220,600733,600891,158,16513
584220,600722,600902,180,16502
584220,600736,600902,166,16516
584220,600731,600905,174,16511
584220,600751,600907,156,16531
584220,600742,600907,165,16522
584220,600748,600911,163,16528
584220,600744,600916,172,16524
584220,600753,600919,166,16533
584220,600751,600922,171,16531
584220,600762,600925,163,16542
584220,600762,600930,168,16542
584220,600765,600931,166,16545
584220,600751,600931,180,16531
584220,600776,600938,162,16556
584220,600763,600940,177,16543
584220,600765,600943,178,16545
584220,600780,600947,167,16560
584220,600775,600947,172,16555
584220,600777,600947,170,16557
584220,600785,600948,163,16565
584220,600778,600950,172,16558
584220,600775,600950,175,16555
584220,600775,600952,177,16555
584220,600786,600955,169,16566
584220,600788,600958,170,16568
584220,600795,600959,164,16575
584220,600794,600962,168,16574
584220,600783,600965,182,16563
584220,600797,600966,169,16577
584220,600800,600967,167,16580
584220,600803,600967,164,16583
584220,600801,600968,167,16581
584220,600795,600972,177,16575
584220,600797,600972,175,16577
584220,600792,600972,180,16572
584220,600807,600973,166,16587
584220,600820,600973,153,16600
584220,600807,600974,167,16587
584220,600818,600978,160,16598
584220,600811,600978,167,16591
584220,600817,600979,162,16597
584220,600831,600978,147,16611
584220,600811,600979,168,16591
584220,600850,600986,136,16630
584220,600824,600994,170,16604
584220,600847,601001,154,16627
584220,600841,601002,161,16621
584220,600854,601011,157,16634
584220,600858,601012,154,16638
584220,600849,601013,164,16629
584220,600854,601013,159,16634
584220,600859,601017,158,16639
584220,600861,601018,157,16641
584220,600861,601021,160,16641
584220,600855,601023,168,16635
584220,600864,601023,159,16644
584220,600838,601024,186,16618
584220,600860,601024,164,16640
584220,600864,601025,161,16644
584220,600850,601028,178,16630
584220,600868,601031,163,16648
584220,600849,601036,187,16629
584220,600873,601037,164,16653
584220,600877,601037,160,16657
584220,600870,601039,169,16650
584220,600877,601043,166,16657
584220,600881,601044,163,16661
584220,600874,601047,173,16654
584220,600880,601049,169,16660
584226,600892,601051,159,16666
584226,600889,601052,163,16663
584220,600874,601053,179,16654
584220,600874,601053,179,16654
584220,600882,601054,172,16662
584226,600905,601056,151,16679
584226,600912,601059,147,16686
584220,600883,601062,179,16663
584220,600884,601064,180,16664
584226,600926,601068,142,16700
584226,600903,601071,168,16677
584226,600916,601080,164,16690
584226,600908,601082,174,16682
584226,600920,601083,163,16694
584226,600903,601083,180,16677
584226,600931,601087,156,16705
584226,600908,601090,182,16682
584226,600931,601090,159,16705
584226,600941,601090,149,16715
584226,600943,601095,152,16717
584226,600931,601096,165,16705
584226,600923,601097,174,16697
584226,600939,601098,159,16713
584226,600951,601098,147,16725
584226,600947,601107,160,16721
584226,600949,601108,159,16723
584226,600948,601118,170,16722
584226,600950,601118,168,16724
584226,600962,601120,158,16736
584226,600953,601120,167,16727
584226,600948,601122,174,16722
584226,600959,601123,164,16733
584226,600959,601125,166,16733
584226,600973,601131,158,16747
584226,600965,601132,167,16739
584226,600974,601132,158,16748
584226,600979,601132,153,16753
584226,600966,601134,168,16740
584226,600978,601133,155,16752
584226,600969,601134,165,16743
584226,600955,601135,180,16729
584226,600967,601136,169,16741
584226,600968,601139,171,16742
584226,600972,601140,168,16746
584226,600979,601140,161,16753
584226,600973,601142,169,16747
584226,600975,601144,169,16749
584226,600978,601148,170,16752
584226,600974,601152,178,16748
584226,600980,601155,175,16754
584226,601003,601159,156,16777
584226,601001,601165,164,16775
584226,600995,601167,172,16769
584226,601018,601168,150,16792
584226,600987,601172,185,16761
584226,601011,601174,163,16785
584226,601013,601174,161,16787
584226,601019,601176,157,16793
584226,601025,601177,152,16799
584226,601025,601177,152,16799
584226,601024,601181,157,16798
584226,601024,601182,158,16798
584226,601026,601184,158,16800
584226,601014,601187,173,16788
584226,601013,601188,175,16787
584226,601029,601189,160,16803
584187,599803,601191,1388,15616
584226,601022,601191,169,16796
584226,601037,601195,158,16811
584226,601045,601196,151,16819
584226,601032,601198,166,16806
584226,601037,601201,164,16811
584226,601055,601203,148,16829
584226,601038,601204,166,16812
584226,601043,601206,163,16817
584226,601053,601208,155,16827
584226,601047,601212,165,16821
584193,599809,601212,1403,15616
584226,601039,601212,173,16813
584226,601053,601215,162,16827
584226,601049,601218,169,16823
584226,601052,601221,169,16826
584226,601056,601221,165,16830
584226,601072,601223,151,16846
584226,601063,601226,163,16837
584226,601054,601226,172,16828
584226,601059,601227,168,16833
584226,601083,601232,149,16857
584226,601064,601233,169,16838
584226,601088,601233,145,16862
584226,601090,601237,147,16864
584226,601080,601238,158,16854
584226,601083,601238,155,16857
584226,601069,601243,174,16843
584226,601099,601245,146,16873
584226,601099,601249,150,16873
584226,601084,601254,170,16858
584226,601095,601256,161,16869
584226,601090,601257,167,16864
584226,601091,601258,167,16865
584226,601097,601262,165,16871
584226,601109,601270,161,16883
584226,601107,601270,163,16881
584226,601118,601271,153,16892
584226,601123,601273,150,16897
584226,601097,601273,176,16871
584226,601132,601274,142,16906
584226,601120,601273,153,16894
584226,601135,601273,138,16909
584226,601133,601274,141,16907
584226,601125,601277,152,16899
584226,601121,601278,157,16895
584226,601134,601279,145,16908
584226,601131,601281,150,16905
584226,601136,601283,147,16910
584226,601119,601284,165,16893
584226,601134,601285,151,16908
584226,601133,601286,153,16907
584226,601123,601295,172,16897
584226,601140,601309,169,16914
584226,601137,601310,173,16911
584226,601141,601310,169,16915
584226,601149,601311,162,16923
584226,601140,601316,176,16914
584226,601152,601318,166,16926
584226,601143,601322,179,16917
584226,601178,601328,150,16952
584226,601165,601329,164,16939
584226,601144,601331,187,16918
584226,601173,601332,159,16947
584226,601160,601334,174,16934
584226,601182,601338,156,16956
584226,601174,601338,164,16948
584226,601167,601341,174,16941
584226,601183,601344,161,16957
584226,601199,601345,146,16973
584226,601168,601350,182,16942
584226,601197,601357,160,16971
584226,601202,601358,156,16976
584226,601196,601359,163,16970
584226,601213,601359,146,16987
584226,601190,601362,172,16964
584226,601203,601362,159,16977
584226,601155,601363,208,16929
584226,601191,601363,172,16965
584226,601177,601363,186,16951
584226,601208,601366,158,16982
584226,601174,601369,195,16948
584226,601191,601369,178,16965
584226,601215,601373,158,16989
584226,601207,601374,167,16981
584226,601189,601374,185,16963
584226,601185,601377,192,16959
584226,601213,601379,166,16987
584226,601212,601381,169,16986
584226,601227,601382,155,17001
584226,601177,601383,206,16951
584226,601226,601384,158,17000
584226,601224,601388,164,16998
584226,601188,601390,202,16962
584226,601227,601389,162,17001
584226,601222,601391,169,16996
584226,601222,601391,169,16996
584226,601205,601393,188,16979
584226,601238,601400,162,17012
584226,601218,601402,184,16992
584226,601237,601402,165,17011
584226,601233,601405,172,17007
584226,601238,601407,169,17012
584226,601244,601407,163,17018
584226,601233,601409,176,17007
584226,601233,601411,178,17007
584226,601249,601411,162,17023
584226,601245,601412,167,17019
584226,601259,601413,154,17033
584226,601257,601414,157,17031
584226,601257,601425,168,17031
584226,601274,601426,152,17048
584226,601282,601427,145,17056
584226,601272,601429,157,17046
584226,601262,601431,169,17036
584226,601255,601431,176,17029
584226,601275,601432,157,17049
584226,601271,601433,162,17045
584226,601274,601438,164,17048
584226,601285,601439,154,17059
584226,601274,601440,166,17048
584226,601278,601442,164,17052
584226,601279,601442,163,17053
584226,601279,601444,165,17053
584226,601270,601448,178,17044
584226,601286,601451,165,17060
584226,601286,601451,165,17060
584226,601274,601459,185,17048
584226,601284,601461,177,17058
584226,601295,601465,170,17069
584226,601274,601465,191,17048
584226,601316,601478,162,17090
584226,601311,601480,169,17085
584226,601311,601481,170,17085
584226,601318,601483,165,17092
584226,601310,601483,173,17084
584226,601331,601483,152,17105
584226,601328,601486,158,17102
584226,601330,601487,157,17104
584226,601311,601489,178,17085
584226,601332,601493,161,17106
584226,601322,601490,168,17096
584226,601335,601504,169,17109
584226,601351,601503,152,17125
584226,601339,601504,165,17113
584226,601339,601507,168,17113
584226,601345,601514,169,17119
584226,601362,601516,154,17136
584226,601364,601518,154,17138
584226,601345,601519,174,17119
584226,601342,601520,178,17116
584226,601369,601520,151,17143
584226,601360,601524,164,17134
584226,601359,601524,165,17133
584226,601363,601524,161,17137
584226,601357,601526,169,17131
584226,601375,601529,154,17149
584226,601360,601531,171,17134
584226,601364,601535,171,17138
584226,601374,601539,165,17148
584226,601392,601540,148,17166
584226,601378,601546,168,17152
584226,601384,601547,163,17158
584226,601380,601549,169,17154
584226,601403,601548,145,17177
584226,601403,601549,146,17177
584226,601367,601549,182,17141
584226,601391,601549,158,17165
584226,601411,601553,142,17185
584226,601390,601553,163,17164
584226,601370,601554,184,17144
584226,601374,601555,181,17148
584226,601383,601556,173,17157
584226,601389,601558,169,17163
584226,601384,601562,178,17158
584226,601381,601564,183,17155
584226,601364,601565,201,17138
584226,601413,601565,152,17187
584226,601390,601566,176,17164
584226,601400,601568,168,17174
584226,601394,601569,175,17168
584226,601414,601571,157,17188
584226,601426,601572,146,17200
584226,601405,601573,168,17179
584226,601407,601577,170,17181
584226,601412,601576,164,17186
584226,601408,601577,169,17182
584226,601427,601579,152,17201
584238,601431,601581,150,17193
584226,601409,601582,173,17183
584238,601434,601587,153,17196
584238,601441,601588,147,17203
584226,601415,601591,176,17189
584238,601433,601591,158,17195
584226,601427,601595,168,17201
584238,601440,601595,155,17202
584238,601452,601595,143,17214
584238,601431,601596,165,17193
584238,601443,601597,154,17205
584238,601438,601597,159,17200
584238,601445,601604,159,17207
584238,601461,601608,147,17223
584238,601449,601608,159,17211
584238,601459,601610,151,17221
584238,601465,601611,146,17227
584238,601451,601611,160,17213
584238,601442,601623,181,17204
584238,601480,601630,150,17242
584238,601484,601631,147,17246
584238,601465,601637,172,17227
584238,601487,601637,150,17249
584238,601489,601641,152,17251
584238,601482,601642,160,17244
584238,601478,601647,169,17240
584238,601484,601657,173,17246
584238,601493,601659,166,17255
584238,601488,601659,171,17250
584238,601504,601660,156,17266
584238,601504,601663,159,17266
584238,601505,601664,159,17267
584238,601514,601667,153,17276
584238,601516,601668,152,17278
584238,601507,601668,161,17269
584238,601504,601670,166,17266
584238,601532,601672,140,17294
584238,601505,601672,167,17267
584238,601519,601674,155,17281
584238,601525,601674,149,17287
584238,601521,601676,155,17283
584238,601521,601676,155,17283
584238,601525,601679,154,17287
584238,601524,601679,155,17286
584238,601518,601679,161,17280
584238,601530,601690,160,17292
584238,601549,601693,144,17311
584238,601541,601694,153,17303
584238,601526,601696,170,17288
584238,601535,601698,163,17297
584238,601546,601698,152,17308
584238,601556,601698,142,17318
584238,601539,601700,161,17301
584238,601547,601702,155,17309
584238,601554,601701,147,17316
584238,601549,601702,153,17311
584238,601569,601711,142,17331
584238,601550,601711,161,17312
584238,601549,601713,164,17311
584238,601553,601713,160,17315
584238,601559,601714,155,17321
584238,601565,601716,151,17327
584238,601573,601717,144,17335
584238,601550,601720,170,17312
584238,601557,601720,163,17319
584238,601571,601723,152,17333
584238,601567,601724,157,17329
584238,601564,601725,161,17326
584238,601564,601728,164,17326
584238,601554,601728,174,17316
584238,601580,601730,150,17342
584238,601566,601731,165,17328
584238,601589,601733,144,17351
584238,601577,601735,158,17339
584238,601583,601740,157,17345
584238,601573,601740,167,17335
584238,601570,601744,174,17332
584238,601595,601746,151,17357
584238,601582,601749,167,17344
584238,601597,601751,154,17359
584238,601577,601752,175,17339
584238,601588,601756,168,17350
584238,601596,601757,161,17358
584238,601578,601757,179,17340
584238,601611,601758,147,17373
584238,601611,601759,148,17373
584238,601596,601759,163,17358
584238,601592,601765,173,17354
584238,601609,601765,156,17371
584238,601611,601770,159,17373
584238,601592,601770,178,17354
584238,601598,601771,173,17360
584238,601604,601772,168,17366
584238,601609,601775,166,17371
584238,601598,601775,177,17360
584199,600359,601780,1421,16160
584238,601631,601783,152,17393
584238,601638,601788,150,17400
584238,601623,601792,169,17385
584238,601642,601794,152,17404
584238,601638,601799,161,17400
584238,601642,601801,159,17404
584238,601661,601806,145,17423
584238,601663,601806,143,17425
584238,601668,601809,141,17430
584238,601660,601810,150,17422
584238,601632,601813,181,17394
584238,601669,601820,151,17431
584238,601648,601820,172,17410
584238,601673,601826,153,17435
584238,601675,601828,153,17437
584238,601676,601831,155,17438
584238,601667,601832,165,17429
584238,601659,601834,175,17421
584238,601670,601834,164,17432
584238,601665,601837,172,17427
584238,601657,601836,179,17419
584238,601672,601841,169,17434
584238,601679,601841,162,17441
584238,601679,601843,164,17441
584238,601676,601844,168,17438
584238,601680,601847,167,17442
584238,601675,601848,173,17437
584238,601695,601848,153,17457
584238,601703,601858,155,17465
584238,601714,601864,150,17476
584238,601701,601867,166,17463
584238,601698,601871,173,17460
584238,601712,601872,160,17474
584238,601702,601877,175,17464
584238,601698,601877,179,17460
584238,601696,601879,183,17458
584238,601717,601879,162,17479
584238,601690,601880,190,17452
584238,601720,601883,163,17482
584238,601713,601885,172,17475
584238,601694,601891,197,17456
584238,601723,601892,169,17485
584238,601699,601893,194,17461
584238,601731,601894,163,17493
584238,601720,601896,176,17482
584238,601729,601896,167,17491
584238,601714,601899,185,17476
584238,601741,601900,159,17503
584238,601733,601902,169,17495
584238,601717,601903,186,17479
584238,601751,601906,155,17513
584238,601726,601906,180,17488
584238,601731,601908,177,17493
584238,601711,601908,197,17473
584238,601749,601908,159,17511
584238,601747,601908,161,17509
584238,601728,601910,182,17490
584238,601744,601912,168,17506
584238,601753,601912,159,17515
584238,601725,601913,188,17487
584238,601736,601913,177,17498
584238,601702,601917,215,17464
584238,601741,601919,178,17503
584238,601758,601919,161,17520
584238,601759,601924,165,17521
584238,601771,601925,154,17533
584238,601759,601928,169,17521
584238,601757,601928,171,17519
584238,601758,601931,173,17520
584238,601759,601932,173,17521
584238,601765,601933,168,17527
584238,601776,601933,157,17538
584238,601765,601934,169,17527
584238,601771,601936,165,17533
584238,601773,601938,165,17535
584238,601772,601946,174,17534
584238,601776,601949,173,17538
584238,601795,601949,154,17557
584238,601781,601953,172,17543
584238,601788,601953,165,17550
584238,601783,601959,176,17545
584238,601807,601959,152,17569
584238,601800,601964,164,17562
584238,601807,601966,159,17569
584238,601811,601968,157,17573
584238,601801,601973,172,17563
584238,601793,601974,181,17555
584238,601809,601975,166,17571
584238,601813,601988,175,17575
584238,601826,601991,165,17588
584238,601832,601991,159,17594
584238,601837,601992,155,17599
584238,601821,601994,173,17583
584238,601821,601995,174,17583
584238,601829,601997,168,17591
584238,601842,601998,156,17604
584238,601841,602004,163,17603
584238,601835,602005,170,17597
584238,601849,602008,159,17611
584238,601844,602009,165,17606
584238,601835,602014,179,17597
584238,601847,602013,166,17609
584238,601833,602013,180,17595
584238,601837,602014,177,17599
584238,601849,602015,166,17611
584238,601844,602019,175,17606
584238,601867,602028,161,17629
584238,601881,602030,149,17643
584238,601858,602034,176,17620
584238,601877,602034,157,17639
584238,601873,602035,162,17635
584238,601877,602041,164,17639
584238,601865,602043,178,17627
584238,601884,602048,164,17646
584238,601891,602049,158,17653
584238,601879,602050,171,17641
584238,601872,602050,178,17634
584238,601886,602054,168,17648
584238,601893,602056,163,17655
584238,601880,602058,178,17642
584238,601902,602059,157,17664
584238,601896,602060,164,17658
584238,601906,602062,156,17668
584238,601913,602064,151,17675
584238,601910,602065,155,17672
584238,601919,602067,148,17681
584238,601894,602069,175,17656
584238,601906,602069,163,17668
584238,601900,602069,169,17662
584238,601897,602072,175,17659
584238,601894,602073,179,17656
584238,601911,602073,162,17673
584238,601909,602073,164,17671
584238,601933,602075,142,17695
584238,601908,602074,166,17670
584238,601914,602077,163,17676
584238,601928,602079,151,17690
584238,601925,602079,154,17687
584238,601912,602079,167,17674
584238,601935,602081,146,17697
584238,601904,602080,176,17666
584238,601918,602085,167,17680
584238,601899,602085,186,17661
584238,601934,602087,153,17696
584238,601919,602088,169,17681
584238,601950,602091,141,17712
584238,601908,602091,183,17670
584238,601939,602092,153,17701
584238,601928,602092,164,17690
584238,601931,602098,167,17693
584238,601954,602104,150,17716
584238,601937,602106,169,17699
584238,601932,602107,175,17694
584238,601925,602107,182,17687
584238,601914,602116,202,17676
584256,601975,602118,143,17719
584238,601950,602119,169,17712
584256,601965,602118,153,17709
584238,601954,602119,165,17716
584238,601947,602119,172,17709
584256,601967,602124,157,17711
584256,601960,602125,165,17704
584256,601968,602126,158,17712
584256,601989,602130,141,17733
584256,601974,602136,162,17718
584256,601992,602140,148,17736
584256,601976,602143,167,17720
584256,601992,602150,158,17736
584256,601998,602150,152,17742
584256,601998,602158,160,17742
584256,601995,602159,164,17739
584256,602009,602162,153,17753
584256,602005,602165,160,17749
584256,602006,602170,164,17750
584256,601991,602169,178,17735
584256,601995,602173,178,17739
584256,602014,602174,160,17758
584256,602016,602176,160,17760
584256,602014,602178,164,17758
584256,602028,602179,151,17772
584256,602014,602180,166,17758
584256,602009,602181,172,17753
584256,602030,602198,168,17774
584256,602031,602199,168,17775
584256,602050,602199,149,17794
584256,602034,602201,167,17778
584256,602043,602201,158,17787
584256,602042,602206,164,17786
584256,602020,602210,190,17764
584256,602067,602214,147,17811
584256,602036,602214,178,17780
584256,602050,602216,166,17794
584256,602049,602217,168,17793
584256,602049,602217,168,17793
584256,602035,602219,184,17779
584256,602060,602222,162,17804
584256,602075,602222,147,17819
584256,602064,602224,160,17808
584256,602080,602227,147,17824
584256,602079,602228,149,17823
584256,602057,602228,171,17801
584256,602060,602230,170,17804
584256,602059,602231,172,17803
584256,602055,602231,176,17799
584256,602069,602234,165,17813
584256,602066,602236,170,17810
584256,602074,602236,162,17818
584256,602070,602236,166,17814
584256,602073,602238,165,17817
584256,602092,602239,147,17836
584256,602080,602239,159,17824
584256,602069,602242,173,17813
584256,602063,602242,179,17807
584256,602092,602242,150,17836
584256,602078,602244,166,17822
584256,602075,602245,170,17819
584256,602081,602245,164,17825
584256,602089,602247,158,17833
584256,602074,602248,174,17818
584256,602088,602255,167,17832
584256,602092,602257,165,17836
584256,602086,602258,172,17830
584256,602074,602260,186,17818
584256,602105,602261,156,17849
584256,602091,602264,173,17835
584256,602081,602269,188,17825
584256,602119,602270,151,17863
584256,602117,602272,155,17861
584256,602107,602277,170,17851
584256,602107,602277,170,17851
584256,602119,602278,159,17863
584256,602120,602279,159,17864
584256,602086,602279,193,17830
584256,602120,602280,160,17864
584256,602099,602281,182,17843
584256,602108,602282,174,17852
584256,602124,602283,159,17868
584256,602119,602286,167,17863
584256,602131,602296,165,17875
584256,602127,602297,170,17871
584256,602125,602297,172,17869
584256,602140,602299,159,17884
584256,602137,602300,163,17881
584256,602144,602303,159,17888
584256,602159,602303,144,17903
584256,602151,602304,153,17895
584256,602160,602304,144,17904
584222,600888,602307,1419,16666
584256,602151,602308,157,17895
584256,602166,602310,144,17910
584256,602163,602314,151,17907
584256,602175,602315,140,17919
584256,602170,602318,148,17914
584256,602179,602319,140,17923
584256,602181,602324,143,17925
584256,602170,602328,158,17914
584256,602180,602328,148,17924
584256,602173,602333,160,17917
584256,602182,602337,155,17926
584256,602202,602340,138,17946
584256,602199,602343,144,17943
584256,602200,602344,144,17944
584256,602177,602352,175,17921
584256,602217,602363,146,17961
584256,602199,602364,165,17943
584256,602210,602365,155,17954
584256,602207,602367,160,17951
584256,602216,602368,152,17960
584256,602214,602372,158,17958
584256,602223,602376,153,17967
584256,602214,602377,163,17958
584256,602218,602379,161,17962
584256,602201,602382,181,17945
584256,602229,602382,153,17973
584256,602219,602386,167,17963
584256,602224,602389,165,17968
584256,602238,602393,155,17982
584256,602223,602394,171,17967
584256,602237,602403,166,17981
584256,602244,602403,159,17988
584256,602229,602404,175,17973
584256,602249,602405,156,17993
584256,602247,602406,159,17991
584256,602234,602407,173,17978
584256,602227,602408,181,17971
584256,602232,602410,178,17976
584256,602237,602410,173,17981
584256,602242,602410,168,17986
584256,602240,602411,171,17984
584256,602245,602411,166,17989
584256,602245,602412,167,17989
584256,602236,602413,177,17980
584256,602240,602414,174,17984
584256,602231,602413,182,17975
584256,602261,602417,156,18005
584256,602232,602418,186,17976
584256,602259,602419,160,18003
584256,602243,602423,180,17987
584256,602264,602426,162,18008
584256,602243,602428,185,17987
584256,602278,602432,154,18022
584256,602257,602433,176,18001
584256,602261,602433,172,18005
584256,602270,602436,166,18014
584256,602277,602436,159,18021
584256,602281,602436,155,18025
584256,602270,602438,168,18014
584256,602256,602438,182,18000
584256,602273,602439,166,18017
584256,602284,602440,156,18028
584256,602279,602445,166,18023
584256,602279,602448,169,18023
584256,602280,602456,176,18024
584256,602300,602459,159,18044
584256,602279,602460,181,18023
584256,602282,602462,180,18026
584256,602298,602462,164,18042
584256,602304,602466,162,18048
584256,602309,602468,159,18053
584256,602286,602472,186,18030
584256,602304,602472,168,18048
584256,602307,602475,168,18051
584256,602297,602475,178,18041
584256,602297,602476,179,18041
584256,602311,602477,166,18055
584256,602328,602480,152,18072
584256,602318,602481,163,18062
584256,602299,602480,181,18043
584256,602325,602484,159,18069
584256,602328,602484,156,18072
584256,602303,602489,186,18047
584256,602319,602488,169,18063
584256,602315,602493,178,18059
584256,602304,602501,197,18048
584256,602345,602501,156,18089
584256,602338,602505,167,18082
584256,602316,602507,191,18060
584256,602333,602507,174,18077
584256,602340,602508,168,18084
584256,602343,602520,177,18087
584256,602352,602527,175,18096
584256,602364,602528,164,18108
584256,602367,602528,161,18111
584256,602365,602531,166,18109
584256,602365,602535,170,18109
584256,602386,602539,153,18130
584256,602382,602545,163,18126
584256,602377,602545,168,18121
584256,602376,602546,170,18120
584256,602369,602547,178,18113
584256,602380,602547,167,18124
584256,602372,602555,183,18116
584256,602383,602557,174,18127
584256,602395,602564,169,18139
584256,602412,602567,155,18156
584256,602390,602569,179,18134
584256,602405,602569,164,18149
584256,602405,602572,167,18149
584256,602394,602573,179,18138
584256,602404,602573,169,18148
584256,602409,602573,164,18153
584256,602414,602573,159,18158
584256,602411,602578,167,18155
584256,602412,602579,167,18156
584256,602408,602578,170,18152
584256,602414,602581,167,18158
584256,602404,602582,178,18148
584256,602411,602584,173,18155
584256,602419,602587,168,18163
584256,602407,602588,181,18151
584256,602411,602589,178,18155
584256,602429,602590,161,18173
584256,602413,602590,177,18157
584256,602423,602596,173,18167
584256,602413,602596,183,18157
584256,602417,602597,180,18161
584256,602432,602599,167,18176
584256,602469,602599,130,18213
584256,602420,602602,182,18164
584256,602439,602602,163,18183
584256,602437,602603,166,18181
584256,602437,602606,169,18181
584256,602439,602610,171,18183
584256,602441,602610,169,18185
584256,602426,602612,186,18170
584256,602439,602615,176,18183
584256,602448,602615,167,18192
584256,602433,602616,183,18177
584256,602437,602617,180,18181
584256,602473,602618,145,18217
584256,602463,602620,157,18207
584256,602477,602623,146,18221
584256,602434,602622,188,18178
584256,602459,602625,166,18203
584256,602456,602627,171,18200
584256,602460,602632,172,18204
584256,602445,602634,189,18189
584256,602472,602638,166,18216
584256,602485,602638,153,18229
584256,602476,602641,165,18220
584256,602462,602642,180,18206
584256,602477,602642,165,18221
584256,602481,602645,164,18225
584256,602485,602647,162,18229
584256,602481,602650,169,18225
584256,602489,602650,161,18233
584269,602494,602654,160,18225
584256,602481,602659,178,18225
584256,602475,602660,185,18219
584256,602466,602660,194,18210
584269,602508,602663,155,18239
584269,602509,602662,153,18240
584269,602505,602663,158,18236
584269,602502,602673,171,18233
584269,602529,602674,145,18260
584269,602501,602676,175,18232
584269,602508,602680,172,18239
584269,602536,602682,146,18267
584269,602521,602686,165,18252
584269,602529,602686,157,18260
584269,602540,602690,150,18271
584269,602527,602691,164,18258
584269,602556,602704,148,18287
584269,602531,602705,174,18262
584269,602548,602705,157,18279
584269,602566,602709,143,18297
584269,602545,602711,166,18276
584269,602547,602718,171,18278
584269,602548,602721,173,18279
584269,602557,602720,163,18288
584269,602574,602722,148,18305
584269,602567,602724,157,18298
584269,602588,602725,137,18319
584269,602565,602730,165,18296
584269,602574,602733,159,18305
584269,602582,602734,152,18313
584269,602569,602735,166,18300
584269,602589,602738,149,18320
584269,602579,602738,159,18310
584269,602582,602739,157,18313
584269,602578,602740,162,18309
584269,602589,602742,153,18320
584269,602574,602741,167,18305
584269,602569,602743,174,18300
584269,602579,602744,165,18310
584269,602574,602744,170,18305
584269,602603,602749,146,18334
584269,602598,602750,152,18329
584269,602573,602751,178,18304
584269,602599,602753,154,18330
584269,602591,602753,162,18322
584269,602597,602754,157,18328
584269,602600,602755,155,18331
584269,602597,602759,162,18328
584269,602585,602761,176,18316
584269,602604,602761,157,18335
584269,602617,602762,145,18348
584269,602591,602762,171,18322
584269,602603,602762,159,18334
584269,602616,602764,148,18347
584269,602607,602766,159,18338
584269,602613,602766,153,18344
584269,602621,602776,155,18352
584269,602619,602778,159,18350
584269,602616,602780,164,18347
584269,602618,602780,162,18349
584269,602611,602781,170,18342
584269,602638,602782,144,18369
584269,602623,602782,159,18354
584269,602632,602786,154,18363
584269,602648,602786,138,18379
584269,602610,602788,178,18341
584269,602641,602793,152,18372
584269,602625,602796,171,18356
584269,602623,602797,174,18354
584269,602638,602804,166,18369
584269,602627,602804,177,18358
584269,602643,602807,164,18374
584269,602642,602807,165,18373
584269,602651,602809,158,18382
584269,602651,602810,159,18382
584269,602660,602810,150,18391
584269,602664,602811,147,18395
584269,602663,602813,150,18394
584269,602646,602817,171,18377
584229,601430,602821,1391,17201
584269,602654,602823,169,18385
584269,602659,602826,167,18390
584269,602663,602832,169,18394
584269,602660,602834,174,18391
584269,602634,602834,200,18365
584269,602675,602836,161,18406
584269,602680,602843,163,18411
584269,602676,602843,167,18407
584269,602687,602850,163,18418
584269,602686,602852,166,18417
584269,602705,602853,148,18436
584269,602692,602857,165,18423
584269,602705,602856,151,18436
584269,602674,602862,188,18405
584269,602718,602866,148,18449
584269,602683,602870,187,18414
584269,602721,602872,151,18452
584269,602709,602872,163,18440
584269,602691,602873,182,18422
584269,602706,602874,168,18437
584269,602724,602877,153,18455
584269,602723,602880,157,18454
584269,602721,602882,161,18452
584269,602742,602886,144,18473
584269,602726,602886,160,18457
584269,602744,602887,143,18475
584269,602731,602889,158,18462
584269,602740,602892,152,18471
584269,602739,602894,155,18470
584269,602711,602895,184,18442
584269,602750,602898,148,18481
584269,602735,602903,168,18466
584269,602734,602903,169,18465
584269,602744,602904,160,18475
584269,602742,602908,166,18473
584269,602751,602910,159,18482
584269,602741,602910,169,18472
584269,602744,602912,168,18475
584269,602735,602912,177,18466
584269,602739,602921,182,18470
584269,602762,602922,160,18493
584269,602763,602923,160,18494
584269,602753,602924,171,18484
584269,602755,602923,168,18486
584269,602762,602925,163,18493
584269,602767,602926,159,18498
584269,602755,602929,174,18486
584269,602751,602931,180,18482
584269,602761,602934,173,18492
584269,602753,602936,183,18484
584269,602780,602937,157,18511
584269,602767,602938,171,18498
584269,602786,602941,155,18517
584269,602783,602942,159,18514
584269,602765,602949,184,18496
584269,602782,602950,168,18513
584269,602779,602950,171,18510
584269,602760,602952,192,18491
584269,602782,602954,172,18513
584269,602762,602956,194,18493
584269,602781,602956,175,18512
584269,602776,602957,181,18507
584269,602796,602961,165,18527
584269,602804,602968,164,18535
584269,602814,602970,156,18545
584269,602788,602972,184,18519
584269,602808,602974,166,18539
584269,602786,602974,188,18517
584269,602812,602976,164,18543
584269,602810,602976,166,18541
584269,602793,602976,183,18524
584269,602807,602977,170,18538
584269,602811,602980,169,18542
584269,602822,602981,159,18553
584269,602798,602985,187,18529
584269,602810,602985,175,18541
584269,602836,602991,155,18567
584269,602825,602993,168,18556
584269,602833,602994,161,18564
584269,602805,602994,189,18536
584269,602827,602998,171,18558
584269,602835,603000,165,18566
584269,602817,603000,183,18548
584269,602843,603000,157,18574
584269,602834,603001,167,18565
584269,602844,603010,166,18575
584269,602852,603010,158,18583
584269,602854,603013,159,18585
584269,602851,603019,168,18582
584269,602857,603027,170,18588
584269,602857,603028,171,18588
584269,602872,603029,157,18603
584269,602872,603031,159,18603
584269,602862,603033,171,18593
584269,602866,603034,168,18597
584269,602874,603035,161,18605
584269,602874,603035,161,18605
584269,602882,603036,154,18613
584269,602870,603044,174,18601
584269,602877,603045,168,18608
584269,602890,603045,155,18621
584269,602886,603049,163,18617
584269,602888,603051,163,18619
584269,602895,603051,156,18626
584269,602881,603056,175,18612
584269,602905,603059,154,18636
584269,602904,603059,155,18635
584269,602886,603060,174,18617
584269,602893,603060,167,18624
584269,602896,603066,170,18627
584269,602899,603068,169,18630
584269,602910,603069,159,18641
584269,602913,603069,156,18644
584269,602913,603070,157,18644
584269,602903,603070,167,18634
584269,602909,603076,167,18640
584269,602911,603082,171,18642
584269,602927,603083,156,18658
584269,602929,603084,155,18660
584269,602926,603087,161,18657
584269,602931,603092,161,18662
584269,602936,603093,157,18667
584269,602934,603094,160,18665
584269,602924,603095,171,18655
584269,602938,603095,157,18669
584269,602922,603097,175,18653
584269,602924,603097,173,18655
584269,602923,603100,177,18654
584269,602950,603101,151,18681
584269,602923,603105,182,18654
584269,602943,603107,164,18674
584269,602950,603110,160,18681
584269,602939,603111,172,18670
584269,602952,603111,159,18683
584269,602956,603111,155,18687
584269,602941,603111,170,18672
584269,602962,603116,154,18693
584269,602951,603116,165,18682
584269,602954,603119,165,18685
584269,602957,603121,164,18688
584269,602974,603126,152,18705
584269,602957,603126,169,18688
584269,602975,603132,157,18706
584269,602978,603132,154,18709
584269,602969,603138,169,18700
584269,602992,603141,149,18723
584269,602971,603141,170,18702
584269,602994,603142,148,18725
584269,602995,603146,151,18726
584269,602982,603150,168,18713
584269,602977,603153,176,18708
584269,602993,603153,160,18724
584269,602981,603154,173,18712
584269,602977,603155,178,18708
584269,603001,603156,155,18732
584269,602977,603157,180,18708
584269,603000,603160,160,18731
584269,602986,603161,175,18717
584269,603002,603162,160,18733
584269,602998,603164,166,18729
584269,602986,603163,177,18717
584269,603000,603164,164,18731
584269,603020,603169,149,18751
584269,602972,603170,198,18703
584269,603014,603173,159,18745
584269,603011,603174,163,18742
584269,603010,603177,167,18741
584269,603027,603180,153,18758
584269,603033,603181,148,18764
584269,603030,603183,153,18761
584275,603046,603185,139,18771
584275,603037,603186,149,18762
584269,603032,603191,159,18763
584275,603051,603194,143,18776
584275,603044,603195,151,18769
584269,603034,603197,163,18765
584275,603057,603199,142,18782
584269,603028,603201,173,18759
584275,603049,603202,153,18774
584269,603035,603203,168,18766
584275,603052,603206,154,18777
584275,603060,603207,147,18785
584275,603046,603211,165,18771
584275,603061,603214,153,18786
584275,603059,603218,159,18784
584275,603069,603218,149,18794
584275,603069,603219,150,18794
584275,603067,603222,155,18792
584275,603076,603224,148,18801
584275,603083,603225,142,18808
584275,603059,603227,168,18784
584275,603070,603231,161,18795
584275,603071,603232,161,18796
584275,603071,603236,165,18796
584275,603085,603237,152,18810
584275,603082,603246,164,18807
584275,603093,603247,154,18818
584275,603096,603250,154,18821
584275,603117,603260,143,18842
584275,603093,603260,167,18818
584275,603111,603263,152,18836
584275,603087,603264,177,18812
584275,603096,603265,169,18821
584275,603095,603265,170,18820
584275,603111,603267,156,18836
584275,603100,603267,167,18825
584275,603117,603268,151,18842
584275,603098,603268,170,18823
584275,603112,603270,158,18837
584275,603098,603270,172,18823
584275,603120,603272,152,18845
584275,603107,603273,166,18832
584275,603105,603276,171,18830
584275,603127,603276,149,18852
584275,603102,603280,178,18827
584275,603127,603281,154,18852
584275,603112,603283,171,18837
584275,603132,603285,153,18857
584275,603147,603288,141,18872
584275,603112,603288,176,18837
584275,603133,603295,162,18858
584275,603121,603298,177,18846
584275,603157,603298,141,18882
584275,603155,603306,151,18880
584275,603142,603308,166,18867
584275,603162,603310,148,18887
584275,603138,603311,173,18863
584275,603142,603311,169,18867
584275,603171,603314,143,18896
584275,603154,603314,160,18879
584275,603151,603317,166,18876
584275,603154,603317,163,18879
584275,603162,603318,156,18887
584275,603161,603318,157,18886
584275,603143,603320,177,18868
584275,603164,603320,156,18889
584275,603158,603322,164,18883
584275,603164,603325,161,18889
584275,603175,603326,151,18900
584275,603155,603332,177,18880
584275,603178,603334,156,18903
584275,603194,603337,143,18919
584275,603173,603338,165,18898
584275,603184,603340,156,18909
584275,603164,603340,176,18889
584275,603180,603341,161,18905
584275,603187,603343,156,18912
584275,603181,603344,163,18906
584275,603170,603346,176,18895
584275,603186,603349,163,18911
584275,603200,603356,156,18925
584275,603204,603358,154,18929
584275,603198,603358,160,18923
584275,603202,603359,157,18927
584275,603192,603361,169,18917
584275,603202,603363,161,18927
584275,603212,603365,153,18937
584241,601959,603365,1406,17718
584275,603207,603369,162,18932
584275,603196,603371,175,18921
584275,603218,603372,154,18943
584275,603223,603378,155,18948
584275,603225,603382,157,18950
584275,603233,603384,151,18958
584275,603214,603391,177,18939
584275,603206,603392,186,18931
584275,603237,603394,157,18962
584275,603228,603394,166,18953
584275,603219,603395,176,18944
584275,603220,603398,178,18945
584275,603247,603398,151,18972
584275,603238,603399,161,18963
584275,603246,603399,153,18971
584275,603226,603401,175,18951
584275,603232,603402,170,18957
584275,603261,603402,141,18986
584275,603261,603405,144,18986
584275,603263,603410,147,18988
584275,603265,603412,147,18990
584275,603269,603415,146,18994
584275,603267,603418,151,18992
584275,603268,603420,152,18993
584275,603264,603422,158,18989
584275,603268,603426,158,18993
584275,603250,603427,177,18975
584275,603271,603432,161,18996
584275,603282,603438,156,19007
584275,603283,603441,158,19008
584275,603271,603442,171,18996
584275,603277,603443,166,19002
584275,603267,603444,177,18992
584275,603280,603446,166,19005
584275,603273,603448,175,18998
584275,603288,603450,162,19013
584275,603273,603450,177,18998
584275,603276,603454,178,19001
584275,603299,603459,160,19024
584275,603317,603465,148,19042
584275,603311,603466,155,19036
584275,603286,603467,181,19011
584275,603289,603470,181,19014
584275,603296,603471,175,19021
584275,603321,603479,158,19046
584275,603308,603480,172,19033
584275,603307,603480,173,19032
584275,603326,603480,154,19051
584275,603298,603481,183,19023
584275,603317,603483,166,19042
584275,603321,603484,163,19046
584275,603311,603487,176,19036
584275,603327,603487,160,19052
584275,603311,603487,176,19036
584275,603319,603487,168,19044
584275,603315,603489,174,19040
584275,603323,603490,167,19048
584275,603318,603491,173,19043
584275,603315,603497,182,19040
584275,603343,603500,157,19068
584275,603347,603501,154,19072
584275,603341,603502,161,19066
584275,603333,603504,171,19058
584275,603341,603505,164,19066
584275,603342,603505,163,19067
584275,603338,603507,169,19063
584275,603349,603508,159,19074
584275,603339,603510,171,19064
584275,603357,603509,152,19082
584275,603335,603513,178,19060
584275,603345,603519,174,19070
584275,603360,603523,163,19085
584275,603362,603524,162,19087
584275,603359,603533,174,19084
584275,603378,603535,157,19103
584275,603366,603536,170,19091
584275,603370,603537,167,19095
584275,603366,603538,172,19091
584275,603373,603539,166,19098
584275,603372,603540,168,19097
584275,603364,603543,179,19089
584275,603384,603544,160,19109
584275,603358,603546,188,19083
584275,603392,603552,160,19117
584275,603383,603552,169,19108
584275,603398,603555,157,19123
584275,603399,603557,158,19124
584275,603399,603559,160,19124
584275,603395,603558,163,19120
584275,603406,603561,155,19131
584275,603403,603562,159,19128
584275,603403,603567,164,19128
584275,603396,603568,172,19121
584275,603400,603569,169,19125
584275,603391,603571,180,19116
584275,603401,603572,171,19126
584275,603395,603574,179,19120
584275,603413,603573,160,19138
584275,603415,603588,173,19140
584275,603428,603589,161,19153
584275,603426,603590,164,19151
584275,603423,603590,167,19148
584275,603439,603590,151,19164
584275,603433,603593,160,19158
584275,603418,603595,177,19143
584275,603420,603596,176,19145
584275,603444,603601,157,19169
584275,603442,603602,160,19167
584275,603445,603603,158,19170
584275,603446,603605,159,19171
584275,603411,603610,199,19136
584275,603450,603614,164,19175
584275,603442,603615,173,19167
584275,603449,603617,168,19174
584275,603451,603619,168,19176
584275,603467,603624,157,19192
584275,603461,603630,169,19186
584275,603472,603632,160,19197
584275,603466,603625,159,19191
584275,603487,603641,154,19212
584275,603480,603641,161,19205
584275,603479,603643,164,19204
584275,603467,603642,175,19192
584275,603481,603643,162,19206
584275,603484,603645,161,19209
584275,603481,603645,164,19206
584275,603488,603645,157,19213
584275,603454,603646,192,19179
584275,603481,603645,164,19206
584275,603471,603651,180,19196
584275,603490,603652,162,19215
584275,603488,603654,166,19213
584275,603488,603656,168,19213
584275,603497,603657,160,19222
584275,603505,603658,153,19230
584275,603490,603659,169,19215
584275,603508,603660,152,19233
584275,603484,603663,179,19209
584275,603506,603666,160,19231
584275,603500,603666,166,19225
584275,603510,603667,157,19235
584275,603502,603669,167,19227
584275,603491,603670,179,19216
584275,603503,603672,169,19228
584275,603510,603673,163,19235
584275,603538,603679,141,19263
584275,603508,603680,172,19233
584275,603514,603684,170,19239
584275,603535,603688,153,19260
584275,603524,603692,168,19249
584275,603537,603693,156,19262
584275,603523,603693,170,19248
584275,603540,603694,154,19265
584275,603534,603696,162,19259
584275,603505,603697,192,19230
584275,603541,603698,157,19266
584275,603544,603702,158,19269
584275,603539,603703,164,19264
584275,603519,603703,184,19244
584275,603547,603707,160,19272
584288,603568,603711,143,19280
584275,603559,603713,154,19284
584288,603573,603714,141,19285
584275,603552,603715,163,19277
584288,603562,603716,154,19274
584288,603567,603717,150,19279
584275,603553,603720,167,19278
584275,603557,603720,163,19282
584275,603556,603721,165,19281
584275,603544,603722,178,19269
584288,603570,603724,154,19282
584275,603559,603725,166,19284
584288,603571,603729,158,19283
584288,603574,603730,156,19286
584288,603590,603731,141,19302
584288,603574,603734,160,19286
584288,603588,603741,153,19300
584288,603590,603745,155,19302
584288,603597,603746,149,19309
584288,603594,603748,154,19306
584288,603602,603755,153,19314
584288,603610,603757,147,19322
584288,603602,603756,154,19314
584288,603595,603759,164,19307
584288,603603,603768,165,19315
584288,603591,603767,176,19303
584288,603590,603770,180,19302
584288,603616,603772,156,19328
584288,603619,603776,157,19331
584288,603615,603779,164,19327
584288,603625,603784,159,19337
584288,603617,603788,171,19329
584288,603646,603788,142,19358
584288,603633,603790,157,19345
584288,603633,603790,157,19345
584288,603630,603790,160,19342
584288,603644,603794,150,19356
584288,603641,603795,154,19353
584288,603643,603800,157,19355
584288,603645,603805,160,19357
584288,603657,603807,150,19369
584288,603643,603811,168,19355
584288,603632,603811,179,19344
584288,603646,603812,166,19358
584288,603666,603812,146,19378
584288,603655,603813,158,19367
584288,603660,603815,155,19372
584288,603641,603817,176,19353
584288,603669,603820,151,19381
584288,603666,603821,155,19378
584288,603652,603821,169,19364
584288,603645,603824,179,19357
584288,603660,603824,164,19372
584288,603681,603825,144,19393
584288,603646,603825,179,19358
584288,603672,603827,155,19384
584288,603673,603831,158,19385
584288,603688,603832,144,19400
584288,603670,603833,163,19382
584288,603653,603834,181,19365
584288,603663,603835,172,19375
584288,603679,603835,156,19391
584288,603668,603838,170,19380
584288,603693,603838,145,19405
584288,603659,603841,182,19371
584288,603657,603843,186,19369
584288,603693,603845,152,19405
584288,603694,603853,159,19406
584288,603685,603853,168,19397
584288,603704,603857,153,19416
584288,603693,603860,167,19405
584288,603697,603861,164,19409
584288,603698,603863,165,19410
584288,603702,603863,161,19414
584288,603698,603865,167,19410
584288,603714,603867,153,19426
584288,603720,603868,148,19432
584288,603703,603867,164,19415
584288,603714,603872,158,19426
584260,602490,603879,1389,18230
584288,603730,603881,151,19442
584288,603717,603883,166,19429
584288,603726,603884,158,19438
584288,603708,603884,176,19420
584288,603711,603886,175,19423
584288,603725,603889,164,19437
584288,603732,603889,157,19444
584288,603717,603889,172,19429
584288,603735,603889,154,19447
584288,603715,603890,175,19427
584288,603723,603892,169,19435
584288,603722,603893,171,19434
584288,603756,603900,144,19468
584288,603746,603901,155,19458
584288,603721,603904,183,19433
584288,603747,603905,158,19459
584288,603748,603911,163,19460
584288,603768,603913,145,19480
584288,603757,603914,157,19469
584288,603742,603917,175,19454
584288,603770,603921,151,19482
584288,603731,603921,190,19443
584288,603757,603923,166,19469
584288,603760,603923,163,19472
584288,603772,603929,157,19484
584288,603768,603934,166,19480
584288,603777,603936,159,19489
584288,603780,603938,158,19492
584288,603788,603940,152,19500
584288,603790,603939,149,19502
584288,603790,603940,150,19502
584288,603788,603951,163,19500
584288,603785,603954,169,19497
584288,603808,603957,149,19520
584288,603812,603957,145,19524
584288,603814,603962,148,19526
584288,603790,603965,175,19502
584288,603796,603974,178,19508
584288,603811,603975,164,19523
584288,603813,603975,162,19525
584288,603795,603977,182,19507
584288,603813,603979,166,19525
584288,603800,603979,179,19512
584288,603821,603983,162,19533
584288,603832,603992,160,19544
584288,603825,603993,168,19537
584288,603825,603993,168,19537
584288,603833,603996,163,19545
584288,603815,603996,181,19527
584288,603820,603996,176,19532
584288,603845,603997,152,19557
584288,603825,604000,175,19537
584288,603854,604000,146,19566
584288,603835,604002,167,19547
584288,603818,604002,184,19530
584288,603824,604003,179,19536
584288,603828,604003,175,19540
584288,603834,604004,170,19546
584288,603842,604005,163,19554
584288,603839,604007,168,19551
584288,603805,604009,204,19517
584288,603836,604014,178,19548
584288,603864,604019,155,19576
584288,603833,604019,186,19545
584288,603853,604020,167,19565
584288,603861,604021,160,19573
584288,603839,604022,183,19551
584288,603821,604025,204,19533
584288,603860,604032,172,19572
584288,603858,604033,175,19570
584288,603844,604037,193,19556
584288,603885,604038,153,19597
584288,603866,604040,174,19578
584288,603868,604042,174,19580
584288,603881,604046,165,19593
584288,603890,604046,156,19602
584288,603867,604049,182,19579
584288,603868,604048,180,19580
584288,603883,604050,167,19595
584288,603873,604051,178,19585
584288,603894,604051,157,19606
584288,603864,604053,189,19576
584288,603889,604054,165,19601
584288,603885,604055,170,19597
584288,603890,604055,165,19602
584288,603893,604056,163,19605
584288,603889,604056,167,19601
584288,603901,604059,158,19613
584288,603887,604062,175,19599
584288,603904,604063,159,19616
584288,603891,604068,177,19603
584288,603902,604071,169,19614
584288,603879,604076,197,19591
584288,603912,604077,165,19624
584288,603914,604078,164,19626
584288,603918,604078,160,19630
584288,603923,604084,161,19635
584288,603905,604084,179,19617
584288,603914,604085,171,19626
584288,603929,604087,158,19641
584288,603922,604092,170,19634
584288,603940,604092,152,19652
584288,603921,604093,172,19633
584288,603940,604104,164,19652
584288,603940,604105,165,19652
584288,603924,604109,185,19636
584288,603937,604115,178,19649
584288,603935,604117,182,19647
584288,603955,604119,164,19667
584288,603957,604123,166,19669
584288,603941,604123,182,19653
584288,603975,604127,152,19687
584288,603958,604129,171,19670
584288,603952,604129,177,19664
584288,603962,604135,173,19674
584288,603976,604135,159,19688
584288,603978,604139,161,19690
584288,603980,604141,161,19692
584288,603975,604147,172,19687
584288,603993,604148,155,19705
584288,603980,604148,168,19692
584288,603984,604149,165,19696
584288,603993,604151,158,19705
584288,603994,604155,161,19706
584288,603966,604160,194,19678
584288,603996,604160,164,19708
584288,603998,604161,163,19710
584288,603996,604164,168,19708
584288,603996,604164,168,19708
584288,604002,604165,163,19714
584288,604004,604166,162,19716
584288,604006,604167,161,19718
584288,604003,604168,165,19715
584288,604009,604168,159,19721
584288,604000,604169,169,19712
584288,604003,604170,167,19715
584288,604008,604171,163,19720
584288,604004,604172,168,19716
584288,604021,604174,153,19733
584288,604015,604175,160,19727
584288,604020,604182,162,19732
584288,604021,604183,162,19733
584288,604019,604184,165,19731
584288,604001,604185,184,19713
584288,604039,604185,146,19751
584288,604037,604185,148,19749
584288,604040,604190,150,19752
584288,604022,604190,168,19734
584288,604025,604197,172,19737
584288,604043,604200,157,19755
584288,604047,604200,153,19759
584288,604049,604201,152,19761
584288,604049,604203,154,19761
584288,604032,604203,171,19744
584288,604034,604203,169,19746
584288,604051,604208,157,19763
584288,604056,604211,155,19768
604210,604210,604212,2,0
584288,604056,604213,157,19768
604211,604211,604213,2,0
604210,604210,604213,3,0
604212,604212,604214,2,0
584288,604051,604215,164,19763
604213,604213,604215,2,0
584288,604056,604217,161,19768
584288,604059,604216,157,19771
604214,604214,604217,3,0
584288,604054,604218,164,19766
604215,604215,604218,3,0
604214,604215,604218,3,1
584288,604057,604219,162,19769
604216,604216,604218,2,0
584288,604062,604219,157,19774
604217,604217,604220,3,0
584288,604069,604220,151,19781
604218,604218,604221,3,0
604220,604220,604222,2,0
604219,604219,604222,3,0
584288,604046,604224,178,19758
604221,604221,604223,2,0
604222,604222,604225,3,0
604223,604223,604227,4,0
584288,604063,604226,163,19775
604224,604224,604226,2,0
604223,604224,604227,3,1
584288,604072,604228,156,19784
604225,604225,604228,3,0
584288,604079,604230,151,19791
604226,604226,604230,4,0
604227,604227,604230,3,0
584288,604051,604231,180,19763
604229,604229,604231,2,0
604228,604228,604231,3,0
604230,604230,604232,2,0
584288,604054,604233,179,19766
604231,604231,604234,3,0
604232,604232,604235,3,0
584288,604078,604235,157,19790
584288,604076,604236,160,19788
604233,604234,604236,2,1
604233,604233,604236,3,0
604234,604235,604237,2,1
604235,604235,604238,3,0
604236,604236,604240,4,0
604238,604238,604240,2,0
604237,604237,604241,4,0
584288,604087,604241,154,19799
604239,604239,604241,2,0
584294,604093,604242,149,19799
604240,604240,604243,3,0
584288,604085,604245,160,19797
584294,604105,604249,144,19811
584288,604084,604251,167,19796
584294,604110,604253,143,19816
584294,604094,604257,163,19800
584294,604105,604261,156,19811
584288,604078,604263,185,19790
584294,604119,604264,145,19825
584288,604084,604265,181,19796
584294,604130,604270,140,19836
584294,604116,604270,154,19822
584294,604128,604276,148,19834
584294,604135,604279,144,19841
584294,604129,604281,152,19835
584294,604118,604285,167,19824
584294,604123,604286,163,19829
584294,604149,604296,147,19855
584294,604142,604296,154,19848
584294,604124,604297,173,19830
584294,604136,604307,171,19842
584294,604148,604307,159,19854
584294,604140,604311,171,19846
584294,604171,604312,141,19877
584294,604156,604313,157,19862
584294,604151,604314,163,19857
584294,604148,604317,169,19854
584294,604149,604317,168,19855
584294,604174,604319,145,19880
584294,604162,604320,158,19868
584294,604166,604324,158,19872
584294,604161,604325,164,19867
584294,604170,604325,155,19876
584294,604160,604327,167,19866
584294,604167,604330,163,19873
584294,604185,604330,145,19891
584294,604165,604331,166,19871
584294,604169,604332,163,19875
584294,604183,604333,150,19889
584294,604171,604335,164,19877
584294,604167,604334,167,19873
584294,604175,604336,161,19881
584294,604191,604339,148,19897
584294,604164,604339,175,19870
584294,604173,604339,166,19879
584294,604168,604340,172,19874
584294,604185,604345,160,19891
584294,604184,604347,163,19890
584294,604186,604351,165,19892
584294,604185,604352,167,19891
584294,604197,604352,155,19903
584294,604215,604355,140,19921
584294,604209,604358,149,19915
584294,604190,604360,170,19896
584294,604203,604364,161,19909
584294,604211,604364,153,19917
584294,604203,604367,164,19909
584294,604204,604367,163,19910
584294,604213,604370,157,19919
584294,604200,604370,170,19906
584294,604217,604376,159,19923
584294,604220,604378,158,19926
584294,604201,604378,177,19907
584294,604201,604378,177,19907
584294,604224,604379,155,19930
584294,604227,604385,158,19933
584294,604230,604386,156,19936
584294,604217,604386,169,19923
584294,604219,604388,169,19925
584294,604221,604388,167,19927
584294,604231,604388,157,19937
584294,604218,604390,172,19924
584294,604242,604393,151,19948
584294,604246,604396,150,19952
584294,604233,604397,164,19939
584294,604228,604404,176,19934
584294,604236,604406,170,19942
584294,604236,604407,171,19942
584294,604253,604411,158,19959
584294,604242,604411,169,19948
584294,604254,604416,162,19960
584294,604264,604419,155,19970
584294,604264,604421,157,19970
584294,604250,604420,170,19956
584294,604258,604421,163,19964
584294,604262,604422,160,19968
584294,604265,604423,158,19971
584294,604277,604432,155,19983
584294,604271,604434,163,19977
584294,604297,604438,141,20003
584294,604285,604440,155,19991
584294,604279,604445,166,19985
584294,604271,604445,174,19977
584294,604307,604447,140,20013
584294,604282,604453,171,19988
584294,604308,604453,145,20014
584294,604298,604457,159,20004
584272,603036,604457,1421,18764
584294,604286,604458,172,19992
584294,604297,604458,161,20003
584294,604312,604459,147,20018
584294,604314,604462,148,20020
584294,604321,604463,142,20027
584294,604312,604466,154,20018
584294,604320,604469,149,20026
584294,604318,604470,152,20024
584294,604317,604473,156,20023
584294,604325,604476,151,20031
584294,604328,604479,151,20034
584294,604326,604487,161,20032
584294,604326,604492,166,20032
584294,604333,604491,158,20039
584294,604335,604492,157,20041
584294,604332,604495,163,20038
584294,604335,604495,160,20041
584294,604337,604497,160,20043
584294,604339,604497,158,20045
584294,604333,604501,168,20039
584294,604315,604504,189,20021
584294,604345,604504,159,20051
584294,604340,604506,166,20046
584294,604359,604510,151,20065
584294,604331,604510,179,20037
584294,604367,604512,145,20073
584294,604331,604512,181,20037
584294,604340,604514,174,20046
584294,604339,604516,177,20045
584294,604351,604516,165,20057
584294,604348,604519,171,20054
584294,604356,604525,169,20062
584294,604353,604526,173,20059
584294,604370,604526,156,20076
584294,604365,604529,164,20071
584294,604379,604534,155,20085
584294,604368,604535,167,20074
584294,604360,604539,179,20066
584294,604379,604548,169,20085
584294,604365,604548,183,20071
584294,604371,604549,178,20077
584294,604376,604551,175,20082
584294,604352,604553,201,20058
584294,604380,604554,174,20086
584294,604388,604557,169,20094
584294,604386,604558,172,20092
584294,604397,604557,160,20103
584294,604397,604559,162,20103
584294,604389,604560,171,20095
584294,604390,604561,171,20096
584294,604386,604563,177,20092
584294,604393,604563,170,20099
584294,604379,604566,187,20085
584294,604389,604566,177,20095
584294,604387,604568,181,20093
584294,604411,604577,166,20117
584294,604406,604577,171,20112
584294,604404,604580,176,20110
584294,604421,604582,161,20127
584294,604408,604582,174,20114
584294,604423,604583,160,20129
584294,604412,604588,176,20118
584294,604424,604589,165,20130
584294,604416,604590,174,20122
584294,604421,604590,169,20127
584294,604434,604593,159,20140
584294,604420,604595,175,20126
584294,604433,604598,165,20139
584294,604440,604600,160,20146
584294,604421,604602,181,20127
584294,604438,604609,171,20144
584294,604457,604611,154,20163
584294,604446,604611,165,20152
584294,604459,604613,154,20165
584294,604448,604615,167,20154
584294,604454,604620,166,20160
584294,604458,604622,164,20164
584294,604454,604625,171,20160
584294,604464,604626,162,20170
584294,604458,604626,168,20164
584294,604459,604627,168,20165
584294,604470,604628,158,20176
584294,604470,604631,161,20176
584294,604467,604635,168,20173
584294,604463,604636,173,20169
584294,604445,604639,194,20151
584294,604476,604642,166,20182
584294,604474,604646,172,20180
584294,604496,604648,152,20202
584294,604488,604651,163,20194
584294,604479,604653,174,20185
584294,604493,604655,162,20199
584294,604496,604656,160,20202
584294,604497,604660,163,20203
584294,604505,604664,159,20211
584294,604497,604665,168,20203
584294,604492,604666,174,20198
584294,604502,604668,166,20208
584294,604505,604670,165,20211
584294,604513,604671,158,20219
584294,604516,604674,158,20222
584294,604507,604677,170,20213
584294,604526,604678,152,20232
584294,604527,604680,153,20233
584294,604513,604681,168,20219
584294,604511,604683,172,20217
584294,604492,604685,193,20198
584294,604516,604685,169,20222
584294,604535,604686,151,20241
584294,604530,604687,157,20236
584294,604535,604689,154,20241
584294,604510,604692,182,20216
584294,604520,604693,173,20226
584294,604514,604694,180,20220
584294,604527,604697,170,20233
584294,604539,604705,166,20245
584294,604549,604707,158,20255
584294,604560,604708,148,20266
584294,604549,604709,160,20255
584294,604550,604712,162,20256
584294,604558,604715,157,20264
584294,604554,604718,164,20260
584294,604558,604719,161,20264
584294,604562,604720,158,20268
584294,604557,604726,169,20263
584294,604560,604727,167,20266
584294,604567,604727,160,20273
584294,604563,604727,164,20269
584294,604580,604728,148,20286
584294,604563,604729,166,20269
584294,604583,604734,151,20289
584294,604590,604734,144,20296
584294,604577,604734,157,20283
584294,604552,604735,183,20258
584294,604567,604738,171,20273
584294,604578,604738,160,20284
584294,604593,604742,149,20299
584294,604582,604741,159,20288
584294,604569,604745,176,20275
584294,604553,604745,192,20259
584294,604591,604749,158,20297
584294,604583,604749,166,20289
584294,604602,604755,153,20308
584316,604628,604756,128,20312
584294,604589,604758,169,20295
584294,604598,604762,164,20304
584316,604632,604762,130,20316
584294,604611,604762,151,20317
584294,604600,604763,163,20306
584294,604590,604762,172,20296
584294,604595,604765,170,20301
584294,604615,604764,149,20321
584316,604629,604767,138,20313
584294,604623,604769,146,20329
584294,604626,604770,144,20332
584294,604614,604773,159,20320
584294,604620,604773,153,20326
584316,604637,604774,137,20321
584294,604612,604774,162,20318
584316,604653,604780,127,20337
584316,604639,604782,143,20323
584316,604646,604785,139,20330
584316,604661,604789,128,20345
584294,604609,604790,181,20315
584316,604652,604791,139,20336
584316,604636,604794,158,20320
584316,604642,604795,153,20326
584294,604625,604797,172,20331
584316,604655,604797,142,20339
584316,604648,604798,150,20332
584316,604657,604805,148,20341
584316,604669,604810,141,20353
584316,604667,604813,146,20351
584316,604665,604815,150,20349
584316,604665,604818,153,20349
584316,604674,604831,157,20358
584316,604679,604832,153,20363
584316,604671,604833,162,20355
584316,604685,604834,149,20369
584316,604677,604837,160,20361
584316,604684,604842,158,20368
584316,604671,604844,173,20355
584316,604688,604843,155,20372
584316,604680,604844,164,20364
584316,604681,604845,164,20365
584316,604685,604849,164,20369
584316,604687,604851,164,20371
584316,604689,604853,164,20373
584316,604694,604856,162,20378
584316,604692,604859,167,20376
584316,604695,604870,175,20379
584316,604727,604870,143,20411
584316,604698,604871,173,20382
584316,604721,604876,155,20405
584316,604709,604875,166,20393
584316,604713,604876,163,20397
584316,604719,604878,159,20403
584316,604727,604879,152,20411
584316,604727,604880,153,20411
584316,604729,604881,152,20413
584316,604720,604882,162,20404
584316,604705,604884,179,20389
584316,604710,604887,177,20394
584316,604735,604888,153,20419
584316,604707,604889,182,20391
584316,604716,604890,174,20400
584316,604739,604893,154,20423
584316,604728,604894,166,20412
584316,604734,604895,161,20418
584316,604738,604903,165,20422
584316,604742,604904,162,20426
584316,604742,604903,161,20426
584316,604730,604904,174,20414
584316,604745,604905,160,20429
584316,604750,604907,157,20434
584316,604756,604909,153,20440
584316,604756,604910,154,20440
584316,604768,604910,142,20452
584316,604746,604911,165,20430
584316,604735,604912,177,20419
584316,604750,604917,167,20434
584316,604736,604918,182,20420
584316,604763,604924,161,20447
584316,604771,604925,154,20455
584316,604762,604927,165,20446
584316,604775,604927,152,20459
584316,604765,604928,163,20449
584316,604763,604928,165,20447
584316,604759,604929,170,20443
584316,604762,604930,168,20446
584316,604780,604932,152,20464
584316,604763,604933,170,20447
584316,604769,604936,167,20453
584316,604774,604937,163,20458
584316,604783,604937,154,20467
584316,604765,604938,173,20449
584316,604774,604940,166,20458
584316,604791,604943,152,20475
584316,604797,604945,148,20481
584316,604790,604951,161,20474
584316,604794,604951,157,20478
584316,604774,604951,177,20458
584316,604786,604952,166,20470
584316,604792,604954,162,20476
584316,604796,604961,165,20480
584316,604799,604964,165,20483
584316,604798,604969,171,20482
584278,603562,605007,1445,19284
584290,604093,605481,1388,19803
584298,604627,606023,1396,20329
