submit_time,start_time,end_time,run_time,wait_time
123049,123050,123540,490,1
123734,123735,124746,1011,1
126309,126310,126556,246,1
128356,128357,128568,211,1
129279,129280,129500,220,1
132132,132133,132650,517,1
133025,133026,133961,935,1
143672,143674,144155,481,2
144626,144627,145544,917,1
48379,48381,150416,102035,2
150789,150791,150901,110,2
151088,151090,172510,21420,2
172509,172512,172543,31,3
172514,172546,172721,175,32
204832,204833,205348,515,1
219440,219440,219569,129,0
219441,219441,219693,252,0
219431,219431,219706,275,0
219438,219438,219711,273,0
219437,219437,219712,275,0
219438,219438,219717,279,0
219442,219442,219718,276,0
219438,219438,219719,281,0
219438,219439,219720,281,1
219441,219441,219720,279,0
219439,219439,219721,282,0
219440,219440,219725,285,0
219440,219440,219732,292,0
219441,219442,219733,291,1
219439,219439,219741,302,0
219437,219437,219742,305,0
219441,219441,219767,326,0
219439,219439,219777,338,0
219437,219437,219779,342,0
219436,219436,219781,345,0
219441,219441,219787,346,0
219442,219442,219786,344,0
219430,219430,219820,390,0
219429,219429,219837,408,0
219435,219435,219836,401,0
219433,219433,219838,405,0
219429,219429,219839,410,0
219431,219431,219842,411,0
219432,219432,219845,413,0
219435,219435,219847,412,0
219432,219433,219849,416,1
219429,219429,219852,423,0
219428,219429,219854,425,1
219430,219430,219855,425,0
219430,219430,219856,426,0
219434,219434,219857,423,0
219433,219433,219859,426,0
219428,219428,219864,436,0
219434,219434,219868,434,0
219435,219435,219870,435,0
219434,219434,219870,436,0
219433,219433,219871,438,0
219430,219430,219882,452,0
219431,219431,219910,479,0
219435,219435,219934,499,0
219435,219435,219937,502,0
219431,219431,219940,509,0
219431,219431,219941,510,0
219429,219429,219942,513,0
219436,219436,219944,508,0
219431,219431,219954,523,0
219436,219436,219956,520,0
219429,219429,219956,527,0
219438,219438,219957,519,0
219433,219433,219957,524,0
219429,219429,219956,527,0
219439,219439,219958,519,0
219432,219432,219961,529,0
219441,219441,219962,521,0
219434,219434,219964,530,0
219436,219436,219964,528,0
219430,219430,219966,536,0
219432,219432,219967,535,0
219435,219435,219972,537,0
219440,219440,219973,533,0
219437,219437,219975,538,0
219433,219433,219977,544,0
219432,219432,219977,545,0
219434,219434,219980,546,0
219431,219431,219982,551,0
219437,219437,219984,547,0
219430,219430,219989,559,0
219436,219437,219991,554,1
219433,219433,219992,559,0
219439,219439,219994,555,0
219437,219437,219995,558,0
219430,219430,219998,568,0
219435,219435,220002,567,0
219429,219429,220004,575,0
219436,219436,220004,568,0
219438,219438,220004,566,0
219432,219432,220006,574,0
219435,219436,220007,571,1
219436,219436,220014,578,0
219433,219433,220022,589,0
219434,219434,220034,600,0
219432,219432,220041,609,0
219434,219434,220044,610,0
219440,219440,220053,613,0
219441,219441,220059,618,0
219437,219438,220131,693,1
219440,219440,220139,699,0
219428,219429,220454,1025,1
219438,219438,220454,1016,0
219437,219437,220454,1017,0
219432,219432,220454,1022,0
219430,219430,220454,1024,0
220487,220487,220488,1,0
220487,220487,220609,122,0
220479,220479,220752,273,0
220477,220477,220782,305,0
220371,220372,221331,959,1
220483,220483,221855,1372,0
220484,220484,222120,1636,0
220490,220490,222135,1645,0
220482,220482,222142,1660,0
220486,220486,222174,1688,0
220488,220488,222174,1686,0
220489,220489,222179,1690,0
220486,220486,222186,1700,0
220488,220488,222191,1703,0
220488,220488,222208,1720,0
220478,220478,222212,1734,0
220484,220484,222212,1728,0
220483,220483,222219,1736,0
220484,220484,222221,1737,0
220481,220481,222227,1746,0
220478,220478,222272,1794,0
220480,220480,222273,1793,0
220483,220483,222273,1790,0
220479,220479,222277,1798,0
220486,220486,222294,1808,0
220485,220485,222314,1829,0
220478,220478,222334,1856,0
220485,220485,222353,1868,0
220489,220489,222352,1863,0
220482,220482,222362,1880,0
220488,220488,222374,1886,0
220480,220480,222374,1894,0
220487,220487,222412,1925,0
220487,220487,222420,1933,0
220485,220485,222427,1942,0
220477,220477,222660,2183,0
220486,220486,222712,2226,0
220480,220480,222757,2277,0
220478,220478,222779,2301,0
220477,220477,222797,2320,0
220476,220476,222868,2392,0
220481,220481,222878,2397,0
220483,220483,222880,2397,0
220476,220476,222896,2420,0
220480,220481,222898,2417,1
220476,220476,222903,2427,0
220488,220488,222906,2418,0
220484,220484,222930,2446,0
220481,220481,222953,2472,0
220479,220479,222956,2477,0
220480,220480,222972,2492,0
220477,220477,222979,2502,0
220477,220477,223000,2523,0
220482,220483,223004,2521,1
220478,220478,223026,2548,0
220481,220481,223095,2614,0
220489,220489,223122,2633,0
220486,220486,223184,2698,0
220481,220481,223199,2718,0
220482,220482,223355,2873,0
220476,220476,223404,2928,0
220477,220477,223478,3001,0
220485,220485,223581,3096,0
220480,220480,223631,3151,0
220489,220489,223681,3192,0
220488,220488,223687,3199,0
220479,220479,223689,3210,0
220484,220484,223696,3212,0
220484,220484,223696,3212,0
220476,220476,223705,3229,0
220483,220483,223707,3224,0
220479,220479,223711,3232,0
220487,220487,223712,3225,0
220483,220483,223733,3250,0
220485,220485,223783,3298,0
220489,220489,223803,3314,0
220489,220489,223806,3317,0
220481,220481,223810,3329,0
220484,220484,223826,3342,0
220476,220477,223878,3401,1
220487,220487,223884,3397,0
220486,220487,223885,3398,1
220480,220480,224021,3541,0
220478,220478,224045,3567,0
220486,220486,224052,3566,0
220482,220482,224060,3578,0
220489,220489,224059,3570,0
220479,220479,224107,3628,0
220481,220481,224181,3700,0
220479,220479,224317,3838,0
220486,220486,224330,3844,0
220485,220485,224345,3860,0
220478,220478,224497,4019,0
220480,220480,224591,4111,0
220482,220482,225393,4911,0
220485,220485,225649,5164,0
220477,220477,227063,6586,0
220487,220487,227182,6695,0
220482,220482,231726,11244,0
220483,220483,231726,11243,0
231814,231814,231922,108,0
231807,231807,232071,264,0
231805,231805,232114,309,0
231807,231807,232689,882,0
231813,231813,232744,931,0
231812,231812,232771,959,0
231814,231814,232772,958,0
231816,231816,232775,959,0
231815,231816,232821,1005,1
231812,231812,233198,1386,0
231814,231815,233214,1399,1
231814,231814,233293,1479,0
231815,231815,233369,1554,0
231812,231812,233377,1565,0
231816,231816,233393,1577,0
231815,231815,233434,1619,0
231816,231816,233450,1634,0
231813,231813,233473,1660,0
231816,231816,233490,1674,0
231813,231814,233507,1693,1
231809,231810,233528,1718,1
231815,231815,233530,1715,0
231813,231813,233575,1762,0
231813,231813,233675,1862,0
231815,231815,233702,1887,0
231811,231811,233767,1956,0
231812,231813,233850,2037,1
231805,231805,233919,2114,0
231804,231804,234044,2240,0
231810,231810,234084,2274,0
231807,231807,234111,2304,0
231806,231806,234166,2360,0
231815,231815,234182,2367,0
231807,231807,234183,2376,0
231811,231811,234196,2385,0
231810,231810,234197,2387,0
231804,231804,234199,2395,0
231807,231807,234199,2392,0
231804,231804,234242,2438,0
231813,231813,234249,2436,0
231809,231809,234262,2453,0
231808,231808,234268,2460,0
231806,231806,234288,2482,0
231816,231816,234333,2517,0
231810,231810,234349,2539,0
231814,231814,234352,2538,0
231811,231811,234378,2567,0
231810,231810,234461,2651,0
231808,231808,234461,2653,0
231808,231808,234466,2658,0
231809,231809,234489,2680,0
231808,231809,234515,2706,1
231805,231805,234789,2984,0
231805,231805,234861,3056,0
231805,231805,234897,3092,0
231812,231812,234970,3158,0
231813,231813,234984,3171,0
231811,231811,234993,3182,0
231815,231815,235009,3194,0
231808,231808,235018,3210,0
231806,231806,235026,3220,0
231808,231808,235038,3230,0
231811,231811,235038,3227,0
231810,231810,235059,3249,0
231811,231811,235063,3252,0
231804,231804,235080,3276,0
231812,231812,235088,3276,0
231806,231806,235089,3283,0
231811,231811,235099,3288,0
231807,231807,235114,3307,0
231809,231809,235124,3315,0
231815,231815,235136,3321,0
231811,231811,235138,3327,0
231812,231812,235191,3379,0
231804,231805,235198,3393,1
231806,231806,235203,3397,0
231816,231816,235211,3395,0
231808,231808,235217,3409,0
231806,231806,235231,3425,0
231807,231808,235235,3427,1
231809,231809,235270,3461,0
231805,231805,235289,3484,0
231807,231807,235322,3515,0
231808,231808,235353,3545,0
231806,231806,235401,3595,0
231814,231814,235424,3610,0
231807,231807,235465,3658,0
231814,231814,235494,3680,0
231812,231812,235502,3690,0
231810,231810,235791,3981,0
231805,231805,235795,3990,0
231809,231809,235804,3995,0
231813,231813,235907,4094,0
231809,231809,237167,5358,0
172860,172862,238648,65786,2
231804,231804,238750,6946,0
231806,231806,238981,7175,0
231812,231812,241794,9982,0
231810,231810,242473,10663,0
231809,231809,251039,19230,0
239320,239323,258317,18994,3
258316,258319,258321,2,3
258322,258324,258362,38,2
258505,258507,261336,2829,2
261334,261337,261432,95,3
295945,295945,295950,5,0
295947,295947,295950,3,0
295947,295947,295951,4,0
295954,295954,295958,4,0
295955,295955,295958,3,0
295952,295952,295971,19,0
262870,262872,296592,33720,2
296590,296593,296598,5,3
296599,296601,296623,22,2
295956,295956,296675,719,0
295945,295945,296750,805,0
295945,295945,296750,805,0
295946,295946,296750,804,0
295948,295948,296750,802,0
295949,295949,296750,801,0
295950,295950,296750,800,0
295951,295951,296750,799,0
295944,295945,296750,805,1
295945,295946,296750,804,1
295946,295946,296750,804,0
295947,295947,296750,803,0
295948,295949,296750,801,1
295949,295949,296750,801,0
295945,295945,296750,805,0
295946,295946,296750,804,0
295948,295948,296750,802,0
295949,295949,296750,801,0
295944,295944,296750,806,0
295945,295945,296750,805,0
295946,295946,296750,804,0
295947,295947,296750,803,0
295944,295945,296750,805,1
295946,295946,296750,804,0
295947,295947,296750,803,0
295944,295944,296750,806,0
295945,295945,296750,805,0
295946,295946,296750,804,0
295947,295947,296750,803,0
295948,295948,296750,802,0
295949,295949,296750,801,0
295950,295950,296750,800,0
295952,295952,296750,798,0
295953,295953,296750,797,0
295953,295953,296750,797,0
295954,295954,296750,796,0
295954,295954,296750,796,0
295955,295955,296750,795,0
295956,295956,296750,794,0
295956,295956,296750,794,0
295954,295954,296750,796,0
295953,295953,296750,797,0
295955,295955,296750,795,0
295954,295954,296750,796,0
295956,295956,296750,794,0
295954,295954,296750,796,0
295955,295955,296750,795,0
295954,295954,296750,796,0
295956,295956,296750,794,0
295944,295944,296750,806,0
295946,295946,296750,804,0
295947,295947,296750,803,0
295948,295948,296750,802,0
295949,295949,296750,801,0
295950,295950,296750,800,0
295951,295951,296750,799,0
295953,295953,296750,797,0
295955,295955,296750,795,0
295956,295956,296750,794,0
295954,295954,296750,796,0
295955,295955,296750,795,0
295953,295953,296750,797,0
295955,295955,296750,795,0
295952,295952,296750,798,0
295953,295953,296750,797,0
295953,295953,296750,797,0
295955,295955,296750,795,0
295956,295956,296750,794,0
295956,295956,296750,794,0
295945,295945,296750,805,0
295946,295946,296750,804,0
295947,295947,296750,803,0
295948,295948,296750,802,0
295949,295950,296750,800,1
295950,295951,296750,799,1
295951,295952,296750,798,1
295952,295952,296750,798,0
295952,295952,296750,798,0
295948,295948,296750,802,0
295949,295949,296750,801,0
295950,295950,296750,800,0
295951,295951,296750,799,0
295950,295950,296750,800,0
295951,295951,296750,799,0
295950,295950,296750,800,0
295951,295951,296750,799,0
295952,295952,296750,798,0
295952,295953,296750,797,1
295951,295951,296750,799,0
295948,295948,296750,802,0
295949,295949,296750,801,0
295950,295950,296750,800,0
295951,295951,296750,799,0
295952,295952,296750,798,0
296759,296759,296762,3,0
296760,296760,296763,3,0
296760,296761,296764,3,1
296768,296768,296772,4,0
296768,296768,296774,6,0
296766,296766,296789,23,0
296764,296764,304327,7563,0
296761,296761,305004,8243,0
296766,296766,305208,8442,0
296758,296758,305405,8647,0
296766,296766,305716,8950,0
296762,296762,305745,8983,0
296759,296759,305747,8988,0
296765,296765,305766,9001,0
296764,296764,305769,9005,0
296764,296764,305803,9039,0
296762,296762,305847,9085,0
296769,296769,305875,9106,0
296766,296767,305934,9167,1
296767,296767,306030,9263,0
296765,296765,306045,9280,0
296763,296763,306123,9360,0
296769,296769,306274,9505,0
296759,296759,306395,9636,0
296766,296766,306422,9656,0
296761,296761,306455,9694,0
296758,296758,306526,9768,0
296770,296770,306571,9801,0
296758,296758,306583,9825,0
296758,296758,306625,9867,0
296761,296761,306626,9865,0
296766,296766,306632,9866,0
296762,296762,306639,9877,0
296764,296764,306656,9892,0
296763,296763,306681,9918,0
296759,296759,306690,9931,0
296765,296765,306801,10036,0
296760,296760,306810,10050,0
296765,296765,306831,10066,0
296759,296759,306832,10073,0
296770,296770,306840,10070,0
296768,296768,306983,10215,0
296763,296763,307047,10284,0
296764,296764,307060,10296,0
296767,296767,307115,10348,0
296768,296769,307181,10412,1
296759,296759,307226,10467,0
296760,296760,307273,10513,0
296764,296764,307274,10510,0
296760,296760,307277,10517,0
296762,296762,307323,10561,0
296766,296766,307330,10564,0
296766,296766,307341,10575,0
296761,296761,307359,10598,0
296763,296763,307361,10598,0
296768,296768,307369,10601,0
296765,296765,307404,10639,0
296768,296768,307416,10648,0
296767,296767,307424,10657,0
296767,296768,307443,10675,1
296769,296769,307504,10735,0
296770,296770,307520,10750,0
296765,296765,307607,10842,0
296769,296770,307627,10857,1
296758,296758,307691,10933,0
296762,296762,307720,10958,0
296770,296770,307752,10982,0
296768,296768,307864,11096,0
296762,296762,307904,11142,0
296767,296767,307951,11184,0
296760,296760,308078,11318,0
296767,296767,308115,11348,0
296758,296758,308187,11429,0
296759,296759,308246,11487,0
296758,296758,308320,11562,0
296770,296770,308351,11581,0
296770,296770,308564,11794,0
296760,296760,308635,11875,0
296763,296763,308802,12039,0
296760,296760,308809,12049,0
296767,296767,308816,12049,0
296763,296763,308899,12136,0
296761,296761,308901,12140,0
296770,296770,308999,12229,0
296761,296761,309047,12286,0
296767,296767,309080,12313,0
296764,296764,309307,12543,0
296761,296761,309464,12703,0
296769,296769,309590,12821,0
296762,296762,309877,13115,0
296759,296759,310619,13860,0
296769,296769,310825,14056,0
296764,296764,310994,14230,0
296763,296763,311460,14697,0
296765,296766,311674,14908,1
296723,296725,311962,15237,2
311961,311964,312033,69,3
296761,296762,312078,15316,1
296765,296765,312559,15794,0
296763,296763,312735,15972,0
296768,296768,313094,16326,0
296769,296769,314973,18204,0
402880,402880,402881,1,0
402886,402886,402887,1,0
402884,402884,402944,60,0
402888,402888,402957,69,0
402878,402878,402984,106,0
402889,402889,402988,99,0
402889,402889,402989,100,0
402890,402890,402992,102,0
402888,402888,402993,105,0
402886,402886,402994,108,0
402890,402890,402994,104,0
402889,402890,402995,105,1
402884,402884,402995,111,0
402887,402887,402996,109,0
402888,402888,402997,109,0
402886,402887,402998,111,1
402889,402889,402999,110,0
402887,402887,402999,112,0
402887,402887,403003,116,0
402888,402888,403004,116,0
402890,402890,403004,114,0
402889,402889,403005,116,0
402890,402890,403008,118,0
402887,402887,403009,122,0
402881,402881,403010,129,0
402887,402887,403010,123,0
402889,402889,403011,122,0
402888,402888,403010,122,0
402890,402890,403011,121,0
402888,402888,403017,129,0
402889,402889,403019,130,0
402879,402879,403021,142,0
402879,402879,403022,143,0
402880,402880,403028,148,0
402882,402882,403029,147,0
402883,402883,403028,145,0
402882,402882,403028,146,0
402881,402881,403032,151,0
402879,402879,403033,154,0
402885,402885,403032,147,0
402878,402878,403035,157,0
402885,402885,403035,150,0
402882,402882,403036,154,0
402880,402880,403036,156,0
402884,402884,403037,153,0
402880,402880,403043,163,0
402881,402881,403044,163,0
402885,402885,403045,160,0
402883,402883,403049,166,0
402881,402881,403060,179,0
402878,402878,403062,184,0
402890,402890,403070,180,0
402879,402879,403071,192,0
402881,402882,403072,190,1
402879,402879,403072,193,0
402886,402886,403073,187,0
402883,402883,403075,192,0
402884,402885,403075,190,1
402879,402879,403075,196,0
402887,402887,403076,189,0
402880,402881,403077,196,1
402885,402885,403078,193,0
402882,402882,403078,196,0
402884,402884,403079,195,0
402879,402879,403079,200,0
402889,402889,403081,192,0
402878,402878,403082,204,0
402878,402879,403083,204,1
402882,402882,403085,203,0
402884,402884,403086,202,0
402880,402880,403086,206,0
402885,402886,403086,200,1
402880,402880,403089,209,0
402883,402883,403090,207,0
402886,402886,403093,207,0
402886,402886,403093,207,0
402885,402885,403095,210,0
402884,402884,403097,213,0
402881,402881,403099,218,0
402887,402887,403099,212,0
402882,402883,403100,217,1
402886,402886,403100,214,0
402883,402883,403100,217,0
402881,402881,403100,219,0
402878,402878,403101,223,0
402878,402878,403103,225,0
402885,402885,403104,219,0
402880,402880,403105,225,0
402888,402888,403108,220,0
402883,402883,403112,229,0
402879,402879,403113,234,0
402888,402888,403114,226,0
402885,402885,403119,234,0
402881,402881,403122,241,0
402883,402883,403125,242,0
402878,402878,403131,253,0
402882,402882,403135,253,0
402886,402886,403191,305,0
402883,402884,403222,338,1
402882,402882,404254,1372,0
404199,404199,404265,66,0
404202,404202,404332,130,0
404204,404204,404380,176,0
404193,404193,404384,191,0
404201,404201,404435,234,0
404204,404204,404444,240,0
404183,404183,404553,370,0
404184,404184,404554,370,0
404186,404186,404562,376,0
404185,404185,404566,381,0
404183,404184,404567,383,1
404188,404188,404568,380,0
404186,404186,404570,384,0
404182,404183,404571,388,1
404189,404189,404573,384,0
404184,404184,404574,390,0
404187,404187,404575,388,0
404182,404182,404575,393,0
404182,404182,404576,394,0
404183,404183,404577,394,0
404187,404187,404581,394,0
404183,404183,404582,399,0
404184,404184,404584,400,0
404188,404188,404591,403,0
404202,404202,404591,389,0
404186,404186,404594,408,0
404185,404185,404599,414,0
404188,404188,404604,416,0
404187,404187,404605,418,0
404195,404195,404605,410,0
404189,404189,404610,421,0
404207,404207,404618,411,0
404190,404191,404621,430,1
404203,404203,404621,418,0
404209,404209,404621,412,0
404200,404200,404624,424,0
404211,404211,404624,413,0
404206,404206,404627,421,0
404197,404197,404638,441,0
404185,404186,404640,454,1
404191,404191,404640,449,0
404200,404200,404641,441,0
404191,404191,404643,452,0
404195,404195,404648,453,0
404182,404182,404651,469,0
404188,404188,404652,464,0
404210,404210,404653,443,0
404190,404190,404655,465,0
404184,404184,404656,472,0
404192,404192,404656,464,0
404205,404205,404657,452,0
404188,404188,404658,470,0
404194,404194,404657,463,0
404193,404193,404659,466,0
404196,404196,404658,462,0
404197,404197,404660,463,0
404193,404193,404662,469,0
404199,404199,404664,465,0
404190,404190,404665,475,0
404207,404207,404666,459,0
404206,404206,404666,460,0
404182,404182,404665,483,0
404198,404198,404666,468,0
404199,404200,404667,467,1
404202,404202,404668,466,0
404191,404191,404669,478,0
404197,404197,404670,473,0
404203,404203,404670,467,0
404207,404207,404670,463,0
404188,404189,404670,481,1
404188,404188,404670,482,0
404189,404189,404670,481,0
404202,404202,404671,469,0
404192,404192,404671,479,0
404190,404190,404671,481,0
404197,404197,404672,475,0
404199,404199,404673,474,0
404207,404207,404673,466,0
404201,404201,404674,473,0
404195,404195,404675,480,0
404209,404209,404676,467,0
404183,404183,404676,493,0
404211,404211,404677,466,0
404184,404184,404677,493,0
404194,404194,404678,484,0
404182,404182,404678,496,0
404198,404198,404679,481,0
404203,404203,404678,475,0
404197,404197,404679,482,0
404203,404203,404680,477,0
404206,404206,404679,473,0
404210,404210,404680,470,0
404210,404210,404680,470,0
404193,404193,404680,487,0
404204,404204,404681,477,0
404210,404210,404681,471,0
404200,404200,404681,481,0
404191,404191,404682,491,0
404194,404194,404682,488,0
404192,404192,404683,491,0
404208,404208,404682,474,0
404205,404206,404683,477,1
404190,404190,404683,493,0
404189,404189,404683,494,0
404207,404207,404683,476,0
404189,404189,404684,495,0
404183,404183,404684,501,0
404191,404191,404685,494,0
404185,404185,404685,500,0
404186,404186,404685,499,0
404195,404195,404685,490,0
404186,404186,404685,499,0
404200,404200,404686,486,0
404204,404204,404686,482,0
404197,404197,404687,490,0
404205,404205,404686,481,0
404208,404208,404687,479,0
404209,404209,404687,478,0
404189,404189,404687,498,0
404190,404190,404687,497,0
404211,404211,404688,477,0
404185,404185,404689,504,0
404188,404188,404689,501,0
404185,404185,404690,505,0
404196,404196,404690,494,0
404187,404187,404691,504,0
404196,404196,404691,495,0
404187,404187,404691,504,0
404191,404191,404691,500,0
404196,404196,404693,497,0
404208,404208,404693,485,0
404187,404187,404694,507,0
404202,404202,404694,492,0
404183,404183,404694,511,0
404199,404199,404695,496,0
404185,404185,404695,510,0
404193,404193,404696,503,0
404195,404195,404696,501,0
404186,404186,404697,511,0
404194,404194,404699,505,0
404198,404198,404700,502,0
404195,404195,404700,505,0
404184,404184,404700,516,0
404190,404190,404700,510,0
404211,404211,404701,490,0
404186,404186,404701,515,0
404198,404198,404701,503,0
404182,404182,404703,521,0
404203,404203,404704,501,0
404205,404205,404704,499,0
404211,404211,404705,494,0
404209,404209,404708,499,0
404204,404204,404708,504,0
404206,404206,404711,505,0
404184,404184,404712,528,0
404205,404205,404714,509,0
404211,404211,404715,504,0
404190,404190,404716,526,0
404194,404194,404718,524,0
404208,404208,404719,511,0
404209,404210,404719,509,1
404197,404197,404720,523,0
404199,404199,404721,522,0
404201,404201,404722,521,0
404206,404206,404721,515,0
404194,404194,404722,528,0
404208,404208,404722,514,0
404207,404207,404722,515,0
404192,404192,404723,531,0
404196,404196,404724,528,0
404189,404189,404724,535,0
404198,404198,404724,526,0
404201,404201,404725,524,0
404203,404204,404725,521,1
404201,404201,404725,524,0
404212,404212,404726,514,0
404196,404196,404726,530,0
404196,404196,404727,531,0
404187,404187,404727,540,0
404208,404208,404728,520,0
404204,404204,404728,524,0
404192,404192,404729,537,0
404191,404191,404730,539,0
404187,404187,404730,543,0
404194,404194,404730,536,0
404205,404205,404731,526,0
404210,404210,404732,522,0
404202,404202,404732,530,0
404198,404198,404733,535,0
404193,404193,404734,541,0
404195,404195,404736,541,0
404210,404210,404744,534,0
404209,404209,404745,536,0
404192,404192,404777,585,0
404182,404182,404815,633,0
404200,404200,404862,662,0
404192,404192,404915,723,0
404193,404193,404920,727,0
404183,404183,405023,840,0
404185,404185,405053,868,0
405087,405087,405089,2,0
405088,405088,405091,3,0
405096,405096,405099,3,0
405099,405100,405102,2,1
405102,405102,405105,3,0
405104,405104,405106,2,0
405107,405107,405110,3,0
405104,405104,405111,7,0
405105,405105,405111,6,0
405107,405107,405112,5,0
405110,405110,405118,8,0
405111,405111,405167,56,0
405103,405103,406193,1090,0
405114,405114,406537,1423,0
405091,405091,406549,1458,0
405096,405096,406573,1477,0
405090,405090,406665,1575,0
405109,405109,406736,1627,0
405114,405114,406745,1631,0
405108,405109,406795,1686,1
405107,405107,406816,1709,0
405091,405091,406829,1738,0
405103,405103,406834,1731,0
405090,405090,406850,1760,0
405110,405110,406867,1757,0
405111,405111,406869,1758,0
405087,405087,406877,1790,0
405112,405112,406884,1772,0
405113,405113,406924,1811,0
405094,405094,406950,1856,0
405089,405089,407000,1911,0
405089,405089,407010,1921,0
405106,405106,407026,1920,0
405114,405114,407034,1920,0
405092,405092,407052,1960,0
405098,405098,407073,1975,0
405086,405086,407075,1989,0
405113,405113,407097,1984,0
405092,405092,407111,2019,0
405089,405089,407111,2022,0
405086,405086,407141,2055,0
405092,405092,407140,2048,0
405105,405105,407146,2041,0
405110,405110,407156,2046,0
405085,405085,407167,2082,0
405086,405086,407171,2085,0
405090,405090,407184,2094,0
405101,405101,407208,2107,0
405088,405088,407216,2128,0
405093,405093,407217,2124,0
405093,405094,407239,2145,1
405107,405107,407241,2134,0
405091,405091,407289,2198,0
405089,405089,407300,2211,0
405087,405087,407309,2222,0
405108,405108,407310,2202,0
405089,405089,407338,2249,0
405088,405088,407355,2267,0
405091,405091,407408,2317,0
405096,405096,407438,2342,0
405095,405095,407438,2343,0
405099,405099,407561,2462,0
405093,405093,407715,2622,0
405086,405086,407749,2663,0
405086,405086,407749,2663,0
405088,405088,407817,2729,0
405094,405094,407823,2729,0
405086,405086,407834,2748,0
405087,405087,407890,2803,0
405093,405093,407901,2808,0
405093,405093,407903,2810,0
405088,405088,407921,2833,0
405090,405090,407927,2837,0
405094,405094,407935,2841,0
405093,405093,407951,2858,0
405092,405092,407952,2860,0
405090,405090,407959,2869,0
405092,405092,407973,2881,0
405090,405090,407978,2888,0
405092,405092,407978,2886,0
405088,405088,408000,2912,0
405090,405090,408002,2912,0
405092,405093,408005,2912,1
405105,405105,408007,2902,0
405092,405092,408008,2916,0
405104,405104,408015,2911,0
405099,405099,408018,2919,0
405089,405089,408019,2930,0
405098,405098,408019,2921,0
405095,405096,408020,2924,1
405097,405097,408021,2924,0
405094,405095,408024,2929,1
405088,405088,408029,2941,0
405095,405095,408031,2936,0
405098,405099,408034,2935,1
405098,405098,408034,2936,0
405097,405097,408035,2938,0
405098,405098,408036,2938,0
405112,405112,408058,2946,0
405095,405095,408063,2968,0
405096,405096,408064,2968,0
405094,405094,408067,2973,0
405090,405090,408089,2999,0
405096,405096,408090,2994,0
405089,405089,408095,3006,0
405093,405093,408096,3003,0
405096,405096,408100,3004,0
405103,405103,408110,3007,0
405106,405106,408112,3006,0
405100,405100,408114,3014,0
405103,405103,408115,3012,0
405091,405091,408127,3036,0
405112,405112,408134,3022,0
405108,405108,408136,3028,0
405099,405099,408137,3038,0
405107,405107,408139,3032,0
405097,405097,408154,3057,0
405109,405109,408161,3052,0
405101,405101,408165,3064,0
405112,405112,408176,3064,0
405113,405113,408182,3069,0
405095,405095,408183,3088,0
405112,405112,408202,3090,0
405086,405086,408222,3136,0
405104,405104,408225,3121,0
405100,405100,408226,3126,0
405096,405097,408227,3130,1
405087,405087,408231,3144,0
405104,405104,408241,3137,0
405094,405094,408241,3147,0
405098,405098,408247,3149,0
405102,405102,408259,3157,0
405095,405095,408268,3173,0
405106,405106,408270,3164,0
405097,405097,408277,3180,0
405099,405099,408286,3187,0
405095,405095,408287,3192,0
405111,405111,408289,3178,0
405102,405102,408297,3195,0
405096,405096,408303,3207,0
405100,405100,408304,3204,0
405107,405107,408305,3198,0
405108,405108,408306,3198,0
405105,405105,408328,3223,0
405113,405113,408360,3247,0
405108,405108,408360,3252,0
405098,405098,408387,3289,0
405101,405101,408391,3290,0
405103,405103,408392,3289,0
405106,405106,408400,3294,0
405100,405100,408415,3315,0
405114,405114,408418,3304,0
405105,405105,408420,3315,0
405115,405115,408421,3306,0
405109,405109,408426,3317,0
405113,405113,408426,3313,0
405102,405102,408442,3340,0
405110,405110,408443,3333,0
405106,405106,408444,3338,0
405111,405111,408450,3339,0
405111,405112,408464,3352,1
405101,405101,408468,3367,0
405094,405094,408470,3376,0
405097,405097,408470,3373,0
405098,405098,408481,3383,0
405100,405100,408484,3384,0
405106,405106,408499,3393,0
405110,405111,408501,3390,1
405105,405105,408502,3397,0
405109,405109,408502,3393,0
405111,405111,408502,3391,0
405108,405108,408503,3395,0
405112,405112,408503,3391,0
405099,405099,408515,3416,0
405101,405101,408542,3441,0
405109,405109,408551,3442,0
405109,405110,408561,3451,1
405100,405100,408680,3580,0
405088,405088,408725,3637,0
405085,405085,409030,3945,0
405091,405091,409054,3963,0
405102,405102,409161,4059,0
405097,405098,409198,4100,1
405094,405094,409887,4793,0
405114,405114,410021,4907,0
405091,405092,410567,5475,1
405110,405110,410598,5488,0
405103,405103,410641,5538,0
405089,405089,411732,6643,0
405104,405104,412225,7121,0
405093,405093,412438,7345,0
405086,405086,412761,7675,0
405095,405095,413195,8100,0
405097,405097,414505,9408,0
405101,405101,415430,10329,0
405102,405102,417402,12300,0
420163,420164,421030,866,1
421029,421031,421033,2,2
421033,421035,421041,6,2
405087,405087,421158,16071,0
421078,421080,421403,323,2
421401,421404,421428,24,3
313438,313440,422156,108716,2
405087,405087,422324,17237,0
421460,421462,422900,1438,2
422898,422901,422908,7,3
422903,422910,422918,8,7
422961,422962,423749,787,1
423748,423750,423776,26,2
423777,423778,425322,1544,1
425321,425323,425327,4,2
425332,425334,425341,7,2
405087,405087,425347,20260,0
422169,422172,425490,3318,3
425493,425496,425527,31,3
425377,425379,426734,1355,2
426732,426736,426747,11,4
425608,425611,426849,1238,3
426888,426891,426924,33,3
426984,426987,427020,33,3
427080,427083,427116,33,3
427176,427179,427212,33,3
427272,427275,427308,33,3
427368,427371,427404,33,3
427464,427467,427500,33,3
427560,427563,427596,33,3
427656,427659,427692,33,3
427752,427755,427788,33,3
426758,426760,427826,1066,2
427825,427827,427829,2,2
427830,427832,427838,6,2
427848,427851,427884,33,3
427944,427947,427980,33,3
428022,428025,428058,33,3
428091,428094,428128,34,3
428151,428154,428187,33,3
428202,428205,428239,34,3
428247,428250,428284,34,3
427874,427876,428470,594,2
428469,428471,428496,25,2
428288,428291,428517,226,3
428546,428549,428583,34,3
428642,428645,428679,34,3
428738,428741,428775,34,3
428834,428837,428871,34,3
428930,428933,428967,34,3
429026,429029,429063,34,3
429122,429125,429159,34,3
429218,429221,429255,34,3
429314,429317,429351,34,3
429410,429413,429447,34,3
428493,428498,429468,970,5
429466,429469,429470,1,3
429471,429473,429479,6,2
429479,429481,429491,10,2
429506,429509,429543,34,3
429602,429605,429639,34,3
429680,429683,429717,34,3
429749,429752,429786,34,3
429806,429809,429843,34,3
429860,429863,429897,34,3
429906,429908,429942,34,2
429515,429516,430181,665,1
430179,430182,430207,25,3
429947,429949,430232,283,2
430262,430264,430298,34,2
430358,430360,430394,34,2
430454,430456,430492,36,2
430550,430552,430586,34,2
430646,430648,430682,34,2
430742,430744,430778,34,2
430838,430841,430874,33,3
430934,430937,430970,33,3
431030,431033,431066,33,3
431126,431129,431162,33,3
431222,431225,431258,33,3
431318,431321,431354,33,3
431414,431417,431450,33,3
431510,431513,431546,33,3
431606,431609,431642,33,3
431702,431705,431738,33,3
431798,431801,431834,33,3
431894,431897,431930,33,3
431990,431992,432026,34,2
432086,432088,432122,34,2
405091,405091,432218,27127,0
432182,432184,432218,34,2
432278,432280,432314,34,2
432374,432376,432412,36,2
432470,432472,432506,34,2
432566,432568,432602,34,2
432662,432664,432698,34,2
432758,432760,432794,34,2
432854,432856,432890,34,2
432950,432952,432987,35,2
433046,433048,433082,34,2
433142,433144,433179,35,2
433238,433240,433275,35,2
433334,433336,433370,34,2
433430,433432,433466,34,2
433526,433528,433563,35,2
433622,433624,433659,35,2
433718,433720,433755,35,2
433814,433816,433851,35,2
433910,433912,433946,34,2
434006,434008,434043,35,2
434102,434104,434139,35,2
434198,434200,434235,35,2
434294,434296,434331,35,2
434390,434392,434427,35,2
434486,434489,434523,34,3
434582,434585,434619,34,3
434678,434681,434715,34,3
434774,434777,434811,34,3
434870,434873,434907,34,3
434966,434969,435003,34,3
435062,435065,435099,34,3
435158,435161,435195,34,3
435255,435257,435291,34,2
435351,435353,435387,34,2
435447,435448,435483,35,1
435543,435544,435579,35,1
435639,435640,435675,35,1
435735,435736,435771,35,1
435831,435833,435867,34,2
435927,435929,435963,34,2
436023,436025,436059,34,2
436119,436121,436155,34,2
436215,436217,436251,34,2
436311,436312,436347,35,1
436407,436409,436443,34,2
436503,436505,436539,34,2
436599,436601,436635,34,2
436695,436697,436731,34,2
436791,436793,436827,34,2
436887,436889,436923,34,2
436983,436985,437019,34,2
437079,437081,437115,34,2
437175,437177,437211,34,2
437271,437273,437307,34,2
437367,437369,437403,34,2
437463,437465,437499,34,2
437559,437561,437596,35,2
437655,437657,437692,35,2
437751,437753,437787,34,2
437847,437849,437883,34,2
437943,437945,437979,34,2
438039,438041,438075,34,2
438135,438137,438171,34,2
438231,438233,438267,34,2
438327,438329,438363,34,2
438423,438425,438460,35,2
438519,438521,438555,34,2
438615,438617,438652,35,2
438711,438713,438748,35,2
438807,438809,438844,35,2
438903,438905,438939,34,2
438999,439001,439036,35,2
439095,439097,439132,35,2
439191,439193,439228,35,2
439287,439289,439324,35,2
439383,439385,439420,35,2
439479,439481,439516,35,2
439575,439577,439612,35,2
439671,439673,439708,35,2
439767,439770,439804,34,3
439863,439866,439900,34,3
439959,439962,439996,34,3
440055,440058,440092,34,3
440151,440154,440188,34,3
440247,440249,440284,35,2
440343,440345,440380,35,2
440439,440441,440476,35,2
440535,440537,440572,35,2
440632,440633,440668,35,1
440728,440729,440764,35,1
440824,440825,440860,35,1
440920,440921,440956,35,1
441016,441018,441052,34,2
441112,441114,441148,34,2
441208,441210,441244,34,2
441304,441306,441340,34,2
441400,441402,441436,34,2
441496,441498,441532,34,2
441592,441594,441628,34,2
441688,441690,441724,34,2
441784,441786,441820,34,2
441880,441882,441916,34,2
441976,441978,442012,34,2
442072,442074,442108,34,2
442168,442170,442204,34,2
442264,442266,442300,34,2
442360,442362,442396,34,2
442456,442458,442492,34,2
442552,442554,442588,34,2
442648,442650,442684,34,2
442744,442746,442780,34,2
442840,442842,442876,34,2
442936,442938,442972,34,2
443032,443034,443068,34,2
443128,443130,443164,34,2
443224,443226,443260,34,2
443320,443322,443356,34,2
443416,443418,443453,35,2
443512,443514,443548,34,2
443608,443610,443644,34,2
443704,443706,443741,35,2
443800,443802,443837,35,2
443896,443899,443933,34,3
443992,443995,444029,34,3
444088,444091,444125,34,3
444184,444187,444221,34,3
444280,444283,444317,34,3
444376,444379,444413,34,3
444472,444475,444509,34,3
444568,444571,444605,34,3
444664,444667,444701,34,3
444760,444763,444797,34,3
444856,444859,444893,34,3
444952,444955,444989,34,3
445048,445051,445085,34,3
445144,445146,445181,35,2
445240,445242,445277,35,2
445336,445338,445373,35,2
445432,445434,445469,35,2
445528,445530,445565,35,2
445625,445626,445661,35,1
445721,445723,445757,34,2
445817,445819,445853,34,2
445913,445915,445949,34,2
446009,446011,446045,34,2
446105,446107,446141,34,2
446201,446203,446237,34,2
446297,446299,446333,34,2
446393,446395,446429,34,2
446489,446491,446525,34,2
446585,446587,446621,34,2
446681,446683,446717,34,2
446777,446779,446813,34,2
446873,446875,446909,34,2
446969,446971,447005,34,2
447065,447067,447101,34,2
447161,447163,447197,34,2
447257,447259,447293,34,2
447353,447355,447389,34,2
447449,447451,447485,34,2
447545,447547,447581,34,2
447641,447643,447677,34,2
447737,447739,447773,34,2
447833,447835,447869,34,2
447929,447931,447965,34,2
448025,448027,448061,34,2
448121,448123,448157,34,2
448217,448219,448253,34,2
448313,448315,448349,34,2
448409,448411,448445,34,2
448505,448507,448541,34,2
448601,448603,448637,34,2
448697,448699,448733,34,2
448793,448795,448830,35,2
448889,448891,448926,35,2
448985,448987,449021,34,2
449081,449083,449117,34,2
449177,449179,449214,35,2
449273,449275,449310,35,2
449369,449371,449406,35,2
449465,449467,449501,34,2
449561,449563,449598,35,2
449657,449659,449694,35,2
449753,449755,449790,35,2
449849,449852,449886,34,3
449945,449948,449982,34,3
450041,450044,450078,34,3
450137,450139,450174,35,2
450233,450235,450270,35,2
450329,450331,450366,35,2
450425,450427,450462,35,2
450521,450523,450558,35,2
450617,450619,450654,35,2
450713,450715,450750,35,2
450809,450812,450846,34,3
450905,450908,450942,34,3
451001,451004,451038,34,3
451097,451100,451134,34,3
451194,451196,451230,34,2
451290,451292,451326,34,2
451386,451388,451422,34,2
451482,451484,451518,34,2
451578,451580,451614,34,2
451674,451676,451710,34,2
451770,451772,451806,34,2
451866,451868,451902,34,2
451962,451964,451998,34,2
452058,452060,452094,34,2
452154,452156,452190,34,2
452250,452252,452286,34,2
452346,452348,452382,34,2
452442,452444,452478,34,2
452541,452543,452577,34,2
452637,452639,452673,34,2
452733,452735,452769,34,2
452829,452831,452865,34,2
452925,452927,452961,34,2
453021,453023,453057,34,2
453117,453119,453153,34,2
453213,453215,453249,34,2
453309,453311,453345,34,2
453405,453407,453441,34,2
453501,453503,453537,34,2
453597,453599,453633,34,2
453693,453695,453729,34,2
459492,459494,460340,846,2
460339,460342,460344,2,3
460343,460346,460352,6,3
460389,460390,460892,502,1
460891,460894,460897,3,3
461624,461624,461627,3,0
461623,461623,461628,5,0
461624,461624,461628,4,0
461625,461625,461629,4,0
461627,461627,461630,3,0
461627,461628,461631,3,1
461628,461628,461631,3,0
461627,461627,461631,4,0
461628,461628,461632,4,0
461631,461631,461635,4,0
461632,461632,461635,3,0
461633,461633,461636,3,0
461633,461633,461637,4,0
461636,461636,461639,3,0
461638,461638,461641,3,0
461638,461638,461641,3,0
461640,461640,461643,3,0
461639,461639,461643,4,0
461639,461639,461644,5,0
461642,461642,461645,3,0
461640,461640,461646,6,0
461646,461646,461649,3,0
461645,461645,461650,5,0
461642,461642,461652,10,0
461178,461180,462011,831,2
462009,462012,462014,2,3
462014,462016,462023,7,2
462058,462060,462544,484,2
462543,462545,462570,25,2
453789,453791,463446,9655,2
464005,464007,464019,12,2
461643,461643,468210,6567,0
461636,461636,468970,7334,0
461649,461649,469303,7654,0
461649,461650,469340,7690,1
461642,461642,469756,8114,0
461622,461622,469766,8144,0
461647,461647,469811,8164,0
461636,461636,470116,8480,0
461626,461626,470310,8684,0
461646,461646,470402,8756,0
461645,461645,470456,8811,0
461625,461625,470540,8915,0
461625,461625,470894,9269,0
461638,461638,470896,9258,0
461627,461627,470921,9294,0
461648,461648,470966,9318,0
461641,461641,471037,9396,0
461635,461635,471099,9464,0
461649,461649,471183,9534,0
461632,461633,471233,9600,1
461645,461645,471303,9658,0
461632,461632,471552,9920,0
461639,461639,471642,10003,0
461646,461646,471657,10011,0
461628,461628,471663,10035,0
461643,461643,471713,10070,0
461636,461637,471736,10099,1
461624,461624,471782,10158,0
461623,461624,471785,10161,1
461647,461647,471819,10172,0
461623,461623,471818,10195,0
461642,461642,471863,10221,0
461643,461643,471885,10242,0
461636,461636,471961,10325,0
461647,461647,472031,10384,0
461626,461626,472046,10420,0
461641,461642,472102,10460,1
461629,461629,472155,10526,0
461634,461634,472162,10528,0
461624,461624,472164,10540,0
461633,461633,472279,10646,0
461633,461633,472285,10652,0
461632,461632,472291,10659,0
461623,461623,472307,10684,0
461644,461644,472338,10694,0
461635,461635,472346,10711,0
461643,461643,472362,10719,0
461637,461637,472382,10745,0
461648,461648,472389,10741,0
461633,461633,472471,10838,0
461629,461629,472496,10867,0
461647,461647,472534,10887,0
461648,461648,472544,10896,0
461637,461637,472561,10924,0
461627,461627,472611,10984,0
461639,461639,472665,11026,0
461637,461637,472678,11041,0
461649,461649,472706,11057,0
461625,461625,472711,11086,0
461644,461644,472758,11114,0
461623,461623,472812,11189,0
461641,461641,472844,11203,0
461641,461641,472889,11248,0
461636,461636,472895,11259,0
461639,461639,472900,11261,0
461645,461645,473020,11375,0
461638,461638,473110,11472,0
461637,461637,473148,11511,0
461646,461646,473183,11537,0
461630,461630,473184,11554,0
461644,461644,473198,11554,0
461630,461630,473201,11571,0
461642,461642,473253,11611,0
461637,461637,473259,11622,0
461649,461649,473305,11656,0
461635,461635,473318,11683,0
461628,461628,473349,11721,0
461648,461648,473356,11708,0
461639,461639,473368,11729,0
461635,461635,473540,11905,0
461635,461635,473548,11913,0
461634,461634,473614,11980,0
461641,461641,473657,12016,0
461640,461640,473665,12025,0
461647,461647,473667,12020,0
461648,461648,473702,12054,0
461626,461626,473720,12094,0
461644,461644,473770,12126,0
461638,461638,473920,12282,0
461639,461639,473940,12301,0
461643,461643,474064,12421,0
461631,461631,474112,12481,0
461634,461634,474162,12528,0
461646,461646,474191,12545,0
461636,461636,474201,12565,0
461623,461623,474227,12604,0
461632,461632,474266,12634,0
461637,461637,474376,12739,0
461643,461643,474383,12740,0
461635,461635,474456,12821,0
461630,461630,474480,12850,0
461640,461640,474526,12886,0
461640,461640,474610,12970,0
461635,461635,474631,12996,0
461632,461632,474635,13003,0
461629,461629,474689,13060,0
461648,461648,474729,13081,0
461640,461640,474755,13115,0
461631,461631,474782,13151,0
461645,461645,474814,13169,0
461644,461644,474944,13300,0
461641,461641,474956,13315,0
461633,461634,475028,13394,1
461630,461630,475105,13475,0
461647,461647,475168,13521,0
461638,461638,475183,13545,0
461649,461649,475194,13545,0
461627,461627,475216,13589,0
461641,461641,475241,13600,0
461630,461630,475371,13741,0
461622,461622,475494,13872,0
461632,461632,475505,13873,0
461626,461626,475511,13885,0
461640,461640,475525,13885,0
461642,461642,475535,13893,0
461645,461645,475555,13910,0
461646,461646,475583,13937,0
461629,461629,475621,13992,0
461631,461631,475690,14059,0
461634,461634,475766,14132,0
461644,461644,475782,14138,0
461626,461626,475807,14181,0
461626,461626,475812,14186,0
461636,461636,475863,14227,0
461638,461638,475998,14360,0
461637,461637,476026,14389,0
461634,461634,476121,14487,0
461623,461623,476134,14511,0
461631,461631,476217,14586,0
461626,461626,476328,14702,0
461634,461634,476432,14798,0
461629,461630,476469,14839,1
461628,461628,476599,14971,0
461629,461629,476667,15038,0
461631,461632,476862,15230,1
461624,461624,476956,15332,0
461624,461624,476980,15356,0
461639,461639,477160,15521,0
461633,461633,477198,15565,0
461629,461629,477200,15571,0
461626,461627,477316,15689,1
461622,461623,477359,15736,1
461628,461628,477419,15791,0
461631,461631,477635,16004,0
461630,461630,478093,16463,0
461634,461634,478218,16584,0
461624,461625,478281,16656,1
461635,461636,478398,16762,1
461630,461630,478434,16804,0
461627,461627,478460,16833,0
461632,461632,478560,16928,0
461625,461625,478569,16944,0
461625,461625,478683,17058,0
461628,461629,478774,17145,1
461623,461624,478891,17267,1
461624,461624,479012,17388,0
461631,461631,479068,17437,0
461628,461628,479727,18099,0
461630,461630,479763,18133,0
461625,461625,479939,18314,0
461638,461638,480088,18450,0
461627,461627,480923,19296,0
461626,461626,480984,19358,0
461629,461629,480993,19364,0
461633,461633,481129,19496,0
461625,461625,481366,19741,0
491295,491295,491297,2,0
491383,491383,491400,17,0
491623,491623,491639,16,0
491818,491818,491834,16,0
492172,492172,492230,58,0
493014,493015,493068,53,1
493139,493139,493140,1,0
493296,493297,493338,41,1
493778,493779,493808,29,1
464053,464060,497703,33643,7
497701,497704,497706,2,3
497710,497712,497740,28,2
497739,497741,497751,10,2
497812,497814,510256,12442,2
510255,510257,510319,62,2
511273,511275,543990,32715,2
543989,543992,543994,2,3
543994,543996,544016,20,2
544084,544086,555064,10978,2
555063,555065,555100,35,2
556011,556013,581000,24987,2
580998,581001,581003,2,3
581003,581006,581023,17,3
581080,581082,588920,7838,2
588918,588920,588968,48,2
