submit_time,start_time,end_time,run_time,wait_time
-20484,13,155,142,20497
-20484,10,159,149,20494
-20484,15,169,154,20499
-20484,37,180,143,20521
-20484,19,183,164,20503
-20484,31,186,155,20515
-20484,5,189,184,20489
-20484,45,195,150,20529
-20484,43,197,154,20527
-20484,33,197,164,20517
-20484,35,198,163,20519
-20484,49,201,152,20533
-20484,33,202,169,20517
-20484,44,203,159,20528
-20484,53,204,151,20537
-20484,59,211,152,20543
-20484,76,216,140,20560
-20484,44,216,172,20528
-20484,52,220,168,20536
-20484,57,220,163,20541
-20484,77,234,157,20561
-20484,71,236,165,20555
-20484,79,237,158,20563
-20484,72,240,168,20556
-20484,70,241,171,20554
-20484,89,243,154,20573
-20484,46,244,198,20530
-20484,82,245,163,20566
-20484,81,247,166,20565
-20484,76,249,173,20560
-20484,84,250,166,20568
-20484,104,254,150,20588
-20484,107,257,150,20591
-20484,80,257,177,20564
-20484,90,262,172,20574
-20484,95,262,167,20579
-20484,88,266,178,20572
-20484,106,268,162,20590
-20484,88,269,181,20572
-20484,104,271,167,20588
-20484,111,272,161,20595
-20484,109,273,164,20593
-20484,83,275,192,20567
-20484,105,275,170,20589
-20484,134,275,141,20618
-20484,111,279,168,20595
-20484,117,281,164,20601
-20484,130,282,152,20614
-20484,95,285,190,20579
-20484,126,288,162,20610
-20484,113,288,175,20597
-20484,133,290,157,20617
-20484,103,291,188,20587
-20484,119,292,173,20603
-20484,128,294,166,20612
-20484,124,295,171,20608
-20484,139,297,158,20623
-20484,140,296,156,20624
-20484,144,298,154,20628
-20484,111,300,189,20595
-20484,129,301,172,20613
-20484,138,302,164,20622
-20484,128,302,174,20612
-20484,131,303,172,20615
-20484,94,303,209,20578
-20484,137,303,166,20621
-20484,137,305,168,20621
-20484,146,306,160,20630
-20484,127,312,185,20611
-20484,152,313,161,20636
-20484,159,316,157,20643
-20484,154,321,167,20638
-20484,153,324,171,20637
-20484,155,324,169,20639
-20484,162,325,163,20646
-20484,152,327,175,20636
-20484,151,329,178,20635
-20484,165,333,168,20649
-20484,169,342,173,20653
-20484,170,344,174,20654
-20484,186,347,161,20670
-20484,180,350,170,20664
-20484,197,353,156,20681
-20484,183,356,173,20667
-20484,197,359,162,20681
-20484,201,359,158,20685
-20484,190,360,170,20674
-20484,205,362,157,20689
-20484,198,363,165,20682
-20484,202,364,162,20686
-20484,196,367,171,20680
-20484,212,366,154,20696
-20484,203,369,166,20687
-20484,207,375,168,20691
-20484,220,377,157,20704
-20484,217,390,173,20701
-20484,217,392,175,20701
-20484,244,397,153,20728
-20484,220,397,177,20704
-20484,241,399,158,20725
-20484,246,403,157,20730
-20484,237,403,166,20721
-20484,235,406,171,20719
404,404,406,2,0
404,404,406,2,0
-20484,238,406,168,20722
-20484,243,406,163,20727
405,405,407,2,0
407,407,409,2,0
406,406,409,3,0
408,408,410,2,0
408,408,410,2,0
-20484,267,411,144,20751
410,410,412,2,0
409,409,412,3,0
411,411,413,2,0
412,412,414,2,0
-20484,258,415,157,20742
413,413,415,2,0
413,413,415,2,0
414,414,416,2,0
416,416,418,2,0
415,415,417,2,0
418,418,419,1,0
417,417,420,3,0
-20484,257,420,163,20741
418,418,420,2,0
420,420,422,2,0
419,419,421,2,0
-20484,269,425,156,20753
-20484,248,421,173,20732
-20484,254,426,172,20738
-20484,274,426,152,20758
-20484,270,426,156,20754
-20484,263,427,164,20747
-20484,262,429,167,20746
-20484,273,429,156,20757
-20484,251,430,179,20735
-20484,282,431,149,20766
-20484,250,434,184,20734
-20484,282,435,153,20766
-20484,276,436,160,20760
-20484,242,436,194,20726
-20484,272,440,168,20756
-20484,276,441,165,20760
-20484,295,441,146,20779
-20484,299,442,143,20783
-20484,286,445,159,20770
-20484,294,448,154,20778
-20484,288,449,161,20772
-20484,290,449,159,20774
-20484,292,450,158,20776
-20484,302,452,150,20786
-20484,297,452,155,20781
-20484,291,453,162,20775
-20484,297,454,157,20781
-20484,289,455,166,20773
-20484,276,457,181,20760
-20484,303,458,155,20787
-20484,303,460,157,20787
-20484,325,463,138,20809
-20484,279,465,186,20763
-20484,316,466,150,20800
-20484,305,467,162,20789
-20484,325,467,142,20809
-20484,328,470,142,20812
-20484,334,472,138,20818
-20484,303,476,173,20787
-20484,303,477,174,20787
-20484,302,478,176,20786
-20484,301,479,178,20785
-20484,313,480,167,20797
-20484,307,484,177,20791
-20484,322,486,164,20806
-20484,326,488,162,20810
-20484,313,490,177,20797
-18994,359,491,132,19353
-20484,343,492,149,20827
-18994,367,497,130,19361
-20484,330,500,170,20814
-18994,365,501,136,19359
-18994,361,503,142,19355
-18994,363,503,140,19357
-20484,345,505,160,20829
-20484,350,509,159,20834
-18994,356,517,161,19350
-18994,363,524,161,19357
-20484,347,524,177,20831
-18994,391,525,134,19385
-18994,376,525,149,19370
-18994,360,526,166,19354
-18994,367,536,169,19361
-18994,369,536,167,19363
-18994,377,537,160,19371
-18994,392,542,150,19386
-18994,398,544,146,19392
-18994,400,549,149,19394
-18994,404,556,152,19398
-18994,412,560,148,19406
-18994,415,561,146,19409
-18994,407,570,163,19401
-18994,398,571,173,19392
-18994,430,573,143,19424
-18994,427,574,147,19421
-18994,427,575,148,19421
-18994,436,577,141,19430
-18994,427,578,151,19421
-18994,426,581,155,19420
-18994,406,582,176,19400
-18994,431,586,155,19425
-18994,431,586,155,19425
-18994,407,586,179,19401
-18994,460,587,127,19454
-18994,420,588,168,19414
-18994,435,590,155,19429
-18994,427,589,162,19421
-18994,449,592,143,19443
-18994,427,594,167,19421
-18994,435,595,160,19429
-18994,429,601,172,19423
-18994,454,601,147,19448
-18994,449,604,155,19443
-18994,437,604,167,19431
-18994,446,604,158,19440
-18994,427,605,178,19421
-18994,458,605,147,19452
-18994,477,606,129,19471
-18994,456,607,151,19450
-18994,452,608,156,19446
-18994,442,609,167,19436
-18994,441,610,169,19435
-18994,467,612,145,19461
-18994,479,612,133,19473
-18994,449,613,164,19443
-18994,471,616,145,19465
-18994,455,617,162,19449
-18994,464,620,156,19458
-18994,466,621,155,19460
-18994,458,623,165,19452
-18994,442,625,183,19436
-18994,491,626,135,19485
-18994,442,626,184,19436
-18994,480,627,147,19474
-18994,451,629,178,19445
-18994,468,629,161,19462
-18994,473,630,157,19467
-18994,454,630,176,19448
-18994,467,631,164,19461
-18994,478,633,155,19472
-18994,485,635,150,19479
-18994,490,646,156,19484
-18994,488,649,161,19482
-18994,478,652,174,19472
-18994,505,662,157,19499
-18994,503,663,160,19497
-18994,498,665,167,19492
-18994,502,666,164,19496
-18994,501,667,166,19495
-18994,487,669,182,19481
-18994,503,676,173,19497
-18994,510,681,171,19504
-18994,524,685,161,19518
-18994,518,686,168,19512
-18994,527,686,159,19521
-18994,526,687,161,19520
-18994,525,687,162,19519
-18994,537,696,159,19531
-18994,537,697,160,19531
-18994,537,698,161,19531
-18994,525,701,176,19519
-18994,493,704,211,19487
-18994,543,704,161,19537
-18994,549,719,170,19543
-18994,573,723,150,19567
-18994,561,724,163,19555
-18994,545,725,180,19539
-18994,562,727,165,19556
-18994,575,728,153,19569
-18994,590,731,141,19584
-18994,581,732,151,19575
-18994,577,734,157,19571
-18994,571,734,163,19565
-18994,557,734,177,19551
-18994,596,736,140,19590
-18994,571,736,165,19565
-18994,588,736,148,19582
-18994,588,736,148,19582
-18994,582,737,155,19576
-18994,576,740,164,19570
-18994,586,741,155,19580
-18994,590,741,151,19584
-18994,586,746,160,19580
-18994,579,746,167,19573
-18994,587,748,161,19581
-18994,594,749,155,19588
-18994,605,756,151,19599
-18994,593,760,167,19587
-18994,613,763,150,19607
-18994,616,763,147,19610
-18994,607,764,157,19601
-18994,601,772,171,19595
-18994,609,775,166,19603
-18994,610,777,167,19604
-18994,625,780,155,19619
-18994,605,780,175,19599
-18994,613,781,168,19607
-18994,604,781,177,19598
-18994,610,783,173,19604
-18994,605,786,181,19599
-18994,607,786,179,19601
-18994,602,788,186,19596
-18994,613,787,174,19607
-18994,618,788,170,19612
-18994,631,788,157,19625
-18994,606,789,183,19600
-18994,622,792,170,19616
-18994,623,797,174,19617
-18994,636,797,161,19630
-18994,633,798,165,19627
-18994,621,798,177,19615
-18994,630,798,168,19624
-18994,630,800,170,19624
-18994,632,804,172,19626
-18994,627,805,178,19621
-18994,630,806,176,19624
-18994,667,812,145,19661
-18994,627,814,187,19621
-18994,668,819,151,19662
-18994,650,823,173,19644
-18994,628,823,195,19622
-18994,663,823,160,19657
-18994,665,823,158,19659
-18994,646,824,178,19640
-18994,662,828,166,19656
-18994,653,829,176,19647
-18994,681,832,151,19675
-18994,670,832,162,19664
-18994,686,850,164,19680
-18994,688,852,164,19682
-18994,687,853,166,19681
-18994,697,853,156,19691
-18994,677,853,176,19671
-18994,681,855,174,19675
-18994,698,856,158,19692
-18994,702,860,158,19696
-18994,687,861,174,19681
-18994,705,863,158,19699
-18994,704,865,161,19698
-18994,698,865,167,19692
-18994,688,869,181,19682
-18994,720,873,153,19714
-18994,729,877,148,19723
-18994,726,886,160,19720
-18994,734,887,153,19728
-18994,747,890,143,19741
-18994,737,890,153,19731
-18994,725,895,170,19719
-18994,728,897,169,19722
-18994,742,898,156,19736
-18994,747,898,151,19741
-18994,724,901,177,19718
-18994,737,902,165,19731
-18994,748,902,154,19742
-18994,734,902,168,19728
-18994,733,903,170,19727
-18994,738,905,167,19732
-18994,740,906,166,19734
-18994,737,906,169,19731
-18994,757,908,151,19751
-18994,749,910,161,19743
-18994,741,911,170,19735
-18994,732,913,181,19726
-18994,763,918,155,19757
-18994,737,919,182,19731
-18994,735,921,186,19729
-18994,773,921,148,19767
-18994,760,926,166,19754
-18994,776,925,149,19770
-18994,763,926,163,19757
-18994,781,931,150,19775
-18994,764,939,175,19758
-18994,777,940,163,19771
-18994,792,941,149,19786
-18994,798,943,145,19792
-18994,790,945,155,19784
-18994,789,945,156,19783
-18994,789,948,159,19783
-18994,788,954,166,19782
-18994,819,954,135,19813
-18994,780,954,174,19774
-18994,797,956,159,19791
-18994,787,957,170,19781
-18994,800,961,161,19794
-18994,806,961,155,19800
-18994,784,961,177,19778
-18994,788,962,174,19782
-18994,782,963,181,19776
-18994,797,964,167,19791
-18994,805,966,161,19799
-18994,782,966,184,19776
-18994,787,967,180,19781
-18994,815,972,157,19809
-18994,799,972,173,19793
-18994,824,973,149,19818
-18994,805,974,169,19799
-18994,813,975,162,19807
-18994,828,978,150,19822
-18994,824,978,154,19818
-18994,799,980,181,19793
-18994,823,980,157,19817
-18994,833,983,150,19827
-18994,825,983,158,19819
-18994,833,987,154,19827
-18994,853,991,138,19847
-18994,830,993,163,19824
-18994,824,993,169,19818
-18994,865,1005,140,19859
-18994,861,1009,148,19855
-18994,863,1016,153,19857
-18994,854,1018,164,19848
-18994,860,1019,159,19854
-18994,853,1022,169,19847
-18994,853,1022,169,19847
-18994,870,1027,157,19864
-18994,856,1028,172,19850
-18994,866,1028,162,19860
-18994,850,1030,180,19844
-18450,895,1032,137,19345
-18994,857,1032,175,19851
-18994,874,1034,160,19868
-18450,897,1037,140,19347
-18450,903,1042,139,19353
-18994,878,1044,166,19872
-18450,909,1045,136,19359
-18450,906,1046,140,19356
-18994,886,1047,161,19880
-18450,898,1048,150,19348
-18450,904,1049,145,19354
-18450,903,1050,147,19353
-18450,899,1051,152,19349
-18450,891,1054,163,19341
-18450,902,1059,157,19352
-18450,911,1064,153,19361
-18450,903,1070,167,19353
-18450,907,1071,164,19357
-18450,891,1072,181,19341
-18450,920,1074,154,19370
-18450,914,1074,160,19364
-18450,926,1076,150,19376
-18450,922,1080,158,19372
-18450,932,1080,148,19382
-18450,926,1082,156,19376
-18450,919,1083,164,19369
-18450,906,1083,177,19356
-18450,912,1087,175,19362
-18450,927,1092,165,19377
-18450,939,1094,155,19389
-18450,942,1096,154,19392
-18450,946,1097,151,19396
-18450,940,1100,160,19390
-18450,958,1101,143,19408
-18450,946,1101,155,19396
-18450,922,1103,181,19372
-18450,943,1108,165,19393
-18450,955,1109,154,19405
-18450,963,1112,149,19413
-18450,954,1112,158,19404
-18450,981,1117,136,19431
-18450,964,1119,155,19414
-18450,967,1119,152,19417
-18450,949,1121,172,19399
-18450,980,1124,144,19430
-18450,954,1124,170,19404
-18450,962,1125,163,19412
-18450,957,1128,171,19407
-18450,974,1128,154,19424
-18450,965,1133,168,19415
-18450,973,1133,160,19423
-18450,994,1136,142,19444
-18450,975,1137,162,19425
-18450,961,1137,176,19411
-18450,974,1138,164,19424
-18450,966,1138,172,19416
-18450,979,1140,161,19429
-18450,962,1141,179,19412
-18450,994,1143,149,19444
-18450,1016,1143,127,19466
-18450,973,1145,172,19423
-18450,987,1147,160,19437
-18450,968,1150,182,19418
-18450,1009,1151,142,19459
-18450,984,1152,168,19434
-18450,984,1154,170,19434
-18450,978,1157,179,19428
-18450,1005,1173,168,19455
-18450,1023,1175,152,19473
-18450,992,1176,184,19442
-18450,1045,1179,134,19495
-18450,1028,1179,151,19478
-18450,1019,1182,163,19469
-18450,1019,1184,165,19469
-18450,1023,1187,164,19473
-18450,1033,1193,160,19483
-18450,1030,1194,164,19480
-18450,1038,1197,159,19488
-18450,1032,1197,165,19482
-18450,1065,1201,136,19515
-18450,1035,1202,167,19485
-18450,1054,1203,149,19504
-18450,1047,1204,157,19497
-18450,1027,1205,178,19477
-18450,1050,1205,155,19500
-18450,1052,1206,154,19502
-18450,1043,1211,168,19493
-18450,1028,1211,183,19478
-18450,1048,1212,164,19498
-18450,1060,1214,154,19510
-18450,1047,1213,166,19497
-18450,1050,1215,165,19500
-18450,1045,1222,177,19495
-18450,1073,1227,154,19523
-18450,1077,1232,155,19527
-18450,1071,1232,161,19521
-18450,1084,1235,151,19534
-18450,1074,1239,165,19524
-18450,1080,1239,159,19530
-18450,1083,1240,157,19533
-18450,1071,1240,169,19521
-18450,1088,1244,156,19538
-18450,1081,1245,164,19531
-18450,1100,1246,146,19550
-18450,1104,1248,144,19554
-18450,1097,1248,151,19547
-18450,1094,1248,154,19544
-18450,1075,1249,174,19525
-18450,1110,1250,140,19560
-18450,1092,1252,160,19542
-18450,1112,1254,142,19562
-18450,1084,1255,171,19534
-18450,1102,1256,154,19552
-18450,1119,1260,141,19569
-18450,1098,1260,162,19548
-18450,1112,1270,158,19562
-18450,1118,1271,153,19568
-18450,1126,1274,148,19576
-18450,1101,1275,174,19551
-18450,1125,1280,155,19575
-18450,1129,1281,152,19579
-18450,1109,1282,173,19559
-18450,1129,1283,154,19579
-18450,1121,1293,172,19571
-18450,1120,1295,175,19570
-18450,1124,1296,172,19574
-18450,1134,1298,164,19584
-18450,1138,1301,163,19588
-18450,1141,1303,162,19591
-18450,1150,1303,153,19600
-18450,1137,1308,171,19587
-18450,1138,1307,169,19588
-18450,1148,1311,163,19598
-18450,1155,1312,157,19605
-18450,1139,1316,177,19589
-18450,1144,1318,174,19594
-18450,1134,1322,188,19584
-18450,1144,1324,180,19594
-18450,1138,1324,186,19588
-18450,1141,1327,186,19591
-18450,1152,1329,177,19602
-18450,1157,1330,173,19607
-18450,1152,1333,181,19602
-18450,1179,1336,157,19629
-18450,1174,1338,164,19624
-18450,1145,1339,194,19595
-18450,1175,1341,166,19625
-18450,1177,1342,165,19627
-18450,1194,1343,149,19644
-18450,1187,1343,156,19637
-18450,1201,1354,153,19651
-18450,1182,1356,174,19632
-18450,1198,1359,161,19648
-18450,1204,1360,156,19654
-18450,1179,1367,188,19629
-18450,1203,1367,164,19653
-18450,1205,1368,163,19655
-18450,1194,1368,174,19644
-18450,1206,1370,164,19656
-18450,1211,1371,160,19661
-18450,1205,1372,167,19655
-18450,1184,1373,189,19634
-18450,1216,1377,161,19666
-18450,1211,1377,166,19661
-18450,1214,1377,163,19664
-18450,1228,1379,151,19678
-18450,1198,1380,182,19648
-18450,1206,1381,175,19656
-18450,1222,1386,164,19672
-18450,1240,1387,147,19690
-18450,1212,1390,178,19662
-18450,1233,1391,158,19683
-18450,1241,1392,151,19691
-18450,1224,1393,169,19674
-18450,1232,1393,161,19682
-18450,1248,1395,147,19698
-18450,1214,1397,183,19664
-18450,1246,1398,152,19696
-18450,1247,1400,153,19697
-18450,1239,1406,167,19689
-18450,1236,1407,171,19686
-18450,1260,1408,148,19710
-18450,1244,1410,166,19694
-18450,1257,1411,154,19707
-18450,1241,1411,170,19691
-18450,1253,1412,159,19703
-18450,1249,1415,166,19699
-18450,1249,1417,168,19699
-18450,1249,1421,172,19699
-18450,1255,1422,167,19705
-18450,1256,1430,174,19706
-18450,1275,1433,158,19725
-18450,1251,1434,183,19701
-18450,1260,1436,176,19710
-18450,1271,1438,167,19721
-18450,1274,1439,165,19724
-18450,1271,1442,171,19721
-18450,1295,1444,149,19745
-18450,1308,1444,136,19758
-18450,1304,1447,143,19754
-18450,1294,1449,155,19744
-18450,1282,1451,169,19732
-18450,1299,1453,154,19749
-18450,1312,1454,142,19762
-18450,1283,1456,173,19733
-18450,1325,1458,133,19775
-18450,1297,1462,165,19747
-18450,1302,1462,160,19752
-18450,1304,1464,160,19754
-18450,1284,1465,181,19734
-18450,1338,1469,131,19788
-18450,1330,1473,143,19780
-18450,1281,1474,193,19731
-18450,1311,1481,170,19761
-18450,1331,1483,152,19781
-18450,1323,1485,162,19773
-18450,1309,1486,177,19759
-18450,1319,1487,168,19769
-18450,1327,1493,166,19777
-18450,1325,1496,171,19775
-18450,1317,1498,181,19767
-18450,1341,1498,157,19791
-18450,1344,1499,155,19794
-18450,1333,1500,167,19783
-18450,1342,1503,161,19792
-18450,1336,1509,173,19786
-18450,1339,1510,171,19789
-18450,1355,1511,156,19805
-18450,1344,1512,168,19794
-18450,1367,1520,153,19817
-18450,1357,1523,166,19807
-18450,1359,1529,170,19809
-18450,1372,1529,157,19822
-18450,1373,1529,156,19823
-18450,1377,1531,154,19827
-18450,1392,1532,140,19842
-18450,1368,1533,165,19818
-18450,1360,1534,174,19810
-18450,1368,1534,166,19818
-18450,1382,1536,154,19832
-18450,1390,1538,148,19840
-18450,1377,1538,161,19827
-18450,1381,1540,159,19831
-18450,1393,1540,147,19843
-18450,1370,1542,172,19820
-17890,1401,1544,143,19291
-17890,1413,1546,133,19303
-17890,1421,1549,128,19311
-18450,1379,1550,171,19829
-18450,1378,1550,172,19828
-17890,1408,1551,143,19298
-18450,1368,1551,183,19818
-18450,1386,1552,166,19836
-18450,1387,1554,167,19837
-18450,1396,1555,159,19846
-17890,1431,1555,124,19321
-18450,1394,1557,163,19844
-18450,1373,1558,185,19823
-17890,1423,1560,137,19313
-18450,1394,1564,170,19844
-17890,1407,1565,158,19297
-17890,1410,1565,155,19300
-17890,1399,1569,170,19289
-17890,1416,1570,154,19306
-17890,1409,1577,168,19299
-17890,1436,1579,143,19326
-17890,1418,1583,165,19308
-17890,1412,1584,172,19302
-17890,1412,1586,174,19302
-17890,1439,1588,149,19329
-17890,1443,1595,152,19333
-17890,1438,1596,158,19328
-17890,1447,1596,149,19337
-17890,1434,1597,163,19324
-17890,1435,1602,167,19325
-17890,1459,1603,144,19349
-17890,1445,1604,159,19335
-17890,1444,1607,163,19334
-17890,1453,1613,160,19343
-17890,1457,1617,160,19347
-17890,1465,1618,153,19355
-17890,1450,1619,169,19340
-17890,1463,1621,158,19353
-17890,1462,1621,159,19352
-17890,1454,1624,170,19344
-17890,1465,1625,160,19355
-17890,1452,1631,179,19342
-17890,1475,1638,163,19365
-17890,1488,1638,150,19378
-17890,1482,1639,157,19372
-17890,1485,1639,154,19375
-17890,1497,1642,145,19387
-17890,1474,1643,169,19364
-17890,1474,1644,170,19364
-17890,1487,1651,164,19377
-17890,1503,1651,148,19393
-17890,1499,1652,153,19389
-17890,1499,1654,155,19389
-17890,1530,1657,127,19420
-17890,1536,1659,123,19426
-17890,1500,1663,163,19390
-17890,1524,1666,142,19414
-17890,1530,1667,137,19420
-17890,1521,1668,147,19411
-17890,1484,1668,184,19374
-17890,1509,1671,162,19399
-17890,1494,1673,179,19384
-17890,1501,1676,175,19391
-17890,1511,1679,168,19401
-17890,1512,1680,168,19402
-17890,1529,1683,154,19419
-17890,1544,1685,141,19434
-17890,1553,1690,137,19443
-17890,1513,1694,181,19403
-17890,1539,1694,155,19429
-17890,1532,1695,163,19422
-17890,1534,1696,162,19424
-17890,1531,1696,165,19421
-17890,1550,1696,146,19440
-17890,1540,1696,156,19430
-17890,1555,1700,145,19445
-17890,1550,1701,151,19440
-17890,1551,1702,151,19441
-17890,1566,1705,139,19456
-17890,1535,1707,172,19425
-17890,1539,1708,169,19429
-17890,1534,1714,180,19424
-17890,1554,1714,160,19444
-17890,1541,1715,174,19431
-17890,1552,1714,162,19442
-17890,1542,1720,178,19432
-17890,1547,1721,174,19437
-17890,1557,1720,163,19447
-17890,1558,1722,164,19448
-17890,1552,1723,171,19442
-17890,1577,1724,147,19467
-17890,1561,1725,164,19451
-17890,1570,1729,159,19460
-17890,1565,1730,165,19455
-17890,1569,1731,162,19459
-17890,1580,1732,152,19470
-17890,1564,1733,169,19454
-17890,1559,1736,177,19449
-17890,1585,1739,154,19475
-20481,354,1744,1390,20835
-17890,1586,1745,159,19476
-17890,1588,1748,160,19478
-17890,1583,1755,172,19473
-17890,1595,1756,161,19485
-17890,1598,1757,159,19488
-17890,1596,1757,161,19486
-17890,1604,1758,154,19494
-17890,1621,1759,138,19511
-17890,1626,1762,136,19516
-17890,1607,1764,157,19497
-17890,1602,1763,161,19492
-17890,1619,1764,145,19509
-17890,1614,1766,152,19504
-17890,1596,1767,171,19486
-17890,1618,1769,151,19508
-17890,1625,1771,146,19515
-17890,1605,1775,170,19495
-17890,1617,1775,158,19507
-17890,1643,1781,138,19533
-17890,1632,1781,149,19522
-17890,1639,1788,149,19529
-17890,1622,1792,170,19512
-17890,1638,1793,155,19528
-17890,1639,1799,160,19529
-17890,1644,1804,160,19534
-17890,1639,1805,166,19529
-17890,1645,1816,171,19535
-17890,1666,1822,156,19556
-17890,1667,1822,155,19557
-17890,1653,1822,169,19543
-17890,1658,1823,165,19548
-17890,1660,1829,169,19550
-17890,1654,1828,174,19544
-17890,1652,1829,177,19542
-17890,1651,1833,182,19541
-17890,1677,1833,156,19567
-17890,1684,1834,150,19574
-17890,1672,1834,162,19562
-17890,1669,1843,174,19559
-17890,1664,1844,180,19554
-17890,1668,1847,179,19558
-17890,1695,1854,159,19585
-17890,1686,1857,171,19576
-17890,1714,1856,142,19604
-17890,1697,1860,163,19587
-17890,1673,1861,188,19563
-17890,1697,1863,166,19587
-17890,1694,1863,169,19584
-17890,1680,1863,183,19570
-17890,1707,1863,156,19597
-17890,1697,1865,168,19587
-17890,1702,1865,163,19592
-17890,1701,1866,165,19591
-17890,1696,1867,171,19586
-17890,1702,1871,169,19592
-17890,1696,1872,176,19586
-17890,1705,1877,172,19595
-17890,1709,1882,173,19599
-17890,1723,1882,159,19613
-17890,1721,1882,161,19611
-17890,1691,1883,192,19581
-17890,1731,1883,152,19621
-17890,1715,1886,171,19605
-17890,1730,1886,156,19620
-17890,1725,1887,162,19615
-17890,1724,1888,164,19614
-17890,1715,1890,175,19605
-17890,1720,1891,171,19610
-17890,1739,1892,153,19629
-17890,1681,1894,213,19571
-17890,1733,1894,161,19623
-17890,1731,1899,168,19621
-17890,1736,1901,165,19626
-17890,1725,1903,178,19615
-17890,1715,1904,189,19605
-17890,1721,1905,184,19611
-17890,1746,1907,161,19636
-17890,1745,1916,171,19635
-17890,1732,1916,184,19622
-17890,1758,1921,163,19648
-17890,1757,1923,166,19647
-17890,1764,1927,163,19654
-17890,1749,1926,177,19639
-17890,1756,1927,171,19646
-17890,1764,1927,163,19654
-17890,1763,1932,169,19653
-17890,1766,1933,167,19656
-17890,1776,1934,158,19666
-17890,1770,1938,168,19660
-17890,1772,1939,167,19662
-17890,1759,1939,180,19649
-17890,1758,1941,183,19648
-17890,1757,1942,185,19647
-17890,1781,1943,162,19671
-17890,1782,1946,164,19672
-17890,1776,1947,171,19666
-17890,1764,1947,183,19654
-17890,1768,1948,180,19658
-17890,1793,1948,155,19683
-17890,1789,1949,160,19679
-17890,1804,1964,160,19694
-17890,1805,1965,160,19695
-17890,1793,1966,173,19683
-17890,1800,1969,169,19690
-17890,1816,1970,154,19706
-17890,1830,1970,140,19720
-17890,1823,1974,151,19713
-17890,1829,1984,155,19719
-17890,1834,1987,153,19724
-17890,1823,1988,165,19713
-17890,1824,1998,174,19714
-17890,1834,2000,166,19724
-17890,1848,2000,152,19738
-17890,1857,2002,145,19747
-17890,1834,2003,169,19724
-17890,1857,2006,149,19747
-17890,1864,2008,144,19754
-17890,1845,2010,165,19735
-17890,1864,2013,149,19754
-17890,1833,2014,181,19723
-17890,1822,2014,192,19712
-17890,1829,2015,186,19719
-17890,1844,2020,176,19734
-17890,1868,2022,154,19758
-17890,1872,2023,151,19762
-17890,1861,2024,163,19751
-17890,1883,2028,145,19773
-17890,1855,2028,173,19745
-17890,1877,2029,152,19767
-17890,1872,2030,158,19762
-17890,1904,2030,126,19794
-17890,1883,2030,147,19773
-17890,1865,2034,169,19755
-17890,1884,2035,151,19774
-17890,1867,2036,169,19757
-17890,1884,2041,157,19774
-17890,1863,2041,178,19753
-17890,1863,2043,180,19753
-17890,1887,2044,157,19777
-17890,1888,2045,157,19778
-17890,1865,2047,182,19755
-17890,1895,2047,152,19785
-17890,1860,2047,187,19750
-17890,1893,2052,159,19783
-17890,1891,2053,162,19781
-17890,1888,2056,168,19778
-17890,1895,2057,162,19785
-17890,1901,2056,155,19791
-17890,1890,2056,166,19780
-17890,1900,2057,157,19790
-17890,1883,2061,178,19773
-17890,1917,2065,148,19807
-17890,1905,2066,161,19795
-17890,1917,2068,151,19807
-17890,1922,2073,151,19812
-17890,1924,2073,149,19814
-17890,1903,2075,172,19793
-17890,1887,2075,188,19777
-17890,1908,2077,169,19798
-16865,1949,2079,130,18814
-17890,1927,2091,164,19817
-16865,1928,2090,162,18793
-16865,1938,2091,153,18803
-16865,1942,2092,150,18807
-16865,1940,2092,152,18805
-16865,1948,2095,147,18813
-16865,1949,2097,148,18814
-16865,1947,2098,151,18812
-16865,1948,2101,153,18813
-16865,1970,2103,133,18835
-16865,1928,2104,176,18793
-16865,1940,2106,166,18805
-16865,1932,2108,176,18797
-16865,1934,2109,175,18799
-16865,1949,2112,163,18814
-16865,1935,2114,179,18800
-16865,1943,2115,172,18808
-16865,1965,2117,152,18830
-16865,1967,2117,150,18832
-16865,1970,2125,155,18835
-16865,1974,2129,155,18839
-16865,1970,2131,161,18835
-16865,1942,2135,193,18807
-16865,1989,2141,152,18854
-16865,1984,2144,160,18849
-16865,1987,2147,160,18852
-16865,1995,2147,152,18860
-16865,2003,2158,155,18868
-16865,2001,2159,158,18866
-16865,1999,2160,161,18864
-16865,2001,2166,165,18866
-16865,2010,2174,164,18875
-16865,2035,2180,145,18900
-16865,2013,2180,167,18878
-16865,2003,2180,177,18868
-16865,2016,2180,164,18881
-16865,2007,2181,174,18872
-16865,2015,2182,167,18880
-16865,2041,2183,142,18906
-16865,2043,2183,140,18908
-16865,2015,2184,169,18880
-16865,2008,2184,176,18873
-16865,2025,2187,162,18890
-16865,2066,2187,121,18931
-16865,2028,2190,162,18893
-16865,2021,2191,170,18886
-16865,2035,2192,157,18900
-16865,2022,2194,172,18887
-16865,2037,2195,158,18902
-16865,2029,2196,167,18894
-16865,2024,2197,173,18889
-16865,2030,2197,167,18895
-16865,2031,2198,167,18896
-16865,2031,2199,168,18896
-16865,2030,2204,174,18895
-16865,2053,2204,151,18918
-16865,2062,2207,145,18927
-16865,2048,2209,161,18913
-16865,2045,2211,166,18910
-16865,2047,2214,167,18912
-16865,2042,2216,174,18907
-16865,2045,2216,171,18910
-16865,2048,2216,168,18913
-16865,2057,2217,160,18922
-16865,2066,2218,152,18931
-16865,2057,2224,167,18922
-16865,2073,2223,150,18938
-16865,2069,2224,155,18934
-16865,2074,2226,152,18939
-16865,2054,2226,172,18919
-16865,2058,2231,173,18923
-16865,2057,2231,174,18922
-16865,2091,2233,142,18956
-16865,2075,2234,159,18940
-16865,2057,2237,180,18922
-16865,2076,2248,172,18941
-16865,2078,2251,173,18943
-16865,2091,2252,161,18956
-16865,2098,2252,154,18963
-16865,2093,2254,161,18958
-16865,2093,2256,163,18958
-16865,2103,2257,154,18968
-16865,2104,2259,155,18969
-16865,2106,2266,160,18971
-16865,2118,2266,148,18983
-16865,2080,2266,186,18945
-16865,2095,2268,173,18960
-16865,2091,2270,179,18956
-16865,2098,2271,173,18963
-16865,2110,2272,162,18975
-16865,2125,2273,148,18990
-16865,2108,2272,164,18973
-16865,2113,2272,159,18978
-16865,2105,2275,170,18970
-16865,2117,2279,162,18982
-16865,2116,2279,163,18981
-16865,2131,2284,153,18996
-16865,2115,2287,172,18980
-16865,2129,2288,159,18994
-16865,2147,2289,142,19012
-16865,2141,2290,149,19006
-18991,887,2292,1405,19878
-16865,2147,2297,150,19012
-16865,2145,2304,159,19010
-16865,2136,2307,171,19001
-16865,2161,2309,148,19026
-16865,2160,2316,156,19025
-16865,2159,2325,166,19024
-16865,2182,2330,148,19047
-16865,2180,2332,152,19045
-16865,2180,2334,154,19045
-16865,2167,2335,168,19032
-16865,2181,2341,160,19046
-16865,2194,2344,150,19059
-16865,2191,2344,153,19056
-16865,2181,2345,164,19046
-16865,2184,2346,162,19049
-16865,2174,2352,178,19039
-16865,2181,2353,172,19046
-16865,2191,2353,162,19056
-16865,2198,2355,157,19063
-16865,2183,2357,174,19048
-16865,2185,2357,172,19050
-16865,2188,2362,174,19053
-16865,2204,2366,162,19069
-16865,2193,2367,174,19058
-16865,2184,2369,185,19049
-16865,2197,2370,173,19062
-16865,2188,2370,182,19053
-16865,2218,2373,155,19083
-16865,2205,2373,168,19070
-16865,2224,2376,152,19089
-16865,2198,2376,178,19063
-16865,2198,2377,179,19063
-16865,2212,2377,165,19077
-16865,2210,2378,168,19075
-16865,2217,2380,163,19082
-16865,2195,2382,187,19060
-16865,2208,2382,174,19073
-16865,2200,2386,186,19065
-16865,2234,2389,155,19099
-16865,2217,2392,175,19082
-16865,2215,2395,180,19080
-16865,2216,2397,181,19081
-16865,2219,2397,178,19084
-16865,2225,2400,175,19090
-16865,2251,2402,151,19116
-16865,2253,2403,150,19118
-16865,2234,2404,170,19099
-16865,2232,2405,173,19097
-16865,2227,2406,179,19092
-16865,2254,2406,152,19119
-16865,2232,2413,181,19097
-16865,2260,2413,153,19125
-16865,2249,2414,165,19114
-16865,2224,2419,195,19089
-16865,2253,2421,168,19118
-16865,2237,2420,183,19102
-16865,2271,2422,151,19136
-16865,2227,2423,196,19092
-16865,2266,2425,159,19131
-16865,2257,2427,170,19122
-16865,2273,2432,159,19138
-16865,2256,2432,176,19121
-16865,2268,2435,167,19133
-16865,2266,2438,172,19131
-16865,2273,2441,168,19138
-16865,2273,2448,175,19138
-16865,2285,2448,163,19150
-16865,2273,2450,177,19138
-16865,2304,2450,146,19169
-16865,2279,2450,171,19144
-16865,2271,2450,179,19136
-16865,2280,2450,170,19145
-16865,2267,2452,185,19132
-16865,2276,2455,179,19141
-16865,2290,2456,166,19155
-16865,2297,2457,160,19162
-16865,2288,2458,170,19153
-16865,2309,2459,150,19174
-16865,2288,2463,175,19153
-16865,2290,2463,173,19155
-16865,2293,2464,171,19158
-16865,2317,2480,163,19182
-16865,2326,2480,154,19191
-16865,2331,2489,158,19196
-16865,2341,2491,150,19206
-16865,2308,2494,186,19173
-16865,2335,2496,161,19200
-16865,2347,2499,152,19212
-16865,2332,2500,168,19197
-16865,2345,2506,161,19210
-16865,2354,2510,156,19219
-16865,2355,2514,159,19220
-16865,2346,2516,170,19211
-16865,2335,2521,186,19200
-16865,2354,2522,168,19219
-16865,2358,2521,163,19223
-16865,2377,2525,148,19242
-16865,2357,2524,167,19222
-16865,2344,2526,182,19209
-16865,2352,2527,175,19217
-16865,2398,2527,129,19263
-16865,2370,2527,157,19235
-16865,2380,2528,148,19245
-16865,2362,2531,169,19227
-16865,2378,2535,157,19243
-16865,2392,2535,143,19257
-16865,2376,2536,160,19241
-16865,2383,2536,153,19248
-16865,2378,2538,160,19243
-16865,2373,2538,165,19238
-16865,2368,2540,172,19233
-16865,2366,2541,175,19231
-16865,2403,2543,140,19268
-16865,2371,2545,174,19236
-16865,2370,2545,175,19235
-16865,2374,2546,172,19239
-16865,2378,2548,170,19243
-16865,2397,2549,152,19262
-16865,2386,2549,163,19251
-16865,2383,2549,166,19248
-16865,2401,2554,153,19266
-16865,2403,2555,152,19268
-16865,2390,2558,168,19255
-16865,2425,2562,137,19290
-16865,2413,2561,148,19278
-16865,2404,2563,159,19269
-16865,2407,2568,161,19272
-16865,2415,2569,154,19280
-16865,2420,2570,150,19285
-16865,2395,2571,176,19260
-16865,2406,2572,166,19271
-16865,2421,2579,158,19286
-16865,2422,2587,165,19287
-16865,2424,2587,163,19289
-16865,2407,2588,181,19272
-16865,2436,2590,154,19301
-16865,2428,2591,163,19293
-16865,2421,2591,170,19286
-16865,2451,2592,141,19316
-16865,2414,2598,184,19279
-16865,2451,2599,148,19316
-16865,2442,2600,158,19307
-16327,2457,2602,145,18784
-16865,2450,2602,152,19315
-16865,2433,2602,169,19298
-16865,2433,2604,171,19298
-16327,2459,2604,145,18786
-16865,2439,2605,166,19304
-16865,2449,2611,162,19314
-16865,2449,2611,162,19314
-16865,2451,2612,161,19316
-16327,2481,2613,132,18808
-16327,2463,2615,152,18790
-16327,2458,2621,163,18785
-16327,2465,2625,160,18792
-16327,2481,2627,146,18808
-16327,2453,2633,180,18780
-16327,2464,2633,169,18791
-16327,2459,2638,179,18786
-16327,2500,2648,148,18827
-16327,2506,2649,143,18833
-16327,2455,2649,194,18782
-16327,2523,2649,126,18850
-16327,2497,2653,156,18824
-16327,2492,2654,162,18819
-16327,2500,2663,163,18827
-16327,2522,2668,146,18849
-16327,2515,2670,155,18842
-16327,2511,2669,158,18838
-16327,2490,2672,182,18817
-16327,2527,2672,145,18854
-16327,2517,2673,156,18844
-16327,2526,2674,148,18853
-16327,2536,2677,141,18863
-16327,2525,2681,156,18852
-16327,2521,2682,161,18848
-16327,2527,2690,163,18854
-16327,2523,2692,169,18850
-16327,2539,2692,153,18866
-16327,2544,2692,148,18871
-16327,2538,2693,155,18865
-16327,2549,2695,146,18876
-16327,2564,2697,133,18891
-16327,2527,2699,172,18854
-16327,2542,2700,158,18869
-16327,2536,2700,164,18863
-16327,2528,2701,173,18855
-16327,2570,2703,133,18897
-16327,2536,2704,168,18863
-16327,2532,2704,172,18859
-16327,2525,2704,179,18852
-16327,2536,2706,170,18863
-16327,2549,2708,159,18876
-16327,2554,2709,155,18881
-16327,2546,2711,165,18873
-16327,2548,2711,163,18875
-16327,2546,2711,165,18873
-16327,2559,2712,153,18886
-16327,2568,2713,145,18895
-16327,2562,2716,154,18889
-16327,2546,2717,171,18873
-16327,2541,2721,180,18868
-16327,2569,2723,154,18896
-16327,2549,2725,176,18876
-16327,2556,2727,171,18883
-16327,2591,2736,145,18918
-16327,2591,2739,148,18918
-16327,2562,2740,178,18889
-16327,2573,2740,167,18900
-16327,2600,2744,144,18927
-16327,2612,2745,133,18939
-16327,2602,2750,148,18929
-16327,2587,2752,165,18914
-16327,2580,2752,172,18907
-16327,2572,2754,182,18899
-16327,2604,2756,152,18931
-16327,2588,2761,173,18915
-16327,2593,2764,171,18920
-16327,2602,2766,164,18929
-16327,2613,2766,153,18940
-16327,2605,2767,162,18932
-16327,2589,2771,182,18916
-16327,2599,2771,172,18926
-16327,2592,2773,181,18919
-16327,2606,2774,168,18933
-16327,2599,2775,176,18926
-16327,2616,2782,166,18943
-16327,2603,2789,186,18930
-16327,2626,2789,163,18953
-16327,2622,2792,170,18949
-16327,2614,2793,179,18941
-16327,2612,2794,182,18939
-16327,2634,2796,162,18961
-18447,1398,2797,1399,19845
-16327,2628,2803,175,18955
-16327,2633,2803,170,18960
-16327,2655,2806,151,18982
-16327,2650,2810,160,18977
-16327,2649,2810,161,18976
-16327,2648,2811,163,18975
-16327,2654,2820,166,18981
-16327,2670,2825,155,18997
-16327,2673,2827,154,19000
-16327,2672,2827,155,18999
-16327,2692,2829,137,19019
-16327,2638,2829,191,18965
-16327,2670,2831,161,18997
-16327,2663,2831,168,18990
-16327,2669,2832,163,18996
-16327,2649,2831,182,18976
-16327,2694,2833,139,19021
-16327,2674,2840,166,19001
-16327,2682,2843,161,19009
-16327,2693,2843,150,19020
-16327,2682,2843,161,19009
-16327,2678,2843,165,19005
-16327,2673,2847,174,19000
-16327,2696,2852,156,19023
-16327,2705,2852,147,19032
-16327,2700,2853,153,19027
-16327,2709,2857,148,19036
-16327,2699,2857,158,19026
-16327,2701,2858,157,19028
-16327,2690,2863,173,19017
-16327,2704,2866,162,19031
-16327,2693,2866,173,19020
-16327,2698,2869,171,19025
-16327,2700,2870,170,19027
-16327,2711,2871,160,19038
-16327,2703,2871,168,19030
-16327,2709,2871,162,19036
-16327,2712,2873,161,19039
-16327,2717,2874,157,19044
-16327,2705,2876,171,19032
-16327,2711,2879,168,19038
-16327,2718,2878,160,19045
-16327,2707,2880,173,19034
-16327,2727,2883,156,19054
-16327,2712,2888,176,19039
-16327,2714,2891,177,19041
-16327,2723,2892,169,19050
-16327,2722,2897,175,19049
-16327,2726,2900,174,19053
-16327,2745,2903,158,19072
-16327,2752,2907,155,19079
-16327,2740,2906,166,19067
-16327,2740,2909,169,19067
-16327,2756,2913,157,19083
-16327,2737,2913,176,19064
-16327,2740,2917,177,19067
-16327,2774,2918,144,19101
-16327,2764,2918,154,19091
-16327,2744,2919,175,19071
-16327,2767,2924,157,19094
-16327,2768,2925,157,19095
-16327,2766,2926,160,19093
-16327,2762,2928,166,19089
-16327,2752,2929,177,19079
-16327,2776,2930,154,19103
-16327,2755,2930,175,19082
-16327,2751,2931,180,19078
-16327,2782,2934,152,19109
-16327,2775,2934,159,19102
-16327,2772,2937,165,19099
-16327,2794,2943,149,19121
-16327,2789,2945,156,19116
-16327,2790,2956,166,19117
-16327,2797,2958,161,19124
-16327,2795,2959,164,19122
-16327,2772,2959,187,19099
-16327,2811,2962,151,19138
-16327,2793,2967,174,19120
-16327,2810,2969,159,19137
-16327,2820,2970,150,19147
-16327,2804,2970,166,19131
-16327,2807,2972,165,19134
-16327,2825,2976,151,19152
-16327,2832,2980,148,19159
-16327,2798,2983,185,19125
-16327,2827,2985,158,19154
-16327,2803,2986,183,19130
-16327,2828,2988,160,19155
-16327,2834,2991,157,19161
-16327,2831,2996,165,19158
-16327,2830,2996,166,19157
-16327,2853,2997,144,19180
-16327,2830,3002,172,19157
-16327,2841,3002,161,19168
-16327,2844,3004,160,19171
-16327,2832,3006,174,19159
-16327,2831,3006,175,19158
-16327,2812,3008,196,19139
-16327,2843,3011,168,19170
-16327,2859,3013,154,19186
-16327,2854,3014,160,19181
-16327,2843,3014,171,19170
-16327,2858,3014,156,19185
-16327,2847,3017,170,19174
-16327,2852,3019,167,19179
-16327,2858,3018,160,19185
-16327,2873,3019,146,19200
-16327,2866,3022,156,19193
-16327,2871,3023,152,19198
-16327,2879,3027,148,19206
-16327,2870,3029,159,19197
-16327,2843,3029,186,19170
-16327,2863,3033,170,19190
-16327,2883,3034,151,19210
-16327,2871,3037,166,19198
-16327,2881,3040,159,19208
-16327,2871,3040,169,19198
-16327,2877,3042,165,19204
-16327,2879,3044,165,19206
-16327,2871,3045,174,19198
-16327,2867,3047,180,19194
-16327,2907,3054,147,19234
-16327,2892,3056,164,19219
-16327,2893,3046,153,19220
-16327,2898,3059,161,19225
-16327,2907,3059,152,19234
-16327,2874,3066,192,19201
-16327,2925,3069,144,19252
-16327,2909,3071,162,19236
-16327,2919,3072,153,19246
-16327,2919,3074,155,19246
-16327,2889,3078,189,19216
-16327,2917,3082,165,19244
-16327,2935,3082,147,19262
-16327,2900,3083,183,19227
-16327,2931,3085,154,19258
-16327,2926,3087,161,19253
-16327,2930,3087,157,19257
-16327,2904,3089,185,19231
-16327,2924,3089,165,19251
-16327,2914,3090,176,19241
-16327,2929,3091,162,19256
-16327,2913,3092,179,19240
-16327,2919,3094,175,19246
-16327,2938,3094,156,19265
-16327,2931,3096,165,19258
-16327,2930,3097,167,19257
-16327,2935,3098,163,19262
-16327,2960,3098,138,19287
-16327,2946,3109,163,19273
-16327,2959,3115,156,19286
-16327,2973,3116,143,19300
-16327,2968,3120,152,19295
-16315,2997,3121,124,19312
-16327,2963,3121,158,19290
-16327,2943,3123,180,19270
-16327,2956,3122,166,19283
-16327,2958,3124,166,19285
-16327,2981,3134,153,19308
-16327,2970,3136,166,19297
-16315,3004,3137,133,19319
-16315,3002,3138,136,19317
-16327,2971,3139,168,19298
-16327,2987,3139,152,19314
-16327,2986,3139,153,19313
-16327,2976,3141,165,19303
-16315,3007,3143,136,19322
-16327,2970,3144,174,19297
-16315,2996,3147,151,19311
-16315,2997,3150,153,19312
-16327,2989,3151,162,19316
-16315,3019,3153,134,19334
-16315,3007,3154,147,19322
-16327,2984,3155,171,19311
-16315,3024,3156,132,19339
-16315,3009,3157,148,19324
-16315,3018,3158,140,19333
-16315,3003,3162,159,19318
-16315,3012,3167,155,19327
-16315,3015,3167,152,19330
-16315,3015,3176,161,19330
-16315,3023,3180,157,19338
-16315,3019,3181,162,19334
-16315,3035,3184,149,19350
-16315,3019,3184,165,19334
-16315,3027,3186,159,19342
-16315,3030,3187,157,19345
-16315,3014,3188,174,19329
-16315,3040,3192,152,19355
-16315,3034,3194,160,19349
-16315,3015,3199,184,19330
-16315,3041,3200,159,19356
-16315,3044,3204,160,19359
-16315,3043,3204,161,19358
-16315,3047,3205,158,19362
-16315,3037,3206,169,19352
-16315,3057,3214,157,19372
-16315,3045,3214,169,19360
-16315,3054,3214,160,19369
-16315,3059,3217,158,19374
-16315,3059,3219,160,19374
-16315,3092,3222,130,19407
-16315,3066,3222,156,19381
-16315,3072,3226,154,19387
-16315,3096,3229,133,19411
-16315,3072,3230,158,19387
-16315,3070,3232,162,19385
-16315,3083,3231,148,19398
-16315,3078,3235,157,19393
-16315,3059,3238,179,19374
-16315,3089,3242,153,19404
-16315,3082,3244,162,19397
-16315,3091,3245,154,19406
-16315,3075,3246,171,19390
-16315,3092,3246,154,19407
-16315,3060,3246,186,19375
-16315,3095,3247,152,19410
-16315,3088,3250,162,19403
-16315,3088,3250,162,19403
-16315,3085,3251,166,19400
-16315,3083,3255,172,19398
-16315,3098,3255,157,19413
-16315,3122,3257,135,19437
-16315,3095,3258,163,19410
-16315,3098,3259,161,19413
-16315,3089,3258,169,19404
-16315,3098,3261,163,19413
-16315,3116,3266,150,19431
-16315,3122,3271,149,19437
-16315,3134,3273,139,19449
-16315,3139,3273,134,19454
-16315,3115,3275,160,19430
-16315,3123,3279,156,19438
-16315,3110,3280,170,19425
-16315,3121,3291,170,19436
-16315,3124,3296,172,19439
-16315,3139,3296,157,19454
-16315,3137,3296,159,19452
-16315,3139,3303,164,19454
-16315,3154,3304,150,19469
-16315,3123,3307,184,19438
-16315,3144,3308,164,19459
-16315,3138,3308,170,19453
-16315,3145,3310,165,19460
-16315,3147,3311,164,19462
-16315,3142,3318,176,19457
-16315,3150,3319,169,19465
-16315,3139,3319,180,19454
-16315,3159,3324,165,19474
-16315,3156,3325,169,19471
-16315,3158,3326,168,19473
-16315,3156,3328,172,19471
-17887,1927,3330,1403,19814
-16315,3181,3331,150,19496
-16315,3168,3332,164,19483
-16315,3167,3333,166,19482
-16315,3163,3336,173,19478
-16315,3155,3338,183,19470
-16315,3182,3341,159,19497
-16315,3184,3341,157,19499
-16315,3189,3342,153,19504
-16315,3152,3342,190,19467
-16315,3177,3347,170,19492
-16315,3195,3348,153,19510
-16315,3193,3349,156,19508
-16315,3200,3352,152,19515
-16315,3206,3353,147,19521
-16315,3187,3354,167,19502
-16315,3187,3355,168,19502
-16315,3185,3355,170,19500
-16315,3204,3355,151,19519
-16315,3201,3358,157,19516
-16315,3218,3360,142,19533
-16315,3205,3363,158,19520
-16315,3214,3366,152,19529
-16315,3215,3367,152,19530
-16315,3222,3372,150,19537
-16315,3227,3373,146,19542
-16315,3214,3375,161,19529
-16315,3219,3377,158,19534
-16315,3223,3385,162,19538
-16315,3206,3386,180,19521
-16315,3230,3387,157,19545
-16315,3232,3397,165,19547
-16315,3251,3398,147,19566
-16315,3230,3400,170,19545
-16315,3238,3400,162,19553
-16315,3235,3400,165,19550
-16315,3247,3401,154,19562
-16315,3258,3403,145,19573
-16315,3258,3413,155,19573
-16315,3247,3413,166,19562
-16315,3246,3413,167,19561
-16315,3252,3418,166,19567
-16315,3272,3419,147,19587
-16315,3247,3420,173,19562
-16315,3273,3420,147,19588
-16315,3245,3422,177,19560
-16315,3259,3422,163,19574
-16315,3245,3424,179,19560
-16315,3255,3426,171,19570
-16315,3261,3427,166,19576
-16315,3232,3427,195,19547
-16315,3255,3434,179,19570
-16315,3251,3436,185,19566
-16315,3259,3435,176,19574
-16315,3243,3438,195,19558
-16315,3267,3438,171,19582
-16315,3281,3440,159,19596
-16315,3275,3441,166,19590
-16315,3273,3445,172,19588
-16315,3304,3449,145,19619
-16315,3297,3452,155,19612
-16315,3307,3455,148,19622
-16315,3292,3459,167,19607
-16315,3280,3461,181,19595
-16315,3297,3463,166,19612
-16315,3309,3465,156,19624
-16315,3304,3468,164,19619
-16315,3311,3469,158,19626
-16315,3319,3472,153,19634
-16315,3312,3473,161,19627
-16315,3327,3475,148,19642
-16315,3296,3481,185,19611
-16315,3330,3482,152,19645
-16315,3341,3487,146,19656
-16315,3325,3488,163,19640
-16315,3328,3492,164,19643
-16315,3336,3496,160,19651
-16315,3320,3497,177,19635
-16315,3308,3498,190,19623
-16315,3331,3501,170,19646
-16315,3325,3503,178,19640
-16315,3333,3505,172,19648
-16315,3342,3506,164,19657
-16315,3333,3508,175,19648
-16315,3342,3510,168,19657
-16315,3355,3511,156,19670
-16315,3350,3516,166,19665
-16315,3363,3518,155,19678
-16315,3319,3519,200,19634
-16315,3349,3521,172,19664
-16315,3343,3521,178,19658
-16315,3359,3522,163,19674
-16315,3339,3522,183,19654
-16315,3348,3522,174,19663
-16315,3355,3523,168,19670
-16315,3356,3526,170,19671
-16315,3361,3526,165,19676
-16315,3354,3529,175,19669
-16315,3373,3531,158,19688
-16315,3367,3531,164,19682
-16315,3368,3533,165,19683
-16315,3353,3534,181,19668
-16315,3386,3535,149,19701
-16315,3377,3538,161,19692
-16315,3387,3539,152,19702
-16315,3376,3541,165,19691
-16315,3356,3542,186,19671
-16315,3373,3550,177,19688
-16315,3398,3552,154,19713
-16315,3399,3562,163,19714
-16315,3420,3566,146,19735
-16315,3387,3567,180,19702
-16315,3400,3568,168,19715
-16315,3401,3569,168,19716
-16315,3400,3570,170,19715
-16315,3422,3569,147,19737
-16315,3401,3571,170,19716
-16315,3413,3571,158,19728
-16315,3424,3572,148,19739
-16315,3427,3572,145,19742
-16315,3434,3576,142,19749
-16315,3423,3582,159,19738
-16315,3414,3582,168,19729
-16315,3426,3583,157,19741
-16315,3419,3584,165,19734
-16315,3403,3584,181,19718
-16315,3418,3590,172,19733
-16315,3414,3590,176,19729
-16315,3441,3591,150,19756
-16315,3468,3594,126,19783
-16315,3446,3599,153,19761
-16315,3438,3601,163,19753
-16315,3438,3603,165,19753
-16315,3459,3608,149,19774
-16315,3428,3607,179,19743
-16315,3441,3609,168,19756
-16315,3449,3609,160,19764
-16315,3421,3612,191,19736
-16315,3436,3615,179,19751
-16315,3436,3615,179,19751
-16315,3453,3619,166,19768
-16315,3463,3624,161,19778
-16315,3456,3626,170,19771
-16315,3462,3627,165,19777
-16315,3466,3628,162,19781
-16315,3474,3630,156,19789
-16315,3487,3630,143,19802
-16315,3470,3635,165,19785
-16315,3472,3638,166,19787
-16315,3498,3639,141,19813
-16315,3493,3643,150,19808
-16315,3496,3643,147,19811
-16315,3482,3646,164,19797
-16315,3476,3649,173,19791
-16315,3503,3651,148,19818
-15819,3530,3657,127,19349
-16315,3498,3663,165,19813
-16315,3488,3664,176,19803
-16315,3510,3666,156,19825
-15819,3523,3667,144,19342
-16315,3506,3668,162,19821
-16315,3501,3669,168,19816
-15819,3522,3668,146,19341
-15819,3519,3677,158,19338
-15819,3521,3678,157,19340
-15819,3527,3679,152,19346
-16315,3516,3679,163,19831
-16315,3509,3681,172,19824
-15819,3527,3681,154,19346
-16315,3512,3682,170,19827
-16315,3505,3684,179,19820
-15819,3524,3686,162,19343
-16315,3482,3686,204,19797
-15819,3523,3687,164,19342
-15819,3542,3687,145,19361
-15819,3539,3688,149,19358
-15819,3534,3689,155,19353
-15819,3531,3689,158,19350
-15819,3536,3691,155,19355
-15819,3521,3694,173,19340
-15819,3539,3694,155,19358
-15819,3535,3695,160,19354
-15819,3532,3703,171,19351
-15819,3550,3706,156,19369
-15819,3570,3711,141,19389
-15819,3567,3712,145,19386
-15819,3553,3715,162,19372
-15819,3563,3716,153,19382
-15819,3541,3716,175,19360
-15819,3566,3722,156,19385
-15819,3572,3725,153,19391
-15819,3570,3726,156,19389
-15819,3573,3727,154,19392
-15819,3582,3732,150,19401
-15819,3569,3732,163,19388
-15819,3572,3732,160,19391
-15819,3576,3734,158,19395
-15819,3570,3738,168,19389
-15819,3591,3739,148,19410
-15819,3602,3739,137,19421
-15819,3590,3739,149,19409
-15819,3599,3742,143,19418
-15819,3585,3745,160,19404
-15819,3573,3748,175,19392
-15819,3584,3751,167,19403
-15819,3585,3751,166,19404
-15819,3595,3757,162,19414
-15819,3591,3759,168,19410
-15819,3599,3765,166,19418
-15819,3603,3768,165,19422
-15819,3616,3770,154,19435
-15819,3610,3772,162,19429
-15819,3615,3773,158,19434
-15819,3612,3774,162,19431
-15819,3608,3775,167,19427
-15819,3651,3775,124,19470
-15819,3610,3776,166,19429
-15819,3619,3777,158,19438
-15819,3608,3782,174,19427
-15819,3628,3783,155,19447
-15819,3631,3787,156,19450
-15819,3625,3788,163,19444
-15819,3635,3794,159,19454
-15819,3627,3794,167,19446
-15819,3631,3797,166,19450
-15819,3639,3799,160,19458
-15819,3650,3802,152,19469
-15819,3627,3803,176,19446
-15819,3668,3807,139,19487
-15819,3658,3810,152,19477
-15819,3646,3810,164,19465
-15819,3644,3812,168,19463
-15819,3638,3812,174,19457
-15819,3663,3815,152,19482
-15819,3643,3823,180,19462
-15819,3667,3828,161,19486
-15819,3664,3827,163,19483
-15819,3669,3828,159,19488
-15819,3681,3835,154,19500
-15819,3689,3836,147,19508
-15819,3677,3836,159,19496
-15819,3681,3839,158,19500
-15819,3690,3840,150,19509
-15819,3686,3840,154,19505
-15819,3679,3841,162,19498
-15819,3683,3841,158,19502
-15819,3680,3842,162,19499
-15819,3687,3848,161,19506
-15819,3669,3848,179,19488
-15819,3695,3852,157,19514
-15819,3694,3854,160,19513
-15819,3668,3854,186,19487
-16862,2452,3855,1403,19314
-15819,3695,3857,162,19514
-15819,3691,3858,167,19510
-15819,3687,3858,171,19506
-15819,3678,3858,180,19497
-15819,3688,3863,175,19507
-15819,3707,3864,157,19526
-15819,3685,3865,180,19504
-15819,3690,3866,176,19509
-15819,3717,3868,151,19536
-15819,3717,3867,150,19536
-15819,3716,3870,154,19535
-15819,3704,3870,166,19523
-15819,3713,3872,159,19532
-15819,3723,3880,157,19542
-15819,3733,3882,149,19552
-15819,3733,3883,150,19552
-15819,3726,3887,161,19545
-15819,3727,3889,162,19546
-15819,3711,3891,180,19530
-15819,3739,3895,156,19558
-15819,3742,3900,158,19561
-15819,3739,3901,162,19558
-15819,3733,3903,170,19552
-15819,3726,3903,177,19545
-15819,3746,3907,161,19565
-15819,3738,3907,169,19557
-15819,3735,3908,173,19554
-15819,3739,3916,177,19558
-15819,3749,3921,172,19568
-15819,3752,3921,169,19571
-15819,3775,3924,149,19594
-15819,3752,3927,175,19571
-15819,3772,3929,157,19591
-15819,3758,3930,172,19577
-15819,3768,3931,163,19587
-15819,3776,3934,158,19595
-15819,3771,3938,167,19590
-15819,3759,3938,179,19578
-15819,3788,3944,156,19607
-15819,3774,3947,173,19593
-15819,3783,3951,168,19602
-15819,3778,3953,175,19597
-15819,3774,3954,180,19593
-15819,3777,3955,178,19596
-15819,3797,3955,158,19616
-15819,3782,3960,178,19601
-15819,3795,3963,168,19614
-15819,3799,3963,164,19618
-15819,3804,3966,162,19623
-15819,3766,3970,204,19585
-15819,3807,3971,164,19626
-15819,3788,3974,186,19607
-15819,3811,3974,163,19630
-15819,3795,3977,182,19614
-15819,3802,3978,176,19621
-15819,3815,3981,166,19634
-15819,3813,3982,169,19632
-15819,3813,3982,169,19632
-15819,3828,3987,159,19647
-15819,3811,3986,175,19630
-15819,3823,3987,164,19642
-15819,3835,3992,157,19654
-15819,3829,3992,163,19648
-15819,3841,3995,154,19660
-15819,3840,3995,155,19659
-15819,3841,3996,155,19660
-15819,3854,4005,151,19673
-15819,3840,4005,165,19659
-15819,3828,4007,179,19647
-15819,3852,4013,161,19671
-15819,3843,4014,171,19662
-15819,3837,4014,177,19656
-15819,3848,4015,167,19667
-15819,3836,4016,180,19655
-15819,3858,4020,162,19677
-15819,3857,4020,163,19676
-15819,3841,4020,179,19660
-15819,3856,4026,170,19675
-15819,3868,4032,164,19687
-15819,3854,4032,178,19673
-15819,3870,4033,163,19689
-15819,3859,4035,176,19678
-15819,3865,4035,170,19684
-15819,3880,4035,155,19699
-15819,3868,4037,169,19687
-15819,3848,4037,189,19667
-15819,3883,4037,154,19702
-15819,3863,4038,175,19682
-15819,3858,4040,182,19677
-15819,3865,4042,177,19684
-15819,3867,4043,176,19686
-15819,3870,4046,176,19689
-15819,3887,4047,160,19706
-15819,3873,4047,174,19692
-15819,3890,4051,161,19709
-15819,3901,4054,153,19720
-15819,3908,4058,150,19727
-15819,3901,4059,158,19720
-15819,3883,4061,178,19702
-15819,3904,4063,159,19723
-15819,3891,4067,176,19710
-15819,3908,4068,160,19727
-15819,3896,4069,173,19715
-15819,3917,4070,153,19736
-15819,3904,4070,166,19723
-15819,3909,4073,164,19728
-15819,3932,4076,144,19751
-15819,3922,4085,163,19741
-15819,3939,4088,149,19758
-15819,3939,4089,150,19758
-15819,3925,4092,167,19744
-15819,3922,4094,172,19741
-15819,3955,4097,142,19774
-15819,3945,4097,152,19764
-15819,3930,4098,168,19749
-15819,3935,4105,170,19754
-15819,3955,4107,152,19774
-15819,3947,4107,160,19766
-15819,3931,4110,179,19750
-15819,3983,4111,128,19802
-15819,3961,4113,152,19780
-15819,3927,4116,189,19746
-15819,3964,4121,157,19783
-15819,3951,4123,172,19770
-15819,3953,4126,173,19772
-15819,3972,4128,156,19791
-15819,3971,4130,159,19790
-15819,3993,4133,140,19812
-15819,3955,4133,178,19774
-15819,3987,4134,147,19806
-15819,3979,4134,155,19798
-15819,3967,4135,168,19786
-15819,3964,4138,174,19783
-15819,3978,4142,164,19797
-15819,3987,4145,158,19806
-15819,3988,4149,161,19807
-15819,4005,4150,145,19824
-15819,3996,4152,156,19815
-15819,3996,4153,157,19815
-15819,4020,4155,135,19839
-15819,3975,4155,180,19794
-15819,3983,4159,176,19802
-15819,3996,4159,163,19815
-15819,3982,4163,181,19801
-15819,3974,4166,192,19793
-15819,4016,4167,151,19835
-15819,4021,4170,149,19840
-15819,4015,4172,157,19834
-15819,4014,4173,159,19833
-15819,4036,4173,137,19855
-15819,4014,4175,161,19833
-15819,4015,4178,163,19834
-15819,3992,4183,191,19811
-15819,4008,4182,174,19827
-15819,4006,4183,177,19825
-15819,4033,4185,152,19852
-15819,4033,4188,155,19852
-15819,4035,4188,153,19854
-15819,4032,4189,157,19851
-15819,4035,4190,155,19854
-15266,4039,4193,154,19305
-15266,4046,4193,147,19312
-15266,4059,4195,136,19325
-15819,4021,4195,174,19840
-15266,4047,4195,148,19313
-15266,4042,4195,153,19308
-15819,4037,4196,159,19856
-15266,4038,4204,166,19304
-15266,4048,4206,158,19314
-15266,4044,4208,164,19310
-15819,4027,4208,181,19846
-15266,4041,4214,173,19307
-15266,4061,4216,155,19327
-15266,4055,4217,162,19321
-15266,4070,4219,149,19336
-15266,4052,4219,167,19318
-15266,4071,4222,151,19337
-15266,4076,4227,151,19342
-15266,4068,4228,160,19334
-15266,4095,4231,136,19361
-15266,4070,4237,167,19336
-15266,4089,4239,150,19355
-15266,4073,4241,168,19339
-15266,4067,4247,180,19333
-15266,4098,4248,150,19364
-15266,4058,4248,190,19324
-15266,4086,4251,165,19352
-15266,4097,4255,158,19363
-15266,4093,4255,162,19359
-15266,4099,4257,158,19365
-15266,4090,4257,167,19356
-15266,4110,4265,155,19376
-15266,4108,4268,160,19374
-15266,4113,4269,156,19379
-15266,4108,4273,165,19374
-15266,4113,4276,163,19379
-15266,4117,4281,164,19383
-15266,4109,4284,175,19375
-15266,4123,4286,163,19389
-15266,4129,4287,158,19395
-15266,4122,4289,167,19388
-15266,4064,4289,225,19330
-15266,4131,4289,158,19397
-15266,4134,4295,161,19400
-15266,4134,4298,164,19400
-15266,4154,4299,145,19420
-15266,4135,4300,165,19401
-15266,4127,4300,173,19393
-15266,4135,4300,165,19401
-15266,4139,4301,162,19405
-15266,4179,4306,127,19445
-15266,4143,4307,164,19409
-15266,4135,4308,173,19401
-15266,4156,4311,155,19422
-15266,4156,4311,155,19422
-15266,4151,4316,165,19417
-15266,4146,4321,175,19412
-15266,4149,4323,174,19415
-15266,4152,4326,174,19418
-15266,4170,4327,157,19436
-15266,4160,4328,168,19426
-15266,4175,4328,153,19441
-15266,4164,4330,166,19430
-15266,4167,4334,167,19433
-15266,4173,4340,167,19439
-15266,4168,4341,173,19434
-15266,4160,4341,181,19426
-15266,4185,4341,156,19451
-15266,4173,4345,172,19439
-15266,4183,4346,163,19449
-15266,4183,4348,165,19449
-15266,4196,4350,154,19462
-15266,4205,4358,153,19471
-15266,4183,4358,175,19449
-15266,4190,4359,169,19456
-15266,4209,4359,150,19475
-15266,4220,4361,141,19486
-15266,4188,4364,176,19454
-15266,4197,4364,167,19463
-15266,4188,4365,177,19454
-15266,4195,4366,171,19461
-15266,4195,4368,173,19461
-15266,4194,4368,174,19460
-15266,4217,4368,151,19483
-15266,4191,4369,178,19457
-15266,4174,4370,196,19440
-15266,4193,4373,180,19459
-15266,4227,4376,149,19493
-15266,4206,4377,171,19472
-15266,4209,4377,168,19475
-15266,4222,4378,156,19488
-15266,4219,4380,161,19485
-16324,2991,4386,1395,19315
-15266,4196,4386,190,19462
-15266,4240,4386,146,19506
-15266,4216,4389,173,19482
-15266,4215,4392,177,19481
-15266,4229,4392,163,19495
-15266,4232,4392,160,19498
-15266,4248,4398,150,19514
-15266,4249,4402,153,19515
-15266,4241,4403,162,19507
-15266,4252,4405,153,19518
-15266,4256,4409,153,19522
-15266,4247,4412,165,19513
-15266,4257,4414,157,19523
-15266,4265,4415,150,19531
-15266,4238,4419,181,19504
-15266,4269,4420,151,19535
-15266,4284,4426,142,19550
-15266,4255,4427,172,19521
-15266,4258,4427,169,19524
-15266,4274,4428,154,19540
-15266,4269,4432,163,19535
-15266,4288,4439,151,19554
-15266,4277,4442,165,19543
-15266,4296,4446,150,19562
-15266,4286,4453,167,19552
-15266,4282,4454,172,19548
-15266,4300,4456,156,19566
-15266,4290,4455,165,19556
-15266,4290,4463,173,19556
-15266,4300,4465,165,19566
-15266,4308,4466,158,19574
-15266,4290,4468,178,19556
-15266,4308,4471,163,19574
-15266,4312,4471,159,19578
-15266,4302,4473,171,19568
-15266,4300,4481,181,19566
-15266,4324,4482,158,19590
-15266,4307,4482,175,19573
-15266,4298,4483,185,19564
-15266,4301,4486,185,19567
-15266,4321,4487,166,19587
-15266,4312,4489,177,19578
-15266,4329,4495,166,19595
-15266,4329,4500,171,19595
-15266,4326,4508,182,19592
-15266,4335,4509,174,19601
-15266,4317,4510,193,19583
-15266,4342,4510,168,19608
-15266,4345,4510,165,19611
-15266,4340,4512,172,19606
-15266,4351,4512,161,19617
-15266,4328,4514,186,19594
-15266,4342,4516,174,19608
-15266,4347,4519,172,19613
-15266,4359,4525,166,19625
-15266,4331,4526,195,19597
-15266,4342,4526,184,19608
-15266,4365,4528,163,19631
-15266,4377,4529,152,19643
-15266,4369,4529,160,19635
-15266,4360,4531,171,19626
-15266,4348,4530,182,19614
-15266,4364,4533,169,19630
-15266,4362,4534,172,19628
-15266,4368,4538,170,19634
-15266,4387,4539,152,19653
-15266,4380,4543,163,19646
-15266,4369,4545,176,19635
-15266,4359,4546,187,19625
-15266,4371,4547,176,19637
-15266,4358,4547,189,19624
-15266,4378,4549,171,19644
-15266,4373,4551,178,19639
-15266,4377,4551,174,19643
-15266,4386,4552,166,19652
-15266,4392,4552,160,19658
-15266,4370,4553,183,19636
-15266,4399,4554,155,19665
-15266,4405,4555,150,19671
-15266,4366,4556,190,19632
-15266,4403,4560,157,19669
-15266,4386,4562,176,19652
-15266,4379,4564,185,19645
-15266,4416,4566,150,19682
-15266,4390,4565,175,19656
-15266,4366,4566,200,19632
-15266,4392,4566,174,19658
-15266,4420,4568,148,19686
-15266,4392,4568,176,19658
-15266,4409,4568,159,19675
-15266,4426,4574,148,19692
-15266,4421,4580,159,19687
-15266,4403,4581,178,19669
-15266,4428,4585,157,19694
-15266,4412,4586,174,19678
-15266,4427,4590,163,19693
-15266,4414,4594,180,19680
-15266,4427,4594,167,19693
-15266,4433,4597,164,19699
-15266,4455,4598,143,19721
-15266,4446,4604,158,19712
-15266,4440,4606,166,19706
-15266,4443,4612,169,19709
-15266,4466,4619,153,19732
-15266,4456,4619,163,19722
-15266,4456,4625,169,19722
-15266,4463,4624,161,19729
-15266,4453,4628,175,19719
-15266,4469,4628,159,19735
-15266,4490,4629,139,19756
-15266,4484,4630,146,19750
-15266,4472,4631,159,19738
-15266,4482,4634,152,19748
-15266,4482,4637,155,19748
-15266,4474,4637,163,19740
-15266,4471,4640,169,19737
-15266,4484,4641,157,19750
-15266,4495,4649,154,19761
-15266,4486,4650,164,19752
-15266,4466,4658,192,19732
-15266,4511,4658,147,19777
-15266,4512,4663,151,19778
-15266,4487,4663,176,19753
-15266,4509,4668,159,19775
-15266,4516,4670,154,19782
-15266,4500,4671,171,19766
-15266,4520,4676,156,19786
-15266,4515,4681,166,19781
-15266,4511,4683,172,19777
-15266,4529,4685,156,19795
-15266,4510,4686,176,19776
-15266,4531,4689,158,19797
-15266,4527,4690,163,19793
-15266,4546,4694,148,19812
-15266,4529,4694,165,19795
-15266,4546,4697,151,19812
-15266,4513,4698,185,19779
-15266,4511,4698,187,19777
-15266,4539,4700,161,19805
-15266,4527,4700,173,19793
-15266,4548,4701,153,19814
-15266,4539,4704,165,19805
-14700,4566,4705,139,19266
-15266,4526,4706,180,19792
-15266,4529,4707,178,19795
-15266,4533,4707,174,19799
-15266,4549,4708,159,19815
-15266,4531,4708,177,19797
-15266,4552,4712,160,19818
-15266,4552,4715,163,19818
-15266,4535,4714,179,19801
-15266,4554,4717,163,19820
-14700,4575,4717,142,19275
-15266,4550,4718,168,19816
-15266,4553,4718,165,19819
-15266,4543,4719,176,19809
-15266,4562,4720,158,19828
-15266,4555,4721,166,19821
-15266,4561,4723,162,19827
-15266,4557,4727,170,19823
-15266,4553,4730,177,19819
-14700,4569,4731,162,19269
-14700,4582,4737,155,19282
-15266,4564,4741,177,19830
-15266,4553,4743,190,19819
-14700,4567,4744,177,19267
-14700,4595,4748,153,19295
-14700,4568,4749,181,19268
-14700,4566,4750,184,19266
-14700,4599,4750,151,19299
-14700,4581,4751,170,19281
-14700,4569,4756,187,19269
-14700,4591,4764,173,19291
-14700,4620,4765,145,19320
-14700,4605,4765,160,19305
-14700,4594,4771,177,19294
-14700,4606,4774,168,19306
-14700,4586,4777,191,19286
-14700,4585,4780,195,19285
-14700,4630,4780,150,19330
-14700,4598,4780,182,19298
-14700,4629,4783,154,19329
-14700,4621,4783,162,19321
-14700,4625,4787,162,19325
-14700,4613,4792,179,19313
-14700,4637,4792,155,19337
-14700,4641,4793,152,19341
-14700,4629,4793,164,19329
-14700,4635,4792,157,19335
-14700,4629,4795,166,19329
-14700,4631,4798,167,19331
-14700,4625,4801,176,19325
-14700,4641,4801,160,19341
-14700,4638,4802,164,19338
-14700,4649,4806,157,19349
-14700,4671,4806,135,19371
-14700,4658,4826,168,19358
-14700,4658,4826,168,19358
-14700,4668,4827,159,19368
-14700,4664,4827,163,19364
-14700,4664,4828,164,19364
-14700,4650,4830,180,19350
-14700,4671,4834,163,19371
-14700,4687,4840,153,19387
-14700,4677,4842,165,19377
-14700,4684,4844,160,19384
-14700,4702,4847,145,19402
-14700,4690,4849,159,19390
-14700,4686,4851,165,19386
-14700,4699,4852,153,19399
-14700,4704,4853,149,19404
-14700,4682,4859,177,19382
-14700,4707,4864,157,19407
-14700,4690,4864,174,19390
-14700,4709,4866,157,19409
-14700,4695,4867,172,19395
-14700,4695,4867,172,19395
-14700,4708,4868,160,19408
-14700,4700,4867,167,19400
-14700,4701,4869,168,19401
-14700,4727,4869,142,19427
-14700,4706,4872,166,19406
-14700,4708,4874,166,19408
-14700,4719,4875,156,19419
-14700,4713,4875,162,19413
-14700,4698,4876,178,19398
-14700,4698,4876,178,19398
-14700,4717,4877,160,19417
-14700,4720,4879,159,19420
-14700,4718,4880,162,19418
-14700,4720,4882,162,19420
-14700,4731,4882,151,19431
-14700,4722,4884,162,19422
-14700,4707,4884,177,19407
-14700,4724,4888,164,19424
-14700,4719,4889,170,19419
-14700,4732,4892,160,19432
-14700,4744,4892,148,19444
-14700,4715,4895,180,19415
-14700,4715,4896,181,19415
-14700,4745,4898,153,19445
-14700,4749,4899,150,19449
-14700,4749,4902,153,19449
-14700,4757,4903,146,19457
-14700,4742,4904,162,19442
-14700,4750,4905,155,19450
-14700,4764,4910,146,19464
-14700,4772,4928,156,19472
-14700,4738,4928,190,19438
-14700,4774,4929,155,19474
-14700,4766,4929,163,19466
-14700,4781,4930,149,19481
-14700,4750,4933,183,19450
-14700,4781,4935,154,19481
-14700,4765,4936,171,19465
-14700,4752,4936,184,19452
-14700,4784,4939,155,19484
-14700,4780,4943,163,19480
-14700,4778,4946,168,19478
-14700,4788,4947,159,19488
-14700,4801,4947,146,19501
-14700,4793,4948,155,19493
-14700,4795,4950,155,19495
-14700,4793,4951,158,19493
-14700,4792,4959,167,19492
-14700,4793,4959,166,19493
-14700,4793,4960,167,19493
-14700,4806,4963,157,19506
-14700,4798,4967,169,19498
-14700,4801,4971,170,19501
-14700,4784,4976,192,19484
-14700,4803,4975,172,19503
-14700,4807,4976,169,19507
-14700,4827,4978,151,19527
-14700,4828,4990,162,19528
-14700,4826,4994,168,19526
-14700,4828,4996,168,19528
-14700,4829,4999,170,19529
-16312,3519,5008,1489,19831
-14700,4842,5009,167,19542
-14700,4847,5011,164,19547
-14700,4831,5012,181,19531
-14700,4841,5015,174,19541
-14700,4845,5018,173,19545
-14700,4867,5019,152,19567
-14700,4875,5019,144,19575
-14700,4876,5022,146,19576
-14700,4853,5024,171,19553
-14700,4853,5024,171,19553
-14700,4849,5025,176,19549
-14700,4870,5028,158,19570
-14700,4864,5031,167,19564
-14700,4876,5031,155,19576
-14700,4834,5032,198,19534
-14700,4852,5033,181,19552
-14700,4860,5033,173,19560
-14700,4868,5035,167,19568
-14700,4866,5035,169,19566
-14700,4864,5038,174,19564
-14700,4893,5038,145,19593
-14700,4870,5038,168,19570
-14700,4878,5040,162,19578
-14700,4879,5042,163,19579
-14700,4868,5044,176,19568
-14700,4885,5048,163,19585
-14700,4877,5049,172,19577
-14700,4868,5050,182,19568
-14700,4876,5050,174,19576
-14700,4873,5053,180,19573
-14700,4885,5052,167,19585
-14700,4883,5056,173,19583
-14700,4902,5057,155,19602
-14700,4904,5062,158,19604
-14700,4880,5064,184,19580
-14700,4889,5064,175,19589
-14700,4893,5066,173,19593
-14700,4895,5071,176,19595
-14700,4888,5071,183,19588
-14700,4905,5072,167,19605
-14700,4897,5074,177,19597
-14700,4898,5075,177,19598
-14700,4883,5077,194,19583
-14700,4911,5079,168,19611
-14700,4928,5085,157,19628
-14700,4931,5085,154,19631
-14700,4930,5089,159,19630
-14700,4929,5089,160,19629
-14700,4900,5089,189,19600
-14700,4936,5090,154,19636
-14700,4904,5093,189,19604
-14700,4937,5098,161,19637
-14700,4944,5103,159,19644
-14700,4948,5104,156,19648
-14700,4934,5104,170,19634
-14700,4948,5105,157,19648
-14700,4929,5106,177,19629
-14700,4939,5107,168,19639
-14700,4947,5107,160,19647
-14700,4951,5110,159,19651
-14700,4948,5114,166,19648
-14700,4951,5117,166,19651
-14700,4960,5119,159,19660
-14700,4979,5127,148,19679
-14700,4968,5128,160,19668
-14700,4936,5129,193,19636
-14700,4960,5129,169,19660
-14700,4976,5129,153,19676
-14700,4964,5132,168,19664
-14700,4976,5133,157,19676
-14700,4971,5135,164,19671
-14700,4999,5140,141,19699
-14700,4961,5142,181,19661
-14700,4976,5151,175,19676
-13683,5118,5161,43,18801
-13683,5133,5161,28,18816
-13683,5106,5161,55,18789
-13683,5108,5161,53,18791
-13683,5120,5161,41,18803
-13683,5128,5161,33,18811
-13683,5133,5161,28,18816
-13683,5111,5161,50,18794
-13683,5115,5161,46,18798
-13683,5130,5161,31,18813
-13683,5128,5161,33,18811
-13683,5140,5161,21,18823
-13683,5108,5161,53,18791
-13683,5136,5161,25,18819
-13683,5142,5161,19,18825
-13683,5129,5161,32,18812
-13683,5130,5161,31,18813
-13683,5151,5161,10,18834
-14700,5016,5161,145,19716
-14700,5032,5161,129,19732
-14700,5043,5161,118,19743
-14700,5072,5161,89,19772
-14700,5075,5161,86,19775
-14700,5077,5161,84,19777
-14700,5090,5161,71,19790
-14700,5104,5161,57,19804
-14700,5039,5161,122,19739
-14700,5045,5161,116,19745
-14700,5065,5161,96,19765
-14700,5067,5161,94,19767
-14700,5071,5161,90,19771
-14700,5076,5161,85,19776
-14700,4997,5161,164,19697
-14700,5020,5161,141,19720
-14700,5035,5161,126,19735
-14700,5064,5161,97,19764
-14700,5071,5161,90,19771
-14700,5085,5161,76,19785
-14700,5010,5161,151,19710
-14700,5012,5161,149,19712
-14700,5022,5161,139,19722
-14700,5031,5161,130,19731
-14700,5091,5161,70,19791
-14700,5093,5161,68,19793
-14700,4990,5161,171,19690
-14700,4994,5161,167,19694
-14700,5025,5161,136,19725
-14700,5028,5161,133,19728
-14700,5032,5161,129,19732
-14700,5039,5161,122,19739
-14700,5051,5161,110,19751
-14700,5056,5161,105,19756
-14700,5080,5161,81,19780
-14700,5098,5161,63,19798
-14700,5104,5161,57,19804
-14700,5019,5161,142,19719
-14700,5036,5161,125,19736
-14700,5039,5161,122,19739
-14700,5053,5161,108,19753
-14700,5063,5161,98,19763
-14700,5025,5161,136,19725
-14700,5034,5161,127,19734
-14700,5034,5161,127,19734
-14700,5051,5161,110,19751
-14700,5085,5161,76,19785
-14700,5090,5161,71,19790
-14700,5104,5161,57,19804
-14700,5024,5161,137,19724
-14700,5040,5161,121,19740
-14700,5050,5161,111,19750
-14700,5053,5161,108,19753
-14700,5090,5161,71,19790
-5725,5161,5163,2,10886
-8261,5161,5163,2,13422
-4113,5162,5163,1,9275
-3600,5162,5163,1,8762
-3015,5162,5163,1,8177
-2489,5162,5163,1,7651
-9447,5161,5163,2,14608
-11015,5161,5163,2,16176
-5170,5161,5163,2,10331
-11040,5161,5164,3,16201
-7281,5161,5163,2,12442
-8884,5162,5163,1,14046
-5745,5162,5163,1,10907
-7294,5161,5163,2,12455
-9951,5161,5163,2,15112
-12636,5161,5164,3,17797
-13148,5161,5164,3,18309
-13668,5161,5164,3,18829
-11578,5161,5164,3,16739
-13680,5161,5164,3,18841
-15263,4566,5165,599,19829
-15816,4037,5165,1128,19853
-14700,5009,5161,152,19709
-14700,5013,5161,148,19713
-14700,5020,5161,141,19720
-14700,5049,5161,112,19749
-14700,5057,5161,104,19757
-14697,5105,5191,86,19802
-10504,5190,5191,1,15694
-6262,5190,5191,1,11452
13008,13009,14247,1238,1
13006,13006,14266,1260,0
12995,12995,14274,1279,0
14282,14282,14324,42,0
14282,14282,14325,43,0
14282,14282,14326,44,0
14282,14282,14326,44,0
14282,14282,14328,46,0
14282,14282,14330,48,0
14282,14282,14331,49,0
14282,14282,14332,50,0
14282,14282,14333,51,0
14282,14282,14334,52,0
14282,14282,14335,53,0
14282,14282,14334,52,0
14282,14282,14334,52,0
14282,14282,14335,53,0
14282,14282,14335,53,0
14282,14282,14337,55,0
14282,14282,14337,55,0
14282,14282,14338,56,0
14282,14282,14339,57,0
14282,14282,14339,57,0
14282,14282,14339,57,0
14282,14282,14340,58,0
14282,14282,14339,57,0
14282,14282,14340,58,0
14282,14282,14340,58,0
14282,14282,14340,58,0
14282,14282,14341,59,0
14282,14282,14341,59,0
14282,14282,14340,58,0
14282,14282,14342,60,0
14282,14282,14342,60,0
14282,14282,14342,60,0
14282,14282,14342,60,0
14282,14282,14343,61,0
14282,14282,14343,61,0
14282,14282,14343,61,0
14282,14282,14344,62,0
14282,14282,14344,62,0
14282,14282,14344,62,0
14282,14282,14345,63,0
14282,14282,14345,63,0
14282,14282,14346,64,0
14282,14282,14347,65,0
14282,14282,14347,65,0
14282,14282,14348,66,0
14282,14282,14349,67,0
14282,14282,14350,68,0
14282,14282,14350,68,0
14282,14282,14350,68,0
14282,14282,14350,68,0
14282,14282,14351,69,0
14282,14282,14352,70,0
14282,14282,14353,71,0
14282,14282,14356,74,0
12999,12999,14357,1358,0
14282,14282,14357,75,0
14282,14282,14359,77,0
12992,12992,14359,1367,0
14282,14282,14361,79,0
14282,14328,14375,47,46
14282,14326,14378,52,44
14282,14326,14379,53,44
14282,14324,14379,55,42
14282,14330,14382,52,48
14282,14325,14383,58,43
14282,14331,14384,53,49
14282,14332,14385,53,50
13004,13004,14388,1384,0
14282,14333,14389,56,51
14282,14334,14397,63,52
14282,14335,14398,63,53
14282,14335,14400,65,53
14282,14341,14402,61,59
14282,14335,14402,67,53
14282,14354,14402,48,72
14282,14341,14404,63,59
13136,13136,14404,1268,0
14282,14335,14404,69,53
14282,14337,14407,70,55
14282,14338,14407,69,56
14282,14337,14407,70,55
14282,14345,14407,62,63
14282,14335,14408,73,53
14282,14340,14409,69,58
14282,14345,14410,65,63
14282,14347,14410,63,65
14282,14340,14411,71,58
14282,14340,14411,71,58
14282,14339,14411,72,57
14282,14344,14412,68,62
14282,14343,14411,68,61
14282,14339,14413,74,57
14282,14340,14414,74,58
14282,14343,14414,71,61
14282,14339,14414,75,57
14282,14343,14415,72,61
14282,14343,14416,73,61
14282,14340,14416,76,58
14282,14344,14416,72,62
14282,14341,14418,77,59
14282,14347,14419,72,65
14282,14342,14420,78,60
14282,14350,14420,70,68
14282,14360,14420,60,78
14282,14353,14420,67,71
14282,14360,14420,60,78
14282,14347,14421,74,65
14282,14349,14420,71,67
14282,14351,14421,70,69
14282,14343,14421,78,61
14282,14389,14421,32,107
14282,14399,14421,22,117
14282,14390,14421,31,108
14282,14386,14422,36,104
14282,14342,14422,80,60
14282,14401,14423,22,119
14282,14403,14424,21,121
14282,14351,14425,74,69
14282,14403,14424,21,121
14282,14352,14425,73,70
14282,14351,14425,74,69
14282,14404,14427,23,122
14282,14380,14428,48,98
14282,14351,14428,77,69
14282,14385,14429,44,103
14282,14358,14430,72,76
14282,14398,14430,32,116
14282,14403,14429,26,121
14282,14345,14431,86,63
14282,14357,14431,74,75
14282,14405,14432,27,123
14282,14358,14433,75,76
14282,14407,14433,26,125
14282,14383,14435,52,101
14282,14362,14435,73,80
14282,14384,14436,52,102
14282,14410,14437,27,128
14282,14407,14437,30,125
14282,14409,14436,27,127
14282,14405,14437,32,123
14282,14380,14438,58,98
14282,14408,14438,30,126
14282,14411,14439,28,129
14282,14408,14440,32,126
14282,14376,14441,65,94
14282,14411,14442,31,129
14282,14411,14442,31,129
14282,14411,14443,32,129
14282,14411,14443,32,129
14282,14414,14447,33,132
14282,14412,14448,36,130
14282,14379,14450,71,97
14282,14417,14450,33,135
12976,12976,14450,1474,0
14282,14412,14452,40,130
14282,14416,14453,37,134
14282,14416,14454,38,134
14282,14414,14455,41,132
14282,14415,14458,43,133
14282,14418,14458,40,136
14282,14415,14460,45,133
14282,14419,14460,41,137
14282,14420,14460,40,138
14282,14420,14460,40,138
14282,14421,14461,40,139
14282,14421,14462,41,139
14282,14422,14463,41,140
14282,14421,14465,44,139
14282,14420,14467,47,138
14282,14425,14469,44,143
14282,14417,14469,52,135
14282,14420,14469,49,138
14282,14420,14471,51,138
14282,14421,14471,50,139
14282,14422,14472,50,140
14282,14421,14472,51,139
14282,14423,14473,50,141
14282,14424,14473,49,142
14282,14425,14474,49,143
14282,14427,14479,52,145
14282,14425,14481,56,143
14282,14423,14481,58,141
14282,14423,14482,59,141
14282,14426,14483,57,144
14282,14429,14484,55,147
14282,14428,14486,58,146
14282,14431,14489,58,149
14282,14431,14492,61,149
14282,14430,14493,63,148
14282,14430,14494,64,148
14282,14435,14498,63,153
14282,14433,14499,66,151
14282,14430,14500,70,148
14282,14438,14504,66,156
14282,14452,14506,54,170
14282,14433,14506,73,151
14282,14430,14506,76,148
14282,14437,14507,70,155
14282,14436,14509,73,154
14282,14437,14510,73,155
14282,14432,14509,77,150
14282,14447,14510,63,165
14282,14440,14512,72,158
14282,14442,14511,69,160
14282,14438,14513,75,156
14282,14437,14514,77,155
14282,14439,14514,75,157
14282,14448,14515,67,166
14282,14450,14516,66,168
14282,14442,14517,75,160
14282,14441,14517,76,159
14282,14438,14517,79,156
14282,14443,14518,75,161
14282,14454,14519,65,172
14282,14460,14518,58,178
14282,14453,14522,69,171
14282,14443,14521,78,161
14282,14436,14523,87,154
14282,14451,14522,71,169
14282,14452,14522,70,170
14282,14460,14525,65,178
14282,14470,14531,61,188
14282,14468,14532,64,186
14282,14458,14533,75,176
14282,14461,14533,72,179
14282,14460,14535,75,178
12978,12978,14535,1557,0
14282,14460,14536,76,178
14282,14463,14538,75,181
14282,14463,14540,77,181
14282,14455,14541,86,173
14282,14472,14542,70,190
14282,14469,14544,75,187
14282,14471,14546,75,189
14282,14466,14545,79,184
14282,14482,14545,63,200
14282,14480,14546,66,198
14282,14486,14548,62,204
14282,14472,14549,77,190
14282,14482,14550,68,200
14282,14474,14550,76,192
14282,14473,14551,78,191
14282,14474,14551,77,192
14282,14469,14554,85,187
14282,14474,14555,81,192
14282,14484,14555,71,202
14282,14458,14555,97,176
14282,14485,14554,69,203
14282,14490,14556,66,208
14282,14482,14555,73,200
14282,14507,14566,59,225
14282,14493,14569,76,211
14282,14494,14569,75,212
14282,14495,14570,75,213
14282,14510,14571,61,228
14282,14523,14571,48,241
14282,14501,14572,71,219
14282,14500,14573,73,218
12987,12987,14573,1586,0
14282,14523,14573,50,241
14282,14507,14574,67,225
14282,14522,14575,53,240
14282,14523,14575,52,241
14282,14508,14575,67,226
14282,14517,14575,58,235
14282,14510,14576,66,228
14282,14505,14577,72,223
14282,14526,14578,52,244
14282,14499,14579,80,217
14282,14514,14581,67,232
14282,14512,14581,69,230
14282,14517,14580,63,235
14282,14512,14583,71,230
14282,14531,14583,52,249
14282,14518,14584,66,236
14282,14511,14585,74,229
14282,14534,14584,50,252
14282,14522,14586,64,240
14282,14516,14586,70,234
14282,14519,14587,68,237
14282,14510,14587,77,228
14282,14507,14587,80,225
14282,14534,14587,53,252
14282,14514,14590,76,232
14282,14515,14590,75,233
14282,14519,14592,73,237
14282,14518,14592,74,236
14282,14540,14594,54,258
14282,14519,14594,75,237
14282,14536,14596,60,254
14282,14541,14597,56,259
14282,14536,14599,63,254
14282,14538,14599,61,256
12977,12977,14601,1624,0
14282,14542,14601,59,260
14282,14548,14602,54,266
14282,14546,14603,57,264
14282,14533,14602,69,251
14282,14537,14602,65,255
14282,14547,14603,56,265
14282,14551,14605,54,269
14282,14551,14606,55,269
12983,12983,14607,1624,0
14282,14546,14607,61,264
14282,14555,14609,54,273
12976,12976,14610,1634,0
14282,14555,14610,55,273
14282,14545,14610,65,263
14282,14546,14611,65,264
14282,14552,14611,59,270
14282,14550,14612,62,268
14282,14551,14616,65,269
14282,14555,14618,63,273
14282,14555,14619,64,273
14282,14555,14622,67,273
14282,14556,14623,67,274
14282,14556,14627,71,274
14282,14573,14631,58,291
14282,14572,14632,60,290
14282,14570,14633,63,288
14282,14569,14635,66,287
14282,14574,14635,61,292
14282,14574,14637,63,292
14282,14571,14637,66,289
14282,14575,14639,64,293
14282,14576,14640,64,294
14282,14569,14641,72,287
14282,14566,14641,75,284
14282,14573,14641,68,291
14282,14575,14644,69,293
14282,14587,14645,58,305
14282,14576,14646,70,294
14282,14587,14646,59,305
14282,14586,14646,60,304
14282,14581,14647,66,299
14282,14583,14647,64,301
14282,14575,14648,73,293
14282,14585,14648,63,303
14282,14585,14648,63,303
14282,14581,14648,67,299
14282,14577,14648,71,295
14282,14578,14650,72,296
14282,14575,14649,74,293
14282,14585,14651,66,303
14282,14583,14653,70,301
14282,14592,14654,62,310
14282,14590,14655,65,308
14282,14634,14655,21,352
14282,14581,14655,74,299
14282,14595,14657,62,313
14282,14586,14656,70,304
14282,14628,14657,29,346
14282,14595,14656,61,313
14282,14638,14656,18,356
14282,14632,14657,25,350
14282,14636,14659,23,354
14282,14637,14659,22,355
14282,14635,14659,24,353
14282,14632,14659,27,350
14282,14590,14659,69,308
14282,14592,14659,67,310
14282,14613,14659,46,331
14282,14640,14660,20,358
14282,14587,14660,73,305
14282,14642,14662,20,360
14282,14642,14663,21,360
14282,14642,14663,21,360
14282,14601,14664,63,319
14282,14580,14665,85,298
14282,14587,14665,78,305
14282,14639,14665,26,357
14282,14596,14666,70,314
14282,14624,14666,42,342
14282,14600,14668,68,318
14282,14646,14667,21,364
14282,14620,14669,49,338
14282,14644,14669,25,362
14282,14599,14669,70,317
14282,14646,14670,24,364
14282,14616,14671,55,334
14282,14623,14670,47,341
14282,14647,14672,25,365
14282,14611,14672,61,329
14282,14619,14672,53,337
14282,14606,14673,67,324
14282,14609,14674,65,327
14282,14648,14675,27,366
14282,14604,14675,71,322
14282,14647,14675,28,365
14282,14611,14676,65,329
14282,14602,14675,73,320
12979,12979,14676,1697,0
14282,14648,14677,29,366
14282,14612,14676,64,330
14282,14603,14677,74,321
14282,14605,14677,72,323
14282,14603,14678,75,321
14282,14607,14677,70,325
14282,14599,14678,79,317
14282,14648,14680,32,366
14282,14649,14681,32,367
14282,14603,14680,77,321
12986,12986,14681,1695,0
14282,14610,14681,71,328
14282,14649,14682,33,367
14282,14649,14683,34,367
14282,14608,14683,75,326
14282,14603,14683,80,321
14282,14650,14686,36,368
14282,14649,14686,37,367
14282,14611,14689,78,329
14282,14652,14692,40,370
14282,14656,14692,36,374
14282,14657,14693,36,375
14282,14655,14694,39,373
14282,14650,14693,43,368
14282,14657,14699,42,375
14282,14653,14700,47,371
14282,14655,14701,46,373
14282,14657,14702,45,375
14282,14657,14705,48,375
14282,14660,14707,47,378
14282,14659,14707,48,377
14282,14661,14708,47,379
14282,14659,14709,50,377
14282,14657,14709,52,375
14282,14656,14710,54,374
14282,14660,14711,51,378
14282,14661,14711,50,379
14282,14664,14712,48,382
13001,13001,14712,1711,0
14282,14660,14712,52,378
14282,14663,14713,50,381
14282,14664,14713,49,382
14282,14662,14716,54,380
14282,14660,14717,57,378
12994,12994,14717,1723,0
14282,14667,14719,52,385
14282,14658,14720,62,376
14282,14666,14722,56,384
14282,14669,14723,54,387
14282,14669,14724,55,387
14282,14660,14724,64,378
12984,12984,14725,1741,0
14282,14668,14727,59,386
14282,14665,14728,63,383
14282,14671,14731,60,389
12990,12990,14732,1742,0
14282,14666,14737,71,384
12997,12997,14736,1739,0
14282,14666,14736,70,384
14282,14671,14736,65,389
14282,14673,14736,63,391
14282,14670,14737,67,388
14282,14671,14737,66,389
14282,14673,14742,69,391
14282,14683,14743,60,401
14282,14672,14743,71,390
14282,14674,14744,70,392
14282,14681,14744,63,399
14282,14677,14745,68,395
12980,12981,14745,1764,1
14282,14679,14746,67,397
14282,14681,14746,65,399
14282,14668,14746,78,386
14282,14676,14747,71,394
14282,14678,14748,70,396
14282,14677,14748,71,395
14282,14680,14750,70,398
14282,14675,14751,76,393
14282,14676,14752,76,394
14282,14692,14753,61,410
14282,14678,14753,75,396
14282,14694,14755,61,412
14282,14674,14756,82,392
14282,14676,14756,80,394
14282,14684,14756,72,402
14282,14684,14757,73,402
14282,14675,14757,82,393
14282,14687,14757,70,405
14282,14700,14757,57,418
14282,14682,14757,75,400
14282,14678,14759,81,396
14282,14676,14759,83,394
14282,14681,14759,78,399
14282,14678,14759,81,396
14282,14694,14760,66,412
14282,14684,14761,77,402
13465,13465,14762,1297,0
12982,12982,14763,1781,0
12989,12989,14764,1775,0
14282,14707,14766,59,425
14282,14717,14768,51,435
14282,14690,14769,79,408
14282,14702,14769,67,420
14282,14699,14770,71,417
14282,14686,14770,84,404
14282,14707,14770,63,425
14282,14711,14772,61,429
14282,14709,14772,63,427
14282,14718,14774,56,436
14282,14694,14774,80,412
14282,14705,14777,72,423
14282,14714,14777,63,432
14282,14701,14778,77,419
14282,14692,14779,87,410
14282,14710,14780,70,428
14282,14709,14782,73,427
14282,14709,14783,74,427
14282,14713,14782,69,431
14282,14720,14783,63,438
14282,14714,14783,69,432
14282,14711,14784,73,429
14282,14713,14784,71,431
14282,14722,14786,64,440
14282,14725,14790,65,443
14282,14713,14791,78,431
14282,14724,14794,70,442
14282,14724,14795,71,442
14282,14716,14795,79,434
14282,14720,14797,77,438
13777,13777,15119,1342,0
14092,14092,15411,1319,0
37535,37535,37539,4,0
37960,37960,37964,4,0
39402,39403,39406,3,1
41616,41616,41620,4,0
41688,41688,41693,5,0
47618,47618,49367,1749,0
47606,47606,49369,1763,0
47586,47586,49485,1899,0
47608,47608,49486,1878,0
47639,47639,49502,1863,0
47583,47583,49507,1924,0
47710,47722,49512,1790,12
47582,47582,49524,1942,0
47669,47669,49579,1910,0
47680,47681,49581,1900,1
47662,47662,49590,1928,0
47652,47652,49593,1941,0
47623,47623,49596,1973,0
47646,47646,49597,1951,0
47649,47649,49604,1955,0
47628,47629,49604,1975,1
47676,47676,49683,2007,0
47601,47601,49693,2092,0
47621,47621,49693,2072,0
47672,47672,49755,2083,0
47740,47743,49788,2045,3
47868,47869,49799,1930,1
47762,47762,49821,2059,0
47772,47773,49821,2048,1
47767,47767,49825,2058,0
47585,47585,49827,2242,0
47591,47591,49847,2256,0
47590,47590,49852,2262,0
47804,47804,49853,2049,0
47777,47777,49855,2078,0
47798,47799,49858,2059,1
47849,47849,49861,2012,0
47809,47809,49861,2052,0
47626,47626,49862,2236,0
47655,47655,49864,2209,0
47793,47793,49864,2071,0
47700,47712,49870,2158,12
47603,47603,49871,2268,0
47599,47599,49875,2276,0
47714,47722,49882,2160,8
47658,47659,49886,2227,1
47692,47692,49887,2195,0
47843,47843,49886,2043,0
47637,47637,49890,2253,0
47687,47691,49895,2204,4
47731,47792,49897,2105,61
47787,47789,49903,2114,2
47735,47792,49922,2130,57
47584,47584,49934,2350,0
47642,47643,49948,2305,1
47631,47631,49958,2327,0
47614,47614,49960,2346,0
47594,47594,50068,2474,0
47611,47611,50087,2476,0
47696,47722,50096,2374,26
47604,47605,50097,2492,1
47587,47587,50110,2523,0
47597,47597,50109,2512,0
47815,47815,50195,2380,0
47616,47616,50203,2587,0
47634,47634,50225,2591,0
47592,47593,50249,2656,1
47589,47589,50250,2661,0
47583,47583,50255,2672,0
47665,47665,50257,2592,0
47684,47684,50259,2575,0
47726,47728,50266,2538,2
47745,47746,50311,2565,1
47756,47756,50313,2557,0
47855,47855,50313,2458,0
47861,47861,50315,2454,0
47782,47782,50348,2566,0
47751,47751,50369,2618,0
47822,47822,50378,2556,0
47829,47829,50394,2565,0
47595,47597,50409,2812,2
47875,47875,50455,2580,0
47837,47837,50459,2622,0
47706,47722,50491,2769,16
47722,47722,50505,2783,0
49372,49373,50992,1619,1
49586,49587,51018,1431,1
49379,49379,51021,1642,0
49618,49618,51052,1434,0
49524,49524,51067,1543,0
49511,49511,51072,1561,0
49504,49504,51077,1573,0
49705,49705,51080,1375,0
49517,49517,51082,1565,0
49630,49631,51102,1471,1
49593,49593,51119,1526,0
49497,49498,51121,1623,1
49698,49698,51123,1425,0
49536,49536,51146,1610,0
49606,49606,51154,1548,0
49612,49612,51187,1575,0
49692,49692,51191,1499,0
49761,49761,51222,1461,0
49792,49792,51250,1458,0
49599,49599,51265,1666,0
49624,49624,51271,1647,0
49853,49853,51287,1434,0
49840,49840,51344,1504,0
49808,49808,51350,1542,0
49859,49859,51393,1534,0
49847,49847,51407,1560,0
49834,49834,51411,1577,0
49866,49866,51457,1591,0
49826,49826,51476,1650,0
51796,51797,51846,49,1
51796,51797,51846,49,1
51796,51796,51848,52,0
51796,51796,51849,53,0
51796,51796,51850,54,0
51796,51796,51852,56,0
51796,51797,51853,56,1
51796,51797,51853,56,1
51796,51796,51855,59,0
51796,51796,51855,59,0
51796,51796,51855,59,0
51796,51797,51855,58,1
51796,51796,51856,60,0
51796,51797,51857,60,1
51796,51797,51856,59,1
51796,51796,51857,61,0
51796,51796,51857,61,0
51796,51797,51857,60,1
51796,51796,51857,61,0
51796,51796,51858,62,0
51796,51797,51858,61,1
51796,51796,51858,62,0
51796,51797,51859,62,1
51796,51797,51859,62,1
51796,51797,51859,62,1
51796,51796,51859,63,0
51796,51797,51859,62,1
51796,51797,51859,62,1
51796,51796,51860,64,0
51796,51796,51860,64,0
51796,51797,51860,63,1
51796,51796,51861,65,0
51796,51797,51861,64,1
51796,51796,51861,65,0
51796,51796,51863,67,0
51796,51796,51862,66,0
51796,51796,51862,66,0
51796,51796,51862,66,0
51796,51796,51862,66,0
51796,51796,51863,67,0
51796,51796,51864,68,0
51796,51796,51863,67,0
51796,51796,51863,67,0
51796,51796,51865,69,0
51796,51796,51865,69,0
51796,51797,51866,69,1
51796,51797,51866,69,1
51796,51796,51866,70,0
51796,51796,51866,70,0
51796,51796,51866,70,0
51796,51797,51866,69,1
51796,51797,51868,71,1
51796,51797,51868,71,1
51796,51796,51868,72,0
51796,51796,51868,72,0
51796,51797,51868,71,1
51796,51797,51870,73,1
51796,51797,51869,72,1
51796,51796,51869,73,0
51796,51797,51870,73,1
51796,51797,51870,73,1
51796,51797,51870,73,1
51796,51797,51870,73,1
51796,51797,51871,74,1
51796,51796,51871,75,0
51796,51796,51871,75,0
51796,51797,51872,75,1
51796,51796,51873,77,0
51796,51797,51873,76,1
51796,51796,51873,77,0
51796,51796,51873,77,0
51796,51797,51874,77,1
51796,51796,51874,78,0
51796,51797,51875,78,1
51796,51796,51876,80,0
51796,51796,51875,79,0
51796,51796,51876,80,0
51796,51797,51877,80,1
51796,51796,51877,81,0
51796,51796,51880,84,0
51796,51867,51891,24,71
51796,51869,51892,23,73
51796,51867,51893,26,71
51796,51869,51894,25,73
51796,51869,51895,26,73
51796,51869,51895,26,73
51796,51867,51896,29,71
51796,51870,51897,27,74
51796,51869,51897,28,73
51796,51870,51898,28,74
51796,51870,51901,31,74
51796,51870,51901,31,74
51796,51871,51901,30,75
51796,51867,51901,34,71
51796,51870,51902,32,74
51796,51871,51903,32,75
51796,51867,51903,36,71
51796,51847,51903,56,51
51796,51871,51908,37,75
51796,51872,51909,37,76
51796,51850,51910,60,54
51796,51874,51909,35,78
51796,51847,51913,66,51
51796,51872,51914,42,76
51796,51866,51915,49,70
51796,51875,51917,42,79
51796,51849,51916,67,53
51796,51873,51917,44,77
51796,51876,51918,42,80
51796,51853,51918,65,57
51796,51866,51918,52,70
51796,51874,51917,43,78
51796,51874,51918,44,78
51796,51876,51919,43,80
51796,51856,51919,63,60
51796,51856,51919,63,60
51796,51866,51920,54,70
51796,51874,51920,46,78
51796,51874,51920,46,78
51796,51853,51920,67,57
51796,51851,51920,69,55
51796,51854,51921,67,58
51796,51878,51922,44,82
51796,51864,51923,59,68
51796,51864,51923,59,68
51796,51876,51924,48,80
51796,51858,51924,66,62
51796,51857,51928,71,61
51796,51864,51928,64,68
51796,51863,51928,65,67
51796,51856,51929,73,60
51796,51860,51929,69,64
51796,51863,51930,67,67
51796,51859,51930,71,63
51796,51856,51930,74,60
51796,51861,51931,70,65
51796,51858,51931,73,62
51796,51864,51932,68,68
51796,51858,51932,74,62
51796,51860,51932,72,64
51796,51858,51932,74,62
51796,51859,51932,73,63
51796,51860,51933,73,64
51796,51877,51933,56,81
51796,51861,51934,73,65
51796,51858,51933,75,62
51796,51860,51934,74,64
51796,51862,51934,72,66
51796,51858,51934,76,62
51796,51880,51936,56,84
51796,51859,51936,77,63
51796,51878,51936,58,82
51796,51859,51937,78,63
51796,51862,51937,75,66
51796,51860,51936,76,64
51796,51863,51938,75,67
51796,51861,51939,78,65
51796,51863,51938,75,67
51796,51863,51939,76,67
51796,51891,51940,49,95
51796,51862,51944,82,66
51796,51894,51944,50,98
51796,51896,51944,48,100
51796,51892,51945,53,96
51796,51897,51947,50,101
51796,51893,51950,57,97
51796,51896,51953,57,100
51796,51896,51954,58,100
51796,51901,51954,53,105
51796,51902,51956,54,106
51796,51897,51957,60,101
51796,51901,51958,57,105
51796,51899,51962,63,103
51796,51902,51963,61,106
51796,51904,51964,60,108
51796,51901,51965,64,105
51796,51903,51968,65,107
51796,51904,51971,67,108
51796,51910,51975,65,114
51796,51917,51977,60,121
51796,51908,51978,70,112
51796,51910,51981,71,114
51796,51917,51982,65,121
51796,51917,51985,68,121
51796,51920,51986,66,124
51796,51916,51986,70,120
51796,51918,51988,70,122
51796,51914,51988,74,118
51796,51918,51989,71,122
51796,51920,51990,70,124
51796,51919,51989,70,123
51796,51920,51990,70,124
51796,51919,51991,72,123
51796,51919,51992,73,123
51796,51909,51992,83,113
51796,51918,51996,78,122
51796,51920,51997,77,124
51796,51913,52000,87,117
51796,51918,52004,86,122
52018,52018,52074,56,0
52018,52018,52075,57,0
52018,52018,52078,60,0
52018,52018,52081,63,0
52018,52018,52081,63,0
52018,52018,52082,64,0
52018,52018,52081,63,0
52018,52018,52087,69,0
52018,52018,52086,68,0
52018,52018,52086,68,0
52018,52018,52088,70,0
52018,52018,52088,70,0
52018,52018,52089,71,0
52018,52018,52089,71,0
52018,52018,52089,71,0
52018,52018,52089,71,0
52018,52018,52090,72,0
52018,52018,52091,73,0
52018,52018,52091,73,0
52018,52018,52092,74,0
52018,52018,52091,73,0
52018,52018,52092,74,0
52018,52018,52092,74,0
52018,52018,52092,74,0
52018,52018,52092,74,0
52018,52018,52092,74,0
52018,52018,52093,75,0
52018,52018,52094,76,0
52018,52018,52093,75,0
52018,52018,52093,75,0
52018,52018,52094,76,0
52018,52018,52094,76,0
52018,52018,52095,77,0
52018,52018,52095,77,0
52018,52018,52095,77,0
52018,52018,52095,77,0
52018,52018,52095,77,0
52018,52018,52095,77,0
52018,52018,52097,79,0
52018,52018,52097,79,0
52018,52018,52098,80,0
52018,52018,52097,79,0
52018,52018,52098,80,0
52018,52018,52097,79,0
52018,52018,52097,79,0
52018,52018,52098,80,0
52018,52018,52099,81,0
52018,52018,52101,83,0
52018,52018,52101,83,0
52018,52018,52101,83,0
52018,52018,52103,85,0
52114,52114,52160,46,0
52114,52114,52170,56,0
52114,52114,52170,56,0
52114,52114,52170,56,0
52114,52114,52169,55,0
52114,52114,52170,56,0
52114,52114,52170,56,0
52114,52114,52171,57,0
52114,52114,52170,56,0
52114,52114,52171,57,0
52114,52114,52171,57,0
52114,52114,52172,58,0
52114,52114,52172,58,0
52114,52114,52173,59,0
52114,52114,52172,58,0
52114,52114,52173,59,0
52114,52114,52173,59,0
52114,52114,52174,60,0
52114,52114,52174,60,0
52114,52114,52176,62,0
52114,52114,52176,62,0
52114,52114,52177,63,0
52114,52114,52177,63,0
52114,52114,52177,63,0
52114,52114,52178,64,0
52114,52114,52179,65,0
52114,52114,52178,64,0
52114,52114,52179,65,0
52114,52114,52180,66,0
52114,52114,52180,66,0
52114,52114,52180,66,0
52114,52114,52179,65,0
52114,52114,52180,66,0
52114,52114,52181,67,0
52114,52114,52181,67,0
52114,52114,52181,67,0
52114,52114,52181,67,0
52114,52114,52180,66,0
52114,52114,52181,67,0
52114,52114,52181,67,0
52114,52114,52181,67,0
52114,52114,52182,68,0
52114,52114,52183,69,0
52114,52114,52184,70,0
52114,52114,52184,70,0
52114,52114,52184,70,0
52114,52114,52185,71,0
52114,52114,52185,71,0
52114,52114,52185,71,0
52114,52114,52186,72,0
52114,52114,52186,72,0
52114,52114,52186,72,0
52114,52114,52186,72,0
52114,52114,52186,72,0
52114,52114,52187,73,0
52114,52114,52187,73,0
52114,52114,52187,73,0
52114,52114,52187,73,0
52114,52114,52187,73,0
52114,52114,52187,73,0
52114,52114,52188,74,0
52114,52114,52188,74,0
52114,52114,52188,74,0
52114,52114,52187,73,0
52114,52114,52187,73,0
52114,52114,52188,74,0
52114,52114,52190,76,0
52114,52114,52190,76,0
52114,52114,52191,77,0
52114,52114,52191,77,0
52114,52114,52192,78,0
52114,52114,52192,78,0
52114,52114,52194,80,0
52114,52114,52196,82,0
52114,52114,52197,83,0
52114,52114,52197,83,0
52114,52114,52198,84,0
52114,52114,52198,84,0
52114,52114,52200,86,0
52114,52114,52205,91,0
52114,52187,52213,26,73
52114,52187,52215,28,73
52114,52186,52216,30,72
52114,52187,52217,30,73
52114,52187,52218,31,73
52114,52189,52218,29,75
52114,52185,52219,34,71
52114,52189,52220,31,75
52114,52186,52221,35,72
52114,52187,52221,34,73
52114,52187,52221,34,73
52114,52186,52222,36,72
52114,52186,52222,36,72
52114,52190,52222,32,76
52114,52188,52223,35,74
52114,52188,52225,37,74
52114,52189,52226,37,75
52114,52189,52226,37,75
52114,52189,52227,38,75
52114,52191,52227,36,77
52114,52181,52227,46,67
52114,52192,52229,37,78
52114,52160,52228,68,46
52114,52185,52229,44,71
52114,52192,52230,38,78
52114,52184,52232,48,70
52114,52192,52233,41,78
52114,52185,52234,49,71
52114,52170,52235,65,56
52114,52184,52236,52,70
52114,52171,52237,66,57
52114,52171,52237,66,57
52114,52184,52238,54,70
52114,52198,52237,39,84
52114,52171,52239,68,57
52114,52170,52238,68,56
52114,52173,52238,65,59
52114,52198,52239,41,84
52114,52172,52239,67,58
52114,52170,52240,70,56
52114,52173,52240,67,59
52114,52201,52240,39,87
52114,52171,52241,70,57
52114,52193,52241,48,79
52114,52182,52241,59,68
52114,52170,52243,73,56
52114,52170,52242,72,56
52114,52176,52244,68,62
52114,52173,52246,73,59
52114,52173,52246,73,59
52114,52172,52246,74,58
52114,52179,52246,67,65
52114,52195,52247,52,81
52114,52172,52249,77,58
52114,52177,52248,71,63
52114,52197,52249,52,83
52114,52180,52250,70,66
52114,52180,52251,71,66
52114,52199,52251,52,85
52114,52174,52252,78,60
52114,52181,52252,71,67
52114,52178,52252,74,64
52114,52176,52253,77,62
52114,52179,52253,74,65
52114,52177,52252,75,63
52114,52181,52252,71,67
52114,52181,52253,72,67
52114,52181,52253,72,67
52114,52180,52253,73,66
52114,52199,52254,55,85
52114,52177,52254,77,63
52114,52175,52255,80,61
52114,52180,52257,77,66
52114,52181,52257,76,67
52114,52181,52258,77,67
52114,52184,52258,74,70
52114,52180,52258,78,66
52114,52181,52260,79,67
52114,52180,52261,81,66
52114,52218,52262,44,104
52114,52205,52263,58,91
52114,52214,52265,51,100
52114,52216,52267,51,102
52114,52223,52269,46,109
52114,52220,52270,50,106
52114,52222,52270,48,108
52114,52224,52277,53,110
52114,52219,52277,58,105
52114,52222,52280,58,108
52114,52223,52282,59,109
52114,52217,52283,66,103
52114,52223,52283,60,109
52114,52221,52284,63,107
52114,52219,52285,66,105
52114,52222,52286,64,108
52114,52227,52293,66,113
52114,52230,52292,62,116
52114,52226,52295,69,112
52114,52226,52295,69,112
52114,52227,52296,69,113
52114,52239,52297,58,125
52114,52229,52297,68,115
52114,52231,52298,67,117
52114,52228,52298,70,114
52114,52235,52298,63,121
52114,52233,52302,69,119
52114,52236,52302,66,122
52114,52227,52305,78,113
52114,52229,52305,76,115
52114,52239,52306,67,125
52114,52237,52305,68,123
52114,52238,52307,69,124
52114,52238,52309,71,124
52114,52234,52310,76,120
52114,52237,52310,73,123
52114,52237,52313,76,123
52114,52239,52313,74,125
52114,52240,52315,75,126
52114,52239,52317,78,125
52330,52330,52386,56,0
52330,52331,52391,60,1
52330,52331,52391,60,1
52330,52331,52391,60,1
52330,52331,52392,61,1
52330,52331,52392,61,1
52330,52331,52393,62,1
52330,52331,52393,62,1
52330,52330,52394,64,0
52330,52330,52394,64,0
52330,52331,52395,64,1
52330,52330,52395,65,0
52330,52331,52395,64,1
52330,52331,52396,65,1
52330,52330,52397,67,0
52330,52331,52398,67,1
52330,52331,52399,68,1
52330,52331,52399,68,1
52330,52331,52400,69,1
52330,52331,52399,68,1
52330,52331,52400,69,1
52330,52331,52401,70,1
52330,52331,52402,71,1
52330,52331,52403,72,1
52330,52331,52403,72,1
52330,52331,52403,72,1
52330,52331,52403,72,1
52330,52331,52405,74,1
52330,52330,52404,74,0
52330,52331,52405,74,1
52330,52331,52405,74,1
52330,52331,52405,74,1
52330,52331,52406,75,1
52330,52331,52405,74,1
52330,52331,52405,74,1
52330,52331,52405,74,1
52330,52331,52406,75,1
52330,52331,52406,75,1
52330,52331,52406,75,1
52330,52331,52407,76,1
52330,52331,52406,75,1
52330,52331,52408,77,1
52330,52331,52409,78,1
52330,52331,52409,78,1
52330,52331,52410,79,1
52330,52331,52411,80,1
52330,52331,52412,81,1
52330,52330,52413,83,0
52330,52331,52413,82,1
52330,52331,52415,84,1
52330,52331,52415,84,1
52421,52422,52471,49,1
52421,52422,52474,52,1
52421,52422,52476,54,1
52421,52422,52476,54,1
52421,52422,52476,54,1
52421,52422,52478,56,1
52421,52422,52479,57,1
52421,52422,52479,57,1
52421,52422,52480,58,1
52421,52422,52481,59,1
52421,52422,52480,58,1
52421,52422,52482,60,1
52421,52422,52483,61,1
52421,52422,52482,60,1
52421,52422,52484,62,1
52421,52422,52483,61,1
52421,52422,52484,62,1
52421,52422,52485,63,1
52421,52422,52484,62,1
52421,52422,52485,63,1
52421,52422,52485,63,1
52421,52422,52485,63,1
52421,52422,52486,64,1
52421,52422,52486,64,1
52421,52422,52486,64,1
52421,52422,52487,65,1
52421,52422,52486,64,1
52421,52422,52486,64,1
52421,52422,52486,64,1
52421,52422,52487,65,1
52421,52422,52486,64,1
52421,52422,52486,64,1
52421,52422,52487,65,1
52421,52422,52487,65,1
52421,52422,52488,66,1
52421,52422,52487,65,1
52421,52422,52488,66,1
52421,52422,52488,66,1
52421,52422,52488,66,1
52421,52422,52488,66,1
52421,52422,52488,66,1
52421,52422,52489,67,1
52421,52422,52489,67,1
52421,52422,52490,68,1
52421,52422,52490,68,1
52421,52422,52490,68,1
52421,52422,52490,68,1
52421,52422,52491,69,1
52421,52422,52492,70,1
52421,52422,52492,70,1
52421,52422,52491,69,1
52421,52422,52492,70,1
52421,52422,52493,71,1
52421,52422,52493,71,1
52421,52422,52492,70,1
52421,52422,52492,70,1
52421,52422,52493,71,1
52421,52422,52493,71,1
52421,52422,52493,71,1
52421,52422,52494,72,1
52421,52422,52493,71,1
52421,52422,52494,72,1
52421,52422,52495,73,1
52421,52422,52494,72,1
52421,52422,52495,73,1
52421,52422,52496,74,1
52421,52422,52496,74,1
52421,52422,52496,74,1
52421,52422,52496,74,1
52421,52422,52496,74,1
52421,52422,52499,77,1
52421,52422,52499,77,1
52421,52422,52500,78,1
52421,52422,52500,78,1
52421,52422,52502,80,1
52421,52422,52502,80,1
52421,52422,52504,82,1
52421,52422,52503,81,1
52421,52422,52508,86,1
52421,52422,52510,88,1
52421,52493,52516,23,72
52421,52492,52520,28,71
52421,52493,52520,27,72
52421,52492,52521,29,71
52421,52492,52521,29,71
52421,52491,52522,31,70
52421,52493,52524,31,72
52421,52493,52525,32,72
52421,52493,52525,32,72
52421,52493,52527,34,72
52421,52494,52528,34,73
52421,52492,52528,36,71
52421,52493,52530,37,72
52421,52494,52530,36,73
52421,52491,52530,39,70
52421,52496,52530,34,75
52421,52494,52533,39,73
52421,52496,52534,38,75
52421,52495,52534,39,74
52421,52496,52534,38,75
52421,52496,52535,39,75
52421,52472,52536,64,51
52421,52491,52537,46,70
52421,52481,52538,57,60
52421,52496,52538,42,75
52421,52499,52539,40,78
52421,52495,52541,46,74
52421,52490,52541,51,69
52421,52490,52542,52,69
52421,52482,52542,60,61
52421,52477,52543,66,56
52421,52500,52543,43,79
52421,52500,52543,43,79
52421,52496,52544,48,75
52421,52474,52544,70,53
52421,52477,52545,68,56
52421,52500,52545,45,79
52421,52477,52545,68,56
52421,52480,52547,67,59
52421,52491,52547,56,70
52421,52479,52548,69,58
52421,52483,52549,66,62
52421,52487,52549,62,66
52421,52481,52550,69,60
52421,52489,52551,62,68
52421,52481,52551,70,60
52421,52483,52552,69,62
52421,52484,52552,68,63
52421,52484,52553,69,63
52421,52487,52553,66,66
52421,52489,52553,64,68
52421,52478,52554,76,57
52421,52488,52554,66,67
52421,52504,52555,51,83
52421,52487,52556,69,66
52421,52488,52556,68,67
52421,52487,52556,69,66
52421,52486,52557,71,65
52421,52488,52557,69,67
52421,52486,52558,72,65
52421,52486,52558,72,65
52421,52504,52558,54,83
52421,52488,52558,70,67
52421,52502,52559,57,81
52421,52489,52559,70,68
52421,52486,52559,73,65
52421,52503,52559,56,82
52421,52487,52560,73,66
52421,52485,52561,76,64
52421,52487,52561,74,66
52421,52489,52562,73,68
52421,52487,52562,75,66
52421,52487,52563,76,66
52421,52487,52564,77,66
52421,52485,52564,79,64
52421,52485,52564,79,64
52421,52511,52565,54,90
52421,52522,52566,44,101
52421,52487,52566,79,66
52421,52489,52567,78,68
52421,52521,52568,47,100
52421,52508,52569,61,87
52421,52517,52571,54,96
52421,52521,52574,53,100
52421,52520,52575,55,99
52421,52524,52575,51,103
52421,52525,52577,52,104
52421,52525,52580,55,104
52421,52521,52584,63,100
52421,52529,52585,56,108
52421,52530,52588,58,109
52421,52535,52588,53,114
52421,52530,52591,61,109
52421,52538,52592,54,117
52421,52530,52593,63,109
52421,52528,52593,65,107
52421,52530,52595,65,109
52421,52534,52597,63,113
52421,52536,52598,62,115
52421,52533,52598,65,112
52421,52541,52601,60,120
52421,52529,52602,73,108
52421,52545,52605,60,124
52421,52538,52609,71,117
52421,52535,52609,74,114
52421,52538,52611,73,117
52421,52539,52610,71,118
52421,52542,52614,72,121
52421,52535,52615,80,114
52421,52545,52616,71,124
52421,52543,52617,74,122
52421,52545,52617,72,124
52421,52543,52618,75,122
52421,52543,52619,76,122
52421,52547,52620,73,126
52421,52542,52620,78,121
52421,52545,52623,78,124
52421,52546,52625,79,125
52421,52543,52628,85,122
52640,52641,52696,55,1
52640,52641,52698,57,1
52640,52641,52699,58,1
52640,52641,52703,62,1
52640,52641,52706,65,1
52640,52641,52705,64,1
52640,52641,52705,64,1
52640,52641,52707,66,1
52640,52641,52707,66,1
52640,52641,52708,67,1
52640,52641,52708,67,1
52640,52641,52709,68,1
52640,52641,52709,68,1
52640,52641,52710,69,1
52640,52641,52711,70,1
52640,52641,52711,70,1
52640,52641,52711,70,1
52640,52641,52711,70,1
52640,52641,52711,70,1
52640,52641,52712,71,1
52640,52641,52713,72,1
52640,52641,52714,73,1
52640,52641,52713,72,1
52640,52641,52714,73,1
52640,52641,52713,72,1
52640,52641,52714,73,1
52640,52641,52713,72,1
52640,52641,52714,73,1
52640,52641,52715,74,1
52640,52641,52715,74,1
52640,52641,52715,74,1
52640,52641,52715,74,1
52640,52641,52715,74,1
52640,52641,52716,75,1
52640,52641,52715,74,1
52640,52641,52715,74,1
52640,52641,52715,74,1
52640,52641,52715,74,1
52640,52641,52716,75,1
52640,52641,52716,75,1
52640,52641,52717,76,1
52640,52641,52718,77,1
52640,52641,52718,77,1
52640,52641,52719,78,1
52640,52641,52719,78,1
52640,52641,52720,79,1
52640,52641,52721,80,1
52640,52641,52720,79,1
52640,52641,52722,81,1
52640,52641,52723,82,1
52640,52641,52731,90,1
52739,52739,52785,46,0
52739,52739,52785,46,0
52739,52739,52786,47,0
52739,52739,52787,48,0
52739,52739,52788,49,0
52739,52739,52788,49,0
52739,52739,52790,51,0
52739,52739,52791,52,0
52739,52739,52791,52,0
52739,52739,52791,52,0
52739,52739,52792,53,0
52739,52739,52794,55,0
52739,52739,52794,55,0
52739,52739,52794,55,0
52739,52739,52795,56,0
52739,52739,52795,56,0
52739,52739,52796,57,0
52739,52739,52795,56,0
52739,52739,52797,58,0
52739,52739,52796,57,0
52739,52739,52797,58,0
52739,52739,52797,58,0
52739,52739,52797,58,0
52739,52739,52799,60,0
52739,52739,52799,60,0
52739,52739,52800,61,0
52739,52739,52800,61,0
52739,52739,52799,60,0
52739,52739,52801,62,0
52739,52739,52802,63,0
52739,52739,52803,64,0
52739,52739,52802,63,0
52739,52739,52804,65,0
52739,52739,52804,65,0
52739,52739,52805,66,0
52739,52739,52805,66,0
52739,52739,52804,65,0
52739,52739,52805,66,0
52739,52739,52806,67,0
52739,52739,52806,67,0
52739,52739,52807,68,0
52739,52739,52807,68,0
52739,52739,52807,68,0
52739,52739,52806,67,0
52739,52739,52806,67,0
52739,52739,52808,69,0
52739,52739,52808,69,0
52739,52739,52808,69,0
52739,52739,52809,70,0
52739,52739,52808,69,0
52739,52739,52808,69,0
52739,52739,52809,70,0
52739,52739,52810,71,0
52739,52739,52810,71,0
52739,52739,52810,71,0
52739,52739,52811,72,0
52739,52739,52810,71,0
52739,52739,52811,72,0
52739,52739,52812,73,0
52739,52739,52812,73,0
52739,52739,52812,73,0
52739,52739,52812,73,0
52739,52739,52813,74,0
52739,52739,52813,74,0
52739,52739,52813,74,0
52739,52739,52813,74,0
52739,52739,52814,75,0
52739,52739,52814,75,0
52739,52739,52814,75,0
52739,52739,52814,75,0
52739,52739,52815,76,0
52739,52739,52816,77,0
52739,52739,52817,78,0
52739,52739,52817,78,0
52739,52739,52817,78,0
52739,52739,52818,79,0
52739,52739,52819,80,0
52739,52739,52819,80,0
52739,52739,52821,82,0
52739,52739,52822,83,0
52739,52810,52835,25,71
52739,52809,52839,30,70
52739,52810,52839,29,71
52739,52809,52839,30,70
52739,52811,52840,29,72
52739,52810,52841,31,71
52739,52809,52844,35,70
52739,52810,52844,34,71
52739,52809,52844,35,70
52739,52808,52845,37,69
52739,52814,52846,32,75
52739,52813,52846,33,74
52739,52812,52846,34,73
52739,52788,52847,59,49
52739,52811,52848,37,72
52739,52812,52847,35,73
52739,52785,52848,63,46
52739,52812,52849,37,73
52739,52813,52850,37,74
52739,52787,52850,63,48
52739,52813,52850,37,74
52739,52813,52851,38,74
52739,52814,52851,37,75
52739,52788,52852,64,49
52739,52808,52853,45,69
52739,52814,52854,40,75
52739,52791,52855,64,52
52739,52813,52856,43,74
52739,52817,52856,39,78
52739,52786,52856,70,47
52739,52812,52856,44,73
52739,52806,52859,53,67
52739,52789,52858,69,50
52739,52791,52858,67,52
52739,52816,52860,44,77
52739,52817,52861,44,78
52739,52815,52861,46,76
52739,52793,52861,68,54
52739,52796,52861,65,57
52739,52794,52861,67,55
52739,52795,52862,67,56
52739,52795,52865,70,56
52739,52791,52864,73,52
52739,52818,52865,47,79
52739,52807,52865,58,68
52739,52797,52866,69,58
52739,52807,52866,59,68
52739,52797,52867,70,58
52739,52823,52866,43,84
52739,52792,52867,75,53
52739,52796,52868,72,57
52739,52820,52869,49,81
52739,52807,52869,62,68
52739,52800,52869,69,61
52739,52801,52869,68,62
52739,52819,52869,50,80
52739,52799,52869,70,60
52739,52800,52871,71,61
52739,52800,52870,70,61
52739,52799,52871,72,60
52739,52817,52872,55,78
52739,52803,52874,71,64
52739,52796,52875,79,57
52739,52798,52875,77,59
52739,52797,52874,77,58
52739,52794,52875,81,55
52739,52805,52875,70,66
52739,52818,52875,57,79
52739,52805,52875,70,66
52739,52802,52876,74,63
52739,52821,52877,56,82
52739,52803,52876,73,64
52739,52806,52876,70,67
52739,52804,52877,73,65
52739,52805,52878,73,66
52739,52804,52878,74,65
52739,52797,52878,81,58
52739,52807,52879,72,68
52739,52807,52881,74,68
52739,52806,52883,77,67
52739,52842,52890,48,103
52739,52841,52892,51,102
52739,52840,52893,53,101
52739,52839,52893,54,100
52739,52836,52895,59,97
52739,52846,52899,53,107
52739,52851,52899,48,112
52739,52840,52900,60,101
52739,52848,52903,55,109
52739,52847,52903,56,108
52739,52845,52904,59,106
52739,52847,52904,57,108
52739,52848,52908,60,109
52739,52845,52908,63,106
52739,52848,52908,60,109
52739,52847,52910,63,108
52739,52844,52911,67,105
52739,52851,52912,61,112
52739,52852,52914,62,113
52739,52850,52915,65,111
52739,52857,52920,63,118
52739,52849,52919,70,110
52739,52852,52921,69,113
52739,52853,52921,68,114
52739,52853,52923,70,114
52739,52862,52923,61,123
52739,52859,52925,66,120
52739,52857,52925,68,118
52739,52855,52929,74,116
52739,52851,52931,80,112
52739,52857,52933,76,118
52739,52857,52934,77,118
52739,52862,52935,73,123
52739,52859,52934,75,120
52739,52862,52935,73,123
52739,52855,52935,80,116
52739,52861,52939,78,122
52739,52859,52939,80,120
52739,52861,52948,87,122
52962,52963,53021,58,1
52962,52963,53023,60,1
52962,52963,53024,61,1
52962,52963,53023,60,1
52962,52963,53024,61,1
52962,52963,53025,62,1
52962,52963,53025,62,1
52962,52963,53027,64,1
52962,52963,53026,63,1
52962,52963,53027,64,1
52962,52963,53028,65,1
52962,52963,53029,66,1
52962,52963,53029,66,1
52962,52963,53028,65,1
52962,52963,53028,65,1
52962,52963,53030,67,1
52962,52963,53032,69,1
52962,52963,53032,69,1
52962,52963,53033,70,1
52962,52963,53033,70,1
52962,52963,53033,70,1
52962,52963,53034,71,1
52962,52963,53034,71,1
52962,52963,53035,72,1
52962,52963,53034,71,1
52962,52963,53034,71,1
52962,52963,53036,73,1
52962,52963,53035,72,1
52962,52963,53035,72,1
52962,52963,53036,73,1
52962,52963,53036,73,1
52962,52963,53038,75,1
52962,52963,53038,75,1
52962,52963,53038,75,1
52962,52963,53038,75,1
52962,52963,53038,75,1
52962,52963,53038,75,1
52962,52963,53039,76,1
52962,52963,53040,77,1
52962,52963,53040,77,1
52962,52963,53040,77,1
52962,52963,53041,78,1
52962,52963,53041,78,1
52962,52963,53041,78,1
52962,52963,53043,80,1
52962,52963,53042,79,1
52962,52963,53042,79,1
52962,52963,53043,80,1
52962,52963,53043,80,1
52962,52963,53045,82,1
52962,52963,53048,85,1
53055,53055,53098,43,0
53055,53055,53103,48,0
53055,53055,53105,50,0
53055,53055,53105,50,0
53055,53055,53104,49,0
53055,53055,53105,50,0
53055,53055,53105,50,0
53055,53055,53107,52,0
53055,53055,53107,52,0
53055,53055,53107,52,0
53055,53055,53106,51,0
53055,53055,53107,52,0
53055,53055,53106,51,0
53055,53055,53109,54,0
53055,53055,53109,54,0
53055,53055,53109,54,0
53055,53055,53111,56,0
53055,53055,53111,56,0
53055,53055,53111,56,0
53055,53055,53113,58,0
53055,53055,53113,58,0
53055,53055,53113,58,0
53055,53055,53113,58,0
53055,53055,53112,57,0
53055,53055,53114,59,0
53055,53055,53113,58,0
53055,53055,53114,59,0
53055,53055,53114,59,0
53055,53055,53114,59,0
53055,53055,53114,59,0
53055,53055,53114,59,0
53055,53055,53115,60,0
53055,53055,53116,61,0
53055,53055,53116,61,0
53055,53055,53116,61,0
53055,53055,53117,62,0
53055,53055,53118,63,0
53055,53055,53118,63,0
53055,53055,53118,63,0
53055,53055,53118,63,0
53055,53055,53118,63,0
53055,53055,53119,64,0
53055,53055,53119,64,0
53055,53055,53119,64,0
53055,53055,53119,64,0
53055,53055,53120,65,0
53055,53055,53120,65,0
53055,53055,53120,65,0
53055,53055,53121,66,0
53055,53055,53122,67,0
53055,53055,53122,67,0
53055,53055,53123,68,0
53055,53055,53124,69,0
53055,53055,53124,69,0
53055,53055,53123,68,0
53055,53055,53123,68,0
53055,53055,53124,69,0
53055,53055,53123,68,0
53055,53055,53124,69,0
53055,53055,53125,70,0
53055,53055,53125,70,0
53055,53055,53124,69,0
53055,53055,53126,71,0
53055,53055,53126,71,0
53055,53055,53127,72,0
53055,53055,53127,72,0
53055,53055,53127,72,0
53055,53055,53128,73,0
53055,53055,53128,73,0
53055,53055,53129,74,0
53055,53055,53129,74,0
53055,53055,53130,75,0
53055,53055,53130,75,0
53055,53055,53130,75,0
53055,53055,53130,75,0
53055,53055,53130,75,0
53055,53055,53130,75,0
53055,53055,53133,78,0
53055,53055,53133,78,0
53055,53055,53137,82,0
53055,53123,53150,27,68
53055,53122,53151,29,67
53055,53124,53151,27,69
53055,53121,53152,31,66
53055,53121,53152,31,66
53055,53124,53152,28,69
53055,53124,53153,29,69
53055,53125,53153,28,70
53055,53124,53154,30,69
53055,53125,53156,31,70
53055,53125,53158,33,70
53055,53125,53158,33,70
53055,53122,53158,36,67
53055,53124,53159,35,69
53055,53127,53160,33,72
53055,53124,53160,36,69
53055,53120,53160,40,65
53055,53127,53161,34,72
53055,53127,53162,35,72
53055,53120,53164,44,65
53055,53106,53167,61,51
53055,53105,53168,63,50
53055,53126,53168,42,71
53055,53106,53169,63,51
53055,53129,53170,41,74
53055,53130,53170,40,75
53055,53107,53171,64,52
53055,53131,53171,40,76
53055,53098,53171,73,43
53055,53107,53171,64,52
53055,53118,53171,53,63
53055,53105,53172,67,50
53055,53129,53172,43,74
53055,53118,53173,55,63
53055,53129,53174,45,74
53055,53127,53174,47,72
53055,53107,53174,67,52
53055,53109,53175,66,54
53055,53103,53176,73,48
53055,53107,53176,69,52
53055,53128,53177,49,73
53055,53133,53177,44,78
53055,53119,53177,58,64
53055,53130,53178,48,75
53055,53113,53178,65,58
53055,53113,53179,66,58
53055,53118,53179,61,63
53055,53130,53181,51,75
53055,53131,53180,49,76
53055,53105,53180,75,50
53055,53114,53180,66,59
53055,53113,53181,68,58
53055,53119,53182,63,64
53055,53107,53181,74,52
53055,53114,53182,68,59
53055,53109,53183,74,54
53055,53133,53183,50,78
53055,53115,53184,69,60
53055,53117,53184,67,62
53055,53112,53185,73,57
53055,53117,53185,68,62
53055,53107,53186,79,52
53055,53118,53186,68,63
53055,53137,53186,49,82
53055,53114,53187,73,59
53055,53112,53188,76,57
53055,53130,53188,58,75
53055,53113,53188,75,58
53055,53120,53188,68,65
53055,53116,53189,73,61
53055,53115,53189,74,60
53055,53110,53190,80,55
53055,53118,53190,72,63
53055,53118,53191,73,63
53055,53115,53193,78,60
53055,53111,53193,82,56
53055,53116,53193,77,61
53055,53115,53193,78,60
53055,53154,53196,42,99
53055,53119,53198,79,64
53055,53113,53198,85,58
53055,53152,53200,48,97
53055,53151,53202,51,96
53055,53152,53205,53,97
53055,53152,53208,56,97
53055,53152,53210,58,97
53055,53161,53210,49,106
53055,53154,53211,57,99
53055,53161,53213,52,106
53055,53152,53213,61,97
53055,53165,53214,49,110
53055,53159,53214,55,104
53055,53163,53217,54,108
53055,53160,53217,57,105
53055,53156,53218,62,101
53055,53162,53221,59,107
53055,53159,53224,65,104
53055,53169,53225,56,114
53055,53158,53226,68,103
53055,53159,53227,68,104
53055,53171,53228,57,116
53055,53168,53230,62,113
53055,53170,53230,60,115
53055,53161,53233,72,106
53055,53173,53233,60,118
53055,53169,53233,64,114
53055,53173,53235,62,118
53055,53172,53236,64,117
53055,53172,53236,64,117
53055,53172,53236,64,117
53055,53176,53237,61,121
53055,53174,53238,64,119
53055,53175,53238,63,120
53055,53177,53239,62,122
53055,53172,53243,71,117
53055,53175,53246,71,120
53055,53171,53246,75,116
53055,53172,53247,75,117
53055,53175,53248,73,120
53263,53263,53320,57,0
53263,53263,53320,57,0
53263,53263,53321,58,0
53263,53263,53321,58,0
53263,53263,53322,59,0
53263,53263,53325,62,0
53263,53263,53326,63,0
53263,53263,53326,63,0
53263,53263,53327,64,0
53263,53263,53327,64,0
53263,53263,53329,66,0
53263,53263,53330,67,0
53263,53263,53329,66,0
53263,53263,53330,67,0
53263,53263,53330,67,0
53263,53263,53331,68,0
53263,53263,53331,68,0
53263,53263,53332,69,0
53263,53263,53333,70,0
53263,53263,53333,70,0
53263,53263,53333,70,0
53263,53263,53334,71,0
53263,53263,53334,71,0
53263,53263,53335,72,0
53263,53263,53335,72,0
53263,53263,53335,72,0
53263,53263,53336,73,0
53263,53263,53336,73,0
53263,53263,53336,73,0
53263,53263,53336,73,0
53263,53263,53336,73,0
53263,53263,53337,74,0
53263,53263,53338,75,0
53263,53263,53338,75,0
53263,53263,53337,74,0
53263,53263,53338,75,0
53263,53263,53337,74,0
53263,53263,53338,75,0
53263,53263,53338,75,0
53263,53263,53339,76,0
53263,53263,53339,76,0
53263,53263,53339,76,0
53263,53263,53340,77,0
53263,53263,53340,77,0
53263,53263,53341,78,0
53263,53263,53341,78,0
53263,53263,53341,78,0
53263,53263,53342,79,0
53263,53263,53343,80,0
53263,53263,53347,84,0
53263,53263,53349,86,0
53355,53355,53401,46,0
53355,53355,53400,45,0
53355,53355,53402,47,0
53355,53355,53403,48,0
53355,53355,53404,49,0
53355,53355,53404,49,0
53355,53355,53404,49,0
53355,53355,53405,50,0
53355,53355,53406,51,0
53355,53355,53405,50,0
53355,53355,53406,51,0
53355,53355,53408,53,0
53355,53355,53407,52,0
53355,53355,53408,53,0
53355,53355,53409,54,0
53355,53355,53409,54,0
53355,53355,53409,54,0
53355,53355,53410,55,0
53355,53355,53411,56,0
53355,53355,53410,55,0
53355,53355,53411,56,0
53355,53355,53411,56,0
53355,53355,53412,57,0
53355,53355,53412,57,0
53355,53355,53412,57,0
53355,53355,53413,58,0
53355,53355,53413,58,0
53355,53355,53413,58,0
53355,53355,53413,58,0
53355,53355,53414,59,0
53355,53355,53413,58,0
53355,53355,53413,58,0
53355,53355,53413,58,0
53355,53355,53413,58,0
53355,53355,53415,60,0
53355,53355,53417,62,0
53355,53355,53417,62,0
53355,53355,53417,62,0
53355,53355,53418,63,0
53355,53355,53418,63,0
53355,53355,53417,62,0
53355,53355,53417,62,0
53355,53355,53419,64,0
53355,53355,53420,65,0
53355,53355,53419,64,0
53355,53355,53419,64,0
53355,53355,53420,65,0
53355,53355,53420,65,0
53355,53355,53421,66,0
53355,53355,53421,66,0
53355,53355,53422,67,0
53355,53355,53421,66,0
53355,53355,53421,66,0
53355,53355,53423,68,0
53355,53355,53423,68,0
53355,53355,53423,68,0
53355,53355,53422,67,0
53355,53355,53422,67,0
53355,53355,53422,67,0
53355,53355,53424,69,0
53355,53355,53423,68,0
53355,53355,53424,69,0
53355,53355,53424,69,0
53355,53355,53425,70,0
53355,53355,53424,69,0
53355,53355,53425,70,0
53355,53355,53426,71,0
53355,53355,53426,71,0
53355,53355,53427,72,0
53355,53355,53427,72,0
53355,53355,53427,72,0
53355,53355,53427,72,0
53355,53355,53428,73,0
53355,53355,53427,72,0
53355,53355,53427,72,0
53355,53355,53430,75,0
53355,53355,53429,74,0
53355,53355,53429,74,0
53355,53355,53430,75,0
53355,53355,53431,76,0
53355,53421,53442,21,66
53355,53422,53446,24,67
53355,53421,53447,26,66
53355,53423,53447,24,68
53355,53422,53449,27,67
53355,53423,53448,25,68
53355,53420,53451,31,65
53355,53423,53453,30,68
53355,53424,53453,29,69
53355,53423,53454,31,68
53355,53420,53454,34,65
53355,53422,53455,33,67
53355,53425,53457,32,70
53355,53424,53457,33,69
53355,53423,53459,36,68
53355,53425,53461,36,70
53355,53423,53462,39,68
53355,53426,53463,37,71
53355,53425,53465,40,70
53355,53425,53466,41,70
53355,53430,53466,36,75
53355,53427,53467,40,72
53355,53427,53468,41,72
53355,53409,53468,59,54
53355,53428,53469,41,73
53355,53401,53469,68,46
53355,53426,53469,43,71
53355,53419,53470,51,64
53355,53401,53470,69,46
53355,53428,53471,43,73
53355,53406,53471,65,51
53355,53420,53472,52,65
53355,53428,53472,44,73
53355,53425,53472,47,70
53355,53405,53472,67,50
53355,53405,53473,68,50
53355,53427,53474,47,72
53355,53430,53474,44,75
53355,53408,53475,67,53
53355,53406,53475,69,51
53355,53420,53476,56,65
53355,53418,53476,58,63
53355,53430,53477,47,75
53355,53405,53477,72,50
53355,53404,53477,73,49
53355,53420,53478,58,65
53355,53413,53478,65,58
53355,53418,53479,61,63
53355,53432,53479,47,77
53355,53418,53480,62,63
53355,53412,53480,68,57
53355,53411,53480,69,56
53355,53406,53481,75,51
53355,53409,53481,72,54
53355,53414,53482,68,59
53355,53410,53482,72,55
53355,53431,53482,51,76
53355,53402,53482,80,47
53355,53414,53482,68,59
53355,53413,53483,70,58
53355,53408,53483,75,53
53355,53414,53484,70,59
53355,53411,53484,73,56
53355,53407,53484,77,52
53355,53414,53484,70,59
53355,53413,53485,72,58
53355,53412,53485,73,57
53355,53414,53486,72,59
53355,53428,53486,58,73
53355,53415,53486,71,60
53355,53410,53486,76,55
53355,53411,53487,76,56
53355,53414,53487,73,59
53355,53412,53488,76,57
53355,53443,53489,46,88
53355,53418,53491,73,63
53355,53417,53491,74,62
53355,53418,53492,74,63
53355,53414,53492,78,59
53355,53447,53493,46,92
53355,53412,53494,82,57
53355,53449,53495,46,94
53355,53417,53496,79,62
53355,53447,53497,50,92
53355,53447,53502,55,92
53355,53453,53502,49,98
53355,53451,53504,53,96
53355,53457,53505,48,102
53355,53457,53507,50,102
53355,53459,53508,49,104
53355,53449,53509,60,94
53355,53454,53509,55,99
53355,53453,53512,59,98
53355,53455,53514,59,100
53355,53466,53515,49,111
53355,53465,53519,54,110
53355,53455,53520,65,100
53355,53464,53520,56,109
53355,53461,53525,64,106
53355,53471,53526,55,116
53355,53468,53529,61,113
53355,53470,53530,60,115
53355,53470,53530,60,115
53355,53467,53531,64,112
53355,53462,53534,72,107
53355,53468,53536,68,113
53355,53472,53535,63,117
53355,53475,53535,60,120
53355,53474,53538,64,119
53355,53472,53538,66,117
53355,53472,53538,66,117
53355,53469,53538,69,114
53355,53470,53541,71,115
53355,53473,53543,70,118
53355,53475,53546,71,120
53355,53469,53548,79,114
53355,53474,53549,75,119
53355,53471,53550,79,116
53355,53474,53552,78,119
53566,53566,53626,60,0
53566,53566,53627,61,0
53566,53566,53629,63,0
53566,53566,53629,63,0
53566,53566,53630,64,0
53566,53566,53632,66,0
53566,53566,53633,67,0
53566,53566,53632,66,0
53566,53566,53633,67,0
53566,53566,53634,68,0
53566,53566,53635,69,0
53566,53566,53635,69,0
53566,53566,53635,69,0
53566,53566,53635,69,0
53566,53566,53636,70,0
53566,53566,53636,70,0
53566,53566,53637,71,0
53566,53566,53637,71,0
53566,53566,53636,70,0
53566,53566,53637,71,0
53566,53566,53637,71,0
53566,53566,53638,72,0
53566,53566,53638,72,0
53566,53566,53639,73,0
53566,53566,53639,73,0
53566,53566,53639,73,0
53566,53566,53639,73,0
53566,53566,53639,73,0
53566,53566,53640,74,0
53566,53566,53640,74,0
53566,53566,53640,74,0
53566,53566,53640,74,0
53566,53566,53640,74,0
53566,53566,53640,74,0
53566,53566,53642,76,0
53566,53566,53641,75,0
53566,53566,53642,76,0
53566,53566,53643,77,0
53566,53566,53644,78,0
53566,53566,53644,78,0
53566,53566,53646,80,0
53566,53566,53645,79,0
53566,53566,53646,80,0
53566,53566,53647,81,0
53566,53566,53648,82,0
53566,53566,53648,82,0
53566,53566,53648,82,0
53566,53566,53648,82,0
53566,53566,53649,83,0
53566,53566,53649,83,0
53566,53566,53651,85,0
53658,53658,53703,45,0
53658,53658,53705,47,0
53658,53658,53706,48,0
53658,53658,53708,50,0
53658,53658,53707,49,0
53658,53658,53709,51,0
53658,53658,53709,51,0
53658,53658,53709,51,0
53658,53658,53709,51,0
53658,53658,53710,52,0
53658,53658,53710,52,0
53658,53658,53710,52,0
53658,53658,53711,53,0
53658,53658,53711,53,0
53658,53658,53711,53,0
53658,53658,53712,54,0
53658,53658,53712,54,0
53658,53658,53713,55,0
53658,53658,53713,55,0
53658,53658,53714,56,0
53658,53658,53714,56,0
53658,53658,53714,56,0
53658,53658,53714,56,0
53658,53658,53715,57,0
53658,53658,53715,57,0
53658,53658,53716,58,0
53658,53658,53716,58,0
53658,53658,53716,58,0
53658,53658,53717,59,0
53658,53658,53717,59,0
53658,53658,53718,60,0
53658,53658,53718,60,0
53658,53658,53718,60,0
53658,53658,53719,61,0
53658,53658,53719,61,0
53658,53658,53719,61,0
53658,53658,53719,61,0
53658,53658,53719,61,0
53658,53658,53720,62,0
53658,53658,53721,63,0
53658,53658,53721,63,0
53658,53658,53721,63,0
53658,53658,53721,63,0
53658,53658,53722,64,0
53658,53658,53722,64,0
53658,53658,53722,64,0
53658,53658,53722,64,0
53658,53658,53723,65,0
53658,53658,53723,65,0
53658,53658,53724,66,0
53658,53658,53724,66,0
53658,53658,53725,67,0
53658,53658,53724,66,0
53658,53658,53724,66,0
53658,53658,53724,66,0
53658,53658,53725,67,0
53658,53658,53725,67,0
53658,53658,53726,68,0
53658,53658,53726,68,0
53658,53658,53726,68,0
53658,53658,53726,68,0
53658,53658,53727,69,0
53658,53658,53727,69,0
53658,53658,53728,70,0
53658,53658,53728,70,0
53658,53658,53728,70,0
53658,53658,53730,72,0
53658,53658,53729,71,0
53658,53658,53729,71,0
53658,53658,53729,71,0
53658,53658,53729,71,0
53658,53658,53729,71,0
53658,53658,53730,72,0
53658,53658,53730,72,0
53658,53658,53731,73,0
53658,53658,53732,74,0
53658,53658,53733,75,0
53658,53658,53735,77,0
53658,53658,53736,78,0
53658,53658,53739,81,0
53658,53725,53748,23,67
53658,53724,53750,26,66
53658,53723,53752,29,65
53658,53724,53754,30,66
53658,53724,53754,30,66
53658,53725,53754,29,67
53658,53725,53754,29,67
53658,53728,53755,27,70
53658,53727,53755,28,69
53658,53723,53757,34,65
53658,53725,53758,33,67
53658,53726,53757,31,68
53658,53727,53758,31,69
53658,53724,53759,35,66
53658,53727,53761,34,69
53658,53726,53763,37,68
53658,53727,53765,38,69
53658,53709,53768,59,51
53658,53729,53769,40,71
53658,53730,53769,39,72
53658,53728,53769,41,70
53658,53722,53770,48,64
53658,53729,53772,43,71
53658,53729,53772,43,71
53658,53731,53772,41,73
53658,53703,53774,71,45
53658,53710,53775,65,52
53658,53712,53774,62,54
53658,53711,53774,63,53
53658,53732,53775,43,74
53658,53706,53775,69,48
53658,53723,53776,53,65
53658,53734,53776,42,76
53658,53735,53777,42,77
53658,53730,53777,47,72
53658,53713,53778,65,55
53658,53720,53777,57,62
53658,53709,53778,69,51
53658,53712,53779,67,54
53658,53730,53779,49,72
53658,53733,53780,47,75
53658,53707,53780,73,49
53658,53720,53781,61,62
53658,53723,53781,58,65
53658,53730,53782,52,72
53658,53720,53782,62,62
53658,53730,53781,51,72
53658,53711,53781,70,53
53658,53716,53782,66,58
53658,53718,53783,65,60
53658,53709,53783,74,51
53658,53712,53782,70,54
53658,53731,53784,53,73
53658,53714,53784,70,56
53658,53720,53783,63,62
53658,53710,53784,74,52
53658,53717,53785,68,59
53658,53722,53785,63,64
53658,53709,53785,76,51
53658,53730,53785,55,72
53658,53714,53785,71,56
53658,53737,53785,48,79
53658,53715,53787,72,57
53658,53722,53787,65,64
53658,53713,53788,75,55
53658,53716,53788,72,58
53658,53722,53788,66,64
53658,53719,53790,71,61
53658,53715,53791,76,57
53658,53717,53791,74,59
53658,53740,53790,50,82
53658,53717,53791,74,59
53658,53715,53792,77,57
53658,53719,53791,72,61
53658,53718,53791,73,60
53658,53711,53792,81,53
53658,53721,53794,73,63
53658,53748,53794,46,90
53658,53720,53795,75,62
53658,53715,53795,80,57
53658,53755,53797,42,97
53658,53719,53800,81,61
53658,53754,53801,47,96
53658,53753,53801,48,95
53658,53750,53801,51,92
53658,53755,53802,47,97
53658,53755,53803,48,97
53658,53758,53805,47,100
53658,53756,53806,50,98
53658,53759,53806,47,101
53658,53757,53811,54,99
53658,53759,53814,55,101
53658,53765,53814,49,107
53658,53770,53815,45,112
53658,53758,53819,61,100
53658,53761,53818,57,103
53658,53763,53819,56,105
53658,53770,53821,51,112
53658,53756,53821,65,98
53658,53769,53831,62,111
53658,53771,53831,60,113
53658,53775,53833,58,117
53658,53773,53834,61,115
53658,53774,53835,61,116
53658,53777,53835,58,119
53658,53778,53836,58,120
53658,53778,53837,59,120
53658,53775,53837,62,117
53658,53773,53838,65,115
53658,53775,53842,67,117
53658,53775,53843,68,117
53658,53779,53843,64,121
53658,53770,53845,75,112
53658,53778,53846,68,120
53658,53777,53846,69,119
53658,53772,53848,76,114
53658,53776,53849,73,118
53658,53777,53850,73,119
53658,53778,53854,76,120
53868,53868,53924,56,0
53868,53868,53926,58,0
53868,53868,53926,58,0
53868,53868,53927,59,0
53868,53868,53932,64,0
53868,53868,53935,67,0
53868,53868,53935,67,0
53868,53868,53934,66,0
53868,53868,53935,67,0
53868,53868,53935,67,0
53868,53868,53937,69,0
53868,53868,53938,70,0
53868,53868,53938,70,0
53868,53868,53938,70,0
53868,53868,53939,71,0
53868,53868,53939,71,0
53868,53868,53939,71,0
53868,53868,53940,72,0
53868,53868,53940,72,0
53868,53868,53939,71,0
53868,53868,53939,71,0
53868,53868,53941,73,0
53868,53868,53941,73,0
53868,53868,53941,73,0
53868,53868,53940,72,0
53868,53868,53941,73,0
53868,53868,53942,74,0
53868,53868,53941,73,0
53868,53868,53942,74,0
53868,53868,53942,74,0
53868,53868,53942,74,0
53868,53868,53942,74,0
53868,53868,53943,75,0
53868,53868,53943,75,0
53868,53868,53943,75,0
53868,53868,53944,76,0
53868,53868,53945,77,0
53868,53868,53944,76,0
53868,53868,53944,76,0
53868,53868,53946,78,0
53868,53868,53947,79,0
53868,53868,53946,78,0
53868,53868,53946,78,0
53868,53868,53948,80,0
53868,53868,53949,81,0
53868,53868,53948,80,0
53868,53868,53948,80,0
53868,53868,53949,81,0
53868,53868,53950,82,0
53868,53868,53952,84,0
53868,53868,53951,83,0
53958,53958,54001,43,0
53958,53958,54004,46,0
53958,53958,54008,50,0
53958,53958,54008,50,0
53958,53958,54009,51,0
53958,53958,54008,50,0
53958,53958,54010,52,0
53958,53958,54010,52,0
53958,53958,54011,53,0
53958,53958,54010,52,0
53958,53958,54012,54,0
53958,53958,54012,54,0
53958,53958,54013,55,0
53958,53958,54013,55,0
53958,53958,54012,54,0
53958,53958,54013,55,0
53958,53958,54012,54,0
53958,53958,54014,56,0
53958,53958,54014,56,0
53958,53958,54014,56,0
53958,53958,54016,58,0
53958,53958,54015,57,0
53958,53958,54016,58,0
53958,53958,54017,59,0
53958,53958,54017,59,0
53958,53958,54017,59,0
53958,53958,54018,60,0
53958,53958,54018,60,0
53958,53958,54018,60,0
53958,53958,54018,60,0
53958,53958,54018,60,0
53958,53958,54018,60,0
53958,53958,54018,60,0
53958,53958,54019,61,0
53958,53958,54019,61,0
53958,53958,54019,61,0
53958,53958,54019,61,0
53958,53958,54019,61,0
53958,53958,54019,61,0
53958,53958,54020,62,0
53958,53958,54020,62,0
53958,53958,54020,62,0
53958,53958,54021,63,0
53958,53958,54020,62,0
53958,53958,54021,63,0
53958,53958,54021,63,0
53958,53958,54022,64,0
53958,53958,54022,64,0
53958,53958,54022,64,0
53958,53958,54022,64,0
53958,53958,54023,65,0
53958,53958,54023,65,0
53958,53958,54023,65,0
53958,53958,54024,66,0
53958,53958,54024,66,0
53958,53958,54025,67,0
53958,53958,54025,67,0
53958,53958,54025,67,0
53958,53958,54025,67,0
53958,53958,54025,67,0
53958,53958,54025,67,0
53958,53958,54025,67,0
53958,53958,54025,67,0
53958,53958,54026,68,0
53958,53958,54026,68,0
53958,53958,54026,68,0
53958,53958,54026,68,0
53958,53958,54026,68,0
53958,53958,54027,69,0
53958,53958,54027,69,0
53958,53958,54029,71,0
53958,53958,54031,73,0
53958,53958,54031,73,0
53958,53958,54031,73,0
53958,53958,54031,73,0
53958,53958,54032,74,0
53958,53958,54033,75,0
53958,53958,54034,76,0
53958,53958,54034,76,0
53958,53958,54034,76,0
53958,54023,54047,24,65
53958,54023,54049,26,65
53958,54023,54050,27,65
53958,54023,54050,27,65
53958,54026,54052,26,68
53958,54024,54054,30,66
53958,54025,54054,29,67
53958,54025,54054,29,67
53958,54026,54054,28,68
53958,54026,54055,29,68
53958,54022,54055,33,64
53958,54026,54055,29,68
53958,54024,54056,32,66
53958,54026,54058,32,68
53958,54022,54061,39,64
53958,54026,54060,34,68
53958,54026,54061,35,68
53958,54027,54062,35,69
53958,54026,54062,36,68
53958,54027,54063,36,69
53958,54022,54064,42,64
53958,54022,54064,42,64
53958,54027,54064,37,69
53958,54005,54070,65,47
53958,54028,54069,41,70
53958,54002,54070,68,44
53958,54008,54073,65,50
53958,54032,54074,42,74
53958,54027,54073,46,69
53958,54030,54074,44,72
53958,54021,54075,54,63
53958,54012,54076,64,54
53958,54035,54077,42,77
53958,54020,54076,56,62
53958,54020,54076,56,62
53958,54010,54077,67,52
53958,54032,54078,46,74
53958,54011,54081,70,53
53958,54008,54081,73,50
53958,54027,54080,53,69
53958,54019,54080,61,61
53958,54011,54080,69,53
53958,54013,54081,68,55
53958,54033,54080,47,75
53958,54014,54080,66,56
53958,54035,54081,46,77
53958,54019,54082,63,61
53958,54014,54082,68,56
53958,54009,54082,73,51
53958,54010,54082,72,52
53958,54032,54083,51,74
53958,54013,54083,70,55
53958,54013,54084,71,55
53958,54017,54085,68,59
53958,54019,54085,66,61
53958,54017,54085,68,59
53958,54018,54087,69,60
53958,54013,54086,73,55
53958,54034,54087,53,76
53958,54032,54087,55,74
53958,54018,54087,69,60
53958,54012,54088,76,54
53958,54028,54088,60,70
53958,54020,54087,67,62
53958,54009,54088,79,51
53958,54019,54089,70,61
53958,54013,54089,76,55
53958,54018,54090,72,60
53958,54035,54090,55,77
53958,54019,54091,72,61
53958,54019,54091,72,61
53958,54018,54093,75,60
53958,54019,54092,73,61
53958,54014,54094,80,56
53958,54048,54093,45,90
53958,54049,54095,46,91
53958,54018,54096,78,60
53958,54053,54095,42,95
53958,54016,54096,80,58
53958,54020,54097,77,62
53958,54016,54098,82,58
53958,54016,54097,81,58
53958,54051,54098,47,93
53958,54051,54102,51,93
53958,54017,54103,86,59
53958,54061,54106,45,103
53958,54065,54108,43,107
53958,54055,54109,54,97
53958,54055,54109,54,97
53958,54055,54111,56,97
53958,54055,54111,56,97
53958,54056,54113,57,98
53958,54057,54113,56,99
53958,54063,54112,49,105
53958,54058,54114,56,100
53958,54055,54115,60,97
53958,54064,54115,51,106
53958,54061,54119,58,103
53958,54063,54120,57,105
53958,54056,54122,66,98
53958,54062,54124,62,104
53958,54074,54128,54,116
53958,54070,54129,59,112
53958,54070,54132,62,112
53958,54073,54133,60,115
53958,54077,54135,58,119
53958,54065,54134,69,107
53958,54074,54135,61,116
53958,54071,54137,66,113
53958,54065,54138,73,107
53958,54077,54137,60,119
53958,54077,54139,62,119
53958,54081,54142,61,123
53958,54076,54143,67,118
53958,54074,54143,69,116
53958,54078,54143,65,120
53958,54076,54145,69,118
53958,54079,54145,66,121
53958,54081,54146,65,123
54159,54159,54210,51,0
54159,54159,54215,56,0
54159,54159,54215,56,0
54159,54159,54215,56,0
54159,54159,54217,58,0
54159,54159,54218,59,0
54159,54159,54219,60,0
54159,54159,54219,60,0
54159,54159,54220,61,0
54159,54160,54219,59,1
54159,54159,54221,62,0
54159,54160,54223,63,1
54159,54159,54222,63,0
54159,54159,54224,65,0
54159,54159,54224,65,0
54159,54159,54223,64,0
54159,54159,54224,65,0
54159,54159,54225,66,0
54159,54159,54225,66,0
54159,54159,54226,67,0
54159,54159,54227,68,0
54159,54159,54226,67,0
54159,54159,54227,68,0
54159,54159,54228,69,0
54159,54159,54228,69,0
54159,54159,54228,69,0
54159,54159,54231,72,0
54159,54159,54230,71,0
54159,54159,54230,71,0
54159,54160,54230,70,1
54159,54159,54231,72,0
54159,54159,54231,72,0
54159,54159,54231,72,0
54159,54159,54232,73,0
54159,54159,54232,73,0
54159,54159,54232,73,0
54159,54159,54233,74,0
54159,54159,54233,74,0
54159,54159,54234,75,0
54159,54159,54234,75,0
54159,54159,54234,75,0
54159,54159,54235,76,0
54159,54159,54235,76,0
54159,54159,54235,76,0
54159,54159,54235,76,0
54159,54159,54236,77,0
54159,54159,54240,81,0
54159,54160,54240,80,1
54159,54159,54242,83,0
54159,54159,54246,87,0
54159,54159,54247,88,0
54254,54254,54295,41,0
54254,54254,54297,43,0
54254,54254,54298,44,0
54254,54254,54299,45,0
54254,54254,54300,46,0
54254,54254,54301,47,0
54254,54254,54301,47,0
54254,54254,54301,47,0
54254,54254,54302,48,0
54254,54254,54302,48,0
54254,54254,54304,50,0
54254,54254,54305,51,0
54254,54254,54305,51,0
54254,54254,54306,52,0
54254,54254,54305,51,0
54254,54254,54306,52,0
54254,54254,54306,52,0
54254,54254,54307,53,0
54254,54254,54309,55,0
54254,54254,54309,55,0
54254,54254,54310,56,0
54254,54254,54309,55,0
54254,54254,54309,55,0
54254,54254,54310,56,0
54254,54254,54310,56,0
54254,54254,54310,56,0
54254,54254,54311,57,0
54254,54254,54311,57,0
54254,54254,54310,56,0
54254,54254,54310,56,0
54254,54254,54311,57,0
54254,54254,54311,57,0
54254,54254,54313,59,0
54254,54254,54313,59,0
54254,54254,54313,59,0
54254,54254,54313,59,0
54254,54254,54314,60,0
54254,54254,54313,59,0
54254,54254,54313,59,0
54254,54254,54313,59,0
54254,54254,54314,60,0
54254,54254,54315,61,0
54254,54254,54314,60,0
54254,54254,54315,61,0
54254,54254,54315,61,0
54254,54254,54314,60,0
54254,54254,54316,62,0
54254,54254,54316,62,0
54254,54254,54316,62,0
54254,54254,54317,63,0
54254,54254,54317,63,0
54254,54254,54319,65,0
54254,54254,54318,64,0
54254,54254,54320,66,0
54254,54254,54319,65,0
54254,54254,54319,65,0
54254,54254,54319,65,0
54254,54254,54320,66,0
54254,54254,54320,66,0
54254,54254,54321,67,0
54254,54254,54321,67,0
54254,54254,54322,68,0
54254,54254,54322,68,0
54254,54254,54322,68,0
54254,54254,54323,69,0
54254,54254,54322,68,0
54254,54254,54322,68,0
54254,54254,54322,68,0
54254,54254,54324,70,0
54254,54254,54324,70,0
54254,54254,54326,72,0
54254,54254,54326,72,0
54254,54254,54327,73,0
54254,54254,54327,73,0
54254,54254,54326,72,0
54254,54254,54329,75,0
54254,54254,54329,75,0
54254,54254,54329,75,0
54254,54254,54336,82,0
54254,54254,54338,84,0
54254,54317,54339,22,63
54254,54318,54340,22,64
54254,54317,54343,26,63
54254,54319,54345,26,65
54254,54316,54345,29,62
54254,54315,54346,31,61
54254,54320,54347,27,66
54254,54320,54348,28,66
54254,54320,54348,28,66
54254,54320,54349,29,66
54254,54321,54349,28,67
54254,54320,54351,31,66
54254,54319,54353,34,65
54254,54321,54353,32,67
54254,54317,54353,36,63
54254,54322,54355,33,68
54254,54315,54355,40,61
54254,54320,54356,36,66
54254,54322,54357,35,68
54254,54323,54358,35,69
54254,54322,54358,36,68
54254,54323,54359,36,69
54254,54297,54363,66,43
54254,54325,54365,40,71
54254,54329,54365,36,75
54254,54298,54366,68,44
54254,54300,54366,66,46
54254,54327,54368,41,73
54254,54323,54368,45,69
54254,54295,54369,74,41
54254,54301,54370,69,47
54254,54302,54370,68,48
54254,54315,54371,56,61
54254,54301,54372,71,47
54254,54324,54372,48,70
54254,54305,54372,67,51
54254,54327,54372,45,73
54254,54301,54372,71,47
54254,54315,54373,58,61
54254,54307,54374,67,53
54254,54329,54374,45,75
54254,54314,54374,60,60
54254,54313,54374,61,59
54254,54310,54374,64,56
54254,54303,54375,72,49
54254,54302,54375,73,48
54254,54305,54375,70,51
54254,54323,54375,52,69
54254,54327,54376,49,73
54254,54307,54377,70,53
54254,54311,54377,66,57
54254,54306,54377,71,52
54254,54313,54377,64,59
54254,54311,54378,67,57
54254,54311,54378,67,57
54254,54312,54378,66,58
54254,54306,54378,72,52
54254,54309,54379,70,55
54254,54311,54380,69,57
54254,54308,54380,72,54
54254,54327,54380,53,73
54254,54315,54380,65,61
54254,54327,54380,53,73
54254,54306,54381,75,52
54254,54313,54381,68,59
54254,54329,54382,53,75
54254,54310,54382,72,56
54254,54310,54383,73,56
54254,54338,54383,45,84
54254,54309,54383,74,55
54254,54310,54386,76,56
54254,54311,54386,75,57
54254,54315,54388,73,61
54254,54314,54389,75,60
54254,54314,54388,74,60
54254,54314,54388,74,60
54254,54313,54389,76,59
54254,54340,54389,49,86
54254,54310,54390,80,56
54254,54336,54391,55,82
54254,54310,54391,81,56
54254,54343,54393,50,89
54254,54346,54396,50,92
54254,54340,54397,57,86
54254,54345,54398,53,91
54254,54356,54400,44,102
54254,54349,54401,52,95
54254,54351,54402,51,97
54254,54356,54405,49,102
54254,54353,54406,53,99
54254,54345,54407,62,91
54254,54353,54407,54,99
54254,54359,54409,50,105
54254,54347,54410,63,93
54254,54348,54410,62,94
54254,54354,54411,57,100
54254,54350,54411,61,96
54254,54348,54412,64,94
54254,54358,54413,55,104
54254,54357,54413,56,103
54254,54359,54418,59,105
54254,54366,54419,53,112
54254,54366,54423,57,112
54254,54369,54424,55,115
54254,54369,54426,57,115
54254,54364,54428,64,110
54254,54367,54431,64,113
54254,54367,54433,66,113
54254,54373,54432,59,119
54254,54370,54432,62,116
54254,54360,54433,73,106
54254,54373,54435,62,119
54254,54374,54436,62,120
54254,54372,54436,64,118
54254,54371,54438,67,117
54254,54373,54438,65,119
54254,54373,54440,67,119
54254,54371,54441,70,117
54254,54373,54442,69,119
54456,54456,54514,58,0
54456,54456,54514,58,0
54456,54456,54515,59,0
54456,54456,54516,60,0
54456,54456,54517,61,0
54456,54456,54517,61,0
54456,54456,54519,63,0
54456,54456,54520,64,0
54456,54456,54520,64,0
54456,54456,54520,64,0
54456,54456,54521,65,0
54456,54456,54521,65,0
54456,54456,54522,66,0
54456,54456,54522,66,0
54456,54456,54521,65,0
54456,54456,54522,66,0
54456,54456,54523,67,0
54456,54456,54523,67,0
54456,54456,54523,67,0
54456,54456,54523,67,0
54456,54456,54523,67,0
54456,54456,54523,67,0
54456,54456,54523,67,0
54456,54456,54523,67,0
54456,54456,54524,68,0
54456,54456,54526,70,0
54456,54456,54526,70,0
54456,54456,54527,71,0
54456,54456,54527,71,0
54456,54456,54527,71,0
54456,54456,54528,72,0
54456,54456,54528,72,0
54456,54456,54528,72,0
54456,54456,54530,74,0
54456,54456,54530,74,0
54456,54456,54530,74,0
54456,54456,54531,75,0
54456,54456,54531,75,0
54456,54456,54532,76,0
54456,54456,54532,76,0
54456,54456,54532,76,0
54456,54456,54533,77,0
54456,54456,54533,77,0
54456,54456,54534,78,0
54456,54456,54534,78,0
54456,54456,54534,78,0
54456,54456,54536,80,0
54456,54456,54537,81,0
54456,54456,54538,82,0
54456,54456,54538,82,0
54456,54456,54541,85,0
54548,54548,54590,42,0
54548,54548,54591,43,0
54548,54548,54591,43,0
54548,54548,54592,44,0
54548,54548,54595,47,0
54548,54548,54594,46,0
54548,54548,54596,48,0
54548,54548,54595,47,0
54548,54548,54597,49,0
54548,54548,54596,48,0
54548,54548,54598,50,0
54548,54548,54598,50,0
54548,54548,54598,50,0
54548,54548,54600,52,0
54548,54548,54599,51,0
54548,54548,54601,53,0
54548,54548,54601,53,0
54548,54548,54600,52,0
54548,54548,54600,52,0
54548,54548,54602,54,0
54548,54548,54602,54,0
54548,54548,54602,54,0
54548,54548,54602,54,0
54548,54548,54601,53,0
54548,54548,54601,53,0
54548,54548,54603,55,0
54548,54548,54603,55,0
54548,54548,54603,55,0
54548,54548,54603,55,0
54548,54548,54605,57,0
54548,54548,54605,57,0
54548,54548,54605,57,0
54548,54548,54605,57,0
54548,54548,54604,56,0
54548,54548,54605,57,0
54548,54548,54604,56,0
54548,54548,54605,57,0
54548,54548,54605,57,0
54548,54548,54606,58,0
54548,54548,54606,58,0
54548,54548,54606,58,0
54548,54548,54606,58,0
54548,54548,54607,59,0
54548,54548,54607,59,0
54548,54548,54607,59,0
54548,54548,54606,58,0
54548,54548,54607,59,0
54548,54548,54607,59,0
54548,54548,54607,59,0
54548,54548,54607,59,0
54548,54548,54608,60,0
54548,54548,54609,61,0
54548,54548,54608,60,0
54548,54548,54609,61,0
54548,54548,54609,61,0
54548,54548,54610,62,0
54548,54548,54610,62,0
54548,54548,54611,63,0
54548,54548,54611,63,0
54548,54548,54610,62,0
54548,54548,54612,64,0
54548,54548,54612,64,0
54548,54548,54613,65,0
54548,54548,54613,65,0
54548,54548,54614,66,0
54548,54548,54614,66,0
54548,54548,54614,66,0
54548,54548,54614,66,0
54548,54548,54615,67,0
54548,54548,54615,67,0
54548,54548,54617,69,0
54548,54548,54620,72,0
54548,54548,54620,72,0
54548,54548,54622,74,0
54548,54548,54622,74,0
54548,54548,54623,75,0
54548,54548,54623,75,0
54548,54548,54624,76,0
54548,54548,54624,76,0
54548,54548,54624,76,0
54548,54607,54634,27,59
54548,54608,54635,27,60
54548,54609,54635,26,61
54548,54608,54635,27,60
54548,54607,54635,28,59
54548,54611,54636,25,63
54548,54609,54637,28,61
54548,54610,54637,27,62
54548,54609,54638,29,61
54548,54607,54638,31,59
54548,54610,54638,28,62
54548,54609,54639,30,61
54548,54607,54639,32,59
54548,54611,54640,29,63
54548,54614,54640,26,66
54548,54611,54640,29,63
54548,54612,54643,31,64
54548,54613,54644,31,65
54548,54613,54647,34,65
54548,54617,54651,34,69
54548,54615,54652,37,67
54548,54614,54652,38,66
54548,54607,54654,47,59
54548,54615,54656,41,67
54548,54595,54656,61,47
54548,54591,54658,67,43
54548,54615,54659,44,67
54548,54621,54659,38,73
54548,54595,54660,65,47
54548,54607,54660,53,59
54548,54607,54660,53,59
54548,54606,54660,54,58
54548,54597,54661,64,49
54548,54596,54661,65,48
54548,54607,54661,54,59
54548,54596,54662,66,48
54548,54590,54663,73,42
54548,54616,54664,48,68
54548,54601,54664,63,53
54548,54616,54666,50,68
54548,54620,54667,47,72
54548,54605,54666,61,57
54548,54605,54666,61,57
54548,54598,54667,69,50
54548,54600,54667,67,52
54548,54592,54668,76,44
54548,54623,54668,45,75
54548,54623,54668,45,75
54548,54602,54669,67,54
54548,54597,54669,72,49
54548,54598,54669,71,50
54548,54606,54670,64,58
54548,54602,54671,69,54
54548,54591,54672,81,43
54548,54598,54673,75,50
54548,54623,54672,49,75
54548,54601,54673,72,53
54548,54603,54673,70,55
54548,54624,54674,50,76
54548,54602,54674,72,54
54548,54625,54674,49,77
54548,54600,54675,75,52
54548,54601,54676,75,53
54548,54601,54675,74,53
54548,54605,54675,70,57
54548,54624,54676,52,76
54548,54606,54676,70,58
54548,54605,54677,72,57
54548,54603,54677,74,55
54548,54602,54676,74,54
54548,54605,54677,72,57
54548,54604,54678,74,56
54548,54625,54678,53,77
54548,54636,54678,42,88
54548,54636,54679,43,88
54548,54605,54679,74,57
54548,54636,54680,44,88
54548,54637,54679,42,89
54548,54604,54679,75,56
54548,54602,54680,78,54
54548,54641,54680,39,93
54548,54635,54681,46,87
54548,54605,54683,78,57
54548,54606,54683,77,58
54548,54605,54683,78,57
54548,54602,54683,81,54
54548,54638,54684,46,90
54548,54640,54685,45,92
54548,54636,54686,50,88
54548,54639,54689,50,91
54548,54638,54690,52,90
54548,54640,54690,50,92
54548,54639,54693,54,91
54548,54641,54694,53,93
54548,54639,54695,56,91
54548,54645,54694,49,97
54548,54648,54701,53,100
54548,54644,54705,61,96
54548,54652,54707,55,104
54548,54641,54706,65,93
54548,54657,54707,50,109
54548,54660,54714,54,112
54548,54659,54713,54,111
54548,54652,54715,63,104
54548,54657,54717,60,109
54548,54664,54717,53,116
54548,54662,54719,57,114
54548,54660,54720,60,112
54548,54660,54721,61,112
54548,54661,54721,60,113
54548,54663,54724,61,115
54548,54652,54724,72,104
54548,54661,54724,63,113
54548,54655,54725,70,107
54548,54662,54727,65,114
54548,54662,54729,67,114
54548,54661,54730,69,113
54548,54664,54731,67,116
54548,54665,54737,72,117
54751,54751,54805,54,0
54751,54751,54810,59,0
54751,54751,54810,59,0
54751,54751,54810,59,0
54751,54751,54811,60,0
54751,54751,54812,61,0
54751,54751,54811,60,0
54751,54751,54813,62,0
54751,54751,54814,63,0
54751,54751,54815,64,0
54751,54751,54814,63,0
54751,54751,54814,63,0
54751,54751,54814,63,0
54751,54751,54815,64,0
54751,54751,54816,65,0
54751,54751,54815,64,0
54751,54751,54816,65,0
54751,54751,54817,66,0
54751,54751,54816,65,0
54751,54751,54817,66,0
54751,54751,54817,66,0
54751,54751,54818,67,0
54751,54751,54818,67,0
54751,54751,54817,66,0
54751,54751,54818,67,0
54751,54751,54818,67,0
54751,54751,54818,67,0
54751,54751,54820,69,0
54751,54751,54819,68,0
54751,54751,54819,68,0
54751,54751,54820,69,0
54751,54751,54819,68,0
54751,54751,54820,69,0
54751,54751,54820,69,0
54751,54751,54822,71,0
54751,54751,54822,71,0
54751,54751,54821,70,0
54751,54751,54822,71,0
54751,54751,54823,72,0
54751,54751,54823,72,0
54751,54751,54824,73,0
54751,54751,54824,73,0
54751,54751,54826,75,0
54751,54751,54826,75,0
54751,54751,54826,75,0
54751,54751,54827,76,0
54751,54751,54827,76,0
54751,54751,54826,75,0
54751,54751,54828,77,0
54751,54751,54829,78,0
54751,54751,54833,82,0
54839,54839,54880,41,0
54839,54839,54883,44,0
54839,54839,54884,45,0
54839,54839,54885,46,0
54839,54839,54885,46,0
54839,54839,54886,47,0
54839,54839,54887,48,0
54839,54839,54887,48,0
54839,54839,54887,48,0
54839,54839,54888,49,0
54839,54839,54888,49,0
54839,54839,54888,49,0
54839,54839,54888,49,0
54839,54839,54889,50,0
54839,54839,54889,50,0
54839,54839,54890,51,0
54839,54839,54889,50,0
54839,54839,54890,51,0
54839,54839,54890,51,0
54839,54839,54890,51,0
54839,54839,54891,52,0
54839,54839,54892,53,0
54839,54839,54892,53,0
54839,54839,54892,53,0
54839,54839,54892,53,0
54839,54839,54892,53,0
54839,54839,54892,53,0
54839,54839,54892,53,0
54839,54839,54892,53,0
54839,54839,54892,53,0
54839,54839,54893,54,0
54839,54839,54893,54,0
54839,54839,54893,54,0
54839,54839,54893,54,0
54839,54839,54893,54,0
54839,54839,54894,55,0
54839,54839,54894,55,0
54839,54839,54894,55,0
54839,54839,54894,55,0
54839,54839,54894,55,0
54839,54839,54894,55,0
54839,54839,54895,56,0
54839,54839,54896,57,0
54839,54839,54897,58,0
54839,54839,54897,58,0
54839,54839,54898,59,0
54839,54839,54897,58,0
54839,54839,54898,59,0
54839,54839,54898,59,0
54839,54839,54900,61,0
54839,54839,54900,61,0
54839,54839,54899,60,0
54839,54839,54900,61,0
54839,54839,54900,61,0
54839,54839,54900,61,0
54839,54839,54900,61,0
54839,54839,54901,62,0
54839,54839,54901,62,0
54839,54839,54900,61,0
54839,54839,54901,62,0
54839,54839,54901,62,0
54839,54839,54901,62,0
54839,54839,54902,63,0
54839,54839,54903,64,0
54839,54839,54904,65,0
54839,54839,54905,66,0
54839,54839,54906,67,0
54839,54839,54907,68,0
54839,54839,54907,68,0
54839,54839,54907,68,0
54839,54839,54907,68,0
54839,54839,54907,68,0
54839,54839,54910,71,0
54839,54839,54910,71,0
54839,54839,54912,73,0
54839,54839,54912,73,0
54839,54839,54912,73,0
54839,54839,54914,75,0
54839,54839,54916,77,0
54839,54839,54916,77,0
54839,54901,54922,21,62
54839,54898,54924,26,59
54839,54898,54924,26,59
54839,54900,54924,24,61
54839,54898,54925,27,59
54839,54900,54925,25,61
54839,54901,54926,25,62
54839,54901,54928,27,62
54839,54901,54929,28,62
54839,54900,54930,30,61
54839,54901,54931,30,62
54839,54900,54931,31,61
54839,54901,54932,31,62
54839,54902,54932,30,63
54839,54901,54934,33,62
54839,54904,54934,30,65
54839,54903,54936,33,64
54839,54902,54935,33,63
54839,54898,54936,38,59
54839,54898,54938,40,59
54839,54906,54941,35,67
54839,54897,54943,46,58
54839,54895,54943,48,56
54839,54907,54946,39,68
54839,54897,54947,50,58
54839,54908,54948,40,69
54839,54906,54949,43,67
54839,54908,54948,40,69
54839,54907,54949,42,68
54839,54880,54949,69,41
54839,54885,54950,65,46
54839,54886,54951,65,47
54839,54911,54951,40,72
54839,54888,54953,65,49
54839,54894,54952,58,55
54839,54883,54954,71,44
54839,54907,54953,46,68
54839,54890,54953,63,51
54839,54885,54954,69,46
54839,54892,54954,62,53
54839,54908,54954,46,69
54839,54887,54954,67,48
54839,54889,54955,66,50
54839,54889,54956,67,50
54839,54888,54956,68,49
54839,54890,54957,67,51
54839,54887,54956,69,48
54839,54893,54957,64,54
54839,54913,54957,44,74
54839,54894,54958,64,55
54839,54890,54959,69,51
54839,54888,54959,71,49
54839,54893,54959,66,54
54839,54890,54960,70,51
54839,54913,54961,48,74
54839,54911,54960,49,72
54839,54888,54960,72,49
54839,54884,54962,78,45
54839,54894,54961,67,55
54839,54887,54962,75,48
54839,54913,54962,49,74
54839,54893,54962,69,54
54839,54892,54964,72,53
54839,54893,54963,70,54
54839,54891,54965,74,52
54839,54894,54964,70,55
54839,54892,54964,72,53
54839,54893,54964,71,54
54839,54923,54965,42,84
54839,54894,54965,71,55
54839,54894,54966,72,55
54839,54892,54966,74,53
54839,54892,54966,74,53
54839,54917,54966,49,78
54839,54924,54966,42,85
54839,54924,54968,44,85
54839,54892,54967,75,53
54839,54892,54968,76,53
54839,54917,54968,51,78
54839,54892,54970,78,53
54839,54892,54970,78,53
54839,54915,54971,56,76
54839,54931,54973,42,92
54839,54925,54973,48,86
54839,54890,54972,82,51
54839,54926,54973,47,87
54839,54935,54975,40,96
54839,54926,54977,51,87
54839,54925,54979,54,86
54839,54932,54983,51,93
54839,54929,54982,53,90
54839,54933,54984,51,94
54839,54934,54985,51,95
54839,54930,54991,61,91
54839,54936,54993,57,97
54839,54936,54993,57,97
54839,54939,54994,55,100
54839,54933,54996,63,94
54839,54932,54996,64,93
54839,54948,55005,57,109
54839,54950,55005,55,111
54839,54944,55006,62,105
54839,54944,55006,62,105
54839,54951,55007,56,112
54839,54949,55009,60,110
54839,54937,55009,72,98
54839,54955,55011,56,116
54839,54942,55011,69,103
54839,54949,55010,61,110
54839,54954,55013,59,115
54839,54953,55015,62,114
54839,54950,55015,65,111
54839,54954,55016,62,115
54839,54950,55018,68,111
54839,54947,55021,74,108
54839,54949,55022,73,110
54839,54953,55023,70,114
54839,54954,55024,70,115
54839,54952,55032,80,113
55045,55045,55101,56,0
55045,55045,55101,56,0
55045,55045,55102,57,0
55045,55045,55102,57,0
55045,55045,55103,58,0
55045,55045,55103,58,0
55045,55045,55103,58,0
55045,55045,55103,58,0
55045,55045,55103,58,0
55045,55045,55104,59,0
55045,55045,55106,61,0
55045,55045,55105,60,0
55045,55045,55106,61,0
55045,55045,55107,62,0
55045,55045,55109,64,0
55045,55045,55110,65,0
55045,55045,55110,65,0
55045,55045,55110,65,0
55045,55045,55110,65,0
55045,55045,55110,65,0
55045,55045,55111,66,0
55045,55045,55111,66,0
55045,55045,55112,67,0
55045,55045,55112,67,0
55045,55045,55112,67,0
55045,55045,55113,68,0
55045,55045,55113,68,0
55045,55045,55114,69,0
55045,55045,55115,70,0
55045,55045,55115,70,0
55045,55045,55116,71,0
55045,55045,55116,71,0
55045,55045,55116,71,0
55045,55045,55116,71,0
55045,55045,55116,71,0
55045,55045,55117,72,0
55045,55045,55117,72,0
55045,55045,55118,73,0
55045,55045,55118,73,0
55045,55045,55118,73,0
55045,55045,55118,73,0
55045,55045,55119,74,0
55045,55045,55119,74,0
55045,55045,55119,74,0
55045,55045,55121,76,0
55045,55045,55121,76,0
55045,55045,55123,78,0
55045,55045,55123,78,0
55045,55045,55123,78,0
55045,55045,55125,80,0
55045,55045,55125,80,0
55132,55132,55171,39,0
55132,55132,55176,44,0
55132,55132,55177,45,0
55132,55132,55178,46,0
55132,55132,55179,47,0
55132,55132,55179,47,0
55132,55132,55179,47,0
55132,55132,55179,47,0
55132,55132,55180,48,0
55132,55132,55180,48,0
55132,55132,55181,49,0
55132,55132,55181,49,0
55132,55132,55183,51,0
55132,55132,55183,51,0
55132,55132,55183,51,0
55132,55132,55183,51,0
55132,55132,55183,51,0
55132,55132,55182,50,0
55132,55132,55184,52,0
55132,55132,55183,51,0
55132,55132,55185,53,0
55132,55132,55185,53,0
55132,55132,55185,53,0
55132,55132,55186,54,0
55132,55132,55187,55,0
55132,55132,55187,55,0
55132,55132,55187,55,0
55132,55132,55187,55,0
55132,55132,55188,56,0
55132,55132,55188,56,0
55132,55132,55188,56,0
55132,55132,55188,56,0
55132,55132,55189,57,0
55132,55132,55190,58,0
55132,55132,55189,57,0
55132,55132,55189,57,0
55132,55132,55190,58,0
55132,55132,55189,57,0
55132,55132,55189,57,0
55132,55132,55189,57,0
55132,55132,55190,58,0
55132,55132,55190,58,0
55132,55132,55191,59,0
55132,55132,55191,59,0
55132,55132,55190,58,0
55132,55132,55191,59,0
55132,55132,55192,60,0
55132,55132,55192,60,0
55132,55132,55191,59,0
55132,55132,55192,60,0
55132,55132,55192,60,0
55132,55132,55192,60,0
55132,55132,55193,61,0
55132,55132,55193,61,0
55132,55132,55193,61,0
55132,55132,55194,62,0
55132,55132,55194,62,0
55132,55132,55195,63,0
55132,55132,55196,64,0
55132,55132,55196,64,0
55132,55132,55197,65,0
55132,55132,55197,65,0
55132,55132,55197,65,0
55132,55132,55198,66,0
55132,55132,55199,67,0
55132,55132,55199,67,0
55132,55132,55199,67,0
55132,55132,55199,67,0
55132,55132,55200,68,0
55132,55132,55200,68,0
55132,55132,55200,68,0
55132,55132,55201,69,0
55132,55132,55202,70,0
55132,55132,55203,71,0
55132,55132,55203,71,0
55132,55132,55205,73,0
55132,55132,55209,77,0
55132,55132,55212,80,0
55132,55132,55212,80,0
55132,55132,55215,83,0
55132,55192,55216,24,60
55132,55193,55216,23,61
55132,55192,55216,24,60
55132,55192,55217,25,60
55132,55192,55218,26,60
55132,55193,55218,25,61
55132,55192,55220,28,60
55132,55193,55221,28,61
55132,55192,55221,29,60
55132,55194,55224,30,62
55132,55194,55224,30,62
55132,55195,55226,31,63
55132,55191,55228,37,59
55132,55196,55228,32,64
55132,55191,55229,38,59
55132,55198,55230,32,66
55132,55191,55231,40,59
55132,55198,55233,35,66
55132,55196,55232,36,64
55132,55176,55232,56,44
55132,55198,55232,34,66
55132,55197,55234,37,65
55132,55201,55235,34,69
55132,55171,55235,64,39
55132,55201,55236,35,69
55132,55190,55237,47,58
55132,55199,55237,38,67
55132,55191,55239,48,59
55132,55199,55239,40,67
55132,55190,55239,49,58
55132,55203,55241,38,71
55132,55201,55241,40,69
55132,55179,55242,63,47
55132,55201,55243,42,69
55132,55199,55244,45,67
55132,55180,55245,65,48
55132,55177,55245,68,45
55132,55190,55246,56,58
55132,55199,55246,47,67
55132,55206,55247,41,74
55132,55183,55246,63,51
55132,55204,55246,42,72
55132,55190,55247,57,58
55132,55210,55248,38,78
55132,55178,55249,71,46
55132,55180,55248,68,48
55132,55185,55249,64,53
55132,55190,55250,60,58
55132,55183,55250,67,51
55132,55181,55251,70,49
55132,55204,55252,48,72
55132,55181,55252,71,49
55132,55180,55252,72,48
55132,55190,55252,62,58
55132,55181,55252,71,49
55132,55185,55253,68,53
55132,55190,55253,63,58
55132,55183,55253,70,51
55132,55188,55253,65,56
55132,55183,55254,71,51
55132,55186,55255,69,54
55132,55184,55255,71,52
55132,55188,55256,68,56
55132,55183,55258,75,51
55132,55187,55258,71,55
55132,55183,55259,76,51
55132,55217,55259,42,85
55132,55185,55259,74,53
55132,55217,55260,43,85
55132,55187,55261,74,55
55132,55188,55260,72,56
55132,55188,55262,74,56
55132,55213,55261,48,81
55132,55213,55263,50,81
55132,55179,55262,83,47
55132,55184,55262,78,52
55132,55188,55262,74,56
55132,55218,55264,46,86
55132,55189,55264,75,57
55132,55216,55264,48,84
55132,55219,55266,47,87
55132,55190,55268,78,58
55132,55217,55267,50,85
55132,55189,55269,80,57
55132,55219,55269,50,87
55132,55221,55268,47,89
55132,55190,55269,79,58
55132,55222,55270,48,90
55132,55222,55275,53,90
55132,55231,55275,44,99
55132,55228,55277,49,96
55132,55233,55277,44,101
55132,55227,55279,52,95
55132,55230,55280,50,98
55132,55225,55280,55,93
55132,55229,55281,52,97
55132,55225,55283,58,93
55132,55232,55284,52,100
55132,55233,55290,57,101
55132,55237,55291,54,105
55132,55239,55294,55,107
55132,55233,55294,61,101
55132,55238,55295,57,106
55132,55236,55297,61,104
55132,55241,55296,55,109
55132,55240,55298,58,108
55132,55243,55298,55,111
55132,55246,55300,54,114
55132,55246,55300,54,114
55132,55233,55302,69,101
55132,55247,55304,57,115
55132,55247,55306,59,115
55132,55238,55307,69,106
55132,55245,55307,62,113
55132,55235,55308,73,103
55132,55242,55309,67,110
55132,55239,55309,70,107
55132,55235,55313,78,103
55132,55244,55318,74,112
55331,55331,55380,49,0
55331,55331,55386,55,0
55331,55331,55386,55,0
55331,55331,55387,56,0
55331,55331,55386,55,0
55331,55331,55388,57,0
55331,55331,55389,58,0
55331,55331,55389,58,0
55331,55331,55390,59,0
55331,55331,55390,59,0
55331,55331,55390,59,0
55331,55331,55391,60,0
55331,55331,55391,60,0
55331,55331,55391,60,0
55331,55331,55393,62,0
55331,55331,55393,62,0
55331,55331,55394,63,0
55331,55331,55395,64,0
55331,55331,55395,64,0
55331,55331,55395,64,0
55331,55331,55395,64,0
55331,55331,55395,64,0
55331,55331,55396,65,0
55331,55331,55396,65,0
55331,55331,55396,65,0
55331,55331,55396,65,0
55331,55331,55399,68,0
55331,55331,55399,68,0
55331,55331,55400,69,0
55331,55331,55400,69,0
55331,55331,55400,69,0
55331,55331,55401,70,0
55331,55331,55403,72,0
55331,55331,55403,72,0
55331,55331,55403,72,0
55331,55331,55404,73,0
55331,55331,55404,73,0
55331,55331,55404,73,0
55331,55331,55404,73,0
55331,55331,55405,74,0
55331,55331,55405,74,0
55331,55331,55406,75,0
55331,55331,55406,75,0
55331,55331,55406,75,0
55331,55331,55407,76,0
55331,55331,55407,76,0
55331,55331,55409,78,0
55331,55331,55409,78,0
55331,55331,55411,80,0
55331,55331,55411,80,0
55331,55331,55412,81,0
55420,55420,55459,39,0
55420,55420,55462,42,0
55420,55420,55464,44,0
55420,55420,55463,43,0
55420,55420,55464,44,0
55420,55420,55465,45,0
55420,55420,55464,44,0
55420,55420,55467,47,0
55420,55420,55467,47,0
55420,55420,55468,48,0
55420,55420,55467,47,0
55420,55420,55468,48,0
55420,55420,55468,48,0
55420,55420,55468,48,0
55420,55420,55470,50,0
55420,55420,55470,50,0
55420,55420,55469,49,0
55420,55420,55470,50,0
55420,55420,55471,51,0
55420,55420,55472,52,0
55420,55420,55472,52,0
55420,55420,55473,53,0
55420,55420,55473,53,0
55420,55420,55473,53,0
55420,55420,55473,53,0
55420,55420,55473,53,0
55420,55420,55474,54,0
55420,55420,55475,55,0
55420,55420,55476,56,0
55420,55420,55477,57,0
55420,55420,55477,57,0
55420,55420,55477,57,0
55420,55420,55478,58,0
55420,55420,55477,57,0
55420,55420,55478,58,0
55420,55420,55479,59,0
55420,55420,55479,59,0
55420,55420,55479,59,0
55420,55420,55480,60,0
55420,55420,55480,60,0
55420,55420,55480,60,0
55420,55420,55480,60,0
55420,55420,55480,60,0
55420,55420,55480,60,0
55420,55420,55481,61,0
55420,55420,55481,61,0
55420,55420,55481,61,0
55420,55420,55481,61,0
55420,55420,55481,61,0
55420,55420,55482,62,0
55420,55420,55483,63,0
55420,55420,55483,63,0
55420,55420,55483,63,0
55420,55420,55483,63,0
55420,55420,55485,65,0
55420,55420,55485,65,0
55420,55420,55485,65,0
55420,55420,55486,66,0
55420,55420,55487,67,0
55420,55420,55488,68,0
55420,55420,55488,68,0
55420,55420,55488,68,0
55420,55420,55488,68,0
55420,55420,55490,70,0
55420,55420,55489,69,0
55420,55420,55490,70,0
55420,55420,55490,70,0
55420,55420,55490,70,0
55420,55420,55489,69,0
55420,55420,55490,70,0
55420,55420,55490,70,0
55420,55420,55490,70,0
55420,55420,55491,71,0
55420,55420,55492,72,0
55420,55420,55492,72,0
55420,55420,55493,73,0
55420,55420,55493,73,0
55420,55420,55496,76,0
55420,55420,55496,76,0
55420,55420,55499,79,0
55420,55482,55505,23,62
55420,55483,55507,24,63
55420,55483,55508,25,63
55420,55484,55508,24,64
55420,55481,55509,28,61
55420,55483,55510,27,63
55420,55481,55510,29,61
55420,55481,55511,30,61
55420,55485,55511,26,65
55420,55481,55513,32,61
55420,55485,55515,30,65
55420,55486,55516,30,66
55420,55488,55517,29,68
55420,55481,55518,37,61
55420,55488,55520,32,68
55420,55487,55520,33,67
55420,55490,55521,31,70
55420,55488,55522,34,68
55420,55486,55523,37,66
55420,55490,55524,34,70
55420,55490,55525,35,70
55420,55488,55525,37,68
55420,55480,55525,45,60
55420,55462,55526,64,42
55420,55480,55527,47,60
55420,55490,55528,38,70
55420,55490,55529,39,70
55420,55492,55530,38,72
55420,55492,55531,39,72
55420,55480,55531,51,60
55420,55465,55531,66,45
55420,55490,55532,42,70
55420,55464,55532,68,44
55420,55467,55533,66,47
55420,55494,55533,39,74
55420,55490,55533,43,70
55420,55470,55533,63,50
55420,55468,55534,66,48
55420,55468,55535,67,48
55420,55468,55536,68,48
55420,55465,55536,71,45
55420,55464,55538,74,44
55420,55492,55538,46,72
55420,55473,55539,66,53
55420,55459,55538,79,39
55420,55493,55539,46,73
55420,55468,55540,72,48
55420,55469,55540,71,49
55420,55470,55541,71,50
55420,55496,55541,45,76
55420,55470,55541,71,50
55420,55490,55541,51,70
55420,55478,55541,63,58
55420,55490,55542,52,70
55420,55473,55542,69,53
55420,55474,55542,68,54
55420,55465,55543,78,45
55420,55479,55543,64,59
55420,55472,55545,73,52
55420,55480,55544,64,60
55420,55475,55544,69,55
55420,55477,55545,68,57
55420,55480,55546,66,60
55420,55469,55548,79,49
55420,55479,55547,68,59
55420,55470,55547,77,50
55420,55479,55547,68,59
55420,55500,55548,48,80
55420,55473,55548,75,53
55420,55471,55548,77,51
55420,55477,55548,71,57
55420,55496,55549,53,76
55420,55473,55549,76,53
55420,55477,55550,73,57
55420,55475,55550,75,55
55420,55473,55550,77,53
55420,55478,55551,73,58
55420,55506,55551,45,86
55420,55510,55551,41,90
55420,55508,55553,45,88
55420,55509,55555,46,89
55420,55480,55556,76,60
55420,55478,55557,79,58
55420,55477,55558,81,57
55420,55509,55559,50,89
55420,55510,55560,50,90
55420,55512,55562,50,92
55420,55511,55570,59,91
55420,55518,55570,52,98
55420,55523,55572,49,103
55420,55521,55572,51,101
55420,55516,55573,57,96
55420,55512,55573,61,92
55420,55525,55576,51,105
55420,55517,55577,60,97
55420,55519,55577,58,99
55420,55514,55578,64,94
55420,55522,55577,55,102
55420,55524,55578,54,104
55420,55521,55579,58,101
55420,55524,55582,58,104
55420,55535,55585,50,115
55420,55530,55585,55,110
55420,55527,55586,59,107
55420,55526,55588,62,106
55420,55531,55588,57,111
55420,55534,55588,54,114
55420,55529,55590,61,109
55420,55532,55590,58,112
55420,55526,55594,68,106
55420,55534,55593,59,114
55420,55528,55594,66,108
55420,55532,55597,65,112
55420,55533,55598,65,113
55420,55534,55597,63,114
55420,55532,55600,68,112
55420,55536,55601,65,116
55420,55534,55605,71,114
55420,55533,55606,73,113
55620,55620,55673,53,0
55620,55620,55674,54,0
55620,55620,55674,54,0
55620,55620,55675,55,0
55620,55620,55679,59,0
55620,55620,55680,60,0
55620,55620,55679,59,0
55620,55620,55681,61,0
55620,55620,55680,60,0
55620,55620,55682,62,0
55620,55620,55681,61,0
55620,55620,55683,63,0
55620,55620,55683,63,0
55620,55620,55685,65,0
55620,55620,55685,65,0
55620,55620,55686,66,0
55620,55620,55687,67,0
55620,55620,55686,66,0
55620,55620,55687,67,0
55620,55620,55686,66,0
55620,55620,55687,67,0
55620,55620,55687,67,0
55620,55620,55688,68,0
55620,55620,55688,68,0
55620,55620,55689,69,0
55620,55620,55689,69,0
55620,55620,55689,69,0
55620,55620,55691,71,0
55620,55620,55690,70,0
55620,55620,55691,71,0
55620,55620,55691,71,0
55620,55620,55693,73,0
55620,55620,55693,73,0
55620,55620,55693,73,0
55620,55620,55694,74,0
55620,55620,55695,75,0
55620,55620,55694,74,0
55620,55620,55694,74,0
55620,55620,55695,75,0
55620,55620,55695,75,0
55620,55620,55695,75,0
55620,55620,55695,75,0
55620,55620,55695,75,0
55620,55620,55697,77,0
55620,55620,55696,76,0
55620,55620,55696,76,0
55620,55620,55697,77,0
55620,55620,55698,78,0
55620,55620,55697,77,0
55620,55620,55701,81,0
55620,55620,55701,81,0
55707,55707,55749,42,0
55707,55707,55750,43,0
55707,55707,55750,43,0
55707,55707,55751,44,0
55707,55707,55752,45,0
55707,55707,55753,46,0
55707,55707,55754,47,0
55707,55707,55755,48,0
55707,55707,55756,49,0
55707,55707,55756,49,0
55707,55707,55756,49,0
55707,55707,55757,50,0
55707,55707,55758,51,0
55707,55707,55758,51,0
55707,55707,55759,52,0
55707,55707,55760,53,0
55707,55707,55760,53,0
55707,55707,55761,54,0
55707,55707,55760,53,0
55707,55707,55760,53,0
55707,55707,55761,54,0
55707,55707,55762,55,0
55707,55707,55762,55,0
55707,55707,55763,56,0
55707,55707,55764,57,0
55707,55707,55763,56,0
55707,55707,55763,56,0
55707,55707,55763,56,0
55707,55707,55763,56,0
55707,55707,55764,57,0
55707,55707,55764,57,0
55707,55707,55765,58,0
55707,55707,55765,58,0
55707,55707,55766,59,0
55707,55707,55767,60,0
55707,55707,55767,60,0
55707,55707,55767,60,0
55707,55707,55768,61,0
55707,55707,55767,60,0
55707,55707,55767,60,0
55707,55707,55767,60,0
55707,55707,55768,61,0
55707,55707,55769,62,0
55707,55707,55769,62,0
55707,55707,55769,62,0
55707,55707,55769,62,0
55707,55707,55769,62,0
55707,55707,55770,63,0
55707,55707,55771,64,0
55707,55707,55771,64,0
55707,55707,55771,64,0
55707,55707,55772,65,0
55707,55707,55771,64,0
55707,55707,55772,65,0
55707,55707,55772,65,0
55707,55707,55774,67,0
55707,55707,55773,66,0
55707,55707,55773,66,0
55707,55707,55774,67,0
55707,55707,55775,68,0
55707,55707,55774,67,0
55707,55707,55775,68,0
55707,55707,55775,68,0
55707,55707,55775,68,0
55707,55707,55776,69,0
55707,55707,55776,69,0
55707,55707,55778,71,0
55707,55707,55778,71,0
55707,55707,55778,71,0
55707,55707,55778,71,0
55707,55707,55778,71,0
55707,55707,55780,73,0
55707,55707,55781,74,0
55707,55707,55780,73,0
55707,55707,55780,73,0
55707,55707,55780,73,0
55707,55707,55782,75,0
55707,55707,55784,77,0
55707,55707,55783,76,0
55707,55707,55792,85,0
55707,55772,55792,20,65
55707,55772,55793,21,65
55707,55771,55795,24,64
55707,55772,55795,23,65
55707,55773,55798,25,66
55707,55775,55798,23,68
55707,55772,55799,27,65
55707,55770,55799,29,63
55707,55773,55800,27,66
55707,55774,55799,25,67
55707,55772,55799,27,65
55707,55775,55800,25,68
55707,55774,55802,28,67
55707,55774,55803,29,67
55707,55770,55804,34,63
55707,55770,55803,33,63
55707,55776,55804,28,69
55707,55777,55807,30,70
55707,55776,55809,33,69
55707,55774,55811,37,67
55707,55769,55811,42,62
55707,55777,55813,36,70
55707,55770,55814,44,63
55707,55776,55816,40,69
55707,55778,55817,39,71
55707,55781,55817,36,74
55707,55753,55816,63,46
55707,55779,55818,39,72
55707,55768,55817,49,61
55707,55781,55817,36,74
55707,55778,55818,40,71
55707,55754,55819,65,47
55707,55751,55820,69,44
55707,55768,55821,53,61
55707,55750,55822,72,43
55707,55779,55821,42,72
55707,55767,55822,55,60
55707,55751,55821,70,44
55707,55752,55822,70,45
55707,55770,55822,52,63
55707,55758,55822,64,51
55707,55768,55822,54,61
55707,55780,55823,43,73
55707,55767,55825,58,60
55707,55756,55825,69,49
55707,55781,55826,45,74
55707,55768,55826,58,61
55707,55759,55827,68,52
55707,55757,55828,71,50
55707,55779,55828,49,72
55707,55761,55827,66,54
55707,55757,55829,72,50
55707,55755,55829,74,48
55707,55757,55829,72,50
55707,55781,55829,48,74
55707,55763,55829,66,56
55707,55760,55832,72,53
55707,55784,55832,48,77
55707,55761,55832,71,54
55707,55764,55832,68,57
55707,55764,55832,68,57
55707,55783,55833,50,76
55707,55784,55833,49,77
55707,55764,55834,70,57
55707,55766,55835,69,59
55707,55761,55834,73,54
55707,55766,55836,70,59
55707,55765,55836,71,58
55707,55759,55837,78,52
55707,55761,55837,76,54
55707,55762,55838,76,55
55707,55764,55839,75,57
55707,55796,55839,43,89
55707,55763,55839,76,56
55707,55762,55839,77,55
55707,55767,55839,72,60
55707,55767,55841,74,60
55707,55793,55841,48,86
55707,55765,55842,77,58
55707,55764,55841,77,57
55707,55799,55843,44,92
55707,55764,55843,79,57
55707,55799,55843,44,92
55707,55792,55843,51,85
55707,55798,55843,45,91
55707,55794,55845,51,87
55707,55796,55845,49,89
55707,55803,55849,46,96
55707,55799,55850,51,92
55707,55800,55853,53,93
55707,55801,55853,52,94
55707,55804,55855,51,97
55707,55804,55855,51,97
55707,55802,55858,56,95
55707,55800,55858,58,93
55707,55804,55858,54,97
55707,55800,55859,59,93
55707,55808,55863,55,101
55707,55811,55870,59,104
55707,55816,55873,57,109
55707,55815,55874,59,108
55707,55818,55875,57,111
55707,55810,55875,65,103
55707,55817,55878,61,110
55707,55817,55880,63,110
55707,55822,55882,60,115
55707,55820,55883,63,113
55707,55811,55885,74,104
55707,55822,55885,63,115
55707,55818,55886,68,111
55707,55822,55886,64,115
55707,55819,55887,68,112
55707,55813,55886,73,106
55707,55820,55888,68,113
55707,55822,55888,66,115
55707,55818,55890,72,111
55707,55817,55890,73,110
55707,55821,55891,70,114
55707,55822,55896,74,115
55910,55910,55967,57,0
55910,55910,55966,56,0
55910,55910,55968,58,0
55910,55910,55969,59,0
55910,55910,55970,60,0
55910,55910,55973,63,0
55910,55910,55973,63,0
55910,55910,55975,65,0
55910,55910,55975,65,0
55910,55910,55975,65,0
55910,55910,55975,65,0
55910,55910,55976,66,0
55910,55910,55975,65,0
55910,55910,55977,67,0
55910,55910,55978,68,0
55910,55910,55978,68,0
55910,55910,55978,68,0
55910,55910,55979,69,0
55910,55910,55979,69,0
55910,55910,55979,69,0
55910,55910,55978,68,0
55910,55910,55979,69,0
55910,55910,55979,69,0
55910,55910,55980,70,0
55910,55910,55980,70,0
55910,55910,55980,70,0
55910,55910,55981,71,0
55910,55910,55982,72,0
55910,55910,55981,71,0
55910,55910,55982,72,0
55910,55910,55982,72,0
55910,55910,55983,73,0
55910,55910,55983,73,0
55910,55910,55982,72,0
55910,55910,55983,73,0
55910,55910,55983,73,0
55910,55910,55984,74,0
55910,55910,55983,73,0
55910,55910,55984,74,0
55910,55910,55985,75,0
55910,55910,55986,76,0
55910,55910,55986,76,0
55910,55910,55987,77,0
55910,55910,55988,78,0
55910,55910,55988,78,0
55910,55910,55989,79,0
55910,55910,55989,79,0
55910,55910,55990,80,0
55910,55910,55991,81,0
55910,55910,55991,81,0
55910,55910,55995,85,0
56003,56003,56045,42,0
56003,56003,56047,44,0
56003,56003,56048,45,0
56003,56003,56048,45,0
56003,56003,56049,46,0
56003,56003,56050,47,0
56003,56003,56050,47,0
56003,56003,56050,47,0
56003,56003,56049,46,0
56003,56003,56052,49,0
56003,56003,56052,49,0
56003,56003,56052,49,0
56003,56003,56052,49,0
56003,56003,56054,51,0
56003,56003,56054,51,0
56003,56003,56053,50,0
56003,56003,56055,52,0
56003,56003,56056,53,0
56003,56003,56056,53,0
56003,56003,56056,53,0
56003,56003,56056,53,0
56003,56003,56057,54,0
56003,56003,56058,55,0
56003,56003,56058,55,0
56003,56003,56057,54,0
56003,56003,56058,55,0
56003,56003,56058,55,0
56003,56003,56061,58,0
56003,56003,56061,58,0
56003,56003,56061,58,0
56003,56003,56061,58,0
56003,56003,56061,58,0
56003,56003,56061,58,0
56003,56003,56062,59,0
56003,56003,56062,59,0
56003,56003,56062,59,0
56003,56003,56062,59,0
56003,56003,56062,59,0
56003,56003,56061,58,0
56003,56003,56063,60,0
56003,56003,56063,60,0
56003,56003,56062,59,0
56003,56003,56063,60,0
56003,56003,56065,62,0
56003,56003,56065,62,0
56003,56003,56066,63,0
56003,56003,56066,63,0
56003,56003,56066,63,0
56003,56003,56065,62,0
56003,56003,56066,63,0
56003,56003,56066,63,0
56003,56003,56066,63,0
56003,56003,56068,65,0
56003,56003,56068,65,0
56003,56003,56068,65,0
56003,56003,56069,66,0
56003,56003,56069,66,0
56003,56003,56068,65,0
56003,56003,56070,67,0
56003,56003,56070,67,0
56003,56003,56070,67,0
56003,56003,56071,68,0
56003,56003,56071,68,0
56003,56003,56070,67,0
56003,56003,56071,68,0
56003,56003,56071,68,0
56003,56003,56072,69,0
56003,56003,56072,69,0
56003,56003,56072,69,0
56003,56003,56072,69,0
56003,56003,56073,70,0
56003,56003,56074,71,0
56003,56003,56074,71,0
56003,56003,56074,71,0
56003,56003,56075,72,0
56003,56003,56076,73,0
56003,56003,56079,76,0
56003,56003,56081,78,0
56003,56003,56082,79,0
56003,56003,56084,81,0
56003,56066,56088,22,63
56003,56066,56088,22,63
56003,56066,56089,23,63
56003,56069,56092,23,66
56003,56067,56092,25,64
56003,56066,56092,26,63
56003,56066,56093,27,63
56003,56068,56094,26,65
56003,56066,56094,28,63
56003,56069,56095,26,66
56003,56069,56097,28,66
56003,56068,56097,29,65
56003,56070,56098,28,67
56003,56071,56098,27,68
56003,56071,56099,28,68
56003,56069,56100,31,66
56003,56071,56101,30,68
56003,56071,56103,32,68
56003,56065,56105,40,62
56003,56066,56105,39,63
56003,56070,56106,36,67
56003,56070,56106,36,67
56003,56047,56106,59,44
56003,56074,56110,36,71
56003,56075,56111,36,72
56003,56050,56111,61,47
56003,56072,56111,39,69
56003,56074,56112,38,71
56003,56074,56113,39,71
56003,56063,56113,50,60
56003,56072,56113,41,69
56003,56048,56113,65,45
56003,56073,56114,41,70
56003,56053,56114,61,50
56003,56050,56114,64,47
56003,56064,56115,51,61
56003,56063,56115,52,60
56003,56079,56116,37,76
56003,56071,56116,45,68
56003,56046,56117,71,43
56003,56062,56117,55,59
56003,56054,56117,63,51
56003,56050,56118,68,47
56003,56048,56118,70,45
56003,56052,56121,69,49
56003,56062,56121,59,59
56003,56052,56121,69,49
56003,56082,56121,39,79
56003,56062,56121,59,59
56003,56050,56121,71,47
56003,56053,56122,69,50
56003,56058,56122,64,55
56003,56062,56122,60,59
56003,56054,56123,69,51
56003,56055,56123,68,52
56003,56073,56123,50,70
56003,56081,56123,42,78
56003,56073,56123,50,70
56003,56050,56124,74,47
56003,56061,56126,65,58
56003,56076,56126,50,73
56003,56063,56126,63,60
56003,56057,56128,71,54
56003,56061,56129,68,58
56003,56056,56128,72,53
56003,56057,56128,71,54
56003,56062,56128,66,59
56003,56062,56129,67,59
56003,56057,56129,72,54
56003,56054,56129,75,51
56003,56062,56129,67,59
56003,56095,56132,37,92
56003,56090,56133,43,87
56003,56085,56133,48,82
56003,56093,56133,40,90
56003,56088,56133,45,85
56003,56061,56134,73,58
56003,56058,56134,76,55
56003,56056,56135,79,53
56003,56059,56135,76,56
56003,56061,56135,74,58
56003,56058,56137,79,55
56003,56089,56140,51,86
56003,56092,56142,50,89
56003,56095,56142,47,92
56003,56061,56142,81,58
56003,56058,56144,86,55
56003,56095,56144,49,92
56003,56093,56144,51,90
56003,56099,56153,54,96
56003,56100,56153,53,97
56003,56098,56153,55,95
56003,56099,56156,57,96
56003,56106,56157,51,103
56003,56097,56157,60,94
56003,56096,56158,62,93
56003,56100,56159,59,97
56003,56104,56161,57,101
56003,56102,56161,59,99
56003,56106,56161,55,103
56003,56106,56163,57,103
56003,56106,56168,62,103
56003,56112,56173,61,109
56003,56112,56173,61,109
56003,56115,56174,59,112
56003,56107,56176,69,104
56003,56114,56175,61,111
56003,56116,56177,61,113
56003,56114,56177,63,111
56003,56114,56179,65,111
56003,56117,56180,63,114
56003,56114,56180,66,111
56003,56111,56182,71,108
56003,56113,56182,69,110
56003,56116,56185,69,113
56003,56115,56185,70,112
56003,56117,56186,69,114
56003,56112,56190,78,109
56003,56115,56191,76,112
56206,56206,56260,54,0
56206,56206,56263,57,0
56206,56206,56262,56,0
56206,56206,56265,59,0
56206,56206,56265,59,0
56206,56206,56265,59,0
56206,56206,56266,60,0
56206,56206,56267,61,0
56206,56206,56267,61,0
56206,56206,56268,62,0
56206,56206,56270,64,0
56206,56206,56270,64,0
56206,56206,56269,63,0
56206,56206,56272,66,0
56206,56206,56272,66,0
56206,56206,56273,67,0
56206,56206,56272,66,0
56206,56206,56273,67,0
56206,56206,56272,66,0
56206,56206,56274,68,0
56206,56206,56273,67,0
56206,56206,56275,69,0
56206,56206,56274,68,0
56206,56206,56276,70,0
56206,56206,56276,70,0
56206,56206,56276,70,0
56206,56206,56277,71,0
56206,56206,56277,71,0
56206,56206,56277,71,0
56206,56206,56278,72,0
56206,56206,56279,73,0
56206,56206,56280,74,0
56206,56206,56280,74,0
56206,56206,56280,74,0
56206,56206,56281,75,0
56206,56206,56280,74,0
56206,56206,56280,74,0
56206,56206,56280,74,0
56206,56206,56282,76,0
56206,56206,56282,76,0
56206,56206,56281,75,0
56206,56206,56282,76,0
56206,56206,56282,76,0
56206,56206,56283,77,0
56206,56206,56283,77,0
56206,56206,56283,77,0
56206,56206,56285,79,0
56206,56206,56285,79,0
56206,56206,56287,81,0
56206,56206,56288,82,0
56206,56206,56289,83,0
56296,56296,56338,42,0
56296,56296,56339,43,0
56296,56296,56339,43,0
56296,56296,56340,44,0
56296,56296,56343,47,0
56296,56296,56343,47,0
56296,56296,56344,48,0
56296,56296,56344,48,0
56296,56296,56345,49,0
56296,56296,56347,51,0
56296,56296,56347,51,0
56296,56296,56346,50,0
56296,56296,56348,52,0
56296,56296,56348,52,0
56296,56296,56348,52,0
56296,56296,56349,53,0
56296,56296,56349,53,0
56296,56296,56349,53,0
56296,56296,56350,54,0
56296,56296,56350,54,0
56296,56296,56350,54,0
56296,56296,56350,54,0
56296,56296,56350,54,0
56296,56296,56351,55,0
56296,56296,56351,55,0
56296,56296,56352,56,0
56296,56296,56351,55,0
56296,56296,56352,56,0
56296,56296,56353,57,0
56296,56296,56354,58,0
56296,56296,56354,58,0
56296,56296,56354,58,0
56296,56296,56354,58,0
56296,56296,56354,58,0
56296,56296,56353,57,0
56296,56296,56354,58,0
56296,56296,56355,59,0
56296,56296,56355,59,0
56296,56296,56355,59,0
56296,56296,56355,59,0
56296,56296,56355,59,0
56296,56296,56356,60,0
56296,56296,56356,60,0
56296,56296,56357,61,0
56296,56296,56356,60,0
56296,56296,56357,61,0
56296,56296,56358,62,0
56296,56296,56358,62,0
56296,56296,56360,64,0
56296,56296,56360,64,0
56296,56296,56360,64,0
56296,56296,56360,64,0
56296,56296,56360,64,0
56296,56296,56361,65,0
56296,56296,56361,65,0
56296,56296,56361,65,0
56296,56296,56361,65,0
56296,56296,56362,66,0
56296,56296,56363,67,0
56296,56296,56363,67,0
56296,56296,56363,67,0
56296,56296,56364,68,0
56296,56296,56364,68,0
56296,56296,56364,68,0
56296,56296,56365,69,0
56296,56296,56365,69,0
56296,56296,56366,70,0
56296,56296,56366,70,0
56296,56296,56367,71,0
56296,56296,56367,71,0
56296,56296,56367,71,0
56296,56296,56368,72,0
56296,56296,56370,74,0
56296,56296,56370,74,0
56296,56296,56371,75,0
56296,56296,56371,75,0
56296,56296,56372,76,0
56296,56296,56372,76,0
56296,56296,56373,77,0
56296,56296,56375,79,0
56296,56359,56380,21,63
56296,56361,56381,20,65
56296,56361,56382,21,65
56296,56360,56382,22,64
56296,56361,56384,23,65
56296,56361,56387,26,65
56296,56362,56389,27,66
56296,56358,56389,31,62
56296,56362,56388,26,66
56296,56357,56389,32,61
56296,56364,56390,26,68
56296,56364,56391,27,68
56296,56359,56391,32,63
56296,56362,56391,29,66
56296,56363,56392,29,67
56296,56366,56394,28,70
56296,56362,56393,31,66
56296,56357,56395,38,61
56296,56364,56395,31,68
56296,56365,56395,30,69
56296,56365,56396,31,69
56296,56365,56396,31,69
56296,56366,56398,32,70
56296,56357,56400,43,61
56296,56368,56400,32,72
56296,56366,56401,35,70
56296,56355,56403,48,59
56296,56354,56404,50,58
56296,56372,56406,34,76
56296,56343,56405,62,47
56296,56343,56405,62,47
56296,56367,56406,39,71
56296,56339,56407,68,43
56296,56355,56407,52,59
56296,56371,56408,37,75
56296,56356,56408,52,60
56296,56368,56409,41,72
56296,56371,56409,38,75
56296,56340,56409,69,44
56296,56338,56410,72,42
56296,56350,56410,60,54
56296,56369,56412,43,73
56296,56349,56412,63,53
56296,56373,56413,40,77
56296,56368,56413,45,72
56296,56373,56414,41,77
56296,56354,56414,60,58
56296,56340,56414,74,44
56296,56355,56415,60,59
56296,56349,56415,66,53
56296,56347,56416,69,51
56296,56347,56416,69,51
56296,56376,56416,40,80
56296,56348,56417,69,52
56296,56355,56417,62,59
56296,56350,56419,69,54
56296,56347,56418,71,51
56296,56348,56419,71,52
56296,56344,56419,75,48
56296,56352,56421,69,56
56296,56355,56421,66,59
56296,56381,56421,40,85
56296,56348,56420,72,52
56296,56350,56423,73,54
56296,56350,56422,72,54
56296,56352,56423,71,56
56296,56372,56423,51,76
56296,56354,56422,68,58
56296,56344,56423,79,48
56296,56350,56424,74,54
56296,56352,56425,73,56
56296,56355,56425,70,59
56296,56351,56425,74,55
56296,56374,56425,51,78
56296,56351,56427,76,55
56296,56354,56427,73,58
56296,56389,56428,39,93
56296,56345,56429,84,49
56296,56355,56428,73,59
56296,56354,56428,74,58
56296,56389,56429,40,93
56296,56383,56430,47,87
56296,56382,56429,47,86
56296,56388,56430,42,92
56296,56389,56430,41,93
56296,56354,56432,78,58
56296,56349,56433,84,53
56296,56383,56432,49,87
56296,56384,56434,50,88
56296,56394,56438,44,98
56296,56393,56439,46,97
56296,56390,56438,48,94
56296,56392,56440,48,96
56296,56392,56442,50,96
56296,56396,56446,50,100
56296,56392,56447,55,96
56296,56394,56447,53,98
56296,56391,56447,56,95
56296,56396,56450,54,100
56296,56395,56450,55,99
56296,56396,56452,56,100
56296,56397,56458,61,101
56296,56404,56459,55,108
56296,56402,56460,58,106
56296,56401,56464,63,105
56296,56399,56467,68,103
56296,56406,56467,61,110
56296,56401,56469,68,105
56296,56406,56468,62,110
56296,56410,56471,61,114
56296,56406,56473,67,110
56296,56407,56473,66,111
56296,56409,56474,65,113
56296,56408,56476,68,112
56296,56404,56476,72,108
56296,56408,56478,70,112
56296,56407,56481,74,111
56296,56410,56481,71,114
56296,56410,56489,79,114
56519,56519,56572,53,0
56519,56519,56574,55,0
56519,56519,56578,59,0
56519,56519,56579,60,0
56519,56519,56579,60,0
56519,56519,56580,61,0
56519,56519,56581,62,0
56519,56519,56581,62,0
56519,56519,56583,64,0
56519,56519,56583,64,0
56519,56519,56583,64,0
56519,56519,56584,65,0
56519,56519,56586,67,0
56519,56519,56586,67,0
56519,56519,56586,67,0
56519,56519,56585,66,0
56519,56519,56585,66,0
56519,56519,56588,69,0
56519,56519,56589,70,0
56519,56519,56588,69,0
56519,56519,56589,70,0
56519,56519,56589,70,0
56519,56519,56590,71,0
56519,56519,56589,70,0
56519,56519,56589,70,0
56519,56519,56589,70,0
56519,56519,56591,72,0
56519,56519,56590,71,0
56519,56519,56591,72,0
56519,56519,56592,73,0
56519,56519,56592,73,0
56519,56519,56591,72,0
56519,56519,56592,73,0
56519,56519,56592,73,0
56519,56519,56592,73,0
56519,56519,56592,73,0
56519,56519,56593,74,0
56519,56519,56593,74,0
56519,56519,56594,75,0
56519,56519,56595,76,0
56519,56519,56595,76,0
56519,56519,56595,76,0
56519,56519,56595,76,0
56519,56519,56596,77,0
56519,56519,56597,78,0
56519,56519,56596,77,0
56519,56519,56598,79,0
56519,56519,56599,80,0
56519,56519,56599,80,0
56519,56519,56600,81,0
56519,56519,56605,86,0
56612,56612,56655,43,0
56612,56612,56654,42,0
56612,56612,56655,43,0
56612,56612,56656,44,0
56612,56612,56655,43,0
56612,56612,56657,45,0
56612,56612,56657,45,0
56612,56612,56658,46,0
56612,56612,56659,47,0
56612,56612,56660,48,0
56612,56612,56660,48,0
56612,56612,56661,49,0
56612,56612,56661,49,0
56612,56612,56660,48,0
56612,56612,56662,50,0
56612,56612,56662,50,0
56612,56612,56663,51,0
56612,56612,56664,52,0
56612,56612,56665,53,0
56612,56612,56665,53,0
56612,56612,56666,54,0
56612,56612,56665,53,0
56612,56612,56666,54,0
56612,56612,56667,55,0
56612,56612,56667,55,0
56612,56612,56667,55,0
56612,56612,56667,55,0
56612,56612,56668,56,0
56612,56612,56667,55,0
56612,56612,56669,57,0
56612,56612,56669,57,0
56612,56612,56670,58,0
56612,56612,56671,59,0
56612,56612,56671,59,0
56612,56612,56671,59,0
56612,56612,56671,59,0
56612,56612,56672,60,0
56612,56612,56672,60,0
56612,56612,56672,60,0
56612,56612,56672,60,0
56612,56612,56673,61,0
56612,56612,56673,61,0
56612,56612,56675,63,0
56612,56612,56675,63,0
56612,56612,56676,64,0
56612,56612,56676,64,0
56612,56612,56677,65,0
56612,56612,56677,65,0
56612,56612,56677,65,0
56612,56612,56677,65,0
56612,56612,56678,66,0
56612,56612,56679,67,0
56612,56612,56679,67,0
56612,56612,56679,67,0
56612,56612,56679,67,0
56612,56612,56680,68,0
56612,56612,56681,69,0
56612,56612,56681,69,0
56612,56612,56681,69,0
56612,56612,56682,70,0
56612,56612,56682,70,0
56612,56612,56682,70,0
56612,56612,56683,71,0
56612,56612,56683,71,0
56612,56612,56683,71,0
56612,56612,56682,70,0
56612,56612,56683,71,0
56612,56612,56683,71,0
56612,56612,56684,72,0
56612,56612,56687,75,0
56612,56612,56687,75,0
56612,56612,56687,75,0
56612,56612,56687,75,0
56612,56612,56687,75,0
56612,56612,56688,76,0
56612,56612,56688,76,0
56612,56612,56688,76,0
56612,56612,56689,77,0
56612,56612,56689,77,0
56612,56612,56689,77,0
56612,56677,56699,22,65
56612,56677,56701,24,65
56612,56677,56702,25,65
56612,56680,56702,22,68
56612,56676,56703,27,64
56612,56677,56704,27,65
56612,56678,56704,26,66
56612,56681,56705,24,69
56612,56681,56705,24,69
56612,56679,56706,27,67
56612,56679,56706,27,67
56612,56683,56706,23,71
56612,56682,56707,25,70
56612,56680,56710,30,68
56612,56675,56710,35,63
56612,56676,56711,35,64
56612,56681,56710,29,69
56612,56683,56711,28,71
56612,56683,56711,28,71
56612,56682,56711,29,70
56612,56684,56712,28,72
56612,56675,56714,39,63
56612,56684,56715,31,72
56612,56656,56718,62,44
56612,56684,56720,36,72
56612,56689,56721,32,77
56612,56684,56722,38,72
56612,56684,56722,38,72
56612,56665,56722,57,53
56612,56656,56722,66,44
56612,56658,56723,65,46
56612,56687,56724,37,75
56612,56687,56724,37,75
56612,56661,56725,64,49
56612,56657,56724,67,45
56612,56656,56726,70,44
56612,56655,56725,70,43
56612,56655,56726,71,43
56612,56662,56727,65,50
56612,56672,56728,56,60
56612,56673,56728,55,61
56612,56687,56728,41,75
56612,56672,56730,58,60
56612,56658,56729,71,46
56612,56666,56730,64,54
56612,56688,56731,43,76
56612,56664,56732,68,52
56612,56660,56731,71,48
56612,56672,56731,59,60
56612,56661,56731,70,49
56612,56668,56731,63,56
56612,56689,56732,43,77
56612,56690,56732,42,78
56612,56661,56734,73,49
56612,56687,56733,46,75
56612,56660,56733,73,48
56612,56662,56734,72,50
56612,56689,56733,44,77
56612,56666,56734,68,54
56612,56667,56735,68,55
56612,56685,56734,49,73
56612,56673,56734,61,61
56612,56667,56736,69,55
56612,56668,56735,67,56
56612,56661,56737,76,49
56612,56667,56736,69,55
56612,56670,56737,67,58
56612,56667,56738,71,55
56612,56672,56737,65,60
56612,56670,56737,67,58
56612,56702,56739,37,90
56612,56671,56738,67,59
56612,56671,56739,68,59
56612,56690,56740,50,78
56612,56669,56740,71,57
56612,56672,56741,69,60
56612,56671,56741,70,59
56612,56667,56743,76,55
56612,56700,56742,42,88
56612,56690,56743,53,78
56612,56665,56743,78,53
56612,56665,56745,80,53
56612,56703,56748,45,91
56612,56705,56752,47,93
56612,56705,56751,46,93
56612,56706,56752,46,94
56612,56708,56754,46,96
56612,56707,56755,48,95
56612,56707,56756,49,95
56612,56706,56760,54,94
56612,56707,56761,54,95
56612,56711,56762,51,99
56612,56704,56762,58,92
56612,56703,56764,61,91
56612,56712,56764,52,100
56612,56716,56765,49,104
56612,56715,56766,51,103
56612,56711,56766,55,99
56612,56711,56767,56,99
56612,56711,56769,58,99
56612,56719,56769,50,107
56612,56722,56771,49,110
56612,56712,56772,60,100
56612,56722,56774,52,110
56612,56725,56777,52,113
56612,56713,56778,65,101
56612,56721,56778,57,109
56612,56723,56778,55,111
56612,56722,56779,57,110
56612,56712,56784,72,100
56612,56725,56786,61,113
56612,56723,56786,63,111
56612,56725,56787,62,113
56612,56725,56788,63,113
56612,56726,56791,65,114
56612,56726,56791,65,114
56612,56726,56792,66,114
56612,56724,56793,69,112
56612,56727,56801,74,115
56815,56815,56869,54,0
56815,56815,56870,55,0
56815,56815,56872,57,0
56815,56815,56873,58,0
56815,56815,56874,59,0
56815,56815,56874,59,0
56815,56815,56875,60,0
56815,56815,56878,63,0
56815,56815,56878,63,0
56815,56815,56878,63,0
56815,56815,56880,65,0
56815,56815,56881,66,0
56815,56815,56881,66,0
56815,56815,56881,66,0
56815,56815,56881,66,0
56815,56815,56883,68,0
56815,56815,56883,68,0
56815,56815,56884,69,0
56815,56815,56884,69,0
56815,56815,56884,69,0
56815,56815,56883,68,0
56815,56815,56885,70,0
56815,56815,56885,70,0
56815,56815,56885,70,0
56815,56815,56886,71,0
56815,56815,56885,70,0
56815,56815,56885,70,0
56815,56815,56886,71,0
56815,56815,56886,71,0
56815,56815,56885,70,0
56815,56815,56887,72,0
56815,56815,56887,72,0
56815,56815,56886,71,0
56815,56815,56887,72,0
56815,56815,56886,71,0
56815,56815,56888,73,0
56815,56815,56887,72,0
56815,56815,56889,74,0
56815,56815,56890,75,0
56815,56815,56890,75,0
56815,56815,56889,74,0
56815,56815,56890,75,0
56815,56815,56891,76,0
56815,56815,56891,76,0
56815,56815,56892,77,0
56815,56815,56893,78,0
56815,56815,56894,79,0
56815,56815,56895,80,0
56815,56815,56897,82,0
56815,56815,56898,83,0
56815,56815,56899,84,0
56906,56906,56948,42,0
56906,56906,56951,45,0
56906,56906,56953,47,0
56906,56906,56954,48,0
56906,56906,56954,48,0
56906,56906,56955,49,0
56906,56906,56954,48,0
56906,56906,56954,48,0
56906,56906,56956,50,0
56906,56906,56956,50,0
56906,56906,56956,50,0
56906,56906,56955,49,0
56906,56906,56955,49,0
56906,56906,56958,52,0
56906,56906,56958,52,0
56906,56906,56958,52,0
56906,56906,56958,52,0
56906,56906,56960,54,0
56906,56906,56961,55,0
56906,56906,56962,56,0
56906,56906,56962,56,0
56906,56906,56961,55,0
56906,56906,56962,56,0
56906,56906,56962,56,0
56906,56906,56963,57,0
56906,56906,56962,56,0
56906,56906,56964,58,0
56906,56906,56963,57,0
56906,56906,56964,58,0
56906,56906,56965,59,0
56906,56906,56964,58,0
56906,56906,56965,59,0
56906,56906,56965,59,0
56906,56906,56964,58,0
56906,56906,56965,59,0
56906,56906,56966,60,0
56906,56906,56966,60,0
56906,56906,56965,59,0
56906,56906,56966,60,0
56906,56906,56965,59,0
56906,56906,56966,60,0
56906,56906,56967,61,0
56906,56906,56967,61,0
56906,56906,56967,61,0
56906,56906,56967,61,0
56906,56906,56969,63,0
56906,56906,56971,65,0
56906,56906,56971,65,0
56906,56906,56972,66,0
56906,56906,56972,66,0
56906,56906,56972,66,0
56906,56906,56972,66,0
56906,56906,56973,67,0
56906,56906,56973,67,0
56906,56906,56974,68,0
56906,56906,56974,68,0
56906,56906,56974,68,0
56906,56906,56974,68,0
56906,56906,56976,70,0
56906,56906,56976,70,0
56906,56906,56976,70,0
56906,56906,56976,70,0
56906,56906,56977,71,0
56906,56906,56977,71,0
56906,56906,56977,71,0
56906,56906,56977,71,0
56906,56906,56977,71,0
56906,56906,56978,72,0
56906,56906,56980,74,0
56906,56906,56979,73,0
56906,56906,56979,73,0
56906,56906,56980,74,0
56906,56906,56981,75,0
56906,56906,56982,76,0
56906,56906,56982,76,0
56906,56906,56982,76,0
56906,56906,56984,78,0
56906,56906,56984,78,0
56906,56906,56985,79,0
56906,56906,56985,79,0
56906,56973,56991,18,67
56906,56971,56992,21,65
56906,56973,56995,22,67
56906,56969,56994,25,63
56906,56973,56995,22,67
56906,56974,56996,22,68
56906,56975,56997,22,69
56906,56972,56996,24,66
56906,56973,56996,23,67
56906,56974,56999,25,68
56906,56975,56999,24,69
56906,56975,56999,24,69
56906,56968,56999,31,62
56906,56977,57001,24,71
56906,56968,57000,32,62
56906,56975,57001,26,69
56906,56977,57002,25,71
56906,56976,57003,27,70
56906,56978,57006,28,72
56906,56978,57006,28,72
56906,56977,57007,30,71
56906,56978,57008,30,72
56906,56978,57009,31,72
56906,56978,57011,33,72
56906,56948,57012,64,42
56906,56952,57014,62,46
56906,56967,57016,49,61
56906,56983,57017,34,77
56906,56966,57017,51,60
56906,56978,57018,40,72
56906,56954,57019,65,48
56906,56955,57020,65,49
56906,56967,57021,54,61
56906,56955,57020,65,49
56906,56981,57021,40,75
56906,56954,57021,67,48
56906,56956,57021,65,50
56906,56985,57023,38,79
56906,56986,57023,37,80
56906,56980,57022,42,74
56906,56959,57024,65,53
56906,56983,57023,40,77
56906,56965,57023,58,59
56906,56980,57023,43,74
56906,56959,57024,65,53
56906,56980,57025,45,74
56906,56959,57025,66,53
56906,56956,57025,69,50
56906,56985,57025,40,79
56906,56966,57025,59,60
56906,56954,57027,73,48
56906,56956,57026,70,50
56906,56961,57027,66,55
56906,56982,57027,45,76
56906,56956,57026,70,50
56906,56966,57027,61,60
56906,56966,57027,61,60
56906,56965,57029,64,59
56906,56983,57030,47,77
56906,56968,57029,61,62
56906,56958,57030,72,52
56906,56963,57031,68,57
56906,56962,57032,70,56
56906,56960,57032,72,54
56906,56956,57033,77,50
56906,56966,57033,67,60
56906,56986,57033,47,80
56906,56962,57034,72,56
56906,56963,57034,71,57
56906,56966,57034,68,60
56906,56962,57035,73,56
56906,56962,57036,74,56
56906,56995,57035,40,89
56906,56965,57036,71,59
56906,56965,57037,72,59
56906,56995,57037,42,89
56906,56964,57038,74,58
56906,56996,57038,42,90
56906,56965,57038,73,59
56906,56964,57038,74,58
56906,56993,57040,47,87
56906,56964,57041,77,58
56906,56992,57040,48,86
56906,56955,57042,87,49
56906,56999,57044,45,93
56906,56963,57046,83,57
56906,56997,57047,50,91
56906,57003,57049,46,97
56906,57001,57049,48,95
56906,57000,57052,52,94
56906,57002,57051,49,96
56906,57001,57055,54,95
56906,57009,57056,47,103
56906,56999,57056,57,93
56906,57000,57056,56,94
56906,56997,57057,60,91
56906,57007,57060,53,101
56906,57004,57062,58,98
56906,56997,57065,68,91
56906,57007,57064,57,101
56906,57010,57066,56,104
56906,56997,57066,69,91
56906,57013,57067,54,107
56906,57012,57067,55,106
56906,57017,57068,51,111
56906,57014,57069,55,108
56906,57018,57075,57,112
56906,57023,57076,53,117
56906,57008,57079,71,102
56906,57019,57080,61,113
56906,57022,57082,60,116
56906,57020,57082,62,114
56906,57021,57084,63,115
56906,57023,57083,60,117
56906,57022,57084,62,116
56906,57022,57089,67,116
56906,57021,57091,70,115
56906,57021,57091,70,115
56906,57018,57091,73,112
57105,57105,57157,52,0
57105,57105,57159,54,0
57105,57105,57164,59,0
57105,57105,57165,60,0
57105,57105,57166,61,0
57105,57105,57168,63,0
57105,57105,57169,64,0
57105,57105,57168,63,0
57105,57105,57170,65,0
57105,57105,57169,64,0
57105,57105,57170,65,0
57105,57105,57171,66,0
57105,57105,57171,66,0
57105,57105,57171,66,0
57105,57105,57172,67,0
57105,57105,57173,68,0
57105,57105,57174,69,0
57105,57105,57174,69,0
57105,57105,57173,68,0
57105,57105,57174,69,0
57105,57105,57176,71,0
57105,57105,57175,70,0
57105,57105,57176,71,0
57105,57105,57177,72,0
57105,57105,57176,71,0
57105,57105,57177,72,0
57105,57105,57178,73,0
57105,57105,57178,73,0
57105,57105,57178,73,0
57105,57105,57178,73,0
57105,57105,57179,74,0
57105,57105,57179,74,0
57105,57105,57179,74,0
57105,57105,57179,74,0
57105,57105,57180,75,0
57105,57105,57180,75,0
57105,57105,57180,75,0
57105,57105,57179,74,0
57105,57105,57180,75,0
57105,57105,57181,76,0
57105,57105,57180,75,0
57105,57105,57182,77,0
57105,57105,57182,77,0
57105,57105,57182,77,0
57105,57105,57182,77,0
57105,57105,57183,78,0
57105,57105,57183,78,0
57105,57105,57184,79,0
57105,57105,57185,80,0
57105,57105,57184,79,0
57105,57105,57185,80,0
57191,57191,57235,44,0
57191,57191,57237,46,0
57191,57191,57238,47,0
57191,57191,57238,47,0
57191,57191,57238,47,0
57191,57191,57239,48,0
57191,57191,57240,49,0
57191,57191,57241,50,0
57191,57191,57242,51,0
57191,57191,57242,51,0
57191,57191,57243,52,0
57191,57191,57244,53,0
57191,57191,57244,53,0
57191,57191,57244,53,0
57191,57191,57245,54,0
57191,57191,57245,54,0
57191,57191,57247,56,0
57191,57191,57248,57,0
57191,57191,57248,57,0
57191,57191,57248,57,0
57191,57191,57248,57,0
57191,57191,57248,57,0
57191,57191,57250,59,0
57191,57191,57250,59,0
57191,57191,57251,60,0
57191,57191,57251,60,0
57191,57191,57251,60,0
57191,57191,57253,62,0
57191,57191,57252,61,0
57191,57191,57252,61,0
57191,57191,57253,62,0
57191,57191,57253,62,0
57191,57191,57253,62,0
57191,57191,57254,63,0
57191,57191,57254,63,0
57191,57191,57254,63,0
57191,57191,57254,63,0
57191,57191,57255,64,0
57191,57191,57256,65,0
57191,57191,57256,65,0
57191,57191,57256,65,0
57191,57191,57256,65,0
57191,57191,57256,65,0
57191,57191,57257,66,0
57191,57191,57257,66,0
57191,57191,57258,67,0
57191,57191,57257,66,0
57191,57191,57258,67,0
57191,57191,57259,68,0
57191,57191,57259,68,0
57191,57191,57260,69,0
57191,57191,57261,70,0
57191,57191,57261,70,0
57191,57191,57262,71,0
57191,57191,57262,71,0
57191,57191,57261,70,0
57191,57191,57263,72,0
57191,57191,57263,72,0
57191,57191,57262,71,0
57191,57191,57264,73,0
57191,57191,57263,72,0
57191,57191,57263,72,0
57191,57191,57263,72,0
57191,57191,57263,72,0
57191,57191,57263,72,0
57191,57191,57264,73,0
57191,57191,57264,73,0
57191,57191,57264,73,0
57191,57191,57264,73,0
57191,57191,57266,75,0
57191,57191,57266,75,0
57191,57191,57267,76,0
57191,57191,57268,77,0
57191,57191,57268,77,0
57191,57191,57268,77,0
57191,57191,57268,77,0
57191,57191,57270,79,0
57191,57191,57271,80,0
57191,57191,57271,80,0
57191,57191,57273,82,0
57191,57260,57277,17,69
57191,57260,57281,21,69
57191,57259,57282,23,68
57191,57261,57281,20,70
57191,57261,57282,21,70
57191,57258,57285,27,67
57191,57262,57285,23,71
57191,57258,57285,27,67
57191,57262,57286,24,71
57191,57263,57287,24,72
57191,57258,57288,30,67
57191,57264,57287,23,73
57191,57236,57289,53,45
57191,57264,57289,25,73
57191,57263,57288,25,72
57191,57262,57290,28,71
57191,57262,57289,27,71
57191,57264,57290,26,73
57191,57263,57290,27,72
57191,57258,57294,36,67
57191,57264,57293,29,73
57191,57264,57295,31,73
57191,57238,57297,59,47
57191,57264,57297,33,73
57191,57239,57297,58,48
57191,57264,57297,33,73
57191,57240,57301,61,49
57191,57265,57300,35,74
57191,57242,57302,60,51
57191,57239,57302,63,48
57191,57245,57304,59,54
57191,57265,57305,40,74
57191,57257,57305,48,66
57191,57257,57305,48,66
57191,57266,57305,39,75
57191,57267,57307,40,76
57191,57265,57308,43,74
57191,57243,57307,64,52
57191,57243,57309,66,52
57191,57269,57309,40,78
57191,57241,57309,68,50
57191,57272,57310,38,81
57191,57239,57311,72,48
57191,57244,57311,67,53
57191,57256,57312,56,65
57191,57268,57311,43,77
57191,57246,57313,67,55
57191,57246,57313,67,55
57191,57255,57314,59,64
57191,57254,57314,60,63
57191,57272,57313,41,81
57191,57269,57315,46,78
57191,57256,57315,59,65
57191,57248,57315,67,57
57191,57266,57315,49,75
57191,57274,57316,42,83
57191,57278,57315,37,87
57191,57245,57318,73,54
57191,57271,57318,47,80
57191,57245,57319,74,54
57191,57251,57319,68,60
57191,57269,57319,50,78
57191,57249,57320,71,58
57191,57252,57320,68,61
57191,57248,57321,73,57
57191,57256,57322,66,65
57191,57256,57322,66,65
57191,57248,57323,75,57
57191,57254,57323,69,63
57191,57255,57322,67,64
57191,57253,57324,71,62
57191,57250,57325,75,59
57191,57249,57325,76,58
57191,57249,57325,76,58
57191,57254,57326,72,63
57191,57253,57326,73,62
57191,57282,57326,44,91
57191,57252,57328,76,61
57191,57281,57328,47,90
57191,57252,57329,77,61
57191,57285,57329,44,94
57191,57255,57329,74,64
57191,57255,57331,76,64
57191,57282,57331,49,91
57191,57286,57332,46,95
57191,57253,57332,79,62
57191,57288,57335,47,97
57191,57287,57337,50,96
57191,57289,57339,50,98
57191,57288,57341,53,97
57191,57289,57343,54,98
57191,57283,57345,62,92
57191,57290,57347,57,99
57191,57288,57351,63,97
57191,57289,57350,61,98
57191,57291,57353,62,100
57191,57294,57354,60,103
57191,57294,57353,59,103
57191,57286,57354,68,95
57191,57297,57354,57,106
57191,57295,57355,60,104
57191,57301,57356,55,110
57191,57298,57359,61,107
57191,57304,57361,57,113
57191,57303,57362,59,112
57191,57290,57362,72,99
57191,57302,57363,61,111
57191,57308,57362,54,117
57191,57298,57363,65,107
57191,57309,57365,56,118
57191,57307,57366,59,116
57191,57290,57366,76,99
57191,57306,57368,62,115
57191,57305,57372,67,114
57191,57297,57373,76,106
57191,57301,57375,74,110
57191,57305,57375,70,114
57191,57305,57376,71,114
57191,57308,57377,69,117
57391,57391,57441,50,0
57391,57391,57442,51,0
57391,57391,57445,54,0
57391,57391,57445,54,0
57391,57391,57445,54,0
57391,57391,57447,56,0
57391,57391,57448,57,0
57391,57391,57449,58,0
57391,57391,57450,59,0
57391,57391,57450,59,0
57391,57391,57451,60,0
57391,57391,57452,61,0
57391,57391,57453,62,0
57391,57391,57453,62,0
57391,57391,57454,63,0
57391,57391,57454,63,0
57391,57391,57455,64,0
57391,57391,57457,66,0
57391,57391,57457,66,0
57391,57391,57458,67,0
57391,57391,57458,67,0
57391,57391,57459,68,0
57391,57391,57460,69,0
57391,57391,57460,69,0
57391,57391,57460,69,0
57391,57391,57461,70,0
57391,57391,57461,70,0
57391,57391,57461,70,0
57391,57391,57461,70,0
57391,57391,57461,70,0
57391,57391,57462,71,0
57391,57391,57462,71,0
57391,57391,57463,72,0
57391,57391,57463,72,0
57391,57391,57464,73,0
57391,57391,57464,73,0
57391,57391,57464,73,0
57391,57391,57464,73,0
57391,57391,57466,75,0
57391,57391,57466,75,0
57391,57391,57467,76,0
57391,57391,57467,76,0
57391,57391,57468,77,0
57391,57391,57469,78,0
57391,57391,57470,79,0
57391,57391,57471,80,0
57391,57391,57472,81,0
57391,57391,57474,83,0
57391,57391,57477,86,0
57391,57391,57477,86,0
57391,57391,57482,91,0
57488,57488,57537,49,0
57488,57488,57538,50,0
57488,57488,57538,50,0
57488,57488,57537,49,0
57488,57488,57538,50,0
57488,57488,57539,51,0
57488,57488,57539,51,0
57488,57488,57539,51,0
57488,57488,57540,52,0
57488,57488,57540,52,0
57488,57488,57541,53,0
57488,57488,57542,54,0
57488,57488,57542,54,0
57488,57488,57543,55,0
57488,57488,57544,56,0
57488,57488,57544,56,0
57488,57488,57546,58,0
57488,57488,57546,58,0
57488,57488,57545,57,0
57488,57488,57547,59,0
57488,57488,57548,60,0
57488,57488,57548,60,0
57488,57488,57548,60,0
57488,57488,57550,62,0
57488,57488,57550,62,0
57488,57488,57550,62,0
57488,57488,57550,62,0
57488,57488,57550,62,0
57488,57488,57551,63,0
57488,57488,57551,63,0
57488,57488,57552,64,0
57488,57488,57551,63,0
57488,57488,57552,64,0
57488,57488,57553,65,0
57488,57488,57553,65,0
57488,57488,57553,65,0
57488,57488,57553,65,0
57488,57488,57554,66,0
57488,57488,57554,66,0
57488,57488,57554,66,0
57488,57488,57555,67,0
57488,57488,57555,67,0
57488,57488,57556,68,0
57488,57488,57556,68,0
57488,57488,57556,68,0
57488,57488,57556,68,0
57488,57488,57556,68,0
57488,57488,57557,69,0
57488,57488,57558,70,0
57488,57488,57558,70,0
57488,57488,57558,70,0
57488,57488,57557,69,0
57488,57488,57558,70,0
57488,57488,57558,70,0
57488,57488,57558,70,0
57488,57488,57559,71,0
57488,57488,57560,72,0
57488,57488,57559,71,0
57488,57488,57560,72,0
57488,57488,57560,72,0
57488,57488,57560,72,0
57488,57488,57560,72,0
57488,57488,57561,73,0
57488,57488,57561,73,0
57488,57488,57561,73,0
57488,57488,57561,73,0
57488,57488,57561,73,0
57488,57488,57561,73,0
57488,57488,57562,74,0
57488,57488,57562,74,0
57488,57488,57563,75,0
57488,57488,57563,75,0
57488,57488,57563,75,0
57488,57488,57564,76,0
57488,57488,57565,77,0
57488,57488,57564,76,0
57488,57488,57566,78,0
57488,57488,57570,82,0
57488,57488,57570,82,0
57488,57488,57570,82,0
57488,57558,57579,21,70
57488,57557,57579,22,69
57488,57557,57579,22,69
57488,57558,57579,21,70
57488,57559,57580,21,71
57488,57558,57581,23,70
57488,57559,57582,23,71
57488,57557,57581,24,69
57488,57559,57581,22,71
57488,57560,57581,21,72
57488,57558,57583,25,70
57488,57560,57583,23,72
57488,57558,57583,25,70
57488,57561,57587,26,73
57488,57560,57587,27,72
57488,57561,57587,26,73
57488,57561,57588,27,73
57488,57562,57589,27,74
57488,57557,57588,31,69
57488,57537,57590,53,49
57488,57561,57589,28,73
57488,57562,57590,28,74
57488,57562,57593,31,74
57488,57539,57592,53,51
57488,57562,57595,33,74
57488,57562,57597,35,74
57488,57538,57596,58,50
57488,57556,57597,41,68
57488,57539,57597,58,51
57488,57557,57597,40,69
57488,57538,57599,61,50
57488,57540,57601,61,52
57488,57564,57604,40,76
57488,57539,57605,66,51
57488,57555,57606,51,67
57488,57562,57605,43,74
57488,57538,57607,69,50
57488,57567,57606,39,79
57488,57564,57607,43,76
57488,57564,57608,44,76
57488,57563,57608,45,75
57488,57542,57608,66,54
57488,57538,57609,71,50
57488,57556,57609,53,68
57488,57540,57609,69,52
57488,57564,57610,46,76
57488,57544,57611,67,56
57488,57542,57611,69,54
57488,57541,57612,71,53
57488,57554,57612,58,66
57488,57554,57612,58,66
57488,57546,57614,68,58
57488,57543,57614,71,55
57488,57563,57613,50,75
57488,57565,57614,49,77
57488,57553,57613,60,65
57488,57545,57613,68,57
57488,57553,57614,61,65
57488,57555,57614,59,67
57488,57555,57617,62,67
57488,57546,57618,72,58
57488,57565,57617,52,77
57488,57552,57618,66,64
57488,57550,57620,70,62
57488,57546,57620,74,58
57488,57549,57621,72,61
57488,57571,57620,49,83
57488,57551,57622,71,63
57488,57551,57622,71,63
57488,57550,57622,72,62
57488,57550,57623,73,62
57488,57553,57623,70,65
57488,57571,57624,53,83
57488,57548,57623,75,60
57488,57580,57625,45,92
57488,57571,57626,55,83
57488,57549,57627,78,61
57488,57580,57627,47,92
57488,57551,57627,76,63
57488,57553,57628,75,65
57488,57581,57629,48,93
57488,57554,57630,76,66
57488,57580,57630,50,92
57488,57548,57631,83,60
57488,57580,57633,53,92
57488,57582,57635,53,94
57488,57587,57637,50,99
57488,57583,57639,56,95
57488,57582,57639,57,94
57488,57583,57640,57,95
57488,57588,57644,56,100
57488,57581,57644,63,93
57488,57584,57643,59,96
57488,57589,57644,55,101
57488,57582,57644,62,94
57488,57582,57645,63,94
57488,57595,57644,49,107
57488,57588,57646,58,100
57488,57590,57648,58,102
57488,57593,57650,57,105
57488,57589,57649,60,101
57488,57597,57652,55,109
57488,57598,57655,57,110
57488,57587,57656,69,99
57488,57593,57656,63,105
57488,57590,57657,67,102
57488,57597,57660,63,109
57488,57598,57663,65,110
57488,57607,57664,57,119
57488,57599,57666,67,111
57488,57590,57666,76,102
57488,57606,57667,61,118
57488,57607,57668,61,119
57488,57598,57669,71,110
57488,57605,57671,66,117
57488,57602,57673,71,114
57488,57606,57679,73,118
57488,57604,57679,75,116
57488,57607,57680,73,119
57694,57694,57744,50,0
57694,57694,57746,52,0
57694,57694,57745,51,0
57694,57694,57749,55,0
57694,57694,57749,55,0
57694,57694,57752,58,0
57694,57694,57752,58,0
57694,57694,57753,59,0
57694,57694,57753,59,0
57694,57694,57754,60,0
57694,57694,57754,60,0
57694,57694,57755,61,0
57694,57694,57755,61,0
57694,57694,57755,61,0
57694,57694,57754,60,0
57694,57694,57755,61,0
57694,57694,57757,63,0
57694,57694,57757,63,0
57694,57694,57756,62,0
57694,57694,57759,65,0
57694,57694,57759,65,0
57694,57694,57760,66,0
57694,57694,57762,68,0
57694,57694,57762,68,0
57694,57694,57763,69,0
57694,57694,57762,68,0
57694,57694,57763,69,0
57694,57694,57763,69,0
57694,57694,57763,69,0
57694,57694,57763,69,0
57694,57694,57765,71,0
57694,57694,57766,72,0
57694,57694,57767,73,0
57694,57694,57767,73,0
57694,57694,57767,73,0
57694,57694,57766,72,0
57694,57694,57767,73,0
57694,57694,57768,74,0
57694,57694,57768,74,0
57694,57694,57769,75,0
57694,57694,57770,76,0
57694,57694,57769,75,0
57694,57694,57770,76,0
57694,57694,57770,76,0
57694,57694,57772,78,0
57694,57694,57773,79,0
57694,57694,57775,81,0
57694,57694,57777,83,0
57694,57694,57777,83,0
57694,57694,57779,85,0
57694,57694,57782,88,0
57788,57788,57836,48,0
57788,57788,57838,50,0
57788,57788,57838,50,0
57788,57788,57839,51,0
57788,57788,57839,51,0
57788,57788,57841,53,0
57788,57788,57841,53,0
57788,57788,57842,54,0
57788,57788,57842,54,0
57788,57788,57842,54,0
57788,57788,57842,54,0
57788,57788,57843,55,0
57788,57788,57843,55,0
57788,57788,57845,57,0
57788,57788,57845,57,0
57788,57788,57845,57,0
57788,57788,57846,58,0
57788,57788,57846,58,0
57788,57788,57846,58,0
57788,57788,57847,59,0
57788,57788,57848,60,0
57788,57788,57849,61,0
57788,57788,57849,61,0
57788,57788,57850,62,0
57788,57788,57850,62,0
57788,57788,57850,62,0
57788,57788,57850,62,0
57788,57788,57851,63,0
57788,57788,57850,62,0
57788,57788,57851,63,0
57788,57788,57852,64,0
57788,57788,57852,64,0
57788,57788,57853,65,0
57788,57788,57853,65,0
57788,57788,57853,65,0
57788,57788,57854,66,0
57788,57788,57854,66,0
57788,57788,57855,67,0
57788,57788,57854,66,0
57788,57788,57855,67,0
57788,57788,57855,67,0
57788,57788,57856,68,0
57788,57788,57856,68,0
57788,57788,57856,68,0
57788,57788,57856,68,0
57788,57788,57856,68,0
57788,57788,57857,69,0
57788,57788,57857,69,0
57788,57788,57858,70,0
57788,57788,57858,70,0
57788,57788,57858,70,0
57788,57788,57858,70,0
57788,57788,57858,70,0
57788,57788,57859,71,0
57788,57788,57860,72,0
57788,57788,57861,73,0
57788,57788,57861,73,0
57788,57788,57861,73,0
57788,57788,57861,73,0
57788,57788,57862,74,0
57788,57788,57862,74,0
57788,57788,57862,74,0
57788,57788,57863,75,0
57788,57788,57863,75,0
57788,57788,57863,75,0
57788,57788,57864,76,0
57788,57788,57864,76,0
57788,57788,57864,76,0
57788,57788,57864,76,0
57788,57788,57864,76,0
57788,57788,57865,77,0
57788,57788,57865,77,0
57788,57788,57867,79,0
57788,57788,57867,79,0
57788,57788,57867,79,0
57788,57788,57868,80,0
57788,57788,57869,81,0
57788,57788,57871,83,0
57788,57788,57874,86,0
57788,57788,57874,86,0
57788,57859,57878,19,71
57788,57859,57878,19,71
57788,57858,57880,22,70
57788,57860,57879,19,72
57788,57859,57880,21,71
57788,57859,57882,23,71
57788,57861,57882,21,73
57788,57857,57881,24,69
57788,57858,57881,23,70
57788,57857,57883,26,69
57788,57862,57883,21,74
57788,57862,57883,21,74
57788,57862,57886,24,74
57788,57857,57885,28,69
57788,57859,57885,26,71
57788,57863,57888,25,75
57788,57862,57887,25,74
57788,57863,57889,26,75
57788,57863,57890,27,75
57788,57864,57892,28,76
57788,57864,57896,32,76
57788,57865,57898,33,77
57788,57864,57898,34,76
57788,57841,57899,58,53
57788,57865,57898,33,77
57788,57841,57901,60,53
57788,57865,57900,35,77
57788,57857,57900,43,69
57788,57842,57901,59,54
57788,57839,57901,62,51
57788,57855,57901,46,67
57788,57836,57901,65,48
57788,57865,57902,37,77
57788,57838,57903,65,50
57788,57868,57904,36,80
57788,57856,57905,49,68
57788,57868,57905,37,80
57788,57856,57905,49,68
57788,57866,57906,40,78
57788,57839,57906,67,51
57788,57845,57906,61,57
57788,57845,57906,61,57
57788,57870,57906,36,82
57788,57843,57907,64,55
57788,57855,57907,52,67
57788,57845,57907,62,57
57788,57865,57909,44,77
57788,57840,57909,69,52
57788,57843,57910,67,55
57788,57855,57911,56,67
57788,57842,57910,68,54
57788,57866,57912,46,78
57788,57848,57912,64,60
57788,57868,57913,45,80
57788,57847,57915,68,59
57788,57853,57916,63,65
57788,57854,57917,63,66
57788,57842,57918,76,54
57788,57846,57919,73,58
57788,57846,57919,73,58
57788,57855,57919,64,67
57788,57872,57920,48,84
57788,57878,57919,41,90
57788,57875,57920,45,87
57788,57851,57920,69,63
57788,57854,57920,66,66
57788,57842,57920,78,54
57788,57849,57921,72,61
57788,57851,57921,70,63
57788,57847,57922,75,59
57788,57851,57922,71,63
57788,57852,57923,71,64
57788,57869,57923,54,81
57788,57851,57924,73,63
57788,57849,57923,74,61
57788,57853,57923,70,65
57788,57853,57926,73,65
57788,57851,57925,74,63
57788,57875,57926,51,87
57788,57854,57926,72,66
57788,57882,57928,46,94
57788,57880,57928,48,92
57788,57883,57931,48,95
57788,57881,57931,50,93
57788,57880,57930,50,92
57788,57882,57932,50,94
57788,57886,57932,46,98
57788,57850,57933,83,62
57788,57883,57932,49,95
57788,57886,57934,48,98
57788,57886,57935,49,98
57788,57884,57936,52,96
57788,57879,57937,58,91
57788,57882,57939,57,94
57788,57888,57942,54,100
57788,57893,57944,51,105
57788,57882,57944,62,94
57788,57888,57949,61,100
57788,57899,57950,51,111
57788,57896,57952,56,108
57788,57898,57953,55,110
57788,57890,57958,68,102
57788,57891,57959,68,103
57788,57901,57961,60,113
57788,57899,57962,63,111
57788,57901,57962,61,113
57788,57901,57963,62,113
57788,57902,57962,60,114
57788,57902,57965,63,114
57788,57902,57968,66,114
57788,57902,57969,67,114
57788,57906,57970,64,118
57788,57898,57973,75,110
57788,57904,57976,72,116
57788,57903,57977,74,115
57788,57903,57978,75,115
57788,57906,57979,73,118
57788,57905,57982,77,117
57788,57906,57986,80,118
58001,58001,58049,48,0
58001,58001,58057,56,0
58001,58001,58058,57,0
58001,58001,58058,57,0
58001,58001,58059,58,0
58001,58001,58059,58,0
58001,58001,58059,58,0
58001,58001,58062,61,0
58001,58001,58063,62,0
58001,58001,58063,62,0
58001,58001,58064,63,0
58001,58001,58064,63,0
58001,58001,58064,63,0
58001,58001,58064,63,0
58001,58001,58066,65,0
58001,58001,58067,66,0
58001,58001,58068,67,0
58001,58001,58067,66,0
58001,58001,58069,68,0
58001,58001,58069,68,0
58001,58001,58070,69,0
58001,58001,58071,70,0
58001,58001,58071,70,0
58001,58001,58070,69,0
58001,58001,58071,70,0
58001,58001,58071,70,0
58001,58001,58072,71,0
58001,58001,58072,71,0
58001,58001,58072,71,0
58001,58001,58072,71,0
58001,58001,58072,71,0
58001,58001,58073,72,0
58001,58001,58072,71,0
58001,58001,58074,73,0
58001,58001,58074,73,0
58001,58001,58076,75,0
58001,58001,58076,75,0
58001,58001,58076,75,0
58001,58001,58076,75,0
58001,58001,58077,76,0
58001,58001,58078,77,0
58001,58001,58078,77,0
58001,58001,58078,77,0
58001,58001,58078,77,0
58001,58001,58078,77,0
58001,58001,58079,78,0
58001,58001,58080,79,0
58001,58001,58081,80,0
58001,58001,58081,80,0
58001,58001,58081,80,0
58001,58001,58084,83,0
58091,58091,58138,47,0
58091,58091,58138,47,0
58091,58091,58140,49,0
58091,58091,58143,52,0
58091,58091,58145,54,0
58091,58091,58144,53,0
58091,58091,58144,53,0
58091,58091,58147,56,0
58091,58091,58148,57,0
58091,58091,58148,57,0
58091,58091,58149,58,0
58091,58091,58149,58,0
58091,58091,58151,60,0
58091,58091,58150,59,0
58091,58091,58150,59,0
58091,58091,58151,60,0
58091,58091,58151,60,0
58091,58091,58152,61,0
58091,58091,58153,62,0
58091,58091,58153,62,0
58091,58091,58154,63,0
58091,58091,58154,63,0
58091,58091,58154,63,0
58091,58091,58156,65,0
58091,58091,58155,64,0
58091,58091,58155,64,0
58091,58091,58156,65,0
58091,58091,58156,65,0
58091,58091,58157,66,0
58091,58091,58157,66,0
58091,58091,58157,66,0
58091,58091,58157,66,0
58091,58091,58158,67,0
58091,58091,58158,67,0
58091,58091,58158,67,0
58091,58091,58158,67,0
58091,58091,58158,67,0
58091,58091,58158,67,0
58091,58091,58158,67,0
58091,58091,58159,68,0
58091,58091,58159,68,0
58091,58091,58159,68,0
58091,58091,58160,69,0
58091,58091,58160,69,0
58091,58091,58160,69,0
58091,58092,58161,69,1
58091,58091,58162,71,0
58091,58092,58161,69,1
58091,58091,58161,70,0
58091,58091,58162,71,0
58091,58091,58162,71,0
58091,58091,58163,72,0
58091,58091,58162,71,0
58091,58091,58162,71,0
58091,58091,58163,72,0
58091,58091,58162,71,0
58091,58091,58164,73,0
58091,58091,58163,72,0
58091,58091,58163,72,0
58091,58091,58163,72,0
58091,58091,58164,73,0
58091,58091,58164,73,0
58091,58091,58164,73,0
58091,58091,58165,74,0
58091,58091,58165,74,0
58091,58091,58165,74,0
58091,58091,58165,74,0
58091,58091,58165,74,0
58091,58091,58167,76,0
58091,58091,58166,75,0
58091,58091,58167,76,0
58091,58091,58169,78,0
58091,58091,58169,78,0
58091,58091,58169,78,0
58091,58091,58169,78,0
58091,58091,58172,81,0
58091,58091,58172,81,0
58091,58091,58172,81,0
58091,58091,58173,82,0
58091,58091,58174,83,0
58091,58163,58182,19,72
58091,58163,58182,19,72
58091,58164,58184,20,73
58091,58161,58184,23,70
58091,58162,58184,22,71
58091,58163,58185,22,72
58091,58162,58185,23,71
58091,58162,58186,24,71
58091,58163,58185,22,72
58091,58163,58187,24,72
58091,58163,58187,24,72
58091,58161,58186,25,70
58091,58164,58190,26,73
58091,58164,58191,27,73
58091,58163,58191,28,72
58091,58164,58193,29,73
58091,58160,58193,33,69
58091,58164,58193,29,73
58091,58165,58192,27,74
58091,58166,58196,30,75
58091,58166,58196,30,75
58091,58164,58198,34,73
58091,58139,58199,60,48
58091,58138,58203,65,47
58091,58141,58204,63,50
58091,58145,58205,60,54
58091,58160,58205,45,69
58091,58165,58205,40,74
58091,58150,58207,57,59
58091,58150,58206,56,59
58091,58166,58206,40,75
58091,58167,58207,40,76
58091,58167,58208,41,76
58091,58166,58209,43,75
58091,58145,58209,64,54
58091,58145,58210,65,54
58091,58160,58210,50,69
58091,58144,58210,66,53
58091,58169,58212,43,78
58091,58160,58212,52,69
58091,58168,58213,45,77
58091,58159,58212,53,68
58091,58159,58214,55,68
58091,58151,58214,63,60
58091,58159,58215,56,68
58091,58149,58216,67,58
58091,58148,58217,69,57
58091,58151,58218,67,60
58091,58156,58217,61,65
58091,58154,58219,65,63
58091,58172,58220,48,81
58091,58149,58220,71,58
58091,58169,58220,51,78
58091,58172,58219,47,81
58091,58159,58220,61,68
58091,58158,58221,63,67
58091,58159,58222,63,68
58091,58157,58222,65,66
58091,58172,58222,50,81
58091,58170,58222,52,79
58091,58174,58222,48,83
58091,58174,58222,48,83
58091,58151,58224,73,60
58091,58152,58224,72,61
58091,58158,58227,69,67
58091,58155,58227,72,64
58091,58183,58228,45,92
58091,58157,58228,71,66
58091,58158,58228,70,67
58091,58155,58229,74,64
58091,58158,58230,72,67
58091,58158,58230,72,67
58091,58159,58230,71,68
58091,58156,58230,74,65
58091,58187,58231,44,96
58091,58159,58231,72,68
58091,58152,58231,79,61
58091,58170,58232,62,79
58091,58155,58235,80,64
58091,58190,58236,46,99
58091,58153,58237,84,62
58091,58153,58237,84,62
58091,58183,58236,53,92
58091,58184,58237,53,93
58091,58156,58237,81,65
58091,58186,58239,53,95
58091,58185,58240,55,94
58091,58186,58241,55,95
58091,58191,58242,51,100
58091,58193,58246,53,102
58091,58197,58246,49,106
58091,58185,58246,61,94
58091,58191,58246,55,100
58091,58187,58247,60,96
58091,58186,58248,62,95
58091,58187,58250,63,96
58091,58193,58252,59,102
58091,58193,58253,60,102
58091,58193,58253,60,102
58091,58200,58255,55,109
58091,58204,58255,51,113
58091,58203,58255,52,112
58091,58185,58255,70,94
58091,58197,58258,61,106
58091,58208,58261,53,117
58091,58210,58264,54,119
58091,58198,58264,66,107
58091,58207,58266,59,116
58091,58210,58267,57,119
58091,58206,58267,61,115
58091,58208,58268,60,117
58091,58211,58268,57,120
58091,58210,58269,59,119
58091,58212,58271,59,121
58091,58206,58272,66,115
58091,58205,58272,67,114
58091,58207,58274,67,116
58091,58209,58279,70,118
58091,58207,58286,79,116
58300,58300,58350,50,0
58300,58300,58351,51,0
58300,58300,58351,51,0
58300,58300,58352,52,0
58300,58300,58352,52,0
58300,58300,58354,54,0
58300,58300,58355,55,0
58300,58300,58356,56,0
58300,58300,58357,57,0
58300,58300,58357,57,0
58300,58300,58358,58,0
58300,58300,58359,59,0
58300,58300,58359,59,0
58300,58300,58359,59,0
58300,58300,58360,60,0
58300,58300,58359,59,0
58300,58300,58360,60,0
58300,58300,58360,60,0
58300,58300,58361,61,0
58300,58300,58362,62,0
58300,58300,58363,63,0
58300,58300,58364,64,0
58300,58300,58365,65,0
58300,58300,58365,65,0
58300,58300,58364,64,0
58300,58300,58365,65,0
58300,58300,58366,66,0
58300,58300,58366,66,0
58300,58300,58367,67,0
58300,58300,58367,67,0
58300,58300,58367,67,0
58300,58300,58367,67,0
58300,58300,58367,67,0
58300,58300,58367,67,0
58300,58300,58368,68,0
58300,58300,58369,69,0
58300,58300,58369,69,0
58300,58300,58369,69,0
58300,58300,58369,69,0
58300,58300,58370,70,0
58300,58300,58371,71,0
58300,58300,58371,71,0
58300,58300,58371,71,0
58300,58300,58371,71,0
58300,58300,58371,71,0
58300,58300,58372,72,0
58300,58300,58372,72,0
58300,58300,58373,73,0
58300,58300,58373,73,0
58300,58300,58374,74,0
58300,58300,58380,80,0
58386,58386,58433,47,0
58386,58386,58433,47,0
58386,58386,58436,50,0
58386,58386,58436,50,0
58386,58386,58437,51,0
58386,58386,58438,52,0
58386,58386,58439,53,0
58386,58386,58441,55,0
58386,58386,58442,56,0
58386,58386,58443,57,0
58386,58386,58443,57,0
58386,58386,58443,57,0
58386,58386,58444,58,0
58386,58386,58445,59,0
58386,58386,58445,59,0
58386,58386,58445,59,0
58386,58386,58447,61,0
58386,58386,58447,61,0
58386,58386,58448,62,0
58386,58386,58449,63,0
58386,58386,58450,64,0
58386,58386,58450,64,0
58386,58386,58450,64,0
58386,58386,58450,64,0
58386,58386,58451,65,0
58386,58386,58451,65,0
58386,58386,58452,66,0
58386,58386,58453,67,0
58386,58386,58454,68,0
58386,58386,58454,68,0
58386,58386,58454,68,0
58386,58386,58454,68,0
58386,58386,58455,69,0
58386,58386,58454,68,0
58386,58386,58455,69,0
58386,58386,58456,70,0
58386,58386,58455,69,0
58386,58386,58456,70,0
58386,58386,58456,70,0
58386,58386,58456,70,0
58386,58386,58456,70,0
58386,58386,58457,71,0
58386,58386,58457,71,0
58386,58386,58459,73,0
58386,58386,58458,72,0
58386,58386,58458,72,0
58386,58386,58458,72,0
58386,58386,58459,73,0
58386,58386,58458,72,0
58386,58386,58458,72,0
58386,58386,58458,72,0
58386,58386,58459,73,0
58386,58386,58459,73,0
58386,58386,58459,73,0
58386,58386,58460,74,0
58386,58386,58460,74,0
58386,58386,58460,74,0
58386,58386,58460,74,0
58386,58386,58460,74,0
58386,58386,58462,76,0
58386,58386,58461,75,0
58386,58386,58461,75,0
58386,58386,58461,75,0
58386,58386,58462,76,0
58386,58386,58463,77,0
58386,58386,58462,76,0
58386,58386,58462,76,0
58386,58386,58463,77,0
58386,58386,58463,77,0
58386,58386,58463,77,0
58386,58386,58464,78,0
58386,58386,58464,78,0
58386,58386,58464,78,0
58386,58386,58464,78,0
58386,58386,58465,79,0
58386,58386,58466,80,0
58386,58386,58466,80,0
58386,58386,58465,79,0
58386,58386,58468,82,0
58386,58386,58469,83,0
58386,58459,58478,19,73
58386,58459,58480,21,73
58386,58459,58482,23,73
58386,58459,58482,23,73
58386,58460,58483,23,74
58386,58459,58483,24,73
58386,58459,58484,25,73
58386,58459,58484,25,73
58386,58461,58485,24,75
58386,58460,58487,27,74
58386,58461,58487,26,75
58386,58461,58486,25,75
58386,58460,58487,27,74
58386,58461,58487,26,75
58386,58461,58488,27,75
58386,58462,58489,27,76
58386,58462,58490,28,76
58386,58462,58490,28,76
58386,58462,58492,30,76
58386,58463,58494,31,77
58386,58459,58495,36,73
58386,58463,58496,33,77
58386,58458,58497,39,72
58386,58458,58499,41,72
58386,58463,58499,36,77
58386,58463,58498,35,77
58386,58440,58501,61,54
58386,58437,58503,66,51
58386,58464,58503,39,78
58386,58437,58503,66,51
58386,58457,58505,48,71
58386,58465,58505,40,79
58386,58444,58505,61,58
58386,58464,58505,41,78
58386,58444,58505,61,58
58386,58457,58506,49,71
58386,58434,58506,72,48
58386,58444,58507,63,58
58386,58465,58507,42,79
58386,58438,58508,70,52
58386,58465,58509,44,79
58386,58464,58509,45,78
58386,58433,58509,76,47
58386,58443,58510,67,57
58386,58465,58511,46,79
58386,58456,58511,55,70
58386,58442,58512,70,56
58386,58453,58512,59,67
58386,58457,58513,56,71
58386,58445,58513,68,59
58386,58468,58514,46,82
58386,58470,58515,45,84
58386,58465,58514,49,79
58386,58439,58515,76,53
58386,58466,58515,49,80
58386,58446,58516,70,60
58386,58479,58517,38,93
58386,58466,58517,51,80
58386,58466,58518,52,80
58386,58451,58519,68,65
58386,58449,58519,70,63
58386,58446,58519,73,60
58386,58454,58519,65,68
58386,58452,58520,68,66
58386,58450,58520,70,64
58386,58451,58520,69,65
58386,58456,58521,65,70
58386,58446,58521,75,60
58386,58448,58520,72,62
58386,58456,58522,66,70
58386,58455,58524,69,69
58386,58451,58524,73,65
58386,58455,58524,69,69
58386,58480,58525,45,94
58386,58448,58525,77,62
58386,58455,58524,69,69
58386,58455,58526,71,69
58386,58452,58527,75,66
58386,58483,58526,43,97
58386,58456,58528,72,70
58386,58455,58527,72,69
58386,58455,58529,74,69
58386,58451,58532,81,65
58386,58483,58533,50,97
58386,58487,58535,48,101
58386,58486,58536,50,100
58386,58487,58536,49,101
58386,58485,58536,51,99
58386,58488,58538,50,102
58386,58487,58539,52,101
58386,58484,58539,55,98
58386,58491,58541,50,105
58386,58485,58543,58,99
58386,58487,58543,56,101
58386,58489,58547,58,103
58386,58490,58547,57,104
58386,58482,58549,67,96
58386,58499,58550,51,113
58386,58495,58550,55,109
58386,58502,58551,49,116
58386,58493,58552,59,107
58386,58498,58554,56,112
58386,58495,58558,63,109
58386,58507,58560,53,121
58386,58508,58561,53,122
58386,58503,58562,59,117
58386,58508,58563,55,122
58386,58490,58562,72,104
58386,58507,58563,56,121
58386,58505,58564,59,119
58386,58505,58564,59,119
58386,58506,58566,60,120
58386,58504,58568,64,118
58386,58503,58569,66,117
58386,58499,58571,72,113
58386,58499,58571,72,113
58386,58497,58572,75,111
58386,58506,58573,67,120
58386,58506,58580,74,120
58594,58594,58646,52,0
58594,58594,58649,55,0
58594,58594,58649,55,0
58594,58594,58650,56,0
58594,58594,58650,56,0
58594,58594,58650,56,0
58594,58594,58650,56,0
58594,58594,58651,57,0
58594,58594,58651,57,0
58594,58594,58651,57,0
58594,58594,58652,58,0
58594,58594,58653,59,0
58594,58594,58653,59,0
58594,58594,58653,59,0
58594,58594,58653,59,0
58594,58594,58653,59,0
58594,58594,58653,59,0
58594,58594,58652,58,0
58594,58594,58655,61,0
58594,58594,58655,61,0
58594,58594,58655,61,0
58594,58594,58654,60,0
58594,58594,58656,62,0
58594,58594,58657,63,0
58594,58594,58657,63,0
58594,58594,58656,62,0
58594,58594,58657,63,0
58594,58594,58658,64,0
58594,58594,58659,65,0
58594,58594,58659,65,0
58594,58594,58659,65,0
58594,58594,58660,66,0
58594,58594,58660,66,0
58594,58594,58661,67,0
58594,58594,58661,67,0
58594,58594,58661,67,0
58594,58594,58661,67,0
58594,58594,58661,67,0
58594,58594,58662,68,0
58594,58594,58663,69,0
58594,58594,58664,70,0
58594,58594,58665,71,0
58594,58594,58665,71,0
58594,58594,58665,71,0
58594,58594,58667,73,0
58594,58594,58669,75,0
58594,58594,58670,76,0
58594,58594,58670,76,0
58594,58594,58673,79,0
58594,58594,58675,81,0
58594,58594,58674,80,0
58681,58682,58727,45,1
58681,58682,58728,46,1
58681,58682,58731,49,1
58681,58682,58733,51,1
58681,58682,58735,53,1
58681,58682,58735,53,1
58681,58682,58735,53,1
58681,58682,58736,54,1
58681,58682,58737,55,1
58681,58682,58739,57,1
58681,58682,58740,58,1
58681,58682,58741,59,1
58681,58682,58740,58,1
58681,58682,58741,59,1
58681,58682,58742,60,1
58681,58682,58742,60,1
58681,58682,58744,62,1
58681,58682,58745,63,1
58681,58682,58744,62,1
58681,58682,58746,64,1
58681,58682,58747,65,1
58681,58682,58748,66,1
58681,58682,58749,67,1
58681,58682,58748,66,1
58681,58682,58748,66,1
58681,58682,58748,66,1
58681,58682,58748,66,1
58681,58682,58749,67,1
58681,58682,58750,68,1
58681,58682,58749,67,1
58681,58682,58750,68,1
58681,58682,58749,67,1
58681,58682,58749,67,1
58681,58682,58750,68,1
58681,58682,58751,69,1
58681,58682,58751,69,1
58681,58682,58750,68,1
58681,58682,58750,68,1
58681,58682,58751,69,1
58681,58682,58752,70,1
58681,58682,58751,69,1
58681,58682,58751,69,1
58681,58682,58752,70,1
58681,58682,58751,69,1
58681,58682,58751,69,1
58681,58682,58752,70,1
58681,58682,58753,71,1
58681,58682,58752,70,1
58681,58682,58752,70,1
58681,58682,58753,71,1
58681,58682,58753,71,1
58681,58682,58752,70,1
58681,58682,58752,70,1
58681,58682,58753,71,1
58681,58682,58754,72,1
58681,58682,58755,73,1
58681,58682,58754,72,1
58681,58682,58756,74,1
58681,58682,58755,73,1
58681,58682,58756,74,1
58681,58682,58755,73,1
58681,58682,58756,74,1
58681,58682,58755,73,1
58681,58682,58757,75,1
58681,58682,58758,76,1
58681,58682,58758,76,1
58681,58682,58757,75,1
58681,58682,58757,75,1
58681,58682,58759,77,1
58681,58682,58758,76,1
58681,58682,58759,77,1
58681,58682,58760,78,1
58681,58682,58760,78,1
58681,58682,58762,80,1
58681,58682,58761,79,1
58681,58682,58761,79,1
58681,58682,58762,80,1
58681,58682,58762,80,1
58681,58682,58762,80,1
58681,58682,58763,81,1
58681,58753,58775,22,72
58681,58753,58775,22,72
58681,58753,58776,23,72
58681,58753,58777,24,72
58681,58753,58777,24,72
58681,58753,58777,24,72
58681,58754,58778,24,73
58681,58753,58779,26,72
58681,58752,58780,28,71
58681,58756,58781,25,75
58681,58754,58781,27,73
58681,58753,58783,30,72
58681,58756,58784,28,75
58681,58756,58783,27,75
58681,58756,58785,29,75
58681,58756,58786,30,75
58681,58755,58786,31,74
58681,58755,58786,31,74
58681,58756,58786,30,75
58681,58757,58789,32,76
58681,58752,58789,37,71
58681,58758,58794,36,77
58681,58758,58795,37,77
58681,58734,58794,60,53
58681,58752,58796,44,71
58681,58752,58798,46,71
58681,58760,58800,40,79
58681,58736,58801,65,55
58681,58752,58801,49,71
58681,58729,58801,72,48
58681,58736,58802,66,55
58681,58758,58802,44,77
58681,58727,58802,75,46
58681,58759,58803,44,78
58681,58758,58803,45,77
58681,58751,58803,52,70
58681,58731,58804,73,50
58681,58741,58805,64,60
58681,58737,58806,69,56
58681,58736,58807,71,55
58681,58762,58807,45,81
58681,58740,58807,67,59
58681,58737,58808,71,56
58681,58751,58808,57,70
58681,58764,58808,44,83
58681,58762,58809,47,81
58681,58759,58809,50,78
58681,58763,58810,47,82
58681,58741,58810,69,60
58681,58749,58812,63,68
58681,58762,58812,50,81
58681,58749,58812,63,68
58681,58752,58812,60,71
58681,58762,58813,51,81
58681,58741,58813,72,60
58681,58750,58813,63,69
58681,58749,58813,64,68
58681,58761,58815,54,80
58681,58743,58816,73,62
58681,58760,58816,56,79
58681,58762,58816,54,81
58681,58742,58816,74,61
58681,58750,58817,67,69
58681,58751,58818,67,70
58681,58745,58819,74,64
58681,58751,58819,68,70
58681,58750,58819,69,69
58681,58751,58819,68,70
58681,58743,58822,79,62
58681,58778,58823,45,97
58681,58751,58824,73,70
58681,58749,58824,75,68
58681,58777,58824,47,96
58681,58747,58824,77,66
58681,58745,58826,81,64
58681,58745,58826,81,64
58681,58747,58826,79,66
58681,58780,58827,47,99
58681,58750,58827,77,69
58681,58776,58828,52,95
58681,58776,58829,53,95
58681,58780,58829,49,99
58681,58750,58830,80,69
58681,58749,58830,81,68
58681,58748,58831,83,67
58681,58776,58831,55,95
58681,58782,58831,49,101
58681,58749,58831,82,68
58681,58777,58831,54,96
58681,58781,58833,52,100
58681,58778,58837,59,97
58681,58786,58836,50,105
58681,58786,58837,51,105
58681,58784,58838,54,103
58681,58786,58839,53,105
58681,58784,58839,55,103
58681,58786,58841,55,105
58681,58789,58841,52,108
58681,58785,58842,57,104
58681,58783,58842,59,102
58681,58795,58843,48,114
58681,58789,58844,55,108
58681,58801,58846,45,120
58681,58797,58849,52,116
58681,58803,58851,48,122
58681,58804,58855,51,123
58681,58802,58856,54,121
58681,58802,58857,55,121
58681,58801,58859,58,120
58681,58804,58859,55,123
58681,58794,58860,66,113
58681,58795,58862,67,114
58681,58803,58864,61,122
58681,58806,58867,61,125
58681,58800,58866,66,119
58681,58799,58867,68,118
58681,58801,58867,66,120
58681,58805,58871,66,124
58681,58802,58873,71,121
58888,58888,58930,42,0
58888,58888,58934,46,0
58888,58888,58933,45,0
58888,58888,58935,47,0
58888,58888,58935,47,0
58888,58888,58935,47,0
58888,58888,58935,47,0
58888,58888,58937,49,0
58888,58888,58937,49,0
58888,58888,58937,49,0
58888,58888,58938,50,0
58888,58888,58938,50,0
58888,58888,58939,51,0
58888,58888,58940,52,0
58888,58888,58940,52,0
58888,58888,58940,52,0
58888,58888,58940,52,0
58888,58888,58942,54,0
58888,58888,58941,53,0
58888,58888,58941,53,0
58888,58888,58941,53,0
58888,58888,58942,54,0
58888,58888,58943,55,0
58888,58888,58943,55,0
58888,58888,58943,55,0
58888,58888,58943,55,0
58888,58888,58945,57,0
58888,58888,58944,56,0
58888,58888,58944,56,0
58888,58888,58946,58,0
58888,58888,58945,57,0
58888,58888,58946,58,0
58888,58888,58947,59,0
58888,58888,58947,59,0
58888,58888,58947,59,0
58888,58888,58948,60,0
58888,58888,58948,60,0
58888,58888,58949,61,0
58888,58888,58949,61,0
58888,58888,58950,62,0
58888,58888,58949,61,0
58888,58888,58952,64,0
58888,58888,58954,66,0
58888,58888,58953,65,0
58888,58888,58953,65,0
58888,58888,58953,65,0
58888,58888,58956,68,0
58888,58888,58956,68,0
58888,58888,58957,69,0
58888,58888,58957,69,0
58888,58888,58961,73,0
58968,58968,59011,43,0
58968,58968,59013,45,0
58968,58968,59015,47,0
58968,58968,59015,47,0
58968,58968,59016,48,0
58968,58968,59019,51,0
58968,58968,59022,54,0
58968,58968,59023,55,0
58968,58968,59023,55,0
58968,58968,59024,56,0
58968,58968,59025,57,0
58968,58968,59026,58,0
58968,58968,59026,58,0
58968,58968,59027,59,0
58968,58968,59027,59,0
58968,58968,59027,59,0
58968,58968,59029,61,0
58968,58968,59028,60,0
58968,58968,59029,61,0
58968,58968,59030,62,0
58968,58968,59029,61,0
58968,58968,59030,62,0
58968,58968,59031,63,0
58968,58968,59033,65,0
58968,58968,59033,65,0
58968,58968,59034,66,0
58968,58968,59033,65,0
58968,58968,59034,66,0
58968,58968,59033,65,0
58968,58968,59034,66,0
58968,58968,59034,66,0
58968,58968,59034,66,0
58968,58968,59034,66,0
58968,58968,59034,66,0
58968,58968,59035,67,0
58968,58968,59035,67,0
58968,58968,59035,67,0
58968,58968,59035,67,0
58968,58968,59035,67,0
58968,58968,59035,67,0
58968,58968,59035,67,0
58968,58968,59036,68,0
58968,58968,59037,69,0
58968,58968,59037,69,0
58968,58968,59037,69,0
58968,58968,59037,69,0
58968,58968,59037,69,0
58968,58968,59038,70,0
58968,58968,59038,70,0
58968,58968,59038,70,0
58968,58968,59038,70,0
58968,58968,59038,70,0
58968,58968,59038,70,0
58968,58968,59038,70,0
58968,58968,59039,71,0
58968,58968,59039,71,0
58968,58968,59038,70,0
58968,58968,59040,72,0
58968,58968,59040,72,0
58968,58968,59040,72,0
58968,58968,59040,72,0
58968,58968,59039,71,0
58968,58968,59040,72,0
58968,58968,59041,73,0
58968,58968,59041,73,0
58968,58968,59042,74,0
58968,58968,59042,74,0
58968,58968,59042,74,0
58968,58968,59042,74,0
58968,58968,59042,74,0
58968,58968,59043,75,0
58968,58968,59043,75,0
58968,58968,59042,74,0
58968,58968,59042,74,0
58968,58968,59043,75,0
58968,58968,59045,77,0
58968,58968,59045,77,0
58968,58968,59046,78,0
58968,58968,59046,78,0
58968,58968,59050,82,0
58968,59038,59060,22,70
58968,59038,59060,22,70
58968,59038,59063,25,70
58968,59037,59065,28,69
58968,59038,59064,26,70
58968,59038,59066,28,70
58968,59039,59066,27,71
58968,59037,59067,30,69
58968,59039,59068,29,71
58968,59039,59068,29,71
58968,59037,59069,32,69
58968,59040,59069,29,72
58968,59038,59069,31,70
58968,59041,59070,29,73
58968,59040,59070,30,72
58968,59040,59070,30,72
58968,59042,59073,31,74
58968,59038,59074,36,70
58968,59042,59074,32,74
58968,59043,59074,31,75
58968,59040,59075,35,72
58968,59042,59076,34,74
58968,59012,59078,66,44
58968,59043,59078,35,75
58968,59023,59080,57,55
58968,59040,59080,40,72
58968,59037,59080,43,69
58968,59015,59083,68,47
58968,59016,59084,68,48
58968,59047,59084,37,79
58968,59043,59085,42,75
58968,59025,59085,60,57
58968,59044,59086,42,76
58968,59014,59085,71,46
58968,59015,59085,70,47
58968,59044,59089,45,76
58968,59047,59090,43,79
58968,59034,59090,56,66
58968,59019,59090,71,51
58968,59046,59090,44,78
58968,59043,59091,48,75
58968,59037,59091,54,69
58968,59044,59091,47,76
58968,59036,59092,56,68
58968,59036,59092,56,68
58968,59023,59093,70,55
58968,59026,59093,67,58
58968,59027,59093,66,59
58968,59044,59094,50,76
58968,59024,59095,71,56
58968,59027,59096,69,59
58968,59026,59097,71,58
58968,59034,59096,62,66
58968,59046,59096,50,78
58968,59044,59097,53,76
58968,59036,59098,62,68
58968,59029,59097,68,61
58968,59034,59098,64,66
58968,59027,59098,71,59
58968,59034,59099,65,66
58968,59022,59100,78,54
58968,59036,59099,63,68
58968,59030,59099,69,62
58968,59032,59100,68,64
58968,59030,59100,70,62
58968,59035,59101,66,67
58968,59051,59101,50,83
58968,59029,59102,73,61
58968,59034,59102,68,66
58968,59029,59103,74,61
58968,59064,59104,40,96
58968,59034,59106,72,66
58968,59030,59105,75,62
58968,59034,59109,75,66
58968,59035,59109,74,67
58968,59069,59109,40,101
58968,59034,59111,77,66
58968,59061,59111,50,93
58968,59067,59112,45,99
58968,59065,59112,47,97
58968,59035,59112,77,67
58968,59035,59113,78,67
58968,59067,59112,45,99
58968,59060,59114,54,92
58968,59069,59113,44,101
58968,59068,59114,46,100
58968,59034,59115,81,66
58968,59075,59116,41,107
58968,59075,59117,42,107
58968,59034,59116,82,66
58968,59033,59117,84,65
58968,59070,59118,48,102
58968,59071,59118,47,103
58968,59065,59121,56,97
58968,59070,59122,52,102
58968,59074,59124,50,106
58968,59076,59125,49,108
58968,59075,59126,51,107
58968,59070,59126,56,102
58968,59081,59126,45,113
58968,59077,59126,49,109
58968,59070,59127,57,102
58968,59081,59127,46,113
58968,59071,59127,56,103
58968,59079,59129,50,111
58968,59086,59131,45,118
58968,59091,59134,43,123
58968,59080,59134,54,112
58968,59084,59136,52,116
58968,59086,59140,54,118
58968,59086,59140,54,118
58968,59079,59142,63,111
58968,59085,59144,59,117
58968,59090,59145,55,122
58968,59086,59145,59,118
58968,59091,59152,61,123
58968,59090,59152,62,122
58968,59085,59153,68,117
58968,59085,59154,69,117
59167,59167,59211,44,0
59167,59167,59212,45,0
59167,59167,59214,47,0
59167,59167,59214,47,0
59167,59167,59214,47,0
59167,59167,59215,48,0
59167,59167,59217,50,0
59167,59167,59218,51,0
59167,59167,59219,52,0
59167,59167,59219,52,0
59167,59167,59219,52,0
59167,59167,59219,52,0
59167,59167,59220,53,0
59167,59167,59220,53,0
59167,59168,59220,52,1
59167,59167,59221,54,0
59167,59167,59221,54,0
59167,59167,59221,54,0
59167,59167,59222,55,0
59167,59167,59221,54,0
59167,59168,59221,53,1
59167,59167,59222,55,0
59167,59167,59222,55,0
59167,59168,59222,54,1
59167,59167,59222,55,0
59167,59167,59223,56,0
59167,59167,59224,57,0
59167,59167,59224,57,0
59167,59167,59224,57,0
59167,59167,59224,57,0
59167,59168,59224,56,1
59167,59167,59225,58,0
59167,59167,59226,59,0
59167,59167,59227,60,0
59167,59167,59226,59,0
59167,59167,59227,60,0
59167,59167,59227,60,0
59167,59167,59227,60,0
59167,59167,59227,60,0
59167,59167,59228,61,0
59167,59167,59228,61,0
59167,59167,59228,61,0
59167,59167,59230,63,0
59167,59167,59229,62,0
59167,59167,59229,62,0
59167,59167,59232,65,0
59167,59167,59234,67,0
59167,59167,59234,67,0
59167,59167,59236,69,0
59167,59167,59236,69,0
59167,59167,59249,82,0
59255,59255,59301,46,0
59255,59255,59301,46,0
59255,59255,59302,47,0
59255,59255,59303,48,0
59255,59255,59304,49,0
59255,59255,59304,49,0
59255,59255,59304,49,0
59255,59255,59306,51,0
59255,59255,59307,52,0
59255,59255,59307,52,0
59255,59255,59308,53,0
59255,59255,59308,53,0
59255,59255,59309,54,0
59255,59255,59310,55,0
59255,59255,59311,56,0
59255,59255,59311,56,0
59255,59255,59310,55,0
59255,59255,59312,57,0
59255,59255,59312,57,0
59255,59255,59314,59,0
59255,59255,59314,59,0
59255,59255,59315,60,0
59255,59255,59314,59,0
59255,59255,59315,60,0
59255,59255,59315,60,0
59255,59255,59315,60,0
59255,59255,59315,60,0
59255,59255,59317,62,0
59255,59255,59316,61,0
59255,59255,59317,62,0
59255,59255,59317,62,0
59255,59255,59317,62,0
59255,59255,59317,62,0
59255,59255,59318,63,0
59255,59255,59318,63,0
59255,59255,59318,63,0
59255,59255,59317,62,0
59255,59255,59318,63,0
59255,59255,59318,63,0
59255,59255,59319,64,0
59255,59255,59320,65,0
59255,59255,59319,64,0
59255,59255,59320,65,0
59255,59255,59320,65,0
59255,59255,59321,66,0
59255,59255,59321,66,0
59255,59255,59321,66,0
59255,59255,59321,66,0
59255,59255,59322,67,0
59255,59255,59322,67,0
59255,59255,59322,67,0
59255,59255,59322,67,0
59255,59255,59322,67,0
59255,59255,59323,68,0
59255,59255,59324,69,0
59255,59255,59324,69,0
59255,59255,59325,70,0
59255,59255,59326,71,0
59255,59255,59327,72,0
59255,59255,59327,72,0
59255,59255,59327,72,0
59255,59255,59328,73,0
59255,59255,59328,73,0
59255,59255,59328,73,0
59255,59255,59328,73,0
59255,59255,59328,73,0
59255,59255,59328,73,0
59255,59255,59329,74,0
59255,59255,59329,74,0
59255,59255,59328,73,0
59255,59255,59329,74,0
59255,59255,59328,73,0
59255,59255,59330,75,0
59255,59255,59331,76,0
59255,59255,59331,76,0
59255,59255,59332,77,0
59255,59255,59333,78,0
59255,59255,59334,79,0
59255,59255,59339,84,0
59255,59255,59338,83,0
59255,59322,59347,25,67
59255,59322,59347,25,67
59255,59322,59347,25,67
59255,59322,59348,26,67
59255,59321,59348,27,66
59255,59323,59349,26,68
59255,59321,59350,29,66
59255,59321,59350,29,66
59255,59324,59351,27,69
59255,59321,59351,30,66
59255,59328,59353,25,73
59255,59323,59353,30,68
59255,59324,59353,29,69
59255,59328,59353,25,73
59255,59328,59355,27,73
59255,59325,59356,31,70
59255,59326,59360,34,71
59255,59327,59361,34,72
59255,59327,59361,34,72
59255,59327,59361,34,72
59255,59328,59363,35,73
59255,59320,59363,43,65
59255,59328,59367,39,73
59255,59329,59368,39,74
59255,59329,59368,39,74
59255,59329,59369,40,74
59255,59319,59369,50,64
59255,59329,59370,41,74
59255,59310,59370,60,55
59255,59329,59371,42,74
59255,59301,59371,70,46
59255,59320,59371,51,65
59255,59304,59372,68,49
59255,59308,59373,65,53
59255,59303,59374,71,48
59255,59302,59374,72,47
59255,59311,59374,63,56
59255,59328,59374,46,73
59255,59331,59375,44,76
59255,59305,59375,70,50
59255,59330,59376,46,75
59255,59303,59377,74,48
59255,59309,59378,69,54
59255,59333,59378,45,78
59255,59304,59378,74,49
59255,59320,59379,59,65
59255,59316,59381,65,61
59255,59333,59380,47,78
59255,59315,59380,65,60
59255,59306,59380,74,51
59255,59313,59381,68,58
59255,59313,59381,68,58
59255,59317,59382,65,62
59255,59309,59382,73,54
59255,59318,59383,65,63
59255,59331,59384,53,76
59255,59317,59384,67,62
59255,59318,59385,67,63
59255,59334,59385,51,79
59255,59307,59385,78,52
59255,59316,59386,70,61
59255,59307,59386,79,52
59255,59317,59386,69,62
59255,59316,59387,71,61
59255,59315,59388,73,60
59255,59318,59390,72,63
59255,59319,59389,70,64
59255,59320,59389,69,65
59255,59339,59390,51,84
59255,59339,59390,51,84
59255,59317,59389,72,62
59255,59311,59390,79,56
59255,59316,59391,75,61
59255,59314,59391,77,59
59255,59351,59390,39,96
59255,59318,59391,73,63
59255,59317,59391,74,62
59255,59320,59392,72,65
59255,59347,59392,45,92
59255,59351,59392,41,96
59255,59314,59393,79,59
59255,59318,59392,74,63
59255,59311,59393,82,56
59255,59348,59393,45,93
59255,59351,59394,43,96
59255,59347,59395,48,92
59255,59347,59395,48,92
59255,59354,59397,43,99
59255,59350,59401,51,95
59255,59354,59401,47,99
59255,59354,59404,50,99
59255,59348,59405,57,93
59255,59351,59407,56,96
59255,59362,59410,48,107
59255,59357,59411,54,102
59255,59354,59411,57,99
59255,59356,59416,60,101
59255,59368,59418,50,113
59255,59362,59417,55,107
59255,59369,59418,49,114
59255,59371,59419,48,116
59255,59364,59421,57,109
59255,59364,59421,57,109
59255,59371,59422,51,116
59255,59370,59423,53,115
59255,59361,59425,64,106
59255,59372,59425,53,117
59255,59361,59428,67,106
59255,59369,59428,59,114
59255,59374,59429,55,119
59255,59375,59430,55,120
59255,59375,59430,55,120
59255,59372,59431,59,117
59255,59372,59431,59,117
59255,59376,59431,55,121
59255,59370,59433,63,115
59255,59375,59434,59,120
59255,59375,59436,61,120
59255,59373,59437,64,118
59452,59452,59495,43,0
59452,59452,59497,45,0
59452,59452,59499,47,0
59452,59452,59498,46,0
59452,59452,59500,48,0
59452,59452,59500,48,0
59452,59452,59501,49,0
59452,59452,59501,49,0
59452,59452,59502,50,0
59452,59452,59503,51,0
59452,59452,59503,51,0
59452,59452,59504,52,0
59452,59452,59503,51,0
59452,59452,59504,52,0
59452,59452,59505,53,0
59452,59452,59506,54,0
59452,59452,59506,54,0
59452,59452,59508,56,0
59452,59452,59507,55,0
59452,59452,59507,55,0
59452,59452,59507,55,0
59452,59452,59507,55,0
59452,59452,59509,57,0
59452,59452,59508,56,0
59452,59452,59508,56,0
59452,59452,59509,57,0
59452,59452,59510,58,0
59452,59452,59509,57,0
59452,59452,59509,57,0
59452,59452,59511,59,0
59452,59452,59510,58,0
59452,59452,59511,59,0
59452,59452,59510,58,0
59452,59452,59511,59,0
59452,59452,59511,59,0
59452,59452,59512,60,0
59452,59452,59512,60,0
59452,59452,59512,60,0
59452,59452,59512,60,0
59452,59452,59513,61,0
59452,59452,59514,62,0
59452,59452,59514,62,0
59452,59452,59515,63,0
59452,59452,59516,64,0
59452,59452,59516,64,0
59452,59452,59516,64,0
59452,59452,59517,65,0
59452,59452,59518,66,0
59452,59452,59519,67,0
59452,59452,59521,69,0
59452,59452,59521,69,0
59528,59528,59571,43,0
59528,59528,59572,44,0
59528,59529,59572,43,1
59528,59528,59573,45,0
59528,59528,59573,45,0
59528,59528,59573,45,0
59528,59528,59574,46,0
59528,59528,59576,48,0
59528,59528,59581,53,0
59528,59529,59581,52,1
59528,59529,59583,54,1
59528,59528,59584,56,0
59528,59529,59583,54,1
59528,59529,59583,54,1
59528,59528,59584,56,0
59528,59529,59584,55,1
59528,59528,59585,57,0
59528,59529,59585,56,1
59528,59528,59586,58,0
59528,59528,59586,58,0
59528,59528,59587,59,0
59528,59529,59587,58,1
59528,59528,59588,60,0
59528,59528,59587,59,0
59528,59528,59587,59,0
59528,59529,59589,60,1
59528,59529,59588,59,1
59528,59528,59589,61,0
59528,59529,59589,60,1
59528,59529,59589,60,1
59528,59528,59590,62,0
59528,59529,59590,61,1
59528,59528,59591,63,0
59528,59528,59591,63,0
59528,59528,59591,63,0
59528,59528,59592,64,0
59528,59528,59591,63,0
59528,59529,59592,63,1
59528,59528,59593,65,0
59528,59528,59593,65,0
59528,59529,59593,64,1
59528,59529,59594,65,1
59528,59529,59593,64,1
59528,59529,59595,66,1
59528,59529,59594,65,1
59528,59529,59595,66,1
59528,59528,59595,67,0
59528,59529,59594,65,1
59528,59529,59595,66,1
59528,59528,59597,69,0
59528,59528,59596,68,0
59528,59528,59598,70,0
59528,59528,59598,70,0
59528,59528,59597,69,0
59528,59529,59597,68,1
59528,59528,59598,70,0
59528,59529,59598,69,1
59528,59529,59599,70,1
59528,59528,59600,72,0
59528,59529,59600,71,1
59528,59529,59599,70,1
59528,59528,59601,73,0
59528,59528,59600,72,0
59528,59529,59601,72,1
59528,59529,59601,72,1
59528,59528,59603,75,0
59528,59529,59602,73,1
59528,59529,59602,73,1
59528,59528,59604,76,0
59528,59529,59604,75,1
59528,59528,59604,76,0
59528,59529,59605,76,1
59528,59529,59605,76,1
59528,59529,59605,76,1
59528,59529,59605,76,1
59528,59529,59607,78,1
59528,59528,59607,79,0
59528,59528,59611,83,0
59528,59529,59610,81,1
59528,59529,59612,83,1
59528,59595,59621,26,67
59528,59595,59622,27,67
59528,59598,59625,27,70
59528,59597,59624,27,69
59528,59598,59626,28,70
59528,59598,59626,28,70
59528,59595,59627,32,67
59528,59597,59628,31,69
59528,59595,59627,32,67
59528,59598,59629,31,70
59528,59595,59628,33,67
59528,59601,59629,28,73
59528,59600,59631,31,72
59528,59600,59630,30,72
59528,59598,59633,35,70
59528,59599,59633,34,71
59528,59602,59634,32,74
59528,59595,59635,40,67
59528,59600,59634,34,72
59528,59601,59636,35,73
59528,59600,59639,39,72
59528,59603,59640,37,75
59528,59573,59641,68,45
59528,59601,59642,41,73
59528,59574,59641,67,46
59528,59605,59644,39,77
59528,59572,59644,72,44
59528,59605,59643,38,77
59528,59594,59645,51,66
59528,59606,59646,40,78
59528,59594,59647,53,66
59528,59573,59648,75,45
59528,59603,59649,46,75
59528,59605,59650,45,77
59528,59581,59650,69,53
59528,59603,59651,48,75
59528,59574,59652,78,46
59528,59606,59652,46,78
59528,59575,59651,76,47
59528,59589,59652,63,61
59528,59589,59652,63,61
59528,59592,59652,60,64
59528,59608,59652,44,80
59528,59605,59652,47,77
59528,59607,59653,46,79
59528,59594,59653,59,66
59528,59584,59655,71,56
59528,59582,59655,73,54
59528,59574,59655,81,46
59528,59586,59656,70,58
59528,59594,59656,62,66
59528,59594,59657,63,66
59528,59584,59657,73,56
59528,59588,59657,69,60
59528,59585,59657,72,57
59528,59591,59657,66,63
59528,59605,59657,52,77
59528,59577,59658,81,49
59528,59612,59658,46,84
59528,59592,59659,67,64
59528,59588,59660,72,60
59528,59588,59660,72,60
59528,59590,59660,70,62
59528,59586,59660,74,58
59528,59587,59661,74,59
59528,59583,59661,78,55
59528,59585,59661,76,57
59528,59587,59661,74,59
59528,59584,59663,79,56
59528,59592,59663,71,64
59528,59590,59663,73,62
59528,59590,59664,74,62
59528,59592,59664,72,64
59528,59611,59664,53,83
59528,59622,59664,42,94
59528,59587,59664,77,59
59528,59590,59664,74,62
59528,59592,59667,75,64
59528,59588,59668,80,60
59528,59611,59668,57,83
59528,59629,59671,42,101
59528,59625,59671,46,97
59528,59590,59672,82,62
59528,59626,59673,47,98
59528,59626,59675,49,98
59528,59627,59676,49,99
59528,59635,59680,45,107
59528,59636,59682,46,108
59528,59629,59683,54,101
59528,59630,59683,53,102
59528,59628,59684,56,100
59528,59628,59684,56,100
59528,59621,59684,63,93
59528,59641,59686,45,113
59528,59634,59686,52,106
59528,59625,59687,62,97
59528,59631,59687,56,103
59528,59633,59687,54,105
59528,59631,59688,57,103
59528,59651,59690,39,123
59528,59633,59691,58,105
59528,59635,59692,57,107
59528,59644,59693,49,116
59528,59644,59693,49,116
59528,59644,59696,52,116
59528,59642,59697,55,114
59528,59645,59698,53,117
59528,59647,59698,51,119
59528,59640,59699,59,112
59528,59650,59700,50,122
59528,59652,59700,48,124
59528,59651,59701,50,123
59528,59649,59701,52,121
59528,59642,59701,59,114
59528,59648,59702,54,120
59528,59639,59705,66,111
59528,59652,59705,53,124
59528,59652,59706,54,124
59528,59646,59714,68,118
59727,59727,59765,38,0
59727,59727,59772,45,0
59727,59727,59772,45,0
59727,59727,59772,45,0
59727,59727,59773,46,0
59727,59727,59773,46,0
59727,59727,59773,46,0
59727,59727,59774,47,0
59727,59727,59774,47,0
59727,59727,59774,47,0
59727,59727,59775,48,0
59727,59727,59775,48,0
59727,59727,59776,49,0
59727,59727,59777,50,0
59727,59727,59777,50,0
59727,59727,59777,50,0
59727,59727,59777,50,0
59727,59727,59777,50,0
59727,59727,59777,50,0
59727,59727,59777,50,0
59727,59727,59779,52,0
59727,59727,59781,54,0
59727,59727,59782,55,0
59727,59727,59782,55,0
59727,59727,59782,55,0
59727,59727,59783,56,0
59727,59727,59784,57,0
59727,59727,59784,57,0
59727,59727,59785,58,0
59727,59727,59786,59,0
59727,59727,59786,59,0
59727,59727,59786,59,0
59727,59727,59787,60,0
59727,59727,59787,60,0
59727,59727,59787,60,0
59727,59727,59788,61,0
59727,59727,59788,61,0
59727,59727,59789,62,0
59727,59727,59789,62,0
59727,59727,59790,63,0
59727,59727,59790,63,0
59727,59727,59790,63,0
59727,59727,59791,64,0
59727,59727,59791,64,0
59727,59727,59792,65,0
59727,59727,59792,65,0
59727,59727,59792,65,0
59727,59727,59793,66,0
59727,59727,59795,68,0
59727,59727,59801,74,0
59727,59727,59802,75,0
59808,59808,59851,43,0
59808,59808,59852,44,0
59808,59808,59854,46,0
59808,59808,59855,47,0
59808,59808,59857,49,0
59808,59808,59859,51,0
59808,59808,59860,52,0
59808,59808,59860,52,0
59808,59808,59861,53,0
59808,59808,59860,52,0
59808,59808,59862,54,0
59808,59808,59863,55,0
59808,59808,59864,56,0
59808,59808,59864,56,0
59808,59808,59865,57,0
59808,59808,59866,58,0
59808,59808,59866,58,0
59808,59808,59867,59,0
59808,59808,59867,59,0
59808,59808,59867,59,0
59808,59808,59867,59,0
59808,59808,59868,60,0
59808,59808,59868,60,0
59808,59808,59868,60,0
59808,59808,59868,60,0
59808,59808,59868,60,0
59808,59808,59868,60,0
59808,59808,59869,61,0
59808,59808,59869,61,0
59808,59808,59869,61,0
59808,59808,59870,62,0
59808,59808,59870,62,0
59808,59808,59870,62,0
59808,59808,59870,62,0
59808,59808,59871,63,0
59808,59808,59871,63,0
59808,59808,59871,63,0
59808,59808,59872,64,0
59808,59808,59873,65,0
59808,59808,59872,64,0
59808,59808,59872,64,0
59808,59808,59874,66,0
59808,59808,59873,65,0
59808,59808,59874,66,0
59808,59808,59874,66,0
59808,59808,59875,67,0
59808,59808,59875,67,0
59808,59808,59875,67,0
59808,59808,59876,68,0
59808,59808,59876,68,0
59808,59808,59876,68,0
59808,59808,59877,69,0
59808,59808,59877,69,0
59808,59808,59877,69,0
59808,59808,59877,69,0
59808,59808,59877,69,0
59808,59808,59878,70,0
59808,59808,59878,70,0
59808,59808,59878,70,0
59808,59808,59879,71,0
59808,59808,59879,71,0
59808,59808,59879,71,0
59808,59808,59879,71,0
59808,59808,59880,72,0
59808,59808,59880,72,0
59808,59808,59881,73,0
59808,59808,59882,74,0
59808,59808,59881,73,0
59808,59808,59882,74,0
59808,59808,59882,74,0
59808,59808,59882,74,0
59808,59808,59883,75,0
59808,59808,59883,75,0
59808,59808,59883,75,0
59808,59808,59885,77,0
59808,59808,59886,78,0
59808,59808,59886,78,0
59808,59808,59888,80,0
59808,59808,59887,79,0
59808,59808,59889,81,0
59808,59877,59900,23,69
59808,59876,59902,26,68
59808,59877,59902,25,69
59808,59877,59902,25,69
59808,59878,59902,24,70
59808,59878,59902,24,70
59808,59878,59906,28,70
59808,59878,59906,28,70
59808,59876,59905,29,68
59808,59875,59907,32,67
59808,59878,59909,31,70
59808,59880,59911,31,72
59808,59879,59910,31,71
59808,59876,59912,36,68
59808,59882,59913,31,74
59808,59879,59913,34,71
59808,59880,59915,35,72
59808,59880,59916,36,72
59808,59879,59915,36,71
59808,59879,59915,36,71
59808,59882,59915,33,74
59808,59852,59917,65,44
59808,59882,59919,37,74
59808,59881,59920,39,73
59808,59881,59920,39,73
59808,59875,59921,46,67
59808,59883,59921,38,75
59808,59873,59921,48,65
59808,59884,59923,39,76
59808,59851,59923,72,43
59808,59859,59924,65,51
59808,59883,59925,42,75
59808,59855,59926,71,47
59808,59884,59928,44,76
59808,59874,59928,54,66
59808,59857,59929,72,49
59808,59873,59929,56,65
59808,59860,59929,69,52
59808,59889,59929,40,81
59808,59872,59931,59,64
59808,59872,59931,59,64
59808,59884,59931,47,76
59808,59873,59931,58,65
59808,59865,59932,67,57
59808,59886,59932,46,78
59808,59886,59933,47,78
59808,59888,59934,46,80
59808,59867,59933,66,59
59808,59861,59934,73,53
59808,59883,59934,51,75
59808,59874,59933,59,66
59808,59869,59936,67,61
59808,59888,59935,47,80
59808,59864,59936,72,56
59808,59865,59937,72,57
59808,59854,59937,83,46
59808,59871,59937,66,63
59808,59887,59938,51,79
59808,59873,59937,64,65
59808,59868,59939,71,60
59808,59869,59939,70,61
59808,59869,59940,71,61
59808,59861,59941,80,53
59808,59862,59940,78,54
59808,59871,59940,69,63
59808,59863,59941,78,55
59808,59869,59942,73,61
59808,59872,59942,70,64
59808,59869,59943,74,61
59808,59871,59942,71,63
59808,59867,59943,76,59
59808,59871,59942,71,63
59808,59868,59942,74,60
59808,59868,59942,74,60
59808,59869,59943,74,61
59808,59868,59943,75,60
59808,59869,59944,75,61
59808,59861,59943,82,53
59808,59870,59946,76,62
59808,59906,59946,40,98
59808,59903,59948,45,95
59808,59903,59949,46,95
59808,59908,59949,41,100
59808,59870,59950,80,62
59808,59903,59951,48,95
59808,59901,59951,50,93
59808,59906,59954,48,98
59808,59903,59957,54,95
59808,59912,59959,47,104
59808,59903,59959,56,95
59808,59911,59962,51,103
59808,59910,59961,51,102
59808,59906,59962,56,98
59808,59916,59963,47,108
59808,59922,59967,45,114
59808,59914,59967,53,106
59808,59920,59968,48,112
59808,59914,59969,55,106
59808,59921,59970,49,113
59808,59916,59971,55,108
59808,59924,59972,48,116
59808,59921,59972,51,113
59808,59922,59973,51,114
59808,59916,59972,56,108
59808,59916,59975,59,108
59808,59924,59975,51,116
59808,59924,59976,52,116
59808,59920,59976,56,112
59808,59925,59977,52,117
59808,59916,59976,60,108
59808,59928,59977,49,120
59808,59911,59979,68,103
59808,59930,59981,51,122
59808,59927,59982,55,119
59808,59930,59982,52,122
59808,59918,59986,68,110
59808,59930,59987,57,122
59808,59930,59992,62,122
59808,59928,59991,63,120
60006,60006,60048,42,0
60006,60006,60049,43,0
60006,60006,60052,46,0
60006,60006,60052,46,0
60006,60006,60054,48,0
60006,60006,60054,48,0
60006,60006,60054,48,0
60006,60006,60054,48,0
60006,60006,60055,49,0
60006,60006,60055,49,0
60006,60006,60055,49,0
60006,60006,60056,50,0
60006,60006,60056,50,0
60006,60006,60056,50,0
60006,60006,60056,50,0
60006,60006,60057,51,0
60006,60006,60057,51,0
60006,60006,60057,51,0
60006,60006,60057,51,0
60006,60006,60058,52,0
60006,60006,60058,52,0
60006,60006,60059,53,0
60006,60006,60060,54,0
60006,60006,60060,54,0
60006,60006,60061,55,0
60006,60006,60061,55,0
60006,60006,60061,55,0
60006,60006,60062,56,0
60006,60006,60062,56,0
60006,60006,60063,57,0
60006,60006,60063,57,0
60006,60006,60064,58,0
60006,60006,60064,58,0
60006,60006,60064,58,0
60006,60006,60064,58,0
60006,60006,60065,59,0
60006,60006,60064,58,0
60006,60006,60065,59,0
60006,60006,60065,59,0
60006,60006,60066,60,0
60006,60006,60067,61,0
60006,60006,60069,63,0
60006,60006,60068,62,0
60006,60006,60068,62,0
60006,60006,60068,62,0
60006,60006,60070,64,0
60006,60006,60070,64,0
60006,60006,60071,65,0
60006,60006,60073,67,0
60006,60006,60075,69,0
60006,60006,60078,72,0
60084,60085,60127,42,1
60084,60085,60129,44,1
60084,60084,60131,47,0
60084,60085,60131,46,1
60084,60085,60131,46,1
60084,60085,60133,48,1
60084,60085,60133,48,1
60084,60085,60136,51,1
60084,60085,60136,51,1
60084,60085,60137,52,1
60084,60085,60139,54,1
60084,60085,60138,53,1
60084,60084,60139,55,0
60084,60085,60139,54,1
60084,60085,60140,55,1
60084,60085,60140,55,1
60084,60085,60141,56,1
60084,60085,60142,57,1
60084,60085,60142,57,1
60084,60085,60143,58,1
60084,60085,60143,58,1
60084,60085,60143,58,1
60084,60085,60144,59,1
60084,60085,60143,58,1
60084,60085,60144,59,1
60084,60084,60144,60,0
60084,60084,60145,61,0
60084,60085,60145,60,1
60084,60084,60144,60,0
60084,60084,60146,62,0
60084,60085,60145,60,1
60084,60084,60147,63,0
60084,60084,60146,62,0
60084,60084,60147,63,0
60084,60085,60146,61,1
60084,60084,60147,63,0
60084,60085,60148,63,1
60084,60085,60147,62,1
60084,60085,60147,62,1
60084,60084,60147,63,0
60084,60085,60148,63,1
60084,60084,60148,64,0
60084,60085,60149,64,1
60084,60085,60149,64,1
60084,60085,60149,64,1
60084,60085,60149,64,1
60084,60085,60150,65,1
60084,60085,60150,65,1
60084,60084,60150,66,0
60084,60085,60150,65,1
60084,60084,60151,67,0
60084,60085,60150,65,1
60084,60085,60150,65,1
60084,60085,60151,66,1
60084,60085,60151,66,1
60084,60085,60152,67,1
60084,60085,60152,67,1
60084,60085,60153,68,1
60084,60085,60153,68,1
60084,60084,60153,69,0
60084,60085,60153,68,1
60084,60085,60155,70,1
60084,60085,60155,70,1
60084,60084,60155,71,0
60084,60085,60156,71,1
60084,60085,60156,71,1
60084,60085,60156,71,1
60084,60085,60156,71,1
60084,60085,60157,72,1
60084,60084,60158,74,0
60084,60085,60157,72,1
60084,60084,60158,74,0
60084,60085,60159,74,1
60084,60085,60159,74,1
60084,60085,60159,74,1
60084,60085,60161,76,1
60084,60085,60161,76,1
60084,60085,60162,77,1
60084,60085,60163,78,1
60084,60085,60165,80,1
60084,60151,60179,28,67
60084,60151,60178,27,67
60084,60152,60181,29,68
60084,60151,60183,32,67
60084,60151,60183,32,67
60084,60150,60183,33,66
60084,60153,60185,32,69
60084,60152,60186,34,68
60084,60150,60186,36,66
60084,60151,60186,35,67
60084,60152,60187,35,68
60084,60150,60187,37,66
60084,60153,60186,33,69
60084,60132,60188,56,48
60084,60152,60188,36,68
60084,60155,60187,32,71
60084,60154,60190,36,70
60084,60156,60190,34,72
60084,60156,60190,34,72
60084,60155,60192,37,71
60084,60127,60192,65,43
60084,60155,60193,38,71
60084,60158,60196,38,74
60084,60150,60196,46,66
60084,60150,60197,47,66
60084,60153,60198,45,69
60084,60156,60197,41,72
60084,60159,60199,40,75
60084,60150,60199,49,66
60084,60149,60199,50,65
60084,60158,60200,42,74
60084,60133,60200,67,49
60084,60133,60201,68,49
60084,60157,60201,44,73
60084,60148,60201,53,64
60084,60132,60201,69,48
60084,60149,60202,53,65
60084,60138,60202,64,54
60084,60148,60203,55,64
60084,60130,60203,73,46
60084,60159,60202,43,75
60084,60132,60203,71,48
60084,60159,60203,44,75
60084,60166,60204,38,82
60084,60158,60203,45,74
60084,60160,60205,45,76
60084,60162,60205,43,78
60084,60146,60207,61,62
60084,60147,60206,59,63
60084,60148,60208,60,64
60084,60146,60208,62,62
60084,60145,60208,63,61
60084,60137,60210,73,53
60084,60148,60210,62,64
60084,60143,60210,67,59
60084,60147,60211,64,63
60084,60139,60211,72,55
60084,60148,60211,63,64
60084,60161,60211,50,77
60084,60147,60212,65,63
60084,60141,60212,71,57
60084,60144,60211,67,60
60084,60164,60213,49,80
60084,60141,60215,74,57
60084,60143,60216,73,59
60084,60139,60216,77,55
60084,60141,60216,75,57
60084,60140,60217,77,56
60084,60179,60217,38,95
60084,60147,60218,71,63
60084,60145,60218,73,61
60084,60137,60220,83,53
60084,60145,60220,75,61
60084,60143,60221,78,59
60084,60144,60221,77,60
60084,60140,60222,82,56
60084,60145,60222,77,61
60084,60163,60224,61,79
60084,60183,60225,42,99
60084,60143,60225,82,59
60084,60145,60227,82,61
60084,60183,60228,45,99
60084,60184,60229,45,100
60084,60185,60229,44,101
60084,60188,60231,43,104
60084,60181,60233,52,97
60084,60144,60234,90,60
60084,60188,60234,46,104
60084,60187,60236,49,103
60084,60190,60237,47,106
60084,60179,60238,59,95
60084,60186,60240,54,102
60084,60187,60241,54,103
60084,60187,60242,55,103
60084,60186,60244,58,102
60084,60186,60245,59,102
60084,60190,60245,55,106
60084,60188,60246,58,104
60084,60199,60246,47,115
60084,60194,60247,53,110
60084,60190,60247,57,106
60084,60199,60248,49,115
60084,60201,60249,48,117
60084,60192,60249,57,108
60084,60197,60252,55,113
60084,60201,60254,53,117
60084,60199,60254,55,115
60084,60196,60256,60,112
60084,60200,60256,56,116
60084,60202,60257,55,118
60084,60201,60257,56,117
60084,60202,60257,55,118
60084,60196,60258,62,112
60084,60192,60259,67,108
60084,60198,60262,64,114
60084,60201,60262,61,117
60084,60201,60262,61,117
60084,60203,60268,65,119
60084,60198,60271,73,114
60285,60285,60330,45,0
60285,60285,60331,46,0
60285,60285,60332,47,0
60285,60285,60332,47,0
60285,60285,60332,47,0
60285,60285,60332,47,0
60285,60285,60333,48,0
60285,60285,60333,48,0
60285,60285,60333,48,0
60285,60285,60332,47,0
60285,60285,60335,50,0
60285,60285,60335,50,0
60285,60285,60335,50,0
60285,60285,60336,51,0
60285,60285,60336,51,0
60285,60285,60337,52,0
60285,60285,60337,52,0
60285,60285,60337,52,0
60285,60285,60337,52,0
60285,60285,60338,53,0
60285,60285,60338,53,0
60285,60285,60338,53,0
60285,60285,60339,54,0
60285,60285,60340,55,0
60285,60285,60340,55,0
60285,60285,60340,55,0
60285,60285,60340,55,0
60285,60285,60341,56,0
60285,60285,60341,56,0
60285,60285,60341,56,0
60285,60285,60341,56,0
60285,60285,60341,56,0
60285,60285,60341,56,0
60285,60285,60341,56,0
60285,60285,60341,56,0
60285,60285,60343,58,0
60285,60285,60343,58,0
60285,60285,60343,58,0
60285,60285,60343,58,0
60285,60285,60344,59,0
60285,60285,60344,59,0
60285,60285,60344,59,0
60285,60285,60346,61,0
60285,60285,60346,61,0
60285,60285,60346,61,0
60285,60285,60347,62,0
60285,60285,60348,63,0
60285,60285,60349,64,0
60285,60285,60352,67,0
60285,60285,60354,69,0
60285,60285,60361,76,0
60371,60371,60416,45,0
60371,60371,60417,46,0
60371,60371,60420,49,0
60371,60371,60420,49,0
60371,60371,60421,50,0
60371,60371,60421,50,0
60371,60371,60421,50,0
60371,60371,60423,52,0
60371,60371,60423,52,0
60371,60371,60423,52,0
60371,60371,60423,52,0
60371,60371,60424,53,0
60371,60371,60425,54,0
60371,60371,60425,54,0
60371,60371,60425,54,0
60371,60371,60425,54,0
60371,60371,60425,54,0
60371,60371,60427,56,0
60371,60371,60427,56,0
60371,60371,60427,56,0
60371,60371,60428,57,0
60371,60371,60428,57,0
60371,60371,60429,58,0
60371,60371,60430,59,0
60371,60371,60429,58,0
60371,60371,60430,59,0
60371,60371,60430,59,0
60371,60371,60430,59,0
60371,60371,60431,60,0
60371,60371,60431,60,0
60371,60371,60431,60,0
60371,60371,60431,60,0
60371,60371,60432,61,0
60371,60371,60432,61,0
60371,60371,60433,62,0
60371,60371,60433,62,0
60371,60371,60433,62,0
60371,60371,60433,62,0
60371,60371,60434,63,0
60371,60371,60434,63,0
60371,60371,60435,64,0
60371,60371,60435,64,0
60371,60371,60436,65,0
60371,60371,60436,65,0
60371,60371,60436,65,0
60371,60371,60437,66,0
60371,60371,60437,66,0
60371,60371,60437,66,0
60371,60371,60437,66,0
60371,60371,60438,67,0
60371,60371,60437,66,0
60371,60371,60437,66,0
60371,60371,60437,66,0
60371,60371,60438,67,0
60371,60371,60438,67,0
60371,60371,60438,67,0
60371,60371,60438,67,0
60371,60371,60439,68,0
60371,60371,60439,68,0
60371,60371,60439,68,0
60371,60371,60440,69,0
60371,60371,60439,68,0
60371,60371,60440,69,0
60371,60371,60441,70,0
60371,60371,60440,69,0
60371,60371,60441,70,0
60371,60371,60441,70,0
60371,60371,60441,70,0
60371,60371,60441,70,0
60371,60371,60443,72,0
60371,60371,60443,72,0
60371,60371,60443,72,0
60371,60371,60445,74,0
60371,60371,60444,73,0
60371,60371,60444,73,0
60371,60371,60444,73,0
60371,60371,60445,74,0
60371,60371,60444,73,0
60371,60371,60446,75,0
60371,60371,60448,77,0
60371,60438,60464,26,67
60371,60438,60464,26,67
60371,60438,60466,28,67
60371,60438,60468,30,67
60371,60439,60467,28,68
60371,60438,60469,31,67
60371,60438,60468,30,67
60371,60439,60470,31,68
60371,60437,60469,32,66
60371,60437,60471,34,66
60371,60438,60472,34,67
60371,60438,60474,36,67
60371,60440,60474,34,69
60371,60440,60473,33,69
60371,60439,60475,36,68
60371,60440,60474,34,69
60371,60439,60475,36,68
60371,60418,60476,58,47
60371,60442,60477,35,71
60371,60440,60477,37,69
60371,60417,60476,59,46
60371,60441,60477,36,70
60371,60441,60480,39,70
60371,60440,60481,41,69
60371,60441,60481,40,70
60371,60437,60482,45,66
60371,60442,60483,41,71
60371,60442,60484,42,71
60371,60442,60484,42,71
60371,60443,60485,42,72
60371,60422,60485,63,51
60371,60436,60485,49,65
60371,60443,60486,43,72
60371,60445,60487,42,74
60371,60445,60488,43,74
60371,60421,60489,68,50
60371,60433,60489,56,62
60371,60424,60490,66,53
60371,60432,60491,59,61
60371,60420,60491,71,49
60371,60445,60491,46,74
60371,60426,60493,67,55
60371,60435,60494,59,64
60371,60432,60494,62,61
60371,60422,60495,73,51
60371,60434,60495,61,63
60371,60422,60495,73,51
60371,60436,60495,59,65
60371,60426,60495,69,55
60371,60445,60495,50,74
60371,60445,60495,50,74
60371,60434,60495,61,63
60371,60445,60496,51,74
60371,60424,60496,72,53
60371,60425,60498,73,54
60371,60424,60499,75,53
60371,60428,60499,71,57
60371,60447,60498,51,76
60371,60449,60500,51,78
60371,60425,60500,75,54
60371,60432,60501,69,61
60371,60426,60502,76,55
60371,60434,60502,68,63
60371,60444,60502,58,73
60371,60432,60503,71,61
60371,60434,60502,68,63
60371,60430,60502,72,59
60371,60424,60502,78,53
60371,60426,60503,77,55
60371,60428,60503,75,57
60371,60431,60503,72,60
60371,60431,60504,73,60
60371,60467,60504,37,96
60371,60431,60505,74,60
60371,60433,60506,73,62
60371,60429,60507,78,58
60371,60428,60507,79,57
60371,60435,60510,75,64
60371,60465,60510,45,94
60371,60430,60511,81,59
60371,60429,60511,82,58
60371,60464,60511,47,93
60371,60430,60513,83,59
60371,60468,60516,48,97
60371,60470,60518,48,99
60371,60469,60520,51,98
60371,60477,60521,44,106
60371,60470,60524,54,99
60371,60473,60523,50,102
60371,60474,60525,51,103
60371,60480,60526,46,109
60371,60468,60526,58,97
60371,60472,60526,54,101
60371,60481,60526,45,110
60371,60474,60528,54,103
60371,60475,60528,53,104
60371,60475,60528,53,104
60371,60484,60530,46,113
60371,60477,60530,53,106
60371,60477,60530,53,106
60371,60475,60530,55,104
60371,60469,60531,62,98
60371,60482,60532,50,111
60371,60491,60532,41,120
60371,60484,60532,48,113
60371,60482,60533,51,111
60371,60490,60534,44,119
60371,60477,60533,56,106
60371,60477,60536,59,106
60371,60474,60536,62,103
60371,60484,60537,53,113
60371,60489,60540,51,118
60371,60486,60539,53,115
60371,60487,60540,53,116
60371,60486,60540,54,115
60371,60488,60542,54,117
60371,60485,60542,57,114
60371,60488,60548,60,117
60371,60489,60551,62,118
60566,60566,60606,40,0
60566,60566,60607,41,0
60566,60566,60609,43,0
60566,60566,60611,45,0
60566,60566,60611,45,0
60566,60566,60610,44,0
60566,60566,60613,47,0
60566,60566,60612,46,0
60566,60566,60613,47,0
60566,60566,60614,48,0
60566,60566,60614,48,0
60566,60566,60614,48,0
60566,60566,60615,49,0
60566,60566,60615,49,0
60566,60566,60615,49,0
60566,60566,60615,49,0
60566,60566,60618,52,0
60566,60566,60618,52,0
60566,60566,60619,53,0
60566,60566,60618,52,0
60566,60566,60619,53,0
60566,60566,60618,52,0
60566,60566,60619,53,0
60566,60566,60620,54,0
60566,60566,60620,54,0
60566,60566,60620,54,0
60566,60566,60620,54,0
60566,60566,60621,55,0
60566,60566,60622,56,0
60566,60566,60622,56,0
60566,60566,60623,57,0
60566,60566,60623,57,0
60566,60566,60623,57,0
60566,60566,60624,58,0
60566,60566,60624,58,0
60566,60566,60624,58,0
60566,60566,60625,59,0
60566,60566,60626,60,0
60566,60566,60626,60,0
60566,60566,60625,59,0
60566,60566,60626,60,0
60566,60566,60627,61,0
60566,60566,60627,61,0
60566,60566,60627,61,0
60566,60566,60627,61,0
60566,60566,60629,63,0
60566,60566,60630,64,0
60566,60566,60631,65,0
60566,60566,60633,67,0
60566,60566,60632,66,0
60566,60566,60634,68,0
60641,60641,60678,37,0
60641,60641,60682,41,0
60641,60641,60687,46,0
60641,60641,60687,46,0
60641,60641,60687,46,0
60641,60641,60689,48,0
60641,60641,60689,48,0
60641,60641,60691,50,0
60641,60641,60692,51,0
60641,60641,60692,51,0
60641,60641,60692,51,0
60641,60641,60693,52,0
60641,60641,60694,53,0
60641,60641,60693,52,0
60641,60641,60695,54,0
60641,60641,60694,53,0
60641,60641,60695,54,0
60641,60641,60695,54,0
60641,60641,60695,54,0
60641,60641,60696,55,0
60641,60641,60697,56,0
60641,60641,60697,56,0
60641,60641,60697,56,0
60641,60641,60698,57,0
60641,60641,60699,58,0
60641,60641,60699,58,0
60641,60641,60699,58,0
60641,60641,60700,59,0
60641,60641,60700,59,0
60641,60641,60700,59,0
60641,60641,60700,59,0
60641,60641,60701,60,0
60641,60641,60702,61,0
60641,60641,60702,61,0
60641,60641,60701,60,0
60641,60641,60702,61,0
60641,60641,60702,61,0
60641,60641,60703,62,0
60641,60641,60703,62,0
60641,60641,60703,62,0
60641,60641,60704,63,0
60641,60641,60704,63,0
60641,60641,60705,64,0
60641,60641,60705,64,0
60641,60641,60705,64,0
60641,60641,60705,64,0
60641,60641,60706,65,0
60641,60641,60706,65,0
60641,60641,60706,65,0
60641,60641,60706,65,0
60641,60641,60706,65,0
60641,60641,60706,65,0
60641,60641,60707,66,0
60641,60641,60707,66,0
60641,60641,60707,66,0
60641,60641,60707,66,0
60641,60641,60708,67,0
60641,60641,60708,67,0
60641,60641,60708,67,0
60641,60641,60708,67,0
60641,60641,60708,67,0
60641,60641,60709,68,0
60641,60641,60710,69,0
60641,60641,60710,69,0
60641,60641,60712,71,0
60641,60641,60712,71,0
60641,60641,60711,70,0
60641,60641,60712,71,0
60641,60641,60713,72,0
60641,60641,60713,72,0
60641,60641,60713,72,0
60641,60641,60714,73,0
60641,60641,60714,73,0
60641,60641,60714,73,0
60641,60641,60716,75,0
60641,60641,60716,75,0
60641,60641,60717,76,0
60641,60641,60718,77,0
60641,60641,60718,77,0
60641,60641,60719,78,0
60641,60707,60733,26,66
60641,60707,60735,28,66
60641,60707,60735,28,66
60641,60708,60735,27,67
60641,60706,60737,31,65
60641,60707,60737,30,66
60641,60708,60737,29,67
60641,60707,60738,31,66
60641,60707,60740,33,66
60641,60709,60740,31,68
60641,60688,60741,53,47
60641,60709,60742,33,68
60641,60709,60743,34,68
60641,60708,60743,35,67
60641,60678,60744,66,37
60641,60712,60744,32,71
60641,60687,60744,57,46
60641,60709,60745,36,68
60641,60709,60747,38,68
60641,60683,60747,64,42
60641,60706,60747,41,65
60641,60711,60748,37,70
60641,60710,60749,39,69
60641,60706,60751,45,65
60641,60706,60753,47,65
60641,60712,60753,41,71
60641,60701,60753,52,60
60641,60712,60754,42,71
60641,60712,60756,44,71
60641,60714,60755,41,73
60641,60704,60756,52,63
60641,60689,60756,67,48
60641,60690,60758,68,49
60641,60714,60759,45,73
60641,60692,60759,67,51
60641,60688,60759,71,47
60641,60714,60759,45,73
60641,60694,60761,67,53
60641,60713,60760,47,72
60641,60693,60762,69,52
60641,60703,60762,59,62
60641,60696,60762,66,55
60641,60703,60762,59,62
60641,60695,60762,67,54
60641,60715,60763,48,74
60641,60719,60764,45,78
60641,60697,60765,68,56
60641,60691,60765,74,50
60641,60701,60765,64,60
60641,60717,60765,48,76
60641,60703,60766,63,62
60641,60703,60767,64,62
60641,60715,60767,52,74
60641,60692,60767,75,51
60641,60702,60768,66,61
60641,60706,60769,63,65
60641,60697,60768,71,56
60641,60704,60769,65,63
60641,60696,60769,73,55
60641,60701,60770,69,60
60641,60694,60769,75,53
60641,60717,60770,53,76
60641,60694,60769,75,53
60641,60699,60770,71,58
60641,60718,60770,52,77
60641,60715,60771,56,74
60641,60699,60772,73,58
60641,60699,60771,72,58
60641,60695,60772,77,54
60641,60695,60772,77,54
60641,60702,60772,70,61
60641,60700,60772,72,59
60641,60734,60773,39,93
60641,60719,60775,56,78
60641,60720,60774,54,79
60641,60698,60776,78,57
60641,60704,60776,72,63
60641,60702,60776,74,61
60641,60695,60776,81,54
60641,60701,60777,76,60
60641,60697,60778,81,56
60641,60738,60785,47,97
60641,60738,60784,46,97
60641,60736,60786,50,95
60641,60742,60789,47,101
60641,60739,60792,53,98
60641,60745,60792,47,104
60641,60736,60794,58,95
60641,60744,60794,50,103
60641,60747,60793,46,106
60641,60743,60794,51,102
60641,60738,60795,57,97
60641,60745,60798,53,104
60641,60740,60798,58,99
60641,60745,60800,55,104
60641,60736,60800,64,95
60641,60754,60803,49,113
60641,60746,60803,57,105
60641,60740,60803,63,99
60641,60750,60803,53,109
60641,60749,60804,55,108
60641,60748,60805,57,107
60641,60748,60805,57,107
60641,60758,60806,48,117
60641,60754,60806,52,113
60641,60753,60807,54,112
60641,60756,60811,55,115
60641,60743,60810,67,102
60641,60761,60812,51,120
60641,60754,60812,58,113
60641,60760,60814,54,119
60641,60756,60816,60,115
60641,60756,60818,62,115
60641,60761,60819,58,120
60641,60757,60820,63,116
60641,60760,60820,60,119
60641,60751,60820,69,110
60641,60760,60822,62,119
60641,60759,60826,67,118
60840,60840,60884,44,0
60840,60840,60884,44,0
60840,60840,60884,44,0
60840,60840,60885,45,0
60840,60840,60886,46,0
60840,60840,60886,46,0
60840,60840,60888,48,0
60840,60840,60887,47,0
60840,60840,60887,47,0
60840,60840,60888,48,0
60840,60840,60889,49,0
60840,60840,60893,53,0
60840,60840,60893,53,0
60840,60840,60892,52,0
60840,60840,60893,53,0
60840,60840,60893,53,0
60840,60840,60894,54,0
60840,60840,60895,55,0
60840,60840,60894,54,0
60840,60840,60895,55,0
60840,60840,60896,56,0
60840,60840,60897,57,0
60840,60840,60897,57,0
60840,60840,60897,57,0
60840,60840,60897,57,0
60840,60840,60898,58,0
60840,60840,60898,58,0
60840,60840,60899,59,0
60840,60840,60900,60,0
60840,60840,60900,60,0
60840,60840,60900,60,0
60840,60840,60900,60,0
60840,60840,60900,60,0
60840,60840,60901,61,0
60840,60840,60902,62,0
60840,60840,60901,61,0
60840,60840,60901,61,0
60840,60840,60902,62,0
60840,60840,60903,63,0
60840,60840,60904,64,0
60840,60840,60905,65,0
60840,60840,60906,66,0
60840,60840,60905,65,0
60840,60840,60907,67,0
60840,60840,60907,67,0
60840,60840,60907,67,0
60840,60840,60908,68,0
60840,60840,60908,68,0
60840,60840,60912,72,0
60840,60840,60913,73,0
60840,60840,60914,74,0
60921,60921,60962,41,0
60921,60921,60962,41,0
60921,60921,60963,42,0
60921,60921,60967,46,0
60921,60921,60967,46,0
60921,60921,60966,45,0
60921,60921,60966,45,0
60921,60921,60968,47,0
60921,60921,60968,47,0
60921,60921,60970,49,0
60921,60921,60970,49,0
60921,60921,60969,48,0
60921,60921,60971,50,0
60921,60921,60971,50,0
60921,60921,60971,50,0
60921,60921,60972,51,0
60921,60921,60972,51,0
60921,60921,60973,52,0
60921,60921,60973,52,0
60921,60921,60974,53,0
60921,60921,60975,54,0
60921,60921,60974,53,0
60921,60921,60975,54,0
60921,60921,60975,54,0
60921,60921,60976,55,0
60921,60921,60976,55,0
60921,60921,60976,55,0
60921,60921,60976,55,0
60921,60921,60975,54,0
60921,60921,60975,54,0
60921,60921,60976,55,0
60921,60921,60977,56,0
60921,60921,60978,57,0
60921,60921,60978,57,0
60921,60921,60978,57,0
60921,60921,60978,57,0
60921,60921,60979,58,0
60921,60921,60979,58,0
60921,60921,60979,58,0
60921,60921,60979,58,0
60921,60921,60979,58,0
60921,60921,60980,59,0
60921,60921,60982,61,0
60921,60921,60982,61,0
60921,60921,60982,61,0
60921,60921,60983,62,0
60921,60921,60983,62,0
60921,60921,60983,62,0
60921,60921,60983,62,0
60921,60921,60984,63,0
60921,60921,60985,64,0
60921,60921,60985,64,0
60921,60921,60985,64,0
60921,60921,60985,64,0
60921,60921,60986,65,0
60921,60921,60986,65,0
60921,60921,60987,66,0
60921,60921,60988,67,0
60921,60921,60988,67,0
60921,60921,60989,68,0
60921,60921,60989,68,0
60921,60921,60990,69,0
60921,60921,60990,69,0
60921,60921,60991,70,0
60921,60921,60991,70,0
60921,60921,60991,70,0
60921,60921,60991,70,0
60921,60921,60991,70,0
60921,60921,60992,71,0
60921,60921,60993,72,0
60921,60921,60994,73,0
60921,60921,60994,73,0
60921,60921,60995,74,0
60921,60921,60996,75,0
60921,60921,60996,75,0
60921,60921,60996,75,0
60921,60921,60997,76,0
60921,60921,60997,76,0
60921,60921,60998,77,0
60921,60921,60999,78,0
60921,60987,61011,24,66
60921,60984,61011,27,63
60921,60986,61012,26,65
60921,60984,61014,30,63
60921,60986,61014,28,65
60921,60985,61015,30,64
60921,60984,61016,32,63
60921,60986,61018,32,65
60921,60984,61018,34,63
60921,60984,61018,34,63
60921,60962,61019,57,41
60921,60989,61019,30,68
60921,60983,61019,36,62
60921,60990,61020,30,69
60921,60991,61023,32,70
60921,60987,61025,38,66
60921,60988,61024,36,67
60921,60989,61026,37,68
60921,60990,61025,35,69
60921,60962,61026,64,41
60921,60991,61026,35,70
60921,60992,61029,37,71
60921,60992,61031,39,71
60921,60964,61032,68,43
60921,60967,61032,65,46
60921,60967,61033,66,46
60921,60992,61033,41,71
60921,60992,61033,41,71
60921,60971,61034,63,50
60921,60969,61035,66,48
60921,60983,61036,53,62
60921,60980,61036,56,59
60921,60978,61036,58,57
60921,60995,61037,42,74
60921,60978,61037,59,57
60921,60993,61037,44,72
60921,60970,61038,68,49
60921,60976,61038,62,55
60921,60992,61038,46,71
60921,60976,61038,62,55
60921,60980,61039,59,59
60921,60979,61040,61,58
60921,60994,61040,46,73
60921,60997,61042,45,76
60921,60968,61041,73,47
60921,60979,61043,64,58
60921,60979,61044,65,58
60921,60995,61044,49,74
60921,60971,61045,74,50
60921,60999,61044,45,78
60921,60967,61045,78,46
60921,60976,61045,69,55
60921,60978,61046,68,57
60921,60972,61046,74,51
60921,60979,61046,67,58
60921,60998,61047,49,77
60921,60977,61047,70,56
60921,60970,61048,78,49
60921,60997,61047,50,76
60921,60997,61048,51,76
60921,60970,61048,78,49
60921,60973,61049,76,52
60921,60971,61050,79,50
60921,60976,61049,73,55
60921,60976,61049,73,55
60921,60978,61049,71,57
60921,60967,61049,82,46
60921,60974,61052,78,53
60921,61000,61051,51,79
60921,60996,61052,56,75
60921,60973,61052,79,52
60921,60972,61052,80,51
60921,60976,61052,76,55
60921,60998,61052,54,77
60921,60975,61052,77,54
60921,61012,61053,41,91
60921,60976,61055,79,55
60921,60982,61056,74,61
60921,60975,61057,82,54
60921,60976,61057,81,55
60921,60975,61061,86,54
60921,61025,61066,41,104
60921,61014,61067,53,93
60921,61013,61069,56,92
60921,61012,61069,57,91
60921,61015,61071,56,94
60921,61017,61071,54,96
60921,61019,61071,52,98
60921,61020,61071,51,99
60921,61026,61071,45,105
60921,61025,61074,49,104
60921,61027,61075,48,106
60921,61018,61076,58,97
60921,61026,61075,49,105
60921,61016,61075,59,95
60921,61020,61076,56,99
60921,61031,61077,46,110
60921,61029,61076,47,108
60921,61019,61077,58,98
60921,61034,61078,44,113
60921,61034,61079,45,113
60921,61021,61080,59,100
60921,61034,61082,48,113
60921,61024,61082,58,103
60921,61033,61083,50,112
60921,61020,61082,62,99
60921,61035,61085,50,114
60921,61038,61085,47,117
60921,61036,61087,51,115
60921,61027,61088,61,106
60921,61037,61087,50,116
60921,61032,61090,58,111
60921,61039,61090,51,118
60921,61038,61091,53,117
60921,61038,61093,55,117
60921,61039,61092,53,118
60921,61037,61093,56,116
60921,61037,61093,56,116
60921,61039,61098,59,118
61113,61113,61155,42,0
61113,61113,61158,45,0
61113,61113,61160,47,0
61113,61113,61160,47,0
61113,61113,61160,47,0
61113,61113,61159,46,0
61113,61113,61161,48,0
61113,61113,61160,47,0
61113,61113,61162,49,0
61113,61113,61161,48,0
61113,61113,61162,49,0
61113,61113,61163,50,0
61113,61113,61162,49,0
61113,61113,61163,50,0
61113,61113,61164,51,0
61113,61113,61163,50,0
61113,61113,61164,51,0
61113,61113,61165,52,0
61113,61113,61166,53,0
61113,61113,61166,53,0
61113,61113,61165,52,0
61113,61113,61167,54,0
61113,61113,61166,53,0
61113,61113,61167,54,0
61113,61113,61168,55,0
61113,61113,61168,55,0
61113,61113,61167,54,0
61113,61113,61168,55,0
61113,61113,61169,56,0
61113,61113,61168,55,0
61113,61113,61168,55,0
61113,61113,61169,56,0
61113,61113,61170,57,0
61113,61113,61170,57,0
61113,61113,61172,59,0
61113,61113,61172,59,0
61113,61113,61172,59,0
61113,61113,61173,60,0
61113,61113,61174,61,0
61113,61113,61174,61,0
61113,61113,61173,60,0
61113,61113,61174,61,0
61113,61113,61174,61,0
61113,61113,61175,62,0
61113,61113,61175,62,0
61113,61113,61176,63,0
61113,61113,61176,63,0
61113,61113,61178,65,0
61113,61113,61180,67,0
61113,61113,61182,69,0
61113,61113,61184,71,0
61191,61191,61234,43,0
61191,61191,61236,45,0
61191,61191,61237,46,0
61191,61191,61237,46,0
61191,61191,61238,47,0
61191,61191,61238,47,0
61191,61191,61238,47,0
61191,61191,61239,48,0
61191,61191,61240,49,0
61191,61191,61240,49,0
61191,61191,61241,50,0
61191,61191,61241,50,0
61191,61191,61241,50,0
61191,61191,61241,50,0
61191,61191,61242,51,0
61191,61191,61242,51,0
61191,61191,61243,52,0
61191,61191,61243,52,0
61191,61191,61244,53,0
61191,61191,61244,53,0
61191,61191,61245,54,0
61191,61191,61245,54,0
61191,61191,61245,54,0
61191,61191,61245,54,0
61191,61191,61246,55,0
61191,61191,61246,55,0
61191,61191,61246,55,0
61191,61191,61247,56,0
61191,61191,61247,56,0
61191,61191,61247,56,0
61191,61191,61248,57,0
61191,61191,61248,57,0
61191,61191,61248,57,0
61191,61191,61249,58,0
61191,61191,61249,58,0
61191,61191,61249,58,0
61191,61191,61252,61,0
61191,61191,61251,60,0
61191,61191,61251,60,0
61191,61191,61251,60,0
61191,61191,61252,61,0
61191,61191,61251,60,0
61191,61191,61252,61,0
61191,61191,61253,62,0
61191,61191,61254,63,0
61191,61191,61253,62,0
61191,61191,61253,62,0
61191,61191,61254,63,0
61191,61191,61254,63,0
61191,61191,61254,63,0
61191,61191,61254,63,0
61191,61191,61256,65,0
61191,61191,61256,65,0
61191,61191,61255,64,0
61191,61191,61255,64,0
61191,61191,61256,65,0
61191,61191,61257,66,0
61191,61191,61257,66,0
61191,61191,61258,67,0
61191,61191,61258,67,0
61191,61191,61259,68,0
61191,61191,61260,69,0
61191,61191,61259,68,0
61191,61191,61261,70,0
61191,61191,61261,70,0
61191,61191,61261,70,0
61191,61191,61261,70,0
61191,61191,61262,71,0
61191,61191,61261,70,0
61191,61191,61261,70,0
61191,61191,61263,72,0
61191,61191,61263,72,0
61191,61191,61265,74,0
61191,61191,61264,73,0
61191,61191,61264,73,0
61191,61191,61265,74,0
61191,61191,61265,74,0
61191,61191,61268,77,0
61191,61191,61270,79,0
61191,61191,61271,80,0
61191,61255,61281,26,64
61191,61255,61280,25,64
61191,61256,61282,26,65
61191,61254,61284,30,63
61191,61255,61284,29,64
61191,61256,61287,31,65
61191,61256,61286,30,65
61191,61257,61287,30,66
61191,61254,61288,34,63
61191,61253,61289,36,62
61191,61256,61289,33,65
61191,61258,61289,31,67
61191,61255,61290,35,64
61191,61259,61291,32,68
61191,61261,61293,32,70
61191,61258,61293,35,67
61191,61254,61293,39,63
61191,61260,61296,36,69
61191,61260,61297,37,69
61191,61262,61298,36,71
61191,61259,61297,38,68
61191,61252,61300,48,61
61191,61261,61300,39,70
61191,61261,61300,39,70
61191,61253,61301,48,62
61191,61239,61302,63,48
61191,61258,61302,44,67
61191,61252,61303,51,61
61191,61240,61305,65,49
61191,61235,61305,70,44
61191,61237,61306,69,46
61191,61249,61306,57,58
61191,61238,61306,68,47
61191,61241,61307,66,50
61191,61265,61307,42,74
61191,61263,61308,45,72
61191,61252,61308,56,61
61191,61252,61308,56,61
61191,61266,61308,42,75
61191,61239,61309,70,48
61191,61239,61310,71,48
61191,61243,61309,66,52
61191,61249,61311,62,58
61191,61246,61311,65,55
61191,61265,61311,46,74
61191,61241,61311,70,50
61191,61262,61312,50,71
61191,61244,61311,67,53
61191,61250,61311,61,59
61191,61245,61313,68,54
61191,61246,61312,66,55
61191,61270,61314,44,79
61191,61262,61315,53,71
61191,61262,61314,52,71
61191,61243,61315,72,52
61191,61266,61315,49,75
61191,61245,61316,71,54
61191,61250,61316,66,59
61191,61265,61318,53,74
61191,61247,61317,70,56
61191,61250,61317,67,59
61191,61242,61318,76,51
61191,61242,61319,77,51
61191,61242,61318,76,51
61191,61242,61319,77,51
61191,61268,61319,51,77
61191,61244,61320,76,53
61191,61249,61320,71,58
61191,61238,61320,82,47
61191,61248,61320,72,57
61191,61264,61322,58,73
61191,61252,61322,70,61
61191,61248,61322,74,57
61191,61245,61323,78,54
61191,61271,61323,52,80
61191,61246,61324,78,55
61191,61247,61325,78,56
61191,61281,61326,45,90
61191,61248,61327,79,57
61191,61246,61327,81,55
61191,61252,61331,79,61
61191,61283,61332,49,92
61191,61289,61336,47,98
61191,61288,61338,50,97
61191,61284,61338,54,93
61191,61291,61339,48,100
61191,61281,61340,59,90
61191,61287,61341,54,96
61191,61290,61343,53,99
61191,61300,61343,43,109
61191,61292,61343,51,101
61191,61289,61345,56,98
61191,61285,61345,60,94
61191,61302,61347,45,111
61191,61290,61347,57,99
61191,61298,61347,49,107
61191,61293,61348,55,102
61191,61293,61348,55,102
61191,61301,61349,48,110
61191,61298,61349,51,107
61191,61302,61350,48,111
61191,61296,61352,56,105
61191,61287,61354,67,96
61191,61301,61355,54,110
61191,61294,61355,61,103
61191,61297,61356,59,106
61191,61308,61356,48,117
61191,61303,61357,54,112
61191,61307,61357,50,116
61191,61306,61358,52,115
61191,61309,61359,50,118
61191,61308,61361,53,117
61191,61302,61362,60,111
61191,61308,61361,53,117
61191,61307,61361,54,116
61191,61308,61362,54,117
61191,61309,61363,54,118
61191,61305,61364,59,114
61191,61307,61367,60,116
61382,61382,61421,39,0
61382,61382,61424,42,0
61382,61382,61426,44,0
61382,61382,61427,45,0
61382,61382,61429,47,0
61382,61382,61430,48,0
61382,61382,61430,48,0
61382,61382,61430,48,0
61382,61382,61430,48,0
61382,61382,61431,49,0
61382,61382,61430,48,0
61382,61382,61432,50,0
61382,61382,61432,50,0
61382,61382,61432,50,0
61382,61382,61431,49,0
61382,61382,61432,50,0
61382,61382,61433,51,0
61382,61382,61433,51,0
61382,61382,61433,51,0
61382,61382,61434,52,0
61382,61382,61434,52,0
61382,61382,61436,54,0
61382,61382,61435,53,0
61382,61382,61436,54,0
61382,61382,61436,54,0
61382,61382,61437,55,0
61382,61382,61437,55,0
61382,61382,61437,55,0
61382,61382,61438,56,0
61382,61382,61438,56,0
61382,61382,61438,56,0
61382,61382,61440,58,0
61382,61382,61439,57,0
61382,61382,61439,57,0
61382,61382,61440,58,0
61382,61382,61441,59,0
61382,61382,61440,58,0
61382,61382,61441,59,0
61382,61382,61441,59,0
61382,61382,61442,60,0
61382,61382,61442,60,0
61382,61382,61441,59,0
61382,61382,61443,61,0
61382,61382,61443,61,0
61382,61382,61444,62,0
61382,61382,61444,62,0
61382,61382,61445,63,0
61382,61382,61444,62,0
61382,61382,61446,64,0
61382,61382,61449,67,0
61382,61382,61450,68,0
61457,61457,61499,42,0
61457,61457,61500,43,0
61457,61457,61502,45,0
61457,61457,61503,46,0
61457,61457,61503,46,0
61457,61457,61505,48,0
61457,61457,61505,48,0
61457,61457,61506,49,0
61457,61457,61506,49,0
61457,61457,61507,50,0
61457,61457,61508,51,0
61457,61457,61509,52,0
61457,61457,61509,52,0
61457,61457,61510,53,0
61457,61457,61511,54,0
61457,61457,61510,53,0
61457,61457,61511,54,0
61457,61457,61511,54,0
61457,61457,61511,54,0
61457,61457,61510,53,0
61457,61457,61512,55,0
61457,61457,61512,55,0
61457,61457,61512,55,0
61457,61457,61512,55,0
61457,61457,61512,55,0
61457,61457,61512,55,0
61457,61457,61512,55,0
61457,61457,61513,56,0
61457,61457,61513,56,0
61457,61457,61512,55,0
61457,61457,61514,57,0
61457,61457,61514,57,0
61457,61457,61513,56,0
61457,61457,61514,57,0
61457,61457,61515,58,0
61457,61457,61515,58,0
61457,61457,61515,58,0
61457,61457,61517,60,0
61457,61457,61517,60,0
61457,61457,61517,60,0
61457,61457,61518,61,0
61457,61457,61518,61,0
61457,61457,61518,61,0
61457,61457,61518,61,0
61457,61457,61519,62,0
61457,61457,61519,62,0
61457,61457,61519,62,0
61457,61457,61520,63,0
61457,61457,61520,63,0
61457,61457,61520,63,0
61457,61457,61520,63,0
61457,61457,61521,64,0
61457,61457,61522,65,0
61457,61457,61522,65,0
61457,61457,61522,65,0
61457,61457,61522,65,0
61457,61457,61522,65,0
61457,61457,61523,66,0
61457,61457,61525,68,0
61457,61457,61526,69,0
61457,61457,61527,70,0
61457,61457,61527,70,0
61457,61457,61527,70,0
61457,61457,61527,70,0
61457,61457,61528,71,0
61457,61457,61529,72,0
61457,61457,61529,72,0
61457,61457,61529,72,0
61457,61457,61530,73,0
61457,61457,61530,73,0
61457,61457,61530,73,0
61457,61457,61531,74,0
61457,61457,61531,74,0
61457,61457,61531,74,0
61457,61457,61534,77,0
61457,61457,61534,77,0
61457,61457,61535,78,0
61457,61457,61536,79,0
61457,61457,61538,81,0
61457,61457,61540,83,0
61457,61521,61546,25,64
61457,61520,61546,26,63
61457,61521,61548,27,64
61457,61521,61548,27,64
61457,61520,61550,30,63
61457,61523,61551,28,66
61457,61520,61551,31,63
61457,61523,61552,29,66
61457,61521,61552,31,64
61457,61523,61553,30,66
61457,61523,61555,32,66
61457,61524,61557,33,67
61457,61519,61557,38,62
61457,61519,61558,39,62
61457,61528,61559,31,71
61457,61526,61558,32,69
61457,61528,61561,33,71
61457,61523,61561,38,66
61457,61527,61561,34,70
61457,61503,61562,59,46
61457,61500,61563,63,43
61457,61530,61566,36,73
61457,61505,61566,61,48
61457,61527,61567,40,70
61457,61528,61568,40,71
61457,61518,61569,51,61
61457,61519,61568,49,62
61457,61501,61569,68,44
61457,61506,61571,65,49
61457,61530,61570,40,73
61457,61514,61572,58,57
61457,61503,61572,69,46
61457,61532,61572,40,75
61457,61531,61575,44,74
61457,61512,61574,62,55
61457,61531,61575,44,74
61457,61517,61576,59,60
61457,61529,61576,47,72
61457,61512,61577,65,55
61457,61502,61576,74,45
61457,61535,61577,42,78
61457,61514,61578,64,57
61457,61535,61577,42,78
61457,61530,61579,49,73
61457,61517,61579,62,60
61457,61531,61579,48,74
61457,61511,61580,69,54
61457,61510,61581,71,53
61457,61532,61581,49,75
61457,61512,61582,70,55
61457,61536,61581,45,79
61457,61509,61581,72,52
61457,61514,61581,67,57
61457,61515,61582,67,58
61457,61515,61583,68,58
61457,61512,61584,72,55
61457,61507,61584,77,50
61457,61532,61585,53,75
61457,61505,61586,81,48
61457,61512,61586,74,55
61457,61517,61585,68,60
61457,61514,61586,72,57
61457,61512,61586,74,55
61457,61511,61586,75,54
61457,61518,61587,69,61
61457,61512,61586,74,55
61457,61537,61588,51,80
61457,61508,61587,79,51
61457,61515,61587,72,58
61457,61507,61588,81,50
61457,61511,61588,77,54
61457,61513,61588,75,56
61457,61509,61589,80,52
61457,61511,61590,79,54
61457,61541,61590,49,84
61457,61513,61590,77,56
61457,61513,61590,77,56
61457,61511,61593,82,54
61457,61511,61594,83,54
61457,61539,61594,55,82
61457,61549,61597,48,92
61457,61547,61598,51,90
61457,61549,61603,54,92
61457,61552,61604,52,95
61457,61557,61608,51,100
61457,61552,61608,56,95
61457,61547,61608,61,90
61457,61553,61609,56,96
61457,61553,61610,57,96
61457,61562,61610,48,105
61457,61562,61612,50,105
61457,61566,61614,48,109
61457,61558,61615,57,101
61457,61569,61616,47,112
61457,61559,61616,57,102
61457,61563,61616,53,106
61457,61562,61617,55,105
61457,61551,61617,66,94
61457,61558,61618,60,101
61457,61568,61617,49,111
61457,61571,61619,48,114
61457,61559,61619,60,102
61457,61564,61619,55,107
61457,61556,61619,63,99
61457,61569,61619,50,112
61457,61554,61620,66,97
61457,61567,61622,55,110
61457,61572,61621,49,115
61457,61571,61624,53,114
61457,61573,61624,51,116
61457,61575,61626,51,118
61457,61570,61626,56,113
61457,61577,61628,51,120
61457,61568,61628,60,111
61457,61575,61629,54,118
61457,61576,61630,54,119
61457,61577,61631,54,120
61457,61573,61631,58,116
61457,61576,61632,56,119
61646,61647,61688,41,1
61646,61647,61692,45,1
61646,61647,61692,45,1
61646,61647,61692,45,1
61646,61647,61695,48,1
61646,61647,61695,48,1
61646,61647,61695,48,1
61646,61647,61695,48,1
61646,61647,61696,49,1
61646,61647,61697,50,1
61646,61647,61697,50,1
61646,61647,61698,51,1
61646,61647,61698,51,1
61646,61647,61698,51,1
61646,61647,61699,52,1
61646,61647,61700,53,1
61646,61647,61700,53,1
61646,61647,61700,53,1
61646,61647,61701,54,1
61646,61647,61701,54,1
61646,61647,61701,54,1
61646,61647,61701,54,1
61646,61647,61702,55,1
61646,61647,61703,56,1
61646,61647,61703,56,1
61646,61647,61704,57,1
61646,61647,61704,57,1
61646,61647,61705,58,1
61646,61647,61705,58,1
61646,61647,61706,59,1
61646,61647,61705,58,1
61646,61647,61706,59,1
61646,61647,61706,59,1
61646,61647,61707,60,1
61646,61647,61707,60,1
61646,61647,61708,61,1
61646,61647,61709,62,1
61646,61647,61709,62,1
61646,61647,61710,63,1
61646,61647,61710,63,1
61646,61647,61710,63,1
61646,61647,61711,64,1
61646,61647,61711,64,1
61646,61647,61712,65,1
61646,61647,61714,67,1
61646,61647,61714,67,1
61646,61647,61715,68,1
61646,61647,61716,69,1
61646,61647,61716,69,1
61646,61647,61717,70,1
61646,61647,61717,70,1
61724,61724,61766,42,0
61724,61724,61769,45,0
61724,61724,61769,45,0
61724,61724,61771,47,0
61724,61724,61772,48,0
61724,61724,61774,50,0
61724,61724,61773,49,0
61724,61724,61775,51,0
61724,61724,61775,51,0
61724,61724,61775,51,0
61724,61724,61775,51,0
61724,61724,61775,51,0
61724,61724,61777,53,0
61724,61724,61779,55,0
61724,61724,61779,55,0
61724,61724,61779,55,0
61724,61724,61779,55,0
61724,61724,61780,56,0
61724,61724,61780,56,0
61724,61724,61781,57,0
61724,61724,61781,57,0
61724,61724,61781,57,0
61724,61724,61782,58,0
61724,61724,61782,58,0
61724,61724,61782,58,0
61724,61724,61782,58,0
61724,61724,61783,59,0
61724,61724,61783,59,0
61724,61724,61783,59,0
61724,61724,61783,59,0
61724,61724,61783,59,0
61724,61724,61784,60,0
61724,61724,61783,59,0
61724,61724,61783,59,0
61724,61724,61784,60,0
61724,61724,61785,61,0
61724,61724,61785,61,0
61724,61724,61785,61,0
61724,61724,61786,62,0
61724,61724,61786,62,0
61724,61724,61785,61,0
61724,61724,61786,62,0
61724,61724,61785,61,0
61724,61724,61787,63,0
61724,61724,61786,62,0
61724,61724,61788,64,0
61724,61724,61787,63,0
61724,61724,61787,63,0
61724,61724,61788,64,0
61724,61724,61788,64,0
61724,61724,61789,65,0
61724,61724,61790,66,0
61724,61724,61791,67,0
61724,61724,61791,67,0
61724,61724,61792,68,0
61724,61724,61791,67,0
61724,61724,61792,68,0
61724,61724,61792,68,0
61724,61724,61793,69,0
61724,61724,61793,69,0
61724,61724,61793,69,0
61724,61724,61794,70,0
61724,61724,61793,69,0
61724,61724,61794,70,0
61724,61724,61794,70,0
61724,61724,61795,71,0
61724,61724,61794,70,0
61724,61724,61796,72,0
61724,61724,61797,73,0
61724,61724,61798,74,0
61724,61724,61798,74,0
61724,61724,61798,74,0
61724,61724,61798,74,0
61724,61724,61799,75,0
61724,61724,61799,75,0
61724,61724,61799,75,0
61724,61724,61799,75,0
61724,61724,61800,76,0
61724,61724,61802,78,0
61724,61724,61802,78,0
61724,61789,61816,27,65
61724,61788,61816,28,64
61724,61792,61816,24,68
61724,61788,61819,31,64
61724,61791,61819,28,67
61724,61791,61820,29,67
61724,61790,61820,30,66
61724,61787,61822,35,63
61724,61788,61823,35,64
61724,61788,61823,35,64
61724,61792,61824,32,68
61724,61793,61826,33,69
61724,61792,61826,34,68
61724,61789,61826,37,65
61724,61792,61827,35,68
61724,61793,61827,34,69
61724,61794,61827,33,70
61724,61794,61829,35,70
61724,61794,61830,36,70
61724,61787,61831,44,63
61724,61775,61832,57,51
61724,61794,61833,39,70
61724,61786,61833,47,62
61724,61795,61835,40,71
61724,61793,61835,42,69
61724,61769,61835,66,45
61724,61767,61835,68,43
61724,61774,61837,63,50
61724,61786,61836,50,62
61724,61797,61836,39,73
61724,61785,61837,52,61
61724,61770,61837,67,46
61724,61798,61838,40,74
61724,61796,61839,43,72
61724,61798,61840,42,74
61724,61772,61841,69,48
61724,61799,61842,43,75
61724,61799,61842,43,75
61724,61782,61844,62,58
61724,61786,61845,59,62
61724,61775,61846,71,51
61724,61786,61846,60,62
61724,61800,61847,47,76
61724,61784,61847,63,60
61724,61782,61847,65,58
61724,61798,61848,50,74
61724,61785,61847,62,61
61724,61771,61848,77,47
61724,61782,61850,68,58
61724,61777,61850,73,53
61724,61783,61850,67,59
61724,61786,61850,64,62
61724,61799,61851,52,75
61724,61795,61851,56,71
61724,61780,61850,70,56
61724,61783,61851,68,59
61724,61781,61852,71,57
61724,61781,61852,71,57
61724,61783,61853,70,59
61724,61779,61854,75,55
61724,61782,61853,71,58
61724,61784,61853,69,60
61724,61784,61855,71,60
61724,61786,61854,68,62
61724,61803,61855,52,79
61724,61776,61854,78,52
61724,61774,61855,81,50
61724,61775,61855,80,51
61724,61781,61856,75,57
61724,61779,61856,77,55
61724,61800,61857,57,76
61724,61784,61857,73,60
61724,61783,61857,74,59
61724,61780,61858,78,56
61724,61779,61860,81,55
61724,61776,61860,84,52
61724,61800,61861,61,76
61724,61779,61862,83,55
61724,61802,61862,60,78
61724,61817,61867,50,93
61724,61817,61869,52,93
61724,61817,61871,54,93
61724,61828,61872,44,104
61724,61828,61873,45,104
61724,61821,61873,52,97
61724,61824,61875,51,100
61724,61820,61875,55,96
61724,61783,61874,91,59
61724,61827,61878,51,103
61724,61828,61879,51,104
61724,61821,61878,57,97
61724,61836,61879,43,112
61724,61825,61880,55,101
61724,61830,61882,52,106
61724,61836,61882,46,112
61724,61820,61883,63,96
61724,61826,61883,57,102
61724,61831,61883,52,107
61724,61823,61884,61,99
61724,61833,61884,51,109
61724,61824,61884,60,100
61724,61827,61885,58,103
61724,61836,61885,49,112
61724,61833,61887,54,109
61724,61832,61888,56,108
61724,61834,61888,54,110
61724,61837,61891,54,113
61724,61837,61891,54,113
61724,61837,61892,55,113
61724,61836,61892,56,112
61724,61840,61894,54,116
61724,61841,61895,54,117
61724,61842,61896,54,118
61724,61838,61897,59,114
61724,61837,61897,60,113
61724,61842,61898,56,118
61724,61843,61898,55,119
61724,61845,61900,55,121
61724,61839,61901,62,115
61917,61917,61963,46,0
61917,61917,61964,47,0
61917,61917,61964,47,0
61917,61917,61965,48,0
61917,61917,61966,49,0
61917,61917,61966,49,0
61917,61917,61965,48,0
61917,61917,61967,50,0
61917,61917,61967,50,0
61917,61917,61967,50,0
61917,61917,61967,50,0
61917,61917,61967,50,0
61917,61917,61969,52,0
61917,61917,61970,53,0
61917,61917,61969,52,0
61917,61917,61969,52,0
61917,61917,61969,52,0
61917,61917,61970,53,0
61917,61917,61970,53,0
61917,61917,61971,54,0
61917,61917,61972,55,0
61917,61917,61972,55,0
61917,61917,61972,55,0
61917,61917,61973,56,0
61917,61917,61972,55,0
61917,61917,61974,57,0
61917,61917,61973,56,0
61917,61917,61973,56,0
61917,61917,61975,58,0
61917,61917,61975,58,0
61917,61917,61976,59,0
61917,61917,61976,59,0
61917,61917,61976,59,0
61917,61917,61976,59,0
61917,61917,61976,59,0
61917,61917,61976,59,0
61917,61917,61977,60,0
61917,61917,61977,60,0
61917,61917,61978,61,0
61917,61917,61978,61,0
61917,61917,61978,61,0
61917,61917,61979,62,0
61917,61917,61978,61,0
61917,61917,61979,62,0
61917,61917,61978,61,0
61917,61917,61980,63,0
61917,61917,61980,63,0
61917,61917,61980,63,0
61917,61917,61982,65,0
61917,61917,61981,64,0
61917,61917,61985,68,0
61991,61991,62034,43,0
61991,61991,62034,43,0
61991,61991,62039,48,0
61991,61991,62041,50,0
61991,61991,62043,52,0
61991,61991,62043,52,0
61991,61991,62043,52,0
61991,61991,62043,52,0
61991,61991,62045,54,0
61991,61991,62045,54,0
61991,61991,62045,54,0
61991,61991,62045,54,0
61991,61991,62045,54,0
61991,61991,62045,54,0
61991,61991,62046,55,0
61991,61991,62046,55,0
61991,61991,62046,55,0
61991,61991,62048,57,0
61991,61991,62048,57,0
61991,61991,62048,57,0
61991,61991,62048,57,0
61991,61991,62048,57,0
61991,61991,62048,57,0
61991,61991,62050,59,0
61991,61991,62049,58,0
61991,61991,62050,59,0
61991,61991,62051,60,0
61991,61991,62051,60,0
61991,61991,62051,60,0
61991,61991,62052,61,0
61991,61991,62051,60,0
61991,61991,62053,62,0
61991,61991,62054,63,0
61991,61991,62053,62,0
61991,61991,62054,63,0
61991,61991,62053,62,0
61991,61991,62054,63,0
61991,61991,62055,64,0
61991,61991,62055,64,0
61991,61991,62055,64,0
61991,61991,62055,64,0
61991,61991,62056,65,0
61991,61991,62056,65,0
61991,61991,62057,66,0
61991,61991,62057,66,0
61991,61991,62056,65,0
61991,61991,62056,65,0
61991,61991,62057,66,0
61991,61991,62058,67,0
61991,61991,62057,66,0
61991,61991,62058,67,0
61991,61991,62057,66,0
61991,61991,62058,67,0
61991,61991,62058,67,0
61991,61991,62059,68,0
61991,61991,62059,68,0
61991,61991,62059,68,0
61991,61991,62060,69,0
61991,61991,62060,69,0
61991,61991,62060,69,0
61991,61991,62061,70,0
61991,61991,62061,70,0
61991,61991,62061,70,0
61991,61991,62062,71,0
61991,61991,62061,70,0
61991,61991,62063,72,0
61991,61991,62064,73,0
61991,61991,62065,74,0
61991,61991,62065,74,0
61991,61991,62064,73,0
61991,61991,62065,74,0
61991,61991,62067,76,0
61991,61991,62066,75,0
61991,61991,62067,76,0
61991,61991,62068,77,0
61991,61991,62068,77,0
61991,61991,62069,78,0
61991,61991,62069,78,0
61991,61991,62069,78,0
61991,61991,62069,78,0
61991,62058,62083,25,67
61991,62058,62086,28,67
61991,62058,62087,29,67
61991,62058,62087,29,67
61991,62058,62088,30,67
61991,62059,62090,31,68
61991,62060,62090,30,69
61991,62059,62091,32,68
61991,62058,62092,34,67
61991,62059,62092,33,68
61991,62057,62092,35,66
61991,62056,62093,37,65
61991,62057,62093,36,66
61991,62057,62093,36,66
61991,62062,62094,32,71
61991,62060,62094,34,69
61991,62060,62094,34,69
61991,62057,62096,39,66
61991,62061,62096,35,70
61991,62063,62098,35,72
61991,62062,62099,37,71
61991,62061,62101,40,70
61991,62061,62102,41,70
61991,62065,62104,39,74
61991,62035,62105,70,44
61991,62061,62105,44,70
61991,62056,62106,50,65
61991,62056,62106,50,65
61991,62065,62107,42,74
61991,62045,62108,63,54
61991,62035,62108,73,44
61991,62040,62110,70,49
61991,62067,62110,43,76
61991,62065,62111,46,74
61991,62046,62112,66,55
61991,62044,62112,68,53
61991,62065,62114,49,74
61991,62068,62114,46,77
61991,62043,62115,72,52
61991,62055,62115,60,64
61991,62065,62115,50,74
61991,62042,62115,73,51
61991,62049,62116,67,58
61991,62067,62116,49,76
61991,62044,62118,74,53
61991,62048,62118,70,57
61991,62055,62118,63,64
61991,62049,62119,70,58
61991,62050,62119,69,59
61991,62054,62120,66,63
61991,62055,62120,65,64
61991,62045,62120,75,54
61991,62070,62120,50,79
61991,62047,62120,73,56
61991,62068,62120,52,77
61991,62048,62121,73,57
61991,62044,62121,77,53
61991,62049,62121,72,58
61991,62047,62121,74,56
61991,62046,62124,78,55
61991,62053,62123,70,62
61991,62069,62123,54,78
61991,62050,62123,73,59
61991,62045,62124,79,54
61991,62054,62124,70,63
61991,62069,62124,55,78
61991,62046,62124,78,55
61991,62054,62125,71,63
61991,62050,62125,75,59
61991,62069,62126,57,78
61991,62051,62126,75,60
61991,62051,62126,75,60
61991,62049,62127,78,58
61991,62054,62128,74,63
61991,62052,62127,75,61
61991,62052,62127,75,61
61991,62051,62129,78,60
61991,62046,62130,84,55
61991,62054,62130,76,63
61991,62070,62131,61,79
61991,62084,62133,49,93
61991,62086,62134,48,95
61991,62087,62136,49,96
61991,62089,62143,54,98
61991,62091,62143,52,100
61991,62092,62144,52,101
61991,62093,62145,52,102
61991,62090,62146,56,99
61991,62094,62148,54,103
61991,62088,62150,62,97
61991,62094,62150,56,103
61991,62097,62151,54,106
61991,62100,62151,51,109
61991,62092,62155,63,101
61991,62097,62155,58,106
61991,62093,62157,64,102
61991,62106,62156,50,115
61991,62094,62157,63,103
61991,62106,62157,51,115
61991,62107,62158,51,116
61991,62094,62159,65,103
61991,62092,62161,69,101
61991,62091,62162,71,100
61991,62101,62161,60,110
61991,62108,62162,54,117
61991,62098,62164,66,107
61991,62102,62166,64,111
61991,62108,62167,59,117
61991,62105,62169,64,114
61991,62115,62170,55,124
61991,62115,62170,55,124
61991,62109,62171,62,118
61991,62112,62171,59,121
61991,62110,62172,62,119
61991,62113,62174,61,122
61991,62112,62174,62,121
61991,62111,62176,65,120
61991,62109,62178,69,118
61991,62116,62179,63,125
62194,62194,62239,45,0
62194,62194,62240,46,0
62194,62194,62242,48,0
62194,62194,62242,48,0
62194,62194,62243,49,0
62194,62194,62245,51,0
62194,62194,62245,51,0
62194,62194,62245,51,0
62194,62194,62246,52,0
62194,62194,62246,52,0
62194,62194,62247,53,0
62194,62194,62249,55,0
62194,62194,62250,56,0
62194,62194,62250,56,0
62194,62194,62251,57,0
62194,62194,62251,57,0
62194,62194,62251,57,0
62194,62194,62251,57,0
62194,62194,62251,57,0
62194,62194,62252,58,0
62194,62194,62251,57,0
62194,62194,62251,57,0
62194,62194,62252,58,0
62194,62194,62252,58,0
62194,62194,62252,58,0
62194,62194,62253,59,0
62194,62194,62253,59,0
62194,62194,62253,59,0
62194,62194,62254,60,0
62194,62194,62254,60,0
62194,62194,62255,61,0
62194,62194,62255,61,0
62194,62194,62256,62,0
62194,62194,62256,62,0
62194,62194,62256,62,0
62194,62194,62257,63,0
62194,62194,62257,63,0
62194,62194,62258,64,0
62194,62194,62258,64,0
62194,62194,62258,64,0
62194,62194,62260,66,0
62194,62194,62259,65,0
62194,62194,62259,65,0
62194,62194,62260,66,0
62194,62194,62262,68,0
62194,62194,62263,69,0
62194,62194,62263,69,0
62194,62194,62264,70,0
62194,62194,62264,70,0
62194,62194,62266,72,0
62194,62194,62272,78,0
62279,62279,62329,50,0
62279,62279,62329,50,0
62279,62279,62329,50,0
62279,62279,62329,50,0
62279,62279,62329,50,0
62279,62279,62331,52,0
62279,62279,62333,54,0
62279,62279,62333,54,0
62279,62279,62332,53,0
62279,62279,62333,54,0
62279,62279,62333,54,0
62279,62279,62333,54,0
62279,62279,62334,55,0
62279,62279,62335,56,0
62279,62279,62334,55,0
62279,62279,62337,58,0
62279,62279,62336,57,0
62279,62279,62336,57,0
62279,62279,62337,58,0
62279,62279,62337,58,0
62279,62279,62338,59,0
62279,62279,62338,59,0
62279,62279,62339,60,0
62279,62279,62338,59,0
62279,62279,62339,60,0
62279,62279,62339,60,0
62279,62279,62340,61,0
62279,62279,62340,61,0
62279,62279,62341,62,0
62279,62279,62340,61,0
62279,62279,62340,61,0
62279,62279,62342,63,0
62279,62279,62342,63,0
62279,62279,62343,64,0
62279,62279,62342,63,0
62279,62279,62343,64,0
62279,62279,62343,64,0
62279,62279,62343,64,0
62279,62279,62343,64,0
62279,62279,62344,65,0
62279,62279,62345,66,0
62279,62279,62345,66,0
62279,62279,62345,66,0
62279,62279,62345,66,0
62279,62279,62346,67,0
62279,62279,62345,66,0
62279,62279,62346,67,0
62279,62279,62345,66,0
62279,62279,62345,66,0
62279,62279,62347,68,0
62279,62279,62347,68,0
62279,62279,62347,68,0
62279,62279,62347,68,0
62279,62279,62348,69,0
62279,62279,62348,69,0
62279,62279,62348,69,0
62279,62279,62348,69,0
62279,62279,62348,69,0
62279,62279,62350,71,0
62279,62279,62349,70,0
62279,62279,62349,70,0
62279,62279,62351,72,0
62279,62279,62351,72,0
62279,62279,62351,72,0
62279,62279,62351,72,0
62279,62279,62352,73,0
62279,62279,62352,73,0
62279,62279,62352,73,0
62279,62279,62353,74,0
62279,62279,62353,74,0
62279,62279,62353,74,0
62279,62279,62353,74,0
62279,62279,62353,74,0
62279,62279,62353,74,0
62279,62279,62354,75,0
62279,62279,62354,75,0
62279,62279,62356,77,0
62279,62279,62358,79,0
62279,62279,62359,80,0
62279,62279,62360,81,0
62279,62347,62375,28,68
62279,62346,62375,29,67
62279,62348,62376,28,69
62279,62348,62378,30,69
62279,62346,62378,32,67
62279,62346,62378,32,67
62279,62347,62378,31,68
62279,62347,62378,31,68
62279,62347,62379,32,68
62279,62349,62379,30,70
62279,62351,62383,32,72
62279,62348,62383,35,69
62279,62346,62384,38,67
62279,62350,62386,36,71
62279,62348,62386,38,69
62279,62345,62387,42,66
62279,62351,62388,37,72
62279,62353,62388,35,74
62279,62346,62388,42,67
62279,62352,62389,37,73
62279,62345,62390,45,66
62279,62354,62391,37,75
62279,62353,62392,39,74
62279,62353,62393,40,74
62279,62334,62394,60,55
62279,62353,62394,41,74
62279,62351,62395,44,72
62279,62350,62395,45,71
62279,62333,62396,63,54
62279,62354,62396,42,75
62279,62351,62397,46,72
62279,62350,62398,48,71
62279,62353,62399,46,74
62279,62352,62398,46,73
62279,62345,62398,53,66
62279,62329,62401,72,50
62279,62330,62401,71,51
62279,62345,62401,56,66
62279,62330,62401,71,51
62279,62343,62402,59,64
62279,62333,62402,69,54
62279,62332,62403,71,53
62279,62352,62404,52,73
62279,62353,62404,51,74
62279,62334,62405,71,55
62279,62358,62406,48,79
62279,62337,62405,68,58
62279,62356,62406,50,77
62279,62337,62406,69,58
62279,62333,62407,74,54
62279,62333,62408,75,54
62279,62338,62407,69,59
62279,62329,62408,79,50
62279,62337,62408,71,58
62279,62329,62408,79,50
62279,62341,62409,68,62
62279,62335,62409,74,56
62279,62343,62411,68,64
62279,62342,62412,70,63
62279,62344,62413,69,65
62279,62335,62413,78,56
62279,62339,62414,75,60
62279,62334,62414,80,55
62279,62339,62414,75,60
62279,62338,62416,78,59
62279,62375,62418,43,96
62279,62359,62418,59,80
62279,62344,62419,75,65
62279,62339,62419,80,60
62279,62338,62419,81,59
62279,62338,62418,80,59
62279,62341,62418,77,62
62279,62343,62418,75,64
62279,62340,62418,78,61
62279,62340,62419,79,61
62279,62344,62419,75,65
62279,62340,62421,81,61
62279,62342,62422,80,63
62279,62361,62421,60,82
62279,62344,62424,80,65
62279,62341,62424,83,62
62279,62379,62427,48,100
62279,62379,62430,51,100
62279,62385,62430,45,106
62279,62376,62431,55,97
62279,62379,62433,54,100
62279,62388,62434,46,109
62279,62377,62435,58,98
62279,62378,62434,56,99
62279,62384,62436,52,105
62279,62380,62436,56,101
62279,62389,62437,48,110
62279,62384,62437,53,105
62279,62379,62439,60,100
62279,62392,62439,47,113
62279,62395,62442,47,116
62279,62380,62445,65,101
62279,62395,62446,51,116
62279,62387,62450,63,108
62279,62387,62450,63,108
62279,62391,62450,59,112
62279,62396,62450,54,117
62279,62396,62452,56,117
62279,62389,62452,63,110
62279,62390,62453,63,111
62279,62399,62456,57,120
62279,62389,62456,67,110
62279,62394,62459,65,115
62279,62399,62460,61,120
62279,62402,62459,57,123
62279,62396,62459,63,117
62279,62399,62461,62,120
62279,62397,62462,65,118
62279,62402,62463,61,123
62279,62393,62465,72,114
62279,62398,62470,72,119
62279,62402,62473,71,123
62279,62402,62475,73,123
62279,62399,62485,86,120
62498,62499,62542,43,1
62498,62499,62544,45,1
62498,62499,62545,46,1
62498,62499,62546,47,1
62498,62499,62548,49,1
62498,62499,62550,51,1
62498,62499,62549,50,1
62498,62499,62550,51,1
62498,62499,62550,51,1
62498,62499,62552,53,1
62498,62499,62552,53,1
62498,62499,62551,52,1
62498,62499,62551,52,1
62498,62499,62553,54,1
62498,62499,62552,53,1
62498,62499,62553,54,1
62498,62499,62553,54,1
62498,62499,62554,55,1
62498,62499,62554,55,1
62498,62499,62555,56,1
62498,62499,62555,56,1
62498,62499,62556,57,1
62498,62499,62556,57,1
62498,62499,62556,57,1
62498,62499,62557,58,1
62498,62499,62556,57,1
62498,62499,62557,58,1
62498,62499,62557,58,1
62498,62499,62557,58,1
62498,62499,62557,58,1
62498,62499,62557,58,1
62498,62499,62557,58,1
62498,62499,62558,59,1
62498,62499,62559,60,1
62498,62499,62559,60,1
62498,62499,62560,61,1
62498,62499,62562,63,1
62498,62499,62562,63,1
62498,62499,62562,63,1
62498,62499,62563,64,1
62498,62499,62563,64,1
62498,62499,62564,65,1
62498,62499,62564,65,1
62498,62499,62566,67,1
62498,62499,62566,67,1
62498,62499,62567,68,1
62498,62499,62567,68,1
62498,62499,62570,71,1
62498,62499,62571,72,1
62498,62499,62571,72,1
62498,62499,62572,73,1
62580,62580,62632,52,0
62580,62580,62632,52,0
62580,62580,62634,54,0
62580,62580,62635,55,0
62580,62580,62636,56,0
62580,62580,62637,57,0
62580,62580,62638,58,0
62580,62580,62638,58,0
62580,62580,62639,59,0
62580,62580,62639,59,0
62580,62580,62639,59,0
62580,62580,62641,61,0
62580,62580,62641,61,0
62580,62580,62640,60,0
62580,62580,62642,62,0
62580,62580,62641,61,0
62580,62580,62643,63,0
62580,62580,62642,62,0
62580,62580,62643,63,0
62580,62580,62644,64,0
62580,62580,62645,65,0
62580,62580,62645,65,0
62580,62580,62644,64,0
62580,62580,62645,65,0
62580,62580,62645,65,0
62580,62580,62645,65,0
62580,62580,62644,64,0
62580,62580,62645,65,0
62580,62580,62645,65,0
62580,62580,62646,66,0
62580,62580,62646,66,0
62580,62580,62646,66,0
62580,62580,62646,66,0
62580,62580,62647,67,0
62580,62580,62647,67,0
62580,62580,62647,67,0
62580,62580,62648,68,0
62580,62580,62648,68,0
62580,62580,62648,68,0
62580,62580,62649,69,0
62580,62580,62649,69,0
62580,62580,62650,70,0
62580,62580,62650,70,0
62580,62580,62650,70,0
62580,62580,62650,70,0
62580,62580,62650,70,0
62580,62580,62651,71,0
62580,62580,62651,71,0
62580,62580,62651,71,0
62580,62580,62651,71,0
62580,62580,62650,70,0
62580,62580,62651,71,0
62580,62580,62651,71,0
62580,62580,62651,71,0
62580,62580,62651,71,0
62580,62580,62651,71,0
62580,62580,62651,71,0
62580,62580,62651,71,0
62580,62580,62652,72,0
62580,62580,62652,72,0
62580,62580,62652,72,0
62580,62580,62654,74,0
62580,62580,62654,74,0
62580,62580,62655,75,0
62580,62580,62655,75,0
62580,62580,62655,75,0
62580,62580,62656,76,0
62580,62580,62655,75,0
62580,62580,62656,76,0
62580,62580,62656,76,0
62580,62580,62657,77,0
62580,62580,62658,78,0
62580,62580,62658,78,0
62580,62580,62658,78,0
62580,62580,62660,80,0
62580,62580,62660,80,0
62580,62580,62660,80,0
62580,62580,62661,81,0
62580,62580,62662,82,0
62580,62580,62665,85,0
62580,62651,62676,25,71
62580,62651,62677,26,71
62580,62652,62678,26,72
62580,62652,62679,27,72
62580,62652,62680,28,72
62580,62650,62681,31,70
62580,62652,62681,29,72
62580,62651,62681,30,71
62580,62652,62682,30,72
62580,62652,62682,30,72
62580,62652,62682,30,72
62580,62653,62685,32,73
62580,62650,62685,35,70
62580,62652,62685,33,72
62580,62657,62686,29,77
62580,62652,62687,35,72
62580,62651,62690,39,71
62580,62654,62691,37,74
62580,62654,62691,37,74
62580,62651,62692,41,71
62580,62658,62693,35,78
62580,62656,62695,39,76
62580,62656,62695,39,76
62580,62659,62696,37,79
62580,62661,62696,35,81
62580,62659,62696,37,79
62580,62650,62696,46,70
62580,62656,62696,40,76
62580,62650,62696,46,70
62580,62632,62699,67,52
62580,62659,62699,40,79
62580,62661,62699,38,81
62580,62657,62700,43,77
62580,62657,62701,44,77
62580,62650,62700,50,70
62580,62632,62702,70,52
62580,62662,62704,42,82
62580,62634,62704,70,54
62580,62649,62703,54,69
62580,62666,62706,40,86
62580,62661,62706,45,81
62580,62657,62707,50,77
62580,62638,62707,69,58
62580,62645,62707,62,65
62580,62646,62709,63,66
62580,62663,62708,45,83
62580,62635,62709,74,55
62580,62645,62710,65,65
62580,62637,62711,74,57
62580,62640,62710,70,60
62580,62643,62710,67,63
62580,62638,62711,73,58
62580,62641,62711,70,61
62580,62643,62712,69,63
62580,62646,62713,67,66
62580,62649,62713,64,69
62580,62642,62715,73,62
62580,62639,62717,78,59
62580,62637,62717,80,57
62580,62642,62717,75,62
62580,62647,62716,69,67
62580,62641,62717,76,61
62580,62648,62718,70,68
62580,62645,62720,75,65
62580,62646,62720,74,66
62580,62645,62720,75,65
62580,62645,62721,76,65
62580,62641,62722,81,61
62580,62645,62722,77,65
62580,62680,62722,42,100
62580,62646,62723,77,66
62580,62648,62723,75,68
62580,62682,62724,42,102
62580,62646,62724,78,66
62580,62644,62723,79,64
62580,62643,62723,80,63
62580,62649,62727,78,69
62580,62639,62728,89,59
62580,62678,62728,50,98
62580,62646,62729,83,66
62580,62681,62728,47,101
62580,62647,62729,82,67
62580,62648,62731,83,68
62580,62679,62731,52,99
62580,62645,62730,85,65
62580,62683,62732,49,103
62580,62682,62734,52,102
62580,62682,62734,52,102
62580,62686,62736,50,106
62580,62686,62737,51,106
62580,62692,62739,47,112
62580,62677,62739,62,97
62580,62688,62741,53,108
62580,62686,62740,54,106
62580,62683,62743,60,103
62580,62687,62744,57,107
62580,62683,62747,64,103
62580,62691,62748,57,111
62580,62696,62749,53,116
62580,62697,62750,53,117
62580,62697,62751,54,117
62580,62691,62751,60,111
62580,62694,62753,59,114
62580,62699,62754,55,119
62580,62692,62755,63,112
62580,62701,62756,55,121
62580,62699,62758,59,119
62580,62696,62758,62,116
62580,62697,62758,61,117
62580,62697,62761,64,117
62580,62701,62762,61,121
62580,62704,62763,59,124
62580,62697,62763,66,117
62580,62704,62764,60,124
62580,62704,62763,59,124
62580,62701,62766,65,121
62580,62697,62768,71,117
62580,62702,62769,67,122
62580,62700,62771,71,120
62786,62786,62829,43,0
62786,62786,62832,46,0
62786,62786,62832,46,0
62786,62786,62832,46,0
62786,62786,62833,47,0
62786,62786,62832,46,0
62786,62786,62833,47,0
62786,62786,62833,47,0
62786,62786,62833,47,0
62786,62786,62834,48,0
62786,62786,62835,49,0
62786,62786,62835,49,0
62786,62786,62836,50,0
62786,62786,62836,50,0
62786,62786,62836,50,0
62786,62786,62836,50,0
62786,62786,62837,51,0
62786,62786,62837,51,0
62786,62786,62838,52,0
62786,62786,62839,53,0
62786,62786,62839,53,0
62786,62786,62839,53,0
62786,62786,62840,54,0
62786,62786,62839,53,0
62786,62786,62841,55,0
62786,62786,62841,55,0
62786,62786,62842,56,0
62786,62786,62841,55,0
62786,62786,62844,58,0
62786,62786,62844,58,0
62786,62786,62845,59,0
62786,62786,62846,60,0
62786,62786,62848,62,0
62786,62786,62848,62,0
62786,62786,62848,62,0
62786,62786,62848,62,0
62786,62786,62849,63,0
62786,62786,62850,64,0
62786,62786,62851,65,0
62786,62786,62852,66,0
62786,62786,62854,68,0
62786,62786,62855,69,0
62786,62786,62855,69,0
62786,62786,62856,70,0
62786,62786,62855,69,0
62786,62786,62856,70,0
62786,62786,62857,71,0
62786,62786,62859,73,0
62786,62786,62860,74,0
62786,62786,62863,77,0
62786,62786,62866,80,0
62872,62872,62920,48,0
62872,62873,62927,54,1
62872,62872,62929,57,0
62872,62873,62929,56,1
62872,62872,62929,57,0
62872,62872,62930,58,0
62872,62872,62931,59,0
62872,62872,62930,58,0
62872,62873,62930,57,1
62872,62872,62931,59,0
62872,62872,62932,60,0
62872,62872,62931,59,0
62872,62872,62932,60,0
62872,62872,62933,61,0
62872,62872,62933,61,0
62872,62872,62933,61,0
62872,62873,62933,60,1
62872,62872,62935,63,0
62872,62873,62935,62,1
62872,62872,62936,64,0
62872,62872,62936,64,0
62872,62872,62936,64,0
62872,62872,62937,65,0
62872,62872,62937,65,0
62872,62872,62938,66,0
62872,62873,62938,65,1
62872,62872,62938,66,0
62872,62872,62938,66,0
62872,62872,62939,67,0
62872,62872,62939,67,0
62872,62873,62940,67,1
62872,62873,62939,66,1
62872,62872,62940,68,0
62872,62872,62940,68,0
62872,62872,62940,68,0
62872,62872,62941,69,0
62872,62873,62941,68,1
62872,62872,62942,70,0
62872,62873,62942,69,1
62872,62873,62943,70,1
62872,62872,62942,70,0
62872,62873,62942,69,1
62872,62872,62942,70,0
62872,62872,62944,72,0
62872,62873,62944,71,1
62872,62872,62945,73,0
62872,62872,62945,73,0
62872,62872,62946,74,0
62872,62873,62945,72,1
62872,62872,62945,73,0
62872,62872,62945,73,0
62872,62872,62946,74,0
62872,62872,62947,75,0
62872,62873,62946,73,1
62872,62872,62947,75,0
62872,62872,62946,74,0
62872,62872,62946,74,0
62872,62873,62948,75,1
62872,62872,62948,76,0
62872,62872,62947,75,0
62872,62873,62948,75,1
62872,62872,62949,77,0
62872,62872,62949,77,0
62872,62872,62950,78,0
62872,62873,62950,77,1
62872,62872,62950,78,0
62872,62872,62951,79,0
62872,62873,62950,77,1
62872,62873,62952,79,1
62872,62873,62951,78,1
62872,62872,62951,79,0
62872,62873,62952,79,1
62872,62872,62951,79,0
62872,62872,62952,80,0
62872,62873,62953,80,1
62872,62872,62952,80,0
62872,62872,62954,82,0
62872,62872,62955,83,0
62872,62873,62955,82,1
62872,62873,62954,81,1
62872,62946,62970,24,74
62872,62946,62973,27,74
62872,62946,62973,27,74
62872,62946,62973,27,74
62872,62947,62975,28,75
62872,62946,62974,28,74
62872,62945,62975,30,73
62872,62947,62976,29,75
62872,62946,62977,31,74
62872,62948,62977,29,76
62872,62946,62980,34,74
62872,62948,62980,32,76
62872,62948,62982,34,76
62872,62947,62982,35,75
62872,62921,62983,62,49
62872,62950,62983,33,78
62872,62947,62984,37,75
62872,62947,62984,37,75
62872,62952,62984,32,80
62872,62949,62984,35,77
62872,62949,62985,36,77
62872,62950,62987,37,78
62872,62949,62987,38,77
62872,62955,62988,33,83
62872,62950,62989,39,78
62872,62945,62990,45,73
62872,62951,62989,38,79
62872,62952,62991,39,80
62872,62955,62991,36,83
62872,62952,62991,39,80
62872,62953,62991,38,81
62872,62951,62992,41,79
62872,62931,62992,61,59
62872,62955,62993,38,83
62872,62953,62994,41,81
62872,62952,62993,41,80
62872,62952,62994,42,80
62872,62932,62995,63,60
62872,62943,62996,53,71
62872,62932,62998,66,60
62872,62934,62998,64,62
62872,62952,62999,47,80
62872,62937,62999,62,65
62872,62935,63000,65,63
62872,62955,63000,45,83
62872,62937,63002,65,65
62872,62931,63002,71,59
62872,62930,63001,71,58
62872,62940,63002,62,68
62872,62932,63003,71,60
62872,62943,63003,60,71
62872,62930,63003,73,58
62872,62928,63003,75,56
62872,62930,63004,74,58
62872,62931,63004,73,59
62872,62938,63005,67,66
62872,62937,63006,69,65
62872,62934,63006,72,62
62872,62939,63006,67,67
62872,62943,63006,63,71
62872,62941,63007,66,69
62872,62934,63006,72,62
62872,62931,63007,76,59
62872,62932,63008,76,60
62872,62943,63009,66,71
62872,62940,63009,69,68
62872,62940,63010,70,68
62872,62933,63011,78,61
62872,62938,63011,73,66
62872,62939,63010,71,67
62872,62943,63011,68,71
62872,62941,63012,71,69
62872,62939,63012,73,67
62872,62936,63012,76,64
62872,62939,63012,73,67
62872,62970,63013,43,98
62872,62941,63015,74,69
62872,62940,63016,76,68
62872,62973,63017,44,101
62872,62975,63017,42,103
62872,62974,63019,45,102
62872,62942,63020,78,70
62872,62975,63020,45,103
62872,62943,63020,77,71
62872,62942,63022,80,70
62872,62978,63023,45,106
62872,62973,63023,50,101
62872,62976,63025,49,104
62872,62981,63025,44,109
62872,62977,63028,51,105
62872,62984,63033,49,112
62872,62976,63035,59,104
62872,62983,63036,53,111
62872,62982,63037,55,110
62872,62988,63038,50,116
62872,62984,63038,54,112
62872,62983,63039,56,111
62872,62980,63039,59,108
62872,62982,63043,61,110
62872,62990,63043,53,118
62872,62991,63044,53,119
62872,62984,63044,60,112
62872,62997,63044,47,125
62872,62988,63045,57,116
62872,62987,63046,59,115
62872,62991,63048,57,119
62872,62990,63050,60,118
62872,62995,63050,55,123
62872,62985,63051,66,113
62872,62992,63051,59,120
62872,62992,63054,62,120
62872,62991,63054,63,119
62872,62985,63057,72,113
62872,62994,63058,64,122
62872,62989,63059,70,117
62872,62994,63060,66,122
62872,62994,63060,66,122
62872,62993,63071,78,121
62872,62991,63072,81,119
63110,63110,63151,41,0
63110,63110,63151,41,0
63110,63110,63153,43,0
63110,63110,63154,44,0
63110,63110,63156,46,0
63110,63110,63155,45,0
63110,63110,63157,47,0
63110,63110,63158,48,0
63110,63110,63158,48,0
63110,63110,63159,49,0
63110,63110,63158,48,0
63110,63110,63158,48,0
63110,63110,63162,52,0
63110,63110,63161,51,0
63110,63110,63162,52,0
63110,63110,63162,52,0
63110,63110,63163,53,0
63110,63110,63164,54,0
63110,63110,63164,54,0
63110,63110,63163,53,0
63110,63110,63164,54,0
63110,63110,63164,54,0
63110,63110,63165,55,0
63110,63110,63165,55,0
63110,63110,63166,56,0
63110,63110,63166,56,0
63110,63110,63166,56,0
63110,63110,63167,57,0
63110,63110,63166,56,0
63110,63110,63166,56,0
63110,63110,63167,57,0
63110,63110,63167,57,0
63110,63110,63168,58,0
63110,63110,63168,58,0
63110,63110,63169,59,0
63110,63110,63169,59,0
63110,63110,63169,59,0
63110,63110,63169,59,0
63110,63110,63170,60,0
63110,63110,63170,60,0
63110,63110,63171,61,0
63110,63110,63172,62,0
63110,63110,63173,63,0
63110,63110,63173,63,0
63110,63110,63175,65,0
63110,63110,63177,67,0
63110,63110,63177,67,0
63110,63110,63177,67,0
63110,63110,63179,69,0
63110,63110,63180,70,0
63110,63110,63184,74,0
63191,63191,63243,52,0
63191,63191,63244,53,0
63191,63191,63245,54,0
63191,63191,63245,54,0
63191,63191,63246,55,0
63191,63191,63246,55,0
63191,63191,63249,58,0
63191,63191,63251,60,0
63191,63191,63251,60,0
63191,63191,63251,60,0
63191,63191,63252,61,0
63191,63191,63252,61,0
63191,63191,63252,61,0
63191,63191,63252,61,0
63191,63191,63253,62,0
63191,63191,63254,63,0
63191,63191,63253,62,0
63191,63191,63253,62,0
63191,63191,63254,63,0
63191,63191,63254,63,0
63191,63191,63255,64,0
63191,63191,63255,64,0
63191,63191,63255,64,0
63191,63191,63255,64,0
63191,63191,63255,64,0
63191,63191,63256,65,0
63191,63191,63257,66,0
63191,63191,63257,66,0
63191,63191,63258,67,0
63191,63191,63258,67,0
63191,63191,63258,67,0
63191,63191,63259,68,0
63191,63191,63259,68,0
63191,63191,63259,68,0
63191,63191,63259,68,0
63191,63191,63260,69,0
63191,63191,63260,69,0
63191,63191,63261,70,0
63191,63191,63260,69,0
63191,63191,63261,70,0
63191,63191,63261,70,0
63191,63191,63262,71,0
63191,63191,63261,70,0
63191,63191,63262,71,0
63191,63191,63262,71,0
63191,63191,63263,72,0
63191,63191,63263,72,0
63191,63191,63263,72,0
63191,63191,63264,73,0
63191,63191,63265,74,0
63191,63191,63265,74,0
63191,63191,63264,73,0
63191,63191,63265,74,0
63191,63191,63265,74,0
63191,63191,63265,74,0
63191,63191,63265,74,0
63191,63191,63265,74,0
63191,63191,63265,74,0
63191,63191,63266,75,0
63191,63191,63267,76,0
63191,63191,63267,76,0
63191,63191,63266,75,0
63191,63191,63266,75,0
63191,63191,63268,77,0
63191,63191,63267,76,0
63191,63191,63269,78,0
63191,63191,63268,77,0
63191,63191,63268,77,0
63191,63191,63270,79,0
63191,63191,63269,78,0
63191,63191,63269,78,0
63191,63191,63271,80,0
63191,63191,63270,79,0
63191,63191,63270,79,0
63191,63191,63272,81,0
63191,63191,63272,81,0
63191,63191,63274,83,0
63191,63191,63275,84,0
63191,63191,63275,84,0
63191,63191,63283,92,0
63191,63264,63291,27,73
63191,63264,63291,27,73
63191,63265,63290,25,74
63191,63264,63292,28,73
63191,63266,63292,26,75
63191,63263,63294,31,72
63191,63265,63295,30,74
63191,63265,63296,31,74
63191,63266,63297,31,75
63191,63272,63297,25,81
63191,63266,63298,32,75
63191,63267,63299,32,76
63191,63266,63301,35,75
63191,63265,63302,37,74
63191,63267,63301,34,76
63191,63266,63302,36,75
63191,63267,63303,36,76
63191,63270,63303,33,79
63191,63270,63304,34,79
63191,63263,63304,41,72
63191,63268,63305,37,77
63191,63266,63305,39,75
63191,63273,63306,33,82
63191,63271,63307,36,80
63191,63245,63306,61,54
63191,63269,63307,38,78
63191,63269,63309,40,78
63191,63271,63309,38,80
63191,63270,63309,39,79
63191,63268,63308,40,77
63191,63267,63310,43,76
63191,63267,63311,44,76
63191,63269,63311,42,78
63191,63274,63310,36,83
63191,63271,63313,42,80
63191,63247,63314,67,56
63191,63262,63315,53,71
63191,63246,63315,69,55
63191,63254,63316,62,63
63191,63253,63315,62,62
63191,63262,63315,53,71
63191,63244,63317,73,53
63191,63276,63317,41,85
63191,63262,63316,54,71
63191,63253,63318,65,62
63191,63276,63317,41,85
63191,63254,63318,64,63
63191,63255,63319,64,64
63191,63247,63321,74,56
63191,63254,63322,68,63
63191,63246,63323,77,55
63191,63253,63322,69,62
63191,63261,63322,61,70
63191,63256,63323,67,65
63191,63256,63324,68,65
63191,63261,63325,64,70
63191,63260,63325,65,69
63191,63258,63325,67,67
63191,63257,63325,68,66
63191,63256,63326,70,65
63191,63291,63326,35,100
63191,63250,63327,77,59
63191,63252,63326,74,61
63191,63260,63326,66,69
63191,63254,63328,74,63
63191,63258,63329,71,67
63191,63284,63329,45,93
63191,63259,63329,70,68
63191,63251,63329,78,60
63191,63253,63330,77,62
63191,63255,63331,76,64
63191,63256,63331,75,65
63191,63252,63332,80,61
63191,63258,63332,74,67
63191,63261,63333,72,70
63191,63262,63335,73,71
63191,63291,63335,44,100
63191,63293,63335,42,102
63191,63261,63336,75,70
63191,63293,63336,43,102
63191,63259,63336,77,68
63191,63260,63337,77,69
63191,63259,63339,80,68
63191,63291,63338,47,100
63191,63297,63340,43,106
63191,63256,63345,89,65
63191,63295,63344,49,104
63191,63295,63346,51,104
63191,63302,63348,46,111
63191,63298,63349,51,107
63191,63299,63350,51,108
63191,63306,63351,45,115
63191,63298,63350,52,107
63191,63304,63352,48,113
63191,63303,63353,50,112
63191,63299,63354,55,108
63191,63305,63354,49,114
63191,63304,63356,52,113
63191,63309,63357,48,118
63191,63301,63359,58,110
63191,63307,63360,53,116
63191,63302,63361,59,111
63191,63311,63361,50,120
63191,63316,63361,45,125
63191,63307,63361,54,116
63191,63305,63362,57,114
63191,63306,63363,57,115
63191,63308,63363,55,117
63191,63306,63364,58,115
63191,63309,63366,57,118
63191,63309,63366,57,118
63191,63309,63369,60,118
63191,63314,63370,56,123
63191,63310,63372,62,119
63191,63313,63371,58,122
63191,63316,63374,58,125
63191,63311,63375,64,120
63191,63311,63381,70,120
63191,63315,63385,70,124
63400,63400,63444,44,0
63400,63400,63445,45,0
63400,63400,63445,45,0
63400,63400,63445,45,0
63400,63400,63446,46,0
63400,63400,63446,46,0
63400,63400,63447,47,0
63400,63400,63448,48,0
63400,63400,63447,47,0
63400,63400,63448,48,0
63400,63400,63448,48,0
63400,63400,63448,48,0
63400,63400,63448,48,0
63400,63400,63449,49,0
63400,63400,63449,49,0
63400,63400,63450,50,0
63400,63400,63451,51,0
63400,63400,63450,50,0
63400,63400,63450,50,0
63400,63400,63451,51,0
63400,63400,63451,51,0
63400,63400,63452,52,0
63400,63400,63452,52,0
63400,63400,63452,52,0
63400,63400,63452,52,0
63400,63400,63452,52,0
63400,63400,63452,52,0
63400,63400,63453,53,0
63400,63400,63455,55,0
63400,63400,63454,54,0
63400,63400,63454,54,0
63400,63400,63455,55,0
63400,63400,63455,55,0
63400,63400,63455,55,0
63400,63400,63456,56,0
63400,63400,63456,56,0
63400,63400,63456,56,0
63400,63400,63456,56,0
63400,63400,63456,56,0
63400,63400,63457,57,0
63400,63400,63458,58,0
63400,63400,63459,59,0
63400,63400,63460,60,0
63400,63400,63460,60,0
63400,63400,63460,60,0
63400,63400,63460,60,0
63400,63400,63460,60,0
63400,63400,63462,62,0
63400,63400,63464,64,0
63400,63400,63465,65,0
63400,63400,63476,76,0
63483,63483,63533,50,0
63483,63483,63533,50,0
63483,63483,63535,52,0
63483,63483,63536,53,0
63483,63483,63539,56,0
63483,63483,63541,58,0
63483,63483,63541,58,0
63483,63483,63540,57,0
63483,63483,63541,58,0
63483,63483,63543,60,0
63483,63483,63542,59,0
63483,63483,63545,62,0
63483,63483,63546,63,0
63483,63483,63545,62,0
63483,63483,63546,63,0
63483,63483,63546,63,0
63483,63483,63547,64,0
63483,63483,63547,64,0
63483,63483,63547,64,0
63483,63483,63547,64,0
63483,63483,63548,65,0
63483,63483,63549,66,0
63483,63483,63550,67,0
63483,63483,63550,67,0
63483,63483,63550,67,0
63483,63483,63550,67,0
63483,63483,63549,66,0
63483,63483,63550,67,0
63483,63483,63551,68,0
63483,63483,63550,67,0
63483,63483,63552,69,0
63483,63483,63552,69,0
63483,63483,63552,69,0
63483,63483,63552,69,0
63483,63483,63552,69,0
63483,63483,63552,69,0
63483,63483,63551,68,0
63483,63483,63553,70,0
63483,63483,63553,70,0
63483,63483,63552,69,0
63483,63483,63554,71,0
63483,63483,63553,70,0
63483,63483,63554,71,0
63483,63483,63553,70,0
63483,63483,63554,71,0
63483,63483,63555,72,0
63483,63483,63556,73,0
63483,63483,63556,73,0
63483,63483,63555,72,0
63483,63483,63557,74,0
63483,63483,63557,74,0
63483,63483,63557,74,0
63483,63483,63557,74,0
63483,63483,63557,74,0
63483,63483,63557,74,0
63483,63483,63557,74,0
63483,63483,63557,74,0
63483,63483,63558,75,0
63483,63483,63558,75,0
63483,63483,63558,75,0
63483,63483,63558,75,0
63483,63483,63558,75,0
63483,63483,63559,76,0
63483,63483,63559,76,0
63483,63483,63560,77,0
63483,63483,63560,77,0
63483,63483,63561,78,0
63483,63483,63561,78,0
63483,63483,63560,77,0
63483,63483,63562,79,0
63483,63483,63562,79,0
63483,63483,63562,79,0
63483,63483,63562,79,0
63483,63483,63563,80,0
63483,63483,63565,82,0
63483,63483,63565,82,0
63483,63483,63565,82,0
63483,63483,63566,83,0
63483,63483,63571,88,0
63483,63483,63571,88,0
63483,63556,63581,25,73
63483,63556,63582,26,73
63483,63557,63581,24,74
63483,63556,63584,28,73
63483,63557,63584,27,74
63483,63555,63585,30,72
63483,63557,63587,30,74
63483,63557,63587,30,74
63483,63557,63589,32,74
63483,63559,63589,30,76
63483,63558,63590,32,75
63483,63559,63590,31,76
63483,63558,63591,33,75
63483,63557,63591,34,74
63483,63558,63591,33,75
63483,63558,63591,33,75
63483,63535,63593,58,52
63483,63562,63594,32,79
63483,63560,63595,35,77
63483,63565,63595,30,82
63483,63534,63597,63,51
63483,63559,63597,38,76
63483,63561,63597,36,78
63483,63554,63598,44,71
63483,63560,63598,38,77
63483,63563,63598,35,80
63483,63565,63598,33,82
63483,63554,63598,44,71
63483,63562,63598,36,79
63483,63563,63599,36,80
63483,63562,63601,39,79
63483,63558,63601,43,75
63483,63561,63602,41,78
63483,63554,63602,48,71
63483,63565,63603,38,82
63483,63559,63605,46,76
63483,63546,63605,59,63
63483,63561,63606,45,78
63483,63554,63606,52,71
63483,63541,63607,66,58
63483,63534,63607,73,51
63483,63537,63608,71,54
63483,63540,63609,69,57
63483,63547,63609,62,64
63483,63546,63610,64,63
63483,63567,63610,43,84
63483,63553,63611,58,70
63483,63554,63612,58,71
63483,63571,63613,42,88
63483,63541,63613,72,58
63483,63546,63614,68,63
63483,63542,63615,73,59
63483,63548,63616,68,65
63483,63553,63616,63,70
63483,63548,63616,68,65
63483,63571,63617,46,88
63483,63553,63618,65,70
63483,63550,63618,68,67
63483,63543,63618,75,60
63483,63546,63618,72,63
63483,63550,63619,69,67
63483,63547,63620,73,64
63483,63543,63620,77,60
63483,63550,63620,70,67
63483,63550,63621,71,67
63483,63545,63621,76,62
63483,63552,63622,70,69
63483,63550,63622,72,67
63483,63549,63622,73,66
63483,63551,63623,72,68
63483,63551,63623,72,68
63483,63552,63624,72,69
63483,63552,63625,73,69
63483,63552,63625,73,69
63483,63552,63625,73,69
63483,63585,63625,40,102
63483,63541,63625,84,58
63483,63548,63626,78,65
63483,63581,63626,45,98
63483,63552,63627,75,69
63483,63551,63627,76,68
63483,63582,63630,48,99
63483,63582,63630,48,99
63483,63552,63631,79,69
63483,63584,63630,46,101
63483,63587,63631,44,104
63483,63584,63632,48,101
63483,63590,63635,45,107
63483,63590,63635,45,107
63483,63592,63638,46,109
63483,63587,63639,52,104
63483,63591,63639,48,108
63483,63591,63643,52,108
63483,63595,63644,49,112
63483,63593,63644,51,110
63483,63592,63644,52,109
63483,63598,63647,49,115
63483,63599,63648,49,116
63483,63595,63649,54,112
63483,63598,63649,51,115
63483,63592,63649,57,109
63483,63590,63649,59,107
63483,63599,63650,51,116
63483,63597,63651,54,114
63483,63596,63654,58,113
63483,63599,63655,56,116
63483,63600,63657,57,117
63483,63599,63656,57,116
63483,63606,63658,52,123
63483,63607,63657,50,124
63483,63602,63660,58,119
63483,63598,63663,65,115
63483,63606,63665,59,123
63483,63604,63665,61,121
63483,63599,63666,67,116
63483,63607,63666,59,124
63483,63603,63668,65,120
63483,63603,63670,67,120
63483,63602,63676,74,119
63691,63691,63728,37,0
63691,63691,63728,37,0
63691,63691,63730,39,0
63691,63691,63730,39,0
63691,63691,63731,40,0
63691,63691,63731,40,0
63691,63691,63733,42,0
63691,63691,63732,41,0
63691,63691,63732,41,0
63691,63691,63734,43,0
63691,63691,63734,43,0
63691,63691,63735,44,0
63691,63691,63735,44,0
63691,63691,63735,44,0
63691,63691,63737,46,0
63691,63691,63736,45,0
63691,63691,63736,45,0
63691,63691,63736,45,0
63691,63691,63737,46,0
63691,63691,63738,47,0
63691,63691,63737,46,0
63691,63691,63738,47,0
63691,63691,63740,49,0
63691,63691,63741,50,0
63691,63691,63740,49,0
63691,63691,63741,50,0
63691,63691,63741,50,0
63691,63691,63741,50,0
63691,63691,63742,51,0
63691,63691,63743,52,0
63691,63691,63742,51,0
63691,63691,63743,52,0
63691,63691,63744,53,0
63691,63691,63743,52,0
63691,63691,63744,53,0
63691,63691,63743,52,0
63691,63691,63744,53,0
63691,63691,63744,53,0
63691,63691,63745,54,0
63691,63691,63746,55,0
63691,63691,63747,56,0
63691,63691,63747,56,0
63691,63691,63747,56,0
63691,63691,63748,57,0
63691,63691,63748,57,0
63691,63691,63748,57,0
63691,63691,63749,58,0
63691,63691,63751,60,0
63691,63691,63752,61,0
63691,63691,63761,70,0
63691,63691,63763,72,0
63768,63769,63817,48,1
63768,63769,63818,49,1
63768,63769,63819,50,1
63768,63769,63820,51,1
63768,63769,63823,54,1
63768,63769,63823,54,1
63768,63769,63824,55,1
63768,63769,63824,55,1
63768,63769,63826,57,1
63768,63769,63826,57,1
63768,63769,63826,57,1
63768,63769,63827,58,1
63768,63769,63827,58,1
63768,63769,63827,58,1
63768,63769,63827,58,1
63768,63769,63828,59,1
63768,63769,63827,58,1
63768,63769,63827,58,1
63768,63769,63828,59,1
63768,63769,63829,60,1
63768,63769,63829,60,1
63768,63769,63829,60,1
63768,63769,63829,60,1
63768,63769,63831,62,1
63768,63769,63830,61,1
63768,63769,63830,61,1
63768,63769,63831,62,1
63768,63769,63831,62,1
63768,63768,63833,65,0
63768,63769,63834,65,1
63768,63768,63833,65,0
63768,63769,63833,64,1
63768,63768,63833,65,0
63768,63769,63834,65,1
63768,63769,63835,66,1
63768,63769,63834,65,1
63768,63769,63834,65,1
63768,63768,63834,66,0
63768,63769,63835,66,1
63768,63769,63834,65,1
63768,63769,63836,67,1
63768,63769,63835,66,1
63768,63769,63837,68,1
63768,63769,63837,68,1
63768,63769,63836,67,1
63768,63769,63837,68,1
63768,63769,63837,68,1
63768,63769,63837,68,1
63768,63768,63838,70,0
63768,63769,63838,69,1
63768,63769,63838,69,1
63768,63769,63838,69,1
63768,63768,63839,71,0
63768,63768,63841,73,0
63768,63769,63841,72,1
63768,63768,63840,72,0
63768,63769,63841,72,1
63768,63769,63841,72,1
63768,63769,63841,72,1
63768,63768,63841,73,0
63768,63769,63841,72,1
63768,63769,63841,72,1
63768,63769,63842,73,1
63768,63768,63843,75,0
63768,63769,63843,74,1
63768,63768,63844,76,0
63768,63768,63843,75,0
63768,63769,63845,76,1
63768,63769,63846,77,1
63768,63769,63845,76,1
63768,63769,63847,78,1
63768,63768,63846,78,0
63768,63769,63846,77,1
63768,63769,63847,78,1
63768,63768,63849,81,0
63768,63768,63850,82,0
63768,63769,63850,81,1
63768,63768,63850,82,0
63768,63768,63851,83,0
63768,63769,63851,82,1
63768,63839,63862,23,71
63768,63839,63862,23,71
63768,63840,63865,25,72
63768,63839,63867,28,71
63768,63839,63868,29,71
63768,63841,63868,27,73
63768,63838,63869,31,70
63768,63837,63870,33,69
63768,63842,63873,31,74
63768,63838,63874,36,70
63768,63838,63873,35,70
63768,63837,63875,38,69
63768,63841,63876,35,73
63768,63841,63875,34,73
63768,63841,63875,34,73
63768,63843,63876,33,75
63768,63842,63877,35,74
63768,63847,63879,32,79
63768,63842,63879,37,74
63768,63836,63879,43,68
63768,63842,63880,38,74
63768,63843,63881,38,75
63768,63841,63881,40,73
63768,63847,63881,34,79
63768,63843,63882,39,75
63768,63828,63883,55,60
63768,63848,63883,35,80
63768,63849,63883,34,81
63768,63817,63884,67,49
63768,63846,63883,37,78
63768,63844,63885,41,76
63768,63828,63885,57,60
63768,63844,63885,41,76
63768,63828,63887,59,60
63768,63836,63886,50,68
63768,63837,63887,50,69
63768,63850,63887,37,82
63768,63827,63887,60,59
63768,63828,63887,59,60
63768,63847,63889,42,79
63768,63850,63889,39,82
63768,63819,63892,73,51
63768,63829,63891,62,61
63768,63820,63891,71,52
63768,63846,63893,47,78
63768,63850,63893,43,82
63768,63825,63895,70,57
63768,63826,63894,68,58
63768,63828,63895,67,60
63768,63846,63895,49,78
63768,63824,63896,72,56
63768,63835,63896,61,67
63768,63824,63897,73,56
63768,63830,63897,67,62
63768,63820,63897,77,52
63768,63825,63897,72,57
63768,63831,63897,66,63
63768,63830,63898,68,62
63768,63852,63898,46,84
63768,63827,63899,72,59
63768,63852,63898,46,84
63768,63835,63899,64,67
63768,63835,63901,66,67
63768,63830,63901,71,62
63768,63834,63902,68,66
63768,63826,63903,77,58
63768,63831,63905,74,63
63768,63835,63905,70,67
63768,63832,63905,73,64
63768,63827,63905,78,59
63768,63831,63905,74,63
63768,63862,63906,44,94
63768,63835,63907,72,67
63768,63830,63907,77,62
63768,63833,63907,74,65
63768,63831,63907,76,63
63768,63835,63909,74,67
63768,63834,63909,75,66
63768,63834,63909,75,66
63768,63835,63913,78,67
63768,63834,63913,79,66
63768,63863,63914,51,95
63768,63868,63916,48,100
63768,63868,63917,49,100
63768,63876,63918,42,108
63768,63869,63920,51,101
63768,63876,63921,45,108
63768,63866,63921,55,98
63768,63877,63922,45,109
63768,63867,63922,55,99
63768,63875,63925,50,107
63768,63877,63926,49,109
63768,63874,63926,52,106
63768,63880,63926,46,112
63768,63871,63929,58,103
63768,63876,63929,53,108
63768,63887,63929,42,119
63768,63880,63930,50,112
63768,63880,63932,52,112
63768,63887,63932,45,119
63768,63873,63935,62,105
63768,63881,63935,54,113
63768,63882,63936,54,114
63768,63882,63937,55,114
63768,63879,63939,60,111
63768,63883,63940,57,115
63768,63885,63947,62,117
63768,63885,63947,62,117
63768,63883,63948,65,115
63768,63885,63948,63,117
63768,63883,63949,66,115
63768,63887,63951,64,119
63768,63874,63951,77,106
63768,63881,63951,70,113
63768,63887,63952,65,119
63768,63884,63952,68,116
63768,63887,63954,67,119
63768,63884,63956,72,116
63768,63887,63961,74,119
63975,63975,64016,41,0
63975,63975,64017,42,0
63975,63975,64018,43,0
63975,63975,64019,44,0
63975,63975,64020,45,0
63975,63975,64020,45,0
63975,63975,64021,46,0
63975,63975,64021,46,0
63975,63975,64021,46,0
63975,63975,64022,47,0
63975,63975,64021,46,0
63975,63975,64021,46,0
63975,63975,64023,48,0
63975,63975,64023,48,0
63975,63975,64023,48,0
63975,63975,64025,50,0
63975,63975,64025,50,0
63975,63975,64026,51,0
63975,63975,64026,51,0
63975,63975,64025,50,0
63975,63975,64027,52,0
63975,63975,64026,51,0
63975,63975,64026,51,0
63975,63975,64026,51,0
63975,63975,64026,51,0
63975,63975,64026,51,0
63975,63975,64028,53,0
63975,63975,64027,52,0
63975,63975,64027,52,0
63975,63975,64027,52,0
63975,63975,64027,52,0
63975,63975,64028,53,0
63975,63975,64028,53,0
63975,63975,64029,54,0
63975,63975,64030,55,0
63975,63975,64030,55,0
63975,63975,64031,56,0
63975,63975,64032,57,0
63975,63975,64032,57,0
63975,63975,64034,59,0
63975,63975,64033,58,0
63975,63975,64034,59,0
63975,63975,64033,58,0
63975,63975,64034,59,0
63975,63975,64036,61,0
63975,63975,64036,61,0
63975,63975,64037,62,0
63975,63975,64039,64,0
63975,63975,64039,64,0
63975,63975,64039,64,0
63975,63975,64053,78,0
64059,64059,64105,46,0
64059,64059,64108,49,0
64059,64059,64111,52,0
64059,64059,64112,53,0
64059,64059,64112,53,0
64059,64059,64114,55,0
64059,64059,64114,55,0
64059,64059,64115,56,0
64059,64059,64116,57,0
64059,64059,64116,57,0
64059,64059,64116,57,0
64059,64059,64117,58,0
64059,64059,64117,58,0
64059,64059,64117,58,0
64059,64059,64118,59,0
64059,64059,64118,59,0
64059,64059,64119,60,0
64059,64059,64120,61,0
64059,64059,64120,61,0
64059,64059,64119,60,0
64059,64059,64121,62,0
64059,64059,64121,62,0
64059,64059,64121,62,0
64059,64059,64121,62,0
64059,64059,64121,62,0
64059,64059,64122,63,0
64059,64059,64122,63,0
64059,64059,64122,63,0
64059,64059,64123,64,0
64059,64059,64123,64,0
64059,64059,64124,65,0
64059,64059,64123,64,0
64059,64059,64124,65,0
64059,64059,64123,64,0
64059,64059,64123,64,0
64059,64059,64125,66,0
64059,64059,64126,67,0
64059,64059,64126,67,0
64059,64059,64126,67,0
64059,64059,64126,67,0
64059,64059,64126,67,0
64059,64059,64127,68,0
64059,64059,64127,68,0
64059,64059,64126,67,0
64059,64059,64127,68,0
64059,64059,64127,68,0
64059,64059,64127,68,0
64059,64059,64127,68,0
64059,64059,64128,69,0
64059,64059,64129,70,0
64059,64059,64130,71,0
64059,64059,64130,71,0
64059,64059,64130,71,0
64059,64059,64130,71,0
64059,64059,64131,72,0
64059,64059,64131,72,0
64059,64059,64132,73,0
64059,64059,64132,73,0
64059,64059,64132,73,0
64059,64059,64133,74,0
64059,64059,64133,74,0
64059,64059,64134,75,0
64059,64059,64134,75,0
64059,64059,64134,75,0
64059,64059,64134,75,0
64059,64059,64134,75,0
64059,64059,64135,76,0
64059,64059,64135,76,0
64059,64059,64135,76,0
64059,64059,64135,76,0
64059,64059,64135,76,0
64059,64059,64136,77,0
64059,64059,64136,77,0
64059,64059,64137,78,0
64059,64059,64137,78,0
64059,64059,64137,78,0
64059,64059,64138,79,0
64059,64059,64138,79,0
64059,64059,64138,79,0
64059,64059,64144,85,0
64059,64130,64153,23,71
64059,64130,64156,26,71
64059,64128,64156,28,69
64059,64128,64156,28,69
64059,64132,64159,27,73
64059,64127,64159,32,68
64059,64128,64159,31,69
64059,64131,64160,29,72
64059,64131,64161,30,72
64059,64128,64161,33,69
64059,64132,64162,30,73
64059,64127,64163,36,68
64059,64132,64164,32,73
64059,64133,64165,32,74
64059,64134,64165,31,75
64059,64135,64166,31,76
64059,64127,64168,41,68
64059,64126,64169,43,67
64059,64136,64170,34,77
64059,64132,64171,39,73
64059,64133,64174,41,74
64059,64137,64173,36,78
64059,64126,64173,47,67
64059,64133,64175,42,74
64059,64137,64176,39,78
64059,64116,64175,59,57
64059,64127,64176,49,68
64059,64117,64177,60,58
64059,64118,64177,59,59
64059,64134,64177,43,75
64059,64105,64177,72,46
64059,64117,64177,60,58
64059,64118,64177,59,59
64059,64138,64179,41,79
64059,64136,64179,43,77
64059,64112,64179,67,53
64059,64139,64180,41,80
64059,64115,64180,65,56
64059,64118,64180,62,59
64059,64120,64182,62,61
64059,64138,64181,43,79
64059,64136,64181,45,77
64059,64117,64183,66,58
64059,64113,64183,70,54
64059,64136,64182,46,77
64059,64135,64182,47,76
64059,64138,64183,45,79
64059,64119,64183,64,60
64059,64113,64185,72,54
64059,64120,64186,66,61
64059,64135,64185,50,76
64059,64134,64186,52,75
64059,64139,64187,48,80
64059,64114,64187,73,55
64059,64126,64188,62,67
64059,64139,64189,50,80
64059,64121,64188,67,62
64059,64136,64189,53,77
64059,64108,64189,81,49
64059,64121,64191,70,62
64059,64114,64191,77,55
64059,64121,64191,70,62
64059,64123,64192,69,64
64059,64122,64192,70,63
64059,64124,64194,70,65
64059,64120,64195,75,61
64059,64121,64195,74,62
64059,64126,64195,69,67
64059,64121,64195,74,62
64059,64125,64195,70,66
64059,64122,64196,74,63
64059,64122,64196,74,63
64059,64124,64199,75,65
64059,64124,64200,76,65
64059,64123,64200,77,64
64059,64116,64200,84,57
64059,64145,64201,56,86
64059,64126,64202,76,67
64059,64124,64201,77,65
64059,64157,64204,47,98
64059,64124,64204,80,65
64059,64161,64203,42,102
64059,64160,64206,46,101
64059,64160,64206,46,101
64059,64154,64207,53,95
64059,64160,64209,49,101
64059,64157,64209,52,98
64059,64165,64211,46,106
64059,64164,64214,50,105
64059,64166,64215,49,107
64059,64163,64217,54,104
64059,64157,64216,59,98
64059,64162,64218,56,103
64059,64169,64220,51,110
64059,64174,64219,45,115
64059,64169,64220,51,110
64059,64174,64220,46,115
64059,64162,64222,60,103
64059,64167,64224,57,108
64059,64171,64224,53,112
64059,64172,64228,56,113
64059,64166,64230,64,107
64059,64179,64230,51,120
64059,64175,64233,58,116
64059,64178,64233,55,119
64059,64176,64233,57,117
64059,64178,64235,57,119
64059,64178,64236,58,119
64059,64177,64241,64,118
64059,64178,64242,64,119
64059,64174,64242,68,115
64059,64181,64243,62,122
64059,64178,64244,66,119
64059,64181,64245,64,122
64059,64176,64245,69,117
64059,64179,64246,67,120
64059,64178,64248,70,119
64059,64181,64254,73,122
64059,64180,64257,77,121
64270,64271,64314,43,1
64270,64271,64313,42,1
64270,64271,64314,43,1
64270,64271,64314,43,1
64270,64271,64315,44,1
64270,64271,64316,45,1
64270,64270,64317,47,0
64270,64271,64317,46,1
64270,64271,64317,46,1
64270,64271,64317,46,1
64270,64270,64318,48,0
64270,64271,64318,47,1
64270,64271,64318,47,1
64270,64271,64319,48,1
64270,64271,64320,49,1
64270,64271,64320,49,1
64270,64271,64320,49,1
64270,64271,64320,49,1
64270,64271,64321,50,1
64270,64270,64321,51,0
64270,64271,64322,51,1
64270,64271,64323,52,1
64270,64270,64324,54,0
64270,64271,64324,53,1
64270,64270,64324,54,0
64270,64270,64325,55,0
64270,64271,64326,55,1
64270,64271,64326,55,1
64270,64271,64326,55,1
64270,64271,64326,55,1
64270,64271,64327,56,1
64270,64271,64327,56,1
64270,64271,64327,56,1
64270,64270,64328,58,0
64270,64270,64328,58,0
64270,64271,64329,58,1
64270,64270,64329,59,0
64270,64271,64329,58,1
64270,64270,64330,60,0
64270,64270,64331,61,0
64270,64271,64331,60,1
64270,64271,64332,61,1
64270,64270,64333,63,0
64270,64270,64334,64,0
64270,64270,64335,65,0
64270,64271,64335,64,1
64270,64271,64338,67,1
64270,64270,64340,70,0
64270,64270,64339,69,0
64270,64271,64343,72,1
64270,64270,64347,77,0
64352,64352,64401,49,0
64352,64352,64402,50,0
64352,64352,64403,51,0
64352,64352,64404,52,0
64352,64352,64405,53,0
64352,64352,64406,54,0
64352,64352,64405,53,0
64352,64352,64406,54,0
64352,64352,64406,54,0
64352,64352,64407,55,0
64352,64352,64408,56,0
64352,64352,64408,56,0
64352,64352,64408,56,0
64352,64352,64408,56,0
64352,64352,64409,57,0
64352,64352,64410,58,0
64352,64352,64411,59,0
64352,64352,64411,59,0
64352,64352,64411,59,0
64352,64352,64412,60,0
64352,64352,64413,61,0
64352,64352,64414,62,0
64352,64352,64414,62,0
64352,64352,64414,62,0
64352,64352,64415,63,0
64352,64352,64415,63,0
64352,64352,64415,63,0
64352,64352,64416,64,0
64352,64352,64415,63,0
64352,64352,64416,64,0
64352,64352,64417,65,0
64352,64352,64418,66,0
64352,64352,64417,65,0
64352,64352,64418,66,0
64352,64352,64419,67,0
64352,64352,64419,67,0
64352,64352,64419,67,0
64352,64352,64420,68,0
64352,64352,64420,68,0
64352,64352,64420,68,0
64352,64352,64420,68,0
64352,64352,64420,68,0
64352,64352,64421,69,0
64352,64352,64421,69,0
64352,64352,64421,69,0
64352,64352,64421,69,0
64352,64352,64423,71,0
64352,64352,64422,70,0
64352,64352,64422,70,0
64352,64352,64423,71,0
64352,64352,64423,71,0
64352,64352,64423,71,0
64352,64352,64423,71,0
64352,64352,64424,72,0
64352,64352,64423,71,0
64352,64352,64424,72,0
64352,64352,64424,72,0
64352,64352,64425,73,0
64352,64352,64426,74,0
64352,64352,64426,74,0
64352,64352,64426,74,0
64352,64352,64426,74,0
64352,64352,64426,74,0
64352,64352,64426,74,0
64352,64352,64428,76,0
64352,64352,64427,75,0
64352,64353,64428,75,1
64352,64352,64428,76,0
64352,64352,64429,77,0
64352,64352,64428,76,0
64352,64352,64430,78,0
64352,64352,64429,77,0
64352,64352,64429,77,0
64352,64352,64430,78,0
64352,64352,64431,79,0
64352,64352,64430,78,0
64352,64352,64432,80,0
64352,64352,64432,80,0
64352,64352,64433,81,0
64352,64352,64440,88,0
64352,64423,64448,25,71
64352,64422,64450,28,70
64352,64423,64451,28,71
64352,64424,64451,27,72
64352,64423,64452,29,71
64352,64422,64453,31,70
64352,64423,64456,33,71
64352,64424,64456,32,72
64352,64425,64456,31,73
64352,64424,64457,33,72
64352,64424,64458,34,72
64352,64422,64459,37,70
64352,64421,64460,39,69
64352,64410,64460,50,58
64352,64424,64461,37,72
64352,64426,64462,36,74
64352,64426,64463,37,74
64352,64427,64463,36,75
64352,64427,64462,35,75
64352,64431,64464,33,79
64352,64421,64463,42,69
64352,64429,64464,35,77
64352,64412,64466,54,60
64352,64428,64466,38,76
64352,64422,64466,44,70
64352,64425,64467,42,73
64352,64411,64468,57,59
64352,64431,64468,37,79
64352,64409,64469,60,57
64352,64425,64469,44,73
64352,64402,64470,68,50
64352,64427,64469,42,75
64352,64430,64471,41,78
64352,64432,64471,39,80
64352,64409,64471,62,57
64352,64421,64470,49,69
64352,64428,64472,44,76
64352,64429,64473,44,77
64352,64409,64473,64,57
64352,64406,64473,67,54
64352,64409,64473,64,57
64352,64413,64474,61,61
64352,64431,64474,43,79
64352,64405,64475,70,53
64352,64427,64474,47,75
64352,64403,64476,73,51
64352,64434,64476,42,82
64352,64421,64476,55,69
64352,64433,64477,44,81
64352,64408,64479,71,56
64352,64412,64480,68,60
64352,64404,64479,75,52
64352,64406,64480,74,54
64352,64418,64480,62,66
64352,64412,64481,69,60
64352,64430,64481,51,78
64352,64428,64481,53,76
64352,64420,64482,62,68
64352,64414,64483,69,62
64352,64429,64484,55,77
64352,64415,64483,68,63
64352,64430,64483,53,78
64352,64415,64485,70,63
64352,64415,64484,69,63
64352,64407,64485,78,55
64352,64419,64485,66,67
64352,64421,64486,65,69
64352,64407,64486,79,55
64352,64416,64486,70,64
64352,64420,64487,67,68
64352,64416,64487,71,64
64352,64420,64488,68,68
64352,64418,64488,70,66
64352,64416,64489,73,64
64352,64440,64490,50,88
64352,64406,64490,84,54
64352,64417,64490,73,65
64352,64416,64490,74,64
64352,64453,64497,44,101
64352,64416,64496,80,64
64352,64418,64498,80,66
64352,64452,64500,48,100
64352,64451,64501,50,99
64352,64452,64505,53,100
64352,64462,64506,44,110
64352,64449,64507,58,97
64352,64463,64507,44,111
64352,64457,64509,52,105
64352,64463,64508,45,111
64352,64453,64509,56,101
64352,64460,64511,51,108
64352,64463,64512,49,111
64352,64457,64512,55,105
64352,64457,64514,57,105
64352,64457,64515,58,105
64352,64460,64519,59,108
64352,64463,64520,57,111
64352,64469,64523,54,117
64352,64460,64526,66,108
64352,64464,64526,62,112
64352,64467,64525,58,115
64352,64467,64527,60,115
64352,64459,64527,68,107
64352,64473,64526,53,121
64352,64470,64527,57,118
64352,64467,64528,61,115
64352,64466,64529,63,114
64352,64470,64531,61,118
64352,64471,64531,60,119
64352,64471,64533,62,119
64352,64469,64534,65,117
64352,64468,64534,66,116
64352,64468,64536,68,116
64352,64465,64537,72,113
64352,64473,64539,66,121
64352,64464,64539,75,112
64352,64473,64542,69,121
64352,64471,64543,72,119
64352,64471,64542,71,119
64558,64558,64598,40,0
64558,64558,64600,42,0
64558,64558,64600,42,0
64558,64558,64603,45,0
64558,64558,64604,46,0
64558,64558,64605,47,0
64558,64558,64605,47,0
64558,64558,64605,47,0
64558,64558,64607,49,0
64558,64558,64608,50,0
64558,64558,64608,50,0
64558,64558,64609,51,0
64558,64558,64609,51,0
64558,64558,64609,51,0
64558,64558,64610,52,0
64558,64558,64611,53,0
64558,64558,64612,54,0
64558,64558,64611,53,0
64558,64558,64612,54,0
64558,64558,64612,54,0
64558,64558,64612,54,0
64558,64558,64612,54,0
64558,64558,64614,56,0
64558,64558,64614,56,0
64558,64558,64616,58,0
64558,64558,64616,58,0
64558,64558,64617,59,0
64558,64558,64616,58,0
64558,64558,64616,58,0
64558,64558,64616,58,0
64558,64558,64617,59,0
64558,64558,64617,59,0
64558,64558,64618,60,0
64558,64558,64618,60,0
64558,64558,64618,60,0
64558,64558,64619,61,0
64558,64558,64619,61,0
64558,64558,64621,63,0
64558,64558,64622,64,0
64558,64558,64622,64,0
64558,64558,64622,64,0
64558,64558,64622,64,0
64558,64558,64624,66,0
64558,64558,64625,67,0
64558,64558,64624,66,0
64558,64558,64625,67,0
64558,64558,64627,69,0
64558,64558,64629,71,0
64558,64558,64631,73,0
64558,64558,64632,74,0
64558,64558,64638,80,0
64644,64644,64695,51,0
64644,64644,64696,52,0
64644,64644,64698,54,0
64644,64644,64698,54,0
64644,64644,64697,53,0
64644,64644,64698,54,0
64644,64644,64698,54,0
64644,64644,64699,55,0
64644,64644,64698,54,0
64644,64644,64699,55,0
64644,64644,64700,56,0
64644,64644,64700,56,0
64644,64644,64701,57,0
64644,64644,64700,56,0
64644,64644,64700,56,0
64644,64644,64702,58,0
64644,64644,64701,57,0
64644,64644,64702,58,0
64644,64644,64703,59,0
64644,64644,64704,60,0
64644,64644,64705,61,0
64644,64644,64705,61,0
64644,64644,64704,60,0
64644,64644,64705,61,0
64644,64644,64705,61,0
64644,64644,64706,62,0
64644,64644,64705,61,0
64644,64644,64706,62,0
64644,64644,64706,62,0
64644,64644,64707,63,0
64644,64644,64707,63,0
64644,64644,64707,63,0
64644,64644,64709,65,0
64644,64644,64709,65,0
64644,64644,64710,66,0
64644,64644,64711,67,0
64644,64644,64711,67,0
64644,64644,64711,67,0
64644,64644,64711,67,0
64644,64644,64712,68,0
64644,64644,64712,68,0
64644,64644,64712,68,0
64644,64644,64712,68,0
64644,64644,64711,67,0
64644,64644,64712,68,0
64644,64644,64713,69,0
64644,64644,64713,69,0
64644,64644,64713,69,0
64644,64644,64713,69,0
64644,64644,64712,68,0
64644,64644,64713,69,0
64644,64644,64714,70,0
64644,64644,64714,70,0
64644,64644,64714,70,0
64644,64644,64713,69,0
64644,64644,64714,70,0
64644,64644,64714,70,0
64644,64644,64715,71,0
64644,64644,64716,72,0
64644,64644,64716,72,0
64644,64644,64716,72,0
64644,64644,64717,73,0
64644,64644,64717,73,0
64644,64644,64716,72,0
64644,64644,64718,74,0
64644,64644,64718,74,0
64644,64644,64719,75,0
64644,64644,64719,75,0
64644,64644,64720,76,0
64644,64644,64720,76,0
64644,64644,64720,76,0
64644,64644,64720,76,0
64644,64644,64721,77,0
64644,64644,64720,76,0
64644,64644,64721,77,0
64644,64644,64721,77,0
64644,64644,64723,79,0
64644,64644,64725,81,0
64644,64644,64729,85,0
64644,64644,64729,85,0
64644,64712,64738,26,68
64644,64713,64741,28,69
64644,64713,64741,28,69
64644,64713,64742,29,69
64644,64713,64743,30,69
64644,64714,64744,30,70
64644,64713,64745,32,69
64644,64713,64746,33,69
64644,64714,64746,32,70
64644,64715,64748,33,71
64644,64714,64749,35,70
64644,64712,64749,37,68
64644,64714,64749,35,70
64644,64717,64750,33,73
64644,64714,64750,36,70
64644,64720,64753,33,76
64644,64716,64753,37,72
64644,64712,64753,41,68
64644,64715,64754,39,71
64644,64698,64755,57,54
64644,64717,64755,38,73
64644,64700,64756,56,56
64644,64712,64756,44,68
64644,64702,64757,55,58
64644,64702,64758,56,58
64644,64716,64758,42,72
64644,64702,64759,57,58
64644,64712,64759,47,68
64644,64722,64760,38,78
64644,64701,64760,59,57
64644,64722,64760,38,78
64644,64712,64760,48,68
64644,64701,64761,60,57
64644,64720,64762,42,76
64644,64701,64762,61,57
64644,64717,64762,45,73
64644,64699,64763,64,55
64644,64720,64764,44,76
64644,64725,64765,40,81
64644,64724,64765,41,80
64644,64718,64766,48,74
64644,64701,64767,66,57
64644,64705,64767,62,61
64644,64699,64767,68,55
64644,64699,64768,69,55
64644,64711,64768,57,67
64644,64711,64768,57,67
64644,64720,64769,49,76
64644,64704,64769,65,60
64644,64711,64770,59,67
64644,64718,64770,52,74
64644,64697,64770,73,53
64644,64719,64771,52,75
64644,64699,64772,73,55
64644,64707,64772,65,63
64644,64698,64773,75,54
64644,64705,64773,68,61
64644,64720,64773,53,76
64644,64698,64774,76,54
64644,64706,64774,68,62
64644,64696,64774,78,52
64644,64717,64775,58,73
64644,64705,64776,71,61
64644,64706,64777,71,62
64644,64706,64778,72,62
64644,64721,64777,56,77
64644,64711,64778,67,67
64644,64698,64779,81,54
64644,64706,64778,72,62
64644,64729,64779,50,85
64644,64707,64781,74,63
64644,64707,64781,74,63
64644,64706,64781,75,62
64644,64709,64782,73,65
64644,64721,64783,62,77
64644,64706,64783,77,62
64644,64710,64784,74,66
64644,64742,64784,42,98
64644,64709,64789,80,65
64644,64705,64791,86,61
64644,64743,64790,47,99
64644,64729,64793,64,85
64644,64742,64794,52,98
64644,64739,64796,57,95
64644,64750,64801,51,106
64644,64749,64801,52,105
64644,64745,64802,57,101
64644,64750,64802,52,106
64644,64755,64806,51,111
64644,64747,64806,59,103
64644,64750,64807,57,106
64644,64745,64807,62,101
64644,64744,64809,65,100
64644,64761,64811,50,117
64644,64751,64812,61,107
64644,64747,64813,66,103
64644,64760,64814,54,116
64644,64754,64814,60,110
64644,64757,64814,57,113
64644,64756,64816,60,112
64644,64750,64815,65,106
64644,64759,64815,56,115
64644,64762,64815,53,118
64644,64757,64818,61,113
64644,64763,64820,57,119
64644,64759,64821,62,115
64644,64765,64822,57,121
64644,64754,64822,68,110
64644,64754,64822,68,110
64644,64755,64824,69,111
64644,64765,64826,61,121
64644,64763,64828,65,119
64644,64764,64828,64,120
64644,64761,64830,69,117
64644,64758,64830,72,114
64644,64761,64830,69,117
64644,64760,64831,71,116
64644,64763,64836,73,119
64644,64761,64842,81,117
64857,64857,64898,41,0
64857,64857,64899,42,0
64857,64857,64901,44,0
64857,64857,64904,47,0
64857,64857,64905,48,0
64857,64857,64905,48,0
64857,64857,64905,48,0
64857,64857,64907,50,0
64857,64857,64907,50,0
64857,64857,64907,50,0
64857,64857,64908,51,0
64857,64857,64909,52,0
64857,64857,64910,53,0
64857,64857,64911,54,0
64857,64857,64910,53,0
64857,64857,64911,54,0
64857,64857,64911,54,0
64857,64857,64912,55,0
64857,64857,64911,54,0
64857,64857,64912,55,0
64857,64857,64913,56,0
64857,64857,64913,56,0
64857,64857,64915,58,0
64857,64857,64914,57,0
64857,64857,64915,58,0
64857,64857,64915,58,0
64857,64857,64915,58,0
64857,64857,64919,62,0
64857,64857,64919,62,0
64857,64857,64919,62,0
64857,64857,64919,62,0
64857,64857,64920,63,0
64857,64857,64921,64,0
64857,64857,64920,63,0
64857,64857,64922,65,0
64857,64857,64921,64,0
64857,64857,64922,65,0
64857,64857,64922,65,0
64857,64857,64922,65,0
64857,64857,64923,66,0
64857,64857,64923,66,0
64857,64857,64925,68,0
64857,64857,64926,69,0
64857,64857,64926,69,0
64857,64857,64925,68,0
64857,64857,64925,68,0
64857,64857,64928,71,0
64857,64857,64931,74,0
64857,64857,64934,77,0
64857,64857,64935,78,0
64857,64857,64949,92,0
64953,64954,64997,43,1
64953,64954,64997,43,1
64953,64954,64998,44,1
64953,64954,65003,49,1
64953,64954,65003,49,1
64953,64954,65004,50,1
64953,64954,65003,49,1
64953,64954,65005,51,1
64953,64954,65005,51,1
64953,64954,65005,51,1
64953,64954,65006,52,1
64953,64954,65006,52,1
64953,64954,65006,52,1
64953,64954,65006,52,1
64953,64954,65009,55,1
64953,64954,65008,54,1
64953,64954,65009,55,1
64953,64954,65009,55,1
64953,64954,65009,55,1
64953,64953,65009,56,0
64953,64954,65010,56,1
64953,64954,65011,57,1
64953,64953,65012,59,0
64953,64954,65013,59,1
64953,64954,65012,58,1
64953,64954,65013,59,1
64953,64954,65014,60,1
64953,64954,65015,61,1
64953,64954,65014,60,1
64953,64954,65014,60,1
64953,64954,65014,60,1
64953,64954,65015,61,1
64953,64954,65016,62,1
64953,64954,65016,62,1
64953,64954,65017,63,1
64953,64954,65016,62,1
64953,64954,65017,63,1
64953,64954,65018,64,1
64953,64954,65019,65,1
64953,64954,65019,65,1
64953,64954,65018,64,1
64953,64954,65019,65,1
64953,64954,65020,66,1
64953,64954,65020,66,1
64953,64954,65020,66,1
64953,64954,65021,67,1
64953,64954,65021,67,1
64953,64953,65021,68,0
64953,64954,65022,68,1
64953,64954,65022,68,1
64953,64953,65022,69,0
64953,64954,65022,68,1
64953,64953,65023,70,0
64953,64954,65022,68,1
64953,64954,65023,69,1
64953,64954,65024,70,1
64953,64954,65024,70,1
64953,64954,65023,69,1
64953,64954,65024,70,1
64953,64954,65024,70,1
64953,64953,65025,72,0
64953,64954,65025,71,1
64953,64954,65026,72,1
64953,64953,65026,73,0
64953,64954,65025,71,1
64953,64953,65026,73,0
64953,64953,65026,73,0
64953,64954,65027,73,1
64953,64954,65027,73,1
64953,64954,65027,73,1
64953,64953,65028,75,0
64953,64954,65029,75,1
64953,64954,65029,75,1
64953,64954,65030,76,1
64953,64954,65030,76,1
64953,64953,65030,77,0
64953,64953,65032,79,0
64953,64953,65034,81,0
64953,64954,65035,81,1
64953,64954,65040,86,1
64953,65021,65045,24,68
64953,65021,65050,29,68
64953,65021,65052,31,68
64953,65022,65052,30,69
64953,65023,65053,30,70
64953,65021,65052,31,68
64953,65022,65053,31,69
64953,65020,65055,35,67
64953,65023,65055,32,70
64953,65024,65056,32,71
64953,65023,65056,33,70
64953,65025,65057,32,72
64953,64998,65057,59,45
64953,65025,65060,35,72
64953,65025,65061,36,72
64953,65020,65062,42,67
64953,65007,65063,56,54
64953,65009,65063,54,56
64953,65020,65063,43,67
64953,65003,65064,61,50
64953,65024,65064,40,71
64953,65006,65064,58,53
64953,65006,65065,59,53
64953,65023,65065,42,70
64953,65003,65066,63,50
64953,64999,65067,68,46
64953,65024,65067,43,71
64953,65005,65067,62,52
64953,65007,65069,62,54
64953,65026,65069,43,73
64953,65025,65069,44,72
64953,65028,65069,41,75
64953,65024,65069,45,71
64953,65010,65070,60,57
64953,65019,65070,51,66
64953,65007,65071,64,54
64953,65004,65072,68,51
64953,65026,65072,46,73
64953,65027,65073,46,74
64953,65010,65073,63,57
64953,65027,65073,46,74
64953,65006,65074,68,53
64953,64997,65074,77,44
64953,65035,65075,40,82
64953,65029,65075,46,76
64953,65009,65074,65,56
64953,65010,65076,66,57
64953,65010,65076,66,57
64953,65030,65077,47,77
64953,65033,65077,44,80
64953,65026,65077,51,73
64953,65019,65078,59,66
64953,65031,65078,47,78
64953,65004,65078,74,51
64953,65028,65079,51,75
64953,65013,65080,67,60
64953,65018,65080,62,65
64953,65028,65081,53,75
64953,65012,65080,68,59
64953,65017,65085,68,64
64953,65017,65085,68,64
64953,65013,65085,72,60
64953,65029,65085,56,76
64953,65035,65087,52,82
64953,65013,65088,75,60
64953,65027,65088,61,74
64953,65015,65088,73,62
64953,65019,65088,69,66
64953,65015,65088,73,62
64953,65018,65089,71,65
64953,65015,65089,74,62
64953,65015,65089,74,62
64953,65014,65089,75,61
64953,65016,65090,74,63
64953,65016,65091,75,63
64953,65015,65091,76,62
64953,65010,65091,81,57
64953,65030,65092,62,77
64953,65017,65093,76,64
64953,65041,65096,55,88
64953,65052,65099,47,99
64953,65045,65099,54,92
64953,65055,65104,49,102
64953,65055,65108,53,102
64953,65052,65109,57,99
64953,65053,65109,56,100
64953,65063,65112,49,110
64953,65053,65113,60,100
64953,65063,65114,51,110
64953,65053,65116,63,100
64953,65063,65117,54,110
64953,65061,65118,57,108
64953,65058,65119,61,105
64953,65056,65119,63,103
64953,65063,65119,56,110
64953,65069,65120,51,116
64953,65064,65120,56,111
64953,65069,65122,53,116
64953,65066,65122,56,113
64953,65067,65122,55,114
64953,65064,65123,59,111
64953,65056,65124,68,103
64953,65050,65124,74,97
64953,65065,65126,61,112
64953,65057,65126,69,104
64953,65067,65129,62,114
64953,65070,65134,64,117
64953,65071,65135,64,118
64953,65070,65136,66,117
64953,65069,65136,67,116
64953,65069,65136,67,116
64953,65061,65138,77,108
64953,65073,65138,65,120
64953,65064,65140,76,111
64953,65069,65140,71,116
64953,65072,65140,68,119
64953,65065,65141,76,112
64953,65072,65143,71,119
64953,65068,65144,76,115
65159,65159,65207,48,0
65159,65159,65208,49,0
65159,65159,65209,50,0
65159,65159,65210,51,0
65159,65159,65211,52,0
65159,65159,65211,52,0
65159,65159,65212,53,0
65159,65159,65213,54,0
65159,65159,65213,54,0
65159,65159,65213,54,0
65159,65159,65214,55,0
65159,65159,65215,56,0
65159,65159,65215,56,0
65159,65159,65217,58,0
65159,65159,65217,58,0
65159,65159,65218,59,0
65159,65159,65218,59,0
65159,65159,65218,59,0
65159,65159,65219,60,0
65159,65159,65219,60,0
65159,65159,65219,60,0
65159,65159,65219,60,0
65159,65159,65219,60,0
65159,65159,65219,60,0
65159,65159,65220,61,0
65159,65159,65220,61,0
65159,65159,65221,62,0
65159,65159,65221,62,0
65159,65159,65222,63,0
65159,65159,65222,63,0
65159,65159,65222,63,0
65159,65159,65223,64,0
65159,65159,65223,64,0
65159,65159,65223,64,0
65159,65159,65224,65,0
65159,65159,65224,65,0
65159,65159,65224,65,0
65159,65159,65224,65,0
65159,65159,65225,66,0
65159,65159,65226,67,0
65159,65159,65226,67,0
65159,65159,65227,68,0
65159,65159,65226,67,0
65159,65159,65227,68,0
65159,65159,65228,69,0
65159,65159,65228,69,0
65159,65159,65229,70,0
65159,65159,65230,71,0
65159,65159,65231,72,0
65159,65159,65232,73,0
65159,65159,65233,74,0
65245,65245,65293,48,0
65245,65245,65294,49,0
65245,65245,65297,52,0
65245,65245,65297,52,0
65245,65245,65297,52,0
65245,65245,65299,54,0
65245,65245,65302,57,0
65245,65245,65302,57,0
65245,65245,65303,58,0
65245,65245,65304,59,0
65245,65245,65305,60,0
65245,65245,65305,60,0
65245,65245,65305,60,0
65245,65245,65305,60,0
65245,65245,65306,61,0
65245,65245,65306,61,0
65245,65245,65306,61,0
65245,65245,65306,61,0
65245,65245,65307,62,0
65245,65245,65307,62,0
65245,65245,65308,63,0
65245,65245,65307,62,0
65245,65245,65308,63,0
65245,65245,65308,63,0
65245,65245,65308,63,0
65245,65245,65309,64,0
65245,65245,65310,65,0
65245,65245,65310,65,0
65245,65245,65310,65,0
65245,65245,65310,65,0
65245,65245,65310,65,0
65245,65245,65310,65,0
65245,65245,65311,66,0
65245,65245,65311,66,0
65245,65245,65311,66,0
65245,65245,65312,67,0
65245,65245,65311,66,0
65245,65245,65312,67,0
65245,65245,65312,67,0
65245,65245,65311,66,0
65245,65245,65312,67,0
65245,65245,65313,68,0
65245,65245,65313,68,0
65245,65245,65313,68,0
65245,65245,65313,68,0
65245,65245,65313,68,0
65245,65245,65313,68,0
65245,65245,65313,68,0
65245,65245,65313,68,0
65245,65245,65314,69,0
65245,65245,65314,69,0
65245,65245,65314,69,0
65245,65245,65314,69,0
65245,65245,65315,70,0
65245,65245,65315,70,0
65245,65245,65315,70,0
65245,65245,65315,70,0
65245,65245,65317,72,0
65245,65245,65316,71,0
65245,65245,65316,71,0
65245,65245,65318,73,0
65245,65245,65318,73,0
65245,65245,65318,73,0
65245,65245,65319,74,0
65245,65245,65319,74,0
65245,65245,65319,74,0
65245,65245,65319,74,0
65245,65245,65320,75,0
65245,65245,65321,76,0
65245,65245,65321,76,0
65245,65245,65321,76,0
65245,65245,65321,76,0
65245,65245,65322,77,0
65245,65245,65322,77,0
65245,65245,65323,78,0
65245,65245,65324,79,0
65245,65245,65325,80,0
65245,65245,65326,81,0
65245,65245,65327,82,0
65245,65245,65330,85,0
65245,65314,65340,26,69
65245,65314,65340,26,69
65245,65314,65342,28,69
65245,65314,65343,29,69
65245,65315,65346,31,70
65245,65315,65345,30,70
65245,65314,65346,32,69
65245,65314,65347,33,69
65245,65314,65351,37,69
65245,65314,65351,37,69
65245,65317,65351,34,72
65245,65317,65352,35,72
65245,65316,65353,37,71
65245,65315,65352,37,70
65245,65316,65357,41,71
65245,65319,65356,37,74
65245,65315,65359,44,70
65245,65297,65360,63,52
65245,65316,65360,44,71
65245,65317,65363,46,72
65245,65320,65363,43,75
65245,65326,65363,37,81
65245,65320,65363,43,75
65245,65297,65364,67,52
65245,65322,65363,41,77
65245,65313,65365,52,68
65245,65319,65364,45,74
65245,65305,65365,60,60
65245,65305,65366,61,60
65245,65323,65366,43,78
65245,65320,65366,46,75
65245,65306,65368,62,61
65245,65295,65367,72,50
65245,65312,65367,55,67
65245,65322,65367,45,77
65245,65303,65368,65,58
65245,65305,65369,64,60
65245,65297,65369,72,52
65245,65307,65369,62,62
65245,65306,65368,62,61
65245,65324,65369,45,79
65245,65304,65369,65,59
65245,65299,65371,72,54
65245,65325,65370,45,80
65245,65320,65370,50,75
65245,65313,65371,58,68
65245,65312,65372,60,67
65245,65313,65371,58,68
65245,65293,65372,79,48
65245,65307,65372,65,62
65245,65313,65372,59,68
65245,65319,65373,54,74
65245,65321,65373,52,76
65245,65322,65372,50,77
65245,65305,65373,68,60
65245,65306,65373,67,61
65245,65322,65375,53,77
65245,65303,65374,71,58
65245,65311,65374,63,66
65245,65309,65375,66,64
65245,65322,65375,53,77
65245,65308,65376,68,63
65245,65302,65377,75,57
65245,65312,65378,66,67
65245,65327,65378,51,82
65245,65309,65380,71,64
65245,65310,65381,71,65
65245,65310,65382,72,65
65245,65310,65382,72,65
65245,65330,65381,51,85
65245,65308,65381,73,63
65245,65306,65382,76,61
65245,65309,65384,75,64
65245,65311,65384,73,66
65245,65310,65386,76,65
65245,65328,65385,57,83
65245,65311,65386,75,66
65245,65311,65387,76,66
65245,65310,65387,77,65
65245,65309,65388,79,64
65245,65346,65391,45,101
65245,65341,65396,55,96
65245,65341,65398,57,96
65245,65344,65399,55,99
65245,65343,65399,56,98
65245,65352,65403,51,107
65245,65346,65402,56,101
65245,65352,65407,55,107
65245,65348,65410,62,103
65245,65353,65415,62,108
65245,65357,65416,59,112
65245,65361,65416,55,116
65245,65352,65418,66,107
65245,65360,65418,58,115
65245,65365,65418,53,120
65245,65364,65420,56,119
65245,65360,65421,61,115
65245,65347,65421,74,102
65245,65364,65422,58,119
65245,65368,65423,55,123
65245,65363,65422,59,118
65245,65357,65423,66,112
65245,65364,65424,60,119
65245,65364,65424,60,119
65245,65368,65424,56,123
65245,65353,65426,73,108
65245,65368,65426,58,123
65245,65352,65428,76,107
65245,65369,65427,58,124
65245,65367,65428,61,122
65245,65369,65428,59,124
65245,65369,65432,63,124
65245,65367,65433,66,122
65245,65364,65435,71,119
65245,65367,65438,71,122
65245,65368,65437,69,123
65245,65366,65438,72,121
65245,65365,65440,75,120
65245,65369,65443,74,124
65458,65458,65508,50,0
65458,65458,65508,50,0
65458,65458,65510,52,0
65458,65458,65512,54,0
65458,65458,65512,54,0
65458,65459,65513,54,1
65458,65459,65515,56,1
65458,65458,65516,58,0
65458,65458,65517,59,0
65458,65459,65516,57,1
65458,65459,65518,59,1
65458,65459,65518,59,1
65458,65458,65518,60,0
65458,65459,65518,59,1
65458,65458,65519,61,0
65458,65458,65520,62,0
65458,65458,65519,61,0
65458,65458,65519,61,0
65458,65458,65519,61,0
65458,65459,65519,60,1
65458,65458,65519,61,0
65458,65458,65521,63,0
65458,65459,65521,62,1
65458,65458,65522,64,0
65458,65458,65522,64,0
65458,65458,65523,65,0
65458,65458,65523,65,0
65458,65459,65523,64,1
65458,65458,65523,65,0
65458,65458,65523,65,0
65458,65458,65524,66,0
65458,65458,65524,66,0
65458,65458,65524,66,0
65458,65458,65525,67,0
65458,65458,65526,68,0
65458,65458,65526,68,0
65458,65458,65526,68,0
65458,65458,65527,69,0
65458,65458,65528,70,0
65458,65458,65529,71,0
65458,65458,65530,72,0
65458,65458,65531,73,0
65458,65458,65532,74,0
65458,65458,65532,74,0
65458,65459,65532,73,1
65458,65458,65533,75,0
65458,65458,65535,77,0
65458,65458,65535,77,0
65458,65458,65535,77,0
65458,65458,65536,78,0
65458,65458,65538,80,0
65544,65545,65590,45,1
65544,65545,65593,48,1
65544,65545,65595,50,1
65544,65545,65597,52,1
65544,65545,65597,52,1
65544,65545,65598,53,1
65544,65545,65599,54,1
65544,65545,65601,56,1
65544,65545,65602,57,1
65544,65545,65603,58,1
65544,65545,65603,58,1
65544,65545,65602,57,1
65544,65544,65603,59,0
65544,65545,65602,57,1
65544,65545,65603,58,1
65544,65545,65603,58,1
65544,65545,65604,59,1
65544,65545,65604,59,1
65544,65545,65604,59,1
65544,65545,65606,61,1
65544,65545,65605,60,1
65544,65545,65606,61,1
65544,65545,65607,62,1
65544,65545,65606,61,1
65544,65544,65606,62,0
65544,65545,65607,62,1
65544,65544,65607,63,0
65544,65545,65607,62,1
65544,65545,65608,63,1
65544,65545,65609,64,1
65544,65544,65609,65,0
65544,65545,65610,65,1
65544,65545,65609,64,1
65544,65545,65609,64,1
65544,65545,65610,65,1
65544,65544,65610,66,0
65544,65545,65610,65,1
65544,65545,65611,66,1
65544,65545,65611,66,1
65544,65545,65611,66,1
65544,65545,65611,66,1
65544,65544,65613,69,0
65544,65544,65613,69,0
65544,65545,65612,67,1
65544,65545,65614,69,1
65544,65545,65614,69,1
65544,65545,65614,69,1
65544,65545,65614,69,1
65544,65545,65615,70,1
65544,65544,65614,70,0
65544,65544,65614,70,0
65544,65545,65616,71,1
65544,65545,65616,71,1
65544,65545,65616,71,1
65544,65545,65617,72,1
65544,65545,65616,71,1
65544,65544,65616,72,0
65544,65545,65616,71,1
65544,65545,65617,72,1
65544,65545,65617,72,1
65544,65545,65616,71,1
65544,65545,65617,72,1
65544,65544,65618,74,0
65544,65545,65619,74,1
65544,65545,65619,74,1
65544,65545,65620,75,1
65544,65545,65620,75,1
65544,65545,65620,75,1
65544,65545,65621,76,1
65544,65545,65621,76,1
65544,65545,65622,77,1
65544,65544,65623,79,0
65544,65545,65624,79,1
65544,65545,65624,79,1
65544,65545,65625,80,1
65544,65544,65626,82,0
65544,65544,65626,82,0
65544,65544,65627,83,0
65544,65545,65628,83,1
65544,65545,65635,90,1
65544,65615,65641,26,71
65544,65615,65642,27,71
65544,65614,65641,27,70
65544,65615,65644,29,71
65544,65614,65645,31,70
65544,65614,65647,33,70
65544,65613,65648,35,69
65544,65615,65648,33,71
65544,65616,65649,33,72
65544,65616,65650,34,72
65544,65616,65651,35,72
65544,65617,65654,37,73
65544,65613,65654,41,69
65544,65617,65654,37,73
65544,65617,65656,39,73
65544,65591,65655,64,47
65544,65617,65657,40,73
65544,65617,65657,40,73
65544,65603,65659,56,59
65544,65617,65660,43,73
65544,65624,65661,37,80
65544,65617,65663,46,73
65544,65603,65663,60,59
65544,65594,65664,70,50
65544,65603,65664,61,59
65544,65604,65664,60,60
65544,65605,65665,60,61
65544,65596,65666,70,52
65544,65603,65666,63,59
65544,65605,65666,61,61
65544,65613,65665,52,69
65544,65621,65666,45,77
65544,65602,65667,65,58
65544,65621,65666,45,77
65544,65619,65667,48,75
65544,65600,65667,67,56
65544,65620,65667,47,76
65544,65599,65668,69,55
65544,65620,65667,47,76
65544,65622,65668,46,78
65544,65606,65669,63,62
65544,65598,65669,71,54
65544,65622,65670,48,78
65544,65598,65671,73,54
65544,65603,65671,68,59
65544,65626,65671,45,82
65544,65603,65671,68,59
65544,65620,65671,51,76
65544,65618,65671,53,74
65544,65602,65673,71,58
65544,65607,65673,66,63
65544,65623,65673,50,79
65544,65625,65674,49,81
65544,65612,65675,63,68
65544,65611,65675,64,67
65544,65606,65675,69,62
65544,65609,65676,67,65
65544,65612,65675,63,68
65544,65611,65676,65,67
65544,65624,65677,53,80
65544,65606,65678,72,62
65544,65627,65678,51,83
65544,65610,65680,70,66
65544,65607,65681,74,63
65544,65609,65681,72,65
65544,65610,65681,71,66
65544,65612,65681,69,68
65544,65627,65682,55,83
65544,65608,65682,74,64
65544,65610,65682,72,66
65544,65608,65683,75,64
65544,65608,65682,74,64
65544,65622,65683,61,78
65544,65605,65683,78,61
65544,65609,65685,76,65
65544,65611,65685,74,67
65544,65628,65686,58,84
65544,65647,65690,43,103
65544,65610,65690,80,66
65544,65642,65692,50,98
65544,65635,65693,58,91
65544,65607,65693,86,63
65544,65642,65694,52,98
65544,65646,65695,49,102
65544,65644,65696,52,100
65544,65642,65698,56,98
65544,65649,65704,55,105
65544,65648,65706,58,104
65544,65656,65709,53,112
65544,65649,65710,61,105
65544,65659,65710,51,115
65544,65652,65714,62,108
65544,65661,65716,55,117
65544,65664,65716,52,120
65544,65657,65717,60,113
65544,65650,65719,69,106
65544,65660,65720,60,116
65544,65655,65722,67,111
65544,65656,65722,66,112
65544,65654,65724,70,110
65544,65666,65726,60,122
65544,65657,65726,69,113
65544,65663,65727,64,119
65544,65666,65728,62,122
65544,65665,65729,64,121
65544,65654,65730,76,110
65544,65666,65732,66,122
65544,65665,65732,67,121
65544,65668,65733,65,124
65544,65668,65734,66,124
65544,65663,65734,71,119
65544,65664,65735,71,120
65544,65667,65736,69,123
65544,65668,65737,69,124
65544,65666,65737,71,122
65544,65667,65738,71,123
65544,65667,65739,72,123
65544,65667,65739,72,123
65544,65666,65741,75,122
65775,65775,65820,45,0
65775,65775,65820,45,0
65775,65775,65826,51,0
65775,65775,65827,52,0
65775,65775,65828,53,0
65775,65775,65829,54,0
65775,65775,65829,54,0
65775,65775,65830,55,0
65775,65775,65832,57,0
65775,65775,65832,57,0
65775,65775,65832,57,0
65775,65775,65833,58,0
65775,65775,65834,59,0
65775,65775,65834,59,0
65775,65775,65834,59,0
65775,65775,65836,61,0
65775,65775,65836,61,0
65775,65775,65835,60,0
65775,65775,65837,62,0
65775,65775,65839,64,0
65775,65775,65838,63,0
65775,65775,65838,63,0
65775,65775,65840,65,0
65775,65775,65840,65,0
65775,65775,65842,67,0
65775,65775,65843,68,0
65775,65775,65843,68,0
65775,65775,65843,68,0
65775,65775,65843,68,0
65775,65775,65842,67,0
65775,65775,65843,68,0
65775,65775,65843,68,0
65775,65775,65844,69,0
65775,65775,65843,68,0
65775,65775,65845,70,0
65775,65775,65845,70,0
65775,65775,65845,70,0
65775,65775,65847,72,0
65775,65775,65846,71,0
65775,65775,65847,72,0
65775,65775,65848,73,0
65775,65775,65848,73,0
65775,65775,65849,74,0
65775,65775,65850,75,0
65775,65775,65851,76,0
65775,65775,65851,76,0
65775,65775,65852,77,0
65775,65775,65855,80,0
65775,65775,65855,80,0
65775,65775,65854,79,0
65775,65775,65860,85,0
65867,65867,65916,49,0
65867,65867,65918,51,0
65867,65867,65918,51,0
65867,65867,65919,52,0
65867,65867,65919,52,0
65867,65867,65919,52,0
65867,65867,65921,54,0
65867,65867,65921,54,0
65867,65867,65922,55,0
65867,65867,65923,56,0
65867,65867,65923,56,0
65867,65867,65923,56,0
65867,65867,65923,56,0
65867,65867,65924,57,0
65867,65867,65925,58,0
65867,65867,65926,59,0
65867,65867,65926,59,0
65867,65867,65928,61,0
65867,65867,65928,61,0
65867,65867,65929,62,0
65867,65867,65929,62,0
65867,65867,65929,62,0
65867,65867,65931,64,0
65867,65867,65931,64,0
65867,65867,65932,65,0
65867,65867,65932,65,0
65867,65867,65932,65,0
65867,65867,65932,65,0
65867,65867,65933,66,0
65867,65867,65933,66,0
65867,65867,65933,66,0
65867,65867,65933,66,0
65867,65867,65934,67,0
65867,65867,65935,68,0
65867,65867,65935,68,0
65867,65867,65937,70,0
65867,65867,65937,70,0
65867,65867,65937,70,0
65867,65867,65938,71,0
65867,65867,65938,71,0
65867,65867,65938,71,0
65867,65867,65938,71,0
65867,65867,65938,71,0
65867,65867,65939,72,0
65867,65867,65939,72,0
65867,65867,65939,72,0
65867,65867,65939,72,0
65867,65867,65940,73,0
65867,65867,65940,73,0
65867,65867,65940,73,0
65867,65867,65939,72,0
65867,65867,65939,72,0
65867,65867,65941,74,0
65867,65867,65941,74,0
65867,65867,65941,74,0
65867,65867,65940,73,0
65867,65867,65941,74,0
65867,65867,65942,75,0
65867,65867,65941,74,0
65867,65867,65942,75,0
65867,65867,65942,75,0
65867,65867,65942,75,0
65867,65867,65943,76,0
65867,65867,65943,76,0
65867,65867,65943,76,0
65867,65867,65944,77,0
65867,65867,65944,77,0
65867,65867,65944,77,0
65867,65867,65944,77,0
65867,65867,65944,77,0
65867,65867,65944,77,0
65867,65867,65944,77,0
65867,65867,65945,78,0
65867,65867,65945,78,0
65867,65867,65946,79,0
65867,65867,65948,81,0
65867,65867,65948,81,0
65867,65867,65949,82,0
65867,65867,65948,81,0
65867,65867,65951,84,0
65867,65940,65966,26,73
65867,65940,65967,27,73
65867,65940,65968,28,73
65867,65940,65969,29,73
65867,65940,65969,29,73
65867,65940,65971,31,73
65867,65939,65971,32,72
65867,65941,65974,33,74
65867,65941,65973,32,74
65867,65917,65975,58,50
65867,65920,65976,56,53
65867,65940,65976,36,73
65867,65940,65977,37,73
65867,65941,65978,37,74
65867,65942,65979,37,75
65867,65922,65981,59,55
65867,65942,65981,39,75
65867,65927,65981,54,60
65867,65927,65981,54,60
65867,65939,65983,44,72
65867,65943,65983,40,76
65867,65920,65983,63,53
65867,65943,65984,41,76
65867,65920,65984,64,53
65867,65919,65985,66,52
65867,65926,65987,61,59
65867,65929,65987,58,62
65867,65939,65987,48,72
65867,65943,65987,44,76
65867,65924,65988,64,57
65867,65929,65987,58,62
65867,65924,65988,64,57
65867,65941,65988,47,74
65867,65922,65989,67,55
65867,65942,65988,46,75
65867,65949,65988,39,82
65867,65925,65989,64,58
65867,65919,65989,70,52
65867,65938,65990,52,71
65867,65924,65989,65,57
65867,65924,65990,66,57
65867,65945,65990,45,78
65867,65948,65990,42,81
65867,65923,65991,68,56
65867,65945,65992,47,78
65867,65946,65993,47,79
65867,65944,65992,48,77
65867,65945,65993,48,78
65867,65939,65993,54,72
65867,65949,65993,44,82
65867,65945,65994,49,78
65867,65938,65995,57,71
65867,65930,65995,65,63
65867,65932,65996,64,65
65867,65949,65996,47,82
65867,65945,65996,51,78
65867,65946,65996,50,79
65867,65944,65998,54,77
65867,65944,65997,53,77
65867,65934,65997,63,67
65867,65929,65997,68,62
65867,65945,65998,53,78
65867,65939,65998,59,72
65867,65933,65999,66,66
65867,65937,65999,62,70
65867,65938,66002,64,71
65867,65930,66003,73,63
65867,65936,66003,67,69
65867,65934,66004,70,67
65867,65944,66004,60,77
65867,65932,66003,71,65
65867,65935,66006,71,68
65867,65946,66007,61,79
65867,65934,66007,73,67
65867,65951,66007,56,84
65867,65933,66009,76,66
65867,65936,66010,74,69
65867,65934,66010,76,67
65867,65933,66012,79,66
65867,65933,66012,79,66
65867,65968,66016,48,101
65867,65966,66017,51,99
65867,65970,66020,50,103
65867,65969,66020,51,102
65867,65972,66025,53,105
65867,65975,66026,51,108
65867,65971,66031,60,104
65867,65978,66032,54,111
65867,65982,66034,52,115
65867,65974,66035,61,107
65867,65969,66035,66,102
65867,65984,66038,54,117
65867,65981,66040,59,114
65867,65988,66040,52,121
65867,65974,66040,66,107
65867,65989,66041,52,122
65867,65978,66041,63,111
65867,65984,66043,59,117
65867,65988,66044,56,121
65867,65982,66044,62,115
65867,65990,66045,55,123
65867,65982,66046,64,115
65867,65987,66046,59,120
65867,65985,66047,62,118
65867,65979,66048,69,112
65867,65990,66049,59,123
65867,65976,66049,73,109
65867,65976,66051,75,109
65867,65986,66052,66,119
65867,65989,66052,63,122
65867,65987,66053,66,120
65867,65989,66055,66,122
65867,65983,66055,72,116
65867,65988,66056,68,121
65867,65989,66058,69,122
65867,65988,66058,70,121
65867,65985,66059,74,118
65867,65988,66059,71,121
65867,65987,66061,74,120
66076,66076,66122,46,0
66076,66076,66125,49,0
66076,66076,66129,53,0
66076,66076,66131,55,0
66076,66076,66131,55,0
66076,66076,66131,55,0
66076,66076,66132,56,0
66076,66076,66132,56,0
66076,66076,66133,57,0
66076,66076,66135,59,0
66076,66076,66135,59,0
66076,66076,66136,60,0
66076,66076,66137,61,0
66076,66076,66137,61,0
66076,66076,66137,61,0
66076,66076,66137,61,0
66076,66076,66138,62,0
66076,66076,66139,63,0
66076,66076,66139,63,0
66076,66076,66139,63,0
66076,66076,66140,64,0
66076,66076,66140,64,0
66076,66076,66141,65,0
66076,66076,66141,65,0
66076,66076,66143,67,0
66076,66076,66143,67,0
66076,66076,66144,68,0
66076,66076,66144,68,0
66076,66076,66145,69,0
66076,66076,66146,70,0
66076,66076,66146,70,0
66076,66076,66147,71,0
66076,66076,66147,71,0
66076,66076,66147,71,0
66076,66076,66147,71,0
66076,66076,66148,72,0
66076,66076,66149,73,0
66076,66076,66150,74,0
66076,66076,66150,74,0
66076,66076,66150,74,0
66076,66076,66150,74,0
66076,66076,66151,75,0
66076,66076,66151,75,0
66076,66076,66151,75,0
66076,66076,66152,76,0
66076,66076,66152,76,0
66076,66076,66152,76,0
66076,66076,66153,77,0
66076,66076,66156,80,0
66076,66076,66159,83,0
66076,66076,66162,86,0
66168,66168,66218,50,0
66168,66168,66219,51,0
66168,66168,66220,52,0
66168,66168,66221,53,0
66168,66168,66222,54,0
66168,66168,66223,55,0
66168,66168,66223,55,0
66168,66168,66223,55,0
66168,66168,66223,55,0
66168,66168,66224,56,0
66168,66168,66224,56,0
66168,66168,66224,56,0
66168,66168,66224,56,0
66168,66168,66225,57,0
66168,66168,66225,57,0
66168,66168,66226,58,0
66168,66168,66226,58,0
66168,66168,66227,59,0
66168,66168,66227,59,0
66168,66168,66228,60,0
66168,66168,66227,59,0
66168,66168,66228,60,0
66168,66168,66229,61,0
66168,66168,66231,63,0
66168,66168,66232,64,0
66168,66168,66231,63,0
66168,66168,66231,63,0
66168,66168,66232,64,0
66168,66168,66232,64,0
66168,66168,66233,65,0
66168,66168,66233,65,0
66168,66168,66233,65,0
66168,66168,66233,65,0
66168,66168,66233,65,0
66168,66168,66233,65,0
66168,66168,66233,65,0
66168,66168,66235,67,0
66168,66168,66235,67,0
66168,66168,66235,67,0
66168,66168,66236,68,0
66168,66168,66235,67,0
66168,66168,66235,67,0
66168,66168,66235,67,0
66168,66168,66236,68,0
66168,66168,66236,68,0
66168,66168,66236,68,0
66168,66168,66237,69,0
66168,66168,66237,69,0
66168,66168,66238,70,0
66168,66168,66238,70,0
66168,66168,66238,70,0
66168,66168,66238,70,0
66168,66168,66239,71,0
66168,66168,66239,71,0
66168,66168,66239,71,0
66168,66168,66240,72,0
66168,66168,66241,73,0
66168,66168,66240,72,0
66168,66168,66241,73,0
66168,66168,66240,72,0
66168,66168,66240,72,0
66168,66168,66240,72,0
66168,66168,66241,73,0
66168,66168,66241,73,0
66168,66168,66241,73,0
66168,66168,66241,73,0
66168,66168,66242,74,0
66168,66168,66242,74,0
66168,66168,66242,74,0
66168,66168,66244,76,0
66168,66168,66244,76,0
66168,66168,66244,76,0
66168,66168,66246,78,0
66168,66168,66245,77,0
66168,66168,66246,78,0
66168,66168,66246,78,0
66168,66168,66247,79,0
66168,66168,66247,79,0
66168,66168,66249,81,0
66168,66168,66249,81,0
66168,66239,66266,27,71
66168,66238,66266,28,70
66168,66237,66268,31,69
66168,66239,66271,32,71
66168,66240,66271,31,72
66168,66239,66272,33,71
66168,66237,66272,35,69
66168,66239,66273,34,71
66168,66238,66273,35,70
66168,66238,66273,35,70
66168,66237,66275,38,69
66168,66241,66276,35,73
66168,66241,66276,35,73
66168,66219,66279,60,51
66168,66241,66279,38,73
66168,66220,66281,61,52
66168,66221,66282,61,53
66168,66224,66283,59,56
66168,66224,66283,59,56
66168,66240,66283,43,72
66168,66226,66283,57,58
66168,66224,66283,59,56
66168,66223,66284,61,55
66168,66236,66285,49,68
66168,66236,66284,48,68
66168,66242,66285,43,74
66168,66225,66286,61,57
66168,66242,66285,43,74
66168,66225,66286,61,57
66168,66241,66287,46,73
66168,66222,66288,66,54
66168,66241,66287,46,73
66168,66243,66287,44,75
66168,66241,66288,47,73
66168,66225,66288,63,57
66168,66227,66289,62,59
66168,66241,66289,48,73
66168,66242,66289,47,74
66168,66226,66289,63,58
66168,66243,66290,47,75
66168,66224,66289,65,56
66168,66227,66290,63,59
66168,66242,66289,47,74
66168,66246,66291,45,78
66168,66225,66291,66,57
66168,66245,66294,49,77
66168,66245,66293,48,77
66168,66228,66295,67,60
66168,66228,66296,68,60
66168,66250,66295,45,82
66168,66228,66296,68,60
66168,66228,66297,69,60
66168,66246,66297,51,78
66168,66236,66298,62,68
66168,66245,66298,53,77
66168,66230,66299,69,62
66168,66234,66300,66,66
66168,66229,66301,72,61
66168,66247,66301,54,79
66168,66236,66302,66,68
66168,66248,66301,53,80
66168,66236,66302,66,68
66168,66250,66303,53,82
66168,66234,66305,71,66
66168,66236,66305,69,68
66168,66243,66304,61,75
66168,66233,66305,72,65
66168,66247,66306,59,79
66168,66234,66306,72,66
66168,66248,66307,59,80
66168,66234,66307,73,66
66168,66235,66308,73,67
66168,66232,66309,77,64
66168,66232,66309,77,64
66168,66233,66309,76,65
66168,66232,66308,76,64
66168,66232,66308,76,64
66168,66234,66310,76,66
66168,66234,66312,78,66
66168,66234,66316,82,66
66168,66267,66319,52,99
66168,66268,66324,56,100
66168,66267,66326,59,99
66168,66271,66328,57,103
66168,66273,66329,56,105
66168,66283,66333,50,115
66168,66276,66335,59,108
66168,66272,66335,63,104
66168,66283,66337,54,115
66168,66285,66337,52,117
66168,66286,66338,52,118
66168,66273,66339,66,105
66168,66272,66340,68,104
66168,66274,66340,66,106
66168,66288,66342,54,120
66168,66286,66345,59,118
66168,66275,66345,70,107
66168,66286,66345,59,118
66168,66282,66345,63,114
66168,66287,66347,60,119
66168,66283,66347,64,115
66168,66277,66349,72,109
66168,66283,66348,65,115
66168,66279,66350,71,111
66168,66285,66352,67,117
66168,66285,66353,68,117
66168,66289,66354,65,121
66168,66287,66355,68,119
66168,66288,66355,67,120
66168,66289,66355,66,121
66168,66274,66355,81,106
66168,66284,66356,72,116
66168,66280,66357,77,112
66168,66289,66358,69,121
66168,66289,66358,69,121
66168,66288,66359,71,120
66168,66289,66359,70,121
66168,66282,66361,79,114
66168,66288,66362,74,120
66377,66377,66425,48,0
66377,66377,66425,48,0
66377,66377,66425,48,0
66377,66377,66426,49,0
66377,66377,66427,50,0
66377,66377,66430,53,0
66377,66377,66430,53,0
66377,66377,66430,53,0
66377,66377,66430,53,0
66377,66377,66431,54,0
66377,66377,66431,54,0
66377,66377,66434,57,0
66377,66377,66434,57,0
66377,66377,66435,58,0
66377,66377,66436,59,0
66377,66377,66437,60,0
66377,66377,66437,60,0
66377,66377,66438,61,0
66377,66377,66439,62,0
66377,66377,66439,62,0
66377,66377,66439,62,0
66377,66377,66439,62,0
66377,66377,66440,63,0
66377,66377,66441,64,0
66377,66377,66441,64,0
66377,66377,66442,65,0
66377,66377,66442,65,0
66377,66377,66442,65,0
66377,66377,66442,65,0
66377,66377,66442,65,0
66377,66377,66445,68,0
66377,66377,66447,70,0
66377,66377,66447,70,0
66377,66377,66447,70,0
66377,66377,66447,70,0
66377,66377,66448,71,0
66377,66377,66449,72,0
66377,66377,66450,73,0
66377,66377,66450,73,0
66377,66377,66450,73,0
66377,66377,66451,74,0
66377,66377,66451,74,0
66377,66377,66452,75,0
66377,66377,66452,75,0
66377,66377,66453,76,0
66377,66377,66453,76,0
66377,66377,66454,77,0
66377,66377,66453,76,0
66377,66377,66454,77,0
66377,66377,66455,78,0
66377,66377,66460,83,0
66466,66466,66519,53,0
66466,66466,66520,54,0
66466,66466,66520,54,0
66466,66466,66522,56,0
66466,66466,66523,57,0
66466,66466,66523,57,0
66466,66466,66523,57,0
66466,66466,66524,58,0
66466,66466,66525,59,0
66466,66466,66525,59,0
66466,66466,66525,59,0
66466,66466,66525,59,0
66466,66466,66527,61,0
66466,66466,66526,60,0
66466,66466,66526,60,0
66466,66466,66526,60,0
66466,66466,66526,60,0
66466,66466,66527,61,0
66466,66466,66527,61,0
66466,66466,66527,61,0
66466,66466,66527,61,0
66466,66466,66528,62,0
66466,66466,66528,62,0
66466,66466,66530,64,0
66466,66466,66530,64,0
66466,66466,66530,64,0
66466,66466,66531,65,0
66466,66466,66531,65,0
66466,66466,66531,65,0
66466,66466,66531,65,0
66466,66466,66533,67,0
66466,66466,66532,66,0
66466,66466,66532,66,0
66466,66466,66532,66,0
66466,66466,66532,66,0
66466,66466,66532,66,0
66466,66466,66533,67,0
66466,66466,66533,67,0
66466,66466,66533,67,0
66466,66466,66533,67,0
66466,66466,66533,67,0
66466,66466,66534,68,0
66466,66466,66534,68,0
66466,66466,66534,68,0
66466,66466,66534,68,0
66466,66466,66534,68,0
66466,66466,66534,68,0
66466,66466,66534,68,0
66466,66466,66535,69,0
66466,66466,66535,69,0
66466,66466,66535,69,0
66466,66466,66535,69,0
66466,66466,66536,70,0
66466,66466,66536,70,0
66466,66466,66536,70,0
66466,66466,66536,70,0
66466,66466,66536,70,0
66466,66466,66536,70,0
66466,66466,66538,72,0
66466,66466,66537,71,0
66466,66466,66537,71,0
66466,66466,66537,71,0
66466,66466,66539,73,0
66466,66466,66539,73,0
66466,66466,66539,73,0
66466,66466,66540,74,0
66466,66466,66542,76,0
66466,66466,66542,76,0
66466,66466,66542,76,0
66466,66466,66544,78,0
66466,66466,66544,78,0
66466,66466,66543,77,0
66466,66466,66544,78,0
66466,66466,66544,78,0
66466,66466,66546,80,0
66466,66466,66548,82,0
66466,66466,66547,81,0
66466,66466,66547,81,0
66466,66466,66549,83,0
66466,66466,66549,83,0
66466,66535,66559,24,69
66466,66535,66562,27,69
66466,66536,66562,26,70
66466,66536,66563,27,70
66466,66536,66567,31,70
66466,66536,66567,31,70
66466,66535,66569,34,69
66466,66535,66570,35,69
66466,66537,66571,34,71
66466,66537,66571,34,71
66466,66538,66572,34,72
66466,66537,66574,37,71
66466,66537,66576,39,71
66466,66535,66575,40,69
66466,66536,66577,41,70
66466,66537,66577,40,71
66466,66538,66578,40,72
66466,66539,66578,39,73
66466,66538,66579,41,72
66466,66535,66581,46,69
66466,66525,66580,55,59
66466,66548,66583,35,82
66466,66538,66583,45,72
66466,66527,66584,57,61
66466,66520,66585,65,54
66466,66521,66585,64,55
66466,66535,66586,51,69
66466,66525,66587,62,59
66466,66524,66589,65,58
66466,66528,66589,61,62
66466,66540,66589,49,74
66466,66527,66590,63,61
66466,66541,66590,49,75
66466,66528,66590,62,62
66466,66521,66591,70,55
66466,66528,66591,63,62
66466,66524,66592,68,58
66466,66526,66592,66,60
66466,66540,66591,51,74
66466,66544,66593,49,78
66466,66546,66592,46,80
66466,66526,66594,68,60
66466,66532,66594,62,66
66466,66543,66594,51,77
66466,66524,66594,70,58
66466,66526,66594,68,60
66466,66544,66594,50,78
66466,66548,66593,45,82
66466,66531,66595,64,65
66466,66544,66595,51,78
66466,66543,66595,52,77
66466,66529,66596,67,63
66466,66529,66596,67,63
66466,66527,66595,68,61
66466,66527,66596,69,61
66466,66523,66597,74,57
66466,66542,66597,55,76
66466,66528,66598,70,62
66466,66532,66599,67,66
66466,66531,66599,68,65
66466,66548,66601,53,82
66466,66545,66601,56,79
66466,66534,66601,67,68
66466,66533,66602,69,67
66466,66532,66602,70,66
66466,66532,66602,70,66
66466,66533,66603,70,67
66466,66534,66603,69,68
66466,66533,66604,71,67
66466,66559,66605,46,93
66466,66549,66606,57,83
66466,66533,66605,72,67
66466,66533,66606,73,67
66466,66534,66607,73,68
66466,66531,66606,75,65
66466,66550,66607,57,84
66466,66533,66607,74,67
66466,66533,66609,76,67
66466,66527,66610,83,61
66466,66533,66611,78,67
66466,66564,66614,50,98
66466,66544,66615,71,78
66466,66577,66617,40,111
66466,66562,66618,56,96
66466,66562,66619,57,96
66466,66568,66622,54,102
66466,66572,66624,52,106
66466,66568,66625,57,102
66466,66578,66628,50,112
66466,66576,66629,53,110
66466,66570,66633,63,104
66466,66580,66634,54,114
66466,66572,66634,62,106
66466,66576,66635,59,110
66466,66581,66638,57,115
66466,66586,66638,52,120
66466,66569,66638,69,103
66466,66578,66639,61,112
66466,66592,66642,50,126
66466,66571,66642,71,105
66466,66585,66642,57,119
66466,66588,66643,55,122
66466,66583,66647,64,117
66466,66585,66647,62,119
66466,66577,66648,71,111
66466,66591,66649,58,125
66466,66574,66650,76,108
66466,66581,66650,69,115
66466,66583,66650,67,117
66466,66584,66650,66,118
66466,66592,66653,61,126
66466,66591,66655,64,125
66466,66589,66656,67,123
66466,66591,66656,65,125
66466,66592,66657,65,126
66466,66590,66658,68,124
66466,66590,66659,69,124
66466,66590,66659,69,124
66466,66589,66661,72,123
66676,66676,66720,44,0
66676,66677,66721,44,1
66676,66676,66724,48,0
66676,66676,66725,49,0
66676,66676,66726,50,0
66676,66676,66726,50,0
66676,66676,66726,50,0
66676,66676,66727,51,0
66676,66676,66727,51,0
66676,66677,66727,50,1
66676,66676,66728,52,0
66676,66676,66728,52,0
66676,66676,66729,53,0
66676,66676,66729,53,0
66676,66676,66730,54,0
66676,66677,66730,53,1
66676,66676,66730,54,0
66676,66676,66732,56,0
66676,66676,66733,57,0
66676,66676,66734,58,0
66676,66676,66735,59,0
66676,66676,66736,60,0
66676,66677,66736,59,1
66676,66676,66737,61,0
66676,66677,66736,59,1
66676,66676,66736,60,0
66676,66677,66736,59,1
66676,66676,66738,62,0
66676,66676,66739,63,0
66676,66676,66743,67,0
66676,66677,66743,66,1
66676,66676,66744,68,0
66676,66677,66744,67,1
66676,66676,66744,68,0
66676,66676,66744,68,0
66676,66676,66745,69,0
66676,66676,66746,70,0
66676,66676,66746,70,0
66676,66676,66746,70,0
66676,66676,66748,72,0
66676,66676,66748,72,0
66676,66676,66748,72,0
66676,66676,66749,73,0
66676,66676,66750,74,0
66676,66676,66750,74,0
66676,66676,66752,76,0
66676,66677,66752,75,1
66676,66677,66754,77,1
66676,66676,66754,78,0
66676,66677,66756,79,1
66676,66676,66760,84,0
66765,66765,66812,47,0
66765,66765,66815,50,0
66765,66765,66814,49,0
66765,66765,66816,51,0
66765,66765,66816,51,0
66765,66765,66817,52,0
66765,66765,66818,53,0
66765,66765,66819,54,0
66765,66765,66821,56,0
66765,66765,66822,57,0
66765,66765,66821,56,0
66765,66765,66822,57,0
66765,66765,66822,57,0
66765,66765,66823,58,0
66765,66765,66823,58,0
66765,66765,66823,58,0
66765,66765,66823,58,0
66765,66765,66825,60,0
66765,66765,66824,59,0
66765,66765,66824,59,0
66765,66765,66825,60,0
66765,66766,66825,59,1
66765,66765,66826,61,0
66765,66765,66826,61,0
66765,66765,66826,61,0
66765,66765,66826,61,0
66765,66765,66827,62,0
66765,66766,66827,61,1
66765,66765,66826,61,0
66765,66765,66828,63,0
66765,66765,66827,62,0
66765,66765,66827,62,0
66765,66765,66827,62,0
66765,66765,66829,64,0
66765,66765,66829,64,0
66765,66765,66830,65,0
66765,66765,66829,64,0
66765,66765,66829,64,0
66765,66765,66829,64,0
66765,66765,66830,65,0
66765,66765,66830,65,0
66765,66765,66830,65,0
66765,66765,66830,65,0
66765,66765,66830,65,0
66765,66765,66830,65,0
66765,66765,66830,65,0
66765,66765,66831,66,0
66765,66765,66831,66,0
66765,66765,66831,66,0
66765,66765,66832,67,0
66765,66765,66831,66,0
66765,66765,66833,68,0
66765,66765,66833,68,0
66765,66765,66832,67,0
66765,66765,66832,67,0
66765,66765,66832,67,0
66765,66765,66833,68,0
66765,66765,66832,67,0
66765,66765,66833,68,0
66765,66765,66834,69,0
66765,66765,66834,69,0
66765,66765,66834,69,0
66765,66765,66836,71,0
66765,66765,66835,70,0
66765,66765,66836,71,0
66765,66765,66836,71,0
66765,66765,66835,70,0
66765,66765,66837,72,0
66765,66765,66836,71,0
66765,66765,66836,71,0
66765,66765,66837,72,0
66765,66766,66838,72,1
66765,66765,66838,73,0
66765,66765,66838,73,0
66765,66765,66838,73,0
66765,66765,66838,73,0
66765,66765,66841,76,0
66765,66765,66842,77,0
66765,66765,66843,78,0
66765,66765,66844,79,0
66765,66832,66860,28,67
66765,66832,66860,28,67
66765,66831,66865,34,66
66765,66832,66865,33,67
66765,66831,66865,34,66
66765,66833,66865,32,68
66765,66832,66865,33,67
66765,66833,66867,34,68
66765,66833,66867,34,68
66765,66834,66867,33,69
66765,66832,66866,34,67
66765,66831,66867,36,66
66765,66833,66869,36,68
66765,66831,66872,41,66
66765,66835,66872,37,70
66765,66833,66873,40,68
66765,66833,66874,41,68
66765,66813,66874,61,48
66765,66835,66874,39,70
66765,66833,66876,43,68
66765,66836,66877,41,71
66765,66835,66877,42,70
66765,66815,66877,62,50
66765,66824,66879,55,59
66765,66820,66880,60,55
66765,66838,66880,42,73
66765,66817,66880,63,52
66765,66825,66880,55,60
66765,66839,66881,42,74
66765,66817,66882,65,52
66765,66837,66883,46,72
66765,66824,66884,60,59
66765,66815,66884,69,50
66765,66842,66885,43,77
66765,66830,66885,55,65
66765,66836,66886,50,71
66765,66831,66886,55,66
66765,66822,66887,65,57
66765,66821,66886,65,56
66765,66825,66887,62,60
66765,66836,66888,52,71
66765,66831,66888,57,66
66765,66839,66888,49,74
66765,66836,66888,52,71
66765,66826,66889,63,61
66765,66817,66889,72,52
66765,66837,66888,51,72
66765,66827,66889,62,62
66765,66830,66889,59,65
66765,66824,66890,66,59
66765,66825,66889,64,60
66765,66819,66890,71,54
66765,66839,66890,51,74
66765,66836,66891,55,71
66765,66822,66892,70,57
66765,66828,66894,66,63
66765,66838,66894,56,73
66765,66823,66894,71,58
66765,66823,66893,70,58
66765,66845,66894,49,80
66765,66824,66896,72,59
66765,66827,66896,69,62
66765,66827,66895,68,62
66765,66828,66895,67,63
66765,66826,66897,71,61
66765,66843,66897,54,78
66765,66828,66898,70,63
66765,66839,66899,60,74
66765,66844,66900,56,79
66765,66827,66899,72,62
66765,66837,66902,65,72
66765,66827,66902,75,62
66765,66830,66901,71,65
66765,66830,66902,72,65
66765,66830,66905,75,65
66765,66830,66904,74,65
66765,66829,66905,76,64
66765,66828,66906,78,63
66765,66827,66906,79,62
66765,66827,66908,81,62
66765,66865,66917,52,100
66765,66861,66918,57,96
66765,66861,66919,58,96
66765,66872,66920,48,107
66765,66866,66921,55,101
66765,66865,66922,57,100
66765,66866,66923,57,101
66765,66865,66924,59,100
66765,66873,66924,51,108
66765,66874,66925,51,109
66765,66874,66927,53,109
66765,66867,66928,61,102
66765,66880,66929,49,115
66765,66867,66929,62,102
66765,66867,66932,65,102
66765,66878,66932,54,113
66765,66875,66934,59,110
66765,66873,66935,62,108
66765,66881,66936,55,116
66765,66868,66935,67,103
66765,66877,66937,60,112
66765,66867,66939,72,102
66765,66881,66939,58,116
66765,66869,66940,71,104
66765,66887,66940,53,122
66765,66881,66941,60,116
66765,66886,66942,56,121
66765,66883,66944,61,118
66765,66886,66944,58,121
66765,66878,66945,67,113
66765,66879,66945,66,114
66765,66877,66947,70,112
66765,66887,66948,61,122
66765,66882,66949,67,117
66765,66885,66949,64,120
66765,66887,66956,69,122
66765,66881,66956,75,116
66765,66884,66957,73,119
66765,66886,66960,74,121
66974,66975,67022,47,1
66974,66975,67023,48,1
66974,66975,67023,48,1
66974,66974,67026,52,0
66974,66975,67027,52,1
66974,66975,67027,52,1
66974,66975,67027,52,1
66974,66975,67028,53,1
66974,66974,67029,55,0
66974,66974,67029,55,0
66974,66975,67029,54,1
66974,66974,67031,57,0
66974,66974,67031,57,0
66974,66975,67032,57,1
66974,66974,67031,57,0
66974,66975,67031,56,1
66974,66974,67032,58,0
66974,66974,67033,59,0
66974,66975,67034,59,1
66974,66975,67034,59,1
66974,66975,67034,59,1
66974,66975,67037,62,1
66974,66974,67037,63,0
66974,66975,67038,63,1
66974,66974,67038,64,0
66974,66974,67038,64,0
66974,66975,67038,63,1
66974,66974,67038,64,0
66974,66974,67038,64,0
66974,66974,67039,65,0
66974,66974,67039,65,0
66974,66974,67040,66,0
66974,66974,67040,66,0
66974,66974,67040,66,0
66974,66975,67040,65,1
66974,66975,67042,67,1
66974,66974,67042,68,0
66974,66974,67043,69,0
66974,66974,67045,71,0
66974,66975,67045,70,1
66974,66974,67046,72,0
66974,66974,67047,73,0
66974,66974,67049,75,0
66974,66974,67048,74,0
66974,66975,67049,74,1
66974,66974,67050,76,0
66974,66974,67049,75,0
66974,66974,67050,76,0
66974,66974,67050,76,0
66974,66974,67052,78,0
66974,66974,67054,80,0
67061,67061,67109,48,0
67061,67061,67113,52,0
67061,67061,67114,53,0
67061,67061,67114,53,0
67061,67061,67113,52,0
67061,67061,67113,52,0
67061,67061,67115,54,0
67061,67061,67116,55,0
67061,67061,67115,54,0
67061,67061,67116,55,0
67061,67061,67117,56,0
67061,67061,67117,56,0
67061,67061,67119,58,0
67061,67061,67118,57,0
67061,67061,67118,57,0
67061,67061,67119,58,0
67061,67061,67119,58,0
67061,67061,67119,58,0
67061,67061,67120,59,0
67061,67061,67121,60,0
67061,67061,67120,59,0
67061,67061,67120,59,0
67061,67061,67120,59,0
67061,67061,67122,61,0
67061,67061,67121,60,0
67061,67061,67122,61,0
67061,67061,67122,61,0
67061,67061,67123,62,0
67061,67061,67123,62,0
67061,67061,67122,61,0
67061,67061,67122,61,0
67061,67061,67123,62,0
67061,67061,67124,63,0
67061,67061,67124,63,0
67061,67061,67124,63,0
67061,67061,67125,64,0
67061,67061,67124,63,0
67061,67061,67125,64,0
67061,67061,67125,64,0
67061,67061,67125,64,0
67061,67061,67125,64,0
67061,67061,67127,66,0
67061,67061,67127,66,0
67061,67061,67127,66,0
67061,67061,67126,65,0
67061,67061,67126,65,0
67061,67061,67126,65,0
67061,67061,67127,66,0
67061,67061,67128,67,0
67061,67061,67128,67,0
67061,67061,67127,66,0
67061,67061,67128,67,0
67061,67061,67129,68,0
67061,67061,67128,67,0
67061,67061,67129,68,0
67061,67061,67129,68,0
67061,67061,67130,69,0
67061,67061,67131,70,0
67061,67061,67130,69,0
67061,67061,67131,70,0
67061,67061,67131,70,0
67061,67061,67130,69,0
67061,67061,67130,69,0
67061,67061,67130,69,0
67061,67061,67131,70,0
67061,67061,67133,72,0
67061,67061,67133,72,0
67061,67061,67133,72,0
67061,67061,67133,72,0
67061,67061,67134,73,0
67061,67061,67134,73,0
67061,67061,67135,74,0
67061,67061,67136,75,0
67061,67061,67137,76,0
67061,67061,67137,76,0
67061,67061,67138,77,0
67061,67061,67138,77,0
67061,67061,67140,79,0
67061,67061,67141,80,0
67061,67061,67143,82,0
67061,67128,67153,25,67
67061,67127,67155,28,66
67061,67128,67155,27,67
67061,67127,67157,30,66
67061,67127,67158,31,66
67061,67128,67159,31,67
67061,67129,67159,30,68
67061,67129,67159,30,68
67061,67128,67160,32,67
67061,67128,67161,33,67
67061,67129,67161,32,68
67061,67127,67161,34,66
67061,67131,67164,33,70
67061,67130,67166,36,69
67061,67129,67166,37,68
67061,67131,67167,36,70
67061,67131,67167,36,70
67061,67131,67168,37,70
67061,67113,67168,55,52
67061,67127,67170,43,66
67061,67132,67172,40,71
67061,67134,67173,39,73
67061,67114,67175,61,53
67061,67131,67175,44,70
67061,67127,67176,49,66
67061,67116,67176,60,55
67061,67131,67176,45,70
67061,67136,67177,41,75
67061,67126,67177,51,65
67061,67117,67178,61,56
67061,67120,67179,59,59
67061,67134,67180,46,73
67061,67114,67180,66,53
67061,67126,67180,54,65
67061,67133,67181,48,72
67061,67131,67181,50,70
67061,67117,67181,64,56
67061,67117,67181,64,56
67061,67114,67181,67,53
67061,67121,67181,60,60
67061,67134,67182,48,73
67061,67110,67182,72,49
67061,67114,67183,69,53
67061,67119,67184,65,58
67061,67137,67185,48,76
67061,67119,67186,67,58
67061,67140,67186,46,79
67061,67121,67186,65,60
67061,67119,67186,67,58
67061,67119,67186,67,58
67061,67125,67187,62,64
67061,67138,67187,49,77
67061,67121,67188,67,60
67061,67133,67189,56,72
67061,67116,67189,73,55
67061,67125,67189,64,64
67061,67121,67190,69,60
67061,67120,67190,70,59
67061,67122,67190,68,61
67061,67135,67192,57,74
67061,67122,67192,70,61
67061,67115,67194,79,54
67061,67125,67194,69,64
67061,67143,67194,51,82
67061,67133,67194,61,72
67061,67123,67195,72,62
67061,67123,67196,73,62
67061,67119,67198,79,58
67061,67124,67198,74,63
67061,67123,67198,75,62
67061,67123,67198,75,62
67061,67153,67199,46,92
67061,67124,67199,75,63
67061,67123,67200,77,62
67061,67123,67200,77,62
67061,67137,67200,63,76
67061,67125,67201,76,64
67061,67125,67202,77,64
67061,67141,67202,61,80
67061,67138,67203,65,77
67061,67125,67209,84,64
67061,67157,67211,54,96
67061,67159,67214,55,98
67061,67159,67215,56,98
67061,67167,67215,48,106
67061,67161,67216,55,100
67061,67155,67217,62,94
67061,67166,67220,54,105
67061,67162,67221,59,101
67061,67159,67223,64,98
67061,67155,67222,67,94
67061,67167,67223,56,106
67061,67158,67226,68,97
67061,67166,67227,61,105
67061,67168,67228,60,107
67061,67161,67228,67,100
67061,67175,67228,53,114
67061,67170,67229,59,109
67061,67164,67231,67,103
67061,67182,67233,51,121
67061,67182,67234,52,121
67061,67168,67234,66,107
67061,67181,67235,54,120
67061,67177,67235,58,116
67061,67182,67235,53,121
67061,67172,67236,64,111
67061,67176,67236,60,115
67061,67182,67236,54,121
67061,67178,67236,58,117
67061,67160,67236,76,99
67061,67176,67237,61,115
67061,67174,67241,67,113
67061,67181,67244,63,120
67061,67178,67245,67,117
67061,67181,67245,64,120
67061,67175,67250,75,114
67061,67180,67252,72,119
67061,67177,67254,77,116
67061,67180,67255,75,119
67270,67270,67311,41,0
67270,67270,67314,44,0
67270,67270,67317,47,0
67270,67270,67319,49,0
67270,67270,67319,49,0
67270,67270,67320,50,0
67270,67270,67320,50,0
67270,67270,67322,52,0
67270,67270,67324,54,0
67270,67270,67323,53,0
67270,67270,67325,55,0
67270,67270,67325,55,0
67270,67270,67327,57,0
67270,67270,67327,57,0
67270,67270,67327,57,0
67270,67270,67327,57,0
67270,67270,67328,58,0
67270,67270,67329,59,0
67270,67270,67329,59,0
67270,67270,67329,59,0
67270,67270,67330,60,0
67270,67270,67330,60,0
67270,67270,67330,60,0
67270,67270,67331,61,0
67270,67270,67331,61,0
67270,67270,67332,62,0
67270,67270,67333,63,0
67270,67270,67333,63,0
67270,67270,67333,63,0
67270,67270,67334,64,0
67270,67270,67333,63,0
67270,67270,67333,63,0
67270,67270,67336,66,0
67270,67270,67337,67,0
67270,67270,67336,66,0
67270,67270,67336,66,0
67270,67270,67337,67,0
67270,67270,67337,67,0
67270,67270,67338,68,0
67270,67270,67339,69,0
67270,67270,67341,71,0
67270,67270,67340,70,0
67270,67270,67341,71,0
67270,67270,67341,71,0
67270,67270,67341,71,0
67270,67270,67342,72,0
67270,67270,67343,73,0
67270,67270,67345,75,0
67270,67270,67349,79,0
67270,67270,67349,79,0
67270,67270,67353,83,0
67359,67359,67406,47,0
67359,67359,67408,49,0
67359,67359,67408,49,0
67359,67359,67410,51,0
67359,67359,67412,53,0
67359,67359,67414,55,0
67359,67359,67414,55,0
67359,67359,67413,54,0
67359,67359,67414,55,0
67359,67359,67414,55,0
67359,67359,67414,55,0
67359,67359,67416,57,0
67359,67359,67415,56,0
67359,67359,67415,56,0
67359,67359,67415,56,0
67359,67359,67415,56,0
67359,67359,67416,57,0
67359,67359,67416,57,0
67359,67359,67417,58,0
67359,67359,67417,58,0
67359,67359,67417,58,0
67359,67359,67418,59,0
67359,67359,67417,58,0
67359,67359,67418,59,0
67359,67359,67418,59,0
67359,67359,67418,59,0
67359,67359,67419,60,0
67359,67359,67420,61,0
67359,67359,67421,62,0
67359,67359,67420,61,0
67359,67359,67421,62,0
67359,67359,67420,61,0
67359,67359,67421,62,0
67359,67359,67422,63,0
67359,67359,67421,62,0
67359,67359,67421,62,0
67359,67359,67422,63,0
67359,67359,67422,63,0
67359,67359,67423,64,0
67359,67359,67422,63,0
67359,67359,67422,63,0
67359,67359,67422,63,0
67359,67359,67423,64,0
67359,67359,67423,64,0
67359,67359,67424,65,0
67359,67359,67424,65,0
67359,67359,67425,66,0
67359,67359,67426,67,0
67359,67359,67425,66,0
67359,67359,67425,66,0
67359,67359,67427,68,0
67359,67359,67427,68,0
67359,67359,67427,68,0
67359,67359,67427,68,0
67359,67359,67428,69,0
67359,67359,67428,69,0
67359,67359,67428,69,0
67359,67359,67429,70,0
67359,67359,67428,69,0
67359,67359,67429,70,0
67359,67359,67430,71,0
67359,67359,67430,71,0
67359,67359,67431,72,0
67359,67359,67431,72,0
67359,67359,67432,73,0
67359,67359,67432,73,0
67359,67359,67431,72,0
67359,67359,67432,73,0
67359,67359,67431,72,0
67359,67359,67432,73,0
67359,67359,67433,74,0
67359,67359,67433,74,0
67359,67359,67434,75,0
67359,67359,67434,75,0
67359,67359,67434,75,0
67359,67359,67435,76,0
67359,67359,67435,76,0
67359,67359,67434,75,0
67359,67359,67436,77,0
67359,67359,67442,83,0
67359,67426,67450,24,67
67359,67425,67452,27,66
67359,67424,67452,28,65
67359,67426,67454,28,67
67359,67426,67454,28,67
67359,67427,67457,30,68
67359,67424,67457,33,65
67359,67427,67458,31,68
67359,67427,67459,32,68
67359,67428,67460,32,69
67359,67428,67461,33,69
67359,67428,67461,33,69
67359,67424,67464,40,65
67359,67411,67465,54,52
67359,67424,67465,41,65
67359,67429,67465,36,70
67359,67428,67466,38,69
67359,67409,67468,59,50
67359,67423,67469,46,64
67359,67432,67470,38,73
67359,67431,67470,39,72
67359,67430,67474,44,71
67359,67430,67474,44,71
67359,67412,67475,63,53
67359,67433,67475,42,74
67359,67431,67476,45,72
67359,67431,67475,44,72
67359,67408,67476,68,49
67359,67416,67478,62,57
67359,67423,67478,55,64
67359,67432,67478,46,73
67359,67435,67479,44,76
67359,67407,67479,72,48
67359,67415,67479,64,56
67359,67429,67479,50,70
67359,67434,67480,46,75
67359,67432,67480,48,73
67359,67414,67480,66,55
67359,67418,67481,63,59
67359,67432,67481,49,73
67359,67437,67481,44,78
67359,67433,67483,50,74
67359,67423,67483,60,64
67359,67414,67483,69,55
67359,67415,67483,68,56
67359,67423,67483,60,64
67359,67417,67483,66,58
67359,67432,67483,51,73
67359,67416,67483,67,57
67359,67417,67484,67,58
67359,67418,67485,67,59
67359,67416,67486,70,57
67359,67434,67486,52,75
67359,67414,67486,72,55
67359,67432,67486,54,73
67359,67416,67486,70,57
67359,67419,67487,68,60
67359,67434,67488,54,75
67359,67435,67488,53,76
67359,67421,67489,68,62
67359,67422,67490,68,63
67359,67416,67490,74,57
67359,67418,67490,72,59
67359,67418,67490,72,59
67359,67419,67490,71,60
67359,67418,67491,73,59
67359,67423,67491,68,64
67359,67414,67491,77,55
67359,67420,67492,72,61
67359,67435,67493,58,76
67359,67419,67493,74,60
67359,67422,67493,71,63
67359,67420,67494,74,61
67359,67421,67494,73,62
67359,67421,67494,73,62
67359,67421,67496,75,62
67359,67452,67498,46,93
67359,67421,67498,77,62
67359,67422,67500,78,63
67359,67454,67500,46,95
67359,67423,67505,82,64
67359,67443,67505,62,84
67359,67452,67507,55,93
67359,67457,67509,52,98
67359,67454,67512,58,95
67359,67457,67514,57,98
67359,67451,67514,63,92
67359,67466,67520,54,107
67359,67470,67520,50,111
67359,67468,67521,53,109
67359,67460,67522,62,101
67359,67458,67522,64,99
67359,67471,67524,53,112
67359,67465,67526,61,106
67359,67475,67527,52,116
67359,67478,67530,52,119
67359,67464,67529,65,105
67359,67479,67529,50,120
67359,67465,67530,65,106
67359,67461,67531,70,102
67359,67481,67531,50,122
67359,67475,67531,56,116
67359,67465,67532,67,106
67359,67470,67532,62,111
67359,67459,67533,74,100
67359,67480,67533,53,121
67359,67479,67536,57,120
67359,67481,67537,56,122
67359,67477,67537,60,118
67359,67477,67537,60,118
67359,67461,67537,76,102
67359,67476,67538,62,117
67359,67476,67540,64,117
67359,67480,67540,60,121
67359,67479,67541,62,120
67359,67475,67545,70,116
67359,67481,67548,67,122
67359,67481,67548,67,122
67359,67479,67549,70,120
67563,67563,67610,47,0
67563,67563,67613,50,0
67563,67563,67614,51,0
67563,67563,67614,51,0
67563,67563,67615,52,0
67563,67563,67615,52,0
67563,67563,67616,53,0
67563,67563,67617,54,0
67563,67563,67618,55,0
67563,67563,67619,56,0
67563,67563,67620,57,0
67563,67563,67620,57,0
67563,67563,67621,58,0
67563,67563,67622,59,0
67563,67563,67622,59,0
67563,67563,67622,59,0
67563,67563,67623,60,0
67563,67563,67623,60,0
67563,67563,67624,61,0
67563,67563,67624,61,0
67563,67563,67625,62,0
67563,67563,67626,63,0
67563,67563,67625,62,0
67563,67563,67626,63,0
67563,67563,67626,63,0
67563,67563,67627,64,0
67563,67563,67628,65,0
67563,67563,67628,65,0
67563,67563,67628,65,0
67563,67563,67629,66,0
67563,67563,67630,67,0
67563,67563,67630,67,0
67563,67563,67631,68,0
67563,67563,67631,68,0
67563,67563,67631,68,0
67563,67563,67632,69,0
67563,67563,67633,70,0
67563,67563,67634,71,0
67563,67563,67634,71,0
67563,67563,67635,72,0
67563,67563,67635,72,0
67563,67563,67635,72,0
67563,67563,67635,72,0
67563,67563,67636,73,0
67563,67563,67636,73,0
67563,67563,67637,74,0
67563,67563,67637,74,0
67563,67563,67639,76,0
67563,67563,67640,77,0
67563,67563,67641,78,0
67563,67563,67643,80,0
67653,67653,67702,49,0
67653,67653,67702,49,0
67653,67653,67705,52,0
67653,67653,67705,52,0
67653,67653,67706,53,0
67653,67653,67705,52,0
67653,67653,67707,54,0
67653,67653,67707,54,0
67653,67653,67708,55,0
67653,67653,67707,54,0
67653,67653,67708,55,0
67653,67653,67708,55,0
67653,67653,67709,56,0
67653,67653,67709,56,0
67653,67653,67710,57,0
67653,67653,67711,58,0
67653,67653,67710,57,0
67653,67653,67710,57,0
67653,67653,67712,59,0
67653,67653,67712,59,0
67653,67653,67711,58,0
67653,67653,67711,58,0
67653,67653,67712,59,0
67653,67653,67712,59,0
67653,67653,67712,59,0
67653,67653,67712,59,0
67653,67653,67713,60,0
67653,67653,67714,61,0
67653,67653,67714,61,0
67653,67653,67715,62,0
67653,67653,67715,62,0
67653,67653,67714,61,0
67653,67653,67714,61,0
67653,67653,67715,62,0
67653,67653,67715,62,0
67653,67653,67715,62,0
67653,67653,67716,63,0
67653,67653,67716,63,0
67653,67653,67716,63,0
67653,67653,67716,63,0
67653,67653,67717,64,0
67653,67653,67717,64,0
67653,67653,67717,64,0
67653,67653,67717,64,0
67653,67653,67717,64,0
67653,67653,67717,64,0
67653,67653,67717,64,0
67653,67653,67718,65,0
67653,67653,67718,65,0
67653,67653,67718,65,0
67653,67653,67718,65,0
67653,67653,67718,65,0
67653,67653,67718,65,0
67653,67653,67720,67,0
67653,67653,67721,68,0
67653,67653,67721,68,0
67653,67653,67721,68,0
67653,67653,67722,69,0
67653,67653,67722,69,0
67653,67653,67721,68,0
67653,67653,67722,69,0
67653,67653,67723,70,0
67653,67653,67723,70,0
67653,67653,67723,70,0
67653,67653,67723,70,0
67653,67653,67723,70,0
67653,67653,67722,69,0
67653,67653,67724,71,0
67653,67653,67723,70,0
67653,67653,67724,71,0
67653,67653,67725,72,0
67653,67653,67725,72,0
67653,67653,67725,72,0
67653,67653,67726,73,0
67653,67653,67727,74,0
67653,67653,67726,73,0
67653,67653,67726,73,0
67653,67653,67727,74,0
67653,67653,67727,74,0
67653,67653,67737,84,0
67653,67719,67742,23,66
67653,67719,67744,25,66
67653,67718,67744,26,65
67653,67719,67745,26,66
67653,67718,67745,27,65
67653,67719,67749,30,66
67653,67719,67749,30,66
67653,67717,67749,32,64
67653,67718,67750,32,65
67653,67719,67753,34,66
67653,67721,67753,32,68
67653,67721,67754,33,68
67653,67722,67755,33,69
67653,67722,67755,33,69
67653,67720,67754,34,67
67653,67722,67756,34,69
67653,67723,67758,35,70
67653,67722,67759,37,69
67653,67723,67761,38,70
67653,67725,67761,36,72
67653,67702,67761,59,49
67653,67722,67761,39,69
67653,67723,67762,39,70
67653,67723,67762,39,70
67653,67716,67763,47,63
67653,67717,67764,47,64
67653,67724,67764,40,71
67653,67723,67765,42,70
67653,67717,67767,50,64
67653,67703,67767,64,50
67653,67725,67767,42,72
67653,67724,67767,43,71
67653,67723,67767,44,70
67653,67727,67768,41,74
67653,67706,67769,63,53
67653,67726,67770,44,73
67653,67724,67770,46,71
67653,67705,67770,65,52
67653,67706,67770,64,53
67653,67726,67771,45,73
67653,67707,67771,64,54
67653,67705,67771,66,52
67653,67707,67772,65,54
67653,67716,67772,56,63
67653,67727,67772,45,74
67653,67711,67773,62,58
67653,67711,67774,63,58
67653,67727,67774,47,74
67653,67716,67775,59,63
67653,67708,67775,67,55
67653,67712,67775,63,59
67653,67711,67775,64,58
67653,67717,67775,58,64
67653,67712,67776,64,59
67653,67710,67776,66,57
67653,67716,67777,61,63
67653,67712,67778,66,59
67653,67708,67779,71,55
67653,67708,67780,72,55
67653,67710,67780,70,57
67653,67712,67780,68,59
67653,67714,67780,66,61
67653,67715,67781,66,62
67653,67713,67781,68,60
67653,67709,67782,73,56
67653,67712,67782,70,59
67653,67711,67782,71,58
67653,67742,67782,40,89
67653,67712,67782,70,59
67653,67715,67783,68,62
67653,67717,67784,67,64
67653,67715,67785,70,62
67653,67713,67786,73,60
67653,67715,67786,71,62
67653,67737,67786,49,84
67653,67714,67788,74,61
67653,67727,67790,63,74
67653,67746,67790,44,93
67653,67715,67792,77,62
67653,67714,67791,77,61
67653,67715,67792,77,62
67653,67745,67793,48,92
67653,67745,67797,52,92
67653,67744,67799,55,91
67653,67728,67803,75,75
67653,67757,67803,46,104
67653,67749,67804,55,96
67653,67754,67805,51,101
67653,67754,67807,53,101
67653,67759,67807,48,106
67653,67756,67809,53,103
67653,67749,67813,64,96
67653,67750,67816,66,97
67653,67755,67817,62,102
67653,67755,67817,62,102
67653,67768,67820,52,115
67653,67758,67820,62,105
67653,67770,67820,50,117
67653,67761,67823,62,108
67653,67753,67823,70,100
67653,67762,67824,62,109
67653,67768,67824,56,115
67653,67762,67825,63,109
67653,67762,67825,63,109
67653,67765,67826,61,112
67653,67768,67827,59,115
67653,67764,67828,64,111
67653,67761,67830,69,108
67653,67771,67830,59,118
67653,67749,67830,81,96
67653,67765,67832,67,112
67653,67769,67834,65,116
67653,67761,67834,73,108
67653,67768,67834,66,115
67653,67765,67834,69,112
67653,67771,67838,67,118
67653,67768,67840,72,115
67653,67771,67841,70,118
67653,67770,67841,71,117
67855,67856,67900,44,1
67855,67856,67900,44,1
67855,67856,67903,47,1
67855,67856,67904,48,1
67855,67856,67907,51,1
67855,67855,67907,52,0
67855,67856,67907,51,1
67855,67856,67907,51,1
67855,67856,67909,53,1
67855,67856,67909,53,1
67855,67856,67910,54,1
67855,67856,67910,54,1
67855,67856,67910,54,1
67855,67856,67910,54,1
67855,67856,67911,55,1
67855,67856,67911,55,1
67855,67856,67911,55,1
67855,67856,67912,56,1
67855,67856,67913,57,1
67855,67856,67913,57,1
67855,67856,67914,58,1
67855,67856,67914,58,1
67855,67856,67915,59,1
67855,67856,67916,60,1
67855,67856,67920,64,1
67855,67856,67919,63,1
67855,67856,67919,63,1
67855,67856,67920,64,1
67855,67856,67920,64,1
67855,67856,67920,64,1
67855,67856,67920,64,1
67855,67856,67921,65,1
67855,67856,67922,66,1
67855,67856,67922,66,1
67855,67856,67922,66,1
67855,67856,67923,67,1
67855,67856,67923,67,1
67855,67856,67923,67,1
67855,67856,67924,68,1
67855,67856,67923,67,1
67855,67856,67924,68,1
67855,67856,67925,69,1
67855,67856,67928,72,1
67855,67856,67927,71,1
67855,67856,67929,73,1
67855,67856,67928,72,1
67855,67856,67929,73,1
67855,67856,67931,75,1
67855,67856,67931,75,1
67855,67855,67933,78,0
67855,67856,67938,82,1
67944,67944,67993,49,0
67944,67944,67994,50,0
67944,67944,67995,51,0
67944,67944,67995,51,0
67944,67944,67995,51,0
67944,67944,67997,53,0
67944,67944,67996,52,0
67944,67944,67998,54,0
67944,67944,67997,53,0
67944,67944,67998,54,0
67944,67944,67997,53,0
67944,67944,68000,56,0
67944,67944,68001,57,0
67944,67944,68000,56,0
67944,67944,68002,58,0
67944,67944,68002,58,0
67944,67944,68003,59,0
67944,67944,68003,59,0
67944,67944,68002,58,0
67944,67944,68004,60,0
67944,67944,68004,60,0
67944,67944,68004,60,0
67944,67944,68003,59,0
67944,67944,68004,60,0
67944,67944,68004,60,0
67944,67944,68005,61,0
67944,67944,68004,60,0
67944,67944,68004,60,0
67944,67944,68006,62,0
67944,67944,68005,61,0
67944,67944,68006,62,0
67944,67944,68006,62,0
67944,67944,68006,62,0
67944,67944,68005,61,0
67944,67944,68006,62,0
67944,67944,68006,62,0
67944,67944,68007,63,0
67944,67944,68007,63,0
67944,67944,68007,63,0
67944,67944,68008,64,0
67944,67944,68008,64,0
67944,67944,68008,64,0
67944,67944,68009,65,0
67944,67944,68009,65,0
67944,67944,68010,66,0
67944,67944,68009,65,0
67944,67944,68010,66,0
67944,67944,68011,67,0
67944,67944,68011,67,0
67944,67944,68011,67,0
67944,67944,68011,67,0
67944,67944,68012,68,0
67944,67944,68012,68,0
67944,67944,68012,68,0
67944,67944,68011,67,0
67944,67944,68012,68,0
67944,67944,68013,69,0
67944,67944,68013,69,0
67944,67944,68013,69,0
67944,67944,68013,69,0
67944,67944,68014,70,0
67944,67944,68014,70,0
67944,67944,68014,70,0
67944,67944,68014,70,0
67944,67944,68014,70,0
67944,67944,68014,70,0
67944,67944,68016,72,0
67944,67944,68016,72,0
67944,67944,68017,73,0
67944,67944,68017,73,0
67944,67944,68018,74,0
67944,67944,68018,74,0
67944,67944,68019,75,0
67944,67944,68019,75,0
67944,67944,68020,76,0
67944,67944,68019,75,0
67944,67944,68021,77,0
67944,67944,68021,77,0
67944,67944,68025,81,0
67944,67944,68026,82,0
67944,68012,68034,22,68
67944,68012,68036,24,68
67944,68011,68036,25,67
67944,68012,68038,26,68
67944,68011,68039,28,67
67944,68010,68039,29,66
67944,68011,68040,29,67
67944,68010,68040,30,66
67944,68011,68040,29,67
67944,68012,68041,29,68
67944,68010,68041,31,66
67944,68009,68042,33,65
67944,68010,68042,32,66
67944,68012,68044,32,68
67944,68014,68045,31,70
67944,68013,68046,33,69
67944,68013,68047,34,69
67944,68014,68048,34,70
67944,68013,68049,36,69
67944,68014,68050,36,70
67944,68008,68054,46,64
67944,68014,68053,39,70
67944,68013,68054,41,69
67944,68008,68057,49,64
67944,68014,68056,42,70
67944,67993,68057,64,49
67944,68007,68057,50,63
67944,68017,68058,41,73
67944,67996,68058,62,52
67944,68021,68058,37,77
67944,67994,68059,65,50
67944,68016,68060,44,72
67944,67998,68059,61,54
67944,68008,68060,52,64
67944,68020,68060,40,76
67944,68018,68061,43,74
67944,67995,68062,67,51
67944,68019,68062,43,75
67944,68017,68062,45,73
67944,68004,68063,59,60
67944,67997,68063,66,53
67944,68007,68063,56,63
67944,67998,68063,65,54
67944,68002,68064,62,58
67944,68020,68065,45,76
67944,67996,68065,69,52
67944,68014,68065,51,70
67944,67997,68067,70,53
67944,68003,68066,63,59
67944,67998,68066,68,54
67944,68003,68067,64,59
67944,68000,68069,69,56
67944,68001,68068,67,57
67944,68022,68068,46,78
67944,67998,68070,72,54
67944,68018,68069,51,74
67944,68004,68069,65,60
67944,68004,68070,66,60
67944,68018,68070,52,74
67944,68001,68070,69,57
67944,68003,68071,68,59
67944,68035,68071,36,91
67944,68005,68071,66,61
67944,68004,68073,69,60
67944,68004,68073,69,60
67944,68007,68074,67,63
67944,68006,68075,69,62
67944,68004,68075,71,60
67944,68027,68075,48,83
67944,68007,68075,68,63
67944,68006,68077,71,62
67944,68006,68077,71,62
67944,68005,68076,71,61
67944,68006,68077,71,62
67944,68006,68077,71,62
67944,68006,68078,72,62
67944,68003,68079,76,59
67944,68025,68080,55,81
67944,68006,68081,75,62
67944,68005,68081,76,61
67944,68037,68081,44,93
67944,68040,68082,42,96
67944,68021,68084,63,77
67944,68041,68084,43,97
67944,68045,68091,46,101
67944,68042,68092,50,98
67944,68046,68094,48,102
67944,68048,68093,45,104
67944,68049,68096,47,105
67944,68037,68097,60,93
67944,68046,68100,54,102
67944,68040,68101,61,96
67944,68041,68101,60,97
67944,68039,68100,61,95
67944,68043,68102,59,99
67944,68041,68104,63,97
67944,68051,68103,52,107
67944,68050,68105,55,106
67944,68042,68107,65,98
67944,68043,68107,64,99
67944,68057,68109,52,113
67944,68054,68110,56,110
67944,68058,68112,54,114
67944,68060,68115,55,116
67944,68058,68115,57,114
67944,68059,68118,59,115
67944,68060,68119,59,116
67944,68061,68119,58,117
67944,68059,68120,61,115
67944,68061,68120,59,117
67944,68054,68121,67,110
67944,68057,68122,65,113
67944,68058,68125,67,114
67944,68055,68124,69,111
67944,68063,68126,63,119
67944,68063,68130,67,119
67944,68063,68131,68,119
67944,68062,68135,73,118
67944,68060,68136,76,116
68150,68150,68194,44,0
68150,68150,68196,46,0
68150,68150,68196,46,0
68150,68150,68196,46,0
68150,68150,68196,46,0
68150,68150,68198,48,0
68150,68150,68197,47,0
68150,68150,68198,48,0
68150,68150,68199,49,0
68150,68150,68199,49,0
68150,68150,68201,51,0
68150,68150,68203,53,0
68150,68150,68203,53,0
68150,68150,68204,54,0
68150,68150,68204,54,0
68150,68150,68204,54,0
68150,68150,68205,55,0
68150,68150,68206,56,0
68150,68150,68207,57,0
68150,68150,68207,57,0
68150,68150,68207,57,0
68150,68150,68207,57,0
68150,68150,68207,57,0
68150,68150,68208,58,0
68150,68150,68209,59,0
68150,68150,68209,59,0
68150,68150,68210,60,0
68150,68150,68209,59,0
68150,68150,68210,60,0
68150,68150,68209,59,0
68150,68150,68209,59,0
68150,68150,68210,60,0
68150,68150,68211,61,0
68150,68150,68211,61,0
68150,68150,68212,62,0
68150,68150,68212,62,0
68150,68150,68213,63,0
68150,68150,68213,63,0
68150,68150,68213,63,0
68150,68150,68213,63,0
68150,68150,68216,66,0
68150,68150,68216,66,0
68150,68150,68216,66,0
68150,68150,68217,67,0
68150,68150,68220,70,0
68150,68150,68223,73,0
68150,68150,68223,73,0
68150,68150,68227,77,0
68150,68150,68228,78,0
68150,68150,68230,80,0
68150,68150,68236,86,0
68242,68242,68290,48,0
68242,68242,68291,49,0
68242,68242,68294,52,0
68242,68242,68293,51,0
68242,68242,68293,51,0
68242,68242,68294,52,0
68242,68242,68295,53,0
68242,68242,68295,53,0
68242,68242,68295,53,0
68242,68242,68296,54,0
68242,68242,68297,55,0
68242,68242,68298,56,0
68242,68242,68297,55,0
68242,68242,68298,56,0
68242,68242,68298,56,0
68242,68242,68300,58,0
68242,68242,68299,57,0
68242,68242,68299,57,0
68242,68242,68299,57,0
68242,68242,68299,57,0
68242,68242,68301,59,0
68242,68242,68300,58,0
68242,68242,68300,58,0
68242,68242,68302,60,0
68242,68242,68302,60,0
68242,68242,68302,60,0
68242,68242,68302,60,0
68242,68242,68301,59,0
68242,68242,68301,59,0
68242,68242,68303,61,0
68242,68242,68302,60,0
68242,68242,68304,62,0
68242,68242,68304,62,0
68242,68242,68303,61,0
68242,68242,68303,61,0
68242,68242,68303,61,0
68242,68242,68305,63,0
68242,68242,68305,63,0
68242,68242,68305,63,0
68242,68242,68304,62,0
68242,68242,68305,63,0
68242,68242,68306,64,0
68242,68242,68306,64,0
68242,68242,68306,64,0
68242,68242,68306,64,0
68242,68242,68307,65,0
68242,68242,68306,64,0
68242,68242,68307,65,0
68242,68242,68307,65,0
68242,68242,68308,66,0
68242,68242,68308,66,0
68242,68242,68309,67,0
68242,68242,68309,67,0
68242,68242,68309,67,0
68242,68242,68309,67,0
68242,68242,68309,67,0
68242,68242,68310,68,0
68242,68242,68310,68,0
68242,68242,68310,68,0
68242,68242,68310,68,0
68242,68242,68311,69,0
68242,68242,68311,69,0
68242,68242,68311,69,0
68242,68242,68313,71,0
68242,68242,68313,71,0
68242,68242,68313,71,0
68242,68242,68315,73,0
68242,68242,68315,73,0
68242,68242,68316,74,0
68242,68242,68316,74,0
68242,68242,68317,75,0
68242,68242,68318,76,0
68242,68242,68318,76,0
68242,68242,68319,77,0
68242,68242,68319,77,0
68242,68242,68319,77,0
68242,68242,68320,78,0
68242,68242,68321,79,0
68242,68242,68322,80,0
68242,68242,68324,82,0
68242,68307,68329,22,65
68242,68308,68331,23,66
68242,68308,68332,24,66
68242,68307,68333,26,65
68242,68309,68333,24,67
68242,68309,68333,24,67
68242,68309,68335,26,67
68242,68310,68335,25,68
68242,68310,68335,25,68
68242,68309,68336,27,67
68242,68306,68335,29,64
68242,68306,68340,34,64
68242,68310,68341,31,68
68242,68310,68342,32,68
68242,68307,68342,35,65
68242,68306,68344,38,64
68242,68311,68347,36,69
68242,68312,68346,34,70
68242,68306,68348,42,64
68242,68310,68348,38,68
68242,68313,68349,36,71
68242,68294,68350,56,52
68242,68316,68350,34,74
68242,68311,68350,39,69
68242,68317,68351,34,75
68242,68316,68352,36,74
68242,68312,68352,40,70
68242,68292,68352,60,50
68242,68291,68355,64,49
68242,68313,68356,43,71
68242,68313,68357,44,71
68242,68294,68358,64,52
68242,68305,68359,54,63
68242,68319,68359,40,77
68242,68304,68360,56,62
68242,68300,68360,60,58
68242,68299,68360,61,57
68242,68320,68359,39,78
68242,68321,68360,39,79
68242,68319,68360,41,77
68242,68296,68360,64,54
68242,68300,68361,61,58
68242,68294,68362,68,52
68242,68300,68362,62,58
68242,68318,68362,44,76
68242,68298,68362,64,56
68242,68318,68362,44,76
68242,68294,68363,69,52
68242,68298,68363,65,56
68242,68315,68364,49,73
68242,68300,68365,65,58
68242,68300,68365,65,58
68242,68305,68365,60,63
68242,68304,68366,62,62
68242,68301,68366,65,59
68242,68304,68366,62,62
68242,68305,68366,61,63
68242,68329,68367,38,87
68242,68298,68367,69,56
68242,68315,68368,53,73
68242,68295,68369,74,53
68242,68301,68368,67,59
68242,68302,68368,66,60
68242,68296,68369,73,54
68242,68324,68370,46,82
68242,68305,68371,66,63
68242,68302,68371,69,60
68242,68332,68371,39,90
68242,68302,68372,70,60
68242,68322,68372,50,80
68242,68297,68373,76,55
68242,68303,68373,70,61
68242,68301,68373,72,59
68242,68303,68373,70,61
68242,68302,68373,71,60
68242,68305,68374,69,63
68242,68297,68375,78,55
68242,68321,68376,55,79
68242,68304,68375,71,62
68242,68333,68375,42,91
68242,68302,68376,74,60
68242,68302,68376,74,60
68242,68304,68376,72,62
68242,68336,68381,45,94
68242,68331,68382,51,89
68242,68335,68382,47,93
68242,68335,68384,49,93
68242,68335,68384,49,93
68242,68333,68387,54,91
68242,68342,68392,50,100
68242,68344,68393,49,102
68242,68333,68396,63,91
68242,68340,68397,57,98
68242,68348,68398,50,106
68242,68336,68399,63,94
68242,68351,68400,49,109
68242,68348,68402,54,106
68242,68352,68401,49,110
68242,68353,68402,49,111
68242,68341,68404,63,99
68242,68351,68405,54,109
68242,68350,68405,55,108
68242,68347,68407,60,105
68242,68350,68407,57,108
68242,68342,68407,65,100
68242,68360,68409,49,118
68242,68353,68409,56,111
68242,68361,68411,50,119
68242,68350,68413,63,108
68242,68348,68416,68,106
68242,68358,68417,59,116
68242,68356,68417,61,114
68242,68357,68419,62,115
68242,68359,68420,61,117
68242,68360,68420,60,118
68242,68361,68421,60,119
68242,68361,68424,63,119
68242,68361,68424,63,119
68242,68360,68431,71,118
68446,68446,68491,45,0
68446,68446,68494,48,0
68446,68446,68493,47,0
68446,68446,68494,48,0
68446,68446,68494,48,0
68446,68446,68496,50,0
68446,68446,68496,50,0
68446,68446,68497,51,0
68446,68446,68497,51,0
68446,68446,68497,51,0
68446,68446,68499,53,0
68446,68446,68499,53,0
68446,68446,68498,52,0
68446,68446,68499,53,0
68446,68446,68500,54,0
68446,68446,68500,54,0
68446,68446,68502,56,0
68446,68446,68501,55,0
68446,68446,68502,56,0
68446,68446,68502,56,0
68446,68446,68503,57,0
68446,68446,68503,57,0
68446,68446,68504,58,0
68446,68446,68504,58,0
68446,68446,68504,58,0
68446,68446,68505,59,0
68446,68446,68505,59,0
68446,68446,68505,59,0
68446,68446,68507,61,0
68446,68446,68506,60,0
68446,68446,68507,61,0
68446,68446,68507,61,0
68446,68446,68509,63,0
68446,68446,68509,63,0
68446,68446,68509,63,0
68446,68446,68509,63,0
68446,68446,68510,64,0
68446,68446,68510,64,0
68446,68446,68512,66,0
68446,68446,68512,66,0
68446,68446,68513,67,0
68446,68446,68514,68,0
68446,68446,68514,68,0
68446,68446,68515,69,0
68446,68446,68516,70,0
68446,68446,68516,70,0
68446,68446,68515,69,0
68446,68446,68516,70,0
68446,68446,68516,70,0
68446,68446,68519,73,0
68446,68446,68520,74,0
68527,68527,68573,46,0
68527,68527,68575,48,0
68527,68527,68576,49,0
68527,68527,68577,50,0
68527,68527,68577,50,0
68527,68527,68580,53,0
68527,68527,68580,53,0
68527,68527,68580,53,0
68527,68527,68581,54,0
68527,68527,68581,54,0
68527,68527,68582,55,0
68527,68527,68582,55,0
68527,68527,68583,56,0
68527,68527,68583,56,0
68527,68527,68583,56,0
68527,68527,68583,56,0
68527,68527,68583,56,0
68527,68527,68584,57,0
68527,68527,68584,57,0
68527,68527,68584,57,0
68527,68527,68584,57,0
68527,68527,68584,57,0
68527,68527,68585,58,0
68527,68527,68585,58,0
68527,68527,68584,57,0
68527,68527,68585,58,0
68527,68527,68585,58,0
68527,68527,68585,58,0
68527,68527,68585,58,0
68527,68527,68586,59,0
68527,68527,68586,59,0
68527,68527,68586,59,0
68527,68527,68586,59,0
68527,68527,68587,60,0
68527,68527,68588,61,0
68527,68527,68588,61,0
68527,68527,68588,61,0
68527,68527,68589,62,0
68527,68527,68590,63,0
68527,68527,68590,63,0
68527,68527,68590,63,0
68527,68527,68591,64,0
68527,68527,68591,64,0
68527,68527,68591,64,0
68527,68527,68591,64,0
68527,68527,68592,65,0
68527,68527,68592,65,0
68527,68527,68592,65,0
68527,68527,68592,65,0
68527,68527,68592,65,0
68527,68527,68593,66,0
68527,68527,68593,66,0
68527,68527,68593,66,0
68527,68527,68594,67,0
68527,68527,68594,67,0
68527,68527,68594,67,0
68527,68527,68594,67,0
68527,68527,68595,68,0
68527,68527,68595,68,0
68527,68527,68596,69,0
68527,68527,68596,69,0
68527,68527,68597,70,0
68527,68527,68597,70,0
68527,68527,68597,70,0
68527,68527,68598,71,0
68527,68527,68598,71,0
68527,68527,68598,71,0
68527,68527,68598,71,0
68527,68527,68598,71,0
68527,68527,68598,71,0
68527,68527,68599,72,0
68527,68527,68599,72,0
68527,68527,68601,74,0
68527,68527,68601,74,0
68527,68527,68602,75,0
68527,68527,68602,75,0
68527,68527,68603,76,0
68527,68527,68604,77,0
68527,68527,68605,78,0
68527,68527,68606,79,0
68527,68593,68617,24,66
68527,68594,68616,22,67
68527,68594,68618,24,67
68527,68593,68617,24,66
68527,68593,68618,25,66
68527,68593,68619,26,66
68527,68595,68620,25,68
68527,68594,68621,27,67
68527,68595,68621,26,68
68527,68592,68623,31,65
68527,68593,68622,29,66
68527,68595,68624,29,68
68527,68596,68623,27,69
68527,68595,68627,32,68
68527,68592,68627,35,65
68527,68592,68628,36,65
68527,68599,68628,29,72
68527,68596,68628,32,69
68527,68598,68631,33,71
68527,68596,68631,35,69
68527,68573,68632,59,46
68527,68599,68635,36,72
68527,68598,68635,37,71
68527,68599,68636,37,72
68527,68576,68637,61,49
68527,68597,68637,40,70
68527,68603,68638,35,76
68527,68575,68638,63,48
68527,68598,68640,42,71
68527,68599,68641,42,72
68527,68591,68641,50,64
68527,68599,68641,42,72
68527,68602,68642,40,75
68527,68603,68642,39,76
68527,68604,68643,39,77
68527,68600,68643,43,73
68527,68605,68642,37,78
68527,68577,68643,66,50
68527,68586,68644,58,59
68527,68600,68646,46,73
68527,68584,68646,62,57
68527,68584,68647,63,57
68527,68606,68646,40,79
68527,68584,68647,63,57
68527,68599,68647,48,72
68527,68602,68648,46,75
68527,68581,68649,68,54
68527,68580,68648,68,53
68527,68583,68649,66,56
68527,68591,68648,57,64
68527,68591,68649,58,64
68527,68590,68651,61,63
68527,68577,68651,74,50
68527,68582,68650,68,55
68527,68581,68650,69,54
68527,68585,68651,66,58
68527,68584,68652,68,57
68527,68580,68651,71,53
68527,68585,68652,67,58
68527,68583,68651,68,56
68527,68605,68653,48,78
68527,68587,68652,65,60
68527,68592,68654,62,65
68527,68585,68654,69,58
68527,68590,68653,63,63
68527,68580,68654,74,53
68527,68586,68654,68,59
68527,68589,68654,65,62
68527,68582,68654,72,55
68527,68583,68655,72,56
68527,68584,68656,72,57
68527,68585,68655,70,58
68527,68587,68656,69,60
68527,68586,68656,70,59
68527,68585,68656,71,58
68527,68583,68656,73,56
68527,68619,68657,38,92
68527,68586,68658,72,59
68527,68588,68659,71,61
68527,68589,68658,69,62
68527,68618,68659,41,91
68527,68586,68661,75,59
68527,68617,68664,47,90
68527,68618,68668,50,91
68527,68620,68668,48,93
68527,68622,68672,50,95
68527,68624,68672,48,97
68527,68627,68674,47,100
68527,68620,68675,55,93
68527,68622,68676,54,95
68527,68624,68677,53,97
68527,68628,68677,49,101
68527,68629,68678,49,102
68527,68627,68677,50,100
68527,68617,68683,66,90
68527,68623,68684,61,96
68527,68629,68684,55,102
68527,68631,68686,55,104
68527,68633,68686,53,106
68527,68638,68687,49,111
68527,68623,68687,64,96
68527,68632,68689,57,105
68527,68637,68688,51,110
68527,68640,68693,53,113
68527,68643,68695,52,116
68527,68638,68696,58,111
68527,68636,68699,63,109
68527,68644,68699,55,117
68527,68638,68700,62,111
68527,68639,68700,61,112
68527,68643,68701,58,116
68527,68643,68703,60,116
68527,68644,68703,59,117
68527,68642,68704,62,115
68527,68636,68707,71,109
68527,68642,68708,66,115
68527,68641,68711,70,114
68527,68641,68714,73,114
68527,68642,68713,71,115
68728,68728,68772,44,0
68728,68728,68773,45,0
68728,68728,68774,46,0
68728,68728,68775,47,0
68728,68728,68775,47,0
68728,68728,68775,47,0
68728,68728,68776,48,0
68728,68728,68777,49,0
68728,68728,68777,49,0
68728,68728,68778,50,0
68728,68728,68777,49,0
68728,68728,68778,50,0
68728,68728,68779,51,0
68728,68728,68779,51,0
68728,68728,68779,51,0
68728,68728,68779,51,0
68728,68728,68780,52,0
68728,68728,68779,51,0
68728,68728,68779,51,0
68728,68728,68781,53,0
68728,68728,68781,53,0
68728,68728,68782,54,0
68728,68728,68782,54,0
68728,68728,68784,56,0
68728,68728,68784,56,0
68728,68728,68784,56,0
68728,68728,68785,57,0
68728,68728,68786,58,0
68728,68728,68785,57,0
68728,68728,68787,59,0
68728,68728,68786,58,0
68728,68728,68788,60,0
68728,68728,68787,59,0
68728,68728,68789,61,0
68728,68728,68789,61,0
68728,68728,68791,63,0
68728,68728,68791,63,0
68728,68728,68791,63,0
68728,68728,68793,65,0
68728,68728,68792,64,0
68728,68728,68792,64,0
68728,68728,68793,65,0
68728,68728,68793,65,0
68728,68728,68794,66,0
68728,68728,68795,67,0
68728,68728,68797,69,0
68728,68728,68799,71,0
68728,68728,68799,71,0
68728,68728,68799,71,0
68728,68728,68802,74,0
68728,68728,68806,78,0
68812,68812,68860,48,0
68812,68812,68861,49,0
68812,68812,68860,48,0
68812,68812,68861,49,0
68812,68812,68860,48,0
68812,68812,68862,50,0
68812,68812,68862,50,0
68812,68812,68862,50,0
68812,68812,68864,52,0
68812,68812,68864,52,0
68812,68812,68865,53,0
68812,68812,68866,54,0
68812,68812,68866,54,0
68812,68812,68866,54,0
68812,68812,68866,54,0
68812,68812,68868,56,0
68812,68812,68868,56,0
68812,68812,68869,57,0
68812,68812,68869,57,0
68812,68812,68869,57,0
68812,68812,68869,57,0
68812,68812,68870,58,0
68812,68812,68870,58,0
68812,68812,68871,59,0
68812,68812,68871,59,0
68812,68812,68872,60,0
68812,68812,68872,60,0
68812,68812,68872,60,0
68812,68812,68872,60,0
68812,68812,68871,59,0
68812,68812,68873,61,0
68812,68812,68873,61,0
68812,68812,68872,60,0
68812,68812,68873,61,0
68812,68812,68873,61,0
68812,68812,68874,62,0
68812,68812,68874,62,0
68812,68812,68873,61,0
68812,68812,68874,62,0
68812,68812,68874,62,0
68812,68812,68874,62,0
68812,68812,68875,63,0
68812,68812,68876,64,0
68812,68812,68876,64,0
68812,68812,68877,65,0
68812,68812,68877,65,0
68812,68812,68877,65,0
68812,68812,68877,65,0
68812,68812,68877,65,0
68812,68812,68878,66,0
68812,68812,68878,66,0
68812,68812,68878,66,0
68812,68812,68878,66,0
68812,68812,68879,67,0
68812,68812,68880,68,0
68812,68812,68880,68,0
68812,68812,68880,68,0
68812,68812,68880,68,0
68812,68812,68881,69,0
68812,68812,68881,69,0
68812,68812,68881,69,0
68812,68812,68881,69,0
68812,68812,68881,69,0
68812,68812,68882,70,0
68812,68812,68882,70,0
68812,68812,68882,70,0
68812,68812,68882,70,0
68812,68812,68883,71,0
68812,68812,68883,71,0
68812,68812,68882,70,0
68812,68812,68883,71,0
68812,68812,68883,71,0
68812,68812,68884,72,0
68812,68812,68885,73,0
68812,68812,68886,74,0
68812,68812,68886,74,0
68812,68812,68886,74,0
68812,68812,68887,75,0
68812,68812,68887,75,0
68812,68812,68892,80,0
68812,68877,68898,21,65
68812,68878,68900,22,66
68812,68878,68901,23,66
68812,68877,68901,24,65
68812,68877,68902,25,65
68812,68879,68904,25,67
68812,68878,68904,26,66
68812,68878,68904,26,66
68812,68880,68904,24,68
68812,68880,68907,27,68
68812,68877,68908,31,65
68812,68880,68908,28,68
68812,68877,68911,34,65
68812,68877,68911,34,65
68812,68881,68914,33,69
68812,68875,68915,40,63
68812,68882,68915,33,70
68812,68881,68915,34,69
68812,68881,68916,35,69
68812,68881,68916,35,69
68812,68880,68917,37,68
68812,68882,68917,35,70
68812,68882,68918,36,70
68812,68861,68919,58,49
68812,68876,68919,43,64
68812,68882,68920,38,70
68812,68882,68920,38,70
68812,68876,68921,45,64
68812,68883,68923,40,71
68812,68874,68923,49,62
68812,68883,68923,40,71
68812,68875,68924,49,63
68812,68883,68924,41,71
68812,68862,68924,62,50
68812,68883,68924,41,71
68812,68884,68925,41,72
68812,68887,68925,38,75
68812,68886,68925,39,74
68812,68861,68926,65,49
68812,68864,68927,63,52
68812,68884,68927,43,72
68812,68868,68928,60,56
68812,68862,68928,66,50
68812,68886,68929,43,74
68812,68861,68931,70,49
68812,68861,68931,70,49
68812,68861,68931,70,49
68812,68869,68932,63,57
68812,68862,68932,70,50
68812,68874,68933,59,62
68812,68874,68932,58,62
68812,68864,68933,69,52
68812,68866,68933,67,54
68812,68867,68934,67,55
68812,68887,68935,48,75
68812,68887,68935,48,75
68812,68866,68936,70,54
68812,68872,68937,65,60
68812,68885,68937,52,73
68812,68904,68937,33,92
68812,68873,68937,64,61
68812,68867,68937,70,55
68812,68870,68937,67,58
68812,68892,68939,47,80
68812,68870,68939,69,58
68812,68873,68939,66,61
68812,68870,68940,70,58
68812,68873,68940,67,61
68812,68872,68940,68,60
68812,68898,68941,43,86
68812,68868,68941,73,56
68812,68870,68942,72,58
68812,68871,68942,71,59
68812,68873,68942,69,61
68812,68874,68943,69,62
68812,68865,68944,79,53
68812,68870,68944,74,58
68812,68904,68944,40,92
68812,68872,68945,73,60
68812,68873,68946,73,61
68812,68872,68946,74,60
68812,68872,68949,77,60
68812,68903,68949,46,91
68812,68900,68950,50,88
68812,68908,68951,43,96
68812,68871,68951,80,59
68812,68901,68955,54,89
68812,68907,68956,49,95
68812,68912,68956,44,100
68812,68904,68958,54,92
68812,68904,68958,54,92
68812,68916,68958,42,104
68812,68917,68958,41,105
68812,68901,68960,59,89
68812,68917,68962,45,105
68812,68915,68966,51,103
68812,68911,68968,57,99
68812,68916,68969,53,104
68812,68916,68971,55,104
68812,68921,68971,50,109
68812,68908,68972,64,96
68812,68918,68972,54,106
68812,68926,68976,50,114
68812,68926,68977,51,114
68812,68918,68978,60,106
68812,68919,68978,59,107
68812,68924,68979,55,112
68812,68922,68980,58,110
68812,68920,68981,61,108
68812,68924,68982,58,112
68812,68925,68983,58,113
68812,68925,68984,59,113
68812,68926,68985,59,114
68812,68921,68985,64,109
68812,68927,68987,60,115
68812,68920,68987,67,108
68812,68925,68987,62,113
68812,68925,68995,70,113
68812,68924,68997,73,112
69011,69011,69049,38,0
69011,69011,69053,42,0
69011,69011,69056,45,0
69011,69011,69056,45,0
69011,69011,69056,45,0
69011,69011,69057,46,0
69011,69011,69058,47,0
69011,69011,69058,47,0
69011,69011,69059,48,0
69011,69011,69059,48,0
69011,69011,69061,50,0
69011,69011,69060,49,0
69011,69011,69061,50,0
69011,69011,69061,50,0
69011,69011,69061,50,0
69011,69011,69061,50,0
69011,69011,69063,52,0
69011,69011,69062,51,0
69011,69011,69062,51,0
69011,69011,69062,51,0
69011,69011,69064,53,0
69011,69011,69063,52,0
69011,69011,69064,53,0
69011,69011,69065,54,0
69011,69011,69064,53,0
69011,69011,69065,54,0
69011,69011,69066,55,0
69011,69011,69067,56,0
69011,69011,69066,55,0
69011,69011,69067,56,0
69011,69011,69067,56,0
69011,69011,69067,56,0
69011,69011,69067,56,0
69011,69011,69068,57,0
69011,69011,69069,58,0
69011,69011,69070,59,0
69011,69011,69069,58,0
69011,69011,69070,59,0
69011,69011,69070,59,0
69011,69011,69070,59,0
69011,69011,69071,60,0
69011,69011,69072,61,0
69011,69011,69072,61,0
69011,69011,69075,64,0
69011,69011,69077,66,0
69011,69011,69077,66,0
69011,69011,69078,67,0
69011,69011,69080,69,0
69011,69011,69080,69,0
69011,69011,69085,74,0
69011,69011,69087,76,0
69093,69093,69137,44,0
69093,69093,69141,48,0
69093,69093,69142,49,0
69093,69093,69142,49,0
69093,69093,69145,52,0
69093,69093,69144,51,0
69093,69093,69145,52,0
69093,69093,69145,52,0
69093,69093,69149,56,0
69093,69093,69149,56,0
69093,69093,69149,56,0
69093,69093,69149,56,0
69093,69093,69148,55,0
69093,69093,69149,56,0
69093,69093,69149,56,0
69093,69093,69150,57,0
69093,69093,69150,57,0
69093,69093,69151,58,0
69093,69093,69151,58,0
69093,69093,69152,59,0
69093,69093,69152,59,0
69093,69093,69152,59,0
69093,69093,69152,59,0
69093,69093,69152,59,0
69093,69093,69152,59,0
69093,69093,69153,60,0
69093,69093,69153,60,0
69093,69093,69152,59,0
69093,69093,69153,60,0
69093,69093,69154,61,0
69093,69093,69153,60,0
69093,69093,69153,60,0
69093,69093,69154,61,0
69093,69093,69155,62,0
69093,69093,69155,62,0
69093,69093,69155,62,0
69093,69093,69155,62,0
69093,69093,69156,63,0
69093,69093,69156,63,0
69093,69093,69156,63,0
69093,69093,69157,64,0
69093,69093,69156,63,0
69093,69093,69157,64,0
69093,69093,69157,64,0
69093,69093,69157,64,0
69093,69093,69157,64,0
69093,69093,69158,65,0
69093,69093,69158,65,0
69093,69093,69158,65,0
69093,69093,69158,65,0
69093,69093,69159,66,0
69093,69093,69159,66,0
69093,69093,69159,66,0
69093,69093,69160,67,0
69093,69093,69160,67,0
69093,69093,69160,67,0
69093,69093,69161,68,0
69093,69093,69161,68,0
69093,69093,69162,69,0
69093,69093,69162,69,0
69093,69093,69162,69,0
69093,69093,69162,69,0
69093,69093,69162,69,0
69093,69093,69162,69,0
69093,69093,69163,70,0
69093,69093,69163,70,0
69093,69093,69163,70,0
69093,69093,69164,71,0
69093,69093,69165,72,0
69093,69093,69165,72,0
69093,69093,69167,74,0
69093,69093,69167,74,0
69093,69093,69168,75,0
69093,69093,69168,75,0
69093,69093,69170,77,0
69093,69093,69170,77,0
69093,69093,69171,78,0
69093,69093,69171,78,0
69093,69093,69172,79,0
69093,69093,69176,83,0
69093,69159,69181,22,66
69093,69159,69181,22,66
69093,69159,69181,22,66
69093,69159,69183,24,66
69093,69161,69183,22,68
69093,69158,69184,26,65
69093,69160,69184,24,67
69093,69158,69185,27,65
69093,69161,69185,24,68
69093,69161,69186,25,68
69093,69158,69188,30,65
69093,69162,69188,26,69
69093,69162,69189,27,69
69093,69159,69188,29,66
69093,69162,69192,30,69
69093,69163,69193,30,70
69093,69163,69193,30,70
69093,69163,69194,31,70
69093,69157,69196,39,64
69093,69163,69196,33,70
69093,69164,69200,36,71
69093,69164,69200,36,71
69093,69157,69201,44,64
69093,69137,69201,64,44
69093,69163,69202,39,70
69093,69156,69202,46,63
69093,69166,69202,36,73
69093,69145,69203,58,52
69093,69157,69205,48,64
69093,69149,69205,56,56
69093,69165,69206,41,72
69093,69169,69206,37,76
69093,69156,69206,50,63
69093,69166,69207,41,73
69093,69157,69207,50,64
69093,69142,69209,67,49
69093,69171,69210,39,78
69093,69150,69209,59,57
69093,69141,69209,68,48
69093,69154,69209,55,61
69093,69149,69209,60,56
69093,69169,69210,41,76
69093,69164,69210,46,71
69093,69152,69212,60,59
69093,69156,69211,55,63
69093,69168,69213,45,75
69093,69154,69212,58,61
69093,69145,69212,67,52
69093,69146,69214,68,53
69093,69155,69214,59,62
69093,69172,69215,43,79
69093,69154,69215,61,61
69093,69145,69215,70,52
69093,69151,69216,65,58
69093,69173,69215,42,80
69093,69149,69216,67,56
69093,69149,69216,67,56
69093,69172,69216,44,79
69093,69152,69217,65,59
69093,69155,69219,64,62
69093,69171,69219,48,78
69093,69149,69219,70,56
69093,69153,69219,66,60
69093,69149,69219,70,56
69093,69152,69221,69,59
69093,69152,69220,68,59
69093,69151,69220,69,58
69093,69154,69221,67,61
69093,69168,69221,53,75
69093,69149,69223,74,56
69093,69150,69223,73,57
69093,69155,69222,67,62
69093,69152,69223,71,59
69093,69142,69223,81,49
69093,69152,69223,71,59
69093,69182,69225,43,89
69093,69185,69224,39,92
69093,69153,69225,72,60
69093,69186,69225,39,93
69093,69153,69226,73,60
69093,69184,69227,43,91
69093,69153,69227,74,60
69093,69189,69228,39,96
69093,69184,69227,43,91
69093,69155,69230,75,62
69093,69182,69232,50,89
69093,69185,69232,47,92
69093,69177,69232,55,84
69093,69182,69234,52,89
69093,69194,69237,43,101
69093,69186,69237,51,93
69093,69187,69237,50,94
69093,69189,69238,49,96
69093,69189,69241,52,96
69093,69197,69242,45,104
69093,69193,69244,51,100
69093,69195,69247,52,102
69093,69189,69253,64,96
69093,69203,69254,51,110
69093,69203,69255,52,110
69093,69203,69257,54,110
69093,69202,69258,56,109
69093,69193,69258,65,100
69093,69210,69261,51,117
69093,69206,69261,55,113
69093,69201,69261,60,108
69093,69202,69261,59,109
69093,69209,69264,55,116
69093,69205,69263,58,112
69093,69210,69265,55,117
69093,69207,69265,58,114
69093,69210,69265,55,117
69093,69201,69270,69,108
69093,69196,69271,75,103
69093,69207,69273,66,114
69093,69204,69275,71,111
69093,69208,69275,67,115
69093,69206,69278,72,113
69093,69208,69281,73,115
69295,69295,69338,43,0
69295,69295,69338,43,0
69295,69295,69338,43,0
69295,69295,69342,47,0
69295,69295,69341,46,0
69295,69295,69343,48,0
69295,69295,69343,48,0
69295,69295,69343,48,0
69295,69295,69346,51,0
69295,69295,69347,52,0
69295,69295,69347,52,0
69295,69295,69347,52,0
69295,69295,69347,52,0
69295,69295,69348,53,0
69295,69295,69349,54,0
69295,69295,69350,55,0
69295,69295,69350,55,0
69295,69295,69350,55,0
69295,69295,69351,56,0
69295,69295,69351,56,0
69295,69295,69351,56,0
69295,69295,69350,55,0
69295,69295,69351,56,0
69295,69295,69352,57,0
69295,69295,69352,57,0
69295,69295,69352,57,0
69295,69295,69352,57,0
69295,69295,69353,58,0
69295,69295,69352,57,0
69295,69295,69353,58,0
69295,69295,69353,58,0
69295,69295,69353,58,0
69295,69295,69354,59,0
69295,69295,69355,60,0
69295,69295,69355,60,0
69295,69295,69356,61,0
69295,69295,69356,61,0
69295,69295,69358,63,0
69295,69295,69358,63,0
69295,69295,69359,64,0
69295,69295,69359,64,0
69295,69295,69361,66,0
69295,69295,69362,67,0
69295,69295,69362,67,0
69295,69295,69364,69,0
69295,69295,69365,70,0
69295,69295,69365,70,0
69295,69295,69366,71,0
69295,69295,69369,74,0
69295,69295,69371,76,0
69295,69295,69373,78,0
69379,69380,69423,43,1
69379,69380,69428,48,1
69379,69380,69429,49,1
69379,69380,69431,51,1
69379,69380,69431,51,1
69379,69380,69432,52,1
69379,69380,69433,53,1
69379,69380,69433,53,1
69379,69380,69433,53,1
69379,69380,69433,53,1
69379,69380,69434,54,1
69379,69380,69434,54,1
69379,69380,69434,54,1
69379,69380,69434,54,1
69379,69380,69435,55,1
69379,69380,69435,55,1
69379,69380,69435,55,1
69379,69380,69435,55,1
69379,69380,69435,55,1
69379,69380,69437,57,1
69379,69380,69437,57,1
69379,69380,69438,58,1
69379,69380,69438,58,1
69379,69380,69438,58,1
69379,69380,69438,58,1
69379,69380,69438,58,1
69379,69380,69439,59,1
69379,69380,69439,59,1
69379,69380,69439,59,1
69379,69380,69439,59,1
69379,69380,69440,60,1
69379,69380,69440,60,1
69379,69380,69440,60,1
69379,69380,69441,61,1
69379,69380,69441,61,1
69379,69380,69440,60,1
69379,69380,69441,61,1
69379,69380,69441,61,1
69379,69380,69441,61,1
69379,69380,69442,62,1
69379,69380,69442,62,1
69379,69380,69443,63,1
69379,69380,69443,63,1
69379,69380,69442,62,1
69379,69380,69443,63,1
69379,69380,69444,64,1
69379,69380,69444,64,1
69379,69380,69443,63,1
69379,69380,69445,65,1
69379,69380,69446,66,1
69379,69380,69445,65,1
69379,69380,69445,65,1
69379,69380,69446,66,1
69379,69380,69447,67,1
69379,69380,69446,66,1
69379,69380,69447,67,1
69379,69380,69447,67,1
69379,69380,69448,68,1
69379,69380,69448,68,1
69379,69380,69449,69,1
69379,69380,69448,68,1
69379,69380,69448,68,1
69379,69380,69450,70,1
69379,69380,69450,70,1
69379,69380,69449,69,1
69379,69380,69451,71,1
69379,69380,69451,71,1
69379,69380,69450,70,1
69379,69380,69451,71,1
69379,69380,69452,72,1
69379,69380,69452,72,1
69379,69380,69451,71,1
69379,69380,69452,72,1
69379,69380,69453,73,1
69379,69380,69453,73,1
69379,69380,69452,72,1
69379,69380,69453,73,1
69379,69380,69454,74,1
69379,69380,69458,78,1
69379,69380,69458,78,1
69379,69447,69469,22,68
69379,69445,69469,24,66
69379,69443,69470,27,64
69379,69444,69470,26,65
69379,69444,69470,26,65
69379,69448,69471,23,69
69379,69446,69471,25,67
69379,69447,69470,23,68
69379,69444,69473,29,65
69379,69446,69475,29,67
69379,69446,69474,28,67
69379,69448,69475,27,69
69379,69443,69475,32,64
69379,69447,69476,29,68
69379,69448,69477,29,69
69379,69449,69478,29,70
69379,69449,69479,30,70
69379,69424,69481,57,45
69379,69448,69480,32,69
69379,69442,69482,40,63
69379,69450,69484,34,71
69379,69443,69485,42,64
69379,69451,69487,36,72
69379,69443,69488,45,64
69379,69450,69487,37,71
69379,69452,69488,36,73
69379,69443,69488,45,64
69379,69451,69489,38,72
69379,69450,69490,40,71
69379,69451,69491,40,72
69379,69435,69492,57,56
69379,69453,69493,40,74
69379,69449,69493,44,70
69379,69453,69494,41,74
69379,69441,69494,53,62
69379,69453,69494,41,74
69379,69452,69493,41,73
69379,69459,69494,35,80
69379,69436,69495,59,57
69379,69453,69496,43,74
69379,69451,69496,45,72
69379,69433,69496,63,54
69379,69442,69497,55,63
69379,69436,69498,62,57
69379,69430,69498,68,51
69379,69435,69497,62,56
69379,69452,69498,46,73
69379,69436,69498,62,57
69379,69429,69499,70,50
69379,69436,69501,65,57
69379,69434,69501,67,55
69379,69453,69501,48,74
69379,69442,69501,59,63
69379,69434,69501,67,55
69379,69435,69501,66,56
69379,69432,69501,69,53
69379,69435,69502,67,56
69379,69437,69503,66,58
69379,69438,69505,67,59
69379,69435,69504,69,56
69379,69439,69506,67,60
69379,69434,69506,72,55
69379,69439,69506,67,60
69379,69438,69506,68,59
69379,69439,69507,68,60
69379,69441,69508,67,62
69379,69432,69508,76,53
69379,69440,69509,69,61
69379,69442,69509,67,63
69379,69441,69509,68,62
69379,69440,69509,69,61
69379,69440,69509,69,61
69379,69434,69510,76,55
69379,69439,69510,71,60
69379,69470,69511,41,91
69379,69455,69512,57,76
69379,69439,69512,73,60
69379,69458,69514,56,79
69379,69471,69515,44,92
69379,69441,69515,74,62
69379,69441,69516,75,62
69379,69440,69517,77,61
69379,69469,69517,48,90
69379,69473,69516,43,94
69379,69471,69517,46,92
69379,69475,69520,45,96
69379,69470,69520,50,91
69379,69471,69522,51,92
69379,69477,69523,46,98
69379,69471,69524,53,92
69379,69479,69524,45,100
69379,69479,69524,45,100
69379,69469,69525,56,90
69379,69476,69528,52,97
69379,69476,69529,53,97
69379,69475,69532,57,96
69379,69482,69533,51,103
69379,69477,69534,57,98
69379,69485,69537,52,106
69379,69490,69538,48,111
69379,69481,69538,57,102
69379,69484,69541,57,105
69379,69494,69541,47,115
69379,69490,69542,52,111
69379,69488,69545,57,109
69379,69494,69546,52,115
69379,69494,69548,54,115
69379,69493,69549,56,114
69379,69487,69549,62,108
69379,69488,69550,62,109
69379,69488,69551,63,109
69379,69494,69552,58,115
69379,69488,69553,65,109
69379,69481,69555,74,102
69379,69496,69556,60,117
69379,69492,69558,66,113
69379,69491,69560,69,112
69379,69493,69562,69,114
69379,69494,69564,70,115
69578,69578,69622,44,0
69578,69578,69622,44,0
69578,69578,69622,44,0
69578,69578,69623,45,0
69578,69578,69624,46,0
69578,69578,69625,47,0
69578,69578,69625,47,0
69578,69578,69626,48,0
69578,69578,69627,49,0
69578,69578,69628,50,0
69578,69578,69628,50,0
69578,69578,69627,49,0
69578,69578,69629,51,0
69578,69578,69630,52,0
69578,69578,69629,51,0
69578,69578,69631,53,0
69578,69578,69631,53,0
69578,69578,69632,54,0
69578,69578,69632,54,0
69578,69578,69631,53,0
69578,69578,69633,55,0
69578,69578,69633,55,0
69578,69578,69633,55,0
69578,69578,69633,55,0
69578,69578,69634,56,0
69578,69578,69634,56,0
69578,69578,69634,56,0
69578,69578,69635,57,0
69578,69578,69635,57,0
69578,69578,69635,57,0
69578,69578,69636,58,0
69578,69578,69636,58,0
69578,69578,69636,58,0
69578,69578,69637,59,0
69578,69578,69638,60,0
69578,69578,69638,60,0
69578,69578,69638,60,0
69578,69578,69638,60,0
69578,69578,69638,60,0
69578,69578,69639,61,0
69578,69578,69639,61,0
69578,69578,69638,60,0
69578,69578,69639,61,0
69578,69578,69640,62,0
69578,69578,69641,63,0
69578,69578,69643,65,0
69578,69578,69643,65,0
69578,69578,69644,66,0
69578,69578,69645,67,0
69578,69578,69646,68,0
69578,69578,69654,76,0
69660,69660,69708,48,0
69660,69660,69709,49,0
69660,69660,69709,49,0
69660,69660,69710,50,0
69660,69660,69710,50,0
69660,69660,69710,50,0
69660,69660,69710,50,0
69660,69660,69710,50,0
69660,69660,69710,50,0
69660,69660,69712,52,0
69660,69660,69712,52,0
69660,69660,69713,53,0
69660,69660,69713,53,0
69660,69660,69714,54,0
69660,69660,69714,54,0
69660,69660,69714,54,0
69660,69660,69714,54,0
69660,69660,69715,55,0
69660,69660,69715,55,0
69660,69660,69717,57,0
69660,69660,69717,57,0
69660,69660,69717,57,0
69660,69660,69718,58,0
69660,69660,69719,59,0
69660,69660,69719,59,0
69660,69660,69719,59,0
69660,69660,69719,59,0
69660,69660,69719,59,0
69660,69660,69719,59,0
69660,69660,69720,60,0
69660,69660,69720,60,0
69660,69660,69720,60,0
69660,69660,69721,61,0
69660,69660,69721,61,0
69660,69660,69721,61,0
69660,69660,69721,61,0
69660,69660,69721,61,0
69660,69660,69722,62,0
69660,69660,69722,62,0
69660,69660,69722,62,0
69660,69660,69722,62,0
69660,69660,69723,63,0
69660,69660,69723,63,0
69660,69660,69723,63,0
69660,69660,69724,64,0
69660,69660,69724,64,0
69660,69660,69725,65,0
69660,69660,69725,65,0
69660,69660,69726,66,0
69660,69660,69727,67,0
69660,69660,69727,67,0
69660,69660,69727,67,0
69660,69660,69727,67,0
69660,69660,69728,68,0
69660,69660,69728,68,0
69660,69660,69728,68,0
69660,69660,69728,68,0
69660,69660,69728,68,0
69660,69660,69729,69,0
69660,69660,69729,69,0
69660,69660,69729,69,0
69660,69660,69729,69,0
69660,69660,69729,69,0
69660,69660,69729,69,0
69660,69660,69729,69,0
69660,69660,69729,69,0
69660,69660,69729,69,0
69660,69660,69730,70,0
69660,69660,69731,71,0
69660,69660,69731,71,0
69660,69660,69734,74,0
69660,69660,69734,74,0
69660,69660,69734,74,0
69660,69660,69734,74,0
69660,69660,69735,75,0
69660,69660,69735,75,0
69660,69660,69736,76,0
69660,69660,69738,78,0
69660,69660,69737,77,0
69660,69660,69740,80,0
69660,69728,69749,21,68
69660,69729,69750,21,69
69660,69728,69752,24,68
69660,69729,69751,22,69
69660,69726,69752,26,66
69660,69725,69752,27,65
69660,69726,69752,26,66
69660,69729,69754,25,69
69660,69728,69754,26,68
69660,69725,69754,29,65
69660,69727,69755,28,67
69660,69730,69757,27,70
69660,69728,69757,29,68
69660,69730,69758,28,70
69660,69730,69758,28,70
69660,69729,69761,32,69
69660,69729,69760,31,69
69660,69724,69761,37,64
69660,69730,69761,31,70
69660,69730,69761,31,70
69660,69723,69763,40,63
69660,69730,69767,37,70
69660,69708,69767,59,48
69660,69714,69769,55,54
69660,69731,69768,37,71
69660,69714,69768,54,54
69660,69732,69768,36,72
69660,69730,69769,39,70
69660,69724,69769,45,64
69660,69735,69769,34,75
69660,69730,69771,41,70
69660,69732,69771,39,72
69660,69723,69772,49,63
69660,69709,69773,64,49
69660,69722,69773,51,62
69660,69723,69773,50,63
69660,69724,69773,49,64
69660,69730,69774,44,70
69660,69712,69774,62,52
69660,69710,69775,65,50
69660,69735,69776,41,75
69660,69735,69777,42,75
69660,69710,69777,67,50
69660,69711,69777,66,51
69660,69713,69778,65,53
69660,69710,69778,68,50
69660,69715,69779,64,55
69660,69716,69778,62,56
69660,69717,69780,63,57
69660,69736,69780,44,76
69660,69735,69781,46,75
69660,69713,69780,67,53
69660,69713,69781,68,53
69660,69714,69780,66,54
69660,69722,69782,60,62
69660,69738,69783,45,78
69660,69736,69783,47,76
69660,69710,69783,73,50
69660,69737,69785,48,77
69660,69718,69785,67,58
69660,69722,69785,63,62
69660,69720,69785,65,60
69660,69711,69786,75,51
69660,69741,69786,45,81
69660,69721,69788,67,61
69660,69709,69788,79,49
69660,69720,69789,69,60
69660,69738,69789,51,78
69660,69717,69789,72,57
69660,69722,69789,67,62
69660,69752,69790,38,92
69660,69754,69791,37,94
69660,69720,69790,70,60
69660,69722,69790,68,62
69660,69722,69792,70,62
69660,69720,69793,73,60
69660,69721,69793,72,61
69660,69720,69793,73,60
69660,69719,69793,74,59
69660,69718,69793,75,58
69660,69752,69795,43,92
69660,69717,69795,78,57
69660,69752,69796,44,92
69660,69755,69797,42,95
69660,69751,69798,47,91
69660,69753,69798,45,93
69660,69749,69798,49,89
69660,69759,69799,40,99
69660,69719,69801,82,59
69660,69754,69801,47,94
69660,69761,69805,44,101
69660,69761,69806,45,101
69660,69753,69806,53,93
69660,69756,69808,52,96
69660,69757,69810,53,97
69660,69758,69812,54,98
69660,69769,69814,45,109
69660,69759,69814,55,99
69660,69762,69815,53,102
69660,69770,69816,46,110
69660,69771,69818,47,111
69660,69762,69820,58,102
69660,69762,69819,57,102
69660,69769,69821,52,109
69660,69769,69821,52,109
69660,69773,69824,51,113
69660,69767,69826,59,107
69660,69769,69827,58,109
69660,69764,69827,63,104
69660,69768,69828,60,108
69660,69774,69828,54,114
69660,69775,69829,54,115
69660,69775,69831,56,115
69660,69769,69832,63,109
69660,69774,69836,62,114
69660,69769,69836,67,109
69660,69773,69838,65,113
69660,69771,69838,67,111
69660,69773,69839,66,113
69853,69854,69898,44,1
69853,69854,69898,44,1
69853,69854,69900,46,1
69853,69854,69901,47,1
69853,69853,69900,47,0
69853,69854,69902,48,1
69853,69854,69903,49,1
69853,69853,69902,49,0
69853,69854,69902,48,1
69853,69854,69903,49,1
69853,69854,69904,50,1
69853,69854,69904,50,1
69853,69854,69904,50,1
69853,69854,69905,51,1
69853,69854,69905,51,1
69853,69854,69905,51,1
69853,69854,69906,52,1
69853,69854,69906,52,1
69853,69854,69906,52,1
69853,69853,69907,54,0
69853,69853,69907,54,0
69853,69854,69907,53,1
69853,69854,69908,54,1
69853,69853,69908,55,0
69853,69854,69909,55,1
69853,69854,69908,54,1
69853,69854,69909,55,1
69853,69854,69910,56,1
69853,69854,69911,57,1
69853,69854,69911,57,1
69853,69854,69912,58,1
69853,69854,69912,58,1
69853,69854,69912,58,1
69853,69854,69912,58,1
69853,69854,69912,58,1
69853,69854,69912,58,1
69853,69854,69914,60,1
69853,69854,69915,61,1
69853,69854,69916,62,1
69853,69854,69916,62,1
69853,69854,69917,63,1
69853,69854,69917,63,1
69853,69853,69918,65,0
69853,69854,69918,64,1
69853,69854,69919,65,1
69853,69854,69919,65,1
69853,69854,69920,66,1
69853,69853,69922,69,0
69853,69854,69925,71,1
69853,69854,69929,75,1
69853,69854,69932,78,1
69946,69946,69991,45,0
69946,69946,69994,48,0
69946,69946,69994,48,0
69946,69946,69995,49,0
69946,69946,69995,49,0
69946,69946,69995,49,0
69946,69946,69995,49,0
69946,69946,69996,50,0
69946,69946,69997,51,0
69946,69946,69997,51,0
69946,69946,69998,52,0
69946,69946,69998,52,0
69946,69946,70000,54,0
69946,69946,69999,53,0
69946,69946,70000,54,0
69946,69946,70000,54,0
69946,69946,70001,55,0
69946,69946,70001,55,0
69946,69946,70002,56,0
69946,69946,70001,55,0
69946,69946,70002,56,0
69946,69946,70001,55,0
69946,69946,70003,57,0
69946,69946,70002,56,0
69946,69946,70003,57,0
69946,69946,70003,57,0
69946,69946,70003,57,0
69946,69946,70002,56,0
69946,69946,70004,58,0
69946,69946,70004,58,0
69946,69946,70004,58,0
69946,69946,70003,57,0
69946,69946,70005,59,0
69946,69946,70004,58,0
69946,69946,70005,59,0
69946,69946,70006,60,0
69946,69946,70006,60,0
69946,69946,70006,60,0
69946,69946,70006,60,0
69946,69946,70007,61,0
69946,69946,70008,62,0
69946,69946,70008,62,0
69946,69946,70008,62,0
69946,69946,70009,63,0
69946,69946,70009,63,0
69946,69946,70010,64,0
69946,69946,70010,64,0
69946,69946,70011,65,0
69946,69946,70011,65,0
69946,69946,70010,64,0
69946,69946,70011,65,0
69946,69946,70012,66,0
69946,69946,70011,65,0
69946,69946,70011,65,0
69946,69946,70011,65,0
69946,69946,70012,66,0
69946,69946,70013,67,0
69946,69946,70012,66,0
69946,69946,70012,66,0
69946,69946,70013,67,0
69946,69946,70012,66,0
69946,69946,70013,67,0
69946,69946,70013,67,0
69946,69946,70013,67,0
69946,69946,70013,67,0
69946,69946,70015,69,0
69946,69946,70015,69,0
69946,69946,70016,70,0
69946,69946,70016,70,0
69946,69946,70016,70,0
69946,69946,70016,70,0
69946,69946,70016,70,0
69946,69946,70018,72,0
69946,69946,70018,72,0
69946,69946,70019,73,0
69946,69946,70021,75,0
69946,69946,70021,75,0
69946,69946,70023,77,0
69946,69946,70026,80,0
69946,70011,70032,21,65
69946,70011,70034,23,65
69946,69946,70034,88,0
69946,70011,70035,24,65
69946,70010,70037,27,64
69946,70010,70038,28,64
69946,70011,70038,27,65
69946,70013,70038,25,67
69946,70013,70039,26,67
69946,70010,70039,29,64
69946,70012,70039,27,66
69946,70012,70040,28,66
69946,70012,70041,29,66
69946,70012,70041,29,66
69946,70012,70041,29,66
69946,70013,70042,29,67
69946,70013,70044,31,67
69946,70009,70045,36,63
69946,70013,70046,33,67
69946,70013,70046,33,67
69946,70014,70050,36,68
69946,70013,70051,38,67
69946,70015,70051,36,69
69946,70016,70053,37,70
69946,70017,70053,36,71
69946,70018,70054,36,72
69946,70015,70055,40,69
69946,70006,70055,49,60
69946,69996,70055,59,50
69946,70000,70055,55,54
69946,70016,70055,39,70
69946,69994,70056,62,48
69946,70007,70056,49,61
69946,70008,70057,49,62
69946,70018,70057,39,72
69946,69995,70057,62,49
69946,70024,70058,34,78
69946,70016,70058,42,70
69946,69998,70058,60,52
69946,69997,70060,63,51
69946,70009,70060,51,63
69946,70021,70060,39,75
69946,70001,70062,61,55
69946,70004,70062,58,58
69946,70013,70062,49,67
69946,70004,70063,59,58
69946,70001,70064,63,55
69946,70008,70064,56,62
69946,69992,70065,73,46
69946,70005,70064,59,59
69946,70006,70065,59,60
69946,70019,70065,46,73
69946,69994,70065,71,48
69946,69995,70065,70,49
69946,70000,70065,65,54
69946,69996,70065,69,50
69946,70005,70066,61,59
69946,69999,70067,68,53
69946,70002,70069,67,56
69946,70017,70069,52,71
69946,70001,70068,67,55
69946,70002,70069,67,56
69946,70004,70070,66,58
69946,70006,70070,64,60
69946,70026,70071,45,80
69946,70002,70072,70,56
69946,69998,70072,74,52
69946,70003,70074,71,57
69946,70003,70073,70,57
69946,70003,70074,71,57
69946,69999,70075,76,53
69946,70003,70075,72,57
69946,70007,70075,68,61
69946,70003,70075,72,57
69946,70021,70075,54,75
69946,70039,70076,37,93
69946,70002,70077,75,56
69946,70004,70077,73,58
69946,70005,70078,73,59
69946,70002,70078,76,56
69946,70003,70079,76,57
69946,70033,70080,47,87
69946,70034,70081,47,88
69946,70034,70081,47,88
69946,70040,70082,42,94
69946,70037,70082,45,91
69946,70038,70082,44,92
69946,70039,70084,45,93
69946,70043,70085,42,97
69946,70042,70085,43,96
69946,70043,70089,46,97
69946,70040,70091,51,94
69946,70046,70093,47,100
69946,70047,70093,46,101
69946,70042,70095,53,96
69946,70038,70094,56,92
69946,70045,70095,50,99
69946,70040,70097,57,94
69946,70051,70097,46,105
69946,70052,70097,45,106
69946,70054,70099,45,108
69946,70055,70102,47,109
69946,70035,70103,68,89
69946,70051,70108,57,105
69946,70056,70107,51,110
69946,70047,70108,61,101
69946,70057,70111,54,111
69946,70053,70113,60,107
69946,70058,70112,54,112
69946,70059,70113,54,113
69946,70059,70113,54,113
69946,70059,70115,56,113
69946,70061,70115,54,115
69946,70058,70116,58,112
69946,70056,70117,61,110
69946,70057,70117,60,111
69946,70056,70118,62,110
69946,70056,70118,62,110
69946,70056,70120,64,110
69946,70058,70124,66,112
70139,70139,70180,41,0
70139,70139,70182,43,0
70139,70139,70183,44,0
70139,70139,70184,45,0
70139,70139,70184,45,0
70139,70139,70185,46,0
70139,70139,70185,46,0
70139,70139,70187,48,0
70139,70139,70187,48,0
70139,70139,70186,47,0
70139,70139,70188,49,0
70139,70139,70188,49,0
70139,70139,70189,50,0
70139,70139,70189,50,0
70139,70139,70189,50,0
70139,70139,70191,52,0
70139,70139,70191,52,0
70139,70139,70191,52,0
70139,70139,70192,53,0
70139,70139,70191,52,0
70139,70139,70192,53,0
70139,70139,70193,54,0
70139,70139,70193,54,0
70139,70139,70193,54,0
70139,70139,70192,53,0
70139,70139,70193,54,0
70139,70139,70194,55,0
70139,70139,70194,55,0
70139,70139,70194,55,0
70139,70139,70194,55,0
70139,70139,70195,56,0
70139,70139,70196,57,0
70139,70139,70195,56,0
70139,70139,70195,56,0
70139,70139,70196,57,0
70139,70139,70198,59,0
70139,70139,70197,58,0
70139,70139,70200,61,0
70139,70139,70200,61,0
70139,70139,70200,61,0
70139,70139,70202,63,0
70139,70139,70201,62,0
70139,70139,70202,63,0
70139,70139,70203,64,0
70139,70139,70203,64,0
70139,70139,70204,65,0
70139,70139,70205,66,0
70139,70139,70205,66,0
70139,70139,70210,71,0
70139,70139,70215,76,0
70139,70139,70218,79,0
70224,70224,70270,46,0
70224,70224,70272,48,0
70224,70224,70273,49,0
70224,70224,70273,49,0
70224,70224,70274,50,0
70224,70224,70275,51,0
70224,70224,70276,52,0
70224,70225,70277,52,1
70224,70224,70278,54,0
70224,70225,70278,53,1
70224,70224,70279,55,0
70224,70224,70278,54,0
70224,70224,70279,55,0
70224,70224,70278,54,0
70224,70224,70279,55,0
70224,70224,70279,55,0
70224,70224,70279,55,0
70224,70224,70279,55,0
70224,70224,70280,56,0
70224,70224,70280,56,0
70224,70224,70281,57,0
70224,70225,70281,56,1
70224,70224,70281,57,0
70224,70225,70281,56,1
70224,70224,70282,58,0
70224,70224,70282,58,0
70224,70225,70282,57,1
70224,70224,70282,58,0
70224,70225,70282,57,1
70224,70224,70283,59,0
70224,70224,70284,60,0
70224,70225,70284,59,1
70224,70224,70285,61,0
70224,70224,70284,60,0
70224,70225,70285,60,1
70224,70225,70285,60,1
70224,70224,70285,61,0
70224,70225,70285,60,1
70224,70224,70286,62,0
70224,70224,70287,63,0
70224,70225,70287,62,1
70224,70225,70287,62,1
70224,70224,70287,63,0
70224,70224,70287,63,0
70224,70224,70289,65,0
70224,70224,70289,65,0
70224,70224,70289,65,0
70224,70224,70288,64,0
70224,70224,70289,65,0
70224,70224,70289,65,0
70224,70224,70289,65,0
70224,70225,70290,65,1
70224,70224,70290,66,0
70224,70224,70290,66,0
70224,70224,70290,66,0
70224,70224,70291,67,0
70224,70224,70291,67,0
70224,70224,70291,67,0
70224,70224,70292,68,0
70224,70224,70292,68,0
70224,70224,70293,69,0
70224,70224,70294,70,0
70224,70224,70293,69,0
70224,70224,70295,71,0
70224,70224,70295,71,0
70224,70224,70296,72,0
70224,70224,70296,72,0
70224,70224,70295,71,0
70224,70224,70297,73,0
70224,70224,70296,72,0
70224,70224,70296,72,0
70224,70224,70297,73,0
70224,70224,70296,72,0
70224,70224,70296,72,0
70224,70224,70297,73,0
70224,70224,70297,73,0
70224,70224,70297,73,0
70224,70224,70298,74,0
70224,70225,70298,73,1
70224,70224,70299,75,0
70224,70289,70313,24,65
70224,70291,70313,22,67
70224,70290,70314,24,66
70224,70289,70314,25,65
70224,70289,70314,25,65
70224,70290,70315,25,66
70224,70290,70315,25,66
70224,70289,70316,27,65
70224,70291,70317,26,67
70224,70292,70318,26,68
70224,70291,70319,28,67
70224,70292,70319,27,68
70224,70293,70321,28,69
70224,70293,70322,29,69
70224,70290,70322,32,66
70224,70293,70323,30,69
70224,70292,70325,33,68
70224,70288,70326,38,64
70224,70296,70327,31,72
70224,70296,70328,32,72
70224,70296,70329,33,72
70224,70295,70329,34,71
70224,70294,70330,36,70
70224,70296,70332,36,72
70224,70288,70332,44,64
70224,70294,70332,38,70
70224,70297,70333,36,73
70224,70297,70333,36,73
70224,70288,70333,45,64
70224,70288,70333,45,64
70224,70297,70334,37,73
70224,70297,70335,38,73
70224,70297,70335,38,73
70224,70297,70336,39,73
70224,70271,70337,66,47
70224,70279,70338,59,55
70224,70279,70338,59,55
70224,70275,70338,63,51
70224,70299,70339,40,75
70224,70288,70339,51,64
70224,70297,70340,43,73
70224,70298,70341,43,74
70224,70279,70340,61,55
70224,70277,70340,63,53
70224,70298,70341,43,74
70224,70286,70341,55,62
70224,70279,70343,64,55
70224,70275,70344,69,51
70224,70298,70344,46,74
70224,70274,70343,69,50
70224,70300,70344,44,76
70224,70282,70345,63,58
70224,70281,70345,64,57
70224,70274,70345,71,50
70224,70284,70346,62,60
70224,70278,70346,68,54
70224,70284,70348,64,60
70224,70282,70349,67,58
70224,70279,70349,70,55
70224,70285,70349,64,61
70224,70285,70349,64,61
70224,70280,70349,69,56
70224,70281,70350,69,57
70224,70280,70350,70,56
70224,70286,70349,63,62
70224,70279,70349,70,55
70224,70279,70350,71,55
70224,70287,70351,64,63
70224,70283,70351,68,59
70224,70284,70351,67,60
70224,70285,70351,66,61
70224,70282,70352,70,58
70224,70282,70353,71,58
70224,70283,70354,71,59
70224,70273,70354,81,49
70224,70282,70354,72,58
70224,70283,70355,72,59
70224,70280,70355,75,56
70224,70315,70356,41,91
70224,70286,70357,71,62
70224,70315,70357,42,91
70224,70315,70360,45,91
70224,70316,70360,44,92
70224,70316,70361,45,92
70224,70318,70361,43,94
70224,70314,70362,48,90
70224,70325,70362,37,101
70224,70319,70365,46,95
70224,70283,70365,82,59
70224,70323,70365,42,99
70224,70322,70367,45,98
70224,70317,70367,50,93
70224,70326,70368,42,102
70224,70316,70369,53,92
70224,70320,70370,50,96
70224,70327,70371,44,103
70224,70322,70371,49,98
70224,70314,70373,59,90
70224,70321,70374,53,97
70224,70331,70378,47,107
70224,70328,70378,50,104
70224,70333,70381,48,109
70224,70332,70384,52,108
70224,70337,70385,48,113
70224,70332,70386,54,108
70224,70329,70387,58,105
70224,70333,70387,54,109
70224,70332,70390,58,108
70224,70336,70390,54,112
70224,70333,70390,57,109
70224,70330,70393,63,106
70224,70338,70394,56,114
70224,70335,70396,61,111
70224,70334,70397,63,110
70224,70338,70399,61,114
70224,70338,70399,61,114
70224,70335,70401,66,111
70224,70339,70401,62,115
70224,70336,70404,68,112
70418,70418,70458,40,0
70418,70418,70458,40,0
70418,70418,70461,43,0
70418,70418,70462,44,0
70418,70418,70463,45,0
70418,70418,70463,45,0
70418,70418,70463,45,0
70418,70418,70464,46,0
70418,70418,70465,47,0
70418,70418,70466,48,0
70418,70418,70466,48,0
70418,70418,70467,49,0
70418,70418,70468,50,0
70418,70418,70468,50,0
70418,70418,70469,51,0
70418,70418,70469,51,0
70418,70418,70469,51,0
70418,70418,70470,52,0
70418,70418,70471,53,0
70418,70418,70471,53,0
70418,70418,70472,54,0
70418,70418,70472,54,0
70418,70418,70472,54,0
70418,70418,70472,54,0
70418,70418,70472,54,0
70418,70418,70473,55,0
70418,70418,70473,55,0
70418,70418,70473,55,0
70418,70418,70474,56,0
70418,70418,70474,56,0
70418,70418,70474,56,0
70418,70418,70475,57,0
70418,70418,70475,57,0
70418,70418,70476,58,0
70418,70418,70476,58,0
70418,70418,70476,58,0
70418,70418,70476,58,0
70418,70418,70476,58,0
70418,70418,70477,59,0
70418,70418,70478,60,0
70418,70418,70479,61,0
70418,70418,70479,61,0
70418,70418,70479,61,0
70418,70418,70481,63,0
70418,70418,70480,62,0
70418,70418,70481,63,0
70418,70418,70481,63,0
70418,70418,70481,63,0
70418,70418,70483,65,0
70418,70418,70486,68,0
70418,70418,70488,70,0
70501,70502,70550,48,1
70501,70502,70551,49,1
70501,70502,70552,50,1
70501,70502,70553,51,1
70501,70502,70554,52,1
70501,70502,70554,52,1
70501,70502,70555,53,1
70501,70502,70556,54,1
70501,70502,70557,55,1
70501,70502,70556,54,1
70501,70502,70557,55,1
70501,70502,70556,54,1
70501,70502,70557,55,1
70501,70502,70557,55,1
70501,70502,70558,56,1
70501,70502,70557,55,1
70501,70502,70557,55,1
70501,70502,70557,55,1
70501,70502,70557,55,1
70501,70502,70559,57,1
70501,70502,70560,58,1
70501,70502,70559,57,1
70501,70502,70559,57,1
70501,70502,70562,60,1
70501,70502,70562,60,1
70501,70502,70562,60,1
70501,70502,70561,59,1
70501,70502,70561,59,1
70501,70502,70562,60,1
70501,70502,70563,61,1
70501,70502,70563,61,1
70501,70502,70562,60,1
70501,70502,70562,60,1
70501,70502,70563,61,1
70501,70502,70563,61,1
70501,70502,70564,62,1
70501,70502,70564,62,1
70501,70502,70565,63,1
70501,70502,70564,62,1
70501,70502,70564,62,1
70501,70502,70564,62,1
70501,70502,70565,63,1
70501,70502,70565,63,1
70501,70502,70565,63,1
70501,70502,70566,64,1
70501,70502,70566,64,1
70501,70502,70566,64,1
70501,70502,70566,64,1
70501,70502,70567,65,1
70501,70502,70566,64,1
70501,70502,70567,65,1
70501,70502,70567,65,1
70501,70502,70567,65,1
70501,70502,70567,65,1
70501,70502,70569,67,1
70501,70502,70569,67,1
70501,70502,70569,67,1
70501,70502,70570,68,1
70501,70502,70569,67,1
70501,70502,70570,68,1
70501,70502,70570,68,1
70501,70502,70570,68,1
70501,70502,70570,68,1
70501,70502,70570,68,1
70501,70502,70570,68,1
70501,70502,70571,69,1
70501,70502,70572,70,1
70501,70502,70571,69,1
70501,70502,70571,69,1
70501,70502,70572,70,1
70501,70502,70572,70,1
70501,70502,70573,71,1
70501,70502,70572,70,1
70501,70502,70574,72,1
70501,70502,70574,72,1
70501,70502,70574,72,1
70501,70502,70574,72,1
70501,70502,70574,72,1
70501,70502,70576,74,1
70501,70502,70578,76,1
70501,70568,70588,20,67
70501,70567,70590,23,66
70501,70566,70592,26,65
70501,70568,70591,23,67
70501,70567,70591,24,66
70501,70569,70593,24,68
70501,70566,70593,27,65
70501,70569,70594,25,68
70501,70568,70594,26,67
70501,70570,70595,25,69
70501,70567,70598,31,66
70501,70571,70598,27,70
70501,70567,70598,31,66
70501,70568,70599,31,67
70501,70569,70600,31,68
70501,70565,70601,36,64
70501,70570,70602,32,69
70501,70570,70603,33,69
70501,70571,70602,31,70
70501,70571,70602,31,70
70501,70571,70603,32,70
70501,70571,70604,33,70
70501,70565,70605,40,64
70501,70565,70607,42,64
70501,70572,70607,35,71
70501,70565,70608,43,64
70501,70572,70609,37,71
70501,70573,70610,37,72
70501,70572,70611,39,71
70501,70572,70611,39,71
70501,70573,70611,38,72
70501,70574,70612,38,73
70501,70565,70612,47,64
70501,70575,70613,38,74
70501,70572,70614,42,71
70501,70564,70613,49,63
70501,70554,70615,61,53
70501,70573,70615,42,72
70501,70574,70617,43,73
70501,70564,70617,53,63
70501,70563,70618,55,62
70501,70576,70618,42,75
70501,70550,70618,68,49
70501,70555,70620,65,54
70501,70578,70620,42,77
70501,70558,70620,62,57
70501,70565,70620,55,64
70501,70558,70622,64,57
70501,70574,70622,48,73
70501,70565,70624,59,64
70501,70575,70624,49,74
70501,70565,70624,59,64
70501,70558,70624,66,57
70501,70560,70624,64,59
70501,70557,70625,68,56
70501,70559,70626,67,58
70501,70553,70627,74,52
70501,70556,70629,73,55
70501,70562,70629,67,61
70501,70562,70629,67,61
70501,70558,70629,71,57
70501,70556,70630,74,55
70501,70564,70629,65,63
70501,70558,70630,72,57
70501,70594,70630,36,93
70501,70557,70630,73,56
70501,70555,70631,76,54
70501,70558,70631,73,57
70501,70560,70631,71,59
70501,70562,70631,69,61
70501,70557,70632,75,56
70501,70563,70632,69,62
70501,70557,70632,75,56
70501,70558,70632,74,57
70501,70563,70633,70,62
70501,70563,70633,70,62
70501,70595,70634,39,94
70501,70592,70634,42,91
70501,70552,70635,83,51
70501,70563,70636,73,62
70501,70562,70636,74,61
70501,70592,70636,44,91
70501,70562,70638,76,61
70501,70593,70638,45,92
70501,70590,70638,48,89
70501,70601,70639,38,100
70501,70560,70640,80,59
70501,70598,70641,43,97
70501,70589,70641,52,88
70501,70599,70641,42,98
70501,70598,70642,44,97
70501,70592,70644,52,91
70501,70600,70646,46,99
70501,70603,70647,44,102
70501,70593,70647,54,92
70501,70598,70648,50,97
70501,70594,70651,57,93
70501,70612,70658,46,111
70501,70603,70659,56,102
70501,70614,70659,45,113
70501,70615,70661,46,114
70501,70606,70662,56,105
70501,70603,70662,59,102
70501,70603,70663,60,102
70501,70603,70664,61,102
70501,70607,70664,57,106
70501,70609,70665,56,108
70501,70612,70665,53,111
70501,70613,70666,53,112
70501,70617,70667,50,116
70501,70611,70667,56,110
70501,70614,70669,55,113
70501,70607,70669,62,106
70501,70611,70671,60,110
70501,70615,70671,56,114
70501,70604,70672,68,103
70501,70608,70672,64,107
70501,70611,70676,65,110
70501,70610,70677,67,109
70692,70692,70733,41,0
70692,70692,70734,42,0
70692,70692,70736,44,0
70692,70692,70736,44,0
70692,70692,70735,43,0
70692,70692,70737,45,0
70692,70692,70737,45,0
70692,70692,70739,47,0
70692,70692,70738,46,0
70692,70692,70739,47,0
70692,70692,70738,46,0
70692,70692,70740,48,0
70692,70692,70739,47,0
70692,70692,70740,48,0
70692,70692,70740,48,0
70692,70692,70740,48,0
70692,70692,70741,49,0
70692,70692,70741,49,0
70692,70692,70742,50,0
70692,70692,70743,51,0
70692,70692,70743,51,0
70692,70692,70744,52,0
70692,70692,70745,53,0
70692,70692,70746,54,0
70692,70692,70746,54,0
70692,70692,70746,54,0
70692,70692,70747,55,0
70692,70692,70748,56,0
70692,70692,70748,56,0
70692,70692,70748,56,0
70692,70692,70749,57,0
70692,70692,70748,56,0
70692,70692,70749,57,0
70692,70692,70750,58,0
70692,70692,70750,58,0
70692,70692,70750,58,0
70692,70692,70750,58,0
70692,70692,70750,58,0
70692,70692,70750,58,0
70692,70692,70751,59,0
70692,70692,70752,60,0
70692,70692,70752,60,0
70692,70692,70753,61,0
70692,70692,70752,60,0
70692,70692,70754,62,0
70692,70692,70756,64,0
70692,70692,70757,65,0
70692,70692,70758,66,0
70692,70692,70762,70,0
70692,70692,70761,69,0
70692,70692,70772,80,0
70777,70777,70823,46,0
70777,70777,70824,47,0
70777,70777,70825,48,0
70777,70777,70827,50,0
70777,70777,70828,51,0
70777,70777,70830,53,0
70777,70777,70831,54,0
70777,70777,70832,55,0
70777,70777,70833,56,0
70777,70777,70833,56,0
70777,70777,70833,56,0
70777,70777,70834,57,0
70777,70777,70834,57,0
70777,70777,70835,58,0
70777,70777,70835,58,0
70777,70777,70835,58,0
70777,70777,70836,59,0
70777,70777,70836,59,0
70777,70777,70836,59,0
70777,70777,70836,59,0
70777,70777,70837,60,0
70777,70777,70837,60,0
70777,70777,70838,61,0
70777,70777,70837,60,0
70777,70777,70837,60,0
70777,70777,70837,60,0
70777,70777,70838,61,0
70777,70777,70838,61,0
70777,70777,70839,62,0
70777,70777,70838,61,0
70777,70777,70839,62,0
70777,70777,70838,61,0
70777,70777,70839,62,0
70777,70777,70840,63,0
70777,70777,70839,62,0
70777,70777,70839,62,0
70777,70777,70840,63,0
70777,70777,70841,64,0
70777,70777,70841,64,0
70777,70777,70841,64,0
70777,70777,70842,65,0
70777,70777,70841,64,0
70777,70777,70841,64,0
70777,70777,70841,64,0
70777,70777,70842,65,0
70777,70777,70842,65,0
70777,70777,70842,65,0
70777,70777,70842,65,0
70777,70777,70842,65,0
70777,70777,70842,65,0
70777,70777,70842,65,0
70777,70777,70843,66,0
70777,70777,70843,66,0
70777,70777,70843,66,0
70777,70777,70843,66,0
70777,70777,70844,67,0
70777,70777,70845,68,0
70777,70777,70845,68,0
70777,70777,70845,68,0
70777,70777,70846,69,0
70777,70777,70845,68,0
70777,70777,70846,69,0
70777,70777,70846,69,0
70777,70777,70847,70,0
70777,70777,70848,71,0
70777,70777,70847,70,0
70777,70777,70847,70,0
70777,70777,70847,70,0
70777,70777,70847,70,0
70777,70777,70848,71,0
70777,70777,70848,71,0
70777,70777,70848,71,0
70777,70777,70849,72,0
70777,70777,70851,74,0
70777,70777,70850,73,0
70777,70777,70850,73,0
70777,70777,70851,74,0
70777,70777,70851,74,0
70777,70777,70854,77,0
70777,70777,70854,77,0
70777,70844,70865,21,67
70777,70843,70865,22,66
70777,70844,70866,22,67
70777,70843,70868,25,66
70777,70843,70869,26,66
70777,70843,70868,25,66
70777,70843,70871,28,66
70777,70843,70871,28,66
70777,70845,70871,26,68
70777,70845,70870,25,68
70777,70844,70871,27,67
70777,70845,70872,27,68
70777,70847,70873,26,70
70777,70846,70874,28,69
70777,70846,70876,30,69
70777,70842,70875,33,65
70777,70846,70876,30,69
70777,70843,70875,32,66
70777,70844,70876,32,67
70777,70848,70879,31,71
70777,70847,70882,35,70
70777,70842,70883,41,65
70777,70847,70883,36,70
70777,70848,70883,35,71
70777,70848,70884,36,71
70777,70848,70883,35,71
70777,70842,70885,43,65
70777,70849,70886,37,72
70777,70848,70887,39,71
70777,70826,70886,60,49
70777,70851,70888,37,74
70777,70852,70889,37,75
70777,70842,70890,48,65
70777,70851,70891,40,74
70777,70849,70892,43,72
70777,70849,70892,43,72
70777,70842,70892,50,65
70777,70834,70893,59,57
70777,70854,70893,39,77
70777,70834,70894,60,57
70777,70851,70895,44,74
70777,70825,70895,70,48
70777,70828,70896,68,51
70777,70842,70897,55,65
70777,70835,70898,63,58
70777,70824,70897,73,47
70777,70855,70900,45,78
70777,70831,70900,69,54
70777,70849,70902,53,72
70777,70852,70903,51,75
70777,70834,70902,68,57
70777,70836,70903,67,59
70777,70829,70903,74,52
70777,70834,70903,69,57
70777,70839,70904,65,62
70777,70841,70903,62,64
70777,70838,70905,67,61
70777,70839,70905,66,62
70777,70837,70906,69,60
70777,70838,70906,68,61
70777,70838,70905,67,61
70777,70840,70906,66,63
70777,70837,70906,69,60
70777,70839,70907,68,62
70777,70837,70907,70,60
70777,70837,70908,71,60
70777,70838,70907,69,61
70777,70832,70907,75,55
70777,70839,70908,69,62
70777,70839,70908,69,62
70777,70839,70908,69,62
70777,70836,70909,73,59
70777,70840,70909,69,63
70777,70838,70909,71,61
70777,70841,70910,69,64
70777,70835,70911,76,58
70777,70840,70911,71,63
70777,70838,70912,74,61
70777,70872,70911,39,95
70777,70840,70913,73,63
70777,70833,70915,82,56
70777,70865,70916,51,88
70777,70876,70916,40,99
70777,70875,70916,41,98
70777,70869,70918,49,92
70777,70871,70918,47,94
70777,70868,70919,51,91
70777,70869,70919,50,92
70777,70871,70919,48,94
70777,70865,70921,56,88
70777,70876,70921,45,99
70777,70872,70922,50,95
70777,70871,70922,51,94
70777,70877,70924,47,100
70777,70874,70925,51,97
70777,70879,70928,49,102
70777,70884,70929,45,107
70777,70866,70931,65,89
70777,70871,70931,60,94
70777,70876,70933,57,99
70777,70884,70935,51,107
70777,70882,70938,56,105
70777,70883,70938,55,106
70777,70876,70938,62,99
70777,70886,70938,52,109
70777,70887,70940,53,110
70777,70892,70941,49,115
70777,70889,70942,53,112
70777,70887,70942,55,110
70777,70893,70943,50,116
70777,70893,70944,51,116
70777,70892,70944,52,115
70777,70891,70946,55,114
70777,70883,70946,63,106
70777,70883,70946,63,106
70777,70885,70946,61,108
70777,70889,70947,58,112
70777,70893,70952,59,116
70777,70891,70955,64,114
70969,70970,71012,42,1
70969,70970,71014,44,1
70969,70970,71015,45,1
70969,70970,71016,46,1
70969,70970,71016,46,1
70969,70970,71017,47,1
70969,70970,71019,49,1
70969,70970,71018,48,1
70969,70970,71019,49,1
70969,70970,71019,49,1
70969,70970,71019,49,1
70969,70970,71021,51,1
70969,70970,71021,51,1
70969,70970,71021,51,1
70969,70970,71021,51,1
70969,70970,71022,52,1
70969,70970,71022,52,1
70969,70970,71023,53,1
70969,70970,71023,53,1
70969,70970,71023,53,1
70969,70970,71024,54,1
70969,70970,71024,54,1
70969,70970,71024,54,1
70969,70970,71024,54,1
70969,70970,71025,55,1
70969,70970,71025,55,1
70969,70970,71025,55,1
70969,70970,71027,57,1
70969,70970,71027,57,1
70969,70970,71027,57,1
70969,70970,71027,57,1
70969,70970,71027,57,1
70969,70970,71027,57,1
70969,70970,71028,58,1
70969,70970,71028,58,1
70969,70970,71028,58,1
70969,70970,71030,60,1
70969,70970,71029,59,1
70969,70970,71031,61,1
70969,70970,71033,63,1
70969,70970,71033,63,1
70969,70970,71033,63,1
70969,70970,71033,63,1
70969,70970,71034,64,1
70969,70970,71034,64,1
70969,70970,71034,64,1
70969,70970,71036,66,1
70969,70970,71037,67,1
70969,70970,71036,66,1
70969,70970,71036,66,1
70969,70970,71042,72,1
71049,71049,71098,49,0
71049,71049,71098,49,0
71049,71049,71098,49,0
71049,71049,71097,48,0
71049,71049,71099,50,0
71049,71049,71099,50,0
71049,71049,71098,49,0
71049,71049,71098,49,0
71049,71049,71098,49,0
71049,71049,71100,51,0
71049,71049,71100,51,0
71049,71049,71103,54,0
71049,71049,71103,54,0
71049,71049,71102,53,0
71049,71049,71103,54,0
71049,71049,71103,54,0
71049,71049,71104,55,0
71049,71049,71105,56,0
71049,71049,71104,55,0
71049,71049,71106,57,0
71049,71049,71106,57,0
71049,71049,71107,58,0
71049,71049,71106,57,0
71049,71049,71107,58,0
71049,71049,71107,58,0
71049,71049,71108,59,0
71049,71049,71108,59,0
71049,71049,71109,60,0
71049,71049,71108,59,0
71049,71049,71108,59,0
71049,71049,71110,61,0
71049,71049,71111,62,0
71049,71049,71111,62,0
71049,71049,71111,62,0
71049,71049,71111,62,0
71049,71049,71111,62,0
71049,71049,71112,63,0
71049,71049,71112,63,0
71049,71049,71112,63,0
71049,71049,71113,64,0
71049,71049,71112,63,0
71049,71049,71113,64,0
71049,71049,71112,63,0
71049,71049,71113,64,0
71049,71049,71113,64,0
71049,71049,71115,66,0
71049,71049,71115,66,0
71049,71049,71114,65,0
71049,71049,71116,67,0
71049,71049,71116,67,0
71049,71049,71116,67,0
71049,71049,71116,67,0
71049,71049,71116,67,0
71049,71049,71117,68,0
71049,71049,71116,67,0
71049,71049,71117,68,0
71049,71049,71117,68,0
71049,71049,71118,69,0
71049,71049,71118,69,0
71049,71049,71118,69,0
71049,71049,71117,68,0
71049,71049,71118,69,0
71049,71049,71117,68,0
71049,71049,71118,69,0
71049,71049,71117,68,0
71049,71049,71118,69,0
71049,71049,71119,70,0
71049,71049,71120,71,0
71049,71049,71121,72,0
71049,71049,71121,72,0
71049,71049,71121,72,0
71049,71049,71121,72,0
71049,71049,71122,73,0
71049,71049,71122,73,0
71049,71049,71125,76,0
71049,71049,71125,76,0
71049,71049,71125,76,0
71049,71049,71126,77,0
71049,71049,71126,77,0
71049,71049,71127,78,0
71049,71114,71137,23,65
71049,71116,71139,23,67
71049,71116,71141,25,67
71049,71117,71142,25,68
71049,71113,71143,30,64
71049,71118,71144,26,69
71049,71116,71144,28,67
71049,71115,71145,30,66
71049,71116,71145,29,67
71049,71115,71145,30,66
71049,71116,71145,29,67
71049,71117,71145,28,68
71049,71118,71145,27,69
71049,71118,71146,28,69
71049,71117,71146,29,68
71049,71115,71147,32,66
71049,71117,71148,31,68
71049,71118,71149,31,69
71049,71118,71150,32,69
71049,71118,71152,34,69
71049,71118,71153,35,69
71049,71122,71154,32,73
71049,71113,71155,42,64
71049,71113,71156,43,64
71049,71118,71157,39,69
71049,71118,71158,40,69
71049,71121,71160,39,72
71049,71098,71160,62,49
71049,71098,71161,63,49
71049,71120,71162,42,71
71049,71125,71163,38,76
71049,71122,71163,41,73
71049,71099,71164,65,50
71049,71119,71164,45,70
71049,71113,71164,51,64
71049,71121,71166,45,72
71049,71125,71166,41,76
71049,71111,71167,56,62
71049,71121,71168,47,72
71049,71121,71169,48,72
71049,71098,71169,71,49
71049,71098,71169,71,49
71049,71113,71169,56,64
71049,71126,71169,43,77
71049,71099,71169,70,50
71049,71100,71169,69,51
71049,71099,71170,71,50
71049,71125,71170,45,76
71049,71104,71170,66,55
71049,71112,71170,58,63
71049,71112,71172,60,63
71049,71107,71172,65,58
71049,71108,71172,64,59
71049,71107,71172,65,58
71049,71103,71173,70,54
71049,71103,71172,69,54
71049,71103,71173,70,54
71049,71100,71175,75,51
71049,71111,71174,63,62
71049,71099,71175,76,50
71049,71107,71175,68,58
71049,71126,71174,48,77
71049,71105,71175,70,56
71049,71103,71177,74,54
71049,71106,71177,71,57
71049,71106,71177,71,57
71049,71105,71178,73,56
71049,71109,71178,69,60
71049,71099,71178,79,50
71049,71109,71180,71,60
71049,71107,71181,74,58
71049,71108,71181,73,59
71049,71105,71182,77,56
71049,71111,71182,71,62
71049,71111,71182,71,62
71049,71112,71183,71,63
71049,71112,71184,72,63
71049,71145,71185,40,96
71049,71109,71185,76,60
71049,71141,71189,48,92
71049,71128,71188,60,79
71049,71139,71188,49,90
71049,71147,71189,42,98
71049,71147,71190,43,98
71049,71110,71190,80,61
71049,71146,71192,46,97
71049,71146,71192,46,97
71049,71143,71193,50,94
71049,71146,71193,47,97
71049,71149,71193,44,100
71049,71146,71194,48,97
71049,71145,71194,49,96
71049,71137,71195,58,88
71049,71144,71196,52,95
71049,71143,71196,53,94
71049,71146,71196,50,97
71049,71148,71200,52,99
71049,71150,71201,51,101
71049,71156,71205,49,107
71049,71151,71207,56,102
71049,71155,71210,55,106
71049,71161,71209,48,112
71049,71157,71213,56,108
71049,71154,71212,58,105
71049,71162,71214,52,113
71049,71158,71215,57,109
71049,71164,71215,51,115
71049,71159,71216,57,110
71049,71161,71218,57,112
71049,71164,71219,55,115
71049,71168,71218,50,119
71049,71165,71220,55,116
71049,71167,71220,53,118
71049,71168,71221,53,119
71049,71166,71223,57,117
71049,71163,71224,61,114
71049,71153,71224,71,104
71049,71164,71229,65,115
71049,71164,71231,67,115
71246,71246,71290,44,0
71246,71246,71291,45,0
71246,71246,71291,45,0
71246,71246,71291,45,0
71246,71246,71293,47,0
71246,71246,71294,48,0
71246,71246,71293,47,0
71246,71246,71295,49,0
71246,71246,71296,50,0
71246,71246,71297,51,0
71246,71246,71297,51,0
71246,71246,71298,52,0
71246,71246,71298,52,0
71246,71246,71298,52,0
71246,71246,71299,53,0
71246,71246,71300,54,0
71246,71246,71301,55,0
71246,71246,71300,54,0
71246,71246,71302,56,0
71246,71246,71302,56,0
71246,71246,71302,56,0
71246,71246,71302,56,0
71246,71246,71303,57,0
71246,71246,71304,58,0
71246,71246,71304,58,0
71246,71246,71304,58,0
71246,71246,71304,58,0
71246,71246,71304,58,0
71246,71246,71304,58,0
71246,71246,71306,60,0
71246,71246,71306,60,0
71246,71246,71306,60,0
71246,71246,71306,60,0
71246,71246,71306,60,0
71246,71246,71307,61,0
71246,71246,71308,62,0
71246,71246,71309,63,0
71246,71246,71309,63,0
71246,71246,71309,63,0
71246,71246,71310,64,0
71246,71246,71311,65,0
71246,71246,71310,64,0
71246,71246,71311,65,0
71246,71246,71312,66,0
71246,71246,71313,67,0
71246,71246,71314,68,0
71246,71246,71314,68,0
71246,71246,71316,70,0
71246,71246,71317,71,0
71246,71246,71324,78,0
71246,71246,71325,79,0
71331,71331,71377,46,0
71331,71331,71378,47,0
71331,71331,71379,48,0
71331,71331,71380,49,0
71331,71331,71380,49,0
71331,71331,71382,51,0
71331,71331,71384,53,0
71331,71331,71384,53,0
71331,71331,71384,53,0
71331,71331,71384,53,0
71331,71331,71385,54,0
71331,71331,71385,54,0
71331,71331,71385,54,0
71331,71331,71385,54,0
71331,71331,71385,54,0
71331,71331,71385,54,0
71331,71331,71386,55,0
71331,71331,71386,55,0
71331,71331,71386,55,0
71331,71331,71386,55,0
71331,71331,71387,56,0
71331,71331,71387,56,0
71331,71331,71387,56,0
71331,71331,71389,58,0
71331,71331,71391,60,0
71331,71331,71390,59,0
71331,71331,71391,60,0
71331,71331,71391,60,0
71331,71331,71392,61,0
71331,71331,71393,62,0
71331,71331,71393,62,0
71331,71331,71392,61,0
71331,71331,71392,61,0
71331,71331,71393,62,0
71331,71331,71393,62,0
71331,71331,71393,62,0
71331,71331,71393,62,0
71331,71331,71395,64,0
71331,71331,71396,65,0
71331,71331,71396,65,0
71331,71331,71396,65,0
71331,71331,71396,65,0
71331,71331,71396,65,0
71331,71331,71397,66,0
71331,71331,71397,66,0
71331,71331,71397,66,0
71331,71331,71399,68,0
71331,71331,71398,67,0
71331,71331,71398,67,0
71331,71331,71399,68,0
71331,71331,71398,67,0
71331,71331,71399,68,0
71331,71331,71398,67,0
71331,71331,71398,67,0
71331,71331,71399,68,0
71331,71331,71400,69,0
71331,71331,71401,70,0
71331,71331,71400,69,0
71331,71331,71401,70,0
71331,71331,71401,70,0
71331,71331,71401,70,0
71331,71331,71402,71,0
71331,71331,71403,72,0
71331,71331,71402,71,0
71331,71331,71402,71,0
71331,71331,71402,71,0
71331,71331,71402,71,0
71331,71331,71403,72,0
71331,71331,71404,73,0
71331,71331,71404,73,0
71331,71331,71404,73,0
71331,71331,71406,75,0
71331,71331,71405,74,0
71331,71331,71406,75,0
71331,71331,71408,77,0
71331,71331,71411,80,0
71331,71331,71411,80,0
71331,71331,71412,81,0
71331,71331,71412,81,0
71331,71331,71412,81,0
71331,71399,71420,21,68
71331,71398,71423,25,67
71331,71399,71423,24,68
71331,71399,71424,25,68
71331,71398,71425,27,67
71331,71399,71425,26,68
71331,71399,71424,25,68
71331,71397,71424,27,66
71331,71401,71425,24,70
71331,71400,71426,26,69
71331,71399,71427,28,68
71331,71399,71427,28,68
71331,71402,71427,25,71
71331,71400,71429,29,69
71331,71401,71428,27,70
71331,71401,71428,27,70
71331,71399,71429,30,68
71331,71403,71430,27,72
71331,71402,71432,30,71
71331,71397,71433,36,66
71331,71403,71438,35,72
71331,71403,71437,34,72
71331,71403,71439,36,72
71331,71379,71439,60,48
71331,71403,71442,39,72
71331,71404,71443,39,73
71331,71378,71444,66,47
71331,71405,71444,39,74
71331,71396,71444,48,65
71331,71404,71445,41,73
71331,71397,71446,49,66
71331,71380,71446,66,49
71331,71396,71446,50,65
71331,71394,71446,52,63
71331,71385,71447,62,54
71331,71381,71447,66,50
71331,71405,71446,41,74
71331,71394,71448,54,63
71331,71380,71448,68,49
71331,71383,71448,65,52
71331,71406,71450,44,75
71331,71396,71450,54,65
71331,71407,71450,43,76
71331,71385,71450,65,54
71331,71403,71450,47,72
71331,71386,71451,65,55
71331,71411,71451,40,80
71331,71406,71453,47,75
71331,71394,71453,59,63
71331,71385,71453,68,54
71331,71387,71454,67,56
71331,71386,71455,69,55
71331,71412,71456,44,81
71331,71386,71457,71,55
71331,71393,71456,63,62
71331,71388,71457,69,57
71331,71390,71456,66,59
71331,71392,71456,64,61
71331,71394,71458,64,63
71331,71387,71457,70,56
71331,71387,71459,72,56
71331,71409,71458,49,78
71331,71395,71459,64,64
71331,71391,71459,68,60
71331,71393,71459,66,62
71331,71387,71460,73,56
71331,71391,71460,69,60
71331,71385,71461,76,54
71331,71386,71461,75,55
71331,71426,71461,35,95
71331,71388,71461,73,57
71331,71412,71461,49,81
71331,71393,71462,69,62
71331,71386,71462,76,55
71331,71386,71462,76,55
71331,71393,71464,71,62
71331,71388,71463,75,57
71331,71392,71466,74,61
71331,71413,71466,53,82
71331,71420,71468,48,89
71331,71423,71469,46,92
71331,71393,71469,76,62
71331,71427,71470,43,96
71331,71425,71469,44,94
71331,71425,71473,48,94
71331,71426,71474,48,95
71331,71428,71475,47,97
71331,71425,71475,50,94
71331,71429,71476,47,98
71331,71423,71476,53,92
71331,71427,71478,51,96
71331,71413,71479,66,82
71331,71424,71480,56,93
71331,71425,71480,55,94
71331,71429,71483,54,98
71331,71429,71482,53,98
71331,71430,71484,54,99
71331,71431,71488,57,100
71331,71432,71490,58,101
71331,71434,71491,57,103
71331,71439,71491,52,108
71331,71440,71498,58,109
71331,71442,71499,57,111
71331,71446,71500,54,115
71331,71444,71500,56,113
71331,71445,71502,57,114
71331,71447,71503,56,116
71331,71443,71504,61,112
71331,71447,71504,57,116
71331,71447,71504,57,116
71331,71438,71505,67,107
71331,71444,71507,63,113
71331,71448,71507,59,117
71331,71446,71508,62,115
71331,71446,71510,64,115
71331,71448,71511,63,117
71331,71445,71512,67,114
71331,71438,71513,75,107
71331,71446,71515,69,115
71529,71530,71575,45,1
71529,71530,71576,46,1
71529,71530,71577,47,1
71529,71530,71578,48,1
71529,71530,71579,49,1
71529,71530,71579,49,1
71529,71530,71581,51,1
71529,71530,71582,52,1
71529,71530,71583,53,1
71529,71530,71583,53,1
71529,71530,71583,53,1
71529,71530,71583,53,1
71529,71530,71584,54,1
71529,71530,71585,55,1
71529,71530,71586,56,1
71529,71530,71585,55,1
71529,71530,71587,57,1
71529,71530,71587,57,1
71529,71530,71587,57,1
71529,71530,71589,59,1
71529,71530,71589,59,1
71529,71530,71589,59,1
71529,71530,71590,60,1
71529,71530,71590,60,1
71529,71530,71591,61,1
71529,71529,71591,62,0
71529,71530,71591,61,1
71529,71530,71591,61,1
71529,71530,71591,61,1
71529,71530,71592,62,1
71529,71530,71593,63,1
71529,71530,71593,63,1
71529,71530,71593,63,1
71529,71530,71594,64,1
71529,71530,71594,64,1
71529,71530,71594,64,1
71529,71530,71595,65,1
71529,71530,71595,65,1
71529,71529,71597,68,0
71529,71530,71597,67,1
71529,71530,71597,67,1
71529,71529,71598,69,0
71529,71530,71598,68,1
71529,71530,71601,71,1
71529,71530,71601,71,1
71529,71530,71602,72,1
71529,71530,71603,73,1
71529,71530,71606,76,1
71529,71529,71606,77,0
71529,71530,71606,76,1
71529,71530,71610,80,1
71616,71617,71666,49,1
71616,71617,71667,50,1
71616,71617,71669,52,1
71616,71617,71669,52,1
71616,71617,71670,53,1
71616,71617,71670,53,1
71616,71617,71670,53,1
71616,71617,71670,53,1
71616,71617,71670,53,1
71616,71617,71671,54,1
71616,71617,71672,55,1
71616,71617,71674,57,1
71616,71617,71674,57,1
71616,71617,71674,57,1
71616,71617,71675,58,1
71616,71617,71674,57,1
71616,71617,71674,57,1
71616,71617,71675,58,1
71616,71617,71675,58,1
71616,71617,71676,59,1
71616,71617,71676,59,1
71616,71617,71676,59,1
71616,71617,71677,60,1
71616,71617,71678,61,1
71616,71617,71677,60,1
71616,71617,71678,61,1
71616,71617,71678,61,1
71616,71617,71679,62,1
71616,71617,71679,62,1
71616,71617,71678,61,1
71616,71617,71678,61,1
71616,71617,71679,62,1
71616,71617,71679,62,1
71616,71617,71679,62,1
71616,71617,71679,62,1
71616,71617,71679,62,1
71616,71617,71680,63,1
71616,71617,71680,63,1
71616,71617,71680,63,1
71616,71617,71680,63,1
71616,71617,71680,63,1
71616,71617,71683,66,1
71616,71617,71682,65,1
71616,71617,71683,66,1
71616,71617,71683,66,1
71616,71617,71683,66,1
71616,71617,71684,67,1
71616,71617,71684,67,1
71616,71617,71684,67,1
71616,71617,71684,67,1
71616,71617,71684,67,1
71616,71617,71685,68,1
71616,71617,71684,67,1
71616,71617,71684,67,1
71616,71617,71685,68,1
71616,71617,71685,68,1
71616,71617,71686,69,1
71616,71617,71685,68,1
71616,71617,71687,70,1
71616,71617,71686,69,1
71616,71617,71687,70,1
71616,71617,71687,70,1
71616,71617,71687,70,1
71616,71617,71687,70,1
71616,71617,71688,71,1
71616,71617,71688,71,1
71616,71617,71687,70,1
71616,71617,71689,72,1
71616,71617,71690,73,1
71616,71617,71689,72,1
71616,71617,71690,73,1
71616,71617,71689,72,1
71616,71617,71691,74,1
71616,71617,71692,75,1
71616,71617,71692,75,1
71616,71617,71693,76,1
71616,71617,71693,76,1
71616,71617,71693,76,1
71616,71617,71695,78,1
71616,71617,71701,84,1
71616,71685,71706,21,69
71616,71683,71707,24,67
71616,71685,71708,23,69
71616,71685,71708,23,69
71616,71684,71708,24,68
71616,71685,71709,24,69
71616,71684,71710,26,68
71616,71684,71711,27,68
71616,71684,71711,27,68
71616,71684,71712,28,68
71616,71683,71715,32,67
71616,71687,71715,28,71
71616,71685,71716,31,69
71616,71687,71716,29,71
71616,71686,71716,30,70
71616,71685,71717,32,69
71616,71687,71717,30,71
71616,71686,71718,32,70
71616,71687,71719,32,71
71616,71687,71721,34,71
71616,71688,71721,33,72
71616,71688,71723,35,72
71616,71688,71723,35,72
71616,71690,71726,36,74
71616,71692,71726,34,76
71616,71687,71726,39,71
71616,71681,71726,45,65
71616,71683,71727,44,67
71616,71690,71729,39,74
71616,71681,71729,48,65
71616,71680,71730,50,64
71616,71690,71730,40,74
71616,71691,71730,39,75
71616,71690,71731,41,74
71616,71680,71732,52,64
71616,71689,71733,44,73
71616,71671,71734,63,55
71616,71683,71735,52,67
71616,71694,71735,41,78
71616,71680,71736,56,64
71616,71680,71736,56,64
71616,71693,71736,43,77
71616,71670,71737,67,54
71616,71670,71738,68,54
71616,71672,71737,65,56
71616,71667,71738,71,51
71616,71680,71739,59,64
71616,71693,71739,46,77
71616,71675,71740,65,59
71616,71674,71740,66,58
71616,71669,71740,71,53
71616,71668,71741,73,52
71616,71679,71740,61,63
71616,71671,71740,69,55
71616,71669,71741,72,53
71616,71674,71743,69,58
71616,71675,71744,69,59
71616,71701,71743,42,85
71616,71676,71744,68,60
71616,71675,71745,70,59
71616,71679,71745,66,63
71616,71677,71745,68,61
71616,71680,71745,65,64
71616,71673,71746,73,57
71616,71676,71746,70,60
71616,71676,71746,70,60
71616,71675,71748,73,59
71616,71675,71748,73,59
71616,71678,71748,70,62
71616,71678,71749,71,62
71616,71695,71749,54,79
71616,71670,71750,80,54
71616,71678,71750,72,62
71616,71678,71752,74,62
71616,71674,71752,78,58
71616,71679,71752,73,63
71616,71679,71753,74,63
71616,71710,71754,44,94
71616,71712,71754,42,96
71616,71679,71756,77,63
71616,71706,71756,50,90
71616,71707,71758,51,91
71616,71679,71760,81,63
71616,71708,71760,52,92
71616,71694,71761,67,78
71616,71711,71761,50,95
71616,71711,71761,50,95
71616,71717,71761,44,101
71616,71708,71762,54,92
71616,71716,71762,46,100
71616,71716,71765,49,100
71616,71708,71767,59,92
71616,71717,71767,50,101
71616,71717,71767,50,101
71616,71718,71768,50,102
71616,71721,71770,49,105
71616,71715,71771,56,99
71616,71718,71772,54,102
71616,71720,71772,52,104
71616,71727,71774,47,111
71616,71724,71777,53,108
71616,71721,71777,56,105
71616,71709,71780,71,93
71616,71728,71780,52,112
71616,71736,71783,47,120
71616,71728,71784,56,112
71616,71731,71788,57,115
71616,71727,71794,67,111
71616,71726,71794,68,110
71616,71731,71794,63,115
71616,71729,71795,66,113
71616,71735,71796,61,119
71616,71724,71795,71,108
71616,71732,71795,63,116
71616,71736,71796,60,120
71616,71734,71797,63,118
71616,71732,71798,66,116
71616,71730,71800,70,114
71616,71731,71804,73,115
71818,71818,71860,42,0
71818,71818,71866,48,0
71818,71818,71868,50,0
71818,71818,71869,51,0
71818,71818,71870,52,0
71818,71818,71870,52,0
71818,71818,71870,52,0
71818,71818,71871,53,0
71818,71818,71871,53,0
71818,71818,71871,53,0
71818,71818,71871,53,0
71818,71818,71871,53,0
71818,71818,71871,53,0
71818,71818,71872,54,0
71818,71818,71872,54,0
71818,71818,71873,55,0
71818,71818,71875,57,0
71818,71818,71875,57,0
71818,71818,71875,57,0
71818,71818,71875,57,0
71818,71818,71876,58,0
71818,71818,71876,58,0
71818,71818,71876,58,0
71818,71818,71876,58,0
71818,71818,71876,58,0
71818,71818,71877,59,0
71818,71818,71877,59,0
71818,71818,71877,59,0
71818,71818,71878,60,0
71818,71818,71878,60,0
71818,71818,71878,60,0
71818,71818,71878,60,0
71818,71818,71879,61,0
71818,71818,71879,61,0
71818,71818,71881,63,0
71818,71818,71881,63,0
71818,71818,71881,63,0
71818,71818,71882,64,0
71818,71818,71882,64,0
71818,71818,71882,64,0
71818,71818,71882,64,0
71818,71818,71884,66,0
71818,71818,71884,66,0
71818,71818,71885,67,0
71818,71818,71885,67,0
71818,71818,71886,68,0
71818,71818,71888,70,0
71818,71818,71889,71,0
71818,71818,71891,73,0
71818,71818,71894,76,0
71818,71818,71894,76,0
71900,71901,71946,45,1
71900,71901,71948,47,1
71900,71901,71947,46,1
71900,71901,71949,48,1
71900,71901,71949,48,1
71900,71901,71952,51,1
71900,71901,71953,52,1
71900,71901,71953,52,1
71900,71901,71954,53,1
71900,71900,71955,55,0
71900,71901,71957,56,1
71900,71901,71957,56,1
71900,71901,71956,55,1
71900,71901,71957,56,1
71900,71901,71957,56,1
71900,71901,71958,57,1
71900,71901,71958,57,1
71900,71901,71959,58,1
71900,71901,71959,58,1
71900,71901,71959,58,1
71900,71901,71961,60,1
71900,71901,71961,60,1
71900,71900,71960,60,0
71900,71901,71961,60,1
71900,71901,71961,60,1
71900,71901,71962,61,1
71900,71901,71961,60,1
71900,71901,71963,62,1
71900,71901,71962,61,1
71900,71901,71964,63,1
71900,71901,71963,62,1
71900,71901,71964,63,1
71900,71901,71964,63,1
71900,71901,71964,63,1
71900,71901,71965,64,1
71900,71901,71964,63,1
71900,71900,71966,66,0
71900,71900,71966,66,0
71900,71901,71966,65,1
71900,71901,71966,65,1
71900,71900,71968,68,0
71900,71901,71967,66,1
71900,71900,71968,68,0
71900,71901,71967,66,1
71900,71900,71967,67,0
71900,71900,71968,68,0
71900,71901,71968,67,1
71900,71901,71968,67,1
71900,71901,71969,68,1
71900,71901,71970,69,1
71900,71901,71970,69,1
71900,71901,71970,69,1
71900,71900,71969,69,0
71900,71901,71970,69,1
71900,71900,71971,71,0
71900,71901,71970,69,1
71900,71901,71971,70,1
71900,71901,71970,69,1
71900,71900,71970,70,0
71900,71901,71971,70,1
71900,71901,71971,70,1
71900,71901,71972,71,1
71900,71900,71972,72,0
71900,71900,71972,72,0
71900,71901,71974,73,1
71900,71900,71974,74,0
71900,71900,71974,74,0
71900,71901,71974,73,1
71900,71901,71974,73,1
71900,71901,71974,73,1
71900,71901,71974,73,1
71900,71900,71975,75,0
71900,71901,71974,73,1
71900,71901,71975,74,1
71900,71900,71975,75,0
71900,71901,71977,76,1
71900,71901,71978,77,1
71900,71900,71978,78,0
71900,71900,71980,80,0
71900,71901,71986,85,1
71900,71970,71991,21,70
71900,71969,71994,25,69
71900,71970,71993,23,70
71900,71970,71994,24,70
71900,71968,71995,27,68
71900,71970,71995,25,70
71900,71970,71996,26,70
71900,71971,71997,26,71
71900,71971,71997,26,71
71900,71971,71998,27,71
71900,71972,72000,28,72
71900,71968,72000,32,68
71900,71972,72000,28,72
71900,71972,72001,29,72
71900,71968,72001,33,68
71900,71971,72001,30,71
71900,71968,72002,34,68
71900,71970,72002,32,70
71900,71968,72004,36,68
71900,71974,72005,31,74
71900,71947,72006,59,47
71900,71973,72006,33,73
71900,71975,72006,31,75
71900,71973,72008,35,73
71900,71974,72009,35,74
71900,71974,72010,36,74
71900,71968,72009,41,68
71900,71975,72010,35,75
71900,71974,72011,37,74
71900,71971,72012,41,71
71900,71966,72015,49,66
71900,71967,72014,47,67
71900,71967,72015,48,67
71900,71949,72016,67,49
71900,71968,72016,48,68
71900,71950,72018,68,50
71900,71948,72018,70,48
71900,71975,72018,43,75
71900,71954,72018,64,54
71900,71976,72018,42,76
71900,71961,72021,60,61
71900,71957,72021,64,57
71900,71954,72022,68,54
71900,71975,72022,47,75
71900,71977,72022,45,77
71900,71953,72023,70,53
71900,71965,72024,59,65
71900,71975,72024,49,75
71900,71948,72024,76,48
71900,71958,72024,66,58
71900,71979,72024,45,79
71900,71955,72025,70,55
71900,71980,72025,45,80
71900,71959,72026,67,59
71900,71958,72026,68,58
71900,71979,72026,47,79
71900,71965,72026,61,65
71900,71956,72027,71,56
71900,71975,72028,53,75
71900,71967,72029,62,67
71900,71957,72030,73,57
71900,71962,72030,68,62
71900,71960,72030,70,60
71900,71961,72030,69,61
71900,71960,72030,70,60
71900,71960,72031,71,60
71900,71963,72031,68,63
71900,71964,72032,68,64
71900,71957,72032,75,57
71900,71994,72033,39,94
71900,71964,72033,69,64
71900,71958,72034,76,58
71900,71964,72034,70,64
71900,71964,72036,72,64
71900,71962,72037,75,62
71900,71964,72037,73,64
71900,71961,72037,76,61
71900,71961,72038,77,61
71900,71963,72038,75,63
71900,71986,72039,53,86
71900,72001,72040,39,101
71900,71994,72041,47,94
71900,71994,72041,47,94
71900,72001,72042,41,101
71900,71962,72042,80,62
71900,71995,72044,49,95
71900,72000,72045,45,100
71900,72000,72045,45,100
71900,71996,72045,49,96
71900,72001,72045,44,101
71900,71991,72046,55,91
71900,71998,72047,49,98
71900,71997,72048,51,97
71900,72000,72049,49,100
71900,71997,72051,54,97
71900,71995,72052,57,95
71900,72005,72054,49,105
71900,72006,72054,48,106
71900,72002,72055,53,102
71900,72006,72056,50,106
71900,72008,72061,53,108
71900,72004,72062,58,104
71900,72002,72063,61,102
71900,72006,72063,57,106
71900,72010,72064,54,110
71900,72012,72064,52,112
71900,72010,72067,57,110
71900,72018,72069,51,118
71900,72015,72070,55,115
71900,72011,72071,60,111
71900,72016,72080,64,116
71900,72019,72081,62,119
71900,72009,72083,74,109
71900,72015,72084,69,115
71900,72015,72085,70,115
71900,72018,72085,67,118
71900,72018,72087,69,118
71900,72016,72089,73,116
71900,72010,72091,81,110
72106,72106,72150,44,0
72106,72106,72151,45,0
72106,72106,72153,47,0
72106,72106,72155,49,0
72106,72106,72156,50,0
72106,72106,72158,52,0
72106,72106,72159,53,0
72106,72106,72159,53,0
72106,72106,72160,54,0
72106,72106,72160,54,0
72106,72106,72162,56,0
72106,72106,72161,55,0
72106,72106,72161,55,0
72106,72106,72161,55,0
72106,72106,72162,56,0
72106,72106,72163,57,0
72106,72106,72164,58,0
72106,72106,72164,58,0
72106,72106,72163,57,0
72106,72106,72164,58,0
72106,72106,72165,59,0
72106,72106,72165,59,0
72106,72106,72165,59,0
72106,72106,72166,60,0
72106,72106,72166,60,0
72106,72106,72167,61,0
72106,72106,72167,61,0
72106,72106,72167,61,0
72106,72106,72167,61,0
72106,72106,72168,62,0
72106,72106,72168,62,0
72106,72106,72169,63,0
72106,72106,72169,63,0
72106,72106,72169,63,0
72106,72106,72170,64,0
72106,72106,72169,63,0
72106,72106,72170,64,0
72106,72106,72171,65,0
72106,72106,72171,65,0
72106,72106,72174,68,0
72106,72106,72175,69,0
72106,72106,72175,69,0
72106,72106,72175,69,0
72106,72106,72176,70,0
72106,72106,72177,71,0
72106,72106,72178,72,0
72106,72106,72179,73,0
72106,72106,72179,73,0
72106,72106,72180,74,0
72106,72106,72181,75,0
72106,72106,72184,78,0
72191,72191,72236,45,0
72191,72191,72236,45,0
72191,72191,72237,46,0
72191,72191,72240,49,0
72191,72191,72243,52,0
72191,72191,72243,52,0
72191,72191,72243,52,0
72191,72191,72244,53,0
72191,72191,72246,55,0
72191,72191,72246,55,0
72191,72191,72247,56,0
72191,72191,72248,57,0
72191,72191,72249,58,0
72191,72191,72249,58,0
72191,72191,72249,58,0
72191,72191,72250,59,0
72191,72191,72250,59,0
72191,72191,72251,60,0
72191,72191,72250,59,0
72191,72191,72251,60,0
72191,72191,72250,59,0
72191,72191,72250,59,0
72191,72191,72251,60,0
72191,72191,72251,60,0
72191,72191,72252,61,0
72191,72191,72252,61,0
72191,72191,72252,61,0
72191,72191,72252,61,0
72191,72191,72252,61,0
72191,72191,72252,61,0
72191,72191,72253,62,0
72191,72191,72254,63,0
72191,72191,72254,63,0
72191,72191,72256,65,0
72191,72191,72256,65,0
72191,72191,72256,65,0
72191,72191,72256,65,0
72191,72191,72256,65,0
72191,72191,72256,65,0
72191,72191,72257,66,0
72191,72191,72257,66,0
72191,72191,72257,66,0
72191,72191,72257,66,0
72191,72191,72257,66,0
72191,72191,72257,66,0
72191,72191,72258,67,0
72191,72191,72258,67,0
72191,72191,72259,68,0
72191,72191,72259,68,0
72191,72191,72259,68,0
72191,72191,72259,68,0
72191,72191,72259,68,0
72191,72191,72259,68,0
72191,72191,72260,69,0
72191,72191,72260,69,0
72191,72191,72260,69,0
72191,72191,72261,70,0
72191,72191,72261,70,0
72191,72191,72261,70,0
72191,72191,72261,70,0
72191,72191,72262,71,0
72191,72191,72262,71,0
72191,72191,72262,71,0
72191,72191,72262,71,0
72191,72191,72262,71,0
72191,72191,72263,72,0
72191,72191,72263,72,0
72191,72191,72263,72,0
72191,72191,72263,72,0
72191,72191,72263,72,0
72191,72191,72264,73,0
72191,72191,72264,73,0
72191,72191,72264,73,0
72191,72191,72265,74,0
72191,72191,72265,74,0
72191,72191,72265,74,0
72191,72191,72268,77,0
72191,72191,72270,79,0
72191,72191,72271,80,0
72191,72191,72273,82,0
72191,72260,72281,21,69
72191,72259,72281,22,68
72191,72259,72282,23,68
72191,72260,72283,23,69
72191,72260,72284,24,69
72191,72260,72285,25,69
72191,72257,72285,28,66
72191,72261,72286,25,70
72191,72260,72287,27,69
72191,72258,72287,29,67
72191,72260,72288,28,69
72191,72260,72287,27,69
72191,72262,72288,26,71
72191,72257,72289,32,66
72191,72263,72291,28,72
72191,72262,72291,29,71
72191,72263,72292,29,72
72191,72263,72292,29,72
72191,72262,72293,31,71
72191,72257,72294,37,66
72191,72263,72295,32,72
72191,72261,72295,34,70
72191,72264,72297,33,73
72191,72244,72299,55,53
72191,72264,72300,36,73
72191,72265,72300,35,74
72191,72257,72300,43,66
72191,72264,72301,37,73
72191,72264,72300,36,73
72191,72257,72301,44,66
72191,72265,72301,36,74
72191,72257,72302,45,66
72191,72264,72303,39,73
72191,72263,72305,42,72
72191,72256,72305,49,65
72191,72266,72305,39,75
72191,72254,72307,53,63
72191,72243,72307,64,52
72191,72266,72308,42,75
72191,72243,72309,66,52
72191,72266,72309,43,75
72191,72265,72310,45,74
72191,72237,72309,72,46
72191,72236,72310,74,45
72191,72238,72311,73,47
72191,72256,72311,55,65
72191,72256,72312,56,65
72191,72256,72313,57,65
72191,72246,72313,67,55
72191,72243,72314,71,52
72191,72252,72314,62,61
72191,72269,72313,44,78
72191,72256,72314,58,65
72191,72272,72315,43,81
72191,72248,72315,67,57
72191,72253,72316,63,62
72191,72249,72316,67,58
72191,72248,72317,69,57
72191,72241,72317,76,50
72191,72246,72319,73,55
72191,72251,72319,68,60
72191,72252,72318,66,61
72191,72251,72319,68,60
72191,72252,72320,68,61
72191,72251,72320,69,60
72191,72249,72319,70,58
72191,72251,72320,69,60
72191,72250,72320,70,59
72191,72253,72322,69,62
72191,72274,72322,48,83
72191,72251,72323,72,60
72191,72271,72323,52,80
72191,72254,72324,70,63
72191,72286,72325,39,95
72191,72251,72324,73,60
72191,72250,72325,75,59
72191,72256,72325,69,65
72191,72283,72326,43,92
72191,72253,72327,74,62
72191,72286,72328,42,95
72191,72288,72327,39,97
72191,72282,72327,45,91
72191,72284,72328,44,93
72191,72250,72328,78,59
72191,72288,72329,41,97
72191,72252,72330,78,61
72191,72284,72330,46,93
72191,72251,72329,78,60
72191,72287,72331,44,96
72191,72288,72330,42,97
72191,72282,72331,49,91
72191,72292,72332,40,101
72191,72289,72334,45,98
72191,72288,72334,46,97
72191,72292,72336,44,101
72191,72290,72336,46,99
72191,72296,72339,43,105
72191,72295,72343,48,104
72191,72292,72346,54,101
72191,72296,72346,50,105
72191,72294,72348,54,103
72191,72293,72349,56,102
72191,72301,72350,49,110
72191,72301,72352,51,110
72191,72300,72353,53,109
72191,72304,72355,51,113
72191,72306,72359,53,115
72191,72297,72359,62,106
72191,72306,72360,54,115
72191,72303,72360,57,112
72191,72301,72361,60,110
72191,72301,72361,60,110
72191,72309,72364,55,118
72191,72300,72365,65,109
72191,72308,72365,57,117
72191,72306,72364,58,115
72191,72301,72367,66,110
72191,72302,72369,67,111
72191,72308,72373,65,117
72388,72388,72428,40,0
72388,72388,72428,40,0
72388,72388,72430,42,0
72388,72388,72432,44,0
72388,72388,72433,45,0
72388,72388,72434,46,0
72388,72388,72435,47,0
72388,72388,72434,46,0
72388,72388,72435,47,0
72388,72388,72435,47,0
72388,72388,72436,48,0
72388,72388,72436,48,0
72388,72388,72437,49,0
72388,72388,72436,48,0
72388,72388,72437,49,0
72388,72388,72440,52,0
72388,72388,72439,51,0
72388,72388,72441,53,0
72388,72388,72441,53,0
72388,72388,72442,54,0
72388,72388,72443,55,0
72388,72388,72442,54,0
72388,72388,72444,56,0
72388,72388,72444,56,0
72388,72388,72443,55,0
72388,72388,72445,57,0
72388,72388,72444,56,0
72388,72388,72445,57,0
72388,72388,72445,57,0
72388,72388,72445,57,0
72388,72388,72445,57,0
72388,72388,72447,59,0
72388,72388,72449,61,0
72388,72388,72448,60,0
72388,72388,72449,61,0
72388,72388,72449,61,0
72388,72388,72450,62,0
72388,72388,72449,61,0
72388,72388,72450,62,0
72388,72388,72451,63,0
72388,72388,72451,63,0
72388,72388,72451,63,0
72388,72388,72451,63,0
72388,72388,72452,64,0
72388,72388,72451,63,0
72388,72388,72453,65,0
72388,72388,72456,68,0
72388,72388,72457,69,0
72388,72388,72459,71,0
72388,72388,72462,74,0
72388,72388,72466,78,0
72480,72480,72522,42,0
72480,72480,72524,44,0
72480,72480,72525,45,0
72480,72480,72528,48,0
72480,72480,72529,49,0
72480,72480,72530,50,0
72480,72480,72531,51,0
72480,72480,72532,52,0
72480,72480,72532,52,0
72480,72480,72532,52,0
72480,72480,72533,53,0
72480,72480,72533,53,0
72480,72480,72535,55,0
72480,72480,72535,55,0
72480,72480,72535,55,0
72480,72480,72536,56,0
72480,72480,72538,58,0
72480,72480,72538,58,0
72480,72480,72538,58,0
72480,72480,72539,59,0
72480,72480,72539,59,0
72480,72480,72540,60,0
72480,72480,72540,60,0
72480,72480,72540,60,0
72480,72480,72541,61,0
72480,72480,72541,61,0
72480,72480,72541,61,0
72480,72480,72542,62,0
72480,72480,72543,63,0
72480,72480,72543,63,0
72480,72480,72544,64,0
72480,72480,72544,64,0
72480,72480,72545,65,0
72480,72480,72544,64,0
72480,72480,72545,65,0
72480,72480,72545,65,0
72480,72480,72546,66,0
72480,72480,72547,67,0
72480,72480,72546,66,0
72480,72480,72546,66,0
72480,72480,72547,67,0
72480,72480,72547,67,0
72480,72480,72548,68,0
72480,72480,72547,67,0
72480,72480,72547,67,0
72480,72480,72547,67,0
72480,72480,72547,67,0
72480,72480,72548,68,0
72480,72480,72548,68,0
72480,72480,72548,68,0
72480,72480,72550,70,0
72480,72480,72549,69,0
72480,72480,72549,69,0
72480,72480,72550,70,0
72480,72480,72549,69,0
72480,72480,72549,69,0
72480,72480,72550,70,0
72480,72480,72551,71,0
72480,72480,72550,70,0
72480,72480,72551,71,0
72480,72480,72551,71,0
72480,72480,72552,72,0
72480,72480,72551,71,0
72480,72480,72552,72,0
72480,72480,72552,72,0
72480,72480,72552,72,0
72480,72480,72552,72,0
72480,72480,72553,73,0
72480,72480,72553,73,0
72480,72480,72553,73,0
72480,72480,72554,74,0
72480,72480,72555,75,0
72480,72480,72555,75,0
72480,72480,72556,76,0
72480,72480,72557,77,0
72480,72480,72558,78,0
72480,72480,72557,77,0
72480,72480,72559,79,0
72480,72480,72560,80,0
72480,72480,72559,79,0
72480,72548,72568,20,68
72480,72550,72569,19,70
72480,72550,72572,22,70
72480,72550,72571,21,70
72480,72549,72572,23,69
72480,72550,72571,21,70
72480,72549,72573,24,69
72480,72548,72572,24,68
72480,72548,72573,25,68
72480,72550,72575,25,70
72480,72549,72576,27,69
72480,72551,72577,26,71
72480,72548,72577,29,68
72480,72551,72578,27,71
72480,72551,72578,27,71
72480,72550,72579,29,70
72480,72552,72580,28,72
72480,72551,72579,28,71
72480,72552,72580,28,72
72480,72552,72580,28,72
72480,72548,72580,32,68
72480,72553,72580,27,73
72480,72548,72584,36,68
72480,72553,72583,30,73
72480,72555,72584,29,75
72480,72554,72583,29,74
72480,72554,72585,31,74
72480,72553,72584,31,73
72480,72553,72585,32,73
72480,72554,72588,34,74
72480,72555,72588,33,75
72480,72557,72588,31,77
72480,72556,72590,34,76
72480,72529,72591,62,49
72480,72547,72593,46,67
72480,72547,72592,45,67
72480,72523,72593,70,43
72480,72547,72593,46,67
72480,72525,72593,68,45
72480,72556,72594,38,76
72480,72530,72596,66,50
72480,72547,72595,48,67
72480,72533,72596,63,53
72480,72558,72596,38,78
72480,72544,72598,54,64
72480,72546,72600,54,66
72480,72531,72601,70,51
72480,72560,72602,42,80
72480,72558,72602,44,78
72480,72526,72602,76,46
72480,72534,72603,69,54
72480,72559,72604,45,79
72480,72545,72604,59,65
72480,72533,72605,72,53
72480,72545,72605,60,65
72480,72546,72606,60,66
72480,72536,72607,71,56
72480,72536,72607,71,56
72480,72572,72607,35,92
72480,72547,72607,60,67
72480,72534,72608,74,54
72480,72539,72607,68,59
72480,72532,72608,76,52
72480,72543,72608,65,63
72480,72539,72608,69,59
72480,72540,72610,70,60
72480,72544,72610,66,64
72480,72545,72610,65,65
72480,72560,72610,50,80
72480,72540,72611,71,60
72480,72572,72610,38,92
72480,72542,72610,68,62
72480,72574,72611,37,94
72480,72541,72611,70,61
72480,72537,72612,75,57
72480,72539,72612,73,59
72480,72541,72613,72,61
72480,72578,72613,35,98
72480,72533,72613,80,53
72480,72576,72613,37,96
72480,72536,72614,78,56
72480,72573,72614,41,93
72480,72542,72614,72,62
72480,72542,72615,73,62
72480,72569,72615,46,89
72480,72545,72615,70,65
72480,72572,72616,44,92
72480,72573,72617,44,93
72480,72580,72618,38,100
72480,72569,72617,48,89
72480,72541,72619,78,61
72480,72578,72620,42,98
72480,72577,72620,43,97
72480,72576,72619,43,96
72480,72579,72624,45,99
72480,72581,72625,44,101
72480,72577,72629,52,97
72480,72584,72628,44,104
72480,72580,72630,50,100
72480,72572,72632,60,92
72480,72580,72632,52,100
72480,72585,72634,49,105
72480,72584,72634,50,104
72480,72584,72637,53,104
72480,72581,72638,57,101
72480,72588,72638,50,108
72480,72584,72639,55,104
72480,72589,72641,52,109
72480,72586,72643,57,106
72480,72585,72644,59,105
72480,72581,72645,64,101
72480,72593,72647,54,113
72480,72591,72648,57,111
72480,72589,72648,59,109
72480,72590,72652,62,110
72480,72593,72655,62,113
72480,72593,72655,62,113
72480,72593,72657,64,113
72480,72593,72660,67,113
72674,72674,72716,42,0
72674,72674,72717,43,0
72674,72674,72718,44,0
72674,72674,72719,45,0
72674,72674,72719,45,0
72674,72674,72720,46,0
72674,72674,72721,47,0
72674,72674,72722,48,0
72674,72674,72722,48,0
72674,72674,72722,48,0
72674,72674,72723,49,0
72674,72674,72724,50,0
72674,72674,72724,50,0
72674,72674,72724,50,0
72674,72674,72724,50,0
72674,72674,72725,51,0
72674,72674,72726,52,0
72674,72674,72726,52,0
72674,72674,72727,53,0
72674,72674,72727,53,0
72674,72674,72727,53,0
72674,72674,72728,54,0
72674,72674,72729,55,0
72674,72674,72729,55,0
72674,72674,72729,55,0
72674,72674,72729,55,0
72674,72674,72730,56,0
72674,72674,72730,56,0
72674,72674,72730,56,0
72674,72674,72730,56,0
72674,72674,72731,57,0
72674,72674,72731,57,0
72674,72674,72731,57,0
72674,72674,72732,58,0
72674,72674,72733,59,0
72674,72674,72734,60,0
72674,72674,72734,60,0
72674,72674,72735,61,0
72674,72674,72735,61,0
72674,72674,72735,61,0
72674,72674,72736,62,0
72674,72674,72737,63,0
72674,72674,72738,64,0
72674,72674,72738,64,0
72674,72674,72738,64,0
72674,72674,72740,66,0
72674,72674,72741,67,0
72674,72674,72744,70,0
72674,72674,72745,71,0
72674,72674,72746,72,0
72674,72674,72748,74,0
72768,72768,72814,46,0
72768,72768,72813,45,0
72768,72768,72816,48,0
72768,72768,72817,49,0
72768,72768,72817,49,0
72768,72768,72819,51,0
72768,72768,72818,50,0
72768,72768,72818,50,0
72768,72768,72820,52,0
72768,72768,72821,53,0
72768,72768,72822,54,0
72768,72768,72824,56,0
72768,72768,72824,56,0
72768,72768,72824,56,0
72768,72768,72825,57,0
72768,72768,72825,57,0
72768,72768,72824,56,0
72768,72768,72826,58,0
72768,72768,72825,57,0
72768,72768,72825,57,0
72768,72768,72826,58,0
72768,72768,72826,58,0
72768,72768,72827,59,0
72768,72768,72826,58,0
72768,72768,72828,60,0
72768,72768,72829,61,0
72768,72768,72829,61,0
72768,72768,72829,61,0
72768,72768,72829,61,0
72768,72768,72829,61,0
72768,72768,72829,61,0
72768,72768,72830,62,0
72768,72768,72830,62,0
72768,72768,72831,63,0
72768,72768,72831,63,0
72768,72768,72833,65,0
72768,72768,72833,65,0
72768,72768,72834,66,0
72768,72768,72834,66,0
72768,72768,72834,66,0
72768,72768,72835,67,0
72768,72768,72835,67,0
72768,72768,72835,67,0
72768,72768,72835,67,0
72768,72768,72836,68,0
72768,72768,72836,68,0
72768,72768,72836,68,0
72768,72768,72836,68,0
72768,72768,72837,69,0
72768,72768,72837,69,0
72768,72768,72837,69,0
72768,72768,72837,69,0
72768,72768,72837,69,0
72768,72768,72837,69,0
72768,72768,72837,69,0
72768,72768,72837,69,0
72768,72768,72837,69,0
72768,72768,72837,69,0
72768,72768,72837,69,0
72768,72768,72838,70,0
72768,72768,72838,70,0
72768,72768,72838,70,0
72768,72768,72839,71,0
72768,72768,72840,72,0
72768,72768,72840,72,0
72768,72768,72840,72,0
72768,72768,72839,71,0
72768,72768,72841,73,0
72768,72768,72841,73,0
72768,72768,72841,73,0
72768,72768,72842,74,0
72768,72768,72842,74,0
72768,72768,72843,75,0
72768,72768,72845,77,0
72768,72768,72845,77,0
72768,72768,72846,78,0
72768,72768,72846,78,0
72768,72768,72846,78,0
72768,72768,72847,79,0
72768,72768,72848,80,0
72768,72836,72859,23,68
72768,72837,72859,22,69
72768,72837,72860,23,69
72768,72837,72860,23,69
72768,72836,72861,25,68
72768,72836,72861,25,68
72768,72837,72861,24,69
72768,72836,72862,26,68
72768,72837,72862,25,69
72768,72837,72862,25,69
72768,72837,72862,25,69
72768,72838,72862,24,70
72768,72835,72864,29,67
72768,72840,72864,24,72
72768,72838,72865,27,70
72768,72837,72865,28,69
72768,72838,72865,27,70
72768,72840,72865,25,72
72768,72840,72866,26,72
72768,72837,72866,29,69
72768,72839,72867,28,71
72768,72840,72868,28,72
72768,72842,72868,26,74
72768,72838,72869,31,70
72768,72838,72869,31,70
72768,72842,72872,30,74
72768,72842,72872,30,74
72768,72841,72873,32,73
72768,72843,72875,32,75
72768,72843,72875,32,75
72768,72835,72877,42,67
72768,72834,72878,44,66
72768,72846,72879,33,78
72768,72835,72880,45,67
72768,72845,72882,37,77
72768,72814,72882,68,46
72768,72834,72883,49,66
72768,72831,72883,52,63
72768,72847,72883,36,79
72768,72846,72884,38,78
72768,72821,72884,63,53
72768,72814,72884,70,46
72768,72846,72885,39,78
72768,72835,72884,49,67
72768,72830,72885,55,62
72768,72819,72885,66,51
72768,72817,72886,69,49
72768,72818,72888,70,50
72768,72833,72887,54,65
72768,72847,72887,40,79
72768,72825,72888,63,57
72768,72831,72889,58,63
72768,72819,72890,71,51
72768,72824,72890,66,56
72768,72819,72891,72,51
72768,72830,72891,61,62
72768,72848,72892,44,80
72768,72818,72892,74,50
72768,72830,72893,63,62
72768,72822,72893,71,54
72768,72834,72895,61,66
72768,72826,72895,69,58
72768,72826,72896,70,58
72768,72828,72896,68,60
72768,72825,72896,71,57
72768,72830,72896,66,62
72768,72822,72897,75,54
72768,72824,72897,73,56
72768,72830,72898,68,62
72768,72829,72898,69,61
72768,72834,72898,64,66
72768,72862,72899,37,94
72768,72825,72898,73,57
72768,72862,72899,37,94
72768,72862,72900,38,94
72768,72824,72899,75,56
72768,72863,72899,36,95
72768,72827,72900,73,59
72768,72826,72900,74,58
72768,72827,72901,74,59
72768,72860,72902,42,92
72768,72826,72902,76,58
72768,72865,72903,38,97
72768,72829,72903,74,61
72768,72827,72904,77,59
72768,72867,72903,36,99
72768,72860,72904,44,92
72768,72863,72904,41,95
72768,72863,72903,40,95
72768,72829,72904,75,61
72768,72865,72904,39,97
72768,72863,72905,42,95
72768,72866,72906,40,98
72768,72863,72907,44,95
72768,72860,72906,46,92
72768,72861,72907,46,93
72768,72866,72908,42,98
72768,72867,72910,43,99
72768,72866,72912,46,98
72768,72868,72913,45,100
72768,72866,72919,53,98
72768,72869,72920,51,101
72768,72870,72919,49,102
72768,72869,72920,51,101
72768,72873,72920,47,105
72768,72883,72924,41,115
72768,72874,72925,51,106
72768,72870,72928,58,102
72768,72875,72932,57,107
72768,72876,72933,57,108
72768,72879,72934,55,111
72768,72873,72935,62,105
72768,72880,72936,56,112
72768,72881,72939,58,113
72768,72883,72939,56,115
72768,72878,72940,62,110
72768,72884,72941,57,116
72768,72884,72945,61,116
72768,72883,72949,66,115
72964,72964,73000,36,0
72964,72964,73005,41,0
72964,72964,73005,41,0
72964,72964,73006,42,0
72964,72964,73010,46,0
72964,72964,73010,46,0
72964,72964,73011,47,0
72964,72964,73011,47,0
72964,72964,73011,47,0
72964,72964,73012,48,0
72964,72964,73013,49,0
72964,72964,73014,50,0
72964,72964,73014,50,0
72964,72964,73015,51,0
72964,72964,73015,51,0
72964,72964,73015,51,0
72964,72964,73016,52,0
72964,72964,73016,52,0
72964,72964,73017,53,0
72964,72964,73018,54,0
72964,72964,73017,53,0
72964,72964,73017,53,0
72964,72964,73019,55,0
72964,72964,73019,55,0
72964,72964,73019,55,0
72964,72964,73018,54,0
72964,72964,73019,55,0
72964,72964,73020,56,0
72964,72964,73020,56,0
72964,72964,73020,56,0
72964,72964,73021,57,0
72964,72964,73021,57,0
72964,72964,73021,57,0
72964,72964,73022,58,0
72964,72964,73021,57,0
72964,72964,73022,58,0
72964,72964,73022,58,0
72964,72964,73022,58,0
72964,72964,73023,59,0
72964,72964,73025,61,0
72964,72964,73025,61,0
72964,72964,73025,61,0
72964,72964,73026,62,0
72964,72964,73027,63,0
72964,72964,73028,64,0
72964,72964,73030,66,0
72964,72964,73030,66,0
72964,72964,73031,67,0
72964,72964,73031,67,0
72964,72964,73035,71,0
72964,72964,73039,75,0
73050,73050,73095,45,0
73050,73050,73095,45,0
73050,73050,73099,49,0
73050,73050,73100,50,0
73050,73050,73101,51,0
73050,73050,73101,51,0
73050,73050,73101,51,0
73050,73050,73101,51,0
73050,73050,73103,53,0
73050,73050,73104,54,0
73050,73050,73104,54,0
73050,73050,73104,54,0
73050,73050,73104,54,0
73050,73050,73105,55,0
73050,73050,73105,55,0
73050,73050,73106,56,0
73050,73050,73106,56,0
73050,73050,73106,56,0
73050,73050,73106,56,0
73050,73050,73107,57,0
73050,73050,73107,57,0
73050,73050,73107,57,0
73050,73050,73106,56,0
73050,73050,73106,56,0
73050,73050,73107,57,0
73050,73050,73107,57,0
73050,73050,73108,58,0
73050,73050,73109,59,0
73050,73050,73109,59,0
73050,73050,73111,61,0
73050,73050,73111,61,0
73050,73050,73111,61,0
73050,73050,73111,61,0
73050,73050,73112,62,0
73050,73050,73111,61,0
73050,73050,73112,62,0
73050,73050,73112,62,0
73050,73050,73113,63,0
73050,73050,73113,63,0
73050,73050,73113,63,0
73050,73050,73115,65,0
73050,73050,73115,65,0
73050,73050,73115,65,0
73050,73050,73115,65,0
73050,73050,73115,65,0
73050,73050,73115,65,0
73050,73050,73116,66,0
73050,73050,73116,66,0
73050,73050,73116,66,0
73050,73050,73115,65,0
73050,73050,73116,66,0
73050,73050,73116,66,0
73050,73050,73116,66,0
73050,73050,73116,66,0
73050,73050,73117,67,0
73050,73050,73117,67,0
73050,73050,73117,67,0
73050,73050,73117,67,0
73050,73050,73118,68,0
73050,73050,73118,68,0
73050,73050,73119,69,0
73050,73050,73118,68,0
73050,73050,73119,69,0
73050,73050,73119,69,0
73050,73050,73120,70,0
73050,73050,73120,70,0
73050,73050,73120,70,0
73050,73050,73122,72,0
73050,73050,73122,72,0
73050,73050,73123,73,0
73050,73050,73123,73,0
73050,73050,73123,73,0
73050,73050,73123,73,0
73050,73050,73124,74,0
73050,73050,73124,74,0
73050,73050,73125,75,0
73050,73050,73125,75,0
73050,73050,73126,76,0
73050,73050,73126,76,0
73050,73050,73129,79,0
73050,73117,73144,27,67
73050,73117,73149,32,67
73050,73117,73151,34,67
73050,73116,73150,34,66
73050,73116,73152,36,66
73050,73117,73152,35,67
73050,73117,73153,36,67
73050,73116,73154,38,66
73050,73117,73156,39,67
73050,73118,73156,38,68
73050,73118,73156,38,68
73050,73118,73156,38,68
73050,73115,73156,41,65
73050,73116,73156,40,66
73050,73120,73157,37,70
73050,73118,73158,40,68
73050,73095,73158,63,45
73050,73118,73159,41,68
73050,73119,73159,40,69
73050,73095,73161,66,45
73050,73121,73162,41,71
73050,73099,73163,64,49
73050,73121,73162,41,71
73050,73119,73163,44,69
73050,73120,73165,45,70
73050,73101,73165,64,51
73050,73117,73165,48,67
73050,73102,73168,66,52
73050,73104,73169,65,54
73050,73124,73170,46,74
73050,73121,73170,49,71
73050,73100,73171,71,50
73050,73123,73171,48,73
73050,73106,73172,66,56
73050,73107,73172,65,57
73050,73105,73174,69,55
73050,73107,73175,68,57
73050,73115,73174,59,65
73050,73104,73174,70,54
73050,73104,73174,70,54
73050,73103,73174,71,53
73050,73125,73174,49,75
73050,73124,73176,52,74
73050,73107,73176,69,57
73050,73106,73176,70,56
73050,73111,73177,66,61
73050,73102,73177,75,52
73050,73123,73178,55,73
73050,73106,73178,72,56
73050,73113,73178,65,63
73050,73101,73178,77,51
73050,73124,73178,54,74
73050,73107,73179,72,57
73050,73108,73180,72,58
73050,73107,73180,73,57
73050,73109,73180,71,59
73050,73113,73180,67,63
73050,73106,73181,75,56
73050,73105,73181,76,55
73050,73107,73182,75,57
73050,73115,73182,67,65
73050,73111,73182,71,61
73050,73109,73183,74,59
73050,73107,73183,76,57
73050,73111,73184,73,61
73050,73112,73184,72,62
73050,73104,73185,81,54
73050,73114,73186,72,64
73050,73112,73186,74,62
73050,73125,73188,63,75
73050,73113,73188,75,63
73050,73115,73189,74,65
73050,73111,73189,78,61
73050,73126,73189,63,76
73050,73113,73194,81,63
73050,73127,73198,71,77
73050,73127,73198,71,77
73050,73126,73200,74,76
73050,73129,73200,71,79
73050,73124,73201,77,74
73050,73151,73215,64,101
73050,73145,73217,72,95
73050,73157,73218,61,107
73050,73151,73219,68,101
73050,73150,73219,69,100
73050,73153,73219,66,103
73050,73154,73220,66,104
73050,73157,73224,67,107
73050,73154,73225,71,104
73050,73157,73226,69,107
73050,73156,73228,72,106
73050,73157,73229,72,107
73050,73159,73229,70,109
73050,73163,73229,66,113
73050,73166,73229,63,116
73050,73157,73230,73,107
73050,73172,73230,58,122
73050,73159,73231,72,109
73050,73162,73230,68,112
73050,73152,73230,78,102
73050,73166,73232,66,116
73050,73175,73232,57,125
73050,73163,73231,68,113
73050,73172,73231,59,122
73050,73158,73233,75,108
73050,73172,73234,62,122
73050,73169,73233,64,119
73050,73160,73235,75,110
73050,73163,73235,72,113
73050,73165,73236,71,115
73050,73160,73237,77,110
73050,73170,73237,67,120
73050,73173,73237,64,123
73050,73175,73238,63,125
73050,73171,73240,69,121
73050,73175,73245,70,125
73050,73170,73248,78,120
73050,73163,73250,87,113
73050,73174,73253,79,124
73268,73268,73328,60,0
73268,73268,73328,60,0
73268,73268,73329,61,0
73268,73268,73330,62,0
73268,73268,73330,62,0
73268,73268,73330,62,0
73268,73268,73332,64,0
73268,73268,73334,66,0
73268,73268,73334,66,0
73268,73268,73335,67,0
73268,73268,73336,68,0
73268,73268,73336,68,0
73268,73268,73336,68,0
73268,73268,73336,68,0
73268,73268,73338,70,0
73268,73268,73338,70,0
73268,73268,73338,70,0
73268,73268,73339,71,0
73268,73268,73339,71,0
73268,73268,73340,72,0
73268,73268,73340,72,0
73268,73268,73340,72,0
73268,73268,73340,72,0
73268,73268,73340,72,0
73268,73268,73341,73,0
73268,73268,73341,73,0
73268,73268,73342,74,0
73268,73268,73342,74,0
73268,73268,73343,75,0
73268,73268,73343,75,0
73268,73268,73344,76,0
73268,73268,73344,76,0
73268,73268,73344,76,0
73268,73268,73344,76,0
73268,73268,73345,77,0
73268,73268,73345,77,0
73268,73268,73345,77,0
73268,73268,73346,78,0
73268,73268,73346,78,0
73268,73268,73347,79,0
73268,73268,73346,78,0
73268,73268,73346,78,0
73268,73268,73347,79,0
73268,73268,73348,80,0
73268,73268,73348,80,0
73268,73268,73349,81,0
73268,73268,73349,81,0
73268,73268,73349,81,0
73268,73268,73349,81,0
73268,73268,73351,83,0
73268,73268,73352,84,0
73361,73361,73405,44,0
73361,73361,73408,47,0
73361,73361,73408,47,0
73361,73361,73409,48,0
73361,73361,73410,49,0
73361,73361,73411,50,0
73361,73361,73410,49,0
73361,73361,73411,50,0
73361,73361,73412,51,0
73361,73361,73414,53,0
73361,73361,73413,52,0
73361,73361,73414,53,0
73361,73361,73415,54,0
73361,73361,73416,55,0
73361,73361,73417,56,0
73361,73361,73417,56,0
73361,73361,73417,56,0
73361,73361,73418,57,0
73361,73361,73418,57,0
73361,73361,73419,58,0
73361,73361,73419,58,0
73361,73361,73419,58,0
73361,73361,73419,58,0
73361,73361,73419,58,0
73361,73361,73420,59,0
73361,73361,73420,59,0
73361,73361,73420,59,0
73361,73361,73420,59,0
73361,73361,73420,59,0
73361,73361,73420,59,0
73361,73361,73421,60,0
73361,73361,73422,61,0
73361,73361,73422,61,0
73361,73361,73422,61,0
73361,73361,73422,61,0
73361,73361,73422,61,0
73361,73361,73423,62,0
73361,73361,73423,62,0
73361,73361,73424,63,0
73361,73361,73424,63,0
73361,73361,73424,63,0
73361,73361,73424,63,0
73361,73361,73425,64,0
73361,73361,73425,64,0
73361,73361,73425,64,0
73361,73361,73426,65,0
73361,73361,73426,65,0
73361,73361,73426,65,0
73361,73361,73427,66,0
73361,73361,73427,66,0
73361,73361,73427,66,0
73361,73361,73426,65,0
73361,73361,73427,66,0
73361,73361,73428,67,0
73361,73361,73429,68,0
73361,73361,73429,68,0
73361,73361,73430,69,0
73361,73361,73430,69,0
73361,73361,73430,69,0
73361,73361,73430,69,0
73361,73361,73430,69,0
73361,73361,73430,69,0
73361,73361,73430,69,0
73361,73361,73430,69,0
73361,73361,73431,70,0
73361,73361,73431,70,0
73361,73361,73431,70,0
73361,73361,73431,70,0
73361,73361,73432,71,0
73361,73361,73432,71,0
73361,73361,73433,72,0
73361,73361,73433,72,0
73361,73361,73433,72,0
73361,73361,73434,73,0
73361,73361,73434,73,0
73361,73361,73435,74,0
73361,73361,73435,74,0
73361,73361,73436,75,0
73361,73361,73436,75,0
73361,73361,73440,79,0
73361,73427,73458,31,66
73361,73427,73459,32,66
73361,73426,73461,35,65
73361,73427,73462,35,66
73361,73427,73463,36,66
73361,73430,73463,33,69
73361,73428,73464,36,67
73361,73426,73464,38,65
73361,73426,73466,40,65
73361,73409,73467,58,48
73361,73405,73468,63,44
73361,73430,73470,40,69
73361,73430,73469,39,69
73361,73427,73469,42,66
73361,73430,73470,40,69
73361,73431,73470,39,70
73361,73409,73472,63,48
73361,73430,73473,43,69
73361,73425,73473,48,64
73361,73412,73475,63,51
73361,73433,73475,42,72
73361,73430,73477,47,69
73361,73425,73476,51,64
73361,73430,73476,46,69
73361,73412,73477,65,51
73361,73431,73478,47,70
73361,73411,73479,68,50
73361,73409,73480,71,48
73361,73431,73480,49,70
73361,73414,73482,68,53
73361,73411,73482,71,50
73361,73432,73481,49,71
73361,73433,73482,49,72
73361,73415,73482,67,54
73361,73430,73483,53,69
73361,73435,73484,49,74
73361,73431,73485,54,70
73361,73411,73485,74,50
73361,73434,73485,51,73
73361,73419,73486,67,58
73361,73416,73486,70,55
73361,73431,73486,55,70
73361,73418,73486,68,57
73361,73418,73487,69,57
73361,73418,73487,69,57
73361,73417,73489,72,56
73361,73423,73488,65,62
73361,73420,73488,68,59
73361,73418,73490,72,57
73361,73414,73490,76,53
73361,73420,73490,70,59
73361,73420,73492,72,59
73361,73422,73492,70,61
73361,73420,73491,71,59
73361,73419,73492,73,58
73361,73414,73492,78,53
73361,73419,73492,73,58
73361,73419,73494,75,58
73361,73434,73493,59,73
73361,73420,73493,73,59
73361,73436,73494,58,75
73361,73425,73494,69,64
73361,73422,73495,73,61
73361,73422,73496,74,61
73361,73433,73496,63,72
73361,73420,73496,76,59
73361,73435,73497,62,74
73361,73422,73497,75,61
73361,73419,73497,78,58
73361,73424,73499,75,63
73361,73422,73498,76,61
73361,73421,73500,79,60
73361,73437,73501,64,76
73361,73424,73500,76,63
73361,73423,73502,79,62
73361,73424,73501,77,63
73361,73437,73501,64,76
73361,73424,73502,78,63
73361,73436,73508,72,75
73361,73441,73511,70,80
73361,73462,73527,65,101
73361,73464,73528,64,103
73361,73465,73530,65,104
73361,73459,73529,70,98
73361,73463,73530,67,102
73361,73465,73531,66,104
73361,73460,73532,72,99
73361,73468,73533,65,107
73361,73482,73537,55,121
73361,73470,73538,68,109
73361,73476,73539,63,115
73361,73470,73539,69,109
73361,73471,73541,70,110
73361,73471,73541,70,110
73361,73470,73541,71,109
73361,73483,73541,58,122
73361,73464,73542,78,103
73361,73468,73542,74,107
73361,73478,73545,67,117
73361,73481,73545,64,120
73361,73467,73546,79,106
73361,73474,73547,73,113
73361,73474,73547,73,113
73361,73476,73549,73,115
73361,73486,73550,64,125
73361,73483,73551,68,122
73361,73473,73550,77,112
73361,73479,73551,72,118
73361,73480,73552,72,119
73361,73486,73554,68,125
73361,73483,73554,71,122
73361,73477,73556,79,116
73361,73486,73556,70,125
73361,73477,73556,79,116
73361,73480,73558,78,119
73361,73477,73558,81,116
73361,73482,73558,76,121
73361,73482,73559,77,121
73361,73485,73561,76,124
73576,73577,73632,55,1
73576,73577,73633,56,1
73576,73577,73636,59,1
73576,73577,73639,62,1
73576,73577,73640,63,1
73576,73577,73640,63,1
73576,73576,73642,66,0
73576,73577,73642,65,1
73576,73577,73642,65,1
73576,73577,73643,66,1
73576,73577,73644,67,1
73576,73577,73644,67,1
73576,73577,73644,67,1
73576,73577,73644,67,1
73576,73577,73645,68,1
73576,73577,73645,68,1
73576,73577,73645,68,1
73576,73577,73646,69,1
73576,73576,73646,70,0
73576,73577,73646,69,1
73576,73577,73647,70,1
73576,73577,73647,70,1
73576,73576,73650,74,0
73576,73576,73649,73,0
73576,73577,73649,72,1
73576,73577,73649,72,1
73576,73577,73650,73,1
73576,73577,73650,73,1
73576,73577,73651,74,1
73576,73577,73650,73,1
73576,73577,73650,73,1
73576,73577,73650,73,1
73576,73577,73651,74,1
73576,73577,73651,74,1
73576,73577,73651,74,1
73576,73577,73653,76,1
73576,73577,73653,76,1
73576,73577,73652,75,1
73576,73577,73652,75,1
73576,73577,73653,76,1
73576,73577,73654,77,1
73576,73577,73654,77,1
73576,73577,73655,78,1
73576,73577,73655,78,1
73576,73577,73656,79,1
73576,73577,73656,79,1
73576,73577,73657,80,1
73576,73577,73658,81,1
73576,73577,73658,81,1
73576,73577,73659,82,1
73576,73577,73663,86,1
73670,73670,73716,46,0
73670,73670,73717,47,0
73670,73670,73718,48,0
73670,73670,73719,49,0
73670,73670,73719,49,0
73670,73670,73719,49,0
73670,73670,73720,50,0
73670,73670,73722,52,0
73670,73670,73722,52,0
73670,73670,73722,52,0
73670,73670,73721,51,0
73670,73670,73722,52,0
73670,73670,73723,53,0
73670,73670,73723,53,0
73670,73670,73723,53,0
73670,73670,73724,54,0
73670,73670,73724,54,0
73670,73670,73724,54,0
73670,73670,73725,55,0
73670,73670,73725,55,0
73670,73670,73724,54,0
73670,73670,73726,56,0
73670,73670,73726,56,0
73670,73670,73726,56,0
73670,73670,73727,57,0
73670,73670,73726,56,0
73670,73670,73728,58,0
73670,73670,73727,57,0
73670,73670,73728,58,0
73670,73670,73728,58,0
73670,73670,73729,59,0
73670,73670,73729,59,0
73670,73670,73728,58,0
73670,73670,73729,59,0
73670,73670,73729,59,0
73670,73670,73730,60,0
73670,73670,73730,60,0
73670,73670,73730,60,0
73670,73670,73730,60,0
73670,73670,73730,60,0
73670,73670,73731,61,0
73670,73670,73730,60,0
73670,73670,73731,61,0
73670,73670,73733,63,0
73670,73670,73733,63,0
73670,73670,73733,63,0
73670,73670,73734,64,0
73670,73670,73733,63,0
73670,73670,73733,63,0
73670,73670,73734,64,0
73670,73670,73735,65,0
73670,73670,73734,64,0
73670,73670,73735,65,0
73670,73670,73736,66,0
73670,73670,73736,66,0
73670,73670,73736,66,0
73670,73670,73737,67,0
73670,73670,73737,67,0
73670,73670,73737,67,0
73670,73670,73738,68,0
73670,73670,73737,67,0
73670,73670,73739,69,0
73670,73670,73739,69,0
73670,73670,73739,69,0
73670,73670,73739,69,0
73670,73670,73740,70,0
73670,73670,73740,70,0
73670,73670,73741,71,0
73670,73670,73742,72,0
73670,73670,73742,72,0
73670,73670,73743,73,0
73670,73670,73744,74,0
73670,73670,73744,74,0
73670,73670,73745,75,0
73670,73670,73747,77,0
73670,73670,73747,77,0
73670,73670,73748,78,0
73670,73670,73747,77,0
73670,73670,73750,80,0
73670,73670,73750,80,0
73670,73734,73765,31,64
73670,73734,73767,33,64
73670,73734,73770,36,64
73670,73733,73771,38,63
73670,73735,73771,36,65
73670,73736,73772,36,66
73670,73735,73773,38,65
73670,73734,73773,39,64
73670,73736,73774,38,66
73670,73737,73775,38,67
73670,73737,73775,38,67
73670,73738,73776,38,68
73670,73737,73777,40,67
73670,73737,73779,42,67
73670,73719,73781,62,49
73670,73719,73783,64,49
73670,73722,73783,61,52
73670,73731,73784,53,61
73670,73740,73784,44,70
73670,73732,73784,52,62
73670,73717,73784,67,47
73670,73733,73784,51,63
73670,73724,73785,61,54
73670,73733,73786,53,63
73670,73719,73786,67,49
73670,73722,73787,65,52
73670,73722,73788,66,52
73670,73730,73789,59,60
73670,73719,73789,70,49
73670,73720,73789,69,50
73670,73742,73790,48,72
73670,73718,73791,73,48
73670,73722,73790,68,52
73670,73737,73790,53,67
73670,73723,73791,68,53
73670,73740,73791,51,70
73670,73740,73791,51,70
73670,73738,73791,53,68
73670,73741,73791,50,71
73670,73725,73792,67,55
73670,73739,73792,53,69
73670,73722,73793,71,52
73670,73723,73794,71,53
73670,73728,73795,67,58
73670,73725,73796,71,55
73670,73729,73795,66,59
73670,73727,73796,69,57
73670,73724,73797,73,54
73670,73724,73797,73,54
73670,73730,73797,67,60
73670,73743,73797,54,73
73670,73725,73797,72,55
73670,73727,73798,71,57
73670,73726,73797,71,56
73670,73740,73797,57,70
73670,73726,73797,71,56
73670,73728,73798,70,58
73670,73729,73798,69,59
73670,73739,73798,59,69
73670,73729,73798,69,59
73670,73728,73799,71,58
73670,73729,73800,71,59
73670,73727,73801,74,57
73670,73730,73802,72,60
73670,73723,73802,79,53
73670,73729,73805,76,59
73670,73731,73806,75,61
73670,73731,73806,75,61
73670,73730,73808,78,60
73670,73729,73808,79,59
73670,73742,73809,67,72
73670,73747,73811,64,77
73670,73748,73811,63,78
73670,73747,73813,66,77
73670,73745,73814,69,75
73670,73748,73815,67,78
73670,73745,73815,70,75
73670,73750,73817,67,80
73670,73744,73821,77,74
73670,73751,73824,73,81
73670,73765,73827,62,95
73670,73771,73827,56,101
73670,73767,73829,62,97
73670,73773,73839,66,103
73670,73772,73840,68,102
73670,73773,73843,70,103
73670,73780,73843,63,110
73670,73770,73844,74,100
73670,73775,73846,71,105
73670,73778,73846,68,108
73670,73772,73848,76,102
73670,73776,73847,71,106
73670,73782,73848,66,112
73670,73791,73850,59,121
73670,73784,73849,65,114
73670,73776,73849,73,106
73670,73777,73849,72,107
73670,73792,73851,59,122
73670,73791,73855,64,121
73670,73787,73854,67,117
73670,73787,73856,69,117
73670,73792,73855,63,122
73670,73785,73855,70,115
73670,73790,73856,66,120
73670,73785,73857,72,115
73670,73792,73857,65,122
73670,73785,73858,73,115
73670,73785,73858,73,115
73670,73792,73859,67,122
73670,73790,73860,70,120
73670,73785,73861,76,115
73670,73791,73861,70,121
73670,73784,73862,78,114
73670,73789,73863,74,119
73670,73790,73864,74,120
73670,73785,73865,80,115
73670,73792,73866,74,122
73670,73791,73868,77,121
73670,73788,73873,85,118
73888,73888,73944,56,0
73888,73888,73947,59,0
73888,73888,73949,61,0
73888,73888,73949,61,0
73888,73888,73950,62,0
73888,73888,73952,64,0
73888,73888,73953,65,0
73888,73888,73955,67,0
73888,73888,73954,66,0
73888,73888,73955,67,0
73888,73888,73955,67,0
73888,73888,73955,67,0
73888,73888,73956,68,0
73888,73888,73957,69,0
73888,73888,73957,69,0
73888,73888,73957,69,0
73888,73888,73958,70,0
73888,73888,73957,69,0
73888,73888,73957,69,0
73888,73888,73959,71,0
73888,73888,73959,71,0
73888,73888,73959,71,0
73888,73888,73959,71,0
73888,73888,73959,71,0
73888,73888,73959,71,0
73888,73888,73959,71,0
73888,73888,73960,72,0
73888,73888,73960,72,0
73888,73888,73960,72,0
73888,73888,73961,73,0
73888,73888,73961,73,0
73888,73888,73961,73,0
73888,73888,73963,75,0
73888,73888,73963,75,0
73888,73888,73962,74,0
73888,73888,73963,75,0
73888,73888,73964,76,0
73888,73888,73964,76,0
73888,73888,73963,75,0
73888,73888,73965,77,0
73888,73888,73965,77,0
73888,73888,73965,77,0
73888,73888,73965,77,0
73888,73888,73966,78,0
73888,73888,73967,79,0
73888,73888,73967,79,0
73888,73888,73967,79,0
73888,73888,73968,80,0
73888,73888,73969,81,0
73888,73888,73973,85,0
73888,73888,73976,88,0
73984,73984,74031,47,0
73984,73984,74032,48,0
73984,73984,74034,50,0
73984,73984,74035,51,0
73984,73984,74036,52,0
73984,73984,74037,53,0
73984,73984,74036,52,0
73984,73984,74038,54,0
73984,73984,74038,54,0
73984,73984,74038,54,0
73984,73984,74037,53,0
73984,73984,74037,53,0
73984,73984,74038,54,0
73984,73984,74040,56,0
73984,73984,74041,57,0
73984,73984,74041,57,0
73984,73984,74041,57,0
73984,73984,74041,57,0
73984,73984,74042,58,0
73984,73984,74041,57,0
73984,73984,74042,58,0
73984,73984,74042,58,0
73984,73984,74041,57,0
73984,73984,74043,59,0
73984,73984,74042,58,0
73984,73984,74042,58,0
73984,73984,74043,59,0
73984,73984,74043,59,0
73984,73984,74044,60,0
73984,73984,74044,60,0
73984,73984,74044,60,0
73984,73984,74045,61,0
73984,73984,74046,62,0
73984,73984,74046,62,0
73984,73984,74046,62,0
73984,73984,74046,62,0
73984,73984,74047,63,0
73984,73984,74046,62,0
73984,73984,74047,63,0
73984,73984,74048,64,0
73984,73984,74048,64,0
73984,73984,74048,64,0
73984,73984,74047,63,0
73984,73984,74049,65,0
73984,73984,74049,65,0
73984,73984,74049,65,0
73984,73984,74049,65,0
73984,73984,74050,66,0
73984,73984,74049,65,0
73984,73984,74051,67,0
73984,73984,74051,67,0
73984,73984,74051,67,0
73984,73984,74052,68,0
73984,73984,74052,68,0
73984,73984,74052,68,0
73984,73984,74051,67,0
73984,73984,74051,67,0
73984,73984,74052,68,0
73984,73984,74052,68,0
73984,73984,74051,67,0
73984,73984,74053,69,0
73984,73984,74053,69,0
73984,73984,74053,69,0
73984,73984,74053,69,0
73984,73984,74053,69,0
73984,73984,74054,70,0
73984,73984,74053,69,0
73984,73984,74055,71,0
73984,73984,74055,71,0
73984,73984,74056,72,0
73984,73984,74056,72,0
73984,73984,74057,73,0
73984,73984,74057,73,0
73984,73984,74060,76,0
73984,73984,74059,75,0
73984,73984,74060,76,0
73984,73984,74063,79,0
73984,73984,74063,79,0
73984,73984,74064,80,0
73984,73984,74065,81,0
73984,74049,74079,30,65
73984,74051,74081,30,67
73984,74049,74082,33,65
73984,74052,74086,34,68
73984,74050,74086,36,66
73984,74052,74088,36,68
73984,74050,74089,39,66
73984,74052,74089,37,68
73984,74053,74090,37,69
73984,74051,74090,39,67
73984,74033,74092,59,49
73984,74052,74092,40,68
73984,74049,74093,44,65
73984,74052,74093,41,68
73984,74051,74094,43,67
73984,74052,74094,42,68
73984,74052,74095,43,68
73984,74052,74095,43,68
73984,74054,74097,43,70
73984,74055,74097,42,71
73984,74053,74098,45,69
73984,74054,74099,45,70
73984,74035,74100,65,51
73984,74038,74100,62,54
73984,74056,74101,45,72
73984,74032,74101,69,48
73984,74053,74101,48,69
73984,74053,74101,48,69
73984,74036,74102,66,52
73984,74037,74103,66,53
73984,74049,74104,55,65
73984,74037,74105,68,53
73984,74038,74107,69,54
73984,74039,74107,68,55
73984,74042,74108,66,58
73984,74056,74109,53,72
73984,74038,74109,71,54
73984,74042,74109,67,58
73984,74041,74109,68,57
73984,74035,74109,74,51
73984,74053,74109,56,69
73984,74055,74109,54,71
73984,74041,74110,69,57
73984,74047,74111,64,63
73984,74040,74112,72,56
73984,74048,74111,63,64
73984,74042,74112,70,58
73984,74045,74112,67,61
73984,74038,74112,74,54
73984,74041,74112,71,57
73984,74044,74112,68,60
73984,74047,74112,65,63
73984,74043,74113,70,59
73984,74044,74115,71,60
73984,74043,74114,71,59
73984,74042,74116,74,58
73984,74044,74116,72,60
73984,74043,74117,74,59
73984,74038,74117,79,54
73984,74041,74117,76,57
73984,74046,74118,72,62
73984,74043,74118,75,59
73984,74046,74119,73,62
73984,74048,74120,72,64
73984,74047,74120,73,63
73984,74042,74120,78,58
73984,74046,74121,75,62
73984,74047,74121,74,63
73984,74045,74123,78,61
73984,74048,74123,75,64
73984,74048,74125,77,64
73984,74060,74125,65,76
73984,74061,74127,66,77
73984,74057,74128,71,73
73984,74060,74128,68,76
73984,74063,74129,66,79
73984,74057,74130,73,73
73984,74063,74133,70,79
73984,74065,74134,69,81
73984,74080,74137,57,96
73984,74064,74138,74,80
73984,74082,74148,66,98
73984,74089,74149,60,105
73984,74083,74152,69,99
73984,74087,74154,67,103
73984,74088,74155,67,104
73984,74093,74160,67,109
73984,74098,74159,61,114
73984,74093,74162,69,109
73984,74091,74162,71,107
73984,74090,74161,71,106
73984,74095,74164,69,111
73984,74096,74165,69,112
73984,74101,74164,63,117
73984,74096,74165,69,112
73984,74104,74165,61,120
73984,74109,74166,57,125
73984,74090,74167,77,106
73984,74108,74167,59,124
73984,74102,74168,66,118
73984,74099,74169,70,115
73984,74091,74170,79,107
73984,74110,74170,60,126
73984,74094,74170,76,110
73984,74094,74172,78,110
73984,74095,74172,77,111
73984,74109,74173,64,125
73984,74098,74173,75,114
73984,74100,74174,74,116
73984,74102,74176,74,118
73984,74101,74176,75,117
73984,74106,74175,69,122
73984,74103,74176,73,119
73984,74101,74178,77,117
73984,74108,74179,71,124
73984,74109,74179,70,125
73984,74109,74179,70,125
73984,74102,74186,84,118
73984,74104,74185,81,120
74201,74201,74257,56,0
74201,74201,74262,61,0
74201,74201,74262,61,0
74201,74201,74265,64,0
74201,74201,74267,66,0
74201,74201,74267,66,0
74201,74201,74268,67,0
74201,74201,74268,67,0
74201,74201,74270,69,0
74201,74201,74271,70,0
74201,74201,74271,70,0
74201,74201,74271,70,0
74201,74201,74272,71,0
74201,74201,74272,71,0
74201,74201,74271,70,0
74201,74201,74272,71,0
74201,74201,74272,71,0
74201,74201,74273,72,0
74201,74201,74273,72,0
74201,74201,74273,72,0
74201,74201,74273,72,0
74201,74201,74273,72,0
74201,74201,74273,72,0
74201,74201,74273,72,0
74201,74201,74274,73,0
74201,74201,74273,72,0
74201,74201,74274,73,0
74201,74201,74275,74,0
74201,74201,74275,74,0
74201,74201,74276,75,0
74201,74201,74276,75,0
74201,74201,74276,75,0
74201,74201,74276,75,0
74201,74201,74275,74,0
74201,74201,74276,75,0
74201,74201,74277,76,0
74201,74201,74278,77,0
74201,74201,74277,76,0
74201,74201,74278,77,0
74201,74201,74278,77,0
74201,74201,74279,78,0
74201,74201,74279,78,0
74201,74201,74279,78,0
74201,74201,74280,79,0
74201,74201,74280,79,0
74201,74201,74280,79,0
74201,74201,74281,80,0
74201,74201,74281,80,0
74201,74201,74284,83,0
74201,74201,74287,86,0
74201,74201,74288,87,0
74295,74295,74342,47,0
74295,74295,74342,47,0
74295,74295,74343,48,0
74295,74295,74344,49,0
74295,74295,74344,49,0
74295,74295,74346,51,0
74295,74295,74345,50,0
74295,74295,74346,51,0
74295,74295,74346,51,0
74295,74295,74346,51,0
74295,74295,74346,51,0
74295,74295,74348,53,0
74295,74295,74347,52,0
74295,74295,74348,53,0
74295,74295,74348,53,0
74295,74295,74348,53,0
74295,74295,74349,54,0
74295,74295,74348,53,0
74295,74295,74348,53,0
74295,74295,74348,53,0
74295,74295,74350,55,0
74295,74295,74350,55,0
74295,74295,74350,55,0
74295,74295,74350,55,0
74295,74295,74352,57,0
74295,74295,74352,57,0
74295,74295,74352,57,0
74295,74295,74353,58,0
74295,74295,74353,58,0
74295,74295,74353,58,0
74295,74295,74353,58,0
74295,74295,74354,59,0
74295,74295,74354,59,0
74295,74295,74354,59,0
74295,74295,74354,59,0
74295,74295,74354,59,0
74295,74295,74355,60,0
74295,74295,74355,60,0
74295,74295,74355,60,0
74295,74295,74356,61,0
74295,74295,74356,61,0
74295,74295,74356,61,0
74295,74295,74357,62,0
74295,74295,74357,62,0
74295,74295,74357,62,0
74295,74295,74357,62,0
74295,74295,74357,62,0
74295,74295,74358,63,0
74295,74295,74359,64,0
74295,74295,74359,64,0
74295,74295,74358,63,0
74295,74295,74359,64,0
74295,74295,74359,64,0
74295,74295,74359,64,0
74295,74295,74360,65,0
74295,74295,74360,65,0
74295,74295,74360,65,0
74295,74295,74359,64,0
74295,74295,74360,65,0
74295,74295,74361,66,0
74295,74295,74361,66,0
74295,74295,74361,66,0
74295,74295,74361,66,0
74295,74295,74362,67,0
74295,74295,74363,68,0
74295,74295,74364,69,0
74295,74295,74364,69,0
74295,74295,74365,70,0
74295,74295,74365,70,0
74295,74295,74366,71,0
74295,74295,74366,71,0
74295,74295,74367,72,0
74295,74295,74366,71,0
74295,74295,74367,72,0
74295,74295,74367,72,0
74295,74295,74368,73,0
74295,74295,74369,74,0
74295,74295,74369,74,0
74295,74295,74371,76,0
74295,74295,74374,79,0
74295,74357,74388,31,62
74295,74360,74391,31,65
74295,74359,74391,32,64
74295,74359,74392,33,64
74295,74358,74392,34,63
74295,74359,74393,34,64
74295,74359,74394,35,64
74295,74358,74395,37,63
74295,74361,74396,35,66
74295,74360,74397,37,65
74295,74357,74399,42,62
74295,74357,74401,44,62
74295,74361,74401,40,66
74295,74360,74401,41,65
74295,74361,74402,41,66
74295,74359,74402,43,64
74295,74360,74403,43,65
74295,74362,74404,42,67
74295,74361,74405,44,66
74295,74361,74406,45,66
74295,74363,74406,43,68
74295,74363,74409,46,68
74295,74364,74411,47,69
74295,74344,74411,67,49
74295,74364,74412,48,69
74295,74352,74413,61,57
74295,74346,74414,68,51
74295,74347,74416,69,52
74295,74345,74415,70,50
74295,74346,74417,71,51
74295,74348,74416,68,53
74295,74343,74417,74,48
74295,74348,74417,69,53
74295,74349,74417,68,54
74295,74350,74417,67,55
74295,74349,74418,69,54
74295,74357,74418,61,62
74295,74353,74419,66,58
74295,74348,74419,71,53
74295,74343,74419,76,48
74295,74350,74419,69,55
74295,74350,74420,70,55
74295,74353,74420,67,58
74295,74352,74419,67,57
74295,74349,74420,71,54
74295,74349,74419,70,54
74295,74366,74420,54,71
74295,74348,74420,72,53
74295,74353,74420,67,58
74295,74347,74420,73,52
74295,74352,74420,68,57
74295,74347,74420,73,52
74295,74346,74421,75,51
74295,74366,74422,56,71
74295,74367,74422,55,72
74295,74354,74422,68,59
74295,74356,74423,67,61
74295,74351,74422,71,56
74295,74345,74424,79,50
74295,74370,74425,55,75
74295,74354,74425,71,59
74295,74356,74425,69,61
74295,74367,74425,58,72
74295,74366,74425,59,71
74295,74354,74427,73,59
74295,74355,74427,72,60
74295,74355,74427,72,60
74295,74354,74429,75,59
74295,74369,74429,60,74
74295,74348,74429,81,53
74295,74354,74429,75,59
74295,74355,74431,76,60
74295,74353,74432,79,58
74295,74357,74433,76,62
74295,74375,74434,59,80
74295,74368,74435,67,73
74295,74372,74438,66,77
74295,74368,74440,72,73
74295,74389,74442,53,94
74295,74370,74444,74,75
74295,74368,74448,80,73
74295,74395,74453,58,100
74295,74392,74453,61,97
74295,74404,74460,56,109
74295,74393,74462,69,98
74295,74397,74464,67,102
74295,74392,74463,71,97
74295,74393,74464,71,98
74295,74399,74466,67,104
74295,74393,74467,74,98
74295,74396,74468,72,101
74295,74403,74470,67,108
74295,74402,74470,68,107
74295,74407,74473,66,112
74295,74402,74474,72,107
74295,74402,74475,73,107
74295,74405,74475,70,110
74295,74413,74476,63,118
74295,74417,74478,61,122
74295,74398,74480,82,103
74295,74418,74480,62,123
74295,74403,74480,77,108
74295,74412,74482,70,117
74295,74407,74483,76,112
74295,74417,74483,66,122
74295,74410,74483,73,115
74295,74416,74484,68,121
74295,74418,74484,66,123
74295,74413,74485,72,118
74295,74416,74485,69,121
74295,74412,74487,75,117
74295,74406,74487,81,111
74295,74418,74488,70,123
74295,74418,74488,70,123
74295,74418,74490,72,123
74295,74419,74492,73,124
74295,74419,74492,73,124
74295,74418,74494,76,123
74295,74415,74495,80,120
74511,74511,74568,57,0
74511,74511,74569,58,0
74511,74511,74571,60,0
74511,74511,74573,62,0
74511,74511,74574,63,0
74511,74511,74577,66,0
74511,74511,74579,68,0
74511,74511,74579,68,0
74511,74511,74578,67,0
74511,74511,74580,69,0
74511,74511,74579,68,0
74511,74511,74580,69,0
74511,74511,74580,69,0
74511,74511,74580,69,0
74511,74511,74582,71,0
74511,74511,74581,70,0
74511,74511,74582,71,0
74511,74511,74581,70,0
74511,74511,74582,71,0
74511,74511,74582,71,0
74511,74511,74582,71,0
74511,74511,74585,74,0
74511,74511,74584,73,0
74511,74511,74584,73,0
74511,74511,74586,75,0
74511,74511,74585,74,0
74511,74511,74585,74,0
74511,74511,74585,74,0
74511,74511,74586,75,0
74511,74511,74586,75,0
74511,74511,74587,76,0
74511,74511,74587,76,0
74511,74511,74587,76,0
74511,74511,74586,75,0
74511,74511,74586,75,0
74511,74511,74588,77,0
74511,74511,74587,76,0
74511,74511,74588,77,0
74511,74511,74589,78,0
74511,74511,74588,77,0
74511,74511,74588,77,0
74511,74511,74589,78,0
74511,74511,74590,79,0
74511,74511,74591,80,0
74511,74511,74591,80,0
74511,74511,74593,82,0
74511,74511,74593,82,0
74511,74511,74593,82,0
74511,74511,74596,85,0
74511,74511,74597,86,0
74511,74511,74599,88,0
74606,74606,74646,40,0
74606,74606,74651,45,0
74606,74606,74651,45,0
74606,74606,74651,45,0
74606,74606,74651,45,0
74606,74606,74653,47,0
74606,74606,74653,47,0
74606,74606,74654,48,0
74606,74606,74654,48,0
74606,74606,74654,48,0
74606,74606,74655,49,0
74606,74606,74656,50,0
74606,74606,74657,51,0
74606,74606,74658,52,0
74606,74606,74658,52,0
74606,74606,74658,52,0
74606,74606,74658,52,0
74606,74606,74658,52,0
74606,74606,74659,53,0
74606,74606,74659,53,0
74606,74606,74659,53,0
74606,74606,74660,54,0
74606,74606,74660,54,0
74606,74606,74660,54,0
74606,74606,74659,53,0
74606,74606,74660,54,0
74606,74606,74661,55,0
74606,74606,74662,56,0
74606,74606,74661,55,0
74606,74606,74662,56,0
74606,74606,74663,57,0
74606,74606,74663,57,0
74606,74606,74663,57,0
74606,74606,74663,57,0
74606,74606,74664,58,0
74606,74606,74664,58,0
74606,74606,74664,58,0
74606,74606,74665,59,0
74606,74606,74666,60,0
74606,74606,74666,60,0
74606,74606,74667,61,0
74606,74606,74666,60,0
74606,74606,74668,62,0
74606,74606,74668,62,0
74606,74606,74668,62,0
74606,74606,74668,62,0
74606,74606,74669,63,0
74606,74606,74669,63,0
74606,74606,74669,63,0
74606,74606,74670,64,0
74606,74606,74670,64,0
74606,74606,74670,64,0
74606,74606,74670,64,0
74606,74606,74671,65,0
74606,74606,74671,65,0
74606,74606,74671,65,0
74606,74606,74671,65,0
74606,74606,74672,66,0
74606,74606,74672,66,0
74606,74606,74673,67,0
74606,74606,74674,68,0
74606,74606,74674,68,0
74606,74606,74674,68,0
74606,74606,74675,69,0
74606,74606,74676,70,0
74606,74606,74676,70,0
74606,74606,74676,70,0
74606,74606,74676,70,0
74606,74606,74676,70,0
74606,74606,74677,71,0
74606,74606,74677,71,0
74606,74606,74678,72,0
74606,74606,74680,74,0
74606,74606,74680,74,0
74606,74606,74680,74,0
74606,74606,74680,74,0
74606,74606,74681,75,0
74606,74606,74681,75,0
74606,74606,74682,76,0
74606,74606,74682,76,0
74606,74669,74700,31,63
74606,74670,74700,30,64
74606,74669,74701,32,63
74606,74671,74702,31,65
74606,74671,74702,31,65
74606,74670,74703,33,64
74606,74672,74707,35,66
74606,74671,74708,37,65
74606,74672,74708,36,66
74606,74671,74709,38,65
74606,74672,74710,38,66
74606,74671,74711,40,65
74606,74668,74713,45,62
74606,74668,74714,46,62
74606,74674,74715,41,68
74606,74654,74716,62,48
74606,74675,74718,43,69
74606,74675,74718,43,69
74606,74651,74719,68,45
74606,74668,74720,52,62
74606,74646,74721,75,40
74606,74655,74721,66,49
74606,74677,74722,45,71
74606,74673,74722,49,67
74606,74653,74722,69,47
74606,74672,74722,50,66
74606,74654,74722,68,48
74606,74677,74723,46,71
74606,74652,74723,71,46
74606,74651,74724,73,45
74606,74675,74725,50,69
74606,74674,74725,51,68
74606,74676,74726,50,70
74606,74660,74726,66,54
74606,74654,74726,72,48
74606,74659,74726,67,53
74606,74658,74728,70,52
74606,74652,74728,76,46
74606,74678,74729,51,72
74606,74658,74729,71,52
74606,74660,74729,69,54
74606,74659,74730,71,53
74606,74677,74730,53,71
74606,74656,74730,74,50
74606,74658,74730,72,52
74606,74659,74731,72,53
74606,74668,74732,64,62
74606,74660,74732,72,54
74606,74657,74733,76,51
74606,74661,74733,72,55
74606,74663,74734,71,57
74606,74663,74735,72,57
74606,74654,74735,81,48
74606,74661,74735,74,55
74606,74664,74735,71,58
74606,74658,74735,77,52
74606,74658,74735,77,52
74606,74663,74735,72,57
74606,74662,74736,74,56
74606,74662,74736,74,56
74606,74664,74736,72,58
74606,74681,74737,56,75
74606,74677,74738,61,71
74606,74678,74738,60,72
74606,74679,74738,59,73
74606,74664,74737,73,58
74606,74665,74738,73,59
74606,74660,74740,80,54
74606,74664,74740,76,58
74606,74667,74739,72,61
74606,74682,74740,58,76
74606,74664,74741,77,58
74606,74666,74741,75,60
74606,74667,74741,74,61
74606,74681,74742,61,75
74606,74681,74743,62,75
74606,74681,74748,67,75
74606,74682,74749,67,76
74606,74683,74753,70,77
74606,74683,74760,77,77
74606,74701,74761,60,95
74606,74703,74766,63,97
74606,74704,74768,64,98
74606,74701,74776,75,95
74606,74708,74777,69,102
74606,74715,74777,62,109
74606,74709,74778,69,103
74606,74703,74779,76,97
74606,74710,74778,68,104
74606,74710,74781,71,104
74606,74722,74780,58,116
74606,74711,74781,70,105
74606,74709,74781,72,103
74606,74702,74783,81,96
74606,74719,74783,64,113
74606,74721,74785,64,115
74606,74723,74785,62,117
74606,74714,74786,72,108
74606,74723,74786,63,117
74606,74722,74787,65,116
74606,74715,74787,72,109
74606,74725,74787,62,119
74606,74717,74788,71,111
74606,74724,74789,65,118
74606,74724,74790,66,118
74606,74720,74790,70,114
74606,74727,74794,67,121
74606,74728,74795,67,122
74606,74724,74795,71,118
74606,74719,74796,77,113
74606,74725,74797,72,119
74606,74721,74797,76,115
74606,74722,74797,75,116
74606,74727,74799,72,121
74606,74729,74800,71,123
74606,74727,74802,75,121
74606,74727,74804,77,121
74606,74722,74805,83,116
74606,74728,74807,79,122
74822,74822,74881,59,0
74822,74822,74883,61,0
74822,74822,74886,64,0
74822,74822,74885,63,0
74822,74822,74889,67,0
74822,74822,74888,66,0
74822,74822,74889,67,0
74822,74822,74890,68,0
74822,74822,74890,68,0
74822,74822,74891,69,0
74822,74822,74890,68,0
74822,74822,74891,69,0
74822,74822,74891,69,0
74822,74822,74892,70,0
74822,74822,74893,71,0
74822,74822,74893,71,0
74822,74822,74893,71,0
74822,74822,74893,71,0
74822,74822,74894,72,0
74822,74822,74893,71,0
74822,74822,74893,71,0
74822,74822,74893,71,0
74822,74822,74895,73,0
74822,74822,74895,73,0
74822,74822,74896,74,0
74822,74822,74896,74,0
74822,74822,74896,74,0
74822,74822,74897,75,0
74822,74822,74896,74,0
74822,74822,74898,76,0
74822,74822,74898,76,0
74822,74822,74898,76,0
74822,74822,74898,76,0
74822,74822,74898,76,0
74822,74822,74899,77,0
74822,74822,74898,76,0
74822,74822,74900,78,0
74822,74822,74899,77,0
74822,74822,74899,77,0
74822,74822,74901,79,0
74822,74822,74900,78,0
74822,74822,74901,79,0
74822,74822,74901,79,0
74822,74822,74902,80,0
74822,74822,74901,79,0
74822,74822,74903,81,0
74822,74822,74902,80,0
74822,74822,74905,83,0
74822,74822,74907,85,0
74822,74822,74907,85,0
74822,74822,74909,87,0
74917,74918,74960,42,1
74917,74918,74963,45,1
74917,74918,74963,45,1
74917,74918,74965,47,1
74917,74918,74965,47,1
74917,74918,74965,47,1
74917,74918,74967,49,1
74917,74918,74966,48,1
74917,74918,74966,48,1
74917,74918,74967,49,1
74917,74918,74967,49,1
74917,74918,74968,50,1
74917,74918,74969,51,1
74917,74918,74970,52,1
74917,74918,74971,53,1
74917,74918,74970,52,1
74917,74918,74970,52,1
74917,74918,74972,54,1
74917,74918,74972,54,1
74917,74918,74973,55,1
74917,74918,74973,55,1
74917,74918,74972,54,1
74917,74918,74973,55,1
74917,74918,74974,56,1
74917,74918,74974,56,1
74917,74918,74973,55,1
74917,74918,74974,56,1
74917,74918,74975,57,1
74917,74918,74974,56,1
74917,74918,74974,56,1
74917,74918,74975,57,1
74917,74918,74974,56,1
74917,74918,74975,57,1
74917,74918,74975,57,1
74917,74918,74975,57,1
74917,74918,74975,57,1
74917,74918,74975,57,1
74917,74918,74975,57,1
74917,74918,74977,59,1
74917,74918,74978,60,1
74917,74918,74979,61,1
74917,74918,74979,61,1
74917,74918,74980,62,1
74917,74918,74979,61,1
74917,74918,74980,62,1
74917,74918,74981,63,1
74917,74918,74980,62,1
74917,74918,74981,63,1
74917,74918,74981,63,1
74917,74918,74981,63,1
74917,74918,74982,64,1
74917,74918,74982,64,1
74917,74918,74983,65,1
74917,74918,74983,65,1
74917,74918,74983,65,1
74917,74918,74984,66,1
74917,74918,74985,67,1
74917,74918,74985,67,1
74917,74918,74985,67,1
74917,74918,74986,68,1
74917,74918,74987,69,1
74917,74918,74987,69,1
74917,74918,74987,69,1
74917,74918,74987,69,1
74917,74918,74988,70,1
74917,74918,74987,69,1
74917,74918,74988,70,1
74917,74918,74988,70,1
74917,74918,74989,71,1
74917,74918,74988,70,1
74917,74918,74989,71,1
74917,74918,74988,70,1
74917,74918,74989,71,1
74917,74918,74990,72,1
74917,74918,74990,72,1
74917,74918,74991,73,1
74917,74918,74990,72,1
74917,74918,74993,75,1
74917,74918,74997,79,1
74917,74918,75004,86,1
74917,74982,75011,29,65
74917,74982,75012,30,65
74917,74981,75014,33,64
74917,74983,75015,32,66
74917,74982,75017,35,65
74917,74981,75017,36,64
74917,74982,75018,36,65
74917,74984,75018,34,67
74917,74984,75021,37,67
74917,74963,75023,60,46
74917,74981,75024,43,64
74917,74984,75024,40,67
74917,74984,75024,40,67
74917,74980,75027,47,63
74917,74987,75027,40,70
74917,74985,75028,43,68
74917,74986,75027,41,69
74917,74967,75029,62,50
74917,74963,75030,67,46
74917,74961,75030,69,44
74917,74966,75030,64,49
74917,74988,75030,42,71
74917,74967,75031,64,50
74917,74987,75031,44,70
74917,74985,75032,47,68
74917,74987,75032,45,70
74917,74988,75033,45,71
74917,74980,75033,53,63
74917,74976,75036,60,59
74917,74966,75036,70,49
74917,74988,75036,48,71
74917,74967,75037,70,50
74917,74972,75037,65,55
74917,74969,75036,67,52
74917,74987,75036,49,70
74917,74988,75037,49,71
74917,74991,75036,45,74
74917,74989,75038,49,72
74917,74971,75039,68,54
74917,74973,75040,67,56
74917,74973,75040,67,56
74917,74968,75040,72,51
74917,74967,75040,73,50
74917,74974,75041,67,57
74917,74975,75041,66,58
74917,74989,75041,52,72
74917,74974,75041,67,57
74917,74980,75043,63,63
74917,74974,75043,69,57
74917,74966,75044,78,49
74917,74976,75044,68,59
74917,74990,75044,54,73
74917,74975,75045,70,58
74917,74989,75045,56,72
74917,74971,75044,73,54
74917,74991,75045,54,74
74917,74973,75046,73,56
74917,74974,75046,72,57
74917,74970,75045,75,53
74917,74972,75046,74,55
74917,74971,75046,75,54
74917,74973,75046,73,56
74917,74975,75047,72,58
74917,74976,75047,71,59
74917,74989,75047,58,72
74917,74979,75047,68,62
74917,74977,75047,70,60
74917,74976,75047,71,59
74917,74993,75048,55,76
74917,74975,75048,73,58
74917,74975,75049,74,58
74917,74975,75051,76,58
74917,74989,75051,62,72
74917,74978,75051,73,61
74917,74971,75051,80,54
74917,74976,75056,80,59
74917,74989,75056,67,72
74917,74998,75058,60,81
74917,74991,75070,79,74
74917,75018,75072,54,101
74917,75011,75080,69,94
74917,75016,75080,64,99
74917,75013,75081,68,96
74917,75014,75083,69,97
74917,75004,75084,80,87
74917,75024,75085,61,107
74917,75024,75088,64,107
74917,75017,75089,72,100
74917,75017,75089,72,100
74917,75024,75090,66,107
74917,75028,75091,63,111
74917,75030,75094,64,113
74917,75018,75094,76,101
74917,75030,75095,65,113
74917,75030,75094,64,113
74917,75027,75095,68,110
74917,75022,75096,74,105
74917,75027,75096,69,110
74917,75034,75098,64,117
74917,75032,75098,66,115
74917,75038,75098,60,121
74917,75031,75100,69,114
74917,75028,75102,74,111
74917,75037,75103,66,120
74917,75039,75104,65,122
74917,75033,75105,72,116
74917,75036,75106,70,119
74917,75033,75106,73,116
74917,75025,75106,81,108
74917,75031,75106,75,114
74917,75031,75108,77,114
74917,75037,75108,71,120
74917,75037,75110,73,120
74917,75037,75111,74,120
74917,75031,75112,81,114
74917,75037,75115,78,120
74917,75036,75115,79,119
74917,75039,75116,77,122
74917,75036,75126,90,119
75141,75141,75204,63,0
75141,75141,75203,62,0
75141,75141,75204,63,0
75141,75141,75204,63,0
75141,75141,75205,64,0
75141,75141,75206,65,0
75141,75141,75208,67,0
75141,75141,75207,66,0
75141,75141,75208,67,0
75141,75141,75210,69,0
75141,75141,75209,68,0
75141,75141,75212,71,0
75141,75141,75212,71,0
75141,75141,75211,70,0
75141,75141,75212,71,0
75141,75141,75213,72,0
75141,75141,75212,71,0
75141,75141,75213,72,0
75141,75141,75212,71,0
75141,75141,75212,71,0
75141,75141,75213,72,0
75141,75141,75213,72,0
75141,75141,75213,72,0
75141,75141,75214,73,0
75141,75141,75215,74,0
75141,75141,75214,73,0
75141,75141,75215,74,0
75141,75141,75214,73,0
75141,75141,75214,73,0
75141,75141,75216,75,0
75141,75141,75216,75,0
75141,75141,75215,74,0
75141,75141,75215,74,0
75141,75141,75215,74,0
75141,75141,75217,76,0
75141,75141,75217,76,0
75141,75141,75217,76,0
75141,75141,75217,76,0
75141,75141,75219,78,0
75141,75141,75219,78,0
75141,75141,75220,79,0
75141,75141,75220,79,0
75141,75141,75221,80,0
75141,75141,75221,80,0
75141,75141,75220,79,0
75141,75141,75221,80,0
75141,75141,75221,80,0
75141,75141,75223,82,0
75141,75141,75224,83,0
75141,75141,75224,83,0
75141,75141,75227,86,0
75234,75235,75281,46,1
75234,75235,75281,46,1
75234,75235,75283,48,1
75234,75235,75284,49,1
75234,75235,75285,50,1
75234,75235,75285,50,1
75234,75235,75285,50,1
75234,75235,75285,50,1
75234,75235,75285,50,1
75234,75235,75286,51,1
75234,75235,75287,52,1
75234,75235,75286,51,1
75234,75235,75288,53,1
75234,75235,75288,53,1
75234,75235,75288,53,1
75234,75235,75288,53,1
75234,75235,75288,53,1
75234,75235,75288,53,1
75234,75235,75288,53,1
75234,75235,75290,55,1
75234,75235,75291,56,1
75234,75235,75291,56,1
75234,75235,75291,56,1
75234,75235,75292,57,1
75234,75235,75292,57,1
75234,75235,75293,58,1
75234,75235,75293,58,1
75234,75235,75293,58,1
75234,75235,75294,59,1
75234,75235,75294,59,1
75234,75235,75294,59,1
75234,75235,75294,59,1
75234,75235,75296,61,1
75234,75235,75296,61,1
75234,75235,75296,61,1
75234,75235,75296,61,1
75234,75235,75298,63,1
75234,75235,75298,63,1
75234,75235,75299,64,1
75234,75235,75299,64,1
75234,75235,75298,63,1
75234,75235,75298,63,1
75234,75235,75300,65,1
75234,75235,75300,65,1
75234,75235,75301,66,1
75234,75235,75300,65,1
75234,75235,75301,66,1
75234,75235,75301,66,1
75234,75235,75302,67,1
75234,75235,75302,67,1
75234,75235,75302,67,1
75234,75235,75302,67,1
75234,75235,75302,67,1
75234,75235,75304,69,1
75234,75235,75303,68,1
75234,75235,75303,68,1
75234,75235,75303,68,1
75234,75235,75303,68,1
75234,75235,75305,70,1
75234,75235,75304,69,1
75234,75235,75304,69,1
75234,75235,75304,69,1
75234,75235,75304,69,1
75234,75235,75305,70,1
75234,75235,75306,71,1
75234,75235,75305,70,1
75234,75235,75305,70,1
75234,75235,75307,72,1
75234,75235,75306,71,1
75234,75235,75306,71,1
75234,75235,75308,73,1
75234,75235,75307,72,1
75234,75235,75308,73,1
75234,75235,75308,73,1
75234,75235,75309,74,1
75234,75235,75310,75,1
75234,75235,75310,75,1
75234,75235,75311,76,1
75234,75235,75312,77,1
75234,75235,75312,77,1
75234,75303,75332,29,69
75234,75303,75332,29,69
75234,75302,75331,29,68
75234,75302,75334,32,68
75234,75303,75336,33,69
75234,75302,75337,35,68
75234,75302,75337,35,68
75234,75301,75338,37,67
75234,75304,75338,34,70
75234,75301,75340,39,67
75234,75305,75342,37,71
75234,75305,75344,39,71
75234,75304,75346,42,70
75234,75305,75345,40,71
75234,75282,75347,65,48
75234,75304,75346,42,70
75234,75304,75346,42,70
75234,75286,75347,61,52
75234,75301,75347,46,67
75234,75282,75348,66,48
75234,75305,75349,44,71
75234,75309,75349,40,75
75234,75305,75351,46,71
75234,75287,75352,65,53
75234,75304,75352,48,70
75234,75306,75353,47,72
75234,75286,75353,67,52
75234,75307,75354,47,73
75234,75288,75355,67,54
75234,75292,75356,64,58
75234,75287,75356,69,53
75234,75289,75356,67,55
75234,75284,75356,72,50
75234,75287,75356,69,53
75234,75288,75356,68,54
75234,75295,75356,61,61
75234,75289,75356,67,55
75234,75286,75357,71,52
75234,75306,75357,51,72
75234,75306,75357,51,72
75234,75295,75357,62,61
75234,75284,75357,73,50
75234,75307,75358,51,73
75234,75289,75359,70,55
75234,75299,75359,60,65
75234,75309,75358,49,75
75234,75286,75359,73,52
75234,75286,75359,73,52
75234,75308,75360,52,74
75234,75293,75360,67,59
75234,75292,75361,69,58
75234,75288,75361,73,54
75234,75307,75362,55,73
75234,75291,75361,70,57
75234,75308,75362,54,74
75234,75289,75363,74,55
75234,75291,75363,72,57
75234,75306,75364,58,72
75234,75310,75364,54,76
75234,75301,75364,63,67
75234,75309,75364,55,75
75234,75292,75364,72,58
75234,75292,75365,73,58
75234,75294,75365,71,60
75234,75299,75364,65,65
75234,75296,75365,69,62
75234,75295,75366,71,61
75234,75296,75367,71,62
75234,75297,75368,71,63
75234,75299,75369,70,65
75234,75311,75370,59,77
75234,75298,75371,73,64
75234,75299,75371,72,65
75234,75294,75371,77,60
75234,75296,75372,76,62
75234,75299,75373,74,65
75234,75294,75373,79,60
75234,75312,75376,64,78
75234,75311,75377,66,77
75234,75312,75378,66,78
75234,75332,75392,60,98
75234,75337,75395,58,103
75234,75332,75400,68,98
75234,75339,75403,64,105
75234,75332,75405,73,98
75234,75336,75407,71,102
75234,75337,75408,71,103
75234,75335,75409,74,101
75234,75347,75410,63,113
75234,75347,75411,64,113
75234,75338,75411,73,104
75234,75346,75412,66,112
75234,75345,75412,67,111
75234,75347,75412,65,113
75234,75349,75414,65,115
75234,75349,75415,66,115
75234,75351,75415,64,117
75234,75346,75416,70,112
75234,75343,75416,73,109
75234,75347,75416,69,113
75234,75341,75417,76,107
75234,75352,75419,67,118
75234,75352,75422,70,118
75234,75348,75422,74,114
75234,75356,75422,66,122
75234,75356,75423,67,122
75234,75356,75423,67,122
75234,75356,75423,67,122
75234,75357,75424,67,123
75234,75357,75424,67,123
75234,75353,75424,71,119
75234,75354,75424,70,120
75234,75356,75424,68,122
75234,75353,75426,73,119
75234,75347,75427,80,113
75234,75356,75429,73,122
75234,75355,75430,75,121
75234,75356,75433,77,122
75234,75356,75434,78,122
75449,75449,75508,59,0
75449,75450,75510,60,1
75449,75449,75511,62,0
75449,75450,75512,62,1
75449,75449,75514,65,0
75449,75449,75516,67,0
75449,75449,75517,68,0
75449,75450,75518,68,1
75449,75449,75518,69,0
75449,75450,75518,68,1
75449,75450,75519,69,1
75449,75450,75519,69,1
75449,75450,75521,71,1
75449,75449,75521,72,0
75449,75450,75522,72,1
75449,75450,75521,71,1
75449,75450,75521,71,1
75449,75449,75522,73,0
75449,75450,75522,72,1
75449,75449,75522,73,0
75449,75449,75523,74,0
75449,75450,75523,73,1
75449,75450,75524,74,1
75449,75449,75524,75,0
75449,75449,75524,75,0
75449,75450,75524,74,1
75449,75449,75525,76,0
75449,75450,75525,75,1
75449,75449,75526,77,0
75449,75449,75526,77,0
75449,75450,75526,76,1
75449,75450,75526,76,1
75449,75449,75526,77,0
75449,75450,75526,76,1
75449,75449,75528,79,0
75449,75450,75528,78,1
75449,75450,75527,77,1
75449,75450,75527,77,1
75449,75450,75528,78,1
75449,75449,75528,79,0
75449,75450,75529,79,1
75449,75449,75529,80,0
75449,75450,75529,79,1
75449,75449,75530,81,0
75449,75450,75529,79,1
75449,75449,75531,82,0
75449,75450,75531,81,1
75449,75450,75531,81,1
75449,75449,75533,84,0
75449,75449,75533,84,0
75449,75450,75535,85,1
75543,75543,75588,45,0
75543,75543,75590,47,0
75543,75543,75592,49,0
75543,75543,75592,49,0
75543,75543,75593,50,0
75543,75543,75594,51,0
75543,75543,75595,52,0
75543,75543,75594,51,0
75543,75543,75594,51,0
75543,75543,75595,52,0
75543,75543,75596,53,0
75543,75543,75596,53,0
75543,75543,75597,54,0
75543,75543,75596,53,0
75543,75543,75600,57,0
75543,75543,75601,58,0
75543,75543,75600,57,0
75543,75543,75601,58,0
75543,75543,75600,57,0
75543,75543,75600,57,0
75543,75543,75601,58,0
75543,75543,75602,59,0
75543,75543,75602,59,0
75543,75543,75601,58,0
75543,75543,75601,58,0
75543,75543,75602,59,0
75543,75543,75603,60,0
75543,75543,75602,59,0
75543,75543,75603,60,0
75543,75543,75604,61,0
75543,75543,75603,60,0
75543,75543,75604,61,0
75543,75543,75603,60,0
75543,75543,75605,62,0
75543,75543,75606,63,0
75543,75543,75606,63,0
75543,75543,75607,64,0
75543,75543,75607,64,0
75543,75543,75606,63,0
75543,75543,75608,65,0
75543,75543,75608,65,0
75543,75543,75609,66,0
75543,75543,75609,66,0
75543,75543,75609,66,0
75543,75543,75608,65,0
75543,75543,75610,67,0
75543,75543,75610,67,0
75543,75543,75610,67,0
75543,75543,75609,66,0
75543,75543,75610,67,0
75543,75543,75609,66,0
75543,75543,75610,67,0
75543,75543,75611,68,0
75543,75543,75612,69,0
75543,75543,75612,69,0
75543,75543,75612,69,0
75543,75543,75612,69,0
75543,75543,75613,70,0
75543,75543,75613,70,0
75543,75543,75614,71,0
75543,75543,75614,71,0
75543,75543,75614,71,0
75543,75543,75615,72,0
75543,75543,75615,72,0
75543,75543,75615,72,0
75543,75543,75615,72,0
75543,75543,75616,73,0
75543,75543,75616,73,0
75543,75543,75616,73,0
75543,75543,75617,74,0
75543,75543,75617,74,0
75543,75543,75617,74,0
75543,75543,75617,74,0
75543,75543,75618,75,0
75543,75543,75619,76,0
75543,75543,75619,76,0
75543,75543,75624,81,0
75543,75543,75625,82,0
75543,75543,75625,82,0
75543,75543,75627,84,0
75543,75610,75640,30,67
75543,75610,75644,34,67
75543,75609,75644,35,66
75543,75610,75644,34,67
75543,75610,75644,34,67
75543,75594,75646,52,51
75543,75612,75647,35,69
75543,75611,75648,37,68
75543,75612,75648,36,69
75543,75610,75648,38,67
75543,75613,75649,36,70
75543,75612,75650,38,69
75543,75611,75651,40,68
75543,75610,75651,41,67
75543,75588,75654,66,45
75543,75612,75654,42,69
75543,75592,75657,65,49
75543,75614,75657,43,71
75543,75614,75657,43,71
75543,75593,75658,65,50
75543,75595,75659,64,52
75543,75592,75660,68,49
75543,75595,75660,65,52
75543,75609,75660,51,66
75543,75614,75661,47,71
75543,75596,75662,66,53
75543,75618,75663,45,75
75543,75601,75663,62,58
75543,75590,75664,74,47
75543,75614,75664,50,71
75543,75615,75665,50,72
75543,75601,75665,64,58
75543,75601,75666,65,58
75543,75595,75665,70,52
75543,75615,75666,51,72
75543,75597,75667,70,54
75543,75602,75666,64,59
75543,75602,75667,65,59
75543,75600,75668,68,57
75543,75602,75668,66,59
75543,75604,75668,64,61
75543,75617,75669,52,74
75543,75602,75670,68,59
75543,75615,75670,55,72
75543,75607,75670,63,64
75543,75596,75671,75,53
75543,75602,75672,70,59
75543,75604,75671,67,61
75543,75607,75672,65,64
75543,75608,75672,64,65
75543,75597,75671,74,54
75543,75616,75671,55,73
75543,75615,75672,57,72
75543,75618,75672,54,75
75543,75618,75672,54,75
75543,75619,75672,53,76
75543,75609,75672,63,66
75543,75620,75672,52,77
75543,75606,75673,67,63
75543,75604,75673,69,61
75543,75617,75674,57,74
75543,75609,75674,65,66
75543,75597,75674,77,54
75543,75603,75674,71,60
75543,75607,75675,68,64
75543,75616,75675,59,73
75543,75602,75675,73,59
75543,75616,75675,59,73
75543,75606,75676,70,63
75543,75605,75676,71,62
75543,75604,75677,73,61
75543,75603,75678,75,60
75543,75603,75678,75,60
75543,75601,75679,78,58
75543,75601,75679,78,58
75543,75608,75682,74,65
75543,75625,75682,57,82
75543,75625,75684,59,82
75543,75627,75687,60,84
75543,75624,75693,69,81
75543,75641,75703,62,98
75543,75645,75707,62,102
75543,75647,75708,61,104
75543,75645,75709,64,102
75543,75644,75710,66,101
75543,75649,75712,63,106
75543,75652,75712,60,109
75543,75648,75716,68,105
75543,75645,75717,72,102
75543,75649,75717,68,106
75543,75651,75719,68,108
75543,75650,75720,70,107
75543,75649,75720,71,106
75543,75662,75722,60,119
75543,75661,75724,63,118
75543,75658,75727,69,115
75543,75666,75729,63,123
75543,75655,75728,73,112
75543,75652,75729,77,109
75543,75667,75729,62,124
75543,75655,75729,74,112
75543,75658,75731,73,115
75543,75661,75732,71,118
75543,75660,75732,72,117
75543,75659,75735,76,116
75543,75665,75734,69,122
75543,75667,75737,70,124
75543,75666,75738,72,123
75543,75664,75738,74,121
75543,75668,75739,71,125
75543,75663,75738,75,120
75543,75664,75741,77,121
75543,75665,75742,77,122
75543,75666,75743,77,123
75543,75668,75743,75,125
75543,75658,75744,86,115
75543,75667,75746,79,124
75543,75661,75747,86,118
75543,75666,75748,82,123
75763,75763,75822,59,0
75763,75763,75821,58,0
75763,75763,75822,59,0
75763,75763,75825,62,0
75763,75763,75827,64,0
75763,75763,75826,63,0
75763,75763,75826,63,0
75763,75763,75830,67,0
75763,75763,75829,66,0
75763,75763,75831,68,0
75763,75763,75831,68,0
75763,75763,75830,67,0
75763,75763,75832,69,0
75763,75763,75834,71,0
75763,75763,75834,71,0
75763,75763,75833,70,0
75763,75763,75834,71,0
75763,75763,75835,72,0
75763,75763,75835,72,0
75763,75763,75835,72,0
75763,75763,75836,73,0
75763,75763,75835,72,0
75763,75763,75835,72,0
75763,75763,75836,73,0
75763,75763,75836,73,0
75763,75763,75837,74,0
75763,75763,75838,75,0
75763,75763,75839,76,0
75763,75763,75839,76,0
75763,75763,75839,76,0
75763,75763,75839,76,0
75763,75763,75839,76,0
75763,75763,75839,76,0
75763,75763,75841,78,0
75763,75763,75841,78,0
75763,75763,75841,78,0
75763,75763,75841,78,0
75763,75763,75840,77,0
75763,75763,75841,78,0
75763,75763,75841,78,0
75763,75763,75842,79,0
75763,75763,75843,80,0
75763,75763,75843,80,0
75763,75763,75844,81,0
75763,75763,75845,82,0
75763,75763,75845,82,0
75763,75763,75844,81,0
75763,75763,75845,82,0
75763,75763,75846,83,0
75763,75763,75846,83,0
75763,75763,75846,83,0
75855,75855,75900,45,0
75855,75855,75903,48,0
75855,75855,75905,50,0
75855,75855,75906,51,0
75855,75855,75909,54,0
75855,75855,75911,56,0
75855,75855,75911,56,0
75855,75855,75911,56,0
75855,75855,75910,55,0
75855,75855,75912,57,0
75855,75855,75911,56,0
75855,75855,75911,56,0
75855,75855,75912,57,0
75855,75855,75913,58,0
75855,75855,75912,57,0
75855,75855,75912,57,0
75855,75855,75912,57,0
75855,75855,75912,57,0
75855,75855,75913,58,0
75855,75855,75913,58,0
75855,75855,75914,59,0
75855,75855,75914,59,0
75855,75855,75915,60,0
75855,75855,75915,60,0
75855,75855,75916,61,0
75855,75855,75916,61,0
75855,75855,75916,61,0
75855,75855,75916,61,0
75855,75855,75918,63,0
75855,75855,75917,62,0
75855,75855,75918,63,0
75855,75855,75919,64,0
75855,75855,75920,65,0
75855,75855,75919,64,0
75855,75855,75920,65,0
75855,75855,75920,65,0
75855,75855,75920,65,0
75855,75855,75922,67,0
75855,75855,75921,66,0
75855,75855,75922,67,0
75855,75855,75922,67,0
75855,75855,75922,67,0
75855,75855,75922,67,0
75855,75855,75921,66,0
75855,75855,75923,68,0
75855,75855,75923,68,0
75855,75855,75924,69,0
75855,75855,75925,70,0
75855,75855,75925,70,0
75855,75855,75924,69,0
75855,75855,75925,70,0
75855,75855,75925,70,0
75855,75855,75925,70,0
75855,75855,75926,71,0
75855,75855,75925,70,0
75855,75855,75926,71,0
75855,75855,75927,72,0
75855,75855,75927,72,0
75855,75855,75928,73,0
75855,75855,75928,73,0
75855,75855,75928,73,0
75855,75855,75928,73,0
75855,75855,75928,73,0
75855,75855,75927,72,0
75855,75855,75928,73,0
75855,75855,75928,73,0
75855,75855,75928,73,0
75855,75855,75929,74,0
75855,75855,75928,73,0
75855,75855,75929,74,0
75855,75855,75929,74,0
75855,75855,75930,75,0
75855,75855,75930,75,0
75855,75855,75930,75,0
75855,75855,75930,75,0
75855,75855,75931,76,0
75855,75855,75931,76,0
75855,75855,75932,77,0
75855,75855,75933,78,0
75855,75855,75936,81,0
75855,75925,75955,30,70
75855,75923,75957,34,68
75855,75925,75958,33,70
75855,75925,75958,33,70
75855,75925,75961,36,70
75855,75926,75962,36,71
75855,75925,75962,37,70
75855,75923,75963,40,68
75855,75925,75964,39,70
75855,75928,75964,36,73
75855,75925,75964,39,70
75855,75926,75965,39,71
75855,75903,75965,62,48
75855,75901,75965,64,46
75855,75927,75967,40,72
75855,75911,75967,56,56
75855,75928,75967,39,73
75855,75928,75969,41,73
75855,75926,75969,43,71
75855,75928,75970,42,73
75855,75922,75970,48,67
75855,75922,75971,49,67
75855,75912,75972,60,57
75855,75907,75972,65,52
75855,75927,75973,46,72
75855,75928,75973,45,73
75855,75913,75973,60,58
75855,75928,75974,46,73
75855,75928,75974,46,73
75855,75910,75975,65,55
75855,75929,75975,46,74
75855,75929,75975,46,74
75855,75914,75977,63,59
75855,75931,75979,48,76
75855,75929,75979,50,74
75855,75915,75979,64,60
75855,75917,75979,62,62
75855,75913,75980,67,58
75855,75906,75980,74,51
75855,75911,75980,69,56
75855,75912,75980,68,57
75855,75912,75980,68,57
75855,75914,75981,67,59
75855,75929,75981,52,74
75855,75919,75981,62,64
75855,75912,75982,70,57
75855,75911,75981,70,56
75855,75913,75982,69,58
75855,75918,75983,65,63
75855,75929,75983,54,74
75855,75933,75983,50,78
75855,75913,75983,70,58
75855,75917,75986,69,62
75855,75931,75986,55,76
75855,75917,75986,69,62
75855,75920,75986,66,65
75855,75920,75987,67,65
75855,75922,75987,65,67
75855,75911,75987,76,56
75855,75914,75987,73,59
75855,75914,75987,73,59
75855,75915,75988,73,60
75855,75913,75989,76,58
75855,75918,75990,72,63
75855,75932,75990,58,77
75855,75930,75990,60,75
75855,75922,75990,68,67
75855,75922,75992,70,67
75855,75922,75993,71,67
75855,75922,75993,71,67
75855,75932,75995,63,77
75855,75917,75995,78,62
75855,75933,75996,63,78
75855,75919,75996,77,64
75855,75920,75997,77,65
75855,75929,75998,69,74
75855,75921,76000,79,66
75855,75931,76000,69,76
75855,75921,76001,80,66
75855,75936,76008,72,81
75855,75957,76016,59,102
75855,75955,76018,63,100
75855,75962,76019,57,107
75855,75961,76021,60,106
75855,75963,76022,59,108
75855,75958,76024,66,103
75855,75964,76028,64,109
75855,75959,76028,69,104
75855,75965,76033,68,110
75855,75975,76037,62,120
75855,75962,76038,76,107
75855,75967,76039,72,112
75855,75974,76041,67,119
75855,75964,76040,76,109
75855,75965,76042,77,110
75855,75969,76042,73,114
75855,75974,76042,68,119
75855,75971,76043,72,116
75855,75965,76044,79,110
75855,75974,76044,70,119
75855,75967,76044,77,112
75855,75970,76044,74,115
75855,75967,76045,78,112
75855,75972,76045,73,117
75855,75969,76046,77,114
75855,75974,76047,73,119
75855,75964,76047,83,109
75855,75978,76048,70,123
75855,75980,76049,69,125
75855,75979,76049,70,124
75855,75975,76050,75,120
75855,75972,76051,79,117
75855,75973,76050,77,118
75855,75970,76050,80,115
75855,75979,76053,74,124
75855,75980,76055,75,125
75855,75980,76056,76,125
75855,75976,76057,81,121
75855,75980,76059,79,125
76075,76075,76136,61,0
76075,76075,76139,64,0
76075,76075,76139,64,0
76075,76075,76140,65,0
76075,76075,76139,64,0
76075,76075,76140,65,0
76075,76075,76140,65,0
76075,76075,76141,66,0
76075,76075,76140,65,0
76075,76075,76142,67,0
76075,76075,76142,67,0
76075,76075,76144,69,0
76075,76075,76144,69,0
76075,76075,76145,70,0
76075,76075,76145,70,0
76075,76075,76145,70,0
76075,76075,76144,69,0
76075,76075,76145,70,0
76075,76075,76145,70,0
76075,76075,76145,70,0
76075,76075,76146,71,0
76075,76075,76146,71,0
76075,76075,76146,71,0
76075,76075,76146,71,0
76075,76075,76146,71,0
76075,76075,76148,73,0
76075,76075,76148,73,0
76075,76075,76149,74,0
76075,76075,76149,74,0
76075,76075,76149,74,0
76075,76075,76149,74,0
76075,76075,76150,75,0
76075,76075,76150,75,0
76075,76075,76150,75,0
76075,76075,76151,76,0
76075,76075,76151,76,0
76075,76075,76151,76,0
76075,76075,76151,76,0
76075,76075,76152,77,0
76075,76075,76153,78,0
76075,76075,76153,78,0
76075,76075,76154,79,0
76075,76075,76153,78,0
76075,76075,76154,79,0
76075,76075,76154,79,0
76075,76075,76154,79,0
76075,76075,76155,80,0
76075,76075,76156,81,0
76075,76075,76157,82,0
76075,76075,76160,85,0
76075,76075,76160,85,0
76166,76166,76215,49,0
76166,76166,76215,49,0
76166,76167,76220,53,1
76166,76166,76222,56,0
76166,76166,76222,56,0
76166,76166,76223,57,0
76166,76166,76223,57,0
76166,76166,76223,57,0
76166,76166,76224,58,0
76166,76166,76224,58,0
76166,76166,76224,58,0
76166,76166,76224,58,0
76166,76167,76226,59,1
76166,76166,76227,61,0
76166,76167,76230,63,1
76166,76167,76230,63,1
76166,76166,76230,64,0
76166,76167,76230,63,1
76166,76166,76230,64,0
76166,76166,76232,66,0
76166,76167,76231,64,1
76166,76167,76231,64,1
76166,76167,76232,65,1
76166,76166,76232,66,0
76166,76167,76233,66,1
76166,76167,76232,65,1
76166,76166,76232,66,0
76166,76166,76232,66,0
76166,76166,76232,66,0
76166,76167,76232,65,1
76166,76166,76234,68,0
76166,76166,76234,68,0
76166,76166,76233,67,0
76166,76166,76234,68,0
76166,76166,76234,68,0
76166,76167,76235,68,1
76166,76167,76235,68,1
76166,76166,76234,68,0
76166,76166,76235,69,0
76166,76167,76235,68,1
76166,76166,76236,70,0
76166,76167,76235,68,1
76166,76166,76235,69,0
76166,76166,76235,69,0
76166,76166,76236,70,0
76166,76166,76237,71,0
76166,76166,76237,71,0
76166,76167,76236,69,1
76166,76167,76237,70,1
76166,76167,76236,69,1
76166,76167,76237,70,1
76166,76167,76237,70,1
76166,76166,76237,71,0
76166,76167,76237,70,1
76166,76167,76237,70,1
76166,76166,76237,71,0
76166,76166,76237,71,0
76166,76166,76238,72,0
76166,76166,76238,72,0
76166,76166,76238,72,0
76166,76166,76239,73,0
76166,76167,76238,71,1
76166,76166,76239,73,0
76166,76167,76240,73,1
76166,76167,76239,72,1
76166,76167,76240,73,1
76166,76166,76239,73,0
76166,76167,76240,73,1
76166,76166,76242,76,0
76166,76167,76241,74,1
76166,76167,76241,74,1
76166,76166,76241,75,0
76166,76167,76243,76,1
76166,76166,76243,77,0
76166,76167,76244,77,1
76166,76167,76243,76,1
76166,76166,76243,77,0
76166,76166,76245,79,0
76166,76166,76245,79,0
76166,76166,76250,84,0
76166,76237,76268,31,71
76166,76237,76268,31,71
76166,76238,76269,31,72
76166,76237,76271,34,71
76166,76238,76271,33,72
76166,76237,76272,35,71
76166,76238,76273,35,72
76166,76237,76274,37,71
76166,76216,76273,57,50
76166,76237,76275,38,71
76166,76239,76275,36,73
76166,76216,76277,61,50
76166,76238,76276,38,72
76166,76237,76277,40,71
76166,76238,76278,40,72
76166,76239,76279,40,73
76166,76239,76280,41,73
76166,76239,76280,41,73
76166,76240,76280,40,74
76166,76236,76281,45,70
76166,76238,76283,45,72
76166,76240,76283,43,74
76166,76240,76285,45,74
76166,76242,76285,43,76
76166,76241,76285,44,75
76166,76223,76286,63,57
76166,76239,76286,47,73
76166,76225,76287,62,59
76166,76220,76286,66,54
76166,76223,76288,65,57
76166,76240,76289,49,74
76166,76236,76289,53,70
76166,76240,76290,50,74
76166,76225,76291,66,59
76166,76224,76292,68,58
76166,76224,76294,70,58
76166,76244,76294,50,78
76166,76225,76294,69,59
76166,76234,76296,62,68
76166,76245,76296,51,79
76166,76242,76297,55,76
76166,76244,76297,53,78
76166,76234,76296,62,68
76166,76236,76297,61,70
76166,76224,76298,74,58
76166,76236,76298,62,70
76166,76242,76298,56,76
76166,76242,76299,57,76
76166,76230,76299,69,64
76166,76236,76299,63,70
76166,76227,76299,72,61
76166,76231,76300,69,65
76166,76225,76299,74,59
76166,76232,76299,67,66
76166,76231,76300,69,65
76166,76236,76300,64,70
76166,76233,76301,68,67
76166,76234,76302,68,68
76166,76233,76302,69,67
76166,76228,76303,75,62
76166,76244,76303,59,78
76166,76233,76304,71,67
76166,76232,76304,72,66
76166,76232,76305,73,66
76166,76235,76305,70,69
76166,76235,76307,72,69
76166,76233,76308,75,67
76166,76232,76307,75,66
76166,76235,76308,73,69
76166,76233,76309,76,67
76166,76231,76310,79,65
76166,76231,76311,80,65
76166,76245,76311,66,79
76166,76235,76311,76,69
76166,76243,76312,69,77
76166,76235,76312,77,69
76166,76233,76316,83,67
76166,76233,76318,85,67
76166,76244,76322,78,78
76166,76251,76322,71,85
76166,76271,76325,54,105
76166,76268,76326,58,102
76166,76274,76326,52,108
76166,76272,76328,56,106
76166,76269,76331,62,103
76166,76272,76332,60,106
76166,76273,76334,61,107
76166,76268,76341,73,102
76166,76275,76344,69,109
76166,76274,76344,70,108
76166,76276,76348,72,110
76166,76281,76347,66,115
76166,76278,76348,70,112
76166,76277,76348,71,111
76166,76287,76350,63,121
76166,76278,76351,73,112
76166,76280,76353,73,114
76166,76280,76353,73,114
76166,76285,76355,70,119
76166,76280,76355,75,114
76166,76283,76356,73,117
76166,76283,76356,73,117
76166,76289,76356,67,123
76166,76286,76357,71,120
76166,76286,76359,73,120
76166,76296,76359,63,130
76166,76291,76359,68,125
76166,76286,76360,74,120
76166,76285,76361,76,119
76166,76281,76363,82,115
76166,76290,76364,74,124
76166,76288,76364,76,122
76166,76277,76366,89,111
76166,76287,76370,83,121
76166,76292,76369,77,126
76166,76295,76370,75,129
76166,76289,76371,82,123
76166,76294,76370,76,128
76166,76294,76370,76,128
76385,76385,76438,53,0
76385,76385,76441,56,0
76385,76385,76442,57,0
76385,76385,76444,59,0
76385,76385,76447,62,0
76385,76385,76447,62,0
76385,76385,76448,63,0
76385,76385,76450,65,0
76385,76385,76450,65,0
76385,76385,76451,66,0
76385,76385,76452,67,0
76385,76385,76453,68,0
76385,76385,76453,68,0
76385,76385,76453,68,0
76385,76385,76454,69,0
76385,76385,76454,69,0
76385,76385,76454,69,0
76385,76385,76455,70,0
76385,76385,76456,71,0
76385,76385,76456,71,0
76385,76385,76456,71,0
76385,76385,76457,72,0
76385,76385,76458,73,0
76385,76385,76458,73,0
76385,76385,76458,73,0
76385,76385,76459,74,0
76385,76385,76459,74,0
76385,76385,76460,75,0
76385,76385,76460,75,0
76385,76385,76461,76,0
76385,76385,76460,75,0
76385,76385,76461,76,0
76385,76385,76461,76,0
76385,76385,76462,77,0
76385,76385,76462,77,0
76385,76385,76462,77,0
76385,76385,76463,78,0
76385,76385,76462,77,0
76385,76385,76462,77,0
76385,76385,76463,78,0
76385,76385,76464,79,0
76385,76385,76466,81,0
76385,76385,76466,81,0
76385,76385,76466,81,0
76385,76385,76467,82,0
76385,76385,76467,82,0
76385,76385,76469,84,0
76385,76385,76469,84,0
76385,76385,76470,85,0
76385,76385,76470,85,0
76385,76385,76470,85,0
76477,76477,76529,52,0
76477,76477,76529,52,0
76477,76477,76531,54,0
76477,76477,76533,56,0
76477,76477,76534,57,0
76477,76477,76537,60,0
76477,76477,76537,60,0
76477,76477,76538,61,0
76477,76477,76539,62,0
76477,76477,76539,62,0
76477,76477,76540,63,0
76477,76477,76540,63,0
76477,76477,76540,63,0
76477,76477,76540,63,0
76477,76477,76540,63,0
76477,76477,76540,63,0
76477,76477,76540,63,0
76477,76477,76541,64,0
76477,76477,76542,65,0
76477,76477,76541,64,0
76477,76477,76543,66,0
76477,76477,76543,66,0
76477,76477,76544,67,0
76477,76477,76544,67,0
76477,76477,76544,67,0
76477,76477,76543,66,0
76477,76477,76545,68,0
76477,76477,76545,68,0
76477,76477,76545,68,0
76477,76477,76544,67,0
76477,76477,76544,67,0
76477,76477,76545,68,0
76477,76477,76544,67,0
76477,76477,76546,69,0
76477,76477,76546,69,0
76477,76477,76546,69,0
76477,76477,76546,69,0
76477,76477,76547,70,0
76477,76477,76547,70,0
76477,76477,76547,70,0
76477,76477,76548,71,0
76477,76477,76547,70,0
76477,76477,76548,71,0
76477,76477,76548,71,0
76477,76477,76549,72,0
76477,76477,76549,72,0
76477,76477,76549,72,0
76477,76477,76548,71,0
76477,76477,76549,72,0
76477,76477,76550,73,0
76477,76477,76550,73,0
76477,76477,76550,73,0
76477,76477,76550,73,0
76477,76477,76551,74,0
76477,76477,76550,73,0
76477,76477,76551,74,0
76477,76477,76551,74,0
76477,76477,76551,74,0
76477,76477,76551,74,0
76477,76477,76551,74,0
76477,76477,76551,74,0
76477,76477,76552,75,0
76477,76477,76552,75,0
76477,76477,76552,75,0
76477,76477,76552,75,0
76477,76477,76553,76,0
76477,76477,76553,76,0
76477,76477,76553,76,0
76477,76477,76553,76,0
76477,76477,76552,75,0
76477,76477,76552,75,0
76477,76477,76554,77,0
76477,76477,76554,77,0
76477,76477,76555,78,0
76477,76477,76556,79,0
76477,76477,76556,79,0
76477,76477,76559,82,0
76477,76477,76559,82,0
76477,76477,76559,82,0
76477,76477,76563,86,0
76477,76550,76579,29,73
76477,76551,76582,31,74
76477,76550,76582,32,73
76477,76550,76582,32,73
76477,76549,76583,34,72
76477,76551,76584,33,74
76477,76549,76586,37,72
76477,76551,76586,35,74
76477,76551,76587,36,74
76477,76549,76587,38,72
76477,76550,76588,38,73
76477,76549,76589,40,72
76477,76552,76591,39,75
76477,76551,76591,40,74
76477,76529,76592,63,52
76477,76551,76593,42,74
76477,76553,76594,41,76
76477,76553,76595,42,76
76477,76552,76596,44,75
76477,76553,76596,43,76
76477,76552,76596,44,75
76477,76549,76596,47,72
76477,76553,76597,44,76
76477,76537,76598,61,60
76477,76553,76598,45,76
76477,76552,76600,48,75
76477,76540,76599,59,63
76477,76534,76599,65,57
76477,76530,76601,71,53
76477,76551,76601,50,74
76477,76532,76602,70,55
76477,76553,76604,51,76
76477,76547,76603,56,70
76477,76554,76604,50,77
76477,76539,76604,65,62
76477,76547,76606,59,70
76477,76542,76607,65,65
76477,76548,76607,59,71
76477,76545,76607,62,68
76477,76553,76607,54,76
76477,76540,76609,69,63
76477,76548,76608,60,71
76477,76540,76608,68,63
76477,76545,76609,64,68
76477,76540,76609,69,63
76477,76540,76609,69,63
76477,76537,76610,73,60
76477,76533,76610,77,56
76477,76544,76610,66,67
76477,76544,76612,68,67
76477,76555,76612,57,78
76477,76556,76613,57,79
76477,76559,76613,54,82
76477,76559,76613,54,82
76477,76546,76613,67,69
76477,76546,76614,68,69
76477,76540,76614,74,63
76477,76544,76615,71,67
76477,76545,76616,71,68
76477,76540,76615,75,63
76477,76542,76616,74,65
76477,76543,76616,73,66
76477,76539,76617,78,62
76477,76546,76618,72,69
76477,76541,76619,78,64
76477,76544,76620,76,67
76477,76556,76620,64,79
76477,76556,76621,65,79
76477,76545,76622,77,68
76477,76563,76622,59,86
76477,76543,76623,80,66
76477,76547,76623,76,70
76477,76548,76623,75,71
76477,76540,76623,83,63
76477,76561,76625,64,84
76477,76545,76625,80,68
76477,76548,76625,77,71
76477,76545,76627,82,68
76477,76545,76629,84,68
76477,76546,76634,88,69
76477,76584,76644,60,107
76477,76583,76645,62,106
76477,76583,76646,63,106
76477,76585,76650,65,108
76477,76588,76653,65,111
76477,76580,76652,72,103
76477,76592,76654,62,115
76477,76583,76655,72,106
76477,76593,76655,62,116
76477,76592,76656,64,115
76477,76587,76657,70,110
76477,76589,76658,69,112
76477,76587,76658,71,110
76477,76588,76660,72,111
76477,76598,76661,63,121
76477,76594,76662,68,117
76477,76595,76667,72,118
76477,76597,76667,70,120
76477,76595,76668,73,118
76477,76597,76668,71,120
76477,76597,76669,72,120
76477,76602,76673,71,125
76477,76603,76674,71,126
76477,76600,76675,75,123
76477,76608,76675,67,131
76477,76590,76674,84,113
76477,76600,76675,75,123
76477,76599,76676,77,122
76477,76596,76676,80,119
76477,76602,76676,74,125
76477,76599,76678,79,122
76477,76600,76679,79,123
76477,76607,76678,71,130
76477,76608,76680,72,131
76477,76605,76681,76,128
76477,76604,76682,78,127
76477,76607,76681,74,130
76477,76605,76686,81,128
76477,76604,76690,86,127
76705,76705,76758,53,0
76705,76705,76762,57,0
76705,76705,76765,60,0
76705,76705,76766,61,0
76705,76705,76769,64,0
76705,76705,76770,65,0
76705,76705,76770,65,0
76705,76705,76770,65,0
76705,76705,76771,66,0
76705,76705,76771,66,0
76705,76705,76772,67,0
76705,76705,76771,66,0
76705,76705,76772,67,0
76705,76705,76771,66,0
76705,76705,76772,67,0
76705,76705,76773,68,0
76705,76705,76773,68,0
76705,76705,76773,68,0
76705,76705,76775,70,0
76705,76705,76776,71,0
76705,76705,76776,71,0
76705,76705,76776,71,0
76705,76705,76776,71,0
76705,76705,76777,72,0
76705,76705,76776,71,0
76705,76705,76777,72,0
76705,76705,76778,73,0
76705,76705,76778,73,0
76705,76705,76778,73,0
76705,76705,76778,73,0
76705,76705,76779,74,0
76705,76705,76778,73,0
76705,76705,76779,74,0
76705,76705,76778,73,0
76705,76705,76778,73,0
76705,76705,76778,73,0
76705,76705,76779,74,0
76705,76705,76781,76,0
76705,76705,76781,76,0
76705,76705,76782,77,0
76705,76705,76781,76,0
76705,76705,76781,76,0
76705,76705,76782,77,0
76705,76705,76782,77,0
76705,76705,76784,79,0
76705,76705,76784,79,0
76705,76705,76783,78,0
76705,76705,76783,78,0
76705,76705,76785,80,0
76705,76705,76785,80,0
76705,76705,76786,81,0
76794,76794,76844,50,0
76794,76794,76852,58,0
76794,76794,76854,60,0
76794,76794,76854,60,0
76794,76794,76855,61,0
76794,76794,76856,62,0
76794,76794,76856,62,0
76794,76794,76857,63,0
76794,76794,76857,63,0
76794,76794,76858,64,0
76794,76794,76858,64,0
76794,76794,76859,65,0
76794,76794,76859,65,0
76794,76794,76859,65,0
76794,76794,76859,65,0
76794,76794,76859,65,0
76794,76794,76859,65,0
76794,76794,76858,64,0
76794,76794,76860,66,0
76794,76794,76860,66,0
76794,76794,76860,66,0
76794,76794,76860,66,0
76794,76794,76861,67,0
76794,76794,76861,67,0
76794,76794,76861,67,0
76794,76794,76862,68,0
76794,76794,76862,68,0
76794,76794,76862,68,0
76794,76794,76862,68,0
76794,76794,76862,68,0
76794,76794,76862,68,0
76794,76794,76863,69,0
76794,76794,76863,69,0
76794,76794,76864,70,0
76794,76794,76864,70,0
76794,76794,76865,71,0
76794,76794,76865,71,0
76794,76794,76865,71,0
76794,76794,76864,70,0
76794,76794,76865,71,0
76794,76794,76865,71,0
76794,76794,76865,71,0
76794,76794,76866,72,0
76794,76794,76866,72,0
76794,76794,76866,72,0
76794,76794,76866,72,0
76794,76794,76866,72,0
76794,76794,76866,72,0
76794,76794,76867,73,0
76794,76794,76867,73,0
76794,76794,76867,73,0
76794,76794,76867,73,0
76794,76794,76867,73,0
76794,76794,76867,73,0
76794,76794,76868,74,0
76794,76794,76868,74,0
76794,76794,76868,74,0
76794,76794,76868,74,0
76794,76794,76868,74,0
76794,76794,76869,75,0
76794,76794,76869,75,0
76794,76794,76869,75,0
76794,76794,76869,75,0
76794,76794,76869,75,0
76794,76794,76870,76,0
76794,76794,76870,76,0
76794,76794,76870,76,0
76794,76794,76870,76,0
76794,76794,76870,76,0
76794,76794,76871,77,0
76794,76794,76871,77,0
76794,76794,76871,77,0
76794,76794,76871,77,0
76794,76794,76873,79,0
76794,76794,76873,79,0
76794,76794,76872,78,0
76794,76794,76875,81,0
76794,76794,76876,82,0
76794,76794,76876,82,0
76794,76794,76877,83,0
76794,76868,76893,25,74
76794,76868,76893,25,74
76794,76868,76895,27,74
76794,76867,76898,31,73
76794,76868,76897,29,74
76794,76866,76899,33,72
76794,76866,76900,34,72
76794,76868,76900,32,74
76794,76868,76901,33,74
76794,76866,76901,35,72
76794,76868,76901,33,74
76794,76869,76906,37,75
76794,76866,76905,39,72
76794,76870,76906,36,76
76794,76871,76905,34,77
76794,76869,76906,37,75
76794,76869,76908,39,75
76794,76871,76908,37,77
76794,76870,76910,40,76
76794,76870,76910,40,76
76794,76871,76911,40,77
76794,76870,76911,41,76
76794,76869,76912,43,75
76794,76844,76913,69,50
76794,76871,76917,46,77
76794,76870,76920,50,76
76794,76854,76919,65,60
76794,76872,76919,47,78
76794,76875,76921,46,81
76794,76858,76920,62,64
76794,76866,76920,54,72
76794,76872,76921,49,78
76794,76871,76921,50,77
76794,76852,76923,71,58
76794,76859,76924,65,65
76794,76858,76925,67,64
76794,76860,76925,65,66
76794,76859,76925,66,65
76794,76873,76926,53,79
76794,76856,76927,71,62
76794,76854,76927,73,60
76794,76857,76927,70,63
76794,76859,76927,68,65
76794,76873,76928,55,79
76794,76859,76929,70,65
76794,76856,76928,72,62
76794,76872,76928,56,78
76794,76866,76928,62,72
76794,76866,76930,64,72
76794,76873,76930,57,79
76794,76857,76931,74,63
76794,76859,76932,73,65
76794,76862,76932,70,68
76794,76862,76932,70,68
76794,76861,76934,73,67
76794,76860,76934,74,66
76794,76872,76933,61,78
76794,76866,76934,68,72
76794,76855,76935,80,61
76794,76864,76935,71,70
76794,76862,76935,73,68
76794,76863,76936,73,69
76794,76877,76936,59,83
76794,76861,76936,75,67
76794,76894,76936,42,100
76794,76859,76937,78,65
76794,76861,76938,77,67
76794,76859,76937,78,65
76794,76865,76937,72,71
76794,76862,76938,76,68
76794,76861,76938,77,67
76794,76861,76939,78,67
76794,76862,76938,76,68
76794,76866,76939,73,72
76794,76862,76940,78,68
76794,76865,76940,75,71
76794,76866,76940,74,72
76794,76866,76944,78,72
76794,76864,76945,81,70
76794,76894,76946,52,100
76794,76898,76948,50,104
76794,76878,76949,71,84
76794,76900,76951,51,106
76794,76896,76951,55,102
76794,76877,76955,78,83
76794,76901,76965,64,107
76794,76906,76967,61,112
76794,76902,76969,67,108
76794,76902,76968,66,108
76794,76911,76970,59,117
76794,76898,76969,71,104
76794,76902,76970,68,108
76794,76901,76972,71,107
76794,76910,76974,64,116
76794,76920,76977,57,126
76794,76906,76979,73,112
76794,76910,76980,70,116
76794,76906,76981,75,112
76794,76909,76981,72,115
76794,76906,76983,77,112
76794,76925,76984,59,131
76794,76909,76985,76,115
76794,76912,76986,74,118
76794,76918,76986,68,124
76794,76925,76986,61,131
76794,76914,76986,72,120
76794,76907,76986,79,113
76794,76921,76988,67,127
76794,76913,76988,75,119
76794,76926,76988,62,132
76794,76925,76990,65,131
76794,76920,76989,69,126
76794,76926,76990,64,132
76794,76922,76990,68,128
76794,76924,76992,68,130
76794,76921,76995,74,127
76794,76920,76995,75,126
76794,76922,76995,73,128
76794,76921,77001,80,127
77015,77016,77067,51,1
77015,77016,77075,59,1
77015,77016,77074,58,1
77015,77016,77074,58,1
77015,77016,77075,59,1
77015,77016,77075,59,1
77015,77016,77075,59,1
77015,77016,77075,59,1
77015,77016,77077,61,1
77015,77016,77078,62,1
77015,77016,77079,63,1
77015,77016,77079,63,1
77015,77016,77079,63,1
77015,77016,77080,64,1
77015,77016,77080,64,1
77015,77016,77080,64,1
77015,77016,77082,66,1
77015,77016,77081,65,1
77015,77016,77081,65,1
77015,77016,77084,68,1
77015,77016,77083,67,1
77015,77016,77083,67,1
77015,77016,77083,67,1
77015,77016,77083,67,1
77015,77016,77084,68,1
77015,77016,77084,68,1
77015,77016,77086,70,1
77015,77016,77087,71,1
77015,77016,77086,70,1
77015,77016,77088,72,1
77015,77016,77088,72,1
77015,77016,77088,72,1
77015,77016,77088,72,1
77015,77016,77088,72,1
77015,77016,77089,73,1
77015,77016,77090,74,1
77015,77016,77089,73,1
77015,77016,77089,73,1
77015,77016,77090,74,1
77015,77016,77091,75,1
77015,77016,77091,75,1
77015,77016,77092,76,1
77015,77016,77091,75,1
77015,77016,77092,76,1
77015,77016,77093,77,1
77015,77016,77093,77,1
77015,77016,77094,78,1
77015,77016,77095,79,1
77015,77016,77095,79,1
77015,77016,77096,80,1
77015,77016,77095,79,1
77102,77103,77159,56,1
77102,77103,77159,56,1
77102,77103,77160,57,1
77102,77102,77161,59,0
77102,77102,77160,58,0
77102,77102,77161,59,0
77102,77102,77161,59,0
77102,77103,77164,61,1
77102,77102,77163,61,0
77102,77102,77164,62,0
77102,77103,77164,61,1
77102,77102,77165,63,0
77102,77102,77165,63,0
77102,77103,77165,62,1
77102,77103,77165,62,1
77102,77102,77165,63,0
77102,77103,77165,62,1
77102,77103,77165,62,1
77102,77102,77166,64,0
77102,77102,77167,65,0
77102,77103,77167,64,1
77102,77103,77167,64,1
77102,77103,77167,64,1
77102,77102,77168,66,0
77102,77103,77167,64,1
77102,77102,77168,66,0
77102,77103,77168,65,1
77102,77103,77168,65,1
77102,77103,77168,65,1
77102,77102,77169,67,0
77102,77103,77170,67,1
77102,77103,77170,67,1
77102,77103,77171,68,1
77102,77102,77171,69,0
77102,77102,77172,70,0
77102,77103,77171,68,1
77102,77103,77171,68,1
77102,77103,77172,69,1
77102,77102,77172,70,0
77102,77102,77173,71,0
77102,77102,77172,70,0
77102,77103,77172,69,1
77102,77103,77172,69,1
77102,77102,77172,70,0
77102,77102,77173,71,0
77102,77103,77173,70,1
77102,77102,77173,71,0
77102,77103,77174,71,1
77102,77103,77174,71,1
77102,77102,77174,72,0
77102,77102,77174,72,0
77102,77103,77173,70,1
77102,77102,77174,72,0
77102,77103,77174,71,1
77102,77103,77175,72,1
77102,77102,77176,74,0
77102,77103,77176,73,1
77102,77102,77175,73,0
77102,77103,77177,74,1
77102,77102,77177,75,0
77102,77103,77177,74,1
77102,77103,77176,73,1
77102,77102,77177,75,0
77102,77102,77177,75,0
77102,77103,77178,75,1
77102,77103,77178,75,1
77102,77103,77179,76,1
77102,77103,77179,76,1
77102,77102,77180,78,0
77102,77102,77180,78,0
77102,77102,77181,79,0
77102,77102,77181,79,0
77102,77102,77181,79,0
77102,77103,77180,77,1
77102,77103,77181,78,1
77102,77103,77181,78,1
77102,77102,77183,81,0
77102,77102,77185,83,0
77102,77102,77186,84,0
77102,77102,77190,88,0
77102,77174,77196,22,72
77102,77174,77202,28,72
77102,77174,77202,28,72
77102,77175,77202,27,73
77102,77174,77203,29,72
77102,77173,77203,30,71
77102,77174,77205,31,72
77102,77174,77206,32,72
77102,77173,77206,33,71
77102,77175,77206,31,73
77102,77177,77208,31,75
77102,77177,77209,32,75
77102,77176,77210,34,74
77102,77176,77210,34,74
77102,77176,77212,36,74
77102,77178,77212,34,76
77102,77178,77213,35,76
77102,77176,77213,37,74
77102,77177,77217,40,75
77102,77177,77217,40,75
77102,77162,77217,55,60
77102,77180,77219,39,78
77102,77178,77219,41,76
77102,77173,77219,46,71
77102,77162,77220,58,60
77102,77173,77220,47,71
77102,77161,77221,60,59
77102,77161,77221,60,59
77102,77160,77224,64,58
77102,77182,77225,43,80
77102,77181,77224,43,79
77102,77179,77225,46,77
77102,77180,77225,45,78
77102,77160,77227,67,58
77102,77173,77227,54,71
77102,77178,77227,49,76
77102,77166,77228,62,64
77102,77181,77229,48,79
77102,77164,77229,65,62
77102,77166,77230,64,64
77102,77164,77231,67,62
77102,77166,77231,65,64
77102,77169,77232,63,67
77102,77166,77232,66,64
77102,77166,77233,67,64
77102,77165,77233,68,63
77102,77181,77233,52,79
77102,77161,77233,72,59
77102,77184,77235,51,82
77102,77173,77236,63,71
77102,77168,77236,68,66
77102,77165,77236,71,63
77102,77181,77237,56,79
77102,77172,77237,65,70
77102,77166,77237,71,64
77102,77179,77239,60,77
77102,77169,77239,70,67
77102,77181,77239,58,79
77102,77167,77240,73,65
77102,77168,77240,72,66
77102,77171,77242,71,69
77102,77166,77242,76,64
77102,77173,77242,69,71
77102,77167,77241,74,65
77102,77171,77243,72,69
77102,77169,77243,74,67
77102,77167,77243,76,65
77102,77169,77243,74,67
77102,77172,77244,72,70
77102,77171,77244,73,69
77102,77170,77244,74,68
77102,77170,77244,74,68
77102,77168,77247,79,66
77102,77186,77247,61,84
77102,77168,77248,80,66
77102,77173,77249,76,71
77102,77172,77250,78,70
77102,77190,77252,62,88
77102,77173,77253,80,71
77102,77202,77255,53,100
77102,77197,77260,63,95
77102,77202,77262,60,100
77102,77203,77262,59,101
77102,77203,77264,61,101
77102,77187,77264,77,85
77102,77205,77265,60,103
77102,77207,77272,65,105
77102,77208,77273,65,106
77102,77206,77273,67,104
77102,77203,77276,73,101
77102,77211,77277,66,109
77102,77225,77279,54,123
77102,77219,77280,61,117
77102,77212,77281,69,110
77102,77218,77281,63,116
77102,77214,77282,68,112
77102,77210,77282,72,108
77102,77218,77283,65,116
77102,77229,77284,55,127
77102,77209,77285,76,107
77102,77213,77285,72,111
77102,77206,77285,79,104
77102,77217,77287,70,115
77102,77220,77289,69,118
77102,77214,77289,75,112
77102,77219,77290,71,117
77102,77226,77290,64,124
77102,77221,77292,71,119
77102,77225,77293,68,123
77102,77220,77293,73,118
77102,77227,77294,67,125
77102,77219,77298,79,117
77102,77226,77299,73,124
77102,77228,77301,73,126
77102,77221,77301,80,119
77102,77229,77301,72,127
77102,77228,77301,73,126
77102,77227,77304,77,125
77102,77224,77305,81,122
77321,77321,77373,52,0
77321,77321,77374,53,0
77321,77321,77378,57,0
77321,77321,77377,56,0
77321,77321,77379,58,0
77321,77321,77380,59,0
77321,77321,77380,59,0
77321,77321,77381,60,0
77321,77321,77381,60,0
77321,77321,77381,60,0
77321,77321,77384,63,0
77321,77321,77383,62,0
77321,77321,77383,62,0
77321,77321,77385,64,0
77321,77321,77386,65,0
77321,77321,77386,65,0
77321,77321,77387,66,0
77321,77321,77387,66,0
77321,77321,77386,65,0
77321,77321,77387,66,0
77321,77321,77388,67,0
77321,77321,77389,68,0
77321,77321,77389,68,0
77321,77321,77389,68,0
77321,77321,77390,69,0
77321,77321,77390,69,0
77321,77321,77391,70,0
77321,77321,77391,70,0
77321,77321,77390,69,0
77321,77321,77392,71,0
77321,77321,77391,70,0
77321,77321,77392,71,0
77321,77321,77393,72,0
77321,77321,77394,73,0
77321,77321,77394,73,0
77321,77321,77394,73,0
77321,77321,77394,73,0
77321,77321,77395,74,0
77321,77321,77395,74,0
77321,77321,77394,73,0
77321,77321,77395,74,0
77321,77321,77397,76,0
77321,77321,77396,75,0
77321,77321,77397,76,0
77321,77321,77398,77,0
77321,77321,77399,78,0
77321,77321,77401,80,0
77321,77321,77402,81,0
77321,77321,77402,81,0
77321,77321,77402,81,0
77321,77321,77403,82,0
77410,77410,77462,52,0
77410,77410,77464,54,0
77410,77410,77467,57,0
77410,77410,77467,57,0
77410,77410,77467,57,0
77410,77410,77468,58,0
77410,77410,77469,59,0
77410,77410,77469,59,0
77410,77410,77470,60,0
77410,77410,77471,61,0
77410,77410,77470,60,0
77410,77410,77471,61,0
77410,77410,77473,63,0
77410,77410,77473,63,0
77410,77410,77473,63,0
77410,77410,77473,63,0
77410,77410,77473,63,0
77410,77410,77474,64,0
77410,77410,77474,64,0
77410,77410,77473,63,0
77410,77410,77475,65,0
77410,77410,77475,65,0
77410,77410,77475,65,0
77410,77410,77474,64,0
77410,77410,77476,66,0
77410,77410,77476,66,0
77410,77410,77475,65,0
77410,77410,77475,65,0
77410,77410,77476,66,0
77410,77410,77477,67,0
77410,77410,77477,67,0
77410,77410,77477,67,0
77410,77410,77477,67,0
77410,77410,77478,68,0
77410,77410,77478,68,0
77410,77410,77479,69,0
77410,77410,77479,69,0
77410,77410,77479,69,0
77410,77410,77478,68,0
77410,77410,77478,68,0
77410,77410,77479,69,0
77410,77410,77480,70,0
77410,77410,77479,69,0
77410,77410,77479,69,0
77410,77410,77480,70,0
77410,77410,77479,69,0
77410,77410,77480,70,0
77410,77410,77480,70,0
77410,77410,77479,69,0
77410,77410,77480,70,0
77410,77410,77480,70,0
77410,77410,77481,71,0
77410,77410,77481,71,0
77410,77410,77481,71,0
77410,77410,77482,72,0
77410,77410,77483,73,0
77410,77410,77482,72,0
77410,77410,77482,72,0
77410,77410,77483,73,0
77410,77410,77483,73,0
77410,77410,77484,74,0
77410,77410,77484,74,0
77410,77410,77484,74,0
77410,77410,77484,74,0
77410,77410,77484,74,0
77410,77410,77486,76,0
77410,77410,77486,76,0
77410,77410,77485,75,0
77410,77410,77487,77,0
77410,77410,77487,77,0
77410,77410,77488,78,0
77410,77410,77488,78,0
77410,77410,77487,77,0
77410,77410,77488,78,0
77410,77410,77488,78,0
77410,77410,77488,78,0
77410,77410,77488,78,0
77410,77410,77489,79,0
77410,77410,77491,81,0
77410,77410,77500,90,0
77410,77480,77503,23,70
77410,77480,77505,25,70
77410,77480,77509,29,70
77410,77481,77508,27,71
77410,77481,77510,29,71
77410,77481,77511,30,71
77410,77481,77510,29,71
77410,77480,77511,31,70
77410,77483,77512,29,73
77410,77480,77512,32,70
77410,77483,77512,29,73
77410,77484,77515,31,74
77410,77484,77517,33,74
77410,77480,77518,38,70
77410,77483,77518,35,73
77410,77483,77520,37,73
77410,77484,77521,37,74
77410,77483,77521,38,73
77410,77480,77522,42,70
77410,77483,77523,40,73
77410,77484,77524,40,74
77410,77485,77526,41,75
77410,77463,77526,63,53
77410,77467,77527,60,57
77410,77480,77529,49,70
77410,77470,77530,60,60
77410,77480,77531,51,70
77410,77488,77530,42,78
77410,77467,77531,64,57
77410,77467,77534,67,57
77410,77470,77534,64,60
77410,77486,77534,48,76
77410,77465,77535,70,55
77410,77473,77536,63,63
77410,77473,77537,64,63
77410,77486,77537,51,76
77410,77488,77538,50,78
77410,77469,77538,69,59
77410,77475,77539,64,65
77410,77470,77539,69,60
77410,77471,77540,69,61
77410,77474,77542,68,64
77410,77471,77543,72,61
77410,77473,77543,70,63
77410,77487,77544,57,77
77410,77479,77544,65,69
77410,77488,77544,56,78
77410,77486,77545,59,76
77410,77488,77545,57,78
77410,77476,77545,69,66
77410,77488,77545,57,78
77410,77474,77546,72,64
77410,77474,77547,73,64
77410,77475,77547,72,65
77410,77477,77547,70,67
77410,77487,77547,60,77
77410,77476,77548,72,66
77410,77476,77548,72,66
77410,77476,77549,73,66
77410,77474,77549,75,64
77410,77479,77549,70,69
77410,77473,77549,76,63
77410,77476,77549,73,66
77410,77472,77549,77,62
77410,77489,77551,62,79
77410,77479,77551,72,69
77410,77475,77551,76,65
77410,77490,77552,62,80
77410,77478,77552,74,68
77410,77500,77553,53,90
77410,77478,77553,75,68
77410,77478,77556,78,68
77410,77479,77556,77,69
77410,77489,77557,68,79
77410,77479,77558,79,69
77410,77492,77559,67,82
77410,77479,77559,80,69
77410,77510,77560,50,100
77410,77506,77559,53,96
77410,77478,77560,82,68
77410,77478,77562,84,68
77410,77503,77565,62,93
77410,77475,77567,92,65
77410,77509,77567,58,99
77410,77511,77571,60,101
77410,77511,77571,60,101
77410,77518,77574,56,108
77410,77512,77575,63,102
77410,77512,77576,64,102
77410,77511,77577,66,101
77410,77512,77578,66,102
77410,77509,77580,71,99
77410,77520,77581,61,110
77410,77521,77588,67,111
77410,77526,77588,62,116
77410,77517,77589,72,107
77410,77516,77589,73,106
77410,77519,77590,71,109
77410,77531,77592,61,121
77410,77522,77593,71,112
77410,77531,77594,63,121
77410,77526,77595,69,116
77410,77527,77597,70,117
77410,77524,77598,74,114
77410,77540,77599,59,130
77410,77524,77600,76,114
77410,77529,77601,72,119
77410,77538,77601,63,128
77410,77531,77602,71,121
77410,77535,77602,67,125
77410,77537,77602,65,127
77410,77535,77605,70,125
77410,77523,77605,82,113
77410,77531,77606,75,121
77410,77538,77607,69,128
77410,77536,77607,71,126
77410,77539,77608,69,129
77410,77535,77610,75,125
77410,77538,77613,75,128
77628,77628,77677,49,0
77628,77628,77680,52,0
77628,77628,77680,52,0
77628,77628,77681,53,0
77628,77628,77681,53,0
77628,77628,77683,55,0
77628,77628,77683,55,0
77628,77628,77685,57,0
77628,77628,77687,59,0
77628,77628,77688,60,0
77628,77628,77688,60,0
77628,77628,77688,60,0
77628,77628,77688,60,0
77628,77628,77689,61,0
77628,77628,77689,61,0
77628,77628,77690,62,0
77628,77628,77691,63,0
77628,77628,77690,62,0
77628,77628,77691,63,0
77628,77628,77693,65,0
77628,77628,77692,64,0
77628,77628,77692,64,0
77628,77628,77693,65,0
77628,77628,77694,66,0
77628,77628,77695,67,0
77628,77628,77694,66,0
77628,77628,77695,67,0
77628,77628,77695,67,0
77628,77628,77696,68,0
77628,77628,77696,68,0
77628,77628,77696,68,0
77628,77628,77697,69,0
77628,77628,77698,70,0
77628,77628,77698,70,0
77628,77628,77699,71,0
77628,77628,77700,72,0
77628,77628,77699,71,0
77628,77628,77700,72,0
77628,77628,77700,72,0
77628,77628,77701,73,0
77628,77628,77701,73,0
77628,77628,77701,73,0
77628,77628,77702,74,0
77628,77628,77703,75,0
77628,77628,77703,75,0
77628,77628,77705,77,0
77628,77628,77705,77,0
77628,77628,77705,77,0
77628,77628,77707,79,0
77628,77628,77708,80,0
77628,77628,77715,87,0
77721,77721,77774,53,0
77721,77721,77776,55,0
77721,77721,77776,55,0
77721,77721,77777,56,0
77721,77721,77777,56,0
77721,77721,77776,55,0
77721,77721,77778,57,0
77721,77721,77779,58,0
77721,77721,77780,59,0
77721,77721,77780,59,0
77721,77721,77780,59,0
77721,77721,77780,59,0
77721,77721,77781,60,0
77721,77721,77781,60,0
77721,77721,77782,61,0
77721,77721,77781,60,0
77721,77721,77782,61,0
77721,77721,77783,62,0
77721,77721,77782,61,0
77721,77721,77782,61,0
77721,77721,77784,63,0
77721,77721,77785,64,0
77721,77721,77784,63,0
77721,77721,77785,64,0
77721,77721,77785,64,0
77721,77721,77786,65,0
77721,77721,77785,64,0
77721,77721,77785,64,0
77721,77721,77787,66,0
77721,77721,77788,67,0
77721,77721,77787,66,0
77721,77721,77788,67,0
77721,77721,77788,67,0
77721,77721,77788,67,0
77721,77721,77788,67,0
77721,77721,77788,67,0
77721,77721,77789,68,0
77721,77721,77790,69,0
77721,77721,77790,69,0
77721,77721,77791,70,0
77721,77721,77791,70,0
77721,77721,77791,70,0
77721,77721,77792,71,0
77721,77721,77791,70,0
77721,77721,77792,71,0
77721,77721,77792,71,0
77721,77721,77792,71,0
77721,77721,77793,72,0
77721,77721,77792,71,0
77721,77721,77793,72,0
77721,77721,77794,73,0
77721,77721,77794,73,0
77721,77721,77794,73,0
77721,77721,77795,74,0
77721,77721,77795,74,0
77721,77721,77795,74,0
77721,77721,77795,74,0
77721,77721,77796,75,0
77721,77721,77797,76,0
77721,77721,77796,75,0
77721,77721,77797,76,0
77721,77721,77797,76,0
77721,77721,77797,76,0
77721,77721,77797,76,0
77721,77721,77798,77,0
77721,77721,77798,77,0
77721,77721,77798,77,0
77721,77721,77797,76,0
77721,77721,77797,76,0
77721,77721,77798,77,0
77721,77721,77798,77,0
77721,77721,77799,78,0
77721,77721,77798,77,0
77721,77721,77798,77,0
77721,77721,77800,79,0
77721,77721,77799,78,0
77721,77721,77800,79,0
77721,77721,77800,79,0
77721,77721,77801,80,0
77721,77721,77803,82,0
77721,77794,77817,23,73
77721,77793,77819,26,72
77721,77795,77820,25,74
77721,77792,77822,30,71
77721,77792,77822,30,71
77721,77794,77822,28,73
77721,77795,77823,28,74
77721,77793,77823,30,72
77721,77796,77825,29,75
77721,77794,77825,31,73
77721,77797,77825,28,76
77721,77796,77826,30,75
77721,77792,77827,35,71
77721,77796,77827,31,75
77721,77797,77830,33,76
77721,77797,77830,33,76
77721,77797,77831,34,76
77721,77797,77832,35,76
77721,77796,77833,37,75
77721,77797,77834,37,76
77721,77777,77837,60,56
77721,77798,77839,41,77
77721,77792,77839,47,71
77721,77798,77840,42,77
77721,77777,77840,63,56
77721,77798,77840,42,77
77721,77799,77841,42,78
77721,77798,77840,42,77
77721,77791,77842,51,70
77721,77777,77842,65,56
77721,77780,77844,64,59
77721,77775,77845,70,54
77721,77792,77845,53,71
77721,77779,77845,66,58
77721,77798,77845,47,77
77721,77780,77845,65,59
77721,77798,77847,49,77
77721,77781,77847,66,60
77721,77776,77848,72,55
77721,77782,77848,66,61
77721,77799,77849,50,78
77721,77776,77850,74,55
77721,77785,77851,66,64
77721,77783,77852,69,62
77721,77800,77852,52,79
77721,77785,77853,68,64
77721,77782,77853,71,61
77721,77791,77854,63,70
77721,77782,77854,72,61
77721,77783,77854,71,62
77721,77786,77855,69,65
77721,77798,77856,58,77
77721,77782,77855,73,61
77721,77789,77856,67,68
77721,77802,77856,54,81
77721,77786,77857,71,65
77721,77786,77857,71,65
77721,77781,77858,77,60
77721,77782,77858,76,61
77721,77789,77858,69,68
77721,77783,77860,77,62
77721,77789,77859,70,68
77721,77800,77859,59,79
77721,77781,77860,79,60
77721,77788,77860,72,67
77721,77786,77861,75,65
77721,77790,77861,71,69
77721,77784,77862,78,63
77721,77803,77863,60,82
77721,77787,77864,77,66
77721,77800,77864,64,79
77721,77786,77864,78,65
77721,77791,77864,73,70
77721,77790,77865,75,69
77721,77790,77867,77,69
77721,77788,77868,80,67
77721,77788,77868,80,67
77721,77799,77868,69,78
77721,77800,77869,69,79
77721,77788,77869,81,67
77721,77820,77877,57,99
77721,77817,77877,60,96
77721,77820,77880,60,99
77721,77822,77881,59,101
77721,77830,77882,52,109
77721,77827,77889,62,106
77721,77825,77888,63,104
77721,77825,77888,63,104
77721,77825,77893,68,104
77721,77824,77894,70,103
77721,77831,77894,63,110
77721,77827,77894,67,106
77721,77832,77894,62,111
77721,77822,77895,73,101
77721,77823,77895,72,102
77721,77822,77899,77,101
77721,77835,77900,65,114
77721,77826,77901,75,105
77721,77840,77902,62,119
77721,77834,77903,69,113
77721,77831,77904,73,110
77721,77840,77905,65,119
77721,77846,77908,62,125
77721,77841,77909,68,120
77721,77842,77910,68,121
77721,77846,77911,65,125
77721,77846,77911,65,125
77721,77838,77911,73,117
77721,77846,77913,67,125
77721,77841,77914,73,120
77721,77845,77914,69,124
77721,77840,77914,74,119
77721,77849,77918,69,128
77721,77846,77919,73,125
77721,77843,77920,77,122
77721,77843,77919,76,122
77721,77842,77921,79,121
77721,77848,77922,74,127
77721,77848,77926,78,127
77940,77940,77994,54,0
77940,77940,77995,55,0
77940,77940,77996,56,0
77940,77940,77996,56,0
77940,77940,78001,61,0
77940,77940,78002,62,0
77940,77940,78002,62,0
77940,77940,78003,63,0
77940,77940,78003,63,0
77940,77940,78005,65,0
77940,77940,78005,65,0
77940,77940,78006,66,0
77940,77940,78006,66,0
77940,77940,78007,67,0
77940,77940,78007,67,0
77940,77940,78008,68,0
77940,77940,78008,68,0
77940,77940,78008,68,0
77940,77940,78009,69,0
77940,77940,78009,69,0
77940,77940,78009,69,0
77940,77940,78010,70,0
77940,77940,78011,71,0
77940,77940,78010,70,0
77940,77940,78011,71,0
77940,77940,78011,71,0
77940,77940,78011,71,0
77940,77940,78012,72,0
77940,77940,78012,72,0
77940,77940,78013,73,0
77940,77940,78013,73,0
77940,77940,78013,73,0
77940,77940,78013,73,0
77940,77940,78014,74,0
77940,77940,78014,74,0
77940,77940,78014,74,0
77940,77940,78015,75,0
77940,77940,78015,75,0
77940,77940,78015,75,0
77940,77940,78016,76,0
77940,77940,78016,76,0
77940,77940,78016,76,0
77940,77940,78017,77,0
77940,77940,78017,77,0
77940,77940,78018,78,0
77940,77940,78020,80,0
77940,77940,78020,80,0
77940,77940,78021,81,0
77940,77940,78022,82,0
77940,77940,78024,84,0
77940,77940,78024,84,0
78031,78031,78086,55,0
78031,78031,78087,56,0
78031,78031,78087,56,0
78031,78031,78089,58,0
78031,78031,78090,59,0
78031,78031,78090,59,0
78031,78031,78090,59,0
78031,78031,78090,59,0
78031,78031,78092,61,0
78031,78031,78092,61,0
78031,78031,78092,61,0
78031,78031,78092,61,0
78031,78031,78093,62,0
78031,78031,78093,62,0
78031,78031,78093,62,0
78031,78031,78095,64,0
78031,78031,78095,64,0
78031,78031,78095,64,0
78031,78031,78096,65,0
78031,78031,78096,65,0
78031,78031,78097,66,0
78031,78031,78097,66,0
78031,78031,78097,66,0
78031,78031,78097,66,0
78031,78031,78098,67,0
78031,78031,78098,67,0
78031,78031,78098,67,0
78031,78031,78098,67,0
78031,78031,78098,67,0
78031,78031,78098,67,0
78031,78031,78099,68,0
78031,78031,78099,68,0
78031,78031,78099,68,0
78031,78031,78099,68,0
78031,78031,78099,68,0
78031,78031,78100,69,0
78031,78031,78100,69,0
78031,78031,78100,69,0
78031,78031,78100,69,0
78031,78031,78100,69,0
78031,78031,78101,70,0
78031,78031,78101,70,0
78031,78031,78101,70,0
78031,78031,78102,71,0
78031,78031,78102,71,0
78031,78031,78102,71,0
78031,78031,78102,71,0
78031,78031,78102,71,0
78031,78031,78102,71,0
78031,78031,78103,72,0
78031,78031,78103,72,0
78031,78031,78103,72,0
78031,78031,78104,73,0
78031,78031,78104,73,0
78031,78031,78104,73,0
78031,78031,78105,74,0
78031,78031,78105,74,0
78031,78031,78105,74,0
78031,78031,78105,74,0
78031,78031,78105,74,0
78031,78031,78106,75,0
78031,78031,78106,75,0
78031,78031,78106,75,0
78031,78031,78106,75,0
78031,78031,78107,76,0
78031,78031,78107,76,0
78031,78031,78107,76,0
78031,78031,78107,76,0
78031,78031,78107,76,0
78031,78031,78108,77,0
78031,78031,78109,78,0
78031,78031,78109,78,0
78031,78031,78109,78,0
78031,78031,78111,80,0
78031,78031,78112,81,0
78031,78031,78112,81,0
78031,78031,78115,84,0
78031,78031,78116,85,0
78031,78031,78116,85,0
78031,78031,78119,88,0
78031,78103,78125,22,72
78031,78103,78126,23,72
78031,78104,78127,23,73
78031,78103,78132,29,72
78031,78104,78133,29,73
78031,78103,78133,30,72
78031,78102,78134,32,71
78031,78106,78135,29,75
78031,78105,78136,31,74
78031,78107,78136,29,76
78031,78106,78137,31,75
78031,78103,78137,34,72
78031,78106,78137,31,75
78031,78106,78138,32,75
78031,78103,78140,37,72
78031,78105,78141,36,74
78031,78105,78141,36,74
78031,78106,78141,35,75
78031,78106,78147,41,75
78031,78108,78147,39,77
78031,78107,78149,42,76
78031,78108,78150,42,77
78031,78086,78152,66,55
78031,78108,78151,43,77
78031,78107,78152,45,76
78031,78109,78153,44,78
78031,78101,78153,52,70
78031,78102,78154,52,71
78031,78110,78156,46,79
78031,78108,78157,49,77
78031,78090,78157,67,59
78031,78109,78157,48,78
78031,78090,78158,68,59
78031,78090,78160,70,59
78031,78087,78160,73,56
78031,78098,78162,64,67
78031,78096,78163,67,65
78031,78095,78163,68,64
78031,78098,78164,66,67
78031,78093,78163,70,62
78031,78096,78165,69,65
78031,78093,78166,73,62
78031,78087,78165,78,56
78031,78101,78166,65,70
78031,78093,78167,74,62
78031,78092,78167,75,61
78031,78101,78166,65,70
78031,78108,78167,59,77
78031,78098,78167,69,67
78031,78097,78168,71,66
78031,78089,78168,79,58
78031,78117,78168,51,86
78031,78097,78168,71,66
78031,78099,78168,69,68
78031,78090,78169,79,59
78031,78097,78170,73,66
78031,78098,78171,73,67
78031,78100,78171,71,69
78031,78117,78171,54,86
78031,78098,78171,73,67
78031,78092,78172,80,61
78031,78093,78171,78,62
78031,78099,78172,73,68
78031,78095,78172,77,64
78031,78093,78173,80,62
78031,78113,78174,61,82
78031,78113,78174,61,82
78031,78128,78174,46,97
78031,78100,78175,75,69
78031,78100,78174,74,69
78031,78098,78175,77,67
78031,78112,78175,63,81
78031,78098,78176,78,67
78031,78099,78177,78,68
78031,78095,78176,81,64
78031,78110,78177,67,79
78031,78099,78178,79,68
78031,78100,78178,78,69
78031,78100,78179,79,69
78031,78120,78178,58,89
78031,78127,78184,57,96
78031,78115,78185,70,84
78031,78126,78186,60,95
78031,78136,78191,55,105
78031,78134,78195,61,103
78031,78142,78197,55,111
78031,78139,78197,58,108
78031,78134,78200,66,103
78031,78133,78201,68,102
78031,78137,78206,69,106
78031,78137,78207,70,106
78031,78135,78208,73,104
78031,78141,78211,70,110
78031,78152,78212,60,121
78031,78137,78213,76,106
78031,78152,78214,62,121
78031,78138,78215,77,107
78031,78138,78216,78,107
78031,78142,78218,76,111
78031,78164,78219,55,133
78031,78147,78220,73,116
78031,78157,78220,63,126
78031,78153,78225,72,122
78031,78141,78224,83,110
78031,78154,78226,72,123
78031,78148,78225,77,117
78031,78162,78225,63,131
78031,78153,78227,74,122
78031,78151,78228,77,120
78031,78150,78228,78,119
78031,78158,78229,71,127
78031,78158,78231,73,127
78031,78160,78232,72,129
78031,78155,78233,78,124
78031,78163,78233,70,132
78031,78164,78233,69,133
78031,78158,78233,75,127
78031,78161,78234,73,130
78031,78157,78237,80,126
78253,78253,78303,50,0
78253,78253,78311,58,0
78253,78253,78312,59,0
78253,78253,78312,59,0
78253,78253,78314,61,0
78253,78253,78316,63,0
78253,78253,78317,64,0
78253,78253,78317,64,0
78253,78253,78317,64,0
78253,78253,78317,64,0
78253,78253,78317,64,0
78253,78253,78318,65,0
78253,78253,78319,66,0
78253,78253,78320,67,0
78253,78253,78321,68,0
78253,78253,78321,68,0
78253,78253,78322,69,0
78253,78253,78322,69,0
78253,78253,78321,68,0
78253,78253,78321,68,0
78253,78253,78321,68,0
78253,78253,78322,69,0
78253,78253,78322,69,0
78253,78253,78323,70,0
78253,78253,78322,69,0
78253,78253,78323,70,0
78253,78253,78323,70,0
78253,78253,78324,71,0
78253,78253,78324,71,0
78253,78253,78323,70,0
78253,78253,78325,72,0
78253,78253,78325,72,0
78253,78253,78324,71,0
78253,78253,78324,71,0
78253,78253,78325,72,0
78253,78253,78326,73,0
78253,78253,78326,73,0
78253,78253,78327,74,0
78253,78253,78326,73,0
78253,78253,78327,74,0
78253,78253,78328,75,0
78253,78253,78327,74,0
78253,78253,78329,76,0
78253,78253,78331,78,0
78253,78253,78331,78,0
78253,78253,78331,78,0
78253,78253,78333,80,0
78253,78253,78335,82,0
78253,78253,78335,82,0
78253,78253,78338,85,0
78253,78253,78338,85,0
78345,78345,78399,54,0
78345,78345,78401,56,0
78345,78345,78403,58,0
78345,78345,78405,60,0
78345,78345,78405,60,0
78345,78345,78407,62,0
78345,78345,78407,62,0
78345,78345,78407,62,0
78345,78345,78407,62,0
78345,78345,78408,63,0
78345,78345,78408,63,0
78345,78345,78408,63,0
78345,78345,78409,64,0
78345,78345,78409,64,0
78345,78345,78410,65,0
78345,78345,78411,66,0
78345,78345,78411,66,0
78345,78345,78411,66,0
78345,78345,78412,67,0
78345,78345,78412,67,0
78345,78345,78412,67,0
78345,78345,78412,67,0
78345,78345,78413,68,0
78345,78345,78414,69,0
78345,78345,78413,68,0
78345,78345,78414,69,0
78345,78345,78413,68,0
78345,78345,78414,69,0
78345,78345,78414,69,0
78345,78345,78416,71,0
78345,78345,78416,71,0
78345,78345,78416,71,0
78345,78345,78416,71,0
78345,78345,78417,72,0
78345,78345,78416,71,0
78345,78345,78416,71,0
78345,78345,78416,71,0
78345,78345,78416,71,0
78345,78345,78416,71,0
78345,78345,78417,72,0
78345,78345,78418,73,0
78345,78345,78418,73,0
78345,78345,78417,72,0
78345,78345,78417,72,0
78345,78345,78418,73,0
78345,78345,78418,73,0
78345,78345,78418,73,0
78345,78345,78418,73,0
78345,78345,78418,73,0
78345,78345,78418,73,0
78345,78345,78420,75,0
78345,78345,78419,74,0
78345,78345,78419,74,0
78345,78345,78419,74,0
78345,78345,78420,75,0
78345,78345,78420,75,0
78345,78345,78419,74,0
78345,78345,78419,74,0
78345,78345,78420,75,0
78345,78345,78420,75,0
78345,78345,78421,76,0
78345,78345,78420,75,0
78345,78345,78420,75,0
78345,78345,78421,76,0
78345,78345,78422,77,0
78345,78345,78422,77,0
78345,78345,78423,78,0
78345,78345,78422,77,0
78345,78345,78422,77,0
78345,78345,78424,79,0
78345,78345,78423,78,0
78345,78345,78423,78,0
78345,78345,78425,80,0
78345,78345,78424,79,0
78345,78345,78425,80,0
78345,78345,78426,81,0
78345,78345,78426,81,0
78345,78345,78427,82,0
78345,78345,78428,83,0
78345,78345,78428,83,0
78345,78420,78443,23,75
78345,78419,78446,27,74
78345,78420,78446,26,75
78345,78419,78448,29,74
78345,78419,78447,28,74
78345,78420,78449,29,75
78345,78419,78450,31,74
78345,78421,78452,31,76
78345,78420,78452,32,75
78345,78419,78452,33,74
78345,78420,78454,34,75
78345,78420,78454,34,75
78345,78420,78455,35,75
78345,78420,78456,36,75
78345,78423,78457,34,78
78345,78421,78457,36,76
78345,78420,78458,38,75
78345,78421,78460,39,76
78345,78419,78460,41,74
78345,78421,78461,40,76
78345,78421,78463,42,76
78345,78422,78463,41,77
78345,78418,78464,46,73
78345,78423,78466,43,78
78345,78408,78469,61,63
78345,78424,78468,44,79
78345,78422,78471,49,77
78345,78406,78471,65,61
78345,78402,78472,70,57
78345,78400,78472,72,55
78345,78404,78475,71,59
78345,78424,78475,51,79
78345,78416,78476,60,71
78345,78418,78477,59,73
78345,78408,78477,69,63
78345,78418,78478,60,73
78345,78413,78478,65,68
78345,78413,78478,65,68
78345,78427,78479,52,82
78345,78423,78479,56,78
78345,78414,78480,66,69
78345,78424,78480,56,79
78345,78416,78481,65,71
78345,78406,78481,75,61
78345,78408,78481,73,63
78345,78413,78481,68,68
78345,78417,78481,64,72
78345,78413,78480,67,68
78345,78411,78481,70,66
78345,78414,78483,69,69
78345,78408,78483,75,63
78345,78409,78484,75,64
78345,78414,78483,69,69
78345,78418,78484,66,73
78345,78417,78483,66,72
78345,78427,78485,58,82
78345,78427,78485,58,82
78345,78412,78485,73,67
78345,78417,78485,68,72
78345,78413,78486,73,68
78345,78417,78486,69,72
78345,78417,78485,68,72
78345,78409,78486,77,64
78345,78412,78487,75,67
78345,78426,78487,61,81
78345,78410,78487,77,65
78345,78429,78487,58,84
78345,78410,78488,78,65
78345,78409,78488,79,64
78345,78415,78487,72,70
78345,78416,78489,73,71
78345,78425,78489,64,80
78345,78418,78489,71,73
78345,78417,78490,73,72
78345,78417,78491,74,72
78345,78412,78493,81,67
78345,78414,78493,79,69
78345,78415,78493,78,70
78345,78429,78494,65,84
78345,78425,78498,73,80
78345,78448,78499,51,103
78345,78448,78509,61,103
78345,78453,78510,57,108
78345,78453,78511,58,108
78345,78444,78514,70,99
78345,78446,78513,67,101
78345,78456,78516,60,111
78345,78452,78516,64,107
78345,78446,78518,72,101
78345,78458,78517,59,113
78345,78449,78517,68,104
78345,78457,78519,62,112
78345,78460,78521,61,115
78345,78454,78522,68,109
78345,78463,78522,59,118
78345,78457,78523,66,112
78345,78451,78526,75,106
78345,78458,78531,73,113
78345,78460,78534,74,115
78345,78472,78534,62,127
78345,78463,78535,72,118
78345,78454,78535,81,109
78345,78469,78537,68,124
78345,78472,78537,65,127
78345,78462,78537,75,117
78345,78471,78537,66,126
78345,78477,78539,62,132
78345,78469,78539,70,124
78345,78479,78541,62,134
78345,78475,78541,66,130
78345,78476,78542,66,131
78345,78466,78542,76,121
78345,78479,78544,65,134
78345,78464,78545,81,119
78345,78473,78549,76,128
78345,78475,78550,75,130
78345,78479,78552,73,134
78345,78478,78553,75,133
78345,78477,78553,76,132
78568,78568,78625,57,0
78568,78568,78626,58,0
78568,78568,78627,59,0
78568,78568,78627,59,0
78568,78569,78628,59,1
78568,78568,78629,61,0
78568,78568,78630,62,0
78568,78568,78631,63,0
78568,78568,78631,63,0
78568,78568,78634,66,0
78568,78568,78633,65,0
78568,78568,78633,65,0
78568,78568,78633,65,0
78568,78568,78634,66,0
78568,78568,78633,65,0
78568,78568,78634,66,0
78568,78568,78634,66,0
78568,78568,78634,66,0
78568,78568,78635,67,0
78568,78568,78635,67,0
78568,78569,78637,68,1
78568,78568,78637,69,0
78568,78569,78637,68,1
78568,78568,78637,69,0
78568,78568,78638,70,0
78568,78568,78638,70,0
78568,78568,78638,70,0
78568,78569,78638,69,1
78568,78568,78638,70,0
78568,78568,78638,70,0
78568,78568,78639,71,0
78568,78568,78639,71,0
78568,78568,78640,72,0
78568,78569,78640,71,1
78568,78568,78640,72,0
78568,78568,78641,73,0
78568,78568,78641,73,0
78568,78568,78642,74,0
78568,78568,78642,74,0
78568,78568,78643,75,0
78568,78569,78643,74,1
78568,78568,78645,77,0
78568,78569,78645,76,1
78568,78568,78645,77,0
78568,78568,78646,78,0
78568,78568,78647,79,0
78568,78568,78648,80,0
78568,78568,78648,80,0
78568,78568,78649,81,0
78568,78569,78652,83,1
78568,78568,78653,85,0
78660,78660,78714,54,0
78660,78660,78717,57,0
78660,78660,78718,58,0
78660,78660,78719,59,0
78660,78660,78719,59,0
78660,78660,78720,60,0
78660,78660,78720,60,0
78660,78660,78721,61,0
78660,78660,78722,62,0
78660,78660,78722,62,0
78660,78660,78723,63,0
78660,78660,78723,63,0
78660,78660,78723,63,0
78660,78660,78724,64,0
78660,78660,78725,65,0
78660,78660,78725,65,0
78660,78660,78726,66,0
78660,78660,78726,66,0
78660,78660,78727,67,0
78660,78660,78727,67,0
78660,78660,78726,66,0
78660,78660,78727,67,0
78660,78660,78727,67,0
78660,78660,78728,68,0
78660,78660,78727,67,0
78660,78660,78728,68,0
78660,78660,78728,68,0
78660,78660,78729,69,0
78660,78660,78729,69,0
78660,78660,78729,69,0
78660,78660,78730,70,0
78660,78660,78729,69,0
78660,78660,78730,70,0
78660,78660,78731,71,0
78660,78660,78731,71,0
78660,78660,78731,71,0
78660,78660,78731,71,0
78660,78660,78731,71,0
78660,78660,78731,71,0
78660,78660,78731,71,0
78660,78660,78732,72,0
78660,78660,78732,72,0
78660,78660,78732,72,0
78660,78660,78731,71,0
78660,78660,78732,72,0
78660,78660,78732,72,0
78660,78660,78733,73,0
78660,78660,78733,73,0
78660,78660,78733,73,0
78660,78660,78734,74,0
78660,78660,78734,74,0
78660,78660,78734,74,0
78660,78660,78734,74,0
78660,78660,78734,74,0
78660,78660,78734,74,0
78660,78660,78734,74,0
78660,78660,78735,75,0
78660,78660,78735,75,0
78660,78660,78735,75,0
78660,78660,78736,76,0
78660,78660,78736,76,0
78660,78660,78736,76,0
78660,78660,78736,76,0
78660,78660,78736,76,0
78660,78660,78738,78,0
78660,78660,78738,78,0
78660,78660,78739,79,0
78660,78660,78739,79,0
78660,78660,78739,79,0
78660,78660,78739,79,0
78660,78660,78739,79,0
78660,78660,78740,80,0
78660,78660,78739,79,0
78660,78660,78741,81,0
78660,78660,78741,81,0
78660,78660,78742,82,0
78660,78660,78742,82,0
78660,78660,78744,84,0
78660,78660,78745,85,0
78660,78660,78745,85,0
78660,78732,78760,28,72
78660,78735,78763,28,75
78660,78734,78763,29,74
78660,78735,78764,29,75
78660,78736,78764,28,76
78660,78734,78764,30,74
78660,78735,78765,30,75
78660,78735,78766,31,75
78660,78735,78766,31,75
78660,78734,78767,33,74
78660,78734,78768,34,74
78660,78736,78769,33,76
78660,78732,78769,37,72
78660,78735,78770,35,75
78660,78732,78771,39,72
78660,78736,78773,37,76
78660,78736,78773,37,76
78660,78735,78776,41,75
78660,78727,78776,49,67
78660,78737,78777,40,77
78660,78727,78779,52,67
78660,78738,78780,42,78
78660,78737,78782,45,77
78660,78727,78785,58,67
78660,78728,78784,56,68
78660,78728,78787,59,68
78660,78739,78786,47,79
78660,78727,78788,61,67
78660,78732,78787,55,72
78660,78719,78788,69,59
78660,78742,78788,46,82
78660,78739,78790,51,79
78660,78725,78790,65,65
78660,78726,78790,64,66
78660,78723,78790,67,63
78660,78725,78792,67,65
78660,78741,78791,50,81
78660,78740,78791,51,80
78660,78723,78791,68,63
78660,78722,78791,69,62
78660,78717,78792,75,57
78660,78719,78792,73,59
78660,78740,78792,52,80
78660,78730,78792,62,70
78660,78740,78793,53,80
78660,78719,78793,74,59
78660,78722,78794,72,62
78660,78730,78794,64,70
78660,78720,78793,73,60
78660,78714,78794,80,54
78660,78732,78795,63,72
78660,78732,78795,63,72
78660,78729,78797,68,69
78660,78720,78796,76,60
78660,78728,78798,70,68
78660,78724,78798,74,64
78660,78728,78798,70,68
78660,78743,78799,56,83
78660,78731,78799,68,71
78660,78740,78798,58,80
78660,78731,78799,68,71
78660,78732,78800,68,72
78660,78722,78800,78,62
78660,78731,78800,69,71
78660,78731,78800,69,71
78660,78730,78801,71,70
78660,78728,78801,73,68
78660,78729,78802,73,69
78660,78731,78804,73,71
78660,78723,78805,82,63
78660,78730,78805,75,70
78660,78726,78806,80,66
78660,78731,78806,75,71
78660,78740,78806,66,80
78660,78743,78807,64,83
78660,78741,78811,70,81
78660,78746,78810,64,86
78660,78742,78811,69,82
78660,78745,78811,66,85
78660,78764,78811,47,104
78660,78746,78816,70,86
78660,78765,78820,55,105
78660,78761,78821,60,101
78660,78768,78823,55,108
78660,78765,78827,62,105
78660,78777,78827,50,117
78660,78767,78827,60,107
78660,78765,78828,63,105
78660,78766,78830,64,106
78660,78764,78830,66,104
78660,78774,78831,57,114
78660,78778,78832,54,118
78660,78770,78834,64,110
78660,78777,78834,57,117
78660,78770,78835,65,110
78660,78770,78837,67,110
78660,78785,78838,53,125
78660,78769,78840,71,109
78660,78767,78841,74,107
78660,78773,78843,70,113
78660,78791,78843,52,131
78660,78771,78846,75,111
78660,78787,78848,61,127
78660,78788,78852,64,128
78660,78780,78852,72,120
78660,78787,78855,68,127
78660,78781,78856,75,121
78660,78792,78858,66,132
78660,78789,78860,71,129
78660,78785,78861,76,125
78660,78792,78861,69,132
78660,78792,78861,69,132
78660,78791,78862,71,131
78660,78788,78863,75,128
78660,78783,78864,81,123
78660,78790,78864,74,130
78660,78791,78865,74,131
78660,78792,78868,76,132
78660,78789,78867,78,129
78883,78883,78934,51,0
78883,78883,78935,52,0
78883,78883,78937,54,0
78883,78883,78941,58,0
78883,78883,78940,57,0
78883,78883,78941,58,0
78883,78883,78941,58,0
78883,78883,78942,59,0
78883,78883,78942,59,0
78883,78883,78943,60,0
78883,78883,78944,61,0
78883,78883,78944,61,0
78883,78883,78945,62,0
78883,78883,78947,64,0
78883,78883,78947,64,0
78883,78883,78946,63,0
78883,78883,78947,64,0
78883,78883,78949,66,0
78883,78883,78950,67,0
78883,78883,78950,67,0
78883,78883,78950,67,0
78883,78883,78951,68,0
78883,78883,78952,69,0
78883,78883,78952,69,0
78883,78883,78952,69,0
78883,78883,78953,70,0
78883,78883,78955,72,0
78883,78883,78955,72,0
78883,78883,78955,72,0
78883,78883,78954,71,0
78883,78883,78955,72,0
78883,78883,78957,74,0
78883,78883,78957,74,0
78883,78883,78957,74,0
78883,78883,78957,74,0
78883,78883,78958,75,0
78883,78883,78958,75,0
78883,78883,78958,75,0
78883,78883,78959,76,0
78883,78883,78959,76,0
78883,78883,78959,76,0
78883,78883,78959,76,0
78883,78883,78959,76,0
78883,78883,78959,76,0
78883,78883,78961,78,0
78883,78883,78962,79,0
78883,78883,78962,79,0
78883,78883,78963,80,0
78883,78883,78964,81,0
78883,78883,78964,81,0
78883,78883,78964,81,0
78970,78971,79025,54,1
78970,78970,79026,56,0
78970,78971,79027,56,1
78970,78970,79027,57,0
78970,78971,79027,56,1
78970,78970,79028,58,0
78970,78971,79030,59,1
78970,78971,79030,59,1
78970,78970,79031,61,0
78970,78970,79031,61,0
78970,78971,79031,60,1
78970,78970,79031,61,0
78970,78971,79032,61,1
78970,78971,79032,61,1
78970,78971,79033,62,1
78970,78970,79033,63,0
78970,78971,79034,63,1
78970,78970,79034,64,0
78970,78970,79034,64,0
78970,78970,79034,64,0
78970,78971,79035,64,1
78970,78971,79035,64,1
78970,78970,79036,66,0
78970,78970,79036,66,0
78970,78970,79036,66,0
78970,78970,79037,67,0
78970,78971,79036,65,1
78970,78970,79036,66,0
78970,78970,79037,67,0
78970,78971,79038,67,1
78970,78970,79039,69,0
78970,78970,79039,69,0
78970,78971,79039,68,1
78970,78971,79039,68,1
78970,78970,79039,69,0
78970,78970,79040,70,0
78970,78971,79041,70,1
78970,78970,79040,70,0
78970,78971,79041,70,1
78970,78970,79041,71,0
78970,78970,79041,71,0
78970,78970,79041,71,0
78970,78971,79042,71,1
78970,78971,79042,71,1
78970,78970,79042,72,0
78970,78970,79042,72,0
78970,78971,79041,70,1
78970,78970,79043,73,0
78970,78971,79042,71,1
78970,78971,79043,72,1
78970,78971,79043,72,1
78970,78970,79044,74,0
78970,78971,79044,73,1
78970,78971,79044,73,1
78970,78971,79044,73,1
78970,78971,79044,73,1
78970,78970,79045,75,0
78970,78971,79045,74,1
78970,78971,79045,74,1
78970,78970,79045,75,0
78970,78971,79046,75,1
78970,78971,79046,75,1
78970,78970,79047,77,0
78970,78970,79046,76,0
78970,78970,79047,77,0
78970,78970,79047,77,0
78970,78970,79047,77,0
78970,78971,79048,77,1
78970,78970,79047,77,0
78970,78971,79048,77,1
78970,78970,79049,79,0
78970,78970,79049,79,0
78970,78970,79049,79,0
78970,78970,79049,79,0
78970,78971,79050,79,1
78970,78971,79050,79,1
78970,78970,79052,82,0
78970,78971,79052,81,1
78970,78971,79053,82,1
78970,78970,79055,85,0
78970,79043,79069,26,73
78970,79043,79070,27,73
78970,79046,79072,26,76
78970,79043,79073,30,73
78970,79042,79074,32,72
78970,79044,79075,31,74
78970,79043,79075,32,73
78970,79045,79077,32,75
78970,79046,79078,32,76
78970,79045,79077,32,75
78970,79045,79079,34,75
78970,79042,79079,37,72
78970,79046,79080,34,76
78970,79046,79080,34,76
78970,79046,79081,35,76
78970,79042,79080,38,72
78970,79047,79083,36,77
78970,79045,79084,39,75
78970,79042,79085,43,72
78970,79047,79085,38,77
78970,79047,79086,39,77
78970,79047,79086,39,77
78970,79046,79086,40,76
78970,79036,79087,51,66
78970,79037,79089,52,67
78970,79037,79093,56,67
78970,79036,79095,59,66
78970,79025,79095,70,55
78970,79050,79096,46,80
78970,79048,79096,48,78
78970,79037,79097,60,67
78970,79048,79098,50,78
78970,79035,79098,63,65
78970,79037,79099,62,67
78970,79037,79099,62,67
78970,79034,79099,65,64
78970,79031,79100,69,61
78970,79038,79101,63,68
78970,79034,79101,67,64
78970,79050,79101,51,80
78970,79035,79101,66,65
78970,79028,79101,73,58
78970,79028,79102,74,58
78970,79048,79102,54,78
78970,79042,79102,60,72
78970,79040,79102,62,70
78970,79032,79103,71,62
78970,79050,79102,52,80
78970,79032,79104,72,62
78970,79035,79104,69,65
78970,79037,79104,67,67
78970,79050,79104,54,80
78970,79039,79104,65,69
78970,79051,79104,53,81
78970,79052,79103,51,82
78970,79033,79105,72,63
78970,79041,79105,64,71
78970,79041,79106,65,71
78970,79033,79106,73,63
78970,79042,79105,63,72
78970,79042,79106,64,72
78970,79027,79107,80,57
78970,79039,79107,68,69
78970,79039,79107,68,69
78970,79033,79108,75,63
78970,79048,79108,60,78
78970,79028,79108,80,58
78970,79040,79109,69,70
78970,79042,79109,67,72
78970,79040,79110,70,70
78970,79032,79111,79,62
78970,79029,79112,83,59
78970,79050,79112,62,80
78970,79053,79112,59,83
78970,79054,79113,59,84
78970,79031,79113,82,61
78970,79039,79114,75,69
78970,79042,79116,74,72
78970,79032,79117,85,62
78970,79056,79124,68,86
78970,79074,79126,52,104
78970,79073,79129,56,103
78970,79070,79135,65,100
78970,79075,79135,60,105
78970,79085,79136,51,115
78970,79077,79137,60,107
78970,79079,79137,58,109
78970,79081,79139,58,111
78970,79080,79142,62,110
78970,79078,79143,65,108
78970,79079,79143,64,109
78970,79069,79145,76,99
78970,79074,79145,71,104
78970,79086,79149,63,116
78970,79084,79151,67,114
78970,79098,79152,54,128
78970,79083,79154,71,113
78970,79081,79154,73,111
78970,79089,79154,65,119
78970,79087,79154,67,117
78970,79078,79155,77,108
78970,79075,79155,80,105
78970,79085,79156,71,115
78970,79101,79158,57,131
78970,79093,79159,66,123
78970,79096,79160,64,126
78970,79080,79160,80,110
78970,79086,79161,75,116
78970,79099,79163,64,129
78970,79099,79164,65,129
78970,79100,79165,65,130
78970,79086,79165,79,116
78970,79101,79166,65,131
78970,79098,79167,69,128
78970,79096,79169,73,126
78970,79097,79168,71,127
78970,79095,79171,76,125
78970,79099,79172,73,129
78970,79097,79177,80,127
79222,79222,79271,49,0
79222,79222,79274,52,0
79222,79223,79277,54,1
79222,79223,79280,57,1
79222,79223,79280,57,1
79222,79223,79281,58,1
79222,79222,79281,59,0
79222,79223,79281,58,1
79222,79223,79282,59,1
79222,79222,79282,60,0
79222,79223,79282,59,1
79222,79223,79283,60,1
79222,79222,79283,61,0
79222,79223,79283,60,1
79222,79222,79285,63,0
79222,79223,79284,61,1
79222,79223,79285,62,1
79222,79223,79285,62,1
79222,79223,79285,62,1
79222,79223,79285,62,1
79222,79223,79286,63,1
79222,79223,79286,63,1
79222,79223,79286,63,1
79222,79223,79288,65,1
79222,79223,79289,66,1
79222,79222,79289,67,0
79222,79223,79289,66,1
79222,79222,79290,68,0
79222,79223,79290,67,1
79222,79222,79290,68,0
79222,79223,79290,67,1
79222,79223,79290,67,1
79222,79222,79291,69,0
79222,79223,79291,68,1
79222,79223,79291,68,1
79222,79223,79293,70,1
79222,79223,79294,71,1
79222,79222,79294,72,0
79222,79223,79294,71,1
79222,79223,79294,71,1
79222,79222,79295,73,0
79222,79222,79296,74,0
79222,79223,79297,74,1
79222,79223,79297,74,1
79222,79223,79297,74,1
79222,79222,79297,75,0
79222,79223,79298,75,1
79222,79223,79298,75,1
79222,79223,79298,75,1
79222,79222,79301,79,0
79222,79222,79306,84,0
79312,79313,79358,45,1
79312,79313,79363,50,1
79312,79313,79367,54,1
79312,79313,79368,55,1
79312,79313,79369,56,1
79312,79313,79369,56,1
79312,79313,79369,56,1
79312,79313,79370,57,1
79312,79313,79372,59,1
79312,79313,79372,59,1
79312,79313,79372,59,1
79312,79313,79372,59,1
79312,79313,79372,59,1
79312,79313,79373,60,1
79312,79313,79375,62,1
79312,79313,79374,61,1
79312,79313,79374,61,1
79312,79313,79375,62,1
79312,79313,79375,62,1
79312,79313,79375,62,1
79312,79313,79377,64,1
79312,79313,79377,64,1
79312,79313,79378,65,1
79312,79313,79378,65,1
79312,79313,79378,65,1
79312,79313,79380,67,1
79312,79313,79379,66,1
79312,79313,79381,68,1
79312,79313,79380,67,1
79312,79313,79381,68,1
79312,79313,79381,68,1
79312,79313,79380,67,1
79312,79313,79380,67,1
79312,79313,79380,67,1
79312,79313,79381,68,1
79312,79313,79381,68,1
79312,79313,79381,68,1
79312,79313,79382,69,1
79312,79313,79382,69,1
79312,79313,79383,70,1
79312,79313,79382,69,1
79312,79313,79383,70,1
79312,79313,79384,71,1
79312,79313,79385,72,1
79312,79313,79384,71,1
79312,79313,79386,73,1
79312,79313,79386,73,1
79312,79313,79386,73,1
79312,79313,79385,72,1
79312,79313,79387,74,1
79312,79313,79387,74,1
79312,79313,79387,74,1
79312,79313,79388,75,1
79312,79313,79388,75,1
79312,79313,79388,75,1
79312,79313,79388,75,1
79312,79313,79389,76,1
79312,79313,79388,75,1
79312,79313,79390,77,1
79312,79313,79390,77,1
79312,79313,79390,77,1
79312,79313,79390,77,1
79312,79313,79389,76,1
79312,79313,79389,76,1
79312,79313,79389,76,1
79312,79313,79390,77,1
79312,79313,79389,76,1
79312,79313,79391,78,1
79312,79313,79391,78,1
79312,79313,79391,78,1
79312,79313,79392,79,1
79312,79313,79392,79,1
79312,79313,79393,80,1
79312,79313,79394,81,1
79312,79313,79394,81,1
79312,79313,79394,81,1
79312,79313,79395,82,1
79312,79313,79396,83,1
79312,79313,79396,83,1
79312,79313,79396,83,1
79312,79387,79416,29,75
79312,79388,79418,30,76
79312,79387,79417,30,75
79312,79385,79419,34,73
79312,79386,79419,33,74
79312,79386,79420,34,74
79312,79386,79420,34,74
79312,79387,79421,34,75
79312,79386,79421,35,74
79312,79388,79421,33,76
79312,79388,79420,32,76
79312,79389,79423,34,77
79312,79376,79423,47,64
79312,79390,79425,35,78
79312,79390,79425,35,78
79312,79359,79425,66,47
79312,79390,79426,36,78
79312,79390,79426,36,78
79312,79389,79425,36,77
79312,79390,79426,36,78
79312,79385,79427,42,73
79312,79390,79428,38,78
79312,79377,79430,53,65
79312,79388,79430,42,76
79312,79376,79431,55,64
79312,79378,79433,55,66
79312,79372,79433,61,60
79312,79375,79434,59,63
79312,79390,79436,46,78
79312,79375,79437,62,63
79312,79376,79438,62,64
79312,79364,79438,74,52
79312,79373,79439,66,61
79312,79378,79439,61,66
79312,79375,79439,64,63
79312,79391,79439,48,79
79312,79370,79439,69,58
79312,79381,79439,58,69
79312,79385,79440,55,73
79312,79390,79440,50,78
79312,79369,79441,72,57
79312,79373,79441,68,61
79312,79381,79441,60,69
79312,79380,79442,62,68
79312,79395,79441,46,83
79312,79390,79442,52,78
79312,79367,79442,75,55
79312,79383,79442,59,71
79312,79370,79443,73,58
79312,79379,79443,64,67
79312,79383,79443,60,71
79312,79394,79444,50,82
79312,79382,79445,63,70
79312,79371,79445,74,59
79312,79391,79445,54,79
79312,79381,79445,64,69
79312,79381,79445,64,69
79312,79395,79446,51,83
79312,79392,79446,54,80
79312,79394,79446,52,82
79312,79382,79447,65,70
79312,79378,79447,69,66
79312,79381,79447,66,69
79312,79380,79448,68,68
79312,79370,79448,78,58
79312,79374,79449,75,62
79312,79373,79452,79,61
79312,79381,79452,71,69
79312,79382,79453,71,70
79312,79396,79453,57,84
79312,79384,79454,70,72
79312,79383,79454,71,71
79312,79373,79454,81,61
79312,79382,79454,72,70
79312,79393,79455,62,81
79312,79397,79456,59,85
79312,79392,79455,63,80
79312,79381,79457,76,69
79312,79396,79461,65,84
79312,79391,79465,74,79
79312,79418,79472,54,106
79312,79416,79473,57,104
79312,79420,79475,55,108
79312,79423,79477,54,111
79312,79420,79477,57,108
79312,79421,79478,57,109
79312,79425,79479,54,113
79312,79421,79480,59,109
79312,79419,79481,62,107
79312,79426,79484,58,114
79312,79421,79485,64,109
79312,79426,79485,59,114
79312,79419,79485,66,107
79312,79423,79485,62,111
79312,79426,79487,61,114
79312,79421,79488,67,109
79312,79418,79488,70,106
79312,79425,79489,64,113
79312,79427,79490,63,115
79312,79439,79494,55,127
79312,79425,79494,69,113
79312,79431,79495,64,119
79312,79433,79496,63,121
79312,79440,79495,55,128
79312,79426,79496,70,114
79312,79440,79498,58,128
79312,79438,79497,59,126
79312,79433,79501,68,121
79312,79440,79501,61,128
79312,79428,79502,74,116
79312,79430,79503,73,118
79312,79430,79503,73,118
79312,79438,79506,68,126
79312,79439,79508,69,127
79312,79440,79508,68,128
79312,79437,79508,71,125
79312,79434,79509,75,122
79312,79437,79510,73,125
79312,79441,79513,72,129
79529,79529,79579,50,0
79529,79529,79585,56,0
79529,79529,79585,56,0
79529,79529,79586,57,0
79529,79529,79586,57,0
79529,79529,79587,58,0
79529,79529,79587,58,0
79529,79529,79588,59,0
79529,79529,79589,60,0
79529,79529,79590,61,0
79529,79529,79592,63,0
79529,79529,79593,64,0
79529,79529,79593,64,0
79529,79529,79592,63,0
79529,79529,79593,64,0
79529,79529,79594,65,0
79529,79529,79594,65,0
79529,79529,79595,66,0
79529,79529,79594,65,0
79529,79529,79595,66,0
79529,79529,79596,67,0
79529,79529,79595,66,0
79529,79529,79596,67,0
79529,79529,79595,66,0
79529,79529,79597,68,0
79529,79529,79597,68,0
79529,79529,79596,67,0
79529,79529,79597,68,0
79529,79529,79598,69,0
79529,79529,79598,69,0
79529,79529,79598,69,0
79529,79529,79598,69,0
79529,79529,79599,70,0
79529,79529,79599,70,0
79529,79529,79600,71,0
79529,79529,79599,70,0
79529,79529,79600,71,0
79529,79529,79599,70,0
79529,79529,79599,70,0
79529,79529,79601,72,0
79529,79529,79601,72,0
79529,79529,79602,73,0
79529,79529,79604,75,0
79529,79529,79603,74,0
79529,79529,79604,75,0
79529,79529,79603,74,0
79529,79529,79603,74,0
79529,79529,79605,76,0
79529,79529,79605,76,0
79529,79529,79607,78,0
79529,79529,79611,82,0
79617,79617,79670,53,0
79617,79617,79670,53,0
79617,79617,79677,60,0
79617,79617,79678,61,0
79617,79617,79678,61,0
79617,79617,79680,63,0
79617,79617,79681,64,0
79617,79617,79680,63,0
79617,79617,79680,63,0
79617,79617,79680,63,0
79617,79617,79682,65,0
79617,79617,79682,65,0
79617,79617,79682,65,0
79617,79617,79683,66,0
79617,79617,79683,66,0
79617,79617,79683,66,0
79617,79617,79684,67,0
79617,79617,79684,67,0
79617,79617,79685,68,0
79617,79617,79684,67,0
79617,79618,79684,66,1
79617,79617,79685,68,0
79617,79617,79684,67,0
79617,79617,79684,67,0
79617,79617,79685,68,0
79617,79617,79687,70,0
79617,79617,79686,69,0
79617,79617,79686,69,0
79617,79617,79688,71,0
79617,79617,79687,70,0
79617,79617,79687,70,0
79617,79617,79688,71,0
79617,79617,79689,72,0
79617,79617,79688,71,0
79617,79617,79688,71,0
79617,79617,79689,72,0
79617,79617,79688,71,0
79617,79617,79689,72,0
79617,79618,79689,71,1
79617,79617,79688,71,0
79617,79617,79688,71,0
79617,79618,79689,71,1
79617,79618,79690,72,1
79617,79618,79691,73,1
79617,79618,79690,72,1
79617,79617,79690,73,0
79617,79617,79691,74,0
79617,79617,79691,74,0
79617,79617,79691,74,0
79617,79617,79691,74,0
79617,79617,79692,75,0
79617,79617,79691,74,0
79617,79617,79692,75,0
79617,79617,79691,74,0
79617,79618,79691,73,1
79617,79617,79692,75,0
79617,79617,79691,74,0
79617,79617,79692,75,0
79617,79617,79693,76,0
79617,79617,79693,76,0
79617,79617,79692,75,0
79617,79617,79693,76,0
79617,79617,79693,76,0
79617,79617,79694,77,0
79617,79617,79694,77,0
79617,79617,79694,77,0
79617,79617,79694,77,0
79617,79618,79694,76,1
79617,79617,79695,78,0
79617,79617,79696,79,0
79617,79617,79697,80,0
79617,79617,79696,79,0
79617,79617,79697,80,0
79617,79617,79697,80,0
79617,79618,79697,79,1
79617,79617,79698,81,0
79617,79617,79699,82,0
79617,79617,79699,82,0
79617,79617,79700,83,0
79617,79617,79703,86,0
79617,79691,79717,26,74
79617,79692,79719,27,75
79617,79691,79720,29,74
79617,79691,79720,29,74
79617,79691,79721,30,74
79617,79693,79723,30,76
79617,79693,79723,30,76
79617,79693,79723,30,76
79617,79691,79724,33,74
79617,79692,79725,33,75
79617,79693,79726,33,76
79617,79692,79727,35,75
79617,79692,79727,35,75
79617,79691,79727,36,74
79617,79692,79727,35,75
79617,79692,79728,36,75
79617,79692,79728,36,75
79617,79694,79728,34,77
79617,79691,79735,44,74
79617,79693,79736,43,76
79617,79695,79737,42,78
79617,79698,79738,40,81
79617,79671,79740,69,54
79617,79694,79740,46,77
79617,79685,79740,55,68
79617,79695,79742,47,78
79617,79685,79743,58,68
79617,79685,79743,58,68
79617,79696,79743,47,79
79617,79691,79743,52,74
79617,79697,79744,47,80
79617,79697,79745,48,80
79617,79684,79745,61,67
79617,79679,79745,66,62
79617,79695,79746,51,78
79617,79690,79747,57,73
79617,79685,79747,62,68
79617,79698,79748,50,81
79617,79681,79748,67,64
79617,79684,79748,64,67
79617,79698,79748,50,81
79617,79689,79749,60,72
79617,79688,79750,62,71
79617,79688,79750,62,71
79617,79696,79750,54,79
79617,79684,79750,66,67
79617,79686,79751,65,69
79617,79689,79751,62,72
79617,79689,79752,63,72
79617,79685,79752,67,68
79617,79688,79752,64,71
79617,79698,79753,55,81
79617,79685,79753,68,68
79617,79685,79753,68,68
79617,79671,79752,81,54
79617,79681,79754,73,64
79617,79681,79753,72,64
79617,79682,79753,71,65
79617,79685,79754,69,68
79617,79681,79754,73,64
79617,79689,79753,64,72
79617,79682,79755,73,65
79617,79687,79755,68,70
79617,79699,79756,57,82
79617,79678,79756,78,61
79617,79699,79756,57,82
79617,79689,79756,67,72
79617,79687,79756,69,70
79617,79695,79756,61,78
79617,79689,79756,67,72
79617,79689,79758,69,72
79617,79700,79758,58,83
79617,79687,79759,72,70
79617,79688,79760,72,71
79617,79680,79760,80,63
79617,79703,79760,57,86
79617,79683,79760,77,66
79617,79689,79760,71,72
79617,79689,79760,71,72
79617,79679,79761,82,62
79617,79720,79769,49,103
79617,79727,79772,45,110
79617,79718,79773,55,101
79617,79724,79773,49,107
79617,79721,79783,62,104
79617,79723,79784,61,106
79617,79721,79783,62,104
79617,79721,79784,63,104
79617,79726,79785,59,109
79617,79726,79787,61,109
79617,79723,79787,64,106
79617,79729,79788,59,112
79617,79727,79789,62,110
79617,79728,79789,61,111
79617,79735,79791,56,118
79617,79727,79792,65,110
79617,79726,79793,67,109
79617,79727,79794,67,110
79617,79728,79794,66,111
79617,79737,79798,61,120
79617,79741,79799,58,124
79617,79741,79799,58,124
79617,79748,79799,51,131
79617,79736,79800,64,119
79617,79739,79802,63,122
79617,79743,79805,62,126
79617,79746,79806,60,129
79617,79741,79805,64,124
79617,79746,79806,60,129
79617,79743,79807,64,126
79617,79742,79807,65,125
79617,79745,79807,62,128
79617,79745,79809,64,128
79617,79744,79812,68,127
79617,79749,79814,65,132
79617,79747,79814,67,130
79617,79747,79814,67,130
79617,79746,79814,68,129
79617,79743,79815,72,126
79830,79830,79882,52,0
79830,79830,79883,53,0
79830,79830,79884,54,0
79830,79830,79886,56,0
79830,79830,79890,60,0
79830,79830,79890,60,0
79830,79830,79890,60,0
79830,79830,79891,61,0
79830,79830,79891,61,0
79830,79830,79892,62,0
79830,79830,79893,63,0
79830,79830,79893,63,0
79830,79830,79894,64,0
79830,79830,79893,63,0
79830,79830,79893,63,0
79830,79830,79894,64,0
79830,79830,79896,66,0
79830,79830,79896,66,0
79830,79830,79896,66,0
79830,79830,79896,66,0
79830,79830,79896,66,0
79830,79830,79897,67,0
79830,79830,79897,67,0
79830,79830,79897,67,0
79830,79830,79898,68,0
79830,79830,79898,68,0
79830,79830,79899,69,0
79830,79830,79898,68,0
79830,79830,79899,69,0
79830,79830,79899,69,0
79830,79830,79899,69,0
79830,79830,79899,69,0
79830,79830,79899,69,0
79830,79830,79899,69,0
79830,79830,79900,70,0
79830,79830,79900,70,0
79830,79830,79901,71,0
79830,79830,79902,72,0
79830,79830,79902,72,0
79830,79830,79902,72,0
79830,79830,79902,72,0
79830,79830,79903,73,0
79830,79830,79904,74,0
79830,79830,79905,75,0
79830,79830,79905,75,0
79830,79830,79905,75,0
79830,79830,79907,77,0
79830,79830,79907,77,0
79830,79830,79908,78,0
79830,79830,79908,78,0
79830,79830,79909,79,0
79916,79916,79970,54,0
79916,79916,79973,57,0
79916,79916,79975,59,0
79916,79916,79977,61,0
79916,79916,79978,62,0
79916,79916,79979,63,0
79916,79917,79980,63,1
79916,79917,79981,64,1
79916,79917,79980,63,1
79916,79917,79980,63,1
79916,79917,79980,63,1
79916,79916,79981,65,0
79916,79916,79981,65,0
79916,79916,79981,65,0
79916,79916,79981,65,0
79916,79916,79983,67,0
79916,79916,79982,66,0
79916,79916,79982,66,0
79916,79916,79983,67,0
79916,79917,79984,67,1
79916,79917,79984,67,1
79916,79917,79985,68,1
79916,79916,79986,70,0
79916,79917,79985,68,1
79916,79917,79986,69,1
79916,79917,79986,69,1
79916,79917,79987,70,1
79916,79916,79987,71,0
79916,79917,79987,70,1
79916,79916,79987,71,0
79916,79916,79987,71,0
79916,79917,79988,71,1
79916,79916,79988,72,0
79916,79917,79988,71,1
79916,79917,79988,71,1
79916,79917,79988,71,1
79916,79916,79988,72,0
79916,79917,79989,72,1
79916,79917,79988,71,1
79916,79916,79989,73,0
79916,79917,79988,71,1
79916,79917,79989,72,1
79916,79917,79989,72,1
79916,79917,79989,72,1
79916,79916,79989,73,0
79916,79917,79990,73,1
79916,79917,79990,73,1
79916,79916,79991,75,0
79916,79917,79990,73,1
79916,79917,79990,73,1
79916,79917,79990,73,1
79916,79917,79991,74,1
79916,79917,79992,75,1
79916,79917,79991,74,1
79916,79917,79992,75,1
79916,79916,79991,75,0
79916,79916,79992,76,0
79916,79917,79993,76,1
79916,79917,79993,76,1
79916,79917,79992,75,1
79916,79917,79992,75,1
79916,79917,79994,77,1
79916,79917,79994,77,1
79916,79917,79993,76,1
79916,79916,79994,78,0
79916,79916,79995,79,0
79916,79916,79994,78,0
79916,79916,79995,79,0
79916,79917,79994,77,1
79916,79916,79996,80,0
79916,79917,79995,78,1
79916,79916,79997,81,0
79916,79917,79996,79,1
79916,79917,79997,80,1
79916,79916,79996,80,0
79916,79916,79998,82,0
79916,79916,79999,83,0
79916,79917,80000,83,1
79916,79916,80000,84,0
79916,79917,79999,82,1
79916,79992,80016,24,76
79916,79991,80017,26,75
79916,79992,80022,30,76
79916,79993,80022,29,77
79916,79991,80022,31,75
79916,79993,80022,29,77
79916,79992,80022,30,76
79916,79992,80023,31,76
79916,79990,80024,34,74
79916,79991,80024,33,75
79916,79991,80024,33,75
79916,79991,80024,33,75
79916,79990,80024,34,74
79916,79990,80025,35,74
79916,79992,80026,34,76
79916,79994,80028,34,78
79916,79993,80029,36,77
79916,79994,80029,35,78
79916,79994,80031,37,78
79916,79993,80032,39,77
79916,79990,80033,43,74
79916,79990,80036,46,74
79916,79995,80041,46,79
79916,79997,80042,45,81
79916,79998,80043,45,82
79916,79995,80043,48,79
79916,79995,80043,48,79
79916,79995,80043,48,79
79916,79976,80044,68,60
79916,79995,80044,49,79
79916,79971,80045,74,55
79916,79996,80045,49,80
79916,79997,80045,48,81
79916,80000,80046,46,84
79916,79996,80046,50,80
79916,79999,80046,47,83
79916,79980,80047,67,64
79916,79989,80047,58,73
79916,79978,80049,71,62
79916,79989,80049,60,73
79916,79974,80050,76,58
79916,79980,80051,71,64
79916,79983,80051,68,67
79916,79989,80052,63,73
79916,80000,80054,54,84
79916,79982,80054,72,66
79916,79986,80054,68,70
79916,79997,80054,57,81
79916,79979,80054,75,63
79916,79982,80054,72,66
79916,79981,80055,74,65
79916,79981,80055,74,65
79916,79989,80054,65,73
79916,79983,80055,72,67
79916,79984,80055,71,68
79916,79982,80056,74,66
79916,79989,80055,66,73
79916,79981,80057,76,65
79916,79988,80058,70,72
79916,79997,80058,61,81
79916,79983,80059,76,67
79916,79985,80060,75,69
79916,79987,80060,73,71
79916,80000,80060,60,84
79916,79987,80060,73,71
79916,79984,80061,77,68
79916,79988,80061,73,72
79916,79981,80061,80,65
79916,79982,80061,79,66
79916,79986,80062,76,70
79916,79988,80062,74,72
79916,79989,80062,73,73
79916,79987,80062,75,71
79916,80017,80063,46,101
79916,79986,80065,79,70
79916,79989,80065,76,73
79916,79989,80066,77,73
79916,79988,80068,80,72
79916,79989,80069,80,73
79916,80022,80069,47,106
79916,79984,80069,85,68
79916,79989,80071,82,73
79916,80017,80072,55,101
79916,80023,80075,52,107
79916,80022,80076,54,106
79916,80023,80076,53,107
79916,80022,80077,55,106
79916,80024,80079,55,108
79916,80031,80079,48,115
79916,80026,80080,54,110
79916,80024,80081,57,108
79916,80024,80081,57,108
79916,80024,80083,59,108
79916,80032,80084,52,116
79916,80025,80089,64,109
79916,80028,80090,62,112
79916,80043,80091,48,127
79916,80033,80092,59,117
79916,80037,80093,56,121
79916,80029,80094,65,113
79916,80023,80095,72,107
79916,80029,80096,67,113
79916,80043,80096,53,127
79916,80043,80097,54,127
79916,80024,80098,74,108
79916,80042,80100,58,126
79916,80047,80103,56,131
79916,80049,80109,60,133
79916,80045,80109,64,129
79916,80043,80110,67,127
79916,80045,80111,66,129
79916,80046,80113,67,130
79916,80045,80117,72,129
79916,80042,80116,74,126
79916,80047,80119,72,131
79916,80046,80118,72,130
79916,80046,80119,73,130
79916,80045,80120,75,129
79916,80044,80123,79,128
80138,80138,80186,48,0
80138,80138,80187,49,0
80138,80138,80189,51,0
80138,80138,80190,52,0
80138,80138,80191,53,0
80138,80138,80193,55,0
80138,80138,80194,56,0
80138,80138,80194,56,0
80138,80138,80195,57,0
80138,80138,80195,57,0
80138,80138,80195,57,0
80138,80138,80196,58,0
80138,80138,80197,59,0
80138,80138,80196,58,0
80138,80138,80197,59,0
80138,80138,80198,60,0
80138,80138,80199,61,0
80138,80138,80200,62,0
80138,80138,80202,64,0
80138,80138,80202,64,0
80138,80138,80203,65,0
80138,80138,80203,65,0
80138,80138,80203,65,0
80138,80138,80203,65,0
80138,80138,80205,67,0
80138,80138,80204,66,0
80138,80138,80204,66,0
80138,80138,80204,66,0
80138,80138,80204,66,0
80138,80138,80205,67,0
80138,80138,80205,67,0
80138,80138,80206,68,0
80138,80138,80205,67,0
80138,80138,80205,67,0
80138,80138,80207,69,0
80138,80138,80207,69,0
80138,80138,80207,69,0
80138,80138,80207,69,0
80138,80138,80209,71,0
80138,80138,80210,72,0
80138,80138,80210,72,0
80138,80138,80209,71,0
80138,80138,80210,72,0
80138,80138,80210,72,0
80138,80138,80210,72,0
80138,80138,80211,73,0
80138,80138,80211,73,0
80138,80138,80213,75,0
80138,80138,80213,75,0
80138,80138,80213,75,0
80138,80138,80217,79,0
80224,80224,80280,56,0
80224,80224,80282,58,0
80224,80224,80283,59,0
80224,80224,80285,61,0
80224,80224,80286,62,0
80224,80224,80286,62,0
80224,80224,80285,61,0
80224,80224,80287,63,0
80224,80224,80288,64,0
80224,80224,80287,63,0
80224,80224,80288,64,0
80224,80224,80288,64,0
80224,80224,80288,64,0
80224,80224,80289,65,0
80224,80224,80290,66,0
80224,80224,80290,66,0
80224,80224,80291,67,0
80224,80224,80292,68,0
80224,80224,80292,68,0
80224,80224,80291,67,0
80224,80224,80291,67,0
80224,80224,80292,68,0
80224,80224,80291,67,0
80224,80224,80293,69,0
80224,80224,80293,69,0
80224,80224,80293,69,0
80224,80224,80292,68,0
80224,80224,80292,68,0
80224,80224,80293,69,0
80224,80224,80293,69,0
80224,80224,80294,70,0
80224,80224,80294,70,0
80224,80224,80294,70,0
80224,80224,80293,69,0
80224,80224,80294,70,0
80224,80224,80295,71,0
80224,80224,80294,70,0
80224,80224,80295,71,0
80224,80224,80295,71,0
80224,80224,80295,71,0
80224,80224,80294,70,0
80224,80224,80295,71,0
80224,80224,80295,71,0
80224,80224,80296,72,0
80224,80224,80296,72,0
80224,80224,80296,72,0
80224,80224,80297,73,0
80224,80224,80297,73,0
80224,80224,80297,73,0
80224,80224,80297,73,0
80224,80224,80298,74,0
80224,80224,80298,74,0
80224,80224,80298,74,0
80224,80224,80299,75,0
80224,80224,80298,74,0
80224,80224,80299,75,0
80224,80224,80300,76,0
80224,80224,80300,76,0
80224,80224,80300,76,0
80224,80224,80300,76,0
80224,80224,80301,77,0
80224,80224,80300,76,0
80224,80224,80302,78,0
80224,80224,80302,78,0
80224,80224,80303,79,0
80224,80224,80303,79,0
80224,80224,80303,79,0
80224,80224,80303,79,0
80224,80224,80303,79,0
80224,80224,80304,80,0
80224,80224,80304,80,0
80224,80224,80304,80,0
80224,80224,80304,80,0
80224,80224,80304,80,0
80224,80224,80303,79,0
80224,80224,80304,80,0
80224,80224,80305,81,0
80224,80224,80307,83,0
80224,80224,80307,83,0
80224,80224,80308,84,0
80224,80297,80326,29,73
80224,80299,80326,27,75
80224,80297,80328,31,73
80224,80299,80329,30,75
80224,80297,80329,32,73
80224,80296,80329,33,72
80224,80297,80330,33,73
80224,80300,80330,30,76
80224,80298,80331,33,74
80224,80298,80331,33,74
80224,80297,80331,34,73
80224,80300,80332,32,76
80224,80299,80333,34,75
80224,80301,80335,34,77
80224,80298,80337,39,74
80224,80300,80337,37,76
80224,80300,80338,38,76
80224,80296,80338,42,72
80224,80302,80342,40,78
80224,80301,80342,41,77
80224,80303,80344,41,79
80224,80296,80346,50,72
80224,80295,80348,53,71
80224,80296,80348,52,72
80224,80302,80349,47,78
80224,80303,80349,46,79
80224,80280,80349,69,56
80224,80304,80350,46,80
80224,80304,80351,47,80
80224,80304,80354,50,80
80224,80304,80355,51,80
80224,80288,80355,67,64
80224,80305,80356,51,81
80224,80284,80356,72,60
80224,80304,80356,52,80
80224,80290,80356,66,66
80224,80303,80356,53,79
80224,80295,80358,63,71
80224,80304,80357,53,80
80224,80287,80357,70,63
80224,80304,80358,54,80
80224,80285,80358,73,61
80224,80292,80359,67,68
80224,80295,80360,65,71
80224,80283,80360,77,59
80224,80308,80360,52,84
80224,80288,80360,72,64
80224,80289,80361,72,65
80224,80292,80361,69,68
80224,80303,80361,58,79
80224,80293,80362,69,69
80224,80307,80362,55,83
80224,80286,80362,76,62
80224,80307,80363,56,83
80224,80291,80363,72,67
80224,80293,80363,70,69
80224,80286,80363,77,62
80224,80292,80364,72,68
80224,80290,80365,75,66
80224,80295,80365,70,71
80224,80295,80365,70,71
80224,80305,80366,61,81
80224,80293,80367,74,69
80224,80293,80368,75,69
80224,80293,80368,75,69
80224,80289,80368,79,65
80224,80292,80368,76,68
80224,80295,80368,73,71
80224,80292,80368,76,68
80224,80286,80369,83,62
80224,80292,80369,77,68
80224,80294,80371,77,70
80224,80289,80371,82,65
80224,80294,80373,79,70
80224,80294,80373,79,70
80224,80294,80374,80,70
80224,80288,80374,86,64
80224,80293,80376,83,69
80224,80294,80377,83,70
80224,80293,80379,86,69
80224,80330,80379,49,106
80224,80327,80381,54,103
80224,80332,80383,51,108
80224,80327,80386,59,103
80224,80330,80390,60,106
80224,80329,80391,62,105
80224,80336,80392,56,112
80224,80331,80392,61,107
80224,80332,80394,62,108
80224,80338,80395,57,114
80224,80334,80395,61,110
80224,80333,80395,62,109
80224,80331,80395,64,107
80224,80338,80397,59,114
80224,80339,80397,58,115
80224,80343,80398,55,119
80224,80332,80399,67,108
80224,80350,80402,52,126
80224,80330,80402,72,106
80224,80343,80403,60,119
80224,80351,80406,55,127
80224,80347,80408,61,123
80224,80349,80408,59,125
80224,80339,80409,70,115
80224,80350,80410,60,126
80224,80349,80412,63,125
80224,80354,80415,61,130
80224,80358,80419,61,134
80224,80349,80419,70,125
80224,80357,80419,62,133
80224,80357,80420,63,133
80224,80358,80421,63,134
80224,80344,80420,76,120
80224,80357,80420,63,133
80224,80351,80425,74,127
80224,80356,80426,70,132
80224,80356,80428,72,132
80224,80356,80430,74,132
80224,80357,80436,79,133
80450,80450,80498,48,0
80450,80450,80499,49,0
80450,80450,80504,54,0
80450,80450,80504,54,0
80450,80450,80506,56,0
80450,80450,80505,55,0
80450,80450,80506,56,0
80450,80450,80508,58,0
80450,80450,80508,58,0
80450,80450,80507,57,0
80450,80450,80509,59,0
80450,80450,80509,59,0
80450,80450,80511,61,0
80450,80450,80512,62,0
80450,80450,80513,63,0
80450,80450,80513,63,0
80450,80450,80513,63,0
80450,80450,80513,63,0
80450,80450,80514,64,0
80450,80450,80515,65,0
80450,80450,80514,64,0
80450,80450,80515,65,0
80450,80450,80515,65,0
80450,80450,80515,65,0
80450,80450,80516,66,0
80450,80450,80516,66,0
80450,80450,80516,66,0
80450,80450,80516,66,0
80450,80450,80517,67,0
80450,80450,80517,67,0
80450,80450,80518,68,0
80450,80450,80518,68,0
80450,80450,80518,68,0
80450,80450,80519,69,0
80450,80450,80519,69,0
80450,80450,80518,68,0
80450,80450,80520,70,0
80450,80450,80521,71,0
80450,80450,80521,71,0
80450,80450,80522,72,0
80450,80450,80522,72,0
80450,80450,80521,71,0
80450,80450,80523,73,0
80450,80450,80523,73,0
80450,80450,80524,74,0
80450,80450,80525,75,0
80450,80450,80524,74,0
80450,80450,80526,76,0
80450,80450,80528,78,0
80450,80450,80527,77,0
80450,80450,80531,81,0
80537,80537,80595,58,0
80537,80537,80596,59,0
80537,80537,80597,60,0
80537,80537,80597,60,0
80537,80538,80599,61,1
80537,80537,80602,65,0
80537,80537,80602,65,0
80537,80537,80601,64,0
80537,80537,80601,64,0
80537,80537,80602,65,0
80537,80537,80602,65,0
80537,80537,80603,66,0
80537,80537,80603,66,0
80537,80537,80603,66,0
80537,80537,80603,66,0
80537,80537,80604,67,0
80537,80537,80605,68,0
80537,80537,80604,67,0
80537,80537,80604,67,0
80537,80537,80605,68,0
80537,80537,80604,67,0
80537,80537,80605,68,0
80537,80537,80606,69,0
80537,80537,80607,70,0
80537,80537,80606,69,0
80537,80537,80607,70,0
80537,80537,80608,71,0
80537,80538,80607,69,1
80537,80537,80607,70,0
80537,80537,80609,72,0
80537,80537,80608,71,0
80537,80537,80608,71,0
80537,80537,80608,71,0
80537,80538,80608,70,1
80537,80537,80608,71,0
80537,80537,80608,71,0
80537,80537,80609,72,0
80537,80537,80610,73,0
80537,80538,80609,71,1
80537,80537,80610,73,0
80537,80537,80609,72,0
80537,80537,80610,73,0
80537,80537,80609,72,0
80537,80538,80610,72,1
80537,80537,80610,73,0
80537,80537,80611,74,0
80537,80538,80610,72,1
80537,80537,80611,74,0
80537,80538,80611,73,1
80537,80538,80612,74,1
80537,80537,80611,74,0
80537,80537,80612,75,0
80537,80537,80612,75,0
80537,80538,80611,73,1
80537,80537,80612,75,0
80537,80537,80613,76,0
80537,80537,80612,75,0
80537,80538,80612,74,1
80537,80537,80612,75,0
80537,80537,80613,76,0
80537,80537,80614,77,0
80537,80537,80613,76,0
80537,80538,80613,75,1
80537,80537,80614,77,0
80537,80537,80614,77,0
80537,80537,80614,77,0
80537,80537,80614,77,0
80537,80537,80614,77,0
80537,80537,80616,79,0
80537,80537,80616,79,0
80537,80537,80616,79,0
80537,80537,80616,79,0
80537,80537,80616,79,0
80537,80537,80616,79,0
80537,80537,80618,81,0
80537,80537,80619,82,0
80537,80538,80620,82,1
80537,80538,80620,82,1
80537,80538,80620,82,1
80537,80538,80622,84,1
80537,80612,80641,29,75
80537,80612,80641,29,75
80537,80611,80641,30,74
80537,80612,80642,30,75
80537,80612,80643,31,75
80537,80612,80643,31,75
80537,80613,80645,32,76
80537,80611,80644,33,74
80537,80611,80645,34,74
80537,80612,80645,33,75
80537,80613,80647,34,76
80537,80613,80646,33,76
80537,80613,80647,34,76
80537,80613,80647,34,76
80537,80612,80646,34,75
80537,80614,80650,36,77
80537,80611,80651,40,74
80537,80614,80651,37,77
80537,80610,80651,41,73
80537,80615,80654,39,78
80537,80614,80655,41,77
80537,80617,80657,40,80
80537,80615,80656,41,78
80537,80610,80659,49,73
80537,80610,80659,49,73
80537,80616,80661,45,79
80537,80619,80662,43,82
80537,80614,80662,48,77
80537,80618,80665,47,81
80537,80597,80668,71,60
80537,80620,80669,49,83
80537,80616,80669,53,79
80537,80616,80670,54,79
80537,80604,80669,65,67
80537,80615,80670,55,78
80537,80603,80670,67,66
80537,80604,80671,67,67
80537,80600,80672,72,63
80537,80609,80673,64,72
80537,80617,80673,56,80
80537,80608,80673,65,71
80537,80610,80673,63,73
80537,80604,80674,70,67
80537,80602,80674,72,65
80537,80605,80675,70,68
80537,80607,80675,68,70
80537,80596,80675,79,59
80537,80620,80675,55,83
80537,80598,80674,76,61
80537,80603,80675,72,66
80537,80598,80676,78,61
80537,80602,80676,74,65
80537,80604,80678,74,67
80537,80605,80678,73,68
80537,80605,80678,73,68
80537,80609,80679,70,72
80537,80602,80680,78,65
80537,80605,80680,75,68
80537,80609,80679,70,72
80537,80621,80679,58,84
80537,80610,80680,70,73
80537,80605,80680,75,68
80537,80606,80681,75,69
80537,80607,80681,74,70
80537,80622,80682,60,85
80537,80602,80681,79,65
80537,80609,80683,74,72
80537,80609,80683,74,72
80537,80608,80683,75,71
80537,80609,80684,75,72
80537,80615,80683,68,78
80537,80617,80685,68,80
80537,80608,80685,77,71
80537,80609,80685,76,72
80537,80605,80685,80,68
80537,80610,80686,76,73
80537,80609,80687,78,72
80537,80607,80687,80,70
80537,80615,80687,72,78
80537,80608,80688,80,71
80537,80641,80696,55,104
80537,80642,80696,54,105
80537,80644,80698,54,107
80537,80645,80698,53,108
80537,80647,80702,55,110
80537,80647,80703,56,110
80537,80651,80704,53,114
80537,80651,80706,55,114
80537,80655,80707,52,118
80537,80657,80707,50,120
80537,80659,80706,47,122
80537,80643,80709,66,106
80537,80645,80709,64,108
80537,80644,80709,65,107
80537,80651,80713,62,114
80537,80646,80713,67,109
80537,80656,80714,58,119
80537,80661,80715,54,124
80537,80646,80716,70,109
80537,80647,80718,71,110
80537,80660,80719,59,123
80537,80650,80719,69,113
80537,80647,80719,72,110
80537,80647,80720,73,110
80537,80662,80721,59,125
80537,80657,80721,64,120
80537,80665,80723,58,128
80537,80662,80724,62,125
80537,80669,80724,55,132
80537,80642,80724,82,105
80537,80670,80726,56,133
80537,80668,80727,59,131
80537,80670,80729,59,133
80537,80672,80730,58,135
80537,80669,80732,63,132
80537,80670,80735,65,133
80537,80671,80736,65,134
80537,80673,80739,66,136
80537,80670,80747,77,133
80761,80761,80809,48,0
80761,80762,80811,49,1
80761,80761,80812,51,0
80761,80761,80813,52,0
80761,80761,80813,52,0
80761,80762,80813,51,1
80761,80761,80815,54,0
80761,80762,80816,54,1
80761,80762,80817,55,1
80761,80762,80817,55,1
80761,80761,80818,57,0
80761,80762,80818,56,1
80761,80761,80818,57,0
80761,80762,80819,57,1
80761,80761,80820,59,0
80761,80761,80820,59,0
80761,80761,80820,59,0
80761,80761,80821,60,0
80761,80762,80821,59,1
80761,80762,80822,60,1
80761,80762,80821,59,1
80761,80762,80822,60,1
80761,80762,80822,60,1
80761,80761,80822,61,0
80761,80761,80823,62,0
80761,80761,80823,62,0
80761,80762,80825,63,1
80761,80761,80824,63,0
80761,80762,80826,64,1
80761,80762,80826,64,1
80761,80761,80827,66,0
80761,80761,80828,67,0
80761,80762,80829,67,1
80761,80762,80829,67,1
80761,80762,80828,66,1
80761,80762,80829,67,1
80761,80762,80829,67,1
80761,80761,80829,68,0
80761,80762,80830,68,1
80761,80761,80830,69,0
80761,80762,80831,69,1
80761,80762,80832,70,1
80761,80762,80832,70,1
80761,80761,80834,73,0
80761,80761,80834,73,0
80761,80762,80836,74,1
80761,80762,80836,74,1
80761,80762,80837,75,1
80761,80762,80839,77,1
80761,80761,80839,78,0
80761,80761,80840,79,0
80849,80849,80907,58,0
80849,80849,80908,59,0
80849,80849,80910,61,0
80849,80849,80911,62,0
80849,80849,80912,63,0
80849,80849,80912,63,0
80849,80849,80913,64,0
80849,80849,80913,64,0
80849,80849,80914,65,0
80849,80849,80913,64,0
80849,80849,80914,65,0
80849,80849,80915,66,0
80849,80849,80915,66,0
80849,80849,80916,67,0
80849,80849,80916,67,0
80849,80849,80917,68,0
80849,80849,80917,68,0
80849,80849,80917,68,0
80849,80849,80917,68,0
80849,80849,80917,68,0
80849,80849,80917,68,0
80849,80849,80918,69,0
80849,80849,80919,70,0
80849,80849,80918,69,0
80849,80849,80919,70,0
80849,80849,80920,71,0
80849,80849,80920,71,0
80849,80849,80920,71,0
80849,80849,80920,71,0
80849,80849,80920,71,0
80849,80849,80920,71,0
80849,80849,80921,72,0
80849,80849,80921,72,0
80849,80849,80921,72,0
80849,80849,80921,72,0
80849,80849,80921,72,0
80849,80849,80921,72,0
80849,80849,80921,72,0
80849,80849,80922,73,0
80849,80849,80922,73,0
80849,80849,80922,73,0
80849,80849,80922,73,0
80849,80849,80922,73,0
80849,80849,80922,73,0
80849,80849,80922,73,0
80849,80849,80923,74,0
80849,80849,80923,74,0
80849,80849,80923,74,0
80849,80849,80923,74,0
80849,80849,80923,74,0
80849,80849,80923,74,0
80849,80849,80923,74,0
80849,80849,80924,75,0
80849,80849,80924,75,0
80849,80849,80924,75,0
80849,80849,80924,75,0
80849,80849,80924,75,0
80849,80849,80924,75,0
80849,80849,80924,75,0
80849,80849,80924,75,0
80849,80849,80924,75,0
80849,80849,80924,75,0
80849,80849,80925,76,0
80849,80849,80925,76,0
80849,80849,80925,76,0
80849,80849,80926,77,0
80849,80849,80926,77,0
80849,80849,80927,78,0
80849,80849,80927,78,0
80849,80849,80928,79,0
80849,80849,80928,79,0
80849,80849,80928,79,0
80849,80849,80928,79,0
80849,80849,80928,79,0
80849,80849,80928,79,0
80849,80849,80928,79,0
80849,80849,80929,80,0
80849,80849,80930,81,0
80849,80849,80931,82,0
80849,80849,80935,86,0
80849,80923,80949,26,74
80849,80924,80948,24,75
80849,80923,80950,27,74
80849,80924,80952,28,75
80849,80924,80953,29,75
80849,80923,80953,30,74
80849,80924,80954,30,75
80849,80924,80953,29,75
80849,80924,80953,29,75
80849,80924,80956,32,75
80849,80925,80960,35,76
80849,80923,80959,36,74
80849,80924,80959,35,75
80849,80925,80960,35,76
80849,80925,80960,35,76
80849,80926,80961,35,77
80849,80925,80962,37,76
80849,80925,80961,36,76
80849,80925,80961,36,76
80849,80923,80962,39,74
80849,80925,80962,37,76
80849,80926,80966,40,77
80849,80923,80968,45,74
80849,80926,80968,42,77
80849,80928,80971,43,79
80849,80929,80971,42,80
80849,80931,80974,43,82
80849,80917,80976,59,68
80849,80928,80978,50,79
80849,80910,80979,69,61
80849,80907,80979,72,58
80849,80908,80979,71,59
80849,80932,80980,48,83
80849,80913,80982,69,64
80849,80929,80984,55,80
80849,80922,80984,62,73
80849,80917,80983,66,68
80849,80912,80984,72,63
80849,80927,80984,57,78
80849,80914,80985,71,65
80849,80929,80984,55,80
80849,80916,80985,69,67
80849,80930,80986,56,81
80849,80929,80986,57,80
80849,80929,80987,58,80
80849,80918,80986,68,69
80849,80915,80987,72,66
80849,80911,80989,78,62
80849,80923,80989,66,74
80849,80912,80989,77,63
80849,80929,80989,60,80
80849,80916,80990,74,67
80849,80914,80991,77,65
80849,80918,80990,72,69
80849,80922,80991,69,73
80849,80917,80991,74,68
80849,80919,80991,72,70
80849,80921,80992,71,72
80849,80914,80992,78,65
80849,80922,80992,70,73
80849,80913,80993,80,64
80849,80928,80993,65,79
80849,80936,80994,58,87
80849,80922,80993,71,73
80849,80920,80993,73,71
80849,80917,80994,77,68
80849,80921,80994,73,72
80849,80917,80994,77,68
80849,80916,80996,80,67
80849,80921,80995,74,72
80849,80922,80995,73,73
80849,80922,80996,74,73
80849,80921,80997,76,72
80849,80919,80997,78,70
80849,80927,80997,70,78
80849,80920,80999,79,71
80849,80922,80999,77,73
80849,80921,80999,78,72
80849,80919,81000,81,70
80849,80921,81000,79,72
80849,80949,81006,57,100
80849,80951,81007,56,102
80849,80954,81008,54,105
80849,80954,81010,56,105
80849,80960,81011,51,111
80849,80949,81013,64,100
80849,80962,81013,51,113
80849,80954,81013,59,105
80849,80960,81017,57,111
80849,80962,81018,56,113
80849,80954,81018,64,105
80849,80953,81018,65,104
80849,80971,81018,47,122
80849,80961,81021,60,112
80849,80963,81024,61,114
80849,80968,81024,56,119
80849,80962,81026,64,113
80849,80975,81025,50,126
80849,80957,81027,70,108
80849,80961,81028,67,112
80849,80962,81029,67,113
80849,80972,81029,57,123
80849,80960,81029,69,111
80849,80969,81029,60,120
80849,80967,81028,61,118
80849,80977,81031,54,128
80849,80954,81032,78,105
80849,80984,81038,54,135
80849,80963,81037,74,114
80849,80980,81042,62,131
80849,80979,81042,63,130
80849,80980,81047,67,131
80849,80984,81048,64,135
80849,80985,81052,67,136
80849,80985,81053,68,136
80849,80980,81053,73,131
80849,80982,81055,73,133
80849,80984,81054,70,135
80849,80980,81055,75,131
81069,81069,81111,42,0
81069,81069,81116,47,0
81069,81069,81119,50,0
81069,81069,81119,50,0
81069,81069,81119,50,0
81069,81069,81120,51,0
81069,81069,81120,51,0
81069,81069,81120,51,0
81069,81069,81120,51,0
81069,81069,81121,52,0
81069,81069,81123,54,0
81069,81069,81123,54,0
81069,81069,81123,54,0
81069,81069,81124,55,0
81069,81069,81125,56,0
81069,81069,81125,56,0
81069,81069,81125,56,0
81069,81069,81126,57,0
81069,81069,81126,57,0
81069,81069,81126,57,0
81069,81069,81126,57,0
81069,81069,81127,58,0
81069,81069,81127,58,0
81069,81069,81128,59,0
81069,81069,81129,60,0
81069,81069,81129,60,0
81069,81069,81129,60,0
81069,81069,81130,61,0
81069,81069,81130,61,0
81069,81069,81131,62,0
81069,81069,81131,62,0
81069,81069,81131,62,0
81069,81069,81132,63,0
81069,81069,81132,63,0
81069,81069,81133,64,0
81069,81069,81133,64,0
81069,81069,81136,67,0
81069,81069,81138,69,0
81069,81069,81138,69,0
81069,81069,81139,70,0
81069,81069,81140,71,0
81069,81069,81139,70,0
81069,81069,81140,71,0
81069,81069,81141,72,0
81069,81069,81140,71,0
81069,81069,81141,72,0
81069,81069,81142,73,0
81069,81069,81143,74,0
81069,81069,81145,76,0
81069,81069,81145,76,0
81069,81069,81150,81,0
81158,81158,81212,54,0
81158,81158,81211,53,0
81158,81158,81214,56,0
81158,81158,81216,58,0
81158,81158,81216,58,0
81158,81158,81217,59,0
81158,81158,81219,61,0
81158,81158,81219,61,0
81158,81158,81219,61,0
81158,81158,81220,62,0
81158,81158,81220,62,0
81158,81158,81220,62,0
81158,81158,81222,64,0
81158,81158,81223,65,0
81158,81158,81223,65,0
81158,81158,81223,65,0
81158,81158,81224,66,0
81158,81158,81223,65,0
81158,81158,81224,66,0
81158,81158,81224,66,0
81158,81158,81223,65,0
81158,81158,81225,67,0
81158,81158,81225,67,0
81158,81158,81225,67,0
81158,81158,81226,68,0
81158,81158,81226,68,0
81158,81158,81227,69,0
81158,81158,81227,69,0
81158,81158,81228,70,0
81158,81158,81228,70,0
81158,81158,81228,70,0
81158,81158,81228,70,0
81158,81158,81228,70,0
81158,81158,81229,71,0
81158,81158,81228,70,0
81158,81158,81229,71,0
81158,81158,81229,71,0
81158,81158,81229,71,0
81158,81158,81230,72,0
81158,81158,81230,72,0
81158,81158,81230,72,0
81158,81158,81230,72,0
81158,81158,81230,72,0
81158,81158,81231,73,0
81158,81158,81231,73,0
81158,81158,81230,72,0
81158,81158,81230,72,0
81158,81158,81231,73,0
81158,81158,81231,73,0
81158,81158,81231,73,0
81158,81158,81231,73,0
81158,81158,81231,73,0
81158,81158,81231,73,0
81158,81158,81232,74,0
81158,81158,81232,74,0
81158,81158,81232,74,0
81158,81158,81231,73,0
81158,81158,81231,73,0
81158,81158,81232,74,0
81158,81158,81232,74,0
81158,81158,81233,75,0
81158,81158,81233,75,0
81158,81158,81233,75,0
81158,81158,81233,75,0
81158,81158,81233,75,0
81158,81158,81233,75,0
81158,81158,81233,75,0
81158,81158,81234,76,0
81158,81158,81233,75,0
81158,81158,81235,77,0
81158,81158,81235,77,0
81158,81158,81235,77,0
81158,81158,81237,79,0
81158,81158,81237,79,0
81158,81158,81238,80,0
81158,81158,81239,81,0
81158,81158,81239,81,0
81158,81158,81241,83,0
81158,81158,81242,84,0
81158,81158,81245,87,0
81158,81231,81255,24,73
81158,81231,81255,24,73
81158,81231,81257,26,73
81158,81231,81257,26,73
81158,81231,81258,27,73
81158,81231,81260,29,73
81158,81231,81261,30,73
81158,81231,81263,32,73
81158,81232,81263,31,74
81158,81232,81263,31,74
81158,81232,81263,31,74
81158,81231,81264,33,73
81158,81232,81266,34,74
81158,81233,81266,33,75
81158,81233,81267,34,75
81158,81230,81267,37,72
81158,81233,81267,34,75
81158,81233,81268,35,75
81158,81231,81271,40,73
81158,81233,81271,38,75
81158,81230,81272,42,72
81158,81212,81274,62,54
81158,81234,81274,40,76
81158,81233,81275,42,75
81158,81235,81275,40,77
81158,81233,81277,44,75
81158,81236,81277,41,78
81158,81233,81280,47,75
81158,81212,81281,69,54
81158,81225,81284,59,67
81158,81234,81284,50,76
81158,81216,81284,68,58
81158,81214,81286,72,56
81158,81234,81287,53,76
81158,81224,81286,62,66
81158,81217,81287,70,59
81158,81219,81287,68,61
81158,81216,81287,71,58
81158,81240,81288,48,82
81158,81240,81289,49,82
81158,81238,81288,50,80
81158,81230,81288,58,72
81158,81238,81289,51,80
81158,81239,81290,51,81
81158,81225,81289,64,67
81158,81236,81290,54,78
81158,81219,81290,71,61
81158,81224,81290,66,66
81158,81230,81292,62,72
81158,81228,81292,64,70
81158,81236,81292,56,78
81158,81223,81292,69,65
81158,81224,81292,68,66
81158,81226,81293,67,68
81158,81223,81294,71,65
81158,81220,81294,74,62
81158,81226,81295,69,68
81158,81229,81295,66,71
81158,81224,81294,70,66
81158,81220,81295,75,62
81158,81227,81295,68,69
81158,81225,81295,70,67
81158,81220,81295,75,62
81158,81242,81296,54,84
81158,81223,81296,73,65
81158,81229,81296,67,71
81158,81243,81297,54,85
81158,81229,81296,67,71
81158,81228,81297,69,70
81158,81230,81298,68,72
81158,81221,81298,77,63
81158,81229,81301,72,71
81158,81224,81302,78,66
81158,81227,81302,75,69
81158,81255,81302,47,97
81158,81222,81302,80,64
81158,81258,81303,45,100
81158,81246,81303,57,88
81158,81228,81304,76,70
81158,81228,81307,79,70
81158,81228,81307,79,70
81158,81229,81309,80,71
81158,81262,81310,48,104
81158,81267,81311,44,109
81158,81259,81311,52,101
81158,81256,81312,56,98
81158,81268,81313,45,110
81158,81261,81314,53,103
81158,81264,81315,51,106
81158,81264,81319,55,106
81158,81257,81320,63,99
81158,81264,81321,57,106
81158,81269,81321,52,111
81158,81272,81323,51,114
81158,81264,81325,61,106
81158,81267,81325,58,109
81158,81276,81327,51,118
81158,81268,81329,61,110
81158,81276,81330,54,118
81158,81265,81332,67,107
81158,81278,81333,55,120
81158,81273,81333,60,115
81158,81282,81334,52,124
81158,81275,81336,61,117
81158,81281,81339,58,123
81158,81272,81340,68,114
81158,81285,81341,56,127
81158,81268,81342,74,110
81158,81275,81341,66,117
81158,81278,81343,65,120
81158,81288,81345,57,130
81158,81285,81346,61,127
81158,81288,81347,59,130
81158,81288,81348,60,130
81158,81287,81350,63,129
81158,81285,81350,65,127
81158,81286,81352,66,128
81158,81287,81352,65,129
81158,81287,81356,69,129
81372,81372,81420,48,0
81372,81372,81425,53,0
81372,81372,81425,53,0
81372,81372,81424,52,0
81372,81372,81425,53,0
81372,81372,81427,55,0
81372,81372,81427,55,0
81372,81372,81427,55,0
81372,81372,81429,57,0
81372,81372,81429,57,0
81372,81372,81428,56,0
81372,81372,81429,57,0
81372,81372,81430,58,0
81372,81372,81431,59,0
81372,81372,81431,59,0
81372,81372,81432,60,0
81372,81372,81432,60,0
81372,81372,81432,60,0
81372,81372,81432,60,0
81372,81372,81433,61,0
81372,81372,81432,60,0
81372,81372,81434,62,0
81372,81372,81434,62,0
81372,81372,81434,62,0
81372,81372,81436,64,0
81372,81372,81436,64,0
81372,81372,81437,65,0
81372,81372,81437,65,0
81372,81372,81436,64,0
81372,81372,81436,64,0
81372,81372,81436,64,0
81372,81372,81438,66,0
81372,81372,81437,65,0
81372,81372,81437,65,0
81372,81372,81438,66,0
81372,81372,81438,66,0
81372,81372,81438,66,0
81372,81372,81439,67,0
81372,81372,81439,67,0
81372,81372,81439,67,0
81372,81372,81440,68,0
81372,81372,81441,69,0
81372,81372,81443,71,0
81372,81372,81444,72,0
81372,81372,81445,73,0
81372,81372,81446,74,0
81372,81372,81446,74,0
81372,81372,81447,75,0
81372,81372,81448,76,0
81372,81372,81450,78,0
81372,81372,81454,82,0
81460,81461,81509,48,1
81460,81461,81511,50,1
81460,81461,81512,51,1
81460,81461,81515,54,1
81460,81461,81515,54,1
81460,81461,81516,55,1
81460,81461,81517,56,1
81460,81461,81518,57,1
81460,81461,81518,57,1
81460,81461,81517,56,1
81460,81461,81518,57,1
81460,81461,81520,59,1
81460,81461,81520,59,1
81460,81461,81520,59,1
81460,81461,81521,60,1
81460,81461,81522,61,1
81460,81461,81521,60,1
81460,81461,81521,60,1
81460,81461,81521,60,1
81460,81461,81522,61,1
81460,81461,81522,61,1
81460,81461,81522,61,1
81460,81461,81524,63,1
81460,81461,81524,63,1
81460,81461,81525,64,1
81460,81461,81525,64,1
81460,81461,81525,64,1
81460,81461,81525,64,1
81460,81461,81526,65,1
81460,81461,81525,64,1
81460,81461,81526,65,1
81460,81461,81528,67,1
81460,81461,81528,67,1
81460,81461,81527,66,1
81460,81461,81528,67,1
81460,81461,81529,68,1
81460,81461,81528,67,1
81460,81461,81529,68,1
81460,81461,81529,68,1
81460,81461,81529,68,1
81460,81461,81530,69,1
81460,81461,81529,68,1
81460,81461,81529,68,1
81460,81461,81530,69,1
81460,81461,81530,69,1
81460,81461,81531,70,1
81460,81461,81530,69,1
81460,81461,81530,69,1
81460,81461,81531,70,1
81460,81461,81531,70,1
81460,81461,81532,71,1
81460,81461,81532,71,1
81460,81461,81533,72,1
81460,81461,81532,71,1
81460,81461,81533,72,1
81460,81461,81533,72,1
81460,81461,81534,73,1
81460,81461,81534,73,1
81460,81461,81534,73,1
81460,81461,81534,73,1
81460,81461,81535,74,1
81460,81461,81534,73,1
81460,81461,81535,74,1
81460,81461,81535,74,1
81460,81461,81536,75,1
81460,81461,81536,75,1
81460,81461,81535,74,1
81460,81461,81536,75,1
81460,81461,81535,74,1
81460,81461,81536,75,1
81460,81461,81537,76,1
81460,81461,81537,76,1
81460,81461,81537,76,1
81460,81461,81537,76,1
81460,81461,81537,76,1
81460,81461,81538,77,1
81460,81461,81538,77,1
81460,81461,81538,77,1
81460,81461,81539,78,1
81460,81461,81538,77,1
81460,81532,81554,22,72
81460,81531,81554,23,71
81460,81532,81557,25,72
81460,81532,81558,26,72
81460,81531,81558,27,71
81460,81533,81560,27,73
81460,81531,81561,30,71
81460,81533,81562,29,73
81460,81531,81564,33,71
81460,81532,81564,32,72
81460,81533,81564,31,73
81460,81533,81565,32,73
81460,81531,81567,36,71
81460,81535,81569,34,75
81460,81535,81569,34,75
81460,81535,81570,35,75
81460,81530,81572,42,70
81460,81536,81573,37,76
81460,81535,81574,39,75
81460,81535,81573,38,75
81460,81535,81575,40,75
81460,81534,81576,42,74
81460,81510,81577,67,50
81460,81539,81579,40,79
81460,81535,81579,44,75
81460,81518,81580,62,58
81460,81536,81581,45,76
81460,81530,81582,52,70
81460,81539,81581,42,79
81460,81536,81582,46,76
81460,81522,81583,61,62
81460,81518,81583,65,58
81460,81539,81582,43,79
81460,81537,81583,46,77
81460,81516,81582,66,56
81460,81530,81583,53,70
81460,81538,81583,45,78
81460,81536,81584,48,76
81460,81536,81584,48,76
81460,81530,81585,55,70
81460,81539,81585,46,79
81460,81538,81586,48,78
81460,81517,81586,69,57
81460,81518,81586,68,58
81460,81513,81586,73,53
81460,81518,81586,68,58
81460,81538,81587,49,78
81460,81512,81588,76,52
81460,81516,81589,73,56
81460,81537,81590,53,77
81460,81520,81591,71,60
81460,81523,81592,69,63
81460,81525,81592,67,65
81460,81537,81592,55,77
81460,81521,81592,71,61
81460,81526,81593,67,66
81460,81528,81593,65,68
81460,81526,81593,67,66
81460,81521,81593,72,61
81460,81522,81594,72,62
81460,81527,81595,68,67
81460,81530,81595,65,70
81460,81529,81595,66,69
81460,81523,81596,73,63
81460,81519,81597,78,59
81460,81538,81597,59,78
81460,81521,81597,76,61
81460,81526,81598,72,66
81460,81528,81599,71,68
81460,81522,81599,77,62
81460,81528,81600,72,68
81460,81526,81600,74,66
81460,81529,81601,72,69
81460,81522,81602,80,62
81460,81526,81602,76,66
81460,81525,81604,79,65
81460,81525,81605,80,65
81460,81529,81605,76,69
81460,81555,81605,50,95
81460,81522,81608,86,62
81460,81557,81609,52,97
81460,81529,81609,80,69
81460,81563,81609,46,103
81460,81558,81611,53,98
81460,81560,81612,52,100
81460,81554,81616,62,94
81460,81564,81616,52,104
81460,81558,81618,60,98
81460,81574,81621,47,114
81460,81577,81621,44,117
81460,81561,81621,60,101
81460,81569,81622,53,109
81460,81566,81623,57,106
81460,81567,81623,56,107
81460,81570,81623,53,110
81460,81579,81625,46,119
81460,81564,81625,61,104
81460,81579,81626,47,119
81460,81569,81626,57,109
81460,81564,81628,64,104
81460,81574,81631,57,114
81460,81582,81631,49,122
81460,81583,81631,48,123
81460,81577,81632,55,117
81460,81580,81633,53,120
81460,81582,81633,51,122
81460,81582,81633,51,122
81460,81581,81634,53,121
81460,81583,81634,51,123
81460,81583,81636,53,123
81460,81575,81637,62,115
81460,81584,81642,58,124
81460,81584,81642,58,124
81460,81573,81644,71,113
81460,81583,81645,62,123
81460,81583,81650,67,123
81460,81583,81650,67,123
81460,81574,81651,77,114
81460,81583,81653,70,123
81668,81668,81718,50,0
81668,81668,81719,51,0
81668,81668,81719,51,0
81668,81668,81720,52,0
81668,81668,81722,54,0
81668,81668,81723,55,0
81668,81668,81723,55,0
81668,81668,81723,55,0
81668,81668,81724,56,0
81668,81668,81724,56,0
81668,81668,81724,56,0
81668,81668,81724,56,0
81668,81668,81724,56,0
81668,81668,81726,58,0
81668,81668,81725,57,0
81668,81668,81725,57,0
81668,81668,81727,59,0
81668,81668,81727,59,0
81668,81668,81728,60,0
81668,81668,81728,60,0
81668,81668,81729,61,0
81668,81668,81730,62,0
81668,81668,81730,62,0
81668,81668,81731,63,0
81668,81668,81731,63,0
81668,81668,81732,64,0
81668,81668,81732,64,0
81668,81668,81732,64,0
81668,81668,81733,65,0
81668,81668,81733,65,0
81668,81668,81733,65,0
81668,81668,81733,65,0
81668,81668,81736,68,0
81668,81668,81736,68,0
81668,81668,81736,68,0
81668,81668,81737,69,0
81668,81668,81737,69,0
81668,81668,81737,69,0
81668,81668,81737,69,0
81668,81668,81738,70,0
81668,81668,81738,70,0
81668,81668,81738,70,0
81668,81668,81740,72,0
81668,81668,81741,73,0
81668,81668,81742,74,0
81668,81668,81741,73,0
81668,81668,81742,74,0
81668,81668,81742,74,0
81668,81668,81744,76,0
81668,81668,81744,76,0
81668,81668,81746,78,0
81754,81754,81803,49,0
81754,81754,81806,52,0
81754,81754,81806,52,0
81754,81754,81806,52,0
81754,81754,81807,53,0
81754,81754,81809,55,0
81754,81754,81809,55,0
81754,81754,81809,55,0
81754,81754,81808,54,0
81754,81754,81809,55,0
81754,81754,81811,57,0
81754,81754,81811,57,0
81754,81754,81812,58,0
81754,81754,81813,59,0
81754,81754,81813,59,0
81754,81754,81813,59,0
81754,81754,81814,60,0
81754,81754,81814,60,0
81754,81754,81813,59,0
81754,81754,81814,60,0
81754,81754,81815,61,0
81754,81754,81816,62,0
81754,81754,81816,62,0
81754,81754,81817,63,0
81754,81754,81817,63,0
81754,81754,81817,63,0
81754,81754,81817,63,0
81754,81754,81818,64,0
81754,81754,81818,64,0
81754,81754,81819,65,0
81754,81754,81819,65,0
81754,81754,81818,64,0
81754,81754,81818,64,0
81754,81754,81820,66,0
81754,81754,81821,67,0
81754,81754,81821,67,0
81754,81754,81821,67,0
81754,81754,81821,67,0
81754,81754,81821,67,0
81754,81754,81821,67,0
81754,81754,81822,68,0
81754,81754,81822,68,0
81754,81754,81823,69,0
81754,81754,81823,69,0
81754,81754,81823,69,0
81754,81754,81823,69,0
81754,81754,81824,70,0
81754,81754,81824,70,0
81754,81754,81824,70,0
81754,81754,81823,69,0
81754,81754,81825,71,0
81754,81754,81825,71,0
81754,81754,81824,70,0
81754,81754,81825,71,0
81754,81754,81825,71,0
81754,81754,81825,71,0
81754,81754,81825,71,0
81754,81754,81826,72,0
81754,81754,81826,72,0
81754,81754,81826,72,0
81754,81754,81826,72,0
81754,81754,81825,71,0
81754,81754,81826,72,0
81754,81754,81826,72,0
81754,81754,81827,73,0
81754,81754,81828,74,0
81754,81754,81828,74,0
81754,81754,81829,75,0
81754,81754,81829,75,0
81754,81754,81829,75,0
81754,81754,81829,75,0
81754,81754,81829,75,0
81754,81754,81830,76,0
81754,81754,81830,76,0
81754,81754,81829,75,0
81754,81754,81831,77,0
81754,81754,81831,77,0
81754,81754,81833,79,0
81754,81754,81835,81,0
81754,81754,81835,81,0
81754,81824,81850,26,70
81754,81823,81850,27,69
81754,81825,81851,26,71
81754,81824,81851,27,70
81754,81824,81852,28,70
81754,81824,81852,28,70
81754,81825,81852,27,71
81754,81823,81854,31,69
81754,81823,81855,32,69
81754,81825,81857,32,71
81754,81825,81857,32,71
81754,81825,81857,32,71
81754,81826,81860,34,72
81754,81826,81860,34,72
81754,81825,81861,36,71
81754,81826,81861,35,72
81754,81827,81862,35,73
81754,81826,81862,36,72
81754,81825,81863,38,71
81754,81827,81865,38,73
81754,81827,81865,38,73
81754,81826,81866,40,72
81754,81804,81866,62,50
81754,81828,81868,40,74
81754,81809,81867,58,55
81754,81831,81868,37,77
81754,81829,81870,41,75
81754,81828,81872,44,74
81754,81831,81872,41,77
81754,81823,81872,49,69
81754,81823,81873,50,69
81754,81809,81873,64,55
81754,81829,81875,46,75
81754,81807,81874,67,53
81754,81831,81874,43,77
81754,81835,81875,40,81
81754,81808,81876,68,54
81754,81809,81876,67,55
81754,81834,81877,43,80
81754,81810,81878,68,56
81754,81809,81879,70,55
81754,81806,81879,73,52
81754,81812,81880,68,58
81754,81807,81880,73,53
81754,81815,81881,66,61
81754,81832,81881,49,78
81754,81829,81881,52,75
81754,81829,81881,52,75
81754,81829,81882,53,75
81754,81822,81882,60,68
81754,81822,81882,60,68
81754,81813,81883,70,59
81754,81811,81883,72,57
81754,81814,81884,70,60
81754,81836,81884,48,82
81754,81817,81885,68,63
81754,81821,81886,65,67
81754,81830,81885,55,76
81754,81814,81886,72,60
81754,81819,81887,68,65
81754,81814,81887,73,60
81754,81814,81887,73,60
81754,81818,81888,70,64
81754,81821,81888,67,67
81754,81813,81888,75,59
81754,81817,81890,73,63
81754,81818,81890,72,64
81754,81819,81890,71,65
81754,81821,81890,69,67
81754,81817,81891,74,63
81754,81817,81892,75,63
81754,81852,81893,41,98
81754,81821,81893,72,67
81754,81816,81893,77,62
81754,81853,81894,41,99
81754,81819,81894,75,65
81754,81817,81895,78,63
81754,81815,81896,81,61
81754,81813,81896,83,59
81754,81819,81897,78,65
81754,81851,81898,47,97
81754,81821,81900,79,67
81754,81820,81899,79,66
81754,81856,81901,45,102
81754,81851,81902,51,97
81754,81858,81901,43,104
81754,81853,81901,48,99
81754,81852,81902,50,98
81754,81861,81902,41,107
81754,81858,81906,48,104
81754,81858,81908,50,104
81754,81862,81908,46,108
81754,81864,81909,45,110
81754,81855,81909,54,101
81754,81869,81911,42,115
81754,81863,81911,48,109
81754,81861,81912,51,107
81754,81867,81914,47,113
81754,81853,81915,62,99
81754,81862,81915,53,108
81754,81862,81914,52,108
81754,81873,81917,44,119
81754,81868,81919,51,114
81754,81866,81919,53,112
81754,81867,81921,54,113
81754,81873,81920,47,119
81754,81873,81924,51,119
81754,81877,81923,46,123
81754,81866,81923,57,112
81754,81868,81925,57,114
81754,81876,81926,50,122
81754,81875,81927,52,121
81754,81871,81928,57,117
81754,81874,81928,54,120
81754,81875,81933,58,121
81754,81877,81935,58,123
81754,81875,81937,62,121
81754,81877,81936,59,123
81754,81874,81938,64,120
81954,81954,82001,47,0
81954,81954,82001,47,0
81954,81954,82001,47,0
81954,81954,82002,48,0
81954,81954,82004,50,0
81954,81954,82006,52,0
81954,81954,82006,52,0
81954,81954,82007,53,0
81954,81954,82007,53,0
81954,81954,82008,54,0
81954,81954,82009,55,0
81954,81954,82008,54,0
81954,81954,82010,56,0
81954,81954,82010,56,0
81954,81954,82010,56,0
81954,81954,82012,58,0
81954,81954,82012,58,0
81954,81954,82012,58,0
81954,81954,82012,58,0
81954,81954,82013,59,0
81954,81954,82013,59,0
81954,81954,82013,59,0
81954,81954,82013,59,0
81954,81954,82013,59,0
81954,81954,82014,60,0
81954,81954,82014,60,0
81954,81954,82013,59,0
81954,81954,82014,60,0
81954,81954,82014,60,0
81954,81954,82014,60,0
81954,81954,82016,62,0
81954,81954,82017,63,0
81954,81954,82016,62,0
81954,81954,82017,63,0
81954,81954,82018,64,0
81954,81954,82017,63,0
81954,81954,82017,63,0
81954,81954,82021,67,0
81954,81954,82020,66,0
81954,81954,82021,67,0
81954,81954,82021,67,0
81954,81954,82023,69,0
81954,81954,82025,71,0
81954,81954,82025,71,0
81954,81954,82025,71,0
81954,81954,82024,70,0
81954,81954,82024,70,0
81954,81954,82026,72,0
81954,81954,82026,72,0
81954,81954,82029,75,0
81954,81954,82033,79,0
82040,82040,82090,50,0
82040,82040,82093,53,0
82040,82040,82093,53,0
82040,82040,82094,54,0
82040,82040,82094,54,0
82040,82040,82094,54,0
82040,82040,82094,54,0
82040,82040,82094,54,0
82040,82040,82094,54,0
82040,82040,82095,55,0
82040,82040,82095,55,0
82040,82040,82095,55,0
82040,82040,82095,55,0
82040,82040,82096,56,0
82040,82040,82096,56,0
82040,82040,82096,56,0
82040,82040,82096,56,0
82040,82040,82096,56,0
82040,82040,82098,58,0
82040,82040,82099,59,0
82040,82040,82099,59,0
82040,82040,82100,60,0
82040,82040,82100,60,0
82040,82040,82100,60,0
82040,82040,82101,61,0
82040,82040,82101,61,0
82040,82040,82101,61,0
82040,82040,82102,62,0
82040,82040,82103,63,0
82040,82040,82103,63,0
82040,82040,82104,64,0
82040,82040,82104,64,0
82040,82040,82104,64,0
82040,82040,82106,66,0
82040,82040,82106,66,0
82040,82040,82106,66,0
82040,82040,82107,67,0
82040,82040,82107,67,0
82040,82040,82107,67,0
82040,82040,82108,68,0
82040,82040,82109,69,0
82040,82040,82109,69,0
82040,82040,82109,69,0
82040,82040,82109,69,0
82040,82040,82109,69,0
82040,82040,82109,69,0
82040,82040,82109,69,0
82040,82040,82110,70,0
82040,82040,82111,71,0
82040,82040,82110,70,0
82040,82040,82110,70,0
82040,82040,82110,70,0
82040,82040,82111,71,0
82040,82040,82111,71,0
82040,82040,82111,71,0
82040,82040,82111,71,0
82040,82040,82112,72,0
82040,82040,82111,71,0
82040,82040,82112,72,0
82040,82040,82112,72,0
82040,82040,82112,72,0
82040,82040,82112,72,0
82040,82040,82112,72,0
82040,82040,82113,73,0
82040,82040,82113,73,0
82040,82040,82113,73,0
82040,82040,82114,74,0
82040,82040,82114,74,0
82040,82040,82114,74,0
82040,82040,82114,74,0
82040,82040,82115,75,0
82040,82040,82117,77,0
82040,82040,82117,77,0
82040,82040,82117,77,0
82040,82040,82119,79,0
82040,82040,82119,79,0
82040,82040,82119,79,0
82040,82040,82120,80,0
82040,82040,82122,82,0
82040,82040,82124,84,0
82040,82110,82136,26,70
82040,82111,82138,27,71
82040,82111,82137,26,71
82040,82110,82139,29,70
82040,82112,82141,29,72
82040,82111,82140,29,71
82040,82110,82141,31,70
82040,82110,82141,31,70
82040,82111,82143,32,71
82040,82111,82143,32,71
82040,82111,82146,35,71
82040,82112,82147,35,72
82040,82114,82146,32,74
82040,82110,82148,38,70
82040,82112,82147,35,72
82040,82113,82149,36,73
82040,82115,82149,34,75
82040,82113,82149,36,73
82040,82112,82150,38,72
82040,82113,82151,38,73
82040,82110,82153,43,70
82040,82113,82153,40,73
82040,82112,82152,40,72
82040,82113,82153,40,73
82040,82114,82153,39,74
82040,82115,82155,40,75
82040,82091,82156,65,51
82040,82114,82155,41,74
82040,82118,82156,38,78
82040,82109,82157,48,69
82040,82095,82159,64,55
82040,82095,82159,64,55
82040,82118,82159,41,78
82040,82121,82159,38,81
82040,82118,82160,42,78
82040,82119,82161,42,79
82040,82114,82160,46,74
82040,82116,82161,45,76
82040,82094,82160,66,54
82040,82095,82161,66,55
82040,82095,82161,66,55
82040,82097,82162,65,57
82040,82115,82161,46,75
82040,82119,82163,44,79
82040,82095,82162,67,55
82040,82119,82163,44,79
82040,82099,82163,64,59
82040,82109,82165,56,69
82040,82096,82164,68,56
82040,82096,82164,68,56
82040,82122,82165,43,82
82040,82095,82165,70,55
82040,82096,82165,69,56
82040,82097,82167,70,57
82040,82094,82167,73,54
82040,82097,82168,71,57
82040,82097,82169,72,57
82040,82101,82170,69,61
82040,82108,82170,62,68
82040,82096,82169,73,56
82040,82104,82170,66,64
82040,82125,82170,45,85
82040,82108,82171,63,68
82040,82102,82172,70,62
82040,82104,82172,68,64
82040,82105,82173,68,65
82040,82107,82173,66,67
82040,82097,82174,77,57
82040,82100,82174,74,60
82040,82102,82174,72,62
82040,82104,82175,71,64
82040,82107,82175,68,67
82040,82100,82175,75,60
82040,82108,82176,68,68
82040,82103,82178,75,63
82040,82136,82179,43,96
82040,82101,82180,79,61
82040,82104,82180,76,64
82040,82101,82181,80,61
82040,82138,82183,45,98
82040,82138,82183,45,98
82040,82141,82183,42,101
82040,82107,82184,77,67
82040,82102,82185,83,62
82040,82140,82186,46,100
82040,82147,82190,43,107
82040,82147,82191,44,107
82040,82143,82191,48,103
82040,82147,82193,46,107
82040,82141,82193,52,101
82040,82142,82192,50,102
82040,82149,82194,45,109
82040,82141,82193,52,101
82040,82144,82195,51,104
82040,82155,82196,41,115
82040,82156,82197,41,116
82040,82153,82201,48,113
82040,82154,82202,48,114
82040,82149,82202,53,109
82040,82152,82203,51,112
82040,82151,82204,53,111
82040,82148,82205,57,108
82040,82148,82205,57,108
82040,82159,82206,47,119
82040,82154,82207,53,114
82040,82156,82207,51,116
82040,82156,82209,53,116
82040,82157,82209,52,117
82040,82161,82210,49,121
82040,82153,82212,59,113
82040,82160,82213,53,120
82040,82153,82214,61,113
82040,82150,82214,64,110
82040,82159,82215,56,119
82040,82161,82217,56,121
82040,82161,82220,59,121
82040,82161,82223,62,121
82040,82161,82222,61,121
82040,82160,82234,74,120
82248,82248,82295,47,0
82248,82248,82296,48,0
82248,82248,82297,49,0
82248,82248,82298,50,0
82248,82248,82298,50,0
82248,82248,82298,50,0
82248,82248,82299,51,0
82248,82248,82299,51,0
82248,82248,82299,51,0
82248,82248,82300,52,0
82248,82248,82301,53,0
82248,82248,82303,55,0
82248,82248,82304,56,0
82248,82248,82305,57,0
82248,82248,82305,57,0
82248,82248,82305,57,0
82248,82248,82305,57,0
82248,82248,82306,58,0
82248,82248,82306,58,0
82248,82248,82306,58,0
82248,82248,82306,58,0
82248,82248,82306,58,0
82248,82248,82306,58,0
82248,82248,82307,59,0
82248,82248,82307,59,0
82248,82248,82308,60,0
82248,82248,82308,60,0
82248,82248,82308,60,0
82248,82248,82310,62,0
82248,82248,82311,63,0
82248,82248,82312,64,0
82248,82248,82312,64,0
82248,82248,82312,64,0
82248,82248,82313,65,0
82248,82248,82313,65,0
82248,82248,82313,65,0
82248,82248,82314,66,0
82248,82248,82314,66,0
82248,82248,82314,66,0
82248,82248,82315,67,0
82248,82248,82316,68,0
82248,82248,82316,68,0
82248,82248,82316,68,0
82248,82248,82317,69,0
82248,82248,82317,69,0
82248,82248,82319,71,0
82248,82248,82319,71,0
82248,82248,82320,72,0
82248,82248,82320,72,0
82248,82248,82323,75,0
82248,82248,82323,75,0
82330,82330,82374,44,0
82330,82330,82376,46,0
82330,82330,82377,47,0
82330,82330,82379,49,0
82330,82330,82381,51,0
82330,82330,82383,53,0
82330,82330,82383,53,0
82330,82330,82384,54,0
82330,82330,82384,54,0
82330,82330,82385,55,0
82330,82330,82385,55,0
82330,82330,82386,56,0
82330,82330,82386,56,0
82330,82330,82386,56,0
82330,82330,82385,55,0
82330,82330,82385,55,0
82330,82330,82387,57,0
82330,82330,82387,57,0
82330,82330,82388,58,0
82330,82330,82390,60,0
82330,82330,82390,60,0
82330,82330,82390,60,0
82330,82330,82391,61,0
82330,82330,82390,60,0
82330,82330,82391,61,0
82330,82330,82391,61,0
82330,82330,82392,62,0
82330,82330,82391,61,0
82330,82330,82392,62,0
82330,82330,82391,61,0
82330,82330,82391,61,0
82330,82330,82392,62,0
82330,82330,82393,63,0
82330,82330,82393,63,0
82330,82330,82393,63,0
82330,82330,82393,63,0
82330,82330,82393,63,0
82330,82330,82394,64,0
82330,82330,82395,65,0
82330,82330,82395,65,0
82330,82330,82396,66,0
82330,82330,82396,66,0
82330,82330,82397,67,0
82330,82330,82397,67,0
82330,82330,82396,66,0
82330,82330,82397,67,0
82330,82330,82397,67,0
82330,82330,82398,68,0
82330,82330,82397,67,0
82330,82330,82397,67,0
82330,82330,82399,69,0
82330,82330,82399,69,0
82330,82330,82399,69,0
82330,82330,82399,69,0
82330,82330,82401,71,0
82330,82330,82400,70,0
82330,82330,82400,70,0
82330,82330,82401,71,0
82330,82330,82401,71,0
82330,82330,82402,72,0
82330,82330,82402,72,0
82330,82330,82403,73,0
82330,82330,82403,73,0
82330,82330,82403,73,0
82330,82330,82402,72,0
82330,82330,82404,74,0
82330,82330,82405,75,0
82330,82330,82405,75,0
82330,82330,82405,75,0
82330,82330,82406,76,0
82330,82330,82405,75,0
82330,82330,82407,77,0
82330,82330,82406,76,0
82330,82330,82408,78,0
82330,82330,82409,79,0
82330,82330,82409,79,0
82330,82330,82409,79,0
82330,82330,82410,80,0
82330,82330,82411,81,0
82330,82330,82411,81,0
82330,82398,82422,24,68
82330,82397,82424,27,67
82330,82398,82425,27,68
82330,82398,82425,27,68
82330,82399,82425,26,69
82330,82399,82426,27,69
82330,82399,82427,28,69
82330,82398,82428,30,68
82330,82401,82429,28,71
82330,82399,82429,30,69
82330,82401,82430,29,71
82330,82401,82430,29,71
82330,82398,82432,34,68
82330,82397,82433,36,67
82330,82397,82433,36,67
82330,82402,82432,30,72
82330,82402,82434,32,72
82330,82374,82435,61,44
82330,82403,82436,33,73
82330,82401,82435,34,71
82330,82403,82436,33,73
82330,82396,82439,43,66
82330,82403,82439,36,73
82330,82405,82441,36,75
82330,82403,82441,38,73
82330,82406,82442,36,76
82330,82404,82443,39,74
82330,82402,82443,41,72
82330,82405,82443,38,75
82330,82376,82445,69,46
82330,82406,82445,39,76
82330,82409,82446,37,79
82330,82381,82447,66,51
82330,82407,82448,41,77
82330,82386,82449,63,56
82330,82408,82451,43,78
82330,82378,82451,73,48
82330,82393,82452,59,63
82330,82385,82452,67,55
82330,82386,82453,67,56
82330,82383,82453,70,53
82330,82411,82453,42,81
82330,82379,82453,74,49
82330,82387,82454,67,57
82330,82396,82454,58,66
82330,82407,82454,47,77
82330,82384,82455,71,54
82330,82409,82455,46,79
82330,82405,82455,50,75
82330,82385,82456,71,55
82330,82409,82457,48,79
82330,82384,82458,74,54
82330,82386,82459,73,56
82330,82386,82459,73,56
82330,82422,82460,38,92
82330,82392,82461,69,62
82330,82395,82462,67,65
82330,82392,82462,70,62
82330,82392,82462,70,62
82330,82393,82462,69,63
82330,82395,82463,68,65
82330,82385,82463,78,55
82330,82391,82463,72,61
82330,82396,82463,67,66
82330,82391,82463,72,61
82330,82393,82463,70,63
82330,82391,82463,72,61
82330,82393,82464,71,63
82330,82392,82464,72,62
82330,82391,82464,73,61
82330,82392,82465,73,62
82330,82390,82465,75,60
82330,82387,82466,79,57
82330,82393,82467,74,63
82330,82412,82468,56,82
82330,82386,82467,81,56
82330,82389,82468,79,59
82330,82425,82468,43,95
82330,82425,82468,43,95
82330,82410,82469,59,80
82330,82428,82468,40,98
82330,82426,82470,44,96
82330,82429,82470,41,99
82330,82390,82470,80,60
82330,82390,82471,81,60
82330,82429,82471,42,99
82330,82425,82473,48,95
82330,82424,82472,48,94
82330,82431,82473,42,101
82330,82393,82475,82,63
82330,82433,82476,43,103
82330,82436,82478,42,106
82330,82430,82478,48,100
82330,82433,82478,45,103
82330,82432,82481,49,102
82330,82427,82481,54,97
82330,82435,82483,48,105
82330,82442,82483,41,112
82330,82439,82486,47,109
82330,82436,82488,52,106
82330,82435,82491,56,105
82330,82436,82490,54,106
82330,82441,82490,49,111
82330,82443,82492,49,113
82330,82441,82492,51,111
82330,82444,82492,48,114
82330,82450,82494,44,120
82330,82433,82495,62,103
82330,82449,82496,47,119
82330,82453,82497,44,123
82330,82452,82499,47,122
82330,82444,82499,55,114
82330,82439,82500,61,109
82330,82449,82500,51,119
82330,82448,82501,53,118
82330,82452,82505,53,122
82330,82446,82506,60,116
82330,82446,82510,64,116
82330,82453,82512,59,123
82526,82526,82577,51,0
82526,82526,82577,51,0
82526,82526,82579,53,0
82526,82526,82579,53,0
82526,82526,82579,53,0
82526,82526,82581,55,0
82526,82526,82581,55,0
82526,82526,82581,55,0
82526,82526,82581,55,0
82526,82526,82581,55,0
82526,82526,82581,55,0
82526,82526,82582,56,0
82526,82526,82583,57,0
82526,82526,82583,57,0
82526,82526,82583,57,0
82526,82526,82583,57,0
82526,82526,82583,57,0
82526,82526,82584,58,0
82526,82526,82584,58,0
82526,82526,82584,58,0
82526,82526,82584,58,0
82526,82526,82584,58,0
82526,82526,82585,59,0
82526,82526,82586,60,0
82526,82526,82586,60,0
82526,82526,82588,62,0
82526,82526,82588,62,0
82526,82526,82588,62,0
82526,82526,82588,62,0
82526,82526,82588,62,0
82526,82526,82588,62,0
82526,82526,82589,63,0
82526,82526,82589,63,0
82526,82526,82589,63,0
82526,82526,82590,64,0
82526,82526,82591,65,0
82526,82526,82591,65,0
82526,82526,82591,65,0
82526,82526,82592,66,0
82526,82526,82593,67,0
82526,82526,82593,67,0
82526,82526,82595,69,0
82526,82526,82595,69,0
82526,82526,82596,70,0
82526,82526,82597,71,0
82526,82526,82598,72,0
82526,82526,82601,75,0
82526,82526,82601,75,0
82526,82526,82601,75,0
82526,82526,82603,77,0
82526,82526,82604,78,0
82611,82611,82658,47,0
82611,82611,82659,48,0
82611,82611,82661,50,0
82611,82611,82663,52,0
82611,82611,82663,52,0
82611,82611,82662,51,0
82611,82611,82666,55,0
82611,82611,82666,55,0
82611,82611,82666,55,0
82611,82611,82667,56,0
82611,82611,82667,56,0
82611,82611,82668,57,0
82611,82611,82667,56,0
82611,82611,82670,59,0
82611,82611,82670,59,0
82611,82611,82670,59,0
82611,82611,82671,60,0
82611,82611,82670,59,0
82611,82611,82670,59,0
82611,82611,82671,60,0
82611,82611,82672,61,0
82611,82611,82672,61,0
82611,82611,82671,60,0
82611,82611,82673,62,0
82611,82611,82673,62,0
82611,82611,82673,62,0
82611,82611,82673,62,0
82611,82611,82673,62,0
82611,82611,82673,62,0
82611,82611,82674,63,0
82611,82611,82674,63,0
82611,82611,82675,64,0
82611,82611,82676,65,0
82611,82611,82676,65,0
82611,82611,82677,66,0
82611,82611,82678,67,0
82611,82611,82678,67,0
82611,82611,82678,67,0
82611,82611,82679,68,0
82611,82611,82679,68,0
82611,82611,82679,68,0
82611,82611,82679,68,0
82611,82611,82679,68,0
82611,82611,82679,68,0
82611,82611,82679,68,0
82611,82611,82679,68,0
82611,82611,82680,69,0
82611,82611,82681,70,0
82611,82611,82680,69,0
82611,82611,82681,70,0
82611,82611,82681,70,0
82611,82611,82681,70,0
82611,82611,82681,70,0
82611,82611,82681,70,0
82611,82611,82681,70,0
82611,82611,82682,71,0
82611,82611,82682,71,0
82611,82611,82682,71,0
82611,82611,82682,71,0
82611,82611,82683,72,0
82611,82611,82683,72,0
82611,82611,82683,72,0
82611,82611,82683,72,0
82611,82611,82683,72,0
82611,82611,82684,73,0
82611,82611,82684,73,0
82611,82611,82684,73,0
82611,82611,82684,73,0
82611,82611,82684,73,0
82611,82611,82685,74,0
82611,82611,82685,74,0
82611,82611,82685,74,0
82611,82611,82686,75,0
82611,82611,82686,75,0
82611,82611,82689,78,0
82611,82611,82689,78,0
82611,82611,82691,80,0
82611,82611,82692,81,0
82611,82611,82696,85,0
82611,82611,82695,84,0
82611,82680,82705,25,69
82611,82681,82705,24,70
82611,82682,82706,24,71
82611,82682,82708,26,71
82611,82682,82710,28,71
82611,82683,82711,28,72
82611,82683,82711,28,72
82611,82682,82712,30,71
82611,82682,82712,30,71
82611,82682,82712,30,71
82611,82680,82712,32,69
82611,82683,82715,32,72
82611,82684,82715,31,73
82611,82680,82716,36,69
82611,82681,82716,35,70
82611,82685,82717,32,74
82611,82681,82717,36,70
82611,82683,82717,34,72
82611,82685,82719,34,74
82611,82658,82721,63,47
82611,82684,82721,37,73
82611,82686,82723,37,75
82611,82684,82722,38,73
82611,82684,82723,39,73
82611,82685,82722,37,74
82611,82684,82724,40,73
82611,82685,82723,38,74
82611,82687,82725,38,76
82611,82686,82727,41,75
82611,82680,82727,47,69
82611,82692,82726,34,81
82611,82686,82726,40,75
82611,82661,82728,67,50
82611,82667,82727,60,56
82611,82685,82727,42,74
82611,82690,82728,38,79
82611,82680,82729,49,69
82611,82690,82729,39,79
82611,82663,82730,67,52
82611,82663,82731,68,52
82611,82680,82732,52,69
82611,82671,82732,61,60
82611,82686,82734,48,75
82611,82660,82735,75,49
82611,82680,82734,54,69
82611,82663,82734,71,52
82611,82666,82736,70,55
82611,82668,82736,68,57
82611,82670,82736,66,59
82611,82667,82736,69,56
82611,82693,82738,45,82
82611,82667,82738,71,56
82611,82673,82739,66,62
82611,82696,82741,45,85
82611,82673,82741,68,62
82611,82666,82742,76,55
82611,82668,82742,74,57
82611,82676,82743,67,65
82611,82678,82743,65,67
82611,82696,82743,47,85
82611,82671,82743,72,60
82611,82679,82744,65,68
82611,82676,82743,67,65
82611,82673,82743,70,62
82611,82672,82745,73,61
82611,82676,82745,69,65
82611,82670,82746,76,59
82611,82679,82745,66,68
82611,82674,82745,71,63
82611,82673,82746,73,62
82611,82674,82745,71,63
82611,82671,82746,75,60
82611,82672,82746,74,61
82611,82673,82747,74,62
82611,82670,82746,76,59
82611,82671,82746,75,60
82611,82672,82746,74,61
82611,82678,82748,70,67
82611,82707,82748,41,96
82611,82678,82751,73,67
82611,82706,82752,46,95
82611,82711,82752,41,100
82611,82711,82752,41,100
82611,82717,82754,37,106
82611,82677,82757,80,66
82611,82713,82761,48,102
82611,82706,82762,56,95
82611,82713,82761,48,102
82611,82715,82762,47,104
82611,82716,82764,48,105
82611,82723,82764,41,112
82611,82724,82764,40,113
82611,82713,82766,53,102
82611,82717,82765,48,106
82611,82718,82766,48,107
82611,82712,82767,55,101
82611,82709,82766,57,98
82611,82718,82767,49,107
82611,82721,82768,47,110
82611,82723,82770,47,112
82611,82724,82771,47,113
82611,82730,82772,42,119
82611,82726,82773,47,115
82611,82723,82774,51,112
82611,82727,82777,50,116
82611,82731,82776,45,120
82611,82720,82778,58,109
82611,82727,82778,51,116
82611,82713,82778,65,102
82611,82728,82779,51,117
82611,82728,82779,51,117
82611,82723,82779,56,112
82611,82718,82779,61,107
82611,82728,82780,52,117
82611,82722,82781,59,111
82611,82727,82781,54,116
82611,82729,82787,58,118
82611,82730,82788,58,119
82611,82727,82790,63,116
82805,82805,82853,48,0
82805,82805,82853,48,0
82805,82805,82853,48,0
82805,82805,82855,50,0
82805,82805,82856,51,0
82805,82805,82856,51,0
82805,82805,82858,53,0
82805,82805,82857,52,0
82805,82805,82858,53,0
82805,82805,82858,53,0
82805,82805,82858,53,0
82805,82805,82859,54,0
82805,82805,82859,54,0
82805,82805,82861,56,0
82805,82805,82862,57,0
82805,82805,82862,57,0
82805,82805,82862,57,0
82805,82805,82863,58,0
82805,82805,82863,58,0
82805,82805,82864,59,0
82805,82805,82863,58,0
82805,82805,82863,58,0
82805,82805,82864,59,0
82805,82805,82865,60,0
82805,82805,82865,60,0
82805,82805,82867,62,0
82805,82805,82867,62,0
82805,82805,82868,63,0
82805,82805,82869,64,0
82805,82805,82869,64,0
82805,82805,82870,65,0
82805,82805,82870,65,0
82805,82805,82870,65,0
82805,82805,82871,66,0
82805,82805,82872,67,0
82805,82805,82871,66,0
82805,82805,82872,67,0
82805,82805,82872,67,0
82805,82805,82874,69,0
82805,82805,82875,70,0
82805,82805,82874,69,0
82805,82805,82875,70,0
82805,82805,82875,70,0
82805,82805,82875,70,0
82805,82805,82875,70,0
82805,82805,82877,72,0
82805,82805,82877,72,0
82805,82805,82878,73,0
82805,82805,82877,72,0
82805,82805,82880,75,0
82805,82805,82886,81,0
82892,82892,82939,47,0
82892,82892,82941,49,0
82892,82892,82944,52,0
82892,82892,82944,52,0
82892,82892,82946,54,0
82892,82892,82946,54,0
82892,82892,82945,53,0
82892,82892,82947,55,0
82892,82892,82948,56,0
82892,82892,82950,58,0
82892,82892,82951,59,0
82892,82892,82952,60,0
82892,82892,82953,61,0
82892,82892,82952,60,0
82892,82892,82952,60,0
82892,82892,82954,62,0
82892,82892,82953,61,0
82892,82892,82954,62,0
82892,82892,82955,63,0
82892,82892,82955,63,0
82892,82892,82955,63,0
82892,82892,82955,63,0
82892,82892,82956,64,0
82892,82892,82956,64,0
82892,82892,82955,63,0
82892,82892,82955,63,0
82892,82892,82955,63,0
82892,82892,82956,64,0
82892,82892,82957,65,0
82892,82892,82956,64,0
82892,82892,82957,65,0
82892,82892,82956,64,0
82892,82892,82959,67,0
82892,82892,82959,67,0
82892,82892,82958,66,0
82892,82892,82959,67,0
82892,82892,82959,67,0
82892,82892,82960,68,0
82892,82892,82959,67,0
82892,82892,82960,68,0
82892,82892,82960,68,0
82892,82892,82961,69,0
82892,82892,82961,69,0
82892,82892,82960,68,0
82892,82892,82961,69,0
82892,82892,82961,69,0
82892,82892,82961,69,0
82892,82892,82960,68,0
82892,82892,82961,69,0
82892,82892,82961,69,0
82892,82892,82962,70,0
82892,82892,82962,70,0
82892,82892,82961,69,0
82892,82892,82961,69,0
82892,82892,82962,70,0
82892,82892,82963,71,0
82892,82892,82963,71,0
82892,82892,82964,72,0
82892,82892,82964,72,0
82892,82892,82964,72,0
82892,82892,82963,71,0
82892,82892,82964,72,0
82892,82892,82965,73,0
82892,82892,82965,73,0
82892,82892,82964,72,0
82892,82892,82966,74,0
82892,82892,82966,74,0
82892,82892,82966,74,0
82892,82892,82966,74,0
82892,82892,82967,75,0
82892,82892,82967,75,0
82892,82892,82966,74,0
82892,82892,82967,75,0
82892,82892,82969,77,0
82892,82892,82969,77,0
82892,82892,82970,78,0
82892,82892,82971,79,0
82892,82892,82972,80,0
82892,82892,82972,80,0
82892,82892,82974,82,0
82892,82961,82985,24,69
82892,82962,82986,24,70
82892,82962,82987,25,70
82892,82961,82988,27,69
82892,82963,82990,27,71
82892,82962,82990,28,70
82892,82961,82991,30,69
82892,82962,82992,30,70
82892,82962,82992,30,70
82892,82962,82993,31,70
82892,82961,82994,33,69
82892,82961,82994,33,69
82892,82961,82994,33,69
82892,82964,82995,31,72
82892,82965,82995,30,73
82892,82964,82995,31,72
82892,82964,82996,32,72
82892,82966,82997,31,74
82892,82964,82997,33,72
82892,82964,82998,34,72
82892,82966,82999,33,74
82892,82963,83001,38,71
82892,82940,83001,61,48
82892,82965,83001,36,73
82892,82961,83002,41,69
82892,82965,83002,37,73
82892,82946,83004,58,54
82892,82967,83004,37,75
82892,82970,83005,35,78
82892,82967,83008,41,75
82892,82967,83009,42,75
82892,82942,83009,67,50
82892,82966,83010,44,74
82892,82972,83011,39,80
82892,82971,83012,41,79
82892,82972,83012,40,80
82892,82961,83013,52,69
82892,82951,83013,62,59
82892,82967,83013,46,75
82892,82970,83015,45,78
82892,82948,83016,68,56
82892,82967,83015,48,75
82892,82946,83016,70,54
82892,82945,83016,71,53
82892,82953,83016,63,61
82892,82949,83016,67,57
82892,82944,83017,73,52
82892,82951,83017,66,59
82892,82974,83017,43,82
82892,82969,83019,50,77
82892,82946,83019,73,54
82892,82956,83020,64,64
82892,82959,83021,62,67
82892,82955,83022,67,63
82892,82961,83024,63,69
82892,82953,83023,70,61
82892,82955,83024,69,63
82892,82986,83026,40,94
82892,82985,83026,41,93
82892,82954,83028,74,62
82892,82987,83027,40,95
82892,82953,83027,74,61
82892,82956,83029,73,64
82892,82957,83028,71,65
82892,82959,83030,71,67
82892,82957,83030,73,65
82892,82955,83029,74,63
82892,82960,83030,70,68
82892,82957,83030,73,65
82892,82956,83031,75,64
82892,82960,83031,71,68
82892,82957,83031,74,65
82892,82959,83031,72,67
82892,82954,83032,78,62
82892,82990,83033,43,98
82892,82959,83033,74,67
82892,82956,83033,77,64
82892,82954,83033,79,62
82892,82957,83034,77,65
82892,82988,83036,48,96
82892,82996,83037,41,104
82892,82952,83037,85,60
82892,82993,83038,45,101
82892,82956,83038,82,64
82892,82959,83038,79,67
82892,82998,83038,40,106
82892,82960,83038,78,68
82892,82993,83039,46,101
82892,82956,83041,85,64
82892,82992,83041,49,100
82892,83005,83042,37,113
82892,82992,83041,49,100
82892,82998,83043,45,106
82892,82991,83042,51,99
82892,82994,83043,49,102
82892,82995,83043,48,103
82892,82999,83044,45,107
82892,82996,83045,49,104
82892,83002,83046,44,110
82892,82998,83046,48,106
82892,82995,83049,54,103
82892,83005,83050,45,113
82892,83010,83050,40,118
82892,83006,83051,45,114
82892,83002,83052,50,110
82892,82997,83051,54,105
82892,83003,83051,48,111
82892,83002,83052,50,110
82892,83003,83054,51,111
82892,82994,83055,61,102
82892,83014,83057,43,122
82892,83014,83059,45,122
82892,83010,83060,50,118
82892,83012,83061,49,120
82892,83012,83063,51,120
82892,83013,83064,51,121
82892,83011,83065,54,119
82892,83009,83066,57,117
82892,83014,83071,57,122
83086,83086,83129,43,0
83086,83086,83132,46,0
83086,83086,83134,48,0
83086,83086,83135,49,0
83086,83086,83135,49,0
83086,83086,83136,50,0
83086,83086,83136,50,0
83086,83086,83137,51,0
83086,83086,83137,51,0
83086,83086,83139,53,0
83086,83086,83139,53,0
83086,83086,83138,52,0
83086,83086,83140,54,0
83086,83086,83140,54,0
83086,83086,83140,54,0
83086,83086,83143,57,0
83086,83086,83142,56,0
83086,83086,83142,56,0
83086,83086,83143,57,0
83086,83086,83143,57,0
83086,83086,83143,57,0
83086,83086,83144,58,0
83086,83086,83143,57,0
83086,83086,83145,59,0
83086,83086,83144,58,0
83086,83086,83144,58,0
83086,83086,83145,59,0
83086,83086,83146,60,0
83086,83086,83147,61,0
83086,83086,83147,61,0
83086,83086,83148,62,0
83086,83086,83148,62,0
83086,83086,83150,64,0
83086,83086,83149,63,0
83086,83086,83150,64,0
83086,83086,83151,65,0
83086,83086,83151,65,0
83086,83086,83151,65,0
83086,83086,83153,67,0
83086,83086,83153,67,0
83086,83086,83154,68,0
83086,83086,83154,68,0
83086,83086,83155,69,0
83086,83086,83155,69,0
83086,83086,83156,70,0
83086,83086,83157,71,0
83086,83086,83158,72,0
83086,83086,83158,72,0
83086,83086,83160,74,0
83086,83086,83160,74,0
83086,83086,83160,74,0
83167,83167,83218,51,0
83167,83167,83220,53,0
83167,83167,83223,56,0
83167,83167,83225,58,0
83167,83167,83225,58,0
83167,83167,83225,58,0
83167,83167,83225,58,0
83167,83167,83226,59,0
83167,83167,83226,59,0
83167,83167,83227,60,0
83167,83167,83227,60,0
83167,83167,83227,60,0
83167,83167,83229,62,0
83167,83167,83228,61,0
83167,83167,83228,61,0
83167,83167,83229,62,0
83167,83167,83229,62,0
83167,83167,83229,62,0
83167,83167,83229,62,0
83167,83167,83230,63,0
83167,83167,83230,63,0
83167,83167,83230,63,0
83167,83167,83230,63,0
83167,83167,83231,64,0
83167,83167,83232,65,0
83167,83167,83231,64,0
83167,83167,83231,64,0
83167,83167,83231,64,0
83167,83167,83232,65,0
83167,83167,83232,65,0
83167,83167,83232,65,0
83167,83167,83233,66,0
83167,83167,83233,66,0
83167,83167,83233,66,0
83167,83167,83235,68,0
83167,83167,83234,67,0
83167,83167,83234,67,0
83167,83167,83236,69,0
83167,83167,83235,68,0
83167,83167,83236,69,0
83167,83167,83236,69,0
83167,83167,83237,70,0
83167,83167,83237,70,0
83167,83167,83237,70,0
83167,83167,83237,70,0
83167,83167,83237,70,0
83167,83167,83238,71,0
83167,83167,83239,72,0
83167,83167,83238,71,0
83167,83167,83238,71,0
83167,83167,83238,71,0
83167,83167,83239,72,0
83167,83167,83238,71,0
83167,83167,83238,71,0
83167,83167,83239,72,0
83167,83167,83239,72,0
83167,83167,83241,74,0
83167,83167,83241,74,0
83167,83167,83241,74,0
83167,83167,83241,74,0
83167,83167,83242,75,0
83167,83167,83242,75,0
83167,83167,83243,76,0
83167,83167,83243,76,0
83167,83167,83244,77,0
83167,83167,83244,77,0
83167,83167,83243,76,0
83167,83167,83243,76,0
83167,83167,83243,76,0
83167,83167,83244,77,0
83167,83167,83244,77,0
83167,83167,83245,78,0
83167,83167,83247,80,0
83167,83167,83247,80,0
83167,83167,83246,79,0
83167,83167,83247,80,0
83167,83167,83247,80,0
83167,83167,83248,81,0
83167,83167,83248,81,0
83167,83167,83249,82,0
83167,83239,83262,23,72
83167,83239,83263,24,72
83167,83239,83264,25,72
83167,83239,83264,25,72
83167,83239,83265,26,72
83167,83238,83265,27,71
83167,83239,83267,28,72
83167,83240,83268,28,73
83167,83238,83267,29,71
83167,83239,83267,28,72
83167,83239,83269,30,72
83167,83238,83270,32,71
83167,83240,83269,29,73
83167,83241,83270,29,74
83167,83242,83272,30,75
83167,83241,83272,31,74
83167,83243,83274,31,76
83167,83243,83274,31,76
83167,83244,83275,31,77
83167,83238,83276,38,71
83167,83244,83278,34,77
83167,83244,83278,34,77
83167,83243,83280,37,76
83167,83247,83280,33,80
83167,83246,83281,35,79
83167,83242,83282,40,75
83167,83245,83283,38,78
83167,83244,83284,40,77
83167,83245,83284,39,78
83167,83244,83285,41,77
83167,83244,83284,40,77
83167,83247,83285,38,80
83167,83226,83286,60,59
83167,83224,83287,63,57
83167,83250,83287,37,83
83167,83219,83288,69,52
83167,83247,83288,41,80
83167,83221,83289,68,54
83167,83248,83289,41,81
83167,83248,83290,42,81
83167,83228,83290,62,61
83167,83238,83292,54,71
83167,83248,83291,43,81
83167,83249,83292,43,82
83167,83226,83294,68,59
83167,83236,83294,58,69
83167,83230,83294,64,63
83167,83231,83297,66,64
83167,83227,83296,69,60
83167,83237,83297,60,70
83167,83263,83297,34,96
83167,83226,83298,72,59
83167,83228,83298,70,61
83167,83231,83300,69,64
83167,83231,83299,68,64
83167,83233,83300,67,66
83167,83230,83299,69,63
83167,83227,83300,73,60
83167,83237,83300,63,70
83167,83230,83301,71,63
83167,83232,83301,69,65
83167,83228,83302,74,61
83167,83232,83302,70,65
83167,83229,83302,73,62
83167,83229,83304,75,62
83167,83236,83303,67,69
83167,83235,83305,70,68
83167,83226,83304,78,59
83167,83229,83305,76,62
83167,83233,83306,73,66
83167,83234,83306,72,67
83167,83232,83307,75,65
83167,83230,83306,76,63
83167,83232,83307,75,65
83167,83268,83307,39,101
83167,83265,83306,41,98
83167,83265,83308,43,98
83167,83267,83309,42,100
83167,83265,83309,44,98
83167,83272,83310,38,105
83167,83234,83310,76,67
83167,83270,83309,39,103
83167,83235,83310,75,68
83167,83235,83310,75,68
83167,83264,83312,48,97
83167,83232,83313,81,65
83167,83234,83313,79,67
83167,83231,83315,84,64
83167,83233,83315,82,66
83167,83266,83316,50,99
83167,83268,83316,48,101
83167,83269,83319,50,102
83167,83271,83319,48,104
83167,83276,83319,43,109
83167,83274,83319,45,107
83167,83270,83322,52,103
83167,83273,83323,50,106
83167,83279,83324,45,112
83167,83275,83324,49,108
83167,83284,83326,42,117
83167,83279,83328,49,112
83167,83281,83329,48,114
83167,83285,83331,46,118
83167,83289,83332,43,122
83167,83274,83332,58,107
83167,83285,83333,48,118
83167,83268,83333,65,101
83167,83284,83333,49,117
83167,83281,83334,53,114
83167,83286,83335,49,119
83167,83282,83334,52,115
83167,83288,83335,47,121
83167,83280,83336,56,113
83167,83290,83336,46,123
83167,83287,83337,50,120
83167,83288,83337,49,121
83167,83284,83340,56,117
83167,83289,83346,57,122
83167,83290,83348,58,123
83364,83364,83408,44,0
83364,83364,83408,44,0
83364,83364,83408,44,0
83364,83364,83408,44,0
83364,83364,83410,46,0
83364,83364,83413,49,0
83364,83364,83413,49,0
83364,83364,83415,51,0
83364,83364,83415,51,0
83364,83364,83415,51,0
83364,83364,83416,52,0
83364,83364,83416,52,0
83364,83364,83417,53,0
83364,83364,83417,53,0
83364,83364,83418,54,0
83364,83364,83418,54,0
83364,83364,83418,54,0
83364,83364,83418,54,0
83364,83364,83420,56,0
83364,83364,83420,56,0
83364,83364,83420,56,0
83364,83364,83420,56,0
83364,83364,83420,56,0
83364,83364,83420,56,0
83364,83364,83421,57,0
83364,83364,83421,57,0
83364,83364,83421,57,0
83364,83364,83422,58,0
83364,83364,83423,59,0
83364,83364,83424,60,0
83364,83364,83424,60,0
83364,83364,83425,61,0
83364,83364,83425,61,0
83364,83364,83425,61,0
83364,83364,83426,62,0
83364,83364,83426,62,0
83364,83364,83425,61,0
83364,83364,83426,62,0
83364,83364,83427,63,0
83364,83364,83427,63,0
83364,83364,83426,62,0
83364,83364,83428,64,0
83364,83364,83430,66,0
83364,83364,83431,67,0
83364,83364,83431,67,0
83364,83364,83432,68,0
83364,83364,83432,68,0
83364,83364,83434,70,0
83364,83364,83435,71,0
83364,83364,83437,73,0
83364,83364,83441,77,0
83448,83448,83498,50,0
83448,83448,83503,55,0
83448,83448,83503,55,0
83448,83448,83503,55,0
83448,83448,83505,57,0
83448,83448,83507,59,0
83448,83448,83507,59,0
83448,83448,83507,59,0
83448,83448,83508,60,0
83448,83448,83508,60,0
83448,83448,83509,61,0
83448,83448,83510,62,0
83448,83448,83510,62,0
83448,83448,83510,62,0
83448,83448,83511,63,0
83448,83448,83511,63,0
83448,83448,83512,64,0
83448,83448,83513,65,0
83448,83448,83514,66,0
83448,83448,83513,65,0
83448,83448,83514,66,0
83448,83448,83514,66,0
83448,83448,83515,67,0
83448,83448,83515,67,0
83448,83448,83516,68,0
83448,83448,83515,67,0
83448,83448,83517,69,0
83448,83448,83516,68,0
83448,83448,83517,69,0
83448,83448,83516,68,0
83448,83448,83516,68,0
83448,83448,83517,69,0
83448,83448,83516,68,0
83448,83448,83517,69,0
83448,83448,83517,69,0
83448,83448,83517,69,0
83448,83448,83517,69,0
83448,83448,83518,70,0
83448,83448,83518,70,0
83448,83448,83518,70,0
83448,83448,83518,70,0
83448,83448,83518,70,0
83448,83448,83518,70,0
83448,83448,83519,71,0
83448,83448,83519,71,0
83448,83448,83519,71,0
83448,83448,83519,71,0
83448,83448,83519,71,0
83448,83448,83519,71,0
83448,83448,83520,72,0
83448,83448,83519,71,0
83448,83448,83520,72,0
83448,83448,83519,71,0
83448,83448,83520,72,0
83448,83448,83520,72,0
83448,83448,83520,72,0
83448,83448,83520,72,0
83448,83448,83520,72,0
83448,83448,83520,72,0
83448,83448,83520,72,0
83448,83448,83521,73,0
83448,83448,83521,73,0
83448,83448,83521,73,0
83448,83448,83521,73,0
83448,83448,83522,74,0
83448,83448,83522,74,0
83448,83448,83522,74,0
83448,83448,83522,74,0
83448,83448,83524,76,0
83448,83448,83523,75,0
83448,83448,83523,75,0
83448,83448,83524,76,0
83448,83448,83524,76,0
83448,83448,83524,76,0
83448,83448,83524,76,0
83448,83448,83524,76,0
83448,83448,83526,78,0
83448,83448,83527,79,0
83448,83448,83528,80,0
83448,83448,83529,81,0
83448,83520,83543,23,72
83448,83520,83544,24,72
83448,83520,83543,23,72
83448,83520,83546,26,72
83448,83520,83546,26,72
83448,83520,83547,27,72
83448,83520,83547,27,72
83448,83520,83547,27,72
83448,83522,83548,26,74
83448,83520,83547,27,72
83448,83521,83548,27,73
83448,83522,83548,26,74
83448,83521,83549,28,73
83448,83521,83549,28,73
83448,83521,83551,30,73
83448,83521,83551,30,73
83448,83521,83552,31,73
83448,83519,83552,33,71
83448,83519,83555,36,71
83448,83522,83555,33,74
83448,83522,83558,36,74
83448,83524,83559,35,76
83448,83525,83560,35,77
83448,83524,83561,37,76
83448,83527,83563,36,79
83448,83521,83563,42,73
83448,83525,83563,38,77
83448,83523,83563,40,75
83448,83523,83565,42,75
83448,83523,83565,42,75
83448,83525,83566,41,77
83448,83523,83566,43,75
83448,83528,83566,38,80
83448,83504,83568,64,56
83448,83508,83568,60,60
83448,83524,83568,44,76
83448,83499,83568,69,51
83448,83509,83568,59,61
83448,83506,83570,64,58
83448,83530,83570,40,82
83448,83525,83569,44,77
83448,83524,83570,46,76
83448,83529,83570,41,81
83448,83504,83571,67,56
83448,83504,83571,67,56
83448,83519,83572,53,71
83448,83508,83577,69,60
83448,83513,83577,64,65
83448,83515,83577,62,67
83448,83519,83578,59,71
83448,83519,83578,59,71
83448,83511,83579,68,63
83448,83509,83580,71,61
83448,83517,83581,64,69
83448,83518,83581,63,70
83448,83512,83581,69,64
83448,83519,83580,61,71
83448,83517,83581,64,69
83448,83511,83582,71,63
83448,83508,83582,74,60
83448,83516,83582,66,68
83448,83511,83582,71,63
83448,83514,83583,69,66
83448,83510,83584,74,62
83448,83516,83584,68,68
83448,83519,83585,66,71
83448,83517,83585,68,69
83448,83514,83584,70,66
83448,83516,83586,70,68
83448,83516,83587,71,68
83448,83544,83586,42,96
83448,83514,83587,73,66
83448,83543,83588,45,95
83448,83512,83589,77,64
83448,83518,83589,71,70
83448,83517,83590,73,69
83448,83546,83590,44,98
83448,83518,83589,71,70
83448,83552,83590,38,104
83448,83549,83590,41,101
83448,83517,83590,73,69
83448,83544,83591,47,96
83448,83518,83591,73,70
83448,83517,83592,75,69
83448,83547,83592,45,99
83448,83547,83593,46,99
83448,83517,83593,76,69
83448,83549,83594,45,101
83448,83515,83594,79,67
83448,83548,83594,46,100
83448,83548,83595,47,100
83448,83550,83597,47,102
83448,83556,83599,43,108
83448,83549,83600,51,101
83448,83548,83600,52,100
83448,83559,83603,44,111
83448,83561,83603,42,113
83448,83548,83603,55,100
83448,83552,83605,53,104
83448,83553,83608,55,105
83448,83558,83608,50,110
83448,83564,83610,46,116
83448,83563,83610,47,115
83448,83553,83611,58,105
83448,83560,83612,52,112
83448,83564,83613,49,116
83448,83556,83613,57,108
83448,83565,83613,48,117
83448,83563,83614,51,115
83448,83568,83616,48,120
83448,83568,83617,49,120
83448,83568,83620,52,120
83448,83568,83619,51,120
83448,83567,83620,53,119
83448,83567,83622,55,119
83448,83566,83622,56,118
83448,83570,83628,58,122
83448,83568,83635,67,120
83448,83567,83636,69,119
83669,83669,83714,45,0
83669,83669,83715,46,0
83669,83669,83716,47,0
83669,83669,83718,49,0
83669,83669,83720,51,0
83669,83669,83720,51,0
83669,83669,83720,51,0
83669,83669,83719,50,0
83669,83669,83721,52,0
83669,83669,83722,53,0
83669,83669,83723,54,0
83669,83669,83722,53,0
83669,83669,83725,56,0
83669,83669,83724,55,0
83669,83669,83725,56,0
83669,83669,83726,57,0
83669,83669,83726,57,0
83669,83669,83725,56,0
83669,83669,83727,58,0
83669,83669,83727,58,0
83669,83669,83726,57,0
83669,83669,83726,57,0
83669,83669,83728,59,0
83669,83669,83727,58,0
83669,83669,83727,58,0
83669,83669,83728,59,0
83669,83669,83729,60,0
83669,83669,83728,59,0
83669,83669,83729,60,0
83669,83669,83730,61,0
83669,83669,83732,63,0
83669,83669,83732,63,0
83669,83669,83733,64,0
83669,83669,83733,64,0
83669,83669,83734,65,0
83669,83669,83733,64,0
83669,83669,83734,65,0
83669,83669,83735,66,0
83669,83669,83734,65,0
83669,83669,83735,66,0
83669,83669,83736,67,0
83669,83669,83737,68,0
83669,83669,83736,67,0
83669,83669,83736,67,0
83669,83669,83739,70,0
83669,83669,83741,72,0
83669,83669,83743,74,0
83669,83669,83743,74,0
83669,83669,83745,76,0
83669,83669,83748,79,0
83669,83669,83748,79,0
83756,83756,83808,52,0
83756,83756,83809,53,0
83756,83756,83811,55,0
83756,83756,83812,56,0
83756,83756,83813,57,0
83756,83756,83813,57,0
83756,83756,83813,57,0
83756,83756,83814,58,0
83756,83756,83815,59,0
83756,83756,83816,60,0
83756,83756,83817,61,0
83756,83756,83817,61,0
83756,83756,83817,61,0
83756,83756,83818,62,0
83756,83756,83818,62,0
83756,83756,83819,63,0
83756,83756,83819,63,0
83756,83756,83819,63,0
83756,83756,83820,64,0
83756,83756,83820,64,0
83756,83756,83820,64,0
83756,83756,83821,65,0
83756,83756,83822,66,0
83756,83756,83822,66,0
83756,83756,83822,66,0
83756,83756,83822,66,0
83756,83756,83822,66,0
83756,83756,83824,68,0
83756,83756,83824,68,0
83756,83756,83824,68,0
83756,83756,83824,68,0
83756,83756,83824,68,0
83756,83756,83825,69,0
83756,83756,83825,69,0
83756,83756,83825,69,0
83756,83756,83825,69,0
83756,83756,83825,69,0
83756,83756,83826,70,0
83756,83756,83825,69,0
83756,83756,83826,70,0
83756,83756,83827,71,0
83756,83756,83827,71,0
83756,83756,83827,71,0
83756,83756,83827,71,0
83756,83756,83827,71,0
83756,83756,83827,71,0
83756,83756,83827,71,0
83756,83756,83828,72,0
83756,83756,83828,72,0
83756,83756,83828,72,0
83756,83756,83828,72,0
83756,83756,83829,73,0
83756,83756,83829,73,0
83756,83756,83829,73,0
83756,83756,83829,73,0
83756,83756,83830,74,0
83756,83756,83830,74,0
83756,83756,83830,74,0
83756,83756,83830,74,0
83756,83756,83830,74,0
83756,83756,83830,74,0
83756,83756,83831,75,0
83756,83756,83832,76,0
83756,83756,83832,76,0
83756,83756,83833,77,0
83756,83756,83833,77,0
83756,83756,83833,77,0
83756,83756,83834,78,0
83756,83756,83834,78,0
83756,83756,83834,78,0
83756,83756,83835,79,0
83756,83756,83835,79,0
83756,83756,83835,79,0
83756,83756,83835,79,0
83756,83756,83835,79,0
83756,83756,83835,79,0
83756,83756,83835,79,0
83756,83756,83837,81,0
83756,83756,83838,82,0
83756,83756,83840,84,0
83756,83830,83851,21,74
83756,83829,83853,24,73
83756,83828,83854,26,72
83756,83830,83855,25,74
83756,83829,83855,26,73
83756,83829,83855,26,73
83756,83830,83855,25,74
83756,83828,83856,28,72
83756,83828,83856,28,72
83756,83829,83858,29,73
83756,83828,83859,31,72
83756,83829,83860,31,73
83756,83830,83861,31,74
83756,83831,83862,31,75
83756,83833,83862,29,77
83756,83831,83862,31,75
83756,83831,83863,32,75
83756,83831,83864,33,75
83756,83832,83866,34,76
83756,83809,83867,58,53
83756,83833,83869,36,77
83756,83827,83870,43,71
83756,83831,83870,39,75
83756,83833,83870,37,77
83756,83834,83871,37,78
83756,83835,83871,36,79
83756,83834,83871,37,78
83756,83809,83871,62,53
83756,83827,83872,45,71
83756,83812,83875,63,56
83756,83811,83876,65,55
83756,83836,83875,39,80
83756,83835,83877,42,79
83756,83835,83877,42,79
83756,83836,83878,42,80
83756,83836,83877,41,80
83756,83836,83878,42,80
83756,83836,83877,41,80
83756,83841,83878,37,85
83756,83817,83878,61,61
83756,83827,83879,52,71
83756,83814,83880,66,58
83756,83836,83881,45,80
83756,83818,83882,64,62
83756,83827,83881,54,71
83756,83815,83883,68,59
83756,83813,83883,70,57
83756,83825,83883,58,69
83756,83813,83886,73,57
83756,83837,83885,48,81
83756,83825,83887,62,69
83756,83822,83887,65,66
83756,83822,83889,67,66
83756,83818,83889,71,62
83756,83839,83889,50,83
83756,83816,83889,73,60
83756,83815,83889,74,59
83756,83822,83891,69,66
83756,83819,83890,71,63
83756,83824,83890,66,68
83756,83817,83892,75,61
83756,83826,83891,65,70
83756,83836,83891,55,80
83756,83826,83892,66,70
83756,83820,83892,72,64
83756,83825,83892,67,69
83756,83819,83892,73,63
83756,83826,83893,67,70
83756,83825,83892,67,69
83756,83825,83893,68,69
83756,83820,83893,73,64
83756,83822,83892,70,66
83756,83854,83892,38,98
83756,83820,83893,73,64
83756,83818,83893,75,62
83756,83856,83895,39,100
83756,83819,83894,75,63
83756,83823,83895,72,67
83756,83856,83896,40,100
83756,83824,83896,72,68
83756,83821,83897,76,65
83756,83852,83897,45,96
83756,83857,83897,40,101
83756,83826,83898,72,70
83756,83825,83900,75,69
83756,83856,83900,44,100
83756,83856,83901,45,100
83756,83856,83906,50,100
83756,83863,83909,46,107
83756,83855,83909,54,99
83756,83862,83909,47,106
83756,83864,83910,46,108
83756,83860,83910,50,104
83756,83863,83913,50,107
83756,83868,83913,45,112
83756,83859,83914,55,103
83756,83859,83914,55,103
83756,83863,83914,51,107
83756,83871,83915,44,115
83756,83872,83917,45,116
83756,83872,83920,48,116
83756,83871,83920,49,115
83756,83877,83920,43,121
83756,83871,83921,50,115
83756,83877,83921,44,121
83756,83873,83922,49,117
83756,83867,83925,58,111
83756,83878,83924,46,122
83756,83876,83926,50,120
83756,83872,83929,57,116
83756,83865,83928,63,109
83756,83878,83931,53,122
83756,83872,83933,61,116
83756,83875,83935,60,119
83756,83876,83937,61,120
83756,83870,83937,67,114
83756,83878,83938,60,122
83756,83878,83944,66,122
83756,83879,83945,66,123
83959,83959,84002,43,0
83959,83959,84007,48,0
83959,83959,84010,51,0
83959,83959,84011,52,0
83959,83959,84012,53,0
83959,83959,84013,54,0
83959,83959,84013,54,0
83959,83959,84014,55,0
83959,83959,84014,55,0
83959,83959,84016,57,0
83959,83959,84016,57,0
83959,83959,84017,58,0
83959,83959,84017,58,0
83959,83959,84018,59,0
83959,83959,84018,59,0
83959,83959,84018,59,0
83959,83959,84018,59,0
83959,83959,84018,59,0
83959,83959,84019,60,0
83959,83959,84019,60,0
83959,83959,84020,61,0
83959,83959,84019,60,0
83959,83959,84019,60,0
83959,83959,84020,61,0
83959,83959,84020,61,0
83959,83959,84020,61,0
83959,83959,84023,64,0
83959,83959,84023,64,0
83959,83959,84024,65,0
83959,83959,84025,66,0
83959,83959,84024,65,0
83959,83959,84024,65,0
83959,83959,84025,66,0
83959,83959,84026,67,0
83959,83959,84026,67,0
83959,83959,84027,68,0
83959,83959,84028,69,0
83959,83959,84027,68,0
83959,83959,84028,69,0
83959,83959,84028,69,0
83959,83959,84029,70,0
83959,83959,84029,70,0
83959,83959,84029,70,0
83959,83959,84029,70,0
83959,83959,84030,71,0
83959,83959,84030,71,0
83959,83959,84030,71,0
83959,83959,84031,72,0
83959,83959,84032,73,0
83959,83959,84034,75,0
83959,83959,84036,77,0
84043,84043,84092,49,0
84043,84043,84097,54,0
84043,84043,84097,54,0
84043,84043,84096,53,0
84043,84043,84099,56,0
84043,84043,84099,56,0
84043,84043,84101,58,0
84043,84043,84101,58,0
84043,84043,84101,58,0
84043,84043,84101,58,0
84043,84043,84102,59,0
84043,84043,84101,58,0
84043,84043,84103,60,0
84043,84043,84102,59,0
84043,84043,84103,60,0
84043,84043,84103,60,0
84043,84043,84104,61,0
84043,84043,84104,61,0
84043,84043,84105,62,0
84043,84043,84105,62,0
84043,84043,84106,63,0
84043,84043,84106,63,0
84043,84043,84106,63,0
84043,84043,84106,63,0
84043,84043,84106,63,0
84043,84043,84108,65,0
84043,84043,84107,64,0
84043,84043,84109,66,0
84043,84043,84109,66,0
84043,84043,84110,67,0
84043,84043,84110,67,0
84043,84043,84110,67,0
84043,84043,84110,67,0
84043,84043,84111,68,0
84043,84043,84110,67,0
84043,84043,84110,67,0
84043,84043,84112,69,0
84043,84043,84112,69,0
84043,84043,84111,68,0
84043,84043,84112,69,0
84043,84043,84112,69,0
84043,84043,84113,70,0
84043,84043,84112,69,0
84043,84043,84112,69,0
84043,84043,84112,69,0
84043,84043,84114,71,0
84043,84043,84113,70,0
84043,84043,84114,71,0
84043,84043,84113,70,0
84043,84043,84114,71,0
84043,84043,84115,72,0
84043,84043,84114,71,0
84043,84043,84115,72,0
84043,84043,84115,72,0
84043,84043,84115,72,0
84043,84043,84115,72,0
84043,84043,84116,73,0
84043,84043,84115,72,0
84043,84043,84116,73,0
84043,84043,84116,73,0
84043,84043,84117,74,0
84043,84043,84117,74,0
84043,84043,84118,75,0
84043,84043,84118,75,0
84043,84043,84119,76,0
84043,84043,84118,75,0
84043,84043,84119,76,0
84043,84043,84120,77,0
84043,84043,84119,76,0
84043,84043,84120,77,0
84043,84043,84120,77,0
84043,84043,84121,78,0
84043,84043,84120,77,0
84043,84043,84121,78,0
84043,84043,84121,78,0
84043,84043,84122,79,0
84043,84043,84122,79,0
84043,84043,84124,81,0
84043,84043,84125,82,0
84043,84043,84126,83,0
84043,84114,84137,23,71
84043,84114,84137,23,71
84043,84114,84139,25,71
84043,84114,84139,25,71
84043,84115,84139,24,72
84043,84115,84140,25,72
84043,84115,84140,25,72
84043,84115,84141,26,72
84043,84115,84142,27,72
84043,84114,84142,28,71
84043,84113,84142,29,70
84043,84117,84144,27,74
84043,84116,84145,29,73
84043,84115,84146,31,72
84043,84118,84146,28,75
84043,84117,84147,30,74
84043,84116,84148,32,73
84043,84113,84149,36,70
84043,84116,84150,34,73
84043,84119,84152,33,76
84043,84116,84152,36,73
84043,84118,84153,35,75
84043,84119,84154,35,76
84043,84113,84155,42,70
84043,84113,84157,44,70
84043,84120,84157,37,77
84043,84121,84159,38,78
84043,84119,84159,40,76
84043,84092,84159,67,49
84043,84113,84161,48,70
84043,84120,84161,41,77
84043,84097,84161,64,54
84043,84120,84161,41,77
84043,84113,84161,48,70
84043,84112,84162,50,69
84043,84121,84162,41,78
84043,84120,84162,42,77
84043,84121,84163,42,78
84043,84103,84164,61,60
84043,84104,84166,62,61
84043,84097,84166,69,54
84043,84097,84166,69,54
84043,84100,84168,68,57
84043,84101,84169,68,58
84043,84105,84170,65,62
84043,84122,84171,49,79
84043,84124,84171,47,81
84043,84101,84171,70,58
84043,84125,84171,46,82
84043,84107,84172,65,64
84043,84126,84172,46,83
84043,84099,84173,74,56
84043,84109,84173,64,66
84043,84101,84174,73,58
84043,84111,84174,63,68
84043,84101,84174,73,58
84043,84138,84174,36,95
84043,84121,84175,54,78
84043,84106,84175,69,63
84043,84110,84175,65,67
84043,84122,84177,55,79
84043,84103,84176,73,60
84043,84111,84176,65,68
84043,84108,84177,69,65
84043,84112,84177,65,69
84043,84102,84177,75,59
84043,84138,84178,40,95
84043,84104,84178,74,61
84043,84112,84179,67,69
84043,84110,84179,69,67
84043,84110,84179,69,67
84043,84102,84179,77,59
84043,84109,84180,71,66
84043,84141,84180,39,98
84043,84107,84181,74,64
84043,84106,84182,76,63
84043,84139,84181,42,96
84043,84139,84181,42,96
84043,84108,84182,74,65
84043,84107,84181,74,64
84043,84106,84182,76,63
84043,84110,84184,74,67
84043,84139,84184,45,96
84043,84111,84185,74,68
84043,84105,84185,80,62
84043,84142,84188,46,99
84043,84107,84189,82,64
84043,84140,84190,50,97
84043,84147,84191,44,104
84043,84141,84191,50,98
84043,84147,84193,46,104
84043,84146,84193,47,103
84043,84143,84194,51,100
84043,84143,84195,52,100
84043,84150,84199,49,107
84043,84156,84199,43,113
84043,84144,84200,56,101
84043,84148,84201,53,105
84043,84153,84201,48,110
84043,84153,84203,50,110
84043,84160,84202,42,117
84043,84151,84203,52,108
84043,84162,84204,42,119
84043,84158,84205,47,115
84043,84159,84205,46,116
84043,84154,84209,55,111
84043,84157,84208,51,114
84043,84149,84212,63,106
84043,84162,84212,50,119
84043,84155,84213,58,112
84043,84161,84213,52,118
84043,84163,84214,51,120
84043,84159,84215,56,116
84043,84161,84218,57,118
84043,84163,84218,55,120
84043,84163,84221,58,120
84043,84162,84223,61,119
84043,84165,84226,61,122
84043,84164,84229,65,121
84243,84244,84291,47,1
84243,84244,84291,47,1
84243,84244,84293,49,1
84243,84244,84294,50,1
84243,84244,84295,51,1
84243,84244,84297,53,1
84243,84244,84297,53,1
84243,84244,84299,55,1
84243,84244,84299,55,1
84243,84244,84300,56,1
84243,84244,84300,56,1
84243,84244,84300,56,1
84243,84244,84301,57,1
84243,84244,84300,56,1
84243,84244,84300,56,1
84243,84244,84301,57,1
84243,84244,84301,57,1
84243,84244,84301,57,1
84243,84244,84302,58,1
84243,84244,84302,58,1
84243,84244,84303,59,1
84243,84244,84304,60,1
84243,84244,84305,61,1
84243,84244,84306,62,1
84243,84244,84306,62,1
84243,84244,84307,63,1
84243,84244,84308,64,1
84243,84244,84309,65,1
84243,84244,84310,66,1
84243,84244,84310,66,1
84243,84244,84311,67,1
84243,84244,84311,67,1
84243,84244,84310,66,1
84243,84244,84310,66,1
84243,84244,84311,67,1
84243,84244,84311,67,1
84243,84244,84311,67,1
84243,84244,84313,69,1
84243,84244,84313,69,1
84243,84244,84315,71,1
84243,84244,84316,72,1
84243,84244,84316,72,1
84243,84244,84317,73,1
84243,84244,84318,74,1
84243,84244,84318,74,1
84243,84244,84318,74,1
84243,84244,84319,75,1
84243,84244,84320,76,1
84243,84244,84320,76,1
84243,84244,84321,77,1
84243,84244,84329,85,1
84336,84336,84389,53,0
84336,84336,84391,55,0
84336,84336,84390,54,0
84336,84336,84392,56,0
84336,84336,84393,57,0
84336,84336,84393,57,0
84336,84336,84395,59,0
84336,84336,84395,59,0
84336,84336,84398,62,0
84336,84336,84398,62,0
84336,84336,84397,61,0
84336,84336,84398,62,0
84336,84336,84398,62,0
84336,84336,84399,63,0
84336,84336,84398,62,0
84336,84336,84399,63,0
84336,84336,84400,64,0
84336,84336,84400,64,0
84336,84336,84401,65,0
84336,84336,84401,65,0
84336,84336,84402,66,0
84336,84336,84403,67,0
84336,84336,84403,67,0
84336,84336,84404,68,0
84336,84336,84404,68,0
84336,84336,84404,68,0
84336,84336,84404,68,0
84336,84336,84404,68,0
84336,84336,84405,69,0
84336,84336,84405,69,0
84336,84336,84405,69,0
84336,84336,84406,70,0
84336,84336,84406,70,0
84336,84336,84406,70,0
84336,84336,84406,70,0
84336,84336,84406,70,0
84336,84336,84406,70,0
84336,84336,84406,70,0
84336,84336,84406,70,0
84336,84336,84406,70,0
84336,84336,84407,71,0
84336,84336,84407,71,0
84336,84336,84407,71,0
84336,84336,84407,71,0
84336,84336,84408,72,0
84336,84336,84408,72,0
84336,84336,84408,72,0
84336,84336,84408,72,0
84336,84336,84407,71,0
84336,84336,84409,73,0
84336,84336,84409,73,0
84336,84336,84409,73,0
84336,84336,84410,74,0
84336,84336,84410,74,0
84336,84336,84410,74,0
84336,84336,84410,74,0
84336,84336,84410,74,0
84336,84336,84411,75,0
84336,84336,84411,75,0
84336,84336,84411,75,0
84336,84336,84411,75,0
84336,84336,84411,75,0
84336,84336,84411,75,0
84336,84336,84412,76,0
84336,84336,84412,76,0
84336,84336,84412,76,0
84336,84336,84412,76,0
84336,84336,84413,77,0
84336,84336,84413,77,0
84336,84336,84413,77,0
84336,84336,84414,78,0
84336,84336,84414,78,0
84336,84336,84414,78,0
84336,84336,84415,79,0
84336,84336,84415,79,0
84336,84336,84415,79,0
84336,84336,84416,80,0
84336,84336,84416,80,0
84336,84336,84416,80,0
84336,84336,84419,83,0
84336,84409,84430,21,73
84336,84409,84431,22,73
84336,84409,84432,23,73
84336,84411,84434,23,75
84336,84408,84435,27,72
84336,84408,84435,27,72
84336,84410,84435,25,74
84336,84410,84436,26,74
84336,84412,84437,25,76
84336,84413,84439,26,77
84336,84411,84438,27,75
84336,84410,84440,30,74
84336,84409,84440,31,73
84336,84411,84440,29,75
84336,84411,84441,30,75
84336,84411,84440,29,75
84336,84412,84441,29,76
84336,84408,84442,34,72
84336,84407,84443,36,71
84336,84408,84443,35,72
84336,84412,84444,32,76
84336,84413,84444,31,77
84336,84414,84445,31,78
84336,84412,84447,35,76
84336,84414,84447,33,78
84336,84407,84450,43,71
84336,84415,84449,34,79
84336,84393,84451,58,57
84336,84413,84451,38,77
84336,84412,84453,41,76
84336,84416,84452,36,80
84336,84415,84453,38,79
84336,84420,84453,33,84
84336,84392,84454,62,56
84336,84414,84456,42,78
84336,84415,84457,42,79
84336,84416,84456,40,80
84336,84417,84457,40,81
84336,84416,84458,42,80
84336,84406,84459,53,70
84336,84389,84460,71,53
84336,84391,84461,70,55
84336,84391,84462,71,55
84336,84406,84463,57,70
84336,84417,84466,49,81
84336,84407,84465,58,71
84336,84417,84465,48,81
84336,84394,84466,72,58
84336,84399,84467,68,63
84336,84395,84468,73,59
84336,84400,84468,68,64
84336,84398,84469,71,62
84336,84399,84470,71,63
84336,84401,84471,70,65
84336,84396,84471,75,60
84336,84399,84470,71,63
84336,84402,84472,70,66
84336,84398,84471,73,62
84336,84404,84472,68,68
84336,84398,84471,73,62
84336,84400,84472,72,64
84336,84406,84473,67,70
84336,84398,84474,76,62
84336,84403,84473,70,67
84336,84406,84474,68,70
84336,84431,84475,44,95
84336,84404,84475,71,68
84336,84404,84475,71,68
84336,84406,84475,69,70
84336,84406,84476,70,70
84336,84403,84476,73,67
84336,84399,84477,78,63
84336,84406,84477,71,70
84336,84404,84478,74,68
84336,84436,84478,42,100
84336,84405,84478,73,69
84336,84432,84478,46,96
84336,84405,84478,73,69
84336,84441,84479,38,105
84336,84406,84480,74,70
84336,84405,84481,76,69
84336,84406,84481,75,70
84336,84436,84482,46,100
84336,84441,84482,41,105
84336,84440,84483,43,104
84336,84404,84483,79,68
84336,84437,84484,47,101
84336,84433,84483,50,97
84336,84435,84484,49,99
84336,84442,84487,45,106
84336,84436,84486,50,100
84336,84401,84489,88,65
84336,84438,84488,50,102
84336,84439,84489,50,103
84336,84443,84492,49,107
84336,84454,84496,42,118
84336,84445,84496,51,109
84336,84450,84496,46,114
84336,84448,84497,49,112
84336,84444,84498,54,108
84336,84439,84499,60,103
84336,84455,84500,45,119
84336,84445,84500,55,109
84336,84454,84500,46,118
84336,84457,84503,46,121
84336,84453,84503,50,117
84336,84440,84504,64,104
84336,84441,84505,64,105
84336,84444,84506,62,108
84336,84452,84507,55,116
84336,84456,84508,52,120
84336,84446,84509,63,110
84336,84450,84512,62,114
84336,84457,84514,57,121
84336,84457,84514,57,121
84336,84458,84514,56,122
84336,84453,84514,61,117
84336,84447,84515,68,111
84336,84452,84517,65,116
84532,84532,84579,47,0
84532,84532,84581,49,0
84532,84532,84581,49,0
84532,84532,84583,51,0
84532,84532,84586,54,0
84532,84532,84588,56,0
84532,84532,84588,56,0
84532,84532,84587,55,0
84532,84532,84588,56,0
84532,84532,84589,57,0
84532,84532,84588,56,0
84532,84532,84589,57,0
84532,84532,84590,58,0
84532,84532,84591,59,0
84532,84532,84590,58,0
84532,84532,84591,59,0
84532,84532,84591,59,0
84532,84532,84591,59,0
84532,84532,84593,61,0
84532,84532,84593,61,0
84532,84532,84592,60,0
84532,84532,84594,62,0
84532,84532,84595,63,0
84532,84532,84595,63,0
84532,84532,84595,63,0
84532,84532,84597,65,0
84532,84532,84596,64,0
84532,84532,84596,64,0
84532,84532,84597,65,0
84532,84532,84598,66,0
84532,84532,84599,67,0
84532,84532,84600,68,0
84532,84532,84601,69,0
84532,84532,84602,70,0
84532,84532,84603,71,0
84532,84532,84603,71,0
84532,84532,84603,71,0
84532,84532,84602,70,0
84532,84532,84602,70,0
84532,84532,84604,72,0
84532,84532,84603,71,0
84532,84532,84605,73,0
84532,84532,84604,72,0
84532,84532,84605,73,0
84532,84532,84605,73,0
84532,84532,84605,73,0
84532,84532,84608,76,0
84532,84532,84608,76,0
84532,84532,84610,78,0
84532,84532,84612,80,0
84532,84532,84613,81,0
84619,84619,84676,57,0
84619,84619,84676,57,0
84619,84619,84678,59,0
84619,84619,84678,59,0
84619,84619,84678,59,0
84619,84619,84678,59,0
84619,84619,84679,60,0
84619,84619,84680,61,0
84619,84619,84680,61,0
84619,84619,84680,61,0
84619,84619,84681,62,0
84619,84619,84681,62,0
84619,84619,84681,62,0
84619,84619,84682,63,0
84619,84619,84682,63,0
84619,84619,84683,64,0
84619,84619,84683,64,0
84619,84619,84683,64,0
84619,84619,84684,65,0
84619,84619,84684,65,0
84619,84619,84684,65,0
84619,84619,84684,65,0
84619,84619,84684,65,0
84619,84619,84684,65,0
84619,84619,84685,66,0
84619,84619,84685,66,0
84619,84619,84686,67,0
84619,84619,84686,67,0
84619,84619,84686,67,0
84619,84619,84686,67,0
84619,84619,84686,67,0
84619,84619,84686,67,0
84619,84619,84687,68,0
84619,84619,84687,68,0
84619,84619,84688,69,0
84619,84619,84687,68,0
84619,84619,84687,68,0
84619,84619,84688,69,0
84619,84619,84689,70,0
84619,84619,84689,70,0
84619,84619,84690,71,0
84619,84619,84690,71,0
84619,84619,84690,71,0
84619,84619,84691,72,0
84619,84619,84690,71,0
84619,84619,84691,72,0
84619,84619,84691,72,0
84619,84619,84691,72,0
84619,84619,84692,73,0
84619,84619,84691,72,0
84619,84619,84693,74,0
84619,84619,84692,73,0
84619,84619,84692,73,0
84619,84619,84693,74,0
84619,84619,84692,73,0
84619,84619,84692,73,0
84619,84619,84693,74,0
84619,84619,84693,74,0
84619,84619,84693,74,0
84619,84619,84693,74,0
84619,84619,84693,74,0
84619,84619,84693,74,0
84619,84619,84694,75,0
84619,84619,84695,76,0
84619,84619,84695,76,0
84619,84619,84695,76,0
84619,84619,84695,76,0
84619,84619,84695,76,0
84619,84619,84695,76,0
84619,84619,84696,77,0
84619,84619,84696,77,0
84619,84619,84696,77,0
84619,84619,84698,79,0
84619,84619,84697,78,0
84619,84619,84697,78,0
84619,84619,84698,79,0
84619,84619,84699,80,0
84619,84619,84700,81,0
84619,84619,84700,81,0
84619,84619,84701,82,0
84619,84693,84715,22,74
84619,84693,84715,22,74
84619,84692,84717,25,73
84619,84692,84717,25,73
84619,84692,84717,25,73
84619,84692,84718,26,73
84619,84691,84718,27,72
84619,84693,84720,27,74
84619,84692,84719,27,73
84619,84693,84721,28,74
84619,84694,84722,28,75
84619,84693,84723,30,74
84619,84695,84724,29,76
84619,84695,84726,31,76
84619,84694,84727,33,75
84619,84691,84727,36,72
84619,84693,84727,34,74
84619,84696,84728,32,77
84619,84694,84728,34,75
84619,84694,84729,35,75
84619,84694,84730,36,75
84619,84696,84731,35,77
84619,84696,84731,35,77
84619,84694,84731,37,75
84619,84695,84732,37,76
84619,84696,84732,36,77
84619,84697,84734,37,78
84619,84691,84735,44,72
84619,84698,84736,38,79
84619,84697,84736,39,78
84619,84697,84738,41,78
84619,84691,84738,47,72
84619,84690,84738,48,71
84619,84702,84740,38,83
84619,84677,84741,64,58
84619,84698,84742,44,79
84619,84698,84741,43,79
84619,84677,84742,65,58
84619,84699,84742,43,80
84619,84700,84741,41,81
84619,84700,84743,43,81
84619,84680,84744,64,61
84619,84687,84746,59,68
84619,84679,84746,67,60
84619,84681,84748,67,62
84619,84701,84747,46,82
84619,84679,84750,71,60
84619,84690,84750,60,71
84619,84688,84751,63,69
84619,84688,84752,64,69
84619,84685,84753,68,66
84619,84686,84753,67,67
84619,84681,84753,72,62
84619,84687,84753,66,68
84619,84683,84754,71,64
84619,84681,84754,73,62
84619,84689,84755,66,70
84619,84679,84754,75,60
84619,84687,84754,67,68
84619,84685,84756,71,66
84619,84679,84756,77,60
84619,84716,84756,40,97
84619,84685,84758,73,66
84619,84688,84758,70,69
84619,84682,84758,76,63
84619,84682,84757,75,63
84619,84684,84758,74,65
84619,84686,84758,72,67
84619,84685,84759,74,66
84619,84716,84759,43,97
84619,84686,84759,73,67
84619,84719,84760,41,100
84619,84689,84761,72,70
84619,84719,84760,41,100
84619,84682,84761,79,63
84619,84720,84762,42,101
84619,84683,84762,79,64
84619,84683,84763,80,64
84619,84685,84763,78,66
84619,84688,84762,74,69
84619,84684,84762,78,65
84619,84685,84763,78,66
84619,84687,84764,77,68
84619,84687,84766,79,68
84619,84720,84765,45,101
84619,84688,84766,78,69
84619,84718,84767,49,99
84619,84718,84769,51,99
84619,84724,84772,48,105
84619,84721,84773,52,102
84619,84731,84774,43,112
84619,84725,84776,51,106
84619,84727,84776,49,108
84619,84730,84778,48,111
84619,84723,84777,54,104
84619,84718,84778,60,99
84619,84736,84778,42,117
84619,84728,84782,54,109
84619,84731,84782,51,112
84619,84732,84782,50,113
84619,84729,84783,54,110
84619,84735,84784,49,116
84619,84733,84785,52,114
84619,84728,84789,61,109
84619,84732,84790,58,113
84619,84738,84790,52,119
84619,84741,84791,50,122
84619,84728,84792,64,109
84619,84729,84792,63,110
84619,84742,84793,51,123
84619,84741,84793,52,122
84619,84732,84796,64,113
84619,84739,84796,57,120
84619,84737,84800,63,118
84619,84742,84800,58,123
84619,84736,84802,66,117
84619,84742,84802,60,123
84619,84742,84807,65,123
84619,84739,84810,71,120
84825,84825,84866,41,0
84825,84825,84874,49,0
84825,84825,84877,52,0
84825,84825,84877,52,0
84825,84825,84877,52,0
84825,84825,84879,54,0
84825,84825,84879,54,0
84825,84825,84880,55,0
84825,84825,84879,54,0
84825,84825,84880,55,0
84825,84825,84880,55,0
84825,84825,84881,56,0
84825,84825,84881,56,0
84825,84825,84882,57,0
84825,84825,84881,56,0
84825,84825,84881,56,0
84825,84825,84883,58,0
84825,84825,84883,58,0
84825,84825,84883,58,0
84825,84825,84885,60,0
84825,84825,84885,60,0
84825,84825,84885,60,0
84825,84825,84885,60,0
84825,84825,84886,61,0
84825,84825,84887,62,0
84825,84825,84887,62,0
84825,84825,84888,63,0
84825,84825,84888,63,0
84825,84825,84889,64,0
84825,84825,84889,64,0
84825,84825,84889,64,0
84825,84825,84889,64,0
84825,84825,84889,64,0
84825,84825,84890,65,0
84825,84825,84890,65,0
84825,84825,84890,65,0
84825,84825,84891,66,0
84825,84825,84891,66,0
84825,84825,84892,67,0
84825,84825,84891,66,0
84825,84825,84893,68,0
84825,84825,84893,68,0
84825,84825,84894,69,0
84825,84825,84893,68,0
84825,84825,84895,70,0
84825,84825,84895,70,0
84825,84825,84898,73,0
84825,84825,84899,74,0
84825,84825,84902,77,0
84825,84825,84904,79,0
84825,84825,84907,82,0
84914,84914,84966,52,0
84914,84914,84969,55,0
84914,84914,84969,55,0
84914,84914,84970,56,0
84914,84914,84970,56,0
84914,84914,84971,57,0
84914,84914,84971,57,0
84914,84914,84971,57,0
84914,84914,84972,58,0
84914,84914,84974,60,0
84914,84914,84974,60,0
84914,84914,84974,60,0
84914,84914,84974,60,0
84914,84914,84975,61,0
84914,84914,84975,61,0
84914,84914,84977,63,0
84914,84914,84977,63,0
84914,84914,84977,63,0
84914,84914,84977,63,0
84914,84914,84978,64,0
84914,84914,84977,63,0
84914,84914,84979,65,0
84914,84914,84979,65,0
84914,84914,84979,65,0
84914,84914,84980,66,0
84914,84914,84980,66,0
84914,84914,84980,66,0
84914,84914,84980,66,0
84914,84914,84981,67,0
84914,84914,84980,66,0
84914,84914,84981,67,0
84914,84914,84981,67,0
84914,84914,84981,67,0
84914,84914,84982,68,0
84914,84914,84982,68,0
84914,84914,84983,69,0
84914,84914,84983,69,0
84914,84914,84983,69,0
84914,84914,84983,69,0
84914,84914,84983,69,0
84914,84914,84984,70,0
84914,84914,84984,70,0
84914,84914,84984,70,0
84914,84914,84985,71,0
84914,84914,84984,70,0
84914,84914,84985,71,0
84914,84914,84985,71,0
84914,84914,84986,72,0
84914,84914,84986,72,0
84914,84914,84986,72,0
84914,84914,84986,72,0
84914,84914,84986,72,0
84914,84914,84986,72,0
84914,84914,84986,72,0
84914,84914,84987,73,0
84914,84914,84987,73,0
84914,84914,84986,72,0
84914,84914,84987,73,0
84914,84914,84987,73,0
84914,84914,84987,73,0
84914,84914,84988,74,0
84914,84914,84987,73,0
84914,84914,84988,74,0
84914,84914,84988,74,0
84914,84914,84988,74,0
84914,84914,84988,74,0
84914,84914,84989,75,0
84914,84914,84990,76,0
84914,84914,84990,76,0
84914,84914,84990,76,0
84914,84914,84990,76,0
84914,84914,84990,76,0
84914,84914,84991,77,0
84914,84914,84992,78,0
84914,84914,84992,78,0
84914,84914,84992,78,0
84914,84914,84993,79,0
84914,84914,84995,81,0
84914,84914,84997,83,0
84914,84914,84998,84,0
84914,84987,85012,25,73
84914,84987,85013,26,73
84914,84985,85013,28,71
84914,84986,85013,27,72
84914,84987,85014,27,73
84914,84986,85014,28,72
84914,84986,85014,28,72
84914,84987,85015,28,73
84914,84986,85016,30,72
84914,84985,85016,31,71
84914,84988,85017,29,74
84914,84985,85016,31,71
84914,84987,85017,30,73
84914,84988,85017,29,74
84914,84989,85018,29,75
84914,84987,85019,32,73
84914,84988,85019,31,74
84914,84987,85022,35,73
84914,84989,85022,33,75
84914,84988,85023,35,74
84914,84988,85022,34,74
84914,84989,85023,34,75
84914,84987,85025,38,73
84914,84991,85026,35,77
84914,84991,85025,34,77
84914,84990,85026,36,76
84914,84985,85027,42,71
84914,84990,85027,37,76
84914,84993,85030,37,79
84914,84992,85031,39,78
84914,84991,85032,41,77
84914,84984,85033,49,70
84914,84992,85034,42,78
84914,84992,85035,43,78
84914,84994,85037,43,80
84914,84967,85038,71,53
84914,84972,85038,66,58
84914,84996,85038,42,82
84914,84971,85039,68,57
84914,84973,85039,66,59
84914,84971,85040,69,57
84914,84977,85042,65,63
84914,84969,85042,73,55
84914,84984,85044,60,70
84914,84969,85044,75,55
84914,84978,85044,66,64
84914,84977,85044,67,63
84914,84971,85044,73,57
84914,84979,85045,66,65
84914,84984,85046,62,70
84914,84975,85046,71,61
84914,84977,85046,69,63
84914,84999,85047,48,85
84914,84974,85047,73,60
84914,84977,85047,70,63
84914,84983,85048,65,69
84914,84975,85049,74,61
84914,84980,85049,69,66
84914,84980,85049,69,66
84914,84972,85049,77,58
84914,84978,85050,72,64
84914,84981,85050,69,67
84914,84981,85051,70,67
84914,84979,85052,73,65
84914,84998,85051,53,84
84914,85015,85051,36,101
84914,84983,85051,68,69
84914,85014,85051,37,100
84914,84974,85051,77,60
84914,84981,85051,70,67
84914,84982,85052,70,68
84914,84974,85052,78,60
84914,84975,85053,78,61
84914,84983,85053,70,69
84914,84982,85055,73,68
84914,84980,85055,75,66
84914,85014,85056,42,100
84914,84979,85057,78,65
84914,85015,85058,43,101
84914,84983,85058,75,69
84914,85017,85058,41,103
84914,84981,85060,79,67
84914,85014,85061,47,100
84914,85017,85060,43,103
84914,85019,85061,42,105
84914,84981,85062,81,67
84914,85015,85063,48,101
84914,84983,85062,79,69
84914,85012,85062,50,98
84914,84980,85064,84,66
84914,85018,85065,47,104
84914,85015,85064,49,101
84914,85023,85066,43,109
84914,85017,85067,50,103
84914,85018,85068,50,104
84914,85023,85070,47,109
84914,85023,85071,48,109
84914,85017,85071,54,103
84914,85028,85073,45,114
84914,85020,85073,53,106
84914,85020,85074,54,106
84914,85026,85077,51,112
84914,85026,85077,51,112
84914,85023,85077,54,109
84914,85026,85081,55,112
84914,85031,85082,51,117
84914,85028,85083,55,114
84914,85024,85084,60,110
84914,85027,85085,58,113
84914,85038,85088,50,124
84914,85036,85087,51,122
84914,85039,85091,52,125
84914,85033,85091,58,119
84914,85040,85094,54,126
84914,85034,85096,62,120
84914,85032,85099,67,118
84914,85039,85101,62,125
84914,85038,85105,67,124
84914,85035,85107,72,121
85121,85121,85170,49,0
85121,85121,85173,52,0
85121,85121,85173,52,0
85121,85121,85173,52,0
85121,85121,85175,54,0
85121,85121,85176,55,0
85121,85121,85176,55,0
85121,85121,85177,56,0
85121,85121,85177,56,0
85121,85121,85178,57,0
85121,85121,85179,58,0
85121,85121,85179,58,0
85121,85121,85179,58,0
85121,85121,85180,59,0
85121,85121,85181,60,0
85121,85121,85182,61,0
85121,85121,85182,61,0
85121,85121,85182,61,0
85121,85121,85183,62,0
85121,85121,85183,62,0
85121,85121,85183,62,0
85121,85121,85183,62,0
85121,85121,85184,63,0
85121,85121,85184,63,0
85121,85121,85184,63,0
85121,85121,85185,64,0
85121,85121,85185,64,0
85121,85121,85187,66,0
85121,85121,85187,66,0
85121,85121,85187,66,0
85121,85121,85188,67,0
85121,85121,85188,67,0
85121,85121,85188,67,0
85121,85121,85188,67,0
85121,85121,85188,67,0
85121,85121,85189,68,0
85121,85121,85190,69,0
85121,85121,85190,69,0
85121,85121,85190,69,0
85121,85121,85192,71,0
85121,85121,85193,72,0
85121,85121,85193,72,0
85121,85121,85194,73,0
85121,85121,85194,73,0
85121,85121,85195,74,0
85121,85121,85195,74,0
85121,85121,85195,74,0
85121,85121,85196,75,0
85121,85121,85197,76,0
85121,85121,85199,78,0
85121,85121,85200,79,0
85207,85207,85256,49,0
85207,85207,85264,57,0
85207,85207,85265,58,0
85207,85207,85266,59,0
85207,85207,85265,58,0
85207,85207,85269,62,0
85207,85207,85269,62,0
85207,85207,85270,63,0
85207,85207,85270,63,0
85207,85207,85270,63,0
85207,85207,85271,64,0
85207,85207,85270,63,0
85207,85207,85271,64,0
85207,85207,85272,65,0
85207,85207,85271,64,0
85207,85207,85272,65,0
85207,85207,85272,65,0
85207,85207,85273,66,0
85207,85207,85274,67,0
85207,85207,85274,67,0
85207,85207,85273,66,0
85207,85207,85274,67,0
85207,85207,85274,67,0
85207,85207,85275,68,0
85207,85207,85275,68,0
85207,85207,85274,67,0
85207,85207,85275,68,0
85207,85207,85275,68,0
85207,85207,85274,67,0
85207,85207,85276,69,0
85207,85207,85277,70,0
85207,85207,85276,69,0
85207,85207,85277,70,0
85207,85207,85277,70,0
85207,85207,85277,70,0
85207,85207,85277,70,0
85207,85207,85277,70,0
85207,85207,85276,69,0
85207,85207,85277,70,0
85207,85207,85277,70,0
85207,85207,85277,70,0
85207,85207,85278,71,0
85207,85207,85278,71,0
85207,85207,85279,72,0
85207,85207,85279,72,0
85207,85207,85280,73,0
85207,85207,85279,72,0
85207,85207,85280,73,0
85207,85207,85280,73,0
85207,85207,85279,72,0
85207,85207,85280,73,0
85207,85207,85281,74,0
85207,85207,85280,73,0
85207,85207,85281,74,0
85207,85207,85280,73,0
85207,85207,85281,74,0
85207,85207,85281,74,0
85207,85207,85282,75,0
85207,85207,85282,75,0
85207,85207,85282,75,0
85207,85207,85282,75,0
85207,85207,85282,75,0
85207,85207,85283,76,0
85207,85207,85284,77,0
85207,85207,85284,77,0
85207,85207,85283,76,0
85207,85207,85284,77,0
85207,85207,85283,76,0
85207,85207,85284,77,0
85207,85207,85285,78,0
85207,85207,85284,77,0
85207,85207,85284,77,0
85207,85207,85286,79,0
85207,85207,85287,80,0
85207,85207,85287,80,0
85207,85207,85287,80,0
85207,85207,85288,81,0
85207,85207,85289,82,0
85207,85207,85289,82,0
85207,85207,85292,85,0
85207,85280,85304,24,73
85207,85280,85305,25,73
85207,85280,85305,25,73
85207,85281,85306,25,74
85207,85280,85308,28,73
85207,85281,85308,27,74
85207,85280,85309,29,73
85207,85280,85309,29,73
85207,85279,85309,30,72
85207,85282,85310,28,75
85207,85281,85312,31,74
85207,85281,85312,31,74
85207,85282,85311,29,75
85207,85279,85315,36,72
85207,85282,85314,32,75
85207,85284,85315,31,77
85207,85283,85316,33,76
85207,85283,85317,34,76
85207,85281,85318,37,74
85207,85283,85318,35,76
85207,85284,85318,34,77
85207,85287,85319,32,80
85207,85283,85319,36,76
85207,85284,85319,35,77
85207,85285,85320,35,78
85207,85285,85320,35,78
85207,85284,85320,36,77
85207,85257,85322,65,50
85207,85285,85323,38,78
85207,85284,85324,40,77
85207,85266,85327,61,59
85207,85279,85328,49,72
85207,85287,85328,41,80
85207,85287,85328,41,80
85207,85287,85329,42,80
85207,85265,85330,65,58
85207,85284,85332,48,77
85207,85278,85333,55,71
85207,85288,85334,46,81
85207,85292,85334,42,85
85207,85272,85334,62,65
85207,85278,85334,56,71
85207,85271,85335,64,64
85207,85289,85335,46,82
85207,85273,85337,64,66
85207,85276,85337,61,69
85207,85289,85338,49,82
85207,85277,85339,62,70
85207,85270,85339,69,63
85207,85269,85339,70,62
85207,85278,85339,61,71
85207,85273,85340,67,66
85207,85275,85340,65,68
85207,85270,85341,71,63
85207,85270,85341,71,63
85207,85266,85342,76,59
85207,85277,85342,65,70
85207,85272,85342,70,65
85207,85275,85342,67,68
85207,85278,85343,65,71
85207,85266,85343,77,59
85207,85277,85344,67,70
85207,85275,85345,70,68
85207,85271,85345,74,64
85207,85273,85345,72,66
85207,85274,85346,72,67
85207,85271,85346,75,64
85207,85275,85346,71,68
85207,85271,85346,75,64
85207,85310,85346,36,103
85207,85277,85347,70,70
85207,85275,85347,72,68
85207,85277,85347,70,70
85207,85274,85348,74,67
85207,85274,85349,75,67
85207,85306,85348,42,99
85207,85275,85350,75,68
85207,85308,85350,42,101
85207,85305,85351,46,98
85207,85305,85352,47,98
85207,85304,85352,48,97
85207,85277,85355,78,70
85207,85277,85355,78,70
85207,85274,85355,81,67
85207,85315,85355,40,108
85207,85317,85357,40,110
85207,85275,85358,83,68
85207,85309,85359,50,102
85207,85308,85359,51,101
85207,85309,85359,50,102
85207,85312,85360,48,105
85207,85277,85360,83,70
85207,85312,85364,52,105
85207,85312,85367,55,105
85207,85321,85366,45,114
85207,85315,85366,51,108
85207,85319,85367,48,112
85207,85315,85368,53,108
85207,85320,85370,50,113
85207,85319,85371,52,112
85207,85317,85372,55,110
85207,85321,85371,50,114
85207,85311,85376,65,104
85207,85319,85377,58,112
85207,85329,85378,49,122
85207,85329,85381,52,122
85207,85321,85381,60,114
85207,85330,85381,51,123
85207,85319,85382,63,112
85207,85319,85383,64,112
85207,85333,85383,50,126
85207,85334,85384,50,127
85207,85323,85385,62,116
85207,85331,85386,55,124
85207,85334,85387,53,127
85207,85329,85389,60,122
85207,85325,85390,65,118
85207,85324,85389,65,117
85207,85327,85391,64,120
85405,85406,85456,50,1
85405,85406,85457,51,1
85405,85406,85458,52,1
85405,85406,85458,52,1
85405,85406,85459,53,1
85405,85406,85460,54,1
85405,85406,85461,55,1
85405,85406,85461,55,1
85405,85406,85462,56,1
85405,85406,85464,58,1
85405,85406,85463,57,1
85405,85406,85463,57,1
85405,85406,85463,57,1
85405,85406,85463,57,1
85405,85406,85465,59,1
85405,85406,85464,58,1
85405,85406,85465,59,1
85405,85406,85465,59,1
85405,85406,85465,59,1
85405,85406,85465,59,1
85405,85406,85466,60,1
85405,85406,85466,60,1
85405,85406,85467,61,1
85405,85406,85468,62,1
85405,85406,85468,62,1
85405,85406,85468,62,1
85405,85406,85470,64,1
85405,85406,85469,63,1
85405,85406,85469,63,1
85405,85406,85470,64,1
85405,85406,85470,64,1
85405,85406,85471,65,1
85405,85406,85472,66,1
85405,85406,85474,68,1
85405,85406,85473,67,1
85405,85406,85474,68,1
85405,85406,85474,68,1
85405,85406,85473,67,1
85405,85406,85474,68,1
85405,85406,85475,69,1
85405,85406,85475,69,1
85405,85406,85476,70,1
85405,85406,85478,72,1
85405,85406,85477,71,1
85405,85406,85478,72,1
85405,85406,85479,73,1
85405,85406,85479,73,1
85405,85406,85480,74,1
85405,85406,85481,75,1
85405,85406,85484,78,1
85405,85406,85489,83,1
85495,85495,85551,56,0
85495,85495,85552,57,0
85495,85495,85552,57,0
85495,85495,85553,58,0
85495,85495,85553,58,0
85495,85495,85554,59,0
85495,85495,85556,61,0
85495,85495,85557,62,0
85495,85495,85557,62,0
85495,85495,85557,62,0
85495,85495,85557,62,0
85495,85495,85558,63,0
85495,85495,85559,64,0
85495,85495,85560,65,0
85495,85495,85560,65,0
85495,85495,85561,66,0
85495,85495,85561,66,0
85495,85495,85561,66,0
85495,85495,85562,67,0
85495,85495,85562,67,0
85495,85495,85563,68,0
85495,85495,85563,68,0
85495,85495,85563,68,0
85495,85495,85564,69,0
85495,85495,85564,69,0
85495,85495,85564,69,0
85495,85495,85565,70,0
85495,85495,85565,70,0
85495,85495,85565,70,0
85495,85495,85565,70,0
85495,85495,85566,71,0
85495,85495,85566,71,0
85495,85495,85566,71,0
85495,85495,85567,72,0
85495,85495,85567,72,0
85495,85495,85568,73,0
85495,85495,85567,72,0
85495,85495,85567,72,0
85495,85495,85567,72,0
85495,85495,85567,72,0
85495,85495,85567,72,0
85495,85495,85568,73,0
85495,85495,85568,73,0
85495,85495,85568,73,0
85495,85495,85568,73,0
85495,85495,85568,73,0
85495,85495,85568,73,0
85495,85495,85568,73,0
85495,85495,85569,74,0
85495,85495,85569,74,0
85495,85495,85570,75,0
85495,85495,85570,75,0
85495,85495,85570,75,0
85495,85495,85570,75,0
85495,85495,85570,75,0
85495,85495,85571,76,0
85495,85495,85571,76,0
85495,85495,85572,77,0
85495,85495,85572,77,0
85495,85495,85572,77,0
85495,85495,85572,77,0
85495,85495,85572,77,0
85495,85495,85572,77,0
85495,85495,85573,78,0
85495,85495,85573,78,0
85495,85495,85574,79,0
85495,85495,85573,78,0
85495,85495,85574,79,0
85495,85495,85574,79,0
85495,85495,85574,79,0
85495,85495,85575,80,0
85495,85495,85575,80,0
85495,85495,85575,80,0
85495,85495,85576,81,0
85495,85495,85576,81,0
85495,85495,85578,83,0
85495,85495,85578,83,0
85495,85495,85580,85,0
85495,85495,85582,87,0
85495,85495,85585,90,0
85495,85571,85592,21,76
85495,85570,85593,23,75
85495,85569,85597,28,74
85495,85570,85596,26,75
85495,85571,85597,26,76
85495,85571,85598,27,76
85495,85569,85598,29,74
85495,85572,85599,27,77
85495,85570,85599,29,75
85495,85571,85601,30,76
85495,85572,85601,29,77
85495,85572,85601,29,77
85495,85569,85601,32,74
85495,85573,85602,29,78
85495,85574,85602,28,79
85495,85569,85604,35,74
85495,85573,85603,30,78
85495,85573,85603,30,78
85495,85569,85606,37,74
85495,85573,85607,34,78
85495,85573,85607,34,78
85495,85574,85607,33,79
85495,85574,85608,34,79
85495,85575,85611,36,80
85495,85575,85610,35,80
85495,85575,85610,35,80
85495,85574,85612,38,79
85495,85551,85613,62,56
85495,85577,85613,36,82
85495,85553,85615,62,58
85495,85576,85615,39,81
85495,85578,85616,38,83
85495,85576,85616,40,81
85495,85553,85617,64,58
85495,85577,85618,41,82
85495,85581,85620,39,86
85495,85579,85621,42,84
85495,85552,85622,70,57
85495,85576,85624,48,81
85495,85557,85625,68,62
85495,85552,85625,73,57
85495,85569,85626,57,74
85495,85583,85627,44,88
85495,85557,85627,70,62
85495,85557,85628,71,62
85495,85560,85628,68,65
85495,85556,85628,72,61
85495,85554,85629,75,59
85495,85558,85629,71,63
85495,85564,85630,66,69
85495,85568,85631,63,73
85495,85559,85633,74,64
85495,85585,85633,48,90
85495,85557,85632,75,62
85495,85564,85633,69,69
85495,85565,85632,67,70
85495,85562,85634,72,67
85495,85562,85635,73,67
85495,85568,85635,67,73
85495,85569,85635,66,74
85495,85560,85634,74,65
85495,85568,85636,68,73
85495,85565,85635,70,70
85495,85599,85637,38,104
85495,85594,85636,42,99
85495,85563,85637,74,68
85495,85568,85638,70,73
85495,85567,85637,70,72
85495,85568,85637,69,73
85495,85564,85637,73,69
85495,85599,85638,39,104
85495,85597,85639,42,102
85495,85566,85639,73,71
85495,85593,85640,47,98
85495,85565,85640,75,70
85495,85568,85640,72,73
85495,85566,85641,75,71
85495,85597,85640,43,102
85495,85562,85641,79,67
85495,85568,85642,74,73
85495,85562,85641,79,67
85495,85568,85643,75,73
85495,85563,85643,80,68
85495,85567,85643,76,72
85495,85566,85643,77,71
85495,85602,85646,44,107
85495,85602,85645,43,107
85495,85564,85646,82,69
85495,85597,85649,52,102
85495,85599,85649,50,104
85495,85599,85649,50,104
85495,85604,85650,46,109
85495,85601,85649,48,106
85495,85603,85652,49,108
85495,85601,85652,51,106
85495,85604,85653,49,109
85495,85607,85653,46,112
85495,85603,85653,50,108
85495,85607,85654,47,112
85495,85604,85654,50,109
85495,85611,85660,49,116
85495,85612,85662,50,117
85495,85606,85664,58,111
85495,85611,85664,53,116
85495,85611,85667,56,116
85495,85608,85668,60,113
85495,85614,85668,54,119
85495,85616,85676,60,121
85495,85624,85676,52,129
85495,85614,85677,63,119
85495,85618,85677,59,123
85495,85617,85677,60,122
85495,85616,85678,62,121
85495,85608,85677,69,113
85495,85618,85680,62,123
85495,85622,85682,60,127
85495,85623,85683,60,128
85495,85616,85685,69,121
85495,85621,85690,69,126
85705,85705,85750,45,0
85705,85705,85758,53,0
85705,85705,85758,53,0
85705,85705,85760,55,0
85705,85705,85760,55,0
85705,85705,85760,55,0
85705,85705,85761,56,0
85705,85705,85761,56,0
85705,85705,85761,56,0
85705,85705,85762,57,0
85705,85705,85763,58,0
85705,85705,85763,58,0
85705,85705,85764,59,0
85705,85705,85765,60,0
85705,85705,85765,60,0
85705,85705,85766,61,0
85705,85705,85766,61,0
85705,85705,85766,61,0
85705,85705,85767,62,0
85705,85705,85767,62,0
85705,85705,85768,63,0
85705,85705,85768,63,0
85705,85705,85768,63,0
85705,85705,85768,63,0
85705,85705,85769,64,0
85705,85705,85770,65,0
85705,85705,85769,64,0
85705,85705,85769,64,0
85705,85705,85769,64,0
85705,85705,85770,65,0
85705,85705,85770,65,0
85705,85705,85771,66,0
85705,85705,85772,67,0
85705,85705,85772,67,0
85705,85705,85773,68,0
85705,85705,85773,68,0
85705,85705,85773,68,0
85705,85705,85774,69,0
85705,85705,85774,69,0
85705,85705,85774,69,0
85705,85705,85774,69,0
85705,85705,85774,69,0
85705,85705,85776,71,0
85705,85705,85776,71,0
85705,85705,85777,72,0
85705,85705,85778,73,0
85705,85705,85779,74,0
85705,85705,85780,75,0
85705,85705,85781,76,0
85705,85705,85783,78,0
85705,85705,85784,79,0
85792,85792,85845,53,0
85792,85792,85848,56,0
85792,85792,85849,57,0
85792,85792,85849,57,0
85792,85792,85852,60,0
85792,85792,85853,61,0
85792,85792,85854,62,0
85792,85792,85855,63,0
85792,85792,85856,64,0
85792,85792,85856,64,0
85792,85792,85856,64,0
85792,85792,85856,64,0
85792,85792,85857,65,0
85792,85792,85858,66,0
85792,85792,85857,65,0
85792,85792,85858,66,0
85792,85792,85859,67,0
85792,85792,85859,67,0
85792,85792,85859,67,0
85792,85792,85860,68,0
85792,85792,85861,69,0
85792,85792,85861,69,0
85792,85792,85860,68,0
85792,85792,85861,69,0
85792,85792,85861,69,0
85792,85792,85861,69,0
85792,85792,85860,68,0
85792,85792,85861,69,0
85792,85792,85863,71,0
85792,85792,85863,71,0
85792,85792,85863,71,0
85792,85792,85863,71,0
85792,85792,85863,71,0
85792,85792,85863,71,0
85792,85792,85864,72,0
85792,85792,85864,72,0
85792,85792,85863,71,0
85792,85792,85864,72,0
85792,85792,85863,71,0
85792,85792,85864,72,0
85792,85792,85864,72,0
85792,85792,85864,72,0
85792,85792,85864,72,0
85792,85792,85865,73,0
85792,85792,85864,72,0
85792,85792,85864,72,0
85792,85792,85865,73,0
85792,85792,85865,73,0
85792,85792,85864,72,0
85792,85792,85865,73,0
85792,85792,85866,74,0
85792,85792,85866,74,0
85792,85792,85866,74,0
85792,85792,85867,75,0
85792,85792,85867,75,0
85792,85792,85866,74,0
85792,85792,85867,75,0
85792,85792,85867,75,0
85792,85792,85866,74,0
85792,85792,85866,74,0
85792,85792,85867,75,0
85792,85792,85868,76,0
85792,85792,85868,76,0
85792,85792,85869,77,0
85792,85792,85869,77,0
85792,85792,85869,77,0
85792,85792,85870,78,0
85792,85792,85870,78,0
85792,85792,85871,79,0
85792,85792,85871,79,0
85792,85792,85870,78,0
85792,85792,85871,79,0
85792,85792,85872,80,0
85792,85792,85871,79,0
85792,85792,85873,81,0
85792,85792,85873,81,0
85792,85792,85873,81,0
85792,85792,85873,81,0
85792,85792,85876,84,0
85792,85792,85876,84,0
85792,85865,85888,23,73
85792,85865,85892,27,73
85792,85866,85892,26,74
85792,85866,85892,26,74
85792,85866,85892,26,74
85792,85867,85893,26,75
85792,85867,85895,28,75
85792,85865,85895,30,73
85792,85866,85896,30,74
85792,85867,85897,30,75
85792,85865,85898,33,73
85792,85867,85898,31,75
85792,85865,85898,33,73
85792,85867,85899,32,75
85792,85867,85899,32,75
85792,85868,85901,33,76
85792,85867,85902,35,75
85792,85869,85902,33,77
85792,85868,85903,35,76
85792,85868,85903,35,76
85792,85865,85904,39,73
85792,85869,85905,36,77
85792,85869,85906,37,77
85792,85870,85908,38,78
85792,85871,85908,37,79
85792,85871,85910,39,79
85792,85870,85911,41,78
85792,85872,85911,39,80
85792,85871,85912,41,79
85792,85872,85913,41,80
85792,85873,85912,39,81
85792,85848,85915,67,56
85792,85871,85917,46,79
85792,85849,85917,68,57
85792,85846,85917,71,54
85792,85865,85918,53,73
85792,85876,85919,43,84
85792,85856,85919,63,64
85792,85873,85920,47,81
85792,85853,85920,67,61
85792,85858,85920,62,66
85792,85876,85920,44,84
85792,85858,85921,63,66
85792,85873,85921,48,81
85792,85853,85921,68,61
85792,85874,85923,49,82
85792,85859,85924,65,67
85792,85860,85924,64,68
85792,85859,85924,65,67
85792,85893,85925,32,101
85792,85865,85925,60,73
85792,85855,85926,71,63
85792,85854,85926,72,62
85792,85850,85926,76,58
85792,85865,85926,61,73
85792,85857,85928,71,65
85792,85861,85928,67,69
85792,85865,85928,63,73
85792,85864,85929,65,72
85792,85858,85929,71,66
85792,85861,85930,69,69
85792,85864,85931,67,72
85792,85889,85932,43,97
85792,85893,85932,39,101
85792,85857,85931,74,65
85792,85859,85931,72,67
85792,85861,85932,71,69
85792,85863,85932,69,71
85792,85857,85932,75,65
85792,85863,85933,70,71
85792,85863,85934,71,71
85792,85863,85934,71,71
85792,85893,85934,41,101
85792,85861,85935,74,69
85792,85861,85936,75,69
85792,85893,85937,44,101
85792,85864,85936,72,72
85792,85864,85936,72,72
85792,85862,85937,75,70
85792,85861,85936,75,69
85792,85863,85937,74,71
85792,85857,85938,81,65
85792,85861,85939,78,69
85792,85893,85939,46,101
85792,85864,85939,75,72
85792,85899,85941,42,107
85792,85863,85941,78,71
85792,85896,85943,47,104
85792,85896,85945,49,104
85792,85904,85947,43,112
85792,85900,85947,47,108
85792,85904,85948,44,112
85792,85899,85949,50,107
85792,85897,85949,52,105
85792,85903,85949,46,111
85792,85897,85950,53,105
85792,85899,85951,52,107
85792,85907,85954,47,115
85792,85905,85956,51,113
85792,85900,85957,57,108
85792,85909,85957,48,117
85792,85918,85964,46,126
85792,85916,85963,47,124
85792,85919,85963,44,127
85792,85912,85966,54,120
85792,85909,85966,57,117
85792,85903,85966,63,111
85792,85902,85968,66,110
85792,85911,85967,56,119
85792,85906,85968,62,114
85792,85918,85975,57,126
85792,85920,85975,55,128
85792,85913,85979,66,121
85792,85920,85980,60,128
85792,85913,85979,66,121
85792,85918,85980,62,126
85792,85913,85984,71,121
85792,85920,85984,64,128
85792,85912,85985,73,120
86001,86001,86053,52,0
86001,86001,86053,52,0
86001,86001,86056,55,0
86001,86001,86057,56,0
86001,86001,86057,56,0
86001,86001,86057,56,0
86001,86001,86059,58,0
86001,86001,86058,57,0
86001,86001,86058,57,0
86001,86001,86059,58,0
86001,86001,86060,59,0
86001,86001,86061,60,0
86001,86001,86061,60,0
86001,86001,86061,60,0
86001,86001,86061,60,0
86001,86001,86062,61,0
86001,86001,86063,62,0
86001,86001,86065,64,0
86001,86001,86064,63,0
86001,86001,86065,64,0
86001,86001,86065,64,0
86001,86001,86067,66,0
86001,86001,86067,66,0
86001,86001,86067,66,0
86001,86001,86066,65,0
86001,86001,86067,66,0
86001,86001,86067,66,0
86001,86001,86069,68,0
86001,86001,86068,67,0
86001,86001,86069,68,0
86001,86001,86069,68,0
86001,86001,86069,68,0
86001,86001,86070,69,0
86001,86001,86070,69,0
86001,86001,86069,68,0
86001,86001,86070,69,0
86001,86001,86072,71,0
86001,86001,86072,71,0
86001,86001,86071,70,0
86001,86001,86072,71,0
86001,86001,86072,71,0
86001,86001,86073,72,0
86001,86001,86073,72,0
86001,86001,86073,72,0
86001,86001,86074,73,0
86001,86001,86074,73,0
86001,86001,86075,74,0
86001,86001,86076,75,0
86001,86001,86075,74,0
86001,86001,86080,79,0
86001,86001,86084,83,0
86091,86091,86145,54,0
86091,86091,86145,54,0
86091,86091,86152,61,0
86091,86091,86152,61,0
86091,86091,86152,61,0
86091,86091,86154,63,0
86091,86091,86156,65,0
86091,86091,86155,64,0
86091,86091,86157,66,0
86091,86091,86157,66,0
86091,86091,86157,66,0
86091,86091,86156,65,0
86091,86091,86158,67,0
86091,86091,86157,66,0
86091,86091,86158,67,0
86091,86091,86158,67,0
86091,86091,86158,67,0
86091,86091,86158,67,0
86091,86091,86159,68,0
86091,86091,86159,68,0
86091,86091,86159,68,0
86091,86091,86159,68,0
86091,86091,86160,69,0
86091,86091,86159,68,0
86091,86091,86160,69,0
86091,86091,86159,68,0
86091,86091,86160,69,0
86091,86091,86160,69,0
86091,86091,86161,70,0
86091,86091,86161,70,0
86091,86091,86161,70,0
86091,86091,86160,69,0
86091,86091,86161,70,0
86091,86091,86161,70,0
86091,86091,86162,71,0
86091,86091,86161,70,0
86091,86091,86162,71,0
86091,86091,86161,70,0
86091,86091,86162,71,0
86091,86091,86162,71,0
86091,86091,86162,71,0
86091,86091,86162,71,0
86091,86091,86163,72,0
86091,86091,86162,71,0
86091,86091,86163,72,0
86091,86091,86163,72,0
86091,86091,86163,72,0
86091,86091,86163,72,0
86091,86091,86162,71,0
86091,86091,86163,72,0
86091,86091,86163,72,0
86091,86091,86164,73,0
86091,86091,86164,73,0
86091,86091,86164,73,0
86091,86091,86163,72,0
86091,86091,86165,74,0
86091,86091,86165,74,0
86091,86091,86165,74,0
86091,86091,86166,75,0
86091,86091,86166,75,0
86091,86091,86166,75,0
86091,86091,86165,74,0
86091,86091,86166,75,0
86091,86091,86166,75,0
86091,86091,86167,76,0
86091,86091,86167,76,0
86091,86091,86167,76,0
86091,86091,86166,75,0
86091,86091,86167,76,0
86091,86091,86169,78,0
86091,86091,86168,77,0
86091,86091,86168,77,0
86091,86091,86170,79,0
86091,86091,86170,79,0
86091,86091,86170,79,0
86091,86091,86170,79,0
86091,86091,86170,79,0
86091,86091,86172,81,0
86091,86091,86172,81,0
86091,86091,86173,82,0
86091,86164,86189,25,73
86091,86163,86190,27,72
86091,86164,86190,26,73
86091,86164,86190,26,73
86091,86163,86191,28,72
86091,86163,86194,31,72
86091,86163,86195,32,72
86091,86165,86195,30,74
86091,86166,86197,31,75
86091,86163,86197,34,72
86091,86166,86197,31,75
86091,86165,86198,33,74
86091,86164,86198,34,73
86091,86167,86200,33,76
86091,86168,86199,31,77
86091,86163,86200,37,72
86091,86166,86200,34,75
86091,86166,86200,34,75
86091,86166,86202,36,75
86091,86163,86203,40,72
86091,86166,86204,38,75
86091,86167,86203,36,76
86091,86169,86204,35,78
86091,86167,86204,37,76
86091,86170,86205,35,79
86091,86163,86205,42,72
86091,86167,86206,39,76
86091,86165,86207,42,74
86091,86170,86210,40,79
86091,86145,86210,65,54
86091,86169,86212,43,78
86091,86169,86213,44,78
86091,86163,86213,50,72
86091,86170,86214,44,79
86091,86172,86214,42,81
86091,86163,86214,51,72
86091,86171,86215,44,80
86091,86152,86216,64,61
86091,86171,86219,48,80
86091,86159,86219,60,68
86091,86145,86221,76,54
86091,86162,86222,60,71
86091,86154,86223,69,63
86091,86172,86223,51,81
86091,86159,86225,66,68
86091,86157,86225,68,66
86091,86160,86225,65,69
86091,86162,86225,63,71
86091,86152,86225,73,61
86091,86152,86226,74,61
86091,86157,86226,69,66
86091,86162,86227,65,71
86091,86174,86227,53,83
86091,86156,86228,72,65
86091,86190,86228,38,99
86091,86158,86229,71,67
86091,86158,86230,72,67
86091,86159,86229,70,68
86091,86159,86230,71,68
86091,86162,86231,69,71
86091,86162,86230,68,71
86091,86162,86230,68,71
86091,86157,86231,74,66
86091,86192,86232,40,101
86091,86156,86231,75,65
86091,86158,86231,73,67
86091,86191,86232,41,100
86091,86158,86233,75,67
86091,86162,86233,71,71
86091,86161,86234,73,70
86091,86161,86235,74,70
86091,86161,86234,73,70
86091,86160,86235,75,69
86091,86161,86235,74,70
86091,86159,86235,76,68
86091,86191,86235,44,100
86091,86158,86235,77,67
86091,86157,86236,79,66
86091,86160,86236,76,69
86091,86160,86237,77,69
86091,86161,86236,75,70
86091,86160,86237,77,69
86091,86198,86238,40,107
86091,86199,86239,40,108
86091,86161,86241,80,70
86091,86161,86242,81,70
86091,86196,86243,47,105
86091,86199,86243,44,108
86091,86191,86244,53,100
86091,86195,86245,50,104
86091,86201,86246,45,110
86091,86198,86247,49,107
86091,86201,86249,48,110
86091,86200,86249,49,109
86091,86204,86251,47,113
86091,86204,86250,46,113
86091,86203,86252,49,112
86091,86206,86252,46,115
86091,86196,86253,57,105
86091,86201,86255,54,110
86091,86200,86257,57,109
86091,86205,86257,52,114
86091,86204,86261,57,113
86091,86198,86262,64,107
86091,86206,86264,58,115
86091,86215,86266,51,124
86091,86215,86266,51,124
86091,86205,86267,62,114
86091,86207,86269,62,116
86091,86211,86269,58,120
86091,86214,86271,57,123
86091,86216,86272,56,125
86091,86211,86271,60,120
86091,86213,86276,63,122
86091,86217,86277,60,126
86091,86206,86283,77,115
86091,86220,86283,63,129
86091,86215,86285,70,124
86091,86214,86286,72,123
86301,86302,86349,47,1
86301,86301,86351,50,0
86301,86302,86351,49,1
86301,86301,86351,50,0
86301,86301,86354,53,0
86301,86302,86354,52,1
86301,86302,86355,53,1
86301,86302,86355,53,1
86301,86302,86356,54,1
86301,86302,86358,56,1
86301,86302,86358,56,1
86301,86302,86358,56,1
86301,86302,86358,56,1
86301,86302,86360,58,1
86301,86302,86360,58,1
86301,86302,86361,59,1
86301,86301,86361,60,0
86301,86301,86361,60,0
86301,86301,86361,60,0
86301,86302,86361,59,1
86301,86302,86363,61,1
86301,86302,86363,61,1
86301,86301,86364,63,0
86301,86302,86363,61,1
86301,86302,86363,61,1
86301,86301,86364,63,0
86301,86302,86364,62,1
86301,86302,86365,63,1
86301,86302,86365,63,1
86301,86301,86366,65,0
86301,86301,86366,65,0
86301,86301,86367,66,0
86301,86302,86367,65,1
86301,86302,86369,67,1
86301,86302,86370,68,1
86301,86302,86370,68,1
86301,86302,86371,69,1
86301,86301,86372,71,0
86301,86301,86372,71,0
86301,86302,86374,72,1
86301,86302,86376,74,1
86301,86302,86377,75,1
86301,86302,86378,76,1
86301,86301,86378,77,0
86301,86302,86378,76,1
86301,86302,86378,76,1
86301,86302,86378,76,1
86301,86302,86378,76,1
86301,86302,86378,76,1
86301,86302,86382,80,1
86301,86301,86383,82,0
86390,86390,86445,55,0
86390,86390,86447,57,0
86390,86390,86450,60,0
86390,86390,86450,60,0
86390,86390,86451,61,0
86390,86390,86452,62,0
86390,86390,86452,62,0
86390,86390,86451,61,0
86390,86390,86452,62,0
86390,86390,86452,62,0
86390,86390,86453,63,0
86390,86390,86453,63,0
86390,86390,86454,64,0
86390,86390,86455,65,0
86390,86390,86455,65,0
86390,86390,86455,65,0
86390,86390,86454,64,0
86390,86390,86456,66,0
86390,86390,86456,66,0
86390,86390,86455,65,0
86390,86390,86455,65,0
86390,86390,86457,67,0
86390,86390,86456,66,0
86390,86390,86457,67,0
86390,86390,86457,67,0
86390,86390,86457,67,0
86390,86390,86458,68,0
86390,86390,86458,68,0
86390,86390,86459,69,0
86390,86390,86459,69,0
86390,86390,86459,69,0
86390,86390,86460,70,0
86390,86390,86460,70,0
86390,86390,86460,70,0
86390,86390,86461,71,0
86390,86390,86461,71,0
86390,86390,86460,70,0
86390,86390,86460,70,0
86390,86390,86461,71,0
86390,86390,86462,72,0
86390,86390,86461,71,0
86390,86390,86462,72,0
86390,86390,86462,72,0
86390,86390,86462,72,0
86390,86390,86461,71,0
86390,86390,86462,72,0
86390,86390,86463,73,0
86390,86390,86463,73,0
86390,86390,86463,73,0
86390,86390,86463,73,0
86390,86390,86463,73,0
86390,86390,86462,72,0
86390,86390,86463,73,0
86390,86390,86462,72,0
86390,86390,86463,73,0
86390,86390,86464,74,0
86390,86390,86464,74,0
86390,86390,86463,73,0
86390,86390,86464,74,0
86390,86390,86465,75,0
86390,86390,86465,75,0
86390,86390,86465,75,0
86390,86390,86465,75,0
86390,86390,86465,75,0
86390,86390,86466,76,0
86390,86390,86465,75,0
86390,86390,86466,76,0
86390,86390,86467,77,0
86390,86390,86467,77,0
86390,86390,86467,77,0
86390,86390,86468,78,0
86390,86390,86467,77,0
86390,86390,86468,78,0
86390,86390,86469,79,0
86390,86390,86470,80,0
86390,86390,86470,80,0
86390,86390,86470,80,0
86390,86390,86470,80,0
86390,86390,86470,80,0
86390,86390,86472,82,0
86390,86463,86489,26,73
86390,86463,86489,26,73
86390,86463,86490,27,73
86390,86464,86490,26,74
86390,86464,86490,26,74
86390,86463,86490,27,73
86390,86463,86492,29,73
86390,86463,86492,29,73
86390,86462,86492,30,72
86390,86463,86492,29,73
86390,86466,86494,28,76
86390,86462,86496,34,72
86390,86464,86497,33,74
86390,86467,86497,30,77
86390,86464,86497,33,74
86390,86463,86497,34,73
86390,86464,86499,35,74
86390,86466,86499,33,76
86390,86468,86500,32,78
86390,86466,86500,34,76
86390,86465,86501,36,75
86390,86466,86501,35,76
86390,86465,86502,37,75
86390,86466,86502,36,76
86390,86467,86504,37,77
86390,86468,86505,37,78
86390,86468,86505,37,78
86390,86469,86506,37,79
86390,86465,86507,42,75
86390,86462,86508,46,72
86390,86462,86508,46,72
86390,86468,86508,40,78
86390,86470,86509,39,80
86390,86470,86511,41,80
86390,86470,86512,42,80
86390,86451,86513,62,61
86390,86446,86515,69,56
86390,86452,86516,64,62
86390,86461,86516,55,71
86390,86450,86518,68,60
86390,86462,86517,55,72
86390,86452,86519,67,62
86390,86454,86518,64,64
86390,86470,86518,48,80
86390,86447,86518,71,57
86390,86452,86519,67,62
86390,86451,86519,68,61
86390,86452,86520,68,62
86390,86452,86521,69,62
86390,86457,86522,65,67
86390,86453,86522,69,63
86390,86457,86522,65,67
86390,86455,86522,67,65
86390,86462,86522,60,72
86390,86472,86522,50,82
86390,86456,86523,67,66
86390,86456,86524,68,66
86390,86455,86526,71,65
86390,86456,86526,70,66
86390,86455,86527,72,65
86390,86460,86528,68,70
86390,86456,86528,72,66
86390,86462,86528,66,72
86390,86460,86529,69,70
86390,86457,86530,73,67
86390,86459,86529,70,69
86390,86454,86530,76,64
86390,86459,86530,71,69
86390,86491,86531,40,101
86390,86455,86531,76,65
86390,86461,86531,70,71
86390,86470,86531,61,80
86390,86457,86532,75,67
86390,86457,86532,75,67
86390,86460,86532,72,70
86390,86458,86534,76,68
86390,86492,86534,42,102
86390,86461,86534,73,71
86390,86490,86534,44,100
86390,86461,86534,73,71
86390,86495,86534,39,105
86390,86459,86535,76,69
86390,86461,86535,74,71
86390,86459,86536,77,69
86390,86493,86537,44,103
86390,86498,86537,39,108
86390,86492,86538,46,102
86390,86490,86539,49,100
86390,86491,86543,52,101
86390,86498,86544,46,108
86390,86493,86544,51,103
86390,86500,86546,46,110
86390,86497,86547,50,107
86390,86502,86546,44,112
86390,86493,86548,55,103
86390,86501,86548,47,111
86390,86500,86549,49,110
86390,86502,86549,47,112
86390,86501,86550,49,111
86390,86498,86551,53,108
86390,86498,86551,53,108
86390,86493,86553,60,103
86390,86503,86558,55,113
86390,86509,86560,51,119
86390,86507,86560,53,117
86390,86516,86562,46,126
86390,86503,86562,59,113
86390,86506,86564,58,116
86390,86513,86565,52,123
86390,86510,86567,57,120
86390,86517,86566,49,127
86390,86508,86567,59,118
86390,86509,86567,58,119
86390,86514,86569,55,124
86390,86509,86571,62,119
86390,86505,86572,67,115
86390,86506,86573,67,116
86390,86517,86576,59,127
86390,86512,86581,69,122
86597,86597,86645,48,0
86597,86597,86647,50,0
86597,86597,86649,52,0
86597,86597,86650,53,0
86597,86597,86649,52,0
86597,86597,86651,54,0
86597,86597,86653,56,0
86597,86597,86653,56,0
86597,86597,86655,58,0
86597,86597,86656,59,0
86597,86597,86655,58,0
86597,86597,86656,59,0
86597,86597,86655,58,0
86597,86597,86656,59,0
86597,86597,86657,60,0
86597,86597,86658,61,0
86597,86597,86658,61,0
86597,86597,86657,60,0
86597,86597,86657,60,0
86597,86597,86659,62,0
86597,86597,86659,62,0
86597,86597,86659,62,0
86597,86597,86660,63,0
86597,86597,86659,62,0
86597,86597,86660,63,0
86597,86597,86660,63,0
86597,86597,86662,65,0
86597,86597,86663,66,0
86597,86597,86662,65,0
86597,86597,86663,66,0
86597,86597,86662,65,0
86597,86597,86664,67,0
86597,86597,86663,66,0
86597,86597,86664,67,0
86597,86597,86667,70,0
86597,86597,86667,70,0
86597,86597,86666,69,0
86597,86597,86668,71,0
86597,86597,86669,72,0
86597,86597,86668,71,0
86597,86597,86669,72,0
86597,86597,86670,73,0
86597,86597,86669,72,0
86597,86597,86669,72,0
86597,86597,86671,74,0
86597,86597,86671,74,0
86597,86597,86671,74,0
86597,86597,86672,75,0
86597,86597,86674,77,0
86597,86597,86681,84,0
86597,86597,86681,84,0
86688,86688,86744,56,0
86688,86688,86746,58,0
86688,86688,86747,59,0
86688,86688,86749,61,0
86688,86688,86749,61,0
86688,86688,86750,62,0
86688,86688,86752,64,0
86688,86688,86752,64,0
86688,86688,86752,64,0
86688,86688,86752,64,0
86688,86688,86752,64,0
86688,86688,86754,66,0
86688,86688,86755,67,0
86688,86688,86755,67,0
86688,86688,86755,67,0
86688,86688,86755,67,0
86688,86688,86755,67,0
86688,86688,86755,67,0
86688,86688,86755,67,0
86688,86688,86755,67,0
86688,86688,86756,68,0
86688,86688,86756,68,0
86688,86688,86756,68,0
86688,86688,86756,68,0
86688,86688,86757,69,0
86688,86688,86758,70,0
86688,86688,86757,69,0
86688,86688,86757,69,0
86688,86688,86758,70,0
86688,86688,86758,70,0
86688,86688,86758,70,0
86688,86688,86758,70,0
86688,86688,86759,71,0
86688,86688,86759,71,0
86688,86688,86760,72,0
86688,86688,86760,72,0
86688,86688,86760,72,0
86688,86688,86760,72,0
86688,86688,86760,72,0
86688,86688,86760,72,0
86688,86688,86760,72,0
86688,86688,86760,72,0
86688,86688,86761,73,0
86688,86688,86762,74,0
86688,86688,86761,73,0
86688,86688,86761,73,0
86688,86688,86762,74,0
86688,86688,86762,74,0
86688,86688,86762,74,0
86688,86688,86762,74,0
86688,86688,86763,75,0
86688,86688,86762,74,0
86688,86688,86762,74,0
86688,86688,86763,75,0
86688,86688,86763,75,0
86688,86688,86764,76,0
86688,86688,86763,75,0
86688,86688,86763,75,0
86688,86688,86763,75,0
86688,86688,86763,75,0
86688,86688,86763,75,0
86688,86688,86763,75,0
86688,86688,86764,76,0
86688,86688,86764,76,0
86688,86688,86764,76,0
86688,86688,86764,76,0
86688,86688,86765,77,0
86688,86688,86764,76,0
86688,86688,86765,77,0
86688,86688,86765,77,0
86688,86688,86766,78,0
86688,86688,86766,78,0
86688,86688,86766,78,0
86688,86688,86768,80,0
86688,86688,86767,79,0
86688,86688,86768,80,0
86688,86688,86768,80,0
86688,86688,86768,80,0
86688,86688,86770,82,0
86688,86688,86773,85,0
86688,86764,86789,25,76
86688,86764,86789,25,76
86688,86763,86791,28,75
86688,86763,86790,27,75
86688,86763,86792,29,75
86688,86763,86791,28,75
86688,86763,86791,28,75
86688,86763,86791,28,75
86688,86764,86792,28,76
86688,86764,86793,29,76
86688,86762,86794,32,74
86688,86764,86793,29,76
86688,86765,86794,29,77
86688,86763,86794,31,75
86688,86764,86795,31,76
86688,86765,86795,30,77
86688,86764,86796,32,76
86688,86765,86796,31,77
86688,86764,86796,32,76
86688,86765,86797,32,77
86688,86763,86798,35,75
86688,86762,86799,37,74
86688,86765,86799,34,77
86688,86766,86799,33,78
86688,86766,86801,35,78
86688,86765,86804,39,77
86688,86767,86803,36,79
86688,86768,86804,36,80
86688,86762,86804,42,74
86688,86767,86804,37,79
86688,86767,86806,39,79
86688,86768,86806,38,80
86688,86762,86807,45,74
86688,86768,86809,41,80
86688,86747,86810,63,59
86688,86769,86813,44,81
86688,86751,86813,62,63
86688,86774,86813,39,86
86688,86761,86815,54,73
86688,86747,86815,68,59
86688,86744,86815,71,56
86688,86750,86817,67,62
86688,86749,86818,69,61
86688,86755,86818,63,67
86688,86771,86818,47,83
86688,86756,86820,64,68
86688,86756,86821,65,68
86688,86753,86821,68,65
86688,86756,86823,67,68
86688,86753,86823,70,65
86688,86769,86824,55,81
86688,86761,86825,64,73
86688,86761,86825,64,73
86688,86757,86825,68,69
86688,86753,86827,74,65
86688,86756,86827,71,68
86688,86758,86828,70,70
86688,86756,86829,73,68
86688,86757,86830,73,69
86688,86790,86829,39,102
86688,86759,86829,70,71
86688,86753,86829,76,65
86688,86753,86831,78,65
86688,86756,86831,75,68
86688,86790,86831,41,102
86688,86758,86832,74,70
86688,86758,86832,74,70
86688,86792,86832,40,104
86688,86792,86831,39,104
86688,86791,86832,41,103
86688,86761,86832,71,73
86688,86760,86834,74,72
86688,86795,86833,38,107
86688,86756,86835,79,68
86688,86760,86835,75,72
86688,86758,86835,77,70
86688,86759,86835,76,71
86688,86759,86835,76,71
86688,86757,86834,77,69
86688,86757,86836,79,69
86688,86761,86836,75,73
86688,86756,86836,80,68
86688,86793,86838,45,105
86688,86758,86837,79,70
86688,86761,86838,77,73
86688,86760,86839,79,72
86688,86794,86839,45,106
86688,86761,86840,79,73
86688,86792,86839,47,104
86688,86796,86840,44,108
86688,86794,86841,47,106
86688,86797,86841,44,109
86688,86798,86842,44,110
86688,86792,86843,51,104
86688,86796,86844,48,108
86688,86797,86844,47,109
86688,86791,86845,54,103
86688,86796,86845,49,108
86688,86794,86848,54,106
86688,86795,86849,54,107
86688,86799,86851,52,111
86688,86799,86853,54,111
86688,86807,86854,47,119
86688,86802,86854,52,114
86688,86800,86855,55,112
86688,86805,86856,51,117
86688,86799,86857,58,111
86688,86804,86857,53,116
86688,86806,86860,54,118
86688,86813,86861,48,125
86688,86804,86862,58,116
86688,86806,86863,57,118
86688,86809,86864,55,121
86688,86813,86868,55,125
86688,86804,86869,65,116
86688,86814,86872,58,126
86688,86804,86878,74,116
86688,86815,86879,64,127
86688,86810,86881,71,122
86896,86896,86944,48,0
86896,86896,86945,49,0
86896,86896,86945,49,0
86896,86896,86945,49,0
86896,86896,86946,50,0
86896,86896,86947,51,0
86896,86896,86949,53,0
86896,86896,86949,53,0
86896,86896,86950,54,0
86896,86896,86950,54,0
86896,86896,86950,54,0
86896,86896,86952,56,0
86896,86896,86951,55,0
86896,86896,86951,55,0
86896,86896,86952,56,0
86896,86896,86952,56,0
86896,86896,86952,56,0
86896,86896,86952,56,0
86896,86896,86954,58,0
86896,86896,86956,60,0
86896,86896,86956,60,0
86896,86896,86956,60,0
86896,86896,86957,61,0
86896,86896,86958,62,0
86896,86896,86960,64,0
86896,86896,86960,64,0
86896,86896,86960,64,0
86896,86896,86961,65,0
86896,86896,86961,65,0
86896,86896,86961,65,0
86896,86896,86962,66,0
86896,86896,86962,66,0
86896,86896,86962,66,0
86896,86896,86963,67,0
86896,86896,86964,68,0
86896,86896,86965,69,0
86896,86896,86964,68,0
86896,86896,86964,68,0
86896,86896,86965,69,0
86896,86896,86965,69,0
86896,86896,86968,72,0
86896,86896,86967,71,0
86896,86896,86968,72,0
86896,86896,86969,73,0
86896,86896,86970,74,0
86896,86896,86970,74,0
86896,86896,86971,75,0
86896,86896,86971,75,0
86896,86896,86972,76,0
86896,86896,86973,77,0
86896,86896,86974,78,0
86981,86981,87034,53,0
86981,86981,87037,56,0
86981,86981,87039,58,0
86981,86981,87041,60,0
86981,86981,87043,62,0
86981,86981,87044,63,0
86981,86981,87044,63,0
86981,86981,87044,63,0
86981,86981,87045,64,0
86981,86981,87045,64,0
86981,86981,87046,65,0
86981,86981,87046,65,0
86981,86981,87045,64,0
86981,86981,87046,65,0
86981,86981,87046,65,0
86981,86981,87046,65,0
86981,86981,87048,67,0
86981,86981,87047,66,0
86981,86981,87047,66,0
86981,86981,87048,67,0
86981,86981,87047,66,0
86981,86981,87049,68,0
86981,86981,87049,68,0
86981,86981,87048,67,0
86981,86981,87049,68,0
86981,86981,87048,67,0
86981,86981,87050,69,0
86981,86981,87050,69,0
86981,86981,87050,69,0
86981,86981,87051,70,0
86981,86981,87051,70,0
86981,86981,87051,70,0
86981,86981,87051,70,0
86981,86981,87052,71,0
86981,86981,87052,71,0
86981,86981,87052,71,0
86981,86981,87051,70,0
86981,86981,87052,71,0
86981,86981,87052,71,0
86981,86981,87052,71,0
86981,86981,87053,72,0
86981,86981,87052,71,0
86981,86981,87053,72,0
86981,86981,87053,72,0
86981,86981,87053,72,0
86981,86981,87053,72,0
86981,86981,87053,72,0
86981,86981,87053,72,0
86981,86981,87054,73,0
86981,86981,87054,73,0
86981,86981,87054,73,0
86981,86981,87053,72,0
86981,86981,87054,73,0
86981,86981,87054,73,0
86981,86981,87054,73,0
86981,86981,87054,73,0
86981,86981,87055,74,0
86981,86981,87055,74,0
86981,86981,87055,74,0
86981,86981,87056,75,0
86981,86981,87056,75,0
86981,86981,87056,75,0
86981,86981,87056,75,0
86981,86981,87057,76,0
86981,86981,87057,76,0
86981,86981,87057,76,0
86981,86981,87057,76,0
86981,86981,87056,75,0
86981,86981,87058,77,0
86981,86981,87059,78,0
86981,86981,87059,78,0
86981,86981,87059,78,0
86981,86981,87059,78,0
86981,86981,87059,78,0
86981,86981,87060,79,0
86981,86981,87061,80,0
86981,86981,87060,79,0
86981,86981,87061,80,0
86981,86981,87061,80,0
86981,86981,87062,81,0
86981,87054,87079,25,73
86981,87054,87080,26,73
86981,87053,87081,28,72
86981,87055,87081,26,74
86981,87054,87083,29,73
86981,87055,87082,27,74
86981,87054,87083,29,73
86981,87053,87083,30,72
86981,87057,87084,27,76
86981,87055,87084,29,74
86981,87054,87084,30,73
86981,87056,87084,28,75
86981,87056,87085,29,75
86981,87054,87085,31,73
86981,87057,87085,28,76
86981,87057,87086,29,76
86981,87058,87086,28,77
86981,87053,87086,33,72
86981,87057,87087,30,76
86981,87054,87087,33,73
86981,87055,87089,34,74
86981,87053,87090,37,72
86981,87057,87092,35,76
86981,87059,87093,34,78
86981,87057,87094,37,76
86981,87059,87094,35,78
86981,87056,87095,39,75
86981,87059,87096,37,78
86981,87059,87097,38,78
86981,87037,87099,62,56
86981,87063,87100,37,82
86981,87061,87100,39,80
86981,87061,87102,41,80
86981,87040,87102,62,59
86981,87053,87103,50,72
86981,87035,87104,69,54
86981,87061,87105,44,80
86981,87053,87106,53,72
86981,87059,87108,49,78
86981,87061,87109,48,80
86981,87052,87110,58,71
86981,87044,87110,66,63
86981,87051,87112,61,70
86981,87048,87114,66,67
86981,87046,87113,67,65
86981,87045,87113,68,64
86981,87046,87114,68,65
86981,87044,87114,70,63
86981,87044,87114,70,63
86981,87061,87114,53,80
86981,87047,87114,67,66
86981,87052,87115,63,71
86981,87052,87116,64,71
86981,87044,87116,72,63
86981,87049,87118,69,68
86981,87042,87117,75,61
86981,87053,87118,65,72
86981,87051,87119,68,70
86981,87051,87119,68,70
86981,87082,87119,37,101
86981,87050,87119,69,69
86981,87049,87120,71,68
86981,87045,87120,75,64
86981,87047,87120,73,66
86981,87052,87121,69,71
86981,87083,87121,38,102
86981,87051,87122,71,70
86981,87052,87123,71,71
86981,87048,87123,75,67
86981,87046,87124,78,65
86981,87048,87123,75,67
86981,87084,87124,40,103
86981,87047,87124,77,66
86981,87081,87124,43,100
86981,87052,87125,73,71
86981,87049,87125,76,68
86981,87053,87125,72,72
86981,87050,87127,77,69
86981,87049,87126,77,68
86981,87085,87127,42,104
86981,87085,87127,42,104
86981,87082,87127,45,101
86981,87051,87128,77,70
86981,87086,87128,42,105
86981,87084,87129,45,103
86981,87086,87129,43,105
86981,87083,87129,46,102
86981,87085,87131,46,104
86981,87048,87131,83,67
86981,87052,87131,79,71
86981,87086,87133,47,105
86981,87087,87132,45,106
86981,87048,87132,84,67
86981,87080,87133,53,99
86981,87049,87134,85,68
86981,87088,87133,45,107
86981,87085,87134,49,104
86981,87087,87133,46,106
86981,87086,87135,49,105
86981,87088,87135,47,107
86981,87101,87143,42,120
86981,87094,87144,50,113
86981,87094,87144,50,113
86981,87090,87147,57,109
86981,87095,87148,53,114
86981,87098,87148,50,117
86981,87096,87148,52,115
86981,87091,87154,63,110
86981,87108,87156,48,127
86981,87103,87157,54,122
86981,87100,87158,58,119
86981,87105,87158,53,124
86981,87093,87160,67,112
86981,87103,87162,59,122
86981,87097,87163,66,116
86981,87101,87163,62,120
86981,87106,87169,63,125
86981,87103,87172,69,122
86981,87107,87175,68,126
87189,87190,87236,46,1
87189,87190,87237,47,1
87189,87190,87238,48,1
87189,87190,87240,50,1
87189,87190,87242,52,1
87189,87190,87245,55,1
87189,87190,87245,55,1
87189,87190,87245,55,1
87189,87190,87246,56,1
87189,87190,87245,55,1
87189,87190,87245,55,1
87189,87190,87247,57,1
87189,87190,87247,57,1
87189,87190,87247,57,1
87189,87190,87248,58,1
87189,87190,87249,59,1
87189,87190,87249,59,1
87189,87190,87249,59,1
87189,87190,87249,59,1
87189,87190,87251,61,1
87189,87190,87250,60,1
87189,87190,87251,61,1
87189,87190,87252,62,1
87189,87190,87252,62,1
87189,87190,87252,62,1
87189,87190,87253,63,1
87189,87190,87253,63,1
87189,87190,87254,64,1
87189,87190,87255,65,1
87189,87190,87254,64,1
87189,87190,87255,65,1
87189,87190,87256,66,1
87189,87190,87255,65,1
87189,87190,87257,67,1
87189,87190,87256,66,1
87189,87190,87256,66,1
87189,87190,87256,66,1
87189,87190,87256,66,1
87189,87190,87256,66,1
87189,87190,87258,68,1
87189,87190,87258,68,1
87189,87190,87259,69,1
87189,87190,87259,69,1
87189,87190,87259,69,1
87189,87190,87260,70,1
87189,87190,87262,72,1
87189,87190,87262,72,1
87189,87190,87264,74,1
87189,87190,87264,74,1
87189,87190,87264,74,1
87189,87190,87267,77,1
87273,87273,87328,55,0
87273,87274,87331,57,1
87273,87273,87331,58,0
87273,87273,87331,58,0
87273,87273,87333,60,0
87273,87273,87334,61,0
87273,87273,87335,62,0
87273,87273,87336,63,0
87273,87273,87335,62,0
87273,87273,87335,62,0
87273,87273,87336,63,0
87273,87273,87336,63,0
87273,87273,87336,63,0
87273,87273,87337,64,0
87273,87273,87337,64,0
87273,87273,87337,64,0
87273,87273,87338,65,0
87273,87274,87337,63,1
87273,87273,87339,66,0
87273,87273,87338,65,0
87273,87273,87339,66,0
87273,87273,87338,65,0
87273,87274,87339,65,1
87273,87273,87340,67,0
87273,87273,87340,67,0
87273,87273,87340,67,0
87273,87273,87340,67,0
87273,87273,87340,67,0
87273,87273,87342,69,0
87273,87273,87343,70,0
87273,87273,87342,69,0
87273,87273,87343,70,0
87273,87273,87342,69,0
87273,87273,87344,71,0
87273,87274,87343,69,1
87273,87273,87344,71,0
87273,87273,87344,71,0
87273,87273,87345,72,0
87273,87273,87344,71,0
87273,87274,87344,70,1
87273,87273,87345,72,0
87273,87273,87345,72,0
87273,87273,87345,72,0
87273,87273,87345,72,0
87273,87273,87345,72,0
87273,87274,87345,71,1
87273,87273,87345,72,0
87273,87273,87345,72,0
87273,87273,87346,73,0
87273,87273,87346,73,0
87273,87273,87346,73,0
87273,87273,87347,74,0
87273,87273,87346,73,0
87273,87273,87346,73,0
87273,87273,87347,74,0
87273,87273,87347,74,0
87273,87273,87347,74,0
87273,87273,87349,76,0
87273,87273,87349,76,0
87273,87273,87349,76,0
87273,87273,87350,77,0
87273,87273,87349,76,0
87273,87273,87349,76,0
87273,87274,87349,75,1
87273,87273,87350,77,0
87273,87273,87351,78,0
87273,87273,87352,79,0
87273,87273,87351,78,0
87273,87274,87351,77,1
87273,87273,87353,80,0
87273,87273,87352,79,0
87273,87273,87352,79,0
87273,87273,87352,79,0
87273,87273,87352,79,0
87273,87273,87353,80,0
87273,87273,87354,81,0
87273,87273,87355,82,0
87273,87273,87356,83,0
87273,87273,87356,83,0
87273,87273,87357,84,0
87273,87346,87371,25,73
87273,87346,87371,25,73
87273,87347,87373,26,74
87273,87346,87375,29,73
87273,87347,87375,28,74
87273,87347,87376,29,74
87273,87347,87376,29,74
87273,87349,87377,28,76
87273,87346,87377,31,73
87273,87346,87377,31,73
87273,87349,87377,28,76
87273,87348,87377,29,75
87273,87347,87378,31,74
87273,87347,87378,31,74
87273,87349,87380,31,76
87273,87350,87380,30,77
87273,87350,87381,31,77
87273,87346,87381,35,73
87273,87351,87381,30,78
87273,87350,87382,32,77
87273,87350,87382,32,77
87273,87351,87385,34,78
87273,87352,87386,34,79
87273,87352,87388,36,79
87273,87353,87389,36,80
87273,87353,87391,38,80
87273,87346,87392,46,73
87273,87353,87392,39,80
87273,87332,87393,61,59
87273,87354,87393,39,81
87273,87352,87393,41,79
87273,87332,87395,63,59
87273,87355,87395,40,82
87273,87353,87399,46,80
87273,87353,87399,46,80
87273,87355,87400,45,82
87273,87356,87400,44,83
87273,87345,87399,54,72
87273,87331,87401,70,58
87273,87338,87400,62,65
87273,87337,87400,63,64
87273,87357,87402,45,84
87273,87336,87403,67,63
87273,87345,87402,57,72
87273,87329,87404,75,56
87273,87346,87404,58,73
87273,87358,87404,46,85
87273,87334,87405,71,61
87273,87336,87405,69,63
87273,87338,87406,68,65
87273,87334,87406,72,61
87273,87337,87407,70,64
87273,87336,87408,72,63
87273,87339,87409,70,66
87273,87337,87409,72,64
87273,87338,87409,71,65
87273,87338,87410,72,65
87273,87345,87411,66,72
87273,87336,87411,75,63
87273,87343,87411,68,70
87273,87345,87412,67,72
87273,87345,87413,68,72
87273,87344,87414,70,71
87273,87338,87414,76,65
87273,87339,87413,74,66
87273,87341,87414,73,68
87273,87343,87415,72,70
87273,87371,87415,44,98
87273,87341,87415,74,68
87273,87341,87414,73,68
87273,87344,87416,72,71
87273,87376,87416,40,103
87273,87341,87416,75,68
87273,87340,87417,77,67
87273,87343,87418,75,70
87273,87345,87419,74,72
87273,87375,87419,44,102
87273,87372,87419,47,99
87273,87343,87419,76,70
87273,87376,87420,44,103
87273,87377,87421,44,104
87273,87374,87422,48,101
87273,87339,87422,83,66
87273,87377,87422,45,104
87273,87378,87422,44,105
87273,87377,87422,45,104
87273,87343,87422,79,70
87273,87341,87424,83,68
87273,87339,87424,85,66
87273,87380,87427,47,107
87273,87379,87428,49,106
87273,87377,87428,51,104
87273,87375,87428,53,102
87273,87379,87431,52,106
87273,87381,87432,51,108
87273,87344,87433,89,71
87273,87385,87434,49,112
87273,87381,87438,57,108
87273,87381,87440,59,108
87273,87387,87440,53,114
87273,87380,87441,61,107
87273,87394,87443,49,121
87273,87382,87445,63,109
87273,87389,87447,58,116
87273,87391,87448,57,118
87273,87382,87448,66,109
87273,87392,87448,56,119
87273,87395,87450,55,122
87273,87400,87450,50,127
87273,87390,87451,61,117
87273,87392,87454,62,119
87273,87393,87455,62,120
87273,87394,87456,62,121
87273,87400,87458,58,127
87273,87400,87459,59,127
87273,87399,87460,61,126
87273,87399,87464,65,126
87273,87401,87469,68,128
87273,87395,87476,81,122
87491,87491,87536,45,0
87491,87491,87537,46,0
87491,87491,87540,49,0
87491,87491,87544,53,0
87491,87491,87546,55,0
87491,87491,87546,55,0
87491,87491,87547,56,0
87491,87491,87547,56,0
87491,87491,87548,57,0
87491,87491,87548,57,0
87491,87491,87548,57,0
87491,87491,87548,57,0
87491,87491,87549,58,0
87491,87491,87550,59,0
87491,87491,87551,60,0
87491,87491,87551,60,0
87491,87491,87551,60,0
87491,87491,87551,60,0
87491,87491,87552,61,0
87491,87491,87553,62,0
87491,87491,87552,61,0
87491,87491,87553,62,0
87491,87491,87554,63,0
87491,87491,87554,63,0
87491,87491,87554,63,0
87491,87491,87554,63,0
87491,87491,87554,63,0
87491,87491,87554,63,0
87491,87491,87555,64,0
87491,87491,87555,64,0
87491,87491,87555,64,0
87491,87491,87556,65,0
87491,87491,87555,64,0
87491,87491,87557,66,0
87491,87491,87558,67,0
87491,87491,87558,67,0
87491,87491,87558,67,0
87491,87491,87558,67,0
87491,87491,87558,67,0
87491,87491,87558,67,0
87491,87491,87559,68,0
87491,87491,87560,69,0
87491,87491,87560,69,0
87491,87491,87560,69,0
87491,87491,87561,70,0
87491,87491,87563,72,0
87491,87491,87564,73,0
87491,87491,87563,72,0
87491,87491,87564,73,0
87491,87491,87566,75,0
87491,87491,87569,78,0
87575,87576,87626,50,1
87575,87576,87628,52,1
87575,87576,87631,55,1
87575,87576,87634,58,1
87575,87576,87635,59,1
87575,87576,87636,60,1
87575,87575,87635,60,0
87575,87576,87637,61,1
87575,87576,87636,60,1
87575,87576,87637,61,1
87575,87576,87638,62,1
87575,87576,87639,63,1
87575,87576,87640,64,1
87575,87576,87640,64,1
87575,87576,87640,64,1
87575,87576,87640,64,1
87575,87576,87641,65,1
87575,87576,87640,64,1
87575,87576,87642,66,1
87575,87576,87641,65,1
87575,87575,87642,67,0
87575,87576,87643,67,1
87575,87576,87642,66,1
87575,87576,87642,66,1
87575,87576,87643,67,1
87575,87576,87642,66,1
87575,87576,87642,66,1
87575,87576,87644,68,1
87575,87576,87643,67,1
87575,87576,87644,68,1
87575,87576,87644,68,1
87575,87576,87644,68,1
87575,87575,87645,70,0
87575,87576,87645,69,1
87575,87576,87645,69,1
87575,87576,87646,70,1
87575,87575,87646,71,0
87575,87575,87645,70,0
87575,87576,87645,69,1
87575,87576,87645,69,1
87575,87575,87646,71,0
87575,87576,87646,70,1
87575,87576,87646,70,1
87575,87576,87646,70,1
87575,87576,87646,70,1
87575,87576,87646,70,1
87575,87575,87646,71,0
87575,87575,87647,72,0
87575,87575,87646,71,0
87575,87576,87648,72,1
87575,87576,87647,71,1
87575,87576,87648,72,1
87575,87575,87647,72,0
87575,87576,87649,73,1
87575,87576,87649,73,1
87575,87575,87649,74,0
87575,87576,87648,72,1
87575,87576,87649,73,1
87575,87576,87649,73,1
87575,87576,87649,73,1
87575,87576,87650,74,1
87575,87575,87650,75,0
87575,87575,87650,75,0
87575,87576,87651,75,1
87575,87576,87651,75,1
87575,87576,87650,74,1
87575,87576,87651,75,1
87575,87575,87651,76,0
87575,87575,87651,76,0
87575,87576,87652,76,1
87575,87576,87651,75,1
87575,87575,87651,76,0
87575,87576,87651,75,1
87575,87576,87652,76,1
87575,87576,87652,76,1
87575,87576,87652,76,1
87575,87575,87653,78,0
87575,87576,87653,77,1
87575,87576,87655,79,1
87575,87576,87656,80,1
87575,87648,87672,24,73
87575,87647,87674,27,72
87575,87650,87673,23,75
87575,87647,87674,27,72
87575,87647,87675,28,72
87575,87648,87675,27,73
87575,87649,87675,26,74
87575,87648,87676,28,73
87575,87650,87675,25,75
87575,87647,87678,31,72
87575,87649,87678,29,74
87575,87651,87678,27,76
87575,87649,87679,30,74
87575,87647,87680,33,72
87575,87649,87681,32,74
87575,87648,87681,33,73
87575,87651,87682,31,76
87575,87649,87682,33,74
87575,87650,87685,35,75
87575,87652,87687,35,77
87575,87652,87687,35,77
87575,87651,87687,36,76
87575,87651,87687,36,76
87575,87627,87687,60,52
87575,87651,87688,37,76
87575,87652,87688,36,77
87575,87652,87691,39,77
87575,87653,87691,38,78
87575,87651,87693,42,76
87575,87653,87694,41,78
87575,87647,87694,47,72
87575,87652,87695,43,77
87575,87647,87696,49,72
87575,87652,87696,44,77
87575,87655,87697,42,80
87575,87653,87697,44,78
87575,87656,87697,41,81
87575,87653,87698,45,78
87575,87629,87699,70,54
87575,87635,87700,65,60
87575,87638,87700,62,63
87575,87654,87700,46,79
87575,87632,87700,68,57
87575,87637,87701,64,62
87575,87636,87701,65,61
87575,87646,87701,55,71
87575,87643,87705,62,68
87575,87638,87706,68,63
87575,87642,87707,65,67
87575,87646,87707,61,71
87575,87636,87707,71,61
87575,87646,87706,60,71
87575,87640,87708,68,65
87575,87640,87708,68,65
87575,87636,87709,73,61
87575,87637,87709,72,62
87575,87646,87712,66,71
87575,87640,87713,73,65
87575,87646,87713,67,71
87575,87644,87713,69,69
87575,87646,87713,67,71
87575,87641,87714,73,66
87575,87646,87714,68,71
87575,87644,87715,71,69
87575,87646,87714,68,71
87575,87642,87715,73,67
87575,87639,87716,77,64
87575,87674,87715,41,99
87575,87644,87716,72,69
87575,87643,87716,73,68
87575,87643,87715,72,68
87575,87672,87716,44,97
87575,87646,87717,71,71
87575,87643,87717,74,68
87575,87674,87717,43,99
87575,87674,87717,43,99
87575,87675,87717,42,100
87575,87641,87718,77,66
87575,87675,87718,43,100
87575,87646,87719,73,71
87575,87641,87719,78,66
87575,87681,87720,39,106
87575,87643,87720,77,68
87575,87676,87720,44,101
87575,87643,87721,78,68
87575,87679,87721,42,104
87575,87645,87721,76,70
87575,87676,87722,46,101
87575,87645,87723,78,70
87575,87678,87726,48,103
87575,87643,87726,83,68
87575,87675,87726,51,100
87575,87680,87728,48,105
87575,87679,87729,50,104
87575,87678,87731,53,103
87575,87682,87733,51,107
87575,87682,87734,52,107
87575,87683,87737,54,108
87575,87685,87738,53,110
87575,87688,87744,56,113
87575,87687,87744,57,112
87575,87687,87747,60,112
87575,87691,87747,56,116
87575,87688,87749,61,113
87575,87688,87749,61,113
87575,87691,87750,59,116
87575,87697,87750,53,122
87575,87700,87751,51,125
87575,87693,87751,58,118
87575,87694,87751,57,119
87575,87687,87752,65,112
87575,87697,87753,56,122
87575,87687,87753,66,112
87575,87698,87755,57,123
87575,87697,87758,61,122
87575,87694,87760,66,119
87575,87696,87761,65,121
87575,87695,87765,70,120
87575,87697,87771,74,122
87786,87786,87833,47,0
87786,87786,87835,49,0
87786,87786,87836,50,0
87786,87786,87838,52,0
87786,87786,87841,55,0
87786,87786,87840,54,0
87786,87786,87841,55,0
87786,87786,87841,55,0
87786,87786,87842,56,0
87786,87786,87843,57,0
87786,87786,87843,57,0
87786,87786,87843,57,0
87786,87786,87843,57,0
87786,87786,87844,58,0
87786,87786,87844,58,0
87786,87786,87844,58,0
87786,87786,87845,59,0
87786,87786,87845,59,0
87786,87786,87845,59,0
87786,87786,87846,60,0
87786,87786,87847,61,0
87786,87786,87846,60,0
87786,87786,87847,61,0
87786,87786,87848,62,0
87786,87786,87848,62,0
87786,87786,87849,63,0
87786,87786,87850,64,0
87786,87786,87849,63,0
87786,87786,87850,64,0
87786,87786,87852,66,0
87786,87786,87852,66,0
87786,87786,87852,66,0
87786,87786,87853,67,0
87786,87786,87853,67,0
87786,87786,87853,67,0
87786,87786,87852,66,0
87786,87786,87853,67,0
87786,87786,87853,67,0
87786,87786,87854,68,0
87786,87786,87854,68,0
87786,87786,87856,70,0
87786,87786,87856,70,0
87786,87786,87856,70,0
87786,87786,87857,71,0
87786,87786,87858,72,0
87786,87786,87860,74,0
87786,87786,87861,75,0
87786,87786,87861,75,0
87786,87786,87860,74,0
87786,87786,87861,75,0
87786,87786,87868,82,0
87875,87875,87928,53,0
87875,87875,87933,58,0
87875,87875,87934,59,0
87875,87875,87934,59,0
87875,87875,87933,58,0
87875,87875,87934,59,0
87875,87875,87936,61,0
87875,87875,87935,60,0
87875,87875,87937,62,0
87875,87875,87937,62,0
87875,87875,87938,63,0
87875,87875,87937,62,0
87875,87875,87938,63,0
87875,87875,87939,64,0
87875,87875,87939,64,0
87875,87875,87940,65,0
87875,87875,87940,65,0
87875,87875,87940,65,0
87875,87875,87940,65,0
87875,87875,87940,65,0
87875,87875,87941,66,0
87875,87875,87941,66,0
87875,87875,87941,66,0
87875,87875,87942,67,0
87875,87875,87941,66,0
87875,87875,87942,67,0
87875,87875,87944,69,0
87875,87875,87944,69,0
87875,87875,87944,69,0
87875,87875,87945,70,0
87875,87875,87945,70,0
87875,87875,87945,70,0
87875,87875,87945,70,0
87875,87875,87945,70,0
87875,87875,87945,70,0
87875,87875,87945,70,0
87875,87875,87946,71,0
87875,87875,87946,71,0
87875,87875,87945,70,0
87875,87875,87946,71,0
87875,87875,87946,71,0
87875,87875,87946,71,0
87875,87875,87946,71,0
87875,87875,87946,71,0
87875,87875,87947,72,0
87875,87875,87947,72,0
87875,87875,87948,73,0
87875,87875,87948,73,0
87875,87875,87948,73,0
87875,87875,87948,73,0
87875,87875,87948,73,0
87875,87875,87948,73,0
87875,87875,87949,74,0
87875,87875,87949,74,0
87875,87875,87949,74,0
87875,87875,87949,74,0
87875,87875,87950,75,0
87875,87875,87951,76,0
87875,87875,87950,75,0
87875,87875,87950,75,0
87875,87875,87951,76,0
87875,87875,87951,76,0
87875,87875,87951,76,0
87875,87875,87951,76,0
87875,87875,87951,76,0
87875,87875,87952,77,0
87875,87875,87952,77,0
87875,87875,87952,77,0
87875,87875,87952,77,0
87875,87875,87953,78,0
87875,87875,87953,78,0
87875,87875,87954,79,0
87875,87875,87955,80,0
87875,87875,87954,79,0
87875,87875,87955,80,0
87875,87875,87955,80,0
87875,87875,87955,80,0
87875,87875,87957,82,0
87875,87875,87958,83,0
87875,87875,87960,85,0
87875,87950,87974,24,75
87875,87950,87974,24,75
87875,87949,87974,25,74
87875,87949,87976,27,74
87875,87950,87976,26,75
87875,87951,87976,25,76
87875,87949,87976,27,74
87875,87950,87978,28,75
87875,87949,87977,28,74
87875,87949,87977,28,74
87875,87951,87979,28,76
87875,87948,87978,30,73
87875,87949,87979,30,74
87875,87951,87979,28,76
87875,87952,87979,27,77
87875,87948,87981,33,73
87875,87952,87981,29,77
87875,87951,87981,30,76
87875,87952,87980,28,77
87875,87952,87981,29,77
87875,87952,87981,29,77
87875,87953,87984,31,78
87875,87953,87986,33,78
87875,87955,87987,32,80
87875,87953,87986,33,78
87875,87954,87987,33,79
87875,87947,87990,43,72
87875,87955,87993,38,80
87875,87947,87993,46,72
87875,87955,87993,38,80
87875,87953,87994,41,78
87875,87947,87995,48,72
87875,87954,87995,41,79
87875,87928,87999,71,53
87875,87934,88000,66,59
87875,87956,88000,44,81
87875,87960,88001,41,85
87875,87934,88001,67,59
87875,87956,88002,46,81
87875,87959,88003,44,84
87875,87947,88003,56,72
87875,87956,88002,46,81
87875,87941,88004,63,66
87875,87947,88004,57,72
87875,87946,88003,57,71
87875,87946,88004,58,71
87875,87957,88003,46,82
87875,87934,88004,70,59
87875,87940,88004,64,65
87875,87939,88006,67,64
87875,87933,88008,75,58
87875,87940,88007,67,65
87875,87940,88007,67,65
87875,87935,88008,73,60
87875,87938,88009,71,63
87875,87941,88010,69,66
87875,87942,88011,69,67
87875,87942,88011,69,67
87875,87937,88012,75,62
87875,87936,88012,76,61
87875,87939,88012,73,64
87875,87947,88012,65,72
87875,87945,88012,67,70
87875,87936,88011,75,61
87875,87940,88014,74,65
87875,87975,88013,38,100
87875,87946,88013,67,71
87875,87946,88013,67,71
87875,87941,88014,73,66
87875,87946,88014,68,71
87875,87947,88014,67,72
87875,87975,88015,40,100
87875,87976,88015,39,101
87875,87946,88015,69,71
87875,87938,88015,77,63
87875,87945,88016,71,70
87875,87945,88017,72,70
87875,87942,88017,75,67
87875,87975,88017,42,100
87875,87940,88017,77,65
87875,87944,88017,73,69
87875,87942,88019,77,67
87875,87937,88018,81,62
87875,87978,88019,41,103
87875,87977,88021,44,102
87875,87946,88022,76,71
87875,87977,88023,46,102
87875,87980,88023,43,105
87875,87978,88024,46,103
87875,87977,88024,47,102
87875,87981,88027,46,106
87875,87978,88028,50,103
87875,87980,88028,48,105
87875,87979,88028,49,104
87875,87980,88029,49,105
87875,87981,88031,50,106
87875,87979,88032,53,104
87875,87991,88035,44,116
87875,87981,88038,57,106
87875,87982,88039,57,107
87875,87981,88039,58,106
87875,87987,88041,54,112
87875,87988,88043,55,113
87875,87982,88043,61,107
87875,87987,88045,58,112
87875,87994,88046,52,119
87875,88000,88047,47,125
87875,87996,88047,51,121
87875,87987,88048,61,112
87875,87993,88049,56,118
87875,87985,88050,65,110
87875,87994,88054,60,119
87875,88001,88057,56,126
87875,88002,88061,59,127
87875,87996,88063,67,121
87875,87999,88065,66,124
87875,87995,88067,72,120
87875,88002,88067,65,127
87875,88000,88076,76,125
88091,88091,88137,46,0
88091,88091,88137,46,0
88091,88091,88141,50,0
88091,88091,88141,50,0
88091,88091,88141,50,0
88091,88091,88145,54,0
88091,88091,88145,54,0
88091,88091,88145,54,0
88091,88091,88148,57,0
88091,88091,88147,56,0
88091,88091,88148,57,0
88091,88091,88149,58,0
88091,88091,88148,57,0
88091,88091,88148,57,0
88091,88091,88150,59,0
88091,88091,88150,59,0
88091,88091,88150,59,0
88091,88091,88151,60,0
88091,88091,88151,60,0
88091,88091,88152,61,0
88091,88091,88151,60,0
88091,88091,88151,60,0
88091,88091,88153,62,0
88091,88091,88152,61,0
88091,88091,88153,62,0
88091,88091,88153,62,0
88091,88091,88153,62,0
88091,88091,88154,63,0
88091,88091,88154,63,0
88091,88091,88155,64,0
88091,88091,88155,64,0
88091,88091,88156,65,0
88091,88091,88156,65,0
88091,88091,88157,66,0
88091,88091,88157,66,0
88091,88091,88157,66,0
88091,88091,88157,66,0
88091,88091,88158,67,0
88091,88091,88160,69,0
88091,88091,88160,69,0
88091,88091,88160,69,0
88091,88091,88163,72,0
88091,88091,88164,73,0
88091,88091,88163,72,0
88091,88091,88164,73,0
88091,88091,88164,73,0
88091,88091,88165,74,0
88091,88091,88166,75,0
88091,88091,88166,75,0
88091,88091,88167,76,0
88091,88091,88168,77,0
88175,88175,88232,57,0
88175,88175,88233,58,0
88175,88175,88235,60,0
88175,88175,88236,61,0
88175,88175,88235,60,0
88175,88175,88235,60,0
88175,88175,88236,61,0
88175,88175,88237,62,0
88175,88175,88237,62,0
88175,88175,88237,62,0
88175,88175,88238,63,0
88175,88175,88237,62,0
88175,88175,88238,63,0
88175,88175,88239,64,0
88175,88175,88240,65,0
88175,88175,88240,65,0
88175,88175,88239,64,0
88175,88175,88240,65,0
88175,88175,88240,65,0
88175,88175,88240,65,0
88175,88175,88241,66,0
88175,88175,88242,67,0
88175,88175,88242,67,0
88175,88175,88242,67,0
88175,88175,88242,67,0
88175,88175,88242,67,0
88175,88175,88243,68,0
88175,88175,88244,69,0
88175,88175,88244,69,0
88175,88175,88245,70,0
88175,88175,88244,69,0
88175,88175,88245,70,0
88175,88175,88245,70,0
88175,88175,88245,70,0
88175,88175,88245,70,0
88175,88175,88245,70,0
88175,88175,88245,70,0
88175,88175,88245,70,0
88175,88175,88246,71,0
88175,88175,88246,71,0
88175,88175,88246,71,0
88175,88175,88247,72,0
88175,88175,88246,71,0
88175,88175,88247,72,0
88175,88175,88247,72,0
88175,88175,88248,73,0
88175,88175,88248,73,0
88175,88175,88247,72,0
88175,88175,88248,73,0
88175,88175,88248,73,0
88175,88175,88248,73,0
88175,88175,88248,73,0
88175,88175,88248,73,0
88175,88175,88249,74,0
88175,88175,88249,74,0
88175,88175,88249,74,0
88175,88175,88250,75,0
88175,88175,88249,74,0
88175,88175,88249,74,0
88175,88175,88250,75,0
88175,88175,88250,75,0
88175,88175,88249,74,0
88175,88175,88251,76,0
88175,88175,88251,76,0
88175,88175,88251,76,0
88175,88175,88252,77,0
88175,88175,88252,77,0
88175,88175,88252,77,0
88175,88175,88252,77,0
88175,88175,88253,78,0
88175,88175,88253,78,0
88175,88175,88253,78,0
88175,88175,88253,78,0
88175,88175,88253,78,0
88175,88175,88254,79,0
88175,88175,88254,79,0
88175,88175,88258,83,0
88175,88175,88258,83,0
88175,88175,88257,82,0
88175,88175,88261,86,0
88175,88250,88272,22,75
88175,88248,88273,25,73
88175,88249,88274,25,74
88175,88248,88274,26,73
88175,88250,88274,24,75
88175,88249,88275,26,74
88175,88249,88275,26,74
88175,88248,88277,29,73
88175,88249,88277,28,74
88175,88250,88277,27,75
88175,88248,88277,29,73
88175,88249,88278,29,74
88175,88250,88278,28,75
88175,88250,88278,28,75
88175,88248,88279,31,73
88175,88251,88279,28,76
88175,88251,88280,29,76
88175,88250,88281,31,75
88175,88252,88280,28,77
88175,88250,88282,32,75
88175,88247,88285,38,72
88175,88252,88285,33,77
88175,88247,88287,40,72
88175,88253,88287,34,78
88175,88253,88288,35,78
88175,88252,88290,38,77
88175,88252,88290,38,77
88175,88252,88290,38,77
88175,88253,88291,38,78
88175,88258,88294,36,83
88175,88246,88295,49,71
88175,88253,88295,42,78
88175,88254,88295,41,79
88175,88247,88295,48,72
88175,88258,88295,37,83
88175,88235,88296,61,60
88175,88258,88299,41,83
88175,88232,88301,69,57
88175,88246,88301,55,71
88175,88255,88301,46,80
88175,88246,88302,56,71
88175,88261,88302,41,86
88175,88237,88303,66,62
88175,88236,88303,67,61
88175,88255,88304,49,80
88175,88245,88305,60,70
88175,88244,88306,62,69
88175,88247,88306,59,72
88175,88240,88307,67,65
88175,88245,88306,61,70
88175,88236,88306,70,61
88175,88239,88306,67,64
88175,88236,88307,71,61
88175,88234,88307,73,59
88175,88238,88308,70,63
88175,88244,88309,65,69
88175,88245,88310,65,70
88175,88238,88310,72,63
88175,88243,88311,68,68
88175,88238,88311,73,63
88175,88245,88311,66,70
88175,88240,88312,72,65
88175,88238,88313,75,63
88175,88245,88313,68,70
88175,88237,88314,77,62
88175,88239,88314,75,64
88175,88241,88314,73,66
88175,88241,88315,74,66
88175,88245,88314,69,70
88175,88242,88315,73,67
88175,88245,88315,70,70
88175,88240,88315,75,65
88175,88275,88315,40,100
88175,88272,88315,43,97
88175,88242,88316,74,67
88175,88245,88317,72,70
88175,88274,88317,43,99
88175,88274,88317,43,99
88175,88275,88317,42,100
88175,88246,88318,72,71
88175,88243,88318,75,68
88175,88240,88320,80,65
88175,88277,88320,43,102
88175,88240,88320,80,65
88175,88277,88321,44,102
88175,88279,88322,43,104
88175,88244,88322,78,69
88175,88278,88323,45,103
88175,88273,88324,51,98
88175,88278,88323,45,103
88175,88242,88324,82,67
88175,88279,88325,46,104
88175,88279,88327,48,104
88175,88277,88327,50,102
88175,88280,88328,48,105
88175,88276,88330,54,101
88175,88281,88331,50,106
88175,88281,88332,51,106
88175,88277,88333,56,102
88175,88283,88334,51,108
88175,88288,88338,50,113
88175,88285,88339,54,110
88175,88288,88341,53,113
88175,88291,88349,58,116
88175,88289,88350,61,114
88175,88296,88350,54,121
88175,88292,88351,59,117
88175,88294,88353,59,119
88175,88291,88356,65,116
88175,88286,88355,69,111
88175,88295,88355,60,120
88175,88291,88357,66,116
88175,88296,88358,62,121
88175,88302,88361,59,127
88175,88300,88362,62,125
88175,88297,88365,68,122
88175,88296,88368,72,121
88175,88296,88373,77,121
88175,88302,88378,76,127
88393,88393,88440,47,0
88393,88393,88439,46,0
88393,88393,88441,48,0
88393,88393,88442,49,0
88393,88393,88443,50,0
88393,88393,88443,50,0
88393,88393,88445,52,0
88393,88393,88444,51,0
88393,88393,88445,52,0
88393,88393,88445,52,0
88393,88393,88444,51,0
88393,88393,88446,53,0
88393,88393,88447,54,0
88393,88393,88447,54,0
88393,88393,88447,54,0
88393,88393,88448,55,0
88393,88393,88449,56,0
88393,88393,88448,55,0
88393,88393,88449,56,0
88393,88393,88450,57,0
88393,88393,88450,57,0
88393,88393,88451,58,0
88393,88393,88451,58,0
88393,88393,88453,60,0
88393,88393,88454,61,0
88393,88393,88454,61,0
88393,88393,88455,62,0
88393,88393,88455,62,0
88393,88393,88455,62,0
88393,88393,88456,63,0
88393,88393,88456,63,0
88393,88393,88456,63,0
88393,88393,88456,63,0
88393,88393,88457,64,0
88393,88393,88459,66,0
88393,88393,88459,66,0
88393,88393,88461,68,0
88393,88393,88461,68,0
88393,88393,88462,69,0
88393,88393,88462,69,0
88393,88393,88462,69,0
88393,88393,88462,69,0
88393,88393,88464,71,0
88393,88393,88464,71,0
88393,88393,88464,71,0
88393,88393,88466,73,0
88393,88393,88466,73,0
88393,88393,88469,76,0
88393,88393,88469,76,0
88393,88393,88470,77,0
88393,88393,88474,81,0
88481,88481,88536,55,0
88481,88481,88537,56,0
88481,88481,88537,56,0
88481,88481,88539,58,0
88481,88481,88539,58,0
88481,88481,88542,61,0
88481,88481,88543,62,0
88481,88481,88542,61,0
88481,88481,88542,61,0
88481,88481,88542,61,0
88481,88481,88544,63,0
88481,88481,88545,64,0
88481,88481,88546,65,0
88481,88481,88545,64,0
88481,88481,88547,66,0
88481,88481,88548,67,0
88481,88481,88547,66,0
88481,88481,88547,66,0
88481,88481,88547,66,0
88481,88481,88548,67,0
88481,88481,88547,66,0
88481,88481,88548,67,0
88481,88481,88548,67,0
88481,88481,88549,68,0
88481,88481,88549,68,0
88481,88481,88548,67,0
88481,88481,88549,68,0
88481,88481,88549,68,0
88481,88481,88550,69,0
88481,88481,88551,70,0
88481,88481,88551,70,0
88481,88481,88552,71,0
88481,88481,88551,70,0
88481,88481,88551,70,0
88481,88481,88552,71,0
88481,88481,88552,71,0
88481,88481,88552,71,0
88481,88481,88551,70,0
88481,88481,88552,71,0
88481,88481,88551,70,0
88481,88481,88553,72,0
88481,88481,88553,72,0
88481,88481,88553,72,0
88481,88481,88552,71,0
88481,88481,88552,71,0
88481,88481,88553,72,0
88481,88481,88554,73,0
88481,88481,88554,73,0
88481,88481,88553,72,0
88481,88481,88554,73,0
88481,88481,88554,73,0
88481,88481,88555,74,0
88481,88481,88554,73,0
88481,88481,88555,74,0
88481,88481,88554,73,0
88481,88481,88555,74,0
88481,88481,88556,75,0
88481,88481,88556,75,0
88481,88481,88556,75,0
88481,88481,88555,74,0
88481,88481,88557,76,0
88481,88481,88556,75,0
88481,88481,88557,76,0
88481,88481,88557,76,0
88481,88481,88557,76,0
88481,88481,88557,76,0
88481,88481,88559,78,0
88481,88481,88558,77,0
88481,88481,88558,77,0
88481,88481,88561,80,0
88481,88481,88561,80,0
88481,88481,88561,80,0
88481,88481,88562,81,0
88481,88481,88561,80,0
88481,88481,88563,82,0
88481,88481,88563,82,0
88481,88481,88564,83,0
88481,88481,88564,83,0
88481,88481,88566,85,0
88481,88481,88565,84,0
88481,88554,88579,25,73
88481,88553,88579,26,72
88481,88555,88579,24,74
88481,88554,88580,26,73
88481,88555,88581,26,74
88481,88554,88581,27,73
88481,88555,88582,27,74
88481,88557,88583,26,76
88481,88554,88583,29,73
88481,88553,88583,30,72
88481,88555,88584,29,74
88481,88555,88585,30,74
88481,88556,88585,29,75
88481,88556,88586,30,75
88481,88554,88586,32,73
88481,88557,88587,30,76
88481,88557,88587,30,76
88481,88557,88588,31,76
88481,88556,88589,33,75
88481,88557,88590,33,76
88481,88559,88591,32,78
88481,88559,88591,32,78
88481,88558,88591,33,77
88481,88559,88591,32,78
88481,88552,88592,40,71
88481,88556,88593,37,75
88481,88563,88595,32,82
88481,88553,88595,42,72
88481,88562,88597,35,81
88481,88561,88598,37,80
88481,88561,88600,39,80
88481,88564,88602,38,83
88481,88566,88603,37,85
88481,88562,88605,43,81
88481,88566,88605,39,85
88481,88564,88605,41,83
88481,88551,88605,54,70
88481,88553,88605,52,72
88481,88544,88605,61,63
88481,88540,88606,66,59
88481,88553,88605,52,72
88481,88538,88606,68,57
88481,88538,88607,69,57
88481,88543,88607,64,62
88481,88563,88607,44,82
88481,88553,88608,55,72
88481,88543,88608,65,62
88481,88548,88608,60,67
88481,88545,88608,63,64
88481,88552,88609,57,71
88481,88539,88609,70,58
88481,88562,88611,49,81
88481,88552,88610,58,71
88481,88552,88612,60,71
88481,88548,88612,64,67
88481,88543,88613,70,62
88481,88536,88613,77,55
88481,88542,88614,72,61
88481,88549,88614,65,68
88481,88549,88614,65,68
88481,88552,88615,63,71
88481,88546,88617,71,65
88481,88546,88617,71,65
88481,88550,88618,68,69
88481,88547,88618,71,66
88481,88548,88620,72,67
88481,88549,88621,72,68
88481,88543,88621,78,62
88481,88580,88621,41,99
88481,88551,88621,70,70
88481,88552,88621,69,71
88481,88548,88621,73,67
88481,88548,88622,74,67
88481,88552,88622,70,71
88481,88549,88622,73,68
88481,88548,88624,76,67
88481,88550,88624,74,69
88481,88552,88626,74,71
88481,88580,88626,46,99
88481,88548,88626,78,67
88481,88583,88626,43,102
88481,88581,88626,45,100
88481,88586,88626,40,105
88481,88580,88627,47,99
88481,88549,88628,79,68
88481,88552,88628,76,71
88481,88579,88630,51,98
88481,88583,88629,46,102
88481,88582,88630,48,101
88481,88582,88630,48,101
88481,88586,88632,46,105
88481,88584,88632,48,103
88481,88583,88633,50,102
88481,88588,88638,50,107
88481,88585,88639,54,104
88481,88585,88641,56,104
88481,88587,88642,55,106
88481,88593,88644,51,112
88481,88591,88644,53,110
88481,88589,88645,56,108
88481,88590,88645,55,109
88481,88594,88646,52,113
88481,88597,88651,54,116
88481,88587,88651,64,106
88481,88592,88652,60,111
88481,88591,88653,62,110
88481,88592,88655,63,111
88481,88602,88656,54,121
88481,88595,88659,64,114
88481,88606,88660,54,125
88481,88605,88661,56,124
88481,88598,88661,63,117
88481,88595,88661,66,114
88481,88605,88665,60,124
88481,88606,88670,64,125
88481,88606,88670,64,125
88481,88601,88671,70,120
88481,88604,88671,67,123
88481,88606,88673,67,125
88688,88689,88730,41,1
88688,88689,88737,48,1
88688,88689,88740,51,1
88688,88689,88741,52,1
88688,88689,88741,52,1
88688,88689,88743,54,1
88688,88689,88744,55,1
88688,88689,88745,56,1
88688,88689,88745,56,1
88688,88688,88746,58,0
88688,88689,88745,56,1
88688,88689,88746,57,1
88688,88689,88746,57,1
88688,88689,88746,57,1
88688,88689,88748,59,1
88688,88688,88747,59,0
88688,88689,88747,58,1
88688,88689,88747,58,1
88688,88689,88748,59,1
88688,88689,88749,60,1
88688,88689,88751,62,1
88688,88689,88750,61,1
88688,88689,88750,61,1
88688,88689,88750,61,1
88688,88689,88752,63,1
88688,88689,88752,63,1
88688,88689,88752,63,1
88688,88689,88754,65,1
88688,88689,88753,64,1
88688,88689,88756,67,1
88688,88689,88756,67,1
88688,88689,88756,67,1
88688,88688,88757,69,0
88688,88689,88758,69,1
88688,88689,88757,68,1
88688,88689,88757,68,1
88688,88689,88757,68,1
88688,88689,88757,68,1
88688,88689,88760,71,1
88688,88689,88760,71,1
88688,88689,88760,71,1
88688,88689,88760,71,1
88688,88689,88761,72,1
88688,88688,88761,73,0
88688,88689,88761,72,1
88688,88689,88763,74,1
88688,88689,88762,73,1
88688,88689,88763,74,1
88688,88689,88764,75,1
88688,88689,88764,75,1
88688,88689,88767,78,1
88775,88775,88835,60,0
88775,88775,88836,61,0
88775,88775,88836,61,0
88775,88775,88837,62,0
88775,88775,88839,64,0
88775,88775,88839,64,0
88775,88775,88838,63,0
88775,88775,88840,65,0
88775,88775,88840,65,0
88775,88775,88839,64,0
88775,88775,88840,65,0
88775,88775,88841,66,0
88775,88775,88842,67,0
88775,88775,88842,67,0
88775,88775,88842,67,0
88775,88775,88842,67,0
88775,88775,88841,66,0
88775,88775,88842,67,0
88775,88775,88843,68,0
88775,88775,88842,67,0
88775,88775,88842,67,0
88775,88775,88843,68,0
88775,88775,88844,69,0
88775,88775,88843,68,0
88775,88775,88844,69,0
88775,88775,88845,70,0
88775,88775,88845,70,0
88775,88775,88845,70,0
88775,88775,88844,69,0
88775,88775,88846,71,0
88775,88775,88846,71,0
88775,88775,88846,71,0
88775,88775,88846,71,0
88775,88775,88847,72,0
88775,88775,88847,72,0
88775,88775,88847,72,0
88775,88775,88847,72,0
88775,88775,88847,72,0
88775,88775,88847,72,0
88775,88775,88846,71,0
88775,88775,88847,72,0
88775,88775,88847,72,0
88775,88775,88847,72,0
88775,88775,88848,73,0
88775,88775,88848,73,0
88775,88775,88848,73,0
88775,88775,88849,74,0
88775,88775,88848,73,0
88775,88775,88849,74,0
88775,88775,88849,74,0
88775,88775,88849,74,0
88775,88775,88849,74,0
88775,88775,88849,74,0
88775,88775,88850,75,0
88775,88775,88849,74,0
88775,88775,88850,75,0
88775,88775,88850,75,0
88775,88775,88850,75,0
88775,88775,88851,76,0
88775,88775,88851,76,0
88775,88775,88851,76,0
88775,88775,88851,76,0
88775,88775,88851,76,0
88775,88775,88851,76,0
88775,88775,88852,77,0
88775,88775,88851,76,0
88775,88775,88852,77,0
88775,88775,88852,77,0
88775,88775,88852,77,0
88775,88775,88852,77,0
88775,88775,88853,78,0
88775,88775,88854,79,0
88775,88775,88854,79,0
88775,88775,88854,79,0
88775,88775,88855,80,0
88775,88775,88855,80,0
88775,88775,88855,80,0
88775,88775,88856,81,0
88775,88775,88856,81,0
88775,88775,88856,81,0
88775,88850,88870,20,75
88775,88852,88876,24,77
88775,88850,88877,27,75
88775,88852,88877,25,77
88775,88849,88877,28,74
88775,88849,88878,29,74
88775,88849,88878,29,74
88775,88850,88878,28,75
88775,88850,88878,28,75
88775,88848,88879,31,73
88775,88850,88879,29,75
88775,88849,88879,30,74
88775,88852,88880,28,77
88775,88850,88881,31,75
88775,88851,88881,30,76
88775,88853,88881,28,78
88775,88853,88883,30,78
88775,88852,88883,31,77
88775,88853,88886,33,78
88775,88852,88886,34,77
88775,88851,88886,35,76
88775,88848,88886,38,73
88775,88853,88887,34,78
88775,88853,88887,34,78
88775,88854,88888,34,79
88775,88853,88890,37,78
88775,88855,88892,37,80
88775,88851,88893,42,76
88775,88848,88894,46,73
88775,88855,88895,40,80
88775,88856,88894,38,81
88775,88856,88895,39,81
88775,88855,88895,40,80
88775,88857,88896,39,82
88775,88856,88895,39,81
88775,88857,88895,38,82
88775,88847,88898,51,72
88775,88847,88898,51,72
88775,88835,88899,64,60
88775,88856,88900,44,81
88775,88847,88900,53,72
88775,88847,88901,54,72
88775,88842,88903,61,67
88775,88841,88902,61,66
88775,88846,88903,57,71
88775,88839,88903,64,64
88775,88836,88905,69,61
88775,88839,88905,66,64
88775,88846,88905,59,71
88775,88847,88906,59,72
88775,88842,88907,65,67
88775,88846,88907,61,71
88775,88840,88907,67,65
88775,88839,88907,68,64
88775,88838,88909,71,63
88775,88836,88910,74,61
88775,88847,88910,63,72
88775,88846,88911,65,71
88775,88841,88912,71,66
88775,88870,88912,42,95
88775,88847,88912,65,72
88775,88843,88913,70,68
88775,88840,88914,74,65
88775,88842,88914,72,67
88775,88845,88914,69,70
88775,88845,88914,69,70
88775,88847,88915,68,72
88775,88847,88916,69,72
88775,88843,88918,75,68
88775,88842,88918,76,67
88775,88843,88918,75,68
88775,88878,88919,41,103
88775,88845,88919,74,70
88775,88842,88920,78,67
88775,88845,88920,75,70
88775,88878,88920,42,103
88775,88879,88921,42,104
88775,88843,88922,79,68
88775,88842,88922,80,67
88775,88847,88923,76,72
88775,88844,88922,78,69
88775,88845,88923,78,70
88775,88840,88924,84,65
88775,88880,88925,45,105
88775,88878,88924,46,103
88775,88877,88925,48,102
88775,88882,88926,44,107
88775,88886,88926,40,111
88775,88880,88926,46,105
88775,88879,88927,48,104
88775,88882,88927,45,107
88775,88879,88927,48,104
88775,88879,88927,48,104
88775,88879,88929,50,104
88775,88881,88928,47,106
88775,88844,88931,87,69
88775,88882,88935,53,107
88775,88884,88937,53,109
88775,88884,88937,53,109
88775,88893,88939,46,118
88775,88888,88939,51,113
88775,88887,88940,53,112
88775,88896,88942,46,121
88775,88896,88943,47,121
88775,88888,88943,55,113
88775,88886,88945,59,111
88775,88888,88946,58,113
88775,88886,88947,61,111
88775,88899,88947,48,124
88775,88896,88948,52,121
88775,88895,88951,56,120
88775,88896,88952,56,121
88775,88893,88955,62,118
88775,88895,88954,59,120
88775,88895,88954,59,120
88775,88891,88959,68,116
88775,88899,88960,61,124
88775,88900,88965,65,125
88775,88895,88967,72,120
88982,88982,89031,49,0
88982,88982,89032,50,0
88982,88982,89035,53,0
88982,88982,89035,53,0
88982,88982,89035,53,0
88982,88982,89037,55,0
88982,88982,89038,56,0
88982,88982,89040,58,0
88982,88982,89041,59,0
88982,88982,89041,59,0
88982,88982,89042,60,0
88982,88982,89042,60,0
88982,88982,89042,60,0
88982,88982,89043,61,0
88982,88982,89043,61,0
88982,88982,89044,62,0
88982,88982,89044,62,0
88982,88982,89046,64,0
88982,88982,89046,64,0
88982,88982,89045,63,0
88982,88982,89046,64,0
88982,88982,89046,64,0
88982,88982,89047,65,0
88982,88982,89047,65,0
88982,88982,89046,64,0
88982,88982,89048,66,0
88982,88982,89049,67,0
88982,88982,89049,67,0
88982,88982,89048,66,0
88982,88982,89048,66,0
88982,88982,89050,68,0
88982,88982,89050,68,0
88982,88982,89050,68,0
88982,88982,89051,69,0
88982,88982,89051,69,0
88982,88982,89051,69,0
88982,88982,89052,70,0
88982,88982,89052,70,0
88982,88982,89053,71,0
88982,88982,89053,71,0
88982,88982,89053,71,0
88982,88982,89055,73,0
88982,88982,89056,74,0
88982,88982,89055,73,0
88982,88982,89057,75,0
88982,88982,89058,76,0
88982,88982,89059,77,0
88982,88982,89059,77,0
88982,88982,89060,78,0
88982,88982,89060,78,0
88982,88982,89063,81,0
89069,89070,89128,58,1
89069,89070,89129,59,1
89069,89070,89129,59,1
89069,89070,89130,60,1
89069,89070,89132,62,1
89069,89070,89131,61,1
89069,89070,89132,62,1
89069,89070,89132,62,1
89069,89070,89133,63,1
89069,89070,89133,63,1
89069,89070,89134,64,1
89069,89070,89134,64,1
89069,89070,89134,64,1
89069,89070,89134,64,1
89069,89070,89134,64,1
89069,89070,89135,65,1
89069,89070,89134,64,1
89069,89070,89136,66,1
89069,89070,89135,65,1
89069,89070,89135,65,1
89069,89070,89136,66,1
89069,89070,89137,67,1
89069,89070,89136,66,1
89069,89070,89136,66,1
89069,89070,89137,67,1
89069,89070,89137,67,1
89069,89070,89136,66,1
89069,89070,89137,67,1
89069,89070,89138,68,1
89069,89070,89137,67,1
89069,89070,89139,69,1
89069,89070,89139,69,1
89069,89070,89139,69,1
89069,89070,89139,69,1
89069,89070,89140,70,1
89069,89070,89139,69,1
89069,89070,89140,70,1
89069,89070,89139,69,1
89069,89070,89139,69,1
89069,89070,89139,69,1
89069,89070,89141,71,1
89069,89070,89140,70,1
89069,89070,89141,71,1
89069,89070,89140,70,1
89069,89070,89142,72,1
89069,89070,89142,72,1
89069,89070,89141,71,1
89069,89070,89142,72,1
89069,89070,89141,71,1
89069,89070,89142,72,1
89069,89070,89142,72,1
89069,89070,89142,72,1
89069,89070,89142,72,1
89069,89070,89142,72,1
89069,89070,89142,72,1
89069,89070,89143,73,1
89069,89070,89142,72,1
89069,89070,89144,74,1
89069,89070,89143,73,1
89069,89070,89144,74,1
89069,89070,89144,74,1
89069,89070,89145,75,1
89069,89070,89144,74,1
89069,89070,89145,75,1
89069,89070,89145,75,1
89069,89070,89145,75,1
89069,89070,89145,75,1
89069,89070,89146,76,1
89069,89070,89146,76,1
89069,89070,89146,76,1
89069,89070,89146,76,1
89069,89070,89146,76,1
89069,89070,89147,77,1
89069,89070,89149,79,1
89069,89070,89148,78,1
89069,89070,89149,79,1
89069,89070,89150,80,1
89069,89070,89151,81,1
89069,89070,89151,81,1
89069,89070,89151,81,1
89069,89143,89166,23,74
89069,89142,89167,25,73
89069,89143,89167,24,74
89069,89143,89170,27,74
89069,89144,89170,26,75
89069,89143,89171,28,74
89069,89142,89171,29,73
89069,89142,89170,28,73
89069,89144,89172,28,75
89069,89143,89171,28,74
89069,89143,89172,29,74
89069,89142,89172,30,73
89069,89145,89172,27,76
89069,89143,89173,30,74
89069,89145,89174,29,76
89069,89144,89176,32,75
89069,89142,89176,34,73
89069,89145,89177,32,76
89069,89147,89178,31,78
89069,89146,89178,32,77
89069,89147,89179,32,78
89069,89146,89179,33,77
89069,89145,89180,35,76
89069,89147,89180,33,78
89069,89145,89181,36,76
89069,89143,89181,38,74
89069,89149,89183,34,80
89069,89148,89184,36,79
89069,89147,89185,38,78
89069,89149,89186,37,80
89069,89128,89189,61,59
89069,89146,89190,44,77
89069,89152,89190,38,83
89069,89149,89190,41,80
89069,89133,89192,59,64
89069,89141,89191,50,72
89069,89150,89193,43,81
89069,89132,89194,62,63
89069,89139,89193,54,70
89069,89151,89194,43,82
89069,89151,89195,44,82
89069,89140,89196,56,71
89069,89140,89196,56,71
89069,89130,89196,66,61
89069,89140,89196,56,71
89069,89133,89196,63,64
89069,89129,89196,67,60
89069,89141,89197,56,72
89069,89140,89197,57,71
89069,89133,89199,66,64
89069,89132,89198,66,63
89069,89136,89200,64,67
89069,89133,89200,67,64
89069,89136,89200,64,67
89069,89131,89201,70,62
89069,89135,89201,66,66
89069,89140,89202,62,71
89069,89135,89203,68,66
89069,89141,89203,62,72
89069,89135,89204,69,66
89069,89134,89204,70,65
89069,89137,89205,68,68
89069,89137,89205,68,68
89069,89140,89206,66,71
89069,89141,89206,65,72
89069,89166,89206,40,97
89069,89137,89207,70,68
89069,89134,89208,74,65
89069,89135,89208,73,66
89069,89136,89208,72,67
89069,89168,89208,40,99
89069,89171,89209,38,102
89069,89167,89209,42,98
89069,89170,89209,39,101
89069,89140,89209,69,71
89069,89137,89209,72,68
89069,89134,89210,76,65
89069,89171,89211,40,102
89069,89172,89211,39,103
89069,89172,89212,40,103
89069,89171,89212,41,102
89069,89139,89212,73,70
89069,89138,89212,74,69
89069,89171,89212,41,102
89069,89138,89212,74,69
89069,89137,89213,76,68
89069,89140,89213,73,71
89069,89172,89213,41,103
89069,89137,89214,77,68
89069,89176,89215,39,107
89069,89138,89217,79,69
89069,89136,89217,81,67
89069,89173,89219,46,104
89069,89172,89219,47,103
89069,89173,89220,47,104
89069,89176,89223,47,107
89069,89174,89225,51,105
89069,89177,89225,48,108
89069,89180,89228,48,111
89069,89179,89230,51,110
89069,89181,89232,51,112
89069,89178,89233,55,109
89069,89181,89235,54,112
89069,89179,89235,56,110
89069,89183,89235,52,114
89069,89184,89238,54,115
89069,89186,89238,52,117
89069,89189,89239,50,120
89069,89180,89240,60,111
89069,89185,89240,55,116
89069,89192,89241,49,123
89069,89194,89242,48,125
89069,89194,89242,48,125
89069,89194,89242,48,125
89069,89190,89245,55,121
89069,89190,89249,59,121
89069,89179,89252,73,110
89069,89192,89252,60,123
89069,89190,89261,71,121
89276,89276,89318,42,0
89276,89276,89323,47,0
89276,89276,89325,49,0
89276,89276,89325,49,0
89276,89276,89327,51,0
89276,89276,89327,51,0
89276,89276,89327,51,0
89276,89276,89328,52,0
89276,89276,89329,53,0
89276,89276,89329,53,0
89276,89276,89329,53,0
89276,89276,89329,53,0
89276,89276,89330,54,0
89276,89276,89332,56,0
89276,89276,89332,56,0
89276,89276,89333,57,0
89276,89276,89334,58,0
89276,89276,89334,58,0
89276,89276,89335,59,0
89276,89276,89334,58,0
89276,89276,89335,59,0
89276,89276,89335,59,0
89276,89276,89335,59,0
89276,89276,89336,60,0
89276,89276,89336,60,0
89276,89276,89336,60,0
89276,89276,89336,60,0
89276,89276,89336,60,0
89276,89276,89337,61,0
89276,89276,89337,61,0
89276,89276,89338,62,0
89276,89276,89339,63,0
89276,89276,89338,62,0
89276,89276,89339,63,0
89276,89276,89339,63,0
89276,89276,89339,63,0
89276,89276,89340,64,0
89276,89276,89340,64,0
89276,89276,89342,66,0
89276,89276,89343,67,0
89276,89276,89343,67,0
89276,89276,89344,68,0
89276,89276,89344,68,0
89276,89276,89344,68,0
89276,89276,89345,69,0
89276,89276,89347,71,0
89276,89276,89348,72,0
89276,89276,89350,74,0
89276,89276,89351,75,0
89276,89276,89352,76,0
89276,89276,89357,81,0
89363,89364,89419,55,1
89363,89364,89422,58,1
89363,89364,89423,59,1
89363,89364,89424,60,1
89363,89364,89425,61,1
89363,89364,89426,62,1
89363,89364,89427,63,1
89363,89364,89429,65,1
89363,89364,89429,65,1
89363,89364,89430,66,1
89363,89364,89429,65,1
89363,89364,89429,65,1
89363,89364,89429,65,1
89363,89364,89430,66,1
89363,89364,89431,67,1
89363,89364,89431,67,1
89363,89364,89432,68,1
89363,89364,89431,67,1
89363,89364,89432,68,1
89363,89364,89432,68,1
89363,89364,89432,68,1
89363,89364,89432,68,1
89363,89364,89433,69,1
89363,89364,89433,69,1
89363,89364,89433,69,1
89363,89364,89433,69,1
89363,89364,89433,69,1
89363,89364,89433,69,1
89363,89364,89433,69,1
89363,89364,89433,69,1
89363,89364,89435,71,1
89363,89364,89434,70,1
89363,89364,89435,71,1
89363,89364,89436,72,1
89363,89364,89436,72,1
89363,89364,89436,72,1
89363,89364,89435,71,1
89363,89364,89436,72,1
89363,89364,89437,73,1
89363,89364,89436,72,1
89363,89364,89437,73,1
89363,89364,89436,72,1
89363,89364,89436,72,1
89363,89364,89436,72,1
89363,89364,89437,73,1
89363,89364,89438,74,1
89363,89364,89437,73,1
89363,89364,89437,73,1
89363,89364,89438,74,1
89363,89364,89438,74,1
89363,89364,89439,75,1
89363,89364,89439,75,1
89363,89364,89438,74,1
89363,89364,89438,74,1
89363,89364,89439,75,1
89363,89364,89439,75,1
89363,89364,89439,75,1
89363,89364,89440,76,1
89363,89364,89439,75,1
89363,89364,89439,75,1
89363,89364,89439,75,1
89363,89364,89439,75,1
89363,89364,89441,77,1
89363,89364,89440,76,1
89363,89364,89441,77,1
89363,89364,89441,77,1
89363,89364,89440,76,1
89363,89364,89440,76,1
89363,89364,89441,77,1
89363,89364,89441,77,1
89363,89364,89441,77,1
89363,89364,89441,77,1
89363,89364,89440,76,1
89363,89364,89442,78,1
89363,89364,89442,78,1
89363,89364,89441,77,1
89363,89364,89442,78,1
89363,89364,89443,79,1
89363,89364,89447,83,1
89363,89364,89449,85,1
89363,89439,89463,24,76
89363,89438,89464,26,75
89363,89440,89464,24,77
89363,89439,89464,25,76
89363,89439,89465,26,76
89363,89439,89466,27,76
89363,89439,89467,28,76
89363,89440,89466,26,77
89363,89438,89469,31,75
89363,89439,89469,30,76
89363,89441,89469,28,78
89363,89440,89468,28,77
89363,89440,89469,29,77
89363,89440,89469,29,77
89363,89441,89470,29,78
89363,89441,89470,29,78
89363,89439,89469,30,76
89363,89440,89472,32,77
89363,89438,89472,34,75
89363,89441,89472,31,78
89363,89441,89473,32,78
89363,89441,89473,32,78
89363,89440,89472,32,77
89363,89437,89474,37,74
89363,89441,89474,33,78
89363,89438,89474,36,75
89363,89441,89476,35,78
89363,89442,89476,34,79
89363,89442,89480,38,79
89363,89437,89481,44,74
89363,89442,89481,39,79
89363,89444,89482,38,81
89363,89441,89483,42,78
89363,89441,89484,43,78
89363,89441,89485,44,78
89363,89442,89486,44,79
89363,89430,89488,58,67
89363,89436,89488,52,73
89363,89436,89489,53,73
89363,89424,89489,65,61
89363,89437,89490,53,74
89363,89420,89491,71,57
89363,89437,89490,53,74
89363,89426,89491,65,63
89363,89448,89491,43,85
89363,89425,89492,67,62
89363,89436,89492,56,73
89363,89436,89493,57,73
89363,89431,89493,62,68
89363,89423,89494,71,60
89363,89437,89494,57,74
89363,89430,89494,64,67
89363,89437,89494,57,74
89363,89427,89495,68,64
89363,89428,89495,67,65
89363,89430,89496,66,67
89363,89449,89499,50,86
89363,89433,89499,66,70
89363,89433,89501,68,70
89363,89430,89500,70,67
89363,89434,89502,68,71
89363,89430,89502,72,67
89363,89435,89502,67,72
89363,89431,89503,72,68
89363,89430,89503,73,67
89363,89430,89504,74,67
89363,89466,89505,39,103
89363,89434,89505,71,71
89363,89432,89505,73,69
89363,89434,89505,71,71
89363,89465,89505,40,102
89363,89434,89506,72,71
89363,89434,89506,72,71
89363,89464,89506,42,101
89363,89434,89507,73,71
89363,89435,89507,72,72
89363,89464,89506,42,101
89363,89464,89508,44,101
89363,89434,89508,74,71
89363,89467,89508,41,104
89363,89436,89508,72,73
89363,89435,89509,74,72
89363,89433,89509,76,70
89363,89463,89509,46,100
89363,89469,89509,40,106
89363,89469,89510,41,106
89363,89433,89512,79,70
89363,89469,89513,44,106
89363,89467,89513,46,104
89363,89432,89515,83,69
89363,89469,89514,45,106
89363,89472,89516,44,109
89363,89469,89516,47,106
89363,89434,89516,82,71
89363,89470,89517,47,107
89363,89470,89518,48,107
89363,89472,89518,46,109
89363,89469,89519,50,106
89363,89470,89523,53,107
89363,89472,89525,53,109
89363,89474,89526,52,111
89363,89480,89527,47,117
89363,89477,89529,52,114
89363,89475,89529,54,112
89363,89473,89532,59,110
89363,89473,89533,60,110
89363,89482,89534,52,119
89363,89474,89535,61,111
89363,89483,89538,55,120
89363,89489,89539,50,126
89363,89477,89539,62,114
89363,89486,89540,54,123
89363,89481,89541,60,118
89363,89482,89543,61,119
89363,89488,89545,57,125
89363,89473,89546,73,110
89363,89484,89549,65,121
89363,89485,89549,64,122
89363,89488,89550,62,125
89566,89566,89610,44,0
89566,89566,89612,46,0
89566,89566,89615,49,0
89566,89566,89616,50,0
89566,89566,89616,50,0
89566,89566,89617,51,0
89566,89566,89619,53,0
89566,89566,89620,54,0
89566,89566,89621,55,0
89566,89566,89621,55,0
89566,89566,89621,55,0
89566,89566,89623,57,0
89566,89566,89622,56,0
89566,89566,89623,57,0
89566,89566,89624,58,0
89566,89566,89624,58,0
89566,89566,89626,60,0
89566,89566,89626,60,0
89566,89566,89626,60,0
89566,89566,89627,61,0
89566,89566,89628,62,0
89566,89566,89628,62,0
89566,89566,89628,62,0
89566,89566,89629,63,0
89566,89566,89629,63,0
89566,89566,89629,63,0
89566,89566,89628,62,0
89566,89566,89628,62,0
89566,89566,89630,64,0
89566,89566,89630,64,0
89566,89566,89631,65,0
89566,89566,89631,65,0
89566,89566,89631,65,0
89566,89566,89631,65,0
89566,89566,89632,66,0
89566,89566,89632,66,0
89566,89566,89632,66,0
89566,89566,89634,68,0
89566,89566,89634,68,0
89566,89566,89634,68,0
89566,89566,89634,68,0
89566,89566,89635,69,0
89566,89566,89635,69,0
89566,89566,89636,70,0
89566,89566,89637,71,0
89566,89566,89637,71,0
89566,89566,89637,71,0
89566,89566,89638,72,0
89566,89566,89639,73,0
89566,89566,89639,73,0
89566,89566,89640,74,0
89647,89647,89702,55,0
89647,89647,89708,61,0
89647,89647,89708,61,0
89647,89647,89710,63,0
89647,89647,89710,63,0
89647,89647,89711,64,0
89647,89647,89712,65,0
89647,89647,89713,66,0
89647,89647,89713,66,0
89647,89647,89713,66,0
89647,89647,89714,67,0
89647,89647,89714,67,0
89647,89647,89714,67,0
89647,89647,89715,68,0
89647,89647,89715,68,0
89647,89647,89715,68,0
89647,89647,89715,68,0
89647,89647,89715,68,0
89647,89647,89716,69,0
89647,89647,89716,69,0
89647,89647,89716,69,0
89647,89647,89716,69,0
89647,89647,89717,70,0
89647,89647,89717,70,0
89647,89647,89717,70,0
89647,89647,89717,70,0
89647,89647,89717,70,0
89647,89647,89717,70,0
89647,89647,89717,70,0
89647,89647,89718,71,0
89647,89647,89719,72,0
89647,89647,89719,72,0
89647,89647,89719,72,0
89647,89647,89719,72,0
89647,89647,89719,72,0
89647,89647,89720,73,0
89647,89647,89720,73,0
89647,89647,89720,73,0
89647,89647,89720,73,0
89647,89647,89721,74,0
89647,89647,89721,74,0
89647,89647,89721,74,0
89647,89647,89721,74,0
89647,89647,89721,74,0
89647,89647,89721,74,0
89647,89647,89721,74,0
89647,89647,89722,75,0
89647,89647,89722,75,0
89647,89647,89722,75,0
89647,89647,89722,75,0
89647,89647,89723,76,0
89647,89647,89723,76,0
89647,89647,89723,76,0
89647,89647,89723,76,0
89647,89647,89723,76,0
89647,89647,89723,76,0
89647,89647,89723,76,0
89647,89647,89723,76,0
89647,89647,89723,76,0
89647,89647,89724,77,0
89647,89647,89724,77,0
89647,89647,89724,77,0
89647,89647,89725,78,0
89647,89647,89725,78,0
89647,89647,89725,78,0
89647,89647,89725,78,0
89647,89647,89725,78,0
89647,89647,89726,79,0
89647,89647,89726,79,0
89647,89647,89727,80,0
89647,89647,89726,79,0
89647,89647,89727,80,0
89647,89647,89727,80,0
89647,89647,89727,80,0
89647,89647,89727,80,0
89647,89647,89729,82,0
89647,89647,89729,82,0
89647,89647,89729,82,0
89647,89647,89731,84,0
89647,89647,89733,86,0
89647,89723,89743,20,76
89647,89723,89744,21,76
89647,89723,89746,23,76
89647,89724,89746,22,77
89647,89724,89748,24,77
89647,89723,89748,25,76
89647,89724,89750,26,77
89647,89724,89752,28,77
89647,89724,89753,29,77
89647,89724,89752,28,77
89647,89725,89753,28,78
89647,89726,89754,28,79
89647,89722,89754,32,75
89647,89722,89754,32,75
89647,89724,89755,31,77
89647,89726,89755,29,79
89647,89725,89756,31,78
89647,89726,89757,31,79
89647,89725,89757,32,78
89647,89722,89756,34,75
89647,89726,89756,30,79
89647,89727,89757,30,80
89647,89724,89759,35,77
89647,89727,89760,33,80
89647,89727,89761,34,80
89647,89726,89760,34,79
89647,89728,89762,34,81
89647,89727,89763,36,80
89647,89728,89763,35,81
89647,89729,89765,36,82
89647,89728,89766,38,81
89647,89702,89766,64,55
89647,89727,89767,40,80
89647,89722,89770,48,75
89647,89722,89773,51,75
89647,89734,89774,40,87
89647,89721,89773,52,74
89647,89722,89774,52,75
89647,89721,89774,53,74
89647,89730,89775,45,83
89647,89710,89775,65,63
89647,89708,89776,68,61
89647,89722,89776,54,75
89647,89722,89776,54,75
89647,89711,89778,67,64
89647,89718,89779,61,71
89647,89714,89780,66,67
89647,89708,89780,72,61
89647,89710,89781,71,63
89647,89714,89781,67,67
89647,89731,89782,51,84
89647,89718,89782,64,71
89647,89713,89783,70,66
89647,89720,89783,63,73
89647,89720,89783,63,73
89647,89716,89783,67,69
89647,89712,89783,71,65
89647,89717,89783,66,70
89647,89719,89783,64,72
89647,89716,89784,68,69
89647,89717,89784,67,70
89647,89713,89785,72,66
89647,89730,89784,54,83
89647,89721,89786,65,74
89647,89719,89785,66,72
89647,89718,89786,68,71
89647,89744,89786,42,97
89647,89718,89787,69,71
89647,89716,89787,71,69
89647,89713,89788,75,66
89647,89716,89788,72,69
89647,89716,89788,72,69
89647,89715,89788,73,68
89647,89715,89789,74,68
89647,89717,89789,72,70
89647,89748,89790,42,101
89647,89718,89791,73,71
89647,89753,89793,40,106
89647,89749,89792,43,102
89647,89715,89793,78,68
89647,89716,89794,78,69
89647,89719,89793,74,72
89647,89719,89793,74,72
89647,89747,89794,47,100
89647,89746,89794,48,99
89647,89755,89795,40,108
89647,89719,89795,76,72
89647,89745,89797,52,98
89647,89750,89799,49,103
89647,89756,89801,45,109
89647,89755,89802,47,108
89647,89753,89803,50,106
89647,89754,89804,50,107
89647,89755,89807,52,108
89647,89752,89807,55,105
89647,89757,89808,51,110
89647,89757,89808,51,110
89647,89761,89810,49,114
89647,89756,89810,54,109
89647,89758,89811,53,111
89647,89761,89814,53,114
89647,89764,89816,52,117
89647,89766,89817,51,119
89647,89761,89818,57,114
89647,89756,89819,63,109
89647,89775,89819,44,128
89647,89757,89819,62,110
89647,89759,89819,60,112
89647,89757,89822,65,110
89647,89775,89822,47,128
89647,89773,89825,52,126
89647,89764,89828,64,117
89647,89767,89829,62,120
89647,89767,89829,62,120
89647,89771,89830,59,124
89647,89763,89832,69,116
89647,89767,89834,67,120
89647,89774,89834,60,127
89647,89774,89838,64,127
89853,89853,89896,43,0
89853,89853,89897,44,0
89853,89853,89899,46,0
89853,89853,89900,47,0
89853,89853,89901,48,0
89853,89853,89902,49,0
89853,89853,89904,51,0
89853,89853,89903,50,0
89853,89853,89904,51,0
89853,89853,89905,52,0
89853,89853,89906,53,0
89853,89853,89908,55,0
89853,89853,89909,56,0
89853,89853,89909,56,0
89853,89853,89910,57,0
89853,89853,89911,58,0
89853,89853,89911,58,0
89853,89853,89911,58,0
89853,89853,89912,59,0
89853,89853,89912,59,0
89853,89853,89912,59,0
89853,89853,89912,59,0
89853,89853,89914,61,0
89853,89853,89914,61,0
89853,89853,89913,60,0
89853,89853,89915,62,0
89853,89853,89916,63,0
89853,89853,89916,63,0
89853,89853,89916,63,0
89853,89853,89917,64,0
89853,89853,89917,64,0
89853,89853,89918,65,0
89853,89853,89917,64,0
89853,89853,89917,64,0
89853,89853,89918,65,0
89853,89853,89919,66,0
89853,89853,89920,67,0
89853,89853,89920,67,0
89853,89853,89919,66,0
89853,89853,89921,68,0
89853,89853,89921,68,0
89853,89853,89921,68,0
89853,89853,89922,69,0
89853,89853,89923,70,0
89853,89853,89923,70,0
89853,89853,89925,72,0
89853,89853,89925,72,0
89853,89853,89927,74,0
89853,89853,89927,74,0
89853,89853,89929,76,0
89853,89853,89931,78,0
89938,89938,89995,57,0
89938,89938,89996,58,0
89938,89938,89996,58,0
89938,89938,89997,59,0
89938,89938,89998,60,0
89938,89938,90000,62,0
89938,89938,90000,62,0
89938,89938,90001,63,0
89938,89938,90001,63,0
89938,89938,90002,64,0
89938,89938,90002,64,0
89938,89938,90002,64,0
89938,89938,90003,65,0
89938,89938,90004,66,0
89938,89938,90006,68,0
89938,89938,90005,67,0
89938,89938,90005,67,0
89938,89938,90005,67,0
89938,89938,90005,67,0
89938,89938,90006,68,0
89938,89938,90006,68,0
89938,89938,90007,69,0
89938,89938,90007,69,0
89938,89938,90008,70,0
89938,89938,90008,70,0
89938,89938,90008,70,0
89938,89938,90008,70,0
89938,89938,90009,71,0
89938,89938,90009,71,0
89938,89938,90010,72,0
89938,89938,90010,72,0
89938,89938,90010,72,0
89938,89938,90010,72,0
89938,89938,90010,72,0
89938,89938,90010,72,0
89938,89938,90010,72,0
89938,89938,90010,72,0
89938,89938,90011,73,0
89938,89938,90011,73,0
89938,89938,90011,73,0
89938,89938,90012,74,0
89938,89938,90011,73,0
89938,89938,90011,73,0
89938,89938,90011,73,0
89938,89938,90011,73,0
89938,89938,90012,74,0
89938,89938,90012,74,0
89938,89938,90013,75,0
89938,89938,90012,74,0
89938,89938,90012,74,0
89938,89938,90013,75,0
89938,89938,90013,75,0
89938,89938,90013,75,0
89938,89938,90013,75,0
89938,89938,90014,76,0
89938,89938,90013,75,0
89938,89938,90015,77,0
89938,89938,90014,76,0
89938,89938,90014,76,0
89938,89938,90014,76,0
89938,89938,90015,77,0
89938,89938,90014,76,0
89938,89938,90015,77,0
89938,89938,90015,77,0
89938,89938,90015,77,0
89938,89938,90015,77,0
89938,89938,90016,78,0
89938,89938,90016,78,0
89938,89938,90016,78,0
89938,89938,90017,79,0
89938,89938,90017,79,0
89938,89938,90017,79,0
89938,89938,90017,79,0
89938,89938,90017,79,0
89938,89938,90017,79,0
89938,89938,90017,79,0
89938,89938,90018,80,0
89938,89938,90019,81,0
89938,89938,90020,82,0
89938,89938,90020,82,0
89938,90014,90034,20,76
89938,90013,90034,21,75
89938,90014,90036,22,76
89938,90014,90036,22,76
89938,90013,90038,25,75
89938,90013,90038,25,75
89938,90016,90040,24,78
89938,90016,90040,24,78
89938,90013,90040,27,75
89938,90014,90041,27,76
89938,90014,90041,27,76
89938,90015,90043,28,77
89938,90015,90043,28,77
89938,90015,90043,28,77
89938,90015,90043,28,77
89938,90017,90044,27,79
89938,90013,90044,31,75
89938,90016,90045,29,78
89938,90016,90044,28,78
89938,90015,90046,31,77
89938,90014,90045,31,76
89938,90015,90048,33,77
89938,90017,90050,33,79
89938,90018,90049,31,80
89938,90017,90050,33,79
89938,90018,90050,32,80
89938,90018,90054,36,80
89938,90012,90055,43,74
89938,90012,90057,45,74
89938,90012,90057,45,74
89938,90018,90057,39,80
89938,90017,90057,40,79
89938,90020,90059,39,82
89938,90018,90058,40,80
89938,90012,90060,48,74
89938,89997,90062,65,59
89938,90018,90061,43,80
89938,90019,90062,43,81
89938,89996,90063,67,58
89938,90006,90064,58,68
89938,89999,90064,65,61
89938,90021,90064,43,83
89938,89997,90065,68,59
89938,90012,90065,53,74
89938,90001,90065,64,63
89938,90003,90066,63,65
89938,90011,90065,54,73
89938,90012,90067,55,74
89938,90021,90067,46,83
89938,89998,90068,70,60
89938,90002,90068,66,64
89938,90001,90068,67,63
89938,90007,90071,64,69
89938,90007,90071,64,69
89938,90011,90072,61,73
89938,90002,90072,70,64
89938,90011,90073,62,73
89938,90006,90073,67,68
89938,90011,90074,63,73
89938,90003,90074,71,65
89938,90003,90074,71,65
89938,90005,90075,70,67
89938,90010,90076,66,72
89938,90006,90077,71,68
89938,90011,90078,67,73
89938,90012,90078,66,74
89938,90035,90078,43,97
89938,90035,90079,44,97
89938,90009,90080,71,71
89938,90011,90080,69,73
89938,90006,90080,74,68
89938,90009,90081,72,71
89938,90039,90080,41,101
89938,90008,90081,73,70
89938,90011,90082,71,73
89938,90009,90082,73,71
89938,90036,90082,46,98
89938,90004,90082,78,66
89938,90042,90083,41,104
89938,90010,90084,74,72
89938,90039,90085,46,101
89938,90037,90085,48,99
89938,90009,90085,76,71
89938,90008,90088,80,70
89938,90006,90087,81,68
89938,90041,90087,46,103
89938,90010,90089,79,72
89938,90044,90089,45,106
89938,90041,90090,49,103
89938,90012,90092,80,74
89938,90042,90093,51,104
89938,90041,90094,53,103
89938,90045,90094,49,107
89938,90043,90094,51,105
89938,90046,90095,49,108
89938,90044,90096,52,106
89938,90044,90097,53,106
89938,90049,90097,48,111
89938,90043,90098,55,105
89938,90056,90102,46,118
89938,90055,90101,46,117
89938,90043,90102,59,105
89938,90045,90102,57,107
89938,90050,90105,55,112
89938,90061,90106,45,123
89938,90050,90110,60,112
89938,90059,90111,52,121
89938,90051,90110,59,113
89938,90050,90111,61,112
89938,90057,90111,54,119
89938,90058,90113,55,120
89938,90062,90113,51,124
89938,90046,90114,68,108
89938,90059,90114,55,121
89938,90058,90116,58,120
89938,90058,90119,61,120
89938,90063,90120,57,125
89938,90062,90121,59,124
89938,90063,90126,63,125
90142,90142,90191,49,0
90142,90142,90191,49,0
90142,90142,90192,50,0
90142,90142,90192,50,0
90142,90142,90192,50,0
90142,90142,90193,51,0
90142,90142,90194,52,0
90142,90142,90193,51,0
90142,90142,90193,51,0
90142,90142,90196,54,0
90142,90142,90196,54,0
90142,90142,90196,54,0
90142,90142,90197,55,0
90142,90142,90198,56,0
90142,90142,90197,55,0
90142,90142,90199,57,0
90142,90142,90199,57,0
90142,90142,90199,57,0
90142,90142,90200,58,0
90142,90142,90201,59,0
90142,90142,90200,58,0
90142,90142,90201,59,0
90142,90142,90202,60,0
90142,90142,90202,60,0
90142,90142,90203,61,0
90142,90142,90205,63,0
90142,90142,90204,62,0
90142,90142,90204,62,0
90142,90142,90205,63,0
90142,90142,90204,62,0
90142,90142,90206,64,0
90142,90142,90205,63,0
90142,90142,90206,64,0
90142,90142,90206,64,0
90142,90142,90207,65,0
90142,90142,90207,65,0
90142,90142,90207,65,0
90142,90142,90207,65,0
90142,90142,90207,65,0
90142,90142,90208,66,0
90142,90142,90207,65,0
90142,90142,90209,67,0
90142,90142,90210,68,0
90142,90142,90209,67,0
90142,90142,90212,70,0
90142,90142,90211,69,0
90142,90142,90213,71,0
90142,90142,90215,73,0
90142,90142,90221,79,0
90142,90142,90223,81,0
90142,90142,90225,83,0
90231,90232,90285,53,1
90231,90232,90287,55,1
90231,90232,90290,58,1
90231,90232,90290,58,1
90231,90232,90292,60,1
90231,90232,90294,62,1
90231,90232,90297,65,1
90231,90232,90297,65,1
90231,90232,90298,66,1
90231,90232,90298,66,1
90231,90232,90299,67,1
90231,90232,90300,68,1
90231,90232,90299,67,1
90231,90232,90300,68,1
90231,90232,90300,68,1
90231,90232,90300,68,1
90231,90232,90301,69,1
90231,90232,90301,69,1
90231,90232,90301,69,1
90231,90232,90300,68,1
90231,90232,90300,68,1
90231,90232,90301,69,1
90231,90232,90301,69,1
90231,90232,90302,70,1
90231,90232,90301,69,1
90231,90232,90301,69,1
90231,90232,90301,69,1
90231,90232,90303,71,1
90231,90232,90303,71,1
90231,90232,90303,71,1
90231,90232,90303,71,1
90231,90232,90304,72,1
90231,90232,90303,71,1
90231,90232,90304,72,1
90231,90232,90303,71,1
90231,90232,90303,71,1
90231,90232,90303,71,1
90231,90232,90304,72,1
90231,90232,90305,73,1
90231,90232,90304,72,1
90231,90232,90305,73,1
90231,90232,90305,73,1
90231,90232,90305,73,1
90231,90232,90305,73,1
90231,90232,90304,72,1
90231,90232,90305,73,1
90231,90232,90306,74,1
90231,90232,90305,73,1
90231,90232,90305,73,1
90231,90232,90305,73,1
90231,90232,90305,73,1
90231,90232,90305,73,1
90231,90232,90306,74,1
90231,90232,90306,74,1
90231,90232,90307,75,1
90231,90232,90307,75,1
90231,90232,90307,75,1
90231,90232,90307,75,1
90231,90232,90308,76,1
90231,90232,90308,76,1
90231,90232,90307,75,1
90231,90232,90308,76,1
90231,90232,90309,77,1
90231,90232,90308,76,1
90231,90232,90309,77,1
90231,90232,90310,78,1
90231,90232,90311,79,1
90231,90232,90310,78,1
90231,90232,90311,79,1
90231,90232,90311,79,1
90231,90232,90311,79,1
90231,90232,90311,79,1
90231,90232,90311,79,1
90231,90232,90311,79,1
90231,90232,90311,79,1
90231,90232,90312,80,1
90231,90232,90313,81,1
90231,90232,90312,80,1
90231,90232,90312,80,1
90231,90232,90315,83,1
90231,90306,90325,19,75
90231,90306,90327,21,75
90231,90308,90330,22,77
90231,90307,90331,24,76
90231,90306,90330,24,75
90231,90306,90331,25,75
90231,90307,90332,25,76
90231,90306,90334,28,75
90231,90306,90334,28,75
90231,90308,90334,26,77
90231,90309,90334,25,78
90231,90307,90334,27,76
90231,90307,90335,28,76
90231,90308,90334,26,77
90231,90307,90336,29,76
90231,90308,90336,28,77
90231,90309,90336,27,78
90231,90306,90336,30,75
90231,90309,90338,29,78
90231,90310,90338,28,79
90231,90311,90342,31,80
90231,90312,90344,32,81
90231,90311,90344,33,80
90231,90305,90345,40,74
90231,90311,90345,34,80
90231,90313,90346,33,82
90231,90312,90346,34,81
90231,90311,90346,35,80
90231,90312,90347,35,81
90231,90311,90347,36,80
90231,90312,90348,36,81
90231,90311,90349,38,80
90231,90305,90351,46,74
90231,90313,90351,38,82
90231,90313,90351,38,82
90231,90286,90352,66,55
90231,90305,90352,47,74
90231,90305,90353,48,74
90231,90291,90353,62,60
90231,90291,90353,62,60
90231,90288,90354,66,57
90231,90304,90355,51,73
90231,90304,90357,53,73
90231,90316,90357,41,85
90231,90305,90357,52,74
90231,90297,90359,62,66
90231,90313,90362,49,82
90231,90297,90363,66,66
90231,90301,90363,62,70
90231,90293,90363,70,62
90231,90304,90363,59,73
90231,90299,90364,65,68
90231,90300,90365,65,69
90231,90299,90366,67,68
90231,90328,90366,38,97
90231,90295,90367,72,64
90231,90298,90366,68,67
90231,90304,90367,63,73
90231,90303,90367,64,72
90231,90305,90369,64,74
90231,90301,90370,69,70
90231,90301,90370,69,70
90231,90305,90370,65,74
90231,90330,90371,41,99
90231,90300,90371,71,69
90231,90301,90371,70,70
90231,90304,90372,68,73
90231,90303,90373,70,72
90231,90301,90374,73,70
90231,90300,90374,74,69
90231,90302,90375,73,71
90231,90303,90375,72,72
90231,90331,90375,44,100
90231,90332,90375,43,101
90231,90336,90376,40,105
90231,90325,90376,51,94
90231,90300,90377,77,69
90231,90301,90378,77,70
90231,90304,90379,75,73
90231,90303,90380,77,72
90231,90302,90380,78,71
90231,90302,90380,78,71
90231,90302,90380,78,71
90231,90335,90381,46,104
90231,90302,90381,79,71
90231,90331,90382,51,100
90231,90331,90382,51,100
90231,90302,90382,80,71
90231,90304,90383,79,73
90231,90334,90383,49,103
90231,90334,90384,50,103
90231,90334,90384,50,103
90231,90344,90386,42,113
90231,90344,90387,43,113
90231,90335,90387,52,104
90231,90336,90389,53,105
90231,90334,90390,56,103
90231,90338,90391,53,107
90231,90337,90393,56,106
90231,90346,90394,48,115
90231,90336,90396,60,105
90231,90334,90396,62,103
90231,90345,90397,52,114
90231,90338,90401,63,107
90231,90345,90402,57,114
90231,90352,90402,50,121
90231,90347,90405,58,116
90231,90348,90405,57,117
90231,90342,90406,64,111
90231,90346,90408,62,115
90231,90351,90410,59,120
90231,90353,90412,59,122
90231,90347,90414,67,116
90231,90353,90415,62,122
90231,90349,90417,68,118
90231,90352,90419,67,121
90231,90346,90418,72,115
90231,90352,90420,68,121
90231,90352,90421,69,121
90436,90436,90483,47,0
90436,90436,90483,47,0
90436,90436,90486,50,0
90436,90436,90487,51,0
90436,90436,90487,51,0
90436,90436,90489,53,0
90436,90436,90489,53,0
90436,90436,90489,53,0
90436,90436,90489,53,0
90436,90436,90489,53,0
90436,90436,90489,53,0
90436,90436,90490,54,0
90436,90436,90490,54,0
90436,90436,90491,55,0
90436,90436,90491,55,0
90436,90436,90491,55,0
90436,90436,90494,58,0
90436,90436,90494,58,0
90436,90436,90494,58,0
90436,90436,90494,58,0
90436,90436,90494,58,0
90436,90436,90496,60,0
90436,90436,90496,60,0
90436,90436,90496,60,0
90436,90436,90496,60,0
90436,90436,90496,60,0
90436,90436,90496,60,0
90436,90436,90497,61,0
90436,90436,90496,60,0
90436,90436,90498,62,0
90436,90436,90498,62,0
90436,90436,90497,61,0
90436,90436,90499,63,0
90436,90436,90500,64,0
90436,90436,90499,63,0
90436,90436,90501,65,0
90436,90436,90501,65,0
90436,90436,90504,68,0
90436,90436,90504,68,0
90436,90436,90504,68,0
90436,90436,90505,69,0
90436,90436,90504,68,0
90436,90436,90506,70,0
90436,90436,90506,70,0
90436,90436,90508,72,0
90436,90436,90508,72,0
90436,90436,90510,74,0
90436,90436,90511,75,0
90436,90436,90510,74,0
90436,90436,90512,76,0
90436,90436,90513,77,0
90520,90521,90569,48,1
90520,90521,90576,55,1
90520,90521,90576,55,1
90520,90521,90576,55,1
90520,90521,90577,56,1
90520,90521,90578,57,1
90520,90521,90580,59,1
90520,90521,90580,59,1
90520,90521,90581,60,1
90520,90521,90581,60,1
90520,90521,90584,63,1
90520,90521,90584,63,1
90520,90521,90585,64,1
90520,90521,90584,63,1
90520,90521,90586,65,1
90520,90521,90585,64,1
90520,90521,90585,64,1
90520,90521,90586,65,1
90520,90521,90586,65,1
90520,90521,90586,65,1
90520,90521,90587,66,1
90520,90521,90587,66,1
90520,90521,90587,66,1
90520,90521,90588,67,1
90520,90521,90588,67,1
90520,90521,90589,68,1
90520,90521,90588,67,1
90520,90521,90589,68,1
90520,90521,90590,69,1
90520,90521,90591,70,1
90520,90521,90591,70,1
90520,90521,90591,70,1
90520,90521,90591,70,1
90520,90521,90591,70,1
90520,90521,90592,71,1
90520,90521,90591,70,1
90520,90521,90592,71,1
90520,90521,90592,71,1
90520,90521,90593,72,1
90520,90521,90592,71,1
90520,90521,90593,72,1
90520,90521,90594,73,1
90520,90521,90594,73,1
90520,90521,90593,72,1
90520,90521,90593,72,1
90520,90521,90594,73,1
90520,90521,90593,72,1
90520,90521,90594,73,1
90520,90521,90594,73,1
90520,90521,90595,74,1
90520,90521,90595,74,1
90520,90521,90595,74,1
90520,90521,90595,74,1
90520,90521,90595,74,1
90520,90521,90596,75,1
90520,90521,90596,75,1
90520,90521,90596,75,1
90520,90521,90595,74,1
90520,90521,90595,74,1
90520,90521,90596,75,1
90520,90521,90597,76,1
90520,90521,90596,75,1
90520,90521,90598,77,1
90520,90521,90598,77,1
90520,90521,90599,78,1
90520,90521,90598,77,1
90520,90521,90598,77,1
90520,90521,90598,77,1
90520,90521,90598,77,1
90520,90521,90598,77,1
90520,90521,90598,77,1
90520,90521,90599,78,1
90520,90521,90601,80,1
90520,90521,90601,80,1
90520,90521,90600,79,1
90520,90521,90601,80,1
90520,90521,90602,81,1
90520,90521,90603,82,1
90520,90521,90603,82,1
90520,90521,90606,85,1
90520,90595,90614,19,75
90520,90595,90615,20,75
90520,90595,90618,23,75
90520,90596,90618,22,76
90520,90595,90620,25,75
90520,90594,90620,26,74
90520,90596,90621,25,76
90520,90595,90622,27,75
90520,90598,90622,24,78
90520,90594,90623,29,74
90520,90596,90623,27,76
90520,90597,90623,26,77
90520,90596,90623,27,76
90520,90597,90624,27,77
90520,90598,90623,25,78
90520,90599,90624,25,79
90520,90599,90625,26,79
90520,90597,90624,27,77
90520,90596,90626,30,76
90520,90599,90627,28,79
90520,90596,90627,31,76
90520,90594,90628,34,74
90520,90569,90629,60,49
90520,90594,90630,36,74
90520,90599,90634,35,79
90520,90578,90636,58,58
90520,90599,90637,38,79
90520,90601,90638,37,81
90520,90599,90638,39,79
90520,90594,90638,44,74
90520,90603,90641,38,83
90520,90601,90642,41,81
90520,90599,90641,42,79
90520,90594,90642,48,74
90520,90577,90643,66,57
90520,90600,90643,43,80
90520,90601,90644,43,81
90520,90577,90644,67,57
90520,90577,90645,68,57
90520,90581,90646,65,61
90520,90578,90646,68,58
90520,90607,90646,39,87
90520,90580,90647,67,60
90520,90601,90647,46,81
90520,90593,90647,54,73
90520,90602,90648,46,82
90520,90592,90649,57,72
90520,90582,90649,67,62
90520,90594,90650,56,74
90520,90593,90651,58,73
90520,90580,90651,71,60
90520,90585,90652,67,65
90520,90587,90652,65,67
90520,90585,90653,68,65
90520,90614,90653,39,94
90520,90584,90653,69,64
90520,90588,90654,66,68
90520,90584,90655,71,64
90520,90586,90655,69,66
90520,90586,90655,69,66
90520,90603,90655,52,83
90520,90587,90656,69,67
90520,90593,90656,63,73
90520,90586,90657,71,66
90520,90615,90657,42,95
90520,90591,90658,67,71
90520,90621,90659,38,101
90520,90592,90659,67,72
90520,90589,90660,71,69
90520,90592,90660,68,72
90520,90588,90662,74,68
90520,90618,90662,44,98
90520,90593,90663,70,73
90520,90620,90663,43,100
90520,90591,90663,72,71
90520,90591,90664,73,71
90520,90589,90665,76,69
90520,90594,90665,71,74
90520,90622,90665,43,102
90520,90589,90665,76,69
90520,90590,90666,76,70
90520,90587,90666,79,67
90520,90588,90666,78,68
90520,90589,90666,77,69
90520,90624,90667,43,104
90520,90591,90668,77,71
90520,90620,90668,48,100
90520,90589,90670,81,69
90520,90622,90672,50,102
90520,90623,90673,50,103
90520,90618,90674,56,98
90520,90623,90674,51,103
90520,90623,90675,52,103
90520,90626,90677,51,106
90520,90624,90679,55,104
90520,90627,90679,52,107
90520,90628,90681,53,108
90520,90623,90682,59,103
90520,90624,90683,59,104
90520,90629,90684,55,109
90520,90630,90686,56,110
90520,90625,90686,61,105
90520,90625,90687,62,105
90520,90629,90689,60,109
90520,90634,90690,56,114
90520,90636,90691,55,116
90520,90642,90694,52,122
90520,90644,90693,49,124
90520,90641,90693,52,121
90520,90642,90693,51,122
90520,90639,90694,55,119
90520,90645,90698,53,125
90520,90639,90698,59,119
90520,90642,90699,57,122
90520,90638,90700,62,118
90700,90700,90702,2,0
90700,90700,90703,3,0
90520,90643,90703,60,123
90701,90701,90704,3,0
90520,90645,90705,60,125
90703,90703,90705,2,0
90702,90702,90706,4,0
90704,90704,90706,2,0
90705,90705,90707,2,0
90706,90706,90709,3,0
90705,90705,90709,4,0
90707,90707,90710,3,0
90520,90643,90710,67,123
90708,90708,90711,3,0
90520,90637,90712,75,117
90710,90710,90712,2,0
90709,90709,90712,3,0
90711,90711,90713,2,0
90712,90712,90714,2,0
90713,90713,90716,3,0
90712,90712,90716,4,0
90714,90714,90717,3,0
90715,90715,90718,3,0
90717,90717,90719,2,0
90716,90716,90720,4,0
90718,90718,90720,2,0
90719,90719,90721,2,0
90720,90720,90723,3,0
90719,90720,90723,3,1
90721,90721,90724,3,0
90723,90723,90726,3,0
90722,90722,90726,4,0
90724,90724,90726,2,0
90725,90725,90727,2,0
90726,90726,90729,3,0
90727,90727,90730,3,0
90726,90727,90730,3,1
90728,90728,90731,3,0
90729,90729,90732,3,0
90730,90730,90734,4,0
90732,90732,90734,2,0
90731,90731,90734,3,0
90733,90733,90735,2,0
90734,90734,90736,2,0
90735,90735,90738,3,0
90734,90735,90738,3,1
90737,90737,90740,3,0
90736,90736,90740,4,0
90738,90738,90740,2,0
90739,90739,90741,2,0
90741,90741,90743,2,0
90740,90740,90744,4,0
90741,90741,90744,3,0
90742,90742,90745,3,0
90744,90744,90746,2,0
90743,90743,90747,4,0
90746,90746,90748,2,0
90745,90745,90748,3,0
90747,90747,90749,2,0
90747,90748,90750,2,1
90749,90749,90751,2,0
90748,90748,90752,4,0
90750,90750,90753,3,0
90751,90751,90753,2,0
90753,90753,90755,2,0
90752,90752,90756,4,0
90754,90754,90756,2,0
90754,90754,90757,3,0
90756,90756,90758,2,0
90755,90755,90759,4,0
90757,90757,90760,3,0
90758,90758,90760,2,0
90760,90760,90762,2,0
90759,90759,90762,3,0
90761,90761,90763,2,0
90761,90762,90764,2,1
90763,90763,90765,2,0
90762,90762,90766,4,0
90764,90764,90767,3,0
90765,90765,90767,2,0
90767,90767,90769,2,0
90766,90766,90769,3,0
90727,90727,90770,43,0
90768,90768,90770,2,0
90727,90727,90772,45,0
90769,90769,90772,3,0
90768,90769,90772,3,1
90771,90771,90774,3,0
90770,90770,90774,4,0
90727,90727,90773,46,0
90772,90772,90776,4,0
90774,90774,90776,2,0
90773,90773,90776,3,0
90727,90727,90776,49,0
90775,90775,90777,2,0
90727,90727,90777,50,0
90727,90727,90779,52,0
90776,90776,90779,3,0
90775,90775,90779,4,0
90777,90777,90780,3,0
90727,90727,90780,53,0
90727,90727,90780,53,0
90778,90778,90781,3,0
90727,90727,90781,54,0
90727,90727,90781,54,0
90727,90727,90781,54,0
90727,90727,90781,54,0
90727,90727,90782,55,0
90727,90727,90782,55,0
90727,90727,90782,55,0
90727,90727,90783,56,0
90781,90781,90783,2,0
90780,90780,90784,4,0
90779,90779,90784,5,0
90727,90727,90784,57,0
90782,90782,90784,2,0
90727,90727,90785,58,0
90727,90727,90785,58,0
90782,90783,90785,2,1
90727,90727,90786,59,0
90727,90727,90786,59,0
90727,90727,90786,59,0
90727,90727,90786,59,0
90727,90727,90787,60,0
90727,90727,90787,60,0
90727,90727,90786,59,0
90727,90727,90787,60,0
90784,90784,90787,3,0
90783,90784,90787,3,1
90727,90727,90788,61,0
90727,90727,90788,61,0
90785,90785,90789,4,0
90727,90727,90789,62,0
90727,90727,90789,62,0
90727,90727,90789,62,0
90787,90787,90789,2,0
90786,90786,90790,4,0
90727,90727,90789,62,0
90727,90727,90790,63,0
90788,90788,90790,2,0
90727,90727,90792,65,0
90727,90727,90792,65,0
90789,90789,90793,4,0
90727,90727,90793,66,0
90727,90727,90793,66,0
90727,90727,90793,66,0
90791,90791,90793,2,0
90790,90790,90793,3,0
90791,90791,90794,3,0
90727,90727,90795,68,0
90727,90727,90795,68,0
90727,90727,90795,68,0
90727,90727,90795,68,0
90792,90792,90796,4,0
90794,90794,90796,2,0
90793,90793,90797,4,0
90727,90727,90797,70,0
90795,90795,90797,2,0
90727,90727,90798,71,0
90727,90727,90799,72,0
90727,90727,90799,72,0
90727,90727,90799,72,0
90796,90796,90799,3,0
90727,90727,90800,73,0
90798,90798,90800,2,0
90797,90797,90800,3,0
90727,90727,90801,74,0
90798,90799,90801,2,1
90799,90799,90803,4,0
90801,90801,90803,2,0
90800,90800,90804,4,0
90802,90802,90804,2,0
90727,90727,90805,78,0
90803,90803,90806,3,0
90805,90805,90807,2,0
90804,90804,90807,3,0
90806,90806,90808,2,0
90806,90806,90810,4,0
90808,90808,90810,2,0
90807,90807,90811,4,0
90809,90809,90812,3,0
90811,90811,90814,3,0
90810,90810,90813,3,0
90812,90812,90814,2,0
90813,90813,90816,3,0
90813,90813,90817,4,0
90815,90815,90817,2,0
90814,90814,90818,4,0
90816,90816,90819,3,0
90817,90817,90820,3,0
90819,90819,90821,2,0
90818,90818,90821,3,0
90820,90821,90823,2,1
90820,90820,90823,3,0
90821,90821,90825,4,0
90822,90822,90825,3,0
90823,90823,90827,4,0
90824,90824,90828,4,0
90826,90826,90828,2,0
90825,90825,90828,3,0
90827,90827,90830,3,0
90828,90828,90831,3,0
90829,90829,90832,3,0
90828,90828,90832,4,0
90830,90830,90834,4,0
90831,90831,90835,4,0
90833,90833,90835,2,0
90832,90832,90836,4,0
90834,90834,90837,3,0
90835,90835,90838,3,0
90836,90836,90839,3,0
90836,90836,90839,3,0
90837,90837,90841,4,0
90838,90838,90842,4,0
90840,90840,90842,2,0
90839,90839,90843,4,0
90841,90841,90844,3,0
90842,90842,90845,3,0
90844,90844,90846,2,0
90843,90843,90846,3,0
90844,90845,90848,3,1
90845,90845,90849,4,0
90847,90847,90849,2,0
90846,90846,90850,4,0
90848,90848,90851,3,0
90849,90849,90852,3,0
90850,90850,90853,3,0
90852,90852,90854,2,0
90851,90851,90854,3,0
90852,90853,90856,3,1
90853,90853,90857,4,0
90854,90854,90857,3,0
90856,90856,90858,2,0
90855,90855,90858,3,0
90857,90857,90860,3,0
90812,90812,90861,49,0
90858,90858,90861,3,0
90859,90860,90862,2,1
90859,90859,90862,3,0
90812,90812,90862,50,0
90812,90812,90864,52,0
90860,90860,90864,4,0
90861,90861,90865,4,0
90863,90863,90865,2,0
90862,90862,90866,4,0
90812,90812,90865,53,0
90812,90812,90866,54,0
90812,90812,90868,56,0
90812,90812,90868,56,0
90812,90812,90869,57,0
90812,90812,90870,58,0
90812,90812,90869,57,0
90812,90812,90870,58,0
90812,90812,90870,58,0
90812,90812,90871,59,0
90812,90812,90871,59,0
90812,90812,90871,59,0
90812,90812,90873,61,0
90812,90812,90873,61,0
90812,90812,90874,62,0
90812,90812,90875,63,0
90812,90812,90875,63,0
90812,90812,90876,64,0
90812,90812,90877,65,0
90812,90812,90877,65,0
90812,90812,90878,66,0
90812,90812,90878,66,0
90812,90812,90878,66,0
90812,90812,90878,66,0
90812,90812,90879,67,0
90812,90812,90879,67,0
90812,90812,90879,67,0
90812,90812,90880,68,0
90812,90812,90880,68,0
90812,90812,90880,68,0
90812,90812,90880,68,0
90812,90812,90880,68,0
90812,90812,90880,68,0
90812,90812,90881,69,0
90812,90812,90881,69,0
90812,90812,90881,69,0
90812,90812,90882,70,0
90812,90812,90882,70,0
90812,90812,90881,69,0
90812,90812,90882,70,0
90812,90812,90883,71,0
90812,90812,90883,71,0
90812,90812,90883,71,0
90812,90812,90883,71,0
90812,90812,90884,72,0
90812,90812,90884,72,0
90812,90812,90885,73,0
90812,90812,90885,73,0
90812,90812,90885,73,0
90812,90812,90885,73,0
90812,90812,90885,73,0
90812,90812,90885,73,0
90812,90812,90886,74,0
90812,90812,90886,74,0
90812,90812,90887,75,0
90812,90812,90887,75,0
90812,90812,90887,75,0
90812,90812,90887,75,0
90812,90812,90887,75,0
90812,90812,90887,75,0
90812,90812,90888,76,0
90812,90812,90888,76,0
90812,90812,90889,77,0
90812,90812,90889,77,0
90812,90812,90890,78,0
90812,90812,90890,78,0
90812,90812,90889,77,0
90812,90812,90890,78,0
90812,90812,90890,78,0
90812,90812,90890,78,0
90812,90812,90890,78,0
90812,90812,90891,79,0
90812,90812,90893,81,0
90812,90812,90893,81,0
90812,90812,90894,82,0
90812,90812,90895,83,0
90812,90812,90895,83,0
90812,90885,90905,20,73
90812,90885,90906,21,73
90812,90885,90906,21,73
90812,90886,90907,21,74
90812,90885,90908,23,73
90812,90885,90908,23,73
90812,90886,90910,24,74
90812,90886,90910,24,74
90812,90885,90911,26,73
90812,90887,90912,25,75
90812,90887,90913,26,75
90812,90883,90913,30,71
90812,90888,90914,26,76
90812,90884,90914,30,72
90812,90883,90915,32,71
90812,90888,90915,27,76
90812,90888,90915,27,76
90812,90888,90915,27,76
90812,90889,90918,29,77
90812,90890,90922,32,78
90812,90889,90923,34,77
90812,90883,90925,42,71
90812,90890,90925,35,78
90812,90889,90925,36,77
90812,90891,90927,36,79
90812,90864,90929,65,52
90812,90882,90929,47,70
90812,90861,90930,69,49
90812,90882,90930,48,70
90812,90889,90930,41,77
90812,90883,90931,48,71
90812,90863,90931,68,51
90812,90893,90931,38,81
90812,90890,90932,42,78
90812,90891,90933,42,79
90812,90872,90934,62,60
90812,90882,90934,52,70
90812,90868,90935,67,56
90812,90881,90934,53,69
90812,90869,90935,66,57
90812,90892,90936,44,80
90812,90867,90937,70,55
90812,90866,90937,71,54
90812,90870,90937,67,58
90812,90869,90938,69,57
90812,90895,90938,43,83
90812,90870,90940,70,58
90812,90894,90939,45,82
90812,90882,90941,59,70
90812,90871,90940,69,59
90812,90891,90941,50,79
90812,90871,90941,70,59
90812,90896,90942,46,84
90812,90896,90941,45,84
90812,90870,90942,72,58
90812,90873,90943,70,61
90812,90877,90943,66,65
90812,90878,90946,68,66
90812,90875,90945,70,63
90812,90875,90945,70,63
90812,90907,90946,39,95
90812,90880,90946,66,68
90812,90880,90946,66,68
90812,90876,90946,70,64
90812,90880,90947,67,68
90812,90881,90948,67,69
90812,90870,90948,78,58
90812,90880,90949,69,68
90812,90880,90951,71,68
90812,90874,90950,76,62
90812,90880,90951,71,68
90812,90912,90951,39,100
90812,90879,90952,73,67
90812,90878,90952,74,66
90812,90879,90952,73,67
90812,90911,90954,43,99
90812,90906,90953,47,94
90812,90909,90953,44,97
90812,90894,90954,60,82
90812,90876,90954,78,64
90812,90907,90955,48,95
90812,90882,90955,73,70
90812,90908,90957,49,96
90812,90880,90957,77,68
90812,90877,90957,80,65
90812,90913,90959,46,101
90812,90914,90958,44,102
90812,90878,90961,83,66
90812,90878,90961,83,66
90812,90909,90960,51,97
90812,90914,90961,47,102
90812,90911,90964,53,99
90812,90915,90964,49,103
90812,90916,90964,48,104
90812,90916,90966,50,104
90812,90915,90967,52,103
90812,90927,90971,44,115
90812,90916,90974,58,104
90812,90918,90975,57,106
90812,90926,90977,51,114
90812,90926,90980,54,114
90812,90926,90979,53,114
90812,90923,90981,58,111
90812,90931,90982,51,119
90812,90932,90987,55,120
90812,90924,90987,63,112
90812,90934,90986,52,122
90812,90931,90988,57,119
90812,90930,90988,58,118
90812,90935,90988,53,123
90812,90916,90988,72,104
90812,90935,90990,55,123
90812,90929,90993,64,117
90812,90932,90994,62,120
90812,90931,90995,64,119
90812,90934,90996,62,122
90812,90935,90995,60,123
90812,90931,90999,68,119
90812,90933,90999,66,121
91056,91056,91058,2,0
91056,91056,91059,3,0
91015,91015,91059,44,0
91015,91015,91059,44,0
91057,91057,91060,3,0
91015,91015,91060,45,0
91059,91059,91061,2,0
91058,91058,91061,3,0
91060,91060,91062,2,0
91061,91061,91063,2,0
91062,91062,91065,3,0
91061,91062,91065,3,1
91063,91063,91065,2,0
91015,91015,91066,51,0
91064,91064,91067,3,0
91015,91015,91067,52,0
91015,91015,91067,52,0
91066,91066,91068,2,0
91065,91065,91068,3,0
91015,91015,91069,54,0
91067,91067,91069,2,0
91068,91068,91070,2,0
91015,91015,91071,56,0
91069,91069,91072,3,0
91015,91015,91072,57,0
91015,91015,91072,57,0
91015,91015,91072,57,0
91068,91069,91072,3,1
91015,91015,91072,57,0
91015,91015,91072,57,0
91070,91070,91072,2,0
91015,91015,91073,58,0
91071,91071,91074,3,0
91015,91015,91073,58,0
91015,91015,91074,59,0
91015,91015,91074,59,0
91015,91015,91074,59,0
91015,91015,91075,60,0
91015,91015,91075,60,0
91015,91015,91075,60,0
91015,91015,91075,60,0
91073,91073,91075,2,0
91072,91072,91075,3,0
91015,91015,91076,61,0
91015,91015,91076,61,0
91074,91074,91076,2,0
91015,91015,91077,62,0
91015,91015,91077,62,0
91075,91075,91077,2,0
91015,91015,91078,63,0
91015,91015,91078,63,0
91076,91076,91079,3,0
91015,91015,91079,64,0
91075,91076,91079,3,1
91015,91015,91079,64,0
91015,91015,91079,64,0
91077,91077,91079,2,0
91015,91015,91080,65,0
91015,91015,91080,65,0
91015,91015,91080,65,0
91015,91015,91080,65,0
91015,91015,91080,65,0
91078,91078,91081,3,0
91015,91015,91081,66,0
91015,91015,91081,66,0
91015,91015,91081,66,0
91015,91015,91082,67,0
91080,91080,91082,2,0
91079,91079,91082,3,0
91015,91015,91083,68,0
91081,91081,91083,2,0
91015,91015,91084,69,0
91082,91082,91084,2,0
91015,91015,91086,71,0
91083,91083,91086,3,0
91015,91015,91086,71,0
91084,91084,91087,3,0
91083,91083,91087,4,0
91015,91015,91087,72,0
91015,91015,91087,72,0
91085,91085,91088,3,0
91015,91015,91088,73,0
91015,91015,91088,73,0
91015,91015,91089,74,0
91086,91086,91089,3,0
91088,91088,91090,2,0
91087,91087,91090,3,0
91089,91089,91091,2,0
91090,91090,91093,3,0
91090,91091,91094,3,1
91015,91015,91094,79,0
91092,91092,91095,3,0
91091,91091,91095,4,0
91093,91093,91096,3,0
91094,91094,91097,3,0
91015,91015,91098,83,0
91096,91096,91098,2,0
91095,91095,91098,3,0
91097,91097,91100,3,0
91098,91098,91101,3,0
91098,91098,91101,3,0
91099,91099,91102,3,0
91100,91100,91103,3,0
91101,91101,91104,3,0
91103,91103,91105,2,0
91102,91102,91105,3,0
91104,91104,91107,3,0
91105,91105,91108,3,0
91105,91106,91109,3,1
91107,91107,91110,3,0
91106,91106,91110,4,0
91108,91108,91110,2,0
91109,91109,91112,3,0
91110,91110,91113,3,0
91112,91112,91114,2,0
91111,91111,91114,3,0
91113,91113,91115,2,0
91113,91113,91117,4,0
91114,91114,91118,4,0
91116,91116,91119,3,0
91115,91115,91119,4,0
91117,91117,91119,2,0
91118,91118,91121,3,0
91119,91119,91122,3,0
91120,91121,91123,2,1
91120,91120,91123,3,0
91121,91121,91124,3,0
91122,91122,91126,4,0
91123,91123,91127,4,0
91125,91125,91127,2,0
91124,91124,91127,3,0
91126,91126,91128,2,0
91127,91127,91130,3,0
91128,91129,91131,2,1
91128,91128,91131,3,0
91129,91129,91132,3,0
91130,91130,91133,3,0
91131,91131,91134,3,0
91133,91133,91135,2,0
91132,91132,91135,3,0
91134,91134,91136,2,0
91135,91135,91138,3,0
91136,91137,91139,2,1
91136,91136,91139,3,0
91137,91137,91140,3,0
91138,91138,91141,3,0
91140,91140,91143,3,0
91139,91139,91143,4,0
91142,91142,91144,2,0
91141,91141,91144,3,0
91143,91143,91145,2,0
91144,91144,91146,2,0
91145,91145,91148,3,0
91144,91144,91148,4,0
91146,91146,91149,3,0
91147,91147,91150,3,0
91149,91149,91151,2,0
91148,91148,91151,3,0
91151,91151,91153,2,0
91150,91150,91153,3,0
91151,91151,91154,3,0
91152,91152,91155,3,0
91154,91154,91157,3,0
91105,91105,91157,52,0
91153,91153,91157,4,0
91155,91155,91158,3,0
91156,91156,91158,2,0
91105,91105,91159,54,0
91105,91105,91160,55,0
91105,91105,91160,55,0
91158,91158,91160,2,0
91157,91157,91161,4,0
91105,91105,91161,56,0
91158,91159,91161,2,1
91105,91105,91162,57,0
91105,91105,91162,57,0
91159,91159,91162,3,0
91161,91161,91164,3,0
91160,91160,91164,4,0
91162,91162,91165,3,0
91105,91105,91165,60,0
91105,91105,91165,60,0
91105,91105,91165,60,0
91105,91105,91165,60,0
91105,91105,91166,61,0
91163,91163,91166,3,0
91105,91105,91167,62,0
91165,91165,91167,2,0
91164,91164,91167,3,0
91105,91105,91168,63,0
91105,91105,91168,63,0
91165,91166,91168,2,1
91105,91105,91169,64,0
91105,91105,91168,63,0
91105,91105,91168,63,0
91105,91105,91169,64,0
91105,91105,91169,64,0
91105,91105,91169,64,0
91166,91166,91170,4,0
91168,91168,91171,3,0
91105,91105,91171,66,0
91105,91105,91171,66,0
91169,91169,91172,3,0
91105,91105,91171,66,0
91105,91105,91171,66,0
91105,91105,91172,67,0
91105,91105,91172,67,0
91105,91105,91172,67,0
91167,91167,91172,5,0
91105,91105,91173,68,0
91105,91105,91173,68,0
91105,91105,91173,68,0
91105,91105,91173,68,0
91105,91105,91173,68,0
91170,91170,91173,3,0
91105,91105,91174,69,0
91105,91105,91173,68,0
91105,91105,91173,68,0
91105,91105,91174,69,0
91105,91105,91174,69,0
91171,91171,91174,3,0
91105,91105,91175,70,0
91105,91105,91175,70,0
91105,91105,91175,70,0
91105,91105,91175,70,0
91173,91173,91175,2,0
91172,91172,91175,3,0
91105,91105,91176,71,0
91105,91105,91176,71,0
91105,91105,91176,71,0
91105,91105,91175,70,0
91174,91174,91176,2,0
91105,91105,91177,72,0
91105,91105,91177,72,0
91105,91105,91177,72,0
91105,91105,91178,73,0
91105,91105,91178,73,0
91105,91105,91178,73,0
91174,91174,91178,4,0
91176,91176,91179,3,0
91175,91175,91179,4,0
91105,91105,91179,74,0
91105,91105,91179,74,0
91105,91105,91178,73,0
91105,91105,91179,74,0
91105,91105,91179,74,0
91105,91105,91180,75,0
91105,91105,91180,75,0
91105,91105,91180,75,0
91105,91105,91180,75,0
91178,91178,91180,2,0
91177,91177,91181,4,0
91105,91105,91181,76,0
91105,91105,91181,76,0
91105,91105,91181,76,0
91105,91105,91182,77,0
91105,91105,91182,77,0
91105,91105,91181,76,0
91180,91180,91182,2,0
91179,91179,91182,3,0
91105,91105,91183,78,0
91105,91105,91183,78,0
91105,91105,91183,78,0
91105,91105,91184,79,0
91105,91105,91184,79,0
91181,91181,91184,3,0
91182,91182,91185,3,0
91105,91105,91185,80,0
91181,91181,91185,4,0
91105,91105,91185,80,0
91105,91105,91185,80,0
91105,91105,91185,80,0
91105,91105,91185,80,0
91105,91105,91186,81,0
91105,91105,91186,81,0
91183,91183,91186,3,0
91184,91184,91188,4,0
91105,91105,91188,83,0
91186,91186,91188,2,0
91185,91185,91189,4,0
91187,91187,91190,3,0
91188,91188,91191,3,0
91189,91189,91192,3,0
91189,91189,91192,3,0
91190,91190,91193,3,0
91191,91191,91195,4,0
91193,91193,91195,2,0
91192,91192,91195,3,0
91194,91194,91197,3,0
91195,91195,91198,3,0
91196,91197,91199,2,1
91105,91179,91200,21,74
91196,91196,91199,3,0
91197,91197,91201,4,0
91105,91179,91201,22,74
91105,91179,91201,22,74
91199,91199,91202,3,0
91198,91198,91202,4,0
91105,91177,91203,26,72
91105,91180,91202,22,75
91105,91178,91202,24,73
91105,91180,91203,23,75
91200,91200,91203,3,0
91105,91178,91203,25,73
91105,91180,91204,24,75
91105,91180,91204,24,75
91105,91182,91205,23,77
91201,91201,91204,3,0
91105,91181,91205,24,76
91203,91203,91205,2,0
91202,91202,91205,3,0
91204,91204,91206,2,0
91105,91177,91206,29,72
91105,91180,91206,26,75
91105,91181,91207,26,76
91204,91205,91208,3,1
91105,91182,91208,26,77
91206,91206,91209,3,0
91205,91205,91209,4,0
91105,91183,91209,26,78
91105,91182,91209,27,77
91105,91176,91211,35,71
91208,91208,91210,2,0
91207,91207,91210,3,0
91105,91177,91212,35,72
91210,91210,91212,2,0
91209,91209,91212,3,0
91105,91183,91213,30,78
91211,91211,91214,3,0
91212,91212,91215,3,0
91105,91184,91215,31,79
91213,91213,91216,3,0
91212,91212,91216,4,0
91105,91176,91216,40,71
91214,91214,91218,4,0
91215,91215,91218,3,0
91105,91160,91219,59,55
91105,91176,91219,43,71
91217,91217,91219,2,0
91216,91216,91219,3,0
91218,91218,91221,3,0
91105,91183,91221,38,78
91219,91219,91222,3,0
91105,91185,91222,37,80
91105,91186,91223,37,81
91219,91220,91223,3,1
91105,91184,91223,39,79
91105,91159,91223,64,54
91105,91161,91225,64,56
91105,91160,91226,66,55
91105,91176,91226,50,71
91105,91176,91226,50,71
91105,91185,91227,42,80
91105,91157,91227,70,52
91105,91189,91229,40,84
91105,91175,91228,53,70
91105,91186,91228,42,81
91105,91165,91228,63,60
91105,91174,91229,55,69
91105,91187,91229,42,82
91105,91174,91229,55,69
91105,91186,91231,45,81
91105,91185,91231,46,80
91105,91186,91232,46,81
91105,91162,91234,72,57
91105,91184,91235,51,79
91105,91175,91235,60,70
91105,91171,91236,65,66
91105,91165,91236,71,60
91105,91165,91238,73,60
91105,91169,91237,68,64
91105,91172,91237,65,67
91105,91173,91238,65,68
91105,91162,91239,77,57
91105,91165,91239,74,60
91105,91167,91240,73,62
91105,91174,91240,66,69
91105,91169,91240,71,64
91105,91173,91240,67,68
91105,91172,91240,68,67
91105,91166,91242,76,61
91105,91202,91241,39,97
91105,91168,91242,74,63
91105,91173,91243,70,68
91105,91202,91242,40,97
91105,91203,91243,40,98
91105,91170,91243,73,65
91105,91187,91243,56,82
91105,91168,91243,75,63
91105,91206,91243,37,101
91105,91172,91243,71,67
91105,91173,91244,71,68
91105,91172,91244,72,67
91105,91169,91245,76,64
91105,91205,91245,40,100
91105,91169,91246,77,64
91105,91204,91246,42,99
91105,91171,91247,76,66
91105,91200,91247,47,95
91105,91169,91247,78,64
91105,91172,91249,77,67
91105,91205,91249,44,100
91105,91173,91249,76,68
91105,91175,91251,76,70
91105,91209,91250,41,104
91105,91205,91251,46,100
91105,91203,91252,49,98
91105,91207,91251,44,102
91105,91174,91254,80,69
91105,91207,91253,46,102
91105,91174,91255,81,69
91105,91203,91257,54,98
91105,91208,91260,52,103
91105,91217,91259,42,112
91105,91203,91260,57,98
91105,91210,91265,55,105
91105,91214,91268,54,109
91105,91223,91268,45,118
91105,91210,91269,59,105
91105,91228,91269,41,123
91105,91213,91269,56,108
91105,91222,91271,49,117
91105,91211,91271,60,106
91105,91220,91272,52,115
91105,91229,91277,48,124
91105,91228,91279,51,123
91105,91229,91279,50,124
91105,91225,91283,58,120
91105,91229,91284,55,124
91105,91227,91284,57,122
91105,91224,91283,59,119
91105,91216,91285,69,111
91105,91220,91286,66,115
91105,91224,91287,63,119
91105,91223,91287,64,118
91105,91226,91290,64,121
91105,91227,91292,65,122
91307,91307,91349,42,0
91307,91307,91350,43,0
91307,91307,91354,47,0
91307,91307,91354,47,0
91307,91307,91355,48,0
91307,91307,91356,49,0
91307,91307,91356,49,0
91307,91307,91356,49,0
91307,91307,91356,49,0
91307,91307,91356,49,0
91307,91307,91356,49,0
91307,91307,91357,50,0
91307,91307,91358,51,0
91307,91307,91358,51,0
91307,91307,91359,52,0
91307,91307,91359,52,0
91307,91307,91361,54,0
91307,91307,91361,54,0
91307,91307,91361,54,0
91307,91307,91362,55,0
91307,91307,91363,56,0
91307,91307,91364,57,0
91307,91307,91364,57,0
91307,91307,91364,57,0
91307,91307,91364,57,0
91307,91307,91365,58,0
91307,91307,91365,58,0
91307,91307,91365,58,0
91307,91307,91365,58,0
91307,91307,91366,59,0
91307,91307,91366,59,0
91307,91307,91367,60,0
91307,91307,91369,62,0
91307,91307,91369,62,0
91307,91307,91369,62,0
91307,91307,91370,63,0
91307,91307,91370,63,0
91307,91307,91371,64,0
91307,91307,91372,65,0
91307,91307,91372,65,0
91307,91307,91373,66,0
91307,91307,91375,68,0
91307,91307,91376,69,0
91307,91307,91376,69,0
91307,91307,91376,69,0
91307,91307,91378,71,0
91307,91307,91378,71,0
91307,91307,91378,71,0
91307,91307,91382,75,0
91307,91307,91385,78,0
91307,91307,91386,79,0
91393,91393,91444,51,0
91393,91393,91446,53,0
91393,91393,91448,55,0
91393,91393,91450,57,0
91393,91393,91450,57,0
91393,91393,91451,58,0
91393,91393,91451,58,0
91393,91393,91451,58,0
91393,91393,91452,59,0
91393,91393,91451,58,0
91393,91393,91452,59,0
91393,91393,91455,62,0
91393,91393,91456,63,0
91393,91393,91456,63,0
91393,91393,91457,64,0
91393,91393,91457,64,0
91393,91393,91457,64,0
91393,91393,91458,65,0
91393,91393,91458,65,0
91393,91393,91458,65,0
91393,91393,91458,65,0
91393,91393,91458,65,0
91393,91393,91458,65,0
91393,91393,91458,65,0
91393,91393,91458,65,0
91393,91393,91458,65,0
91393,91393,91459,66,0
91393,91393,91459,66,0
91393,91393,91460,67,0
91393,91393,91459,66,0
91393,91393,91459,66,0
91393,91393,91460,67,0
91393,91393,91460,67,0
91393,91393,91460,67,0
91393,91393,91461,68,0
91393,91393,91461,68,0
91393,91393,91461,68,0
91393,91393,91462,69,0
91393,91393,91462,69,0
91393,91393,91462,69,0
91393,91393,91463,70,0
91393,91393,91462,69,0
91393,91393,91463,70,0
91393,91393,91463,70,0
91393,91393,91463,70,0
91393,91393,91463,70,0
91393,91393,91463,70,0
91393,91393,91463,70,0
91393,91393,91464,71,0
91393,91393,91464,71,0
91393,91393,91464,71,0
91393,91393,91464,71,0
91393,91393,91465,72,0
91393,91393,91465,72,0
91393,91393,91466,73,0
91393,91393,91466,73,0
91393,91393,91466,73,0
91393,91393,91467,74,0
91393,91393,91467,74,0
91393,91393,91468,75,0
91393,91393,91468,75,0
91393,91393,91468,75,0
91393,91393,91468,75,0
91393,91393,91469,76,0
91393,91393,91469,76,0
91393,91393,91470,77,0
91393,91393,91470,77,0
91393,91393,91470,77,0
91393,91393,91471,78,0
91393,91393,91471,78,0
91393,91393,91471,78,0
91393,91393,91471,78,0
91393,91393,91471,78,0
91393,91393,91472,79,0
91393,91393,91472,79,0
91393,91393,91472,79,0
91393,91393,91474,81,0
91393,91393,91475,82,0
91393,91393,91476,83,0
91393,91393,91475,82,0
91393,91465,91485,20,72
91393,91464,91488,24,71
91393,91465,91488,23,72
91393,91469,91490,21,76
91393,91465,91489,24,72
91393,91467,91490,23,74
91393,91465,91490,25,72
91393,91467,91491,24,74
91393,91466,91491,25,73
91393,91469,91491,22,76
91393,91469,91493,24,76
91393,91467,91494,27,74
91393,91466,91494,28,73
91393,91468,91494,26,75
91393,91468,91495,27,75
91393,91464,91496,32,71
91393,91469,91496,27,76
91393,91470,91497,27,77
91393,91470,91499,29,77
91393,91471,91501,30,78
91393,91464,91501,37,71
91393,91471,91503,32,78
91393,91450,91505,55,57
91393,91446,91505,59,53
91393,91471,91505,34,78
91393,91464,91506,42,71
91393,91471,91507,36,78
91393,91464,91508,44,71
91393,91452,91509,57,59
91393,91472,91510,38,79
91393,91472,91511,39,79
91393,91444,91512,68,51
91393,91450,91511,61,57
91393,91452,91513,61,59
91393,91451,91514,63,58
91393,91451,91514,63,58
91393,91448,91514,66,55
91393,91464,91514,50,71
91393,91473,91516,43,80
91393,91463,91516,53,70
91393,91472,91516,44,79
91393,91476,91519,43,83
91393,91475,91519,44,82
91393,91458,91520,62,65
91393,91472,91519,47,79
91393,91463,91520,57,70
91393,91476,91521,45,83
91393,91451,91521,70,58
91393,91473,91521,48,80
91393,91460,91522,62,67
91393,91460,91522,62,67
91393,91452,91523,71,59
91393,91460,91523,63,67
91393,91461,91524,63,68
91393,91463,91523,60,70
91393,91458,91525,67,65
91393,91456,91524,68,63
91393,91473,91524,51,80
91393,91462,91525,63,69
91393,91476,91525,49,83
91393,91458,91526,68,65
91393,91460,91527,67,67
91393,91455,91527,72,62
91393,91462,91527,65,69
91393,91461,91528,67,68
91393,91464,91528,64,71
91393,91456,91529,73,63
91393,91458,91529,71,65
91393,91458,91531,73,65
91393,91459,91532,73,66
91393,91458,91532,74,65
91393,91459,91533,74,66
91393,91458,91532,74,65
91393,91460,91534,74,67
91393,91457,91534,77,64
91393,91489,91534,45,96
91393,91494,91535,41,101
91393,91491,91536,45,98
91393,91458,91536,78,65
91393,91461,91537,76,68
91393,91458,91536,78,65
91393,91490,91538,48,97
91393,91489,91538,49,96
91393,91459,91539,80,66
91393,91490,91539,49,97
91393,91496,91538,42,103
91393,91463,91538,75,70
91393,91486,91539,53,93
91393,91491,91539,48,98
91393,91494,91544,50,101
91393,91497,91543,46,104
91393,91495,91546,51,102
91393,91502,91546,44,109
91393,91491,91546,55,98
91393,91492,91547,55,99
91393,91496,91546,50,103
91393,91498,91546,48,105
91393,91492,91548,56,99
91393,91500,91549,49,107
91393,91495,91550,55,102
91393,91501,91552,51,108
91393,91506,91554,48,113
91393,91511,91555,44,118
91393,91504,91556,52,111
91393,91507,91559,52,114
91393,91509,91559,50,116
91393,91515,91561,46,122
91393,91508,91560,52,115
91393,91506,91561,55,113
91393,91512,91564,52,119
91393,91506,91564,58,113
91393,91516,91566,50,123
91393,91512,91570,58,119
91393,91510,91570,60,117
91393,91514,91570,56,121
91393,91511,91573,62,118
91393,91514,91575,61,121
91393,91513,91576,63,120
91393,91515,91586,71,122
91601,91601,91647,46,0
91601,91601,91647,46,0
91601,91601,91647,46,0
91601,91601,91648,47,0
91601,91601,91648,47,0
91601,91601,91648,47,0
91601,91601,91648,47,0
91601,91601,91649,48,0
91601,91601,91650,49,0
91601,91601,91649,48,0
91601,91601,91650,49,0
91601,91601,91650,49,0
91601,91601,91651,50,0
91601,91601,91653,52,0
91601,91601,91654,53,0
91601,91601,91653,52,0
91601,91601,91653,52,0
91601,91601,91654,53,0
91601,91601,91655,54,0
91601,91601,91655,54,0
91601,91601,91657,56,0
91601,91601,91657,56,0
91601,91601,91659,58,0
91601,91601,91658,57,0
91601,91601,91660,59,0
91601,91601,91660,59,0
91601,91601,91660,59,0
91601,91601,91660,59,0
91601,91601,91660,59,0
91601,91601,91660,59,0
91601,91601,91661,60,0
91601,91601,91661,60,0
91601,91601,91662,61,0
91601,91601,91663,62,0
91601,91601,91663,62,0
91601,91601,91665,64,0
91601,91601,91666,65,0
91601,91601,91666,65,0
91601,91601,91667,66,0
91601,91601,91667,66,0
91601,91601,91669,68,0
91601,91601,91669,68,0
91601,91601,91668,67,0
91601,91601,91670,69,0
91601,91601,91670,69,0
91601,91601,91670,69,0
91601,91601,91671,70,0
91601,91601,91672,71,0
91601,91601,91674,73,0
91601,91601,91673,72,0
91601,91601,91675,74,0
97430,97430,97433,3,0
97431,97431,97433,2,0
97432,97432,97435,3,0
97433,97433,97436,3,0
97432,97433,97436,3,1
97434,97434,97437,3,0
97435,97435,97438,3,0
97437,97437,97439,2,0
97436,97436,97439,3,0
97438,97438,97440,2,0
97439,97439,97442,3,0
97440,97440,97443,3,0
97439,97439,97443,4,0
97441,97441,97444,3,0
97442,97442,97445,3,0
97444,97444,97446,2,0
97443,97443,97446,3,0
97445,97445,97448,3,0
97445,97445,97449,4,0
97447,97447,97450,3,0
97446,97446,97449,3,0
97448,97448,97451,3,0
97450,97450,97453,3,0
97449,97449,97452,3,0
97451,97451,97453,2,0
97452,97452,97455,3,0
97453,97453,97456,3,0
97452,97453,97456,3,1
97454,97454,97457,3,0
97456,97456,97459,3,0
97455,97455,97459,4,0
97458,97458,97460,2,0
97457,97457,97460,3,0
97459,97459,97462,3,0
97460,97460,97463,3,0
97460,97460,97463,3,0
97461,97461,97464,3,0
97463,97463,97466,3,0
97462,97462,97465,3,0
97465,97465,97467,2,0
97464,97464,97467,3,0
97466,97466,97468,2,0
97466,97466,97470,4,0
97468,97468,97471,3,0
97467,97467,97471,4,0
97470,97470,97472,2,0
97469,97469,97472,3,0
97472,97472,97474,2,0
97471,97471,97474,3,0
97473,97473,97476,3,0
97474,97474,97477,3,0
97473,97473,97477,4,0
97476,97476,97478,2,0
97475,97475,97479,4,0
97477,97477,97480,3,0
97479,97479,97481,2,0
97478,97478,97481,3,0
97479,97479,97483,4,0
97480,97480,97483,3,0
97481,97481,97484,3,0
97482,97482,97485,3,0
97484,97484,97486,2,0
97483,97483,97486,3,0
97485,97485,97487,2,0
97486,97486,97489,3,0
97486,97486,97490,4,0
97488,97488,97491,3,0
97487,97487,97491,4,0
97489,97489,97491,2,0
97490,97490,97493,3,0
97491,97491,97494,3,0
97493,97493,97495,2,0
97492,97492,97495,3,0
97494,97494,97497,3,0
97493,97493,97496,3,0
97496,97496,97498,2,0
97495,97495,97499,4,0
97497,97497,97500,3,0
97498,97498,97500,2,0
97499,97499,97501,2,0
97500,97500,97503,3,0
97499,97500,97503,3,1
97501,97501,97504,3,0
97503,97503,97505,2,0
97502,97502,97505,3,0
97505,97505,97507,2,0
97504,97504,97507,3,0
97506,97506,97509,3,0
97505,97506,97509,3,1
97508,97508,97510,2,0
97507,97507,97511,4,0
97509,97509,97512,3,0
97511,97511,97513,2,0
97510,97510,97513,3,0
97512,97512,97514,2,0
97513,97513,97516,3,0
97512,97512,97516,4,0
97514,97514,97517,3,0
97515,97515,97517,2,0
97516,97516,97519,3,0
97518,97518,97520,2,0
97517,97517,97520,3,0
97518,97519,97521,2,1
97519,97519,97522,3,0
97521,97521,97524,3,0
97520,97520,97524,4,0
97523,97523,97525,2,0
97522,97522,97525,3,0
97524,97524,97526,2,0
97525,97525,97527,2,0
97525,97525,97529,4,0
97527,97527,97530,3,0
97526,97526,97530,4,0
97528,97528,97531,3,0
97529,97529,97531,2,0
97530,97530,97533,3,0
97532,97532,97534,2,0
97531,97531,97534,3,0
97532,97532,97535,3,0
97533,97533,97536,3,0
97535,97535,97537,2,0
97534,97534,97537,3,0
97536,97536,97538,2,0
97537,97537,97539,2,0
97538,97539,97541,2,1
97538,97538,97541,3,0
97539,97539,97542,3,0
97540,97540,97544,4,0
97542,97542,97544,2,0
97541,97541,97544,3,0
97543,97543,97545,2,0
97544,97544,97547,3,0
97545,97545,97548,3,0
97545,97545,97548,3,0
97546,97546,97549,3,0
97548,97548,97551,3,0
97547,97547,97550,3,0
97549,97549,97551,2,0
97551,97551,97553,2,0
97550,97550,97553,3,0
97551,97552,97554,2,1
97552,97552,97555,3,0
97554,97554,97557,3,0
97553,97553,97557,4,0
97556,97556,97558,2,0
97555,97555,97558,3,0
97557,97557,97559,2,0
97558,97558,97560,2,0
97559,97559,97562,3,0
97558,97558,97562,4,0
97561,97561,97564,3,0
97560,97560,97563,3,0
97562,97562,97565,3,0
97563,97563,97566,3,0
97565,97565,97567,2,0
97564,97564,97567,3,0
97566,97566,97569,3,0
97565,97565,97568,3,0
97568,97568,97571,3,0
97567,97567,97570,3,0
97570,97570,97572,2,0
97569,97569,97572,3,0
97571,97571,97574,3,0
97571,97571,97575,4,0
97573,97573,97576,3,0
97572,97572,97575,3,0
97574,97574,97577,3,0
97575,97575,97578,3,0
97577,97577,97579,2,0
97576,97576,97580,4,0
97578,97578,97581,3,0
97578,97579,97582,3,1
97580,97580,97583,3,0
97579,97579,97583,4,0
97581,97581,97584,3,0
97582,97582,97585,3,0
97583,97583,97586,3,0
97585,97585,97587,2,0
97584,97584,97587,3,0
97585,97586,97589,3,1
97587,97587,97590,3,0
97586,97586,97589,3,0
97589,97589,97591,2,0
97588,97588,97591,3,0
97591,97591,97594,3,0
97590,97590,97593,3,0
97592,97592,97594,2,0
120696,120696,120812,116,0
120695,120696,120812,116,1
120867,120868,122345,1477,1
120867,120867,122345,1478,0
122363,122363,126300,3937,0
122363,122363,128413,6050,0
129931,129932,129936,4,1
130622,130623,130628,5,1
130862,130863,130867,4,1
131158,131159,131160,1,1
132118,132118,132119,1,0
132117,132117,132120,3,0
132130,132130,132132,2,0
132129,132129,132136,7,0
132132,132133,132138,5,1
132133,132133,132138,5,0
132133,132133,132139,6,0
132133,132133,132139,6,0
132133,132133,132140,7,0
132110,132110,132239,129,0
132128,132128,132302,174,0
132123,132123,136350,4227,0
132105,132105,136398,4293,0
132109,132110,136417,4307,1
132108,132108,136440,4332,0
132109,132109,136477,4368,0
132105,132105,136504,4399,0
132107,132107,136511,4404,0
132113,132113,136517,4404,0
132108,132108,136531,4423,0
132110,132110,136533,4423,0
132106,132106,136554,4448,0
132111,132111,136564,4453,0
132106,132106,136566,4460,0
132107,132107,136581,4474,0
132112,132113,136588,4475,1
132111,132111,136593,4482,0
132111,132111,136616,4505,0
132106,132106,136687,4581,0
132112,132112,136707,4595,0
132119,132119,136748,4629,0
132108,132109,136752,4643,1
132109,132109,136774,4665,0
132122,132122,136798,4676,0
132112,132112,136803,4691,0
132131,132132,136809,4677,1
132113,132113,136814,4701,0
132105,132105,136815,4710,0
132121,132121,136817,4696,0
132119,132119,136842,4723,0
132115,132116,136876,4760,1
132117,132117,136880,4763,0
132129,132129,136885,4756,0
132127,132127,136900,4773,0
132126,132126,136900,4774,0
132120,132120,136905,4785,0
132131,132131,136907,4776,0
132121,132121,136909,4788,0
132117,132117,136912,4795,0
132124,132124,136923,4799,0
132126,132126,136937,4811,0
132118,132118,136938,4820,0
132115,132115,136939,4824,0
132125,132125,136958,4833,0
132129,132129,136957,4828,0
132123,132124,136983,4859,1
132125,132125,137180,5055,0
132130,132130,137197,5067,0
132127,132127,137262,5135,0
132118,132118,137262,5144,0
132111,132112,137270,5158,1
132120,132120,137282,5162,0
132122,132122,137284,5162,0
132114,132114,137316,5202,0
132120,132120,137317,5197,0
132121,132121,137317,5196,0
132126,132126,137321,5195,0
132118,132118,137325,5207,0
132124,132124,137328,5204,0
132122,132122,137329,5207,0
132116,132116,137341,5225,0
132119,132119,137350,5231,0
132115,132115,137351,5236,0
132121,132121,137352,5231,0
132116,132116,137359,5243,0
132120,132120,137360,5240,0
132128,132128,137363,5235,0
132130,132131,137373,5242,1
132125,132125,137389,5264,0
132117,132117,137389,5272,0
132128,132128,137392,5264,0
132124,132124,137393,5269,0
132131,132131,137394,5263,0
132129,132129,137395,5266,0
132114,132114,137395,5281,0
132116,132116,137401,5285,0
132121,132121,137406,5285,0
132118,132118,137414,5296,0
132115,132115,137426,5311,0
132122,132122,137425,5303,0
132119,132119,137427,5308,0
132117,132117,137431,5314,0
132118,132118,137435,5317,0
132117,132117,137437,5320,0
132120,132120,137441,5321,0
132120,132120,137478,5358,0
132132,132132,137477,5345,0
132128,132128,137582,5454,0
132119,132119,137600,5481,0
132130,132130,137704,5574,0
132117,132117,137707,5590,0
132123,132123,137709,5586,0
132132,132132,137714,5582,0
132127,132127,137725,5598,0
132124,132124,137731,5607,0
132116,132116,137741,5625,0
132125,132125,137759,5634,0
132121,132121,137765,5644,0
132115,132115,137768,5653,0
132127,132127,137912,5785,0
132120,132120,137954,5834,0
132132,132132,137973,5841,0
132118,132118,138004,5886,0
132131,132131,138026,5895,0
132121,132121,138041,5920,0
132132,132132,138053,5921,0
132126,132126,138088,5962,0
132123,132123,138094,5971,0
132122,132122,138113,5991,0
132126,132126,138117,5991,0
132122,132122,138117,5995,0
132130,132130,138124,5994,0
132123,132123,138139,6016,0
132128,132128,138140,6012,0
132123,132123,138150,6027,0
132129,132129,138155,6026,0
132117,132117,138156,6039,0
132119,132119,138157,6038,0
132130,132130,138158,6028,0
132116,132116,138165,6049,0
132119,132119,138164,6045,0
132128,132128,138167,6039,0
132114,132115,138167,6052,1
132116,132116,138174,6058,0
132127,132127,138174,6047,0
132132,132132,138185,6053,0
132127,132127,138189,6062,0
132129,132129,138191,6062,0
132131,132131,138193,6062,0
132125,132125,138194,6069,0
132124,132124,138200,6076,0
132115,132115,138201,6086,0
132115,132115,138202,6087,0
132116,132116,138206,6090,0
132131,132131,138210,6079,0
132121,132121,138211,6090,0
132119,132119,138216,6097,0
132120,132120,138221,6101,0
132114,132114,138244,6130,0
138243,138243,138246,3,0
138242,138242,138246,4,0
132125,132125,138247,6122,0
138244,138244,138247,3,0
138244,138244,138248,4,0
138245,138245,138248,3,0
138246,138246,138249,3,0
138247,138247,138250,3,0
138248,138248,138251,3,0
138249,138249,138252,3,0
138250,138250,138253,3,0
138251,138251,138254,3,0
138252,138252,138255,3,0
138253,138253,138256,3,0
138253,138254,138257,3,1
138254,138254,138257,3,0
138255,138255,138258,3,0
138256,138256,138259,3,0
138257,138257,138260,3,0
138258,138258,138261,3,0
132118,132118,138262,6144,0
138259,138259,138262,3,0
132107,132107,138263,6156,0
138260,138260,138263,3,0
138261,138261,138264,3,0
138262,138262,138265,3,0
138263,138263,138266,3,0
138264,138264,138267,3,0
138265,138265,138268,3,0
138266,138266,138269,3,0
138267,138267,138270,3,0
138267,138267,138271,4,0
138269,138269,138272,3,0
138268,138268,138271,3,0
138270,138270,138273,3,0
138271,138271,138274,3,0
138272,138272,138275,3,0
138273,138273,138276,3,0
138274,138274,138277,3,0
132126,132126,138277,6151,0
138275,138275,138278,3,0
138276,138276,138279,3,0
138276,138276,138280,4,0
138277,138277,138280,3,0
138278,138278,138281,3,0
138279,138279,138282,3,0
138280,138280,138283,3,0
138281,138281,138284,3,0
138282,138282,138285,3,0
138282,138282,138285,3,0
138283,138283,138286,3,0
138284,138284,138287,3,0
138285,138285,138288,3,0
138286,138286,138289,3,0
138287,138287,138290,3,0
138288,138288,138291,3,0
138289,138289,138292,3,0
138289,138289,138292,3,0
138290,138290,138293,3,0
138291,138291,138294,3,0
138292,138292,138295,3,0
138293,138293,138296,3,0
138294,138294,138297,3,0
138295,138295,138298,3,0
138296,138296,138299,3,0
138296,138296,138300,4,0
138297,138297,138300,3,0
138298,138298,138301,3,0
138299,138299,138302,3,0
138300,138300,138303,3,0
138301,138301,138304,3,0
138302,138302,138305,3,0
138302,138303,138305,2,1
138303,138303,138306,3,0
138304,138304,138307,3,0
138305,138305,138308,3,0
138306,138306,138309,3,0
138307,138307,138310,3,0
138308,138308,138311,3,0
138309,138309,138312,3,0
138309,138309,138312,3,0
138310,138310,138313,3,0
138311,138311,138314,3,0
138312,138312,138315,3,0
138313,138313,138316,3,0
138314,138314,138317,3,0
138315,138315,138317,2,0
138316,138316,138319,3,0
138316,138316,138319,3,0
138317,138317,138320,3,0
138318,138318,138321,3,0
138319,138319,138322,3,0
138320,138320,138323,3,0
138321,138321,138324,3,0
138322,138322,138325,3,0
138322,138323,138326,3,1
138323,138323,138326,3,0
138324,138324,138327,3,0
138325,138325,138328,3,0
138326,138326,138329,3,0
138327,138327,138330,3,0
138328,138328,138331,3,0
138329,138329,138332,3,0
138330,138330,138333,3,0
138330,138330,138333,3,0
138331,138331,138334,3,0
138332,138332,138335,3,0
138333,138333,138336,3,0
138334,138334,138337,3,0
138335,138335,138338,3,0
138336,138336,138338,2,0
138336,138337,138339,2,1
138337,138337,138341,4,0
138338,138338,138341,3,0
138339,138339,138342,3,0
138340,138340,138343,3,0
138341,138341,138344,3,0
138342,138342,138345,3,0
138343,138343,138346,3,0
138344,138344,138346,2,0
138344,138344,138347,3,0
138345,138345,138348,3,0
138346,138346,138349,3,0
138347,138347,138350,3,0
138348,138348,138351,3,0
138349,138349,138352,3,0
138350,138350,138353,3,0
138351,138351,138353,2,0
138351,138352,138354,2,1
138352,138352,138355,3,0
138353,138353,138356,3,0
138354,138354,138357,3,0
138355,138355,138358,3,0
138356,138356,138359,3,0
138357,138357,138359,2,0
138358,138358,138361,3,0
138358,138358,138361,3,0
138359,138359,138363,4,0
138360,138360,138363,3,0
138361,138361,138364,3,0
138362,138362,138365,3,0
138363,138363,138366,3,0
138364,138364,138367,3,0
138364,138365,138367,2,1
138365,138365,138368,3,0
138366,138366,138369,3,0
138367,138367,138370,3,0
138368,138368,138371,3,0
138369,138369,138372,3,0
138370,138370,138373,3,0
138371,138371,138373,2,0
138371,138371,138374,3,0
138372,138372,138375,3,0
138373,138373,138376,3,0
138374,138374,138377,3,0
138375,138375,138378,3,0
138376,138376,138379,3,0
138377,138377,138380,3,0
138377,138378,138380,2,1
138378,138378,138382,4,0
138379,138379,138382,3,0
138380,138380,138383,3,0
138381,138381,138384,3,0
138382,138382,138385,3,0
138383,138383,138386,3,0
138384,138384,138387,3,0
138384,138384,138387,3,0
138385,138385,138388,3,0
132112,132112,138451,6339,0
132111,132111,138453,6342,0
132107,132107,138469,6362,0
132109,132109,138469,6360,0
132108,132108,138512,6404,0
132111,132111,138549,6438,0
132109,132109,138554,6445,0
132113,132113,138554,6441,0
132110,132110,138583,6473,0
132106,132106,138586,6480,0
132105,132105,138601,6496,0
132106,132106,138615,6509,0
132114,132114,138658,6544,0
132110,132110,138672,6562,0
132106,132106,138676,6570,0
132110,132110,138724,6614,0
132114,132114,138727,6613,0
132107,132107,138731,6624,0
132111,132111,138732,6621,0
132113,132113,138734,6621,0
132113,132113,138738,6625,0
132111,132111,138742,6631,0
132108,132108,138745,6637,0
132107,132107,138754,6647,0
132110,132110,138761,6651,0
132106,132106,138781,6675,0
132113,132113,138783,6670,0
132109,132109,138790,6681,0
132110,132110,138794,6684,0
132108,132108,138802,6694,0
132113,132113,138804,6691,0
132114,132114,138805,6691,0
132105,132105,138808,6703,0
132112,132112,138823,6711,0
132112,132112,138833,6721,0
132112,132112,138836,6724,0
132105,132105,138836,6731,0
132115,132115,138839,6724,0
132109,132109,138849,6740,0
132108,132108,138853,6745,0
132114,132114,138868,6754,0
132107,132107,138876,6769,0
132106,132106,138879,6773,0
132108,132108,138878,6770,0
132109,132109,139024,6915,0
132112,132112,139037,6925,0
140141,140141,140144,3,0
140142,140142,140145,3,0
140142,140143,140145,2,1
140144,140144,140147,3,0
140143,140143,140147,4,0
140145,140145,140148,3,0
140147,140147,140150,3,0
140146,140146,140149,3,0
140148,140148,140150,2,0
140148,140149,140151,2,1
140149,140149,140153,4,0
140151,140151,140154,3,0
140150,140150,140153,3,0
140152,140152,140155,3,0
140153,140153,140156,3,0
140155,140155,140157,2,0
140154,140154,140157,3,0
140155,140156,140158,2,1
140156,140156,140159,3,0
140158,140158,140161,3,0
140157,140157,140161,4,0
140159,140159,140162,3,0
140161,140161,140164,3,0
140160,140160,140163,3,0
140162,140162,140164,2,0
140162,140163,140165,2,1
140163,140163,140167,4,0
140165,140165,140168,3,0
140164,140164,140167,3,0
140166,140166,140169,3,0
140167,140167,140171,4,0
140168,140168,140171,3,0
140169,140169,140172,3,0
140169,140169,140172,3,0
140170,140170,140174,4,0
140171,140171,140175,4,0
140173,140173,140176,3,0
140172,140172,140176,4,0
140174,140174,140177,3,0
140175,140175,140178,3,0
140177,140177,140179,2,0
140176,140176,140179,3,0
140178,140178,140181,3,0
140177,140177,140181,4,0
140180,140180,140183,3,0
140179,140179,140183,4,0
140181,140181,140184,3,0
140183,140183,140185,2,0
140182,140182,140185,3,0
140184,140184,140186,2,0
140184,140184,140188,4,0
140186,140186,140189,3,0
140185,140185,140189,4,0
140187,140187,140191,4,0
140189,140189,140192,3,0
140188,140188,140192,4,0
140191,140191,140193,2,0
140190,140190,140193,3,0
140192,140192,140195,3,0
140193,140193,140196,3,0
140192,140192,140196,4,0
140195,140195,140198,3,0
140194,140194,140198,4,0
140196,140196,140200,4,0
140197,140197,140200,3,0
140199,140199,140201,2,0
140198,140198,140201,3,0
140199,140199,140203,4,0
140200,140200,140204,4,0
140201,140201,140204,3,0
140203,140203,140206,3,0
140202,140202,140206,4,0
140204,140204,140207,3,0
140206,140206,140209,3,0
140205,140205,140208,3,0
140207,140208,140210,2,1
140207,140207,140210,3,0
140208,140208,140212,4,0
140210,140210,140213,3,0
140209,140209,140213,4,0
140212,140212,140215,3,0
140211,140211,140215,4,0
140213,140213,140216,3,0
140214,140214,140217,3,0
140215,140215,140218,3,0
140215,140215,140218,3,0
140216,140216,140219,3,0
140217,140217,140221,4,0
140219,140219,140222,3,0
140218,140218,140222,4,0
140221,140221,140224,3,0
140220,140220,140223,3,0
140222,140222,140225,3,0
140223,140223,140226,3,0
140222,140222,140226,4,0
140225,140225,140228,3,0
140224,140224,140228,4,0
140227,140227,140230,3,0
140226,140226,140230,4,0
140228,140228,140231,3,0
140229,140229,140232,3,0
140230,140230,140233,3,0
140230,140230,140233,3,0
140232,140232,140235,3,0
140231,140231,140235,4,0
140234,140234,140237,3,0
140233,140233,140237,4,0
140235,140235,140238,3,0
140236,140236,140239,3,0
140237,140237,140240,3,0
140236,140237,140240,3,1
140238,140238,140241,3,0
140239,140239,140242,3,0
140241,140241,140244,3,0
140240,140240,140244,4,0
140243,140243,140245,2,0
140242,140242,140245,3,0
140243,140244,140246,2,1
140244,140244,140247,3,0
140245,140245,140249,4,0
140247,140247,140250,3,0
140246,140246,140250,4,0
140248,140248,140251,3,0
140249,140249,140251,2,0
140251,140251,140253,2,0
140250,140250,140253,3,0
140251,140251,140254,3,0
140253,140253,140256,3,0
140252,140252,140256,4,0
140255,140255,140258,3,0
140254,140254,140257,3,0
140257,140257,140259,2,0
140256,140256,140260,4,0
140258,140258,140261,3,0
140258,140258,140261,3,0
140260,140260,140263,3,0
140259,140259,140263,4,0
140262,140262,140265,3,0
140261,140261,140265,4,0
140264,140264,140266,2,0
140263,140263,140266,3,0
140265,140265,140268,3,0
140265,140265,140269,4,0
140266,140266,140270,4,0
140268,140268,140271,3,0
140267,140267,140271,4,0
140270,140270,140273,3,0
140269,140269,140272,3,0
140271,140271,140274,3,0
140273,140273,140275,2,0
140272,140272,140275,3,0
140274,140274,140277,3,0
140273,140273,140277,4,0
140275,140275,140279,4,0
140277,140277,140279,2,0
140276,140276,140279,3,0
140279,140279,140281,2,0
140278,140278,140281,3,0
140280,140280,140282,2,0
140281,140281,140284,3,0
140280,140281,140284,3,1
140282,140282,140286,4,0
140284,140284,140287,3,0
140283,140283,140286,3,0
155409,155409,155410,1,0
156968,156968,157139,171,0
169712,169713,169717,4,1
169911,169911,170312,401,0
170933,170935,171150,215,2
171408,171408,171739,331,0
172251,172254,172453,199,3
172500,172502,172752,250,2
172856,172858,173235,377,2
173296,173297,173643,346,1
175354,175354,175682,328,0
174563,174563,175829,1266,0
174569,174569,175855,1286,0
174613,174613,175866,1253,0
175831,175832,175881,49,1
175831,175832,175884,52,1
175831,175832,175885,53,1
175831,175832,175885,53,1
175831,175832,175887,55,1
175831,175832,175887,55,1
175831,175832,175888,56,1
175831,175832,175889,57,1
175831,175832,175889,57,1
175831,175832,175891,59,1
175831,175832,175892,60,1
175831,175832,175892,60,1
175831,175832,175892,60,1
175831,175832,175894,62,1
175831,175832,175894,62,1
175831,175832,175895,63,1
175831,175832,175894,62,1
175831,175832,175897,65,1
175831,175832,175897,65,1
175831,175832,175897,65,1
175831,175832,175898,66,1
175831,175832,175898,66,1
175831,175832,175898,66,1
175831,175832,175898,66,1
175831,175832,175897,65,1
175831,175832,175899,67,1
175831,175832,175898,66,1
175831,175832,175900,68,1
175831,175832,175900,68,1
175831,175832,175901,69,1
175831,175832,175900,68,1
175831,175832,175902,70,1
175831,175832,175901,69,1
175831,175832,175903,71,1
175831,175832,175904,72,1
175831,175832,175904,72,1
175831,175832,175905,73,1
175831,175832,175906,74,1
175831,175832,175907,75,1
175831,175832,175907,75,1
175831,175832,175907,75,1
175831,175855,175919,64,24
175831,175867,175935,68,36
175831,175882,175944,62,51
175831,175890,175950,60,59
175831,175891,175951,60,60
175831,175888,175951,63,57
175831,175889,175953,64,58
175831,175884,175953,69,53
175831,175886,175954,68,55
175831,175892,175955,63,61
175831,175885,175956,71,54
175831,175890,175960,70,59
175831,175894,175960,66,63
175831,175888,175960,72,57
175831,175895,175961,66,64
175831,175894,175962,68,63
175831,175898,175963,65,67
175831,175897,175965,68,66
175831,175898,175966,68,67
175831,175898,175967,69,67
175831,175893,175967,74,62
175831,175892,175968,76,61
175831,175895,175968,73,64
175831,175902,175968,66,71
175831,175898,175968,70,67
175831,175900,175969,69,69
175831,175901,175968,67,70
175831,175897,175969,72,66
175831,175899,175969,70,68
175831,175901,175970,69,70
175831,175904,175971,67,73
175831,175897,175974,77,66
175831,175898,175975,77,67
175831,175899,175976,77,68
175831,175902,175977,75,71
175831,175904,175977,73,73
175831,175905,175978,73,74
175831,175907,175978,71,76
175831,175906,175980,74,75
175831,175901,175982,81,70
175831,175903,175982,79,72
175831,175907,175985,78,76
175831,175907,175988,81,76
175831,175920,175988,68,89
175831,175935,176005,70,104
175831,175944,176012,68,113
174600,174601,176017,1416,1
175831,175956,176022,66,125
175831,175951,176023,72,120
175831,175954,176025,71,123
175831,175955,176026,71,124
175831,175951,176026,75,120
175831,175954,176027,73,123
175831,175952,176027,75,121
175831,175962,176029,67,131
175831,175961,176029,68,130
175831,175961,176030,69,130
175831,175961,176030,69,130
174597,174597,176032,1435,0
175831,175969,176034,65,138
175831,175968,176035,67,137
175831,175966,176034,68,135
175831,175967,176035,68,136
174607,174607,176036,1429,0
175831,175967,176036,69,136
175831,175964,176039,75,133
175831,175969,176040,71,138
175831,175969,176041,72,138
175831,175972,176041,69,141
175831,175969,176043,74,138
175831,175969,176043,74,138
175831,175957,176043,86,126
175831,175969,176043,74,138
175831,175962,176044,82,131
175831,175970,176044,74,139
175831,175975,176045,70,144
175831,175976,176047,71,145
175831,175970,176047,77,139
175831,175989,176048,59,158
175831,175970,176048,78,139
175831,175989,176052,63,158
175831,176005,176052,47,174
175831,175975,176052,77,144
174561,174561,176053,1492,0
175831,175978,176053,75,147
175831,175981,176056,75,150
175831,175983,176057,74,152
175831,175978,176058,80,147
175831,175979,176059,80,148
175831,175983,176059,76,152
174620,174621,176060,1439,1
175831,175979,176061,82,148
174559,174559,176063,1504,0
175831,176022,176064,42,191
175831,175986,176064,78,155
174567,174567,176071,1504,0
175831,176023,176072,49,192
175818,175821,176073,252,3
175831,176017,176074,57,186
175831,176013,176075,62,182
175831,176027,176078,51,196
175831,176029,176078,49,198
175831,176026,176079,53,195
175831,176025,176083,58,194
175831,176027,176087,60,196
175831,176027,176087,60,196
175831,176030,176093,63,199
175831,176029,176094,65,198
175831,176035,176094,59,204
175831,176031,176100,69,200
175831,176037,176100,63,206
175831,176033,176101,68,202
175831,176036,176103,67,205
174604,174604,176104,1500,0
175831,176044,176105,61,213
175831,176040,176106,66,209
175831,176040,176106,66,209
175831,176043,176107,64,212
175831,176035,176108,73,204
175831,176041,176109,68,210
175831,176043,176110,67,212
174565,174565,176111,1546,0
175831,176048,176112,64,217
175831,176043,176113,70,212
175831,176037,176114,77,206
175831,176035,176116,81,204
175831,176044,176116,72,213
175831,176046,176116,70,215
175831,176049,176118,69,218
175831,176053,176118,65,222
175831,176048,176118,70,217
175831,176060,176118,58,229
175831,176041,176119,78,210
175831,176057,176119,62,226
174617,174631,176119,1488,14
175831,176060,176120,60,229
175831,176058,176121,63,227
175831,176043,176121,78,212
175831,176052,176123,71,221
175831,176048,176124,76,217
175831,176053,176126,73,222
175831,176062,176125,63,231
175831,176052,176127,75,221
175831,176063,176129,66,232
175831,176057,176129,72,226
174539,174539,176131,1592,0
175831,176053,176131,78,222
175831,176059,176132,73,228
175831,176065,176133,68,234
175831,176071,176136,65,240
175831,176064,176137,73,233
174542,174542,176139,1597,0
175831,176079,176140,61,248
175831,176073,176143,70,242
175831,176078,176144,66,247
175831,176083,176147,64,252
175831,176074,176148,74,243
175831,176075,176147,72,244
175831,176080,176151,71,249
175831,176088,176153,65,257
174610,174610,176156,1546,0
175831,176088,176156,68,257
174543,174543,176162,1619,0
175831,176106,176162,56,275
174571,174571,176162,1591,0
175831,176095,176165,70,264
175831,176101,176165,64,270
175831,176116,176166,50,285
175831,176094,176167,73,263
175831,176104,176168,64,273
175831,176095,176168,73,264
175831,176108,176168,60,277
174540,174540,176170,1630,0
175831,176101,176170,69,270
175831,176101,176170,69,270
175831,176119,176171,52,288
175831,176111,176172,61,280
175831,176116,176173,57,285
175831,176104,176174,70,273
175831,176120,176175,55,289
175831,176113,176175,62,282
175831,176116,176174,58,285
175831,176108,176175,67,277
175831,176115,176176,61,284
175831,176120,176176,56,289
175831,176122,176177,55,291
175831,176110,176178,68,279
175831,176119,176178,59,288
175831,176118,176178,60,287
175831,176122,176179,57,291
175831,176107,176179,72,276
175831,176121,176180,59,290
175831,176107,176180,73,276
175831,176123,176181,58,292
175831,176114,176182,68,283
175831,176112,176182,70,281
175831,176119,176183,64,288
175831,176120,176185,65,289
175831,176126,176185,59,295
175831,176125,176188,63,294
175831,176133,176191,58,302
175831,176130,176192,62,299
175831,176132,176191,59,301
175831,176133,176193,60,302
175831,176126,176195,69,295
175831,176132,176195,63,301
174586,174586,176199,1613,0
175831,176141,176198,57,310
175831,176138,176200,62,307
175831,176137,176200,63,306
175831,176143,176202,59,312
175831,176130,176203,73,299
175831,176141,176203,62,310
175831,176128,176204,76,297
174541,174541,176207,1666,0
175831,176144,176208,64,313
175831,176148,176208,60,317
175831,176147,176209,62,316
175831,176148,176212,64,317
175831,176152,176213,61,321
175831,176154,176214,60,323
174551,174551,176215,1664,0
175831,176162,176220,58,331
175831,176157,176220,63,326
175856,176168,176220,52,312
175831,176166,176222,56,335
175856,176171,176222,51,315
175831,176162,176222,60,331
175856,176171,176224,53,315
175831,176163,176224,61,332
175856,176173,176225,52,317
175831,176157,176227,70,326
175856,176168,176227,59,312
175856,176171,176229,58,315
175856,176167,176228,61,311
175856,176168,176230,62,312
175856,176180,176230,50,324
175856,176178,176231,53,322
175856,176179,176231,52,323
175856,176179,176231,52,323
175856,176172,176232,60,316
175831,176166,176232,66,335
175856,176179,176232,53,323
175856,176175,176232,57,319
175856,176176,176232,56,320
175856,176176,176233,57,320
175856,176174,176234,60,318
175856,176176,176235,59,320
175856,176182,176235,53,326
175856,176176,176236,60,320
175856,176175,176235,60,319
175856,176178,176235,57,322
175856,176180,176236,56,324
175856,176183,176237,54,327
175856,176174,176239,65,318
175856,176178,176239,61,322
175856,176185,176245,60,329
175856,176184,176246,62,328
175856,176183,176247,64,327
175856,176194,176251,57,338
175856,176186,176252,66,330
175856,176192,176253,61,336
174573,174573,176253,1680,0
175856,176192,176253,61,336
175856,176188,176254,66,332
175856,176195,176256,61,339
175856,176192,176263,71,336
175856,176195,176263,68,339
175856,176199,176263,64,343
175856,176199,176265,66,343
175856,176205,176266,61,349
175856,176200,176267,67,344
175856,176201,176269,68,345
175856,176204,176270,66,348
175856,176204,176271,67,348
175856,176202,176273,71,346
174544,174544,176273,1729,0
175856,176210,176274,64,354
175856,176213,176275,62,357
175856,176209,176276,67,353
175856,176207,176277,70,351
175856,176214,176278,64,358
175856,176215,176279,64,359
175856,176209,176279,70,353
175856,176223,176284,61,367
175856,176220,176285,65,364
174581,174586,176286,1700,5
175856,176215,176287,72,359
175856,176220,176289,69,364
174549,174549,176288,1739,0
175856,176223,176290,67,367
175856,176222,176292,70,366
175856,176228,176295,67,372
175856,176224,176296,72,368
175856,176225,176297,72,369
175856,176226,176298,72,370
174557,174557,176298,1741,0
175856,176221,176298,77,365
175856,176231,176299,68,375
175856,176229,176299,70,373
175856,176232,176300,68,376
175856,176233,176300,67,377
175856,176235,176303,68,379
174592,174592,176303,1711,0
175856,176232,176304,72,376
175856,176232,176304,72,376
175856,176228,176303,75,372
175856,176231,176305,74,375
175856,176233,176305,72,377
174545,174545,176305,1760,0
175856,176230,176306,76,374
175856,176236,176306,70,380
175856,176236,176307,71,380
175856,176232,176308,76,376
175856,176233,176308,75,377
175856,176237,176308,71,381
174576,174576,176308,1732,0
175856,176232,176309,77,376
175856,176238,176309,71,382
175856,176240,176309,69,384
175856,176235,176310,75,379
175856,176229,176311,82,373
175856,176235,176312,77,379
175856,176240,176314,74,384
175856,176236,176314,78,380
174555,174555,176316,1761,0
175856,176246,176317,71,390
175856,176247,176317,70,391
174594,174600,176320,1720,6
175856,176253,176320,67,397
175856,176253,176322,69,397
175856,176255,176323,68,399
175856,176254,176324,70,398
175856,176247,176326,79,391
175856,176253,176327,74,397
175856,176256,176327,71,400
175856,176263,176327,64,407
175856,176251,176328,77,395
175856,176263,176331,68,407
174548,174548,176332,1784,0
175856,176268,176332,64,412
175856,176263,176334,71,407
175856,176266,176335,69,410
175856,176266,176336,70,410
175856,176272,176339,67,416
175856,176300,176344,44,444
175856,176269,176345,76,413
175856,176273,176346,73,417
175856,176271,176346,75,415
175856,176274,176347,73,418
175856,176274,176347,73,418
175856,176278,176348,70,422
175856,176280,176348,68,424
175856,176278,176352,74,422
175856,176301,176351,50,445
175856,176275,176352,77,419
175856,176277,176353,76,421
175856,176280,176352,72,424
174583,174600,176352,1752,17
175856,176287,176356,69,431
174578,174578,176356,1778,0
175856,176299,176356,57,443
175856,176299,176357,58,443
175856,176300,176357,57,444
175856,176299,176358,59,443
175856,176305,176358,53,449
175856,176299,176359,60,443
175856,176304,176359,55,448
174589,174600,176360,1760,11
175856,176307,176363,56,451
175856,176289,176363,74,433
175856,176291,176363,72,435
174552,174552,176364,1812,0
175856,176304,176364,60,448
175856,176289,176365,76,433
175856,176304,176366,62,448
175856,176303,176367,64,447
175856,176285,176366,81,429
175856,176285,176368,83,429
175856,176298,176367,69,442
175856,176306,176368,62,450
175856,176293,176368,75,437
175856,176308,176368,60,452
175856,176305,176369,64,449
175856,176287,176370,83,431
175856,176307,176370,63,451
174547,174547,176372,1825,0
175856,176295,176372,77,439
174554,174554,176373,1819,0
175856,176305,176375,70,449
175856,176315,176375,60,459
175856,176297,176376,79,441
175856,176313,176376,63,457
175856,176310,176377,67,454
175856,176308,176378,70,452
175856,176309,176379,70,453
175856,176310,176380,70,454
175856,176311,176380,69,455
175856,176310,176380,70,454
175856,176317,176380,63,461
175856,176317,176381,64,461
175856,176318,176381,63,462
175856,176308,176382,74,452
175856,176314,176383,69,458
175856,176312,176386,74,456
175856,176324,176386,62,468
175856,176321,176387,66,465
175856,176321,176387,66,465
175856,176309,176387,78,453
175856,176323,176389,66,467
175856,176329,176389,60,473
175856,176328,176391,63,472
175856,176328,176392,64,472
175856,176325,176392,67,469
175856,176327,176392,65,471
175856,176336,176394,58,480
174538,174538,176395,1857,0
175856,176328,176395,67,472
175856,176332,176398,66,476
175856,176335,176399,64,479
175856,176332,176400,68,476
175856,176333,176402,69,477
175856,176335,176407,72,479
175856,176348,176407,59,492
175856,176339,176409,70,483
175856,176345,176412,67,489
175856,176352,176415,63,496
175856,176359,176415,56,503
175856,176346,176416,70,490
175856,176353,176417,64,497
175856,176357,176418,61,501
175856,176352,176418,66,496
175856,176349,176420,71,493
175856,176346,176420,74,490
175856,176364,176419,55,508
175856,176348,176420,72,492
175856,176353,176421,68,497
175856,176358,176420,62,502
175856,176346,176421,75,490
175856,176358,176421,63,502
175856,176369,176422,53,513
175856,176369,176422,53,513
175856,176369,176423,54,513
175856,176353,176424,71,497
175856,176361,176424,63,505
175856,176356,176425,69,500
175856,176365,176426,61,509
175856,176365,176426,61,509
175856,176371,176426,55,515
175856,176366,176427,61,510
175856,176366,176427,61,510
175856,176367,176426,59,511
175856,176367,176426,59,511
175856,176370,176428,58,514
175856,176364,176428,64,508
175856,176368,176428,60,512
175856,176360,176428,68,504
175856,176368,176429,61,512
175856,176357,176429,72,501
175856,176347,176429,82,491
175856,176358,176430,72,502
175856,176363,176430,67,507
175856,176353,176432,79,497
175856,176376,176432,56,520
175856,176370,176432,62,514
175856,176372,176434,62,516
175856,176374,176435,61,518
175856,176379,176436,57,523
175856,176376,176437,61,520
175856,176379,176436,57,523
175856,176376,176438,62,520
175856,176357,176438,81,501
175856,176377,176439,62,521
175856,176384,176439,55,528
175856,176380,176439,59,524
175856,176377,176441,64,521
175856,176380,176442,62,524
175856,176372,176442,70,516
175856,176380,176445,65,524
175856,176387,176446,59,531
175856,176387,176446,59,531
175856,176381,176447,66,525
175856,176390,176447,57,534
175856,176386,176447,61,530
175856,176382,176448,66,526
175856,176381,176448,67,525
175856,176394,176449,55,538
175856,176381,176453,72,525
175856,176386,176453,67,530
175856,176392,176453,61,536
175856,176395,176453,58,539
175856,176387,176453,66,531
175856,176390,176453,63,534
175856,176392,176457,65,536
175856,176395,176458,63,539
175868,176401,176468,67,533
175856,176393,176450,57,537
175856,176393,176451,58,537
175868,176403,176471,68,535
175868,176409,176475,66,541
175868,176399,176477,78,531
175868,176408,176477,69,540
175868,176417,176482,65,549
175868,176407,176483,76,539
175868,176421,176483,62,553
175868,176412,176483,71,544
175868,176420,176486,66,552
175868,176423,176486,63,555
175868,176417,176488,71,549
175868,176420,176489,69,552
175868,176425,176489,64,557
175868,176419,176490,71,551
175868,176418,176491,73,550
175868,176420,176491,71,552
175868,176430,176492,62,562
175868,176416,176493,77,548
175868,176423,176493,70,555
175868,176427,176494,67,559
175868,176426,176494,68,558
175868,176421,176495,74,553
175868,176428,176494,66,560
175868,176421,176495,74,553
175868,176425,176495,70,557
175868,176422,176495,73,554
175868,176427,176494,67,559
175868,176427,176495,68,559
175868,176429,176495,66,561
175868,176427,176495,68,559
175868,176430,176496,66,562
175868,176416,176495,79,548
175868,176427,176497,70,559
175868,176428,176497,69,560
175868,176432,176498,66,564
175868,176431,176498,67,563
175868,176430,176500,70,562
175868,176431,176499,68,563
175868,176433,176502,69,565
175868,176427,176502,75,559
175868,176426,176502,76,558
175868,176436,176502,66,568
175868,176422,176503,81,554
175868,176429,176504,75,561
175868,176421,176504,83,553
175868,176442,176506,64,574
175868,176436,176506,70,568
175868,176446,176507,61,578
175868,176432,176508,76,564
175868,176440,176507,67,572
175868,176447,176509,62,579
175868,176440,176509,69,572
175868,176439,176509,70,571
175868,176437,176510,73,569
175868,176440,176509,69,572
175868,176437,176510,73,569
175868,176450,176511,61,582
175868,176439,176512,73,571
175868,176434,176513,79,566
175868,176449,176514,65,581
175868,176448,176515,67,580
175868,176442,176516,74,574
175868,176453,176518,65,585
175868,176447,176518,71,579
175868,176449,176518,69,581
175868,176443,176519,76,575
175868,176459,176520,61,591
175868,176453,176521,68,585
175868,176454,176522,68,586
175868,176454,176522,68,586
175868,176468,176524,56,600
175868,176453,176525,72,585
175868,176458,176526,68,590
175868,176446,176527,81,578
175868,176471,176530,59,603
175868,176454,176531,77,586
175868,176469,176534,65,601
175868,176476,176535,59,608
175868,176469,176536,67,601
175868,176469,176539,70,601
175868,176509,176543,34,641
175868,176508,176543,35,640
175868,176511,176549,38,643
175868,176509,176549,40,641
175868,176482,176550,68,614
175868,176508,176550,42,640
175868,176510,176551,41,642
175868,176510,176551,41,642
175868,176509,176551,42,641
175868,176490,176552,62,622
175868,176478,176552,74,610
175868,176491,176553,62,623
175868,176484,176553,69,616
175868,176483,176556,73,615
175868,176513,176556,43,645
175868,176511,176556,45,643
175868,176487,176558,71,619
175868,176507,176558,51,639
175868,176494,176559,65,626
175868,176478,176560,82,610
175868,176494,176561,67,626
175868,176495,176561,66,627
175868,176494,176561,67,626
175868,176493,176562,69,625
175868,176518,176562,44,650
175868,176513,176563,50,645
175868,176486,176563,77,618
175868,176490,176563,73,622
175868,176517,176563,46,649
175868,176496,176564,68,628
175868,176490,176564,74,622
175868,176495,176564,69,627
175868,176492,176564,72,624
175868,176496,176565,69,628
175868,176507,176564,57,639
175868,176495,176565,70,627
175868,176483,176565,82,615
175868,176498,176566,68,630
175868,176495,176566,71,627
175868,176515,176566,51,647
175868,176489,176567,78,621
175868,176495,176567,72,627
175868,176495,176567,72,627
175868,176496,176569,73,628
175868,176493,176569,76,625
175868,176497,176570,73,629
175868,176495,176571,76,627
175868,176500,176571,71,632
175868,176503,176571,68,635
175868,176505,176571,66,637
175868,176515,176571,56,647
175868,176495,176571,76,627
175868,176498,176573,75,630
175868,176502,176572,70,634
175868,176498,176575,77,630
175868,176505,176576,71,637
175868,176500,176577,77,632
175868,176503,176578,75,635
175868,176519,176577,58,651
175868,176504,176578,74,636
175868,176518,176578,60,650
175868,176506,176580,74,638
175868,176522,176581,59,654
175868,176503,176584,81,635
175868,176524,176584,60,656
175868,176518,176585,67,650
175868,176520,176586,66,652
175868,176525,176587,62,657
175868,176527,176589,62,659
175868,176522,176595,73,654
175868,176526,176595,69,658
175868,176532,176596,64,664
175868,176528,176597,69,660
175868,176531,176598,67,663
175868,176534,176608,74,666
175868,176536,176610,74,668
175868,176536,176611,75,668
175868,176539,176612,73,671
175868,176550,176612,62,682
175868,176543,176612,69,675
175868,176549,176612,63,681
175868,176551,176617,66,683
175868,176543,176618,75,675
175868,176552,176620,68,684
175868,176553,176620,67,685
175868,176552,176623,71,684
175868,176554,176624,70,686
175868,176549,176625,76,681
175868,176552,176626,74,684
175868,176556,176627,71,688
175868,176554,176630,76,686
175868,176552,176629,77,684
175868,176557,176631,74,689
175868,176564,176632,68,696
175868,176562,176634,72,694
175868,176556,176635,79,688
175868,176559,176636,77,691
175868,176559,176637,78,691
175868,176567,176637,70,699
175868,176568,176638,70,700
175868,176566,176638,72,698
175868,176565,176638,73,697
175868,176562,176638,76,694
175868,176565,176638,73,697
175868,176566,176638,72,698
175868,176561,176640,79,693
175868,176564,176640,76,696
175868,176568,176640,72,700
175868,176560,176640,80,692
175868,176565,176640,75,697
175868,176568,176641,73,700
175868,176562,176641,79,694
175868,176565,176641,76,697
175868,176563,176641,78,695
175868,176565,176641,76,697
175868,176565,176641,76,697
175868,176572,176642,70,704
175868,176563,176643,80,695
175868,176570,176643,73,702
175868,176570,176644,74,702
175868,176571,176644,73,703
175868,176559,176644,85,691
175868,176572,176646,74,704
175868,176577,176646,69,709
175868,176567,176646,79,699
175868,176579,176647,68,711
175868,176572,176647,75,704
175868,176573,176647,74,705
175868,176579,176647,68,711
175868,176566,176647,81,698
175868,176564,176648,84,696
175868,176572,176649,77,704
175868,176571,176650,79,703
175868,176576,176652,76,708
175868,176578,176653,75,710
175868,176581,176653,72,713
175868,176577,176653,76,709
175868,176578,176654,76,710
175868,176581,176654,73,713
175868,176572,176656,84,704
175868,176584,176656,72,716
175868,176586,176657,71,718
175868,176584,176659,75,716
175868,176589,176659,70,721
175868,176587,176659,72,719
175868,176573,176660,87,705
175868,176586,176662,76,718
175868,176596,176663,67,728
175868,176598,176667,69,730
175868,176596,176672,76,728
175868,176599,176673,74,731
175868,176596,176674,78,728
175868,176611,176678,67,743
175868,176611,176682,71,743
175868,176613,176684,71,745
175868,176612,176685,73,744
175868,176613,176685,72,745
175868,176612,176688,76,744
175868,176608,176688,80,740
175868,176620,176689,69,752
176018,176631,176692,61,613
175868,176619,176693,74,751
175868,176617,176694,77,749
175868,176625,176694,69,757
175868,176624,176695,71,756
175868,176628,176698,70,760
175868,176627,176698,71,759
175868,176630,176699,69,762
176018,176638,176699,61,620
175868,176625,176700,75,757
175868,176621,176700,79,753
176018,176637,176700,63,619
176018,176632,176701,69,614
176018,176637,176704,67,619
176018,176641,176704,63,623
176018,176643,176704,61,625
176018,176643,176706,63,625
176018,176643,176706,63,625
176018,176637,176707,70,619
176018,176639,176707,68,621
176018,176638,176707,69,620
176018,176642,176710,68,624
176018,176645,176710,65,627
176018,176642,176711,69,624
176018,176640,176711,71,622
176018,176646,176711,65,628
176018,176650,176712,62,632
176018,176647,176711,64,629
176018,176641,176712,71,623
176018,176642,176712,70,624
176018,176636,176712,76,618
176018,176635,176712,77,617
176018,176641,176715,74,623
176018,176647,176714,67,629
176018,176640,176715,75,622
176018,176639,176715,76,621
176018,176641,176715,74,623
176018,176645,176716,71,627
176018,176639,176715,76,621
176018,176642,176717,75,624
176018,176647,176717,70,629
176018,176645,176718,73,627
176018,176648,176718,70,630
176018,176639,176718,79,621
176018,176649,176720,71,631
176018,176654,176720,66,636
176018,176654,176720,66,636
176018,176647,176721,74,629
176018,176660,176722,62,642
176018,176640,176723,83,622
176018,176657,176723,66,639
176018,176654,176723,69,636
176018,176654,176724,70,636
176018,176659,176724,65,641
176018,176648,176724,76,630
176018,176653,176726,73,635
176018,176655,176725,70,637
176018,176647,176726,79,629
176018,176657,176728,71,639
176018,176661,176728,67,643
176018,176658,176729,71,640
176018,176662,176729,67,644
176018,176649,176731,82,631
176018,176660,176733,73,642
176018,176664,176738,74,646
176018,176668,176739,71,650
176018,176673,176743,70,655
176018,176685,176748,63,667
176018,176674,176747,73,656
176018,176686,176752,66,668
176018,176678,176753,75,660
176018,176683,176755,72,665
176018,176688,176759,71,670
176018,176696,176761,65,678
176018,176690,176761,71,672
176018,176686,176763,77,668
176018,176693,176765,72,675
176018,176689,176765,76,671
176018,176695,176766,71,677
176018,176699,176767,68,681
176018,176701,176767,66,683
176018,176698,176768,70,680
176018,176694,176768,74,676
176018,176729,176769,40,711
176018,176700,176769,69,682
176018,176705,176770,65,687
176018,176707,176770,63,689
176018,176729,176771,42,711
176018,176711,176772,61,693
176018,176695,176772,77,677
176018,176707,176772,65,689
176018,176700,176773,73,682
176018,176699,176773,74,681
176018,176734,176773,39,716
176018,176731,176774,43,713
176018,176712,176775,63,694
176018,176704,176775,71,686
176018,176713,176776,63,695
176018,176705,176776,71,687
176018,176712,176777,65,694
176018,176728,176778,50,710
176018,176704,176779,75,686
176018,176713,176780,67,695
176018,176728,176781,53,710
176018,176700,176782,82,682
176018,176708,176782,74,690
176018,176708,176782,74,690
176018,176717,176782,65,699
176018,176705,176784,79,687
176018,176717,176783,66,699
176018,176713,176784,71,695
176018,176711,176784,73,693
176018,176719,176785,66,701
176018,176711,176785,74,693
176018,176716,176787,71,698
176018,176707,176787,80,689
176018,176712,176786,74,694
176018,176716,176787,71,698
176018,176716,176787,71,698
176018,176712,176788,76,694
176018,176740,176788,48,722
176018,176716,176788,72,698
176018,176721,176790,69,703
176018,176715,176790,75,697
176018,176723,176790,67,705
176018,176743,176790,47,725
176018,176715,176791,76,697
176018,176719,176792,73,701
176018,176721,176793,72,703
176018,176716,176793,77,698
176018,176712,176793,81,694
176018,176748,176794,46,730
176018,176723,176795,72,705
176018,176721,176794,73,703
176018,176718,176794,76,700
176018,176723,176795,72,705
176018,176726,176795,69,708
176018,176724,176796,72,706
176018,176725,176796,71,707
176018,176726,176796,70,708
176018,176727,176797,70,709
176018,176738,176796,58,720
176018,176723,176797,74,705
176018,176722,176800,78,704
176018,176725,176800,75,707
176018,176748,176803,55,730
176018,176752,176811,59,734
176018,176759,176810,51,741
176018,176755,176813,58,737
176018,176761,176813,52,743
176018,176753,176817,64,735
176018,176764,176819,55,746
176018,176761,176822,61,743
176018,176765,176827,62,747
176018,176766,176832,66,748
176018,176767,176832,65,749
176018,176767,176835,68,749
176018,176768,176837,69,750
176018,176768,176838,70,750
176018,176771,176839,68,753
176018,176766,176842,76,748
176018,176770,176843,73,752
176018,176770,176844,74,752
176018,176777,176845,68,759
176018,176777,176847,70,759
176018,176782,176847,65,764
176018,176771,176849,78,753
176018,176775,176849,74,757
176018,176773,176849,76,755
176018,176774,176849,75,756
176018,176782,176850,68,764
176018,176772,176851,79,754
176018,176782,176851,69,764
176018,176773,176852,79,755
176018,176784,176852,68,766
176018,176772,176853,81,754
176018,176772,176854,82,754
176018,176783,176854,71,765
176018,176781,176854,73,763
176018,176775,176855,80,757
176018,176779,176856,77,761
176018,176795,176856,61,777
176018,176777,176856,79,759
176018,176780,176857,77,762
176018,176775,176856,81,757
176018,176784,176857,73,766
176018,176794,176857,63,776
176018,176774,176858,84,756
176018,176789,176858,69,771
176018,176787,176860,73,769
176018,176785,176859,74,767
176018,176797,176860,63,779
176018,176791,176860,69,773
176018,176784,176861,77,766
176018,176789,176860,71,771
176018,176788,176861,73,770
176018,176787,176862,75,769
176018,176787,176862,75,769
176018,176801,176862,61,783
176018,176787,176864,77,769
176018,176790,176865,75,772
176018,176786,176865,79,768
176018,176797,176865,68,779
176018,176796,176866,70,778
176018,176795,176866,71,777
176018,176792,176866,74,774
176018,176794,176867,73,776
176018,176782,176867,85,764
176018,176791,176868,77,773
176018,176789,176868,79,771
176018,176792,176870,78,774
176018,176796,176871,75,778
176018,176785,176871,86,767
176018,176795,176871,76,777
176018,176792,176872,80,774
176018,176798,176873,75,780
176018,176794,176872,78,776
176018,176796,176873,77,778
176018,176797,176874,77,779
176018,176801,176875,74,783
176018,176797,176878,81,779
176018,176794,176879,85,776
176018,176804,176879,75,786
176018,176811,176880,69,793
176018,176811,176882,71,793
176018,176828,176890,62,810
176018,176814,176890,76,796
176018,176818,176891,73,800
176018,176813,176892,79,795
176018,176820,176893,73,802
176018,176822,176894,72,804
176018,176832,176901,69,814
176018,176838,176908,70,820
176018,176836,176910,74,818
176018,176839,176912,73,821
176018,176833,176912,79,815
176018,176848,176913,65,830
176018,176844,176914,70,826
176018,176837,176915,78,819
176018,176843,176915,72,825
176018,176843,176916,73,825
176018,176845,176919,74,827
176018,176850,176919,69,832
176036,176861,176919,58,825
176018,176849,176921,72,831
176018,176851,176922,71,833
176018,176851,176922,71,833
176036,176862,176924,62,826
176036,176857,176924,67,821
176036,176857,176924,67,821
176036,176858,176925,67,822
176018,176848,176925,77,830
176036,176860,176925,65,824
176036,176862,176925,63,826
176036,176857,176926,69,821
176036,176859,176925,66,823
176036,176868,176926,58,832
176018,176850,176926,76,832
176018,176852,176928,76,834
176018,176855,176928,73,837
176036,176860,176928,68,824
176018,176855,176929,74,837
176018,176852,176929,77,834
176018,176852,176929,77,834
176036,176860,176929,69,824
176018,176850,176929,79,832
176036,176861,176930,69,825
176036,176864,176930,66,828
176036,176867,176931,64,831
176018,176856,176931,75,838
176018,176856,176931,75,838
176036,176858,176933,75,822
176036,176870,176933,63,834
176018,176853,176934,81,835
176036,176866,176934,68,830
176036,176868,176935,67,832
176036,176865,176934,69,829
176036,176865,176935,70,829
176036,176872,176935,63,836
176036,176866,176936,70,830
176036,176861,176935,74,825
176036,176863,176936,73,827
176018,176856,176937,81,838
176036,176865,176937,72,829
176036,176872,176937,65,836
176036,176861,176937,76,825
176036,176874,176938,64,838
176018,176855,176939,84,837
176036,176868,176939,71,832
176036,176871,176939,68,835
176036,176873,176942,69,837
176036,176872,176942,70,836
176036,176874,176944,70,838
176036,176869,176945,76,833
176036,176876,176946,70,840
176036,176879,176947,68,843
176036,176879,176949,70,843
176036,176882,176951,69,846
176036,176879,176952,73,843
176036,176881,176955,74,845
176036,176873,176958,85,837
176036,176891,176960,69,855
176036,176893,176962,69,857
176036,176892,176962,70,856
176036,176891,176962,71,855
176036,176894,176964,70,858
176036,176893,176966,73,857
176036,176909,176975,66,873
176036,176902,176977,75,866
176036,176913,176977,64,877
176036,176912,176978,66,876
176036,176916,176982,66,880
176036,176910,176983,73,874
176036,176920,176984,64,884
176036,176917,176984,67,881
176036,176913,176986,73,877
176036,176923,176987,64,887
176770,176773,176988,215,3
176036,176920,176990,70,884
176036,176927,176990,63,891
176036,176925,176991,66,889
176036,176915,176991,76,879
176036,176920,176991,71,884
176036,176926,176992,66,890
176036,176927,176992,65,891
176036,176925,176993,68,889
176036,176923,176993,70,887
176036,176922,176993,71,886
176036,176930,176995,65,894
176036,176927,176995,68,891
176036,176925,176996,71,889
176036,176936,176997,61,900
176036,176929,176998,69,893
176036,176926,176998,72,890
176036,176926,176997,71,890
176036,176926,177000,74,890
176036,176935,177000,65,899
176036,176936,177000,64,900
176036,176933,177000,67,897
176036,176932,177001,69,896
176036,176930,177002,72,894
176036,176930,177001,71,894
176036,176930,177003,73,894
176036,176928,177003,75,892
176036,176933,177003,70,897
176036,176930,177004,74,894
176036,176926,177005,79,890
176036,176935,177005,70,899
176036,176935,177005,70,899
176036,176932,177006,74,896
176036,176929,177006,77,893
176036,176926,177007,81,890
176036,176932,177008,76,896
176036,176937,177008,71,901
176036,176929,177009,80,893
176036,176936,177009,73,900
176036,176938,177009,71,902
176036,176935,177009,74,899
176036,176940,177010,70,904
176036,176936,177011,75,900
176036,176928,177011,83,892
176036,176937,177013,76,901
176036,176939,177013,74,903
176036,176937,177013,76,901
176036,176937,177012,75,901
176036,176942,177013,71,906
176036,176940,177015,75,904
176036,176940,177016,76,904
176036,176946,177016,70,910
176036,176946,177017,71,910
176036,176942,177017,75,906
176036,176945,177018,73,909
176036,176948,177023,75,912
176036,176953,177023,70,917
176036,176984,177024,40,948
176036,176984,177025,41,948
176036,176956,177025,69,920
176036,176949,177027,78,913
176036,176984,177029,45,948
176036,176990,177030,40,954
176036,176958,177031,73,922
176036,176951,177031,80,915
176036,176961,177033,72,925
176036,176986,177034,48,950
176036,176963,177035,72,927
176036,176962,177036,74,926
176036,176963,177035,72,927
176036,176977,177036,59,941
176036,176987,177036,49,951
176036,176964,177036,72,928
176036,176991,177039,48,955
176036,176991,177041,50,955
176036,176992,177043,51,956
176036,176967,177044,77,931
176036,176977,177045,68,941
176036,176992,177046,54,956
176036,176979,177046,67,943
176036,176994,177049,55,958
176036,176976,177049,73,940
176036,176992,177051,59,956
176036,176983,177051,68,947
176036,176995,177055,60,959
176036,176995,177057,62,959
176036,176993,177058,65,957
176036,176996,177058,62,960
176036,176993,177058,65,957
176036,176997,177061,64,961
176036,176998,177067,69,962
176036,176998,177068,70,962
176036,176998,177068,70,962
176036,177000,177072,72,964
176036,177004,177073,69,968
176036,177000,177074,74,964
176036,177009,177076,67,973
176036,177000,177076,76,964
176036,177002,177078,76,966
176036,177007,177078,71,971
176036,177001,177077,76,965
176036,177002,177078,76,966
176036,176998,177078,80,962
176036,177006,177079,73,970
176036,177004,177079,75,968
176036,177006,177079,73,970
176036,177007,177081,74,971
176036,177003,177082,79,967
176036,177017,177082,65,981
176036,177014,177082,68,978
176036,177009,177083,74,973
176036,177015,177083,68,979
176036,177008,177084,76,972
176036,177009,177085,76,973
176036,177009,177086,77,973
176036,177012,177086,74,976
176036,177006,177087,81,970
176036,177004,177087,83,968
176036,177002,177087,85,966
176036,177013,177087,74,977
176036,177012,177088,76,976
176036,177013,177091,78,977
176036,177017,177091,74,981
176036,177009,177092,83,973
176036,177024,177092,68,988
176036,177018,177091,73,982
176036,177014,177091,77,978
176036,177018,177092,74,982
176036,177024,177092,68,988
176036,177018,177093,75,982
176036,177026,177093,67,990
176036,177011,177094,83,975
176036,177008,177095,87,972
176036,177014,177098,84,978
176036,177023,177099,76,987
176036,177027,177100,73,991
176036,177025,177099,74,989
176036,177033,177100,67,997
176036,177036,177101,65,1000
176036,177030,177102,72,994
176036,177032,177104,72,996
176036,177043,177104,61,1007
176036,177040,177105,65,1004
176036,177030,177104,74,994
176036,177035,177106,71,999
176036,177044,177108,64,1008
176036,177036,177108,72,1000
176036,177032,177110,78,996
176036,177037,177110,73,1001
176036,177034,177112,78,998
176036,177037,177112,75,1001
176036,177042,177112,70,1006
176036,177036,177115,79,1000
176036,177046,177120,74,1010
176036,177049,177120,71,1013
176036,177046,177120,74,1010
176036,177050,177121,71,1014
176036,177051,177123,72,1015
176036,177051,177124,73,1015
176036,177055,177126,71,1019
176036,177059,177127,68,1023
176036,177072,177130,58,1036
176036,177057,177130,73,1021
176036,177047,177130,83,1011
176036,177058,177134,76,1022
176036,177059,177134,75,1023
176036,177067,177137,70,1031
176036,177061,177141,80,1025
176036,177077,177141,64,1041
176036,177069,177141,72,1033
176036,177069,177143,74,1033
176036,177079,177147,68,1043
176036,177074,177148,74,1038
176036,177083,177149,66,1047
176036,177078,177149,71,1042
176036,177077,177150,73,1041
176036,177082,177153,71,1046
176040,177091,177153,62,1051
176036,177079,177154,75,1043
176036,177084,177155,71,1048
176036,177075,177155,80,1039
176036,177079,177155,76,1043
176036,177078,177156,78,1042
176040,177092,177157,65,1052
176040,177088,177157,69,1048
176036,177081,177157,76,1045
176036,177084,177158,74,1048
176036,177086,177159,73,1050
176036,177079,177159,80,1043
176036,177087,177160,73,1051
176040,177095,177160,65,1055
176036,177078,177148,70,1042
176036,177079,177150,71,1043
176036,177084,177160,76,1048
176036,177085,177160,75,1049
176040,177092,177161,69,1052
176036,177082,177161,79,1046
176040,177094,177161,67,1054
176040,177093,177162,69,1053
176040,177105,177163,58,1065
176040,177093,177163,70,1053
176040,177088,177162,74,1048
176040,177092,177163,71,1052
176040,177095,177163,68,1055
176040,177105,177167,62,1065
176040,177092,177167,75,1052
176040,177101,177167,66,1061
176036,177086,177167,81,1050
176040,177088,177167,79,1048
176040,177108,177168,60,1068
176040,177105,177168,63,1065
176040,177092,177169,77,1052
176040,177091,177169,78,1051
176040,177099,177170,71,1059
176040,177107,177173,66,1067
176040,177104,177173,69,1064
176040,177100,177176,76,1060
176040,177102,177176,74,1062
176040,177108,177177,69,1068
176040,177111,177177,66,1071
176040,177100,177177,77,1060
176040,177101,177178,77,1061
176040,177112,177180,68,1072
176040,177110,177180,70,1070
176040,177113,177181,68,1073
176040,177100,177181,81,1060
176040,177121,177185,64,1081
176040,177113,177186,73,1073
176040,177121,177188,67,1081
176040,177121,177188,67,1081
176040,177121,177192,71,1081
176040,177125,177195,70,1085
176040,177116,177196,80,1076
176040,177131,177197,66,1091
176040,177124,177197,73,1084
176040,177127,177199,72,1087
176040,177127,177202,75,1087
176040,177135,177202,67,1095
176040,177135,177202,67,1095
176040,177130,177204,74,1090
176040,177138,177211,73,1098
176040,177141,177211,70,1101
176040,177141,177212,71,1101
176040,177142,177213,71,1102
176040,177144,177216,72,1104
176040,177149,177217,68,1109
176040,177156,177219,63,1116
176040,177151,177221,70,1111
176040,177147,177221,74,1107
176040,177158,177221,63,1118
176040,177158,177222,64,1118
176040,177149,177222,73,1109
176040,177159,177223,64,1119
176040,177155,177224,69,1115
176040,177160,177224,64,1120
176040,177157,177224,67,1117
176040,177155,177225,70,1115
176040,177161,177225,64,1121
176040,177156,177226,70,1116
176040,177162,177225,63,1122
176040,177150,177226,76,1110
176040,177153,177226,73,1113
176040,177153,177227,74,1113
176040,177163,177227,64,1123
176040,177157,177227,70,1117
176040,177168,177227,59,1128
176040,177160,177228,68,1120
176040,177162,177228,66,1122
176040,177170,177229,59,1130
176040,177161,177229,68,1121
176040,177161,177231,70,1121
176040,177162,177231,69,1122
176040,177164,177233,69,1124
176040,177162,177233,71,1122
176040,177160,177233,73,1120
176040,177161,177233,72,1121
176040,177167,177234,67,1127
176040,177163,177234,71,1123
176040,177162,177234,72,1122
176040,177163,177235,72,1123
176040,177167,177237,70,1127
176040,177161,177236,75,1121
176040,177164,177236,72,1124
176040,177169,177237,68,1129
176040,177167,177238,71,1127
176040,177167,177240,73,1127
176040,177177,177243,66,1137
176040,177169,177245,76,1129
176040,177181,177245,64,1141
176040,177177,177246,69,1137
176040,177173,177246,73,1133
176040,177174,177246,72,1134
176040,177177,177247,70,1137
176040,177170,177247,77,1130
176040,177178,177248,70,1138
176040,177177,177248,71,1137
176040,177179,177248,69,1139
176040,177168,177249,81,1128
176040,177182,177252,70,1142
176040,177181,177254,73,1141
176040,177222,177256,34,1182
176040,177221,177257,36,1181
176040,177181,177257,76,1141
176040,177185,177258,73,1145
176040,177222,177260,38,1182
176040,177187,177260,73,1147
176040,177189,177261,72,1149
176040,177222,177262,40,1182
176040,177189,177263,74,1149
176040,177196,177264,68,1156
176040,177219,177266,47,1179
176040,177193,177267,74,1153
176040,177197,177267,70,1157
176040,177223,177268,45,1183
176040,177226,177268,42,1186
176040,177223,177270,47,1183
176040,177204,177270,66,1164
176040,177218,177271,53,1178
176040,177196,177272,76,1156
176040,177200,177272,72,1160
176040,177225,177272,47,1185
176040,177225,177272,47,1185
176040,177203,177273,70,1163
176040,177198,177273,75,1158
176040,177202,177275,73,1162
176040,177225,177275,50,1185
176040,177225,177277,52,1185
176040,177203,177278,75,1163
176040,177226,177279,53,1186
176040,177226,177279,53,1186
176040,177214,177280,66,1174
176040,177226,177280,54,1186
176040,177217,177280,63,1177
176040,177227,177282,55,1187
176040,177211,177283,72,1171
176040,177213,177286,73,1173
176040,177227,177286,59,1187
176040,177227,177286,59,1187
176040,177211,177288,77,1171
176040,177228,177288,60,1188
176040,177229,177290,61,1189
176040,177228,177290,62,1188
176040,177230,177292,62,1190
176040,177233,177299,66,1193
176040,177237,177302,65,1197
176040,177229,177302,73,1189
176040,177235,177307,72,1195
176040,177233,177308,75,1193
176040,177229,177309,80,1189
176040,177231,177309,78,1191
176040,177235,177311,76,1195
176040,177234,177311,77,1194
176040,177231,177312,81,1191
176040,177234,177312,78,1194
176040,177236,177313,77,1196
176040,177234,177313,79,1194
176040,177245,177313,68,1205
176040,177237,177313,76,1197
176040,177240,177314,74,1200
176040,177237,177314,77,1197
176040,177247,177316,69,1207
176040,177238,177316,78,1198
176040,177245,177317,72,1205
176040,177239,177318,79,1199
176040,177248,177320,72,1208
176040,177246,177321,75,1206
176040,177249,177322,73,1209
176040,177247,177323,76,1207
176040,177249,177323,74,1209
176040,177248,177324,76,1208
176040,177257,177325,68,1217
176040,177244,177326,82,1204
176040,177258,177330,72,1218
176040,177259,177332,73,1219
176040,177263,177332,69,1223
176040,177253,177333,80,1213
176040,177255,177334,79,1215
176040,177248,177335,87,1208
176040,177249,177335,86,1209
176040,177262,177336,74,1222
176040,177268,177336,68,1228
176040,177265,177336,71,1225
176040,177258,177338,80,1218
176040,177260,177338,78,1220
176040,177274,177340,66,1234
176040,177270,177341,71,1230
176040,177262,177341,79,1222
176040,177269,177341,72,1229
176040,177267,177341,74,1227
176040,177274,177341,67,1234
176040,177266,177344,78,1226
176040,177271,177345,74,1231
176040,177272,177345,73,1232
176040,177271,177346,75,1231
176040,177273,177347,74,1233
176040,177275,177347,72,1235
176040,177272,177347,75,1232
176040,177261,177348,87,1221
176040,177269,177348,79,1229
176040,177276,177351,75,1236
176040,177286,177353,67,1246
176040,177286,177354,68,1246
176040,177279,177354,75,1239
176040,177281,177355,74,1241
176040,177272,177355,83,1232
176040,177280,177356,76,1240
176040,177281,177357,76,1241
176040,177278,177356,78,1238
176040,177281,177358,77,1241
176040,177279,177360,81,1239
176040,177289,177359,70,1249
176040,177282,177360,78,1242
176040,177284,177360,76,1244
176040,177288,177361,73,1248
176040,177292,177364,72,1252
176040,177287,177365,78,1247
176040,177290,177366,76,1250
176040,177290,177368,78,1250
176040,177302,177368,66,1262
176040,177312,177372,60,1272
176040,177300,177374,74,1260
176040,177303,177378,75,1263
176040,177309,177380,71,1269
176040,177307,177380,73,1267
176040,177310,177381,71,1270
176040,177314,177382,68,1274
176040,177313,177384,71,1273
176055,177326,177383,57,1271
176040,177309,177384,75,1269
176040,177314,177384,70,1274
176040,177314,177386,72,1274
176040,177313,177387,74,1273
176040,177313,177387,74,1273
176040,177312,177387,75,1272
176040,177317,177388,71,1277
176040,177323,177389,66,1283
176055,177332,177390,58,1277
176040,177317,177390,73,1277
176055,177325,177390,65,1270
176040,177314,177391,77,1274
176040,177320,177391,71,1280
176040,177318,177391,73,1278
176055,177331,177392,61,1276
176055,177337,177393,56,1282
176055,177326,177394,68,1271
176055,177337,177394,57,1282
176055,177334,177396,62,1279
176040,177313,177398,85,1273
176055,177332,177399,67,1277
176055,177334,177397,63,1279
176055,177335,177389,54,1280
176040,177318,177399,81,1278
176055,177335,177400,65,1280
176055,177346,177400,54,1291
177399,177399,177400,1,0
176055,177342,177400,58,1287
176055,177339,177401,62,1284
177399,177399,177401,2,0
176040,177322,177402,80,1282
176055,177341,177401,60,1286
177400,177400,177401,1,0
177401,177401,177402,1,0
176055,177348,177403,55,1293
176055,177342,177403,61,1287
176055,177346,177403,57,1291
176055,177345,177403,58,1290
177402,177402,177403,1,0
176055,177346,177404,58,1291
176055,177338,177404,66,1283
177402,177403,177404,1,1
177403,177403,177405,2,0
177404,177404,177406,2,0
176055,177336,177406,70,1281
177405,177405,177406,1,0
176040,177321,177407,86,1281
177406,177406,177407,1,0
176055,177340,177408,68,1285
177407,177407,177408,1,0
177407,177408,177409,1,1
176055,177341,177409,68,1286
177408,177408,177410,2,0
177409,177409,177410,1,0
177410,177410,177411,1,0
177411,177411,177412,1,0
176055,177341,177412,71,1286
176055,177349,177412,63,1294
177412,177412,177413,1,0
176055,177349,177414,65,1294
177412,177412,177414,2,0
176055,177348,177414,66,1293
177413,177413,177414,1,0
176055,177348,177415,67,1293
177414,177414,177415,1,0
177415,177415,177416,1,0
177416,177416,177417,1,0
177416,177416,177418,2,0
177417,177417,177419,2,0
176055,177352,177419,67,1297
177418,177418,177419,1,0
177419,177419,177420,1,0
176055,177354,177420,66,1299
177420,177420,177421,1,0
176055,177355,177422,67,1300
176055,177356,177422,66,1301
177421,177421,177422,1,0
177421,177421,177423,2,0
177422,177422,177424,2,0
176055,177365,177423,58,1310
176055,177355,177423,68,1300
176055,177365,177425,60,1310
177423,177423,177424,1,0
176055,177359,177425,66,1304
176055,177354,177426,72,1299
176055,177357,177426,69,1302
177424,177424,177425,1,0
176055,177357,177426,69,1302
176055,177361,177426,65,1306
177425,177425,177426,1,0
177425,177426,177427,1,1
177426,177426,177428,2,0
177427,177427,177428,1,0
177428,177428,177429,1,0
176055,177356,177430,74,1301
176055,177361,177430,69,1306
177429,177429,177430,1,0
177430,177430,177431,1,0
177430,177430,177431,1,0
177431,177431,177433,2,0
176055,177360,177433,73,1305
176055,177367,177433,66,1312
177432,177432,177433,1,0
176055,177360,177433,73,1305
177433,177433,177434,1,0
176055,177368,177435,67,1313
176055,177372,177435,63,1317
177434,177434,177435,1,0
176055,177368,177435,67,1313
177434,177434,177436,2,0
177435,177435,177436,1,0
177436,177436,177437,1,0
177437,177437,177438,1,0
177438,177438,177439,1,0
177439,177439,177440,1,0
176055,177374,177440,66,1319
177439,177439,177441,2,0
176055,177381,177441,60,1326
177440,177440,177441,1,0
177441,177441,177442,1,0
177442,177442,177443,1,0
177443,177443,177444,1,0
177444,177444,177445,1,0
176055,177379,177445,66,1324
177444,177444,177446,2,0
177445,177445,177446,1,0
177446,177446,177447,1,0
177447,177447,177448,1,0
176055,177383,177448,65,1328
177448,177448,177449,1,0
177448,177448,177450,2,0
176055,177386,177450,64,1331
176055,177384,177451,67,1329
177449,177449,177450,1,0
176055,177381,177451,70,1326
177450,177450,177451,1,0
176055,177385,177452,67,1330
177451,177451,177452,1,0
177452,177452,177453,1,0
177453,177453,177454,1,0
176055,177389,177455,66,1334
176055,177391,177455,64,1336
177453,177453,177455,2,0
176055,177384,177455,71,1329
176055,177381,177456,75,1326
177454,177454,177455,1,0
176055,177391,177456,65,1336
177455,177455,177456,1,0
177456,177456,177457,1,0
176055,177388,177458,70,1333
176055,177389,177458,69,1334
176055,177385,177458,73,1330
177457,177457,177458,1,0
176055,177392,177459,67,1337
176055,177400,177459,59,1345
177458,177458,177459,1,0
177458,177458,177460,2,0
176055,177390,177460,70,1335
177459,177459,177460,1,0
176055,177393,177461,68,1338
177460,177460,177461,1,0
176055,177388,177462,74,1333
176055,177395,177462,67,1340
177461,177461,177462,1,0
177462,177462,177463,1,0
176055,177390,177464,74,1335
177462,177463,177464,1,1
176055,177395,177465,70,1340
177463,177463,177465,2,0
176055,177391,177465,74,1336
176055,177398,177465,67,1343
176055,177399,177465,66,1344
177464,177464,177465,1,0
177465,177465,177466,1,0
176055,177389,177466,77,1334
177466,177466,177467,1,0
176055,177401,177468,67,1346
177467,177467,177468,1,0
176055,177394,177468,74,1339
176055,177399,177468,69,1344
177467,177467,177469,2,0
176055,177399,177469,70,1344
176055,177401,177469,68,1346
177468,177468,177470,2,0
176055,177403,177471,68,1348
176055,177400,177470,70,1345
177469,177469,177470,1,0
176055,177402,177471,69,1347
176055,177403,177471,68,1348
176055,177399,177471,72,1344
177470,177470,177471,1,0
177471,177471,177472,1,0
177471,177472,177473,1,1
177472,177472,177474,2,0
176055,177396,177474,78,1341
176055,177401,177474,73,1346
177473,177473,177475,2,0
176055,177403,177475,72,1348
177474,177474,177475,1,0
177475,177475,177476,1,0
176055,177404,177477,73,1349
176055,177403,177477,74,1348
176055,177410,177478,68,1355
176055,177413,177479,66,1358
176055,177406,177480,74,1351
176055,177409,177479,70,1354
176055,177413,177480,67,1358
176055,177415,177481,66,1360
176055,177402,177481,79,1347
176055,177408,177482,74,1353
176055,177404,177482,78,1349
176055,177420,177484,64,1365
176055,177414,177486,72,1359
176055,177426,177491,65,1371
176055,177415,177492,77,1360
176055,177425,177492,67,1370
176055,177421,177493,72,1366
176055,177426,177493,67,1371
176055,177424,177494,70,1369
176055,177426,177494,68,1371
176055,177424,177495,71,1369
176055,177422,177497,75,1367
176055,177430,177498,68,1375
176055,177422,177498,76,1367
176055,177426,177501,75,1371
176055,177433,177502,69,1378
176055,177426,177503,77,1371
176055,177433,177503,70,1378
176055,177430,177503,73,1375
176055,177436,177505,69,1381
176055,177451,177505,54,1396
176055,177456,177507,51,1401
176055,177459,177508,49,1404
176055,177455,177508,53,1400
176055,177453,177509,56,1398
176055,177446,177509,63,1391
176055,177434,177510,76,1379
176055,177459,177509,50,1404
176055,177455,177510,55,1400
176055,177449,177510,61,1394
176055,177451,177510,59,1396
176055,177459,177512,53,1404
176055,177435,177512,77,1380
176055,177441,177514,73,1386
176055,177442,177513,71,1387
176055,177451,177514,63,1396
176055,177436,177514,78,1381
176055,177456,177516,60,1401
176055,177456,177519,63,1401
176055,177462,177524,62,1407
176055,177458,177525,67,1403
176055,177461,177529,68,1406
176055,177460,177531,71,1405
176055,177461,177534,73,1406
176055,177466,177535,69,1411
176055,177467,177535,68,1412
176055,177465,177536,71,1410
176055,177463,177538,75,1408
176055,177470,177538,68,1415
176055,177469,177539,70,1414
176055,177470,177540,70,1415
176055,177466,177539,73,1411
176055,177466,177541,75,1411
176055,177481,177541,60,1426
176055,177469,177541,72,1414
176055,177471,177542,71,1416
176055,177472,177541,69,1417
176055,177472,177543,71,1417
176055,177471,177544,73,1416
176055,177478,177543,65,1423
176055,177465,177543,78,1410
176055,177469,177545,76,1414
176055,177471,177545,74,1416
176055,177475,177546,71,1420
176055,177475,177546,71,1420
176055,177478,177551,73,1423
176055,177476,177552,76,1421
176055,177480,177555,75,1425
176055,177482,177557,75,1427
176055,177483,177557,74,1428
176055,177478,177559,81,1423
176055,177480,177559,79,1425
176055,177487,177559,72,1432
176055,177492,177560,68,1437
176055,177495,177560,65,1440
176055,177494,177560,66,1439
176055,177495,177560,65,1440
176055,177482,177560,78,1427
176055,177480,177562,82,1425
176055,177481,177562,81,1426
176055,177485,177562,77,1430
176055,177501,177562,61,1446
176055,177491,177566,75,1436
176055,177496,177566,70,1441
176055,177492,177569,77,1437
176055,177499,177569,70,1444
176055,177509,177570,61,1454
176055,177494,177571,77,1439
176055,177504,177571,67,1449
176055,177514,177571,57,1459
176055,177499,177572,73,1444
176055,177515,177573,58,1460
176055,177515,177574,59,1460
176055,177516,177574,58,1461
176055,177498,177576,78,1443
176055,177510,177577,67,1455
176055,177514,177577,63,1459
176055,177504,177578,74,1449
176055,177503,177578,75,1448
176055,177511,177578,67,1456
176055,177504,177579,75,1449
176055,177506,177579,73,1451
176055,177508,177580,72,1453
176055,177509,177580,71,1454
176055,177510,177581,71,1455
176055,177511,177581,70,1456
176055,177510,177583,73,1455
176055,177520,177583,63,1465
176055,177513,177583,70,1458
176055,177506,177584,78,1451
176055,177513,177585,72,1458
176055,177511,177587,76,1456
176055,177508,177586,78,1453
176055,177525,177587,62,1470
175833,176166,177589,1423,333
176055,177525,177592,67,1470
176055,177530,177592,62,1475
176055,177538,177595,57,1483
176055,177535,177596,61,1480
176055,177536,177598,62,1481
176055,177532,177598,66,1477
176055,177540,177599,59,1485
176055,177537,177600,63,1482
176055,177535,177601,66,1480
176055,177542,177601,59,1487
176055,177545,177604,59,1490
176055,177541,177607,66,1486
176055,177541,177607,66,1486
176055,177544,177608,64,1489
176055,177538,177607,69,1483
176055,177543,177607,64,1488
176055,177542,177609,67,1487
176055,177541,177610,69,1486
176055,177539,177610,71,1484
176055,177546,177612,66,1491
176055,177553,177612,59,1498
176055,177555,177612,57,1500
176055,177544,177615,71,1489
176055,177540,177616,76,1485
176055,177558,177619,61,1503
176055,177560,177620,60,1505
176055,177547,177621,74,1492
176064,177561,177625,64,1497
176055,177557,177625,68,1502
176055,177551,177625,74,1496
176064,177567,177625,58,1503
176055,177560,177626,66,1505
176064,177563,177627,64,1499
176055,177560,177629,69,1505
176064,177563,177630,67,1499
176055,177560,177630,70,1505
176055,177560,177633,73,1505
176064,177563,177633,70,1499
176055,177544,177610,66,1489
176055,177547,177618,71,1492
176064,177561,177634,73,1497
176064,177563,177636,73,1499
176064,177566,177636,70,1502
176064,177570,177637,67,1506
176064,177569,177637,68,1505
176064,177572,177638,66,1508
176064,177574,177639,65,1510
176064,177572,177641,69,1508
176064,177579,177641,62,1515
176064,177580,177643,63,1516
176064,177575,177642,67,1511
176064,177581,177643,62,1517
176064,177571,177643,72,1507
176064,177578,177644,66,1514
176064,177579,177644,65,1515
176064,177573,177645,72,1509
176064,177575,177646,71,1511
176064,177578,177647,69,1514
176064,177577,177647,70,1513
176064,177579,177647,68,1515
176064,177582,177646,64,1518
176064,177582,177647,65,1518
176064,177587,177648,61,1523
176064,177579,177648,69,1515
176064,177581,177648,67,1517
176064,177569,177649,80,1505
176064,177584,177650,66,1520
176064,177585,177653,68,1521
176064,177588,177653,65,1524
176064,177589,177652,63,1525
176064,177584,177653,69,1520
176064,177586,177655,69,1522
176064,177584,177655,71,1520
176064,177587,177655,68,1523
176064,177593,177661,68,1529
176064,177596,177663,67,1532
176064,177593,177663,70,1529
176064,177597,177664,67,1533
176064,177598,177667,69,1534
176064,177599,177667,68,1535
176064,177609,177669,60,1545
176064,177600,177671,71,1536
176064,177602,177672,70,1538
176064,177601,177673,72,1537
176064,177602,177674,72,1538
176064,177608,177675,67,1544
176064,177608,177676,68,1544
176064,177610,177676,66,1546
176064,177613,177677,64,1549
176064,177613,177678,65,1549
176064,177605,177679,74,1541
176064,177612,177680,68,1548
176064,177608,177681,73,1544
176064,177608,177681,73,1544
176064,177611,177686,75,1547
176064,177617,177686,69,1553
176064,177621,177686,65,1557
176064,177621,177686,65,1557
176064,177615,177687,72,1551
176064,177626,177687,61,1562
177691,177691,177692,1,0
176064,177628,177692,64,1564
177691,177691,177693,2,0
177692,177692,177694,2,0
176064,177626,177694,68,1562
176064,177620,177694,74,1556
177693,177693,177694,1,0
177694,177694,177695,1,0
176064,177626,177695,69,1562
176064,177633,177696,63,1569
177695,177695,177696,1,0
176064,177631,177697,66,1567
176064,177634,177697,63,1570
177696,177696,177697,1,0
176064,177634,177698,64,1570
177696,177696,177698,2,0
176064,177626,177698,72,1562
177697,177697,177699,2,0
177698,177698,177699,1,0
176064,177644,177700,56,1580
177699,177699,177700,1,0
177700,177700,177701,1,0
176064,177631,177701,70,1567
177700,177701,177702,1,1
176064,177635,177703,68,1571
177701,177701,177703,2,0
176064,177630,177703,73,1566
177702,177702,177704,2,0
176064,177634,177704,70,1570
176064,177626,177704,78,1562
177703,177703,177704,1,0
177704,177704,177705,1,0
176064,177637,177706,69,1573
176064,177638,177706,68,1574
177705,177705,177706,1,0
177706,177706,177707,1,0
176064,177646,177708,62,1582
177706,177706,177708,2,0
176064,177647,177709,62,1583
177707,177707,177709,2,0
176064,177639,177709,70,1575
176064,177643,177709,66,1579
177708,177708,177709,1,0
176064,177647,177709,62,1583
176064,177638,177710,72,1574
176064,177638,177710,72,1574
177709,177709,177710,1,0
176064,177643,177711,68,1579
177710,177710,177711,1,0
176064,177633,177712,79,1569
176064,177649,177712,63,1585
177710,177711,177712,1,1
177711,177711,177713,2,0
176064,177643,177713,70,1579
176064,177645,177713,68,1581
177505,177507,177714,207,2
177712,177712,177714,2,0
176064,177646,177714,68,1582
176064,177636,177714,78,1572
176064,177680,177715,35,1616
177713,177713,177714,1,0
176064,177648,177715,67,1584
176064,177647,177715,68,1583
177714,177714,177715,1,0
176064,177642,177716,74,1578
176064,177642,177716,74,1578
177715,177715,177716,1,0
177715,177716,177717,1,1
176064,177677,177718,41,1613
177716,177716,177718,2,0
176064,177647,177718,71,1583
177717,177717,177719,2,0
176064,177649,177720,71,1585
176064,177647,177719,72,1583
177718,177718,177719,1,0
176064,177651,177719,68,1587
176064,177654,177720,66,1590
177719,177719,177720,1,0
176064,177644,177721,77,1580
176064,177678,177721,43,1614
177720,177720,177721,1,0
176064,177650,177721,71,1586
177720,177720,177721,1,0
177721,177721,177723,2,0
176064,177677,177724,47,1613
176064,177655,177723,68,1591
177722,177722,177723,1,0
176064,177653,177724,71,1589
177723,177723,177724,1,0
176064,177654,177724,70,1590
177724,177724,177725,1,0
176064,177653,177725,72,1589
176064,177686,177725,39,1622
177724,177725,177726,1,1
176064,177688,177726,38,1624
177725,177725,177727,2,0
176064,177686,177727,41,1622
176064,177681,177727,46,1617
177726,177726,177728,2,0
176064,177676,177728,52,1612
176064,177681,177728,47,1617
177727,177727,177728,1,0
176064,177681,177728,47,1617
177728,177728,177729,1,0
176064,177687,177730,43,1623
177729,177729,177730,1,0
177729,177730,177731,1,1
176064,177655,177731,76,1591
177730,177730,177732,2,0
176064,177687,177732,45,1623
177731,177731,177732,1,0
176064,177668,177733,65,1604
177732,177732,177733,1,0
176064,177656,177734,78,1592
176064,177672,177733,61,1608
177733,177733,177734,1,0
176064,177663,177734,71,1599
177734,177734,177735,1,0
176064,177686,177735,49,1622
177734,177734,177736,2,0
176064,177668,177736,68,1604
177735,177735,177737,2,0
176064,177693,177737,44,1629
176064,177694,177737,43,1630
177736,177736,177737,1,0
177737,177737,177738,1,0
176064,177662,177738,76,1598
176064,177695,177739,44,1631
177738,177738,177739,1,0
177738,177739,177740,1,1
177739,177739,177741,2,0
176064,177665,177741,76,1601
176064,177675,177741,66,1611
176064,177669,177742,73,1605
177740,177740,177742,2,0
176064,177696,177742,46,1632
177741,177741,177742,1,0
176064,177672,177743,71,1608
177742,177742,177743,1,0
176064,177696,177743,47,1632
177743,177743,177744,1,0
177743,177743,177745,2,0
176064,177664,177746,82,1600
177744,177744,177746,2,0
176064,177674,177746,72,1610
177745,177745,177746,1,0
176064,177697,177747,50,1633
177746,177746,177747,1,0
177747,177747,177748,1,0
177747,177748,177749,1,1
177748,177748,177750,2,0
177749,177749,177750,1,0
177750,177750,177751,1,0
177751,177751,177752,1,0
177752,177752,177753,1,0
177752,177753,177754,1,1
177753,177753,177755,2,0
176064,177697,177755,58,1633
176064,177674,177755,81,1610
177754,177754,177755,1,0
177755,177755,177756,1,0
177756,177756,177757,1,0
177756,177757,177758,1,1
177757,177757,177759,2,0
177758,177758,177760,2,0
177759,177759,177760,1,0
176064,177701,177761,60,1637
177760,177760,177761,1,0
177761,177761,177762,1,0
177761,177761,177763,2,0
177762,177762,177764,2,0
176064,177703,177764,61,1639
177763,177763,177764,1,0
177764,177764,177765,1,0
176064,177702,177766,64,1638
177765,177765,177766,1,0
177765,177766,177767,1,1
176064,177699,177767,68,1635
176064,177709,177767,58,1645
177766,177766,177768,2,0
177767,177767,177769,2,0
176064,177704,177769,65,1640
176064,177710,177770,60,1646
176064,177708,177771,63,1644
176064,177698,177771,73,1634
176064,177710,177773,63,1646
176064,177706,177773,67,1642
176064,177706,177774,68,1642
176064,177710,177775,65,1646
176064,177705,177778,73,1641
176064,177709,177777,68,1645
176064,177718,177778,60,1654
176064,177716,177783,67,1652
176064,177715,177782,67,1651
176064,177705,177783,78,1641
176064,177711,177783,72,1647
176064,177712,177786,74,1648
176064,177712,177786,74,1648
176064,177714,177787,73,1650
176064,177714,177787,73,1650
176064,177720,177786,66,1656
176064,177710,177788,78,1646
176064,177715,177788,73,1651
176064,177721,177791,70,1657
176064,177716,177791,75,1652
176064,177717,177791,74,1653
176064,177715,177792,77,1651
176064,177717,177793,76,1653
176064,177720,177794,74,1656
176064,177726,177794,68,1662
176064,177722,177795,73,1658
176064,177720,177796,76,1656
176064,177729,177797,68,1665
176064,177724,177797,73,1660
176064,177719,177798,79,1655
176064,177728,177800,72,1664
175858,176399,177800,1401,541
176064,177735,177801,66,1671
176064,177728,177801,73,1664
176064,177721,177801,80,1657
176064,177725,177802,77,1661
176064,177724,177803,79,1660
176064,177726,177803,77,1662
176064,177727,177803,76,1663
176064,177733,177803,70,1669
176064,177729,177803,74,1665
176064,177725,177804,79,1661
176064,177722,177805,83,1658
176064,177733,177805,72,1669
176064,177739,177806,67,1675
176064,177729,177806,77,1665
176064,177730,177806,76,1666
176064,177738,177807,69,1674
176064,177734,177807,73,1670
176064,177737,177808,71,1673
176064,177736,177809,73,1672
176064,177732,177809,77,1668
176064,177734,177809,75,1670
176064,177742,177813,71,1678
176064,177742,177814,72,1678
176064,177743,177814,71,1679
176064,177748,177816,68,1684
176064,177744,177816,72,1680
176064,177746,177816,70,1682
176064,177738,177817,79,1674
176064,177747,177817,70,1683
176064,177756,177819,63,1692
176064,177743,177823,80,1679
176064,177739,177824,85,1675
176064,177756,177825,69,1692
176064,177742,177829,87,1678
176064,177761,177831,70,1697
176064,177768,177835,67,1704
176064,177769,177837,68,1705
176064,177767,177840,73,1703
176064,177773,177843,70,1709
176064,177770,177843,73,1706
176064,177774,177844,70,1710
176064,177765,177844,79,1701
176064,177768,177845,77,1704
176064,177775,177845,70,1711
176064,177775,177848,73,1711
176064,177778,177847,69,1714
176064,177779,177847,68,1715
176064,177783,177849,66,1719
176064,177771,177850,79,1707
176064,177772,177850,78,1708
176064,177783,177850,67,1719
176064,177787,177850,63,1723
176064,177786,177853,67,1722
176064,177778,177854,76,1714
176064,177784,177855,71,1720
176064,177787,177855,68,1723
176064,177791,177856,65,1727
176064,177784,177857,73,1720
176067,177797,177859,62,1730
176064,177791,177859,68,1727
176067,177804,177860,56,1737
176067,177800,177861,61,1733
176067,177801,177862,61,1734
176064,177788,177863,75,1724
176067,177794,177863,69,1727
176067,177794,177864,70,1727
176064,177788,177862,74,1724
176067,177799,177864,65,1732
176067,177804,177864,60,1737
176064,177787,177865,78,1723
176064,177791,177866,75,1727
176067,177793,177867,74,1726
176064,177787,177866,79,1723
176067,177796,177867,71,1729
176067,177802,177868,66,1735
176067,177803,177869,66,1736
176067,177807,177869,62,1740
176067,177798,177869,71,1731
176067,177798,177870,72,1731
176067,177805,177871,66,1738
176067,177804,177870,66,1737
176067,177807,177871,64,1740
176067,177804,177871,67,1737
176067,177808,177871,63,1741
176067,177805,177873,68,1738
176067,177804,177873,69,1737
176067,177807,177874,67,1740
176067,177801,177874,73,1734
176067,177807,177875,68,1740
176067,177801,177875,74,1734
176067,177804,177877,73,1737
176067,177808,177877,69,1741
176067,177809,177877,68,1742
176067,177810,177879,69,1743
176067,177813,177880,67,1746
176067,177810,177882,72,1743
176067,177814,177883,69,1747
176067,177817,177883,66,1750
176067,177817,177885,68,1750
176067,177818,177885,67,1751
176067,177817,177886,69,1750
176067,177817,177886,69,1750
176067,177814,177887,73,1747
176067,177820,177888,68,1753
176067,177825,177889,64,1758
176067,177824,177891,67,1757
176067,177830,177892,62,1763
176067,177825,177894,69,1758
176067,177837,177897,60,1770
176067,177832,177900,68,1765
176067,177835,177901,66,1768
176067,177840,177903,63,1773
176067,177844,177904,60,1777
176067,177844,177907,63,1777
176067,177843,177908,65,1776
176067,177847,177909,62,1780
176067,177848,177909,61,1781
176067,177848,177909,61,1781
176067,177846,177914,68,1779
176067,177850,177915,65,1783
176067,177848,177915,67,1781
176067,177845,177915,70,1778
176067,177851,177916,65,1784
176067,177855,177918,63,1788
176067,177850,177919,69,1783
176067,177851,177920,69,1784
176067,177856,177921,65,1789
176067,177857,177924,67,1790
176067,177860,177925,65,1793
176067,177854,177926,72,1787
176067,177858,177925,67,1791
176067,177851,177927,76,1784
176067,177860,177929,69,1793
176067,177861,177929,68,1794
176067,177862,177931,69,1795
176067,177865,177932,67,1798
176067,177865,177932,67,1798
176067,177867,177933,66,1800
176067,177866,177934,68,1799
176067,177865,177935,70,1798
176067,177864,177935,71,1797
176067,177865,177935,70,1798
176067,177869,177937,68,1802
176067,177871,177938,67,1804
176067,177871,177938,67,1804
176067,177866,177938,72,1799
176067,177864,177939,75,1797
176067,177868,177939,71,1801
176067,177862,177940,78,1795
176067,177874,177941,67,1807
176067,177871,177941,70,1804
176067,177864,177941,77,1797
176067,177869,177942,73,1802
176067,177870,177943,73,1803
176067,177867,177944,77,1800
176067,177871,177944,73,1804
176067,177867,177944,77,1800
176067,177873,177944,71,1806
176067,177874,177945,71,1807
176067,177876,177946,70,1809
176067,177878,177947,69,1811
176067,177878,177948,70,1811
176067,177872,177948,76,1805
176067,177871,177949,78,1804
176067,177874,177950,76,1807
176067,177878,177953,75,1811
176067,177880,177952,72,1813
176067,177884,177953,69,1817
176067,177875,177954,79,1808
176067,177884,177954,70,1817
176067,177880,177955,75,1813
177954,177954,177956,2,0
176067,177885,177956,71,1818
177955,177955,177956,1,0
177956,177956,177957,1,0
176067,177885,177957,72,1818
176067,177893,177958,65,1826
176067,177890,177958,68,1823
177956,177956,177958,2,0
176067,177883,177959,76,1816
177957,177957,177958,1,0
176067,177887,177959,72,1820
176067,177888,177959,71,1821
177958,177958,177959,1,0
177959,177959,177960,1,0
176067,177887,177961,74,1820
176067,177887,177961,74,1820
177960,177960,177961,1,0
177961,177961,177962,1,0
176067,177910,177962,52,1843
177961,177961,177963,2,0
176067,177895,177963,68,1828
177962,177962,177963,1,0
176067,177892,177964,72,1825
177963,177963,177964,1,0
177964,177964,177965,1,0
176067,177914,177965,51,1847
177965,177965,177966,1,0
177965,177966,177967,1,1
177966,177966,177968,2,0
176067,177897,177968,71,1830
177967,177967,177968,1,0
176067,177915,177970,55,1848
177968,177968,177969,1,0
176067,177916,177969,53,1849
176067,177919,177969,50,1852
177969,177969,177970,1,0
177970,177970,177971,1,0
176067,177900,177972,72,1833
177970,177970,177972,2,0
176067,177920,177973,53,1853
176067,177926,177972,46,1859
177971,177971,177973,2,0
176067,177909,177973,64,1842
176067,177917,177973,56,1850
177972,177972,177973,1,0
176067,177904,177973,69,1837
176067,177909,177974,65,1842
177973,177973,177974,1,0
177974,177974,177975,1,0
177974,177974,177976,2,0
176067,177921,177976,55,1854
177975,177975,177976,1,0
176067,177922,177977,55,1855
177976,177976,177977,1,0
176067,177901,177978,77,1834
177977,177977,177978,1,0
177978,177978,177979,1,0
176067,177904,177979,75,1837
177979,177979,177980,1,0
177979,177979,177981,2,0
177980,177980,177981,1,0
177981,177981,177982,1,0
176067,177925,177983,58,1858
177982,177982,177983,1,0
176067,177916,177984,68,1849
177983,177983,177984,1,0
177984,177984,177985,1,0
176067,177908,177985,77,1841
177984,177984,177986,2,0
177985,177985,177987,2,0
177986,177986,177987,1,0
177987,177987,177988,1,0
176067,177907,177988,81,1840
177988,177988,177989,1,0
177988,177989,177990,1,1
176067,177927,177990,63,1860
177989,177989,177990,1,0
177990,177990,177992,2,0
177991,177991,177992,1,0
177992,177992,177993,1,0
176067,177929,177994,65,1862
176067,177929,177994,65,1862
177993,177993,177994,1,0
177993,177993,177995,2,0
176067,177924,177995,71,1857
177994,177994,177995,1,0
176067,177931,177997,66,1864
177995,177995,177997,2,0
177996,177996,177997,1,0
176067,177926,177998,72,1859
177997,177997,177998,1,0
177998,177998,177999,1,0
177998,177998,178000,2,0
177999,177999,178000,1,0
178000,178000,178001,1,0
178001,178001,178002,1,0
178002,178002,178003,1,0
176067,177939,178004,65,1872
178002,178003,178004,1,1
176067,177933,178004,71,1866
176067,177939,178005,66,1872
178003,178003,178004,1,0
176067,177934,178005,71,1867
178004,178004,178005,1,0
176067,177935,178005,70,1868
178005,178005,178006,1,0
178006,178006,178007,1,0
176067,177940,178008,68,1873
176067,177938,178008,70,1871
178007,178007,178008,1,0
178007,178008,178009,1,1
176067,177934,178009,75,1867
178008,178008,178010,2,0
178009,178009,178010,1,0
178010,178010,178011,1,0
178011,178011,178012,1,0
176067,177940,178012,72,1873
178012,178012,178013,1,0
176067,177939,178014,75,1872
178012,178012,178014,2,0
176067,177942,178015,73,1875
176067,177946,178014,68,1879
178013,178013,178014,1,0
176067,177943,178015,72,1876
176067,177942,178015,73,1875
178014,178014,178015,1,0
176067,177936,178016,80,1869
176067,177944,178016,72,1877
178015,178015,178016,1,0
178016,178016,178017,1,0
176067,177944,178018,74,1877
176067,177936,178018,82,1869
176067,177941,178018,77,1874
178016,178017,178018,1,1
176067,177941,178018,77,1874
178017,178017,178019,2,0
176067,177933,178019,86,1866
178018,178018,178019,1,0
176067,177951,178020,69,1884
176067,177947,178020,73,1880
178019,178019,178020,1,0
176067,177944,178021,77,1877
178020,178020,178021,1,0
176067,177956,178021,65,1889
176067,177944,178022,78,1877
176067,177945,178022,77,1878
176067,177954,178022,68,1887
178021,178021,178022,1,0
176067,177949,178022,73,1882
176067,177949,178023,74,1882
178021,178021,178023,2,0
176067,177953,178023,70,1886
178022,178022,178024,2,0
178023,178023,178024,1,0
178024,178024,178025,1,0
176067,177953,178026,73,1886
178025,178025,178026,1,0
176067,177962,178027,65,1895
176067,177960,178027,67,1893
178025,178025,178026,1,0
178026,178026,178027,1,0
178027,178027,178028,1,0
178028,178028,178029,1,0
176067,177957,178030,73,1890
176067,177959,178030,71,1892
178029,178029,178030,1,0
178030,178030,178031,1,0
175868,176630,178031,1401,762
176067,177962,178032,70,1895
176067,177960,178031,71,1893
176067,177949,178032,83,1882
178030,178030,178031,1,0
176067,177958,178032,74,1891
176067,177966,178032,66,1899
176067,177947,178033,86,1880
176067,177963,178033,70,1896
176067,177955,178033,78,1888
176067,177964,178034,70,1897
176067,177975,178036,61,1908
176067,177954,178037,83,1887
176067,177964,178038,74,1897
176067,177958,178039,81,1891
176067,177958,178040,82,1891
176067,177972,178042,70,1905
176067,177970,178042,72,1903
176067,177974,178043,69,1907
176067,177974,178044,70,1907
176067,177977,178044,67,1910
176067,177969,178044,75,1902
176067,177970,178046,76,1903
176067,177973,178047,74,1906
176067,177979,178047,68,1912
176067,177973,178049,76,1906
176067,177980,178049,69,1913
176067,177986,178050,64,1919
176067,177974,178049,75,1907
176067,177978,178050,72,1911
176067,177970,178050,80,1903
176067,177991,178053,62,1924
176067,177989,178053,64,1922
176067,177995,178054,59,1928
176067,177984,178057,73,1917
176067,177984,178061,77,1917
176067,177995,178065,70,1928
176067,177996,178065,69,1929
176067,178004,178066,62,1937
176067,177998,178067,69,1931
176067,177997,178068,71,1930
176067,178005,178068,63,1938
176067,178008,178072,64,1941
176067,178005,178073,68,1938
176067,178009,178075,66,1942
176067,178007,178076,69,1940
176067,178018,178080,62,1951
176067,178006,178081,75,1939
176067,178017,178081,64,1950
176067,178019,178082,63,1952
176075,178027,178082,55,1952
176067,178018,178083,65,1951
176067,178016,178083,67,1949
176075,178032,178084,52,1957
176067,178016,178084,68,1949
176075,178032,178084,52,1957
176075,178039,178085,46,1964
176075,178035,178085,50,1960
176067,178024,178086,62,1957
176075,178027,178086,59,1952
176067,178010,178086,76,1943
176067,178022,178086,64,1955
176067,178015,178086,71,1948
176067,178014,178087,73,1947
176067,178015,178087,72,1948
176067,178022,178087,65,1955
176067,178013,178087,74,1946
176067,178020,178087,67,1953
176075,178032,178088,56,1957
176075,178033,178089,56,1958
176075,178044,178090,46,1969
176067,178018,178089,71,1951
176067,178023,178090,67,1956
176067,178020,178089,69,1953
176075,178034,178091,57,1959
176067,178023,178091,68,1956
176075,178033,178091,58,1958
176075,178036,178091,55,1961
176075,178030,178092,62,1955
176067,178016,178092,76,1949
176067,178021,178093,72,1954
176075,178045,178094,49,1970
176075,178033,178095,62,1958
176075,178044,178094,50,1969
176067,178022,178095,73,1955
176075,178032,178096,64,1957
176075,178033,178097,64,1958
176067,178021,178097,76,1954
176067,178023,178098,75,1956
176075,178030,178098,68,1955
176075,178043,178099,56,1968
176075,178040,178099,59,1965
176075,178039,178101,62,1964
176075,178049,178105,56,1974
176075,178043,178105,62,1968
176075,178038,178105,67,1963
176075,178045,178106,61,1970
176075,178049,178106,57,1974
176075,178047,178107,60,1972
176075,178050,178106,56,1975
176075,178050,178107,57,1975
176075,178047,178108,61,1972
176075,178047,178109,62,1972
176075,178051,178114,63,1976
176075,178051,178115,64,1976
176075,178053,178117,64,1978
178117,178117,178118,1,0
178117,178117,178119,2,0
178118,178118,178119,1,0
178119,178119,178120,1,0
178120,178120,178121,1,0
178121,178121,178122,1,0
178122,178122,178123,1,0
178121,178122,178123,1,1
176075,178055,178123,68,1980
176075,178054,178123,69,1979
176075,178058,178125,67,1983
178123,178123,178124,1,0
178124,178124,178125,1,0
178125,178125,178126,1,0
178125,178125,178127,2,0
178126,178126,178128,2,0
178127,178127,178128,1,0
178128,178128,178129,1,0
178129,178129,178130,1,0
176075,178068,178130,62,1993
178129,178130,178131,1,1
178130,178130,178131,1,0
178131,178131,178132,1,0
176075,178061,178133,72,1986
176075,178075,178133,58,2000
178132,178132,178133,1,0
176075,178067,178134,67,1992
178133,178133,178134,1,0
178134,178134,178135,1,0
178134,178134,178135,1,0
176075,178066,178137,71,1991
178135,178135,178136,1,0
176075,178065,178138,73,1990
176075,178074,178137,63,1999
178136,178136,178137,1,0
176075,178078,178137,59,2003
176075,178082,178137,55,2007
178137,178137,178138,1,0
176075,178081,178138,57,2006
176075,178067,178138,71,1992
176075,178073,178139,66,1998
178138,178138,178139,1,0
176075,178069,178139,70,1994
178138,178139,178140,1,1
178139,178139,178140,1,0
178140,178140,178141,1,0
178141,178141,178142,1,0
178142,178142,178143,1,0
178142,178142,178144,2,0
178143,178143,178145,2,0
178144,178144,178145,1,0
178145,178145,178146,1,0
178146,178146,178147,1,0
176075,178082,178148,66,2007
178147,178147,178148,1,0
178147,178147,178148,1,0
178148,178148,178150,2,0
176075,178083,178150,67,2008
178149,178149,178150,1,0
176075,178083,178150,67,2008
178150,178150,178151,1,0
176075,178085,178151,66,2010
178151,178151,178152,1,0
178151,178152,178153,1,1
176075,178088,178154,66,2013
176075,178083,178154,71,2008
178152,178152,178153,1,0
176075,178083,178154,71,2008
176075,178089,178154,65,2014
178153,178153,178154,1,0
176075,178084,178156,72,2009
176075,178086,178155,69,2011
178154,178154,178155,1,0
178155,178155,178156,1,0
176075,178088,178156,68,2013
176075,178090,178156,66,2015
178156,178156,178157,1,0
178156,178156,178158,2,0
176075,178086,178158,72,2011
178157,178157,178158,1,0
176075,178090,178159,69,2015
176075,178091,178159,68,2016
178158,178158,178159,1,0
176075,178087,178160,73,2012
176075,178086,178160,74,2011
176075,178087,178160,73,2012
176075,178087,178160,73,2012
178159,178159,178160,1,0
176075,178084,178161,77,2009
176075,178088,178161,73,2013
176075,178090,178161,71,2015
178160,178160,178161,1,0
176075,178097,178162,65,2022
176075,178092,178162,70,2017
176075,178090,178162,72,2015
176075,178087,178162,75,2012
176075,178088,178162,74,2013
176075,178087,178162,75,2012
178161,178161,178162,1,0
176075,178087,178164,77,2012
176075,178093,178163,70,2018
178161,178162,178163,1,1
178162,178162,178163,1,0
176075,178091,178164,73,2016
178163,178163,178165,2,0
178164,178164,178165,1,0
176075,178094,178165,71,2019
176075,178096,178166,70,2021
176075,178095,178167,72,2020
176075,178094,178166,72,2019
178165,178165,178166,1,0
176075,178097,178167,70,2022
178166,178166,178167,1,0
176075,178093,178168,75,2018
176075,178099,178168,69,2024
176075,178095,178168,73,2020
178166,178167,178168,1,1
176075,178102,178168,66,2027
176075,178092,178168,76,2017
178167,178167,178168,1,0
176075,178099,178170,71,2024
178168,178168,178170,2,0
178169,178169,178170,1,0
176075,178099,178172,73,2024
178170,178170,178171,1,0
176075,178098,178172,74,2023
176075,178105,178172,67,2030
178171,178171,178172,1,0
176075,178099,178173,74,2024
176075,178106,178173,67,2031
178171,178172,178173,1,1
178172,178172,178173,1,0
178173,178173,178175,2,0
178174,178174,178175,1,0
176075,178106,178177,71,2031
178175,178175,178176,1,0
178176,178176,178177,1,0
178176,178177,178178,1,1
176075,178107,178178,71,2032
178177,178177,178179,2,0
178178,178178,178180,2,0
178179,178179,178180,1,0
178180,178180,178181,1,0
176075,178110,178181,71,2035
178181,178181,178182,1,0
176075,178116,178182,66,2041
176075,178105,178182,77,2030
176075,178108,178182,74,2033
178181,178181,178183,2,0
176075,178107,178183,76,2032
176075,178107,178184,77,2032
178182,178182,178184,2,0
176075,178106,178184,78,2031
178183,178183,178184,1,0
176075,178114,178185,71,2039
178184,178184,178185,1,0
178185,178185,178186,1,0
178185,178185,178187,2,0
178186,178186,178188,2,0
178187,178187,178189,2,0
178188,178188,178189,1,0
176075,178124,178190,66,2049
178189,178189,178190,1,0
178189,178190,178191,1,1
176075,178117,178192,75,2042
178190,178190,178192,2,0
178191,178191,178192,1,0
178192,178192,178193,1,0
178193,178193,178194,1,0
176075,178124,178197,73,2049
176075,178131,178197,66,2056
176075,178154,178199,45,2079
176075,178155,178200,45,2080
176075,178155,178202,47,2080
176075,178134,178204,70,2059
176075,178156,178204,48,2081
176075,178152,178204,52,2077
176075,178138,178204,66,2063
176075,178125,178205,80,2050
176075,178135,178207,72,2060
176075,178139,178207,68,2064
176075,178138,178207,69,2063
176075,178138,178207,69,2063
176075,178140,178208,68,2065
176075,178134,178208,74,2059
176075,178157,178208,51,2082
176075,178154,178208,54,2079
176075,178151,178209,58,2076
176075,178138,178210,72,2063
176075,178139,178210,71,2064
176075,178160,178214,54,2085
176075,178151,178214,63,2076
176075,178157,178215,58,2082
176075,178140,178215,75,2065
176075,178148,178216,68,2073
176075,178137,178216,79,2062
176075,178156,178218,62,2081
176075,178160,178218,58,2085
176075,178162,178222,60,2087
176075,178160,178223,63,2085
176075,178162,178223,61,2087
176075,178160,178224,64,2085
176075,178166,178226,60,2091
176075,178161,178226,65,2086
176075,178166,178227,61,2091
176075,178161,178228,67,2086
176075,178168,178229,61,2093
176075,178164,178230,66,2089
176075,178169,178231,62,2094
176075,178163,178232,69,2088
176075,178163,178232,69,2088
176075,178167,178232,65,2092
176075,178164,178232,68,2089
176075,178159,178233,74,2084
176075,178167,178234,67,2092
176075,178168,178234,66,2093
176075,178169,178235,66,2094
176075,178160,178234,74,2085
176075,178163,178235,72,2088
176075,178168,178235,67,2093
176075,178173,178236,63,2098
176075,178163,178237,74,2088
176075,178165,178237,72,2090
176075,178162,178237,75,2087
176075,178163,178238,75,2088
176075,178173,178239,66,2098
176075,178170,178239,69,2095
176075,178172,178240,68,2097
176075,178172,178240,68,2097
176075,178179,178240,61,2104
176075,178186,178241,55,2111
176075,178177,178241,64,2102
176075,178174,178242,68,2099
176075,178167,178243,76,2092
176075,178184,178252,68,2109
176075,178183,178253,70,2108
176075,178183,178253,70,2108
176075,178190,178254,64,2115
176075,178184,178256,72,2109
176075,178182,178256,74,2107
176075,178183,178256,73,2108
176075,178197,178259,62,2122
176075,178193,178259,66,2118
176075,178197,178262,65,2122
176075,178185,178262,77,2110
176075,178206,178264,58,2131
176075,178200,178265,65,2125
176075,178209,178266,57,2134
176075,178209,178267,58,2134
176075,178216,178267,51,2141
176075,178211,178269,58,2136
176075,178216,178269,53,2141
176075,178203,178269,66,2128
176075,178204,178269,65,2129
176075,178208,178270,62,2133
176075,178205,178272,67,2130
176075,178200,178273,73,2125
176075,178205,178273,68,2130
176075,178219,178272,53,2144
176075,178214,178273,59,2139
176075,178208,178274,66,2133
176075,178211,178275,64,2136
176075,178208,178275,67,2133
176075,178223,178276,53,2148
176075,178208,178276,68,2133
176075,178208,178277,69,2133
176075,178204,178278,74,2129
176075,178228,178278,50,2153
176075,178215,178278,63,2140
176075,178210,178278,68,2135
176075,178218,178279,61,2143
176075,178226,178280,54,2151
176075,178223,178281,58,2148
176075,178217,178280,63,2142
176075,178226,178281,55,2151
176075,178225,178282,57,2150
176075,178207,178283,76,2132
176075,178215,178283,68,2140
176075,178228,178285,57,2153
176075,178231,178287,56,2156
176075,178232,178290,58,2157
176075,178224,178291,67,2149
176075,178232,178290,58,2157
176075,178235,178291,56,2160
176075,178239,178291,52,2164
176075,178233,178292,59,2158
176075,178230,178291,61,2155
176075,178236,178293,57,2161
176075,178232,178295,63,2157
176075,178239,178295,56,2164
176075,178238,178295,57,2163
176075,178235,178297,62,2160
176075,178234,178298,64,2159
176075,178241,178299,58,2166
176075,178242,178299,57,2167
176075,178241,178300,59,2166
176075,178237,178299,62,2162
176075,178237,178300,63,2162
176075,178235,178301,66,2160
176075,178234,178302,68,2159
176075,178237,178302,65,2162
176075,178244,178303,59,2169
176075,178239,178304,65,2164
176075,178234,178305,71,2159
176075,178233,178306,73,2158
176075,178240,178306,66,2165
176075,178240,178308,68,2165
176075,178253,178310,57,2178
176075,178241,178312,71,2166
176105,178255,178320,65,2150
176105,178256,178322,66,2151
176105,178260,178322,62,2155
176105,178266,178324,58,2161
176105,178257,178326,69,2152
176018,176856,178328,1472,838
176105,178262,178327,65,2157
176105,178268,178330,62,2163
176105,178263,178330,67,2158
176105,178268,178330,62,2163
176105,178265,178330,65,2160
176105,178257,178330,73,2152
176105,178254,178331,77,2149
176105,178259,178332,73,2154
176105,178273,178333,60,2168
176105,178270,178334,64,2165
176105,178273,178334,61,2168
176105,178264,178337,73,2159
176105,178275,178337,62,2170
176105,178277,178337,60,2172
176105,178270,178337,67,2165
176105,178271,178339,68,2166
176105,178275,178339,64,2170
176105,178270,178339,69,2165
176105,178272,178340,68,2167
176105,178273,178340,67,2168
176105,178277,178341,64,2172
176105,178273,178342,69,2168
176105,178276,178342,66,2171
176105,178281,178343,62,2176
176105,178278,178344,66,2173
176105,178281,178345,64,2176
176105,178270,178346,76,2165
176105,178277,178347,70,2172
176105,178279,178347,68,2174
176105,178279,178347,68,2174
176105,178281,178347,66,2176
176105,178279,178348,69,2174
176105,178283,178353,70,2178
176105,178285,178354,69,2180
176105,178282,178355,73,2177
176105,178280,178357,77,2175
176105,178288,178358,70,2183
176105,178292,178359,67,2187
176105,178284,178359,75,2179
176105,178291,178361,70,2186
176105,178283,178362,79,2178
176105,178292,178363,71,2187
176105,178295,178363,68,2190
176105,178292,178364,72,2187
176105,178291,178364,73,2186
176105,178291,178364,73,2186
176105,178294,178365,71,2189
176105,178299,178366,67,2194
176105,178302,178367,65,2197
176105,178296,178367,71,2191
176105,178299,178368,69,2194
176105,178307,178369,62,2202
176105,178298,178369,71,2193
176105,178301,178370,69,2196
176105,178299,178370,71,2194
176105,178292,178370,78,2187
176105,178296,178371,75,2191
176105,178305,178371,66,2200
176105,178306,178372,66,2201
176105,178300,178372,72,2195
176105,178303,178374,71,2198
176105,178302,178374,72,2197
176105,178310,178374,64,2205
176105,178300,178375,75,2195
176105,178304,178378,74,2199
176105,178313,178378,65,2208
176105,178307,178381,74,2202
176105,178309,178385,76,2204
176105,178321,178388,67,2216
176105,178322,178388,66,2217
176105,178322,178391,69,2217
176105,178324,178391,67,2219
176105,178328,178394,66,2223
176105,178330,178395,65,2225
176105,178327,178396,69,2222
176105,178331,178398,67,2226
176105,178330,178400,70,2225
176105,178334,178399,65,2229
176105,178333,178401,68,2228
176105,178332,178403,71,2227
176105,178340,178403,63,2235
176105,178331,178403,72,2226
176105,178337,178404,67,2232
176105,178335,178406,71,2230
176105,178328,178406,78,2223
176105,178330,178407,77,2225
176105,178338,178408,70,2233
176105,178333,178409,76,2228
176105,178341,178409,68,2236
176105,178338,178410,72,2233
176105,178370,178410,40,2265
176105,178369,178410,41,2264
176105,178371,178410,39,2266
176105,178340,178410,70,2235
176105,178367,178412,45,2262
176105,178369,178412,43,2264
176105,178341,178412,71,2236
176105,178371,178411,40,2266
176105,178338,178412,74,2233
176105,178341,178412,71,2236
176105,178347,178412,65,2242
176105,178343,178413,70,2238
176105,178368,178414,46,2263
176105,178340,178414,74,2235
176105,178347,178417,70,2242
176105,178342,178417,75,2237
176105,178342,178419,77,2237
176105,178370,178419,49,2265
176105,178344,178418,74,2239
176105,178349,178419,70,2244
176105,178345,178420,75,2240
176105,178348,178421,73,2243
176105,178365,178423,58,2260
176105,178348,178423,75,2243
176105,178375,178424,49,2270
176105,178371,178424,53,2266
176105,178347,178424,77,2242
176105,178372,178425,53,2267
176105,178353,178425,72,2248
176105,178372,178425,53,2267
176105,178367,178427,60,2262
176105,178356,178426,70,2251
176105,178375,178429,54,2270
176105,178373,178429,56,2268
176105,178359,178431,72,2254
176105,178358,178431,73,2253
176105,178358,178432,74,2253
176105,178359,178432,73,2254
176105,178354,178432,78,2249
176105,178361,178433,72,2256
176105,178375,178433,58,2270
176105,178363,178434,71,2258
176105,178364,178435,71,2259
176105,178364,178435,71,2259
176105,178375,178436,61,2270
176105,178378,178437,59,2273
176105,178364,178438,74,2259
176105,178363,178439,76,2258
176105,178379,178439,60,2274
176105,178365,178443,78,2260
176105,178382,178448,66,2277
176105,178389,178451,62,2284
176105,178389,178457,68,2284
176105,178386,178460,74,2281
176105,178391,178460,69,2286
176105,178394,178462,68,2289
176105,178397,178462,65,2292
176105,178391,178465,74,2286
176037,177088,178468,1380,1051
176105,178396,178469,73,2291
176105,178399,178470,71,2294
176105,178402,178472,70,2297
176105,178405,178473,68,2300
176105,178406,178474,68,2301
176105,178404,178475,71,2299
176105,178400,178476,76,2295
176105,178403,178477,74,2298
176105,178412,178478,66,2307
176105,178400,178481,81,2295
176105,178409,178481,72,2304
176105,178409,178482,73,2304
176105,178413,178483,70,2308
176105,178403,178483,80,2298
176105,178423,178484,61,2318
176105,178408,178482,74,2303
176105,178412,178484,72,2307
176105,178409,178485,76,2304
176105,178411,178486,75,2306
176105,178411,178487,76,2306
176105,178411,178488,77,2306
176105,178412,178488,76,2307
176105,178419,178488,69,2314
176105,178425,178489,64,2320
176105,178407,178490,83,2302
176105,178412,178490,78,2307
176105,178418,178490,72,2313
176105,178413,178490,77,2308
176105,178410,178491,81,2305
176105,178431,178491,60,2326
176105,178413,178492,79,2308
176105,178414,178492,78,2309
176105,178418,178493,75,2313
176105,178414,178494,80,2309
176105,178420,178495,75,2315
176105,178426,178494,68,2321
176105,178419,178495,76,2314
176105,178421,178496,75,2316
176105,178425,178497,72,2320
176105,178424,178497,73,2319
176105,178427,178497,70,2322
176105,178411,178498,87,2306
176105,178426,178499,73,2321
176105,178433,178500,67,2328
176105,178421,178502,81,2316
176105,178433,178502,69,2328
176105,178431,178502,71,2326
176105,178423,178502,79,2318
176105,178419,178502,83,2314
176105,178430,178503,73,2325
176105,178414,178504,90,2309
176105,178434,178505,71,2329
176105,178426,178507,81,2321
176105,178432,178507,75,2327
176105,178439,178508,69,2334
176105,178427,178508,81,2322
176105,178439,178508,69,2334
176105,178430,178508,78,2325
176105,178436,178509,73,2331
176105,178435,178509,74,2330
176105,178438,178509,71,2333
176105,178432,178510,78,2327
176105,178438,178514,76,2333
176105,178436,178515,79,2331
176105,178435,178516,81,2330
176105,178448,178520,72,2343
176105,178443,178520,77,2338
176105,178452,178524,72,2347
176105,178457,178530,73,2352
176105,178460,178531,71,2355
176105,178462,178532,70,2357
176105,178460,178535,75,2355
176113,178491,178536,45,2378
176105,178466,178539,73,2361
176113,178491,178540,49,2378
176105,178471,178541,70,2366
176105,178469,178544,75,2364
176105,178462,178545,83,2357
176113,178491,178545,54,2378
176113,178491,178546,55,2378
176105,178478,178547,69,2373
176113,178491,178546,55,2378
176113,178497,178547,50,2384
176113,178490,178547,57,2377
176113,178493,178548,55,2380
176105,178482,178548,66,2377
176113,178503,178549,46,2390
176105,178477,178548,71,2372
176113,178495,178548,53,2382
176105,178473,178550,77,2368
176113,178496,178550,54,2383
176105,178469,178551,82,2364
176105,178472,178551,79,2367
176113,178494,178550,56,2381
176113,178492,178551,59,2379
176113,178494,178553,59,2381
176105,178482,178552,70,2377
176113,178503,178552,49,2390
176105,178475,178552,77,2370
176105,178486,178553,67,2381
176105,178476,178554,78,2371
176105,178488,178554,66,2383
176113,178496,178554,58,2383
176113,178503,178554,51,2390
176105,178481,178556,75,2376
176105,178484,178556,72,2379
176105,178489,178557,68,2384
176113,178499,178557,58,2386
176105,178484,178557,73,2379
176105,178489,178558,69,2384
176113,178495,178558,63,2382
176113,178502,178559,57,2389
176105,178476,178559,83,2371
176105,178484,178559,75,2379
176113,178493,178559,66,2380
176113,178500,178559,59,2387
176113,178500,178561,61,2387
176113,178498,178562,64,2385
176113,178503,178562,59,2390
176113,178507,178562,55,2394
176113,178506,178563,57,2393
176105,178483,178563,80,2378
176113,178503,178566,63,2390
176105,178486,178567,81,2381
176113,178498,178568,70,2385
176105,178485,178569,84,2380
176113,178504,178569,65,2391
176113,178511,178571,60,2398
176113,178510,178571,61,2397
176113,178508,178572,64,2395
176113,178510,178572,62,2397
176113,178508,178573,65,2395
176113,178508,178574,66,2395
176113,178509,178575,66,2396
176113,178509,178577,68,2396
176113,178510,178583,73,2397
176113,178521,178585,64,2408
176113,178514,178585,71,2401
176113,178516,178586,70,2403
176113,178533,178589,56,2420
176113,178520,178589,69,2407
176113,178525,178589,64,2412
176113,178532,178589,57,2419
176113,178516,178595,79,2403
176113,178537,178595,58,2424
176113,178531,178600,69,2418
176113,178535,178601,66,2422
176113,178540,178603,63,2427
176113,178540,178605,65,2427
176113,178544,178606,62,2431
176113,178546,178610,64,2433
176113,178541,178610,69,2428
176113,178547,178612,65,2434
176113,178547,178614,67,2434
176113,178548,178615,67,2435
176113,178549,178616,67,2436
176113,178547,178617,70,2434
176113,178549,178616,67,2436
176113,178548,178618,70,2435
176113,178546,178618,72,2433
176113,178553,178618,65,2440
176113,178549,178618,69,2436
176113,178551,178619,68,2438
176113,178549,178619,70,2436
176113,178548,178620,72,2435
176113,178551,178621,70,2438
176113,178553,178623,70,2440
176113,178551,178623,72,2438
176113,178557,178624,67,2444
176113,178554,178624,70,2441
176113,178559,178625,66,2446
176113,178553,178626,73,2440
176113,178560,178626,66,2447
176113,178553,178627,74,2440
176113,178551,178628,77,2438
176113,178558,178628,70,2445
176113,178559,178628,69,2446
176113,178559,178628,69,2446
176113,178556,178628,72,2443
176113,178551,178629,78,2438
176113,178559,178629,70,2446
176113,178555,178629,74,2442
176113,178555,178629,74,2442
176113,178563,178632,69,2450
176113,178555,178632,77,2442
176113,178562,178632,70,2449
176113,178557,178633,76,2444
176113,178560,178633,73,2447
176113,178563,178633,70,2450
176113,178557,178633,76,2444
176113,178551,178634,83,2438
176113,178567,178634,67,2454
176113,178567,178634,67,2454
176113,178557,178635,78,2444
176113,178563,178635,72,2450
176113,178553,178635,82,2440
176113,178562,178636,74,2449
176113,178564,178636,72,2451
176113,178574,178638,64,2461
176113,178572,178638,66,2459
176113,178572,178639,67,2459
176113,178568,178643,75,2455
176113,178572,178644,72,2459
176113,178573,178645,72,2460
176113,178569,178646,77,2456
176113,178569,178647,78,2456
176113,178578,178647,69,2465
176113,178575,178648,73,2462
176113,178575,178652,77,2462
176113,178587,178657,70,2474
176113,178589,178657,68,2476
176113,178583,178658,75,2470
176113,178589,178658,69,2476
176113,178586,178659,73,2473
176113,178614,178660,46,2501
176113,178590,178661,71,2477
176113,178590,178664,74,2477
176113,178617,178664,47,2504
176113,178615,178666,51,2502
176113,178596,178667,71,2483
176113,178586,178667,81,2473
176113,178611,178670,59,2498
176113,178613,178670,57,2500
176113,178601,178671,70,2488
176113,178611,178671,60,2498
176113,178603,178672,69,2490
176113,178618,178672,54,2505
176113,178596,178672,76,2483
176113,178619,178674,55,2506
176113,178607,178675,68,2494
176113,178617,178675,58,2504
176113,178602,178676,74,2489
176113,178619,178677,58,2506
176113,178618,178679,61,2505
176113,178606,178681,75,2493
176113,178617,178682,65,2504
176113,178619,178682,63,2506
176113,178623,178683,60,2510
176113,178620,178684,64,2507
176113,178628,178684,56,2515
176113,178630,178688,58,2517
176113,178624,178688,64,2511
176113,178622,178688,66,2509
176113,178630,178690,60,2517
176113,178629,178689,60,2516
176113,178627,178689,62,2514
176113,178628,178690,62,2515
176113,178633,178691,58,2520
176113,178629,178692,63,2516
176113,178620,178693,73,2507
176113,178630,178694,64,2517
176113,178627,178693,66,2514
176113,178632,178694,62,2519
176113,178634,178694,60,2521
176113,178633,178696,63,2520
176113,178633,178696,63,2520
176113,178633,178697,64,2520
176113,178635,178697,62,2522
176113,178625,178698,73,2512
176113,178628,178698,70,2515
176113,178630,178698,68,2517
176113,178625,178699,74,2512
176113,178648,178700,52,2535
176113,178635,178701,66,2522
176113,178635,178703,68,2522
176113,178636,178703,67,2523
176113,178636,178704,68,2523
176113,178629,178703,74,2516
176113,178639,178704,65,2526
176113,178634,178704,70,2521
176113,178634,178704,70,2521
176113,178635,178705,70,2522
176113,178639,178706,67,2526
176113,178640,178708,68,2527
176113,178625,178708,83,2512
176113,178648,178709,61,2535
176113,178653,178710,57,2540
176113,178644,178711,67,2531
176113,178637,178711,74,2524
176113,178647,178713,66,2534
176113,178646,178713,67,2533
176113,178658,178714,56,2545
176113,178658,178717,59,2545
176113,178644,178718,74,2531
176113,178658,178720,62,2545
176113,178646,178724,78,2533
176113,178672,178727,55,2559
176041,177323,178729,1406,1282
176113,178661,178728,67,2548
176113,178676,178730,54,2563
176113,178664,178730,66,2551
176113,178666,178730,64,2553
176113,178677,178731,54,2564
176113,178665,178731,66,2552
176113,178662,178732,70,2549
176113,178667,178732,65,2554
176113,178674,178733,59,2561
176113,178680,178734,54,2567
176113,178672,178734,62,2559
176113,178683,178734,51,2570
176113,178667,178735,68,2554
176113,178677,178736,59,2564
176113,178671,178736,65,2558
176113,178657,178736,79,2544
176113,178671,178737,66,2558
176113,178673,178737,64,2560
176113,178681,178738,57,2568
176113,178660,178739,79,2547
176113,178684,178739,55,2571
176113,178675,178740,65,2562
176113,178683,178741,58,2570
176113,178684,178741,57,2571
176113,178688,178742,54,2575
176113,178688,178743,55,2575
176113,178690,178744,54,2577
176113,178690,178745,55,2577
176113,178670,178745,75,2557
176113,178689,178746,57,2576
176113,178690,178748,58,2577
176113,178671,178748,77,2558
176113,178696,178749,53,2583
176113,178685,178752,67,2572
176113,178691,178751,60,2578
176113,178694,178752,58,2581
176113,178693,178753,60,2580
176113,178691,178755,64,2578
176113,178698,178755,57,2585
176113,178701,178756,55,2588
176113,178694,178756,62,2581
176113,178701,178757,56,2588
176113,178698,178758,60,2585
176113,178694,178758,64,2581
176113,178694,178760,66,2581
176113,178697,178761,64,2584
176113,178700,178761,61,2587
176113,178703,178763,60,2590
176113,178704,178762,58,2591
176113,178698,178763,65,2585
176113,178705,178763,58,2592
176113,178692,178764,72,2579
176113,178698,178764,66,2585
176113,178705,178764,59,2592
176113,178707,178764,57,2594
176113,178705,178765,60,2592
176113,178696,178766,70,2583
176113,178706,178769,63,2593
176123,178710,178771,61,2587
176113,178704,178772,68,2591
176113,178703,178775,72,2590
176123,178712,178779,67,2589
176123,178711,178780,69,2588
176123,178709,178780,71,2586
176123,178712,178783,71,2589
176123,178714,178786,72,2591
176123,178721,178786,65,2598
176123,178714,178786,72,2591
176123,178719,178790,71,2596
176123,178715,178791,76,2592
176123,178718,178793,75,2595
176123,178729,178793,64,2606
176123,178727,178793,66,2604
176123,178729,178794,65,2606
176123,178734,178795,61,2611
176123,178735,178797,62,2612
176123,178725,178798,73,2602
176123,178734,178798,64,2611
176123,178731,178799,68,2608
176123,178730,178800,70,2607
176123,178738,178799,61,2615
176123,178735,178800,65,2612
176123,178732,178801,69,2609
176123,178731,178801,70,2608
176123,178736,178802,66,2613
176123,178739,178802,63,2616
176123,178738,178802,64,2615
176123,178737,178805,68,2614
176123,178737,178806,69,2614
176123,178731,178806,75,2608
176123,178739,178806,67,2616
176123,178732,178808,76,2609
176123,178744,178807,63,2621
176123,178746,178809,63,2623
176123,178741,178810,69,2618
176123,178742,178810,68,2619
176123,178743,178811,68,2620
176123,178740,178811,71,2617
176123,178733,178812,79,2610
176123,178736,178812,76,2613
176123,178741,178812,71,2618
176123,178752,178815,63,2629
176123,178747,178817,70,2624
176123,178752,178818,66,2629
176123,178745,178818,73,2622
176123,178749,178819,70,2626
176123,178749,178819,70,2626
176123,178745,178821,76,2622
176123,178754,178822,68,2631
176123,178749,178822,73,2626
176123,178759,178822,63,2636
176123,178753,178822,69,2630
176123,178755,178824,69,2632
176123,178764,178826,62,2641
176123,178763,178826,63,2640
176123,178764,178827,63,2641
176123,178764,178827,63,2641
176123,178767,178828,61,2644
176123,178756,178828,72,2633
176123,178761,178828,67,2638
176123,178755,178829,74,2632
176123,178756,178829,73,2633
176123,178760,178830,70,2637
176123,178762,178831,69,2639
176123,178758,178832,74,2635
176123,178764,178833,69,2641
176123,178765,178834,69,2642
176123,178758,178835,77,2635
176123,178765,178836,71,2642
176123,178776,178838,62,2653
176123,178766,178839,73,2643
176123,178769,178840,71,2646
176123,178772,178844,72,2649
176123,178773,178844,71,2650
176123,178786,178848,62,2663
176123,178781,178850,69,2658
176123,178781,178852,71,2658
176123,178784,178853,69,2661
176123,178790,178854,64,2667
176123,178792,178856,64,2669
176123,178779,178856,77,2656
176123,178787,178860,73,2664
176123,178794,178860,66,2671
176123,178790,178862,72,2667
176123,178827,178863,36,2704
176123,178790,178862,72,2667
176123,178795,178864,69,2672
176123,178794,178864,70,2671
176123,178827,178865,38,2704
176123,178807,178865,58,2684
176123,178825,178865,40,2702
176123,178798,178864,66,2675
176123,178796,178865,69,2673
176123,178799,178867,68,2676
176123,178800,178867,67,2677
176123,178793,178868,75,2670
176123,178829,178868,39,2706
176123,178829,178870,41,2706
176123,178800,178869,69,2677
176123,178829,178871,42,2706
176123,178799,178871,72,2676
176123,178799,178872,73,2676
176123,178800,178871,71,2677
176123,178828,178872,44,2705
176123,178803,178872,69,2680
176123,178830,178873,43,2707
176123,178827,178874,47,2704
176123,178802,178873,71,2679
176123,178802,178875,73,2679
176123,178808,178875,67,2685
176123,178835,178875,40,2712
176123,178805,178877,72,2682
176123,178833,178877,44,2710
176123,178808,178877,69,2685
176123,178831,178877,46,2708
176123,178807,178877,70,2684
176123,178809,178878,69,2686
176123,178831,178879,48,2708
176123,178834,178880,46,2711
176123,178802,178880,78,2679
176123,178810,178881,71,2687
176123,178823,178880,57,2700
176123,178813,178881,68,2690
176123,178801,178882,81,2678
176123,178811,178881,70,2688
176123,178813,178883,70,2690
176123,178811,178882,71,2688
176123,178806,178882,76,2683
176123,178810,178883,73,2687
176123,178830,178883,53,2707
176123,178821,178884,63,2698
176123,178836,178885,49,2713
176123,178820,178887,67,2697
176123,178813,178887,74,2690
176123,178837,178887,50,2714
176123,178822,178888,66,2699
176123,178823,178889,66,2700
176123,178838,178889,51,2715
176123,178819,178890,71,2696
176123,178817,178889,72,2694
176123,178840,178890,50,2717
176123,178816,178891,75,2693
176123,178820,178892,72,2697
176123,178818,178893,75,2695
176123,178822,178893,71,2699
176123,178844,178898,54,2721
176123,178840,178898,58,2717
176123,178844,178905,61,2721
176123,178850,178909,59,2727
176123,178848,178914,66,2725
176123,178857,178916,59,2734
176123,178854,178917,63,2731
176123,178860,178918,58,2737
176123,178854,178918,64,2731
176123,178853,178921,68,2730
176123,178856,178922,66,2733
176123,178860,178926,66,2737
176123,178864,178927,63,2741
176123,178867,178930,63,2744
176123,178865,178931,66,2742
176123,178863,178932,69,2740
176123,178869,178932,63,2746
176123,178863,178935,72,2740
176123,178865,178935,70,2742
176123,178865,178938,73,2742
176123,178866,178938,72,2743
176123,178862,178938,76,2739
176123,178872,178939,67,2749
176123,178873,178938,65,2750
176123,178878,178941,63,2755
176123,178872,178942,70,2749
176123,178864,178942,78,2741
176123,178868,178942,74,2745
176123,178870,178943,73,2747
176123,178877,178944,67,2754
176123,178865,178944,79,2742
176123,178867,178944,77,2744
176123,178874,178946,72,2751
176123,178874,178946,72,2751
176123,178871,178946,75,2748
176123,178871,178948,77,2748
176123,178876,178949,73,2753
176123,178883,178951,68,2760
176123,178870,178950,80,2747
176123,178878,178951,73,2755
176123,178882,178952,70,2759
176123,178876,178951,75,2753
176123,178877,178952,75,2754
176123,178879,178953,74,2756
176123,178883,178953,70,2760
176123,178890,178954,64,2767
176123,178878,178954,76,2755
176123,178880,178955,75,2757
176123,178882,178954,72,2759
176123,178885,178954,69,2762
176123,178873,178955,82,2750
176123,178874,178956,82,2751
176123,178889,178955,66,2766
176123,178881,178956,75,2758
176123,178880,178958,78,2757
176123,178881,178958,77,2758
176123,178884,178958,74,2761
176123,178893,178958,65,2770
176123,178876,178959,83,2753
176123,178878,178959,81,2755
176123,178883,178960,77,2760
176123,178887,178960,73,2764
176123,178891,178961,70,2768
176123,178894,178961,67,2771
176123,178889,178962,73,2766
176123,178881,178962,81,2758
176123,178883,178962,79,2760
176123,178883,178964,81,2760
176123,178890,178965,75,2767
176123,178887,178965,78,2764
176123,178905,178968,63,2782
176123,178890,178968,78,2767
176123,178891,178968,77,2768
176123,178887,178970,83,2764
176123,178899,178971,72,2776
176056,177561,178973,1412,1505
176123,178893,178975,82,2770
176123,178898,178977,79,2775
176123,178918,178986,68,2795
176123,178919,178988,69,2796
176123,178910,178989,79,2787
176123,178917,178990,73,2794
176123,178915,178990,75,2792
176123,178927,178991,64,2804
176123,178916,178992,76,2793
176123,178922,178994,72,2799
176123,178921,178998,77,2798
176123,178927,178998,71,2804
176123,178932,178999,67,2809
176123,178939,179003,64,2816
176134,178947,179004,57,2813
176123,178936,179004,68,2813
176123,178939,179006,67,2816
176123,178932,179008,76,2809
176123,178931,179008,77,2808
176123,178943,179008,65,2820
176123,178945,179009,64,2822
176123,178936,179013,77,2813
176134,178954,179013,59,2820
176123,178938,179014,76,2815
176123,178939,179010,71,2816
176123,178939,179015,76,2816
176123,178933,179016,83,2810
176134,178952,179016,64,2818
176134,178948,179017,69,2814
176134,178955,179017,62,2821
176134,178959,179017,58,2825
176123,178941,179017,76,2818
176134,178954,179017,63,2820
176134,178946,179017,71,2812
176123,178943,179018,75,2820
176134,178957,179018,61,2823
176123,178943,179018,75,2820
176134,178954,179019,65,2820
176134,178949,179019,70,2815
176134,178956,179019,63,2822
176134,178951,179020,69,2817
176134,178947,179021,74,2813
176134,178958,179021,63,2824
176134,178951,179022,71,2817
176123,178944,179022,78,2821
176134,178960,179022,62,2826
176134,178955,179021,66,2821
176134,178959,179023,64,2825
176134,178952,179022,70,2818
176134,178953,179022,69,2819
176134,178959,179024,65,2825
176134,178956,179026,70,2822
176134,178962,179025,63,2828
176134,178962,179026,64,2828
176134,178960,179027,67,2826
176134,178960,179028,68,2826
176134,178963,179029,66,2829
176134,178964,179029,65,2830
176134,178954,179030,76,2820
176134,178963,179030,67,2829
176134,178955,179030,75,2821
176134,178956,179030,74,2822
176134,178965,179031,66,2831
176134,178966,179031,65,2832
176123,178945,179031,86,2822
176134,178961,179032,71,2827
176134,178969,179032,63,2835
176134,178962,179034,72,2828
176134,178971,179036,65,2837
176134,178969,179036,67,2835
176134,178951,179039,88,2817
176134,178973,179041,68,2839
176134,178975,179043,68,2841
176134,178977,179044,67,2843
176134,178968,179045,77,2834
176134,178972,179046,74,2838
176134,178986,179048,62,2852
176134,178989,179052,63,2855
176134,178992,179053,61,2858
176134,178991,179058,67,2857
176134,178990,179058,68,2856
176134,178998,179059,61,2864
176134,178992,179060,68,2858
176134,178990,179067,77,2856
176134,178999,179067,68,2865
176134,178995,179069,74,2861
176134,179004,179069,65,2870
176134,178999,179069,70,2865
176134,179009,179073,64,2875
176134,179005,179074,69,2871
176134,179008,179074,66,2874
176134,179005,179077,72,2871
176134,179007,179078,71,2873
176134,179014,179080,66,2880
176134,179015,179080,65,2881
176134,179013,179083,70,2879
176134,179016,179083,67,2882
176134,179018,179084,66,2884
176134,179014,179084,70,2880
176134,179018,179085,67,2884
176134,179014,179086,72,2880
176134,179016,179086,70,2882
176134,179018,179086,68,2884
176134,179022,179086,64,2888
176134,179017,179087,70,2883
176134,179022,179086,64,2888
176134,179023,179087,64,2889
176134,179018,179088,70,2884
176134,179017,179088,71,2883
176134,179020,179088,68,2886
176134,179009,179088,79,2875
176134,179022,179089,67,2888
176134,179014,179089,75,2880
176134,179019,179090,71,2885
176134,179020,179089,69,2886
176134,179029,179091,62,2895
176134,179023,179092,69,2889
176134,179021,179092,71,2887
176134,179018,179092,74,2884
176134,179019,179093,74,2885
176134,179027,179093,66,2893
176134,179018,179093,75,2884
176134,179018,179093,75,2884
176134,179022,179095,73,2888
176134,179024,179094,70,2890
176134,179026,179095,69,2892
176134,179034,179098,64,2900
176134,179028,179100,72,2894
176134,179026,179101,75,2892
176134,179022,179102,80,2888
176134,179031,179102,71,2897
176134,179023,179104,81,2889
176134,179030,179104,74,2896
176134,179029,179103,74,2895
176134,179033,179104,71,2899
176134,179032,179104,72,2898
176134,179032,179104,72,2898
176134,179029,179106,77,2895
176134,179030,179106,76,2896
176134,179031,179108,77,2897
176134,179045,179110,65,2911
176134,179031,179111,80,2897
176134,179044,179113,69,2910
176134,179037,179114,77,2903
176134,179031,179114,83,2897
176134,179037,179114,77,2903
176134,179040,179116,76,2906
176134,179049,179116,67,2915
176134,179045,179117,72,2911
176134,179053,179119,66,2919
176134,179042,179120,78,2908
176134,179053,179124,71,2919
176134,179047,179129,82,2913
176134,179058,179130,72,2924
176134,179060,179132,72,2926
176134,179061,179136,75,2927
176134,179068,179140,72,2934
176134,179059,179140,81,2925
176134,179080,179143,63,2946
176134,179070,179144,74,2936
176134,179075,179145,70,2941
176134,179070,179146,76,2936
176134,179081,179145,64,2947
176134,179070,179147,77,2936
176134,179074,179149,75,2940
176134,179067,179149,82,2933
176134,179077,179150,73,2943
176134,179084,179153,69,2950
176134,179085,179154,69,2951
176134,179075,179154,79,2941
176134,179090,179154,64,2956
176134,179078,179155,77,2944
176134,179088,179158,70,2954
176134,179085,179158,73,2951
176134,179085,179158,73,2951
176134,179087,179159,72,2953
176134,179090,179159,69,2956
176134,179084,179159,75,2950
176134,179089,179159,70,2955
176134,179089,179160,71,2955
176134,179086,179160,74,2952
176134,179090,179161,71,2956
176134,179087,179162,75,2953
176134,179095,179162,67,2961
176134,179090,179163,73,2956
176134,179087,179163,76,2953
176134,179087,179164,77,2953
176134,179089,179164,75,2955
176134,179093,179165,72,2959
176134,179092,179166,74,2958
176134,179093,179167,74,2959
176134,179104,179168,64,2970
176134,179086,179169,83,2952
176134,179095,179169,74,2961
176134,179093,179170,77,2959
176134,179093,179170,77,2959
176134,179105,179171,66,2971
176134,179093,179171,78,2959
176134,179104,179172,68,2970
176134,179101,179173,72,2967
176134,179095,179173,78,2961
176134,179099,179173,74,2965
176134,179089,179173,84,2955
176134,179101,179174,73,2967
176134,179093,179174,81,2959
176134,179103,179175,72,2969
176134,179094,179175,81,2960
176134,179104,179177,73,2970
176134,179103,179177,74,2969
176134,179104,179179,75,2970
176134,179106,179181,75,2972
176134,179111,179182,71,2977
176134,179114,179183,69,2980
176134,179107,179185,78,2973
176134,179109,179185,76,2975
176134,179105,179186,81,2971
176134,179118,179188,70,2984
176134,179112,179187,75,2978
176134,179120,179189,69,2986
176134,179116,179189,73,2982
176134,179116,179190,74,2982
176134,179125,179192,67,2991
176134,179131,179191,60,2997
176134,179113,179193,80,2979
176134,179119,179193,74,2985
176134,179114,179193,79,2980
176134,179114,179195,81,2980
176134,179136,179201,65,3002
176134,179129,179202,73,2995
176134,179133,179206,73,2999
176134,179140,179206,66,3006
176134,179140,179209,69,3006
176134,179143,179208,65,3009
176134,179146,179209,63,3012
176134,179147,179211,64,3013
176134,179146,179213,67,3012
176134,179150,179213,63,3016
176134,179153,179214,61,3019
176134,179144,179216,72,3010
176134,179156,179217,61,3022
176134,179146,179219,73,3012
176134,179155,179220,65,3021
176134,179155,179221,66,3021
176134,179155,179222,67,3021
176134,179158,179222,64,3024
176134,179160,179223,63,3026
176134,179162,179223,61,3028
176134,179149,179225,76,3015
176064,177793,179225,1432,1729
176134,179151,179225,74,3017
176134,179160,179227,67,3026
176134,179160,179228,68,3026
176134,179172,179230,58,3038
176134,179158,179229,71,3024
176134,179160,179230,70,3026
176134,179164,179231,67,3030
176134,179162,179231,69,3028
176134,179160,179231,71,3026
176134,179168,179232,64,3034
176134,179163,179232,69,3029
176134,179168,179232,64,3034
176134,179167,179233,66,3033
176134,179164,179233,69,3030
176134,179158,179234,76,3024
176134,179161,179235,74,3027
176134,179162,179236,74,3028
176134,179172,179236,64,3038
176134,179175,179238,63,3041
176134,179166,179238,72,3032
176134,179174,179238,64,3040
176134,179171,179239,68,3037
176144,179178,179239,61,3034
176134,179174,179241,67,3040
176134,179170,179241,71,3036
176134,179174,179242,68,3040
176134,179165,179242,77,3031
176134,179173,179244,71,3039
176134,179171,179245,74,3037
176134,179170,179245,75,3036
176134,179174,179246,72,3040
176134,179175,179248,73,3041
176144,179182,179248,66,3038
176144,179182,179249,67,3038
176144,179188,179249,61,3044
176144,179192,179250,58,3048
176134,179173,179250,77,3039
176144,179179,179251,72,3035
176144,179178,179251,73,3034
176144,179185,179252,67,3041
176144,179194,179254,60,3050
176144,179194,179254,60,3050
176144,179186,179255,69,3042
176144,179190,179256,66,3046
176144,179191,179256,65,3047
176144,179186,179258,72,3042
176144,179187,179261,74,3043
176144,179192,179261,69,3048
176144,179188,179262,74,3044
176144,179201,179263,62,3057
176144,179194,179264,70,3050
176144,179209,179265,56,3065
176144,179195,179266,71,3051
176144,179190,179268,78,3046
176144,179202,179270,68,3058
176144,179207,179271,64,3063
176144,179212,179272,60,3068
176144,179210,179272,62,3066
176144,179209,179274,65,3065
176144,179207,179275,68,3063
176144,179215,179281,66,3071
176144,179213,179281,68,3069
176144,179213,179283,70,3069
176144,179219,179284,65,3075
176144,179216,179287,71,3072
176144,179223,179287,64,3079
176144,179221,179289,68,3077
176144,179217,179289,72,3073
176144,179220,179290,70,3076
176144,179223,179290,67,3079
176144,179223,179291,68,3079
176144,179223,179292,69,3079
176144,179226,179293,67,3082
176144,179229,179293,64,3085
176144,179230,179293,63,3086
176144,179225,179293,68,3081
176144,179230,179295,65,3086
176144,179232,179295,63,3088
176144,179226,179297,71,3082
176144,179233,179298,65,3089
176144,179230,179298,68,3086
176144,179232,179298,66,3088
176144,179233,179300,67,3089
176144,179235,179301,66,3091
176144,179234,179302,68,3090
176144,179236,179302,66,3092
176144,179239,179303,64,3095
176144,179233,179303,70,3089
176144,179239,179305,66,3095
176144,179231,179304,73,3087
176144,179243,179305,62,3099
176144,179234,179305,71,3090
176144,179238,179305,67,3094
176144,179227,179306,79,3083
176144,179233,179307,74,3089
176144,179239,179307,68,3095
176144,179236,179308,72,3092
176144,179243,179311,68,3099
176144,179239,179311,72,3095
176144,179242,179312,70,3098
176144,179244,179314,70,3100
176144,179242,179314,72,3098
176144,179246,179315,69,3102
176144,179251,179314,63,3107
176144,179245,179316,71,3101
176144,179252,179319,67,3108
176144,179246,179319,73,3102
176144,179249,179322,73,3105
176144,179249,179322,73,3105
176144,179250,179322,72,3106
176144,179249,179323,74,3105
176144,179252,179324,72,3108
176144,179256,179324,68,3112
176144,179256,179325,69,3112
176144,179255,179325,70,3111
176144,179255,179326,71,3111
176144,179249,179327,78,3105
176144,179253,179328,75,3109
176144,179254,179328,74,3110
176144,179258,179329,71,3114
176144,179262,179334,72,3118
176144,179262,179334,72,3118
176144,179265,179334,69,3121
176144,179268,179335,67,3124
176144,179261,179336,75,3117
176144,179263,179337,74,3119
176144,179267,179337,70,3123
176144,179272,179337,65,3128
176144,179271,179337,66,3127
176144,179266,179340,74,3122
176144,179273,179341,68,3129
176144,179273,179343,70,3129
176144,179275,179344,69,3131
176144,179282,179348,66,3138
176144,179275,179348,73,3131
176144,179283,179350,67,3139
176144,179292,179356,64,3148
176144,179285,179357,72,3141
176144,179281,179358,77,3137
176144,179292,179359,67,3148
176144,179289,179360,71,3145
176144,179288,179360,72,3144
176144,179294,179362,68,3150
176144,179287,179362,75,3143
176144,179294,179363,69,3150
176144,179308,179363,55,3164
176144,179296,179364,68,3152
176144,179290,179366,76,3146
176144,179299,179366,67,3155
176144,179290,179367,77,3146
176144,179305,179368,63,3161
176144,179305,179368,63,3161
176144,179306,179369,63,3162
176144,179291,179369,78,3147
176144,179304,179369,65,3160
176144,179298,179370,72,3154
176144,179308,179370,62,3164
176144,179301,179371,70,3157
176144,179304,179371,67,3160
176144,179298,179371,73,3154
176144,179301,179371,70,3157
176144,179293,179372,79,3149
176144,179294,179372,78,3150
176144,179296,179376,80,3152
176144,179307,179377,70,3163
176144,179311,179377,66,3167
176144,179299,179379,80,3155
176144,179302,179380,78,3158
176144,179306,179380,74,3162
176144,179303,179380,77,3159
176144,179308,179382,74,3164
176144,179312,179383,71,3168
176144,179305,179384,79,3161
176144,179313,179388,75,3169
176144,179320,179388,68,3176
176144,179315,179389,74,3171
176144,179316,179391,75,3172
176144,179320,179391,71,3176
176144,179325,179392,67,3181
176144,179314,179393,79,3170
176144,179315,179393,78,3171
179393,179393,179394,1,0
176144,179326,179394,68,3182
179394,179394,179395,1,0
176144,179324,179394,70,3180
179393,179393,179395,2,0
179395,179395,179396,1,0
176144,179315,179397,82,3171
179397,179397,179398,1,0
176144,179325,179398,73,3181
179396,179396,179398,2,0
179398,179398,179399,1,0
176144,179322,179398,76,3178
176144,179322,179398,76,3178
176144,179322,179399,77,3178
179399,179399,179400,1,0
179400,179400,179401,1,0
179399,179399,179401,2,0
176144,179328,179402,74,3184
176144,179335,179402,67,3191
179402,179402,179403,1,0
179401,179401,179402,1,0
176144,179330,179403,73,3186
179403,179403,179404,1,0
179402,179402,179404,2,0
176144,179326,179404,78,3182
176144,179336,179404,68,3192
176144,179338,179404,66,3194
176144,179328,179405,77,3184
176144,179328,179404,76,3184
179405,179405,179406,1,0
179404,179404,179405,1,0
176144,179327,179407,80,3183
179406,179406,179407,1,0
179405,179405,179407,2,0
179408,179408,179409,1,0
179407,179407,179408,1,0
179409,179409,179410,1,0
179408,179408,179410,2,0
179411,179411,179412,1,0
179410,179410,179411,1,0
176144,179337,179412,75,3193
179412,179412,179413,1,0
176144,179335,179412,77,3191
179411,179411,179413,2,0
176144,179337,179413,76,3193
179414,179414,179415,1,0
176144,179343,179414,71,3199
176144,179341,179414,73,3197
179413,179413,179414,1,0
176144,179337,179416,79,3193
179415,179415,179416,1,0
179414,179414,179416,2,0
179417,179417,179418,1,0
176144,179337,179417,80,3193
179416,179416,179417,1,0
176144,179335,179418,83,3191
179418,179418,179419,1,0
179417,179417,179419,2,0
179419,179419,179420,1,0
179420,179420,179421,1,0
176144,179341,179421,80,3197
176144,179345,179421,76,3201
179421,179421,179422,1,0
179420,179420,179422,2,0
176144,179350,179423,73,3206
179422,179422,179423,1,0
179423,179423,179424,1,0
176144,179348,179424,76,3204
176144,179357,179424,67,3213
179424,179424,179425,1,0
179423,179423,179425,2,0
179425,179425,179426,1,0
179426,179426,179427,1,0
176144,179359,179427,68,3215
179427,179427,179428,1,0
179428,179428,179429,1,0
176144,179360,179429,69,3216
176144,179349,179429,80,3205
179429,179429,179430,1,0
176144,179356,179430,74,3212
179430,179430,179431,1,0
176144,179364,179431,67,3220
179431,179431,179432,1,0
176144,179360,179432,72,3216
179432,179432,179433,1,0
179433,179433,179434,1,0
176144,179367,179435,68,3223
179434,179434,179435,1,0
176144,179370,179435,65,3226
179435,179435,179436,1,0
176144,179360,179435,75,3216
176144,179369,179435,66,3225
176144,179363,179435,72,3219
176144,179362,179436,74,3218
176144,179371,179436,65,3227
179436,179436,179437,1,0
176144,179367,179437,70,3223
179437,179437,179438,1,0
179438,179438,179439,1,0
176144,179370,179440,70,3226
179439,179439,179440,1,0
176144,179373,179440,67,3229
176144,179366,179440,74,3222
176144,179363,179441,78,3219
179440,179440,179441,1,0
176144,179372,179441,69,3228
179441,179441,179442,1,0
179442,179442,179443,1,0
179442,179442,179443,1,0
176144,179364,179443,79,3220
176144,179377,179443,66,3233
179443,179443,179444,1,0
176144,179372,179444,72,3228
176144,179371,179444,73,3227
179445,179445,179446,1,0
176144,179370,179445,75,3226
179444,179444,179445,1,0
176144,179369,179447,78,3225
176144,179381,179447,66,3237
179446,179446,179447,1,0
179445,179445,179447,2,0
176144,179385,179447,62,3241
176144,179373,179447,74,3229
176144,179384,179448,64,3240
176144,179381,179448,67,3237
179448,179448,179449,1,0
179447,179447,179448,1,0
176144,179378,179449,71,3234
176144,179376,179449,73,3232
176144,179381,179449,68,3237
179449,179449,179450,1,0
179448,179448,179450,2,0
176144,179368,179451,83,3224
179451,179451,179452,1,0
179450,179450,179451,1,0
176144,179382,179453,71,3238
176144,179380,179452,72,3236
179451,179451,179453,2,0
176144,179394,179454,60,3250
179452,179452,179453,1,0
176144,179369,179454,85,3225
179453,179453,179454,1,0
179454,179454,179455,1,0
176144,179389,179456,67,3245
176144,179393,179456,63,3249
179455,179455,179456,1,0
179454,179454,179456,2,0
176144,179393,179458,65,3249
176144,179393,179457,64,3249
176144,179397,179457,60,3253
179456,179456,179457,1,0
176144,179389,179458,69,3245
179458,179458,179459,1,0
179457,179457,179458,1,0
176144,179389,179459,70,3245
176144,179399,179461,62,3255
176144,179392,179463,71,3248
176144,179392,179463,71,3248
176144,179402,179465,63,3258
176144,179398,179464,66,3254
176144,179400,179465,65,3256
176144,179399,179465,66,3255
176144,179405,179465,60,3261
176069,178027,179465,1438,1958
176144,179403,179466,63,3259
176144,179407,179468,61,3263
176144,179404,179468,64,3260
176144,179405,179468,63,3261
176144,179405,179470,65,3261
176144,179395,179472,77,3251
176144,179405,179474,69,3261
176144,179416,179478,62,3272
176144,179413,179478,65,3269
176144,179419,179480,61,3275
176144,179415,179481,66,3271
176144,179415,179481,66,3271
176144,179405,179483,78,3261
176144,179421,179485,64,3277
176144,179413,179486,73,3269
176144,179422,179489,67,3278
176159,179429,179492,63,3270
176144,179414,179478,64,3270
176144,179418,179493,75,3274
176159,179427,179494,67,3268
176144,179423,179498,75,3279
176159,179430,179499,69,3271
179499,179499,179500,1,0
179499,179499,179500,1,0
179500,179500,179501,1,0
176159,179436,179501,65,3277
176159,179436,179501,65,3277
176159,179437,179502,65,3278
176159,179435,179502,67,3276
179502,179502,179503,1,0
179501,179501,179502,1,0
176159,179438,179503,65,3279
179502,179502,179503,1,0
179503,179503,179504,1,0
176159,179431,179503,72,3272
176159,179440,179505,65,3281
176159,179437,179504,67,3278
176159,179425,179505,80,3266
179505,179505,179506,1,0
179504,179504,179505,1,0
176159,179432,179506,74,3273
179505,179505,179506,1,0
176159,179441,179507,66,3282
176159,179440,179507,67,3281
176159,179436,179507,71,3277
179507,179507,179508,1,0
179506,179506,179507,1,0
179508,179508,179509,1,0
176159,179436,179508,72,3277
176159,179433,179508,75,3274
176159,179444,179509,65,3285
176159,179445,179509,64,3286
176159,179441,179509,68,3282
179509,179509,179510,1,0
179508,179508,179510,2,0
179510,179510,179511,1,0
176159,179449,179512,63,3290
176159,179446,179511,65,3287
179511,179511,179512,1,0
179511,179511,179512,1,0
176159,179448,179512,64,3289
179512,179512,179513,1,0
176159,179444,179512,68,3285
176159,179445,179514,69,3286
176159,179441,179514,73,3282
176159,179447,179514,67,3288
179514,179514,179515,1,0
179513,179513,179514,1,0
176159,179449,179516,67,3290
179514,179514,179516,2,0
176159,179448,179516,68,3289
176159,179448,179516,68,3289
179516,179516,179517,1,0
179515,179515,179516,1,0
179517,179517,179518,1,0
176159,179447,179518,71,3288
176159,179451,179519,68,3292
176159,179456,179519,63,3297
179518,179518,179519,1,0
179517,179517,179519,2,0
176159,179450,179519,69,3291
179519,179519,179520,1,0
179520,179520,179521,1,0
176159,179458,179521,63,3299
176159,179450,179521,71,3291
179520,179520,179521,1,0
179521,179521,179522,1,0
176159,179453,179522,69,3294
176159,179459,179522,63,3300
176159,179458,179523,65,3299
179523,179523,179524,1,0
176159,179458,179523,65,3299
176159,179453,179523,70,3294
179522,179522,179523,1,0
179523,179523,179524,1,0
176159,179459,179525,66,3300
176159,179455,179524,69,3296
179525,179525,179526,1,0
179524,179524,179525,1,0
179527,179527,179528,1,0
176159,179454,179528,74,3295
179526,179526,179528,2,0
176159,179456,179528,72,3297
176159,179465,179528,63,3306
179528,179528,179529,1,0
176159,179462,179530,68,3303
179529,179529,179530,1,0
179529,179529,179530,1,0
179530,179530,179531,1,0
176159,179465,179531,66,3306
176159,179465,179531,66,3306
176159,179466,179532,66,3307
179532,179532,179533,1,0
176159,179463,179532,69,3304
179531,179531,179532,1,0
179532,179532,179533,1,0
179533,179533,179534,1,0
176159,179466,179533,67,3307
179535,179535,179536,1,0
176159,179464,179535,71,3305
179534,179534,179535,1,0
179535,179535,179536,1,0
176159,179469,179536,67,3310
179537,179537,179538,1,0
179536,179536,179537,1,0
179538,179538,179539,1,0
176159,179466,179539,73,3307
176159,179470,179539,69,3311
179539,179539,179540,1,0
179538,179538,179540,2,0
179540,179540,179541,1,0
176159,179469,179542,73,3310
179541,179541,179542,1,0
179541,179541,179542,1,0
176159,179481,179542,61,3322
179542,179542,179543,1,0
179543,179543,179544,1,0
179544,179544,179545,1,0
179544,179544,179545,1,0
176159,179469,179545,76,3310
176159,179472,179545,73,3313
179545,179545,179546,1,0
179546,179546,179547,1,0
179547,179547,179548,1,0
179547,179547,179548,1,0
176159,179481,179548,67,3322
179548,179548,179549,1,0
176159,179479,179549,70,3320
176159,179480,179550,70,3321
179549,179549,179550,1,0
179550,179550,179551,1,0
176159,179478,179551,73,3319
179550,179550,179551,1,0
176159,179474,179551,77,3315
179551,179551,179552,1,0
179552,179552,179553,1,0
176159,179484,179553,69,3325
179553,179553,179554,1,0
176159,179486,179553,67,3327
179553,179553,179554,1,0
179554,179554,179555,1,0
179555,179555,179556,1,0
179556,179556,179557,1,0
179556,179556,179557,1,0
179557,179557,179558,1,0
176159,179489,179559,70,3330
176159,179486,179559,73,3327
179558,179558,179559,1,0
179559,179559,179560,1,0
179559,179559,179560,1,0
179560,179560,179561,1,0
179561,179561,179562,1,0
179562,179562,179563,1,0
179562,179562,179563,1,0
176159,179495,179563,68,3336
176159,179495,179564,69,3336
176159,179502,179564,62,3343
179563,179563,179565,2,0
176159,179493,179565,72,3334
176159,179495,179567,72,3336
176159,179501,179569,68,3342
176159,179499,179570,71,3340
176159,179512,179570,58,3353
176159,179507,179571,64,3348
176159,179503,179572,69,3344
176159,179495,179572,77,3336
176159,179513,179573,60,3354
176159,179499,179573,74,3340
176159,179503,179573,70,3344
176159,179505,179574,69,3346
176159,179505,179574,69,3346
176159,179505,179574,69,3346
176159,179504,179575,71,3345
176159,179540,179576,36,3381
176159,179509,179576,67,3350
176159,179501,179577,76,3342
176159,179506,179577,71,3347
176159,179508,179578,70,3349
176159,179512,179579,67,3353
176159,179507,179580,73,3348
176159,179537,179580,43,3378
176159,179539,179581,42,3380
176159,179510,179582,72,3351
176159,179517,179582,65,3358
176159,179534,179583,49,3375
176159,179542,179583,41,3383
176159,179536,179584,48,3377
176159,179543,179583,40,3384
176159,179510,179584,74,3351
176159,179509,179584,75,3350
176159,179510,179585,75,3351
176159,179519,179585,66,3360
176159,179524,179587,63,3365
176159,179549,179588,39,3390
176159,179517,179589,72,3358
176159,179524,179590,66,3365
176159,179522,179591,69,3363
176159,179523,179591,68,3364
176159,179513,179592,79,3354
176159,179522,179591,69,3363
176159,179546,179592,46,3387
176159,179546,179592,46,3387
176159,179516,179592,76,3357
176159,179518,179593,75,3359
176159,179523,179593,70,3364
176159,179514,179593,79,3355
176159,179519,179593,74,3360
176159,179525,179595,70,3366
176159,179551,179596,45,3392
176159,179533,179597,64,3374
176159,179515,179597,82,3356
176159,179529,179597,68,3370
176159,179514,179597,83,3355
176159,179524,179598,74,3365
176159,179520,179598,78,3361
176159,179528,179600,72,3369
176159,179529,179600,71,3370
176159,179532,179600,68,3373
176159,179553,179601,48,3394
176159,179525,179601,76,3366
176159,179550,179602,52,3391
176159,179554,179602,48,3395
176159,179530,179603,73,3371
176159,179549,179605,56,3390
176159,179552,179605,53,3393
176159,179564,179605,41,3405
176159,179532,179607,75,3373
176159,179559,179607,48,3400
176159,179531,179613,82,3372
176159,179559,179612,53,3400
176159,179570,179622,52,3411
176159,179565,179624,59,3406
176159,179566,179625,59,3407
176159,179570,179632,62,3411
176159,179565,179631,66,3406
176159,179577,179636,59,3418
176159,179567,179638,71,3408
176159,179572,179639,67,3413
176159,179578,179641,63,3419
176159,179576,179641,65,3417
176159,179572,179642,70,3413
176159,179574,179642,68,3415
176159,179574,179641,67,3415
176159,179576,179642,66,3417
176159,179575,179642,67,3416
176159,179571,179642,71,3412
176159,179575,179647,72,3416
176077,178253,179647,1394,2176
176159,179571,179648,77,3412
176159,179577,179652,75,3418
176159,179575,179653,78,3416
176159,179574,179654,80,3415
176159,179585,179655,70,3426
176159,179582,179656,74,3423
176159,179581,179657,76,3422
176159,179593,179658,65,3434
176159,179581,179658,77,3422
176159,179582,179658,76,3423
176159,179582,179658,76,3423
176159,179584,179659,75,3425
176159,179599,179659,60,3440
176159,179584,179660,76,3425
176159,179589,179661,72,3430
176159,179585,179662,77,3426
176159,179585,179662,77,3426
176159,179592,179662,70,3433
176159,179579,179662,83,3420
176159,179588,179663,75,3429
176159,179589,179664,75,3430
176159,179591,179665,74,3432
176159,179592,179665,73,3433
176159,179592,179666,74,3433
176159,179597,179666,69,3438
176159,179594,179667,73,3435
176159,179584,179668,84,3425
176159,179584,179667,83,3425
176159,179590,179667,77,3431
176159,179606,179667,61,3447
176159,179592,179668,76,3433
176159,179593,179668,75,3434
176159,179597,179668,71,3438
176159,179596,179669,73,3437
176159,179586,179670,84,3427
176159,179580,179671,91,3421
176159,179599,179671,72,3440
176159,179597,179672,75,3438
176159,179598,179672,74,3439
176159,179593,179672,79,3434
176159,179594,179672,78,3435
176159,179607,179674,67,3448
176159,179591,179675,84,3432
176159,179600,179675,75,3441
176159,179602,179676,74,3443
176159,179600,179676,76,3441
176159,179602,179676,74,3443
176159,179606,179677,71,3447
176159,179601,179677,76,3442
176159,179606,179678,72,3447
176159,179608,179679,71,3449
176159,179601,179680,79,3442
176159,179603,179680,77,3444
176159,179604,179680,76,3445
176159,179613,179682,69,3454
176159,179597,179684,87,3438
176159,179632,179693,61,3473
176159,179613,179694,81,3454
176159,179622,179694,72,3463
176159,179625,179695,70,3466
176159,179626,179702,76,3467
176159,179632,179706,74,3473
176159,179639,179707,68,3480
176159,179642,179710,68,3483
176159,179637,179710,73,3478
176159,179639,179711,72,3480
176159,179642,179714,72,3483
176159,179642,179714,72,3483
176159,179642,179715,73,3483
176159,179642,179715,73,3483
176159,179643,179717,74,3484
176167,179662,179717,55,3495
176159,179652,179718,66,3493
176159,179642,179719,77,3483
176159,179642,179719,77,3483
176159,179648,179719,71,3489
176159,179647,179721,74,3488
176159,179647,179722,75,3488
176167,179664,179725,61,3497
176167,179666,179726,60,3499
176167,179663,179726,63,3496
176167,179662,179727,65,3495
176159,179655,179728,73,3496
176167,179672,179729,57,3505
176159,179653,179729,76,3494
176167,179667,179730,63,3500
176159,179659,179730,71,3500
176167,179666,179731,65,3499
176159,179657,179731,74,3498
176167,179666,179732,66,3499
176167,179669,179733,64,3502
176167,179669,179733,64,3502
176167,179664,179732,68,3497
176167,179671,179734,63,3504
176167,179668,179734,66,3501
176167,179673,179735,62,3506
176167,179663,179735,72,3496
176167,179662,179735,73,3495
176167,179672,179736,64,3505
176167,179666,179737,71,3499
176167,179669,179736,67,3502
176167,179676,179737,61,3509
176159,179659,179737,78,3500
176159,179656,179737,81,3497
176159,179659,179738,79,3500
176167,179671,179738,67,3504
176159,179659,179738,79,3500
176167,179673,179738,65,3506
176167,179668,179739,71,3501
176167,179669,179739,70,3502
176167,179668,179740,72,3501
176167,179673,179740,67,3506
176167,179676,179741,65,3509
176167,179668,179742,74,3501
176159,179660,179743,83,3501
176167,179677,179743,66,3510
176167,179678,179744,66,3511
176159,179658,179745,87,3499
176167,179681,179745,64,3514
176159,179658,179745,87,3499
176167,179676,179745,69,3509
176167,179680,179746,66,3513
176167,179674,179747,73,3507
176167,179680,179747,67,3513
176167,179676,179747,71,3509
176167,179677,179748,71,3510
176167,179678,179748,70,3511
176167,179681,179752,71,3514
176167,179683,179754,71,3516
176167,179685,179757,72,3518
176167,179694,179758,64,3527
176167,179694,179762,68,3527
176167,179693,179767,74,3526
176167,179703,179768,65,3536
176167,179707,179769,62,3540
176167,179696,179773,77,3529
176167,179712,179777,65,3545
176167,179710,179777,67,3543
176167,179711,179777,66,3544
176167,179715,179782,67,3548
176167,179718,179782,64,3551
176167,179715,179783,68,3548
176167,179716,179783,67,3549
176167,179719,179785,66,3552
176167,179707,179785,78,3540
176167,179719,179786,67,3552
176167,179723,179787,64,3556
176167,179718,179787,69,3551
176167,179716,179788,72,3549
176167,179719,179791,72,3552
176167,179726,179793,67,3559
176167,179722,179794,72,3555
176167,179726,179793,67,3559
176167,179728,179797,69,3561
176167,179733,179797,64,3566
176167,179728,179797,69,3561
176167,179730,179797,67,3563
176167,179731,179799,68,3564
176167,179732,179799,67,3565
176167,179720,179799,79,3553
176167,179726,179799,73,3559
176167,179733,179803,70,3566
176167,179734,179802,68,3567
176167,179730,179803,73,3563
176167,179732,179805,73,3565
176167,179736,179806,70,3569
176167,179732,179806,74,3565
176167,179738,179807,69,3571
176167,179740,179806,66,3573
176167,179733,179807,74,3566
176167,179736,179807,71,3569
176167,179735,179809,74,3568
176167,179737,179808,71,3570
176167,179737,179808,71,3570
176167,179738,179808,70,3571
176167,179735,179808,73,3568
176167,179740,179809,69,3573
176167,179738,179810,72,3571
176167,179731,179811,80,3564
176167,179741,179812,71,3574
176167,179738,179812,74,3571
176167,179740,179814,74,3573
176167,179743,179814,71,3576
176167,179736,179814,78,3569
176167,179744,179815,71,3577
176167,179737,179815,78,3570
176167,179738,179816,78,3571
176167,179748,179816,68,3581
176167,179744,179816,72,3577
176167,179738,179816,78,3571
176167,179741,179816,75,3574
176167,179743,179817,74,3576
176167,179747,179817,70,3580
176167,179748,179817,69,3581
176167,179745,179818,73,3578
176167,179746,179821,75,3579
176167,179754,179823,69,3587
176167,179749,179823,74,3582
176167,179753,179823,70,3586
176167,179745,179823,78,3578
176167,179758,179824,66,3591
176167,179745,179823,78,3578
176167,179749,179825,76,3582
176167,179759,179827,68,3592
176167,179746,179830,84,3579
176167,179763,179834,71,3596
176167,179769,179839,70,3602
176167,179768,179844,76,3601
176167,179788,179844,56,3621
176167,179768,179845,77,3601
176167,179774,179847,73,3607
176167,179794,179848,54,3627
176167,179787,179850,63,3620
176167,179778,179850,72,3611
176167,179783,179850,67,3616
176167,179788,179852,64,3621
176167,179786,179852,66,3619
176167,179778,179852,74,3611
176167,179786,179853,67,3619
176167,179797,179854,57,3630
176167,179782,179854,72,3615
176167,179777,179856,79,3610
176167,179794,179857,63,3627
176167,179794,179859,65,3627
176167,179783,179861,78,3616
176167,179783,179862,79,3616
176167,179792,179863,71,3625
176167,179788,179864,76,3621
176167,179797,179864,67,3630
176167,179798,179866,68,3631
176167,179800,179872,72,3633
176167,179798,179873,75,3631
176167,179799,179874,75,3632
176167,179806,179874,68,3639
176167,179803,179875,72,3636
176167,179806,179875,69,3639
176167,179799,179876,77,3632
176167,179803,179877,74,3636
176167,179808,179880,72,3641
176167,179814,179880,66,3647
176167,179799,179880,81,3632
176167,179809,179880,71,3642
176167,179803,179882,79,3636
176167,179811,179881,70,3644
176167,179807,179882,75,3640
176167,179816,179882,66,3649
176167,179808,179882,74,3641
176167,179816,179883,67,3649
176167,179817,179884,67,3650
176167,179818,179885,67,3651
176167,179809,179884,75,3642
176167,179812,179886,74,3645
176167,179817,179887,70,3650
176167,179809,179887,78,3642
176167,179807,179888,81,3640
176167,179824,179888,64,3657
176167,179807,179889,82,3640
176167,179815,179889,74,3648
176167,179817,179889,72,3650
176167,179809,179889,80,3642
176167,179816,179889,73,3649
176167,179809,179889,80,3642
176167,179812,179890,78,3645
176167,179816,179890,74,3649
176167,179813,179891,78,3646
176167,179810,179891,81,3643
176167,179814,179891,77,3647
176167,179819,179893,74,3652
176167,179817,179893,76,3650
176167,179823,179893,70,3656
176106,178489,179894,1405,2383
176167,179823,179897,74,3656
176167,179818,179896,78,3651
176167,179824,179897,73,3657
176167,179822,179898,76,3655
176167,179824,179899,75,3657
176167,179825,179899,74,3658
176167,179827,179901,74,3660
176167,179824,179901,77,3657
176167,179830,179904,74,3663
176167,179848,179910,62,3681
176167,179844,179912,68,3677
176167,179834,179912,78,3667
176167,179840,179914,74,3673
176167,179850,179916,66,3683
176167,179850,179917,67,3683
176167,179845,179919,74,3678
176167,179852,179919,67,3685
176167,179845,179919,74,3678
176167,179847,179921,74,3680
176167,179856,179922,66,3689
176167,179854,179922,68,3687
176167,179853,179923,70,3686
176167,179853,179924,71,3686
176167,179855,179926,71,3688
176167,179851,179926,75,3684
176167,179860,179929,69,3693
176167,179865,179929,64,3698
176167,179858,179932,74,3691
176167,179861,179932,71,3694
176167,179876,179932,56,3709
176167,179855,179934,79,3688
176167,179863,179934,71,3696
176167,179864,179934,70,3697
176167,179865,179934,69,3698
176167,179873,179936,63,3706
176167,179876,179937,61,3709
176167,179874,179937,63,3707
176167,179877,179938,61,3710
176167,179867,179938,71,3700
176167,179875,179940,65,3708
176167,179874,179943,69,3707
176167,179880,179945,65,3713
176167,179882,179944,62,3715
176167,179892,179945,53,3725
176167,179892,179946,54,3725
176167,179887,179946,59,3720
176167,179893,179947,54,3726
176167,179894,179948,54,3727
176167,179885,179948,63,3718
176167,179899,179949,50,3732
176167,179883,179950,67,3716
176167,179877,179950,73,3710
176167,179881,179950,69,3714
176167,179885,179951,66,3718
176167,179881,179952,71,3714
176167,179893,179952,59,3726
176167,179894,179953,59,3727
176167,179890,179953,63,3723
176167,179882,179953,71,3715
176167,179897,179953,56,3730
176167,179880,179953,73,3713
176167,179889,179954,65,3722
176167,179889,179955,66,3722
176167,179885,179955,70,3718
176167,179887,179956,69,3720
176167,179897,179957,60,3730
176167,179883,179957,74,3716
176167,179889,179957,68,3722
176167,179899,179957,58,3732
176167,179882,179957,75,3715
176167,179891,179957,66,3724
176167,179883,179958,75,3716
176167,179890,179959,69,3723
176167,179888,179959,71,3721
176167,179900,179959,59,3733
176167,179897,179961,64,3730
176167,179902,179960,58,3735
176167,179890,179961,71,3723
176167,179887,179962,75,3720
176167,179905,179963,58,3738
176167,179890,179966,76,3723
176167,179910,179965,55,3743
176167,179890,179966,76,3723
176167,179913,179967,54,3746
176167,179890,179968,78,3723
176167,179915,179971,56,3748
176167,179920,179971,51,3753
176167,179902,179973,71,3735
176167,179918,179973,55,3751
176167,179921,179973,52,3754
176167,179916,179973,57,3749
176167,179920,179975,55,3753
176167,179919,179975,56,3752
176167,179913,179977,64,3746
176167,179923,179979,56,3756
176167,179923,179980,57,3756
176167,179925,179987,62,3758
176167,179923,179988,65,3756
176167,179927,179989,62,3760
176167,179934,179993,59,3767
176167,179927,179995,68,3760
176167,179933,179996,63,3766
176167,179930,179997,67,3763
176167,179929,179998,69,3762
176167,179932,179999,67,3765
176167,179933,179999,66,3766
176167,179934,179999,65,3767
176167,179934,180001,67,3767
176167,179934,180002,68,3767
176167,179936,180003,67,3769
176167,179937,180003,66,3770
176167,179938,180004,66,3771
176167,179945,180006,61,3778
176167,179937,180007,70,3770
176167,179941,180008,67,3774
176167,179946,180009,63,3779
176167,179939,180010,71,3772
176167,179945,180011,66,3778
176167,179946,180011,65,3779
176167,179948,180012,64,3781
176167,179949,180014,65,3782
176167,179951,180013,62,3784
176167,179950,180015,65,3783
176167,179950,180016,66,3783
176167,179952,180017,65,3785
176167,179951,180019,68,3784
176167,179953,180020,67,3786
176167,179946,180020,74,3779
176167,179955,180022,67,3788
176167,179954,180022,68,3787
176167,179958,180024,66,3791
176167,179958,180024,66,3791
176167,179948,180024,76,3781
176167,179957,180025,68,3790
176167,179953,180025,72,3786
176167,179954,180027,73,3787
176167,179943,180027,84,3776
176167,179958,180028,70,3791
176167,179953,180028,75,3786
176167,179958,180029,71,3791
176167,179954,180029,75,3787
176167,179959,180029,70,3792
176167,179961,180030,69,3794
176167,179956,180030,74,3789
176167,179962,180032,70,3795
176167,179960,180032,72,3793
176167,179960,180033,73,3793
176167,179969,180033,64,3802
176167,179974,180032,58,3807
176167,179956,180033,77,3789
176167,179966,180033,67,3799
176167,179958,180033,75,3791
176167,179953,180033,80,3786
176167,179955,180033,78,3788
176167,179960,180034,74,3793
176167,179963,180038,75,3796
176167,179966,180039,73,3799
176167,179972,180039,67,3805
176167,179976,180039,63,3809
176167,179961,180040,79,3794
176167,179963,180040,77,3796
176167,179966,180041,75,3799
176167,179975,180041,66,3808
176167,179973,180042,69,3806
176167,179973,180043,70,3806
176167,179979,180044,65,3812
176167,179977,180046,69,3810
176167,179968,180047,79,3801
176167,179974,180047,73,3807
176167,179981,180047,66,3814
176167,179972,180051,79,3805
176167,179995,180062,67,3828
176167,179990,180063,73,3823
176167,179987,180063,76,3820
176167,179994,180065,71,3827
176167,179996,180065,69,3829
176167,180014,180066,52,3847
176167,180019,180068,49,3852
176167,179988,180067,79,3821
176167,180018,180069,51,3851
176167,180002,180070,68,3835
176167,180004,180071,67,3837
176167,180020,180071,51,3853
176167,180000,180072,72,3833
176167,180004,180072,68,3837
176167,179999,180073,74,3832
176167,180015,180074,59,3848
176167,180020,180074,54,3853
176167,180017,180075,58,3850
176167,180000,180075,75,3833
176167,180008,180076,68,3841
176167,179999,180076,77,3832
176167,180014,180077,63,3847
176167,180025,180077,52,3858
176167,180005,180077,72,3838
176167,179998,180077,79,3831
176167,180024,180077,53,3857
176167,180007,180077,70,3840
176167,180009,180079,70,3842
176167,180002,180080,78,3835
176167,180022,180081,59,3855
176167,180025,180081,56,3858
176167,180012,180081,69,3845
176167,180010,180081,71,3843
176167,180028,180083,55,3861
176167,180033,180084,51,3866
176167,180010,180085,75,3843
176167,180012,180088,76,3845
176167,180024,180088,64,3857
176167,180034,180092,58,3867
176167,180011,180093,82,3844
176167,180028,180093,65,3861
176167,180026,180095,69,3859
176167,180039,180097,58,3872
176167,180030,180097,67,3863
176167,180022,180099,77,3855
176167,180031,180099,68,3864
176167,180028,180100,72,3861
176167,180033,180100,67,3866
176167,180033,180100,67,3866
176167,180034,180101,67,3867
176167,180034,180101,67,3867
176167,180030,180101,71,3863
176167,180032,180101,69,3865
176167,180034,180103,69,3867
176167,180031,180105,74,3864
176167,180028,180106,78,3861
176167,180034,180106,72,3867
176167,180034,180106,72,3867
176167,180042,180108,66,3875
176167,180041,180108,67,3874
176167,180029,180109,80,3862
176167,180047,180109,62,3880
176167,180040,180109,69,3873
176167,180045,180110,65,3878
176167,180040,180110,70,3873
176167,180048,180111,63,3881
176167,180041,180111,70,3874
176167,180033,180111,78,3866
176167,180043,180112,69,3876
176167,180040,180113,73,3873
176167,180047,180115,68,3880
176167,180042,180117,75,3875
176167,180048,180120,72,3881
176167,180044,180124,80,3877
176167,180063,180125,62,3896
176115,178708,180131,1423,2593
176167,180051,180130,79,3884
176167,180076,180131,55,3909
176167,180066,180132,66,3899
176167,180068,180133,65,3901
176167,180072,180132,60,3905
176167,180076,180134,58,3909
176167,180068,180134,66,3901
176167,180063,180135,72,3896
176167,180078,180135,57,3911
176167,180067,180136,69,3900
176167,180072,180137,65,3905
176167,180077,180138,61,3910
176167,180070,180139,69,3903
176167,180085,180139,54,3918
176167,180064,180139,75,3897
176167,180075,180140,65,3908
176167,180082,180140,58,3915
176167,180078,180140,62,3911
176167,180082,180140,58,3915
176167,180073,180140,67,3906
176167,180077,180141,64,3910
176167,180077,180142,65,3910
176167,180076,180144,68,3909
176167,180077,180143,66,3910
176167,180072,180145,73,3905
176167,180082,180146,64,3915
176167,180085,180146,61,3918
176167,180081,180145,64,3914
176167,180070,180147,77,3903
176167,180082,180146,64,3915
176167,180065,180147,82,3898
176167,180075,180147,72,3908
176167,180080,180148,68,3913
176167,180077,180148,71,3910
176167,180089,180150,61,3922
176167,180073,180151,78,3906
176167,180084,180153,69,3917
176167,180092,180153,61,3925
176167,180093,180153,60,3926
176167,180094,180155,61,3927
176167,180089,180156,67,3922
176167,180101,180156,55,3934
176167,180098,180156,58,3931
176167,180096,180156,60,3929
176167,180101,180157,56,3934
176167,180100,180159,59,3933
176167,180101,180160,59,3934
176167,180099,180164,65,3932
176167,180108,180164,56,3941
176167,180102,180166,64,3935
176167,180106,180166,60,3939
176167,180097,180167,70,3930
176167,180101,180167,66,3934
176167,180111,180169,58,3944
176167,180106,180169,63,3939
176167,180099,180170,71,3932
176167,180107,180171,64,3940
176167,180103,180171,68,3936
176167,180102,180171,69,3935
176167,180109,180171,62,3942
176167,180113,180172,59,3946
176167,180110,180173,63,3943
176167,180111,180173,62,3944
176167,180109,180174,65,3942
176167,180110,180175,65,3943
176167,180111,180176,65,3944
176167,180117,180177,60,3950
176167,180108,180177,69,3941
176167,180112,180178,66,3945
176167,180112,180178,66,3945
176167,180115,180185,70,3948
176167,180107,180185,78,3940
176171,180132,180187,55,3961
176171,180125,180189,64,3954
176171,180131,180191,60,3960
176171,180131,180192,61,3960
176171,180125,180194,69,3954
176171,180133,180197,64,3962
176171,180132,180198,66,3961
176171,180139,180199,60,3968
176171,180141,180200,59,3970
176171,180133,180200,67,3962
176171,180135,180201,66,3964
176171,180141,180201,60,3970
176171,180136,180202,66,3965
176171,180141,180203,62,3970
176171,180139,180205,66,3968
176171,180136,180204,68,3965
176171,180136,180205,69,3965
176171,180134,180205,71,3963
176171,180142,180206,64,3971
176171,180138,180209,71,3967
176171,180147,180209,62,3976
176171,180140,180209,69,3969
176171,180141,180210,69,3970
176171,180145,180212,67,3974
176171,180144,180212,68,3973
176171,180144,180212,68,3973
176171,180146,180212,66,3975
176171,180141,180212,71,3970
176171,180147,180213,66,3976
176171,180149,180214,65,3978
176171,180150,180214,64,3979
176171,180140,180215,75,3969
176171,180154,180215,61,3983
176171,180147,180216,69,3976
176171,180146,180218,72,3975
176171,180157,180217,60,3986
176171,180153,180219,66,3982
176171,180147,180219,72,3976
176171,180148,180219,71,3977
176171,180152,180221,69,3981
176171,180139,180222,83,3968
176171,180157,180223,66,3986
176171,180155,180223,68,3984
176171,180158,180224,66,3987
176171,180153,180224,71,3982
176171,180156,180225,69,3985
176171,180160,180225,65,3989
176171,180146,180227,81,3975
176171,180158,180227,69,3987
176171,180159,180227,68,3988
176171,180167,180231,64,3996
176171,180165,180231,66,3994
176171,180165,180232,67,3994
176171,180171,180238,67,4000
176171,180168,180239,71,3997
176171,180172,180241,69,4001
176171,180177,180242,65,4006
176171,180167,180242,75,3996
176171,180177,180242,65,4006
176171,180174,180242,68,4003
176171,180170,180243,73,3999
176171,180172,180244,72,4001
176171,180175,180245,70,4004
176171,180178,180246,68,4007
176171,180176,180246,70,4005
176171,180169,180248,79,3998
176171,180178,180248,70,4007
176171,180172,180249,77,4001
176171,180179,180249,70,4008
176171,180173,180251,78,4002
176171,180172,180252,80,4001
176171,180174,180252,78,4003
176171,180186,180253,67,4015
176171,180187,180253,66,4016
176171,180185,180254,69,4014
176171,180191,180259,68,4020
176171,180195,180261,66,4024
176171,180197,180263,66,4026
176171,180190,180264,74,4019
176171,180193,180264,71,4022
176171,180199,180265,66,4028
176171,180195,180267,72,4024
176171,180199,180268,69,4028
176171,180202,180271,69,4031
176171,180201,180272,71,4030
176171,180203,180272,69,4032
176171,180203,180273,70,4032
176171,180206,180276,70,4035
176171,180201,180277,76,4030
176171,180202,180277,75,4031
176171,180207,180279,72,4036
176171,180210,180279,69,4039
176171,180205,180279,74,4034
176171,180210,180279,69,4039
176171,180206,180279,73,4035
176171,180213,180280,67,4042
176171,180209,180280,71,4038
176171,180205,180280,75,4034
176171,180212,180281,69,4041
176171,180215,180281,66,4044
176171,180213,180282,69,4042
176171,180213,180282,69,4042
176171,180213,180282,69,4042
176171,180213,180284,71,4042
176171,180216,180284,68,4045
176171,180214,180286,72,4043
176171,180220,180287,67,4049
176171,180218,180287,69,4047
176171,180216,180288,72,4045
176171,180219,180288,69,4048
176171,180222,180288,66,4051
176171,180218,180289,71,4047
176171,180210,180291,81,4039
176171,180217,180291,74,4046
176171,180224,180291,67,4053
176171,180224,180292,68,4053
176171,180225,180292,67,4054
176171,180222,180293,71,4051
176171,180226,180297,71,4055
176171,180227,180298,71,4056
176171,180220,180298,78,4049
176171,180227,180298,71,4056
176171,180225,180299,74,4054
176171,180232,180301,69,4061
176171,180228,180301,73,4057
176171,180223,180301,78,4052
176171,180231,180304,73,4060
176171,180233,180304,71,4062
176171,180242,180305,63,4071
176171,180238,180313,75,4067
176171,180242,180317,75,4071
176171,180241,180316,75,4070
176171,180243,180317,74,4072
176171,180243,180317,74,4072
176171,180248,180319,71,4077
176171,180240,180319,79,4069
176171,180246,180320,74,4075
176171,180250,180320,70,4079
176171,180246,180321,75,4075
176171,180242,180322,80,4071
176171,180246,180324,78,4075
176171,180249,180325,76,4078
176171,180253,180325,72,4082
176171,180248,180325,77,4077
176171,180245,180326,81,4074
176171,180251,180327,76,4080
176171,180255,180329,74,4084
176171,180252,180329,77,4081
176171,180253,180332,79,4082
176171,180253,180332,79,4082
176171,180261,180334,73,4090
176171,180260,180336,76,4089
176124,178945,180336,1391,2821
176171,180266,180336,70,4095
176171,180263,180337,74,4092
176171,180265,180342,77,4094
176171,180268,180342,74,4097
176171,180268,180343,75,4097
176171,180278,180344,66,4107
176171,180273,180344,71,4102
176171,180265,180344,79,4094
176171,180273,180346,73,4102
176171,180284,180347,63,4113
176171,180272,180347,75,4101
176171,180280,180349,69,4109
176171,180271,180350,79,4100
176171,180280,180349,69,4109
176171,180276,180350,74,4105
176171,180280,180352,72,4109
176171,180280,180352,72,4109
176171,180280,180352,72,4109
176171,180282,180352,70,4111
176171,180282,180353,71,4111
176171,180277,180355,78,4106
176171,180286,180356,70,4115
176171,180280,180356,76,4109
176171,180288,180358,70,4117
176171,180285,180358,73,4114
176171,180279,180360,81,4108
176171,180291,180360,69,4120
176171,180281,180361,80,4110
176171,180283,180360,77,4112
176171,180282,180360,78,4111
176171,180290,180362,72,4119
176171,180289,180363,74,4118
176171,180287,180364,77,4116
176171,180289,180364,75,4118
176171,180289,180364,75,4118
176171,180291,180365,74,4120
176171,180301,180366,65,4130
176171,180282,180366,84,4111
176171,180302,180367,65,4131
176171,180292,180368,76,4121
176171,180293,180369,76,4122
176171,180292,180370,78,4121
176171,180297,180370,73,4126
176171,180305,180372,67,4134
176171,180302,180373,71,4131
176171,180298,180373,75,4127
176171,180298,180373,75,4127
176171,180300,180374,74,4129
176171,180306,180375,69,4135
176171,180317,180376,59,4146
176171,180293,180378,85,4122
176171,180304,180378,74,4133
176171,180299,180380,81,4128
176171,180314,180383,69,4143
176171,180317,180385,68,4146
176171,180318,180385,67,4147
176171,180320,180385,65,4149
176171,180323,180386,63,4152
176171,180327,180387,60,4156
176171,180318,180386,68,4147
176171,180325,180389,64,4154
176171,180326,180391,65,4155
176171,180329,180394,65,4158
176171,180325,180394,69,4154
176171,180321,180396,75,4150
176171,180321,180396,75,4150
176171,180322,180396,74,4151
176171,180328,180398,70,4157
176171,180330,180398,68,4159
176171,180320,180399,79,4149
176171,180334,180399,65,4163
176171,180336,180399,63,4165
176171,180333,180400,67,4162
176171,180332,180402,70,4161
176171,180337,180403,66,4166
176171,180337,180408,71,4166
176171,180344,180408,64,4173
176171,180343,180408,65,4172
176171,180343,180412,69,4172
176171,180348,180413,65,4177
176171,180345,180414,69,4174
176171,180350,180415,65,4179
176171,180343,180415,72,4172
176171,180352,180415,63,4181
176171,180345,180417,72,4174
176171,180351,180418,67,4180
176171,180353,180418,65,4182
176171,180354,180419,65,4183
176171,180352,180420,68,4181
176171,180352,180421,69,4181
176171,180350,180422,72,4179
176202,180360,180423,63,4158
176171,180356,180423,67,4185
176202,180361,180424,63,4159
176202,180358,180424,66,4156
176202,180362,180424,62,4160
176202,180363,180425,62,4161
176171,180350,180415,65,4179
176171,180356,180419,63,4185
176202,180370,180426,56,4168
176202,180361,180427,66,4159
176171,180346,180426,80,4175
176202,180368,180429,61,4166
176202,180367,180429,62,4165
176202,180365,180430,65,4163
176202,180364,180430,66,4162
176202,180366,180430,64,4164
176202,180361,180432,71,4159
176202,180361,180432,71,4159
176202,180376,180435,59,4174
176171,180325,180410,85,4154
176171,180338,180414,76,4167
176171,180348,180421,73,4177
176202,180366,180423,57,4164
176202,180365,180436,71,4163
176202,180373,180437,64,4171
176202,180366,180437,71,4164
176202,180374,180439,65,4172
176202,180374,180441,67,4172
176202,180373,180442,69,4171
176202,180378,180441,63,4176
176202,180377,180442,65,4175
176202,180374,180445,71,4172
176202,180380,180446,66,4178
176202,180370,180447,77,4168
176202,180371,180447,76,4169
176202,180386,180448,62,4184
176202,180378,180451,73,4176
176202,180388,180453,65,4186
176202,180383,180456,73,4181
176202,180396,180456,60,4194
176202,180386,180457,71,4184
176202,180387,180458,71,4185
176202,180387,180459,72,4185
176202,180390,180460,70,4188
176202,180391,180460,69,4189
176202,180395,180465,70,4193
176202,180396,180465,69,4194
176202,180400,180465,65,4198
176202,180386,180465,79,4184
176202,180395,180465,70,4193
176202,180400,180469,69,4198
176202,180400,180469,69,4198
176202,180398,180471,73,4196
176202,180404,180473,69,4202
176202,180409,180474,65,4207
176202,180403,180475,72,4201
176202,180401,180475,74,4199
176202,180397,180477,80,4195
176202,180409,180482,73,4207
176202,180419,180482,63,4217
176202,180413,180483,70,4211
176202,180419,180483,64,4217
176202,180413,180485,72,4211
176202,180409,180486,77,4207
176202,180418,180486,68,4216
176202,180416,180486,70,4214
176202,180415,180488,73,4213
176202,180415,180488,73,4213
176202,180422,180489,67,4220
176202,180419,180489,70,4217
176202,180420,180490,70,4218
176202,180431,180492,61,4229
176202,180427,180493,66,4225
176202,180425,180493,68,4223
176202,180425,180494,69,4223
176202,180422,180496,74,4220
176202,180425,180495,70,4223
176202,180430,180499,69,4228
176202,180424,180499,75,4222
176202,180430,180499,69,4228
176202,180426,180500,74,4224
176202,180425,180501,76,4223
176202,180424,180501,77,4222
176202,180427,180501,74,4225
176202,180433,180501,68,4231
176202,180432,180503,71,4230
176202,180426,180503,77,4224
176202,180426,180503,77,4224
176202,180431,180503,72,4229
176202,180437,180504,67,4235
176202,180442,180504,62,4240
176202,180436,180506,70,4234
176202,180431,180506,75,4229
176202,180436,180507,71,4234
176202,180437,180507,70,4235
176202,180442,180509,67,4240
176202,180440,180510,70,4238
176202,180436,180511,75,4234
176202,180438,180511,73,4236
176202,180427,180512,85,4225
176202,180445,180512,67,4243
176202,180436,180513,77,4234
176202,180436,180514,78,4234
176202,180436,180514,78,4234
176202,180442,180516,74,4240
176202,180449,180516,67,4247
176202,180446,180516,70,4244
176202,180448,180516,68,4246
176202,180441,180517,76,4239
176202,180457,180524,67,4255
176202,180460,180525,65,4258
176202,180456,180525,69,4254
176202,180452,180525,73,4250
176202,180448,180526,78,4246
176202,180459,180528,69,4257
176202,180458,180529,71,4256
176202,180453,180529,76,4251
176202,180460,180534,74,4258
176202,180466,180534,68,4264
176202,180466,180536,70,4264
176202,180466,180536,70,4264
176202,180461,180537,76,4259
176202,180466,180538,72,4264
176202,180469,180538,69,4267
176202,180465,180539,74,4263
176202,180486,180540,54,4284
176202,180471,180542,71,4269
176202,180487,180542,55,4285
176202,180489,180542,53,4287
176202,180494,180543,49,4292
176202,180488,180544,56,4286
176202,180473,180544,71,4271
176202,180483,180546,63,4281
176202,180474,180547,73,4272
176202,180477,180548,71,4275
176202,180476,180548,72,4274
176202,180494,180548,54,4292
176202,180475,180548,73,4273
176202,180488,180549,61,4286
176202,180486,180549,63,4284
176202,180485,180550,65,4283
176202,180470,180550,80,4268
176202,180490,180552,62,4288
176202,180482,180552,70,4280
176202,180496,180555,59,4294
176202,180484,180555,71,4282
176202,180491,180557,66,4289
176202,180493,180560,67,4291
176202,180494,180560,66,4292
176202,180483,180561,78,4281
176202,180501,180567,66,4299
176202,180500,180567,67,4298
176202,180502,180569,67,4300
176202,180496,180569,73,4294
176202,180500,180570,70,4298
176202,180502,180572,70,4300
176202,180503,180574,71,4301
176202,180504,180574,70,4302
176202,180502,180575,73,4300
176137,179176,180576,1400,3039
176202,180500,180576,76,4298
176202,180499,180578,79,4297
176202,180507,180578,71,4305
176202,180504,180579,75,4302
176202,180506,180579,73,4304
176202,180508,180582,74,4306
176202,180503,180582,79,4301
176202,180514,180583,69,4312
176202,180505,180583,78,4303
176202,180508,180584,76,4306
176202,180510,180584,74,4308
176202,180515,180585,70,4313
176202,180505,180585,80,4303
176202,180512,180585,73,4310
176202,180513,180585,72,4311
176202,180515,180588,73,4313
176202,180513,180588,75,4311
176202,180512,180589,77,4310
176202,180510,180589,79,4308
176202,180517,180590,73,4315
176202,180517,180591,74,4315
176202,180518,180591,73,4316
176202,180525,180591,66,4323
176202,180517,180591,74,4315
176202,180526,180592,66,4324
176202,180525,180593,68,4323
176202,180517,180593,76,4315
176202,180529,180596,67,4327
176202,180534,180600,66,4332
176202,180534,180602,68,4332
176202,180529,180603,74,4327
176202,180530,180603,73,4328
176202,180526,180604,78,4324
176202,180537,180605,68,4335
176202,180538,180606,68,4336
176202,180540,180608,68,4338
176202,180543,180609,66,4341
176202,180526,180611,85,4324
176202,180536,180611,75,4334
176202,180543,180611,68,4341
176202,180545,180613,68,4343
176202,180538,180613,75,4336
176202,180541,180613,72,4339
176202,180537,180615,78,4335
176202,180543,180615,72,4341
176202,180549,180616,67,4347
176202,180547,180618,71,4345
176202,180548,180619,71,4346
176202,180547,180619,72,4345
176202,180550,180621,71,4348
176202,180553,180620,67,4351
176202,180548,180622,74,4346
176202,180549,180623,74,4347
176202,180545,180623,78,4343
176202,180551,180623,72,4349
176202,180544,180624,80,4342
176202,180562,180625,63,4360
176202,180551,180626,75,4349
176202,180556,180626,70,4354
176202,180558,180628,70,4356
176202,180553,180629,76,4351
176202,180549,180628,79,4347
176202,180555,180629,74,4353
176202,180560,180632,72,4358
176202,180560,180633,73,4358
176202,180567,180635,68,4365
176202,180570,180636,66,4368
176202,180571,180635,64,4369
176202,180579,180638,59,4377
176202,180570,180639,69,4368
176202,180575,180640,65,4373
176202,180568,180641,73,4366
176202,180573,180648,75,4371
176202,180575,180649,74,4373
176202,180585,180649,64,4383
176202,180577,180650,73,4375
176202,180585,180650,65,4383
176202,180579,180650,71,4377
176202,180577,180651,74,4375
176202,180580,180652,72,4378
176202,180589,180654,65,4387
176202,180586,180653,67,4384
176202,180583,180654,71,4381
176202,180579,180655,76,4377
176202,180584,180656,72,4382
176202,180575,180655,80,4373
176202,180583,180657,74,4381
176202,180586,180657,71,4384
176202,180590,180658,68,4388
176202,180583,180658,75,4381
176202,180583,180659,76,4381
176202,180589,180659,70,4387
176202,180591,180661,70,4389
176202,180588,180661,73,4386
176211,180593,180662,69,4382
176202,180591,180662,71,4389
176211,180597,180662,65,4386
176202,180590,180663,73,4388
176211,180594,180663,69,4383
176202,180585,180663,78,4383
176211,180601,180664,63,4390
176211,180593,180664,71,4382
176211,180603,180664,61,4392
176211,180603,180665,62,4392
176211,180606,180667,61,4395
176211,180610,180668,58,4399
176211,180611,180669,58,4400
176211,180612,180672,60,4401
176202,180591,180672,81,4389
176211,180606,180673,67,4395
176211,180604,180673,69,4393
176211,180602,180674,72,4391
176211,180611,180674,63,4400
176211,180616,180677,61,4405
176211,180613,180678,65,4402
176211,180621,180678,57,4410
176211,180619,180679,60,4408
176211,180609,180679,70,4398
176211,180616,180684,68,4405
176211,180620,180683,63,4409
176211,180614,180683,69,4403
176211,180613,180685,72,4402
176211,180624,180685,61,4413
176211,180621,180686,65,4410
176211,180620,180687,67,4409
176211,180617,180687,70,4406
176211,180623,180688,65,4412
176211,180625,180688,63,4414
176211,180623,180690,67,4412
176211,180624,180690,66,4413
176211,180625,180692,67,4414
176211,180628,180695,67,4417
176211,180629,180695,66,4418
176211,180630,180696,66,4419
176211,180626,180696,70,4415
176211,180633,180698,65,4422
176211,180628,180699,71,4417
176211,180636,180700,64,4425
176211,180634,180701,67,4423
176211,180636,180701,65,4425
176211,180636,180702,66,4425
176211,180640,180707,67,4429
176211,180641,180709,68,4430
176211,180638,180709,71,4427
176211,180641,180711,70,4430
176211,180650,180713,63,4439
176211,180651,180713,62,4440
176211,180648,180716,68,4437
176211,180651,180716,65,4440
176211,180650,180716,66,4439
176211,180653,180718,65,4442
176211,180652,180720,68,4441
176211,180651,180719,68,4440
176211,180656,180723,67,4445
176211,180654,180723,69,4443
176211,180656,180723,67,4445
176211,180658,180724,66,4447
176211,180655,180725,70,4444
176211,180657,180726,69,4446
176211,180662,180725,63,4451
176211,180658,180727,69,4447
176211,180664,180727,63,4453
176211,180662,180728,66,4451
176211,180654,180728,74,4443
176211,180656,180729,73,4445
176211,180659,180729,70,4448
176211,180662,180730,68,4451
176211,180664,180730,66,4453
176211,180665,180733,68,4454
176211,180664,180732,68,4453
176211,180659,180733,74,4448
176211,180663,180733,70,4452
176211,180665,180734,69,4454
176211,180659,180734,75,4448
176211,180666,180735,69,4455
176211,180662,180736,74,4451
176211,180661,180737,76,4450
176211,180668,180740,72,4457
176211,180665,180739,74,4454
176211,180668,180740,72,4457
176211,180670,180740,70,4459
176211,180674,180742,68,4463
176211,180678,180743,65,4467
176211,180674,180744,70,4463
176211,180673,180745,72,4462
176211,180677,180745,68,4466
176211,180679,180745,66,4468
176211,180675,180746,71,4464
176211,180675,180746,71,4464
176211,180673,180747,74,4462
176211,180679,180748,69,4468
176211,180684,180751,67,4473
176211,180685,180754,69,4474
176211,180689,180754,65,4478
176211,180686,180755,69,4475
176211,180678,180755,77,4467
176211,180688,180756,68,4477
176211,180687,180758,71,4476
176211,180684,180759,75,4473
176211,180688,180760,72,4477
176211,180684,180761,77,4473
176211,180690,180761,71,4479
176211,180688,180763,75,4477
176211,180690,180762,72,4479
176211,180698,180763,65,4487
176211,180696,180764,68,4485
176211,180696,180765,69,4485
176211,180696,180766,70,4485
176211,180693,180766,73,4482
176211,180701,180768,67,4490
176211,180700,180768,68,4489
176211,180697,180770,73,4486
176211,180701,180770,69,4490
176211,180703,180777,74,4492
176211,180707,180779,72,4496
176211,180702,180779,77,4491
176211,180711,180779,68,4500
176211,180709,180781,72,4498
176211,180710,180783,73,4499
176211,180724,180786,62,4513
176211,180714,180786,72,4503
176211,180726,180786,60,4515
176211,180717,180788,71,4506
176211,180714,180788,74,4503
176211,180728,180792,64,4517
176211,180719,180792,73,4508
176211,180728,180792,64,4517
176211,180725,180793,68,4514
176211,180728,180795,67,4517
176211,180716,180794,78,4505
176211,180717,180796,79,4506
176211,180724,180797,73,4513
176211,180720,180800,80,4509
176211,180729,180802,73,4518
176211,180729,180803,74,4518
176211,180735,180803,68,4524
176211,180720,180803,83,4509
176211,180726,180804,78,4515
176211,180725,180804,79,4514
176211,180733,180806,73,4522
176211,180734,180806,72,4523
176211,180724,180807,83,4513
176211,180731,180807,76,4520
176211,180747,180808,61,4536
176211,180735,180808,73,4524
176211,180730,180809,79,4519
176211,180733,180809,76,4522
176211,180733,180809,76,4522
176211,180731,180810,79,4520
176211,180740,180810,70,4529
176211,180738,180811,73,4527
176211,180740,180813,73,4529
176146,179424,180814,1390,3278
176211,180740,180814,74,4529
176211,180735,180815,80,4524
176211,180744,180816,72,4533
176211,180737,180818,81,4526
176211,180740,180819,79,4529
176211,180742,180820,78,4531
176211,180746,180820,74,4535
176211,180749,180820,71,4538
176211,180746,180822,76,4535
176211,180755,180822,67,4544
176211,180744,180824,80,4533
176211,180747,180825,78,4536
176211,180745,180826,81,4534
176211,180755,180827,72,4544
176211,180746,180828,82,4535
176211,180759,180832,73,4548
176211,180756,180833,77,4545
176211,180752,180833,81,4541
176211,180757,180834,77,4546
176211,180766,180834,68,4555
176211,180754,180834,80,4543
176211,180763,180836,73,4552
176211,180766,180836,70,4555
176211,180763,180837,74,4552
176211,180760,180838,78,4549
176211,180761,180838,77,4550
176211,180767,180839,72,4556
176211,180765,180839,74,4554
176211,180770,180840,70,4559
176211,180762,180840,78,4551
176211,180762,180841,79,4551
176211,180763,180842,79,4552
176211,180770,180844,74,4559
176211,180768,180844,76,4557
176211,180780,180848,68,4569
176211,180768,180850,82,4557
176211,180779,180851,72,4568
176211,180793,180854,61,4582
176211,180787,180854,67,4576
176211,180779,180855,76,4568
176211,180787,180855,68,4576
176211,180786,180855,69,4575
176211,180789,180857,68,4578
176211,180778,180857,79,4567
176211,180785,180858,73,4574
176211,180788,180858,70,4577
176211,180781,180859,78,4570
176211,180797,180862,65,4586
176211,180795,180862,67,4584
176211,180794,180863,69,4583
176211,180792,180863,71,4581
176211,180803,180865,62,4592
176211,180804,180866,62,4593
176211,180800,180866,66,4589
176211,180793,180867,74,4582
176211,180796,180867,71,4585
176211,180809,180869,60,4598
176211,180795,180869,74,4584
176211,180809,180871,62,4598
176211,180810,180871,61,4599
176211,180803,180872,69,4592
176211,180810,180872,62,4599
176211,180805,180872,67,4594
176211,180802,180873,71,4591
176211,180816,180874,58,4605
176211,180808,180874,66,4597
176211,180805,180874,69,4594
176211,180820,180877,57,4609
176211,180814,180877,63,4603
176211,180810,180879,69,4599
176211,180807,180880,73,4596
176211,180814,180880,66,4603
176211,180811,180881,70,4600
176211,180807,180881,74,4596
176211,180806,180882,76,4595
176211,180809,180882,73,4598
176211,180814,180883,69,4603
176211,180812,180883,71,4601
176211,180815,180883,68,4604
176211,180823,180885,62,4612
176211,180821,180887,66,4610
176211,180819,180887,68,4608
176211,180827,180889,62,4616
176211,180825,180896,71,4614
176211,180828,180898,70,4617
176211,180835,180897,62,4624
176211,180834,180898,64,4623
176211,180832,180898,66,4621
176211,180825,180899,74,4614
176211,180827,180899,72,4616
176211,180823,180900,77,4612
176211,180818,180902,84,4607
176216,180841,180905,64,4625
176211,180834,180906,72,4623
176216,180836,180907,71,4620
176216,180838,180907,69,4622
176211,180834,180906,72,4623
176211,180833,180907,74,4622
176216,180838,180907,69,4622
176216,180840,180908,68,4624
176216,180839,180909,70,4623
176211,180820,180884,64,4609
176216,180838,180902,64,4622
176216,180840,180909,69,4624
176216,180842,180910,68,4626
176216,180845,180913,68,4629
176216,180852,180914,62,4636
176216,180845,180915,70,4629
176216,180849,180916,67,4633
176216,180842,180918,76,4626
176216,180855,180920,65,4639
176216,180857,180920,63,4641
176216,180850,180922,72,4634
176216,180855,180922,67,4639
176216,180856,180924,68,4640
176216,180862,180926,64,4646
176216,180863,180926,63,4647
176216,180858,180928,70,4642
176216,180863,180928,65,4647
176216,180858,180928,70,4642
176216,180855,180929,74,4639
176216,180867,180932,65,4651
176216,180863,180932,69,4647
176216,180867,180934,67,4651
176216,180866,180935,69,4650
176216,180859,180935,76,4643
176216,180857,180935,78,4641
176216,180856,180935,79,4640
176216,180869,180938,69,4653
176216,180875,180937,62,4659
176216,180866,180938,72,4650
176216,180870,180939,69,4654
176216,180872,180939,67,4656
176216,180867,180940,73,4651
176216,180875,180941,66,4659
176216,180872,180940,68,4656
176216,180873,180942,69,4657
176216,180874,180942,68,4658
176216,180881,180943,62,4665
176216,180875,180944,69,4659
176216,180872,180945,73,4656
176216,180880,180944,64,4664
176216,180872,180945,73,4656
176216,180884,180946,62,4668
176216,180877,180946,69,4661
176216,180883,180947,64,4667
176216,180883,180947,64,4667
176216,180880,180949,69,4664
176216,180887,180949,62,4671
176216,180883,180950,67,4667
176216,180881,180951,70,4665
176216,180882,180951,69,4666
176216,180886,180953,67,4670
176216,180882,180954,72,4666
176216,180890,180956,66,4674
176216,180887,180957,70,4671
176216,180898,180963,65,4682
176216,180898,180966,68,4682
176216,180900,180966,66,4684
176216,180898,180967,69,4682
176216,180900,180969,69,4684
176216,180897,180969,72,4681
176216,180900,180972,72,4684
176216,180908,180973,65,4692
176216,180910,180975,65,4694
176216,180899,180975,76,4683
176216,180908,180976,68,4692
176216,180906,180976,70,4690
176216,180910,180977,67,4694
176216,180903,180977,74,4687
176216,180909,180978,69,4693
176216,180907,180978,71,4691
176216,180907,180980,73,4691
176216,180910,180981,71,4694
176216,180913,180982,69,4697
176216,180907,180983,76,4691
176216,180915,180982,67,4699
176216,180920,180983,63,4704
176216,180910,180983,73,4694
176216,180910,180983,73,4694
176216,180920,180984,64,4704
176216,180907,180986,79,4691
176216,180911,180987,76,4695
176216,180923,180987,64,4707
176216,180916,180989,73,4700
176216,180923,180990,67,4707
176216,180915,180991,76,4699
176216,180918,180992,74,4702
176216,180928,180993,65,4712
176216,180929,180996,67,4713
176216,180928,180997,69,4712
176216,180930,180998,68,4714
176216,180935,180999,64,4719
176216,180927,181000,73,4711
176216,180936,181001,65,4720
176216,180932,181001,69,4716
176216,180927,181002,75,4711
176216,180925,181003,78,4709
176216,180933,181003,70,4717
176216,180936,181003,67,4720
176216,180954,181005,51,4738
176216,180936,181006,70,4720
176216,180935,181007,72,4719
176216,180938,181007,69,4722
176216,180938,181009,71,4722
176216,180939,181009,70,4723
176216,180952,181010,58,4736
176216,180953,181010,57,4737
176216,180943,181011,68,4727
176216,180940,181012,72,4724
176216,180958,181011,53,4742
176216,180941,181012,71,4725
176216,180941,181012,71,4725
176216,180941,181014,73,4725
176216,180967,181015,48,4751
176216,180944,181015,71,4728
176216,180956,181016,60,4740
176216,180945,181016,71,4729
176216,180946,181016,70,4730
176216,180942,181016,74,4726
176216,180951,181016,65,4735
176216,180940,181017,77,4724
176216,180942,181018,76,4726
176216,180946,181019,73,4730
176216,180948,181020,72,4732
176216,180950,181020,70,4734
176216,180947,181021,74,4731
176216,180950,181020,70,4734
176216,180947,181021,74,4731
176216,180952,181022,70,4736
176216,180945,181023,78,4729
176216,180964,181024,60,4748
176216,180969,181024,55,4753
176216,180967,181025,58,4751
176216,180968,181027,59,4752
176216,180974,181030,56,4758
176160,179661,181031,1370,3501
176216,180970,181032,62,4754
176216,180975,181036,61,4759
176216,180975,181038,63,4759
176216,180973,181046,73,4757
176216,180978,181049,71,4762
176216,180988,181052,64,4772
176216,180984,181053,69,4768
176216,180983,181053,70,4767
176216,180978,181055,77,4762
176216,180985,181055,70,4769
176216,180976,181055,79,4760
176216,180979,181055,76,4763
176216,180983,181056,73,4767
176216,180977,181056,79,4761
176216,180980,181057,77,4764
176216,180982,181058,76,4766
176216,180989,181058,69,4773
176216,180977,181059,82,4761
176216,180984,181060,76,4768
176216,180984,181061,77,4768
176216,180987,181062,75,4771
176216,180990,181062,72,4774
176216,180987,181063,76,4771
176216,180983,181067,84,4767
176216,180994,181070,76,4778
176216,180992,181071,79,4776
176216,180993,181072,79,4777
176216,180998,181073,75,4782
176216,181003,181072,69,4787
176216,181010,181074,64,4794
176216,181001,181073,72,4785
176216,181006,181073,67,4790
176216,181001,181075,74,4785
176216,180996,181074,78,4780
176216,181003,181077,74,4787
176216,181000,181079,79,4784
176216,180998,181078,80,4782
176216,181000,181079,79,4784
176216,181002,181081,79,4786
176216,181004,181080,76,4788
176216,181021,181082,61,4805
176216,181010,181083,73,4794
176216,181009,181084,75,4793
176216,181017,181085,68,4801
176216,181012,181085,73,4796
176216,181012,181086,74,4796
176216,181015,181086,71,4799
176216,181017,181087,70,4801
176216,181016,181087,71,4800
176216,181011,181088,77,4795
176216,181008,181089,81,4792
176216,181023,181090,67,4807
176216,181013,181090,77,4797
176216,181013,181090,77,4797
176216,181017,181090,73,4801
176216,181007,181091,84,4791
176216,181018,181091,73,4802
176216,181026,181092,66,4810
176216,181012,181092,80,4796
176216,181022,181092,70,4806
176216,181021,181093,72,4805
176216,181017,181092,75,4801
176216,181019,181093,74,4803
176216,181021,181094,73,4805
176216,181017,181095,78,4801
176216,181006,181096,90,4790
176216,181015,181097,82,4799
176216,181024,181098,74,4808
176216,181020,181099,79,4804
176216,181021,181100,79,4805
176216,181028,181101,73,4812
176216,181033,181102,69,4817
176216,181024,181104,80,4808
176216,181032,181104,72,4816
176216,181025,181105,80,4809
176216,181038,181106,68,4822
176216,181049,181106,57,4833
176216,181037,181107,70,4821
176216,181031,181112,81,4815
176216,181046,181114,68,4830
176216,181053,181121,68,4837
176216,181055,181121,66,4839
176216,181056,181122,66,4840
176216,181052,181123,71,4836
176216,181056,181123,67,4840
176216,181056,181126,70,4840
176216,181055,181127,72,4839
176216,181055,181129,74,4839
176216,181058,181129,71,4842
176216,181059,181129,70,4843
176216,181059,181131,72,4843
176216,181057,181132,75,4841
176216,181061,181132,71,4845
176216,181062,181134,72,4846
176216,181063,181134,71,4847
176216,181064,181137,73,4848
176216,181061,181138,77,4845
176216,181071,181138,67,4855
176216,181058,181138,80,4842
176216,181067,181139,72,4851
176216,181073,181140,67,4857
176254,181088,181141,53,4834
176216,181070,181141,71,4854
176254,181087,181142,55,4833
176216,181073,181143,70,4857
176254,181079,181144,65,4825
176254,181081,181145,64,4827
176254,181091,181145,54,4837
176254,181092,181145,53,4838
176216,181075,181145,70,4859
176216,181074,181146,72,4858
176254,181084,181146,62,4830
176216,181074,181146,72,4858
176254,181083,181146,63,4829
176216,181074,181146,72,4858
176216,181072,181146,74,4856
176254,181086,181146,60,4832
176254,181092,181149,57,4838
176254,181087,181148,61,4833
176254,181090,181149,59,4836
176254,181092,181150,58,4838
176254,181089,181150,61,4835
176216,181075,181152,77,4859
176254,181081,181152,71,4827
176254,181093,181152,59,4839
176254,181083,181152,69,4829
176254,181079,181152,73,4825
176254,181085,181152,67,4831
176254,181090,181153,63,4836
176254,181093,181152,59,4839
176254,181093,181153,60,4839
176254,181086,181154,68,4832
176254,181095,181154,59,4841
176254,181090,181154,64,4836
176254,181089,181155,66,4835
176216,181078,181155,77,4862
176254,181093,181157,64,4839
176254,181099,181159,60,4845
176254,181094,181160,66,4840
176254,181093,181163,70,4839
176254,181101,181164,63,4847
176254,181100,181168,68,4846
176254,181097,181169,72,4843
176254,181102,181170,68,4848
176254,181105,181171,66,4851
176254,181100,181172,72,4846
176254,181105,181173,68,4851
176254,181107,181173,66,4853
176254,181096,181173,77,4842
176254,181107,181174,67,4853
176254,181107,181174,67,4853
176254,181105,181176,71,4851
176254,181113,181179,66,4859
176254,181115,181186,71,4861
176254,181122,181188,66,4868
176254,181122,181190,68,4868
176254,181124,181191,67,4870
176254,181122,181192,70,4868
176254,181127,181196,69,4873
176254,181124,181196,72,4870
176254,181131,181197,66,4877
176254,181133,181198,65,4879
176254,181127,181200,73,4873
176254,181130,181201,71,4876
176254,181133,181201,68,4879
176254,181130,181203,73,4876
176254,181130,181205,75,4876
176254,181134,181205,71,4880
176254,181135,181205,70,4881
176254,181138,181206,68,4884
176254,181137,181207,70,4883
176254,181140,181207,67,4886
176254,181144,181208,64,4890
176254,181142,181210,68,4888
176254,181143,181211,68,4889
176254,181147,181212,65,4893
176254,181140,181212,72,4886
176254,181149,181213,64,4895
176254,181138,181212,74,4884
176254,181146,181214,68,4892
176254,181146,181214,68,4892
176254,181155,181215,60,4901
176254,181139,181215,76,4885
176254,181142,181217,75,4888
176254,181153,181218,65,4899
176254,181147,181218,71,4893
176254,181147,181218,71,4893
176254,181149,181218,69,4895
176254,181146,181218,72,4892
176254,181147,181219,72,4893
176254,181147,181219,72,4893
176254,181141,181221,80,4887
176254,181150,181221,71,4896
176254,181150,181222,72,4896
176254,181158,181222,64,4904
176254,181155,181222,67,4901
176254,181147,181222,75,4893
176254,181153,181223,70,4899
176254,181151,181222,71,4897
176254,181153,181223,70,4899
176254,181153,181223,70,4899
176254,181146,181224,78,4892
176254,181153,181224,71,4899
176254,181147,181224,77,4893
176254,181155,181224,69,4901
176254,181153,181226,73,4899
176254,181156,181226,70,4902
176254,181153,181227,74,4899
176254,181160,181227,67,4906
176254,181155,181228,73,4901
176254,181153,181228,75,4899
176254,181152,181229,77,4898
176254,181160,181229,69,4906
176254,181164,181231,67,4910
176254,181168,181235,67,4914
176254,181164,181236,72,4910
176254,181171,181238,67,4917
176254,181169,181240,71,4915
176254,181172,181241,69,4918
176254,181173,181242,69,4919
176254,181174,181244,70,4920
176254,181180,181245,65,4926
176254,181174,181245,71,4920
176254,181172,181247,75,4918
176254,181174,181248,74,4920
176254,181176,181249,73,4922
176254,181205,181255,50,4951
176254,181175,181255,80,4921
176254,181189,181260,71,4935
176254,181205,181261,56,4951
176254,181191,181261,70,4937
176254,181201,181263,62,4947
176254,181201,181264,63,4947
176254,181214,181263,49,4960
176254,181192,181265,73,4938
176254,181190,181265,75,4936
176254,181203,181266,63,4949
176254,181199,181266,67,4945
176254,181206,181267,61,4952
176254,181187,181267,80,4933
176254,181207,181268,61,4953
176254,181208,181269,61,4954
176254,181212,181269,57,4958
176254,181196,181269,73,4942
176254,181206,181271,65,4952
176254,181198,181271,73,4944
176254,181212,181271,59,4958
176254,181196,181272,76,4942
176254,181208,181272,64,4954
176254,181210,181272,62,4956
176254,181200,181274,74,4946
176254,181213,181275,62,4959
176254,181213,181279,66,4959
176254,181215,181280,65,4961
176254,181223,181281,58,4969
176254,181219,181282,63,4965
176254,181216,181285,69,4962
176254,181223,181285,62,4969
176254,181219,181285,66,4965
176254,181221,181285,64,4967
176254,181214,181287,73,4960
176254,181218,181288,70,4964
176254,181224,181287,63,4970
176254,181222,181288,66,4968
176254,181219,181288,69,4965
176254,181221,181289,68,4967
176254,181223,181289,66,4969
176254,181219,181289,70,4965
176254,181226,181290,64,4972
176254,181218,181291,73,4964
176254,181222,181292,70,4968
176254,181215,181292,77,4961
176254,181224,181294,70,4970
176254,181227,181295,68,4973
176254,181225,181295,70,4971
176254,181218,181295,77,4964
176254,181223,181296,73,4969
176254,181218,181296,78,4964
176254,181228,181297,69,4974
176254,181229,181298,69,4975
176254,181236,181300,64,4982
176254,181224,181300,76,4970
176254,181228,181302,74,4974
176254,181232,181301,69,4978
176254,181225,181302,77,4971
176254,181226,181303,77,4972
176254,181224,181303,79,4970
176254,181239,181304,65,4985
176254,181240,181304,64,4986
176254,181245,181305,60,4991
176254,181236,181306,70,4982
176254,181228,181306,78,4974
176254,181243,181308,65,4989
176254,181229,181310,81,4975
176254,181245,181313,68,4991
176254,181241,181313,72,4987
176254,181248,181316,68,4994
176254,181248,181318,70,4994
176254,181249,181319,70,4995
176254,181256,181323,67,5002
176254,181256,181325,69,5002
176254,181260,181327,67,5006
176254,181269,181327,58,5015
176254,181266,181327,61,5012
176254,181246,181328,82,4992
176254,181268,181330,62,5014
176254,181270,181331,61,5016
176254,181274,181333,59,5020
176254,181262,181333,71,5008
176254,181272,181334,62,5018
176254,181264,181334,70,5010
176254,181273,181336,63,5019
176254,181264,181336,72,5010
176254,181266,181336,70,5012
176254,181269,181338,69,5015
176254,181266,181338,72,5012
176254,181266,181338,72,5012
176254,181261,181338,77,5007
176254,181276,181338,62,5022
176254,181273,181339,66,5019
176254,181271,181339,68,5017
176254,181269,181339,70,5015
176254,181263,181339,76,5009
176254,181268,181341,73,5014
176254,181280,181342,62,5026
176254,181271,181342,71,5017
176254,181272,181343,71,5018
176254,181283,181344,61,5029
176254,181291,181344,53,5037
176254,181285,181346,61,5031
176254,181282,181346,64,5028
176254,181289,181349,60,5035
176254,181290,181350,60,5036
176254,181286,181350,64,5032
176254,181285,181351,66,5031
176254,181281,181351,70,5027
176254,181288,181352,64,5034
176254,181288,181354,66,5034
176254,181285,181356,71,5031
176254,181287,181358,71,5033
176254,181292,181358,66,5038
176254,181295,181359,64,5041
176254,181301,181360,59,5047
176254,181302,181360,58,5048
176254,181301,181360,59,5047
176254,181296,181361,65,5042
176254,181289,181361,72,5035
176254,181288,181363,75,5034
176254,181302,181363,61,5048
176254,181295,181363,68,5041
176254,181297,181364,67,5043
176254,181292,181366,74,5038
176254,181293,181367,74,5039
176278,181304,181368,64,5026
176278,181304,181367,63,5026
176254,181289,181368,79,5035
176254,181299,181369,70,5045
176254,181297,181369,72,5043
176254,181303,181370,67,5049
176278,181309,181370,61,5031
176254,181296,181372,76,5042
176278,181307,181372,65,5029
176254,181297,181373,76,5043
176278,181307,181374,67,5029
176278,181311,181375,64,5033
176278,181314,181376,62,5036
176254,181302,181376,74,5048
176278,181305,181377,72,5027
176278,181319,181381,62,5041
176278,181314,181384,70,5036
176278,181319,181384,65,5041
176278,181325,181385,60,5047
176278,181323,181386,63,5045
176278,181328,181386,58,5050
176278,181329,181388,59,5051
176278,181317,181390,73,5039
176278,181335,181393,58,5057
176278,181327,181395,68,5049
176278,181336,181398,62,5058
176278,181331,181399,68,5053
176278,181337,181401,64,5059
176278,181328,181401,73,5050
176278,181337,181402,65,5059
176278,181339,181404,65,5061
176278,181335,181404,69,5057
176278,181334,181404,70,5056
176278,181339,181406,67,5061
176278,181330,181406,76,5052
176278,181338,181406,68,5060
176278,181339,181406,67,5061
176278,181344,181406,62,5066
176278,181339,181406,67,5061
176278,181342,181406,64,5064
176278,181333,181408,75,5055
176278,181340,181408,68,5062
176278,181342,181408,66,5064
176278,181338,181411,73,5060
176278,181343,181413,70,5065
176278,181345,181414,69,5067
176278,181346,181415,69,5068
176278,181340,181417,77,5062
176278,181345,181417,72,5067
176278,181346,181417,71,5068
176278,181351,181417,66,5073
176278,181353,181418,65,5075
176278,181340,181417,77,5062
176278,181350,181419,69,5072
176278,181352,181419,67,5074
176278,181352,181419,67,5074
176278,181355,181424,69,5077
176278,181357,181424,67,5079
176278,181360,181425,65,5082
176278,181350,181428,78,5072
176278,181362,181429,67,5084
176278,181362,181429,67,5084
176278,181360,181429,69,5082
176278,181359,181429,70,5081
176278,181359,181430,71,5081
176278,181360,181430,70,5082
176278,181364,181432,68,5086
176278,181363,181432,69,5085
176278,181364,181433,69,5086
176278,181361,181432,71,5083
176278,181367,181433,66,5089
176278,181374,181434,60,5096
176278,181366,181437,71,5088
176278,181372,181438,66,5094
176278,181370,181438,68,5092
176278,181365,181438,73,5087
176278,181368,181440,72,5090
176278,181370,181441,71,5092
176278,181375,181441,66,5097
176278,181371,181442,71,5093
176278,181369,181441,72,5091
176278,181375,181441,66,5097
176278,181369,181442,73,5091
176278,181376,181443,67,5098
176278,181372,181442,70,5094
176278,181368,181443,75,5090
176278,181378,181446,68,5100
176278,181387,181453,66,5109
176278,181382,181454,72,5104
176278,181387,181456,69,5109
176278,181389,181456,67,5111
176278,181386,181456,70,5108
176278,181384,181457,73,5106
176278,181384,181458,74,5106
176278,181377,181460,83,5099
176278,181390,181461,71,5112
176278,181394,181462,68,5116
176278,181395,181462,67,5117
176278,181401,181464,63,5123
176278,181399,181471,72,5121
176278,181407,181472,65,5129
176278,181402,181471,69,5124
176278,181405,181473,68,5127
176278,181405,181473,68,5127
176278,181398,181475,77,5120
176278,181406,181475,69,5128
176278,181407,181475,68,5129
176278,181408,181475,67,5130
176278,181408,181478,70,5130
176278,181407,181478,71,5129
176278,181407,181479,72,5129
176278,181408,181480,72,5130
176278,181415,181481,66,5137
176278,181406,181482,76,5128
176278,181430,181482,52,5152
176278,181403,181483,80,5125
176278,181415,181485,70,5137
176278,181414,181485,71,5136
176278,181411,181485,74,5133
176278,181418,181485,67,5140
176278,181405,181486,81,5127
176278,181417,181487,70,5139
176278,181407,181490,83,5129
176278,181430,181490,60,5152
176278,181420,181491,71,5142
176278,181419,181491,72,5141
176278,181418,181492,74,5140
176278,181418,181491,73,5140
176278,181420,181494,74,5142
176278,181433,181495,62,5155
176278,181418,181494,76,5140
176278,181434,181495,61,5156
176278,181424,181495,71,5146
176278,181418,181496,78,5140
176278,181430,181496,66,5152
176278,181424,181498,74,5146
176278,181430,181499,69,5152
176278,181426,181499,73,5148
176278,181434,181499,65,5156
176278,181439,181500,61,5161
176278,181432,181500,68,5154
176278,181428,181501,73,5150
176278,181438,181501,63,5160
176278,181429,181501,72,5151
176278,181429,181502,73,5151
176278,181439,181503,64,5161
176278,181433,181503,70,5155
176278,181433,181504,71,5155
176278,181438,181510,72,5160
176278,181442,181512,70,5164
176278,181442,181513,71,5164
176278,181442,181513,71,5164
176278,181442,181513,71,5164
176278,181443,181515,72,5165
176278,181443,181516,73,5165
176278,181442,181520,78,5164
176278,181444,181519,75,5166
176278,181446,181521,75,5168
176278,181441,181522,81,5163
176278,181457,181523,66,5179
176278,181442,181525,83,5164
176278,181455,181527,72,5177
176278,181456,181527,71,5178
176278,181453,181530,77,5175
176278,181463,181532,69,5185
176278,181457,181532,75,5179
176278,181458,181533,75,5180
176278,181458,181534,76,5180
176278,181464,181534,70,5186
176278,181463,181536,73,5185
176278,181461,181537,76,5183
176278,181462,181538,76,5184
176169,180121,181540,1419,3952
176278,181472,181544,72,5194
176278,181479,181546,67,5201
176278,181479,181546,67,5201
176278,181473,181548,75,5195
176278,181476,181549,73,5198
176278,181476,181549,73,5198
176278,181481,181549,68,5203
176278,181473,181550,77,5195
176278,181476,181550,74,5198
176278,181475,181552,77,5197
176278,181481,181553,72,5203
176278,181484,181554,70,5206
176278,181485,181554,69,5207
176278,181486,181555,69,5208
176278,181483,181555,72,5205
176278,181472,181557,85,5194
176278,181483,181557,74,5205
176278,181473,181557,84,5195
176278,181485,181557,72,5207
176278,181488,181558,70,5210
176278,181495,181558,63,5217
176278,181480,181559,79,5202
176278,181504,181561,57,5226
176278,181492,181561,69,5214
176278,181487,181563,76,5209
176278,181486,181563,77,5208
176278,181495,181563,68,5217
176278,181494,181564,70,5216
176278,181492,181565,73,5214
176278,181491,181565,74,5213
176278,181500,181566,66,5222
176278,181501,181566,65,5223
176278,181497,181566,69,5219
176278,181496,181567,71,5218
176278,181492,181568,76,5214
176278,181500,181569,69,5222
176278,181499,181569,70,5221
176278,181495,181569,74,5217
176278,181492,181571,79,5214
176278,181503,181571,68,5225
176278,181504,181571,67,5226
176278,181491,181572,81,5213
176278,181498,181572,74,5220
176278,181499,181574,75,5221
176278,181502,181574,72,5224
176278,181504,181575,71,5226
176278,181496,181575,79,5218
176278,181502,181576,74,5224
176278,181513,181578,65,5235
176278,181514,181578,64,5236
176278,181501,181578,77,5223
176278,181512,181581,69,5234
176278,181511,181584,73,5233
176278,181516,181587,71,5238
176278,181516,181588,72,5238
176278,181514,181588,74,5236
176278,181520,181589,69,5242
176278,181527,181591,64,5249
176278,181535,181592,57,5257
176278,181534,181592,58,5256
176278,181522,181594,72,5244
176278,181520,181594,74,5242
176278,181522,181595,73,5244
176278,181525,181595,70,5247
176278,181523,181597,74,5245
176278,181527,181597,70,5249
176278,181532,181598,66,5254
176278,181538,181603,65,5260
176278,181536,181605,69,5258
176278,181538,181606,68,5260
176278,181546,181606,60,5268
176278,181534,181607,73,5256
176278,181532,181606,74,5254
176278,181546,181607,61,5268
176278,181531,181612,81,5253
176278,181545,181612,67,5267
176278,181550,181613,63,5272
176289,181556,181613,57,5267
176278,181551,181616,65,5273
176278,181540,181617,77,5262
176278,181550,181618,68,5272
176289,181558,181619,61,5269
176278,181549,181619,70,5271
176289,181564,181620,56,5275
176278,181548,181620,72,5270
176289,181555,181621,66,5266
176289,181557,181621,64,5268
176289,181558,181622,64,5269
176289,181555,181622,67,5266
176289,181564,181622,58,5275
176289,181560,181623,63,5271
176278,181551,181625,74,5273
176289,181558,181625,67,5269
176278,181552,181625,73,5274
176278,181554,181625,71,5276
176289,181571,181626,55,5282
176289,181567,181627,60,5278
176289,181565,181626,61,5276
176289,181558,181627,69,5269
176289,181563,181627,64,5274
176289,181561,181629,68,5272
176289,181559,181629,70,5270
176289,181565,181630,65,5276
176289,181572,181631,59,5283
176289,181570,181633,63,5281
176289,181574,181633,59,5285
176289,181561,181633,72,5272
176289,181566,181634,68,5277
176289,181570,181634,64,5281
176289,181566,181634,68,5277
176289,181572,181637,65,5283
176289,181564,181636,72,5275
176289,181567,181637,70,5278
176289,181569,181640,71,5280
176289,181569,181643,74,5280
176289,181576,181643,67,5287
176289,181575,181644,69,5286
176289,181575,181645,70,5286
176289,181578,181645,67,5289
176289,181578,181646,68,5289
176289,181572,181646,74,5283
176289,181571,181649,78,5282
176289,181579,181650,71,5290
176289,181576,181654,78,5287
176289,181585,181654,69,5296
176289,181589,181656,67,5300
176289,181589,181659,70,5300
176289,181582,181659,77,5293
176289,181590,181660,70,5301
176289,181595,181660,65,5306
176289,181597,181661,64,5308
176289,181587,181661,74,5298
176289,181595,181664,69,5306
176289,181592,181664,72,5303
176289,181596,181664,68,5307
176289,181598,181666,68,5309
176289,181593,181666,73,5304
176289,181598,181666,68,5309
176289,181592,181667,75,5303
176289,181595,181670,75,5306
176289,181607,181673,66,5318
176289,181607,181675,68,5318
176289,181608,181674,66,5319
176289,181606,181675,69,5317
176289,181604,181675,71,5315
176289,181613,181676,63,5324
176289,181606,181676,70,5317
176289,181606,181679,73,5317
176289,181614,181679,65,5325
176289,181613,181680,67,5324
176289,181617,181686,69,5328
176289,181620,181686,66,5331
176289,181614,181687,73,5325
176289,181621,181687,66,5332
176289,181618,181689,71,5329
176289,181618,181689,71,5329
176289,181621,181690,69,5332
176289,181625,181690,65,5336
176289,181623,181693,70,5334
176289,181623,181693,70,5334
176289,181622,181693,71,5333
176289,181628,181694,66,5339
176289,181619,181694,75,5330
176289,181626,181694,68,5337
176289,181620,181695,75,5331
176289,181622,181696,74,5333
176289,181631,181696,65,5342
176289,181625,181697,72,5336
176289,181623,181698,75,5334
176289,181627,181698,71,5338
176289,181628,181698,70,5339
176289,181637,181700,63,5348
176289,181630,181699,69,5341
176289,181627,181700,73,5338
176289,181634,181701,67,5345
176289,181633,181702,69,5344
176289,181626,181703,77,5337
176289,181635,181704,69,5346
176289,181631,181704,73,5342
176289,181629,181705,76,5340
176289,181634,181705,71,5345
176289,181635,181706,71,5346
176289,181637,181708,71,5348
176289,181638,181708,70,5349
176289,181635,181708,73,5346
176289,181644,181710,66,5355
176289,181627,181711,84,5338
176289,181641,181710,69,5352
176289,181646,181711,65,5357
176289,181646,181712,66,5357
176289,181643,181713,70,5354
176289,181644,181715,71,5355
176289,181646,181718,72,5357
176289,181650,181718,68,5361
176289,181647,181722,75,5358
176289,181673,181725,52,5384
176289,181654,181726,72,5365
176289,181657,181726,69,5368
176289,181675,181727,52,5386
176289,181650,181727,77,5361
176289,181660,181730,70,5371
176289,181660,181731,71,5371
176289,181660,181731,71,5371
176289,181655,181732,77,5366
176289,181665,181733,68,5376
176289,181664,181734,70,5375
176289,181675,181734,59,5386
176289,181670,181733,63,5381
176289,181662,181734,72,5373
176289,181661,181735,74,5372
176289,181686,181740,54,5397
176289,181661,181740,79,5372
176289,181667,181741,74,5378
176289,181667,181742,75,5378
176289,181677,181741,64,5388
176179,180358,181741,1383,4179
176289,181675,181742,67,5386
176289,181666,181743,77,5377
176289,181665,181744,79,5376
176289,181680,181745,65,5391
176289,181667,181745,78,5378
176289,181680,181746,66,5391
176289,181675,181750,75,5386
176289,181676,181750,74,5387
176289,181694,181752,58,5405
176289,181686,181755,69,5397
176289,181688,181756,68,5399
176289,181694,181757,63,5405
176289,181681,181758,77,5392
176289,181687,181761,74,5398
176289,181690,181762,72,5401
176289,181697,181763,66,5408
176289,181696,181763,67,5407
176289,181690,181764,74,5401
176289,181693,181766,73,5404
176289,181695,181766,71,5406
176289,181689,181766,77,5400
176289,181694,181766,72,5405
176289,181699,181767,68,5410
176289,181699,181767,68,5410
176289,181701,181767,66,5412
176289,181700,181767,67,5411
176289,181702,181769,67,5413
176289,181704,181769,65,5415
176289,181695,181770,75,5406
176289,181695,181770,75,5406
176289,181691,181771,80,5402
176289,181697,181771,74,5408
176289,181699,181771,72,5410
176289,181701,181774,73,5412
176289,181706,181776,70,5417
176289,181700,181777,77,5411
176289,181706,181777,71,5417
176289,181709,181777,68,5420
176289,181704,181779,75,5415
176289,181710,181782,72,5421
176289,181711,181783,72,5422
176289,181711,181783,72,5422
176289,181704,181785,81,5415
176289,181708,181784,76,5419
176289,181713,181786,73,5424
176289,181712,181786,74,5423
176289,181714,181786,72,5425
176289,181715,181788,73,5426
176289,181706,181789,83,5417
176289,181709,181789,80,5420
176289,181719,181792,73,5430
176289,181731,181792,61,5442
176289,181734,181793,59,5445
176289,181718,181794,76,5429
176289,181726,181796,70,5437
176289,181727,181797,70,5438
176289,181725,181798,73,5436
176289,181728,181798,70,5439
176289,181723,181799,76,5434
176289,181734,181800,66,5445
176289,181728,181802,74,5439
176289,181733,181804,71,5444
176289,181732,181806,74,5443
176289,181742,181806,64,5453
176289,181732,181807,75,5443
176289,181736,181807,71,5447
176289,181734,181807,73,5445
176289,181742,181809,67,5453
176289,181732,181810,78,5443
176289,181744,181811,67,5455
176289,181750,181813,63,5461
176289,181745,181813,68,5456
176289,181742,181813,71,5453
176289,181741,181814,73,5452
176289,181734,181815,81,5445
176289,181741,181815,74,5452
176289,181746,181816,70,5457
176289,181741,181816,75,5452
176289,181746,181817,71,5457
176289,181743,181820,77,5454
176174,180357,181820,1463,4183
176289,181753,181823,70,5464
176289,181756,181825,69,5467
176289,181759,181826,67,5470
176289,181755,181827,72,5466
176289,181767,181828,61,5478
176289,181757,181828,71,5468
176289,181764,181828,64,5475
176289,181745,181829,84,5456
176289,181763,181830,67,5474
176289,181750,181830,80,5461
176289,181763,181831,68,5474
176289,181770,181833,63,5481
176289,181767,181834,67,5478
176289,181768,181834,66,5479
176289,181772,181835,63,5483
176289,181766,181835,69,5477
176289,181778,181836,58,5489
176289,181764,181837,73,5475
176289,181772,181838,66,5483
176289,181762,181838,76,5473
176289,181766,181838,72,5477
176289,181768,181839,71,5479
176289,181767,181840,73,5478
176289,181767,181840,73,5478
176289,181771,181842,71,5482
176289,181769,181844,75,5480
176289,181771,181844,73,5482
176289,181772,181845,73,5483
176289,181779,181846,67,5490
176289,181775,181846,71,5486
176289,181783,181851,68,5494
176289,181785,181853,68,5496
176289,181778,181853,75,5489
176294,181789,181854,65,5495
176289,181785,181854,69,5496
176289,181783,181854,71,5494
176289,181777,181854,77,5488
176294,181798,181858,60,5504
176289,181784,181859,75,5495
176294,181792,181860,68,5498
176294,181789,181860,71,5495
176294,181793,181860,67,5499
176294,181790,181861,71,5496
176289,181786,181864,78,5497
176289,181777,181842,65,5488
176294,181794,181857,63,5500
176294,181806,181864,58,5512
176294,181798,181865,67,5504
176289,181787,181866,79,5498
176294,181802,181866,64,5508
176294,181800,181867,67,5506
176294,181797,181868,71,5503
176294,181794,181869,75,5500
176294,181798,181871,73,5504
176294,181810,181872,62,5516
176294,181814,181873,59,5520
176294,181805,181874,69,5511
176294,181799,181876,77,5505
176294,181807,181876,69,5513
176294,181808,181878,70,5514
176294,181814,181879,65,5520
176294,181817,181880,63,5523
176294,181814,181880,66,5520
176294,181815,181880,65,5521
176294,181809,181881,72,5515
176294,181806,181881,75,5512
176294,181817,181883,66,5523
176294,181818,181884,66,5524
176294,181816,181884,68,5522
176294,181812,181885,73,5518
176294,181816,181886,70,5522
176294,181807,181886,79,5513
176294,181821,181886,65,5527
176294,181820,181888,68,5526
176294,181824,181892,68,5530
176294,181825,181893,68,5531
176294,181826,181896,70,5532
176294,181829,181896,67,5535
176294,181833,181897,64,5539
176294,181827,181897,70,5533
176294,181831,181900,69,5537
176294,181830,181901,71,5536
176294,181835,181901,66,5541
176294,181837,181901,64,5543
176294,181836,181902,66,5542
176294,181835,181902,67,5541
176294,181829,181901,72,5535
176294,181832,181902,70,5538
176294,181830,181902,72,5536
176294,181829,181902,73,5535
176294,181835,181904,69,5541
176294,181837,181904,67,5543
176294,181841,181908,67,5547
176294,181842,181908,66,5548
176294,181839,181909,70,5545
176294,181846,181909,63,5552
176294,181841,181910,69,5547
176294,181839,181912,73,5545
176294,181847,181912,65,5553
176294,181838,181913,75,5544
176294,181854,181913,59,5560
176294,181855,181917,62,5561
176294,181845,181917,72,5551
176294,181855,181920,65,5561
176294,181855,181920,65,5561
176294,181854,181920,66,5560
176294,181847,181923,76,5553
176294,181859,181925,66,5565
176294,181844,181925,81,5550
176294,181854,181927,73,5560
176294,181852,181927,75,5558
176294,181861,181928,67,5567
176294,181861,181929,68,5567
176294,181859,181930,71,5565
176294,181865,181930,65,5571
176294,181864,181932,68,5570
176294,181865,181932,67,5571
176294,181866,181932,66,5572
176294,181862,181935,73,5568
176294,181867,181935,68,5573
176294,181865,181935,70,5571
176294,181869,181935,66,5575
176294,181869,181936,67,5575
176294,181861,181936,75,5567
176294,181865,181936,71,5571
176294,181865,181937,72,5571
176294,181868,181938,70,5574
176294,181877,181940,63,5583
176294,181871,181941,70,5577
176294,181874,181943,69,5580
176294,181881,181946,65,5587
176294,181873,181946,73,5579
176294,181877,181946,69,5583
176294,181880,181948,68,5586
176294,181880,181948,68,5586
176294,181883,181951,68,5589
176294,181879,181951,72,5585
176294,181881,181951,70,5587
176294,181881,181952,71,5587
176294,181886,181952,66,5592
176294,181873,181954,81,5579
176294,181884,181953,69,5590
176294,181884,181955,71,5590
176294,181881,181955,74,5587
176294,181885,181957,72,5591
176294,181888,181958,70,5594
176294,181887,181960,73,5593
176294,181913,181961,48,5619
176294,181887,181962,75,5593
176294,181896,181964,68,5602
176294,181910,181965,55,5616
176294,181893,181967,74,5599
176294,181912,181967,55,5618
176294,181897,181969,72,5603
176294,181914,181969,55,5620
176294,181909,181969,60,5615
176294,181902,181970,68,5608
176294,181911,181972,61,5617
176294,181905,181972,67,5611
176294,181903,181972,69,5609
176294,181901,181973,72,5607
176294,181903,181973,70,5609
176294,181893,181973,80,5599
176294,181902,181972,70,5608
176294,181917,181973,56,5623
176294,181896,181973,77,5602
176294,181921,181974,53,5627
176294,181903,181974,71,5609
176294,181920,181974,54,5626
176294,181903,181976,73,5609
176294,181901,181976,75,5607
176294,181908,181976,68,5614
176294,181898,181978,80,5604
176294,181910,181978,68,5616
176294,181902,181978,76,5608
176294,181902,181978,76,5608
176294,181914,181979,65,5620
176294,181905,181981,76,5611
176204,180592,181984,1392,4388
176294,181918,181985,67,5624
176294,181921,181987,66,5627
176294,181925,181988,63,5631
176294,181923,181989,66,5629
176294,181926,181993,67,5632
176294,181927,181995,68,5633
176294,181928,181999,71,5634
176294,181928,182000,72,5634
176294,181930,182003,73,5636
176294,181931,182004,73,5637
176294,181935,182004,69,5641
176294,181931,182006,75,5637
176294,181932,182006,74,5638
176294,181933,182007,74,5639
176294,181935,182008,73,5641
176294,181936,182008,72,5642
176294,181937,182008,71,5643
176294,181935,182008,73,5641
176294,181939,182008,69,5645
176294,181942,182009,67,5648
176294,181932,182011,79,5638
176294,181937,182012,75,5643
176294,181936,182011,75,5642
176294,181936,182012,76,5642
176294,181947,182014,67,5653
176294,181948,182020,72,5654
176294,181940,182020,80,5646
176294,181951,182023,72,5657
176294,181946,182023,77,5652
176294,181947,182024,77,5653
176294,181948,182025,77,5654
176294,181953,182026,73,5659
176294,181954,182028,74,5660
176294,181944,182029,85,5650
176294,181951,182030,79,5657
176294,181952,182030,78,5658
176294,181951,182030,79,5657
176294,181958,182030,72,5664
176294,181956,182031,75,5662
176294,181961,182030,69,5667
176294,181966,182031,65,5672
176294,181955,182031,76,5661
176294,181959,182033,74,5665
176294,181963,182033,70,5669
176294,181962,182036,74,5668
176294,181954,182037,83,5660
176294,181970,182038,68,5676
176294,181965,182041,76,5671
176294,181972,182041,69,5678
176294,181973,182042,69,5679
176294,181976,182045,69,5682
176294,181968,182044,76,5674
176294,181973,182045,72,5679
176294,181973,182045,72,5679
176294,181975,182045,70,5681
176294,181973,182046,73,5679
176294,181970,182046,76,5676
176294,181978,182046,68,5684
176294,181968,182046,78,5674
176294,181976,182048,72,5682
176294,181978,182048,70,5684
176294,181979,182048,69,5685
176294,181969,182049,80,5675
176294,181979,182049,70,5685
176294,181971,182050,79,5677
176294,181975,182050,75,5681
176294,181972,182050,78,5678
176294,181977,182051,74,5683
176294,181973,182052,79,5679
176294,181981,182052,71,5687
176294,181978,182052,74,5684
176294,181984,182053,69,5690
176294,181974,182054,80,5680
176294,181987,182057,70,5693
176294,181974,182058,84,5680
176294,181989,182057,68,5695
176294,181975,182060,85,5681
176294,181986,182061,75,5692
176294,181990,182063,73,5696
176294,181993,182063,70,5699
176294,181996,182066,70,5702
176294,182005,182073,68,5711
176294,181999,182074,75,5705
176294,182009,182074,65,5715
176294,182005,182075,70,5711
176294,182003,182077,74,5709
176294,182006,182076,70,5712
176294,182007,182077,70,5713
176294,182010,182077,67,5716
176294,182008,182077,69,5714
176294,182012,182078,66,5718
176294,182012,182079,67,5718
176294,182009,182079,70,5715
176294,182008,182079,71,5714
176294,182000,182081,81,5706
176294,182009,182082,73,5715
176294,182013,182082,69,5719
176294,182012,182084,72,5718
176294,182021,182085,64,5727
176294,182024,182090,66,5730
176294,182021,182091,70,5727
176294,182024,182092,68,5730
176294,182015,182092,77,5721
176294,182026,182093,67,5732
176300,182033,182094,61,5733
176294,182024,182094,70,5730
176294,182031,182094,63,5737
176300,182031,182095,64,5731
176300,182032,182095,63,5732
176294,182031,182095,64,5737
176300,182034,182096,62,5734
176294,182030,182096,66,5736
176294,182028,182100,72,5734
176300,182031,182100,69,5731
176294,182026,182101,75,5732
176294,182008,182076,68,5714
176294,182030,182103,73,5736
176300,182042,182104,62,5742
176300,182049,182107,58,5749
176300,182047,182108,61,5747
176300,182045,182108,63,5745
176300,182031,182108,77,5731
176300,182037,182109,72,5737
176300,182049,182110,61,5749
176300,182049,182110,61,5749
176300,182046,182112,66,5746
176300,182038,182112,74,5738
176300,182038,182112,74,5738
176300,182047,182113,66,5747
176300,182042,182113,71,5742
176300,182041,182114,73,5741
176300,182045,182115,70,5745
176300,182049,182115,66,5749
176300,182052,182115,63,5752
176300,182052,182117,65,5752
176300,182047,182118,71,5747
176300,182052,182118,66,5752
176300,182051,182120,69,5751
176300,182046,182121,75,5746
176300,182050,182120,70,5750
176300,182046,182120,74,5746
176300,182051,182122,71,5751
176300,182053,182122,69,5753
176300,182050,182121,71,5750
176300,182047,182123,76,5747
176300,182058,182124,66,5758
176300,182058,182124,66,5758
176300,182049,182126,77,5749
176300,182055,182126,71,5755
176300,182062,182127,65,5762
176300,182058,182131,73,5758
176300,182066,182131,65,5766
176300,182064,182131,67,5764
176300,182060,182131,71,5760
176300,182077,182137,60,5777
176300,182064,182141,77,5764
176300,182073,182143,70,5773
176300,182075,182143,68,5775
176300,182076,182144,68,5776
176300,182077,182144,67,5777
176300,182079,182144,65,5779
176300,182077,182146,69,5777
176300,182077,182145,68,5777
176300,182079,182145,66,5779
176300,182077,182146,69,5777
176300,182082,182146,64,5782
176300,182078,182147,69,5778
176300,182083,182148,65,5783
176300,182080,182150,70,5780
176300,182082,182151,69,5782
176300,182084,182152,68,5784
176300,182085,182156,71,5785
176300,182091,182158,67,5791
176300,182094,182158,64,5794
176300,182093,182160,67,5793
176300,182091,182161,70,5791
176300,182096,182162,66,5796
176300,182096,182163,67,5796
176300,182095,182163,68,5795
176300,182100,182166,66,5800
176300,182100,182166,66,5800
176300,182096,182166,70,5796
176300,182097,182166,69,5797
176300,182093,182168,75,5793
176300,182104,182168,64,5804
176300,182104,182171,67,5804
176300,182093,182171,78,5793
176300,182095,182172,77,5795
176300,182095,182172,77,5795
176300,182104,182174,70,5804
176300,182108,182175,67,5808
176300,182108,182175,67,5808
176300,182110,182177,67,5810
176300,182102,182177,75,5802
176300,182104,182178,74,5804
176300,182111,182178,67,5811
176300,182109,182180,71,5809
176300,182109,182181,72,5809
176300,182108,182182,74,5808
176300,182113,182184,71,5813
176300,182112,182185,73,5812
176300,182116,182185,69,5816
176300,182116,182188,72,5816
176300,182115,182188,73,5815
176300,182116,182189,73,5816
176300,182121,182189,68,5821
176300,182113,182190,77,5813
176300,182121,182190,69,5821
176300,182114,182190,76,5814
176300,182119,182192,73,5819
176300,182113,182192,79,5813
176300,182123,182192,69,5823
176300,182121,182193,72,5821
176300,182122,182193,71,5822
176300,182124,182193,69,5824
176300,182122,182194,72,5822
176300,182118,182194,76,5818
176300,182120,182195,75,5820
176300,182125,182195,70,5825
176300,182148,182196,48,5848
176300,182128,182196,68,5828
176300,182118,182197,79,5818
176300,182126,182197,71,5826
176300,182151,182197,46,5851
176300,182126,182198,72,5826
176300,182122,182199,77,5822
176300,182153,182201,48,5853
176300,182131,182202,71,5831
176300,182149,182202,53,5849
176300,182151,182203,52,5851
176300,182131,182205,74,5831
176300,182158,182205,47,5858
176300,182132,182206,74,5832
176300,182131,182206,75,5831
176300,182147,182207,60,5847
176300,182138,182208,70,5838
176300,182147,182209,62,5847
176300,182141,182210,69,5841
176300,182144,182211,67,5844
176300,182156,182212,56,5856
176300,182160,182213,53,5860
176300,182163,182214,51,5863
176300,182158,182214,56,5858
176300,182145,182215,70,5845
176300,182161,182216,55,5861
176300,182144,182216,72,5844
176300,182163,182217,54,5863
176300,182145,182218,73,5845
176300,182145,182221,76,5845
176300,182146,182222,76,5846
176300,182146,182225,79,5846
176300,182146,182226,80,5846
176300,182167,182230,63,5867
176300,182167,182231,64,5867
176300,182166,182231,65,5866
176300,182164,182235,71,5864
176214,180836,182236,1400,4622
176300,182167,182236,69,5867
176300,182169,182239,70,5869
176300,182175,182239,64,5875
176300,182170,182241,71,5870
176300,182173,182243,70,5873
176300,182171,182246,75,5871
176300,182175,182248,73,5875
176300,182179,182250,71,5879
176300,182171,182250,79,5871
176300,182178,182251,73,5878
176300,182185,182251,66,5885
176300,182179,182252,73,5879
176300,182176,182253,77,5876
176300,182177,182253,76,5877
176300,182180,182255,75,5880
176300,182173,182256,83,5873
176300,182182,182256,74,5882
176300,182182,182256,74,5882
176300,182186,182259,73,5886
176300,182189,182259,70,5889
176300,182185,182259,74,5885
176300,182188,182260,72,5888
176300,182189,182265,76,5889
176300,182194,182264,70,5894
176300,182194,182265,71,5894
176300,182191,182265,74,5891
176300,182196,182266,70,5896
176300,182194,182267,73,5894
176300,182192,182268,76,5892
176300,182193,182268,75,5893
176300,182191,182268,77,5891
176300,182191,182269,78,5891
176300,182192,182269,77,5892
176300,182199,182271,72,5899
176300,182195,182272,77,5895
176300,182196,182272,76,5896
176300,182195,182272,77,5895
176300,182202,182272,70,5902
176300,182207,182273,66,5907
176300,182202,182272,70,5902
176300,182203,182273,70,5903
176300,182198,182273,75,5898
176300,182194,182274,80,5894
176300,182199,182274,75,5899
176300,182195,182276,81,5895
176300,182198,182277,79,5898
176300,182201,182277,76,5901
176300,182212,182277,65,5912
176300,182206,182277,71,5906
176300,182188,182279,91,5888
176300,182207,182280,73,5907
176300,182210,182280,70,5910
176300,182198,182280,82,5898
176300,182217,182282,65,5917
176300,182216,182283,67,5916
176300,182215,182283,68,5915
176300,182212,182284,72,5912
176300,182221,182285,64,5921
176300,182206,182286,80,5906
176300,182208,182286,78,5908
176300,182217,182288,71,5917
176300,182209,182290,81,5909
176300,182214,182290,76,5914
176300,182215,182291,76,5915
176300,182217,182291,74,5917
176300,182226,182292,66,5926
176300,182231,182295,64,5931
176300,182219,182296,77,5919
176300,182208,182296,88,5908
176300,182231,182298,67,5931
176300,182227,182298,71,5927
176300,182222,182298,76,5922
176300,182236,182305,69,5936
176300,182236,182306,70,5936
176300,182232,182305,73,5932
176300,182236,182309,73,5936
176300,182242,182313,71,5942
176300,182248,182313,65,5948
176300,182244,182316,72,5944
176300,182239,182317,78,5939
176300,182246,182319,73,5946
176300,182251,182322,71,5951
176300,182253,182322,69,5953
176300,182256,182323,67,5956
176300,182239,182323,84,5939
176300,182252,182324,72,5952
176300,182259,182324,65,5959
176300,182253,182324,71,5953
176300,182254,182326,72,5954
176300,182257,182327,70,5957
176300,182259,182328,69,5959
176300,182257,182329,72,5957
176300,182250,182331,81,5950
176300,182260,182331,71,5960
176300,182260,182331,71,5960
176306,182273,182331,58,5967
176306,182271,182332,61,5965
176300,182256,182333,77,5956
176300,182265,182334,69,5965
176300,182265,182335,70,5965
176300,182252,182335,83,5952
176300,182267,182336,69,5967
176300,182266,182336,70,5966
176300,182266,182336,70,5966
176306,182274,182338,64,5968
176306,182274,182338,64,5968
176306,182270,182336,66,5964
176306,182273,182341,68,5967
176306,182273,182340,67,5967
176306,182275,182340,65,5969
176300,182268,182341,73,5968
176300,182268,182341,73,5968
176300,182268,182341,73,5968
176306,182273,182343,70,5967
176306,182273,182343,70,5967
176306,182283,182344,61,5977
176300,182267,182346,79,5967
176306,182280,182346,66,5974
176306,182278,182346,68,5972
176306,182277,182347,70,5971
176306,182280,182348,68,5974
176306,182272,182347,75,5966
176306,182278,182347,69,5972
176306,182282,182349,67,5976
176306,182286,182349,63,5980
176306,182291,182350,59,5985
176306,182278,182350,72,5972
176306,182275,182350,75,5969
176306,182287,182352,65,5981
176306,182276,182352,76,5970
176306,182286,182353,67,5980
176306,182283,182353,70,5977
176306,182285,182354,69,5979
176306,182281,182354,73,5975
176306,182288,182355,67,5982
176306,182279,182356,77,5973
176306,182291,182357,66,5985
176306,182296,182359,63,5990
176306,182292,182360,68,5986
176306,182296,182361,65,5990
176306,182291,182362,71,5985
176306,182298,182364,66,5992
176306,182292,182364,72,5986
176306,182299,182367,68,5993
176306,182309,182372,63,6003
176306,182297,182372,75,5991
176306,182306,182373,67,6000
176306,182298,182373,75,5992
176306,182306,182375,69,6000
176306,182314,182380,66,6008
176306,182314,182381,67,6008
176306,182322,182390,68,6016
176306,182320,182391,71,6014
176306,182318,182393,75,6012
176306,182322,182392,70,6016
176306,182317,182393,76,6011
176306,182325,182394,69,6019
176306,182324,182394,70,6018
176306,182324,182395,71,6018
176306,182325,182395,70,6019
176306,182327,182397,70,6021
176306,182331,182398,67,6025
176306,182329,182398,69,6023
176306,182325,182398,73,6019
176306,182335,182401,66,6029
176306,182327,182401,74,6021
176306,182331,182401,70,6025
176306,182334,182402,68,6028
176306,182329,182402,73,6023
176306,182331,182403,72,6025
176306,182332,182404,72,6026
176306,182337,182403,66,6031
176306,182338,182405,67,6032
176306,182341,182406,65,6035
176306,182341,182406,65,6035
176306,182331,182406,75,6025
176306,182341,182407,66,6035
176306,182338,182406,68,6032
176306,182337,182409,72,6031
176306,182343,182411,68,6037
176306,182336,182411,75,6030
176306,182337,182412,75,6031
176306,182345,182412,67,6039
176306,182336,182412,76,6030
176306,182341,182413,72,6035
176306,182348,182414,66,6042
176306,182343,182413,70,6037
176306,182341,182416,75,6035
176306,182349,182416,67,6043
176306,182348,182417,69,6042
176306,182342,182418,76,6036
176306,182342,182418,76,6036
176306,182347,182418,71,6041
176306,182347,182420,73,6041
176306,182355,182420,65,6049
176306,182353,182422,69,6047
176306,182342,182422,80,6036
176306,182354,182423,69,6048
176306,182348,182424,76,6042
176306,182350,182424,74,6044
176306,182351,182425,74,6045
176306,182351,182425,74,6045
176306,182352,182425,73,6046
176306,182350,182425,75,6044
176306,182354,182426,72,6048
176306,182348,182426,78,6042
176306,182356,182427,71,6050
176306,182358,182427,69,6052
176306,182357,182429,72,6051
176306,182359,182429,70,6053
176306,182347,182431,84,6041
176306,182364,182432,68,6058
176306,182362,182432,70,6056
176306,182363,182433,70,6057
176306,182361,182433,72,6055
176306,182364,182435,71,6058
176219,181079,182438,1359,4860
176306,182354,182438,84,6048
176306,182374,182440,66,6068
176306,182372,182440,68,6066
176306,182374,182440,66,6068
176306,182402,182443,41,6096
176306,182368,182444,76,6062
176306,182402,182445,43,6096
176306,182376,182445,69,6070
176306,182402,182448,46,6096
176306,182399,182448,49,6093
176306,182398,182449,51,6092
176306,182373,182450,77,6067
176306,182402,182450,48,6096
176306,182398,182450,52,6092
176306,182397,182451,54,6091
176306,182401,182452,51,6095
176306,182404,182453,49,6098
176306,182380,182454,74,6074
176306,182395,182456,61,6089
176306,182381,182456,75,6075
176306,182393,182456,63,6087
176306,182406,182461,55,6100
176306,182395,182463,68,6089
176306,182404,182463,59,6098
176306,182390,182463,73,6084
176306,182394,182464,70,6088
176306,182404,182465,61,6098
176306,182406,182467,61,6100
176306,182392,182468,76,6086
176306,182393,182467,74,6087
176306,182406,182467,61,6100
176306,182393,182468,75,6087
176306,182406,182471,65,6100
176306,182394,182471,77,6088
176306,182407,182472,65,6101
176306,182411,182475,64,6105
176306,182414,182476,62,6108
176306,182412,182480,68,6106
176306,182410,182480,70,6104
176306,182413,182481,68,6107
176306,182407,182481,74,6101
176306,182415,182482,67,6109
176306,182417,182485,68,6111
176306,182416,182486,70,6110
176306,182414,182485,71,6108
176306,182422,182487,65,6116
176306,182413,182487,74,6107
176306,182412,182488,76,6106
176306,182418,182490,72,6112
176306,182418,182492,74,6112
176306,182418,182493,75,6112
176306,182423,182493,70,6117
176306,182421,182493,72,6115
176306,182418,182494,76,6112
176306,182427,182497,70,6121
176306,182421,182497,76,6115
176306,182424,182498,74,6118
176306,182426,182499,73,6120
176306,182425,182501,76,6119
176306,182425,182501,76,6119
176306,182427,182501,74,6121
176306,182432,182502,70,6126
176306,182436,182502,66,6130
176306,182424,182502,78,6118
176306,182432,182504,72,6126
176306,182427,182504,77,6121
176306,182430,182503,73,6124
176306,182430,182505,75,6124
176306,182434,182505,71,6128
176306,182433,182505,72,6127
176306,182434,182505,71,6128
176306,182426,182506,80,6120
176306,182426,182508,82,6120
176306,182441,182509,68,6135
176306,182438,182509,71,6132
176306,182441,182511,70,6135
176306,182427,182512,85,6121
176306,182441,182511,70,6135
176306,182438,182512,74,6132
176306,182450,182514,64,6144
176306,182443,182518,75,6137
176306,182445,182518,73,6139
176306,182452,182520,68,6146
176306,182453,182520,67,6147
176306,182445,182520,75,6139
176306,182449,182520,71,6143
176306,182444,182522,78,6138
176306,182457,182522,65,6151
176306,182449,182523,74,6143
176306,182451,182524,73,6145
176306,182455,182525,70,6149
176306,182449,182525,76,6143
176306,182457,182527,70,6151
176306,182454,182528,74,6148
176306,182450,182530,80,6144
176306,182464,182532,68,6158
176306,182463,182534,71,6157
176306,182467,182536,69,6161
176306,182457,182537,80,6151
176306,182462,182538,76,6156
176306,182463,182538,75,6157
176306,182468,182539,71,6162
176306,182464,182539,75,6158
176306,182468,182540,72,6162
176306,182466,182541,75,6160
176306,182472,182541,69,6166
176306,182468,182543,75,6162
176306,182468,182543,75,6162
176306,182482,182545,63,6176
176306,182472,182548,76,6166
176306,182473,182547,74,6167
176306,182476,182548,72,6170
176306,182477,182549,72,6171
176306,182480,182549,69,6174
176306,182489,182555,66,6183
176306,182486,182557,71,6180
176306,182487,182557,70,6181
176306,182481,182559,78,6175
176306,182492,182559,67,6186
176306,182488,182559,71,6182
176306,182498,182559,61,6192
176306,182482,182560,78,6176
176306,182493,182562,69,6187
176306,182485,182562,77,6179
176306,182493,182564,71,6187
176306,182501,182564,63,6195
176306,182486,182566,80,6180
176311,182505,182566,61,6194
176306,182502,182568,66,6196
176306,182493,182569,76,6187
176306,182500,182570,70,6194
176306,182497,182570,73,6191
176311,182510,182571,61,6199
176306,182495,182571,76,6189
176306,182504,182572,68,6198
176311,182506,182572,66,6195
176311,182506,182573,67,6195
176306,182491,182574,83,6185
176311,182507,182576,69,6196
176306,182503,182577,74,6197
176311,182506,182578,72,6195
176311,182515,182578,63,6204
176311,182512,182578,66,6201
176306,182503,182578,75,6197
176306,182499,182579,80,6193
176311,182511,182580,69,6200
176311,182510,182582,72,6199
176311,182512,182583,71,6201
176306,182483,182549,66,6177
176306,182501,182568,67,6195
176306,182502,182576,74,6196
176311,182504,182570,66,6193
176311,182512,182577,65,6201
176311,182520,182584,64,6209
176311,182509,182584,75,6198
176311,182525,182585,60,6214
176311,182520,182586,66,6209
176311,182518,182588,70,6207
176311,182524,182588,64,6213
176311,182523,182588,65,6212
176311,182521,182589,68,6210
176311,182523,182590,67,6212
176311,182519,182590,71,6208
176311,182526,182591,65,6215
176311,182524,182591,67,6213
176311,182521,182594,73,6210
176311,182535,182599,64,6224
176311,182527,182600,73,6216
176311,182537,182600,63,6226
176311,182528,182601,73,6217
176311,182530,182601,71,6219
176311,182533,182605,72,6222
176311,182538,182606,68,6227
176311,182541,182607,66,6230
176311,182540,182609,69,6229
176311,182543,182609,66,6232
176311,182539,182611,72,6228
176311,182542,182611,69,6231
176311,182539,182612,73,6228
176311,182540,182613,73,6229
176311,182548,182613,65,6237
176311,182540,182613,73,6229
176311,182550,182616,66,6239
176311,182550,182616,66,6239
176311,182544,182618,74,6233
176311,182548,182619,71,6237
176311,182548,182621,73,6237
176311,182556,182623,67,6245
176311,182560,182623,63,6249
176311,182559,182623,64,6248
176311,182558,182625,67,6247
176311,182563,182624,61,6252
176311,182562,182627,65,6251
176311,182559,182627,68,6248
176311,182560,182630,70,6249
176311,182558,182631,73,6247
176311,182564,182634,70,6253
176311,182560,182636,76,6249
176311,182570,182636,66,6259
176311,182572,182637,65,6261
176311,182568,182638,70,6257
176311,182565,182637,72,6254
176311,182570,182638,68,6259
176311,182571,182638,67,6260
176311,182567,182639,72,6256
176311,182571,182638,67,6260
176311,182567,182640,73,6256
176311,182575,182642,67,6264
176311,182576,182642,66,6265
176311,182572,182642,70,6261
176311,182572,182646,74,6261
176311,182579,182646,67,6268
176311,182577,182647,70,6266
176311,182578,182647,69,6267
176311,182583,182649,66,6272
176311,182584,182649,65,6273
176311,182581,182648,67,6270
176311,182578,182649,71,6267
176311,182590,182651,61,6279
176311,182587,182651,64,6276
176311,182584,182652,68,6273
176311,182584,182653,69,6273
176311,182573,182654,81,6262
176311,182585,182655,70,6274
176311,182578,182654,76,6267
176311,182585,182656,71,6274
176311,182579,182657,78,6268
176311,182584,182656,72,6273
176311,182586,182657,71,6275
176311,182592,182658,66,6281
176311,182584,182659,75,6273
176311,182584,182660,76,6273
176311,182595,182660,65,6284
176311,182588,182662,74,6277
176311,182588,182664,76,6277
176311,182584,182664,80,6273
176311,182599,182664,65,6288
176311,182592,182665,73,6281
176311,182589,182666,77,6278
176311,182602,182666,64,6291
176311,182600,182666,66,6289
176311,182591,182668,77,6280
176311,182589,182668,79,6278
176311,182606,182672,66,6295
176311,182602,182672,70,6291
176311,182600,182673,73,6289
176311,182605,182674,69,6294
176311,182609,182677,68,6298
176311,182607,182677,70,6296
176311,182611,182680,69,6300
176311,182611,182682,71,6300
176311,182614,182682,68,6303
176311,182616,182684,68,6305
176311,182613,182683,70,6302
176311,182614,182685,71,6303
176311,182616,182685,69,6305
176311,182636,182685,49,6325
176311,182610,182686,76,6299
176311,182631,182687,56,6320
176311,182619,182688,69,6308
176311,182630,182691,61,6319
176311,182634,182691,57,6323
176311,182619,182693,74,6308
176311,182623,182693,70,6312
176311,182614,182694,80,6303
176311,182622,182694,72,6311
176311,182624,182694,70,6313
176311,182625,182695,70,6314
176311,182638,182696,58,6327
176311,182625,182696,71,6314
176311,182624,182698,74,6313
176311,182637,182698,61,6326
176311,182638,182700,62,6327
176311,182638,182700,62,6327
176311,182639,182700,61,6328
176311,182639,182701,62,6328
176311,182628,182701,73,6317
176311,182628,182701,73,6317
176256,181304,182703,1399,5048
176311,182638,182703,65,6327
176311,182639,182704,65,6328
176311,182643,182706,63,6332
176311,182641,182709,68,6330
176311,182642,182712,70,6331
176311,182652,182719,67,6341
176311,182648,182721,73,6337
176311,182653,182721,68,6342
176311,182649,182721,72,6338
176311,182649,182722,73,6338
176311,182648,182723,75,6337
176311,182651,182723,72,6340
176311,182643,182724,81,6332
176311,182647,182724,77,6336
176311,182649,182724,75,6338
176311,182658,182725,67,6347
176311,182657,182725,68,6346
176311,182654,182726,72,6343
176311,182655,182728,73,6344
176311,182649,182728,79,6338
176311,182661,182729,68,6350
176311,182647,182728,81,6336
176311,182657,182730,73,6346
176311,182651,182730,79,6340
176311,182655,182731,76,6344
176311,182657,182731,74,6346
176311,182660,182733,73,6349
176311,182657,182736,79,6346
176311,182664,182736,72,6353
176311,182666,182737,71,6355
176311,182665,182737,72,6354
176311,182673,182737,64,6362
176311,182659,182737,78,6348
176311,182664,182738,74,6353
176311,182668,182740,72,6357
176311,182663,182741,78,6352
176311,182673,182743,70,6362
176311,182678,182745,67,6367
176311,182666,182745,79,6355
176311,182667,182746,79,6356
176311,182669,182747,78,6358
176311,182674,182747,73,6363
176311,182673,182748,75,6362
176311,182666,182750,84,6355
176311,182684,182753,69,6373
176311,182682,182753,71,6371
176311,182678,182754,76,6367
176311,182682,182756,74,6371
176311,182681,182757,76,6370
176311,182686,182758,72,6375
176311,182686,182760,74,6375
176311,182685,182762,77,6374
176311,182687,182765,78,6376
176311,182686,182765,79,6375
176311,182694,182765,71,6383
176311,182688,182765,77,6377
176311,182703,182766,63,6392
176311,182692,182766,74,6381
176311,182694,182767,73,6383
176311,182701,182767,66,6390
176311,182696,182768,72,6385
176311,182696,182768,72,6385
176311,182701,182769,68,6390
176311,182695,182770,75,6384
176311,182697,182770,73,6386
176311,182687,182770,83,6376
176311,182700,182770,70,6389
176311,182703,182771,68,6392
176311,182701,182771,70,6390
176311,182707,182772,65,6396
176311,182702,182772,70,6391
176311,182698,182773,75,6387
176311,182694,182772,78,6383
176311,182698,182772,74,6387
176311,182694,182773,79,6383
176311,182702,182774,72,6391
176311,182692,182773,81,6381
176311,182704,182778,74,6393
176311,182709,182783,74,6398
176311,182720,182783,63,6409
176311,182723,182788,65,6412
176311,182724,182787,63,6413
176311,182713,182788,75,6402
176311,182722,182788,66,6411
176311,182722,182788,66,6411
176311,182724,182790,66,6413
176311,182729,182791,62,6418
176311,182721,182791,70,6410
176311,182724,182793,69,6413
176311,182729,182794,65,6418
176311,182726,182794,68,6415
176311,182723,182796,73,6412
176311,182726,182796,70,6415
176311,182734,182797,63,6423
176311,182737,182797,60,6426
176311,182732,182798,66,6421
176311,182747,182798,51,6436
176311,182725,182799,74,6414
176311,182729,182799,70,6418
176311,182728,182802,74,6417
176311,182727,182802,75,6416
176311,182731,182802,71,6420
176311,182731,182803,72,6420
176311,182738,182804,66,6427
176311,182737,182806,69,6426
176311,182736,182807,71,6425
176311,182738,182807,69,6427
176311,182732,182806,74,6421
176311,182749,182808,59,6438
176311,182747,182807,60,6436
176311,182745,182809,64,6434
176311,182753,182810,57,6442
176311,182758,182811,53,6447
176311,182738,182811,73,6427
176311,182739,182812,73,6428
176311,182748,182812,64,6437
176311,182754,182814,60,6443
176311,182751,182815,64,6440
176311,182746,182815,69,6435
176311,182742,182815,73,6431
176311,182741,182817,76,6430
176311,182743,182819,76,6432
176311,182754,182821,67,6443
176311,182757,182822,65,6446
176311,182767,182823,56,6456
176311,182762,182823,61,6451
176311,182767,182823,56,6456
176311,182772,182826,54,6461
176311,182758,182827,69,6447
176311,182767,182827,60,6456
176311,182770,182828,58,6459
176311,182760,182828,68,6449
176311,182765,182828,63,6454
176311,182765,182828,63,6454
176311,182770,182829,59,6459
176311,182766,182830,64,6455
176311,182768,182830,62,6457
176311,182771,182832,61,6460
176311,182771,182833,62,6460
176311,182768,182832,64,6457
176311,182766,182833,67,6455
176311,182772,182836,64,6461
176311,182770,182837,67,6459
176311,182774,182838,64,6463
176311,182773,182838,65,6462
176311,182774,182840,66,6463
176311,182767,182840,73,6456
176311,182773,182843,70,6462
176311,182773,182845,72,6462
176311,182773,182846,73,6462
176311,182773,182847,74,6462
176311,182784,182848,64,6473
176311,182771,182848,77,6460
176311,182789,182852,63,6478
176311,182779,182854,75,6468
176311,182792,182855,63,6481
176311,182788,182855,67,6477
176311,182792,182856,64,6481
176311,182784,182856,72,6473
176311,182788,182857,69,6477
176311,182788,182859,71,6477
176311,182794,182859,65,6483
176311,182796,182860,64,6485
176311,182790,182860,70,6479
176311,182789,182860,71,6478
176311,182795,182862,67,6484
176311,182798,182865,67,6487
176311,182794,182868,74,6483
176311,182797,182870,73,6486
176311,182799,182871,72,6488
176311,182803,182871,68,6492
176311,182796,182871,75,6485
176311,182800,182872,72,6489
176311,182802,182873,71,6491
176311,182798,182875,77,6487
176311,182804,182876,72,6493
176311,182804,182877,73,6493
176311,182803,182877,74,6492
176311,182808,182878,70,6497
176311,182810,182879,69,6499
176311,182814,182880,66,6503
176311,182806,182881,75,6495
176311,182808,182881,73,6497
176311,182807,182881,74,6496
176311,182799,182881,82,6488
176311,182807,182881,74,6496
176311,182811,182883,72,6500
176311,182812,182883,71,6501
176311,182807,182886,79,6496
176311,182813,182886,73,6502
176311,182811,182887,76,6500
176311,182811,182887,76,6500
176311,182820,182889,69,6509
176311,182826,182889,63,6515
176311,182815,182890,75,6504
176311,182815,182891,76,6504
176311,182816,182891,75,6505
176311,182821,182893,72,6510
176311,182831,182896,65,6520
176311,182823,182896,73,6512
176311,182830,182896,66,6519
176311,182818,182897,79,6507
176311,182824,182898,74,6513
176311,182833,182898,65,6522
176311,182829,182899,70,6518
176311,182822,182899,77,6511
176311,182825,182899,74,6514
176311,182833,182901,68,6522
176311,182828,182901,73,6517
176311,182829,182901,72,6518
176311,182829,182902,73,6518
176311,182828,182902,74,6517
176311,182833,182903,70,6522
176311,182839,182906,67,6528
176311,182829,182906,77,6518
176311,182838,182906,68,6527
176311,182837,182911,74,6526
176311,182830,182912,82,6519
176311,182839,182913,74,6528
176311,182832,182912,80,6521
176311,182848,182913,65,6537
176311,182847,182914,67,6536
176311,182841,182915,74,6530
176311,182849,182916,67,6538
176311,182861,182917,56,6550
176311,182871,182918,47,6560
176311,182841,182917,76,6530
176311,182846,182919,73,6535
176311,182844,182918,74,6533
176311,182848,182919,71,6537
176311,182866,182920,54,6555
176311,182862,182921,59,6551
176311,182872,182921,49,6561
176311,182854,182922,68,6543
176311,182869,182922,53,6558
176311,182871,182923,52,6560
176311,182857,182927,70,6546
176311,182857,182927,70,6546
176311,182855,182928,73,6544
176311,182860,182929,69,6549
176311,182856,182929,73,6545
176311,182861,182929,68,6550
176311,182871,182931,60,6560
176311,182853,182932,79,6542
176311,182857,182933,76,6546
176311,182877,182934,57,6566
176311,182859,182935,76,6548
176311,182861,182936,75,6550
176311,182876,182938,62,6565
176311,182879,182940,61,6568
176311,182874,182940,66,6563
176311,182878,182943,65,6567
176311,182878,182944,66,6567
176311,182873,182945,72,6562
176311,182883,182950,67,6572
176311,182882,182950,68,6571
176311,182886,182950,64,6575
176311,182889,182951,62,6578
176311,182881,182952,71,6570
176281,181554,182953,1399,5273
176311,182880,182953,73,6569
176311,182881,182956,75,6570
176311,182884,182956,72,6573
176311,182882,182957,75,6571
176311,182888,182957,69,6577
176311,182890,182958,68,6579
176311,182896,182960,64,6585
176311,182880,182960,80,6569
176311,182887,182960,73,6576
176311,182887,182960,73,6576
176311,182897,182960,63,6586
176311,182881,182961,80,6570
176311,182890,182961,71,6579
176311,182892,182962,70,6581
176311,182892,182962,70,6581
176311,182900,182962,62,6589
176311,182894,182963,69,6583
176311,182900,182969,69,6589
176311,182900,182970,70,6589
176311,182897,182972,75,6586
176311,182902,182973,71,6591
176311,182901,182973,72,6590
176311,182901,182973,72,6590
176311,182902,182975,73,6591
176311,182912,182977,65,6601
176311,182898,182977,79,6587
176311,182914,182978,64,6603
176311,182906,182978,72,6595
176311,182899,182977,78,6588
176311,182903,182978,75,6592
176311,182908,182979,71,6597
176311,182913,182981,68,6602
176311,182901,182981,80,6590
176311,182916,182985,69,6605
176311,182913,182986,73,6602
176311,182921,182986,65,6610
176311,182906,182987,81,6595
176311,182923,182987,64,6612
176311,182920,182988,68,6609
176311,182914,182987,73,6603
176311,182896,182989,93,6585
176311,182921,182988,67,6610
176311,182911,182990,79,6600
176311,182919,182992,73,6608
176311,182929,182994,65,6618
176311,182932,182994,62,6621
176311,182935,182994,59,6624
176311,182929,182995,66,6618
176311,182918,182995,77,6607
176311,182919,182995,76,6608
176311,182918,182995,77,6607
176311,182922,182996,74,6611
176311,182919,182996,77,6608
176311,182932,182996,64,6621
176311,182923,182997,74,6612
176311,182927,182999,72,6616
176311,182927,182999,72,6616
176311,182917,183000,83,6606
176311,182937,183000,63,6626
176311,182930,183001,71,6619
176311,182939,183002,63,6628
176311,182934,183004,70,6623
176311,182929,183004,75,6618
176311,182946,183004,58,6635
176311,182924,183005,81,6613
176311,182940,183008,68,6629
176311,182945,183009,64,6634
176311,182935,183010,75,6624
176311,182943,183012,69,6632
176311,182952,183014,62,6641
176311,182950,183015,65,6639
176311,182941,183015,74,6630
176311,182963,183019,56,6652
176311,182956,183022,66,6645
176311,182956,183022,66,6645
176311,182950,183024,74,6639
176311,182953,183024,71,6642
176311,182954,183026,72,6643
176311,182951,183027,76,6640
176311,182962,183027,65,6651
176311,182963,183027,64,6652
176311,182954,183029,75,6643
176311,182958,183029,71,6647
176311,182961,183030,69,6650
176311,182962,183030,68,6651
176311,182961,183032,71,6650
176311,182959,183033,74,6648
176311,182960,183034,74,6649
176311,182970,183035,65,6659
176311,182958,183036,78,6647
176311,182963,183037,74,6652
176311,182963,183037,74,6652
176311,182973,183039,66,6662
176311,182973,183039,66,6662
176311,182974,183042,68,6663
176311,182978,183042,64,6667
176311,182974,183041,67,6663
176317,182978,183044,66,6661
176311,182971,183045,74,6660
176311,182978,183046,68,6667
176317,182982,183046,64,6665
176311,182961,183033,72,6650
176311,182961,183031,70,6650
176311,182975,183046,71,6664
176317,182987,183047,60,6670
176317,182982,183047,65,6665
176317,182979,183049,70,6662
176317,182979,183049,70,6662
176317,182988,183052,64,6671
176317,182987,183051,64,6670
176317,182996,183055,59,6679
176317,182987,183055,68,6670
176311,182978,183055,77,6667
176317,182995,183056,61,6678
176317,182994,183056,62,6677
176317,182988,183055,67,6671
176317,182988,183057,69,6671
176317,182996,183058,62,6679
176317,182995,183060,65,6678
176317,182997,183062,65,6680
176317,182996,183062,66,6679
176317,182989,183062,73,6672
176317,182985,183062,77,6668
176317,182997,183064,67,6680
176317,182990,183064,74,6673
176317,182995,183065,70,6678
176317,182989,183065,76,6672
176317,183001,183066,65,6684
176317,182992,183066,74,6675
176317,182995,183067,72,6678
176317,182997,183067,70,6680
176317,183004,183070,66,6687
176317,183000,183071,71,6683
176317,183001,183071,70,6684
176317,183000,183071,71,6683
176317,183006,183072,66,6689
176317,183005,183072,67,6688
176317,183001,183073,72,6684
176317,183003,183075,72,6686
176317,183010,183078,68,6693
176317,183013,183079,66,6696
176317,183010,183079,69,6693
176317,183016,183080,64,6699
176317,183009,183081,72,6692
176317,183016,183082,66,6699
176317,183023,183084,61,6706
176317,183005,183084,79,6688
176317,183020,183085,65,6703
176317,183015,183088,73,6698
176317,183022,183090,68,6705
176317,183027,183091,64,6710
176317,183025,183092,67,6708
176317,183032,183095,63,6715
176317,183030,183097,67,6713
176317,183028,183097,69,6711
176317,183030,183098,68,6713
176317,183029,183098,69,6712
176317,183034,183099,65,6717
176317,183027,183101,74,6710
176317,183028,183101,73,6711
176317,183035,183103,68,6718
176317,183035,183102,67,6718
176317,183040,183104,64,6723
176317,183031,183104,73,6714
176317,183042,183105,63,6725
176317,183037,183105,68,6720
176317,183042,183108,66,6725
176317,183040,183109,69,6723
176317,183042,183110,68,6725
176317,183038,183112,74,6721
176317,183046,183113,67,6729
176317,183045,183113,68,6728
176317,183047,183113,66,6730
176317,183049,183115,66,6732
176317,183048,183116,68,6731
176317,183038,183116,78,6721
176317,183047,183116,69,6730
176317,183056,183118,62,6739
176317,183047,183119,72,6730
176317,183047,183119,72,6730
176317,183045,183121,76,6728
176317,183048,183121,73,6731
176317,183046,183122,76,6729
176317,183049,183122,73,6732
176317,183052,183125,73,6735
176317,183052,183126,74,6735
176317,183055,183127,72,6738
176317,183056,183127,71,6739
176317,183056,183127,71,6739
176317,183056,183128,72,6739
176317,183064,183128,64,6747
176317,183057,183129,72,6740
176317,183063,183130,67,6746
176317,183055,183134,79,6738
176317,183060,183134,74,6743
176317,183066,183134,68,6749
176317,183063,183136,73,6746
176317,183059,183137,78,6742
176317,183063,183136,73,6746
176317,183071,183137,66,6754
176317,183066,183138,72,6749
176317,183072,183138,66,6755
176317,183062,183139,77,6745
176317,183072,183140,68,6755
176317,183068,183140,72,6751
176317,183065,183142,77,6748
176317,183067,183142,75,6750
176317,183071,183143,72,6754
176317,183073,183142,69,6756
176317,183066,183144,78,6749
176317,183068,183145,77,6751
176317,183075,183146,71,6758
176317,183071,183146,75,6754
176317,183079,183148,69,6762
176317,183080,183149,69,6763
176317,183074,183149,75,6757
176317,183084,183150,66,6767
176317,183102,183151,49,6785
176317,183100,183150,50,6783
176317,183082,183151,69,6765
176317,183082,183152,70,6765
176317,183102,183153,51,6785
176317,183103,183153,50,6786
176317,183103,183154,51,6786
176317,183105,183156,51,6788
176317,183080,183157,77,6763
176317,183080,183157,77,6763
176317,183091,183158,67,6774
176317,183099,183159,60,6782
176317,183085,183160,75,6768
176317,183091,183159,68,6774
176317,183099,183160,61,6782
176317,183086,183159,73,6769
176317,183104,183164,60,6787
176317,183098,183166,68,6781
176317,183109,183166,57,6792
176317,183089,183166,77,6772
176317,183113,183168,55,6796
176317,183104,183168,64,6787
176317,183096,183168,72,6779
176317,183097,183170,73,6780
176317,183110,183170,60,6793
176317,183093,183171,78,6776
176292,181787,183175,1388,5495
176317,183106,183175,69,6789
176317,183109,183176,67,6792
176317,183113,183180,67,6796
176317,183114,183180,66,6797
176317,183113,183180,67,6796
176317,183122,183189,67,6805
176317,183119,183190,71,6802
176317,183116,183190,74,6799
176317,183118,183191,73,6801
176317,183127,183191,64,6810
176317,183116,183191,75,6799
176317,183117,183196,79,6800
176317,183122,183196,74,6805
176317,183128,183196,68,6811
176317,183126,183198,72,6809
176317,183126,183198,72,6809
176317,183121,183197,76,6804
176317,183122,183198,76,6805
176317,183117,183201,84,6800
176317,183129,183201,72,6812
176317,183128,183203,75,6811
176317,183140,183203,63,6823
176317,183120,183203,83,6803
176317,183129,183205,76,6812
176317,183130,183205,75,6813
176317,183135,183206,71,6818
176317,183130,183207,77,6813
176317,183138,183209,71,6821
176317,183139,183210,71,6822
176317,183135,183209,74,6818
176317,183138,183211,73,6821
176317,183140,183211,71,6823
176317,183135,183214,79,6818
176317,183137,183214,77,6820
176317,183147,183215,68,6830
176317,183142,183215,73,6825
176317,183142,183216,74,6825
176317,183149,183217,68,6832
176317,183136,183217,81,6819
176317,183143,183218,75,6826
176317,183137,183218,81,6820
176317,183149,183220,71,6832
176317,183151,183223,72,6834
176317,183141,183222,81,6824
176317,183151,183222,71,6834
176317,183146,183223,77,6829
176317,183156,183223,67,6839
176317,183153,183223,70,6836
176317,183143,183225,82,6826
176317,183149,183225,76,6832
176317,183146,183226,80,6829
176317,183158,183227,69,6841
176317,183153,183227,74,6836
176317,183154,183227,73,6837
176317,183157,183228,71,6840
176317,183151,183228,77,6834
176317,183151,183230,79,6834
176317,183169,183231,62,6852
176317,183159,183231,72,6842
176317,183159,183233,74,6842
176317,183155,183234,79,6838
176317,183166,183233,67,6849
176317,183160,183234,74,6843
176317,183160,183234,74,6843
176317,183160,183235,75,6843
176317,183145,183236,91,6828
176317,183164,183236,72,6847
176317,183170,183236,66,6853
176317,183160,183237,77,6843
176317,183166,183238,72,6849
176317,183168,183239,71,6851
176317,183169,183240,71,6852
176317,183167,183240,73,6850
176317,183175,183242,67,6858
176317,183177,183243,66,6860
176317,183170,183244,74,6853
176317,183171,183243,72,6854
176317,183175,183245,70,6858
176317,183181,183251,70,6864
176317,183181,183252,71,6864
176317,183181,183253,72,6864
176317,183192,183255,63,6875
176317,183190,183260,70,6873
176317,183191,183261,70,6874
176317,183191,183261,70,6874
176317,183189,183263,74,6872
176317,183198,183263,65,6881
176317,183197,183265,68,6880
176317,183191,183265,74,6874
176317,183198,183268,70,6881
176317,183197,183268,71,6880
176317,183197,183268,71,6880
176317,183198,183272,74,6881
176317,183201,183273,72,6884
176317,183209,183272,63,6892
176323,183220,183274,54,6897
176317,183210,183274,64,6893
176317,183202,183275,73,6885
176317,183204,183277,73,6887
176317,183208,183276,68,6891
176317,183203,183278,75,6886
176317,183212,183279,67,6895
176317,183206,183279,73,6889
176323,183216,183279,63,6893
176317,183199,183279,80,6882
176317,183205,183280,75,6888
176317,183204,183280,76,6887
176317,183215,183281,66,6898
176317,183207,183283,76,6890
176317,183210,183284,74,6893
176323,183218,183283,65,6895
176317,183212,183284,72,6895
176323,183218,183285,67,6895
176323,183219,183286,67,6896
176323,183226,183287,61,6903
176323,183223,183287,64,6900
176323,183228,183288,60,6905
176317,183214,183288,74,6897
176323,183223,183288,65,6900
176323,183227,183289,62,6904
176323,183218,183289,71,6895
176323,183217,183291,74,6894
176323,183224,183292,68,6901
176323,183232,183293,61,6909
176323,183228,183293,65,6905
176323,183228,183293,65,6905
176323,183223,183294,71,6900
176323,183224,183294,70,6901
176323,183226,183294,68,6903
176323,183234,183295,61,6911
176323,183232,183295,63,6909
176323,183234,183296,62,6911
176323,183229,183297,68,6906
176323,183224,183298,74,6901
176323,183234,183300,66,6911
176323,183234,183300,66,6911
176323,183231,183300,69,6908
176323,183237,183301,64,6914
176323,183239,183301,62,6916
176323,183226,183303,77,6903
176323,183235,183304,69,6912
176323,183236,183305,69,6913
176323,183238,183306,68,6915
176323,183243,183307,64,6920
176323,183246,183308,62,6923
176323,183237,183309,72,6914
176323,183244,183309,65,6921
176323,183241,183310,69,6918
176323,183236,183311,75,6913
176323,183241,183313,72,6918
176323,183244,183313,69,6921
176323,183239,183314,75,6916
176323,183243,183315,72,6920
176323,183253,183316,63,6930
176323,183252,183317,65,6929
176323,183252,183321,69,6929
176323,183255,183322,67,6932
176323,183262,183329,67,6939
176323,183263,183328,65,6940
176323,183261,183332,71,6938
176323,183266,183334,68,6943
176323,183262,183335,73,6939
176323,183268,183336,68,6945
176323,183268,183337,69,6945
176323,183264,183338,74,6941
176323,183273,183340,67,6950
176323,183269,183341,72,6946
176323,183273,183342,69,6950
176323,183280,183343,63,6957
176323,183277,183344,67,6954
176323,183277,183345,68,6954
176323,183265,183344,79,6942
176323,183280,183345,65,6957
176323,183283,183345,62,6960
176323,183279,183345,66,6956
176323,183282,183345,63,6959
176323,183275,183345,70,6952
176323,183275,183346,71,6952
176323,183273,183346,73,6950
176323,183279,183347,68,6956
176323,183279,183347,68,6956
176323,183278,183349,71,6955
176323,183284,183349,65,6961
176323,183276,183350,74,6953
176323,183280,183352,72,6957
176323,183288,183355,67,6965
176323,183295,183356,61,6972
176323,183284,183356,72,6961
176323,183296,183357,61,6973
176323,183292,183356,64,6969
176323,183286,183358,72,6963
176323,183290,183359,69,6967
176323,183290,183359,69,6967
176323,183284,183359,75,6961
176323,183288,183360,72,6965
176323,183287,183360,73,6964
176323,183297,183360,63,6974
176323,183293,183364,71,6970
176323,183295,183364,69,6972
176323,183300,183366,66,6977
176323,183296,183366,70,6973
176323,183300,183366,66,6977
176323,183292,183367,75,6969
176323,183288,183366,78,6965
176323,183288,183367,79,6965
176323,183294,183368,74,6971
176323,183295,183368,73,6972
176323,183297,183368,71,6974
176323,183294,183368,74,6971
176323,183306,183369,63,6983
176323,183286,183370,84,6963
176323,183304,183370,66,6981
176323,183301,183371,70,6978
176323,183305,183373,68,6982
176323,183299,183373,74,6976
176323,183302,183374,72,6979
176323,183304,183377,73,6981
176323,183310,183377,67,6987
176323,183300,183378,78,6977
176323,183314,183380,66,6991
176323,183308,183380,72,6985
176323,183311,183381,70,6988
176323,183307,183381,74,6984
176323,183345,183382,37,7022
176323,183313,183382,69,6990
176323,183340,183382,42,7017
176323,183316,183384,68,6993
176323,183310,183385,75,6987
176323,183314,183387,73,6991
176323,183311,183388,77,6988
176323,183339,183388,49,7016
176323,183345,183388,43,7022
176323,183342,183391,49,7019
176323,183322,183391,69,6999
176323,183337,183391,54,7014
176323,183342,183393,51,7019
176323,183336,183394,58,7013
176323,183318,183395,77,6995
176323,183343,183397,54,7020
176323,183346,183398,52,7023
176323,183315,183398,83,6992
176323,183345,183399,54,7022
176323,183337,183399,62,7014
176323,183345,183400,55,7022
176323,183323,183401,78,7000
176323,183346,183402,56,7023
176323,183346,183403,57,7023
176323,183329,183403,74,7006
176323,183329,183403,74,7006
176323,183346,183404,58,7023
176323,183346,183405,59,7023
176323,183347,183407,60,7024
176323,183333,183407,74,7010
176323,183335,183412,77,7012
176323,183351,183413,62,7028
176323,183348,183419,71,7025
176323,183350,183419,69,7027
176323,183356,183419,63,7033
176323,183350,183420,70,7027
176323,183356,183423,67,7033
176323,183348,183423,75,7025
176323,183357,183428,71,7034
176323,183353,183428,75,7030
176323,183358,183428,70,7035
176297,182031,183430,1399,5734
176323,183357,183430,73,7034
176323,183365,183431,66,7042
176323,183368,183432,64,7045
176323,183361,183433,72,7038
176323,183361,183434,73,7038
176323,183357,183434,77,7034
176323,183367,183437,70,7044
176323,183359,183439,80,7036
176323,183367,183440,73,7044
176323,183368,183440,72,7045
176323,183360,183441,81,7037
176323,183360,183442,82,7037
176323,183367,183442,75,7044
176323,183367,183442,75,7044
176323,183369,183443,74,7046
176323,183367,183443,76,7044
176323,183360,183444,84,7037
176323,183370,183445,75,7047
176323,183372,183446,74,7049
176323,183374,183447,73,7051
176323,183368,183447,79,7045
176323,183371,183448,77,7048
176323,183366,183449,83,7043
176323,183369,183448,79,7046
176323,183378,183449,71,7055
176323,183382,183449,67,7059
176323,183380,183450,70,7057
176323,183374,183450,76,7051
176323,183383,183451,68,7060
176323,183364,183451,87,7041
176323,183379,183451,72,7056
176323,183384,183452,68,7061
176323,183383,183453,70,7060
176323,183378,183453,75,7055
176323,183382,183455,73,7059
176323,183374,183457,83,7051
176323,183387,183457,70,7064
176323,183389,183458,69,7066
176323,183396,183459,63,7073
176323,183381,183460,79,7058
176323,183391,183460,69,7068
176323,183381,183461,80,7058
176323,183389,183461,72,7066
176323,183392,183462,70,7069
176323,183385,183463,78,7062
176323,183392,183465,73,7069
176323,183393,183466,73,7070
176323,183389,183467,78,7066
176323,183399,183467,68,7076
176323,183400,183468,68,7077
176323,183399,183468,69,7076
176323,183395,183469,74,7072
176323,183402,183470,68,7079
176323,183407,183471,64,7084
176323,183398,183471,73,7075
176323,183404,183471,67,7081
176323,183406,183472,66,7083
176323,183400,183473,73,7077
176323,183403,183474,71,7080
176323,183407,183475,68,7084
176323,183403,183475,72,7080
176323,183402,183476,74,7079
176323,183401,183478,77,7078
176323,183404,183480,76,7081
176323,183419,183483,64,7096
176323,183414,183486,72,7091
176323,183420,183489,69,7097
176323,183423,183492,69,7100
176323,183413,183493,80,7090
176323,183419,183496,77,7096
176323,183434,183495,61,7111
176323,183423,183495,72,7100
176323,183420,183496,76,7097
176323,183432,183498,66,7109
176323,183428,183500,72,7105
176323,183430,183502,72,7107
176323,183429,183504,75,7106
176323,183439,183505,66,7116
176323,183428,183507,79,7105
176323,183434,183508,74,7111
176323,183438,183508,70,7115
176323,183431,183509,78,7108
176323,183433,183509,76,7110
176323,183443,183510,67,7120
176323,183440,183510,70,7117
176335,183453,183511,58,7118
176335,183449,183512,63,7114
176323,183442,183512,70,7119
176323,183446,183513,67,7123
176323,183446,183514,68,7123
176323,183435,183515,80,7112
176323,183442,183516,74,7119
176335,183453,183518,65,7118
176335,183449,183519,70,7114
176323,183447,183519,72,7124
176335,183457,183519,62,7122
176335,183460,183520,60,7125
176323,183443,183521,78,7120
176323,183444,183522,78,7121
176335,183461,183522,61,7126
176335,183452,183522,70,7117
176323,183440,183519,79,7117
176335,183451,183521,70,7116
176335,183452,183523,71,7117
176335,183460,183524,64,7125
176335,183458,183526,68,7123
176335,183450,183527,77,7115
176335,183450,183528,78,7115
176335,183461,183529,68,7126
176335,183451,183529,78,7116
176323,183444,183517,73,7121
176323,183445,183519,74,7122
176335,183450,183522,72,7115
176335,183464,183525,61,7129
176335,183454,183530,76,7119
176335,183468,183531,63,7133
176335,183469,183533,64,7134
176335,183463,183534,71,7128
176335,183461,183535,74,7126
176335,183469,183535,66,7134
176335,183458,183535,77,7123
176335,183468,183536,68,7133
176335,183456,183536,80,7121
176335,183468,183537,69,7133
176335,183472,183538,66,7137
176335,183466,183539,73,7131
176335,183476,183539,63,7141
176335,183471,183540,69,7136
176335,183473,183541,68,7138
176335,183466,183540,74,7131
176335,183472,183541,69,7137
176335,183472,183541,69,7137
176335,183478,183542,64,7143
176335,183480,183545,65,7145
176335,183472,183546,74,7137
176335,183476,183547,71,7141
176335,183476,183548,72,7141
176335,183483,183547,64,7148
176335,183474,183550,76,7139
176335,183487,183553,66,7152
176335,183490,183554,64,7155
176335,183496,183558,62,7161
176335,183496,183562,66,7161
176335,183499,183564,65,7164
176335,183494,183563,69,7159
176335,183496,183565,69,7161
176335,183496,183567,71,7161
176335,183505,183570,65,7170
176335,183505,183570,65,7170
176335,183508,183572,64,7173
176335,183501,183572,71,7166
176335,183503,183572,69,7168
176335,183512,183576,64,7177
176335,183509,183577,68,7174
176335,183514,183578,64,7179
176335,183508,183578,70,7173
176335,183513,183578,65,7178
176335,183513,183579,66,7178
176335,183509,183580,71,7174
176335,183511,183581,70,7176
176335,183514,183583,69,7179
176335,183509,183584,75,7174
176335,183516,183586,70,7181
176335,183511,183585,74,7176
176335,183522,183588,66,7187
176335,183524,183588,64,7189
176335,183524,183589,65,7189
176335,183518,183590,72,7183
176335,183523,183590,67,7188
176335,183520,183591,71,7185
176335,183522,183591,69,7187
176335,183520,183591,71,7185
176335,183520,183592,72,7185
176335,183525,183592,67,7190
176335,183528,183593,65,7193
176335,183524,183596,72,7189
176335,183521,183597,76,7186
176335,183531,183597,66,7196
176335,183531,183597,66,7196
176335,183524,183600,76,7189
176335,183529,183600,71,7194
176335,183523,183600,77,7188
176335,183531,183601,70,7196
176335,183531,183601,70,7196
176335,183534,183601,67,7199
176335,183526,183601,75,7191
176335,183531,183602,71,7196
176335,183528,183603,75,7193
176335,183534,183602,68,7199
176335,183536,183603,67,7201
176335,183529,183606,77,7194
176335,183531,183608,77,7196
176335,183537,183608,71,7202
176335,183541,183609,68,7206
176335,183536,183609,73,7201
176335,183539,183609,70,7204
176335,183541,183609,68,7206
176335,183531,183611,80,7196
176335,183541,183611,70,7206
176335,183536,183612,76,7201
176335,183537,183612,75,7202
176335,183541,183613,72,7206
176335,183540,183614,74,7205
176335,183536,183613,77,7201
176335,183541,183613,72,7206
176335,183546,183616,70,7211
176335,183548,183617,69,7213
176335,183547,183618,71,7212
176335,183538,183619,81,7203
176335,183543,183622,79,7208
176335,183550,183622,72,7215
176335,183555,183624,69,7220
176335,183548,183624,76,7213
176335,183547,183624,77,7212
176335,183572,183626,54,7237
176335,183554,183626,72,7219
176335,183558,183630,72,7223
176335,183564,183630,66,7229
176335,183576,183631,55,7241
176335,183580,183631,51,7245
176335,183581,183633,52,7246
176335,183572,183634,62,7237
176335,183579,183635,56,7244
176335,183563,183637,74,7228
176335,183572,183637,65,7237
176335,183579,183638,59,7244
176335,183578,183638,60,7243
176335,183585,183639,54,7250
176335,183586,183641,55,7251
176335,183578,183642,64,7243
176335,183565,183642,77,7230
176335,183568,183645,77,7233
176335,183564,183644,80,7229
176335,183589,183645,56,7254
176335,183571,183646,75,7236
176335,183584,183646,62,7249
176335,183586,183646,60,7251
176335,183571,183649,78,7236
176335,183581,183650,69,7246
176335,183588,183658,70,7253
176335,183590,183659,69,7255
176335,183598,183662,64,7263
176335,183593,183662,69,7258
176335,183593,183662,69,7258
176335,183597,183662,65,7262
176335,183591,183665,74,7256
176335,183592,183665,73,7257
176335,183593,183665,72,7258
176335,183590,183665,75,7255
176303,182270,183665,1395,5967
176335,183592,183666,74,7257
176335,183602,183668,66,7267
176335,183592,183669,77,7257
176335,183597,183670,73,7262
176335,183601,183670,69,7266
176335,183601,183671,70,7266
176335,183604,183672,68,7269
176335,183601,183672,71,7266
176335,183598,183673,75,7263
176335,183601,183675,74,7266
176335,183601,183675,74,7266
176335,183603,183677,74,7268
176335,183603,183677,74,7268
176335,183602,183678,76,7267
176335,183607,183681,74,7272
176335,183609,183681,72,7274
176335,183614,183682,68,7279
176335,183602,183683,81,7267
176335,183608,183682,74,7273
176335,183609,183683,74,7274
176335,183612,183684,72,7277
176335,183608,183685,77,7273
176335,183610,183686,76,7275
176335,183610,183686,76,7275
176335,183613,183686,73,7278
176335,183612,183687,75,7277
176335,183616,183688,72,7281
176335,183614,183688,74,7279
176335,183614,183689,75,7279
176335,183618,183690,72,7283
176335,183620,183691,71,7285
176335,183624,183691,67,7289
176335,183623,183692,69,7288
176335,183614,183693,79,7279
176335,183611,183694,83,7276
176335,183622,183695,73,7287
176335,183624,183695,71,7289
176335,183627,183696,69,7292
176335,183625,183697,72,7290
176335,183619,183698,79,7284
176335,183632,183703,71,7297
176335,183633,183705,72,7298
176335,183630,183705,75,7295
176335,183627,183706,79,7292
176335,183635,183706,71,7300
176335,183631,183707,76,7296
176335,183639,183708,69,7304
176335,183630,183708,78,7295
176335,183637,183709,72,7302
176335,183638,183709,71,7303
176335,183643,183710,67,7308
176335,183635,183711,76,7300
176335,183638,183712,74,7303
176335,183641,183713,72,7306
176335,183645,183715,70,7310
176335,183646,183716,70,7311
176335,183645,183716,71,7310
176335,183643,183718,75,7308
176335,183642,183719,77,7307
176335,183646,183720,74,7311
176335,183650,183720,70,7315
176335,183659,183721,62,7324
176335,183646,183723,77,7311
176335,183651,183724,73,7316
176335,183646,183725,79,7311
176335,183663,183731,68,7328
176335,183662,183731,69,7327
176335,183663,183732,69,7328
176335,183672,183733,61,7337
176335,183665,183734,69,7330
176335,183660,183735,75,7325
176335,183665,183735,70,7330
176335,183666,183736,70,7331
176335,183666,183736,70,7331
176335,183671,183736,65,7336
176335,183671,183738,67,7336
176335,183670,183738,68,7335
176335,183678,183740,62,7343
176335,183663,183740,77,7328
176335,183665,183740,75,7330
176335,183669,183740,71,7334
176335,183666,183741,75,7331
176335,183674,183742,68,7339
176335,183673,183745,72,7338
176335,183676,183746,70,7341
176335,183676,183746,70,7341
176335,183672,183748,76,7337
176335,183683,183748,65,7348
176358,183687,183748,61,7329
176335,183682,183749,67,7347
176358,183689,183749,60,7331
176358,183696,183750,54,7338
176335,183678,183751,73,7343
176358,183688,183751,63,7330
176358,183690,183752,62,7332
176358,183691,183751,60,7333
176335,183682,183752,70,7347
176335,183683,183752,69,7348
176358,183696,183755,59,7338
176335,183684,183754,70,7349
176358,183686,183750,64,7328
176358,183689,183745,56,7331
176358,183695,183756,61,7337
176335,183683,183756,73,7348
176358,183692,183757,65,7334
176358,183698,183757,59,7340
176335,183679,183757,78,7344
176358,183698,183758,60,7340
176358,183688,183759,71,7330
176358,183694,183759,65,7336
176335,183683,183760,77,7348
176358,183707,183761,54,7349
176358,183703,183762,59,7345
176335,183686,183764,78,7351
176358,183692,183764,72,7334
176358,183709,183765,56,7351
176358,183696,183770,74,7338
176358,183707,183771,64,7349
176358,183708,183770,62,7350
176358,183710,183772,62,7352
176358,183712,183774,62,7354
176358,183706,183774,68,7348
176358,183713,183775,62,7355
176358,183710,183778,68,7352
176358,183710,183778,68,7352
176358,183714,183780,66,7356
176358,183705,183781,76,7347
176358,183709,183782,73,7351
176358,183717,183783,66,7359
176358,183719,183786,67,7361
176358,183721,183787,66,7363
176358,183721,183787,66,7363
176358,183716,183790,74,7358
176358,183717,183790,73,7359
176358,183719,183791,72,7361
176358,183721,183791,70,7363
176358,183724,183792,68,7366
176358,183724,183792,68,7366
176358,183731,183800,69,7373
176358,183732,183803,71,7374
176358,183734,183804,70,7376
176358,183732,183805,73,7374
176358,183736,183805,69,7378
176358,183738,183806,68,7380
176358,183733,183806,73,7375
176358,183736,183807,71,7378
176358,183736,183807,71,7378
176358,183739,183808,69,7381
176358,183736,183808,72,7378
176358,183743,183810,67,7385
176358,183740,183811,71,7382
176358,183742,183813,71,7384
176358,183736,183813,77,7378
176358,183741,183815,74,7383
176358,183740,183815,75,7382
176358,183741,183815,74,7383
176358,183750,183817,67,7392
176358,183748,183819,71,7390
176358,183752,183820,68,7394
176358,183752,183820,68,7394
176358,183749,183820,71,7391
176358,183746,183821,75,7388
176358,183747,183822,75,7389
176358,183746,183823,77,7388
176358,183751,183823,72,7393
176358,183752,183823,71,7394
176358,183751,183824,73,7393
176358,183756,183824,68,7398
176358,183749,183824,75,7391
176358,183752,183825,73,7394
176358,183756,183826,70,7398
176358,183749,183825,76,7391
176358,183758,183827,69,7400
176358,183749,183827,78,7391
176358,183755,183826,71,7397
176358,183756,183828,72,7398
176358,183758,183828,70,7400
176358,183756,183828,72,7398
176358,183757,183829,72,7399
176358,183758,183830,72,7400
176358,183760,183831,71,7402
176358,183758,183830,72,7400
176358,183756,183831,75,7398
176358,183760,183833,73,7402
176358,183759,183834,75,7401
176358,183771,183835,64,7413
176358,183765,183836,71,7407
176358,183763,183836,73,7405
176358,183765,183838,73,7407
176358,183762,183839,77,7404
176358,183766,183839,73,7408
176358,183771,183839,68,7413
176358,183775,183842,67,7417
176358,183779,183843,64,7421
176358,183774,183846,72,7416
176358,183772,183849,77,7414
176358,183770,183850,80,7412
176358,183778,183850,72,7420
176358,183776,183850,74,7418
176358,183782,183851,69,7424
176358,183783,183852,69,7425
176358,183783,183854,71,7425
176358,183788,183856,68,7430
176358,183781,183856,75,7423
176358,183788,183858,70,7430
176358,183790,183858,68,7432
176358,183787,183860,73,7429
176358,183793,183861,68,7435
176358,183813,183863,50,7455
176358,183792,183865,73,7434
176358,183791,183866,75,7433
176358,183816,183867,51,7458
176358,183792,183867,75,7434
176358,183791,183868,77,7433
176358,183800,183871,71,7442
176358,183818,183872,54,7460
176358,183814,183872,58,7456
176358,183816,183871,55,7458
176358,183820,183875,55,7462
176358,183807,183874,67,7449
176358,183811,183875,64,7453
176358,183806,183875,69,7448
176358,183803,183877,74,7445
176358,183815,183877,62,7457
176358,183804,183878,74,7446
176358,183807,183879,72,7449
176358,183812,183879,67,7454
176358,183824,183879,55,7466
176358,183821,183880,59,7463
176308,182504,183880,1376,6196
176358,183809,183881,72,7451
176358,183808,183883,75,7450
176358,183821,183883,62,7463
176358,183807,183884,77,7449
176358,183822,183887,65,7464
176358,183824,183887,63,7466
176358,183827,183888,61,7469
176358,183805,183889,84,7447
176358,183822,183889,67,7464
176358,183827,183890,63,7469
176358,183827,183891,64,7469
176358,183809,183891,82,7451
176358,183820,183894,74,7462
176358,183828,183895,67,7470
176358,183824,183896,72,7466
176358,183824,183896,72,7466
176358,183826,183899,73,7468
176358,183834,183900,66,7476
176358,183831,183900,69,7473
176358,183831,183900,69,7473
176358,183829,183901,72,7471
176358,183840,183902,62,7482
176358,183831,183902,71,7473
176358,183837,183903,66,7479
176358,183829,183903,74,7471
176358,183826,183903,77,7468
176358,183829,183904,75,7471
176358,183825,183904,79,7467
176358,183830,183905,75,7472
176358,183833,183906,73,7475
176358,183825,183906,81,7467
176358,183836,183907,71,7478
176358,183836,183906,70,7478
176358,183840,183907,67,7482
176358,183826,183908,82,7468
176358,183844,183911,67,7486
176358,183838,183912,74,7480
176358,183839,183912,73,7481
176358,183843,183914,71,7485
176358,183849,183919,70,7491
176358,183852,183921,69,7494
176358,183846,183923,77,7488
176358,183851,183923,72,7493
176358,183851,183924,73,7493
176358,183856,183927,71,7498
176358,183857,183927,70,7499
176358,183859,183928,69,7501
176358,183861,183930,69,7503
176358,183851,183930,79,7493
176358,183863,183931,68,7505
176358,183853,183931,78,7495
176358,183867,183932,65,7509
176358,183862,183933,71,7504
176358,183855,183935,80,7497
176358,183858,183935,77,7500
176358,183871,183938,67,7513
176358,183872,183938,66,7514
176358,183875,183940,65,7517
176358,183872,183940,68,7514
176358,183869,183941,72,7511
176358,183865,183941,76,7507
176358,183866,183941,75,7508
176358,183878,183944,66,7520
176358,183883,183944,61,7525
176358,183876,183945,69,7518
176358,183879,183945,66,7521
176358,183868,183945,77,7510
176358,183875,183948,73,7517
176358,183875,183948,73,7517
176358,183878,183950,72,7520
176358,183888,183950,62,7530
176358,183884,183951,67,7526
176358,183872,183951,79,7514
176358,183879,183951,72,7521
176358,183880,183953,73,7522
176358,183892,183953,61,7534
176358,183880,183955,75,7522
176358,183881,183954,73,7523
176358,183888,183955,67,7530
176358,183890,183956,66,7532
176358,183881,183956,75,7523
176358,183887,183958,71,7529
176358,183889,183957,68,7531
176358,183884,183958,74,7526
176358,183891,183959,68,7533
176358,183880,183960,80,7522
176358,183892,183961,69,7534
176358,183897,183961,64,7539
176358,183902,183964,62,7544
176358,183897,183966,69,7539
176358,183895,183966,71,7537
176358,183896,183966,70,7538
176358,183904,183969,65,7546
176358,183901,183969,68,7543
176358,183901,183972,71,7543
176358,183907,183973,66,7549
176358,183903,183972,69,7545
176358,183906,183972,66,7548
176358,183904,183973,69,7546
176358,183903,183973,70,7545
176358,183902,183974,72,7544
176358,183900,183974,74,7542
176358,183904,183975,71,7546
176358,183901,183975,74,7543
176358,183915,183977,62,7557
176358,183907,183978,71,7549
176358,183905,183978,73,7547
176358,183907,183978,71,7549
176358,183913,183980,67,7555
176358,183919,183980,61,7561
176358,183907,183980,73,7549
176358,183912,183983,71,7554
176358,183913,183984,71,7555
176364,183928,183985,57,7564
176358,183924,183987,63,7566
176364,183933,183988,55,7569
176364,183928,183990,62,7564
176358,183908,183990,82,7550
176364,183930,183990,60,7566
176364,183928,183993,65,7564
176364,183932,183995,63,7568
176364,183931,183996,65,7567
176358,183909,183996,87,7551
176358,183922,183996,74,7564
176358,183923,183997,74,7565
176364,183935,183997,62,7571
176364,183934,183998,64,7570
176364,183942,184000,58,7578
176364,183935,184000,65,7571
176364,183939,184001,62,7575
176364,183946,184002,56,7582
176364,183932,184003,71,7568
176364,183942,184006,64,7578
176364,183944,184006,62,7580
176364,183941,184007,66,7577
176364,183941,184007,66,7577
176364,183951,184011,60,7587
176364,183949,184012,63,7585
176364,183939,184012,73,7575
176364,183946,184012,66,7582
176364,183941,184014,73,7577
176364,183945,184014,69,7581
176364,183949,184017,68,7585
176364,183951,184018,67,7587
176364,183945,184019,74,7581
176364,183951,184019,68,7587
176364,183954,184019,65,7590
176364,183954,184019,65,7590
176364,183952,184020,68,7588
176364,183952,184021,69,7588
176364,183958,184022,64,7594
176364,183955,184024,69,7591
176364,183955,184025,70,7591
176364,183957,184025,68,7593
176364,183955,184027,72,7591
176364,183956,184028,72,7592
176364,183958,184028,70,7594
176364,183960,184030,70,7596
176364,183961,184032,71,7597
176364,183965,184033,68,7601
176364,183959,184034,75,7595
176364,183967,184035,68,7603
176364,183960,184035,75,7596
176364,183962,184036,74,7598
176364,183975,184037,62,7611
176364,183966,184037,71,7602
176364,183967,184037,70,7603
176364,183969,184039,70,7605
176364,183974,184040,66,7610
176364,183974,184041,67,7610
176364,183973,184041,68,7609
176364,183973,184041,68,7609
176364,183972,184041,69,7608
176364,183978,184044,66,7614
176364,183975,184046,71,7611
176364,183974,184046,72,7610
176364,183973,184047,74,7609
176364,183969,184048,79,7605
176364,183979,184048,69,7615
176364,183981,184050,69,7617
176364,183978,184051,73,7614
176364,183986,184051,65,7622
176364,183978,184051,73,7614
176364,183975,184052,77,7611
176364,183981,184052,71,7617
176364,183984,184054,70,7620
176364,183984,184055,71,7620
176364,183990,184055,65,7626
176364,183991,184058,67,7627
176364,183980,184060,80,7616
176364,183991,184060,69,7627
176364,183993,184060,67,7629
176364,183996,184060,64,7632
176364,183988,184063,75,7624
176364,183997,184064,67,7633
176364,183988,184064,76,7624
176364,183998,184065,67,7634
176364,183995,184065,70,7631
176364,184001,184068,67,7637
176364,183997,184069,72,7633
176364,183998,184069,71,7634
176364,183997,184069,72,7633
176364,184004,184071,67,7640
176364,184006,184073,67,7642
176364,184007,184077,70,7643
176364,184000,184079,79,7636
176364,184014,184079,65,7650
176364,184012,184079,67,7648
176364,184008,184080,72,7644
176364,184003,184080,77,7639
176364,184013,184080,67,7649
176364,184008,184081,73,7644
176364,184000,184081,81,7636
176364,184015,184081,66,7651
176364,184012,184082,70,7648
176364,184019,184083,64,7655
176364,184019,184085,66,7655
176364,184023,184087,64,7659
176364,184013,184088,75,7649
176364,184017,184088,71,7653
176364,184020,184090,70,7656
176364,184021,184091,70,7657
176364,184019,184092,73,7655
176364,184018,184094,76,7654
176364,184025,184094,69,7661
176364,184022,184097,75,7658
176364,184026,184097,71,7662
176364,184029,184098,69,7665
176364,184047,184099,52,7683
176364,184047,184099,52,7683
176364,184028,184101,73,7664
176364,184049,184101,52,7685
176364,184036,184102,66,7672
176364,184026,184102,76,7662
176364,184028,184102,74,7664
176364,184041,184105,64,7677
176364,184038,184105,67,7674
176364,184031,184105,74,7667
176364,184032,184105,73,7668
176364,184035,184105,70,7671
176364,184042,184107,65,7678
176364,184036,184107,71,7672
176364,184049,184107,58,7685
176364,184037,184108,71,7673
176364,184045,184108,63,7681
176364,184051,184110,59,7687
176364,184053,184110,57,7689
176364,184048,184111,63,7684
176364,184042,184112,70,7678
176364,184033,184112,79,7669
176364,184052,184111,59,7688
176364,184051,184113,62,7687
176364,184055,184114,59,7691
176364,184038,184114,76,7674
176364,184053,184116,63,7689
176364,184040,184118,78,7676
176364,184041,184117,76,7677
176364,184050,184117,67,7686
176364,184040,184119,79,7676
176364,184059,184118,59,7695
176364,184038,184119,81,7674
176364,184055,184126,71,7691
176364,184061,184128,67,7697
176364,184066,184130,64,7702
176364,184065,184129,64,7701
176364,184061,184130,69,7697
176364,184056,184132,76,7692
176364,184065,184133,68,7701
176364,184065,184135,70,7701
176364,184061,184135,74,7697
176364,184064,184137,73,7700
176364,184060,184138,78,7696
176364,184069,184140,71,7705
176364,184068,184140,72,7704
176364,184069,184142,73,7705
176364,184072,184144,72,7708
176364,184074,184144,70,7710
176364,184080,184148,68,7716
176364,184069,184149,80,7705
176364,184080,184149,69,7716
176364,184081,184149,68,7717
176364,184078,184151,73,7714
176364,184080,184152,72,7716
176364,184080,184154,74,7716
176364,184089,184154,65,7725
176364,184081,184154,73,7717
176364,184083,184154,71,7719
176364,184083,184155,72,7719
176364,184081,184156,75,7717
176364,184088,184157,69,7724
176364,184085,184157,72,7721
176364,184082,184157,75,7718
176364,184095,184160,65,7731
176364,184090,184161,71,7726
176364,184094,184161,67,7730
176364,184092,184163,71,7728
176364,184100,184163,63,7736
176364,184100,184166,66,7736
176364,184082,184167,85,7718
176364,184088,184168,80,7724
176364,184097,184170,73,7733
176364,184093,184170,77,7729
176364,184102,184170,68,7738
176364,184098,184170,72,7734
176364,184102,184171,69,7738
176364,184102,184171,69,7738
176364,184102,184173,71,7738
176364,184105,184172,67,7741
176364,184107,184174,67,7743
176364,184114,184175,61,7750
176364,184102,184175,73,7738
176364,184108,184176,68,7744
176364,184105,184176,71,7741
176364,184107,184177,70,7743
176364,184111,184178,67,7747
176364,184108,184179,71,7744
176364,184112,184180,68,7748
176364,184120,184180,60,7756
176364,184106,184181,75,7742
176364,184099,184181,82,7735
176364,184115,184182,67,7751
176364,184112,184184,72,7748
176364,184115,184184,69,7751
176364,184106,184185,79,7742
176364,184106,184185,79,7742
176364,184118,184184,66,7754
176364,184109,184187,78,7745
176364,184112,184187,75,7748
176364,184111,184188,77,7747
176364,184127,184188,61,7763
176364,184111,184189,78,7747
176364,184118,184189,71,7754
176364,184116,184191,75,7752
176364,184119,184193,74,7755
176364,184119,184192,73,7755
176364,184133,184196,63,7769
176364,184118,184197,79,7754
176364,184128,184197,69,7764
176364,184136,184199,63,7772
176364,184130,184201,71,7766
176364,184130,184206,76,7766
176364,184132,184207,75,7768
176364,184140,184208,68,7776
176364,184135,184208,73,7771
176364,184131,184210,79,7767
176364,184138,184209,71,7774
176364,184144,184210,66,7780
176364,184154,184210,56,7790
176364,184149,184213,64,7785
176364,184140,184213,73,7776
176364,184138,184217,79,7774
176364,184157,184218,61,7793
176364,184143,184218,75,7779
176364,184150,184220,70,7786
176364,184150,184221,71,7786
176364,184144,184220,76,7780
176364,184152,184221,69,7788
176364,184161,184224,63,7797
176364,184149,184225,76,7785
176364,184152,184225,73,7788
176371,184164,184225,61,7793
176364,184154,184225,71,7790
176364,184155,184226,71,7791
176364,184157,184227,70,7793
176364,184155,184229,74,7791
176371,184170,184230,60,7799
176371,184168,184230,62,7797
176364,184158,184233,75,7794
176364,184156,184233,77,7792
176364,184160,184234,74,7796
176371,184172,184235,63,7801
176364,184157,184236,79,7793
176371,184163,184237,74,7792
176371,184171,184237,66,7800
176371,184176,184237,61,7805
176371,184171,184239,68,7800
176371,184173,184240,67,7802
176371,184171,184241,70,7800
176371,184174,184242,68,7803
176371,184171,184242,71,7800
176371,184177,184243,66,7806
176371,184169,184244,75,7798
176371,184176,184243,67,7805
176371,184181,184244,63,7810
176371,184173,184245,72,7802
176371,184175,184245,70,7804
176371,184181,184245,64,7810
176371,184176,184246,70,7805
176371,184180,184247,67,7809
176371,184167,184247,80,7796
176371,184179,184248,69,7808
176371,184181,184248,67,7810
176371,184182,184249,67,7811
176371,184182,184249,67,7811
176371,184184,184250,66,7813
176371,184190,184255,65,7819
176371,184187,184255,68,7816
176371,184184,184256,72,7813
176371,184189,184256,67,7818
176371,184185,184256,71,7814
176371,184185,184257,72,7814
176371,184192,184258,66,7821
176371,184185,184258,73,7814
176371,184188,184258,70,7817
176371,184193,184262,69,7822
176371,184189,184262,73,7818
176371,184196,184264,68,7825
176371,184189,184264,75,7818
176371,184198,184265,67,7827
176371,184199,184265,66,7828
176371,184197,184265,68,7826
176371,184201,184268,67,7830
176371,184207,184269,62,7836
176371,184193,184270,77,7822
176371,184210,184272,62,7839
176371,184213,184275,62,7842
176371,184211,184277,66,7840
176371,184209,184277,68,7838
176371,184210,184277,67,7839
176371,184208,184278,70,7837
176371,184211,184279,68,7840
176371,184208,184280,72,7837
176371,184213,184282,69,7842
176371,184219,184285,66,7848
176371,184218,184286,68,7847
176371,184221,184290,69,7850
176371,184221,184289,68,7850
176371,184226,184289,63,7855
176371,184217,184290,73,7846
176371,184222,184293,71,7851
176371,184225,184293,68,7854
176371,184222,184295,73,7851
176371,184231,184296,65,7860
176371,184226,184297,71,7855
176371,184226,184296,70,7855
176371,184226,184296,70,7855
176371,184226,184298,72,7855
176371,184230,184298,68,7859
176371,184233,184299,66,7862
176371,184227,184300,73,7856
176371,184235,184301,66,7864
176371,184233,184302,69,7862
176371,184231,184302,71,7860
176371,184237,184303,66,7866
176371,184239,184306,67,7868
176371,184236,184307,71,7865
176371,184237,184307,70,7866
176371,184241,184308,67,7870
176371,184243,184308,65,7872
176371,184244,184308,64,7873
176371,184243,184309,66,7872
176371,184245,184309,64,7874
176371,184238,184310,72,7867
176371,184237,184310,73,7866
176371,184246,184312,66,7875
176371,184242,184313,71,7871
176371,184244,184313,69,7873
176371,184247,184314,67,7876
176371,184245,184314,69,7874
176371,184247,184315,68,7876
176371,184242,184317,75,7871
176371,184248,184318,70,7877
176371,184246,184321,75,7875
176371,184248,184322,74,7877
176371,184255,184324,69,7884
176371,184250,184325,75,7879
176371,184249,184326,77,7878
176371,184256,184325,69,7885
176371,184251,184327,76,7880
176371,184258,184330,72,7887
176371,184262,184330,68,7891
176371,184248,184331,83,7877
176371,184257,184331,74,7886
176371,184256,184331,75,7885
176371,184256,184333,77,7885
176371,184259,184334,75,7888
176371,184266,184334,68,7895
176371,184263,184334,71,7892
176371,184259,184335,76,7888
176371,184265,184336,71,7894
176371,184290,184337,47,7919
176371,184266,184337,71,7895
176371,184265,184338,73,7894
176371,184258,184339,81,7887
176371,184290,184340,50,7919
176371,184265,184341,76,7894
176371,184270,184342,72,7899
176371,184276,184342,66,7905
176371,184286,184342,56,7915
176371,184290,184342,52,7919
176371,184270,184344,74,7899
176371,184294,184344,50,7923
176371,184269,184344,75,7898
176371,184273,184346,73,7902
176371,184278,184346,68,7907
176371,184294,184348,54,7923
176371,184287,184349,62,7916
176371,184290,184348,58,7919
176371,184297,184349,52,7926
176371,184277,184349,72,7906
176371,184278,184349,71,7907
176371,184278,184350,72,7907
176371,184279,184350,71,7908
176371,184282,184351,69,7911
176371,184297,184351,54,7926
176371,184283,184356,73,7912
176371,184299,184358,59,7928
176371,184295,184359,64,7924
176371,184297,184358,61,7926
176371,184297,184358,61,7926
176371,184300,184361,61,7929
176371,184299,184367,68,7928
176371,184304,184369,65,7933
176371,184301,184370,69,7930
176371,184301,184373,72,7930
176371,184303,184375,72,7932
176371,184309,184375,66,7938
176371,184309,184379,70,7938
176371,184309,184380,71,7938
176371,184308,184380,72,7937
176371,184315,184379,64,7944
176371,184308,184381,73,7937
176371,184310,184381,71,7939
176371,184311,184382,71,7940
176371,184308,184384,76,7937
176371,184303,184384,81,7932
176371,184319,184384,65,7948
176314,182978,184385,1407,6664
176371,184307,184386,79,7936
176371,184309,184387,78,7938
176371,184315,184388,73,7944
176371,184314,184388,74,7943
176371,184318,184389,71,7947
176371,184314,184389,75,7943
176371,184322,184391,69,7951
176371,184321,184393,72,7950
176371,184315,184395,80,7944
176371,184334,184397,63,7963
176371,184313,184397,84,7942
176371,184325,184398,73,7954
176371,184326,184400,74,7955
176371,184326,184400,74,7955
176371,184327,184401,74,7956
176371,184332,184401,69,7961
176371,184335,184402,67,7964
176371,184337,184403,66,7966
176371,184331,184405,74,7960
176371,184326,184405,79,7955
176371,184330,184407,77,7959
176371,184335,184408,73,7964
176371,184331,184409,78,7960
176371,184331,184409,78,7960
176371,184337,184410,73,7966
176371,184335,184410,75,7964
176371,184340,184412,72,7969
176371,184343,184412,69,7972
176371,184338,184412,74,7967
176371,184340,184414,74,7969
176371,184345,184414,69,7974
176371,184335,184414,79,7964
176371,184350,184415,65,7979
176371,184346,184417,71,7975
176371,184344,184417,73,7973
176371,184342,184417,75,7971
176371,184342,184417,75,7971
176371,184350,184418,68,7979
176371,184347,184418,71,7976
176371,184349,184418,69,7978
176371,184350,184421,71,7979
176371,184351,184421,70,7980
176371,184339,184422,83,7968
176371,184352,184422,70,7981
176371,184342,184422,80,7971
176371,184345,184423,78,7974
176371,184343,184423,80,7972
176371,184357,184426,69,7986
176371,184351,184427,76,7980
176371,184349,184428,79,7978
176371,184352,184428,76,7981
176371,184361,184428,67,7990
176371,184359,184430,71,7988
176371,184359,184430,71,7988
176371,184348,184434,86,7977
176371,184359,184435,76,7988
176371,184359,184437,78,7988
176371,184370,184437,67,7999
176371,184368,184437,69,7997
176371,184371,184440,69,8000
176371,184376,184442,66,8005
176371,184375,184442,67,8004
176371,184374,184446,72,8003
176371,184379,184449,70,8008
176371,184382,184450,68,8011
176371,184380,184451,71,8009
176371,184380,184454,74,8009
176371,184380,184454,74,8009
176371,184384,184455,71,8013
176371,184385,184454,69,8014
176371,184390,184456,66,8019
176371,184386,184456,70,8015
176371,184382,184458,76,8011
176371,184392,184459,67,8021
176371,184388,184458,70,8017
176371,184387,184459,72,8016
176371,184385,184461,76,8014
176371,184388,184462,74,8017
176371,184398,184462,64,8027
176371,184407,184462,55,8036
176371,184388,184462,74,8017
176371,184383,184466,83,8012
176371,184406,184467,61,8035
176371,184413,184467,54,8042
176371,184394,184467,73,8023
176371,184401,184467,66,8030
176371,184403,184468,65,8032
176371,184390,184469,79,8019
176371,184397,184468,71,8026
176371,184402,184470,68,8031
176371,184399,184470,71,8028
176371,184411,184473,62,8040
176371,184403,184475,72,8032
176371,184402,184474,72,8031
176371,184396,184475,79,8025
176371,184410,184478,68,8039
176371,184418,184478,60,8047
176371,184401,184478,77,8030
176371,184408,184479,71,8037
176371,184409,184479,70,8038
176371,184405,184481,76,8034
176371,184415,184481,66,8044
176371,184414,184481,67,8043
176371,184411,184482,71,8040
176371,184418,184482,64,8047
176371,184419,184484,65,8048
176371,184418,184483,65,8047
176371,184418,184484,66,8047
176371,184413,184484,71,8042
176371,184422,184486,64,8051
176371,184412,184485,73,8041
176371,184416,184486,70,8045
176371,184422,184488,66,8051
176371,184418,184488,70,8047
176371,184423,184488,65,8052
176371,184422,184489,67,8051
176371,184423,184490,67,8052
176371,184424,184492,68,8053
176371,184426,184492,66,8055
176371,184430,184493,63,8059
176371,184429,184493,64,8058
176371,184424,184494,70,8053
176371,184415,184494,79,8044
176371,184429,184497,68,8058
176371,184419,184497,78,8048
176371,184427,184497,70,8056
176371,184430,184499,69,8059
176371,184429,184505,76,8058
176371,184437,184507,70,8066
176371,184440,184507,67,8069
176371,184438,184508,70,8067
176371,184435,184508,73,8064
176371,184435,184509,74,8064
176371,184442,184510,68,8071
176371,184438,184511,73,8067
176371,184443,184512,69,8072
176371,184446,184517,71,8075
176371,184452,184523,71,8081
176371,184455,184524,69,8084
176371,184451,184524,73,8080
176371,184455,184524,69,8084
176371,184454,184525,71,8083
176371,184449,184525,76,8078
176371,184458,184526,68,8087
176371,184457,184525,68,8086
176371,184455,184527,72,8084
176371,184460,184527,67,8089
176371,184460,184527,67,8089
176371,184457,184529,72,8086
176371,184463,184528,65,8092
176371,184462,184530,68,8091
176371,184459,184532,73,8088
176371,184462,184534,72,8091
176371,184467,184534,67,8096
176371,184466,184534,68,8095
176371,184468,184535,67,8097
176371,184467,184536,69,8096
176371,184475,184537,62,8104
176371,184462,184537,75,8091
176371,184470,184538,68,8099
176371,184462,184538,76,8091
176371,184469,184539,70,8098
176371,184468,184540,72,8097
176371,184479,184541,62,8108
176371,184469,184542,73,8098
176371,184468,184542,74,8097
176371,184471,184544,73,8100
176371,184475,184545,70,8104
176371,184481,184545,64,8110
176371,184474,184547,73,8103
176371,184480,184548,68,8109
176371,184476,184548,72,8105
176371,184482,184548,66,8111
176371,184478,184549,71,8107
176371,184486,184550,64,8115
176371,184478,184550,72,8107
176371,184481,184552,71,8110
176371,184483,184552,69,8112
176371,184489,184554,65,8118
176371,184490,184554,64,8119
176371,184484,184555,71,8113
176371,184485,184555,70,8114
176371,184480,184556,76,8109
176371,184483,184556,73,8112
176371,184486,184557,71,8115
176371,184489,184557,68,8118
176371,184485,184559,74,8114
176371,184484,184560,76,8113
176371,184486,184560,74,8115
176371,184493,184561,68,8122
176371,184495,184562,67,8124
176371,184494,184563,69,8123
176371,184490,184563,73,8119
176371,184489,184564,75,8118
176371,184492,184565,73,8121
176371,184495,184567,72,8124
176371,184494,184567,73,8123
176371,184498,184567,69,8127
176371,184498,184571,73,8127
176371,184498,184572,74,8127
176371,184500,184573,73,8129
176371,184506,184574,68,8135
176371,184508,184576,68,8137
176371,184508,184578,70,8137
176371,184512,184580,68,8141
176371,184510,184581,71,8139
176371,184531,184583,52,8160
176371,184507,184583,76,8136
176371,184527,184585,58,8156
176371,184509,184587,78,8138
176371,184529,184587,58,8158
176371,184528,184588,60,8157
176371,184526,184588,62,8155
176371,184528,184588,60,8157
176371,184511,184589,78,8140
176371,184535,184589,54,8164
176371,184534,184589,55,8163
176371,184535,184590,55,8164
176371,184535,184591,56,8164
176371,184513,184593,80,8142
176371,184518,184594,76,8147
176371,184543,184595,52,8172
176371,184532,184595,63,8161
176371,184537,184596,59,8166
176371,184539,184597,58,8168
176371,184539,184598,59,8168
176371,184525,184598,73,8154
176371,184540,184598,58,8169
176371,184525,184599,74,8154
176371,184538,184600,62,8167
176371,184525,184600,75,8154
176371,184525,184601,76,8154
176371,184542,184601,59,8171
176320,183215,184602,1387,6895
176371,184524,184601,77,8153
176371,184524,184602,78,8153
176371,184538,184604,66,8167
176371,184529,184604,75,8158
176371,184540,184606,66,8169
176371,184526,184607,81,8155
176371,184548,184616,68,8177
176371,184545,184616,71,8174
176371,184547,184617,70,8176
176371,184545,184618,73,8174
176371,184542,184619,77,8171
176371,184553,184620,67,8182
176371,184548,184621,73,8177
176371,184554,184623,69,8183
176371,184546,184623,77,8175
176371,184553,184623,70,8182
176371,184551,184624,73,8180
176371,184548,184624,76,8177
176371,184558,184626,68,8187
176371,184564,184627,63,8193
176371,184550,184628,78,8179
176371,184557,184628,71,8186
176371,184556,184628,72,8185
176371,184556,184629,73,8185
176371,184557,184629,72,8186
176371,184550,184629,79,8179
176371,184561,184630,69,8190
176371,184554,184630,76,8183
176371,184562,184632,70,8191
176371,184556,184634,78,8185
176371,184561,184633,72,8190
176371,184563,184635,72,8192
176371,184560,184635,75,8189
176371,184568,184637,69,8197
176371,184566,184638,72,8195
176371,184559,184639,80,8188
176371,184575,184641,66,8204
176371,184571,184641,70,8200
176371,184567,184643,76,8196
176371,184568,184643,75,8197
176371,184573,184644,71,8202
176371,184573,184647,74,8202
176371,184577,184647,70,8206
176371,184584,184648,64,8213
176371,184579,184649,70,8208
176371,184565,184650,85,8194
176371,184585,184654,69,8214
176371,184587,184654,67,8216
176371,184588,184654,66,8217
176371,184590,184657,67,8219
176371,184590,184658,68,8219
176371,184588,184659,71,8217
176371,184582,184658,76,8211
176371,184589,184659,70,8218
176371,184591,184659,68,8220
176371,184584,184660,76,8213
176371,184580,184660,80,8209
176371,184591,184663,72,8220
176371,184589,184663,74,8218
176371,184595,184664,69,8224
176371,184601,184665,64,8230
176371,184589,184665,76,8218
176371,184594,184666,72,8223
176371,184599,184666,67,8228
176371,184600,184666,66,8229
176371,184597,184668,71,8226
176371,184595,184670,75,8224
176371,184605,184670,65,8234
176371,184601,184670,69,8230
176371,184595,184671,76,8224
176371,184602,184671,69,8231
176371,184599,184674,75,8228
176371,184599,184674,75,8228
176371,184602,184674,72,8231
176371,184602,184675,73,8231
176371,184597,184675,78,8226
176371,184605,184677,72,8234
176371,184600,184680,80,8229
176371,184606,184681,75,8235
176371,184608,184683,75,8237
176371,184603,184684,81,8232
176371,184619,184686,67,8248
176371,184623,184690,67,8252
176371,184625,184692,67,8254
176371,184616,184691,75,8245
176377,184642,184692,50,8265
176371,184630,184693,63,8259
176371,184621,184693,72,8250
176371,184629,184693,64,8258
176371,184617,184695,78,8246
176371,184625,184695,70,8254
176371,184620,184697,77,8249
176371,184622,184697,75,8251
176371,184624,184697,73,8253
176371,184629,184700,71,8258
176371,184624,184700,76,8253
176371,184629,184701,72,8258
176371,184627,184702,75,8256
176371,184618,184702,84,8247
176371,184630,184702,72,8259
176371,184634,184703,69,8263
176371,184627,184705,78,8256
176371,184630,184704,74,8259
176377,184642,184704,62,8265
176371,184631,184705,74,8260
176377,184644,184706,62,8267
176377,184639,184706,67,8262
176371,184628,184707,79,8257
176377,184639,184706,67,8262
176377,184648,184707,59,8271
176371,184633,184707,74,8262
176371,184635,184708,73,8264
176377,184649,184710,61,8272
176377,184650,184710,60,8273
176377,184648,184711,63,8271
176371,184634,184712,78,8263
176377,184643,184713,70,8266
176377,184650,184715,65,8273
176371,184635,184715,80,8264
176377,184660,184720,60,8283
176377,184645,184721,76,8268
176377,184654,184722,68,8277
176377,184659,184724,65,8282
176377,184654,184725,71,8277
176377,184657,184726,69,8280
176377,184665,184727,62,8288
176377,184655,184728,73,8278
176377,184659,184729,70,8282
176377,184666,184729,63,8289
176377,184659,184729,70,8282
176377,184669,184731,62,8292
176377,184660,184731,71,8283
176377,184671,184732,61,8294
176377,184664,184733,69,8287
176377,184660,184733,73,8283
176377,184667,184733,66,8290
176377,184663,184735,72,8286
176377,184671,184735,64,8294
176377,184666,184736,70,8289
176377,184670,184736,66,8293
176377,184661,184737,76,8284
176377,184667,184739,72,8290
176377,184672,184739,67,8295
176377,184675,184740,65,8298
176377,184670,184741,71,8293
176377,184674,184743,69,8297
176377,184678,184743,65,8301
176377,184675,184744,69,8298
176377,184676,184744,68,8299
176377,184681,184745,64,8304
176377,184667,184746,79,8290
176377,184676,184748,72,8299
176377,184687,184748,61,8310
176377,184683,184749,66,8306
176377,184684,184752,68,8307
176377,184681,184753,72,8304
176377,184692,184756,64,8315
176377,184693,184757,64,8316
176377,184692,184761,69,8315
176377,184695,184762,67,8318
176377,184693,184763,70,8316
176377,184693,184763,70,8316
176377,184696,184765,69,8319
176377,184691,184765,74,8314
176377,184705,184766,61,8328
176377,184692,184767,75,8315
176377,184697,184767,70,8320
176377,184701,184767,66,8324
176377,184702,184768,66,8325
176377,184706,184771,65,8329
176377,184702,184771,69,8325
176377,184697,184770,73,8320
176377,184706,184771,65,8329
176377,184698,184771,73,8321
176377,184704,184771,67,8327
176377,184702,184771,69,8325
176377,184702,184772,70,8325
176377,184708,184772,64,8331
176377,184700,184773,73,8323
176377,184705,184773,68,8328
176377,184707,184775,68,8330
176377,184706,184775,69,8329
176377,184712,184777,65,8335
176377,184710,184778,68,8333
176377,184711,184778,67,8334
176377,184707,184780,73,8330
176377,184707,184780,73,8330
176377,184714,184780,66,8337
176377,184707,184781,74,8330
176377,184710,184784,74,8333
176377,184716,184784,68,8339
176377,184705,184784,79,8328
176377,184721,184787,66,8344
176377,184724,184788,64,8347
176377,184716,184789,73,8339
176377,184723,184789,66,8346
176377,184722,184792,70,8345
176377,184727,184793,66,8350
176377,184727,184795,68,8350
176377,184730,184795,65,8353
176377,184730,184798,68,8353
176377,184732,184798,66,8355
176377,184730,184799,69,8353
176377,184729,184799,70,8352
176377,184735,184800,65,8358
176377,184726,184801,75,8349
176377,184734,184802,68,8357
176377,184731,184803,72,8354
176377,184734,184804,70,8357
176377,184734,184807,73,8357
176377,184741,184808,67,8364
176377,184737,184809,72,8360
176377,184732,184810,78,8355
176377,184744,184810,66,8367
176377,184738,184811,73,8361
176377,184744,184811,67,8367
176377,184736,184812,76,8359
176377,184737,184813,76,8360
176377,184744,184813,69,8367
176377,184744,184815,71,8367
176377,184739,184817,78,8362
176377,184745,184818,73,8368
176377,184749,184819,70,8372
176377,184740,184819,79,8363
176377,184742,184821,79,8365
176377,184749,184821,72,8372
176377,184772,184823,51,8395
176377,184747,184824,77,8370
176377,184766,184824,58,8389
176377,184768,184824,56,8391
176377,184769,184825,56,8392
176377,184769,184826,57,8392
176377,184768,184826,58,8391
176377,184753,184827,74,8376
176377,184766,184828,62,8389
176377,184750,184828,78,8373
176377,184771,184831,60,8394
176377,184754,184833,79,8377
176377,184772,184834,62,8395
176377,184771,184834,63,8394
176377,184765,184835,70,8388
176377,184758,184835,77,8381
176377,184771,184836,65,8394
176377,184763,184836,73,8386
176377,184773,184837,64,8396
176377,184773,184837,64,8396
176377,184771,184837,66,8394
176377,184757,184838,81,8380
176377,184764,184838,74,8387
176377,184764,184840,76,8387
176377,184762,184842,80,8385
176326,183448,184845,1397,7122
176377,184776,184845,69,8399
176377,184771,184846,75,8394
176377,184781,184848,67,8404
176377,184774,184851,77,8397
176377,184773,184852,79,8396
176377,184785,184853,68,8408
176377,184779,184854,75,8402
176331,183448,184854,1406,7117
176377,184780,184855,75,8403
176377,184776,184856,80,8399
176377,184778,184855,77,8401
176377,184779,184858,79,8402
176377,184782,184858,76,8405
176377,184787,184859,72,8410
176377,184789,184860,71,8412
176377,184785,184860,75,8408
176377,184789,184861,72,8412
176377,184785,184861,76,8408
176377,184781,184862,81,8404
176377,184790,184863,73,8413
176377,184796,184864,68,8419
176377,184793,184871,78,8416
176377,184795,184872,77,8418
176377,184799,184872,73,8422
176377,184794,184872,78,8417
176377,184803,184874,71,8426
176377,184799,184876,77,8422
176377,184800,184877,77,8423
176377,184811,184877,66,8434
176377,184801,184877,76,8424
176377,184804,184877,73,8427
176377,184801,184878,77,8424
176377,184809,184878,69,8432
176377,184808,184879,71,8431
176377,184798,184881,83,8421
176377,184813,184881,68,8436
176377,184809,184881,72,8432
176377,184811,184881,70,8434
176377,184811,184883,72,8434
176377,184802,184885,83,8425
176377,184812,184884,72,8435
176377,184814,184888,74,8437
176377,184810,184888,78,8433
176377,184819,184889,70,8442
176377,184821,184889,68,8444
176377,184818,184890,72,8441
176377,184828,184892,64,8451
176377,184828,184892,64,8451
176377,184819,184892,73,8442
176377,184825,184893,68,8448
176377,184816,184893,77,8439
176377,184819,184898,79,8442
176377,184824,184898,74,8447
176377,184832,184900,68,8455
176377,184826,184900,74,8449
176377,184827,184900,73,8450
176377,184822,184901,79,8445
176377,184826,184901,75,8449
176377,184838,184902,64,8461
176377,184835,184902,67,8458
176377,184828,184901,73,8451
176377,184834,184903,69,8457
176377,184836,184903,67,8459
176377,184825,184903,78,8448
176377,184834,184904,70,8457
176377,184825,184905,80,8448
176377,184840,184904,64,8463
176377,184839,184905,66,8462
176377,184837,184908,71,8460
176377,184846,184909,63,8469
176377,184834,184909,75,8457
176377,184837,184911,74,8460
176377,184836,184912,76,8459
176377,184843,184912,69,8466
176377,184838,184914,76,8461
176377,184837,184915,78,8460
176377,184847,184916,69,8470
176377,184849,184916,67,8472
176377,184846,184919,73,8469
176377,184852,184921,69,8475
176377,184851,184924,73,8474
176377,184853,184924,71,8476
176377,184857,184925,68,8480
176377,184861,184926,65,8484
176377,184857,184927,70,8480
176377,184864,184926,62,8487
176377,184855,184929,74,8478
176377,184855,184930,75,8478
176377,184858,184930,72,8481
176377,184861,184930,69,8484
176377,184859,184931,72,8482
176377,184862,184932,70,8485
176377,184859,184933,74,8482
176377,184861,184934,73,8484
176377,184865,184936,71,8488
176377,184872,184938,66,8495
176377,184872,184940,68,8495
176377,184877,184940,63,8500
176377,184872,184942,70,8495
176377,184875,184944,69,8498
176377,184878,184943,65,8501
176383,184884,184944,60,8501
176383,184879,184945,66,8496
176377,184877,184945,68,8500
176377,184877,184947,70,8500
176383,184882,184947,65,8499
176377,184877,184948,71,8500
176377,184872,184948,76,8495
176383,184885,184949,64,8502
176383,184889,184948,59,8506
176377,184879,184950,71,8502
176383,184881,184951,70,8498
176383,184885,184953,68,8502
176383,184890,184953,63,8507
176383,184881,184954,73,8498
176383,184889,184957,68,8506
176383,184893,184957,64,8510
176377,184854,184926,72,8477
176377,184861,184934,73,8484
176383,184881,184949,68,8498
176383,184893,184959,66,8510
176383,184901,184961,60,8518
176383,184901,184961,60,8518
176383,184893,184962,69,8510
176383,184890,184964,74,8507
176383,184899,184967,68,8516
176383,184904,184966,62,8521
176383,184893,184969,76,8510
176383,184899,184969,70,8516
176383,184891,184968,77,8508
176383,184902,184969,67,8519
176383,184902,184971,69,8519
176383,184902,184971,69,8519
176383,184906,184970,64,8523
176383,184903,184971,68,8520
176383,184902,184971,69,8519
176383,184903,184971,68,8520
176383,184894,184972,78,8511
176383,184901,184972,71,8518
176383,184902,184973,71,8519
176383,184905,184973,68,8522
176383,184905,184974,69,8522
176383,184910,184974,64,8527
176383,184909,184976,67,8526
176383,184910,184976,66,8527
176383,184905,184978,73,8522
176383,184911,184979,68,8528
176383,184912,184981,69,8529
176383,184916,184981,65,8533
176383,184914,184983,69,8531
176383,184915,184983,68,8532
176383,184912,184986,74,8529
176383,184916,184986,70,8533
176383,184924,184988,64,8541
176383,184924,184991,67,8541
176383,184927,184991,64,8544
176383,184927,184993,66,8544
176383,184922,184994,72,8539
176383,184926,184994,68,8543
176383,184931,184998,67,8548
176383,184931,184998,67,8548
176383,184929,185001,72,8546
176383,184930,185002,72,8547
176383,184927,185003,76,8544
176383,184938,185003,65,8555
176383,184933,185005,72,8550
176383,184932,185004,72,8549
176383,184933,185005,72,8550
176383,184944,185006,62,8561
176383,184934,185008,74,8551
176383,184936,185010,74,8553
176383,184941,185011,70,8558
176383,184945,185014,69,8562
176383,184943,185015,72,8560
176383,184941,185016,75,8558
176383,184944,185017,73,8561
176383,184948,185017,69,8565
176383,184948,185017,69,8565
176383,184947,185019,72,8564
176383,184950,185019,69,8567
176383,184945,185020,75,8562
176383,184949,185021,72,8566
176383,184949,185021,72,8566
176383,184954,185022,68,8571
176383,184946,185023,77,8563
176383,184951,185023,72,8568
176383,184954,185023,69,8571
176383,184948,185024,76,8565
176383,184957,185025,68,8574
176383,184955,185027,72,8572
176383,184957,185028,71,8574
176383,184959,185028,69,8576
176383,184959,185028,69,8576
176383,184960,185029,69,8577
176383,184962,185030,68,8579
176383,184959,185030,71,8576
176383,184959,185032,73,8576
176383,184961,185034,73,8578
176383,184963,185035,72,8580
176383,184971,185036,65,8588
176383,184969,185036,67,8586
176383,184970,185038,68,8587
176383,184967,185039,72,8584
176383,184971,185040,69,8588
176383,184967,185041,74,8584
176383,184969,185041,72,8586
176383,184964,185041,77,8581
176383,184972,185043,71,8589
176383,184973,185043,70,8590
176383,184973,185043,70,8590
176383,184972,185044,72,8589
176383,184972,185046,74,8589
176383,184975,185047,72,8592
176383,184969,185048,79,8586
176383,184974,185047,73,8591
176383,184971,185048,77,8588
176383,184976,185048,72,8593
176383,184977,185050,73,8594
176383,184979,185052,73,8596
176383,185003,185052,49,8620
176383,184971,185052,81,8588
176383,184973,185052,79,8590
176383,184979,185053,74,8596
176383,184982,185053,71,8599
176383,185006,185055,49,8623
176383,184982,185055,73,8599
176383,184984,185055,71,8601
176383,185005,185055,50,8622
176383,185005,185056,51,8622
176383,184986,185056,70,8603
176383,185003,185057,54,8620
176383,184995,185059,64,8612
176383,184987,185059,72,8604
176383,185011,185059,48,8628
176383,185000,185060,60,8617
176383,184988,185060,72,8605
176383,185007,185061,54,8624
176383,185001,185061,60,8618
176383,185010,185061,51,8627
176383,184984,185062,78,8601
176383,185004,185062,58,8621
176383,185015,185065,50,8632
176383,184994,185065,71,8611
176383,184994,185066,72,8611
176383,184992,185068,76,8609
176383,184998,185070,72,8615
176383,184992,185069,77,8609
176383,185018,185074,56,8635
176383,185017,185074,57,8634
176337,183686,185075,1389,7349
176383,185016,185076,60,8633
176383,185009,185078,69,8626
176383,185015,185080,65,8632
176383,185024,185091,67,8641
176383,185018,185092,74,8635
176383,185020,185095,75,8637
176383,185022,185097,75,8639
176383,185019,185098,79,8636
176383,185020,185098,78,8637
176383,185022,185099,77,8639
176383,185024,185099,75,8641
176383,185023,185099,76,8640
176383,185025,185101,76,8642
176383,185030,185100,70,8647
176383,185025,185101,76,8642
176383,185027,185101,74,8644
176383,185024,185102,78,8641
176383,185028,185102,74,8645
176383,185030,185103,73,8647
176383,185030,185104,74,8647
176383,185028,185106,78,8645
176383,185028,185107,79,8645
176383,185032,185108,76,8649
176383,185039,185107,68,8656
176383,185035,185113,78,8652
176383,185041,185115,74,8658
176383,185042,185114,72,8659
176383,185044,185115,71,8661
176383,185048,185116,68,8665
176383,185040,185116,76,8657
176383,185037,185116,79,8654
176383,185041,185117,76,8658
176383,185044,185117,73,8661
176383,185043,185118,75,8660
176383,185044,185118,74,8661
176383,185037,185118,81,8654
176383,185053,185121,68,8670
176383,185036,185122,86,8653
176383,185053,185121,68,8670
176383,185048,185123,75,8665
176383,185042,185123,81,8659
176383,185056,185124,68,8673
176383,185055,185125,70,8672
176383,185048,185126,78,8665
176383,185054,185127,73,8671
176383,185052,185127,75,8669
176383,185060,185127,67,8677
176383,185061,185127,66,8678
176383,185051,185127,76,8668
176383,185055,185128,73,8672
176383,185055,185129,74,8672
176383,185052,185130,78,8669
176383,185057,185131,74,8674
176383,185048,185131,83,8665
176383,185060,185132,72,8677
176383,185048,185132,84,8665
176383,185065,185132,67,8682
176383,185061,185134,73,8678
176383,185047,185133,86,8664
176383,185059,185133,74,8676
176383,185057,185134,77,8674
176383,185070,185134,64,8687
176383,185060,185134,74,8677
176383,185062,185135,73,8679
176383,185055,185136,81,8672
176383,185070,185137,67,8687
176383,185062,185138,76,8679
176383,185065,185141,76,8682
176383,185061,185141,80,8678
176383,185067,185140,73,8684
176383,185053,185142,89,8670
176383,185063,185143,80,8680
176383,185074,185144,70,8691
176383,185076,185145,69,8693
176383,185081,185145,64,8698
176383,185078,185148,70,8695
176383,185075,185151,76,8692
176383,185068,185153,85,8685
176383,185074,185153,79,8691
176383,185092,185157,65,8709
176383,185097,185159,62,8714
176383,185091,185165,74,8708
176383,185101,185165,64,8718
176383,185102,185166,64,8719
176383,185102,185169,67,8719
176383,185096,185170,74,8713
176383,185099,185171,72,8716
176383,185106,185172,66,8723
176383,185100,185173,73,8717
176383,185101,185173,72,8718
176383,185098,185174,76,8715
176383,185104,185175,71,8721
176383,185100,185176,76,8717
176383,185099,185176,77,8716
176383,185103,185176,73,8720
176383,185114,185177,63,8731
176383,185103,185177,74,8720
176383,185108,185180,72,8725
176383,185117,185181,64,8734
176383,185105,185181,76,8722
176383,185108,185181,73,8725
176396,185125,185185,60,8729
176396,185119,185187,68,8723
176396,185122,185187,65,8726
176396,185128,185189,61,8732
176383,185115,185188,73,8732
176396,185122,185189,67,8726
176396,185123,185188,65,8727
176383,185108,185189,81,8725
176383,185117,185189,72,8734
176383,185117,185186,69,8734
176396,185128,185189,61,8732
176396,185121,185191,70,8725
176383,185115,185191,76,8732
176383,185117,185191,74,8734
176383,185117,185192,75,8734
176396,185135,185192,57,8739
176396,185124,185193,69,8728
176383,185116,185194,78,8733
176396,185127,185194,67,8731
176396,185133,185196,63,8737
176396,185127,185196,69,8731
176396,185132,185196,64,8736
176396,185135,185197,62,8739
176396,185134,185197,63,8738
176396,185127,185198,71,8731
176396,185133,185197,64,8737
176396,185134,185198,64,8738
176396,185136,185198,62,8740
176396,185129,185200,71,8733
176396,185132,185200,68,8736
176396,185130,185200,70,8734
176396,185134,185199,65,8738
176396,185126,185201,75,8730
176396,185132,185202,70,8736
176396,185135,185203,68,8739
176396,185141,185203,62,8745
176396,185128,185204,76,8732
176396,185138,185204,66,8742
176396,185131,185204,73,8735
176396,185142,185206,64,8746
176396,185145,185208,63,8749
176396,185141,185209,68,8745
176396,185144,185210,66,8748
176396,185144,185211,67,8748
176396,185141,185211,70,8745
176396,185139,185212,73,8743
176396,185137,185212,75,8741
176396,185145,185215,70,8749
176396,185153,185218,65,8757
176396,185149,185219,70,8753
176396,185152,185219,67,8756
176396,185158,185227,69,8762
176396,185160,185228,68,8764
176396,185153,185229,76,8757
176396,185166,185231,65,8770
176396,185169,185236,67,8773
176396,185171,185237,66,8775
176396,185172,185237,65,8776
176396,185166,185237,71,8770
176396,185172,185241,69,8776
176396,185173,185241,68,8777
176396,185175,185241,66,8779
176396,185167,185242,75,8771
176396,185174,185243,69,8778
176396,185176,185244,68,8780
176396,185177,185244,67,8781
176396,185177,185245,68,8781
176396,185181,185246,65,8785
176396,185173,185247,74,8777
176396,185182,185248,66,8786
176396,185181,185248,67,8785
176396,185181,185249,68,8785
176396,185185,185254,69,8789
176396,185190,185254,64,8794
176396,185190,185253,63,8794
176396,185190,185256,66,8794
176396,185178,185256,78,8782
176396,185189,185257,68,8793
176396,185190,185258,68,8794
176396,185187,185258,71,8791
176396,185187,185259,72,8791
176396,185189,185260,71,8793
176396,185190,185260,70,8794
176396,185196,185260,64,8800
176396,185192,185262,70,8796
176396,185189,185262,73,8793
176396,185189,185262,73,8793
176396,185191,185263,72,8795
176396,185192,185263,71,8796
176396,185196,185264,68,8800
176396,185199,185264,65,8803
176396,185192,185266,74,8796
176396,185197,185266,69,8801
176396,185195,185267,72,8799
176396,185202,185267,65,8806
176396,185194,185268,74,8798
176396,185198,185268,70,8802
176396,185199,185269,70,8803
176396,185197,185270,73,8801
176396,185192,185269,77,8796
176396,185200,185269,69,8804
176396,185205,185269,64,8809
176396,185198,185270,72,8802
176396,185194,185271,77,8798
176396,185200,185271,71,8804
176396,185200,185271,71,8804
176396,185201,185272,71,8805
176396,185197,185272,75,8801
176396,185205,185272,67,8809
176396,185200,185274,74,8804
176396,185209,185275,66,8813
176396,185204,185275,71,8808
176396,185203,185276,73,8807
176396,185211,185279,68,8815
176396,185206,185280,74,8810
176396,185212,185281,69,8816
176396,185209,185283,74,8813
176396,185204,185285,81,8808
176396,185213,185286,73,8817
176396,185212,185287,75,8816
176396,185211,185287,76,8815
176396,185216,185288,72,8820
176396,185219,185291,72,8823
176396,185219,185290,71,8823
176396,185219,185292,73,8823
176396,185230,185299,69,8834
176396,185237,185301,64,8841
176396,185228,185302,74,8832
176396,185229,185304,75,8833
176396,185247,185304,57,8851
176396,185237,185305,68,8841
176396,185231,185307,76,8835
176396,185250,185308,58,8854
176396,185248,185311,63,8852
176396,185244,185314,70,8848
176396,185238,185314,76,8842
176396,185238,185315,77,8842
176396,185247,185316,69,8851
176396,185242,185317,75,8846
176396,185242,185317,75,8846
176396,185249,185317,68,8853
176361,183925,185317,1392,7564
176396,185242,185318,76,8846
176396,185244,185320,76,8848
176396,185245,185321,76,8849
176396,185246,185321,75,8850
176396,185242,185324,82,8846
176396,185254,185325,71,8858
176396,185254,185329,75,8858
176396,185254,185329,75,8858
176396,185264,185331,67,8868
176396,185256,185332,76,8860
176396,185256,185333,77,8860
176396,185257,185332,75,8861
176396,185259,185333,74,8863
176396,185267,185334,67,8871
176396,185258,185335,77,8862
176396,185258,185336,78,8862
176396,185262,185338,76,8866
176396,185263,185339,76,8867
176396,185260,185341,81,8864
176396,185260,185340,80,8864
176396,185261,185340,79,8865
176396,185270,185342,72,8874
176396,185272,185342,70,8876
176396,185270,185343,73,8874
176396,185262,185344,82,8866
176396,185264,185343,79,8868
176396,185266,185343,77,8870
176396,185265,185343,78,8869
176396,185269,185343,74,8873
176396,185273,185345,72,8877
176396,185270,185345,75,8874
176396,185271,185346,75,8875
176396,185272,185347,75,8876
176396,185266,185346,80,8870
176396,185275,185346,71,8879
176396,185277,185346,69,8881
176396,185271,185348,77,8875
176396,185271,185348,77,8875
176396,185267,185349,82,8871
176396,185275,185349,74,8879
176396,185265,185349,84,8869
176396,185270,185350,80,8874
176396,185276,185350,74,8880
176396,185269,185352,83,8873
176396,185272,185352,80,8876
176396,185268,185355,87,8872
176396,185284,185355,71,8888
176396,185281,185356,75,8885
176396,185281,185361,80,8885
176396,185292,185363,71,8896
176396,185280,185364,84,8884
176396,185286,185364,78,8890
176396,185287,185365,78,8891
176396,185289,185365,76,8893
176396,185288,185367,79,8892
176396,185291,185367,76,8895
176396,185303,185368,65,8907
176396,185285,185370,85,8889
176396,185302,185370,68,8906
176396,185304,185372,68,8908
176396,185300,185372,72,8904
176396,185306,185372,66,8910
176396,185291,185374,83,8895
176396,185304,185374,70,8908
176396,185307,185377,70,8911
176396,185318,185377,59,8922
176396,185308,185378,70,8912
176396,185314,185380,66,8918
176396,185318,185384,66,8922
176396,185321,185385,64,8925
176396,185318,185385,67,8922
176396,185316,185386,70,8920
176396,185317,185387,70,8921
176396,185315,185388,73,8919
176396,185330,185388,58,8934
176396,185326,185389,63,8930
176396,185325,185389,64,8929
176396,185321,185389,68,8925
176396,185335,185390,55,8939
176396,185316,185391,75,8920
176396,185318,185391,73,8922
176396,185331,185395,64,8935
176396,185312,185397,85,8916
176396,185335,185397,62,8939
176396,185322,185399,77,8926
176396,185333,185400,67,8937
176396,185333,185400,67,8937
176396,185344,185403,59,8948
176396,185333,185403,70,8937
176396,185344,185405,61,8948
176396,185344,185405,61,8948
176396,185330,185407,77,8934
176396,185348,185407,59,8952
176396,185344,185407,63,8948
176396,185340,185407,67,8944
176396,185346,185407,61,8950
176396,185337,185408,71,8941
176396,185347,185408,61,8951
176396,185338,185409,71,8942
176396,185344,185409,65,8948
176396,185341,185410,69,8945
176396,185349,185411,62,8953
176396,185351,185411,60,8955
176396,185349,185414,65,8953
176396,185341,185414,73,8945
176396,185347,185414,67,8951
176396,185347,185415,68,8951
176396,185334,185415,81,8938
176396,185347,185415,68,8951
176396,185342,185415,73,8946
177590,185356,185417,61,7766
176396,185342,185417,75,8946
176396,185346,185420,74,8950
177590,185355,185420,65,7765
177590,185357,185421,64,7767
176396,185349,185422,73,8953
176396,185343,185423,80,8947
177590,185353,185422,69,7763
176396,185341,185413,72,8945
176396,185346,185418,72,8950
176396,185348,185423,75,8952
177590,185352,185425,73,7762
177590,185368,185432,64,7778
177590,185366,185432,66,7776
177590,185367,185434,67,7777
177590,185363,185433,70,7773
177590,185362,185434,72,7772
177590,185373,185434,61,7783
177590,185375,185435,60,7785
177590,185368,185435,67,7778
177590,185364,185436,72,7774
177590,185365,185436,71,7775
177590,185373,185437,64,7783
177590,185373,185439,66,7783
177590,185375,185440,65,7785
177590,185381,185442,61,7791
177590,185370,185443,73,7780
177590,185377,185442,65,7787
177590,185389,185443,54,7799
177590,185377,185443,66,7787
177590,185366,185443,77,7776
177590,185379,185447,68,7789
177590,185370,185447,77,7780
177590,185385,185452,67,7795
177590,185386,185453,67,7796
177590,185386,185454,68,7796
177590,185389,185454,65,7799
177590,185388,185455,67,7798
177590,185389,185456,67,7799
177590,185389,185457,68,7799
177590,185388,185457,69,7798
177590,185390,185461,71,7800
177590,185391,185462,71,7801
177590,185391,185463,72,7801
177590,185386,185465,79,7796
177590,185396,185466,70,7806
177590,185401,185466,65,7811
177590,185403,185467,64,7813
177590,185399,185468,69,7809
177590,185400,185469,69,7810
177590,185397,185471,74,7807
177590,185399,185472,73,7809
177590,185405,185475,70,7815
177590,185405,185479,74,7815
177590,185412,185478,66,7822
177590,185409,185479,70,7819
177590,185409,185481,72,7819
177590,185408,185481,73,7818
177590,185407,185482,75,7817
177590,185403,185482,79,7813
177590,185408,185482,74,7818
177590,185418,185482,64,7828
177590,185408,185483,75,7818
177590,185416,185483,67,7826
177590,185409,185484,75,7819
177590,185411,185485,74,7821
177590,185414,185485,71,7824
177590,185420,185485,65,7830
177590,185408,185485,77,7818
177590,185416,185485,69,7826
177590,185412,185486,74,7822
177590,185416,185487,71,7826
177590,185417,185488,71,7827
177590,185415,185489,74,7825
177590,185415,185488,73,7825
177590,185423,185489,66,7833
177590,185423,185489,66,7833
177590,185421,185492,71,7831
177590,185423,185492,69,7833
177590,185416,185493,77,7826
177590,185421,185494,73,7831
177590,185424,185494,70,7834
177590,185424,185496,72,7834
177590,185424,185496,72,7834
177590,185426,185498,72,7836
177590,185435,185500,65,7845
177590,185435,185501,66,7845
177590,185424,185502,78,7834
177590,185434,185502,68,7844
177590,185434,185504,70,7844
177590,185433,185504,71,7843
177590,185435,185505,70,7845
177590,185441,185504,63,7851
177590,185439,185507,68,7849
177590,185436,185508,72,7846
177590,185438,185509,71,7848
177590,185436,185509,73,7846
177590,185447,185512,65,7857
177590,185443,185512,69,7853
177590,185443,185512,69,7853
177590,185444,185512,68,7854
177590,185436,185514,78,7846
177590,185448,185513,65,7858
177590,185433,185515,82,7843
177590,185443,185516,73,7853
177590,185442,185517,75,7852
177590,185444,185518,74,7854
177590,185454,185520,66,7864
177590,185484,185522,38,7894
177590,185454,185521,67,7864
177590,185482,185523,41,7892
177590,185484,185523,39,7894
177590,185485,185524,39,7895
177590,185485,185524,39,7895
177590,185486,185526,40,7896
177590,185462,185526,64,7872
177590,185458,185526,68,7868
177590,185456,185526,70,7866
177590,185482,185527,45,7892
177590,185457,185527,70,7867
177590,185489,185528,39,7899
177590,185453,185529,76,7863
177590,185485,185529,44,7895
177590,185483,185530,47,7893
177590,185453,185530,77,7863
177590,185486,185532,46,7896
177590,185486,185531,45,7896
177590,185464,185533,69,7874
177590,185489,185534,45,7899
177590,185489,185534,45,7899
177590,185457,185535,78,7867
177590,185468,185534,66,7878
177590,185490,185535,45,7900
177590,185490,185536,46,7900
177590,185467,185537,70,7877
177590,185462,185537,75,7872
177590,185488,185539,51,7898
177590,185468,185540,72,7878
177590,185469,185540,71,7879
177590,185494,185540,46,7904
177590,185476,185540,64,7886
177590,185482,185541,59,7892
177590,185465,185542,77,7875
177590,185487,185542,55,7897
177590,185492,185542,50,7902
177590,185496,185548,52,7906
177590,185472,185547,75,7882
177590,185479,185548,69,7889
177590,185493,185549,56,7903
177590,185467,185549,82,7877
177590,185480,185550,70,7890
177590,185473,185551,78,7883
177590,185480,185552,72,7890
177590,185495,185555,60,7905
177590,185482,185556,74,7892
177590,185494,185557,63,7904
177590,185482,185557,75,7892
177590,185502,185559,57,7912
177590,185505,185559,54,7915
177590,185504,185559,55,7914
176367,184161,185560,1399,7794
177590,185498,185561,63,7908
177590,185496,185562,66,7906
177590,185508,185564,56,7918
177590,185501,185566,65,7911
177590,185501,185567,66,7911
177590,185505,185568,63,7915
177590,185512,185572,60,7922
177590,185510,185575,65,7920
177590,185503,185576,73,7913
177590,185505,185577,72,7915
177590,185514,185579,65,7924
177590,185509,185579,70,7919
177590,185512,185580,68,7922
177590,185525,185581,56,7935
177590,185510,185582,72,7920
177590,185513,185584,71,7923
177590,185516,185585,69,7926
177590,185513,185587,74,7923
177590,185514,185589,75,7924
177590,185519,185590,71,7929
177590,185522,185592,70,7932
177590,185527,185592,65,7937
177590,185516,185593,77,7926
177590,185526,185593,67,7936
177590,185521,185594,73,7931
177590,185524,185595,71,7934
177590,185517,185595,78,7927
177590,185522,185596,74,7932
177590,185530,185600,70,7940
177590,185526,185600,74,7936
177590,185532,185601,69,7942
177590,185526,185601,75,7936
177590,185526,185602,76,7936
177590,185533,185602,69,7943
177590,185535,185602,67,7945
177590,185525,185602,77,7935
177590,185535,185602,67,7945
177590,185529,185603,74,7939
177590,185531,185604,73,7941
177590,185527,185603,76,7937
177590,185524,185605,81,7934
177590,185530,185605,75,7940
177590,185536,185606,70,7946
177590,185540,185607,67,7950
177590,185535,185608,73,7945
177590,185532,185608,76,7942
177590,185539,185608,69,7949
177590,185541,185609,68,7951
177590,185537,185610,73,7947
177590,185537,185610,73,7947
177590,185529,185613,84,7939
177590,185542,185614,72,7952
177590,185548,185615,67,7958
177590,185540,185615,75,7950
177590,185542,185617,75,7952
177590,185541,185618,77,7951
177590,185550,185618,68,7960
177590,185553,185619,66,7963
177590,185535,185619,84,7945
177590,185549,185619,70,7959
177590,185543,185619,76,7953
177590,185536,185621,85,7946
177590,185548,185622,74,7958
177590,185542,185623,81,7952
177590,185551,185624,73,7961
177590,185552,185623,71,7962
177590,185560,185626,66,7970
177590,185549,185626,77,7959
177590,185556,185627,71,7966
177590,185558,185628,70,7968
177590,185559,185628,69,7969
177590,185564,185629,65,7974
177590,185557,185632,75,7967
177590,185557,185634,77,7967
177590,185569,185634,65,7979
177590,185568,185635,67,7978
177590,185573,185637,64,7983
177590,185562,185640,78,7972
177590,185562,185640,78,7972
177590,185561,185641,80,7971
177590,185577,185642,65,7987
177590,185567,185644,77,7977
177590,185559,185646,87,7969
177590,185582,185649,67,7992
177590,185580,185650,70,7990
177590,185575,185650,75,7985
177590,185579,185653,74,7989
177590,185577,185654,77,7987
177590,185585,185655,70,7995
177590,185588,185655,67,7998
177590,185581,185658,77,7991
177590,185582,185659,77,7992
177590,185592,185659,67,8002
177801,185595,185659,64,7794
177590,185592,185660,68,8002
177801,185594,185661,67,7793
177590,185585,185663,78,7995
177590,185589,185657,68,7999
177590,185591,185652,61,8001
177801,185600,185664,64,7799
177801,185601,185665,64,7800
177801,185603,185665,62,7802
177801,185597,185667,70,7796
177801,185595,185667,72,7794
177801,185606,185668,62,7805
177801,185594,185668,74,7793
177801,185603,185670,67,7802
177801,185605,185671,66,7804
177801,185602,185672,70,7801
177801,185603,185673,70,7802
177801,185601,185672,71,7800
177801,185607,185672,65,7806
177801,185604,185673,69,7803
177801,185603,185673,70,7802
177801,185610,185674,64,7809
177801,185611,185674,63,7810
177801,185602,185676,74,7801
177801,185608,185676,68,7807
177801,185614,185677,63,7813
177801,185604,185679,75,7803
177801,185611,185679,68,7810
177801,185608,185679,71,7807
177801,185613,185680,67,7812
177801,185616,185679,63,7815
177801,185608,185683,75,7807
177801,185608,185683,75,7807
177801,185622,185683,61,7821
177801,185604,185683,79,7803
177801,185619,185685,66,7818
177801,185620,185686,66,7819
177801,185617,185686,69,7816
177801,185615,185687,72,7814
177801,185618,185688,70,7817
177801,185626,185688,62,7825
177801,185624,185689,65,7823
177801,185620,185689,69,7819
177801,185618,185690,72,7817
177801,185621,185691,70,7820
177801,185629,185691,62,7828
177801,185620,185693,73,7819
177801,185624,185693,69,7823
177801,185624,185694,70,7823
177801,185628,185695,67,7827
177801,185627,185695,68,7826
177801,185626,185698,72,7825
177801,185632,185698,66,7831
177801,185635,185704,69,7834
177801,185635,185705,70,7834
177801,185640,185706,66,7839
177801,185640,185708,68,7839
177801,185629,185709,80,7828
177801,185647,185709,62,7846
177801,185644,185711,67,7843
177801,185638,185711,73,7837
177801,185643,185715,72,7842
177801,185654,185714,60,7853
177801,185641,185716,75,7840
177801,185650,185719,69,7849
177801,185651,185720,69,7850
177801,185651,185721,70,7850
177801,185659,185721,62,7858
177801,185655,185722,67,7854
177801,185660,185722,62,7859
177801,185660,185723,63,7859
177801,185655,185725,70,7854
177801,185661,185727,66,7860
177801,185665,185728,63,7864
177801,185655,185728,73,7854
177801,185661,185729,68,7860
177801,185668,185731,63,7867
177801,185658,185731,73,7857
177801,185665,185733,68,7864
177801,185664,185734,70,7863
177801,185665,185735,70,7864
177801,185673,185735,62,7872
177801,185667,185736,69,7866
177801,185665,185736,71,7864
177801,185668,185736,68,7867
177801,185673,185738,65,7872
177801,185665,185739,74,7864
177801,185673,185739,66,7872
177801,185673,185739,66,7872
177801,185670,185743,73,7869
177801,185669,185743,74,7868
177801,185672,185745,73,7871
177801,185679,185747,68,7878
177801,185684,185747,63,7883
177801,185674,185747,73,7873
177801,185677,185747,70,7876
177801,185671,185747,76,7870
177801,185674,185747,73,7873
177801,185677,185748,71,7876
177801,185710,185748,38,7909
177801,185680,185749,69,7879
177801,185685,185749,64,7884
177801,185712,185750,38,7911
177801,185680,185751,71,7879
177801,185678,185751,73,7877
177801,185666,185752,86,7865
177801,185716,185752,36,7915
177801,185712,185753,41,7911
177801,185679,185753,74,7878
177801,185684,185754,70,7883
177801,185707,185754,47,7906
177801,185680,185754,74,7879
177801,185683,185755,72,7882
177801,185719,185755,36,7918
177801,185690,185756,66,7889
177801,185684,185756,72,7883
177801,185675,185756,81,7874
177801,185689,185757,68,7888
177801,185686,185758,72,7885
177801,185710,185758,48,7909
177801,185709,185758,49,7908
177801,185689,185758,69,7888
177801,185722,185758,36,7921
177801,185692,185760,68,7891
177801,185721,185760,39,7920
177801,185688,185761,73,7887
177801,185690,185761,71,7889
177801,185687,185763,76,7886
177801,185723,185764,41,7922
177801,185721,185764,43,7920
177801,185699,185765,66,7898
177801,185694,185767,73,7893
177801,185694,185767,73,7893
177801,185715,185767,52,7914
177801,185696,185767,71,7895
177801,185715,185767,52,7914
177801,185723,185767,44,7922
177801,185692,185769,77,7891
177801,185722,185769,47,7921
177801,185706,185769,63,7905
177801,185704,185771,67,7903
177801,185696,185772,76,7895
177801,185699,185772,73,7898
177801,185726,185773,47,7925
177801,185695,185773,78,7894
177801,185691,185775,84,7890
177801,185727,185779,52,7926
177801,185728,185783,55,7927
177801,185729,185784,55,7928
177801,185736,185788,52,7935
177801,185737,185788,51,7936
177801,185732,185788,56,7931
177801,185735,185790,55,7934
177801,185734,185792,58,7933
177801,185730,185792,62,7929
177801,185732,185795,63,7931
177801,185747,185796,49,7946
177801,185740,185797,57,7939
177801,185745,185800,55,7944
177801,185738,185801,63,7937
177801,185736,185802,66,7935
177801,185734,185802,68,7933
177801,185737,185803,66,7936
177801,185747,185803,56,7946
177801,185747,185805,58,7946
177801,185740,185810,70,7939
177801,185749,185810,61,7948
177801,185744,185811,67,7943
177801,185739,185815,76,7938
177801,185747,185815,68,7946
177801,185748,185816,68,7947
177801,185743,185817,74,7942
177801,185750,185817,67,7949
177801,185747,185818,71,7946
177801,185751,185824,73,7950
177801,185751,185825,74,7950
177801,185753,185825,72,7952
177801,185750,185825,75,7949
177801,185754,185826,72,7953
177801,185749,185827,78,7948
177801,185758,185828,70,7957
177801,185754,185828,74,7953
177801,185755,185829,74,7954
177801,185750,185829,79,7949
177801,185752,185830,78,7951
177801,185757,185831,74,7956
177801,185756,185831,75,7955
177801,185754,185832,78,7953
177801,185767,185832,65,7966
177801,185763,185833,70,7962
177801,185758,185833,75,7957
177801,185758,185834,76,7957
177801,185767,185834,67,7966
177801,185756,185836,80,7955
177801,185758,185836,78,7957
177801,185759,185836,77,7958
177801,185765,185837,72,7964
177801,185754,185837,83,7953
177801,185762,185836,74,7961
177801,185768,185837,69,7967
177801,185774,185838,64,7973
177801,185765,185838,73,7964
177801,185771,185837,66,7970
177801,185756,185838,82,7955
177801,185757,185838,81,7956
177801,185766,185838,72,7965
177801,185761,185839,78,7960
177801,185761,185839,78,7960
177801,185770,185839,69,7969
177801,185758,185840,82,7957
177801,185768,185840,72,7967
177801,185762,185842,80,7961
177801,185769,185846,77,7968
177801,185772,185846,74,7971
177801,185773,185847,74,7972
177801,185767,185847,80,7966
177801,185776,185848,72,7975
177801,185769,185849,80,7968
177801,185773,185850,77,7972
177801,185779,185850,71,7978
177801,185784,185851,67,7983
177801,185784,185854,70,7983
177801,185767,185854,87,7966
177801,185790,185858,68,7989
177801,185793,185859,66,7992
177801,185789,185860,71,7988
177801,185797,185861,64,7996
177801,185788,185862,74,7987
177801,185795,185863,68,7994
177801,185789,185864,75,7988
177801,185801,185871,70,8000
177801,185793,185871,78,7992
177801,185803,185871,68,8002
177801,185817,185875,58,8016
177801,185803,185876,73,8002
177801,185805,185877,72,8004
177801,185802,185877,75,8001
177801,185802,185877,75,8001
177801,185798,185877,79,7997
177801,185816,185879,63,8015
177801,185804,185880,76,8003
177801,185811,185881,70,8010
177801,185810,185882,72,8009
177801,185816,185883,67,8015
177801,185816,185884,68,8015
177801,185812,185888,76,8011
177801,185826,185892,66,8025
177801,185817,185892,75,8016
178037,185834,185895,61,7797
177801,185825,185896,71,8024
177801,185825,185896,71,8024
178037,185830,185897,67,7793
178037,185831,185897,66,7794
177801,185824,185898,74,8023
178037,185834,185898,64,7797
177801,185819,185898,79,8018
178037,185839,185899,60,7802
178037,185836,185900,64,7799
178037,185831,185901,70,7794
177801,185827,185900,73,8026
178037,185833,185903,70,7796
178037,185830,185903,73,7793
178037,185831,185903,72,7794
178037,185838,185903,65,7801
178037,185840,185904,64,7803
178037,185835,185904,69,7798
178037,185840,185904,64,7803
177801,185828,185905,77,8027
178037,185829,185905,76,7792
178037,185839,185904,65,7802
178037,185838,185906,68,7801
178037,185839,185906,67,7802
178037,185835,185905,70,7798
178037,185839,185906,67,7802
178037,185837,185907,70,7800
178037,185832,185907,75,7795
178037,185843,185907,64,7806
178037,185837,185907,70,7800
178037,185841,185908,67,7804
178037,185838,185908,70,7801
178037,185837,185908,71,7800
178037,185837,185909,72,7800
178037,185847,185910,63,7810
178037,185837,185911,74,7800
178037,185848,185914,66,7811
178037,185838,185914,76,7801
178037,185847,185915,68,7810
178037,185837,185917,80,7800
178037,185848,185917,69,7811
178037,185847,185918,71,7810
178037,185852,185919,67,7815
178037,185854,185919,65,7817
178037,185854,185921,67,7817
178037,185850,185921,71,7813
178037,185851,185922,71,7814
178037,185861,185923,62,7824
178037,185850,185923,73,7813
178037,185859,185927,68,7822
178037,185859,185929,70,7822
178037,185863,185930,67,7826
178037,185863,185931,68,7826
178037,185862,185936,74,7825
178037,185872,185938,66,7835
178037,185871,185940,69,7834
178037,185878,185940,62,7841
178037,185877,185941,64,7840
178037,185871,185943,72,7834
178037,185878,185942,64,7841
178037,185885,185943,58,7848
178037,185865,185944,79,7828
178037,185878,185944,66,7841
178037,185877,185945,68,7840
178037,185880,185947,67,7843
178037,185880,185948,68,7843
178037,185884,185949,65,7847
178037,185883,185950,67,7846
178037,185889,185956,67,7852
178037,185882,185956,74,7845
178037,185893,185957,64,7856
178037,185875,185959,84,7838
178037,185895,185963,68,7858
178037,185899,185963,64,7862
178037,185893,185963,70,7856
178037,185906,185965,59,7869
178037,185902,185966,64,7865
178037,185904,185967,63,7867
178037,185898,185966,68,7861
178037,185906,185968,62,7869
178037,185904,185968,64,7867
178037,185896,185969,73,7859
178037,185899,185969,70,7862
178037,185907,185970,63,7870
178037,185898,185970,72,7861
178037,185897,185971,74,7860
178037,185898,185971,73,7861
178037,185903,185973,70,7866
178037,185903,185973,70,7866
178037,185905,185975,70,7868
178037,185903,185975,72,7866
178037,185907,185976,69,7870
178037,185905,185976,71,7868
178037,185910,185977,67,7873
178037,185909,185977,68,7872
178037,185905,185977,72,7868
178037,185910,185977,67,7873
178037,185908,185977,69,7871
178037,185904,185977,73,7867
178037,185908,185978,70,7871
178037,185905,185978,73,7868
178037,185944,185982,38,7907
178037,185908,185982,74,7871
178037,185904,185982,78,7867
178037,185948,185983,35,7911
178037,185904,185983,79,7867
178037,185906,185983,77,7869
178037,185946,185983,37,7909
178037,185901,185984,83,7864
178037,185921,185986,65,7884
178037,185917,185987,70,7880
178037,185909,185988,79,7872
178037,185915,185988,73,7878
178037,185915,185988,73,7878
178037,185919,185989,70,7882
178037,185909,185989,80,7872
178037,185945,185989,44,7908
178037,185949,185990,41,7912
178037,185919,185990,71,7882
178037,185915,185990,75,7878
178037,185911,185992,81,7874
178037,185922,185992,70,7885
178037,185918,185992,74,7881
178037,185921,185993,72,7884
178037,185950,185993,43,7913
178037,185949,185993,44,7912
178037,185957,185994,37,7920
178037,185944,185993,49,7907
178037,185919,185995,76,7882
178037,185923,185994,71,7886
178037,185945,185995,50,7908
178037,185943,185998,55,7906
178037,185923,185998,75,7886
178037,185931,185999,68,7894
178037,185930,186000,70,7893
178037,185958,186001,43,7921
178037,185957,186003,46,7920
178037,185928,186004,76,7891
178037,185941,186006,65,7904
178037,185959,186006,47,7922
178037,185932,186006,74,7895
178037,185938,186006,68,7901
178037,185964,186007,43,7927
178037,185942,186007,65,7905
178037,185964,186009,45,7927
178037,185941,186008,67,7904
178037,185965,186011,46,7928
178037,185937,186012,75,7900
178037,185964,186013,49,7927
178037,185967,186017,50,7930
178037,185967,186025,58,7930
178037,185969,186024,55,7932
178037,185968,186025,57,7931
176373,184637,186027,1390,8264
178037,185969,186030,61,7932
178037,185971,186032,61,7934
178037,185976,186034,58,7939
178037,185972,186033,61,7935
178037,185967,186034,67,7930
178037,185971,186035,64,7934
178037,185968,186035,67,7931
178037,185976,186036,60,7939
178037,185972,186039,67,7935
178037,185974,186040,66,7937
178037,185982,186041,59,7945
178037,185978,186042,64,7941
178037,185976,186042,66,7939
178037,185979,186044,65,7942
178037,185978,186045,67,7941
178037,185976,186045,69,7939
178037,185978,186047,69,7941
178037,185977,186047,70,7940
178037,185977,186048,71,7940
178037,185984,186048,64,7947
178037,185974,186048,74,7937
178037,185977,186048,71,7940
178037,185979,186048,69,7942
178037,185987,186052,65,7950
178037,185984,186054,70,7947
178037,185983,186055,72,7946
178037,185984,186057,73,7947
178037,185984,186058,74,7947
178037,185990,186057,67,7953
178037,185994,186058,64,7957
178037,185989,186059,70,7952
178037,185985,186060,75,7948
178037,185991,186061,70,7954
178037,185988,186061,73,7951
178037,185990,186062,72,7953
178037,185993,186064,71,7956
178037,185983,186064,81,7946
178037,185994,186066,72,7957
178037,185995,186066,71,7958
178037,185991,186067,76,7954
178037,185995,186067,72,7958
178037,185989,186067,78,7952
178037,185987,186067,80,7950
178037,185990,186067,77,7953
178037,185995,186068,73,7958
178037,185988,186069,81,7951
178037,185999,186071,72,7962
178037,186002,186071,69,7965
178037,185992,186071,79,7955
178037,185994,186071,77,7957
178037,185998,186072,74,7961
178037,185994,186073,79,7957
178037,185993,186072,79,7956
178037,185999,186074,75,7962
178037,185994,186075,81,7957
178037,186000,186076,76,7963
178037,186005,186075,70,7968
178037,186007,186077,70,7970
178037,186009,186079,70,7972
178037,186007,186080,73,7970
178037,186013,186081,68,7976
178037,186004,186082,78,7967
178037,186007,186082,75,7970
178037,186007,186083,76,7970
178037,186007,186084,77,7970
178037,186009,186084,75,7972
178037,186012,186087,75,7975
178037,186012,186088,76,7975
178037,186007,186089,82,7970
178037,186026,186091,65,7989
178037,186025,186092,67,7988
178037,186025,186093,68,7988
178037,186018,186094,76,7981
178037,186033,186098,65,7996
178037,186031,186100,69,7994
178037,186028,186103,75,7991
178037,186036,186107,71,7999
178037,186034,186108,74,7997
178037,186037,186108,71,8000
178037,186035,186110,75,7998
178037,186035,186110,75,7998
178037,186034,186111,77,7997
178037,186040,186111,71,8003
178037,186042,186113,71,8005
178037,186045,186115,70,8008
178037,186049,186116,67,8012
178037,186041,186117,76,8004
178037,186046,186118,72,8009
178037,186043,186119,76,8006
178338,186060,186121,61,7722
178037,186043,186121,78,8006
178037,186047,186122,75,8010
178037,186048,186122,74,8011
178037,186046,186122,76,8009
178338,186065,186123,58,7727
178037,186049,186125,76,8012
178037,186049,186125,76,8012
178037,186058,186129,71,8021
178037,186048,186129,81,8011
178338,186061,186130,69,7723
178037,186052,186129,77,8015
178338,186072,186131,59,7734
178037,186049,186131,82,8012
178338,186063,186131,68,7725
178338,186060,186132,72,7722
178037,186058,186133,75,8021
178037,186054,186130,76,8017
178338,186062,186133,71,7724
178338,186068,186134,66,7730
178338,186069,186134,65,7731
178338,186068,186135,67,7730
178338,186065,186135,70,7727
178338,186066,186136,70,7728
178338,186071,186137,66,7733
178338,186067,186136,69,7729
178037,186058,186137,79,8021
178338,186068,186137,69,7730
178338,186067,186137,70,7729
178037,186057,186138,81,8020
178338,186068,186138,70,7730
178338,186073,186141,68,7735
178338,186077,186141,64,7739
178338,186073,186141,68,7735
178338,186076,186142,66,7738
178338,186076,186143,67,7738
178338,186081,186144,63,7743
178338,186075,186145,70,7737
178338,186076,186145,69,7738
178338,186073,186146,73,7735
178338,186071,186148,77,7733
178338,186068,186148,80,7730
178338,186082,186149,67,7744
178338,186072,186150,78,7734
178338,186080,186150,70,7742
178338,186082,186151,69,7744
178338,186082,186151,69,7744
178338,186084,186153,69,7746
178338,186093,186154,61,7755
178338,186088,186158,70,7750
178338,186084,186158,74,7746
178338,186088,186158,70,7750
178338,186089,186160,71,7751
178338,186091,186161,70,7753
178338,186099,186164,65,7761
178338,186094,186166,72,7756
178338,186100,186168,68,7762
178338,186103,186172,69,7765
178338,186092,186173,81,7754
178338,186085,186173,88,7747
178338,186113,186177,64,7775
178338,186108,186177,69,7770
178338,186112,186179,67,7774
178338,186110,186180,70,7772
178338,186110,186180,70,7772
178338,186108,186181,73,7770
178338,186117,186181,64,7779
178338,186112,186185,73,7774
178338,186116,186185,69,7778
178338,186122,186186,64,7784
178338,186116,186186,70,7778
178338,186118,186188,70,7780
178338,186125,186189,64,7787
178338,186122,186190,68,7784
178338,186123,186191,68,7785
178338,186123,186193,70,7785
178338,186129,186193,64,7791
178338,186123,186193,70,7785
178338,186120,186194,74,7782
178338,186137,186195,58,7799
178338,186129,186195,66,7791
178338,186134,186196,62,7796
178338,186131,186197,66,7793
178338,186134,186197,63,7796
178338,186132,186197,65,7794
178338,186134,186197,63,7796
178338,186135,186197,62,7797
178338,186123,186198,75,7785
178338,186126,186199,73,7788
178338,186137,186199,62,7799
178338,186132,186199,67,7794
178338,186135,186199,64,7797
178338,186133,186201,68,7795
178338,186138,186201,63,7800
178338,186133,186201,68,7795
178338,186130,186206,76,7792
178338,186136,186206,70,7798
178338,186138,186206,68,7800
178338,186130,186208,78,7792
178338,186138,186207,69,7800
178338,186141,186207,66,7803
178338,186142,186208,66,7804
178338,186136,186210,74,7798
178338,186146,186210,64,7808
178338,186139,186210,71,7801
178338,186137,186212,75,7799
178338,186145,186213,68,7807
178338,186143,186214,71,7805
178338,186142,186214,72,7804
178338,186145,186215,70,7807
178338,186143,186215,72,7805
178338,186148,186217,69,7810
178338,186149,186218,69,7811
178338,186131,186220,89,7793
178338,186147,186219,72,7809
178338,186149,186220,71,7811
178338,186150,186222,72,7812
178338,186152,186221,69,7814
178338,186152,186222,70,7814
178338,186154,186223,69,7816
178338,186188,186223,35,7850
178338,186150,186225,75,7812
178338,186186,186226,40,7848
178338,186159,186227,68,7821
178338,186155,186227,72,7817
178338,186185,186228,43,7847
178338,186190,186229,39,7852
178338,186159,186231,72,7821
178338,186191,186231,40,7853
178338,186187,186232,45,7849
178338,186159,186232,73,7821
178338,186191,186232,41,7853
178338,186186,186233,47,7848
178338,186194,186234,40,7856
178338,186194,186234,40,7856
178338,186193,186235,42,7855
178338,186168,186235,67,7830
178338,186167,186236,69,7829
178338,186196,186237,41,7858
178338,186162,186238,76,7824
178338,186196,186237,41,7858
178338,186160,186238,78,7822
178338,186172,186238,66,7834
178338,186165,186240,75,7827
178338,186195,186240,45,7857
178338,186198,186242,44,7860
178338,186181,186243,62,7843
178338,186197,186243,46,7859
178338,186198,186245,47,7860
178338,186182,186245,63,7844
178338,186198,186245,47,7860
178338,186174,186246,72,7836
178338,186181,186246,65,7843
178338,186173,186246,73,7835
178338,186178,186247,69,7840
178338,186200,186248,48,7862
178338,186180,186250,70,7842
178338,186178,186251,73,7840
178338,186198,186252,54,7860
178338,186198,186255,57,7860
178338,186198,186255,57,7860
178338,186200,186255,55,7862
178338,186179,186256,77,7841
178338,186206,186255,49,7868
178338,186200,186260,60,7862
178338,186201,186263,62,7863
178338,186202,186265,63,7864
178338,186202,186268,66,7864
178338,186208,186269,61,7870
178338,186206,186271,65,7868
178338,186213,186273,60,7875
178338,186208,186272,64,7870
178338,186206,186274,68,7868
178338,186210,186275,65,7872
178338,186208,186278,70,7870
178338,186200,186278,78,7862
176380,184879,186279,1400,8499
178338,186215,186279,64,7877
178338,186216,186281,65,7878
178338,186211,186281,70,7873
178338,186221,186281,60,7883
178338,186211,186282,71,7873
178338,186215,186283,68,7877
178338,186211,186285,74,7873
178338,186213,186288,75,7875
178338,186220,186290,70,7882
178338,186222,186289,67,7884
178338,186220,186290,70,7882
178338,186223,186291,68,7885
178338,186218,186292,74,7880
178338,186222,186292,70,7884
178338,186216,186293,77,7878
178338,186227,186293,66,7889
178338,186222,186296,74,7884
178338,186224,186295,71,7886
178338,186227,186296,69,7889
178338,186218,186298,80,7880
178338,186232,186298,66,7894
178338,186226,186304,78,7888
178338,186237,186304,67,7899
178338,186235,186305,70,7897
178338,186229,186305,76,7891
178338,186227,186304,77,7889
178338,186233,186306,73,7895
178338,186238,186306,68,7900
178338,186231,186306,75,7893
178338,186238,186307,69,7900
178338,186243,186307,64,7905
178338,186230,186307,77,7892
178338,186233,186307,74,7895
178338,186234,186308,74,7896
178338,186239,186308,69,7901
178338,186240,186308,68,7902
178338,186245,186308,63,7907
178338,186244,186309,65,7906
178338,186233,186310,77,7895
178338,186232,186309,77,7894
178338,186239,186310,71,7901
178338,186234,186311,77,7896
178338,186244,186312,68,7906
178338,186236,186316,80,7898
178338,186247,186316,69,7909
178338,186246,186316,70,7908
178338,186255,186318,63,7917
178338,186246,186318,72,7908
178338,186256,186319,63,7918
178338,186237,186320,83,7899
178338,186246,186320,74,7908
178338,186240,186321,81,7902
178338,186249,186321,72,7911
178338,186245,186323,78,7907
178338,186251,186323,72,7913
178338,186252,186323,71,7914
178338,186253,186323,70,7915
178338,186256,186324,68,7918
178338,186247,186325,78,7909
178338,186256,186326,70,7918
178338,186255,186328,73,7917
178338,186264,186330,66,7926
178338,186274,186333,59,7936
178338,186273,186336,63,7935
178338,186261,186336,75,7923
178338,186272,186343,71,7934
178338,186273,186343,70,7935
178338,186270,186343,73,7932
178338,186269,186344,75,7931
178338,186285,186346,61,7947
178338,186265,186349,84,7927
178338,186278,186349,71,7940
178338,186276,186350,74,7938
178338,186282,186350,68,7944
178338,186279,186350,71,7941
178338,186290,186350,60,7952
178338,186283,186354,71,7945
178471,186296,186355,59,7825
178338,186292,186356,64,7954
178338,186293,186357,64,7955
178338,186282,186357,75,7944
178338,186283,186357,74,7945
178338,186281,186358,77,7943
178338,186282,186357,75,7944
178471,186296,186358,62,7825
178338,186289,186359,70,7951
178338,186290,186362,72,7952
178338,186293,186363,70,7955
178471,186294,186364,70,7823
178338,186279,186364,85,7941
178471,186305,186365,60,7834
178338,186291,186360,69,7953
178471,186296,186367,71,7825
178471,186298,186371,73,7827
178471,186310,186372,62,7839
178471,186306,186372,66,7835
178471,186298,186373,75,7827
178471,186305,186372,67,7834
178471,186316,186373,57,7845
178471,186308,186374,66,7837
178471,186307,186374,67,7836
178471,186308,186375,67,7837
178471,186310,186375,65,7839
178471,186304,186377,73,7833
178471,186307,186376,69,7836
178471,186305,186376,71,7834
178471,186308,186377,69,7837
178471,186312,186377,65,7841
178471,186305,186377,72,7834
178471,186309,186377,68,7838
178471,186308,186379,71,7837
178471,186312,186380,68,7841
178471,186306,186380,74,7835
178471,186308,186382,74,7837
178471,186309,186383,74,7838
178471,186310,186384,74,7839
178471,186310,186384,74,7839
178471,186319,186387,68,7848
178471,186319,186387,68,7848
178471,186316,186387,71,7845
178471,186320,186388,68,7849
178471,186322,186388,66,7851
178471,186320,186388,68,7849
178471,186319,186389,70,7848
178471,186317,186389,72,7846
178471,186322,186391,69,7851
178471,186326,186392,66,7855
178471,186323,186392,69,7852
178471,186330,186394,64,7859
178471,186325,186395,70,7854
178471,186323,186395,72,7852
178471,186323,186396,73,7852
178471,186324,186395,71,7853
178471,186329,186397,68,7858
178471,186323,186397,74,7852
178471,186334,186400,66,7863
178471,186336,186407,71,7865
178471,186343,186408,65,7872
178471,186343,186409,66,7872
178471,186336,186412,76,7865
178471,186351,186412,61,7880
178471,186345,186412,67,7874
178471,186344,186412,68,7873
178471,186357,186417,60,7886
178471,186358,186417,59,7887
178471,186354,186419,65,7883
178471,186351,186419,68,7880
178471,186347,186420,73,7876
178471,186362,186421,59,7891
178471,186351,186421,70,7880
178471,186349,186422,73,7878
178471,186351,186423,72,7880
178471,186365,186424,59,7894
178471,186350,186425,75,7879
178471,186358,186425,67,7887
178471,186365,186427,62,7894
178471,186357,186427,70,7886
178471,186363,186427,64,7892
178471,186358,186429,71,7887
178471,186357,186428,71,7886
178471,186373,186431,58,7902
178471,186365,186431,66,7894
178471,186356,186433,77,7885
178471,186360,186433,73,7889
178471,186365,186434,69,7894
178471,186372,186438,66,7901
178471,186377,186439,62,7906
178471,186367,186440,73,7896
178471,186372,186441,69,7901
178471,186373,186441,68,7902
178471,186373,186441,68,7902
178471,186374,186442,68,7903
178471,186381,186443,62,7910
178471,186374,186444,70,7903
178471,186364,186444,80,7893
178471,186378,186444,66,7907
178471,186378,186445,67,7907
178471,186377,186447,70,7906
178471,186375,186447,72,7904
178471,186381,186448,67,7910
178471,186375,186448,73,7904
178471,186378,186448,70,7907
178471,186417,186451,34,7946
178471,186377,186452,75,7906
178471,186377,186452,75,7906
178471,186387,186453,66,7916
178471,186382,186453,71,7911
178471,186374,186454,80,7903
178471,186384,186455,71,7913
178471,186413,186456,43,7942
178471,186388,186458,70,7917
178471,186385,186458,73,7914
178471,186394,186458,64,7923
178471,186389,186458,69,7918
178471,186385,186459,74,7914
178471,186418,186459,41,7947
178471,186420,186460,40,7949
178471,186390,186460,70,7919
178471,186389,186461,72,7918
178471,186388,186460,72,7917
178471,186380,186461,81,7909
178471,186422,186463,41,7951
178471,186424,186463,39,7953
178471,186422,186464,42,7951
178471,186390,186464,74,7919
178471,186392,186465,73,7921
178471,186420,186465,45,7949
178471,186396,186467,71,7925
178471,186420,186466,46,7949
178471,186426,186466,40,7955
178471,186392,186468,76,7921
178471,186394,186468,74,7923
178471,186423,186469,46,7952
178471,186413,186470,57,7942
178471,186396,186470,74,7925
178471,186388,186470,82,7917
178471,186412,186470,58,7941
178471,186396,186471,75,7925
178471,186398,186471,73,7927
178471,186396,186471,75,7925
178471,186401,186474,73,7930
178471,186422,186474,52,7951
178471,186412,186476,64,7941
178471,186426,186478,52,7955
178471,186398,186480,82,7927
178471,186408,186480,72,7937
178471,186431,186481,50,7960
178471,186428,186482,54,7957
178471,186427,186481,54,7956
178471,186407,186483,76,7936
178471,186428,186483,55,7957
178471,186434,186483,49,7963
178471,186410,186486,76,7939
178471,186429,186487,58,7958
178471,186429,186490,61,7958
178471,186440,186491,51,7969
178471,186434,186492,58,7963
178471,186438,186493,55,7967
178471,186432,186494,62,7961
178471,186442,186500,58,7971
178471,186442,186503,61,7971
176393,185118,186505,1387,8725
178471,186442,186505,63,7971
178471,186444,186505,61,7973
178471,186441,186507,66,7970
178471,186435,186509,74,7964
178471,186444,186510,66,7973
178471,186443,186510,67,7972
178471,186444,186511,67,7973
178471,186448,186511,63,7977
178471,186439,186511,72,7968
178471,186449,186513,64,7978
176386,185118,186514,1396,8732
178471,186449,186515,66,7978
178471,186445,186519,74,7974
178471,186449,186521,72,7978
178471,186447,186520,73,7976
178471,186453,186522,69,7982
178471,186453,186525,72,7982
178471,186453,186526,73,7982
178471,186455,186527,72,7984
178471,186461,186526,65,7990
178471,186464,186527,63,7993
178471,186459,186530,71,7988
178471,186457,186531,74,7986
178471,186451,186532,81,7980
178471,186471,186532,61,8000
178471,186462,186532,70,7991
178471,186461,186532,71,7990
178471,186472,186533,61,8001
178471,186454,186533,79,7983
178471,186454,186535,81,7983
178471,186459,186535,76,7988
178471,186465,186534,69,7994
178471,186459,186535,76,7988
178471,186458,186535,77,7987
178471,186461,186535,74,7990
178471,186467,186539,72,7996
178471,186460,186538,78,7989
178471,186465,186539,74,7994
178471,186460,186539,79,7989
178471,186466,186540,74,7995
178471,186468,186541,73,7997
178471,186460,186540,80,7989
178471,186470,186541,71,7999
178471,186464,186541,77,7993
178471,186463,186543,80,7992
178471,186468,186542,74,7997
178471,186472,186543,71,8001
178471,186474,186544,70,8003
178471,186467,186545,78,7996
178471,186467,186544,77,7996
178471,186487,186546,59,8016
178471,186472,186548,76,8001
178471,186471,186549,78,8000
178471,186470,186549,79,7999
178471,186475,186550,75,8004
178471,186479,186552,73,8008
178471,186480,186554,74,8009
178471,186483,186553,70,8012
178471,186471,186554,83,8000
178471,186477,186555,78,8006
178471,186484,186555,71,8013
178471,186482,186555,73,8011
178471,186483,186555,72,8012
178471,186488,186555,67,8017
178471,186481,186557,76,8010
178471,186494,186558,64,8023
178471,186493,186559,66,8022
178471,186491,186560,69,8020
178471,186482,186560,78,8011
178471,186494,186562,68,8023
178471,186482,186566,84,8011
178471,186503,186570,67,8032
178471,186491,186573,82,8020
178471,186506,186574,68,8035
178471,186501,186576,75,8030
178471,186506,186576,70,8035
178471,186509,186576,67,8038
178471,186507,186578,71,8036
178471,186512,186578,66,8041
178471,186511,186580,69,8040
178471,186521,186581,60,8050
178471,186515,186584,69,8044
178471,186512,186586,74,8041
178471,186520,186587,67,8049
178471,186506,186587,81,8035
178471,186516,186587,71,8045
178471,186513,186587,74,8042
178471,186511,186589,78,8040
178471,186512,186590,78,8041
178471,186526,186591,65,8055
178471,186527,186592,65,8056
178471,186523,186594,71,8052
178471,186527,186596,69,8056
178471,186521,186596,75,8050
178471,186526,186599,73,8055
178731,186533,186600,67,7802
178731,186533,186600,67,7802
178471,186530,186601,71,8059
178731,186536,186602,66,7805
178731,186532,186602,70,7801
178731,186532,186603,71,7801
178731,186540,186602,62,7809
178731,186536,186603,67,7805
178471,186527,186598,71,8056
178731,186535,186601,66,7804
178731,186535,186603,68,7804
178731,186541,186603,62,7810
178731,186535,186604,69,7804
178731,186539,186604,65,7808
178471,186531,186606,75,8060
178731,186534,186607,73,7803
178731,186543,186608,65,7812
178731,186545,186609,64,7814
178731,186543,186610,67,7812
178731,186540,186612,72,7809
178731,186542,186612,70,7811
178731,186536,186615,79,7805
178731,186539,186615,76,7808
178731,186547,186615,68,7816
178731,186549,186615,66,7818
178731,186554,186616,62,7823
178731,186544,186616,72,7813
178731,186540,186617,77,7809
178731,186542,186617,75,7811
178731,186541,186618,77,7810
178731,186549,186618,69,7818
178731,186543,186619,76,7812
178731,186554,186619,65,7823
178731,186549,186620,71,7818
178731,186545,186621,76,7814
178731,186556,186622,66,7825
178731,186550,186622,72,7819
178731,186552,186622,70,7821
178731,186555,186625,70,7824
178731,186558,186625,67,7827
178731,186560,186628,68,7829
178731,186559,186628,69,7828
178731,186555,186628,73,7824
178731,186555,186630,75,7824
178731,186555,186630,75,7824
178731,186554,186631,77,7823
178731,186561,186631,70,7830
178731,186559,186631,72,7828
178731,186567,186632,65,7836
178731,186563,186636,73,7832
178731,186571,186637,66,7840
178731,186575,186645,70,7844
178731,186577,186646,69,7846
178731,186580,186647,67,7849
178731,186581,186649,68,7850
178731,186585,186649,64,7854
178731,186579,186651,72,7848
178731,186579,186650,71,7848
178731,186588,186650,62,7857
178731,186596,186651,55,7865
178731,186590,186655,65,7859
178731,186574,186655,81,7843
178731,186592,186657,65,7861
178731,186586,186657,71,7855
178731,186593,186658,65,7862
178731,186587,186659,72,7856
178731,186588,186661,73,7857
178731,186594,186663,69,7863
178731,186588,186663,75,7857
178731,186597,186663,66,7866
178731,186603,186664,61,7872
178731,186600,186667,67,7869
178731,186602,186667,65,7871
178731,186603,186669,66,7872
178731,186603,186669,66,7872
178731,186603,186671,68,7872
178731,186599,186672,73,7868
178731,186603,186673,70,7872
178731,186601,186674,73,7870
178731,186603,186675,72,7872
178731,186603,186675,72,7872
178731,186607,186676,69,7876
178731,186591,186676,85,7860
178731,186603,186678,75,7872
178731,186609,186679,70,7878
178731,186604,186679,75,7873
178731,186615,186679,64,7884
178731,186605,186680,75,7874
178731,186608,186681,73,7877
178731,186615,186681,66,7884
178731,186603,186681,78,7872
178731,186605,186682,77,7874
178731,186607,186682,75,7876
178731,186616,186684,68,7885
178731,186604,186685,81,7873
178731,186616,186685,69,7885
178731,186610,186685,75,7879
178731,186617,186686,69,7886
178731,186613,186686,73,7882
178731,186613,186687,74,7882
178731,186617,186689,72,7886
178731,186620,186690,70,7889
178731,186651,186690,39,7920
178731,186618,186691,73,7887
178731,186617,186691,74,7886
178731,186619,186691,72,7888
178731,186617,186691,74,7886
178731,186620,186692,72,7889
178731,186651,186693,42,7920
178731,186623,186695,72,7892
178731,186652,186695,43,7921
178731,186623,186695,72,7892
178731,186655,186695,40,7924
178731,186629,186695,66,7898
178731,186622,186696,74,7891
178731,186620,186696,76,7889
178731,186651,186696,45,7920
178731,186649,186698,49,7918
178731,186626,186699,73,7895
178731,186630,186699,69,7899
178731,186622,186699,77,7891
178731,186632,186700,68,7901
178731,186660,186700,40,7929
178731,186626,186701,75,7895
178731,186650,186701,51,7919
178731,186658,186701,43,7927
178731,186630,186701,71,7899
178731,186632,186701,69,7901
178731,186656,186701,45,7925
178731,186629,186704,75,7898
178731,186633,186704,71,7902
178731,186637,186705,68,7906
178731,186648,186705,57,7917
178731,186629,186706,77,7898
178731,186657,186707,50,7926
178731,186658,186707,49,7927
178731,186638,186708,70,7907
178731,186631,186708,77,7900
178731,186664,186708,44,7933
178731,186645,186709,64,7914
178731,186664,186710,46,7933
178731,186662,186711,49,7931
178731,186667,186712,45,7936
178731,186664,186713,49,7933
178731,186664,186716,52,7933
178731,186667,186719,52,7936
178731,186669,186721,52,7938
178731,186647,186724,77,7916
178731,186670,186725,55,7939
178731,186672,186728,56,7941
178731,186676,186732,56,7945
178731,186677,186733,56,7946
178731,186676,186733,57,7945
176399,185351,186736,1385,8952
178731,186673,186736,63,7942
178731,186681,186738,57,7950
178731,186675,186738,63,7944
178731,186679,186739,60,7948
178731,186676,186741,65,7945
178731,186680,186743,63,7949
178731,186674,186744,70,7943
178731,186682,186744,62,7951
178731,186680,186746,66,7949
178731,186678,186747,69,7947
178731,186679,186748,69,7948
178731,186683,186752,69,7952
178731,186686,186754,68,7955
178731,186683,186754,71,7952
178731,186688,186755,67,7957
178731,186686,186757,71,7955
178731,186682,186756,74,7951
178731,186685,186760,75,7954
178731,186685,186760,75,7954
178731,186696,186760,64,7965
178731,186687,186761,74,7956
178731,186687,186761,74,7956
178731,186691,186761,70,7960
178731,186692,186764,72,7961
178731,186690,186764,74,7959
178731,186700,186764,64,7969
178731,186689,186764,75,7958
178731,186698,186765,67,7967
178731,186700,186766,66,7969
178731,186694,186766,72,7963
178731,186695,186766,71,7964
178731,186704,186766,62,7973
178731,186692,186767,75,7961
178731,186696,186769,73,7965
178731,186696,186768,72,7965
178731,186691,186770,79,7960
178731,186708,186771,63,7977
178731,186700,186771,71,7969
178731,186702,186771,69,7971
178731,186692,186772,80,7961
178731,186695,186772,77,7964
178731,186700,186773,73,7969
178731,186692,186774,82,7961
178731,186701,186775,74,7970
178731,186704,186775,71,7973
178731,186705,186775,70,7974
178731,186701,186776,75,7970
178731,186702,186777,75,7971
178731,186702,186776,74,7971
178731,186697,186776,79,7966
178731,186708,186776,68,7977
178731,186708,186778,70,7977
178731,186696,186778,82,7965
178731,186697,186778,81,7966
178731,186707,186779,72,7976
178731,186700,186779,79,7969
178731,186705,186780,75,7974
178731,186701,186785,84,7970
178731,186708,186785,77,7977
178731,186719,186788,69,7988
178731,186711,186789,78,7980
178731,186711,186789,78,7980
178731,186722,186790,68,7991
178731,186707,186792,85,7976
178731,186710,186795,85,7979
178731,186717,186794,77,7986
178731,186714,186796,82,7983
178731,186725,186797,72,7994
178731,186724,186800,76,7993
178731,186734,186800,66,8003
178731,186733,186801,68,8002
178731,186713,186801,88,7982
178731,186729,186804,75,7998
178731,186736,186803,67,8005
178731,186733,186806,73,8002
178731,186740,186808,68,8009
178731,186737,186808,71,8006
178731,186738,186814,76,8007
178731,186739,186814,75,8008
178731,186747,186814,67,8016
178731,186745,186815,70,8014
178731,186741,186815,74,8010
178731,186746,186816,70,8015
178731,186752,186821,69,8021
178731,186749,186822,73,8018
178731,186744,186823,79,8013
178731,186744,186822,78,8013
178731,186756,186826,70,8025
178731,186757,186826,69,8026
178731,186755,186827,72,8024
178731,186755,186827,72,8024
178731,186757,186828,71,8026
178731,186761,186830,69,8030
178731,186761,186831,70,8030
178974,186771,186832,61,7797
178731,186761,186833,72,8030
178974,186769,186833,64,7795
178731,186761,186834,73,8030
178731,186761,186835,74,8030
178974,186765,186835,70,7791
178974,186769,186836,67,7795
178974,186766,186836,70,7792
178974,186774,186837,63,7800
178974,186768,186838,70,7794
178974,186772,186837,65,7798
178731,186762,186837,75,8031
178731,186764,186838,74,8033
178974,186767,186837,70,7793
178974,186767,186838,71,7793
178974,186771,186839,68,7797
178974,186777,186840,63,7803
178974,186766,186840,74,7792
178974,186776,186841,65,7802
178974,186774,186841,67,7800
178974,186770,186841,71,7796
178974,186765,186842,77,7791
178974,186777,186843,66,7803
178974,186778,186843,65,7804
178974,186773,186843,70,7799
178731,186765,186844,79,8034
178974,186780,186845,65,7806
178974,186771,186845,74,7797
178974,186777,186846,69,7803
178974,186776,186846,70,7802
178974,186777,186847,70,7803
178974,186777,186847,70,7803
178974,186778,186848,70,7804
178974,186780,186849,69,7806
178974,186788,186850,62,7814
178974,186776,186851,75,7802
178974,186779,186851,72,7805
178974,186785,186852,67,7811
178974,186778,186855,77,7804
178974,186789,186855,66,7815
178974,186785,186857,72,7811
178974,186790,186857,67,7816
178974,186790,186857,67,7816
178974,186792,186862,70,7818
178974,186800,186864,64,7826
178974,186795,186864,69,7821
178974,186796,186865,69,7822
178974,186797,186865,68,7823
178974,186801,186869,68,7827
178974,186795,186868,73,7821
178974,186801,186871,70,7827
178974,186805,186873,68,7831
178974,186801,186873,72,7827
178974,186805,186874,69,7831
178974,186807,186874,67,7833
178974,186815,186881,66,7841
178974,186808,186882,74,7834
178974,186815,186882,67,7841
178974,186809,186884,75,7835
178974,186827,186885,58,7853
178974,186815,186885,70,7841
178974,186816,186887,71,7842
178974,186822,186887,65,7848
178974,186823,186887,64,7849
178974,186827,186888,61,7853
178974,186815,186889,74,7841
178974,186822,186892,70,7848
178974,186823,186893,70,7849
178974,186817,186894,77,7843
178974,186829,186895,66,7855
178974,186832,186895,63,7858
178974,186828,186899,71,7854
178974,186838,186901,63,7864
178974,186834,186903,69,7860
178974,186841,186903,62,7867
178974,186834,186903,69,7860
178974,186838,186904,66,7864
178974,186842,186905,63,7868
178974,186833,186905,72,7859
178974,186838,186906,68,7864
178974,186843,186907,64,7869
178974,186834,186906,72,7860
178974,186837,186907,70,7863
178974,186838,186908,70,7864
178974,186831,186908,77,7857
178974,186837,186908,71,7863
178974,186843,186908,65,7869
178974,186835,186908,73,7861
178974,186836,186909,73,7862
178974,186840,186909,69,7866
178974,186844,186912,68,7870
178974,186840,186912,72,7866
178974,186841,186912,71,7867
178974,186845,186913,68,7871
178974,186842,186914,72,7868
178974,186838,186915,77,7864
178974,186846,186914,68,7872
178974,186837,186914,77,7863
178974,186839,186916,77,7865
178974,186844,186916,72,7870
178974,186827,186917,90,7853
178974,186849,186920,71,7875
178974,186847,186919,72,7873
178974,186844,186920,76,7870
178974,186848,186921,73,7874
178974,186846,186922,76,7872
178974,186851,186923,72,7877
178974,186849,186923,74,7875
178974,186846,186923,77,7872
178974,186886,186925,39,7912
178974,186852,186926,74,7878
178974,186852,186927,75,7878
178974,186857,186927,70,7883
178974,186852,186928,76,7878
178974,186856,186927,71,7882
178974,186888,186930,42,7914
178974,186862,186930,68,7888
178974,186858,186931,73,7884
178974,186856,186931,75,7882
178974,186857,186931,74,7883
178974,186887,186933,46,7913
178974,186884,186933,49,7910
178974,186885,186934,49,7911
178974,186889,186934,45,7915
178974,186889,186935,46,7915
178974,186893,186937,44,7919
178974,186864,186937,73,7890
178974,186865,186937,72,7891
178974,186887,186937,50,7913
178974,186874,186938,64,7900
178974,186893,186937,44,7919
178974,186895,186939,44,7921
178974,186864,186939,75,7890
178974,186894,186940,46,7920
178974,186883,186941,58,7909
178974,186866,186941,75,7892
178974,186872,186942,70,7898
178974,186869,186942,73,7895
178974,186899,186942,43,7925
178974,186873,186943,70,7899
178974,186869,186943,74,7895
178974,186895,186944,49,7921
178974,186875,186949,74,7901
178974,186882,186952,70,7908
178974,186883,186952,69,7909
178974,186903,186953,50,7929
178974,186874,186953,79,7900
178974,186901,186955,54,7927
178974,186907,186959,52,7933
178974,186903,186960,57,7929
178974,186904,186961,57,7930
178974,186904,186962,58,7930
178974,186908,186961,53,7934
178974,186907,186965,58,7933
178974,186907,186965,58,7933
178974,186906,186965,59,7932
178974,186909,186965,56,7935
178974,186905,186967,62,7931
178974,186905,186968,63,7931
178974,186913,186969,56,7939
178974,186909,186970,61,7935
178974,186908,186971,63,7934
178974,186909,186973,64,7935
178974,186912,186975,63,7938
178974,186909,186977,68,7935
178974,186913,186983,70,7939
178974,186915,186983,68,7941
178974,186913,186985,72,7939
178974,186917,186986,69,7943
178974,186915,186987,72,7941
178974,186922,186986,64,7948
178974,186915,186986,71,7941
178974,186915,186988,73,7941
178974,186921,186989,68,7947
178974,186910,186990,80,7936
178974,186916,186991,75,7942
178974,186924,186991,67,7950
178974,186920,186992,72,7946
178974,186920,186993,73,7946
178974,186921,186996,75,7947
178974,186916,186996,80,7942
178974,186923,186998,75,7949
177593,185593,186998,1405,8000
178974,186927,187002,75,7953
178974,186928,187003,75,7954
178974,186924,187004,80,7950
178974,186927,187003,76,7953
178974,186932,187005,73,7958
178974,186941,187005,64,7967
178974,186926,187005,79,7952
178974,186934,187006,72,7960
178974,186928,187007,79,7954
178974,186928,187007,79,7954
178974,186931,187007,76,7957
178974,186931,187008,77,7957
178974,186938,187009,71,7964
178974,186933,187009,76,7959
178974,186938,187009,71,7964
178974,186935,187010,75,7961
178974,186937,187011,74,7963
178974,186939,187011,72,7965
178974,186931,187010,79,7957
178974,186943,187011,68,7969
178974,186944,187014,70,7970
178974,186943,187014,71,7969
178974,186936,187014,78,7962
178974,186938,187014,76,7964
178974,186936,187013,77,7962
178974,186941,187015,74,7967
178974,186938,187016,78,7964
178974,186943,187017,74,7969
178974,186931,187018,87,7957
178974,186940,187018,78,7966
178974,186944,187018,74,7970
178974,186939,187018,79,7965
178974,186940,187019,79,7966
178974,186953,187019,66,7979
178974,186950,187020,70,7976
178974,186954,187020,66,7980
178974,186945,187021,76,7971
178974,186954,187025,71,7980
178974,186953,187026,73,7979
178974,186966,187029,63,7992
178974,186962,187030,68,7988
178974,186966,187031,65,7992
178974,186956,187032,76,7982
178974,186967,187032,65,7993
178974,186962,187035,73,7988
178974,186962,187035,73,7988
178974,186960,187038,78,7986
178974,186960,187040,80,7986
178974,186966,187042,76,7992
178974,186969,187043,74,7995
178974,186976,187044,68,8002
178974,186966,187045,79,7992
178974,186972,187045,73,7998
178974,186984,187047,63,8010
178974,186969,187049,80,7995
178974,186971,187050,79,7997
178974,186973,187050,77,7999
178974,186977,187052,75,8003
178974,186991,187053,62,8017
178974,186986,187054,68,8012
178974,186984,187055,71,8010
178974,186987,187057,70,8013
178974,186987,187059,72,8013
178974,186993,187061,68,8019
178974,186992,187061,69,8018
178974,186992,187062,70,8018
178974,186986,187063,77,8012
178974,186990,187063,73,8016
178974,186994,187064,70,8020
179227,187004,187064,60,7777
178974,186989,187065,76,8015
179227,187003,187067,64,7776
178974,186997,187067,70,8023
178974,186987,187067,80,8013
178974,186999,187067,68,8025
179227,187003,187069,66,7776
178974,186997,187069,72,8023
179227,187010,187069,59,7783
179227,187007,187071,64,7780
179227,187011,187070,59,7784
179227,187004,187071,67,7777
179227,187016,187071,55,7789
179227,187005,187073,68,7778
179227,187005,187075,70,7778
179227,187005,187075,70,7778
179227,187008,187076,68,7781
179227,187010,187076,66,7783
179227,187009,187077,68,7782
179227,187014,187078,64,7787
179227,187006,187079,73,7779
179227,187017,187079,62,7790
179227,187011,187082,71,7784
179227,187012,187081,69,7785
179227,187018,187083,65,7791
179227,187016,187083,67,7789
179227,187008,187083,75,7781
179227,187010,187084,74,7783
179227,187011,187084,73,7784
179227,187014,187084,70,7787
179227,187014,187084,70,7787
179227,187010,187085,75,7783
179227,187014,187084,70,7787
179227,187014,187086,72,7787
179227,187021,187086,65,7794
179227,187021,187086,65,7794
179227,187019,187086,67,7792
179227,187018,187087,69,7791
179227,187020,187087,67,7793
179227,187019,187088,69,7792
179227,187026,187091,65,7799
179227,187022,187093,71,7795
179227,187020,187094,74,7793
179227,187027,187096,69,7800
179227,187033,187100,67,7806
179227,187032,187101,69,7805
179227,187030,187100,70,7803
179227,187029,187101,72,7802
179227,187033,187102,69,7806
179227,187036,187102,66,7809
179227,187036,187103,67,7809
179227,187038,187104,66,7811
179227,187044,187107,63,7817
179227,187046,187109,63,7819
179227,187040,187110,70,7813
179227,187043,187111,68,7816
179227,187055,187113,58,7828
179227,187046,187114,68,7819
179227,187061,187115,54,7834
179227,187044,187117,73,7817
179227,187053,187119,66,7826
179227,187050,187121,71,7823
179227,187063,187122,59,7836
179227,187054,187123,69,7827
179227,187055,187124,69,7828
179227,187048,187124,76,7821
179227,187050,187125,75,7823
179227,187066,187126,60,7839
179227,187058,187126,68,7831
179227,187061,187126,65,7834
179227,187051,187127,76,7824
179227,187067,187126,59,7840
179227,187065,187127,62,7838
179227,187064,187130,66,7837
179227,187064,187134,70,7837
179227,187068,187136,68,7841
179227,187064,187136,72,7837
179227,187071,187136,65,7844
179227,187068,187138,70,7841
179227,187067,187138,71,7840
179227,187070,187140,70,7843
179227,187070,187140,70,7843
179227,187070,187141,71,7843
179227,187061,187142,81,7834
179227,187077,187143,66,7850
179227,187072,187145,73,7845
179227,187073,187146,73,7846
179227,187076,187147,71,7849
179227,187080,187146,66,7853
179227,187071,187147,76,7844
179227,187084,187147,63,7857
179227,187078,187148,70,7851
179227,187076,187148,72,7849
179227,187079,187149,70,7852
179227,187077,187150,73,7850
179227,187083,187150,67,7856
179227,187082,187150,68,7855
179227,187082,187152,70,7855
179227,187072,187152,80,7845
179227,187087,187152,65,7860
179227,187118,187152,34,7891
179227,187076,187153,77,7849
179227,187115,187153,38,7888
179227,187084,187154,70,7857
179227,187087,187154,67,7860
179227,187087,187155,68,7860
179227,187121,187155,34,7894
179227,187085,187155,70,7858
179227,187083,187155,72,7856
179227,187084,187157,73,7857
179227,187085,187159,74,7858
179227,187085,187159,74,7858
179227,187086,187160,74,7859
179227,187086,187161,75,7859
179227,187087,187161,74,7860
179227,187087,187163,76,7860
179227,187089,187163,74,7862
179227,187123,187163,40,7896
179227,187092,187164,72,7865
179227,187120,187163,43,7893
179227,187114,187165,51,7887
179227,187126,187165,39,7899
179227,187126,187166,40,7899
179227,187116,187166,50,7889
179227,187094,187166,72,7867
179227,187101,187167,66,7874
179227,187094,187169,75,7867
179227,187102,187170,68,7875
179227,187125,187170,45,7898
179227,187124,187172,48,7897
179227,187104,187172,68,7877
179227,187101,187172,71,7874
179227,187104,187172,68,7877
179227,187103,187172,69,7876
179227,187097,187173,76,7870
179227,187108,187174,66,7881
179227,187126,187174,48,7899
179227,187102,187175,73,7875
179227,187127,187176,49,7900
179227,187100,187175,75,7873
179227,187128,187177,49,7901
179227,187111,187177,66,7884
179227,187125,187179,54,7898
179227,187131,187182,51,7904
179227,187127,187183,56,7900
179227,187127,187184,57,7900
179227,187109,187185,76,7882
179227,187112,187186,74,7885
179227,187134,187187,53,7907
179227,187137,187190,53,7910
179227,187136,187193,57,7909
179227,187145,187196,51,7918
179227,187142,187198,56,7915
179227,187137,187198,61,7910
179227,187141,187200,59,7914
179227,187138,187200,62,7911
179227,187139,187204,65,7912
179227,187140,187205,65,7913
179227,187147,187205,58,7920
179227,187143,187206,63,7916
179227,187151,187208,57,7924
179227,187142,187209,67,7915
179227,187150,187210,60,7923
179227,187147,187213,66,7920
179227,187148,187216,68,7921
179227,187148,187218,70,7921
179227,187151,187220,69,7924
179227,187147,187221,74,7920
179227,187155,187221,66,7928
179227,187148,187222,74,7921
179227,187156,187224,68,7929
179227,187149,187224,75,7922
179227,187158,187226,68,7931
179227,187154,187226,72,7927
179227,187153,187226,73,7926
177804,185829,187227,1398,8025
179227,187152,187229,77,7925
179227,187151,187228,77,7924
179227,187152,187230,78,7925
179227,187154,187229,75,7927
179227,187167,187230,63,7940
179227,187156,187230,74,7929
179227,187155,187231,76,7928
179227,187155,187232,77,7928
179227,187163,187234,71,7936
179227,187160,187235,75,7933
179227,187156,187235,79,7929
179227,187159,187236,77,7932
179227,187163,187236,73,7936
179227,187161,187237,76,7934
179227,187164,187237,73,7937
179227,187152,187236,84,7925
179227,187160,187238,78,7933
179227,187166,187238,72,7939
179227,187166,187239,73,7939
179227,187164,187239,75,7937
179227,187166,187240,74,7939
179227,187164,187241,77,7937
179227,187165,187242,77,7938
179227,187171,187243,72,7944
179227,187162,187243,81,7935
179227,187171,187245,74,7944
179227,187177,187245,68,7950
179227,187172,187246,74,7945
179227,187178,187246,68,7951
179227,187175,187247,72,7948
179227,187172,187248,76,7945
179227,187173,187248,75,7946
179227,187174,187249,75,7947
179227,187169,187249,80,7942
179227,187173,187251,78,7946
179227,187179,187252,73,7952
179227,187176,187252,76,7949
179227,187176,187252,76,7949
179227,187186,187253,67,7959
179227,187184,187253,69,7957
179227,187168,187253,85,7941
179227,187184,187254,70,7957
179227,187183,187254,71,7956
179227,187173,187255,82,7946
179227,187176,187255,79,7949
179227,187190,187256,66,7963
179227,187172,187256,84,7945
179227,187187,187255,68,7960
179227,187187,187256,69,7960
179227,187194,187262,68,7967
179227,187198,187267,69,7971
179227,187196,187269,73,7969
179227,187204,187272,68,7977
179227,187202,187272,70,7975
179227,187200,187275,75,7973
179227,187207,187275,68,7980
179227,187205,187277,72,7978
179227,187210,187278,68,7983
179227,187198,187279,81,7971
179227,187209,187279,70,7982
179227,187206,187281,75,7979
179227,187210,187282,72,7983
179227,187219,187288,69,7992
179227,187214,187288,74,7987
179227,187223,187289,66,7996
179227,187217,187292,75,7990
179227,187226,187292,66,7999
179227,187229,187294,65,8002
179227,187221,187295,74,7994
179227,187228,187294,66,8001
179227,187220,187296,76,7993
179227,187226,187296,70,7999
179227,187221,187296,75,7994
179470,187232,187297,65,7762
179227,187230,187297,67,8003
179227,187225,187298,73,7998
179227,187225,187298,73,7998
179470,187238,187298,60,7768
179470,187236,187301,65,7766
179470,187236,187302,66,7766
179470,187233,187302,69,7763
179470,187237,187303,66,7767
179227,187227,187303,76,8000
179470,187236,187303,67,7766
179470,187235,187304,69,7765
179470,187237,187304,67,7767
179227,187230,187305,75,8003
179227,187230,187306,76,8003
179470,187248,187307,59,7778
179470,187240,187308,68,7770
179470,187248,187308,60,7778
179470,187243,187309,66,7773
179470,187240,187309,69,7770
179227,187229,187310,81,8002
179470,187237,187311,74,7767
179470,187252,187316,64,7782
179470,187250,187316,66,7780
179470,187246,187316,70,7776
179470,187245,187316,71,7775
179470,187249,187317,68,7779
179470,187238,187317,79,7768
179470,187241,187317,76,7771
179470,187248,187317,69,7778
179470,187250,187318,68,7780
179470,187240,187320,80,7770
179470,187252,187321,69,7782
179470,187244,187321,77,7774
179470,187251,187322,71,7781
179470,187255,187321,66,7785
179470,187249,187322,73,7779
179470,187237,187323,86,7767
179470,187253,187323,70,7783
179470,187244,187322,78,7774
179470,187256,187324,68,7786
179470,187253,187324,71,7783
179470,187254,187324,70,7784
179470,187255,187326,71,7785
179470,187262,187326,64,7792
179470,187257,187326,69,7787
179470,187256,187327,71,7786
179470,187255,187328,73,7785
179470,187256,187329,73,7786
179470,187253,187331,78,7783
179470,187255,187333,78,7785
179470,187268,187336,68,7798
179470,187272,187341,69,7802
179470,187276,187342,66,7806
179470,187279,187342,63,7809
179470,187269,187342,73,7799
179470,187272,187344,72,7802
179470,187278,187345,67,7808
179470,187279,187347,68,7809
179470,187276,187349,73,7806
179470,187282,187350,68,7812
179470,187289,187352,63,7819
179470,187282,187353,71,7812
179470,187297,187355,58,7827
179470,187295,187357,62,7825
179470,187288,187357,69,7818
179470,187289,187360,71,7819
179470,187298,187361,63,7828
179470,187297,187361,64,7827
179470,187293,187361,68,7823
179470,187292,187362,70,7822
179470,187303,187363,60,7833
179470,187296,187363,67,7826
179470,187277,187363,86,7807
179470,187302,187365,63,7832
179470,187295,187366,71,7825
179470,187297,187366,69,7827
179470,187295,187367,72,7825
179470,187303,187367,64,7833
179470,187309,187368,59,7839
179470,187298,187369,71,7828
179470,187304,187369,65,7834
179470,187304,187370,66,7834
179470,187305,187371,66,7835
179470,187299,187372,73,7829
179470,187304,187374,70,7834
179470,187310,187374,64,7840
179470,187303,187374,71,7833
179470,187303,187376,73,7833
179470,187308,187377,69,7838
179470,187298,187377,79,7828
179470,187307,187378,71,7837
179470,187308,187377,69,7838
179470,187312,187380,68,7842
179470,187318,187385,67,7848
179470,187318,187387,69,7848
179470,187309,187387,78,7839
179470,187316,187387,71,7846
179470,187316,187388,72,7846
179470,187311,187388,77,7841
179470,187322,187388,66,7852
179470,187316,187388,72,7846
179470,187350,187389,39,7880
179470,187354,187388,34,7884
179470,187317,187389,72,7847
179470,187349,187390,41,7879
179470,187323,187392,69,7853
179470,187317,187392,75,7847
179470,187318,187393,75,7848
179470,187318,187394,76,7848
179470,187325,187395,70,7855
179470,187321,187396,75,7851
179470,187325,187396,71,7855
179470,187352,187396,44,7882
179470,187355,187396,41,7885
179470,187327,187397,70,7857
179470,187323,187397,74,7853
179470,187358,187398,40,7888
179470,187322,187398,76,7852
179470,187325,187398,73,7855
179470,187326,187399,73,7856
179470,187322,187400,78,7852
179470,187329,187400,71,7859
179470,187357,187401,44,7887
179470,187327,187401,74,7857
179470,187323,187402,79,7853
179470,187330,187401,71,7860
179470,187331,187402,71,7861
179470,187361,187402,41,7891
179470,187321,187402,81,7851
179470,187334,187402,68,7864
179470,187347,187403,56,7877
179470,187323,187404,81,7853
179470,187328,187404,76,7858
179470,187346,187406,60,7876
179470,187361,187407,46,7891
179470,187337,187407,70,7867
179470,187342,187409,67,7872
179470,187360,187409,49,7890
179470,187361,187411,50,7891
179470,187343,187411,68,7873
179470,187363,187414,51,7893
179470,187362,187414,52,7892
179470,187343,187415,72,7873
179470,187366,187415,49,7896
179470,187341,187415,74,7871
179470,187345,187416,71,7875
179470,187365,187416,51,7895
179470,187364,187417,53,7894
179470,187364,187418,54,7894
179470,187368,187421,53,7898
179470,187371,187422,51,7901
179470,187369,187423,54,7899
179470,187367,187424,57,7897
179470,187372,187426,54,7902
179470,187369,187432,63,7899
179470,187375,187436,61,7905
179470,187367,187437,70,7897
179470,187378,187439,61,7908
179470,187370,187440,70,7900
179470,187378,187440,62,7908
179470,187378,187441,63,7908
179470,187375,187442,67,7905
179470,187388,187442,54,7918
179470,187372,187444,72,7902
179470,187375,187447,72,7905
179470,187377,187450,73,7907
179470,187388,187454,66,7918
179470,187377,187454,77,7907
179470,187385,187457,72,7915
179470,187396,187457,61,7926
179470,187380,187458,78,7910
179470,187388,187460,72,7918
179470,187389,187464,75,7919
179470,187389,187464,75,7919
179470,187390,187465,75,7920
179470,187392,187465,73,7922
179470,187394,187466,72,7924
179470,187394,187466,72,7924
179470,187388,187466,78,7918
179470,187389,187466,77,7919
179470,187390,187468,78,7920
179470,187397,187468,71,7927
179470,187388,187468,80,7918
179470,187388,187469,81,7918
179470,187396,187468,72,7926
179470,187402,187469,67,7932
179470,187401,187471,70,7931
179470,187402,187472,70,7932
179470,187399,187472,73,7929
179470,187396,187474,78,7926
179470,187397,187474,77,7927
179470,187403,187474,71,7933
179470,187402,187474,72,7932
179470,187403,187474,71,7933
179470,187392,187475,83,7922
179470,187399,187476,77,7929
179470,187397,187476,79,7927
179470,187402,187475,73,7932
179470,187408,187477,69,7938
179470,187400,187477,77,7930
179470,187398,187478,80,7928
179470,187403,187479,76,7933
179470,187401,187479,78,7931
179470,187413,187479,66,7943
179470,187407,187480,73,7937
179470,187399,187480,81,7929
179470,187403,187480,77,7933
179470,187410,187481,71,7940
179470,187403,187481,78,7933
179470,187418,187481,63,7948
179470,187405,187482,77,7935
179470,187405,187482,77,7935
179470,187410,187483,73,7940
179470,187418,187483,65,7948
179470,187412,187487,75,7942
179470,187416,187487,71,7946
179470,187417,187490,73,7947
179470,187421,187491,70,7951
179470,187408,187491,83,7938
179470,187415,187492,77,7945
179470,187415,187493,78,7945
179470,187415,187493,78,7945
179470,187416,187494,78,7946
179470,187416,187495,79,7946
179470,187424,187495,71,7954
179470,187423,187500,77,7953
179470,187423,187502,79,7953
179470,187438,187504,66,7968
179470,187440,187508,68,7970
179470,187426,187508,82,7956
179470,187442,187508,66,7972
179470,187440,187509,69,7970
178040,186058,187510,1452,8018
179470,187443,187513,70,7973
179470,187433,187513,80,7963
179470,187442,187518,76,7972
179470,187441,187519,78,7971
179470,187445,187519,74,7975
179470,187459,187521,62,7989
179470,187464,187524,60,7994
179470,187450,187525,75,7980
179470,187454,187525,71,7984
179470,187447,187526,79,7977
179470,187457,187526,69,7987
179470,187457,187526,69,7987
179470,187436,187528,92,7966
179652,187471,187533,62,7819
179470,187455,187533,78,7985
179652,187474,187534,60,7822
179470,187464,187535,71,7994
179470,187466,187535,69,7996
179470,187468,187536,68,7998
179652,187475,187536,61,7823
179652,187469,187538,69,7817
179470,187461,187539,78,7991
179470,187467,187539,72,7997
179470,187465,187529,64,7995
179652,187469,187538,69,7817
179652,187475,187539,64,7823
179470,187468,187540,72,7998
179652,187469,187541,72,7817
179652,187473,187542,69,7821
179652,187474,187543,69,7822
179470,187467,187544,77,7997
179470,187466,187543,77,7996
179652,187481,187544,63,7829
179652,187476,187545,69,7824
179652,187476,187545,69,7824
179652,187481,187545,64,7829
179652,187474,187546,72,7822
179652,187476,187547,71,7824
179652,187472,187549,77,7820
179652,187480,187548,68,7828
179652,187482,187549,67,7830
179470,187467,187549,82,7997
179652,187477,187549,72,7825
179652,187483,187551,68,7831
179652,187483,187552,69,7831
179652,187478,187552,74,7826
179652,187476,187552,76,7824
179652,187479,187554,75,7827
179652,187481,187553,72,7829
179652,187480,187554,74,7828
179652,187494,187554,60,7842
179652,187483,187555,72,7831
179652,187478,187555,77,7826
179652,187488,187556,68,7836
179652,187484,187555,71,7832
179652,187482,187556,74,7830
179652,187487,187559,72,7835
179652,187492,187560,68,7840
179652,187493,187561,68,7841
179652,187493,187562,69,7841
179652,187479,187562,83,7827
179652,187496,187564,68,7844
179652,187490,187566,76,7838
179652,187496,187568,72,7844
179652,187493,187568,75,7841
179652,187500,187570,70,7848
179652,187492,187570,78,7840
179652,187503,187571,68,7851
179652,187505,187572,67,7853
179652,187510,187574,64,7858
179652,187509,187574,65,7857
179652,187508,187577,69,7856
179652,187509,187579,70,7857
179652,187509,187581,72,7857
179652,187520,187582,62,7868
179652,187514,187583,69,7862
179652,187518,187588,70,7866
179652,187520,187589,69,7868
179652,187522,187590,68,7870
179652,187527,187590,63,7875
179652,187527,187592,65,7875
179652,187526,187592,66,7874
179652,187525,187593,68,7873
179652,187527,187598,71,7875
179652,187529,187597,68,7877
179652,187526,187600,74,7874
179652,187540,187601,61,7888
179652,187533,187601,68,7881
179652,187535,187604,69,7883
179652,187535,187606,71,7883
179652,187537,187606,69,7885
179652,187535,187606,71,7883
179652,187544,187607,63,7892
179652,187544,187608,64,7892
179652,187541,187608,67,7889
179652,187533,187609,76,7881
179652,187540,187609,69,7888
179652,187541,187611,70,7889
179652,187544,187610,66,7892
179652,187543,187611,68,7891
179652,187547,187611,64,7895
179652,187539,187612,73,7887
179652,187542,187613,71,7890
179652,187546,187613,67,7894
179652,187541,187613,72,7889
179652,187547,187613,66,7895
179652,187537,187613,76,7885
179652,187549,187614,65,7897
179652,187541,187614,73,7889
179652,187550,187618,68,7898
179652,187539,187619,80,7887
179652,187549,187618,69,7897
179652,187546,187619,73,7894
179652,187544,187620,76,7892
179652,187546,187619,73,7894
179652,187553,187620,67,7901
179652,187549,187620,71,7897
179652,187555,187622,67,7903
179652,187551,187623,72,7899
179652,187550,187622,72,7898
179652,187554,187624,70,7902
179652,187560,187625,65,7908
179652,187554,187626,72,7902
179652,187552,187626,74,7900
179652,187557,187627,70,7905
179652,187556,187627,71,7904
179652,187562,187629,67,7910
179652,187553,187629,76,7901
179652,187561,187629,68,7909
179652,187556,187630,74,7904
179652,187591,187631,40,7939
179652,187591,187632,41,7939
179652,187593,187633,40,7941
179652,187598,187634,36,7946
179652,187556,187634,78,7904
179652,187561,187634,73,7909
179652,187555,187634,79,7903
179652,187564,187634,70,7912
179652,187589,187634,45,7937
179652,187556,187634,78,7904
179652,187592,187635,43,7940
179652,187582,187635,53,7930
179652,187574,187638,64,7922
179652,187593,187638,45,7941
179652,187566,187639,73,7914
179652,187570,187640,70,7918
179652,187590,187640,50,7938
179652,187584,187641,57,7932
179652,187562,187642,80,7910
179652,187600,187642,42,7948
179652,187571,187643,72,7919
179652,187569,187643,74,7917
179652,187581,187644,63,7929
179652,187575,187644,69,7923
179652,187571,187644,73,7919
179652,187598,187645,47,7946
179652,187569,187648,79,7917
179652,187579,187649,70,7927
179652,187605,187652,47,7953
179652,187572,187653,81,7920
179652,187601,187656,55,7949
179652,187606,187656,50,7954
179652,187606,187657,51,7954
179652,187578,187657,79,7926
179652,187606,187659,53,7954
179652,187601,187660,59,7949
179652,187608,187661,53,7956
179652,187608,187663,55,7956
179652,187609,187662,53,7957
179652,187614,187668,54,7962
179652,187609,187669,60,7957
179652,187613,187669,56,7961
179652,187611,187672,61,7959
179652,187610,187675,65,7958
179652,187613,187676,63,7961
179652,187612,187677,65,7960
179652,187613,187677,64,7961
179652,187614,187679,65,7962
179652,187613,187680,67,7961
179652,187614,187680,66,7962
179652,187618,187681,63,7966
179652,187612,187682,70,7960
179652,187615,187682,67,7963
179652,187611,187683,72,7959
179652,187620,187686,66,7968
179652,187619,187686,67,7967
179652,187621,187690,69,7969
179652,187619,187691,72,7967
179652,187630,187693,63,7978
179652,187622,187694,72,7970
179652,187621,187695,74,7969
179652,187627,187697,70,7975
179652,187623,187699,76,7971
179652,187622,187700,78,7970
179652,187635,187701,66,7983
179652,187619,187700,81,7967
179652,187626,187701,75,7974
179652,187627,187702,75,7975
179652,187625,187703,78,7973
179652,187630,187702,72,7978
179652,187627,187703,76,7975
179652,187639,187704,65,7987
179652,187631,187705,74,7979
179652,187627,187706,79,7975
179652,187635,187706,71,7983
179652,187640,187707,67,7988
179652,187636,187707,71,7984
179652,187635,187706,71,7983
179652,187644,187707,63,7992
179652,187640,187708,68,7988
179652,187623,187707,84,7971
179652,187631,187708,77,7979
179652,187633,187708,75,7981
179652,187646,187709,63,7994
179652,187635,187711,76,7983
179652,187629,187712,83,7977
178341,186293,187713,1420,7952
179652,187635,187713,78,7983
179652,187633,187714,81,7981
179652,187635,187716,81,7983
179652,187643,187717,74,7991
179652,187635,187717,82,7983
179652,187641,187717,76,7989
179652,187658,187718,60,8006
179652,187643,187719,76,7991
179652,187645,187718,73,7993
179652,187639,187719,80,7987
179652,187642,187720,78,7990
179652,187648,187723,75,7996
179652,187658,187722,64,8006
179652,187645,187723,78,7993
179652,187644,187724,80,7992
179652,187653,187725,72,8001
179652,187654,187726,72,8002
179652,187636,187725,89,7984
179652,187645,187728,83,7993
179652,187650,187732,82,7998
179652,187661,187732,71,8009
179652,187656,187733,77,8004
179652,187660,187734,74,8008
179652,187657,187734,77,8005
179652,187663,187737,74,8011
179652,187662,187739,77,8010
179652,187663,187739,76,8011
179652,187672,187743,71,8020
179652,187670,187743,73,8018
179652,187670,187743,73,8018
179652,187669,187745,76,8017
179652,187678,187746,68,8026
179652,187681,187748,67,8029
179652,187675,187749,74,8023
179652,187684,187749,65,8032
179652,187682,187751,69,8030
179652,187682,187751,69,8030
179652,187677,187750,73,8025
179652,187680,187751,71,8028
179652,187678,187753,75,8026
179652,187686,187753,67,8034
179652,187690,187754,64,8038
179652,187680,187758,78,8028
179652,187683,187760,77,8031
179652,187695,187767,72,8043
179652,187703,187768,65,8051
179652,187697,187769,72,8045
179652,187701,187770,69,8049
179900,187704,187770,66,7804
179652,187701,187771,70,8049
179652,187693,187772,79,8041
179900,187709,187773,64,7809
179652,187695,187772,77,8043
179652,187702,187774,72,8050
179900,187708,187774,66,7808
179900,187707,187774,67,7807
179652,187687,187757,70,8035
179652,187692,187766,74,8040
179900,187708,187767,59,7808
179652,187699,187775,76,8047
179900,187707,187776,69,7807
179900,187712,187776,64,7812
179652,187701,187777,76,8049
179900,187706,187777,71,7806
179900,187707,187777,70,7807
179652,187703,187778,75,8051
179900,187707,187778,71,7807
179900,187710,187778,68,7810
179900,187719,187779,60,7819
179900,187707,187779,72,7807
179900,187708,187781,73,7808
179900,187718,187781,63,7818
179900,187708,187781,73,7808
179652,187701,187781,80,8049
179900,187714,187781,67,7814
179900,187714,187783,69,7814
179900,187717,187785,68,7817
179900,187717,187784,67,7817
179900,187721,187785,64,7821
179900,187724,187787,63,7824
179900,187719,187786,67,7819
179900,187716,187787,71,7816
179900,187723,187788,65,7823
179900,187714,187788,74,7814
179900,187720,187788,68,7820
179900,187712,187791,79,7812
179900,187725,187792,67,7825
179900,187719,187792,73,7819
179900,187723,187793,70,7823
179900,187726,187797,71,7826
179900,187727,187796,69,7827
179900,187733,187799,66,7833
179900,187729,187800,71,7829
179900,187723,187799,76,7823
179900,187733,187801,68,7833
179900,187733,187801,68,7833
179900,187740,187803,63,7840
179900,187734,187805,71,7834
179900,187738,187806,68,7838
179900,187743,187806,63,7843
179900,187734,187807,73,7834
179900,187740,187809,69,7840
179900,187743,187812,69,7843
179900,187748,187813,65,7848
179900,187746,187815,69,7846
179900,187751,187816,65,7851
179900,187747,187816,69,7847
179900,187744,187817,73,7844
179900,187751,187819,68,7851
179900,187750,187819,69,7850
179900,187753,187821,68,7853
179900,187754,187821,67,7854
179900,187755,187821,66,7855
179900,187751,187822,71,7851
179900,187767,187826,59,7867
179900,187750,187826,76,7850
179900,187760,187829,69,7860
179900,187759,187832,73,7859
179900,187769,187833,64,7869
179900,187772,187834,62,7872
179900,187771,187835,64,7871
179900,187775,187835,60,7875
179900,187770,187835,65,7870
179900,187776,187840,64,7876
179900,187776,187842,66,7876
179900,187772,187842,70,7872
179900,187776,187843,67,7876
179900,187781,187843,62,7881
179900,187778,187844,66,7878
179900,187776,187844,68,7876
179900,187776,187845,69,7876
179900,187775,187846,71,7875
179900,187780,187848,68,7880
179900,187781,187848,67,7881
179900,187771,187848,77,7871
179900,187773,187849,76,7873
179900,187779,187848,69,7879
179900,187778,187850,72,7878
179900,187787,187850,63,7887
179900,187785,187850,65,7885
179900,187778,187851,73,7878
179900,187775,187851,76,7875
179900,187779,187850,71,7879
179900,187773,187851,78,7873
179900,187783,187851,68,7883
179900,187778,187851,73,7878
179900,187782,187852,70,7882
179900,187777,187854,77,7877
179900,187782,187856,74,7882
179900,187789,187856,67,7889
179900,187789,187856,67,7889
179900,187782,187856,74,7882
179900,187823,187857,34,7923
179900,187776,187858,82,7876
179900,187785,187857,72,7885
179900,187780,187858,78,7880
179900,187822,187858,36,7922
179900,187785,187858,73,7885
179900,187788,187858,70,7888
179900,187793,187861,68,7893
179900,187789,187863,74,7889
179900,187827,187864,37,7927
179900,187821,187864,43,7921
179900,187791,187866,75,7891
179900,187787,187866,79,7887
179900,187821,187866,45,7921
179900,187793,187867,74,7893
179900,187793,187868,75,7893
179900,187797,187868,71,7897
179900,187820,187871,51,7920
179900,187833,187872,39,7933
179900,187801,187873,72,7901
179900,187806,187873,67,7906
179900,187802,187874,72,7902
179900,187800,187874,74,7900
179900,187829,187874,45,7929
179900,187797,187875,78,7897
179900,187799,187879,80,7899
179900,187800,187879,79,7900
179900,187807,187879,72,7907
179900,187833,187879,46,7933
179900,187803,187880,77,7903
179900,187836,187881,45,7936
179900,187835,187882,47,7935
179900,187814,187882,68,7914
179900,187836,187882,46,7936
179900,187815,187882,67,7915
179900,187817,187885,68,7917
179900,187808,187885,77,7908
179900,187810,187886,76,7910
179900,187827,187886,59,7927
179900,187820,187885,65,7920
179900,187806,187888,82,7906
179900,187818,187890,72,7918
179900,187813,187892,79,7913
179900,187817,187892,75,7917
179900,187843,187892,49,7943
179900,187842,187896,54,7942
179900,187835,187897,62,7935
179900,187842,187897,55,7942
179900,187840,187900,60,7940
179900,187843,187902,59,7943
179900,187845,187903,58,7945
179900,187849,187903,54,7949
179900,187849,187904,55,7949
179900,187847,187908,61,7947
178474,186532,187909,1377,8058
179900,187845,187909,64,7945
179900,187849,187910,61,7949
179900,187850,187912,62,7950
179900,187848,187914,66,7948
179900,187849,187916,67,7949
179900,187845,187916,71,7945
179900,187851,187919,68,7951
179900,187850,187920,70,7950
179900,187858,187923,65,7958
179900,187852,187923,71,7952
179900,187857,187925,68,7957
179900,187856,187926,70,7956
179900,187851,187927,76,7951
179900,187855,187929,74,7955
179900,187852,187930,78,7952
179900,187851,187931,80,7951
179900,187859,187932,73,7959
179900,187852,187933,81,7952
179900,187850,187933,83,7950
179900,187868,187934,66,7968
179900,187857,187934,77,7957
179900,187851,187935,84,7951
179900,187858,187935,77,7958
179900,187865,187935,70,7965
179900,187856,187935,79,7956
179900,187859,187936,77,7959
179900,187861,187935,74,7961
179900,187868,187935,67,7968
179900,187859,187937,78,7959
179900,187866,187938,72,7966
179900,187867,187939,72,7967
179900,187859,187938,79,7959
179900,187856,187940,84,7956
179900,187866,187942,76,7966
179900,187869,187943,74,7969
179900,187872,187944,72,7972
179900,187865,187944,79,7965
179900,187880,187946,66,7980
179900,187872,187949,77,7972
179900,187886,187950,64,7986
179900,187879,187951,72,7979
179900,187873,187952,79,7973
179900,187876,187951,75,7976
179900,187863,187952,89,7963
179900,187875,187952,77,7975
179900,187885,187954,69,7985
179900,187875,187954,79,7975
179900,187888,187954,66,7988
179900,187882,187955,73,7982
179900,187879,187956,77,7979
179900,187886,187956,70,7986
179900,187882,187957,75,7982
179900,187898,187958,60,7998
179900,187883,187959,76,7983
179900,187881,187960,79,7981
179900,187892,187960,68,7992
179900,187880,187961,81,7980
179900,187898,187961,63,7998
179900,187875,187961,86,7975
179900,187886,187961,75,7986
179900,187883,187965,82,7983
179900,187886,187966,80,7986
179900,187891,187967,76,7991
179900,187893,187966,73,7993
179900,187874,187968,94,7974
179900,187883,187969,86,7983
179900,187896,187971,75,7996
179900,187904,187975,71,8004
179900,187901,187976,75,8001
179900,187903,187977,74,8003
179900,187893,187977,84,7993
179900,187908,187978,70,8008
179900,187912,187979,67,8012
179900,187904,187980,76,8004
179900,187903,187985,82,8003
179900,187917,187986,69,8017
179900,187911,187986,75,8011
179900,187909,187987,78,8009
179900,187914,187987,73,8014
179900,187909,187988,79,8009
179900,187917,187989,72,8017
179900,187920,187989,69,8020
179900,187921,187991,70,8021
179900,187927,187991,64,8027
179900,187928,187992,64,8028
179900,187930,187994,64,8030
179900,187924,187995,71,8024
179900,187923,187997,74,8023
179900,187936,188000,64,8036
179900,187932,188000,68,8032
179900,187925,188000,75,8025
179900,187933,188002,69,8033
179900,187930,188002,72,8030
179900,187936,188003,67,8036
180136,187937,188003,66,7801
180136,187939,188006,67,7803
180136,187949,188006,57,7813
179900,187935,188007,72,8035
180136,187939,188008,69,7803
180136,187939,188008,69,7803
180136,187943,188008,65,7807
179900,187936,188010,74,8036
180136,187944,188009,65,7808
179900,187936,188009,73,8036
179900,187936,188010,74,8036
179900,187935,188010,75,8035
179900,187932,188011,79,8032
180136,187940,188012,72,7804
180136,187957,188015,58,7821
180136,187945,188015,70,7809
179900,187933,188015,82,8033
180136,187952,188018,66,7816
180136,187942,188018,76,7806
180136,187955,188018,63,7819
180136,187954,188020,66,7818
179900,187935,188021,86,8035
180136,187952,188022,70,7816
180136,187956,188022,66,7820
180136,187946,188022,76,7810
180136,187954,188023,69,7818
180136,187953,188025,72,7817
180136,187959,188025,66,7823
180136,187958,188026,68,7822
180136,187953,188027,74,7817
180136,187962,188027,65,7826
180136,187955,188027,72,7819
180136,187967,188028,61,7831
180136,187958,188028,70,7822
180136,187962,188030,68,7826
180136,187961,188030,69,7825
180136,187952,188031,79,7816
180136,187962,188031,69,7826
180136,187961,188032,71,7825
180136,187962,188032,70,7826
180136,187965,188033,68,7829
180136,187967,188034,67,7831
180136,187951,188035,84,7815
180136,187967,188036,69,7831
180136,187968,188037,69,7832
180136,187970,188037,67,7834
180136,187971,188039,68,7835
180136,187975,188042,67,7839
180136,187978,188047,69,7842
180136,187976,188048,72,7840
180136,187977,188048,71,7841
180136,187980,188049,69,7844
180136,187981,188049,68,7845
180136,187989,188055,66,7853
180136,187988,188055,67,7852
180136,187986,188059,73,7850
180136,187987,188061,74,7851
180136,187988,188062,74,7852
180136,187986,188062,76,7850
180136,187990,188062,72,7854
180136,187991,188064,73,7855
180136,187992,188065,73,7856
180136,187987,188065,78,7851
180136,187993,188064,71,7857
180136,188003,188065,62,7867
180136,187998,188065,67,7862
180136,188004,188066,62,7868
180136,188009,188068,59,7873
180136,188003,188068,65,7867
180136,187996,188069,73,7860
180136,188001,188070,69,7865
180136,188009,188071,62,7873
180136,188004,188072,68,7868
180136,188010,188072,62,7874
180136,188000,188072,72,7864
180136,188000,188073,73,7864
180136,187995,188073,78,7859
180136,188008,188073,65,7872
180136,188006,188073,67,7870
180136,188007,188077,70,7871
180136,188013,188077,64,7877
180136,188007,188078,71,7871
180136,188012,188078,66,7876
180136,188010,188079,69,7874
180136,188011,188080,69,7875
180136,188010,188080,70,7874
180136,188011,188081,70,7875
180136,188008,188082,74,7872
180136,188016,188082,66,7880
180136,188019,188083,64,7883
180136,188015,188083,68,7879
180136,188018,188087,69,7882
180136,188016,188089,73,7880
180136,188022,188089,67,7886
180136,188024,188090,66,7888
180136,188022,188090,68,7886
180136,188025,188093,68,7889
180136,188021,188093,72,7885
180136,188023,188093,70,7887
180136,188022,188094,72,7886
180136,188028,188095,67,7892
180136,188027,188095,68,7891
180136,188019,188095,76,7883
180136,188026,188096,70,7890
180136,188029,188096,67,7893
180136,188027,188097,70,7891
180136,188031,188098,67,7895
180136,188028,188100,72,7892
180136,188028,188101,73,7892
180136,188065,188101,36,7929
180136,188032,188102,70,7896
180136,188065,188103,38,7929
180136,188034,188103,69,7898
180136,188032,188103,71,7896
180136,188032,188103,71,7896
180136,188066,188105,39,7930
180136,188065,188105,40,7929
180136,188032,188106,74,7896
180136,188034,188107,73,7898
180136,188038,188107,69,7902
180136,188066,188107,41,7930
180136,188068,188108,40,7932
180136,188063,188108,45,7927
180136,188036,188108,72,7900
180136,188065,188109,44,7929
180136,188030,188109,79,7894
180136,188068,188110,42,7932
180136,188037,188112,75,7901
180136,188035,188112,77,7899
180136,188050,188115,65,7914
180136,188064,188115,51,7928
180136,188070,188115,45,7934
180136,188071,188115,44,7935
180136,188039,188116,77,7903
180136,188042,188117,75,7906
180136,188049,188119,70,7913
180136,188072,188120,48,7936
180136,188072,188120,48,7936
180136,188049,188120,71,7913
180136,188047,188121,74,7911
180136,188069,188123,54,7933
180136,188059,188123,64,7923
180136,188055,188123,68,7919
180136,188055,188124,69,7919
180136,188073,188125,52,7937
180136,188049,188128,79,7913
180136,188077,188129,52,7941
180136,188073,188130,57,7937
180136,188073,188130,57,7937
180136,188074,188131,57,7938
180136,188063,188131,68,7927
180136,188061,188134,73,7925
180136,188078,188136,58,7942
180136,188062,188136,74,7926
180136,188082,188137,55,7946
180136,188078,188137,59,7942
180136,188074,188138,64,7938
180136,188082,188147,65,7946
180136,188079,188150,71,7943
180136,188080,188151,71,7944
180136,188080,188151,71,7944
180136,188088,188152,64,7952
180136,188083,188153,70,7947
180136,188089,188154,65,7953
180136,188094,188155,61,7958
180136,188083,188156,73,7947
180136,188090,188157,67,7954
180136,188081,188158,77,7945
180136,188095,188161,66,7959
180136,188093,188162,69,7957
180136,188081,188161,80,7945
180136,188090,188163,73,7954
180136,188093,188165,72,7957
180136,188097,188168,71,7961
180136,188097,188168,71,7961
180136,188098,188169,71,7962
180136,188090,188169,79,7954
180136,188095,188169,74,7959
180136,188103,188172,69,7967
180136,188096,188173,77,7960
180136,188095,188174,79,7959
180136,188107,188176,69,7971
178734,186765,188177,1412,8031
180136,188101,188177,76,7965
180136,188102,188177,75,7966
180136,188101,188180,79,7965
180136,188096,188182,86,7960
180136,188103,188182,79,7967
180136,188107,188182,75,7971
180136,188108,188183,75,7972
180136,188106,188183,77,7970
180136,188116,188185,69,7980
180136,188107,188184,77,7971
180136,188109,188184,75,7973
180136,188110,188184,74,7974
180136,188104,188185,81,7968
180136,188104,188184,80,7968
180136,188105,188185,80,7969
180136,188111,188187,76,7975
180136,188120,188187,67,7984
180136,188112,188188,76,7976
180136,188110,188189,79,7974
180136,188113,188190,77,7977
180136,188108,188191,83,7972
180136,188104,188191,87,7968
180136,188116,188192,76,7980
180136,188116,188192,76,7980
180136,188118,188192,74,7982
180136,188121,188194,73,7985
180136,188122,188194,72,7986
180136,188116,188194,78,7980
180136,188110,188195,85,7974
180136,188123,188196,73,7987
180136,188125,188197,72,7989
180136,188116,188197,81,7980
180136,188126,188199,73,7990
180136,188124,188201,77,7988
180136,188121,188200,79,7985
180136,188129,188201,72,7993
180136,188120,188202,82,7984
180136,188124,188202,78,7988
180136,188130,188202,72,7994
180136,188137,188203,66,8001
180136,188139,188204,65,8003
180136,188138,188206,68,8002
180136,188130,188207,77,7994
180136,188138,188207,69,8002
180136,188132,188208,76,7996
180136,188130,188207,77,7994
180136,188132,188208,76,7996
180136,188136,188210,74,8000
180136,188135,188213,78,7999
180136,188150,188216,66,8014
180136,188155,188219,64,8019
180136,188152,188220,68,8016
180136,188148,188221,73,8012
180136,188154,188223,69,8018
180136,188152,188225,73,8016
180136,188161,188225,64,8025
180136,188152,188224,72,8016
180136,188158,188226,68,8022
180136,188158,188227,69,8022
180136,188168,188227,59,8032
180136,188162,188230,68,8026
180136,188156,188231,75,8020
180136,188163,188233,70,8027
180136,188165,188234,69,8029
180136,188156,188234,78,8020
180136,188170,188236,66,8034
180136,188162,188238,76,8026
180136,188169,188239,70,8033
180136,188173,188242,69,8037
180136,188177,188243,66,8041
180136,188168,188243,75,8032
180136,188175,188235,60,8039
180136,188170,188246,76,8034
180341,188187,188246,59,7846
180341,188185,188247,62,7844
180341,188185,188247,62,7844
180341,188180,188249,69,7839
180136,188173,188250,77,8037
180341,188185,188250,65,7844
180341,188183,188251,68,7842
180136,188176,188251,75,8040
180341,188183,188252,69,7842
180341,188183,188253,70,7842
180341,188188,188253,65,7847
180341,188185,188254,69,7844
180341,188182,188255,73,7841
180136,188177,188256,79,8041
180341,188182,188257,75,7841
180341,188193,188257,64,7852
180341,188188,188257,69,7847
180341,188192,188257,65,7851
180341,188185,188259,74,7844
180341,188190,188259,69,7849
180341,188191,188259,68,7850
180341,188192,188261,69,7851
180341,188189,188261,72,7848
180341,188186,188261,75,7845
180341,188201,188262,61,7860
180341,188195,188263,68,7854
180341,188194,188263,69,7853
180341,188185,188264,79,7844
180341,188195,188264,69,7854
180341,188193,188266,73,7852
180341,188197,188265,68,7856
180341,188201,188266,65,7860
180341,188195,188266,71,7854
180341,188196,188268,72,7855
180341,188208,188267,59,7867
180341,188200,188269,69,7859
180341,188202,188269,67,7861
180341,188197,188272,75,7856
180341,188202,188274,72,7861
180341,188204,188273,69,7863
180341,188203,188273,70,7862
180341,188205,188276,71,7864
180341,188208,188278,70,7867
180341,188206,188277,71,7865
180341,188208,188279,71,7867
180341,188203,188280,77,7862
180341,188209,188281,72,7868
180341,188210,188283,73,7869
180341,188207,188283,76,7866
180341,188217,188286,69,7876
180341,188221,188286,65,7880
180341,188220,188288,68,7879
180341,188227,188290,63,7886
180341,188226,188290,64,7885
180341,188234,188291,57,7893
180341,188214,188293,79,7873
180341,188225,188295,70,7884
180341,188228,188295,67,7887
180341,188221,188295,74,7880
180341,188225,188296,71,7884
180341,188225,188297,72,7884
180341,188235,188299,64,7894
180341,188232,188300,68,7891
180341,188231,188300,69,7890
180341,188236,188303,67,7895
180341,188240,188303,63,7899
180341,188235,188303,68,7894
180341,188238,188303,65,7897
180341,188244,188309,65,7903
180341,188247,188311,64,7906
180341,188247,188311,64,7906
180341,188243,188314,71,7902
180341,188248,188316,68,7907
180341,188252,188318,66,7911
180341,188247,188317,70,7906
180341,188247,188318,71,7906
180341,188244,188318,74,7903
180341,188247,188319,72,7906
180341,188253,188320,67,7912
180341,188256,188320,64,7915
180341,188251,188323,72,7910
180341,188252,188323,71,7911
180341,188253,188323,70,7912
180341,188254,188323,69,7913
180341,188257,188325,68,7916
180341,188258,188326,68,7917
180341,188262,188326,64,7921
180341,188258,188327,69,7917
180341,188250,188327,77,7909
180341,188260,188327,67,7919
180341,188257,188328,71,7916
180341,188251,188329,78,7910
180341,188254,188330,76,7913
180341,188297,188331,34,7956
180341,188260,188331,71,7919
180341,188258,188332,74,7917
180341,188262,188332,70,7921
180341,188264,188333,69,7923
180341,188266,188333,67,7925
180341,188295,188333,38,7954
180341,188268,188333,65,7927
180341,188296,188335,39,7955
180341,188266,188335,69,7925
180341,188260,188335,75,7919
180341,188263,188336,73,7922
180341,188261,188336,75,7920
180341,188267,188337,70,7926
180341,188265,188336,71,7924
180341,188268,188337,69,7927
180341,188267,188338,71,7926
180341,188295,188337,42,7954
180341,188265,188338,73,7924
180341,188270,188339,69,7929
180341,188293,188340,47,7952
180341,188263,188341,78,7922
180341,188269,188341,72,7928
180341,188298,188341,43,7957
180341,188299,188343,44,7958
180341,188291,188344,53,7950
180341,188276,188345,69,7935
180341,188300,188345,45,7959
180341,188291,188345,54,7950
180341,188278,188346,68,7937
180341,188274,188347,73,7933
180341,188274,188347,73,7933
180341,188301,188348,47,7960
180341,188273,188348,75,7932
180341,188303,188349,46,7962
180341,188284,188350,66,7943
180341,188279,188351,72,7938
180341,188282,188351,69,7941
180341,188274,188352,78,7933
180341,188304,188353,49,7963
180341,188290,188352,62,7949
180341,188278,188354,76,7937
180341,188311,188355,44,7970
180341,188286,188355,69,7945
180341,188304,188355,51,7963
180341,188283,188355,72,7942
180341,188289,188356,67,7948
180341,188281,188357,76,7940
180341,188304,188357,53,7963
180341,188311,188358,47,7970
180341,188287,188360,73,7946
180341,188309,188360,51,7968
180341,188314,188367,53,7973
180341,188318,188370,52,7977
180341,188316,188370,54,7975
180341,188321,188375,54,7980
180341,188319,188378,59,7978
180341,188318,188383,65,7977
180341,188320,188382,62,7979
180341,188323,188384,61,7982
180341,188326,188386,60,7985
180341,188323,188388,65,7982
180341,188327,188389,62,7986
180341,188324,188392,68,7983
180341,188321,188392,71,7980
180341,188326,188393,67,7985
180341,188328,188394,66,7987
180341,188318,188396,78,7977
180341,188328,188396,68,7987
180341,188324,188397,73,7983
180341,188329,188403,74,7988
178977,186999,188405,1406,8022
180341,188328,188405,77,7987
180341,188327,188405,78,7986
180341,188331,188406,75,7990
180341,188333,188406,73,7992
180341,188333,188407,74,7992
180341,188333,188408,75,7992
180341,188336,188407,71,7995
180341,188334,188409,75,7993
180341,188338,188408,70,7997
180341,188336,188409,73,7995
180341,188335,188410,75,7994
180341,188331,188410,79,7990
180341,188332,188411,79,7991
180341,188335,188412,77,7994
180341,188338,188412,74,7997
180341,188341,188412,71,8000
180341,188338,188412,74,7997
180341,188338,188413,75,7997
180341,188341,188414,73,8000
180341,188338,188415,77,7997
180341,188339,188415,76,7998
180341,188348,188415,67,8007
180341,188343,188415,72,8002
180341,188341,188418,77,8000
180341,188331,188418,87,7990
180341,188339,188418,79,7998
180341,188356,188418,62,8015
180341,188341,188419,78,8000
180341,188346,188419,73,8005
180341,188333,188420,87,7992
180341,188347,188420,73,8006
180341,188337,188420,83,7996
180341,188351,188420,69,8010
180341,188346,188420,74,8005
180341,188348,188421,73,8007
180341,188348,188422,74,8007
180341,188353,188422,69,8012
180341,188355,188423,68,8014
180341,188345,188425,80,8004
180341,188353,188425,72,8012
180341,188349,188426,77,8008
180341,188353,188427,74,8012
180341,188358,188427,69,8017
180341,188359,188427,68,8018
180341,188350,188428,78,8009
180341,188344,188431,87,8003
180341,188356,188431,75,8015
180341,188351,188432,81,8010
180341,188355,188433,78,8014
180341,188361,188433,72,8020
180341,188350,188433,83,8009
180341,188355,188433,78,8014
180341,188360,188437,77,8019
180341,188358,188436,78,8017
180341,188356,188438,82,8015
180341,188371,188440,69,8030
180341,188371,188440,69,8030
180341,188368,188445,77,8027
180341,188376,188445,69,8035
180341,188379,188446,67,8038
180341,188384,188453,69,8043
180341,188383,188455,72,8042
180341,188386,188457,71,8045
180341,188383,188462,79,8042
180341,188396,188465,69,8055
180341,188405,188466,61,8064
180341,188389,188467,78,8048
180341,188393,188469,76,8052
180341,188393,188470,77,8052
180341,188394,188471,77,8053
180341,188388,188474,86,8047
180341,188397,188474,77,8056
180341,188398,188474,76,8057
180341,188394,188474,80,8053
180341,188409,188475,66,8068
180578,188415,188475,60,7837
180341,188408,188475,67,8067
180341,188406,188476,70,8065
180341,188407,188476,69,8066
180341,188410,188479,69,8069
180578,188413,188479,66,7835
180578,188418,188479,61,7840
180578,188416,188479,63,7838
180578,188413,188480,67,7835
180341,188406,188480,74,8065
180341,188404,188481,77,8063
180341,188409,188483,74,8068
180578,188415,188482,67,7837
180341,188408,188483,75,8067
180341,188406,188484,78,8065
180341,188412,188484,72,8071
180578,188419,188485,66,7841
180578,188420,188485,65,7842
180578,188423,188486,63,7845
180578,188420,188486,66,7842
180578,188424,188487,63,7846
180341,188411,188487,76,8070
180578,188419,188487,68,7841
180341,188412,188487,75,8071
180578,188416,188488,72,7838
180578,188420,188488,68,7842
180578,188420,188489,69,7842
180578,188426,188490,64,7848
180578,188426,188490,64,7848
180578,188419,188490,71,7841
180578,188414,188490,76,7836
180341,188406,188490,84,8065
180578,188421,188492,71,7843
180578,188419,188493,74,7841
180578,188421,188492,71,7843
180578,188416,188493,77,7838
180578,188429,188494,65,7851
180341,188411,188494,83,8070
180578,188421,188496,75,7843
180578,188427,188496,69,7849
180578,188432,188497,65,7854
180578,188426,188497,71,7848
180578,188428,188497,69,7850
180578,188433,188499,66,7855
180578,188434,188499,65,7856
180578,188437,188500,63,7859
180578,188440,188501,61,7862
180578,188422,188503,81,7844
180578,188433,188503,70,7855
180578,188428,188503,75,7850
180578,188433,188503,70,7855
180578,188432,188504,72,7854
180578,188434,188506,72,7856
180578,188437,188508,71,7859
180578,188447,188507,60,7869
180578,188439,188511,72,7861
180578,188445,188511,66,7867
180578,188441,188512,71,7863
180578,188446,188515,69,7868
180578,188454,188522,68,7876
180578,188455,188523,68,7877
180578,188457,188532,75,7879
180578,188466,188533,67,7888
180578,188468,188537,69,7890
180578,188471,188538,67,7893
180578,188463,188539,76,7885
180578,188480,188539,59,7902
180578,188475,188540,65,7897
180578,188470,188540,70,7892
180578,188479,188541,62,7901
180578,188467,188542,75,7889
180578,188476,188541,65,7898
180578,188474,188541,67,7896
180578,188476,188542,66,7898
180578,188480,188542,62,7902
180578,188481,188542,61,7903
180578,188483,188545,62,7905
180578,188483,188546,63,7905
180578,188486,188547,61,7908
180578,188474,188547,73,7896
180578,188474,188547,73,7896
180578,188486,188549,63,7908
180578,188483,188549,66,7905
180578,188479,188549,70,7901
180578,188479,188550,71,7901
180578,188471,188549,78,7893
180578,188475,188550,75,7897
180578,188484,188551,67,7906
180578,188486,188551,65,7908
180578,188484,188552,68,7906
180578,188481,188551,70,7903
180578,188475,188554,79,7897
180578,188487,188556,69,7909
180578,188488,188558,70,7910
180578,188485,188558,73,7907
180578,188491,188559,68,7913
180578,188487,188561,74,7909
180578,188491,188561,70,7913
180578,188489,188561,72,7911
180578,188489,188562,73,7911
180578,188492,188562,70,7914
180578,188487,188563,76,7909
180578,188494,188563,69,7916
180578,188490,188564,74,7912
180578,188493,188564,71,7915
180578,188494,188565,71,7916
180578,188497,188566,69,7919
180578,188488,188566,78,7910
180578,188493,188568,75,7915
180578,188497,188567,70,7919
180578,188491,188567,76,7913
180578,188489,188568,79,7911
180578,188494,188568,74,7916
180578,188497,188568,71,7919
180578,188490,188570,80,7912
180578,188499,188570,71,7921
180578,188504,188572,68,7926
180578,188500,188572,72,7922
180578,188498,188573,75,7920
180578,188500,188573,73,7922
180578,188504,188573,69,7926
180578,188498,188574,76,7920
180578,188502,188575,73,7924
180578,188507,188577,70,7929
180578,188508,188576,68,7930
180578,188541,188577,36,7963
180578,188540,188578,38,7962
180578,188508,188579,71,7930
180578,188504,188579,75,7926
180578,188503,188579,76,7925
180578,188503,188580,77,7925
180578,188541,188581,40,7963
180578,188540,188581,41,7962
180578,188542,188583,41,7964
180578,188542,188582,40,7964
180578,188512,188584,72,7934
180578,188511,188583,72,7933
180578,188511,188584,73,7933
180578,188542,188585,43,7964
180578,188539,188588,49,7961
180578,188543,188588,45,7965
180578,188522,188590,68,7944
180578,188543,188593,50,7965
180578,188546,188594,48,7968
180578,188543,188594,51,7965
180578,188516,188595,79,7938
180578,188538,188595,57,7960
180578,188548,188596,48,7970
180578,188524,188597,73,7946
180578,188547,188597,50,7969
180578,188547,188599,52,7969
180578,188549,188600,51,7971
180578,188533,188600,67,7955
180578,188546,188601,55,7968
180578,188550,188601,51,7972
180578,188550,188602,52,7972
180578,188537,188603,66,7959
180578,188533,188605,72,7955
180578,188552,188606,54,7974
180578,188551,188607,56,7973
180578,188552,188609,57,7974
179230,187230,188609,1379,8000
180578,188550,188608,58,7972
180578,188559,188610,51,7981
180578,188552,188611,59,7974
180578,188549,188615,66,7971
180578,188552,188618,66,7974
180578,188558,188618,60,7980
180578,188561,188621,60,7983
180578,188554,188623,69,7976
180578,188557,188624,67,7979
180578,188562,188625,63,7984
180578,188560,188626,66,7982
180578,188562,188628,66,7984
180578,188561,188629,68,7983
180578,188565,188630,65,7987
180578,188568,188637,69,7990
180578,188563,188638,75,7985
180578,188564,188639,75,7986
180578,188568,188640,72,7990
180578,188568,188640,72,7990
180578,188567,188641,74,7989
180578,188564,188642,78,7986
180578,188565,188643,78,7987
180578,188579,188644,65,8001
180578,188568,188644,76,7990
180578,188566,188645,79,7988
180578,188574,188646,72,7996
180578,188571,188646,75,7993
180578,188570,188646,76,7992
180578,188568,188646,78,7990
180578,188569,188647,78,7991
180578,188577,188647,70,7999
180578,188566,188648,82,7988
180578,188577,188649,72,7999
180578,188576,188650,74,7998
180578,188573,188651,78,7995
180578,188572,188651,79,7994
180578,188581,188651,70,8003
180578,188573,188651,78,7995
180578,188582,188653,71,8004
180578,188583,188653,70,8005
180578,188577,188656,79,7999
180578,188584,188656,72,8006
180578,188573,188657,84,7995
180578,188574,188657,83,7996
180578,188579,188657,78,8001
180578,188583,188660,77,8005
180578,188589,188660,71,8011
180578,188581,188661,80,8003
180578,188594,188662,68,8016
180578,188580,188663,83,8002
180578,188591,188663,72,8013
180578,188579,188667,88,8001
180578,188584,188667,83,8006
180578,188606,188668,62,8028
180578,188586,188668,82,8008
180578,188601,188668,67,8023
180578,188589,188669,80,8011
180578,188593,188670,77,8015
180578,188595,188669,74,8017
180578,188594,188670,76,8016
180578,188584,188670,86,8006
180578,188600,188671,71,8022
180578,188598,188671,73,8020
180578,188600,188673,73,8022
180578,188598,188674,76,8020
180578,188611,188675,64,8033
180578,188603,188676,73,8025
180578,188606,188675,69,8028
180578,188596,188676,80,8018
180578,188601,188677,76,8023
180578,188595,188677,82,8017
180578,188602,188679,77,8024
180578,188610,188682,72,8032
180578,188607,188684,77,8029
180578,188610,188684,74,8032
180578,188603,188686,83,8025
180578,188611,188690,79,8033
180578,188619,188690,71,8041
180578,188621,188691,70,8043
180578,188609,188692,83,8031
180578,188624,188693,69,8046
180578,188618,188694,76,8040
180578,188623,188695,72,8045
180578,188616,188695,79,8038
180578,188627,188701,74,8049
180578,188628,188702,74,8050
180578,188630,188702,72,8052
180578,188627,188704,77,8049
180578,188638,188704,66,8060
180578,188640,188707,67,8062
180578,188630,188708,78,8052
180578,188641,188710,69,8063
180578,188646,188712,66,8068
180820,188647,188712,65,7827
180820,188652,188713,61,7832
180820,188647,188714,67,7827
180820,188654,188715,61,7834
180578,188646,188715,69,8068
180820,188649,188715,66,7829
180820,188656,188716,60,7836
180578,188640,188717,77,8062
180578,188645,188716,71,8067
180578,188646,188718,72,8068
180820,188651,188718,67,7831
180578,188646,188719,73,8068
180820,188656,188719,63,7836
180578,188642,188719,77,8064
180578,188641,188721,80,8063
180820,188653,188721,68,7833
180820,188658,188721,63,7838
180578,188643,188722,79,8065
180820,188652,188722,70,7832
180820,188649,188721,72,7829
180820,188657,188722,65,7837
180578,188638,188722,84,8060
180820,188652,188722,70,7832
180820,188662,188725,63,7842
180820,188663,188725,62,7843
180578,188645,188727,82,8067
180820,188652,188729,77,7832
180820,188661,188730,69,7841
180820,188658,188731,73,7838
180820,188668,188734,66,7848
180820,188668,188734,66,7848
180820,188670,188736,66,7850
180820,188661,188736,75,7841
180820,188663,188737,74,7843
180820,188668,188737,69,7848
180820,188669,188740,71,7849
180820,188663,188741,78,7843
180820,188675,188741,66,7855
180820,188670,188741,71,7850
180820,188667,188741,74,7847
180820,188671,188741,70,7851
180820,188672,188742,70,7852
180820,188678,188742,64,7858
180820,188672,188744,72,7852
180820,188676,188744,68,7856
180820,188670,188746,76,7850
180820,188671,188748,77,7851
180820,188674,188748,74,7854
180820,188677,188750,73,7857
180820,188676,188750,74,7856
180820,188674,188751,77,7854
180820,188683,188752,69,7863
180820,188678,188753,75,7858
180820,188685,188756,71,7865
180820,188692,188756,64,7872
180820,188680,188758,78,7860
180820,188685,188757,72,7865
180820,188687,188758,71,7867
180820,188690,188760,70,7870
180820,188692,188760,68,7872
180820,188695,188760,65,7875
180820,188693,188761,68,7873
180820,188696,188763,67,7876
180820,188691,188765,74,7871
180820,188705,188766,61,7885
180820,188696,188767,71,7876
180820,188701,188769,68,7881
180820,188703,188772,69,7883
180820,188703,188772,69,7883
180820,188704,188774,70,7884
180820,188711,188775,64,7891
180820,188713,188776,63,7893
180820,188707,188779,72,7887
180820,188713,188780,67,7893
180820,188708,188781,73,7888
180820,188722,188782,60,7902
180820,188721,188784,63,7901
180820,188718,188784,66,7898
180820,188721,188785,64,7901
180820,188720,188787,67,7900
180820,188715,188787,72,7895
180820,188713,188787,74,7893
180820,188716,188788,72,7896
180820,188715,188790,75,7895
180820,188717,188790,73,7897
180820,188718,188791,73,7898
180820,188723,188790,67,7903
180820,188717,188791,74,7897
180820,188719,188791,72,7899
180820,188722,188792,70,7902
180820,188716,188792,76,7896
180820,188722,188792,70,7902
180820,188720,188794,74,7900
180820,188721,188795,74,7901
180820,188728,188796,68,7908
180820,188723,188797,74,7903
180820,188716,188797,81,7896
180820,188726,188798,72,7906
180820,188722,188798,76,7902
180820,188730,188798,68,7910
180820,188725,188800,75,7905
180820,188738,188801,63,7918
180820,188767,188802,35,7947
180820,188731,188803,72,7911
180820,188735,188804,69,7915
180820,188770,188806,36,7950
180820,188737,188806,69,7917
180820,188768,188806,38,7948
180820,188738,188807,69,7918
180820,188729,188807,78,7909
180820,188741,188807,66,7921
180820,188742,188808,66,7922
180820,188742,188809,67,7922
180820,188736,188809,73,7916
180820,188766,188810,44,7946
180820,188735,188810,75,7915
180820,188741,188810,69,7921
180820,188775,188811,36,7955
180820,188743,188812,69,7923
180820,188763,188812,49,7943
180820,188741,188814,73,7921
180820,188773,188814,41,7953
180820,188742,188814,72,7922
180820,188743,188815,72,7923
180820,188762,188817,55,7942
180820,188745,188816,71,7925
180820,188748,188817,69,7928
180820,188772,188817,45,7952
180820,188748,188817,69,7928
180820,188746,188820,74,7926
180820,188751,188820,69,7931
180820,188747,188821,74,7927
180820,188751,188821,70,7931
180820,188761,188823,62,7941
180820,188783,188823,40,7963
180820,188753,188823,70,7933
180820,188775,188824,49,7955
180820,188761,188825,64,7941
180820,188754,188826,72,7934
180820,188761,188826,65,7941
180820,188758,188826,68,7938
180820,188776,188827,51,7956
180820,188779,188827,48,7959
180820,188758,188827,69,7938
180820,188756,188827,71,7936
180820,188750,188829,79,7930
180820,188785,188829,44,7965
180820,188756,188830,74,7936
180820,188784,188831,47,7964
180820,188781,188830,49,7961
180820,188758,188837,79,7938
180820,188785,188838,53,7965
180820,188780,188838,58,7960
180820,188792,188841,49,7972
180820,188791,188844,53,7971
180820,188790,188846,56,7970
180820,188792,188846,54,7972
180820,188787,188847,60,7967
180820,188793,188850,57,7973
180820,188789,188850,61,7969
180820,188788,188850,62,7968
180820,188791,188851,60,7971
180820,188793,188851,58,7973
180820,188788,188854,66,7968
180820,188793,188855,62,7973
180820,188796,188855,59,7976
179473,187468,188856,1388,7995
180820,188795,188861,66,7975
180820,188791,188864,73,7971
180820,188799,188866,67,7979
180820,188797,188871,74,7977
180820,188796,188871,75,7976
180820,188799,188871,72,7979
180820,188798,188872,74,7978
180820,188798,188876,78,7978
180820,188802,188876,74,7982
180820,188801,188877,76,7981
180820,188802,188878,76,7982
180820,188803,188879,76,7983
180820,188807,188880,73,7987
180820,188808,188883,75,7988
180820,188805,188884,79,7985
180820,188809,188885,76,7989
180820,188806,188886,80,7986
180820,188810,188886,76,7990
180820,188806,188887,81,7986
180820,188810,188887,77,7990
180820,188808,188888,80,7988
180820,188815,188888,73,7995
180820,188812,188888,76,7992
180820,188816,188888,72,7996
180820,188817,188889,72,7997
180820,188817,188889,72,7997
180820,188820,188889,69,8000
180820,188814,188891,77,7994
180820,188813,188890,77,7993
180820,188811,188891,80,7991
180820,188828,188891,63,8008
180820,188818,188891,73,7998
180820,188811,188892,81,7991
180820,188813,188892,79,7993
180820,188808,188893,85,7988
180820,188818,188894,76,7998
180820,188821,188894,73,8001
180820,188821,188895,74,8001
180820,188829,188895,66,8009
180820,188814,188895,81,7994
180820,188810,188895,85,7990
180820,188818,188895,77,7998
180820,188823,188898,75,8003
180820,188828,188899,71,8008
180820,188829,188899,70,8009
180820,188823,188900,77,8003
180820,188827,188904,77,8007
180820,188824,188904,80,8004
180820,188821,188904,83,8001
180820,188828,188905,77,8008
180820,188827,188905,78,8007
180820,188825,188905,80,8005
180820,188825,188905,80,8005
180820,188838,188906,68,8018
180820,188826,188906,80,8006
180820,188830,188907,77,8010
180820,188831,188907,76,8011
180820,188831,188910,79,8011
180820,188838,188911,73,8018
180820,188839,188911,72,8019
180820,188841,188911,70,8021
180820,188828,188912,84,8008
180820,188844,188914,70,8024
180820,188856,188915,59,8036
180820,188847,188916,69,8027
180820,188850,188916,66,8030
180820,188848,188917,69,8028
180820,188847,188918,71,8027
180820,188850,188921,71,8030
180820,188851,188925,74,8031
180820,188852,188926,74,8032
180820,188850,188926,76,8030
180820,188856,188926,70,8036
180820,188867,188928,61,8047
180820,188854,188929,75,8034
180820,188856,188930,74,8036
180820,188861,188933,72,8041
180820,188864,188939,75,8044
180820,188872,188943,71,8052
180820,188880,188944,64,8060
180820,188871,188944,73,8051
180820,188880,188946,66,8060
180820,188873,188948,75,8053
180820,188877,188948,71,8057
180820,188876,188949,73,8056
180820,188877,188950,73,8057
181033,188888,188950,62,7855
180820,188885,188951,66,8065
180820,188871,188952,81,8051
181033,188889,188954,65,7856
180820,188878,188954,76,8058
180820,188886,188954,68,8066
180820,188886,188955,69,8066
181033,188890,188956,66,7857
181033,188893,188957,64,7860
180820,188884,188957,73,8064
181033,188889,188957,68,7856
181033,188896,188959,63,7863
181033,188896,188958,62,7863
181033,188892,188961,69,7859
181033,188894,188961,67,7861
181033,188893,188963,70,7860
180820,188888,188962,74,8068
181033,188892,188963,71,7859
181033,188890,188964,74,7857
181033,188896,188964,68,7863
181033,188899,188964,65,7866
181033,188891,188965,74,7858
181033,188895,188964,69,7862
181033,188905,188965,60,7872
181033,188894,188965,71,7861
180820,188886,188965,79,8066
181033,188889,188966,77,7856
181033,188900,188966,66,7867
181033,188892,188966,74,7859
181033,188905,188966,61,7872
181033,188891,188967,76,7858
181033,188895,188967,72,7862
181033,188898,188969,71,7865
181033,188907,188970,63,7874
181033,188890,188970,80,7857
181033,188896,188970,74,7863
181033,188905,188971,66,7872
181033,188904,188971,67,7871
181033,188900,188974,74,7867
181033,188906,188973,67,7873
181033,188915,188975,60,7882
181033,188907,188976,69,7874
181033,188905,188977,72,7872
181033,188908,188979,71,7875
181033,188905,188980,75,7872
181033,188911,188981,70,7878
181033,188912,188982,70,7879
181033,188906,188983,77,7873
181033,188912,188985,73,7879
181033,188912,188985,73,7879
181033,188912,188985,73,7879
181033,188918,188986,68,7885
181033,188917,188987,70,7884
181033,188925,188988,63,7892
181033,188915,188990,75,7882
181033,188918,188991,73,7885
181033,188917,188993,76,7884
181033,188922,188993,71,7889
181033,188927,188994,67,7894
181033,188927,188994,67,7894
181033,188926,188999,73,7893
181033,188939,189000,61,7906
181033,188933,189001,68,7900
181033,188929,189003,74,7896
181033,188930,189007,77,7897
181033,188943,189011,68,7910
181033,188945,189011,66,7912
181033,188950,189012,62,7917
181033,188949,189013,64,7916
181033,188945,189015,70,7912
181033,188951,189014,63,7918
181033,188952,189016,64,7919
181033,188946,189019,73,7913
181033,188955,189020,65,7922
181033,188953,189022,69,7920
181033,188958,189023,65,7925
181033,188955,189024,69,7922
181033,188950,189024,74,7917
181033,188958,189024,66,7925
181033,188949,189025,76,7916
181033,188956,189027,71,7923
181033,188954,189028,74,7921
181033,188959,189028,69,7926
181033,188965,189030,65,7932
181033,188959,189030,71,7926
181033,188965,189032,67,7932
181033,188963,189033,70,7930
181033,188956,189033,77,7923
181033,188959,189033,74,7926
181033,188961,189033,72,7928
181033,188964,189033,69,7931
181033,188966,189033,67,7933
181033,188963,189034,71,7930
181033,188966,189034,68,7933
181033,188958,189035,77,7925
181033,188967,189036,69,7934
181033,188964,189036,72,7931
181033,188965,189038,73,7932
181033,188968,189038,70,7935
181033,188962,189039,77,7929
181033,188966,189039,73,7933
181033,189001,189039,38,7968
181033,188966,189040,74,7933
181033,188971,189040,69,7938
181033,188964,189040,76,7931
181033,188966,189040,74,7933
181033,189003,189041,38,7970
181033,188969,189041,72,7936
181033,188970,189041,71,7937
181033,188970,189040,70,7937
181033,188971,189041,70,7938
181033,188968,189041,73,7935
181033,189001,189042,41,7968
181033,189008,189042,34,7975
181033,188966,189043,77,7933
181033,188978,189043,65,7945
181033,188976,189045,69,7943
181033,188974,189045,71,7941
181033,188974,189045,71,7941
181033,189000,189045,45,7967
181033,188979,189046,67,7946
181033,188971,189047,76,7938
181033,189012,189047,35,7979
181033,188976,189050,74,7943
181033,188995,189051,56,7962
181033,189012,189053,41,7979
181033,189012,189053,41,7979
181033,188985,189055,70,7952
181033,188983,189057,74,7950
181033,188995,189056,61,7962
181033,188991,189057,66,7958
181033,188988,189057,69,7955
181033,188987,189058,71,7954
181033,189014,189058,44,7981
181033,188981,189059,78,7948
181033,188991,189060,69,7958
181033,189015,189060,45,7982
181033,188985,189060,75,7952
181033,188993,189060,67,7960
181033,188993,189060,67,7960
181033,188988,189060,72,7955
181033,188985,189061,76,7952
181033,188984,189061,77,7951
181033,189017,189062,45,7984
181033,189015,189062,47,7982
181033,188981,189062,81,7948
181033,189020,189070,50,7987
181033,189021,189072,51,7988
181033,189023,189073,50,7990
181033,189024,189075,51,7991
181033,189033,189082,49,8000
181033,189024,189082,58,7991
181033,189027,189083,56,7994
181033,189025,189084,59,7992
181033,189028,189085,57,7995
181033,189034,189085,51,8001
181033,189033,189091,58,8000
181033,189025,189090,65,7992
181033,189029,189091,62,7996
181033,189031,189091,60,7998
181033,189033,189092,59,8000
181033,189025,189092,67,7992
181033,189033,189096,63,8000
181033,189035,189100,65,8002
181033,189034,189102,68,8001
179655,187704,189103,1399,8049
181033,189034,189103,69,8001
181033,189035,189105,70,8002
181033,189031,189107,76,7998
181033,189034,189108,74,8001
181033,189037,189109,72,8004
181033,189044,189110,66,8011
181033,189036,189112,76,8003
181033,189039,189113,74,8006
181033,189041,189113,72,8008
181033,189039,189113,74,8006
181033,189041,189114,73,8008
181033,189041,189114,73,8008
181033,189041,189116,75,8008
181033,189043,189116,73,8010
181033,189038,189116,78,8005
181033,189038,189117,79,8005
181033,189042,189116,74,8009
181033,189040,189117,77,8007
181033,189041,189117,76,8008
181033,189046,189118,72,8013
181033,189041,189118,77,8008
181033,189040,189118,78,8007
181033,189046,189120,74,8013
181033,189043,189120,77,8010
181033,189041,189121,80,8008
181033,189044,189120,76,8011
181033,189041,189121,80,8008
181033,189048,189123,75,8015
181033,189046,189123,77,8013
181033,189051,189124,73,8018
181033,189046,189125,79,8013
181033,189045,189126,81,8012
181033,189057,189127,70,8024
181033,189058,189127,69,8025
181033,189050,189128,78,8017
181033,189062,189128,66,8029
181033,189061,189129,68,8028
181033,189047,189130,83,8014
181033,189056,189131,75,8023
181033,189061,189131,70,8028
181033,189060,189131,71,8027
181033,189059,189132,73,8026
181033,189058,189132,74,8025
181033,189063,189133,70,8030
181033,189059,189133,74,8026
181033,189057,189134,77,8024
181033,189062,189135,73,8029
181033,189054,189135,81,8021
181033,189053,189137,84,8020
181033,189059,189138,79,8026
181033,189061,189138,77,8028
181033,189072,189139,67,8039
181033,189060,189139,79,8027
181033,189063,189141,78,8030
181033,189071,189141,70,8038
181033,189061,189146,85,8028
181033,189082,189149,67,8049
181033,189062,189149,87,8029
181033,189073,189149,76,8040
181033,189083,189151,68,8050
181033,189084,189153,69,8051
181033,189076,189154,78,8043
181033,189086,189156,70,8053
181033,189091,189156,65,8058
181033,189093,189157,64,8060
181033,189086,189158,72,8053
181033,189091,189161,70,8058
181033,189092,189163,71,8059
181033,189103,189163,60,8070
181033,189091,189165,74,8058
181033,189083,189167,84,8050
181033,189106,189169,63,8073
181033,189097,189170,73,8064
181033,189103,189170,67,8070
181033,189093,189173,80,8060
181033,189101,189173,72,8068
181033,189104,189175,71,8071
181033,189117,189179,62,8084
181033,189117,189179,62,8084
181033,189108,189180,72,8075
181033,189113,189180,67,8080
181033,189110,189182,72,8077
181033,189108,189182,74,8075
181033,189112,189182,70,8079
181544,189118,189182,64,7574
181033,189117,189182,65,8084
181033,189113,189183,70,8080
181033,189109,189184,75,8076
181544,189118,189185,67,7574
181033,189115,189186,71,8082
181544,189118,189189,71,7574
181033,189114,189189,75,8081
181033,189114,189190,76,8081
181544,189125,189191,66,7581
181033,189116,189188,72,8083
181033,189116,189190,74,8083
181544,189133,189191,58,7589
181544,189131,189192,61,7587
181544,189125,189193,68,7581
181033,189117,189193,76,8084
181544,189120,189194,74,7576
181544,189121,189194,73,7577
181544,189122,189194,72,7578
181544,189127,189194,67,7583
181544,189132,189193,61,7588
181544,189132,189194,62,7588
181544,189135,189195,60,7591
181544,189132,189195,63,7588
181544,189135,189196,61,7591
181544,189127,189197,70,7583
181544,189124,189197,73,7580
181544,189126,189198,72,7582
181544,189129,189200,71,7585
181544,189121,189200,79,7577
181544,189121,189200,79,7577
181544,189135,189200,65,7591
181544,189131,189201,70,7587
181544,189129,189200,71,7585
181544,189133,189202,69,7589
181544,189134,189202,68,7590
181544,189129,189203,74,7585
181544,189139,189203,64,7595
181544,189139,189203,64,7595
181544,189142,189203,61,7598
181544,189124,189204,80,7580
181544,189138,189206,68,7594
181544,189140,189210,70,7596
181544,189147,189213,66,7603
181544,189139,189214,75,7595
181544,189141,189214,73,7597
181544,189149,189216,67,7605
181544,189152,189216,64,7608
181544,189150,189221,71,7606
181544,189157,189221,64,7613
181544,189150,189224,74,7606
181544,189162,189225,63,7618
181544,189154,189226,72,7610
181544,189157,189226,69,7613
181544,189155,189228,73,7611
181544,189158,189232,74,7614
181544,189163,189232,69,7619
181544,189164,189233,69,7620
181544,189158,189234,76,7614
181544,189168,189235,67,7624
181544,189166,189235,69,7622
181544,189171,189237,66,7627
181544,189180,189239,59,7636
181544,189181,189240,59,7637
181544,189173,189241,68,7629
181544,189169,189242,73,7625
181544,189171,189242,71,7627
181544,189175,189244,69,7631
181544,189183,189246,63,7639
181544,189180,189246,66,7636
181544,189183,189249,66,7639
181544,189182,189249,67,7638
181544,189180,189249,69,7636
181544,189175,189251,76,7631
181544,189185,189252,67,7641
181544,189183,189255,72,7639
181544,189183,189256,73,7639
181544,189192,189257,65,7648
181544,189192,189259,67,7648
181544,189186,189259,73,7642
181544,189182,189260,78,7638
181544,189194,189261,67,7650
181544,189189,189263,74,7645
181544,189194,189262,68,7650
181544,189193,189262,69,7649
181544,189194,189263,69,7650
181544,189193,189265,72,7649
181544,189189,189266,77,7645
181544,189201,189266,65,7657
181544,189194,189267,73,7650
181544,189191,189267,76,7647
181544,189194,189267,73,7650
181544,189204,189268,64,7660
181544,189201,189268,67,7657
181544,189198,189269,71,7654
181544,189192,189269,77,7648
181544,189201,189269,68,7657
181544,189194,189270,76,7650
181544,189198,189270,72,7654
181544,189192,189269,77,7648
181544,189202,189270,68,7658
181544,189196,189270,74,7652
181544,189195,189271,76,7651
181544,189201,189272,71,7657
181544,189196,189272,76,7652
181544,189204,189273,69,7660
181544,189204,189273,69,7660
181544,189206,189274,68,7662
181544,189202,189274,72,7658
181544,189240,189275,35,7696
181544,189191,189275,84,7647
181544,189198,189275,77,7654
181544,189195,189275,80,7651
181544,189202,189275,73,7658
181544,189204,189276,72,7660
181544,189241,189278,37,7697
181544,189205,189279,74,7661
181544,189200,189279,79,7656
181544,189242,189281,39,7698
181544,189210,189282,72,7666
181544,189242,189283,41,7698
181544,189244,189284,40,7700
181544,189236,189284,48,7692
181544,189243,189285,42,7699
181544,189215,189286,71,7671
181544,189247,189286,39,7703
181544,189215,189287,72,7671
181544,189213,189288,75,7669
181544,189247,189288,41,7703
181544,189236,189289,53,7692
181544,189217,189289,72,7673
181544,189238,189290,52,7694
181544,189217,189291,74,7673
181544,189249,189294,45,7705
181544,189222,189295,73,7678
181544,189228,189296,68,7684
181544,189225,189296,71,7681
181544,189224,189297,73,7680
181544,189227,189298,71,7683
181544,189234,189298,64,7690
181544,189251,189298,47,7707
181544,189249,189300,51,7705
181544,189233,189300,67,7689
181544,189250,189301,51,7706
181544,189226,189302,76,7682
181544,189234,189303,69,7690
181544,189222,189304,82,7678
181544,189258,189305,47,7714
181544,189256,189307,51,7712
181544,189253,189307,54,7709
181544,189232,189308,76,7688
181544,189255,189312,57,7711
181544,189260,189319,59,7716
181544,189262,189319,57,7718
181544,189266,189319,53,7722
181544,189266,189320,54,7722
181544,189259,189321,62,7715
181544,189260,189323,63,7716
181544,189264,189325,61,7720
181544,189263,189326,63,7719
181544,189263,189326,63,7719
181544,189267,189326,59,7723
181544,189267,189329,62,7723
181544,189263,189329,66,7719
181544,189266,189333,67,7722
181544,189267,189334,67,7723
181544,189271,189337,66,7727
181544,189269,189338,69,7725
181544,189270,189339,69,7726
181544,189274,189340,66,7730
181544,189269,189341,72,7725
181544,189275,189341,66,7731
181544,189269,189342,73,7725
181544,189270,189343,73,7726
181544,189272,189342,70,7728
181544,189275,189343,68,7731
181544,189269,189345,76,7725
181544,189276,189345,69,7732
181544,189273,189347,74,7729
181544,189274,189347,73,7730
181544,189277,189347,70,7733
181544,189271,189348,77,7727
181544,189276,189349,73,7732
179903,187936,189349,1413,8033
181544,189271,189351,80,7727
181544,189280,189353,73,7736
181544,189275,189352,77,7731
181544,189285,189354,69,7741
181544,189271,189355,84,7727
181544,189281,189355,74,7737
181544,189274,189355,81,7730
181544,189276,189356,80,7732
181544,189270,189356,86,7726
181544,189290,189356,66,7746
181544,189285,189357,72,7741
181544,189283,189358,75,7739
181544,189284,189359,75,7740
181544,189287,189359,72,7743
181544,189279,189360,81,7735
181544,189285,189360,75,7741
181544,189287,189360,73,7743
181544,189292,189361,69,7748
181544,189287,189362,75,7743
181544,189280,189363,83,7736
181544,189289,189363,74,7745
181544,189289,189365,76,7745
181544,189297,189367,70,7753
181544,189295,189368,73,7751
181544,189289,189369,80,7745
181544,189291,189369,78,7747
181544,189298,189369,71,7754
181544,189298,189369,71,7754
181544,189302,189370,68,7758
181544,189300,189371,71,7756
181544,189303,189372,69,7759
181544,189303,189372,69,7759
181544,189300,189372,72,7756
181544,189305,189373,68,7761
181544,189307,189373,66,7763
181544,189296,189373,77,7752
181544,189297,189374,77,7753
181544,189308,189375,67,7764
181544,189298,189377,79,7754
181544,189306,189378,72,7762
181544,189299,189378,79,7755
181544,189312,189382,70,7768
181544,189319,189383,64,7775
181544,189309,189386,77,7765
181544,189319,189389,70,7775
181544,189326,189390,64,7782
181544,189327,189392,65,7783
181544,189320,189392,72,7776
181544,189319,189393,74,7775
181544,189323,189395,72,7779
181544,189322,189396,74,7778
181544,189329,189397,68,7785
181544,189338,189399,61,7794
181544,189326,189401,75,7782
181544,189327,189401,74,7783
181544,189341,189404,63,7797
181544,189335,189404,69,7791
181544,189342,189406,64,7798
181544,189341,189406,65,7797
181544,189330,189406,76,7786
181544,189334,189411,77,7790
181544,189344,189413,69,7800
181544,189340,189413,73,7796
181544,189339,189413,74,7795
181544,189346,189413,67,7802
181747,189354,189413,59,7607
181544,189343,189415,72,7799
181544,189349,189416,67,7805
181747,189353,189416,63,7606
181544,189347,189416,69,7803
181544,189352,189416,64,7808
181544,189347,189416,69,7803
181747,189359,189417,58,7612
181544,189343,189417,74,7799
181544,189348,189418,70,7804
181544,189343,189419,76,7799
181544,189346,189419,73,7802
181747,189357,189419,62,7610
181747,189362,189419,57,7615
181747,189355,189420,65,7608
181747,189361,189420,59,7614
181544,189350,189420,70,7806
181747,189360,189422,62,7613
181747,189357,189423,66,7610
181747,189355,189423,68,7608
181747,189356,189424,68,7609
181747,189359,189425,66,7612
181747,189366,189425,59,7619
181747,189362,189427,65,7615
181747,189357,189427,70,7610
181747,189361,189427,66,7614
181747,189370,189428,58,7623
181747,189369,189428,59,7622
181747,189360,189428,68,7613
181747,189370,189430,60,7623
181747,189356,189432,76,7609
181544,189349,189433,84,7805
181747,189363,189433,70,7616
181747,189368,189436,68,7621
181747,189369,189436,67,7622
181747,189372,189436,64,7625
181747,189368,189437,69,7621
181747,189364,189436,72,7617
181747,189372,189437,65,7625
181747,189373,189437,64,7626
181747,189370,189438,68,7623
181747,189373,189439,66,7626
181747,189374,189439,65,7627
181747,189373,189441,68,7626
181747,189378,189441,63,7631
181747,189375,189442,67,7628
181747,189374,189444,70,7627
181747,189377,189444,67,7630
181747,189379,189448,69,7632
181747,189383,189449,66,7636
181747,189383,189450,67,7636
181747,189376,189451,75,7629
181747,189391,189457,66,7644
181747,189387,189460,73,7640
181747,189393,189460,67,7646
181747,189393,189460,67,7646
181747,189396,189462,66,7649
181747,189402,189463,61,7655
181747,189390,189464,74,7643
181747,189396,189468,72,7649
181747,189402,189468,66,7655
181747,189399,189468,69,7652
181747,189407,189468,61,7660
181747,189405,189470,65,7658
181747,189397,189471,74,7650
181747,189394,189473,79,7647
181747,189405,189473,68,7658
181747,189407,189475,68,7660
181747,189417,189476,59,7670
181747,189414,189477,63,7667
181747,189412,189478,66,7665
181747,189415,189479,64,7668
181747,189407,189479,72,7660
181747,189416,189482,66,7669
181747,189419,189482,63,7672
181747,189417,189483,66,7670
181747,189414,189483,69,7667
181747,189413,189485,72,7666
181747,189418,189486,68,7671
181747,189420,189487,67,7673
181747,189425,189487,62,7678
181747,189414,189488,74,7667
181747,189416,189488,72,7669
181747,189417,189488,71,7670
181747,189413,189490,77,7666
181747,189420,189490,70,7673
181747,189423,189490,67,7676
181747,189420,189491,71,7673
181747,189418,189491,73,7671
181747,189417,189492,75,7670
181747,189421,189493,72,7674
181747,189424,189494,70,7677
181747,189423,189495,72,7676
181747,189426,189496,70,7679
181747,189427,189496,69,7680
181747,189429,189497,68,7682
181747,189426,189497,71,7679
181747,189429,189497,68,7682
181747,189420,189498,78,7673
181747,189427,189499,72,7680
181747,189420,189503,83,7673
181747,189429,189503,74,7682
181747,189430,189504,74,7683
181747,189432,189504,72,7685
181747,189442,189507,65,7695
181747,189439,189507,68,7692
181747,189436,189508,72,7689
181747,189436,189507,71,7689
181747,189437,189507,70,7690
181747,189428,189508,80,7681
181747,189437,189511,74,7690
181747,189438,189511,73,7691
181747,189436,189511,75,7689
181747,189433,189511,78,7686
181747,189442,189512,70,7695
181747,189474,189513,39,7727
181747,189434,189513,79,7687
181747,189472,189513,41,7725
181747,189440,189514,74,7693
181747,189441,189514,73,7694
181747,189476,189515,39,7729
181747,189473,189515,42,7726
181747,189476,189516,40,7729
181747,189438,189517,79,7691
181747,189470,189517,47,7723
181747,189440,189517,77,7693
181747,189469,189519,50,7722
181747,189444,189520,76,7697
181747,189478,189520,42,7731
181747,189480,189520,40,7733
181747,189449,189520,71,7702
181747,189445,189521,76,7698
181747,189479,189522,43,7732
181747,189482,189522,40,7735
181747,189486,189523,37,7739
181747,189451,189523,72,7704
181747,189480,189524,44,7733
181747,189483,189523,40,7736
181747,189448,189525,77,7701
181747,189450,189527,77,7703
181747,189458,189528,70,7711
181747,189460,189531,71,7713
181747,189486,189531,45,7739
181747,189463,189533,70,7716
181747,189484,189535,51,7737
181747,189468,189536,68,7721
181747,189463,189536,73,7716
181747,189485,189537,52,7738
181747,189461,189538,77,7714
181747,189461,189540,79,7714
181747,189465,189541,76,7718
181747,189469,189541,72,7722
181747,189490,189546,56,7743
181747,189489,189547,58,7742
181747,189489,189550,61,7742
181747,189492,189550,58,7745
181747,189487,189551,64,7740
181747,189468,189551,83,7721
181747,189487,189552,65,7740
181747,189494,189552,58,7747
181747,189489,189551,62,7742
181747,189490,189553,63,7743
181747,189491,189562,71,7744
181747,189491,189562,71,7744
181747,189491,189563,72,7744
181747,189498,189565,67,7751
181747,189496,189565,69,7749
181747,189495,189566,71,7748
181747,189497,189567,70,7750
181747,189497,189568,71,7750
181747,189505,189569,64,7758
181747,189500,189569,69,7753
181747,189495,189570,75,7748
181747,189498,189571,73,7751
181747,189504,189573,69,7757
181747,189504,189573,69,7757
181747,189498,189574,76,7751
181747,189508,189575,67,7761
181747,189508,189576,68,7761
180140,188178,189577,1399,8038
181747,189509,189578,69,7762
181747,189508,189579,71,7761
181747,189503,189580,77,7756
181747,189508,189583,75,7761
181747,189507,189583,76,7760
181747,189513,189583,70,7766
181747,189511,189584,73,7764
181747,189512,189584,72,7765
181747,189515,189586,71,7768
181747,189512,189587,75,7765
181747,189516,189587,71,7769
181747,189514,189587,73,7767
181747,189521,189588,67,7774
181747,189513,189589,76,7766
181747,189519,189589,70,7772
181747,189514,189590,76,7767
181747,189516,189589,73,7769
181747,189518,189589,71,7771
181747,189518,189591,73,7771
181747,189515,189592,77,7768
181747,189524,189592,68,7777
181747,189523,189592,69,7776
181747,189518,189594,76,7771
181747,189524,189594,70,7777
181747,189511,189594,83,7764
181747,189517,189595,78,7770
181747,189521,189597,76,7774
181747,189521,189597,76,7774
181747,189524,189597,73,7777
181747,189532,189598,66,7785
181747,189522,189600,78,7775
181747,189522,189601,79,7775
181747,189526,189601,75,7779
181747,189528,189602,74,7781
181747,189541,189604,63,7794
181747,189522,189603,81,7775
181747,189529,189604,75,7782
181747,189520,189605,85,7773
181747,189533,189606,73,7786
181747,189532,189608,76,7785
181747,189535,189608,73,7788
181747,189537,189609,72,7790
181747,189538,189609,71,7791
181747,189548,189609,61,7801
181747,189541,189610,69,7794
181747,189541,189616,75,7794
181747,189539,189616,77,7792
181747,189536,189616,80,7789
181747,189547,189619,72,7800
181747,189551,189619,68,7804
181747,189565,189622,57,7818
181747,189552,189622,70,7805
181747,189552,189624,72,7805
181747,189551,189625,74,7804
181747,189567,189628,61,7820
181747,189564,189628,64,7817
181747,189552,189628,76,7805
181747,189553,189628,75,7806
181747,189551,189629,78,7804
181747,189563,189630,67,7816
181747,189552,189632,80,7805
181747,189566,189638,72,7819
181747,189570,189638,68,7823
181747,189562,189639,77,7815
181747,189572,189640,68,7825
181747,189569,189642,73,7822
181747,189569,189642,73,7822
181827,189586,189645,59,7759
181827,189588,189648,60,7761
181747,189577,189648,71,7830
181747,189574,189648,74,7827
181827,189587,189649,62,7760
181827,189587,189649,62,7760
181747,189577,189649,72,7830
181827,189590,189650,60,7763
181747,189574,189651,77,7827
181827,189594,189651,57,7767
181747,189578,189652,74,7831
181827,189592,189652,60,7765
181827,189589,189653,64,7762
181747,189576,189654,78,7829
181827,189593,189654,61,7766
181747,189579,189655,76,7832
181747,189584,189655,71,7837
181747,189583,189655,72,7836
181827,189592,189655,63,7765
181827,189595,189657,62,7768
181827,189592,189657,65,7765
181827,189598,189658,60,7771
181827,189598,189659,61,7771
181827,189597,189659,62,7770
181827,189595,189660,65,7768
181747,189566,189637,71,7819
181747,189571,189641,70,7824
181747,189575,189652,77,7828
181747,189580,189638,58,7833
181827,189590,189656,66,7763
181827,189590,189652,62,7763
181827,189597,189660,63,7770
181747,189584,189660,76,7837
181827,189588,189661,73,7761
181747,189584,189660,76,7837
181827,189595,189662,67,7768
181827,189602,189662,60,7775
181827,189602,189666,64,7775
181827,189601,189666,65,7774
181827,189591,189667,76,7764
181827,189604,189670,66,7777
181827,189604,189671,67,7777
181827,189608,189671,63,7781
181827,189605,189672,67,7778
181827,189603,189672,69,7776
181827,189606,189674,68,7779
181827,189609,189675,66,7782
181827,189610,189677,67,7783
181827,189616,189677,61,7789
181827,189606,189678,72,7779
181827,189609,189680,71,7782
181827,189611,189682,71,7784
181827,189610,189685,75,7783
181827,189617,189685,68,7790
181827,189626,189687,61,7799
181827,189616,189689,73,7789
181827,189623,189689,66,7796
181827,189620,189689,69,7793
181827,189620,189691,71,7793
181827,189629,189693,64,7802
181827,189628,189697,69,7801
181827,189625,189697,72,7798
181827,189628,189698,70,7801
181827,189629,189700,71,7802
181827,189623,189701,78,7796
181827,189632,189703,71,7805
181827,189650,189706,56,7823
181827,189639,189705,66,7812
181827,189642,189707,65,7815
181827,189640,189706,66,7813
181827,189629,189707,78,7802
181827,189641,189710,69,7814
181827,189645,189710,65,7818
181827,189650,189712,62,7823
181827,189649,189712,63,7822
181827,189643,189713,70,7816
181827,189650,189714,64,7823
181827,189640,189715,75,7813
181827,189649,189716,67,7822
181827,189652,189719,67,7825
181827,189648,189720,72,7821
181827,189655,189721,66,7828
181827,189653,189722,69,7826
181827,189652,189722,70,7825
181827,189652,189724,72,7825
181827,189650,189724,74,7823
181827,189658,189724,66,7831
181827,189655,189724,69,7828
181827,189657,189726,69,7830
181827,189660,189727,67,7833
181827,189654,189727,73,7827
181827,189659,189727,68,7832
181827,189654,189728,74,7827
181827,189661,189728,67,7834
181827,189654,189729,75,7827
181827,189656,189729,73,7829
181827,189663,189729,66,7836
181827,189661,189730,69,7834
181827,189656,189731,75,7829
181827,189663,189731,68,7836
181827,189662,189732,70,7835
181827,189660,189733,73,7833
181827,189661,189734,73,7834
181827,189661,189735,74,7834
181827,189660,189737,77,7833
181827,189661,189738,77,7834
181827,189667,189739,72,7840
181827,189672,189740,68,7845
181827,189661,189740,79,7834
181827,189661,189740,79,7834
181827,189710,189742,32,7883
181827,189661,189742,81,7834
181827,189666,189742,76,7839
181827,189672,189743,71,7845
181827,189666,189743,77,7839
181827,189708,189744,36,7881
181827,189671,189743,72,7844
181827,189661,189744,83,7834
181827,189676,189744,68,7849
181827,189707,189746,39,7880
181827,189661,189746,85,7834
181827,189673,189746,73,7846
181827,189707,189747,40,7880
181827,189675,189749,74,7848
181827,189681,189748,67,7854
181827,189711,189750,39,7884
181827,189673,189749,76,7846
181827,189706,189750,44,7879
181827,189679,189750,71,7852
181827,189678,189752,74,7851
181827,189682,189752,70,7855
181827,189713,189753,40,7886
181827,189712,189754,42,7885
181827,189678,189755,77,7851
181827,189716,189755,39,7889
181827,189685,189755,70,7858
181827,189686,189757,71,7859
181827,189706,189757,51,7879
181827,189687,189758,71,7860
181827,189689,189759,70,7862
181827,189690,189759,69,7863
181827,189715,189760,45,7888
181827,189701,189760,59,7874
181827,189714,189761,47,7887
181827,189689,189763,74,7862
181827,189716,189763,47,7889
181827,189704,189765,61,7877
181827,189699,189765,66,7872
181827,189692,189766,74,7865
181827,189719,189769,50,7892
181827,189700,189769,69,7873
181827,189698,189770,72,7871
181827,189722,189771,49,7895
181827,189698,189772,74,7871
181827,189722,189774,52,7895
181827,189694,189773,79,7867
181827,189721,189775,54,7894
181827,189724,189776,52,7897
181827,189725,189779,54,7898
181827,189728,189780,52,7901
181827,189725,189781,56,7898
181827,189728,189786,58,7901
181827,189728,189786,58,7901
181827,189727,189786,59,7900
181827,189723,189787,64,7896
181827,189730,189788,58,7903
181827,189728,189790,62,7901
181827,189725,189792,67,7898
181827,189730,189795,65,7903
180344,188412,189798,1386,8068
181827,189734,189798,64,7907
181827,189731,189798,67,7904
181827,189727,189799,72,7900
181827,189729,189800,71,7902
181827,189738,189804,66,7911
181827,189732,189805,73,7905
181827,189732,189809,77,7905
181827,189742,189811,69,7915
181827,189734,189812,78,7907
181827,189732,189812,80,7905
181827,189744,189812,68,7917
181827,189736,189813,77,7909
181827,189740,189815,75,7913
181827,189751,189816,65,7924
181827,189741,189815,74,7914
181827,189738,189817,79,7911
181827,189746,189817,71,7919
181827,189745,189818,73,7918
181827,189743,189818,75,7916
181827,189743,189819,76,7916
181827,189744,189820,76,7917
181827,189749,189820,71,7922
181827,189740,189819,79,7913
181827,189743,189820,77,7916
181827,189744,189820,76,7917
181827,189747,189822,75,7920
181827,189747,189822,75,7920
181827,189741,189824,83,7914
181827,189747,189824,77,7920
181827,189753,189824,71,7926
181827,189752,189826,74,7925
181827,189745,189826,81,7918
181827,189749,189827,78,7922
181827,189756,189827,71,7929
181827,189755,189827,72,7928
181827,189757,189827,70,7930
181827,189750,189828,78,7923
181827,189762,189828,66,7935
181827,189750,189828,78,7923
181827,189757,189828,71,7930
181827,189760,189829,69,7933
181827,189751,189829,78,7924
181827,189754,189829,75,7927
181827,189756,189829,73,7929
181827,189753,189831,78,7926
181827,189764,189833,69,7937
181827,189759,189833,74,7932
181827,189761,189836,75,7934
181827,189765,189837,72,7938
181827,189763,189838,75,7936
181827,189770,189838,68,7943
181827,189760,189838,78,7933
181827,189760,189839,79,7933
181827,189771,189839,68,7944
181827,189770,189840,70,7943
181827,189767,189840,73,7940
181827,189765,189841,76,7938
181827,189774,189845,71,7947
181827,189774,189845,71,7947
181827,189769,189846,77,7942
181827,189780,189848,68,7953
181827,189773,189850,77,7946
181827,189777,189851,74,7950
181827,189787,189853,66,7960
181827,189780,189853,73,7953
181827,189786,189853,67,7959
181827,189791,189853,62,7964
181827,189787,189853,66,7960
181827,189775,189855,80,7948
181827,189781,189857,76,7954
181827,189788,189862,74,7961
181827,189793,189864,71,7966
181827,189788,189864,76,7961
181827,189796,189864,68,7969
181827,189799,189864,65,7972
181827,189799,189867,68,7972
181827,189805,189868,63,7978
181827,189801,189870,69,7974
181827,189799,189873,74,7972
181827,189805,189875,70,7978
181827,189818,189877,59,7991
181989,189820,189879,59,7831
181827,189811,189882,71,7984
181827,189816,189882,66,7989
181989,189830,189882,52,7841
181827,189816,189883,67,7989
181827,189813,189883,70,7986
181989,189827,189883,56,7838
181827,189812,189884,72,7985
181827,189813,189884,71,7986
181989,189825,189884,59,7836
181989,189821,189885,64,7832
181827,189818,189885,67,7991
181827,189819,189886,67,7992
181989,189821,189886,65,7832
181827,189809,189887,78,7982
181989,189823,189887,64,7834
181989,189827,189888,61,7838
181989,189828,189889,61,7839
181827,189818,189891,73,7991
181989,189827,189891,64,7838
181989,189829,189892,63,7840
181827,189816,189892,76,7989
181989,189829,189893,64,7840
181827,189818,189892,74,7991
181989,189828,189894,66,7839
181989,189830,189893,63,7841
181989,189825,189895,70,7836
181827,189820,189895,75,7993
181989,189832,189894,62,7843
181827,189800,189866,66,7973
181827,189813,189888,75,7986
181989,189823,189891,68,7834
181989,189829,189891,62,7840
181989,189824,189895,71,7835
181989,189827,189897,70,7838
181989,189830,189900,70,7841
181989,189828,189899,71,7839
181989,189838,189901,63,7849
181989,189839,189902,63,7850
181989,189828,189903,75,7839
181989,189837,189903,66,7848
181989,189839,189903,64,7850
181989,189834,189903,69,7845
181989,189834,189904,70,7845
181989,189840,189905,65,7851
181989,189838,189905,67,7849
181989,189839,189905,66,7850
181989,189842,189906,64,7853
181989,189837,189907,70,7848
181989,189841,189909,68,7852
181989,189846,189914,68,7857
181989,189846,189915,69,7857
181989,189849,189916,67,7860
181989,189847,189916,69,7858
181989,189852,189917,65,7863
181989,189855,189919,64,7866
181989,189854,189921,67,7865
181989,189854,189923,69,7865
181989,189854,189924,70,7865
181989,189853,189924,71,7864
181989,189851,189926,75,7862
181989,189858,189930,72,7869
181989,189869,189931,62,7880
181989,189863,189930,67,7874
181989,189864,189934,70,7875
181989,189864,189937,73,7875
181989,189868,189938,70,7879
181989,189865,189938,73,7876
181989,189878,189939,61,7889
181989,189876,189942,66,7887
181989,189870,189942,72,7881
181989,189873,189944,71,7884
181989,189865,189945,80,7876
181989,189884,189946,62,7895
181989,189885,189946,61,7896
181989,189882,189948,66,7893
181989,189883,189950,67,7894
181989,189885,189950,65,7896
181989,189883,189950,67,7894
181989,189886,189951,65,7897
181989,189883,189951,68,7894
181989,189879,189954,75,7890
181989,189884,189955,71,7895
181989,189892,189958,66,7903
181989,189888,189957,69,7899
181989,189887,189958,71,7898
181989,189889,189958,69,7900
181989,189886,189959,73,7897
181989,189893,189960,67,7904
181989,189887,189960,73,7898
181989,189885,189961,76,7896
181989,189888,189960,72,7899
181989,189892,189962,70,7903
181989,189885,189962,77,7896
181989,189895,189963,68,7906
181989,189893,189963,70,7904
181989,189895,189963,68,7906
181989,189893,189964,71,7904
181989,189895,189967,72,7906
181989,189894,189967,73,7905
181989,189894,189967,73,7905
181989,189901,189968,67,7912
181989,189895,189969,74,7906
181989,189900,189969,69,7911
181989,189892,189971,79,7903
181989,189896,189971,75,7907
181989,189895,189971,76,7906
181989,189895,189971,76,7906
181989,189897,189971,74,7908
181989,189903,189974,71,7914
181989,189895,189974,79,7906
181989,189906,189974,68,7917
181989,189904,189975,71,7915
181989,189903,189975,72,7914
181989,189895,189976,81,7906
181989,189907,189976,69,7918
181989,189903,189977,74,7914
181989,189900,189978,78,7911
181989,189903,189979,76,7914
181989,189904,189979,75,7915
181989,189943,189980,37,7954
181989,189906,189981,75,7917
181989,189942,189981,39,7953
181989,189946,189981,35,7957
181989,189906,189981,75,7917
181989,189944,189982,38,7955
181989,189906,189983,77,7917
181989,189940,189983,43,7951
181989,189939,189983,44,7950
181989,189909,189983,74,7920
181989,189947,189987,40,7958
181989,189915,189988,73,7926
181989,189914,189987,73,7925
181989,189918,189987,69,7929
181989,189947,189988,41,7958
181989,189939,189989,50,7950
181989,189937,189989,52,7948
181989,189950,189990,40,7961
181989,189917,189991,74,7928
181989,189949,189991,42,7960
181989,189920,189992,72,7931
181989,189950,189993,43,7961
181989,189916,189995,79,7927
181989,189950,189995,45,7961
181989,189951,189997,46,7962
181989,189952,189998,46,7963
181989,189924,189999,75,7935
181989,189925,189999,74,7936
181989,189926,189999,73,7937
181989,189922,190000,78,7933
181989,189925,190000,75,7936
181989,189931,190002,71,7942
181989,189958,190004,46,7969
181989,189935,190005,70,7946
181989,189931,190005,74,7942
181989,189955,190005,50,7966
181989,189956,190006,50,7967
181989,189931,190008,77,7942
181989,189958,190009,51,7969
181989,189958,190013,55,7969
181989,189959,190022,63,7970
181989,189962,190023,61,7973
181989,189960,190023,63,7971
181989,189963,190026,63,7974
181989,189964,190026,62,7975
181989,189961,190027,66,7972
181989,189963,190028,65,7974
181989,189961,190029,68,7972
181989,189961,190030,69,7972
181989,189965,190032,67,7976
181989,189960,190033,73,7971
181989,189977,190036,59,7988
181989,189971,190037,66,7982
181989,189964,190037,73,7975
181989,189968,190038,70,7979
181989,189968,190038,70,7979
181989,189976,190039,63,7987
181989,189968,190040,72,7979
181989,189969,190040,71,7980
181989,189972,190040,68,7983
181989,189972,190040,68,7983
181989,189975,190041,66,7986
181989,189972,190042,70,7983
181989,189975,190042,67,7986
181989,189969,190043,74,7980
181989,189975,190044,69,7986
181989,189970,190045,75,7981
181989,189971,190045,74,7982
181989,189975,190047,72,7986
181989,189977,190048,71,7988
181989,189976,190049,73,7987
181989,189983,190050,67,7994
181989,189980,190050,70,7991
181989,189978,190053,75,7989
181989,189981,190054,73,7992
181989,189982,190054,72,7993
181989,189981,190056,75,7992
181989,189989,190055,66,8000
181989,189988,190056,68,7999
181989,189983,190056,73,7994
181989,189982,190057,75,7993
181989,189988,190058,70,7999
181989,189982,190058,76,7993
181989,189984,190058,74,7995
181989,189984,190058,74,7995
181989,189992,190059,67,8003
180581,188647,190060,1413,8066
181989,189983,190060,77,7994
181989,189991,190062,71,8002
181989,189989,190062,73,8000
181989,189980,190062,82,7991
181989,189991,190062,71,8002
181989,189989,190063,74,8000
181989,189991,190063,72,8002
181989,189988,190063,75,7999
181989,190000,190064,64,8011
181989,189996,190064,68,8007
181989,189987,190064,77,7998
181989,189996,190066,70,8007
181989,189997,190067,70,8008
181989,190000,190068,68,8011
181989,189993,190072,79,8004
181989,190005,190072,67,8016
181989,189999,190073,74,8010
181989,190006,190076,70,8017
181989,190001,190077,76,8012
181989,190010,190078,68,8021
181989,190002,190078,76,8013
181989,190000,190079,79,8011
181989,190009,190081,72,8020
181989,189999,190082,83,8010
181989,190006,190081,75,8017
181989,190023,190083,60,8034
181989,190004,190083,79,8015
181989,190014,190084,70,8025
181989,190026,190087,61,8037
181989,190006,190086,80,8017
181989,190027,190087,60,8038
181989,190038,190088,50,8049
181989,190026,190090,64,8037
181989,190032,190092,60,8043
181989,190024,190093,69,8035
181989,190037,190097,60,8048
181989,190024,190097,73,8035
181989,190029,190097,68,8040
181989,190033,190097,64,8044
181989,190037,190100,63,8048
181989,190028,190100,72,8039
181989,190031,190104,73,8042
181989,190038,190106,68,8049
182238,190055,190107,52,7817
181989,190042,190108,66,8053
181989,190040,190111,71,8051
181989,190040,190110,70,8051
181989,190045,190112,67,8056
182238,190054,190112,58,7816
181989,190046,190113,67,8057
181989,190040,190113,73,8051
181989,190044,190114,70,8055
182238,190057,190114,57,7819
181989,190041,190115,74,8052
182238,190051,190115,64,7813
181989,190043,190115,72,8054
181989,190039,190102,63,8050
181989,190042,190113,71,8053
181989,190045,190112,67,8056
182238,190056,190115,59,7818
182238,190054,190115,61,7816
181989,190037,190115,78,8048
182238,190056,190116,60,7818
181989,190048,190117,69,8059
182238,190058,190118,60,7820
182238,190056,190118,62,7818
181989,190048,190118,70,8059
182238,190058,190119,61,7820
182238,190064,190121,57,7826
181989,190050,190120,70,8061
182238,190057,190121,64,7819
182238,190064,190121,57,7826
182238,190067,190121,54,7829
182238,190062,190124,62,7824
182238,190063,190125,62,7825
182238,190061,190125,64,7823
182238,190062,190125,63,7824
182238,190060,190126,66,7822
182238,190063,190127,64,7825
182238,190067,190127,60,7829
182238,190059,190128,69,7821
182238,190058,190128,70,7820
182238,190064,190130,66,7826
182238,190063,190130,67,7825
182238,190065,190130,65,7827
182238,190069,190134,65,7831
182238,190072,190137,65,7834
182238,190073,190137,64,7835
182238,190061,190138,77,7823
182238,190064,190139,75,7826
182238,190078,190141,63,7840
182238,190078,190141,63,7840
182238,190079,190142,63,7841
182238,190074,190143,69,7836
182238,190077,190145,68,7839
182238,190082,190148,66,7844
182238,190084,190150,66,7846
182238,190080,190151,71,7842
182238,190083,190152,69,7845
182238,190084,190153,69,7846
182238,190087,190153,66,7849
182238,190087,190154,67,7849
182238,190081,190154,73,7843
182238,190089,190157,68,7851
182238,190092,190159,67,7854
182238,190093,190159,66,7855
182238,190082,190160,78,7844
182238,190091,190162,71,7853
182238,190097,190165,68,7859
182238,190105,190165,60,7867
182238,190097,190166,69,7859
182238,190098,190169,71,7860
182238,190100,190170,70,7862
182238,190108,190171,63,7870
182238,190101,190174,73,7863
182238,190109,190175,66,7871
182238,190097,190176,79,7859
182238,190106,190176,70,7868
182238,190111,190177,66,7873
182238,190115,190177,62,7877
182238,190115,190179,64,7877
182238,190115,190179,64,7877
182238,190111,190180,69,7873
182238,190114,190180,66,7876
182238,190115,190181,66,7877
182238,190116,190182,66,7878
182238,190115,190183,68,7877
182238,190117,190184,67,7879
182238,190113,190184,71,7875
182238,190115,190184,69,7877
182238,190115,190185,70,7877
182238,190118,190185,67,7880
182238,190115,190185,70,7877
182238,190113,190187,74,7875
182238,190119,190187,68,7881
182238,190115,190188,73,7877
182238,190116,190188,72,7878
182238,190121,190188,67,7883
182238,190119,190188,69,7881
182238,190115,190188,73,7877
182238,190121,190189,68,7883
182238,190119,190189,70,7881
182238,190113,190191,78,7875
182238,190119,190192,73,7881
182238,190126,190191,65,7888
182238,190126,190193,67,7888
182238,190125,190193,68,7887
182238,190126,190195,69,7888
182238,190122,190195,73,7884
182238,190121,190196,75,7883
182238,190126,190196,70,7888
182238,190122,190198,76,7884
182238,190130,190199,69,7892
182238,190128,190199,71,7890
182238,190128,190199,71,7890
182238,190134,190201,67,7896
182238,190128,190202,74,7890
182238,190131,190203,72,7893
182238,190130,190204,74,7892
182238,190176,190205,29,7938
182238,190171,190207,36,7933
182238,190137,190208,71,7899
182238,190127,190210,83,7889
182238,190142,190210,68,7904
182238,190177,190212,35,7939
182238,190137,190212,75,7899
182238,190139,190212,73,7901
182238,190142,190212,70,7904
182238,190175,190212,37,7937
182238,190144,190215,71,7906
182238,190145,190215,70,7907
182238,190177,190215,38,7939
182238,190178,190215,37,7940
182238,190169,190216,47,7931
182238,190166,190217,51,7928
182238,190172,190217,45,7934
182238,190176,190217,41,7938
182238,190180,190218,38,7942
182238,190142,190218,76,7904
182238,190154,190220,66,7916
182238,190180,190221,41,7942
182238,190140,190221,81,7902
182238,190149,190222,73,7911
182238,190152,190222,70,7914
182238,190181,190223,42,7943
182238,190154,190224,70,7916
182238,190159,190224,65,7921
182238,190150,190225,75,7912
182238,190181,190226,45,7943
182238,190157,190227,70,7919
182238,190183,190228,45,7945
182238,190181,190228,47,7943
182238,190154,190228,74,7916
182238,190153,190231,78,7915
182238,190160,190230,70,7922
182238,190165,190232,67,7927
182238,190160,190233,73,7922
182238,190185,190235,50,7947
182238,190162,190236,74,7924
182238,190155,190236,81,7917
182238,190183,190236,53,7945
182238,190165,190238,73,7927
182238,190185,190245,60,7947
182238,190186,190245,59,7948
182238,190189,190246,57,7951
182238,190185,190246,61,7947
182238,190186,190247,61,7948
182238,190185,190249,64,7947
182238,190188,190250,62,7950
182238,190189,190249,60,7951
182238,190189,190251,62,7951
182238,190189,190253,64,7951
182238,190190,190253,63,7952
182238,190187,190253,66,7949
182238,190191,190255,64,7953
182238,190189,190256,67,7951
182238,190192,190258,66,7954
182238,190192,190258,66,7954
182238,190198,190259,61,7960
182238,190200,190260,60,7962
182238,190196,190259,63,7958
182238,190193,190261,68,7955
182238,190195,190260,65,7957
182238,190197,190264,67,7959
182238,190202,190266,64,7964
182238,190189,190267,78,7951
182238,190194,190268,74,7956
182238,190199,190269,70,7961
182238,190197,190270,73,7959
182238,190202,190271,69,7964
182238,190204,190271,67,7966
182238,190206,190271,65,7968
182238,190200,190273,73,7962
182238,190205,190273,68,7967
182238,190216,190272,56,7978
182238,190209,190273,64,7971
182238,190208,190273,65,7970
182238,190211,190274,63,7973
182238,190212,190276,64,7974
182238,190213,190278,65,7975
182238,190217,190278,61,7979
182238,190211,190281,70,7973
182238,190216,190285,69,7978
182238,190212,190285,73,7974
182238,190212,190286,74,7974
182238,190216,190287,71,7978
182238,190215,190289,74,7977
182238,190226,190289,63,7988
182238,190231,190290,59,7993
182238,190217,190291,74,7979
182238,190225,190290,65,7987
182238,190224,190291,67,7986
182238,190225,190291,66,7987
182238,190218,190291,73,7980
182238,190221,190291,70,7983
182238,190220,190292,72,7982
182238,190212,190294,82,7974
182238,190219,190295,76,7981
182238,190224,190295,71,7986
182238,190228,190297,69,7990
182238,190217,190296,79,7979
182238,190217,190297,80,7979
182238,190236,190297,61,7998
182238,190228,190297,69,7990
182238,190222,190298,76,7984
182238,190228,190300,72,7990
182238,190233,190301,68,7995
182238,190228,190302,74,7990
182238,190221,190303,82,7983
182238,190231,190303,72,7993
182238,190233,190303,70,7995
180823,188888,190305,1417,8065
182238,190237,190305,68,7999
182238,190222,190306,84,7984
182238,190237,190310,73,7999
182238,190235,190310,75,7997
182238,190247,190311,64,8009
182238,190250,190314,64,8012
182238,190249,190315,66,8011
182238,190239,190315,76,8001
182238,190246,190314,68,8008
182238,190255,190317,62,8017
182238,190246,190318,72,8008
182238,190250,190318,68,8012
182238,190254,190318,64,8016
182238,190247,190321,74,8009
182238,190248,190321,73,8010
182238,190259,190324,65,8021
182238,190252,190325,73,8014
182238,190253,190326,73,8015
182238,190261,190326,65,8023
182238,190258,190328,70,8020
182238,190260,190329,69,8022
182238,190261,190328,67,8023
182238,190258,190330,72,8020
182238,190253,190330,77,8015
182238,190256,190332,76,8018
182238,190264,190333,69,8026
182238,190260,190334,74,8022
182238,190267,190334,67,8029
182238,190273,190334,61,8035
182238,190272,190335,63,8034
182238,190272,190335,63,8034
182238,190269,190338,69,8031
182438,190277,190337,60,7839
182438,190279,190338,59,7841
182238,190273,190338,65,8035
182238,190273,190338,65,8035
182238,190267,190340,73,8029
182438,190278,190342,64,7840
182438,190275,190342,67,7837
182238,190271,190341,70,8033
182438,190286,190342,56,7848
182438,190274,190342,68,7836
182238,190270,190343,73,8032
182438,190292,190345,53,7854
182438,190285,190345,60,7847
182238,190272,190346,74,8034
182438,190282,190346,64,7844
182438,190286,190347,61,7848
182438,190289,190347,58,7851
182438,190295,190347,52,7857
182438,190290,190351,61,7852
182438,190292,190352,60,7854
182438,190291,190352,61,7853
182438,190297,190354,57,7859
182438,190292,190354,62,7854
182438,190295,190356,61,7857
182438,190287,190355,68,7849
182438,190291,190356,65,7853
182438,190291,190356,65,7853
182438,190292,190357,65,7854
182438,190298,190358,60,7860
182438,190297,190359,62,7859
182438,190296,190360,64,7858
182438,190297,190361,64,7859
182438,190302,190363,61,7864
182438,190299,190363,64,7861
182438,190293,190365,72,7855
182438,190303,190366,63,7865
182438,190303,190367,64,7865
182438,190304,190369,65,7866
182438,190298,190369,71,7860
182438,190301,190371,70,7863
182438,190306,190374,68,7868
182438,190304,190375,71,7866
182438,190305,190375,70,7867
182438,190307,190376,69,7869
182438,190311,190376,65,7873
182438,190310,190379,69,7872
182438,190315,190381,66,7877
182438,190312,190384,72,7874
182438,190315,190385,70,7877
182438,190315,190387,72,7877
182438,190319,190388,69,7881
182438,190319,190388,69,7881
182438,190315,190388,73,7877
182438,190321,190390,69,7883
182438,190321,190390,69,7883
182438,190318,190391,73,7880
182438,190329,190395,66,7891
182438,190324,190396,72,7886
182438,190327,190398,71,7889
182438,190319,190399,80,7881
182438,190330,190399,69,7892
182438,190325,190399,74,7887
182438,190338,190400,62,7900
182438,190327,190401,74,7889
182438,190334,190401,67,7896
182438,190342,190404,62,7904
182438,190335,190404,69,7897
182438,190329,190404,75,7891
182438,190338,190405,67,7900
182438,190328,190405,77,7890
182438,190340,190406,66,7902
182438,190333,190406,73,7895
182438,190334,190407,73,7896
182438,190343,190408,65,7905
182438,190331,190408,77,7893
182438,190343,190409,66,7905
182438,190345,190409,64,7907
182438,190335,190409,74,7897
182438,190339,190410,71,7901
182438,190339,190411,72,7901
182438,190342,190411,69,7904
182438,190334,190414,80,7896
182438,190342,190413,71,7904
182438,190336,190414,78,7898
182438,190346,190416,70,7908
182438,190342,190416,74,7904
182438,190348,190416,68,7910
182438,190348,190416,68,7910
182438,190338,190416,78,7900
182438,190346,190417,71,7908
182438,190352,190417,65,7914
182438,190352,190418,66,7914
182438,190348,190419,71,7910
182438,190347,190421,74,7909
182438,190356,190421,65,7918
182438,190357,190423,66,7919
182438,190356,190425,69,7918
182438,190360,190425,65,7922
182438,190351,190426,75,7913
182438,190355,190426,71,7917
182438,190359,190429,70,7921
182438,190355,190429,74,7917
182438,190360,190429,69,7922
182438,190366,190430,64,7928
182438,190357,190431,74,7919
182438,190361,190433,72,7923
182438,190400,190433,33,7962
182438,190358,190435,77,7920
182438,190364,190436,72,7926
182438,190401,190437,36,7963
182438,190401,190437,36,7963
182438,190399,190439,40,7961
182438,190369,190440,71,7931
182438,190397,190440,43,7959
182438,190367,190441,74,7929
182438,190401,190441,40,7963
182438,190369,190441,72,7931
182438,190404,190442,38,7966
182438,190367,190443,76,7929
182438,190405,190444,39,7967
182438,190364,190444,80,7926
182438,190400,190445,45,7962
182438,190399,190446,47,7961
182438,190376,190446,70,7938
182438,190405,190446,41,7967
182438,190405,190446,41,7967
182438,190377,190449,72,7939
182438,190375,190450,75,7937
182438,190371,190450,79,7933
182438,190406,190451,45,7968
182438,190381,190451,70,7943
182438,190377,190452,75,7939
182438,190380,190453,73,7942
182438,190407,190453,46,7969
182438,190384,190454,70,7946
182438,190406,190455,49,7968
182438,190408,190455,47,7970
182438,190386,190456,70,7948
182438,190387,190459,72,7949
182438,190410,190459,49,7972
182438,190376,190458,82,7938
182438,190408,190459,51,7970
182438,190389,190460,71,7951
182438,190389,190461,72,7951
182438,190389,190462,73,7951
182438,190391,190464,73,7953
182438,190408,190464,56,7970
182438,190391,190464,73,7953
182438,190410,190465,55,7972
182438,190395,190466,71,7957
182438,190410,190467,57,7972
182438,190415,190467,52,7977
182438,190410,190468,58,7972
182438,190417,190471,54,7979
182438,190411,190471,60,7973
182438,190411,190471,60,7973
182438,190414,190475,61,7976
182438,190414,190475,61,7976
182438,190391,190476,85,7953
182438,190416,190477,61,7978
182438,190416,190480,64,7978
182438,190416,190481,65,7978
182438,190418,190482,64,7980
182438,190417,190482,65,7979
182438,190424,190485,61,7986
182438,190420,190485,65,7982
182438,190419,190488,69,7981
182438,190416,190488,72,7978
182438,190422,190489,67,7984
182438,190426,190491,65,7988
182438,190430,190493,63,7992
182438,190421,190496,75,7983
182438,190431,190497,66,7993
182438,190436,190497,61,7998
182438,190425,190499,74,7987
182438,190427,190500,73,7989
182438,190434,190501,67,7996
182438,190430,190502,72,7992
182438,190430,190502,72,7992
182438,190432,190503,71,7994
182438,190438,190507,69,8000
182438,190427,190507,80,7989
182438,190434,190507,73,7996
182438,190441,190508,67,8003
182438,190444,190507,63,8006
182438,190442,190508,66,8004
182438,190452,190510,58,8014
182438,190442,190510,68,8004
182438,190441,190512,71,8003
182438,190438,190512,74,8000
182438,190447,190513,66,8009
182438,190441,190513,72,8003
182438,190445,190515,70,8007
182438,190444,190515,71,8006
182438,190439,190515,76,8001
182438,190459,190516,57,8021
181036,189117,190516,1399,8081
182438,190447,190518,71,8009
182438,190442,190518,76,8004
182438,190446,190521,75,8008
182438,190447,190521,74,8009
182438,190459,190522,63,8021
182438,190465,190523,58,8027
182438,190449,190523,74,8011
182438,190456,190525,69,8018
182438,190437,190526,89,7999
182438,190450,190526,76,8012
182438,190451,190527,76,8013
182438,190451,190528,77,8013
182438,190454,190527,73,8016
182438,190447,190528,81,8009
182438,190456,190531,75,8018
182438,190453,190532,79,8015
182438,190462,190532,70,8024
182438,190464,190532,68,8026
182438,190464,190532,68,8026
182438,190455,190533,78,8017
182438,190455,190533,78,8017
182438,190468,190533,65,8030
182438,190462,190535,73,8024
182438,190465,190538,73,8027
182438,190452,190538,86,8014
182438,190459,190538,79,8021
182438,190471,190539,68,8033
182438,190460,190540,80,8022
182438,190472,190541,69,8034
182438,190461,190541,80,8023
182438,190468,190542,74,8030
182438,190486,190542,56,8048
182438,190469,190543,74,8031
182438,190475,190544,69,8037
182438,190472,190545,73,8034
182438,190466,190544,78,8028
182438,190476,190546,70,8038
182438,190483,190546,63,8045
182438,190476,190549,73,8038
182438,190477,190550,73,8039
182438,190482,190549,67,8044
182438,190489,190554,65,8051
182438,190480,190555,75,8042
182438,190483,190555,72,8045
182438,190486,190555,69,8048
182438,190490,190556,66,8052
182438,190497,190557,60,8059
182438,190497,190560,63,8059
182438,190493,190563,70,8055
182438,190502,190563,61,8064
182438,190488,190563,75,8050
182704,190512,190564,52,7808
182704,190508,190565,57,7804
182438,190503,190565,62,8065
182438,190500,190566,66,8062
182438,190498,190567,69,8060
182438,190502,190568,66,8064
182438,190501,190568,67,8063
182438,190491,190569,78,8053
182438,190503,190570,67,8065
182704,190510,190571,61,7806
182704,190513,190573,60,7809
182704,190509,190575,66,7805
182704,190515,190575,60,7811
182704,190516,190576,60,7812
182704,190508,190579,71,7804
182704,190518,190580,62,7814
182438,190508,190579,71,8070
182704,190511,190580,69,7807
182704,190518,190580,62,7814
182704,190525,190582,57,7821
182704,190515,190581,66,7811
182704,190523,190583,60,7819
182704,190527,190582,55,7823
182438,190508,190584,76,8070
182704,190522,190585,63,7818
182704,190517,190585,68,7813
182704,190523,190586,63,7819
182704,190517,190586,69,7813
182704,190524,190587,63,7820
182704,190528,190587,59,7824
182704,190529,190589,60,7825
182704,190522,190588,66,7818
182704,190528,190588,60,7824
182704,190514,190589,75,7810
182704,190514,190590,76,7810
182704,190528,190592,64,7824
182704,190533,190594,61,7829
182704,190534,190595,61,7830
182704,190532,190594,62,7828
182704,190532,190596,64,7828
182704,190538,190598,60,7834
182704,190533,190599,66,7829
182704,190532,190599,67,7828
182704,190532,190602,70,7828
182704,190527,190602,75,7823
182704,190534,190603,69,7830
182704,190539,190607,68,7835
182704,190540,190609,69,7836
182704,190536,190610,74,7832
182704,190546,190611,65,7842
182704,190541,190611,70,7837
182704,190539,190611,72,7835
182704,190542,190613,71,7838
182704,190544,190613,69,7840
182704,190541,190613,72,7837
182704,190543,190614,71,7839
182704,190542,190615,73,7838
182704,190550,190616,66,7846
182704,190543,190618,75,7839
182704,190551,190619,68,7847
182704,190547,190620,73,7843
182704,190547,190621,74,7843
182704,190545,190622,77,7841
182704,190550,190623,73,7846
182704,190565,190624,59,7861
182704,190560,190625,65,7856
182704,190566,190626,60,7862
182704,190555,190626,71,7851
182704,190554,190627,73,7850
182704,190556,190628,72,7852
182704,190557,190629,72,7853
182704,190557,190630,73,7853
182704,190564,190631,67,7860
182704,190564,190634,70,7860
182704,190556,190636,80,7852
182704,190564,190636,72,7860
182704,190568,190637,69,7864
182704,190570,190639,69,7866
182704,190572,190639,67,7868
182704,190569,190640,71,7865
182704,190567,190643,76,7863
182704,190569,190643,74,7865
182704,190576,190643,67,7872
182704,190566,190645,79,7862
182704,190580,190646,66,7876
182704,190577,190646,69,7873
182704,190583,190650,67,7879
182704,190573,190650,77,7869
182704,190576,190649,73,7872
182704,190582,190650,68,7878
182704,190581,190652,71,7877
182704,190587,190652,65,7883
182704,190571,190652,81,7867
182704,190580,190653,73,7876
182704,190581,190655,74,7877
182704,190621,190655,34,7917
182704,190585,190655,70,7881
182704,190585,190655,70,7881
182704,190587,190656,69,7883
182704,190588,190657,69,7884
182704,190582,190658,76,7878
182704,190624,190658,34,7920
182704,190586,190658,72,7882
182704,190583,190658,75,7879
182704,190587,190659,72,7883
182704,190590,190659,69,7886
182704,190580,190660,80,7876
182704,190590,190660,70,7886
182704,190626,190661,35,7922
182704,190589,190661,72,7885
182704,190624,190662,38,7920
182704,190589,190663,74,7885
182704,190627,190662,35,7923
182704,190627,190663,36,7923
182704,190628,190664,36,7924
182704,190622,190664,42,7918
182704,190589,190664,75,7885
182704,190626,190664,38,7922
182704,190595,190665,70,7891
182704,190600,190666,66,7896
182704,190595,190667,72,7891
182704,190599,190666,67,7895
182704,190631,190668,37,7927
182704,190629,190668,39,7925
182704,190621,190669,48,7917
182704,190592,190670,78,7888
182704,190597,190670,73,7893
182704,190604,190671,67,7900
182704,190594,190671,77,7890
182704,190635,190672,37,7931
182704,190636,190672,36,7932
182704,190632,190673,41,7928
182704,190612,190677,65,7908
182704,190613,190677,64,7909
182704,190607,190677,70,7903
182704,190603,190678,75,7899
182704,190598,190679,81,7894
182704,190611,190680,69,7907
182704,190637,190680,43,7933
182704,190602,190680,78,7898
182704,190613,190682,69,7909
182704,190609,190681,72,7905
182704,190613,190682,69,7909
182704,190611,190682,71,7907
182704,190610,190683,73,7906
182704,190614,190685,71,7910
182704,190639,190686,47,7935
182704,190617,190688,71,7913
182704,190620,190690,70,7916
182704,190615,190691,76,7911
182704,190638,190692,54,7934
182704,190618,190696,78,7914
182704,190641,190696,55,7937
182704,190646,190698,52,7942
182704,190639,190698,59,7935
182704,190647,190703,56,7943
182704,190650,190704,54,7946
182704,190647,190705,58,7943
182704,190651,190705,54,7947
182704,190643,190708,65,7939
182704,190652,190711,59,7948
182704,190644,190713,69,7940
182704,190644,190714,70,7940
182704,190653,190715,62,7949
182704,190650,190716,66,7946
182704,190658,190718,60,7954
182704,190650,190718,68,7946
182704,190656,190720,64,7952
182704,190656,190722,66,7952
182704,190655,190725,70,7951
182704,190654,190727,73,7950
182704,190655,190728,73,7951
181547,189353,190727,1374,7806
182704,190658,190727,69,7954
182704,190653,190729,76,7949
182704,190659,190729,70,7955
182704,190660,190729,69,7956
182704,190660,190730,70,7956
182704,190661,190730,69,7957
182704,190668,190731,63,7964
182704,190667,190732,65,7963
182704,190660,190732,72,7956
182704,190661,190733,72,7957
182704,190657,190733,76,7953
182704,190659,190734,75,7955
182704,190658,190735,77,7954
182704,190665,190734,69,7961
182704,190667,190738,71,7963
182704,190671,190739,68,7967
182704,190665,190739,74,7961
182704,190672,190740,68,7968
182704,190662,190740,78,7958
182704,190663,190741,78,7959
182704,190665,190741,76,7961
182704,190667,190741,74,7963
182704,190673,190743,70,7969
182704,190662,190743,81,7958
182704,190670,190743,73,7966
182704,190672,190744,72,7968
182704,190664,190745,81,7960
182704,190669,190745,76,7965
182704,190664,190746,82,7960
182704,190663,190746,83,7959
182704,190669,190747,78,7965
182704,190671,190746,75,7967
182704,190665,190747,82,7961
182704,190677,190748,71,7973
182704,190673,190749,76,7969
182704,190678,190752,74,7974
182704,190678,190753,75,7974
182704,190678,190753,75,7974
182704,190682,190754,72,7978
182704,190682,190755,73,7978
182704,190691,190756,65,7987
182704,190683,190758,75,7979
182704,190679,190758,79,7975
182704,190681,190758,77,7977
182704,190681,190759,78,7977
182704,190684,190761,77,7980
182704,190685,190761,76,7981
182704,190687,190761,74,7983
182704,190693,190762,69,7989
182704,190689,190761,72,7985
182704,190696,190764,68,7992
182704,190683,190765,82,7979
182704,190681,190765,84,7977
182704,190706,190765,59,8002
182704,190692,190766,74,7988
182704,190704,190773,69,8000
182704,190699,190773,74,7995
182704,190699,190776,77,7995
182704,190697,190777,80,7993
182704,190711,190778,67,8007
182704,190705,190781,76,8001
182704,190716,190784,68,8012
182704,190709,190785,76,8005
182704,190719,190786,67,8015
182704,190713,190787,74,8009
182704,190704,190788,84,8000
182704,190715,190788,73,8011
182704,190723,190789,66,8019
182704,190720,190792,72,8016
182704,190714,190792,78,8010
182704,190728,190793,65,8024
182704,190728,190798,70,8024
182704,190733,190799,66,8029
182704,190718,190800,82,8014
182958,190742,190800,58,7784
182704,190731,190801,70,8027
182704,190727,190802,75,8023
182958,190735,190801,66,7777
182958,190740,190802,62,7782
182704,190730,190802,72,8026
182958,190744,190803,59,7786
182704,190729,190803,74,8025
182958,190738,190803,65,7780
182704,190732,190804,72,8028
182958,190746,190804,58,7788
182704,190730,190804,74,8026
182704,190735,190807,72,8031
182958,190744,190807,63,7786
182704,190733,190807,74,8029
182958,190740,190807,67,7782
182958,190744,190808,64,7786
182704,190732,190808,76,8028
182704,190726,190809,83,8022
182958,190740,190809,69,7782
182958,190743,190810,67,7785
182958,190745,190809,64,7787
182704,190731,190810,79,8027
182958,190742,190810,68,7784
182958,190754,190810,56,7796
182704,190734,190811,77,8030
182958,190746,190813,67,7788
182958,190749,190813,64,7791
182958,190747,190814,67,7789
182958,190752,190814,62,7794
182704,190728,190807,79,8024
182958,190747,190812,65,7789
182958,190754,190816,62,7796
182958,190749,190819,70,7791
182958,190741,190820,79,7783
182958,190758,190821,63,7800
182958,190754,190821,67,7796
182958,190742,190821,79,7784
182958,190756,190821,65,7798
182958,190748,190822,74,7790
182958,190747,190824,77,7789
182958,190759,190823,64,7801
182958,190759,190824,65,7801
182958,190760,190825,65,7802
182958,190757,190825,68,7799
182958,190762,190825,63,7804
182958,190764,190829,65,7806
182958,190766,190831,65,7808
182958,190761,190831,70,7803
182958,190762,190832,70,7804
182958,190761,190833,72,7803
182958,190761,190835,74,7803
182958,190766,190835,69,7808
182958,190774,190839,65,7816
182958,190767,190839,72,7809
182958,190766,190842,76,7808
182958,190774,190842,68,7816
182958,190778,190844,66,7820
182958,190789,190849,60,7831
182958,190781,190849,68,7823
182958,190779,190850,71,7821
182958,190776,190850,74,7818
182958,190789,190854,65,7831
182958,190788,190854,66,7830
182958,190785,190854,69,7827
182958,190786,190857,71,7828
182958,190787,190860,73,7829
182958,190793,190862,69,7835
182958,190792,190862,70,7834
182958,190803,190865,62,7845
182958,190794,190866,72,7836
182958,190788,190865,77,7830
182958,190804,190867,63,7846
182958,190799,190869,70,7841
182958,190801,190872,71,7843
182958,190801,190873,72,7843
182958,190805,190873,68,7847
182958,190807,190874,67,7849
182958,190800,190874,74,7842
182958,190808,190874,66,7850
182958,190802,190874,72,7844
182958,190802,190875,73,7844
182958,190804,190875,71,7846
182958,190812,190877,65,7854
182958,190810,190877,67,7852
182958,190802,190877,75,7844
182958,190805,190877,72,7847
182958,190803,190877,74,7845
182958,190810,190879,69,7852
182958,190808,190879,71,7850
182958,190810,190881,71,7852
182958,190807,190882,75,7849
182958,190811,190882,71,7853
182958,190808,190882,74,7850
182958,190804,190882,78,7846
182958,190813,190883,70,7855
182958,190809,190882,73,7851
182958,190811,190883,72,7853
182958,190807,190884,77,7849
182958,190815,190885,70,7857
182958,190810,190886,76,7852
182958,190814,190887,73,7856
182958,190815,190886,71,7857
182958,190817,190887,70,7859
182958,190824,190889,65,7866
182958,190813,190889,76,7855
182958,190814,190890,76,7856
182958,190822,190891,69,7864
182958,190822,190891,69,7864
182958,190821,190894,73,7863
182958,190815,190896,81,7857
182958,190824,190896,72,7866
182958,190820,190896,76,7862
182958,190823,190897,74,7865
182958,190821,190898,77,7863
182958,190825,190898,73,7867
182958,190825,190898,73,7867
182958,190830,190899,69,7872
182958,190863,190899,36,7905
182958,190861,190899,38,7903
182958,190821,190900,79,7863
182958,190857,190901,44,7899
182958,190826,190902,76,7868
182958,190866,190902,36,7908
182958,190831,190903,72,7873
182958,190826,190903,77,7868
182958,190869,190904,35,7911
182958,190836,190906,70,7878
182958,190866,190906,40,7908
182958,190865,190907,42,7907
182958,190836,190908,72,7878
182958,190855,190907,52,7897
182958,190873,190908,35,7915
182958,190862,190909,47,7904
182958,190843,190909,66,7885
182958,190840,190910,70,7882
182958,190868,190909,41,7910
182958,190872,190910,38,7914
182958,190840,190911,71,7882
182958,190834,190914,80,7876
182958,190833,190916,83,7875
182958,190842,190916,74,7884
182958,190874,190916,42,7916
182958,190873,190916,43,7915
182958,190845,190917,72,7887
182958,190832,190918,86,7874
182958,190874,190918,44,7916
182958,190849,190919,70,7891
182958,190876,190919,43,7918
182958,190855,190920,65,7897
182958,190874,190921,47,7916
182958,190850,190922,72,7892
182958,190875,190921,46,7917
182958,190851,190924,73,7893
182958,190854,190925,71,7896
182958,190877,190928,51,7919
182958,190850,190932,82,7892
182958,190878,190934,56,7920
182958,190875,190933,58,7917
182958,190877,190934,57,7919
182958,190878,190935,57,7920
182958,190877,190938,61,7919
182958,190879,190937,58,7921
182958,190882,190941,59,7924
182958,190880,190942,62,7922
182958,190883,190945,62,7925
182958,190883,190946,63,7925
182958,190883,190949,66,7925
182958,190881,190950,69,7923
182958,190887,190951,64,7929
182958,190882,190952,70,7924
182958,190885,190955,70,7927
182958,190886,190956,70,7928
182958,190887,190957,70,7929
182958,190883,190957,74,7925
182958,190885,190958,73,7927
182958,190888,190960,72,7930
182958,190883,190960,77,7925
182958,190892,190961,69,7934
182958,190890,190962,72,7932
182958,190890,190969,79,7932
182958,190890,190969,79,7932
182958,190895,190970,75,7937
182958,190896,190970,74,7938
182958,190899,190972,73,7941
182958,190899,190972,73,7941
182958,190902,190972,70,7944
182958,190892,190974,82,7934
182958,190898,190975,77,7940
182958,190902,190975,73,7944
182958,190904,190976,72,7946
182958,190897,190976,79,7939
182958,190896,190977,81,7938
181750,189585,190978,1393,7835
182958,190900,190979,79,7942
182958,190900,190979,79,7942
182958,190901,190980,79,7943
182958,190906,190980,74,7948
182958,190904,190982,78,7946
182958,190905,190982,77,7947
182958,190904,190983,79,7946
182958,190910,190983,73,7952
182958,190906,190983,77,7948
182958,190909,190984,75,7951
182958,190898,190984,86,7940
182958,190908,190983,75,7950
182958,190920,190984,64,7962
182958,190910,190985,75,7952
182958,190918,190984,66,7960
182958,190900,190984,84,7942
182958,190908,190985,77,7950
182958,190919,190986,67,7961
182958,190911,190987,76,7953
182958,190917,190988,71,7959
182958,190917,190990,73,7959
182958,190917,190990,73,7959
182958,190907,190990,83,7949
182958,190910,190992,82,7952
182958,190917,190994,77,7959
182958,190921,190994,73,7963
182958,190921,190994,73,7963
182958,190910,190995,85,7952
182958,190919,190995,76,7961
182958,190922,190998,76,7964
182958,190911,190999,88,7953
182958,190925,190999,74,7967
182958,190924,190999,75,7966
182958,190918,191002,84,7960
182958,190915,191002,87,7957
182958,190922,191004,82,7964
182958,190929,191005,76,7971
182958,190936,191006,70,7978
182958,190938,191009,71,7980
182958,190932,191010,78,7974
182958,190935,191009,74,7977
182958,190945,191011,66,7987
182958,190941,191012,71,7983
182958,190934,191013,79,7976
182958,190934,191013,79,7976
182958,190938,191016,78,7980
182958,190950,191017,67,7992
182958,190942,191018,76,7984
182958,190946,191018,72,7988
182958,190952,191023,71,7994
182958,190958,191023,65,8000
182958,190951,191025,74,7993
182958,190959,191030,71,8001
182958,190960,191030,70,8002
182958,190956,191030,74,7998
182958,190961,191031,70,8003
182958,190958,191033,75,8000
182958,190963,191034,71,8005
183178,190977,191037,60,7799
183178,190978,191037,59,7800
182958,190958,191038,80,8000
183178,190986,191038,52,7808
183178,190976,191039,63,7798
182958,190962,191041,79,8004
183178,190988,191042,54,7810
182958,190970,191043,73,8012
182958,190970,191044,74,8012
182958,190971,191044,73,8013
183178,190978,191045,67,7800
182958,190971,191046,75,8013
183178,190981,191046,65,7803
183178,190989,191046,57,7811
183178,190991,191046,55,7813
182958,190951,191018,67,7993
183178,190983,191047,64,7805
183178,190984,191047,63,7806
183178,190980,191047,67,7802
183178,190984,191048,64,7806
183178,190983,191048,65,7805
182958,190973,191050,77,8015
183178,190991,191051,60,7813
182958,190972,191051,79,8014
183178,190991,191052,61,7813
183178,190979,191052,73,7801
182958,190975,191053,78,8017
182958,190975,191053,78,8017
183178,190979,191054,75,7801
183178,190984,191053,69,7806
183178,190984,191054,70,7806
183178,190985,191055,70,7807
183178,190983,191055,72,7805
183178,190993,191055,62,7815
182958,190973,191056,83,8015
183178,190985,191057,72,7807
183178,190985,191057,72,7807
183178,190998,191057,59,7820
183178,190994,191057,63,7816
183178,190995,191058,63,7817
183178,190985,191059,74,7807
183178,190983,191060,77,7805
183178,190985,191059,74,7807
183178,190995,191061,66,7817
183178,190999,191063,64,7821
183178,191000,191068,68,7822
183178,190996,191070,74,7818
183178,190995,191071,76,7817
183178,191002,191075,73,7824
183178,191010,191074,64,7832
183178,191006,191076,70,7828
183178,191005,191076,71,7827
183178,191012,191077,65,7834
183178,191014,191078,64,7836
183178,191007,191079,72,7829
183178,191003,191079,76,7825
183178,191000,191080,80,7822
183178,191010,191080,70,7832
183178,191010,191081,71,7832
183178,191014,191085,71,7836
183178,191012,191085,73,7834
183178,191019,191088,69,7841
183178,191019,191090,71,7841
183178,191023,191091,68,7845
183178,191025,191091,66,7847
183178,191024,191094,70,7846
183178,191018,191095,77,7840
183178,191031,191097,66,7853
183178,191030,191097,67,7852
183178,191031,191098,67,7853
183178,191031,191104,73,7853
183178,191047,191106,59,7869
183178,191035,191107,72,7857
183178,191039,191108,69,7861
183178,191037,191109,72,7859
183178,191033,191109,76,7855
183178,191045,191110,65,7867
183178,191049,191112,63,7871
183178,191038,191112,74,7860
183178,191047,191112,65,7869
183178,191047,191112,65,7869
183178,191047,191112,65,7869
183178,191044,191113,69,7866
183178,191040,191112,72,7862
183178,191039,191113,74,7861
183178,191044,191114,70,7866
183178,191044,191114,70,7866
183178,191048,191114,66,7870
183178,191048,191116,68,7870
183178,191042,191117,75,7864
183178,191046,191119,73,7868
183178,191049,191119,70,7871
183178,191052,191120,68,7874
183178,191052,191122,70,7874
183178,191041,191121,80,7863
183178,191047,191121,74,7869
183178,191050,191122,72,7872
183178,191054,191123,69,7876
183178,191047,191123,76,7869
183178,191052,191124,72,7874
183178,191053,191124,71,7875
183178,191055,191124,69,7877
183178,191054,191124,70,7876
183178,191057,191125,68,7879
183178,191057,191126,69,7879
183178,191054,191126,72,7876
183178,191053,191128,75,7875
183178,191055,191127,72,7877
183178,191056,191128,72,7878
183178,191056,191129,73,7878
183178,191057,191130,73,7879
183178,191059,191131,72,7881
183178,191060,191131,71,7882
183178,191059,191132,73,7881
183178,191060,191132,72,7882
183178,191092,191133,41,7914
183178,191099,191132,33,7921
183178,191058,191133,75,7880
183178,191056,191133,77,7878
183178,191095,191133,38,7917
183178,191098,191133,35,7920
183178,191095,191136,41,7917
183178,191097,191137,40,7919
183178,191064,191137,73,7886
183178,191062,191137,75,7884
183178,191072,191139,67,7894
183178,191104,191140,36,7926
183178,191069,191142,73,7891
183178,191107,191145,38,7929
183178,191107,191145,38,7929
183178,191080,191145,65,7902
183178,191070,191146,76,7892
183178,191109,191146,37,7931
183178,191075,191148,73,7897
183178,191076,191148,72,7898
183178,191076,191148,72,7898
183178,191091,191149,58,7913
183178,191111,191150,39,7933
183178,191078,191149,71,7900
183178,191110,191151,41,7932
183178,191108,191154,46,7930
183178,191082,191154,72,7904
183178,191081,191155,74,7903
183178,191080,191155,75,7902
183178,191078,191155,77,7900
183178,191075,191157,82,7897
183178,191086,191156,70,7908
183178,191080,191157,77,7902
183178,191112,191158,46,7934
183178,191085,191159,74,7907
183178,191112,191160,48,7934
183178,191112,191161,49,7934
183178,191112,191163,51,7934
183178,191112,191162,50,7934
183178,191088,191163,75,7910
183178,191091,191162,71,7913
183178,191113,191168,55,7935
183178,191116,191174,58,7938
183178,191113,191177,64,7935
183178,191114,191181,67,7936
183178,191119,191182,63,7941
183178,191115,191182,67,7937
181830,189820,191184,1364,7990
183178,191121,191184,63,7943
183178,191115,191186,71,7937
183178,191122,191186,64,7944
183178,191123,191187,64,7945
183178,191124,191189,65,7946
183178,191115,191189,74,7937
183178,191125,191190,65,7947
183178,191129,191190,61,7951
183178,191118,191191,73,7940
183178,191122,191194,72,7944
183178,191129,191197,68,7951
183178,191120,191199,79,7942
183178,191122,191200,78,7944
183178,191128,191201,73,7950
183178,191125,191201,76,7947
183178,191126,191201,75,7948
183178,191133,191202,69,7955
183178,191138,191202,64,7960
183178,191132,191204,72,7954
183178,191125,191205,80,7947
183178,191127,191208,81,7949
183178,191125,191208,83,7947
183178,191131,191209,78,7953
183178,191136,191209,73,7958
183178,191128,191209,81,7950
183178,191126,191210,84,7948
183178,191125,191210,85,7947
183178,191134,191211,77,7956
183178,191133,191211,78,7955
183178,191133,191211,78,7955
183178,191150,191212,62,7972
183178,191131,191213,82,7953
183178,191134,191214,80,7956
183178,191133,191216,83,7955
183178,191138,191217,79,7960
183178,191134,191217,83,7956
183178,191142,191219,77,7964
183178,191137,191221,84,7959
183178,191147,191222,75,7969
183178,191141,191223,82,7963
183178,191133,191223,90,7955
183178,191146,191223,77,7968
183178,191145,191224,79,7967
183178,191163,191223,60,7985
183178,191146,191224,78,7968
183178,191150,191225,75,7972
183178,191150,191225,75,7972
183178,191139,191227,88,7961
183178,191149,191226,77,7971
183178,191149,191227,78,7971
183178,191151,191227,76,7973
183178,191158,191229,71,7980
183178,191147,191229,82,7969
183178,191156,191230,74,7978
183178,191155,191230,75,7977
183178,191155,191230,75,7977
183178,191157,191232,75,7979
183178,191161,191232,71,7983
183178,191149,191232,83,7971
183178,191157,191234,77,7979
183178,191155,191235,80,7977
183178,191163,191236,73,7985
183178,191156,191237,81,7978
183178,191160,191237,77,7982
183178,191159,191237,78,7981
183178,191161,191239,78,7983
183178,191163,191244,81,7985
183178,191163,191244,81,7985
183178,191168,191244,76,7990
183178,191174,191247,73,7996
183178,191182,191252,70,8004
183178,191178,191252,74,8000
183178,191189,191252,63,8011
183178,191184,191255,71,8006
183178,191182,191255,73,8004
183178,191190,191257,67,8012
183178,191190,191260,70,8012
183178,191192,191259,67,8014
183178,191197,191260,63,8019
183178,191186,191261,75,8008
183178,191188,191263,75,8010
183178,191200,191265,65,8022
183178,191186,191266,80,8008
183178,191185,191266,81,8007
183178,191208,191267,59,8030
183178,191195,191269,74,8017
183435,191212,191269,57,7777
183178,191190,191270,80,8012
183435,191211,191271,60,7776
183178,191205,191273,68,8027
183178,191203,191275,72,8025
183435,191212,191275,63,7777
183435,191212,191276,64,7777
183178,191202,191276,74,8024
183178,191202,191277,75,8024
183178,191202,191277,75,8024
183178,191210,191279,69,8032
183435,191219,191279,60,7784
183435,191213,191279,66,7778
183178,191209,191280,71,8031
183178,191202,191280,78,8024
183435,191217,191281,64,7782
183178,191182,191256,74,8004
183178,191199,191278,79,8021
183178,191204,191269,65,8026
183178,191209,191283,74,8031
183435,191222,191285,63,7787
183435,191230,191285,55,7795
183435,191217,191285,68,7782
183435,191225,191287,62,7790
183435,191230,191288,58,7795
183435,191228,191288,60,7793
183435,191231,191289,58,7796
183435,191218,191289,71,7783
183435,191224,191289,65,7789
183435,191227,191290,63,7792
183435,191227,191290,63,7792
183435,191223,191290,67,7788
183435,191231,191292,61,7796
183435,191223,191292,69,7788
183435,191232,191294,62,7797
183435,191233,191294,61,7798
183178,191210,191294,84,8032
183435,191225,191295,70,7790
183435,191224,191295,71,7789
183435,191214,191295,81,7779
183435,191227,191295,68,7792
183435,191224,191295,71,7789
183435,191224,191296,72,7789
183435,191229,191296,67,7794
183435,191214,191297,83,7779
183435,191235,191298,63,7800
183435,191224,191300,76,7789
183435,191232,191303,71,7797
183435,191238,191303,65,7803
183435,191238,191305,67,7803
183435,191237,191307,70,7802
183435,191240,191308,68,7805
183435,191237,191309,72,7802
183435,191236,191311,75,7801
183435,191245,191317,72,7810
183435,191244,191318,74,7809
183435,191260,191323,63,7825
183435,191253,191323,70,7818
183435,191245,191323,78,7810
183435,191252,191325,73,7817
183435,191252,191325,73,7817
183435,191256,191326,70,7821
183435,191255,191327,72,7820
183435,191258,191329,71,7823
183435,191260,191328,68,7825
183435,191260,191329,69,7825
183435,191266,191335,69,7831
183435,191261,191337,76,7826
183435,191270,191337,67,7835
183435,191263,191340,77,7828
183435,191267,191340,73,7832
183435,191269,191341,72,7834
183435,191278,191343,65,7843
183435,191271,191343,72,7836
183435,191267,191345,78,7832
183435,191281,191344,63,7846
183435,191281,191346,65,7846
183435,191275,191346,71,7840
183435,191278,191348,70,7843
183435,191268,191347,79,7833
183435,191274,191348,74,7839
183435,191283,191348,65,7848
183435,191270,191350,80,7835
183435,191279,191350,71,7844
183435,191279,191351,72,7844
183435,191275,191352,77,7840
183435,191277,191351,74,7842
183435,191281,191351,70,7846
183435,191276,191352,76,7841
183435,191283,191352,69,7848
183435,191280,191353,73,7845
183435,191283,191354,71,7848
183435,191285,191355,70,7850
183435,191286,191355,69,7851
183435,191289,191356,67,7854
183435,191288,191356,68,7853
183435,191291,191360,69,7856
183435,191283,191360,77,7848
183435,191290,191361,71,7855
183435,191290,191361,71,7855
183435,191296,191361,65,7861
183435,191289,191362,73,7854
183435,191285,191362,77,7850
183435,191291,191362,71,7856
183435,191283,191362,79,7848
183435,191296,191363,67,7861
183435,191297,191364,67,7862
183435,191292,191365,73,7857
183435,191290,191365,75,7855
183435,191295,191366,71,7860
183435,191295,191368,73,7860
183435,191297,191368,71,7862
183435,191291,191367,76,7856
183435,191296,191368,72,7861
183435,191294,191368,74,7859
183435,191294,191368,74,7859
183435,191296,191369,73,7861
183435,191298,191370,72,7863
183435,191293,191369,76,7858
183435,191294,191371,77,7859
183435,191300,191376,76,7865
183435,191304,191376,72,7869
183435,191303,191376,73,7868
183435,191336,191378,42,7901
183435,191340,191379,39,7905
183435,191343,191379,36,7908
183435,191343,191380,37,7908
183435,191305,191380,75,7870
183435,191341,191382,41,7906
183435,191309,191382,73,7874
183435,191338,191382,44,7903
183435,191345,191384,39,7910
183435,191308,191384,76,7873
183435,191307,191386,79,7872
183435,191338,191386,48,7903
183435,191330,191386,56,7895
183435,191340,191386,46,7905
183435,191311,191387,76,7876
183435,191347,191387,40,7912
183435,191326,191390,64,7891
183435,191323,191390,67,7888
183435,191345,191390,45,7910
183435,191318,191391,73,7883
183435,191319,191391,72,7884
183435,191348,191392,44,7913
183435,191348,191392,44,7913
183435,191326,191393,67,7891
183435,191348,191394,46,7913
183435,191347,191395,48,7912
183435,191323,191396,73,7888
183435,191324,191397,73,7889
183435,191326,191399,73,7891
183435,191327,191400,73,7892
183435,191329,191402,73,7894
183435,191329,191403,74,7894
183435,191349,191404,55,7914
183435,191351,191405,54,7916
183435,191350,191405,55,7915
183435,191353,191408,55,7918
183435,191352,191409,57,7917
183435,191351,191409,58,7916
183435,191352,191410,58,7917
183435,191352,191416,64,7917
183435,191354,191418,64,7919
183435,191356,191420,64,7921
183435,191355,191421,66,7920
183435,191362,191425,63,7927
183435,191353,191426,73,7918
183435,191357,191428,71,7922
183435,191356,191428,72,7921
183435,191362,191429,67,7927
183435,191363,191430,67,7928
183435,191361,191431,70,7926
183435,191363,191433,70,7928
183435,191357,191434,77,7922
183435,191365,191434,69,7930
183435,191361,191434,73,7926
183435,191362,191437,75,7927
183435,191365,191437,72,7930
183435,191368,191437,69,7933
183435,191362,191438,76,7927
183435,191367,191439,72,7932
183435,191368,191441,73,7933
183435,191366,191443,77,7931
183435,191363,191443,80,7928
181992,190050,191444,1394,8058
183435,191370,191444,74,7935
183435,191368,191444,76,7933
183435,191371,191445,74,7936
183435,191381,191445,64,7946
183435,191369,191446,77,7934
183435,191363,191447,84,7928
183435,191369,191447,78,7934
183435,191376,191448,72,7941
183435,191368,191449,81,7933
183435,191382,191451,69,7947
183435,191368,191451,83,7933
183435,191378,191452,74,7943
183435,191370,191452,82,7935
183435,191376,191453,77,7941
183435,191380,191454,74,7945
183435,191384,191455,71,7949
183435,191391,191456,65,7956
183435,191376,191456,80,7941
183435,191380,191457,77,7945
183435,191386,191459,73,7951
183435,191381,191460,79,7946
183435,191383,191462,79,7948
183435,191386,191462,76,7951
183435,191387,191462,75,7952
183435,191386,191462,76,7951
183435,191392,191462,70,7957
183435,191393,191463,70,7958
183435,191385,191463,78,7950
183435,191391,191464,73,7956
183435,191387,191466,79,7952
183435,191383,191467,84,7948
183435,191390,191468,78,7955
183435,191387,191468,81,7952
183435,191397,191469,72,7962
183435,191393,191470,77,7958
183435,191393,191470,77,7958
183435,191395,191471,76,7960
183435,191402,191472,70,7967
183435,191395,191473,78,7960
183435,191397,191473,76,7962
183435,191400,191474,74,7965
183435,191400,191475,75,7965
183435,191406,191476,70,7971
183435,191391,191476,85,7956
183435,191404,191477,73,7969
183435,191404,191477,73,7969
183435,191405,191479,74,7970
183435,191409,191482,73,7974
183435,191409,191483,74,7974
183435,191409,191484,75,7974
183435,191411,191491,80,7976
183435,191419,191491,72,7984
183435,191417,191493,76,7982
183435,191435,191497,62,8000
183435,191422,191497,75,7987
183435,191420,191498,78,7985
183435,191429,191500,71,7994
183435,191427,191500,73,7992
183435,191428,191501,73,7993
183435,191426,191501,75,7991
183435,191434,191506,72,7999
183435,191434,191506,72,7999
183435,191432,191507,75,7997
183435,191431,191506,75,7996
183667,191448,191508,60,7781
183435,191434,191508,74,7999
183435,191438,191510,72,8003
183435,191441,191512,71,8006
183435,191443,191512,69,8008
183435,191445,191513,68,8010
183435,191438,191513,75,8003
183435,191438,191514,76,8003
183435,191440,191513,73,8005
183435,191446,191516,70,8011
183435,191446,191518,72,8011
183435,191439,191517,78,8004
183667,191451,191519,68,7784
183667,191449,191519,70,7782
183667,191460,191519,59,7793
183667,191463,191520,57,7796
183667,191449,191520,71,7782
183435,191444,191521,77,8009
183435,191444,191522,78,8009
183667,191452,191522,70,7785
183435,191445,191522,77,8010
183667,191468,191522,54,7801
183667,191464,191523,59,7797
183667,191448,191523,75,7781
183667,191457,191523,66,7790
183667,191468,191523,55,7801
183667,191453,191524,71,7786
183667,191465,191524,59,7798
183667,191451,191524,73,7784
183667,191454,191525,71,7787
183435,191429,191509,80,7994
183667,191454,191524,70,7787
183667,191456,191520,64,7789
183667,191472,191524,52,7805
183667,191469,191526,57,7802
183667,191463,191527,64,7796
183667,191456,191527,71,7789
183667,191467,191527,60,7800
183667,191457,191527,70,7790
183667,191462,191529,67,7795
183667,191460,191530,70,7793
183667,191471,191533,62,7804
183667,191463,191533,70,7796
183667,191475,191535,60,7808
183667,191463,191535,72,7796
183667,191463,191536,73,7796
183667,191474,191536,62,7807
183667,191472,191538,66,7805
183667,191471,191539,68,7804
183667,191477,191539,62,7810
183667,191470,191540,70,7803
183667,191473,191541,68,7806
183667,191476,191544,68,7809
183667,191476,191549,73,7809
183667,191478,191549,71,7811
183667,191483,191551,68,7816
183667,191484,191551,67,7817
183667,191478,191552,74,7811
183667,191480,191552,72,7813
183667,191484,191557,73,7817
183667,191491,191560,69,7824
183667,191494,191564,70,7827
183667,191492,191566,74,7825
183667,191501,191567,66,7834
183667,191497,191569,72,7830
183667,191500,191569,69,7833
183667,191498,191570,72,7831
183667,191502,191573,71,7835
183667,191502,191573,71,7835
183667,191497,191575,78,7830
183667,191507,191577,70,7840
183667,191506,191578,72,7839
183667,191514,191579,65,7847
183667,191510,191580,70,7843
183667,191508,191581,73,7841
183667,191513,191581,68,7846
183667,191520,191581,61,7853
183667,191507,191583,76,7840
183667,191512,191584,72,7845
183667,191517,191586,69,7850
183667,191508,191586,78,7841
183667,191519,191587,68,7852
183667,191513,191588,75,7846
183667,191513,191589,76,7846
183667,191523,191589,66,7856
183667,191523,191590,67,7856
183667,191523,191589,66,7856
183667,191521,191589,68,7854
183667,191523,191589,66,7856
183667,191524,191590,66,7857
183667,191518,191591,73,7851
183667,191520,191591,71,7853
183667,191520,191592,72,7853
183667,191522,191591,69,7855
183667,191526,191592,66,7859
183667,191521,191593,72,7854
183667,191514,191595,81,7847
183667,191525,191595,70,7858
183667,191525,191597,72,7858
183667,191524,191596,72,7857
183667,191524,191596,72,7857
183667,191526,191597,71,7859
183667,191527,191597,70,7860
183667,191526,191598,72,7859
183667,191522,191598,76,7855
183667,191526,191598,72,7859
183667,191528,191599,71,7861
183667,191526,191601,75,7859
183667,191523,191601,78,7856
183667,191531,191601,70,7864
183667,191526,191603,77,7859
183667,191535,191605,70,7868
183667,191528,191605,77,7861
183667,191526,191605,79,7859
183667,191533,191606,73,7866
183667,191530,191606,76,7863
183667,191528,191607,79,7861
183667,191536,191608,72,7869
183667,191535,191608,73,7868
183667,191540,191611,71,7873
183667,191533,191611,78,7866
183667,191539,191612,73,7872
183667,191539,191612,73,7872
183667,191537,191613,76,7870
183667,191542,191613,71,7875
183667,191576,191615,39,7909
183667,191579,191614,35,7912
183667,191582,191615,33,7915
183667,191578,191615,37,7911
183667,191539,191616,77,7872
183667,191582,191617,35,7915
183667,191581,191617,36,7914
183667,191574,191619,45,7907
183667,191580,191618,38,7913
183667,191552,191620,68,7885
183667,191545,191620,75,7878
183667,191549,191622,73,7882
183667,191574,191623,49,7907
183667,191584,191623,39,7917
183667,191550,191624,74,7883
183667,191571,191624,53,7904
183667,191552,191626,74,7885
183667,191552,191627,75,7885
183667,191584,191628,44,7917
183667,191558,191628,70,7891
183667,191589,191630,41,7922
183667,191552,191631,79,7885
183667,191561,191632,71,7894
183667,191564,191632,68,7897
183667,191582,191632,50,7915
183667,191586,191634,48,7919
183667,191590,191634,44,7923
183667,191587,191635,48,7920
183667,191567,191636,69,7900
183667,191590,191636,46,7923
183667,191587,191638,51,7920
183667,191590,191639,49,7923
183667,191570,191639,69,7903
183667,191590,191640,50,7923
183667,191592,191641,49,7925
183667,191570,191643,73,7903
183667,191568,191644,76,7901
183667,191594,191647,53,7927
183667,191592,191647,55,7925
183667,191590,191648,58,7923
183667,191590,191652,62,7923
183667,191590,191652,62,7923
183667,191595,191655,60,7928
183667,191598,191657,59,7931
183667,191598,191658,60,7931
183667,191597,191659,62,7930
183667,191592,191659,67,7925
183667,191597,191660,63,7930
183667,191591,191661,70,7924
183667,191593,191663,70,7926
183667,191599,191665,66,7932
183667,191595,191667,72,7928
182241,190273,191668,1395,8032
183667,191597,191669,72,7930
183667,191598,191670,72,7931
183667,191599,191671,72,7932
183667,191598,191672,74,7931
183667,191602,191675,73,7935
183667,191601,191675,74,7934
183667,191603,191676,73,7936
183667,191601,191676,75,7934
183667,191613,191679,66,7946
183667,191607,191682,75,7940
183667,191616,191681,65,7949
183667,191612,191682,70,7945
183667,191605,191683,78,7938
183667,191609,191683,74,7942
183667,191615,191684,69,7948
183667,191605,191685,80,7938
183667,191608,191685,77,7941
183667,191618,191685,67,7951
183667,191606,191686,80,7939
183667,191614,191686,72,7947
183667,191608,191689,81,7941
183667,191617,191689,72,7950
183667,191616,191689,73,7949
183667,191612,191690,78,7945
183667,191609,191691,82,7942
183667,191613,191692,79,7946
183667,191612,191693,81,7945
183667,191627,191693,66,7960
183667,191620,191694,74,7953
183667,191615,191694,79,7948
183667,191618,191695,77,7951
183667,191623,191695,72,7956
183667,191620,191696,76,7953
183667,191619,191696,77,7952
183667,191623,191696,73,7956
183667,191627,191697,70,7960
183667,191623,191697,74,7956
183667,191629,191698,69,7962
183667,191625,191698,73,7958
183667,191619,191698,79,7952
183667,191632,191702,70,7965
183667,191625,191703,78,7958
183667,191632,191706,74,7965
183667,191632,191706,74,7965
183667,191649,191706,57,7982
183667,191633,191706,73,7966
183667,191628,191708,80,7961
183667,191633,191711,78,7966
183667,191640,191710,70,7973
183667,191640,191711,71,7973
183667,191637,191711,74,7970
183667,191636,191712,76,7969
183667,191636,191712,76,7969
183667,191641,191714,73,7974
183667,191634,191713,79,7967
183667,191648,191714,66,7981
183667,191634,191715,81,7967
183667,191639,191715,76,7972
183667,191640,191719,79,7973
183667,191643,191719,76,7976
183667,191653,191721,68,7986
183667,191648,191722,74,7981
183667,191645,191723,78,7978
183667,191652,191723,71,7985
183667,191656,191725,69,7989
183667,191657,191726,69,7990
183667,191660,191729,69,7993
183667,191660,191730,70,7993
183667,191658,191732,74,7991
183667,191661,191735,74,7994
183667,191663,191735,72,7996
183667,191675,191736,61,8008
183667,191665,191738,73,7998
183667,191660,191738,78,7993
183667,191669,191739,70,8002
183667,191669,191743,74,8002
183667,191675,191744,69,8008
183885,191685,191746,61,7800
183667,191680,191747,67,8013
183667,191683,191749,66,8016
183667,191682,191749,67,8015
183667,191668,191749,81,8001
183885,191690,191750,60,7805
183885,191694,191750,56,7809
183667,191677,191750,73,8010
183885,191687,191751,64,7802
183667,191682,191752,70,8015
183885,191685,191752,67,7800
183667,191672,191753,81,8005
183885,191691,191753,62,7806
183667,191673,191754,81,8006
183885,191694,191755,61,7809
183885,191686,191756,70,7801
183885,191698,191756,58,7813
183885,191696,191757,61,7811
183667,191671,191741,70,8004
183885,191699,191749,50,7814
183885,191685,191757,72,7800
183667,191676,191758,82,8009
183885,191689,191758,69,7804
183885,191699,191759,60,7814
183885,191685,191759,74,7800
183885,191693,191760,67,7808
183885,191689,191760,71,7804
183885,191697,191760,63,7812
183667,191682,191761,79,8015
183885,191706,191762,56,7821
183885,191706,191762,56,7821
183885,191706,191763,57,7821
183885,191696,191764,68,7811
183885,191699,191764,65,7814
183885,191695,191765,70,7810
183885,191697,191765,68,7812
183885,191706,191766,60,7821
183885,191694,191766,72,7809
183885,191703,191766,63,7818
183885,191692,191766,74,7807
183885,191697,191767,70,7812
183885,191695,191768,73,7810
183885,191711,191768,57,7826
183885,191702,191770,68,7817
183885,191709,191772,63,7824
183885,191712,191773,61,7827
183885,191711,191773,62,7826
183885,191713,191776,63,7828
183885,191714,191778,64,7829
183885,191714,191781,67,7829
183885,191712,191781,69,7827
183885,191712,191783,71,7827
183885,191715,191788,73,7830
183885,191724,191787,63,7839
183885,191719,191788,69,7834
183885,191716,191790,74,7831
183885,191729,191793,64,7844
183885,191716,191794,78,7831
183885,191722,191794,72,7837
183885,191719,191794,75,7834
183885,191721,191795,74,7836
183885,191733,191797,64,7848
183885,191725,191798,73,7840
183885,191727,191799,72,7842
183885,191723,191799,76,7838
183885,191737,191805,68,7852
183885,191744,191808,64,7859
183885,191736,191808,72,7851
183885,191739,191808,69,7854
183885,191735,191809,74,7850
183885,191745,191809,64,7860
183885,191739,191810,71,7854
183885,191739,191811,72,7854
183885,191753,191816,63,7868
183885,191747,191819,72,7862
183885,191750,191819,69,7865
183885,191748,191819,71,7863
183885,191750,191819,69,7865
183885,191754,191820,66,7869
183885,191754,191820,66,7869
183885,191755,191820,65,7870
183885,191750,191820,70,7865
183885,191751,191821,70,7866
183885,191750,191821,71,7865
183885,191757,191824,67,7872
183885,191750,191823,73,7865
183885,191755,191825,70,7870
183885,191759,191826,67,7874
183885,191758,191828,70,7873
183885,191758,191829,71,7873
183885,191756,191829,73,7871
183885,191757,191829,72,7872
183885,191760,191829,69,7875
183885,191759,191830,71,7874
183885,191758,191829,71,7873
183885,191758,191831,73,7873
183885,191762,191831,69,7877
183885,191750,191831,81,7865
183885,191765,191831,66,7880
183885,191761,191831,70,7876
183885,191763,191832,69,7878
183885,191753,191832,79,7868
183885,191759,191832,73,7874
183885,191760,191834,74,7875
183885,191761,191834,73,7876
183885,191766,191834,68,7881
183885,191765,191837,72,7880
183885,191761,191837,76,7876
183885,191766,191837,71,7881
183885,191769,191838,69,7884
183885,191771,191838,67,7886
183885,191763,191838,75,7878
183885,191769,191838,69,7884
183885,191766,191842,76,7881
183885,191773,191842,69,7888
183885,191809,191842,33,7924
183885,191806,191843,37,7921
183885,191767,191843,76,7882
183885,191767,191843,76,7882
183885,191766,191844,78,7881
183885,191774,191844,70,7889
183885,191774,191844,70,7889
183885,191810,191845,35,7925
183885,191777,191846,69,7892
183885,191800,191846,46,7915
183885,191808,191847,39,7923
183885,191808,191848,40,7923
183885,191778,191848,70,7893
183885,191800,191848,48,7915
183885,191768,191849,81,7883
183885,191781,191849,68,7896
183885,191812,191849,37,7927
183885,191810,191850,40,7925
183885,191782,191853,71,7897
183885,191811,191853,42,7926
183885,191799,191855,56,7914
183885,191819,191858,39,7934
183885,191820,191859,39,7935
183885,191820,191860,40,7935
183885,191788,191860,72,7903
183885,191816,191860,44,7931
183885,191820,191861,41,7935
183885,191789,191862,73,7904
183885,191820,191864,44,7935
183885,191794,191864,70,7909
183885,191784,191865,81,7899
183885,191791,191865,74,7906
183885,191821,191867,46,7936
183885,191795,191866,71,7910
183885,191820,191868,48,7935
183885,191788,191869,81,7903
183885,191822,191869,47,7937
183885,191796,191870,74,7911
183885,191795,191870,75,7910
183885,191820,191871,51,7935
183885,191824,191873,49,7939
183885,191795,191875,80,7910
183885,191824,191875,51,7939
183885,191797,191876,79,7912
183885,191821,191877,56,7936
183885,191829,191878,49,7944
183885,191826,191878,52,7941
183885,191830,191883,53,7945
183885,191831,191885,54,7946
183885,191829,191886,57,7944
183885,191830,191886,56,7945
183885,191830,191887,57,7945
183885,191827,191888,61,7942
183885,191830,191889,59,7945
183885,191832,191888,56,7947
183885,191832,191890,58,7947
183885,191832,191891,59,7947
183885,191833,191897,64,7948
183885,191832,191899,67,7947
183885,191835,191901,66,7950
183885,191830,191902,72,7945
183885,191832,191902,70,7947
183885,191834,191903,69,7949
183885,191837,191904,67,7952
183885,191832,191905,73,7947
182441,190508,191907,1399,8067
183885,191837,191906,69,7952
183885,191837,191906,69,7952
183885,191835,191907,72,7950
183885,191844,191908,64,7959
183885,191838,191909,71,7953
183885,191846,191910,64,7961
183885,191843,191910,67,7958
183885,191839,191911,72,7954
183885,191845,191911,66,7960
183885,191842,191913,71,7957
183885,191838,191913,75,7953
183885,191844,191915,71,7959
183885,191844,191915,71,7959
183885,191838,191915,77,7953
183885,191842,191916,74,7957
183885,191843,191915,72,7958
183885,191849,191916,67,7964
183885,191844,191916,72,7959
183885,191848,191917,69,7963
183885,191848,191917,69,7963
183885,191850,191920,70,7965
183885,191848,191920,72,7963
183885,191849,191921,72,7964
183885,191853,191921,68,7968
183885,191847,191921,74,7962
183885,191855,191922,67,7970
183885,191844,191923,79,7959
183885,191850,191924,74,7965
183885,191849,191925,76,7964
183885,191861,191927,66,7976
183885,191858,191933,75,7973
183885,191860,191933,73,7975
183885,191866,191935,69,7981
183885,191854,191936,82,7969
183885,191866,191935,69,7981
183885,191861,191937,76,7976
183885,191865,191936,71,7980
183885,191865,191938,73,7980
183885,191861,191939,78,7976
183885,191869,191939,70,7984
183885,191862,191939,77,7977
183885,191871,191941,70,7986
183885,191867,191943,76,7982
183885,191871,191943,72,7986
183885,191879,191944,65,7994
183885,191868,191944,76,7983
183885,191867,191944,77,7982
183885,191875,191945,70,7990
183885,191870,191945,75,7985
183885,191876,191946,70,7991
183885,191872,191946,74,7987
183885,191862,191949,87,7977
183885,191878,191950,72,7993
183885,191877,191950,73,7992
183885,191884,191950,66,7999
183885,191879,191951,72,7994
183885,191874,191955,81,7989
183885,191887,191955,68,8002
183885,191897,191957,60,8012
183885,191886,191957,71,8001
183885,191890,191957,67,8005
183885,191889,191958,69,8004
183885,191889,191963,74,8004
183885,191892,191964,72,8007
183885,191889,191965,76,8004
183885,191888,191966,78,8003
183885,191901,191967,66,8016
184388,191916,191968,52,7528
183885,191907,191968,61,8022
184388,191914,191969,55,7526
183885,191909,191970,61,8024
183885,191906,191971,65,8021
184388,191912,191972,60,7524
183885,191907,191972,65,8022
183885,191903,191972,69,8018
183885,191904,191973,69,8019
183885,191903,191975,72,8018
184388,191917,191975,58,7529
184388,191912,191976,64,7524
183885,191900,191977,77,8015
183885,191903,191978,75,8018
184388,191917,191978,61,7529
183885,191886,191960,74,8001
183885,191907,191981,74,8022
184388,191917,191981,64,7529
184388,191916,191981,65,7528
183885,191910,191982,72,8025
184388,191916,191981,65,7528
184388,191920,191982,62,7532
184388,191915,191983,68,7527
183885,191910,191983,73,8025
183885,191907,191985,78,8022
184388,191921,191985,64,7533
184388,191913,191986,73,7525
184388,191922,191986,64,7534
184388,191933,191986,53,7545
184388,191937,191987,50,7549
184388,191916,191987,71,7528
184388,191927,191987,60,7539
184388,191918,191988,70,7530
184388,191922,191987,65,7534
184388,191923,191990,67,7535
184388,191934,191990,56,7546
184388,191937,191992,55,7549
184388,191922,191993,71,7534
184388,191925,191993,68,7537
184388,191939,191994,55,7551
184388,191940,191994,54,7552
184388,191937,191996,59,7549
184388,191925,191996,71,7537
184388,191937,191997,60,7549
184388,191940,191999,59,7552
184388,191935,192000,65,7547
184388,191923,192003,80,7535
184388,191939,192003,64,7551
184388,191942,192003,61,7554
184388,191943,192005,62,7555
184388,191943,192007,64,7555
184388,191944,192010,66,7556
184388,191944,192011,67,7556
184388,191945,192015,70,7557
184388,191945,192015,70,7557
184388,191946,192016,70,7558
184388,191946,192020,74,7558
184388,191950,192019,69,7562
184388,191946,192020,74,7558
184388,191950,192020,70,7562
184388,191951,192022,71,7563
184388,191951,192023,72,7563
184388,191958,192024,66,7570
184388,191950,192024,74,7562
184388,191958,192025,67,7570
184388,191955,192027,72,7567
184388,191956,192029,73,7568
184388,191958,192030,72,7570
184388,191967,192032,65,7579
184388,191964,192035,71,7576
184388,191965,192038,73,7577
184388,191969,192039,70,7581
184388,191967,192039,72,7579
184388,191969,192039,70,7581
184388,191969,192040,71,7581
184388,191966,192040,74,7578
184388,191973,192041,68,7585
184388,191970,192041,71,7582
184388,191973,192042,69,7585
184388,191980,192043,63,7592
184388,191971,192044,73,7583
184388,191978,192045,67,7590
184388,191978,192046,68,7590
184388,191976,192046,70,7588
184388,191972,192047,75,7584
184388,191981,192048,67,7593
184388,191972,192049,77,7584
184388,191980,192049,69,7592
184388,191975,192049,74,7587
184388,191977,192050,73,7589
184388,191984,192052,68,7596
184388,191979,192052,73,7591
184388,191982,192052,70,7594
184388,191981,192053,72,7593
184388,191988,192054,66,7600
184388,191982,192054,72,7594
184388,191986,192055,69,7598
184388,191988,192056,68,7600
184388,191986,192057,71,7598
184388,191987,192057,70,7599
184388,191982,192057,75,7594
184388,191986,192058,72,7598
184388,191983,192059,76,7595
184388,191994,192059,65,7606
184388,191986,192061,75,7598
184388,191983,192061,78,7595
184388,191986,192062,76,7598
184388,191994,192064,70,7606
184388,191988,192064,76,7600
184388,191988,192064,76,7600
184388,191991,192065,74,7603
184388,191993,192064,71,7605
184388,191997,192065,68,7609
184388,191997,192066,69,7609
184388,191990,192066,76,7602
184388,191996,192067,71,7608
184388,191995,192070,75,7607
184388,192035,192072,37,7647
184388,191995,192073,78,7607
184388,192001,192074,73,7613
184388,192038,192075,37,7650
184388,192003,192076,73,7615
184388,192033,192076,43,7645
184388,192030,192077,47,7642
184388,191999,192077,78,7611
184388,192006,192077,71,7618
184388,192041,192079,38,7653
184388,192040,192079,39,7652
184388,192041,192079,38,7653
184388,192004,192079,75,7616
184388,192003,192080,77,7615
184388,192039,192081,42,7651
184388,192015,192081,66,7627
184388,192040,192082,42,7652
184388,192031,192083,52,7643
184388,192045,192083,38,7657
184388,192008,192084,76,7620
184388,192042,192086,44,7654
184388,192044,192088,44,7656
184388,192017,192088,71,7629
184388,192043,192089,46,7655
184388,192040,192089,49,7652
184388,192012,192090,78,7624
184388,192046,192090,44,7658
184388,192026,192090,64,7638
184388,192025,192091,66,7637
184388,192046,192090,44,7658
184388,192023,192092,69,7635
184388,192046,192092,46,7658
184388,192020,192093,73,7632
184388,192022,192093,71,7634
184388,192050,192093,43,7662
184388,192011,192094,83,7623
184388,192021,192094,73,7633
184388,192048,192095,47,7660
184388,192017,192096,79,7629
184388,192021,192097,76,7633
184388,192025,192100,75,7637
184388,192027,192101,74,7639
184388,192049,192101,52,7661
184388,192020,192101,81,7632
184388,192049,192103,54,7661
184388,192052,192104,52,7664
184388,192050,192106,56,7662
184388,192054,192108,54,7666
184388,192052,192108,56,7664
184388,192053,192111,58,7665
184388,192054,192110,56,7666
182707,190735,192113,1378,8028
184388,192050,192114,64,7662
184388,192060,192114,54,7672
184388,192058,192115,57,7670
184388,192059,192116,57,7671
184388,192060,192118,58,7672
184388,192055,192118,63,7667
184388,192061,192119,58,7673
184388,192058,192119,61,7670
184388,192055,192121,66,7667
184388,192057,192125,68,7669
184388,192057,192125,68,7669
184388,192062,192127,65,7674
184388,192065,192127,62,7677
184388,192063,192129,66,7675
184388,192064,192133,69,7676
184388,192067,192137,70,7679
184388,192065,192138,73,7677
184388,192067,192140,73,7679
184388,192066,192141,75,7678
184388,192077,192141,64,7689
184388,192065,192142,77,7677
184388,192064,192142,78,7676
184388,192075,192142,67,7687
184388,192078,192143,65,7690
184388,192073,192144,71,7685
184388,192067,192147,80,7679
184388,192079,192149,70,7691
184388,192075,192150,75,7687
184388,192089,192151,62,7701
184388,192070,192151,81,7682
184388,192080,192151,71,7692
184388,192077,192152,75,7689
184388,192082,192153,71,7694
184388,192080,192153,73,7692
184388,192078,192154,76,7690
184388,192089,192154,65,7701
184388,192080,192155,75,7692
184388,192084,192155,71,7696
184388,192097,192156,59,7709
184388,192082,192156,74,7694
184388,192084,192156,72,7696
184388,192085,192156,71,7697
184388,192089,192157,68,7701
184388,192076,192157,81,7688
184388,192091,192157,66,7703
184388,192094,192158,64,7706
184388,192091,192159,68,7703
184388,192081,192158,77,7693
184388,192082,192160,78,7694
184388,192095,192160,65,7707
184388,192095,192161,66,7707
184388,192087,192161,74,7699
184388,192073,192163,90,7685
184388,192090,192163,73,7702
184388,192093,192164,71,7705
184388,192092,192164,72,7704
184388,192088,192165,77,7700
184388,192091,192166,75,7703
184388,192093,192165,72,7705
184388,192090,192166,76,7702
184388,192104,192169,65,7716
184388,192094,192168,74,7706
184388,192102,192169,67,7714
184388,192095,192170,75,7707
184388,192100,192170,70,7712
184388,192097,192171,74,7709
184388,192111,192172,61,7723
184388,192101,192175,74,7713
184388,192115,192174,59,7727
184388,192104,192175,71,7716
184388,192109,192177,68,7721
184388,192120,192178,58,7732
184388,192113,192179,66,7725
184388,192117,192181,64,7729
184388,192119,192182,63,7731
184388,192106,192182,76,7718
184388,192108,192183,75,7720
184388,192101,192183,82,7713
184388,192111,192184,73,7723
184388,192116,192185,69,7728
184388,192127,192185,58,7739
184388,192115,192186,71,7727
184388,192125,192190,65,7737
184388,192119,192190,71,7731
184388,192118,192190,72,7730
184388,192122,192192,70,7734
184388,192126,192194,68,7738
184388,192127,192198,71,7739
184388,192130,192201,71,7742
184388,192141,192201,60,7753
184605,192150,192203,53,7545
184388,192134,192203,69,7746
184605,192143,192205,62,7538
184605,192145,192206,61,7540
184605,192161,192209,48,7556
184388,192142,192209,67,7754
184388,192138,192209,71,7750
184605,192151,192210,59,7546
184605,192152,192211,59,7547
184605,192154,192212,58,7549
184605,192158,192212,54,7553
184388,192137,192213,76,7749
184605,192157,192212,55,7552
184605,192162,192214,52,7557
184605,192147,192216,69,7542
184605,192153,192215,62,7548
184605,192164,192216,52,7559
184605,192144,192216,72,7539
184605,192158,192216,58,7553
184605,192158,192217,59,7553
184605,192163,192217,54,7558
184605,192159,192218,59,7554
184388,192141,192212,71,7753
184388,192142,192213,71,7754
184605,192152,192212,60,7547
184605,192153,192218,65,7548
184605,192167,192220,53,7562
184605,192155,192219,64,7550
184605,192156,192220,64,7551
184605,192157,192220,63,7552
184605,192166,192221,55,7561
184605,192154,192221,67,7549
184605,192152,192221,69,7547
184605,192158,192223,65,7553
184605,192157,192223,66,7552
184605,192161,192224,63,7556
184605,192164,192225,61,7559
184605,192166,192227,61,7561
184605,192159,192227,68,7554
184605,192166,192228,62,7561
184605,192156,192229,73,7551
184605,192157,192229,72,7552
184605,192165,192230,65,7560
184605,192162,192231,69,7557
184605,192169,192232,63,7564
184605,192173,192237,64,7568
184605,192169,192238,69,7564
184605,192170,192238,68,7565
184605,192169,192239,70,7564
184605,192171,192241,70,7566
184605,192175,192243,68,7570
184605,192171,192244,73,7566
184605,192179,192248,69,7574
184605,192185,192249,64,7580
184605,192175,192249,74,7570
184605,192184,192250,66,7579
184605,192183,192250,67,7578
184605,192178,192251,73,7573
184605,192175,192253,78,7570
184605,192183,192254,71,7578
184605,192180,192254,74,7575
184605,192185,192254,69,7580
184605,192183,192258,75,7578
184605,192182,192258,76,7577
184605,192186,192259,73,7581
184605,192191,192260,69,7586
184605,192190,192260,70,7585
184605,192193,192262,69,7588
184605,192182,192262,80,7577
184605,192190,192265,75,7585
184605,192195,192265,70,7590
184605,192202,192266,64,7597
184605,192199,192272,73,7594
184605,192202,192274,72,7597
184605,192203,192275,72,7598
184605,192210,192275,65,7605
184605,192204,192275,71,7599
184605,192206,192277,71,7601
184605,192209,192277,68,7604
184605,192212,192278,66,7607
184605,192209,192279,70,7604
184605,192212,192284,72,7607
184605,192212,192284,72,7607
184605,192213,192286,73,7608
184605,192215,192286,71,7610
184605,192211,192287,76,7606
184605,192216,192288,72,7611
184605,192213,192288,75,7608
184605,192219,192287,68,7614
184605,192217,192288,71,7612
184605,192217,192289,72,7612
184605,192221,192288,67,7616
184605,192219,192289,70,7614
184605,192219,192289,70,7614
184605,192222,192289,67,7617
184605,192216,192290,74,7611
184605,192217,192289,72,7612
184605,192219,192290,71,7614
184605,192219,192291,72,7614
184605,192221,192292,71,7616
184605,192217,192291,74,7612
184605,192221,192293,72,7616
184605,192255,192293,38,7650
184605,192219,192294,75,7614
184605,192218,192294,76,7613
184605,192223,192294,71,7618
184605,192225,192294,69,7620
184605,192220,192294,74,7615
184605,192227,192294,67,7622
184605,192222,192294,72,7617
184605,192224,192296,72,7619
184605,192220,192296,76,7615
184605,192226,192299,73,7621
184605,192228,192300,72,7623
184605,192258,192300,42,7653
184605,192254,192300,46,7649
184605,192260,192301,41,7655
184605,192255,192301,46,7650
184605,192259,192302,43,7654
184605,192260,192303,43,7655
184605,192261,192303,42,7656
184605,192228,192303,75,7623
184605,192232,192303,71,7627
184605,192229,192304,75,7624
184605,192263,192305,42,7658
184605,192231,192305,74,7626
184605,192262,192305,43,7657
184605,192266,192305,39,7661
184605,192251,192305,54,7646
184605,192265,192307,42,7660
184605,192229,192307,78,7624
184605,192231,192307,76,7626
184605,192255,192308,53,7650
184605,192239,192308,69,7634
184605,192267,192309,42,7662
184605,192250,192311,61,7645
184605,192274,192311,37,7669
184605,192245,192312,67,7640
184605,192238,192312,74,7633
184605,192273,192312,39,7668
184605,192239,192313,74,7634
184605,192244,192314,70,7639
184605,192241,192314,73,7636
184605,192240,192315,75,7635
184605,192275,192317,42,7670
184605,192275,192317,42,7670
184605,192248,192320,72,7643
184605,192250,192320,70,7645
184605,192278,192322,44,7673
184605,192250,192322,72,7645
184605,192275,192327,52,7670
184605,192250,192330,80,7645
184605,192278,192330,52,7673
184605,192279,192331,52,7674
184605,192279,192334,55,7674
184605,192285,192333,48,7680
184605,192287,192341,54,7682
184605,192289,192341,52,7684
184605,192285,192342,57,7680
184605,192289,192344,55,7684
184605,192288,192344,56,7683
184605,192287,192346,59,7682
184605,192289,192347,58,7684
184605,192287,192347,60,7682
184605,192288,192348,60,7683
184605,192288,192350,62,7683
184605,192290,192351,61,7685
184605,192289,192351,62,7684
184605,192289,192354,65,7684
184605,192294,192355,61,7689
184605,192291,192355,64,7686
184605,192289,192356,67,7684
184605,192294,192356,62,7689
184605,192292,192359,67,7687
184605,192292,192360,68,7687
184605,192302,192360,58,7697
184605,192290,192361,71,7685
184605,192295,192361,66,7690
184605,192295,192361,66,7690
184605,192295,192362,67,7690
184605,192294,192362,68,7689
184605,192291,192364,73,7686
184605,192295,192365,70,7690
184605,192294,192366,72,7689
184605,192301,192367,66,7696
184605,192296,192368,72,7691
184605,192311,192369,58,7706
184605,192301,192370,69,7696
184605,192305,192369,64,7700
184605,192300,192370,70,7695
184605,192304,192370,66,7699
184605,192301,192370,69,7696
182961,190975,192371,1396,8014
184605,192303,192371,68,7698
184605,192301,192371,70,7696
184605,192307,192372,65,7702
184605,192303,192373,70,7698
184605,192308,192373,65,7703
184605,192305,192373,68,7700
184605,192297,192375,78,7692
184605,192306,192375,69,7701
184605,192318,192376,58,7713
184605,192295,192377,82,7690
184605,192305,192378,73,7700
184605,192308,192378,70,7703
184605,192300,192379,79,7695
184605,192304,192379,75,7699
184605,192314,192380,66,7709
184605,192305,192381,76,7700
184605,192313,192380,67,7708
184605,192309,192382,73,7704
184605,192313,192384,71,7708
184605,192305,192385,80,7700
184605,192313,192385,72,7708
184605,192310,192385,75,7705
184605,192309,192386,77,7704
184605,192315,192386,71,7710
184605,192322,192386,64,7717
184605,192328,192388,60,7723
184605,192312,192388,76,7707
184605,192313,192390,77,7708
184605,192315,192392,77,7710
184605,192322,192393,71,7717
184605,192320,192393,73,7715
184605,192321,192393,72,7716
184605,192318,192395,77,7713
184605,192334,192396,62,7729
184605,192331,192398,67,7726
184605,192331,192399,68,7726
184605,192331,192400,69,7726
184605,192334,192407,73,7729
184605,192345,192408,63,7740
184605,192351,192411,60,7746
184605,192342,192413,71,7737
184605,192345,192412,67,7740
184605,192347,192413,66,7742
184605,192342,192416,74,7737
184605,192352,192419,67,7747
184605,192357,192419,62,7752
184605,192348,192420,72,7743
184846,192366,192421,55,7520
184605,192355,192421,66,7750
184605,192348,192421,73,7743
184605,192348,192423,75,7743
184605,192362,192424,62,7757
184605,192356,192424,68,7751
184605,192352,192424,72,7747
184605,192362,192426,64,7757
184846,192371,192426,55,7525
184605,192360,192428,68,7755
184605,192360,192428,68,7755
184605,192360,192429,69,7755
184846,192369,192430,61,7523
184846,192368,192430,62,7522
184846,192380,192430,50,7534
184605,192356,192430,74,7751
184846,192374,192430,56,7528
184846,192370,192432,62,7524
184846,192381,192432,51,7535
184605,192362,192432,70,7757
184605,192361,192432,71,7756
184605,192365,192433,68,7760
184846,192369,192433,64,7523
184846,192381,192434,53,7535
184846,192373,192435,62,7527
184846,192373,192436,63,7527
184605,192362,192436,74,7757
184846,192379,192437,58,7533
184846,192370,192438,68,7524
184846,192371,192438,67,7525
184846,192379,192438,59,7533
184846,192385,192439,54,7539
184846,192373,192439,66,7527
184846,192370,192439,69,7524
184846,192371,192439,68,7525
184846,192375,192440,65,7529
184846,192387,192440,53,7541
184846,192376,192441,65,7530
184846,192385,192441,56,7539
184846,192385,192443,58,7539
184846,192385,192443,58,7539
184605,192341,192415,74,7736
184605,192356,192425,69,7751
184846,192370,192432,62,7524
184846,192372,192440,68,7526
184846,192381,192433,52,7535
184846,192383,192444,61,7537
184846,192388,192445,57,7542
184846,192377,192445,68,7531
184846,192379,192449,70,7533
184846,192387,192449,62,7541
184846,192387,192450,63,7541
184846,192393,192451,58,7547
184846,192393,192453,60,7547
184846,192378,192454,76,7532
184846,192391,192456,65,7545
184846,192393,192458,65,7547
184846,192394,192459,65,7548
184846,192389,192459,70,7543
184846,192395,192460,65,7549
184846,192397,192466,69,7551
184846,192398,192466,68,7552
184846,192400,192470,70,7554
184846,192400,192472,72,7554
184846,192414,192480,66,7568
184846,192412,192480,68,7566
184846,192413,192480,67,7567
184846,192408,192481,73,7562
184846,192409,192481,72,7563
184846,192421,192488,67,7575
184846,192417,192488,71,7571
184846,192419,192489,70,7573
184846,192422,192490,68,7576
184846,192422,192490,68,7576
184846,192425,192491,66,7579
184846,192421,192491,70,7575
184846,192428,192494,66,7582
184846,192430,192495,65,7584
184846,192425,192495,70,7579
184846,192431,192496,65,7585
184846,192426,192497,71,7580
184846,192420,192498,78,7574
184846,192423,192498,75,7577
184846,192428,192499,71,7582
184846,192431,192499,68,7585
184846,192426,192500,74,7580
184846,192433,192500,67,7587
184846,192433,192501,68,7587
184846,192425,192501,76,7579
184846,192431,192504,73,7585
184846,192431,192505,74,7585
184846,192432,192505,73,7586
184846,192440,192507,67,7594
184846,192434,192508,74,7588
184846,192440,192508,68,7594
184846,192438,192508,70,7592
184846,192436,192509,73,7590
184846,192436,192509,73,7590
184846,192440,192509,69,7594
184846,192436,192509,73,7590
184846,192441,192510,69,7595
184846,192434,192511,77,7588
184846,192444,192512,68,7598
184846,192431,192513,82,7585
184846,192438,192514,76,7592
184846,192433,192514,81,7587
184846,192444,192513,69,7598
184846,192445,192514,69,7599
184846,192442,192515,73,7596
184846,192446,192515,69,7600
184846,192441,192515,74,7595
184846,192433,192515,82,7587
184846,192444,192515,71,7598
184846,192443,192516,73,7597
184846,192439,192516,77,7593
184846,192444,192516,72,7598
184846,192444,192517,73,7598
184846,192446,192517,71,7600
184846,192449,192518,69,7603
184846,192439,192518,79,7593
184846,192444,192519,75,7598
184846,192444,192520,76,7598
184846,192439,192521,82,7593
184846,192454,192523,69,7608
184846,192442,192523,81,7596
184846,192449,192524,75,7603
184846,192454,192524,70,7608
184846,192452,192525,73,7606
184846,192451,192526,75,7605
184846,192460,192527,67,7614
184846,192456,192527,71,7610
184846,192490,192531,41,7644
184846,192496,192533,37,7650
184846,192492,192533,41,7646
184846,192490,192533,43,7644
184846,192499,192535,36,7653
184846,192494,192535,41,7648
184846,192467,192535,68,7621
184846,192461,192536,75,7615
184846,192492,192537,45,7646
184846,192488,192538,50,7642
184846,192488,192538,50,7642
184846,192482,192538,56,7636
184846,192467,192539,72,7621
184846,192459,192540,81,7613
184846,192458,192540,82,7612
184846,192500,192540,40,7654
184846,192499,192541,42,7653
184846,192496,192540,44,7650
184846,192495,192542,47,7649
184846,192501,192542,41,7655
184846,192498,192542,44,7652
184846,192501,192544,43,7655
184846,192500,192545,45,7654
184846,192481,192545,64,7635
184846,192472,192545,73,7626
184846,192489,192546,57,7643
184846,192471,192547,76,7625
184846,192501,192548,47,7655
184846,192502,192550,48,7656
184846,192508,192552,44,7662
184846,192480,192554,74,7634
184846,192480,192556,76,7634
184846,192505,192557,52,7659
184846,192511,192559,48,7665
184846,192481,192559,78,7635
184846,192510,192560,50,7664
184846,192510,192562,52,7664
184846,192510,192562,52,7664
184846,192508,192562,54,7662
184846,192506,192565,59,7660
184846,192506,192567,61,7660
184846,192507,192568,61,7661
184846,192513,192569,56,7667
184846,192515,192573,58,7669
184846,192513,192574,61,7667
184846,192508,192575,67,7662
184846,192511,192576,65,7665
184846,192514,192577,63,7668
184846,192517,192578,61,7671
184846,192515,192579,64,7669
184846,192514,192578,64,7668
184846,192514,192579,65,7668
184846,192515,192580,65,7669
184846,192520,192580,60,7674
184846,192510,192580,70,7664
184846,192517,192581,64,7671
184846,192516,192581,65,7670
184846,192517,192584,67,7671
184846,192516,192587,71,7670
184846,192521,192589,68,7675
184846,192519,192590,71,7673
184846,192517,192591,74,7671
184846,192517,192591,74,7671
184846,192519,192591,72,7673
184846,192536,192592,56,7690
184846,192519,192592,73,7673
184846,192527,192594,67,7681
184846,192516,192594,78,7670
184846,192528,192595,67,7682
184846,192527,192595,68,7681
184846,192523,192596,73,7677
184846,192524,192598,74,7678
184846,192526,192599,73,7680
184846,192532,192599,67,7686
184846,192525,192599,74,7679
183181,191210,192600,1390,8029
184846,192525,192602,77,7679
184846,192537,192603,66,7691
184846,192535,192604,69,7689
184846,192533,192604,71,7687
184846,192539,192605,66,7693
184846,192536,192606,70,7690
184846,192533,192607,74,7687
184846,192534,192607,73,7688
184846,192536,192608,72,7690
184846,192539,192608,69,7693
184846,192541,192610,69,7695
184846,192543,192612,69,7697
184846,192540,192612,72,7694
184846,192539,192612,73,7693
184846,192540,192613,73,7694
184846,192541,192613,72,7695
184846,192539,192614,75,7693
184846,192540,192615,75,7694
184846,192543,192616,73,7697
184846,192546,192616,70,7700
184846,192545,192616,71,7699
184846,192549,192617,68,7703
184846,192548,192620,72,7702
184846,192557,192622,65,7711
184846,192545,192622,77,7699
184846,192550,192622,72,7704
184846,192543,192623,80,7697
184846,192545,192625,80,7699
184846,192552,192625,73,7706
184846,192547,192626,79,7701
184846,192558,192628,70,7712
184846,192562,192630,68,7716
184846,192569,192633,64,7723
184846,192576,192633,57,7730
184846,192565,192634,69,7719
184846,192554,192634,80,7708
184846,192568,192635,67,7722
184846,192559,192635,76,7713
184846,192560,192638,78,7714
184846,192579,192640,61,7733
184846,192569,192640,71,7723
184846,192578,192641,63,7732
184846,192580,192643,63,7734
184846,192560,192644,84,7714
184846,192573,192645,72,7727
184846,192575,192646,71,7729
184846,192562,192647,85,7716
184859,192593,192647,54,7734
184846,192563,192649,86,7717
184859,192594,192649,55,7735
184846,192578,192651,73,7732
184846,192579,192652,73,7733
184846,192580,192651,71,7734
184859,192596,192653,57,7737
184846,192575,192653,78,7729
184846,192580,192653,73,7734
184846,192581,192654,73,7735
184846,192585,192654,69,7739
184859,192595,192656,61,7736
184846,192587,192657,70,7741
184859,192597,192658,61,7738
184859,192608,192659,51,7749
184859,192603,192659,56,7744
184859,192609,192660,51,7750
184846,192590,192661,71,7744
184846,192589,192663,74,7743
184859,192611,192663,52,7752
184846,192591,192663,72,7745
184859,192598,192664,66,7739
184859,192607,192665,58,7748
184859,192599,192665,66,7740
184859,192599,192665,66,7740
184859,192612,192666,54,7753
184859,192600,192666,66,7741
184846,192580,192648,68,7734
184846,192581,192654,73,7735
184859,192593,192658,65,7734
184859,192593,192654,61,7734
184859,192595,192659,64,7736
184859,192609,192668,59,7750
184859,192599,192669,70,7740
184859,192606,192670,64,7747
184859,192606,192670,64,7747
184859,192605,192671,66,7746
184859,192617,192671,54,7758
184859,192604,192671,67,7745
184859,192616,192673,57,7757
184859,192614,192674,60,7755
184859,192614,192674,60,7755
184859,192613,192677,64,7754
184859,192617,192677,60,7758
184859,192614,192678,64,7755
184859,192612,192678,66,7753
184859,192617,192678,61,7758
184859,192620,192678,58,7761
184859,192603,192678,75,7744
184859,192624,192679,55,7765
184859,192617,192683,66,7758
184859,192623,192683,60,7764
184859,192623,192685,62,7764
184859,192623,192687,64,7764
184859,192626,192696,70,7767
184859,192631,192697,66,7772
184859,192626,192697,71,7767
184859,192626,192698,72,7767
184859,192628,192698,70,7769
184859,192635,192700,65,7776
184859,192633,192703,70,7774
184859,192635,192705,70,7776
184859,192645,192706,61,7786
184859,192639,192707,68,7780
184859,192634,192706,72,7775
184859,192636,192707,71,7777
184859,192635,192709,74,7776
184859,192640,192710,70,7781
184859,192647,192711,64,7788
184859,192641,192712,71,7782
184859,192648,192715,67,7789
184859,192643,192716,73,7784
184859,192652,192718,66,7793
184859,192649,192718,69,7790
184859,192650,192720,70,7791
184859,192647,192720,73,7788
184859,192653,192722,69,7794
184859,192652,192722,70,7793
184859,192646,192721,75,7787
184859,192653,192722,69,7794
184859,192654,192724,70,7795
184859,192658,192725,67,7799
184859,192652,192727,75,7793
184859,192654,192726,72,7795
184859,192660,192726,66,7801
184859,192662,192727,65,7803
184859,192661,192729,68,7802
184859,192664,192730,66,7805
184859,192660,192730,70,7801
184859,192663,192730,67,7804
184859,192657,192731,74,7798
184859,192666,192732,66,7807
184859,192658,192732,74,7799
184859,192665,192732,67,7806
184859,192668,192733,65,7809
184859,192654,192733,79,7795
184859,192670,192735,65,7811
184859,192666,192736,70,7807
184859,192669,192735,66,7810
184859,192666,192736,70,7807
184859,192664,192739,75,7805
184859,192670,192739,69,7811
184859,192667,192739,72,7808
184859,192668,192739,71,7809
184859,192668,192740,72,7809
184859,192668,192740,72,7809
184859,192668,192740,72,7809
184859,192672,192741,69,7813
184859,192667,192742,75,7808
184859,192668,192742,74,7809
184859,192671,192743,72,7812
184859,192671,192744,73,7812
184859,192674,192745,71,7815
184859,192678,192746,68,7819
184859,192671,192745,74,7812
184859,192674,192746,72,7815
184859,192679,192748,69,7820
184859,192679,192748,69,7820
184859,192679,192749,70,7820
184859,192678,192750,72,7819
184859,192680,192751,71,7821
184859,192679,192753,74,7820
184859,192677,192754,77,7818
184859,192674,192753,79,7815
184859,192684,192756,72,7825
184859,192686,192757,71,7827
184859,192687,192760,73,7828
184859,192683,192760,77,7824
184859,192697,192767,70,7838
184859,192699,192769,70,7840
184859,192703,192770,67,7844
184859,192716,192771,55,7857
184859,192718,192772,54,7859
184859,192698,192772,74,7839
184859,192698,192773,75,7839
184859,192697,192774,77,7838
184859,192706,192776,70,7847
184859,192713,192777,64,7854
184859,192723,192777,54,7864
184859,192722,192778,56,7863
184859,192700,192779,79,7841
184859,192707,192779,72,7848
184859,192705,192782,77,7846
184859,192707,192781,74,7848
184859,192720,192783,63,7861
184859,192707,192783,76,7848
184859,192722,192783,61,7863
184859,192722,192784,62,7863
184859,192710,192784,74,7851
184859,192711,192784,73,7852
184859,192725,192786,61,7866
184859,192719,192786,67,7860
184859,192717,192786,69,7858
184859,192712,192790,78,7853
184859,192720,192793,73,7861
184859,192731,192793,62,7872
184859,192734,192795,61,7875
184859,192725,192795,70,7866
184859,192732,192796,64,7873
184859,192739,192797,58,7880
184859,192727,192797,70,7868
184859,192728,192800,72,7869
184859,192736,192800,64,7877
184859,192735,192801,66,7876
184859,192731,192801,70,7872
184859,192727,192802,75,7868
184859,192741,192802,61,7882
184859,192737,192802,65,7878
184859,192730,192803,73,7871
184859,192732,192803,71,7873
184859,192733,192804,71,7874
184859,192732,192803,71,7873
184859,192739,192804,65,7880
184859,192743,192804,61,7884
184859,192739,192805,66,7880
184859,192740,192807,67,7881
184859,192732,192806,74,7873
184859,192727,192808,81,7868
184859,192744,192808,64,7885
184859,192736,192810,74,7877
184859,192729,192810,81,7870
184859,192740,192811,71,7881
184859,192741,192811,70,7882
184859,192746,192811,65,7887
184859,192742,192812,70,7883
184859,192746,192812,66,7887
184859,192750,192812,62,7891
184859,192744,192813,69,7885
184859,192753,192814,61,7894
184859,192743,192815,72,7884
184859,192751,192815,64,7892
184859,192754,192817,63,7895
184859,192760,192817,57,7901
184859,192749,192819,70,7890
184859,192749,192818,69,7890
184859,192745,192819,74,7886
184859,192756,192820,64,7897
184859,192751,192820,69,7892
184859,192758,192820,62,7899
184859,192760,192821,61,7901
184859,192746,192823,77,7887
184859,192769,192826,57,7910
184859,192754,192826,72,7895
184859,192768,192830,62,7909
184859,192773,192832,59,7914
184859,192773,192836,63,7914
184859,192772,192839,67,7913
184859,192770,192841,71,7911
184859,192773,192840,67,7914
184859,192777,192841,64,7918
184859,192780,192841,61,7921
183438,191447,192844,1397,8009
184859,192774,192844,70,7915
184859,192784,192846,62,7925
184859,192779,192847,68,7920
184859,192782,192850,68,7923
184859,192785,192850,65,7926
184859,192784,192852,68,7925
184859,192784,192852,68,7925
184859,192783,192853,70,7924
184859,192778,192853,75,7919
184859,192777,192854,77,7918
184859,192786,192855,69,7927
184859,192783,192855,72,7924
184859,192784,192856,72,7925
184859,192787,192857,70,7928
184859,192793,192860,67,7934
184859,192779,192861,82,7920
184859,192786,192861,75,7927
184859,192798,192865,67,7939
184859,192791,192864,73,7932
184859,192796,192865,69,7937
184859,192803,192865,62,7944
184859,192795,192866,71,7936
184859,192810,192867,57,7951
184859,192806,192868,62,7947
184859,192801,192869,68,7942
184859,192809,192869,60,7950
184859,192807,192869,62,7948
184859,192796,192870,74,7937
184859,192804,192871,67,7945
184859,192811,192870,59,7952
184859,192793,192872,79,7934
184859,192811,192872,61,7952
184859,192812,192872,60,7953
184859,192813,192872,59,7954
184859,192809,192873,64,7950
184859,192803,192873,70,7944
184859,192798,192873,75,7939
184859,192811,192874,63,7952
185078,192819,192874,55,7741
184859,192813,192875,62,7954
184859,192800,192876,76,7941
184859,192801,192876,75,7942
184859,192807,192876,69,7948
184859,192804,192877,73,7945
184859,192803,192877,74,7944
184859,192811,192878,67,7952
184859,192814,192878,64,7955
184859,192815,192878,63,7956
185078,192821,192880,59,7743
184859,192812,192879,67,7953
185078,192817,192880,63,7739
185078,192820,192880,60,7742
185078,192819,192882,63,7741
184859,192803,192883,80,7944
185078,192826,192883,57,7748
185078,192822,192884,62,7744
185078,192818,192885,67,7740
184859,192805,192886,81,7946
185078,192821,192886,65,7743
185078,192830,192889,59,7752
185078,192823,192890,67,7745
185078,192821,192892,71,7743
184859,192802,192872,70,7943
184859,192803,192872,69,7944
184859,192804,192874,70,7945
185078,192833,192892,59,7755
185078,192836,192894,58,7758
185078,192845,192895,50,7767
185078,192841,192897,56,7763
185078,192826,192899,73,7748
185078,192840,192900,60,7762
185078,192847,192902,55,7769
185078,192841,192904,63,7763
185078,192847,192905,58,7769
185078,192855,192906,51,7777
185078,192841,192906,65,7763
185078,192844,192907,63,7766
185078,192850,192908,58,7772
185078,192854,192908,54,7776
185078,192853,192908,55,7775
185078,192842,192909,67,7764
185078,192855,192910,55,7777
185078,192853,192911,58,7775
185078,192851,192911,60,7773
185078,192852,192916,64,7774
185078,192856,192917,61,7778
185078,192857,192918,61,7779
185078,192860,192925,65,7782
185078,192862,192926,64,7784
185078,192862,192927,65,7784
185078,192865,192928,63,7787
185078,192866,192932,66,7788
185078,192866,192932,66,7788
185078,192865,192934,69,7787
185078,192870,192935,65,7792
185078,192867,192936,69,7789
185078,192869,192936,67,7791
185078,192867,192938,71,7789
185078,192868,192940,72,7790
185078,192870,192940,70,7792
185078,192874,192941,67,7796
185078,192873,192942,69,7795
185078,192871,192942,71,7793
185078,192877,192943,66,7799
185078,192876,192942,66,7798
185078,192869,192944,75,7791
185078,192873,192945,72,7795
185078,192875,192945,70,7797
185078,192876,192945,69,7798
185078,192877,192946,69,7799
185078,192872,192946,74,7794
185078,192871,192947,76,7793
185078,192874,192946,72,7796
185078,192877,192947,70,7799
185078,192882,192948,66,7804
185078,192874,192948,74,7796
185078,192876,192948,72,7798
185078,192872,192950,78,7794
185078,192886,192951,65,7808
185078,192873,192951,78,7795
185078,192880,192951,71,7802
185078,192880,192951,71,7802
185078,192880,192951,71,7802
185078,192894,192951,57,7816
185078,192883,192951,68,7805
185078,192878,192953,75,7800
185078,192886,192952,66,7808
185078,192883,192952,69,7805
185078,192879,192953,74,7801
185078,192879,192954,75,7801
185078,192890,192954,64,7812
185078,192885,192955,70,7807
185078,192885,192957,72,7807
185078,192881,192956,75,7803
185078,192892,192960,68,7814
185078,192896,192960,64,7818
185078,192894,192961,67,7816
185078,192890,192962,72,7812
185078,192894,192964,70,7816
185078,192894,192968,74,7816
185078,192900,192970,70,7822
185078,192900,192971,71,7822
185078,192894,192971,77,7816
185078,192903,192970,67,7825
185078,192898,192972,74,7820
185078,192906,192971,65,7828
185078,192894,192973,79,7816
185078,192905,192975,70,7827
185078,192907,192976,69,7829
185078,192906,192977,71,7828
185078,192909,192977,68,7831
185078,192908,192977,69,7830
185078,192910,192979,69,7832
185078,192912,192980,68,7834
185078,192911,192980,69,7833
185078,192909,192980,71,7831
185078,192908,192983,75,7830
185078,192912,192985,73,7834
185078,192917,192989,72,7839
185078,192925,192992,67,7847
185078,192917,192994,77,7839
185078,192919,192996,77,7841
185078,192927,192996,69,7849
185078,192929,192998,69,7851
185078,192945,192999,54,7867
185078,192948,193000,52,7870
185078,192949,193001,52,7871
185078,192951,193002,51,7873
185078,192933,193004,71,7855
185078,192951,193005,54,7873
185078,192936,193006,70,7858
185078,192946,193007,61,7868
185078,192949,193007,58,7871
185078,192945,193008,63,7867
185078,192927,193008,81,7849
185078,192938,193010,72,7860
185078,192942,193009,67,7864
185078,192936,193010,74,7858
185078,192937,193010,73,7859
185078,192947,193010,63,7869
185078,192940,193011,71,7862
185078,192951,193011,60,7873
185078,192947,193012,65,7869
185078,192943,193011,68,7865
185078,192941,193012,71,7863
185078,192935,193013,78,7857
185078,192947,193014,67,7869
185078,192933,193015,82,7855
185078,192943,193015,72,7865
185078,192944,193015,71,7866
185078,192945,193016,71,7867
185078,192947,193015,68,7869
185078,192960,193016,56,7882
185078,192953,193017,64,7875
185078,192943,193018,75,7865
185078,192955,193018,63,7877
185078,192942,193019,77,7864
185078,192961,193022,61,7883
185078,192952,193022,70,7874
185078,192957,193023,66,7879
185078,192963,193024,61,7885
185078,192954,193025,71,7876
185078,192956,193026,70,7878
185078,192952,193027,75,7874
185078,192953,193027,74,7875
185078,192952,193028,76,7874
185078,192962,193028,66,7884
185078,192952,193028,76,7874
185078,192971,193029,58,7893
185078,192964,193029,65,7886
185078,192971,193028,57,7893
185078,192951,193029,78,7873
185078,192953,193030,77,7875
185078,192953,193032,79,7875
185078,192977,193034,57,7899
185078,192969,193036,67,7891
185078,192957,193036,79,7879
185078,192971,193037,66,7893
185078,192972,193038,66,7894
185078,192971,193039,68,7893
185078,192977,193039,62,7899
185078,192984,193043,59,7906
185078,192976,193045,69,7898
185078,192972,193046,74,7894
185078,192973,193047,74,7895
185078,192980,193047,67,7902
185078,192981,193047,66,7903
185078,192980,193049,69,7902
185078,192976,193049,73,7898
185078,192981,193051,70,7903
185078,192997,193054,57,7919
185078,192977,193054,77,7899
185078,192992,193054,62,7914
185078,192990,193057,67,7912
185078,192997,193058,61,7919
185078,192986,193060,74,7908
185078,193001,193062,61,7923
185078,193002,193069,67,7924
185078,192995,193069,74,7917
185078,192999,193069,70,7921
185078,193007,193071,64,7929
185078,192999,193072,73,7921
185078,193010,193072,62,7932
185078,193000,193073,73,7922
185078,193012,193073,61,7934
185078,193011,193073,62,7933
185078,193007,193074,67,7929
185078,193004,193075,71,7926
185078,193018,193075,57,7940
185078,193016,193076,60,7938
185078,193010,193077,67,7932
185078,193011,193077,66,7933
185078,193006,193079,73,7928
185078,193009,193079,70,7931
185078,193012,193079,67,7934
185078,193015,193079,64,7937
185078,193016,193080,64,7938
185078,193019,193081,62,7941
185078,193012,193080,68,7934
185078,193012,193081,69,7934
185078,193008,193082,74,7930
185078,193009,193082,73,7931
185078,193015,193082,67,7937
185078,193016,193083,67,7938
185078,193017,193084,67,7939
185078,193013,193084,71,7935
185078,193011,193084,73,7933
185078,193015,193084,69,7937
185078,193023,193086,63,7945
185078,193019,193086,67,7941
185078,193035,193087,52,7957
185078,193023,193087,64,7945
185078,193016,193088,72,7938
185078,193025,193088,63,7947
185078,193029,193089,60,7951
185078,193037,193089,52,7959
185078,193028,193092,64,7950
185078,193031,193092,61,7953
185078,193030,193093,63,7952
185078,193010,193093,83,7932
185078,193023,193096,73,7945
185078,193027,193096,69,7949
185078,193029,193098,69,7951
185078,193036,193099,63,7958
185078,193026,193099,73,7948
185078,193029,193099,70,7951
185078,193027,193100,73,7949
185078,193039,193101,62,7961
185078,193032,193103,71,7954
185078,193028,193104,76,7950
185322,193054,193104,50,7732
185078,193039,193106,67,7961
185078,193030,193106,76,7952
185078,193027,193109,82,7949
185078,193044,193108,64,7966
185078,193049,193109,60,7971
185078,193039,193109,70,7961
185078,193038,193111,73,7960
185078,193050,193112,62,7972
185078,193046,193113,67,7968
185078,193048,193114,66,7970
185322,193060,193115,55,7738
185078,193047,193116,69,7969
185322,193058,193118,60,7736
185322,193058,193118,60,7736
185322,193069,193120,51,7747
185322,193063,193120,57,7741
185078,193048,193120,72,7970
185078,193048,193107,59,7970
185322,193055,193115,60,7733
183670,191684,193122,1438,8014
185322,193072,193124,52,7750
185322,193055,193127,72,7733
185322,193080,193128,48,7758
185322,193070,193128,58,7748
185322,193077,193129,52,7755
185322,193072,193131,59,7750
185322,193074,193130,56,7752
185322,193080,193135,55,7758
185322,193082,193136,54,7760
185322,193076,193137,61,7754
185322,193074,193137,63,7752
185322,193079,193138,59,7757
185322,193081,193138,57,7759
185322,193073,193138,65,7751
185322,193075,193139,64,7753
185322,193081,193138,57,7759
185322,193082,193139,57,7760
185322,193080,193140,60,7758
185322,193076,193140,64,7754
185322,193084,193142,58,7762
185322,193083,193142,59,7761
185322,193069,193142,73,7747
185322,193073,193143,70,7751
185322,193081,193144,63,7759
185322,193083,193144,61,7761
185322,193083,193147,64,7761
185322,193085,193147,62,7763
185322,193085,193149,64,7763
185322,193077,193151,74,7755
185322,193077,193152,75,7755
185322,193085,193154,69,7763
185322,193086,193155,69,7764
185322,193088,193154,66,7766
185322,193087,193158,71,7765
185322,193089,193158,69,7767
185322,193089,193159,70,7767
185322,193094,193159,65,7772
185322,193089,193160,71,7767
185322,193089,193161,72,7767
185322,193093,193161,68,7771
185322,193093,193162,69,7771
185322,193087,193164,77,7765
185322,193093,193165,72,7771
185322,193100,193167,67,7778
185322,193096,193168,72,7774
185322,193101,193169,68,7779
185322,193099,193170,71,7777
185322,193099,193171,72,7777
185322,193096,193171,75,7774
185322,193104,193174,70,7782
185322,193099,193174,75,7777
185322,193104,193174,70,7782
185322,193104,193176,72,7782
185322,193110,193176,66,7788
185322,193106,193178,72,7784
185322,193107,193178,71,7785
185322,193115,193178,63,7793
185322,193109,193180,71,7787
185322,193109,193181,72,7787
185322,193110,193182,72,7788
185322,193118,193184,66,7796
185322,193118,193183,65,7796
185322,193111,193184,73,7789
185322,193121,193184,63,7799
185322,193120,193186,66,7798
185322,193112,193186,74,7790
185322,193114,193187,73,7792
185322,193121,193188,67,7799
185322,193117,193189,72,7795
185322,193123,193189,66,7801
185322,193125,193192,67,7803
185322,193123,193192,69,7801
185322,193129,193193,64,7807
185322,193114,193193,79,7792
185322,193123,193194,71,7801
185322,193127,193196,69,7805
185322,193128,193197,69,7806
185322,193123,193201,78,7801
185322,193130,193201,71,7808
185322,193131,193205,74,7809
185322,193131,193205,74,7809
185322,193139,193208,69,7817
185322,193140,193208,68,7818
185322,193137,193208,71,7815
185322,193139,193210,71,7817
185322,193138,193209,71,7816
185322,193138,193210,72,7816
185322,193139,193210,71,7817
185322,193142,193212,70,7820
185322,193141,193212,71,7819
185322,193138,193212,74,7816
185322,193137,193212,75,7815
185322,193143,193213,70,7821
185322,193135,193213,78,7813
185322,193140,193213,73,7818
185322,193145,193216,71,7823
185322,193143,193216,73,7821
185322,193145,193217,72,7823
185322,193147,193217,70,7825
185322,193147,193217,70,7825
185322,193153,193220,67,7831
185322,193143,193222,79,7821
185322,193150,193223,73,7828
185322,193155,193224,69,7833
185322,193154,193225,71,7832
185322,193174,193226,52,7852
185322,193172,193227,55,7850
185322,193151,193228,77,7829
185322,193158,193229,71,7836
185322,193162,193230,68,7840
185322,193171,193231,60,7849
185322,193155,193231,76,7833
185322,193160,193232,72,7838
185322,193174,193233,59,7852
185322,193161,193234,73,7839
185322,193170,193233,63,7848
185322,193161,193234,73,7839
185322,193161,193235,74,7839
185322,193160,193234,74,7838
185322,193178,193236,58,7856
185322,193168,193235,67,7846
185322,193159,193236,77,7837
185322,193177,193236,59,7855
185322,193176,193237,61,7854
185322,193181,193237,56,7859
185322,193179,193238,59,7857
185322,193165,193240,75,7843
185322,193166,193242,76,7844
185322,193167,193244,77,7845
185322,193174,193245,71,7852
185322,193182,193246,64,7860
185322,193182,193246,64,7860
185322,193179,193245,66,7857
185322,193184,193247,63,7862
185322,193170,193248,78,7848
185322,193185,193252,67,7863
185322,193184,193253,69,7862
185322,193190,193254,64,7868
185322,193189,193256,67,7867
185322,193184,193256,72,7862
185322,193187,193258,71,7865
185322,193189,193258,69,7867
185322,193187,193257,70,7865
185322,193197,193258,61,7875
185322,193194,193260,66,7872
185322,193186,193261,75,7864
185322,193193,193260,67,7871
185322,193194,193261,67,7872
185322,193202,193262,60,7880
185322,193193,193263,70,7871
185322,193205,193266,61,7883
185322,193205,193267,62,7883
185322,193201,193269,68,7879
185322,193210,193269,59,7888
185322,193192,193271,79,7870
185322,193210,193271,61,7888
185322,193198,193272,74,7876
185322,193212,193273,61,7890
185322,193208,193273,65,7886
185322,193208,193274,66,7886
185322,193214,193274,60,7892
185322,193209,193275,66,7887
185322,193212,193275,63,7890
185322,193217,193277,60,7895
185322,193217,193279,62,7895
185322,193214,193280,66,7892
185322,193218,193280,62,7896
185322,193211,193280,69,7889
185322,193212,193280,68,7890
185322,193212,193281,69,7890
185322,193217,193283,66,7895
185322,193214,193283,69,7892
185322,193223,193283,60,7901
185322,193211,193285,74,7889
185322,193223,193285,62,7901
185322,193232,193287,55,7910
185322,193227,193288,61,7905
185322,193217,193288,71,7895
185322,193225,193288,63,7903
185322,193224,193291,67,7902
185322,193232,193291,59,7910
185322,193220,193292,72,7898
185322,193228,193294,66,7906
185322,193230,193293,63,7908
185322,193234,193296,62,7912
185322,193235,193295,60,7913
185322,193231,193296,65,7909
185322,193233,193297,64,7911
185322,193236,193298,62,7914
185322,193234,193300,66,7912
185322,193229,193301,72,7907
185322,193242,193301,59,7920
185322,193235,193305,70,7913
185322,193240,193306,66,7918
185322,193238,193306,68,7916
185322,193245,193306,61,7923
185322,193234,193305,71,7912
185322,193238,193306,68,7916
185322,193237,193308,71,7915
185322,193247,193308,61,7925
185322,193234,193309,75,7912
185322,193246,193311,65,7924
185322,193236,193312,76,7914
185322,193248,193312,64,7926
185322,193255,193315,60,7933
185322,193238,193315,77,7916
185322,193244,193315,71,7922
185322,193258,193316,58,7936
185322,193236,193316,80,7914
183888,191911,193317,1406,8023
185322,193247,193316,69,7925
185322,193246,193317,71,7924
185322,193256,193319,63,7934
185322,193253,193319,66,7931
185322,193263,193320,57,7941
185322,193261,193322,61,7939
185322,193261,193323,62,7939
185322,193253,193323,70,7931
185322,193257,193325,68,7935
185322,193258,193327,69,7936
185322,193274,193328,54,7952
185322,193258,193328,70,7936
185322,193261,193328,67,7939
185322,193270,193329,59,7948
185322,193264,193330,66,7942
185322,193271,193329,58,7949
185322,193274,193331,57,7952
185322,193258,193333,75,7936
185322,193278,193336,58,7956
185322,193274,193336,62,7952
185322,193275,193338,63,7953
185322,193274,193338,64,7952
185566,193284,193340,56,7718
185322,193280,193341,61,7958
185322,193270,193341,71,7948
185322,193271,193342,71,7949
185322,193280,193344,64,7958
185322,193281,193345,64,7959
185322,193261,193345,84,7939
185566,193283,193345,62,7717
185322,193280,193346,66,7958
185566,193289,193346,57,7723
185566,193286,193347,61,7720
185322,193272,193348,76,7950
185322,193276,193348,72,7954
185566,193287,193349,62,7721
185566,193296,193351,55,7730
185566,193294,193352,58,7728
185322,193267,193332,65,7945
185322,193268,193330,62,7946
185322,193281,193340,59,7959
185566,193291,193352,61,7725
185566,193293,193353,60,7727
185566,193302,193353,51,7736
185566,193286,193354,68,7720
185566,193289,193355,66,7723
185566,193294,193355,61,7728
185566,193284,193356,72,7718
185566,193297,193357,60,7731
185566,193288,193357,69,7722
185566,193291,193357,66,7725
185566,193301,193360,59,7735
185566,193307,193361,54,7741
185566,193306,193362,56,7740
185566,193298,193361,63,7732
185566,193299,193363,64,7733
185566,193306,193364,58,7740
185566,193309,193365,56,7743
185566,193309,193365,56,7743
185566,193306,193366,60,7740
185566,193301,193367,66,7735
185566,193307,193366,59,7741
185566,193296,193367,71,7730
185566,193306,193368,62,7740
185566,193311,193369,58,7745
185566,193310,193369,59,7744
185566,193313,193368,55,7747
185566,193316,193375,59,7750
185566,193313,193375,62,7747
185566,193316,193377,61,7750
185566,193315,193379,64,7749
185566,193317,193381,64,7751
185566,193321,193383,62,7755
185566,193316,193385,69,7750
185566,193317,193388,71,7751
185566,193320,193388,68,7754
185566,193319,193388,69,7753
185566,193317,193389,72,7751
185566,193318,193392,74,7752
185566,193324,193392,68,7758
185566,193326,193394,68,7760
185566,193328,193398,70,7762
185566,193328,193398,70,7762
185566,193331,193398,67,7765
185566,193328,193399,71,7762
185566,193330,193401,71,7764
185566,193329,193401,72,7763
185566,193331,193401,70,7765
185566,193330,193404,74,7764
185566,193334,193406,72,7768
185566,193337,193409,72,7771
185566,193340,193409,69,7774
185566,193339,193409,70,7773
185566,193337,193411,74,7771
185566,193339,193411,72,7773
185566,193343,193413,70,7777
185566,193346,193414,68,7780
185566,193342,193415,73,7776
185566,193342,193415,73,7776
185566,193345,193417,72,7779
185566,193348,193417,69,7782
185566,193346,193418,72,7780
185566,193348,193418,70,7782
185566,193346,193420,74,7780
185566,193346,193420,74,7780
185566,193353,193421,68,7787
185566,193350,193421,71,7784
185566,193353,193421,68,7787
185566,193348,193422,74,7782
185566,193353,193423,70,7787
185566,193354,193422,68,7788
185566,193356,193423,67,7790
185566,193354,193423,69,7788
185566,193355,193425,70,7789
185566,193353,193425,72,7787
185566,193353,193425,72,7787
185566,193358,193425,67,7792
185566,193354,193425,71,7788
185566,193353,193425,72,7787
185566,193362,193426,64,7796
185566,193347,193426,79,7781
185566,193358,193427,69,7792
185566,193357,193427,70,7791
185566,193361,193428,67,7795
185566,193357,193428,71,7791
185566,193351,193430,79,7785
185566,193353,193430,77,7787
185566,193362,193431,69,7796
185566,193366,193433,67,7800
185566,193363,193433,70,7797
185566,193369,193434,65,7803
185566,193365,193434,69,7799
185566,193362,193435,73,7796
185566,193365,193435,70,7799
185566,193368,193437,69,7802
185566,193366,193438,72,7800
185566,193369,193438,69,7803
185566,193369,193439,70,7803
185566,193369,193442,73,7803
185566,193367,193445,78,7801
185566,193367,193447,80,7801
185566,193375,193448,73,7809
185566,193376,193450,74,7810
185566,193377,193451,74,7811
185566,193383,193453,70,7817
185566,193380,193455,75,7814
185566,193389,193458,69,7823
185566,193382,193458,76,7816
185566,193392,193461,69,7826
185566,193389,193462,73,7823
185566,193386,193463,77,7820
185566,193388,193463,75,7822
185566,193389,193464,75,7823
185566,193392,193465,73,7826
185566,193410,193465,55,7844
185566,193395,193467,72,7829
185566,193402,193468,66,7836
185566,193414,193468,54,7848
185566,193401,193469,68,7835
185566,193407,193470,63,7841
185566,193400,193470,70,7834
185566,193415,193471,56,7849
185566,193402,193471,69,7836
185566,193398,193471,73,7832
185566,193398,193471,73,7832
185566,193411,193472,61,7845
185566,193399,193472,73,7833
185566,193412,193472,60,7846
185566,193409,193474,65,7843
185566,193404,193477,73,7838
185566,193418,193479,61,7852
185566,193418,193478,60,7852
185566,193420,193481,61,7854
185566,193426,193483,57,7860
185566,193418,193484,66,7852
185566,193426,193485,59,7860
185566,193416,193485,69,7850
185566,193416,193486,70,7850
185566,193426,193487,61,7860
185566,193419,193487,68,7853
185566,193425,193488,63,7859
185566,193427,193488,61,7861
185566,193422,193489,67,7856
185566,193424,193490,66,7858
185566,193428,193490,62,7862
185566,193410,193491,81,7844
185566,193425,193491,66,7859
185566,193420,193491,71,7854
185566,193432,193492,60,7866
185566,193422,193492,70,7856
185566,193424,193492,68,7858
185566,193429,193492,63,7863
185566,193425,193494,69,7859
185566,193421,193494,73,7855
185566,193430,193495,65,7864
185566,193421,193495,74,7855
185566,193423,193496,73,7857
185566,193427,193497,70,7861
185566,193428,193496,68,7862
185566,193436,193497,61,7870
185566,193430,193499,69,7864
185566,193423,193499,76,7857
185566,193434,193500,66,7868
185566,193426,193501,75,7860
185566,193434,193500,66,7868
185566,193435,193502,67,7869
185566,193435,193502,67,7869
185566,193443,193503,60,7877
185566,193438,193505,67,7872
185566,193438,193506,68,7872
185566,193440,193509,69,7874
185566,193435,193511,76,7869
185566,193448,193512,64,7882
185566,193450,193512,62,7884
185566,193449,193513,64,7883
185566,193446,193514,68,7880
185566,193455,193515,60,7889
185566,193454,193518,64,7888
185566,193459,193519,60,7893
185566,193438,193521,83,7872
185566,193459,193522,63,7893
185566,193462,193523,61,7896
185566,193452,193524,72,7886
185566,193467,193527,60,7901
185566,193463,193529,66,7897
185566,193464,193530,66,7898
185566,193472,193531,59,7906
185566,193462,193530,68,7896
185566,193471,193532,61,7905
184391,192143,193533,1390,7752
185566,193466,193534,68,7900
185566,193473,193535,62,7907
185566,193469,193536,67,7903
185566,193479,193537,58,7913
185566,193470,193537,67,7904
185566,193465,193538,73,7899
185566,193469,193540,71,7903
185566,193468,193541,73,7902
185566,193472,193543,71,7906
185566,193471,193543,72,7905
185566,193478,193544,66,7912
185566,193473,193545,72,7907
185566,193479,193546,67,7913
185566,193466,193547,81,7900
185566,193489,193548,59,7923
185566,193475,193549,74,7909
185566,193486,193551,65,7920
185566,193471,193551,80,7905
185566,193482,193552,70,7916
185566,193487,193552,65,7921
185566,193472,193553,81,7906
185566,193485,193554,69,7919
185566,193488,193555,67,7922
185566,193497,193554,57,7931
185566,193495,193555,60,7929
185566,193488,193555,67,7922
185566,193492,193556,64,7926
185566,193484,193557,73,7918
185566,193493,193558,65,7927
185566,193500,193559,59,7934
185566,193490,193559,69,7924
185566,193493,193560,67,7927
185566,193485,193560,75,7919
185566,193491,193561,70,7925
185566,193492,193561,69,7926
185566,193497,193563,66,7931
185566,193497,193564,67,7931
185566,193496,193564,68,7930
185566,193499,193564,65,7933
185566,193493,193566,73,7927
185566,193500,193566,66,7934
185566,193506,193566,60,7940
185566,193501,193566,65,7935
185566,193502,193566,64,7936
185566,193498,193566,68,7932
185566,193503,193568,65,7937
185566,193496,193568,72,7930
185566,193501,193568,67,7935
185566,193491,193569,78,7925
185566,193490,193570,80,7924
185566,193502,193570,68,7936
186031,193514,193571,57,7483
186031,193513,193571,58,7482
186031,193512,193573,61,7481
186031,193516,193573,57,7485
186031,193523,193574,51,7492
186031,193521,193574,53,7490
186031,193514,193575,61,7483
186031,193512,193576,64,7481
186031,193524,193579,55,7493
185566,193505,193579,74,7939
186031,193520,193580,60,7489
186031,193518,193583,65,7487
185566,193485,193553,68,7919
185566,193490,193557,67,7924
185566,193495,193561,66,7929
186031,193524,193587,63,7493
186031,193538,193590,52,7507
186031,193538,193591,53,7507
186031,193531,193592,61,7500
186031,193527,193591,64,7496
186031,193537,193593,56,7506
186031,193533,193594,61,7502
186031,193531,193594,63,7500
186031,193530,193594,64,7499
186031,193546,193594,48,7515
186031,193531,193594,63,7500
186031,193535,193595,60,7504
186031,193543,193595,52,7512
186031,193540,193595,55,7509
186031,193537,193595,58,7506
186031,193541,193596,55,7510
186031,193534,193596,62,7503
186031,193544,193599,55,7513
186031,193544,193601,57,7513
186031,193549,193606,57,7518
186031,193535,193610,75,7504
186031,193550,193611,61,7519
186031,193547,193612,65,7516
186031,193552,193613,61,7521
186031,193552,193616,64,7521
186031,193554,193617,63,7523
186031,193552,193620,68,7521
186031,193558,193620,62,7527
186031,193556,193621,65,7525
186031,193555,193622,67,7524
186031,193557,193623,66,7526
186031,193554,193623,69,7523
186031,193555,193624,69,7524
186031,193553,193625,72,7522
186031,193559,193627,68,7528
186031,193556,193627,71,7525
186031,193560,193629,69,7529
186031,193563,193630,67,7532
186031,193555,193630,75,7524
186031,193560,193631,71,7529
186031,193562,193632,70,7531
186031,193561,193632,71,7530
186031,193562,193635,73,7531
186031,193566,193635,69,7535
186031,193565,193635,70,7534
186031,193565,193636,71,7534
186031,193567,193636,69,7536
186031,193566,193637,71,7535
186031,193565,193637,72,7534
186031,193566,193637,71,7535
186031,193567,193639,72,7536
186031,193570,193640,70,7539
186031,193567,193641,74,7536
186031,193569,193642,73,7538
186031,193572,193642,70,7541
186031,193572,193642,70,7541
186031,193574,193644,70,7543
186031,193576,193644,68,7545
186031,193580,193644,64,7549
186031,193569,193644,75,7538
186031,193568,193645,77,7537
186031,193575,193645,70,7544
186031,193573,193645,72,7542
186031,193574,193646,72,7543
186031,193570,193646,76,7539
186031,193577,193648,71,7546
186031,193579,193649,70,7548
186031,193585,193649,64,7554
186031,193581,193651,70,7550
186031,193569,193652,83,7538
186031,193585,193651,66,7554
186031,193583,193652,69,7552
186031,193585,193653,68,7554
186031,193591,193654,63,7560
186031,193585,193657,72,7554
186031,193594,193659,65,7563
186031,193596,193661,65,7565
186031,193594,193660,66,7563
186031,193592,193660,68,7561
186031,193594,193661,67,7563
186031,193588,193662,74,7557
186031,193594,193663,69,7563
186031,193596,193663,67,7565
186031,193594,193664,70,7563
186031,193591,193665,74,7560
186031,193595,193665,70,7564
186031,193592,193665,73,7561
186031,193597,193665,68,7566
186031,193595,193665,70,7564
186031,193596,193667,71,7565
186031,193596,193671,75,7565
186031,193601,193673,72,7570
186031,193606,193676,70,7575
186031,193612,193678,66,7581
186031,193599,193681,82,7568
186031,193613,193681,68,7582
186031,193636,193682,46,7605
186031,193611,193682,71,7580
186031,193617,193685,68,7586
186031,193612,193686,74,7581
186031,193618,193686,68,7587
186031,193639,193691,52,7608
186031,193621,193692,71,7590
186031,193620,193694,74,7589
186031,193620,193695,75,7589
186031,193638,193695,57,7607
186031,193625,193695,70,7594
186031,193625,193696,71,7594
186031,193636,193696,60,7605
186031,193624,193697,73,7593
186031,193623,193699,76,7592
186031,193638,193699,61,7607
186031,193636,193699,63,7605
186031,193628,193699,71,7597
186031,193624,193699,75,7593
186031,193633,193700,67,7602
186031,193631,193700,69,7600
186031,193637,193701,64,7606
186031,193642,193701,59,7611
186031,193642,193701,59,7611
186031,193644,193701,57,7613
186031,193642,193703,61,7611
186031,193644,193705,61,7613
186031,193655,193705,50,7624
186031,193630,193707,77,7599
186031,193632,193707,75,7601
186031,193641,193707,66,7610
186031,193630,193707,77,7599
186031,193627,193708,81,7596
186031,193638,193711,73,7607
186031,193657,193712,55,7626
186031,193633,193713,80,7602
186031,193636,193714,78,7605
186031,193643,193714,71,7612
186031,193645,193714,69,7614
186031,193652,193715,63,7621
186031,193652,193717,65,7621
186031,193653,193717,64,7622
186031,193651,193716,65,7620
186031,193646,193716,70,7615
186031,193645,193717,72,7614
186031,193644,193719,75,7613
186031,193645,193720,75,7614
186031,193653,193719,66,7622
186031,193647,193721,74,7616
186031,193664,193722,58,7633
186031,193647,193722,75,7616
186031,193665,193722,57,7634
186031,193661,193722,61,7630
186031,193649,193723,74,7618
186031,193663,193725,62,7632
186031,193661,193724,63,7630
186031,193661,193725,64,7630
186031,193664,193727,63,7633
186031,193661,193727,66,7630
186031,193660,193728,68,7629
186031,193665,193729,64,7634
186031,193665,193730,65,7634
186031,193667,193730,63,7636
186031,193649,193731,82,7618
186031,193666,193731,65,7635
186031,193650,193731,81,7619
186031,193666,193732,66,7635
186031,193666,193732,66,7635
186031,193673,193734,61,7642
186031,193672,193741,69,7641
186031,193676,193741,65,7645
186031,193681,193744,63,7650
186031,193686,193745,59,7655
186031,193679,193747,68,7648
186031,193686,193747,61,7655
186031,193681,193748,67,7650
186031,193682,193750,68,7651
186031,193682,193754,72,7651
186031,193695,193756,61,7664
186031,193685,193758,73,7654
186031,193692,193758,66,7661
186031,193694,193758,64,7663
186031,193693,193759,66,7662
186031,193695,193760,65,7664
186031,193697,193760,63,7666
186031,193699,193761,62,7668
186031,193700,193762,62,7669
186031,193696,193763,67,7665
186031,193700,193765,65,7669
186031,193702,193766,64,7671
186031,193696,193767,71,7665
186031,193700,193767,67,7669
186031,193700,193768,68,7669
186031,193702,193768,66,7671
186031,193705,193769,64,7674
186031,193708,193770,62,7677
186031,193701,193771,70,7670
186031,193701,193771,70,7670
186031,193704,193771,67,7673
186031,193715,193772,57,7684
186031,193702,193773,71,7671
186031,193696,193772,76,7665
186031,193707,193774,67,7676
186031,193712,193775,63,7681
186031,193717,193776,59,7686
186031,193702,193777,75,7671
186031,193717,193777,60,7686
186031,193717,193779,62,7686
186031,193708,193780,72,7677
186031,193711,193780,69,7680
186031,193715,193781,66,7684
186031,193725,193784,59,7694
186031,193705,193784,79,7674
186031,193707,193784,77,7676
186031,193714,193784,70,7683
186031,193707,193785,78,7676
186031,193717,193785,68,7686
186031,193717,193786,69,7686
186031,193719,193786,67,7688
186031,193721,193787,66,7690
186031,193720,193788,68,7689
186031,193720,193788,68,7689
186031,193722,193788,66,7691
186031,193725,193787,62,7694
186031,193713,193788,75,7682
186031,193723,193789,66,7692
186031,193728,193789,61,7697
186031,193723,193789,66,7692
186031,193725,193791,66,7694
186031,193714,193792,78,7683
186285,193742,193793,51,7457
186031,193733,193793,60,7702
186031,193723,193794,71,7692
186031,193731,193794,63,7700
186031,193722,193794,72,7691
186031,193731,193794,63,7700
186031,193730,193794,64,7699
186031,193727,193797,70,7696
186031,193727,193797,70,7696
186031,193731,193797,66,7700
186031,193732,193798,66,7701
186285,193745,193803,58,7460
186031,193732,193804,72,7701
186285,193747,193804,57,7462
186031,193731,193805,74,7700
186285,193751,193806,55,7466
186031,193735,193806,71,7704
186285,193749,193808,59,7464
186285,193746,193810,64,7461
186285,193748,193811,63,7463
186285,193757,193815,58,7472
186285,193761,193815,54,7476
186285,193759,193817,58,7474
186285,193768,193817,49,7483
186285,193760,193817,57,7475
186285,193761,193820,59,7476
186285,193762,193820,58,7477
186285,193754,193820,66,7469
186285,193758,193821,63,7473
186285,193758,193823,65,7473
186285,193771,193823,52,7486
186285,193768,193823,55,7483
186285,193771,193825,54,7486
186285,193768,193825,57,7483
186285,193762,193828,66,7477
186285,193771,193829,58,7486
186285,193773,193829,56,7488
186285,193773,193830,57,7488
186285,193764,193830,66,7479
186285,193773,193830,57,7488
186285,193766,193830,64,7481
186285,193770,193830,60,7485
184608,192366,193831,1465,7758
186285,193768,193832,64,7483
186285,193772,193833,61,7487
186285,193775,193835,60,7490
186285,193775,193839,64,7490
186285,193776,193840,64,7491
186285,193777,193840,63,7492
186285,193778,193841,63,7493
186285,193767,193842,75,7482
186285,193780,193845,65,7495
186285,193780,193847,67,7495
186285,193781,193850,69,7496
186285,193786,193850,64,7501
186285,193784,193851,67,7499
186285,193786,193851,65,7501
186285,193787,193852,65,7502
186285,193787,193854,67,7502
186285,193788,193855,67,7503
186285,193781,193855,74,7496
186285,193788,193855,67,7503
186285,193786,193855,69,7501
186285,193788,193854,66,7503
186285,193784,193855,71,7499
186285,193785,193855,70,7500
186285,193784,193856,72,7499
186285,193790,193859,69,7505
186285,193788,193861,73,7503
186285,193790,193862,72,7505
186285,193792,193862,70,7507
186285,193793,193863,70,7508
186285,193790,193863,73,7505
186285,193788,193864,76,7503
186285,193795,193865,70,7510
186285,193799,193865,66,7514
186285,193798,193866,68,7513
186285,193792,193866,74,7507
186285,193795,193867,72,7510
186285,193795,193867,72,7510
186285,193794,193867,73,7509
186285,193794,193868,74,7509
186285,193793,193868,75,7508
186285,193798,193867,69,7513
186285,193804,193871,67,7519
186285,193798,193871,73,7513
186285,193807,193872,65,7522
186285,193803,193873,70,7518
186285,193805,193873,68,7520
186285,193812,193875,63,7527
186285,193807,193877,70,7522
186285,193808,193878,70,7523
186285,193811,193879,68,7526
186285,193817,193881,64,7532
186285,193805,193881,76,7520
186285,193815,193882,67,7530
186285,193818,193882,64,7533
186285,193816,193886,70,7531
186285,193825,193889,64,7540
186285,193818,193890,72,7533
186285,193821,193890,69,7536
186285,193824,193890,66,7539
186285,193821,193891,70,7536
186285,193822,193891,69,7537
186285,193829,193895,66,7544
186285,193820,193896,76,7535
186285,193834,193898,64,7549
186285,193824,193898,74,7539
186285,193824,193898,74,7539
186285,193830,193898,68,7545
186285,193830,193899,69,7545
186285,193826,193898,72,7541
186285,193829,193899,70,7544
186285,193831,193900,69,7546
186285,193831,193900,69,7546
186285,193831,193901,70,7546
186285,193830,193902,72,7545
186285,193830,193903,73,7545
186285,193835,193905,70,7550
186285,193832,193909,77,7547
186285,193843,193910,67,7558
186285,193841,193910,69,7556
186285,193845,193912,67,7560
186285,193840,193914,74,7555
186285,193847,193914,67,7562
186285,193856,193916,60,7571
186285,193841,193915,74,7556
186285,193840,193916,76,7555
186285,193851,193918,67,7566
186285,193855,193919,64,7570
186285,193864,193919,55,7579
186285,193862,193920,58,7577
186285,193850,193921,71,7565
186285,193852,193922,70,7567
186285,193855,193925,70,7570
186285,193868,193925,57,7583
186285,193852,193925,73,7567
186285,193862,193925,63,7577
186285,193866,193926,60,7581
186285,193856,193926,70,7571
186285,193862,193927,65,7577
186285,193866,193928,62,7581
186285,193852,193929,77,7567
186285,193859,193929,70,7574
186285,193855,193930,75,7570
186285,193856,193930,74,7571
186285,193868,193930,62,7583
186285,193856,193931,75,7571
186285,193867,193931,64,7582
186285,193855,193932,77,7570
186285,193868,193933,65,7583
186285,193856,193934,78,7571
186285,193868,193936,68,7583
186285,193865,193937,72,7580
186285,193871,193938,67,7586
186285,193864,193937,73,7579
186285,193873,193940,67,7588
186285,193865,193940,75,7580
186285,193868,193941,73,7583
186285,193887,193941,54,7602
186285,193876,193943,67,7591
186285,193874,193943,69,7589
186285,193878,193943,65,7593
186285,193874,193943,69,7589
186285,193890,193944,54,7605
186285,193878,193943,65,7593
186285,193868,193944,76,7583
186285,193882,193946,64,7597
186285,193871,193948,77,7586
186285,193890,193949,59,7605
186285,193882,193950,68,7597
184850,192591,193952,1361,7741
186285,193882,193952,70,7597
186285,193892,193952,60,7607
186285,193896,193952,56,7611
186285,193882,193954,72,7597
186285,193892,193955,63,7607
186285,193891,193954,63,7606
186285,193880,193957,77,7595
186285,193891,193957,66,7606
186285,193899,193959,60,7614
186285,193900,193962,62,7615
186285,193900,193963,63,7615
186285,193899,193963,64,7614
186285,193899,193964,65,7614
186285,193900,193965,65,7615
186285,193901,193966,65,7616
186285,193898,193966,68,7613
186285,193899,193967,68,7614
186285,193902,193966,64,7617
186285,193897,193967,70,7612
186285,193904,193967,63,7619
186285,193899,193970,71,7614
186285,193911,193970,59,7626
186285,193909,193972,63,7624
186285,193911,193973,62,7626
186285,193914,193976,62,7629
186285,193905,193977,72,7620
186285,193912,193977,65,7627
186285,193914,193981,67,7629
186285,193916,193982,66,7631
186285,193916,193982,66,7631
186285,193919,193983,64,7634
186285,193922,193984,62,7637
186285,193918,193986,68,7633
186285,193932,193987,55,7647
186285,193926,193987,61,7641
186285,193925,193988,63,7640
186285,193916,193988,72,7631
186285,193921,193989,68,7636
186285,193932,193991,59,7647
186285,193930,193991,61,7645
186285,193927,193993,66,7642
186285,193926,193994,68,7641
186285,193927,193994,67,7642
186285,193922,193993,71,7637
186285,193920,193994,74,7635
186285,193937,193995,58,7652
186285,193930,193996,66,7645
186285,193930,193996,66,7645
186285,193925,193996,71,7640
186285,193931,193997,66,7646
186285,193930,193999,69,7645
186285,193928,193999,71,7643
186285,193934,194001,67,7649
186285,193938,194001,63,7653
186285,193933,194001,68,7648
186285,193930,194002,72,7645
186285,193929,194002,73,7644
186285,193938,194003,65,7653
186285,193942,194003,61,7657
186285,193936,194004,68,7651
186285,193942,194004,62,7657
186285,193944,194005,61,7659
186285,193952,194005,53,7667
186285,193943,194006,63,7658
186285,193940,194007,67,7655
186285,193943,194007,64,7658
186285,193947,194010,63,7662
186285,193943,194012,69,7658
186285,193944,194012,68,7659
186285,193944,194012,68,7659
186285,193940,194014,74,7655
186285,193950,194014,64,7665
186285,193949,194014,65,7664
186285,193960,194015,55,7675
186285,193951,194017,66,7666
186285,193953,194017,64,7668
186285,193945,194017,72,7660
186507,193968,194019,51,7461
186285,193952,194022,70,7667
186285,193964,194022,58,7679
186285,193957,194021,64,7672
186285,193955,194022,67,7670
186285,193965,194023,58,7680
186507,193970,194024,54,7463
186285,193964,194024,60,7679
186285,193958,194025,67,7673
186507,193970,194026,56,7463
186285,193967,194027,60,7682
186285,193967,194029,62,7682
186285,193964,194028,64,7679
186507,193972,194030,58,7465
186285,193963,194029,66,7678
186285,193953,194030,77,7668
186285,193955,194033,78,7670
186285,193955,194034,79,7670
186285,193967,194036,69,7682
186285,193966,194036,70,7681
186507,193977,194037,60,7470
186507,193977,194040,63,7470
186507,193983,194042,59,7476
186507,193974,194041,67,7467
186507,193985,194043,58,7478
186507,193976,194044,68,7469
186507,193986,194045,59,7479
186507,193988,194045,57,7481
186507,193983,194046,63,7476
186507,193990,194046,56,7483
186507,193983,194047,64,7476
186507,193988,194048,60,7481
186507,193995,194048,53,7488
186507,193982,194049,67,7475
186507,193988,194049,61,7481
186507,193992,194050,58,7485
186507,193996,194051,55,7489
186507,193995,194052,57,7488
186507,193997,194051,54,7490
186507,193999,194052,53,7492
186507,193992,194052,60,7485
186507,193995,194052,57,7488
186507,193989,194053,64,7482
186507,193994,194054,60,7487
186507,194001,194054,53,7494
186507,193997,194056,59,7490
186507,193996,194056,60,7489
186507,193997,194056,59,7490
186507,194000,194062,62,7493
186507,194003,194067,64,7496
186507,194001,194068,67,7494
186507,194002,194069,67,7495
186507,193994,194070,76,7487
186507,194005,194069,64,7498
186507,194006,194070,64,7499
186507,194004,194071,67,7497
186507,194003,194072,69,7496
186507,194007,194072,65,7500
186507,194004,194073,69,7497
186507,194005,194076,71,7498
186507,194011,194076,65,7504
186507,194006,194077,71,7499
186507,194008,194079,71,7501
186507,194008,194080,72,7501
186507,194014,194080,66,7507
186507,194016,194082,66,7509
186507,194012,194082,70,7505
186507,194012,194082,70,7505
186507,194014,194082,68,7507
186507,194013,194084,71,7506
186507,194018,194084,66,7511
186507,194018,194089,71,7511
186507,194018,194090,72,7511
186507,194025,194090,65,7518
186507,194022,194091,69,7515
186507,194020,194094,74,7513
186507,194023,194095,72,7516
186507,194029,194095,66,7522
186507,194024,194096,72,7517
186507,194030,194096,66,7523
186507,194030,194097,67,7523
186507,194022,194098,76,7515
186507,194024,194100,76,7517
186507,194022,194101,79,7515
186507,194029,194103,74,7522
186507,194031,194102,71,7524
186507,194034,194102,68,7527
186507,194027,194102,75,7520
186507,194037,194103,66,7530
186507,194023,194103,80,7516
186507,194033,194104,71,7526
186507,194027,194106,79,7520
186507,194037,194109,72,7530
186507,194038,194109,71,7531
186507,194041,194112,71,7534
186507,194042,194113,71,7535
186507,194045,194113,68,7538
186507,194045,194113,68,7538
186507,194035,194114,79,7528
186507,194042,194114,72,7535
186507,194048,194115,67,7541
186507,194050,194115,65,7543
186507,194046,194116,70,7539
186507,194053,194116,63,7546
186507,194044,194116,72,7537
186507,194052,194117,65,7545
186507,194046,194117,71,7539
186507,194049,194117,68,7542
186507,194046,194118,72,7539
186507,194048,194119,71,7541
186507,194054,194121,67,7547
186507,194054,194120,66,7547
186507,194050,194120,70,7543
186507,194056,194124,68,7549
186507,194049,194124,75,7542
186507,194052,194126,74,7545
186507,194052,194127,75,7545
186507,194053,194128,75,7546
186507,194052,194128,76,7545
186507,194055,194129,74,7548
186507,194056,194131,75,7549
186507,194056,194131,75,7549
186507,194062,194132,70,7555
186507,194068,194137,69,7561
186507,194070,194141,71,7563
186507,194069,194142,73,7562
186507,194070,194142,72,7563
186507,194074,194142,68,7567
186507,194072,194143,71,7565
186507,194071,194143,72,7564
186507,194071,194146,75,7564
186507,194077,194148,71,7570
186507,194069,194148,79,7562
186507,194077,194149,72,7570
186507,194076,194150,74,7569
186507,194072,194149,77,7565
186507,194090,194150,60,7583
186507,194083,194152,69,7576
186507,194079,194152,73,7572
186507,194080,194154,74,7573
186507,194085,194154,69,7578
186507,194090,194156,66,7583
186507,194082,194157,75,7575
186507,194080,194157,77,7573
186507,194082,194157,75,7575
186507,194096,194160,64,7589
186507,194102,194161,59,7595
186507,194098,194160,62,7591
186507,194083,194161,78,7576
186507,194084,194162,78,7577
186507,194095,194163,68,7588
186507,194091,194164,73,7584
186507,194096,194164,68,7589
186507,194091,194165,74,7584
186507,194094,194166,72,7587
186507,194103,194168,65,7596
186507,194096,194169,73,7589
186507,194103,194170,67,7596
186507,194098,194171,73,7591
186507,194116,194171,55,7609
186507,194104,194173,69,7597
186507,194115,194173,58,7608
186507,194116,194173,57,7609
186507,194113,194176,63,7606
186507,194110,194177,67,7603
186507,194115,194177,62,7608
186507,194107,194178,71,7600
186507,194118,194178,60,7611
186507,194118,194179,61,7611
186507,194103,194179,76,7596
186507,194119,194180,61,7612
186507,194104,194179,75,7597
186507,194103,194181,78,7596
186507,194117,194181,64,7610
186507,194121,194181,60,7614
186507,194117,194181,64,7610
186507,194105,194182,77,7598
186507,194101,194182,81,7594
186507,194118,194183,65,7611
186507,194113,194183,70,7606
186507,194119,194182,63,7612
186507,194121,194183,62,7614
186507,194113,194183,70,7606
186507,194121,194183,62,7614
186507,194116,194184,68,7609
186507,194132,194185,53,7625
186507,194128,194186,58,7621
186507,194110,194187,77,7603
186507,194125,194189,64,7618
186507,194124,194190,66,7617
186507,194129,194191,62,7622
186507,194133,194191,58,7626
186507,194128,194191,63,7621
186507,194127,194192,65,7620
186507,194132,194193,61,7625
186507,194114,194193,79,7607
186507,194130,194199,69,7623
186507,194143,194200,57,7636
186507,194142,194203,61,7635
186507,194150,194208,58,7643
186507,194142,194208,66,7635
186507,194144,194208,64,7637
186507,194149,194209,60,7642
186507,194149,194209,60,7642
186507,194137,194209,72,7630
186507,194147,194212,65,7640
186507,194144,194216,72,7637
186507,194155,194218,63,7648
186507,194161,194218,57,7654
186507,194152,194218,66,7645
186507,194150,194218,68,7643
184862,192815,194219,1404,7953
186507,194153,194219,66,7646
186507,194143,194220,77,7636
186507,194150,194220,70,7643
186507,194161,194220,59,7654
186507,194158,194221,63,7651
186507,194158,194222,64,7651
186507,194161,194223,62,7654
186507,194156,194223,67,7649
186507,194172,194225,53,7665
186507,194150,194228,78,7643
186507,194164,194230,66,7657
186507,194171,194230,59,7664
186507,194168,194230,62,7661
186507,194155,194232,77,7648
186507,194161,194231,70,7654
186507,194165,194232,67,7658
186507,194162,194234,72,7655
186507,194165,194234,69,7658
186507,194157,194235,78,7650
186507,194164,194237,73,7657
186507,194173,194238,65,7666
186507,194173,194238,65,7666
186507,194182,194238,56,7675
186507,194178,194238,60,7671
186507,194180,194238,58,7673
186507,194183,194240,57,7676
186507,194169,194241,72,7662
186507,194182,194240,58,7675
186507,194180,194241,61,7673
186507,194166,194241,75,7659
186507,194173,194242,69,7666
186507,194183,194242,59,7676
186507,194184,194243,59,7677
186507,194184,194245,61,7677
186507,194179,194245,66,7672
186507,194170,194246,76,7663
186507,194182,194246,64,7675
186507,194183,194247,64,7676
186507,194177,194247,70,7670
186519,194194,194247,53,7675
186507,194177,194248,71,7670
186507,194176,194249,73,7669
186507,194187,194251,64,7680
186507,194179,194251,72,7672
186507,194187,194250,63,7680
186519,194199,194251,52,7680
186507,194184,194252,68,7677
186507,194190,194252,62,7683
186507,194186,194252,66,7679
186507,194184,194252,68,7677
186519,194193,194252,59,7674
186507,194180,194253,73,7673
186507,194191,194253,62,7684
186507,194183,194254,71,7676
186507,194191,194255,64,7684
186507,194190,194259,69,7683
186507,194183,194260,77,7676
186507,194182,194261,79,7675
186519,194208,194261,53,7689
186519,194208,194264,56,7689
186519,194208,194264,56,7689
186519,194193,194264,71,7674
186519,194210,194264,54,7691
186519,194210,194267,57,7691
186519,194204,194269,65,7685
186519,194201,194271,70,7682
186519,194221,194274,53,7702
186519,194220,194275,55,7701
186519,194221,194276,55,7702
186519,194220,194276,56,7701
186519,194213,194277,64,7694
186519,194221,194277,56,7702
186519,194218,194278,60,7699
186519,194217,194279,62,7698
186519,194220,194278,58,7701
186519,194224,194278,54,7705
186519,194223,194279,56,7704
186519,194225,194280,55,7706
186519,194226,194281,55,7707
186519,194209,194282,73,7690
186519,194231,194282,51,7712
186519,194219,194284,65,7700
186519,194218,194285,67,7699
186519,194231,194287,56,7712
186519,194230,194286,56,7711
186519,194219,194288,69,7700
186519,194229,194288,59,7710
186519,194232,194290,58,7713
186519,194232,194294,62,7713
186519,194232,194296,64,7713
186519,194234,194299,65,7715
186519,194238,194299,61,7719
186519,194238,194300,62,7719
186519,194234,194303,69,7715
186519,194241,194303,62,7722
186519,194241,194303,62,7722
186519,194239,194309,70,7720
186519,194239,194309,70,7720
186519,194242,194310,68,7723
186519,194239,194310,71,7720
186519,194239,194310,71,7720
186519,194246,194311,65,7727
186519,194236,194312,76,7717
186519,194241,194312,71,7722
186519,194245,194312,67,7726
186519,194243,194313,70,7724
186519,194244,194315,71,7725
186519,194246,194314,68,7727
186519,194243,194317,74,7724
186519,194241,194318,77,7722
186519,194246,194318,72,7727
186519,194251,194318,67,7732
186519,194253,194318,65,7734
186519,194248,194319,71,7729
186519,194248,194320,72,7729
186519,194250,194320,70,7731
186519,194252,194321,69,7733
186519,194253,194321,68,7734
186519,194249,194321,72,7730
186519,194248,194322,74,7729
186519,194251,194322,71,7732
186519,194251,194323,72,7732
186519,194256,194323,67,7737
186519,194253,194325,72,7734
186519,194252,194325,73,7733
186519,194260,194325,65,7741
186519,194255,194326,71,7736
186519,194253,194326,73,7734
186519,194261,194327,66,7742
186519,194254,194328,74,7735
186519,194265,194332,67,7746
186519,194262,194331,69,7743
186519,194254,194333,79,7735
186519,194259,194336,77,7740
186519,194265,194336,71,7746
186519,194265,194338,73,7746
186519,194269,194340,71,7750
186519,194264,194341,77,7745
186519,194276,194342,66,7757
186519,194277,194342,65,7758
186519,194278,194342,64,7759
186519,194276,194345,69,7757
186519,194275,194344,69,7756
186519,194278,194346,68,7759
186519,194272,194347,75,7753
186519,194267,194347,80,7748
186519,194274,194348,74,7755
186519,194279,194349,70,7760
186519,194280,194350,70,7761
186519,194279,194350,71,7760
186519,194282,194350,68,7763
186519,194280,194352,72,7761
186519,194287,194353,66,7768
186519,194279,194353,74,7760
186519,194282,194354,72,7763
186519,194286,194358,72,7767
186519,194291,194359,68,7772
186519,194287,194359,72,7768
186519,194282,194358,76,7763
186519,194285,194359,74,7766
186519,194288,194359,71,7769
186519,194288,194361,73,7769
186519,194294,194362,68,7775
186519,194299,194368,69,7780
186519,194297,194369,72,7778
186519,194300,194371,71,7781
186519,194300,194370,70,7781
186519,194321,194373,52,7802
186519,194303,194375,72,7784
186519,194311,194375,64,7792
186519,194304,194376,72,7785
186519,194318,194378,60,7799
186519,194310,194377,67,7791
186519,194317,194379,62,7798
186519,194303,194380,77,7784
186519,194311,194381,70,7792
186519,194312,194383,71,7793
186519,194310,194384,74,7791
186519,194313,194384,71,7794
186519,194318,194384,66,7799
186519,194318,194385,67,7799
186519,194322,194385,63,7803
186519,194320,194386,66,7801
186519,194312,194386,74,7793
186519,194323,194387,64,7804
186519,194323,194387,64,7804
186519,194315,194389,74,7796
186519,194325,194390,65,7806
186519,194310,194391,81,7791
186519,194316,194390,74,7797
186519,194321,194391,70,7802
186519,194329,194391,62,7810
186519,194319,194391,72,7800
186519,194322,194392,70,7803
186519,194325,194392,67,7806
186519,194322,194393,71,7803
186519,194326,194393,67,7807
186519,194314,194394,80,7795
186519,194320,194394,74,7801
186519,194332,194396,64,7813
186519,194328,194396,68,7809
186519,194323,194397,74,7804
186519,194313,194397,84,7794
186519,194326,194401,75,7807
186519,194345,194401,56,7826
186519,194327,194402,75,7808
186519,194343,194401,58,7824
186519,194340,194402,62,7821
186519,194332,194402,70,7813
186519,194341,194402,61,7822
186519,194334,194404,70,7815
186519,194342,194404,62,7823
186519,194345,194405,60,7826
186519,194339,194406,67,7820
186519,194343,194405,62,7824
186519,194348,194406,58,7829
186519,194347,194406,59,7828
186519,194350,194406,56,7831
186519,194336,194408,72,7817
186519,194337,194410,73,7818
186519,194349,194410,61,7830
186519,194352,194411,59,7833
186519,194351,194413,62,7832
186519,194355,194413,58,7836
186519,194351,194413,62,7832
186519,194348,194413,65,7829
186519,194351,194416,65,7832
186519,194358,194416,58,7839
186519,194354,194418,64,7835
186519,194354,194419,65,7835
186519,194360,194422,62,7841
186519,194359,194424,65,7840
186519,194359,194424,65,7840
186519,194361,194425,64,7842
186519,194359,194427,68,7840
186519,194359,194430,71,7840
186519,194371,194433,62,7852
186519,194371,194434,63,7852
186519,194369,194435,66,7850
185081,193051,194436,1385,7970
186519,194378,194436,58,7859
186519,194382,194437,55,7863
186519,194363,194439,76,7844
186519,194376,194441,65,7857
186519,194369,194442,73,7850
186519,194378,194444,66,7859
186519,194383,194444,61,7864
186519,194374,194445,71,7855
186519,194386,194446,60,7867
186519,194381,194446,65,7862
186519,194380,194447,67,7861
186519,194375,194447,72,7856
186519,194384,194448,64,7865
186519,194376,194449,73,7857
186519,194390,194450,60,7871
186519,194393,194450,57,7874
186519,194387,194451,64,7868
186519,194385,194451,66,7866
186519,194392,194454,62,7873
186519,194391,194454,63,7872
186519,194398,194457,59,7879
186519,194384,194456,72,7865
186519,194391,194458,67,7872
186519,194387,194457,70,7868
186519,194385,194458,73,7866
186519,194385,194458,73,7866
186519,194393,194459,66,7874
186519,194387,194461,74,7868
186519,194393,194462,69,7874
186519,194392,194463,71,7873
186519,194391,194463,72,7872
186519,194402,194463,61,7883
186519,194396,194463,67,7877
186519,194392,194464,72,7873
186519,194394,194465,71,7875
186519,194395,194465,70,7876
186519,194403,194466,63,7884
186519,194393,194466,73,7874
186519,194397,194467,70,7878
186519,194402,194467,65,7883
186519,194404,194467,63,7885
186519,194402,194468,66,7883
186519,194406,194468,62,7887
186519,194406,194468,62,7887
186519,194405,194469,64,7886
186519,194406,194471,65,7887
186519,194401,194470,69,7882
186519,194405,194471,66,7886
186519,194410,194472,62,7891
186519,194414,194473,59,7895
186519,194401,194474,73,7882
186519,194396,194474,78,7877
186519,194406,194475,69,7887
186519,194408,194475,67,7889
186519,194403,194476,73,7884
186519,194406,194477,71,7887
186519,194411,194478,67,7892
186519,194416,194479,63,7897
186519,194413,194483,70,7894
186519,194419,194483,64,7900
186519,194413,194485,72,7894
186740,194428,194485,57,7688
186519,194417,194487,70,7898
186740,194424,194490,66,7684
186740,194434,194489,55,7694
186740,194426,194489,63,7686
186519,194414,194491,77,7895
186519,194419,194491,72,7900
186740,194440,194494,54,7700
186740,194437,194494,57,7697
186740,194445,194495,50,7705
186740,194435,194496,61,7695
186519,194411,194475,64,7892
186740,194431,194481,50,7691
186740,194442,194497,55,7702
186740,194437,194499,62,7697
186519,194422,194499,77,7903
186740,194449,194500,51,7709
186740,194442,194503,61,7702
186740,194452,194504,52,7712
186740,194438,194504,66,7698
186740,194444,194504,60,7704
186740,194451,194504,53,7711
186740,194447,194506,59,7707
186740,194436,194508,72,7696
186740,194455,194509,54,7715
186740,194449,194509,60,7709
186740,194451,194509,58,7711
186740,194457,194510,53,7717
186740,194458,194511,53,7718
186740,194447,194511,64,7707
186740,194452,194512,60,7712
186740,194445,194512,67,7705
186740,194447,194512,65,7707
186740,194455,194513,58,7715
186740,194457,194514,57,7717
186740,194458,194515,57,7718
186740,194448,194515,67,7708
186740,194458,194518,60,7718
186740,194459,194521,62,7719
186740,194460,194523,63,7720
186740,194461,194526,65,7721
186740,194465,194530,65,7725
186740,194463,194532,69,7723
186740,194464,194531,67,7724
186740,194462,194532,70,7722
186740,194464,194533,69,7724
186740,194467,194535,68,7727
186740,194466,194535,69,7726
186740,194468,194536,68,7728
186740,194468,194537,69,7728
186740,194469,194538,69,7729
186740,194464,194539,75,7724
186740,194468,194540,72,7728
186740,194470,194539,69,7730
186740,194468,194541,73,7728
186740,194471,194542,71,7731
186740,194475,194543,68,7735
186740,194471,194543,72,7731
186740,194474,194544,70,7734
186740,194476,194544,68,7736
186740,194476,194545,69,7736
186740,194478,194545,67,7738
186740,194473,194546,73,7733
186740,194475,194547,72,7735
186740,194479,194547,68,7739
186740,194476,194547,71,7736
186740,194471,194549,78,7731
186740,194469,194550,81,7729
186740,194487,194551,64,7747
186740,194485,194553,68,7745
186740,194478,194553,75,7738
186740,194484,194555,71,7744
186740,194484,194556,72,7744
186740,194485,194556,71,7745
186740,194490,194557,67,7750
186740,194490,194560,70,7750
186740,194496,194561,65,7756
186740,194490,194562,72,7750
186740,194492,194563,71,7752
186740,194494,194564,70,7754
186740,194497,194564,67,7757
186740,194499,194565,66,7759
186740,194496,194567,71,7756
186740,194496,194568,72,7756
186740,194499,194567,68,7759
186740,194496,194569,73,7756
186740,194495,194569,74,7755
186740,194492,194570,78,7752
186740,194498,194570,72,7758
186740,194504,194574,70,7764
186740,194497,194573,76,7757
186740,194505,194574,69,7765
186740,194503,194574,71,7763
186740,194505,194576,71,7765
186740,194509,194577,68,7769
186740,194512,194577,65,7772
186740,194501,194579,78,7761
186740,194504,194579,75,7764
186740,194512,194580,68,7772
186740,194510,194580,70,7770
186740,194509,194582,73,7769
186740,194511,194583,72,7771
186740,194512,194583,71,7772
186740,194507,194584,77,7767
186740,194510,194584,74,7770
186740,194514,194586,72,7774
186740,194516,194587,71,7776
186740,194512,194587,75,7772
186740,194519,194589,70,7779
186740,194514,194589,75,7774
186740,194511,194591,80,7771
186740,194523,194592,69,7783
186740,194522,194593,71,7782
186740,194516,194593,77,7776
186740,194527,194595,68,7787
186740,194545,194598,53,7805
186740,194532,194602,70,7792
186740,194533,194602,69,7793
186740,194546,194601,55,7806
186740,194531,194603,72,7791
186740,194546,194605,59,7806
186740,194532,194605,73,7792
186740,194534,194605,71,7794
186740,194537,194608,71,7797
186740,194536,194608,72,7796
186740,194535,194609,74,7795
186740,194540,194610,70,7800
186740,194541,194611,70,7801
186740,194536,194612,76,7796
186740,194545,194612,67,7805
186740,194539,194614,75,7799
186740,194539,194613,74,7799
186740,194548,194613,65,7808
186740,194540,194616,76,7800
186740,194543,194615,72,7803
186740,194554,194617,63,7814
186740,194542,194618,76,7802
186740,194551,194619,68,7811
186740,194548,194620,72,7808
186740,194554,194621,67,7814
186740,194544,194622,78,7804
186740,194548,194622,74,7808
186740,194557,194623,66,7817
186740,194543,194625,82,7803
186740,194563,194627,64,7823
186740,194557,194628,71,7817
186740,194565,194629,64,7825
186740,194552,194629,77,7812
186740,194556,194630,74,7816
186740,194558,194630,72,7818
186740,194550,194630,80,7810
186740,194568,194630,62,7828
186740,194571,194631,60,7831
186740,194561,194630,69,7821
186740,194570,194631,61,7830
186740,194578,194631,53,7838
186740,194562,194633,71,7822
186740,194565,194632,67,7825
186740,194574,194633,59,7834
186740,194583,194635,52,7843
186740,194578,194636,58,7838
186740,194575,194636,61,7835
186740,194568,194636,68,7828
186740,194576,194636,60,7836
186740,194570,194637,67,7830
186740,194564,194636,72,7824
186740,194579,194637,58,7839
186740,194579,194637,58,7839
186740,194574,194638,64,7834
186740,194570,194638,68,7830
186740,194567,194639,72,7827
186740,194574,194640,66,7834
186740,194581,194642,61,7841
186740,194565,194643,78,7825
186740,194582,194644,62,7842
186740,194584,194644,60,7844
186740,194581,194645,64,7841
186740,194584,194646,62,7844
186740,194587,194647,60,7847
186740,194593,194648,55,7853
186740,194587,194651,64,7847
186740,194588,194651,63,7848
186740,194590,194652,62,7850
186740,194584,194653,69,7844
186740,194589,194656,67,7849
186740,194591,194657,66,7851
186740,194596,194657,61,7856
185325,193282,194659,1377,7957
186740,194594,194660,66,7854
186740,194602,194661,59,7862
186740,194599,194664,65,7859
186740,194602,194665,63,7862
186740,194594,194665,71,7854
186740,194604,194666,62,7864
186740,194614,194672,58,7874
186740,194613,194673,60,7873
186740,194606,194673,67,7866
186740,194609,194673,64,7869
186740,194610,194674,64,7870
186740,194606,194675,69,7866
186740,194611,194675,64,7871
186740,194614,194675,61,7874
186740,194606,194676,70,7866
186740,194602,194677,75,7862
186740,194616,194679,63,7876
186740,194609,194679,70,7869
186740,194622,194681,59,7882
186740,194612,194682,70,7872
186740,194622,194683,61,7882
186740,194617,194684,67,7877
186740,194621,194685,64,7881
186740,194623,194687,64,7883
186740,194616,194688,72,7876
186740,194628,194688,60,7888
186740,194619,194689,70,7879
186740,194630,194689,59,7890
186740,194618,194690,72,7878
186740,194637,194690,53,7897
186740,194613,194691,78,7873
186740,194628,194692,64,7888
186740,194633,194692,59,7893
186740,194614,194693,79,7874
186740,194631,194693,62,7891
186740,194622,194693,71,7882
186740,194625,194695,70,7885
186740,194630,194695,65,7890
186740,194630,194697,67,7890
186740,194637,194698,61,7897
186740,194637,194699,62,7897
186740,194631,194699,68,7891
186740,194637,194699,62,7897
186740,194630,194699,69,7890
186740,194637,194701,64,7897
186740,194643,194702,59,7903
186740,194631,194702,71,7891
186740,194636,194702,66,7896
186740,194633,194702,69,7893
186740,194648,194704,56,7908
186740,194636,194704,68,7896
186740,194636,194704,68,7896
186740,194640,194704,64,7900
186740,194645,194704,59,7905
186740,194633,194706,73,7893
187003,194654,194707,53,7651
186740,194631,194708,77,7891
186740,194637,194708,71,7897
186740,194647,194709,62,7907
186740,194640,194709,69,7900
186740,194645,194711,66,7905
186740,194639,194713,74,7899
187003,194661,194714,53,7658
186740,194648,194713,65,7908
186740,194644,194713,69,7904
186740,194652,194715,63,7912
186740,194638,194715,77,7898
187003,194660,194715,55,7657
186740,194646,194716,70,7906
187003,194666,194716,50,7663
187003,194656,194717,61,7653
187003,194666,194718,52,7663
187003,194658,194719,61,7655
187003,194657,194724,67,7654
187003,194660,194726,66,7657
187003,194668,194726,58,7665
186740,194629,194692,63,7889
186740,194632,194702,70,7892
187003,194652,194701,49,7649
187003,194674,194728,54,7671
187003,194680,194728,48,7677
187003,194686,194732,46,7683
187003,194673,194733,60,7670
187003,194674,194734,60,7671
187003,194676,194733,57,7673
187003,194683,194734,51,7680
187003,194676,194733,57,7673
187003,194673,194734,61,7670
187003,194664,194734,70,7661
187003,194676,194736,60,7673
187003,194684,194736,52,7681
187003,194672,194736,64,7669
187003,194678,194739,61,7675
187003,194677,194739,62,7674
187003,194684,194738,54,7681
187003,194682,194739,57,7679
187003,194688,194740,52,7685
187003,194680,194741,61,7677
187003,194690,194745,55,7687
187003,194690,194746,56,7687
187003,194691,194748,57,7688
187003,194689,194753,64,7686
187003,194694,194754,60,7691
187003,194691,194753,62,7688
187003,194692,194756,64,7689
187003,194691,194757,66,7688
187003,194697,194759,62,7694
187003,194694,194759,65,7691
187003,194696,194763,67,7693
187003,194699,194763,64,7696
187003,194694,194765,71,7691
187003,194692,194767,75,7689
187003,194700,194769,69,7697
187003,194695,194770,75,7692
187003,194700,194771,71,7697
187003,194703,194772,69,7700
187003,194703,194773,70,7700
187003,194705,194773,68,7702
187003,194699,194773,74,7696
187003,194707,194775,68,7704
187003,194702,194775,73,7699
187003,194702,194776,74,7699
187003,194707,194777,70,7704
187003,194708,194777,69,7705
187003,194705,194777,72,7702
187003,194708,194778,70,7705
187003,194716,194778,62,7713
187003,194705,194779,74,7702
187003,194714,194779,65,7711
187003,194726,194780,54,7723
187003,194700,194780,80,7697
187003,194714,194782,68,7711
187003,194713,194782,69,7710
187003,194717,194782,65,7714
187003,194715,194782,67,7712
187003,194702,194783,81,7699
187003,194710,194783,73,7707
187003,194705,194783,78,7702
187003,194705,194784,79,7702
187003,194714,194784,70,7711
187003,194710,194785,75,7707
187003,194717,194787,70,7714
187003,194717,194787,70,7714
187003,194711,194788,77,7708
187003,194718,194788,70,7715
187003,194716,194790,74,7713
187003,194724,194793,69,7721
187003,194726,194793,67,7723
187003,194726,194794,68,7723
187003,194726,194795,69,7723
187003,194729,194796,67,7726
187003,194726,194797,71,7723
187003,194734,194799,65,7731
187003,194720,194800,80,7717
187003,194733,194801,68,7730
187003,194726,194801,75,7723
187003,194729,194802,73,7726
187003,194734,194804,70,7731
187003,194741,194804,63,7738
187003,194739,194805,66,7736
187003,194734,194806,72,7731
187003,194736,194806,70,7733
187003,194739,194807,68,7736
187003,194735,194807,72,7732
187003,194734,194808,74,7731
187003,194739,194808,69,7736
187003,194737,194809,72,7734
187003,194742,194809,67,7739
187003,194734,194809,75,7731
187003,194736,194812,76,7733
187003,194735,194813,78,7732
187003,194745,194814,69,7742
187003,194740,194816,76,7737
187003,194748,194819,71,7745
187003,194747,194820,73,7744
187003,194756,194821,65,7753
187003,194753,194823,70,7750
187003,194754,194823,69,7751
187003,194758,194826,68,7755
187003,194760,194829,69,7757
187003,194759,194830,71,7756
187003,194754,194831,77,7751
187003,194763,194833,70,7760
187003,194766,194837,71,7763
187003,194768,194837,69,7765
187003,194764,194838,74,7761
187003,194770,194839,69,7767
187003,194776,194838,62,7773
187003,194769,194841,72,7766
187003,194777,194840,63,7774
187003,194778,194840,62,7775
187003,194773,194842,69,7770
187003,194774,194844,70,7771
187003,194782,194844,62,7779
187003,194775,194844,69,7772
187003,194774,194845,71,7771
187003,194783,194847,64,7780
187003,194776,194848,72,7773
187003,194772,194847,75,7769
187003,194774,194849,75,7771
187003,194779,194849,70,7776
187003,194779,194850,71,7776
187003,194780,194851,71,7777
187003,194783,194852,69,7780
187003,194784,194853,69,7781
187003,194783,194853,70,7780
187003,194783,194854,71,7780
187003,194781,194854,73,7778
187003,194784,194856,72,7781
187003,194802,194856,54,7799
187003,194780,194857,77,7777
187003,194791,194857,66,7788
187003,194794,194857,63,7791
187003,194797,194858,61,7794
187003,194778,194857,79,7775
187003,194784,194858,74,7781
187003,194789,194858,69,7786
187003,194793,194858,65,7790
187003,194804,194859,55,7801
187003,194805,194859,54,7802
187003,194785,194860,75,7782
187003,194787,194860,73,7784
187003,194799,194861,62,7796
187003,194788,194861,73,7785
187003,194801,194861,60,7798
187003,194781,194861,80,7778
187003,194788,194863,75,7785
187003,194809,194864,55,7806
187003,194795,194864,69,7792
187003,194809,194864,55,7806
187003,194807,194866,59,7804
187003,194802,194866,64,7799
187003,194795,194867,72,7792
187003,194796,194867,71,7793
187003,194807,194867,60,7804
187003,194806,194867,61,7803
187003,194800,194867,67,7797
187003,194806,194868,62,7803
187003,194786,194870,84,7783
187003,194808,194873,65,7805
187003,194809,194875,66,7806
187003,194810,194875,65,7807
187003,194809,194877,68,7806
187003,194814,194878,64,7811
187003,194813,194880,67,7810
187003,194814,194883,69,7811
187003,194817,194884,67,7814
187003,194820,194885,65,7817
187003,194823,194886,63,7820
187003,194821,194887,66,7818
187003,194824,194888,64,7821
187003,194832,194889,57,7829
187003,194822,194890,68,7819
187003,194826,194890,64,7823
187003,194837,194896,59,7834
187003,194834,194897,63,7831
187003,194841,194900,59,7838
187003,194838,194900,62,7835
187003,194843,194901,58,7840
187003,194844,194903,59,7841
187003,194830,194904,74,7827
187003,194839,194904,65,7836
187003,194841,194905,64,7838
187003,194830,194906,76,7827
187003,194839,194906,67,7836
187003,194839,194906,67,7836
187003,194844,194907,63,7841
187003,194845,194907,62,7842
187003,194854,194910,56,7851
187003,194855,194909,54,7852
187003,194847,194910,63,7844
187003,194841,194912,71,7838
187003,194858,194912,54,7855
187003,194848,194913,65,7845
185569,193510,194913,1403,7941
187003,194854,194914,60,7851
187003,194844,194914,70,7841
187003,194858,194915,57,7855
187003,194851,194916,65,7848
187003,194850,194917,67,7847
187003,194850,194917,67,7847
187003,194859,194917,58,7856
187003,194857,194918,61,7854
187003,194856,194919,63,7853
187003,194861,194918,57,7858
187003,194858,194919,61,7855
187003,194859,194921,62,7856
187003,194850,194920,70,7847
187003,194853,194921,68,7850
187003,194852,194921,69,7849
187003,194848,194922,74,7845
187003,194859,194922,63,7856
187003,194862,194925,63,7859
187003,194871,194925,54,7868
187003,194860,194925,65,7857
187003,194867,194926,59,7864
187003,194858,194927,69,7855
187003,194865,194928,63,7862
187003,194857,194928,71,7854
187003,194858,194928,70,7855
187003,194863,194928,65,7860
187003,194868,194929,61,7865
187003,194867,194930,63,7864
187003,194861,194930,69,7858
187003,194862,194931,69,7859
187003,194857,194932,75,7854
187003,194868,194933,65,7865
187003,194879,194935,56,7876
187003,194869,194935,66,7866
187003,194877,194936,59,7874
187003,194874,194936,62,7871
187003,194875,194936,61,7872
187003,194868,194937,69,7865
187003,194868,194939,71,7865
187003,194875,194939,64,7872
187229,194888,194940,52,7659
187003,194867,194944,77,7864
187229,194888,194945,57,7659
187229,194885,194947,62,7656
187229,194891,194948,57,7662
187229,194884,194948,64,7655
187229,194896,194949,53,7667
187229,194886,194950,64,7657
187229,194889,194951,62,7660
187229,194889,194953,64,7660
187229,194905,194952,47,7676
187229,194902,194955,53,7673
187003,194862,194933,71,7859
187003,194865,194940,75,7862
187003,194865,194939,74,7862
187229,194890,194958,68,7661
187229,194901,194958,57,7672
187229,194907,194962,55,7678
187229,194898,194963,65,7669
187229,194904,194964,60,7675
187229,194907,194964,57,7678
187229,194914,194964,50,7685
187229,194916,194966,50,7687
187229,194905,194966,61,7676
187229,194910,194966,56,7681
187229,194906,194966,60,7677
187229,194901,194967,66,7672
187229,194912,194967,55,7683
187229,194913,194968,55,7684
187229,194915,194970,55,7686
187229,194915,194971,56,7686
187229,194913,194971,58,7684
187229,194917,194970,53,7688
187229,194911,194971,60,7682
187229,194908,194973,65,7679
187229,194910,194973,63,7681
187229,194907,194976,69,7678
187229,194917,194977,60,7688
187229,194906,194978,72,7677
187229,194918,194979,61,7689
187229,194921,194982,61,7692
187229,194919,194983,64,7690
187229,194920,194985,65,7691
187229,194921,194985,64,7692
187229,194917,194986,69,7688
187229,194922,194989,67,7693
187229,194923,194990,67,7694
187229,194919,194990,71,7690
187229,194919,194992,73,7690
187229,194923,194992,69,7694
187229,194922,194993,71,7693
187229,194925,194993,68,7696
187229,194927,194995,68,7698
187229,194928,194995,67,7699
187229,194926,194996,70,7697
187229,194931,194997,66,7702
187229,194929,194997,68,7700
187229,194929,194998,69,7700
187229,194925,194998,73,7696
187229,194929,194999,70,7700
187229,194932,195002,70,7703
187229,194930,195001,71,7701
187229,194928,195002,74,7699
187229,194930,195003,73,7701
187229,194936,195004,68,7707
187229,194933,195005,72,7704
187229,194935,195006,71,7706
187229,194939,195006,67,7710
187229,194937,195006,69,7708
187229,194940,195006,66,7711
187229,194936,195008,72,7707
187229,194937,195008,71,7708
187229,194936,195009,73,7707
187229,194945,195013,68,7716
187229,194945,195016,71,7716
187229,194949,195017,68,7720
187229,194949,195018,69,7720
187229,194941,195021,80,7712
187229,194951,195021,70,7722
187229,194953,195022,69,7724
187229,194953,195022,69,7724
187229,194949,195023,74,7720
187229,194948,195022,74,7719
187229,194958,195024,66,7729
187229,194957,195024,67,7728
187229,194957,195025,68,7728
187229,194951,195026,75,7722
187229,194955,195027,72,7726
187229,194957,195027,70,7728
187229,194964,195028,64,7735
187229,194959,195029,70,7730
187229,194957,195030,73,7728
187229,194965,195032,67,7736
187229,194966,195033,67,7737
187229,194967,195034,67,7738
187229,194964,195035,71,7735
187229,194967,195036,69,7738
187229,194962,195037,75,7733
187229,194967,195036,69,7738
187229,194965,195038,73,7736
187229,194970,195039,69,7741
187229,194969,195039,70,7740
187229,194966,195040,74,7737
187229,194971,195041,70,7742
187229,194973,195041,68,7744
187229,194971,195041,70,7742
187229,194974,195042,68,7745
187229,194968,195042,74,7739
187229,194971,195045,74,7742
187229,194971,195045,74,7742
187229,194978,195046,68,7749
187229,194978,195048,70,7749
187229,194985,195051,66,7756
187229,194977,195051,74,7748
187229,194980,195052,72,7751
187229,195002,195054,52,7773
187229,194993,195056,63,7764
187229,194986,195057,71,7757
187229,194983,195058,75,7754
187229,194987,195060,73,7758
187229,194993,195060,67,7764
187229,194994,195060,66,7765
187229,194997,195062,65,7768
187229,194991,195061,70,7762
187229,194998,195063,65,7769
187229,194984,195062,78,7755
187229,194990,195063,73,7761
187229,194996,195063,67,7767
187229,195005,195065,60,7776
187229,195002,195065,63,7773
187229,195003,195065,62,7774
187229,194999,195066,67,7770
187229,194993,195066,73,7764
187229,194990,195068,78,7761
187229,195000,195068,68,7771
187229,195010,195068,58,7781
187229,194999,195070,71,7770
187229,194996,195071,75,7767
187229,195013,195074,61,7784
187229,194997,195074,77,7768
187229,195004,195075,71,7775
187229,195007,195077,70,7778
187229,195007,195079,72,7778
187229,195016,195080,64,7787
187229,195008,195080,72,7779
187229,195028,195081,53,7799
187229,195006,195083,77,7777
187229,195007,195085,78,7778
187229,195028,195085,57,7799
187229,195009,195086,77,7780
187229,195029,195087,58,7800
187229,195007,195087,80,7778
187229,195028,195088,60,7799
187229,195017,195089,72,7788
187229,195025,195091,66,7796
187229,195030,195091,61,7801
187229,195021,195092,71,7792
187229,195022,195092,70,7793
187229,195034,195093,59,7805
187229,195025,195093,68,7796
187229,195022,195093,71,7793
187229,195022,195093,71,7793
187229,195035,195093,58,7806
187229,195040,195095,55,7811
187229,195023,195095,72,7794
187229,195025,195096,71,7796
187229,195027,195096,69,7798
187229,195023,195096,73,7794
187229,195019,195097,78,7790
187229,195037,195097,60,7808
187229,195033,195098,65,7804
187229,195041,195099,58,7812
187229,195040,195099,59,7811
187229,195042,195100,58,7813
187229,195041,195101,60,7812
187229,195039,195101,62,7810
187229,195045,195102,57,7816
187229,195036,195104,68,7807
187229,195037,195105,68,7808
187229,195042,195105,63,7813
187229,195040,195107,67,7811
187229,195036,195107,71,7807
187229,195042,195107,65,7813
187229,195045,195108,63,7816
187229,195051,195111,60,7822
187229,195052,195112,60,7823
187229,195053,195117,64,7824
187229,195048,195117,69,7819
187229,195054,195118,64,7825
187229,195056,195118,62,7827
187229,195059,195119,60,7830
187229,195057,195119,62,7828
187229,195060,195119,59,7831
187229,195063,195121,58,7834
187229,195047,195120,73,7818
187229,195060,195121,61,7831
187229,195060,195123,63,7831
187229,195063,195125,62,7834
187229,195062,195126,64,7833
187229,195067,195129,62,7838
187229,195065,195129,64,7836
187229,195068,195130,62,7839
187229,195068,195130,62,7839
187229,195071,195131,60,7842
187229,195065,195132,67,7836
187229,195067,195131,64,7838
187229,195071,195134,63,7842
187229,195063,195135,72,7834
187229,195066,195135,69,7837
187229,195064,195135,71,7835
187229,195062,195137,75,7833
187229,195076,195136,60,7847
186034,193741,195138,1397,7707
187229,195074,195139,65,7845
187229,195079,195140,61,7850
187229,195081,195140,59,7852
187229,195075,195142,67,7846
187229,195068,195144,76,7839
187229,195088,195146,58,7859
187229,195085,195148,63,7856
187229,195081,195150,69,7852
187229,195089,195151,62,7860
187229,195093,195151,58,7864
187229,195087,195153,66,7858
187229,195092,195153,61,7863
187229,195078,195153,75,7849
187229,195086,195153,67,7857
187229,195090,195154,64,7861
187229,195084,195155,71,7855
187229,195081,195155,74,7852
187229,195100,195155,55,7871
187229,195094,195155,61,7865
187229,195094,195158,64,7865
187229,195098,195158,60,7869
187229,195096,195159,63,7867
187229,195101,195158,57,7872
187229,195099,195160,61,7870
187229,195088,195160,72,7859
187229,195093,195161,68,7864
187229,195095,195161,66,7866
187229,195102,195162,60,7873
187229,195096,195162,66,7867
187229,195099,195163,64,7870
187511,195108,195164,56,7597
187229,195097,195166,69,7868
187511,195108,195166,58,7597
187229,195105,195168,63,7876
187229,195094,195168,74,7865
187511,195109,195171,62,7598
187229,195098,195171,73,7869
187511,195112,195171,59,7601
187229,195106,195171,65,7877
187229,195102,195172,70,7873
187229,195096,195172,76,7867
187229,195105,195172,67,7876
187511,195121,195175,54,7610
187511,195117,195175,58,7606
187511,195119,195176,57,7608
187511,195119,195179,60,7608
187229,195092,195156,64,7863
187229,195092,195156,64,7863
187229,195094,195156,62,7865
187229,195102,195159,57,7873
187511,195120,195182,62,7609
187511,195122,195183,61,7611
187511,195121,195184,63,7610
187511,195112,195185,73,7601
187511,195118,195184,66,7607
187511,195120,195185,65,7609
187511,195124,195185,61,7613
187511,195137,195187,50,7626
187511,195120,195187,67,7609
187511,195125,195188,63,7614
187511,195135,195187,52,7624
187511,195130,195188,58,7619
187511,195136,195190,54,7625
187511,195131,195190,59,7620
187511,195136,195191,55,7625
187511,195130,195191,61,7619
187511,195138,195192,54,7627
187511,195132,195193,61,7621
187511,195136,195192,56,7625
187511,195127,195194,67,7616
187511,195132,195194,62,7621
187511,195132,195194,62,7621
187511,195137,195195,58,7626
187511,195130,195201,71,7619
187511,195140,195201,61,7629
187511,195140,195203,63,7629
187511,195147,195205,58,7636
187511,195142,195205,63,7631
187511,195140,195205,65,7629
187511,195150,195207,57,7639
187511,195145,195212,67,7634
187511,195148,195218,70,7637
187511,195152,195219,67,7641
187511,195153,195220,67,7642
187511,195151,195220,69,7640
187511,195156,195223,67,7645
187511,195155,195223,68,7644
187511,195153,195223,70,7642
187511,195155,195224,69,7644
187511,195154,195226,72,7643
187511,195153,195226,73,7642
187511,195159,195227,68,7648
187511,195159,195227,68,7648
187511,195163,195229,66,7652
187511,195164,195229,65,7653
187511,195159,195229,70,7648
187511,195163,195229,66,7652
187511,195160,195230,70,7649
187511,195158,195231,73,7647
187511,195161,195232,71,7650
187511,195156,195233,77,7645
187511,195162,195233,71,7651
187511,195163,195233,70,7652
187511,195160,195234,74,7649
187511,195166,195235,69,7655
187511,195172,195237,65,7661
187511,195166,195238,72,7655
187511,195169,195239,70,7658
187511,195171,195240,69,7660
187511,195171,195240,69,7660
187511,195172,195241,69,7661
187511,195177,195242,65,7666
187511,195172,195243,71,7661
187511,195169,195244,75,7658
187511,195173,195245,72,7662
187511,195176,195246,70,7665
187511,195172,195246,74,7661
187511,195182,195246,64,7671
187511,195175,195247,72,7664
187511,195182,195251,69,7671
187511,195182,195253,71,7671
187511,195179,195253,74,7668
187511,195183,195253,70,7672
187511,195188,195255,67,7677
187511,195190,195256,66,7679
187511,195188,195256,68,7677
187511,195188,195257,69,7677
187511,195182,195257,75,7671
187511,195184,195257,73,7673
187511,195182,195258,76,7671
187511,195182,195258,76,7671
187511,195185,195258,73,7674
187511,195185,195258,73,7674
187511,195191,195259,68,7680
187511,195185,195260,75,7674
187511,195194,195262,68,7683
187511,195187,195262,75,7676
187511,195192,195262,70,7681
187511,195193,195262,69,7682
187511,195188,195263,75,7677
187511,195185,195263,78,7674
187511,195192,195264,72,7681
187511,195195,195264,69,7684
187511,195193,195266,73,7682
187511,195196,195266,70,7685
187511,195193,195267,74,7682
187511,195194,195269,75,7683
187511,195201,195271,70,7690
187511,195201,195273,72,7690
187511,195204,195274,70,7693
187511,195208,195278,70,7697
187511,195206,195278,72,7695
187511,195206,195281,75,7695
187511,195206,195282,76,7695
187511,195212,195284,72,7701
187511,195231,195288,57,7720
187511,195230,195290,60,7719
187511,195221,195291,70,7710
187511,195219,195291,72,7708
187511,195223,195291,68,7712
187511,195220,195292,72,7709
187511,195225,195293,68,7714
187511,195230,195293,63,7719
187511,195221,195293,72,7710
187511,195231,195296,65,7720
187511,195224,195298,74,7713
187511,195233,195298,65,7722
187511,195228,195298,70,7717
187511,195233,195299,66,7722
187511,195223,195299,76,7712
187511,195233,195301,68,7722
187511,195226,195302,76,7715
187511,195230,195301,71,7719
187511,195227,195302,75,7716
187511,195229,195303,74,7718
187511,195238,195303,65,7727
187511,195228,195304,76,7717
187511,195233,195305,72,7722
187511,195244,195305,61,7733
187511,195243,195306,63,7732
187511,195241,195308,67,7730
187511,195245,195308,63,7734
187511,195236,195309,73,7725
187511,195242,195310,68,7731
187511,195252,195310,58,7741
187511,195238,195312,74,7727
187511,195241,195312,71,7730
187511,195254,195312,58,7743
187511,195235,195312,77,7724
187511,195239,195312,73,7728
187511,195259,195313,54,7748
187511,195257,195315,58,7746
187511,195255,195316,61,7744
187511,195260,195317,57,7749
187511,195257,195317,60,7746
187511,195247,195318,71,7736
187511,195247,195318,71,7736
187511,195248,195319,71,7737
187511,195257,195318,61,7746
187511,195258,195319,61,7747
187511,195254,195320,66,7743
187511,195258,195320,62,7747
187511,195261,195320,59,7750
187511,195259,195322,63,7748
187511,195246,195323,77,7735
187511,195245,195324,79,7734
187511,195262,195325,63,7751
187511,195264,195325,61,7753
187511,195266,195325,59,7755
187511,195257,195325,68,7746
187511,195253,195326,73,7742
187511,195258,195327,69,7747
187511,195270,195327,57,7759
187511,195262,195328,66,7751
187511,195263,195328,65,7752
187511,195263,195329,66,7752
187511,195262,195329,67,7751
187511,195268,195329,61,7757
187511,195267,195330,63,7756
187511,195274,195332,58,7763
187511,195271,195335,64,7760
187511,195264,195338,74,7753
187511,195278,195339,61,7767
187511,195264,195340,76,7753
187511,195279,195340,61,7768
187511,195274,195343,69,7763
187511,195283,195343,60,7772
187511,195288,195349,61,7777
186288,193968,195351,1383,7680
187511,195285,195352,67,7774
187511,195291,195352,61,7780
187511,195291,195352,61,7780
187511,195293,195352,59,7782
187511,195291,195355,64,7780
187511,195290,195355,65,7779
187511,195281,195356,75,7770
187511,195299,195358,59,7788
187511,195294,195359,65,7783
187511,195302,195359,57,7791
187511,195299,195360,61,7788
187511,195293,195361,68,7782
187511,195301,195363,62,7790
187511,195302,195363,61,7791
187511,195293,195365,72,7782
187511,195300,195366,66,7789
187511,195305,195367,62,7794
187511,195299,195368,69,7788
187511,195300,195370,70,7789
187511,195303,195370,67,7792
187511,195296,195371,75,7785
187511,195304,195372,68,7793
187511,195309,195372,63,7798
187511,195307,195372,65,7796
187511,195309,195374,65,7798
187511,195302,195375,73,7791
187511,195319,195377,58,7808
187511,195313,195377,64,7802
187511,195304,195378,74,7793
187511,195320,195378,58,7809
187511,195306,195379,73,7795
187511,195312,195379,67,7801
187511,195317,195379,62,7806
187511,195320,195380,60,7809
187511,195310,195380,70,7799
187511,195320,195380,60,7809
187511,195320,195382,62,7809
187511,195313,195381,68,7802
187511,195313,195382,69,7802
187511,195313,195382,69,7802
187511,195318,195383,65,7807
187511,195330,195383,53,7819
187511,195316,195384,68,7805
187511,195318,195385,67,7807
187511,195317,195385,68,7806
187511,195319,195387,68,7808
187511,195319,195386,67,7808
187511,195313,195387,74,7802
187511,195329,195388,59,7818
187511,195330,195390,60,7819
187511,195329,195390,61,7818
187511,195323,195391,68,7812
187511,195326,195391,65,7815
187511,195311,195390,79,7800
187511,195326,195391,65,7815
187511,195327,195391,64,7816
187719,195333,195391,58,7614
187719,195340,195393,53,7621
187511,195330,195395,65,7819
187719,195336,195396,60,7617
187511,195327,195396,69,7816
187511,195328,195398,70,7817
187511,195323,195398,75,7812
187511,195325,195399,74,7814
187511,195326,195399,73,7815
187511,195310,195370,60,7799
187511,195326,195378,52,7815
187719,195339,195399,60,7620
187719,195340,195402,62,7621
187719,195344,195403,59,7625
187719,195353,195403,50,7634
187719,195341,195406,65,7622
187719,195343,195408,65,7624
187719,195352,195408,56,7633
187719,195353,195411,58,7634
187719,195352,195412,60,7633
187719,195359,195413,54,7640
187719,195365,195414,49,7646
187719,195349,195416,67,7630
187719,195356,195419,63,7637
187719,195357,195419,62,7638
187719,195363,195419,56,7644
187719,195360,195419,59,7641
187719,195364,195420,56,7645
187719,195353,195420,67,7634
187719,195370,195420,50,7651
187719,195356,195421,65,7637
187719,195361,195424,63,7642
187719,195368,195425,57,7649
187719,195371,195426,55,7652
187719,195369,195426,57,7650
187719,195372,195427,55,7653
187719,195370,195427,57,7651
187719,195362,195428,66,7643
187719,195360,195429,69,7641
187719,195372,195432,60,7653
187719,195375,195435,60,7656
187719,195373,195437,64,7654
187719,195378,195441,63,7659
187719,195376,195442,66,7657
187719,195380,195444,64,7661
187719,195380,195444,64,7661
187719,195377,195444,67,7658
187719,195379,195445,66,7660
187719,195382,195447,65,7663
187719,195380,195447,67,7661
187719,195379,195447,68,7660
187719,195380,195448,68,7661
187719,195385,195452,67,7666
187719,195387,195451,64,7668
187719,195383,195451,68,7664
187719,195385,195453,68,7666
187719,195385,195454,69,7666
187719,195384,195454,70,7665
187719,195381,195454,73,7662
187719,195391,195454,63,7672
187719,195382,195454,72,7663
187719,195380,195455,75,7661
187719,195387,195456,69,7668
187719,195382,195456,74,7663
187719,195384,195456,72,7665
187719,195391,195458,67,7672
187719,195391,195460,69,7672
187719,195390,195461,71,7671
187719,195387,195463,76,7668
187719,195391,195463,72,7672
187719,195402,195464,62,7683
187719,195388,195464,76,7669
187719,195392,195464,72,7673
187719,195393,195465,72,7674
187719,195391,195465,74,7672
187719,195396,195466,70,7677
187719,195398,195466,68,7679
187719,195402,195467,65,7683
187719,195402,195468,66,7683
187719,195399,195469,70,7680
187719,195399,195469,70,7680
187719,195391,195470,79,7672
187719,195397,195469,72,7678
187719,195397,195470,73,7678
187719,195402,195471,69,7683
187719,195404,195473,69,7685
187719,195399,195474,75,7680
187719,195407,195475,68,7688
187719,195409,195476,67,7690
187719,195403,195476,73,7684
187719,195408,195478,70,7689
187719,195411,195480,69,7692
187719,195403,195481,78,7684
187719,195412,195481,69,7693
187719,195415,195485,70,7696
187719,195421,195486,65,7702
187719,195417,195487,70,7698
187719,195419,195488,69,7700
187719,195419,195490,71,7700
187719,195421,195490,69,7702
187719,195414,195489,75,7695
187719,195421,195491,70,7702
187719,195419,195492,73,7700
187719,195422,195492,70,7703
187719,195420,195493,73,7701
187719,195424,195494,70,7705
187719,195428,195495,67,7709
187719,195426,195497,71,7707
187719,195427,195497,70,7708
187719,195429,195498,69,7710
187719,195429,195499,70,7710
187719,195433,195499,66,7714
187719,195428,195500,72,7709
187719,195426,195502,76,7707
187719,195436,195505,69,7717
187719,195437,195509,72,7718
187719,195445,195511,66,7726
187719,195457,195510,53,7738
187719,195443,195511,68,7724
187719,195455,195512,57,7736
187719,195441,195515,74,7722
187719,195457,195516,59,7738
187719,195445,195516,71,7726
187719,195448,195518,70,7729
187719,195444,195517,73,7725
187719,195448,195517,69,7729
187719,195460,195518,58,7741
187719,195456,195518,62,7737
187719,195459,195519,60,7740
187719,195444,195519,75,7725
187719,195452,195520,68,7733
187719,195463,195521,58,7744
187719,195454,195521,67,7735
187719,195448,195521,73,7729
187719,195455,195522,67,7736
187719,195452,195526,74,7733
187719,195454,195526,72,7735
187719,195449,195527,78,7730
187719,195452,195527,75,7733
187719,195466,195530,64,7747
187719,195461,195530,69,7742
187719,195468,195531,63,7749
187719,195455,195532,77,7736
187719,195455,195533,78,7736
187719,195464,195536,72,7745
187719,195457,195537,80,7738
187719,195463,195537,74,7744
187719,195477,195539,62,7758
187719,195467,195539,72,7748
187719,195470,195540,70,7751
187719,195465,195540,75,7746
187719,195475,195541,66,7756
187719,195482,195541,59,7763
187719,195481,195541,60,7762
187719,195470,195542,72,7751
187719,195469,195542,73,7750
187719,195472,195542,70,7753
187719,195474,195542,68,7755
187719,195481,195543,62,7762
187719,195466,195543,77,7747
187719,195477,195543,66,7758
187719,195479,195544,65,7760
187719,195465,195544,79,7746
187719,195485,195545,60,7766
187719,195470,195544,74,7751
187719,195465,195545,80,7746
187719,195475,195546,71,7756
187719,195489,195546,57,7770
187719,195471,195547,76,7752
187719,195470,195548,78,7751
187719,195494,195550,56,7775
187719,195497,195551,54,7778
187719,195490,195552,62,7771
187719,195486,195552,66,7767
187719,195490,195553,63,7771
187719,195495,195554,59,7776
187719,195488,195556,68,7769
187719,195493,195557,64,7774
187719,195490,195558,68,7771
187719,195502,195562,60,7783
187719,195500,195562,62,7781
187719,195506,195562,56,7787
187719,195492,195564,72,7773
187719,195493,195567,74,7774
187719,195499,195567,68,7780
187719,195499,195567,68,7780
187719,195496,195567,71,7777
187719,195500,195567,67,7781
187719,195498,195568,70,7779
187719,195512,195568,56,7793
187719,195511,195570,59,7792
187719,195516,195573,57,7797
187719,195516,195574,58,7797
187719,195511,195577,66,7792
187719,195512,195578,66,7793
187719,195518,195580,62,7799
187719,195518,195580,62,7799
187719,195509,195583,74,7790
187719,195519,195584,65,7800
187719,195520,195584,64,7801
187719,195523,195584,61,7804
187719,195520,195584,64,7801
186510,194191,195585,1394,7681
187719,195520,195585,65,7801
187719,195518,195586,68,7799
187719,195521,195586,65,7802
187719,195522,195587,65,7803
187719,195530,195588,58,7811
187719,195518,195588,70,7799
187719,195527,195591,64,7808
187719,195515,195591,76,7796
187719,195533,195593,60,7814
187719,195532,195593,61,7813
187719,195521,195594,73,7802
187719,195527,195594,67,7808
187719,195537,195595,58,7818
187719,195537,195596,59,7818
187719,195527,195596,69,7808
187719,195536,195598,62,7817
187719,195542,195599,57,7823
187719,195541,195599,58,7822
187719,195531,195600,69,7812
187719,195528,195600,72,7809
187719,195539,195600,61,7820
187719,195531,195602,71,7812
187719,195539,195603,64,7820
187719,195545,195605,60,7826
187719,195547,195605,58,7828
187719,195544,195606,62,7825
187719,195540,195606,66,7821
187719,195545,195607,62,7826
187719,195543,195607,64,7824
187719,195541,195608,67,7822
187719,195545,195608,63,7826
187719,195544,195608,64,7825
187719,195547,195609,62,7828
187719,195541,195610,69,7822
187719,195545,195611,66,7826
187719,195543,195611,68,7824
187719,195543,195612,69,7824
187719,195549,195612,63,7830
187719,195544,195613,69,7825
187719,195550,195615,65,7831
187719,195543,195614,71,7824
187719,195554,195616,62,7835
187719,195558,195617,59,7839
187719,195541,195618,77,7822
187719,195553,195618,65,7834
187719,195555,195619,64,7836
187719,195563,195621,58,7844
187719,195548,195622,74,7829
187915,195568,195622,54,7653
187719,195551,195624,73,7832
187719,195553,195626,73,7834
187915,195569,195626,57,7654
187915,195568,195627,59,7653
187719,195567,195628,61,7848
187719,195559,195629,70,7840
187719,195564,195630,66,7845
187915,195568,195630,62,7653
187719,195562,195631,69,7843
187719,195563,195632,69,7844
187915,195571,195633,62,7656
187915,195574,195636,62,7659
187915,195578,195636,58,7663
187915,195568,195636,68,7653
187719,195557,195636,79,7838
187915,195588,195640,52,7673
187915,195585,195641,56,7670
187915,195579,195643,64,7664
187915,195580,195643,63,7665
187915,195595,195644,49,7680
187915,195587,195645,58,7672
187915,195584,195646,62,7669
187915,195581,195646,65,7666
187915,195588,195647,59,7673
187915,195593,195648,55,7678
187915,195593,195648,55,7678
187915,195574,195649,75,7659
187915,195594,195650,56,7679
187915,195586,195650,64,7671
187915,195588,195650,62,7673
187915,195596,195651,55,7681
187915,195585,195651,66,7670
187915,195586,195651,65,7671
187915,195592,195651,59,7677
187915,195584,195651,67,7669
187915,195591,195653,62,7676
187915,195595,195654,59,7680
187915,195584,195655,71,7669
187915,195586,195656,70,7671
187915,195598,195657,59,7683
187915,195599,195658,59,7684
187915,195597,195663,66,7682
187915,195599,195664,65,7684
187915,195604,195664,60,7689
187915,195601,195667,66,7686
187915,195602,195667,65,7687
187915,195600,195670,70,7685
187915,195607,195671,64,7692
187915,195600,195672,72,7685
187915,195610,195676,66,7695
187915,195605,195677,72,7690
187915,195608,195677,69,7693
187915,195607,195678,71,7692
187915,195606,195678,72,7691
187915,195608,195681,73,7693
187915,195607,195681,74,7692
187915,195613,195683,70,7698
187915,195609,195683,74,7694
187915,195612,195683,71,7697
187915,195607,195683,76,7692
187915,195612,195684,72,7697
187915,195616,195684,68,7701
187915,195619,195686,67,7704
187915,195613,195687,74,7698
187915,195623,195687,64,7708
187915,195614,195687,73,7699
187915,195615,195689,74,7700
187915,195609,195690,81,7694
187915,195619,195691,72,7704
187915,195617,195691,74,7702
187915,195620,195692,72,7705
187915,195615,195691,76,7700
187915,195628,195691,63,7713
187915,195623,195694,71,7708
187915,195628,195694,66,7713
187915,195625,195695,70,7710
187915,195626,195696,70,7711
187915,195629,195696,67,7714
187915,195626,195697,71,7711
187915,195621,195699,78,7706
187915,195633,195698,65,7718
187915,195632,195701,69,7717
187915,195631,195702,71,7716
187915,195631,195703,72,7716
187915,195636,195703,67,7721
187915,195636,195704,68,7721
187915,195632,195704,72,7717
187915,195637,195708,71,7722
187915,195643,195710,67,7728
187915,195637,195710,73,7722
187915,195641,195710,69,7726
187915,195644,195711,67,7729
187915,195642,195713,71,7727
187915,195646,195714,68,7731
187915,195649,195715,66,7734
187915,195643,195714,71,7728
187915,195652,195718,66,7737
187915,195646,195718,72,7731
187915,195651,195719,68,7736
187915,195645,195719,74,7730
187915,195649,195720,71,7734
187915,195654,195720,66,7739
187915,195652,195720,68,7737
187915,195648,195723,75,7733
187915,195655,195722,67,7740
187915,195651,195723,72,7736
187915,195651,195723,72,7736
187915,195657,195725,68,7742
187915,195659,195726,67,7744
187915,195652,195728,76,7737
187915,195656,195728,72,7741
187915,195657,195729,72,7742
187915,195652,195730,78,7737
187915,195649,195731,82,7734
187915,195665,195734,69,7750
187915,195652,195737,85,7737
187915,195665,195738,73,7750
187915,195671,195738,67,7756
187915,195672,195741,69,7757
187915,195668,195742,74,7753
187915,195668,195742,74,7753
187915,195663,195743,80,7748
187915,195689,195745,56,7774
187915,195685,195748,63,7770
187915,195678,195748,70,7763
187915,195678,195748,70,7763
187915,195687,195749,62,7772
187915,195687,195749,62,7772
187915,195685,195750,65,7770
187915,195673,195751,78,7758
187915,195677,195751,74,7762
187915,195684,195750,66,7769
187915,195688,195752,64,7773
187915,195690,195752,62,7775
187915,195679,195754,75,7764
187915,195696,195756,60,7781
187915,195681,195756,75,7766
187915,195684,195756,72,7769
187915,195691,195757,66,7776
187915,195692,195757,65,7777
187915,195677,195757,80,7762
187915,195682,195759,77,7767
187915,195688,195759,71,7773
187915,195695,195760,65,7780
187915,195683,195760,77,7768
187915,195684,195760,76,7769
187915,195692,195763,71,7777
187915,195692,195764,72,7777
187915,195694,195765,71,7779
187915,195692,195765,73,7777
187915,195696,195768,72,7781
187915,195697,195770,73,7782
187915,195704,195770,66,7789
187915,195705,195772,67,7790
187915,195713,195772,59,7798
187915,195699,195772,73,7784
187915,195711,195772,61,7796
187915,195698,195773,75,7783
187915,195715,195775,60,7800
187915,195699,195775,76,7784
187915,195701,195775,74,7786
187915,195712,195779,67,7797
187915,195718,195779,61,7803
187915,195702,195780,78,7787
187915,195711,195781,70,7796
187915,195720,195781,61,7805
187915,195704,195782,78,7789
187915,195723,195783,60,7808
187915,195724,195784,60,7809
187915,195723,195784,61,7808
187915,195704,195784,80,7789
187915,195719,195784,65,7804
187915,195714,195784,70,7799
187915,195718,195785,67,7803
187915,195720,195785,65,7805
187915,195711,195788,77,7796
187915,195709,195789,80,7794
187915,195725,195789,64,7810
187915,195721,195790,69,7806
187915,195715,195791,76,7800
187915,195723,195791,68,7808
187915,195720,195792,72,7805
187915,195728,195793,65,7813
187915,195728,195795,67,7813
187915,195726,195798,72,7811
187915,195730,195798,68,7815
187915,195735,195800,65,7820
187915,195730,195800,70,7815
187915,195749,195806,57,7834
187915,195731,195807,76,7816
187915,195741,195806,65,7826
187915,195737,195807,70,7822
187915,195742,195808,66,7827
187915,195739,195808,69,7824
187915,195742,195810,68,7827
187915,195745,195810,65,7830
187915,195738,195811,73,7823
187915,195750,195813,63,7835
187915,195744,195813,69,7829
187915,195756,195816,60,7841
187915,195750,195817,67,7835
186522,194424,195817,1393,7902
187915,195749,195818,69,7834
187915,195754,195819,65,7839
187915,195757,195819,62,7842
187915,195757,195820,63,7842
187915,195752,195820,68,7837
187915,195757,195821,64,7842
187915,195751,195821,70,7836
187915,195758,195823,65,7843
187915,195750,195822,72,7835
187915,195751,195824,73,7836
187915,195765,195824,59,7850
187915,195765,195823,58,7850
187915,195761,195825,64,7846
187915,195768,195825,57,7853
187915,195749,195826,77,7834
187915,195753,195826,73,7838
187915,195751,195826,75,7836
187915,195760,195827,67,7845
187915,195759,195827,68,7844
187915,195758,195829,71,7843
187915,195776,195830,54,7861
187915,195773,195830,57,7858
187915,195770,195831,61,7855
187915,195773,195832,59,7858
187915,195764,195832,68,7849
187915,195761,195833,72,7846
187915,195781,195835,54,7866
187915,195763,195834,71,7848
187915,195761,195835,74,7846
187915,195770,195836,66,7855
187915,195774,195837,63,7859
187915,195776,195839,63,7861
187915,195782,195840,58,7867
187915,195772,195840,68,7857
187915,195772,195842,70,7857
187915,195786,195843,57,7871
187915,195776,195844,68,7861
187915,195779,195844,65,7864
187915,195785,195845,60,7870
187915,195790,195845,55,7875
187915,195786,195845,59,7871
187915,195783,195846,63,7868
187915,195780,195849,69,7865
187915,195789,195851,62,7874
187915,195791,195852,61,7876
187915,195789,195852,63,7874
187915,195784,195853,69,7869
187915,195785,195853,68,7870
187915,195784,195854,70,7869
187915,195785,195854,69,7870
187915,195785,195854,69,7870
187915,195791,195856,65,7876
187915,195794,195855,61,7879
188178,195807,195858,51,7629
187915,195781,195857,76,7866
188178,195801,195860,59,7623
188178,195799,195860,61,7621
188178,195808,195860,52,7630
188178,195799,195860,61,7621
187915,195791,195862,71,7876
188178,195807,195866,59,7629
188178,195802,195867,65,7624
187915,195793,195867,74,7878
188178,195810,195868,58,7632
188178,195809,195869,60,7631
188178,195814,195871,57,7636
188178,195812,195872,60,7634
188178,195813,195872,59,7635
188178,195806,195872,66,7628
188178,195821,195873,52,7643
188178,195808,195873,65,7630
188178,195811,195874,63,7633
188178,195822,195876,54,7644
188178,195817,195877,60,7639
188178,195818,195877,59,7640
188178,195826,195877,51,7648
188178,195823,195877,54,7645
188178,195824,195878,54,7646
188178,195817,195880,63,7639
188178,195820,195880,60,7642
188178,195824,195880,56,7646
188178,195821,195881,60,7643
188178,195825,195882,57,7647
188178,195824,195883,59,7646
188178,195820,195884,64,7642
188178,195828,195888,60,7650
188178,195829,195888,59,7651
188178,195827,195889,62,7649
188178,195828,195889,61,7650
188178,195823,195889,66,7645
188178,195827,195890,63,7649
188178,195820,195890,70,7642
188178,195827,195890,63,7649
188178,195817,195892,75,7639
188178,195830,195897,67,7652
188178,195832,195899,67,7654
188178,195833,195899,66,7655
188178,195830,195899,69,7652
188178,195832,195900,68,7654
188178,195837,195902,65,7659
188178,195835,195903,68,7657
188178,195834,195904,70,7656
188178,195835,195906,71,7657
188178,195843,195908,65,7665
188178,195837,195908,71,7659
188178,195839,195909,70,7661
188178,195836,195909,73,7658
188178,195846,195909,63,7668
188178,195841,195910,69,7663
188178,195845,195910,65,7667
188178,195844,195912,68,7666
188178,195847,195914,67,7669
188178,195840,195914,74,7662
188178,195845,195916,71,7667
188178,195846,195917,71,7668
188178,195844,195917,73,7666
188178,195854,195917,63,7676
188178,195853,195919,66,7675
188178,195854,195921,67,7676
188178,195853,195921,68,7675
188178,195850,195922,72,7672
188178,195856,195923,67,7678
188178,195852,195923,71,7674
188178,195858,195924,66,7680
188178,195860,195925,65,7682
188178,195853,195925,72,7675
188178,195852,195926,74,7674
188178,195854,195927,73,7676
188178,195856,195927,71,7678
188178,195860,195929,69,7682
188178,195858,195929,71,7680
188178,195861,195931,70,7683
188178,195863,195932,69,7685
188178,195860,195932,72,7682
188178,195868,195935,67,7690
188178,195866,195935,69,7688
188178,195871,195938,67,7693
188178,195868,195938,70,7690
188178,195874,195939,65,7696
188178,195869,195941,72,7691
188178,195870,195940,70,7692
188178,195872,195942,70,7694
188178,195872,195943,71,7694
188178,195874,195944,70,7696
188178,195877,195945,68,7699
188178,195878,195946,68,7700
188178,195876,195947,71,7698
188178,195878,195947,69,7700
188178,195878,195949,71,7700
188178,195873,195950,77,7695
188178,195881,195951,70,7703
188178,195884,195951,67,7706
188178,195880,195954,74,7702
188178,195874,195954,80,7696
188178,195881,195955,74,7703
188178,195883,195955,72,7705
188178,195882,195955,73,7704
188178,195878,195955,77,7700
188178,195889,195956,67,7711
188178,195884,195957,73,7706
188178,195888,195959,71,7710
188178,195889,195962,73,7711
188178,195891,195963,72,7713
188178,195890,195964,74,7712
188178,195889,195964,75,7711
188178,195900,195966,66,7722
188178,195890,195966,76,7712
188178,195897,195967,70,7719
188178,195893,195967,74,7715
188178,195889,195969,80,7711
188178,195900,195970,70,7722
188178,195900,195972,72,7722
188178,195912,195972,60,7734
188178,195901,195971,70,7723
188178,195915,195973,58,7737
188178,195903,195974,71,7725
188178,195908,195974,66,7730
188178,195917,195976,59,7739
188178,195910,195977,67,7732
188178,195906,195978,72,7728
188178,195915,195978,63,7737
188178,195910,195979,69,7732
188178,195911,195979,68,7733
188178,195910,195980,70,7732
188178,195903,195981,78,7725
188178,195908,195981,73,7730
188178,195905,195982,77,7727
188178,195920,195983,63,7742
188178,195911,195987,76,7733
188178,195917,195987,70,7739
188178,195926,195988,62,7748
188178,195925,195990,65,7747
188178,195932,195992,60,7754
188178,195918,195992,74,7740
188178,195918,195992,74,7740
188178,195925,195993,68,7747
188178,195921,195996,75,7743
188178,195929,195997,68,7751
188178,195923,195998,75,7745
188178,195930,195999,69,7752
188178,195933,195998,65,7755
188178,195931,195999,68,7753
188178,195924,196001,77,7746
188178,195927,196001,74,7749
188178,195923,196002,79,7745
188178,195927,196002,75,7749
188178,195936,196003,67,7758
188178,195947,196003,56,7769
188178,195944,196003,59,7766
188178,195941,196004,63,7763
188178,195921,196004,83,7743
188178,195938,196005,67,7760
188178,195936,196005,69,7758
188178,195946,196006,60,7768
188178,195943,196006,63,7765
188178,195947,196007,60,7769
188178,195943,196008,65,7765
188178,195926,196009,83,7748
188178,195947,196011,64,7769
188178,195939,196012,73,7761
188178,195949,196013,64,7771
188178,195941,196013,72,7763
188178,195940,196014,74,7762
188178,195955,196015,60,7777
188178,195956,196014,58,7778
188178,195955,196014,59,7777
188178,195952,196017,65,7774
188178,195952,196018,66,7774
188178,195950,196019,69,7772
188178,195955,196020,65,7777
188178,195954,196020,66,7776
188178,195958,196024,66,7780
188178,195957,196024,67,7779
188178,195955,196025,70,7777
188178,195964,196026,62,7786
188178,195969,196027,58,7791
188178,195964,196028,64,7786
188178,195960,196028,68,7782
188178,195965,196030,65,7787
188178,195966,196031,65,7788
188178,195972,196032,60,7794
188178,195967,196031,64,7789
188178,195974,196032,58,7796
188178,195963,196034,71,7785
188178,195968,196034,66,7790
188178,195974,196035,61,7796
188178,195970,196035,65,7792
188178,195978,196035,57,7800
188178,195967,196035,68,7789
188178,195975,196037,62,7797
186743,194652,196039,1387,7909
188178,195972,196042,70,7794
188178,195980,196043,63,7802
188178,195972,196043,71,7794
188178,195983,196045,62,7805
188178,195979,196046,67,7801
188178,195977,196046,69,7799
188178,195982,196049,67,7804
188178,195981,196051,70,7803
188178,195981,196051,70,7803
188178,195984,196051,67,7806
188178,195989,196053,64,7811
188178,195980,196054,74,7802
188178,195987,196054,67,7809
188178,195979,196055,76,7801
188178,195992,196057,65,7814
188178,195993,196057,64,7815
188178,195999,196059,60,7821
188178,195992,196059,67,7814
188178,195997,196060,63,7819
188178,195988,196060,72,7810
188178,195992,196060,68,7814
188178,195991,196062,71,7813
188178,196003,196065,62,7825
188178,195998,196069,71,7820
188178,196005,196069,64,7827
188178,196007,196069,62,7829
188178,195999,196070,71,7821
188178,196001,196070,69,7823
188178,196005,196070,65,7827
188178,196007,196070,63,7829
188178,196004,196072,68,7826
188178,196002,196072,70,7824
188178,196004,196073,69,7826
188178,196006,196074,68,7828
188178,196014,196074,60,7836
188178,195999,196076,77,7821
188178,196013,196075,62,7835
188178,196005,196075,70,7827
188178,196002,196076,74,7824
188178,196007,196076,69,7829
188178,196015,196078,63,7837
188178,196019,196079,60,7841
188178,196012,196079,67,7834
188178,196017,196080,63,7839
188178,196009,196080,71,7831
188178,196021,196080,59,7843
188178,196021,196081,60,7843
188410,196028,196081,53,7618
188178,196015,196082,67,7837
188410,196026,196083,57,7616
188178,196009,196084,75,7831
188178,196020,196086,66,7842
188178,196024,196086,62,7846
188178,196014,196086,72,7836
188410,196036,196087,51,7626
188410,196035,196088,53,7625
188178,196013,196089,76,7835
188410,196032,196089,57,7622
188410,196032,196089,57,7622
188178,196015,196090,75,7837
188410,196037,196092,55,7627
188410,196027,196093,66,7617
188410,196029,196093,64,7619
188410,196032,196094,62,7622
188178,196000,196070,70,7822
188178,196003,196063,60,7825
188410,196034,196095,61,7624
188410,196036,196095,59,7626
188410,196027,196095,68,7617
188410,196036,196096,60,7626
188410,196046,196096,50,7636
188410,196031,196098,67,7621
188410,196035,196098,63,7625
188410,196032,196099,67,7622
188410,196044,196099,55,7634
188410,196042,196099,57,7632
188410,196047,196100,53,7637
188410,196039,196103,64,7629
188410,196043,196103,60,7633
188410,196052,196103,51,7642
188410,196051,196104,53,7641
188410,196045,196107,62,7635
188410,196054,196109,55,7644
188410,196055,196110,55,7645
188410,196056,196111,55,7646
188410,196049,196111,62,7639
188410,196057,196112,55,7647
188410,196051,196113,62,7641
188410,196055,196118,63,7645
188410,196060,196119,59,7650
188410,196058,196122,64,7648
188410,196060,196125,65,7650
188410,196059,196126,67,7649
188410,196060,196127,67,7650
188410,196060,196129,69,7650
188410,196069,196132,63,7659
188410,196071,196134,63,7661
188410,196075,196138,63,7665
188410,196070,196138,68,7660
188410,196072,196138,66,7662
188410,196066,196138,72,7656
188410,196069,196141,72,7659
188410,196071,196140,69,7661
188410,196079,196141,62,7669
188410,196072,196143,71,7662
188410,196078,196143,65,7668
188410,196075,196143,68,7665
188410,196071,196143,72,7661
188410,196071,196144,73,7661
188410,196076,196144,68,7666
188410,196076,196145,69,7666
188410,196076,196145,69,7666
188410,196081,196146,65,7671
188410,196082,196147,65,7672
188410,196074,196148,74,7664
188410,196080,196148,68,7670
188410,196082,196148,66,7672
188410,196077,196149,72,7667
188410,196077,196150,73,7667
188410,196081,196149,68,7671
188410,196082,196152,70,7672
188410,196088,196153,65,7678
188410,196084,196153,69,7674
188410,196087,196154,67,7677
188410,196087,196157,70,7677
188410,196093,196157,64,7683
188410,196090,196158,68,7680
188410,196089,196158,69,7679
188410,196089,196158,69,7679
188410,196079,196158,79,7669
188410,196084,196159,75,7674
188410,196090,196159,69,7680
188410,196087,196159,72,7677
188410,196090,196160,70,7680
188410,196095,196163,68,7685
188410,196096,196163,67,7686
188410,196095,196164,69,7685
188410,196099,196164,65,7689
188410,196095,196164,69,7685
188410,196092,196165,73,7682
188410,196094,196165,71,7684
188410,196099,196166,67,7689
188410,196096,196166,70,7686
188410,196095,196167,72,7685
188410,196095,196168,73,7685
188410,196104,196170,66,7694
188410,196097,196171,74,7687
188410,196100,196172,72,7690
188410,196100,196172,72,7690
188410,196104,196172,68,7694
188410,196095,196172,77,7685
188410,196101,196173,72,7691
188410,196100,196174,74,7690
188410,196107,196177,70,7697
188410,196104,196177,73,7694
188410,196111,196180,69,7701
188410,196105,196180,75,7695
188410,196112,196182,70,7702
188410,196111,196182,71,7701
188410,196110,196183,73,7700
188410,196111,196185,74,7701
188410,196114,196187,73,7704
188410,196119,196190,71,7709
188410,196119,196190,71,7709
188410,196145,196191,46,7735
188410,196128,196194,66,7718
188410,196125,196194,69,7715
188410,196122,196197,75,7712
188410,196126,196198,72,7716
188410,196147,196200,53,7737
188410,196145,196201,56,7735
188410,196130,196203,73,7720
188410,196146,196205,59,7736
188410,196139,196205,66,7729
188410,196138,196206,68,7728
188410,196139,196208,69,7729
188410,196139,196209,70,7729
188410,196149,196210,61,7739
188410,196145,196211,66,7735
188410,196141,196212,71,7731
188410,196134,196212,78,7724
188410,196142,196212,70,7732
188410,196149,196212,63,7739
188410,196132,196213,81,7722
188410,196149,196213,64,7739
188410,196143,196214,71,7733
188410,196144,196214,70,7734
188410,196141,196214,73,7731
188410,196147,196216,69,7737
188410,196144,196217,73,7734
188410,196144,196220,76,7734
188410,196148,196221,73,7738
188410,196158,196224,66,7748
188410,196158,196225,67,7748
188410,196159,196225,66,7749
188410,196154,196225,71,7744
188410,196163,196226,63,7753
188410,196174,196226,52,7764
188410,196157,196226,69,7747
188410,196152,196228,76,7742
188410,196153,196228,75,7743
188410,196166,196228,62,7756
188410,196161,196229,68,7751
188410,196171,196228,57,7761
188410,196153,196230,77,7743
188410,196150,196230,80,7740
188410,196164,196231,67,7754
188410,196172,196231,59,7762
188410,196159,196232,73,7749
188410,196165,196231,66,7755
188410,196160,196232,72,7750
188410,196166,196233,67,7756
188410,196159,196233,74,7749
188410,196166,196233,67,7756
188410,196175,196233,58,7765
188410,196150,196234,84,7740
188410,196164,196233,69,7754
188410,196164,196234,70,7754
188410,196157,196234,77,7747
188410,196158,196235,77,7748
188410,196169,196237,68,7759
188410,196171,196237,66,7761
188410,196172,196238,66,7762
188410,196167,196240,73,7757
188410,196165,196240,75,7755
188410,196172,196241,69,7762
188410,196187,196243,56,7777
188410,196177,196245,68,7767
188410,196183,196244,61,7773
188410,196172,196244,72,7762
188410,196178,196247,69,7768
188410,196180,196249,69,7770
188410,196181,196248,67,7771
188410,196183,196249,66,7773
188410,196191,196250,59,7781
188410,196195,196252,57,7785
188410,196194,196253,59,7784
188410,196184,196252,68,7774
188410,196191,196252,61,7781
188410,196185,196255,70,7775
188410,196197,196260,63,7787
188410,196198,196260,62,7788
188410,196191,196262,71,7781
188410,196202,196262,60,7792
188410,196200,196264,64,7790
188410,196214,196265,51,7804
188410,196206,196271,65,7796
187006,194880,196274,1394,7874
188410,196209,196275,66,7799
188410,196204,196275,71,7794
188410,196212,196276,64,7802
188410,196210,196275,65,7800
188410,196211,196276,65,7801
188410,196214,196279,65,7804
188410,196220,196279,59,7810
188410,196217,196280,63,7807
188410,196212,196280,68,7802
188410,196211,196280,69,7801
188410,196212,196281,69,7802
188410,196207,196281,74,7797
188410,196218,196281,63,7808
188410,196214,196282,68,7804
188410,196215,196282,67,7805
188410,196215,196283,68,7805
188410,196225,196285,60,7815
188410,196229,196284,55,7819
188410,196205,196285,80,7795
188410,196213,196286,73,7803
188410,196231,196289,58,7821
188410,196229,196290,61,7819
188410,196232,196291,59,7822
188410,196231,196291,60,7821
188410,196229,196291,62,7819
188410,196227,196292,65,7817
188410,196228,196292,64,7818
188410,196236,196293,57,7826
188410,196233,196293,60,7823
188410,196235,196295,60,7825
188410,196222,196294,72,7812
188410,196231,196295,64,7821
188410,196234,196295,61,7824
188410,196225,196296,71,7815
188410,196233,196296,63,7823
188410,196234,196297,63,7824
188410,196240,196297,57,7830
188410,196227,196298,71,7817
188410,196227,196298,71,7817
188410,196234,196299,65,7824
188410,196225,196300,75,7815
188410,196229,196301,72,7819
188410,196233,196301,68,7823
188410,196235,196301,66,7825
188410,196232,196302,70,7822
188410,196245,196303,58,7835
188410,196232,196303,71,7822
188410,196245,196303,58,7835
188410,196239,196304,65,7829
188610,196252,196304,52,7642
188610,196251,196305,54,7641
188410,196241,196307,66,7831
188410,196233,196308,75,7823
188410,196245,196309,64,7835
188410,196240,196309,69,7830
188410,196238,196310,72,7828
188410,196226,196312,86,7816
188410,196244,196314,70,7834
188610,196253,196314,61,7643
188610,196253,196315,62,7643
188410,196248,196316,68,7838
188610,196256,196317,61,7646
188610,196264,196317,53,7654
188410,196237,196317,80,7827
188610,196253,196319,66,7643
188610,196263,196320,57,7653
188410,196249,196320,71,7839
188610,196261,196320,59,7651
188610,196262,196322,60,7652
188610,196249,196323,74,7639
188610,196261,196326,65,7651
188610,196265,196328,63,7655
188610,196275,196331,56,7665
188610,196275,196333,58,7665
188610,196276,196334,58,7666
188610,196282,196334,52,7672
188610,196272,196336,64,7662
188610,196276,196335,59,7666
188610,196285,196337,52,7675
188610,196280,196338,58,7670
188610,196276,196338,62,7666
188610,196275,196339,64,7665
188610,196279,196340,61,7669
188610,196281,196340,59,7671
188610,196280,196341,61,7670
188610,196281,196341,60,7671
188610,196281,196342,61,7671
188610,196281,196342,61,7671
188610,196282,196342,60,7672
188610,196286,196343,57,7676
188610,196281,196343,62,7671
188610,196285,196344,59,7675
188610,196283,196345,62,7673
188610,196289,196347,58,7679
188610,196286,196349,63,7676
188610,196292,196356,64,7682
188610,196291,196356,65,7681
188610,196299,196359,60,7689
188610,196295,196359,64,7685
188610,196292,196361,69,7682
188610,196293,196362,69,7683
188610,196293,196362,69,7683
188610,196291,196362,71,7681
188610,196295,196363,68,7685
188610,196295,196363,68,7685
188610,196292,196363,71,7682
188610,196300,196365,65,7690
188610,196298,196366,68,7688
188610,196293,196367,74,7683
188610,196297,196367,70,7687
188610,196298,196367,69,7688
188610,196297,196368,71,7687
188610,196298,196368,70,7688
188610,196297,196370,73,7687
188610,196305,196370,65,7695
188610,196301,196370,69,7691
188610,196296,196372,76,7686
188610,196303,196372,69,7693
188610,196304,196375,71,7694
188610,196302,196375,73,7692
188610,196311,196375,64,7701
188610,196309,196377,68,7699
188610,196302,196377,75,7692
188610,196308,196378,70,7698
188610,196305,196379,74,7695
188610,196304,196380,76,7694
188610,196317,196381,64,7707
188610,196312,196382,70,7702
188610,196303,196383,80,7693
188610,196304,196382,78,7694
188610,196315,196383,68,7705
188610,196315,196385,70,7705
188610,196317,196385,68,7707
188610,196319,196387,68,7709
188610,196310,196387,77,7700
188610,196310,196387,77,7700
188610,196316,196387,71,7706
188610,196320,196389,69,7710
188610,196321,196389,68,7711
188610,196323,196390,67,7713
188610,196317,196390,73,7707
188610,196318,196393,75,7708
188610,196326,196393,67,7716
188610,196320,196395,75,7710
188610,196324,196398,74,7714
188610,196335,196403,68,7725
188610,196337,196404,67,7727
188610,196328,196404,76,7718
188610,196332,196406,74,7722
188610,196335,196407,72,7725
188610,196340,196407,67,7730
188610,196341,196407,66,7731
188610,196336,196408,72,7726
188610,196339,196408,69,7729
188610,196340,196409,69,7730
188610,196336,196409,73,7726
188610,196334,196410,76,7724
188610,196339,196411,72,7729
188610,196341,196411,70,7731
188610,196342,196413,71,7732
188610,196341,196413,72,7731
188610,196344,196415,71,7734
188610,196342,196416,74,7732
188610,196345,196417,72,7735
188610,196347,196418,71,7737
188610,196346,196418,72,7736
188610,196343,196420,77,7733
188610,196357,196421,64,7747
188610,196350,196424,74,7740
188610,196344,196424,80,7734
188610,196356,196426,70,7746
188610,196360,196429,69,7750
188610,196362,196430,68,7752
188610,196362,196430,68,7752
188610,196369,196430,61,7759
188610,196364,196431,67,7754
188610,196371,196432,61,7761
188610,196370,196432,62,7760
188610,196376,196433,57,7766
188610,196371,196433,62,7761
188610,196363,196434,71,7753
188610,196365,196433,68,7755
188610,196373,196435,62,7763
188610,196360,196436,76,7750
188610,196364,196437,73,7754
188610,196364,196437,73,7754
188610,196367,196438,71,7757
188610,196369,196438,69,7759
188610,196367,196439,72,7757
188610,196376,196442,66,7766
188610,196372,196442,70,7762
188610,196378,196443,65,7768
188610,196377,196444,67,7767
188610,196362,196446,84,7752
188610,196388,196446,58,7778
188610,196367,196446,79,7757
188610,196386,196447,61,7776
188610,196368,196448,80,7758
188610,196376,196451,75,7766
188610,196380,196453,73,7770
188610,196390,196454,64,7780
188610,196384,196455,71,7774
188610,196394,196455,61,7784
188610,196378,196455,77,7768
188610,196383,196457,74,7773
188610,196387,196457,70,7777
188610,196379,196457,78,7769
188610,196387,196457,70,7777
188610,196382,196458,76,7772
188610,196396,196458,62,7786
188610,196399,196459,60,7789
188610,196383,196459,76,7773
188610,196390,196460,70,7780
188610,196387,196460,73,7777
188610,196391,196460,69,7781
188610,196407,196461,54,7797
188610,196385,196463,78,7775
188610,196383,196462,79,7773
188610,196390,196463,73,7780
188610,196408,196465,57,7798
188610,196403,196467,64,7793
188610,196411,196468,57,7801
188610,196407,196468,61,7797
188610,196408,196471,63,7798
188610,196394,196472,78,7784
188610,196414,196473,59,7804
188610,196413,196474,61,7803
188610,196404,196475,71,7794
188610,196408,196475,67,7798
188610,196405,196475,70,7795
188610,196408,196476,68,7798
188610,196411,196478,67,7801
188610,196409,196478,69,7799
188610,196409,196479,70,7799
188610,196419,196480,61,7809
188610,196411,196480,69,7801
188610,196417,196481,64,7807
188610,196424,196482,58,7814
188610,196415,196482,67,7805
188610,196418,196482,64,7808
188610,196417,196483,66,7807
188610,196421,196485,64,7811
188610,196434,196486,52,7824
188610,196432,196492,60,7822
188610,196421,196491,70,7811
188610,196432,196493,61,7822
188610,196424,196493,69,7814
188610,196431,196494,63,7821
188610,196426,196495,69,7816
188610,196447,196498,51,7837
188610,196437,196498,61,7827
188610,196431,196498,67,7821
188610,196431,196499,68,7821
188610,196430,196502,72,7820
188610,196434,196502,68,7824
188610,196436,196504,68,7826
188610,196433,196504,71,7823
188610,196449,196506,57,7839
188610,196439,196506,67,7829
188610,196434,196507,73,7824
188610,196433,196507,74,7823
188610,196447,196509,62,7837
188610,196438,196509,71,7828
188610,196436,196510,74,7826
188610,196443,196511,68,7833
188610,196443,196512,69,7833
188610,196454,196512,58,7844
188610,196457,196513,56,7847
188610,196445,196513,68,7835
188610,196437,196515,78,7827
188610,196456,196516,60,7846
188610,196439,196516,77,7829
188610,196455,196516,61,7845
188610,196461,196517,56,7851
188610,196447,196517,70,7837
188610,196463,196519,56,7853
188610,196455,196519,64,7845
188610,196444,196520,76,7834
188610,196452,196520,68,7842
188610,196447,196520,73,7837
187232,195108,196521,1413,7876
188610,196460,196522,62,7850
188610,196458,196524,66,7848
188610,196454,196524,70,7844
188610,196459,196526,67,7849
188610,196458,196528,70,7848
188610,196459,196528,69,7849
188610,196463,196529,66,7853
188610,196460,196530,70,7850
188610,196461,196530,69,7851
188610,196458,196530,72,7848
188610,196461,196531,70,7851
188610,196459,196532,73,7849
188610,196475,196531,56,7865
188610,196466,196532,66,7856
188610,196468,196536,68,7858
188610,196468,196536,68,7858
188610,196472,196536,64,7862
188610,196481,196537,56,7871
188860,196483,196537,54,7623
188610,196467,196537,70,7857
188610,196464,196537,73,7854
188610,196478,196539,61,7868
188610,196477,196539,62,7867
188610,196480,196540,60,7870
188860,196483,196540,57,7623
188860,196485,196542,57,7625
188860,196483,196543,60,7623
188610,196474,196543,69,7864
188860,196482,196543,61,7622
188610,196476,196545,69,7866
188610,196473,196546,73,7863
188860,196483,196548,65,7623
188610,196479,196548,69,7869
188860,196495,196549,54,7635
188860,196493,196548,55,7633
188610,196471,196539,68,7861
188860,196487,196540,53,7627
188860,196494,196548,54,7634
188610,196476,196550,74,7866
188860,196492,196552,60,7632
188860,196492,196553,61,7632
188860,196506,196554,48,7646
188860,196499,196556,57,7639
188860,196499,196556,57,7639
188860,196499,196558,59,7639
188860,196502,196558,56,7642
188860,196508,196558,50,7648
188860,196498,196559,61,7638
188860,196493,196560,67,7633
188860,196506,196562,56,7646
188860,196511,196562,51,7651
188860,196513,196563,50,7653
188860,196512,196563,51,7652
188860,196509,196565,56,7649
188860,196505,196566,61,7645
188860,196510,196567,57,7650
188860,196505,196567,62,7645
188860,196508,196567,59,7648
188860,196513,196569,56,7653
188860,196514,196573,59,7654
188860,196516,196573,57,7656
188860,196502,196573,71,7642
188860,196513,196573,60,7653
188860,196516,196576,60,7656
188860,196518,196577,59,7658
188860,196516,196580,64,7656
188860,196516,196582,66,7656
188860,196519,196584,65,7659
188860,196529,196586,57,7669
188860,196517,196586,69,7657
188860,196520,196587,67,7660
188860,196524,196588,64,7664
188860,196520,196588,68,7660
188860,196519,196589,70,7659
188860,196521,196589,68,7661
188860,196529,196589,60,7669
188860,196527,196590,63,7667
188860,196521,196590,69,7661
188860,196523,196595,72,7663
188860,196531,196596,65,7671
188860,196531,196599,68,7671
188860,196525,196600,75,7665
188860,196532,196600,68,7672
188860,196532,196601,69,7672
188860,196537,196602,65,7677
188860,196530,196602,72,7670
188860,196528,196602,74,7668
188860,196537,196604,67,7677
188860,196540,196604,64,7680
188860,196530,196604,74,7670
188860,196540,196604,64,7680
188860,196537,196605,68,7677
188860,196537,196605,68,7677
188860,196538,196606,68,7678
188860,196544,196606,62,7684
188860,196540,196608,68,7680
188860,196538,196609,71,7678
188860,196537,196609,72,7677
188860,196546,196611,65,7686
188860,196544,196611,67,7684
188860,196542,196611,69,7682
188860,196550,196613,63,7690
188860,196543,196613,70,7683
188860,196549,196615,66,7689
188860,196545,196616,71,7685
188860,196549,196616,67,7689
188860,196541,196617,76,7681
188860,196551,196618,67,7691
188860,196553,196619,66,7693
188860,196549,196621,72,7689
188860,196555,196622,67,7695
188860,196550,196623,73,7690
188860,196559,196623,64,7699
188860,196558,196624,66,7698
188860,196550,196625,75,7690
188860,196548,196624,76,7688
188860,196550,196626,76,7690
188860,196557,196627,70,7697
188860,196558,196628,70,7698
188860,196553,196631,78,7693
188860,196563,196631,68,7703
188860,196561,196631,70,7701
188860,196558,196631,73,7698
188860,196556,196632,76,7696
188860,196563,196632,69,7703
188860,196564,196633,69,7704
188860,196566,196634,68,7706
188860,196566,196637,71,7706
188860,196570,196640,70,7710
188860,196564,196640,76,7704
188860,196568,196643,75,7708
188860,196568,196643,75,7708
188860,196568,196643,75,7708
188860,196573,196643,70,7713
188860,196574,196644,70,7714
188860,196578,196648,70,7718
188860,196577,196648,71,7717
188860,196573,196648,75,7713
188860,196574,196649,75,7714
188860,196581,196651,70,7721
188860,196603,196653,50,7743
188860,196585,196655,70,7725
188860,196583,196655,72,7723
188860,196587,196657,70,7727
188860,196586,196657,71,7726
188860,196588,196658,70,7728
188860,196589,196661,72,7729
188860,196589,196661,72,7729
188860,196588,196662,74,7728
188860,196600,196662,62,7740
188860,196589,196664,75,7729
188860,196603,196665,62,7743
188860,196604,196665,61,7744
188860,196591,196666,75,7731
188860,196590,196667,77,7730
188860,196591,196667,76,7731
188860,196602,196667,65,7742
188860,196595,196670,75,7735
188860,196601,196673,72,7741
188860,196600,196673,73,7740
188860,196605,196673,68,7745
188860,196602,196675,73,7742
188860,196606,196677,71,7746
188860,196625,196678,53,7765
188860,196610,196678,68,7750
188860,196596,196678,82,7736
188860,196604,196678,74,7744
188860,196609,196678,69,7749
188860,196623,196679,56,7763
188860,196604,196681,77,7744
188860,196625,196681,56,7765
188860,196612,196681,69,7752
188860,196614,196683,69,7754
188860,196616,196683,67,7756
188860,196618,196684,66,7758
188860,196617,196684,67,7757
188860,196605,196684,79,7745
188860,196624,196684,60,7764
188860,196631,196685,54,7771
188860,196606,196686,80,7746
188860,196604,196686,82,7744
188860,196631,196689,58,7771
188860,196608,196689,81,7748
188860,196612,196689,77,7752
188860,196616,196689,73,7756
188860,196627,196691,64,7767
188860,196622,196692,70,7762
188860,196631,196691,60,7771
188860,196625,196692,67,7765
188860,196619,196692,73,7759
188860,196629,196693,64,7769
188860,196614,196693,79,7754
188860,196618,196694,76,7758
188860,196624,196695,71,7764
188860,196612,196696,84,7752
188860,196627,196696,69,7767
188860,196637,196698,61,7777
188860,196633,196698,65,7773
188860,196633,196700,67,7773
188860,196635,196701,66,7775
188860,196633,196702,69,7773
188860,196641,196702,61,7781
188860,196640,196702,62,7780
188860,196632,196704,72,7772
188860,196643,196704,61,7783
188860,196648,196707,59,7788
188860,196644,196708,64,7784
188860,196643,196709,66,7783
188860,196643,196709,66,7783
188860,196644,196710,66,7784
188860,196656,196712,56,7796
188860,196648,196713,65,7788
188860,196650,196718,68,7790
188860,196656,196718,62,7796
187514,195331,196719,1388,7817
188860,196652,196719,67,7792
188860,196649,196721,72,7789
188860,196658,196722,64,7798
188860,196662,196724,62,7802
188860,196658,196725,67,7798
188860,196658,196725,67,7798
188860,196666,196727,61,7806
188860,196661,196729,68,7801
188860,196668,196729,61,7808
188860,196663,196730,67,7803
188860,196670,196731,61,7810
188860,196653,196731,78,7793
188860,196661,196731,70,7801
188860,196665,196732,67,7805
188860,196666,196733,67,7806
188860,196664,196733,69,7804
188860,196676,196735,59,7816
188860,196668,196736,68,7808
188860,196668,196736,68,7808
188860,196681,196739,58,7821
188860,196674,196740,66,7814
188860,196679,196741,62,7819
188860,196673,196742,69,7813
188860,196673,196742,69,7813
188860,196681,196743,62,7821
188860,196679,196745,66,7819
188860,196687,196745,58,7827
188860,196692,196746,54,7832
188860,196684,196747,63,7824
188860,196678,196750,72,7818
188860,196685,196750,65,7825
188860,196685,196751,66,7825
188860,196690,196750,60,7830
188860,196680,196751,71,7820
188860,196683,196752,69,7823
188860,196692,196752,60,7832
188860,196679,196752,73,7819
188860,196690,196752,62,7830
188860,196678,196752,74,7818
188860,196686,196753,67,7826
188860,196685,196754,69,7825
188860,196693,196755,62,7833
188860,196691,196755,64,7831
188860,196686,196756,70,7826
188860,196682,196757,75,7822
188860,196696,196757,61,7836
188860,196689,196757,68,7829
188860,196699,196758,59,7839
188860,196699,196758,59,7839
188860,196679,196758,79,7819
188860,196703,196759,56,7843
188860,196693,196759,66,7833
188860,196684,196760,76,7824
188860,196697,196761,64,7837
188860,196695,196761,66,7835
188860,196690,196761,71,7830
188860,196692,196762,70,7832
188860,196705,196763,58,7845
188860,196702,196764,62,7842
188860,196702,196765,63,7842
188860,196693,196765,72,7833
189107,196710,196768,58,7603
189107,196710,196769,59,7603
188860,196695,196769,74,7835
188860,196700,196770,70,7840
188860,196704,196770,66,7844
189107,196713,196771,58,7606
189107,196713,196772,59,7606
188860,196703,196771,68,7843
189107,196710,196773,63,7603
189107,196709,196776,67,7602
189107,196720,196778,58,7613
189107,196718,196779,61,7611
189107,196723,196781,58,7616
189107,196718,196783,65,7611
189107,196725,196785,60,7618
189107,196725,196785,60,7618
189107,196725,196786,61,7618
189107,196732,196786,54,7625
189107,196736,196787,51,7629
189107,196734,196787,53,7627
189107,196720,196787,67,7613
189107,196728,196788,60,7621
189107,196731,196788,57,7624
189107,196730,196788,58,7623
189107,196732,196788,56,7625
189107,196730,196789,59,7623
189107,196733,196791,58,7626
189107,196737,196792,55,7630
189107,196722,196792,70,7615
189107,196730,196793,63,7623
189107,196734,196793,59,7627
189107,196743,196794,51,7636
189107,196740,196794,54,7633
189107,196741,196797,56,7634
189107,196736,196799,63,7629
189107,196741,196800,59,7634
189107,196743,196805,62,7636
189107,196746,196807,61,7639
189107,196744,196809,65,7637
189107,196745,196810,65,7638
189107,196751,196817,66,7644
189107,196752,196816,64,7645
189107,196747,196816,69,7640
189107,196748,196816,68,7641
189107,196751,196819,68,7644
189107,196757,196820,63,7650
189107,196758,196820,62,7651
189107,196752,196822,70,7645
189107,196752,196823,71,7645
189107,196753,196823,70,7646
189107,196753,196823,70,7646
189107,196758,196823,65,7651
189107,196750,196823,73,7643
189107,196751,196823,72,7644
189107,196755,196824,69,7648
189107,196758,196823,65,7651
189107,196753,196824,71,7646
189107,196759,196825,66,7652
189107,196755,196825,70,7648
189107,196761,196826,65,7654
189107,196755,196827,72,7648
189107,196752,196827,75,7645
189107,196759,196827,68,7652
189107,196759,196828,69,7652
189107,196758,196829,71,7651
189107,196765,196829,64,7658
189107,196762,196830,68,7655
189107,196757,196830,73,7650
189107,196761,196831,70,7654
189107,196766,196832,66,7659
189107,196763,196834,71,7656
189107,196766,196835,69,7659
189107,196761,196835,74,7654
189107,196762,196835,73,7655
189107,196772,196839,67,7665
189107,196770,196840,70,7663
189107,196771,196840,69,7664
189107,196772,196842,70,7665
189107,196770,196842,72,7663
189107,196768,196841,73,7661
189107,196776,196846,70,7669
189107,196770,196847,77,7663
189107,196779,196847,68,7672
189107,196778,196849,71,7671
189107,196783,196849,66,7676
189107,196781,196850,69,7674
189107,196771,196852,81,7664
189107,196787,196852,65,7680
189107,196789,196854,65,7682
189107,196773,196855,82,7666
189107,196785,196855,70,7678
189107,196786,196855,69,7679
189107,196788,196855,67,7681
189107,196790,196856,66,7683
189107,196788,196857,69,7681
189107,196789,196858,69,7682
189107,196787,196858,71,7680
189107,196793,196859,66,7686
189107,196790,196861,71,7683
189107,196793,196861,68,7686
189107,196793,196864,71,7686
189107,196785,196865,80,7678
189107,196798,196864,66,7691
189107,196799,196865,66,7692
189107,196795,196865,70,7688
189107,196792,196866,74,7685
189107,196793,196866,73,7686
189107,196787,196867,80,7680
189107,196795,196869,74,7688
189107,196801,196871,70,7694
189107,196806,196874,68,7699
189107,196807,196882,75,7700
189107,196811,196882,71,7704
189107,196809,196883,74,7702
189107,196828,196884,56,7721
189107,196826,196885,59,7719
189107,196826,196886,60,7719
189107,196817,196888,71,7710
189107,196820,196889,69,7713
189107,196825,196889,64,7718
189107,196830,196889,59,7723
189107,196821,196890,69,7714
189107,196817,196889,72,7710
189107,196822,196890,68,7715
189107,196823,196891,68,7716
189107,196826,196891,65,7719
189107,196824,196891,67,7717
189107,196817,196893,76,7710
189107,196824,196893,69,7717
189107,196824,196894,70,7717
189107,196823,196895,72,7716
189107,196828,196895,67,7721
189107,196817,196896,79,7710
189107,196824,196897,73,7717
189107,196821,196898,77,7714
189107,196830,196899,69,7723
189107,196824,196900,76,7717
189107,196824,196902,78,7717
189107,196829,196904,75,7722
189107,196841,196904,63,7734
189107,196831,196906,75,7724
189107,196842,196906,64,7735
189107,196830,196905,75,7723
189107,196828,196906,78,7721
189107,196832,196908,76,7725
189107,196835,196908,73,7728
189107,196840,196908,68,7733
189107,196836,196908,72,7729
189107,196842,196908,66,7735
189107,196855,196910,55,7748
189107,196848,196909,61,7741
189107,196841,196911,70,7734
189107,196831,196912,81,7724
189107,196836,196913,77,7729
189107,196854,196913,59,7747
189107,196847,196916,69,7740
189107,196853,196916,63,7746
189107,196836,196916,80,7729
189107,196842,196917,75,7735
189107,196850,196918,68,7743
189107,196857,196918,61,7750
189107,196851,196919,68,7744
189107,196855,196919,64,7748
189107,196857,196919,62,7750
189107,196862,196920,58,7755
189107,196850,196920,70,7743
189107,196856,196920,64,7749
189107,196859,196922,63,7752
189107,196856,196922,66,7749
189107,196848,196924,76,7741
189107,196865,196925,60,7758
189107,196853,196925,72,7746
189107,196859,196926,67,7752
189107,196859,196927,68,7752
189107,196865,196929,64,7758
189107,196866,196929,63,7759
189107,196867,196931,64,7760
189107,196867,196932,65,7760
189107,196866,196933,67,7759
189107,196865,196933,68,7758
189107,196862,196934,72,7755
189107,196866,196935,69,7759
189107,196872,196936,64,7765
189107,196875,196942,67,7768
189107,196887,196943,56,7780
189107,196882,196945,63,7775
189107,196883,196944,61,7776
189107,196870,196946,76,7763
189107,196889,196948,59,7782
189107,196891,196949,58,7784
189107,196890,196951,61,7783
189107,196889,196953,64,7782
189107,196890,196953,63,7783
189107,196885,196953,68,7778
189107,196885,196954,69,7778
189107,196889,196954,65,7782
189107,196891,196957,66,7784
189107,196884,196957,73,7777
189107,196894,196958,64,7787
189107,196889,196959,70,7782
189107,196893,196960,67,7786
189107,196891,196960,69,7784
189107,196896,196960,64,7789
189107,196898,196960,62,7791
189107,196893,196960,67,7786
189107,196892,196962,70,7785
189107,196899,196962,63,7792
189107,196906,196965,59,7799
189107,196902,196965,63,7795
189107,196908,196966,58,7801
189107,196912,196966,54,7805
189107,196899,196968,69,7792
189107,196897,196968,71,7790
189107,196907,196971,64,7800
189107,196901,196971,70,7794
189107,196916,196972,56,7809
189107,196912,196973,61,7805
189107,196919,196974,55,7812
189107,196896,196974,78,7789
189107,196909,196974,65,7802
189107,196908,196974,66,7801
189107,196910,196976,66,7803
189107,196904,196977,73,7797
189107,196913,196976,63,7806
189107,196906,196976,70,7799
189107,196909,196978,69,7802
189107,196914,196978,64,7807
189107,196906,196980,74,7799
189107,196904,196979,75,7797
189107,196910,196980,70,7803
189107,196908,196981,73,7801
189107,196920,196981,61,7813
189107,196921,196982,61,7814
189107,196919,196983,64,7812
189107,196921,196982,61,7814
189107,196917,196984,67,7810
187722,195567,196984,1417,7845
189107,196923,196985,62,7816
189107,196918,196985,67,7811
189107,196917,196986,69,7810
189107,196920,196987,67,7813
189107,196920,196986,66,7813
189107,196932,196987,55,7825
189107,196923,196989,66,7816
189107,196928,196989,61,7821
189107,196927,196989,62,7820
189107,196926,196990,64,7819
189107,196924,196991,67,7817
189107,196932,196991,59,7825
189107,196934,196992,58,7827
189107,196929,196992,63,7822
189107,196934,196993,59,7827
189107,196921,196992,71,7814
189355,196937,196996,59,7582
189107,196929,196996,67,7822
189355,196945,196999,54,7590
189355,196935,196999,64,7580
189107,196926,196999,73,7819
189355,196943,197001,58,7588
189355,196953,197002,49,7598
189355,196945,197004,59,7590
189355,196960,197006,46,7605
189355,196949,197006,57,7594
189355,196946,197008,62,7591
189355,196957,197011,54,7602
189355,196943,197012,69,7588
189355,196953,197013,60,7598
189355,196949,197012,63,7594
189355,196955,197013,58,7600
189355,196952,197016,64,7597
189355,196961,197016,55,7606
189355,196961,197017,56,7606
189355,196955,197018,63,7600
189355,196960,197019,59,7605
189355,196962,197019,57,7607
189355,196967,197020,53,7612
189355,196969,197020,51,7614
189355,196969,197020,51,7614
189355,196957,197020,63,7602
189355,196960,197021,61,7605
189355,196954,197023,69,7599
189355,196966,197024,58,7611
189355,196959,197025,66,7604
189355,196966,197024,58,7611
189355,196966,197025,59,7611
189355,196959,197027,68,7604
189355,196963,197027,64,7608
189355,196971,197029,58,7616
189355,196972,197030,58,7617
189355,196972,197033,61,7617
189355,196975,197036,61,7620
189355,196974,197041,67,7619
189355,196979,197042,63,7624
189355,196977,197044,67,7622
189355,196975,197044,69,7620
189355,196977,197044,67,7622
189355,196977,197044,67,7622
189355,196975,197045,70,7620
189355,196980,197046,66,7625
189355,196981,197046,65,7626
189355,196977,197047,70,7622
189355,196974,197047,73,7619
189355,196978,197050,72,7623
189355,196987,197051,64,7632
189355,196983,197051,68,7628
189355,196987,197051,64,7632
189355,196983,197051,68,7628
189355,196982,197052,70,7627
189355,196985,197052,67,7630
189355,196980,197053,73,7625
189355,196984,197053,69,7629
189355,196984,197054,70,7629
189355,196981,197054,73,7626
189355,196992,197055,63,7637
189355,196981,197055,74,7626
189355,196987,197056,69,7632
189355,196989,197057,68,7634
189355,196990,197060,70,7635
189355,196991,197060,69,7636
189355,196991,197060,69,7636
189355,196993,197061,68,7638
189355,196993,197063,70,7638
189355,196986,197062,76,7631
189355,196997,197063,66,7642
189355,196990,197065,75,7635
189355,196992,197066,74,7637
189355,197000,197066,66,7645
189355,196993,197066,73,7638
189355,196996,197066,70,7641
189355,197000,197068,68,7645
189355,197002,197068,66,7647
189355,196999,197068,69,7644
189355,196988,197069,81,7633
189355,197006,197071,65,7651
189355,197005,197072,67,7650
189355,197003,197079,76,7648
189355,197007,197081,74,7652
189355,197013,197081,68,7658
189355,197008,197081,73,7653
189355,197012,197083,71,7657
189355,197016,197083,67,7661
189355,197013,197084,71,7658
189355,197014,197086,72,7659
189355,197018,197085,67,7663
189355,197016,197087,71,7661
189355,197013,197087,74,7658
189355,197020,197089,69,7665
189355,197019,197090,71,7664
189355,197018,197090,72,7663
189355,197025,197092,67,7670
189355,197020,197093,73,7665
189355,197023,197093,70,7668
189355,197021,197094,73,7666
189355,197027,197094,67,7672
189355,197020,197094,74,7665
189355,197022,197096,74,7667
189355,197025,197096,71,7670
189355,197020,197098,78,7665
189355,197027,197099,72,7672
189355,197030,197100,70,7675
189355,197025,197100,75,7670
189355,197025,197103,78,7670
189355,197034,197105,71,7679
189355,197054,197105,51,7699
189355,197053,197107,54,7698
189355,197031,197108,77,7676
189355,197036,197109,73,7681
189355,197055,197112,57,7700
189355,197045,197113,68,7690
189355,197044,197113,69,7689
189355,197053,197115,62,7698
189355,197054,197115,61,7699
189355,197056,197116,60,7701
189355,197044,197116,72,7689
189355,197054,197117,63,7699
189355,197042,197117,75,7687
189355,197048,197117,69,7693
189355,197045,197118,73,7690
189355,197045,197119,74,7690
189355,197047,197119,72,7692
189355,197047,197120,73,7692
189355,197043,197122,79,7688
189355,197056,197123,67,7701
189355,197052,197124,72,7697
189355,197057,197124,67,7702
189355,197048,197125,77,7693
189355,197061,197126,65,7706
189355,197052,197128,76,7697
189355,197051,197129,78,7696
189355,197063,197130,67,7708
189355,197057,197130,73,7702
189355,197052,197131,79,7697
189355,197066,197132,66,7711
189355,197052,197132,80,7697
189355,197066,197132,66,7711
189355,197067,197133,66,7712
189355,197061,197134,73,7706
189355,197072,197134,62,7717
189355,197069,197135,66,7714
189355,197063,197136,73,7708
189355,197060,197137,77,7705
189355,197069,197138,69,7714
189355,197068,197140,72,7713
189355,197060,197141,81,7705
189355,197086,197142,56,7731
189355,197067,197143,76,7712
189355,197085,197143,58,7730
189355,197069,197143,74,7714
189355,197066,197143,77,7711
189355,197063,197143,80,7708
189355,197086,197145,59,7731
189355,197073,197145,72,7718
189355,197082,197145,63,7727
189355,197088,197147,59,7733
189355,197079,197147,68,7724
189355,197081,197149,68,7726
189355,197084,197150,66,7729
189355,197090,197152,62,7735
189355,197090,197153,63,7735
189355,197084,197154,70,7729
189355,197082,197154,72,7727
189355,197088,197155,67,7733
189355,197095,197155,60,7740
189355,197094,197155,61,7739
189355,197094,197157,63,7739
189355,197097,197156,59,7742
189355,197093,197157,64,7738
189355,197091,197157,66,7736
189355,197099,197159,60,7744
189355,197094,197164,70,7739
189355,197095,197164,69,7740
189355,197098,197165,67,7743
189355,197103,197165,62,7748
189355,197096,197167,71,7741
189355,197100,197166,66,7745
189355,197101,197168,67,7746
189355,197106,197171,65,7751
189355,197106,197173,67,7751
189355,197110,197176,66,7755
189355,197116,197176,60,7761
189355,197115,197177,62,7760
189355,197113,197178,65,7758
189355,197109,197180,71,7754
189355,197117,197182,65,7762
189355,197125,197182,57,7770
189355,197107,197184,77,7752
189355,197117,197185,68,7762
189355,197119,197185,66,7764
189355,197114,197186,72,7759
189355,197112,197186,74,7757
189355,197130,197187,57,7775
189355,197116,197186,70,7761
189355,197117,197187,70,7762
189355,197120,197189,69,7765
189355,197125,197190,65,7770
189355,197134,197192,58,7779
189355,197118,197193,75,7763
189355,197121,197193,72,7766
189355,197124,197194,70,7769
189355,197117,197194,77,7762
189355,197127,197194,67,7772
189355,197122,197194,72,7767
189355,197135,197194,59,7780
189355,197131,197196,65,7776
189355,197125,197197,72,7770
189355,197131,197198,67,7776
189355,197144,197200,56,7789
189355,197132,197201,69,7777
189355,197134,197202,68,7779
189355,197132,197202,70,7777
189355,197129,197203,74,7774
189355,197133,197203,70,7778
189355,197137,197204,67,7782
189355,197143,197204,61,7788
189355,197132,197204,72,7777
189355,197141,197204,63,7786
189355,197138,197205,67,7783
189355,197143,197206,63,7788
189355,197130,197205,75,7775
189355,197137,197207,70,7782
189355,197144,197207,63,7789
189355,197143,197208,65,7788
189355,197142,197210,68,7787
189355,197150,197211,61,7795
189355,197143,197214,71,7788
189355,197145,197214,69,7790
189355,197145,197216,71,7790
189355,197146,197216,70,7791
189355,197154,197217,63,7799
189355,197148,197217,69,7793
189355,197151,197218,67,7796
189355,197156,197220,64,7801
189355,197158,197221,63,7803
189355,197155,197222,67,7800
189355,197164,197222,58,7809
189355,197148,197223,75,7793
189355,197155,197225,70,7800
189355,197156,197226,70,7801
189355,197165,197226,61,7810
189355,197157,197229,72,7802
189580,197167,197229,62,7587
189355,197158,197229,71,7803
187918,195796,197231,1435,7878
189355,197157,197230,73,7802
189355,197153,197231,78,7798
189580,197168,197231,63,7588
189580,197172,197232,60,7592
189580,197167,197232,65,7587
189355,197153,197233,80,7798
189580,197173,197238,65,7593
189355,197160,197229,69,7805
189580,197166,197232,66,7586
189580,197178,197238,60,7598
189580,197180,197234,54,7600
189580,197185,197239,54,7605
189580,197179,197240,61,7599
189580,197187,197242,55,7607
189580,197191,197243,52,7611
189580,197177,197244,67,7597
189580,197182,197243,61,7602
189580,197188,197245,57,7608
189580,197186,197246,60,7606
189580,197195,197247,52,7615
189580,197197,197247,50,7617
189580,197182,197247,65,7602
189580,197177,197247,70,7597
189580,197195,197249,54,7615
189580,197195,197249,54,7615
189580,197187,197250,63,7607
189580,197193,197251,58,7613
189580,197194,197251,57,7614
189580,197186,197252,66,7606
189580,197193,197253,60,7613
189580,197195,197254,59,7615
189580,197190,197254,64,7610
189580,197185,197255,70,7605
189580,197193,197254,61,7613
189580,197187,197255,68,7607
189580,197198,197259,61,7618
189580,197199,197259,60,7619
189580,197202,197261,59,7622
189580,197204,197268,64,7624
189580,197200,197268,68,7620
189580,197205,197269,64,7625
189580,197203,197271,68,7623
189580,197204,197271,67,7624
189580,197205,197272,67,7625
189580,197205,197273,68,7625
189580,197205,197274,69,7625
189580,197206,197275,69,7626
189580,197207,197276,69,7627
189580,197203,197276,73,7623
189580,197205,197276,71,7625
189580,197207,197276,69,7627
189580,197214,197280,66,7634
189580,197212,197280,68,7632
189580,197206,197281,75,7626
189580,197216,197283,67,7636
189580,197218,197283,65,7638
189580,197214,197284,70,7634
189580,197209,197284,75,7629
189580,197218,197286,68,7638
189580,197211,197287,76,7631
189580,197221,197288,67,7641
189580,197223,197288,65,7643
189580,197217,197290,73,7637
189580,197226,197291,65,7646
189580,197223,197292,69,7643
189580,197225,197292,67,7645
189580,197218,197292,74,7638
189580,197223,197293,70,7643
189580,197229,197294,65,7649
189580,197226,197296,70,7646
189580,197230,197295,65,7650
189580,197231,197298,67,7651
189580,197232,197298,66,7652
189580,197232,197299,67,7652
189580,197229,197299,70,7649
189580,197234,197300,66,7654
189580,197232,197301,69,7652
189580,197231,197302,71,7651
189580,197232,197307,75,7652
189580,197240,197308,68,7660
189580,197240,197308,68,7660
189580,197244,197308,64,7664
189580,197243,197309,66,7663
189580,197240,197309,69,7660
189580,197240,197310,70,7660
189580,197239,197311,72,7659
189580,197240,197311,71,7660
189580,197240,197310,70,7660
189580,197243,197312,69,7663
189580,197240,197317,77,7660
189580,197252,197317,65,7672
189580,197247,197317,70,7667
189580,197247,197318,71,7667
189580,197245,197319,74,7665
189580,197244,197321,77,7664
189580,197255,197321,66,7675
189580,197248,197321,73,7668
189580,197250,197322,72,7670
189580,197252,197321,69,7672
189580,197248,197323,75,7668
189580,197253,197324,71,7673
189580,197253,197324,71,7673
189580,197249,197324,75,7669
189580,197254,197324,70,7674
189580,197255,197325,70,7675
189580,197251,197326,75,7671
189580,197247,197328,81,7667
189580,197254,197330,76,7674
189580,197255,197331,76,7675
189580,197262,197330,68,7682
189580,197260,197332,72,7680
189580,197260,197334,74,7680
189580,197268,197336,68,7688
189580,197272,197337,65,7692
189580,197269,197340,71,7689
189580,197287,197341,54,7707
189580,197277,197342,65,7697
189580,197285,197342,57,7705
189580,197269,197342,73,7689
189580,197276,197344,68,7696
189580,197272,197345,73,7692
189580,197288,197345,57,7708
189580,197274,197346,72,7694
189580,197276,197346,70,7696
189580,197276,197348,72,7696
189580,197271,197349,78,7691
189580,197284,197349,65,7704
189580,197277,197350,73,7697
189580,197289,197350,61,7709
189580,197284,197350,66,7704
189580,197281,197351,70,7701
189580,197284,197353,69,7704
189580,197275,197353,78,7695
189580,197280,197353,73,7700
189580,197282,197359,77,7702
189580,197291,197359,68,7711
189580,197301,197362,61,7721
189580,197293,197363,70,7713
189580,197291,197363,72,7711
189580,197299,197365,66,7719
189580,197292,197366,74,7712
189580,197296,197367,71,7716
189580,197300,197367,67,7720
189580,197296,197368,72,7716
189580,197301,197369,68,7721
189580,197308,197369,61,7728
189580,197300,197370,70,7720
189580,197312,197370,58,7732
189580,197295,197370,75,7715
189580,197299,197371,72,7719
189580,197303,197371,68,7723
189580,197289,197371,82,7709
189580,197293,197371,78,7713
189580,197294,197372,78,7714
189580,197310,197373,63,7730
189580,197312,197374,62,7732
189580,197313,197374,61,7733
189580,197318,197376,58,7738
189580,197319,197377,58,7739
189580,197317,197377,60,7737
189580,197309,197378,69,7729
189580,197311,197378,67,7731
189580,197310,197379,69,7730
189580,197310,197379,69,7730
189580,197307,197379,72,7727
189580,197322,197381,59,7742
189580,197326,197382,56,7746
189580,197308,197383,75,7728
189580,197325,197382,57,7745
189580,197317,197384,67,7737
189580,197319,197385,66,7739
189580,197321,197386,65,7741
189580,197322,197387,65,7742
189580,197324,197387,63,7744
189580,197322,197389,67,7742
189580,197322,197389,67,7742
189580,197323,197390,67,7743
189580,197325,197391,66,7745
189580,197328,197395,67,7748
189580,197324,197395,71,7744
189580,197331,197396,65,7751
189580,197330,197398,68,7750
189580,197331,197399,68,7751
189580,197326,197401,75,7746
189580,197338,197401,63,7758
189580,197335,197404,69,7755
189580,197342,197404,62,7762
189580,197343,197405,62,7763
189580,197345,197406,61,7765
189580,197332,197407,75,7752
189580,197341,197408,67,7761
189580,197353,197411,58,7773
189580,197342,197412,70,7762
189580,197350,197414,64,7770
189580,197346,197414,68,7766
188181,196025,197414,1389,7844
189580,197342,197415,73,7762
189580,197336,197415,79,7756
189580,197350,197416,66,7770
189580,197349,197415,66,7769
189580,197347,197417,70,7767
189580,197354,197417,63,7774
189580,197349,197418,69,7769
189580,197345,197419,74,7765
189580,197351,197419,68,7771
189580,197353,197419,66,7773
189580,197347,197420,73,7767
189580,197362,197421,59,7782
189580,197350,197422,72,7770
189580,197365,197424,59,7785
189580,197359,197426,67,7779
189580,197368,197426,58,7788
189580,197352,197427,75,7772
189580,197368,197427,59,7788
189580,197370,197429,59,7790
189580,197359,197430,71,7779
189580,197372,197431,59,7792
189580,197363,197434,71,7783
189580,197369,197435,66,7789
189580,197372,197437,65,7792
189580,197372,197437,65,7792
189580,197371,197437,66,7791
189580,197374,197438,64,7794
189580,197372,197439,67,7792
189580,197375,197439,64,7795
189580,197382,197440,58,7802
189580,197379,197441,62,7799
189580,197371,197440,69,7791
189580,197364,197440,76,7784
189580,197378,197441,63,7798
189580,197367,197442,75,7787
189580,197374,197443,69,7794
189580,197385,197444,59,7805
189580,197377,197445,68,7797
189580,197383,197445,62,7803
189580,197380,197445,65,7800
189580,197370,197445,75,7790
189580,197380,197446,66,7800
189580,197370,197446,76,7790
189580,197371,197447,76,7791
189580,197378,197449,71,7798
189580,197383,197449,66,7803
189580,197388,197449,61,7808
189580,197387,197452,65,7807
189580,197379,197451,72,7799
189580,197390,197452,62,7810
189800,197397,197455,58,7597
189580,197378,197456,78,7798
189580,197385,197456,71,7805
189580,197391,197456,65,7811
189580,197396,197457,61,7816
189800,197400,197457,57,7600
189580,197387,197457,70,7807
189580,197383,197457,74,7803
189580,197389,197458,69,7809
189800,197399,197461,62,7599
189800,197401,197461,60,7601
189800,197401,197461,60,7601
189800,197417,197461,44,7617
189580,197391,197462,71,7811
189800,197412,197468,56,7612
189800,197405,197468,63,7605
189800,197404,197469,65,7604
189800,197415,197472,57,7615
189800,197419,197472,53,7619
189800,197409,197472,63,7609
189800,197416,197473,57,7616
189800,197405,197474,69,7605
189800,197406,197474,68,7606
189800,197423,197475,52,7623
189800,197415,197475,60,7615
189800,197413,197475,62,7613
189800,197414,197475,61,7614
189800,197417,197476,59,7617
189800,197420,197478,58,7620
189800,197422,197478,56,7622
189800,197407,197479,72,7607
189800,197420,197479,59,7620
189800,197420,197480,60,7620
189800,197416,197482,66,7616
189800,197427,197482,55,7627
189800,197414,197482,68,7614
189800,197416,197483,67,7616
189800,197425,197485,60,7625
189800,197420,197487,67,7620
189800,197427,197489,62,7627
189800,197432,197490,58,7632
189800,197427,197490,63,7627
189800,197428,197491,63,7628
189800,197434,197497,63,7634
189800,197430,197502,72,7630
189800,197437,197503,66,7637
189800,197430,197504,74,7630
189800,197437,197505,68,7637
189800,197438,197507,69,7638
189800,197440,197507,67,7640
189800,197440,197508,68,7640
189800,197441,197508,67,7641
189800,197435,197510,75,7635
189800,197438,197510,72,7638
189800,197441,197512,71,7641
189800,197447,197512,65,7647
189800,197440,197512,72,7640
189800,197444,197513,69,7644
189800,197441,197514,73,7641
189800,197445,197514,69,7645
189800,197446,197514,68,7646
189800,197447,197515,68,7647
189800,197445,197515,70,7645
189800,197442,197516,74,7642
189800,197450,197517,67,7650
189800,197443,197517,74,7643
189800,197449,197517,68,7649
189800,197452,197517,65,7652
189800,197447,197518,71,7647
189800,197446,197518,72,7646
189800,197456,197520,64,7656
189800,197453,197520,67,7653
189800,197452,197521,69,7652
189800,197448,197522,74,7648
189800,197450,197524,74,7650
189800,197457,197526,69,7657
189800,197461,197526,65,7661
189800,197456,197527,71,7656
189800,197457,197527,70,7657
189800,197458,197527,69,7658
189800,197457,197528,71,7657
189800,197457,197529,72,7657
189800,197458,197529,71,7658
189800,197462,197529,67,7662
189800,197462,197532,70,7662
189800,197462,197533,71,7662
189800,197457,197534,77,7657
189800,197473,197535,62,7673
189800,197468,197535,67,7668
189800,197469,197539,70,7669
189800,197473,197540,67,7673
189800,197462,197541,79,7662
189800,197469,197541,72,7669
189800,197475,197544,69,7675
189800,197473,197547,74,7673
189800,197476,197546,70,7676
189800,197475,197547,72,7675
189800,197478,197547,69,7678
189800,197474,197547,73,7674
189800,197475,197548,73,7675
189800,197473,197549,76,7673
189800,197476,197550,74,7676
189800,197481,197550,69,7681
189800,197478,197551,73,7678
189800,197476,197552,76,7676
189800,197479,197553,74,7679
189800,197484,197554,70,7684
189800,197482,197554,72,7682
189800,197483,197554,71,7683
189800,197483,197556,73,7683
189800,197490,197558,68,7690
189800,197490,197557,67,7690
189800,197491,197558,67,7691
189800,197480,197558,78,7680
189800,197485,197561,76,7685
189800,197487,197563,76,7687
189800,197503,197569,66,7703
189800,197491,197569,78,7691
189800,197497,197570,73,7697
189800,197506,197577,71,7706
189800,197517,197578,61,7717
189800,197515,197578,63,7715
189800,197508,197579,71,7708
189800,197518,197580,62,7718
189800,197515,197579,64,7715
189800,197510,197582,72,7710
189800,197504,197583,79,7704
189800,197509,197582,73,7709
189800,197513,197583,70,7713
189800,197516,197582,66,7716
189800,197505,197583,78,7705
189800,197513,197584,71,7713
189800,197518,197584,66,7718
189800,197513,197586,73,7713
189800,197508,197586,78,7708
189800,197516,197586,70,7716
189800,197513,197586,73,7713
189800,197509,197587,78,7709
189800,197511,197588,77,7711
189800,197517,197591,74,7717
189800,197519,197591,72,7719
189800,197518,197592,74,7718
189800,197514,197593,79,7714
189800,197514,197596,82,7714
189800,197529,197598,69,7729
189800,197530,197599,69,7730
189800,197528,197600,72,7728
189800,197526,197601,75,7726
189800,197535,197600,65,7735
189800,197529,197601,72,7729
189800,197522,197601,79,7722
189800,197530,197602,72,7730
189800,197528,197602,74,7728
189800,197541,197602,61,7741
189800,197521,197603,82,7721
189800,197533,197603,70,7733
189800,197524,197603,79,7724
189800,197542,197604,62,7742
189800,197521,197605,84,7721
189800,197528,197606,78,7728
189800,197539,197606,67,7739
189800,197540,197607,67,7740
189800,197521,197607,86,7721
189800,197533,197609,76,7733
189800,197536,197609,73,7736
189800,197547,197610,63,7747
189800,197527,197611,84,7727
189800,197551,197611,60,7751
189800,197550,197611,61,7750
189800,197547,197612,65,7747
189800,197548,197613,65,7748
189800,197536,197613,77,7736
189800,197548,197613,65,7748
189800,197545,197614,69,7745
189800,197552,197615,63,7752
189800,197558,197616,58,7758
189800,197556,197617,61,7756
189800,197553,197618,65,7753
189800,197553,197618,65,7753
189800,197548,197618,70,7748
189800,197548,197621,73,7748
189800,197558,197621,63,7758
189800,197559,197622,63,7759
189800,197550,197623,73,7750
189800,197554,197625,71,7754
189800,197555,197627,72,7755
189800,197556,197627,71,7756
189800,197562,197630,68,7762
189800,197564,197632,68,7764
189800,197569,197632,63,7769
189800,197559,197634,75,7759
189800,197583,197638,55,7783
189800,197571,197641,70,7771
189800,197581,197642,61,7781
189800,197570,197643,73,7770
189800,197579,197644,65,7779
189800,197577,197643,66,7777
189800,197580,197644,64,7780
188413,196249,197645,1396,7836
189800,197578,197647,69,7778
189800,197579,197648,69,7779
189800,197583,197649,66,7783
189800,197585,197649,64,7785
189800,197588,197652,64,7788
189800,197583,197653,70,7783
189800,197582,197653,71,7782
189800,197587,197656,69,7787
189800,197585,197656,71,7785
189800,197583,197658,75,7783
189800,197592,197657,65,7792
189800,197583,197661,78,7783
189800,197589,197661,72,7789
189800,197586,197662,76,7786
189800,197587,197662,75,7787
189800,197598,197663,65,7798
189800,197587,197663,76,7787
189800,197592,197663,71,7792
189800,197601,197666,65,7801
189800,197602,197666,64,7802
189800,197602,197667,65,7802
189800,197592,197666,74,7792
189800,197594,197667,73,7794
189800,197597,197667,70,7797
189800,197599,197667,68,7799
189800,197612,197668,56,7812
189800,197602,197668,66,7802
189800,197608,197669,61,7808
189800,197604,197669,65,7804
189800,197611,197673,62,7811
189800,197611,197673,62,7811
189800,197604,197674,70,7804
189800,197610,197674,64,7810
189800,197605,197675,70,7805
189800,197607,197674,67,7807
189800,197600,197675,75,7800
189800,197604,197675,71,7804
189800,197609,197675,66,7809
189800,197608,197676,68,7808
189800,197612,197677,65,7812
189800,197617,197678,61,7817
189800,197619,197679,60,7819
189800,197602,197680,78,7802
189800,197607,197680,73,7807
189800,197603,197680,77,7803
189800,197605,197681,76,7805
189800,197602,197682,80,7802
189800,197614,197682,68,7814
189800,197613,197682,69,7813
189800,197622,197682,60,7822
189800,197613,197685,72,7813
189800,197619,197685,66,7819
189800,197622,197685,63,7822
189800,197624,197685,61,7824
190062,197633,197686,53,7571
189800,197616,197686,70,7816
190062,197628,197685,57,7566
189800,197614,197687,73,7814
189800,197616,197689,73,7816
190062,197632,197692,60,7570
190062,197631,197691,60,7569
189800,197618,197692,74,7818
189800,197623,197692,69,7823
190062,197628,197696,68,7566
190062,197644,197699,55,7582
189800,197612,197683,71,7812
190062,197635,197700,65,7573
190062,197644,197700,56,7582
190062,197648,197701,53,7586
190062,197642,197703,61,7580
190062,197644,197705,61,7582
190062,197653,197705,52,7591
190062,197639,197706,67,7577
190062,197645,197708,63,7583
190062,197657,197708,51,7595
190062,197658,197709,51,7596
190062,197643,197711,68,7581
190062,197649,197710,61,7587
190062,197650,197713,63,7588
190062,197645,197714,69,7583
190062,197650,197714,64,7588
190062,197653,197716,63,7591
190062,197662,197717,55,7600
190062,197653,197717,64,7591
190062,197667,197719,52,7605
190062,197663,197720,57,7601
190062,197663,197719,56,7601
190062,197657,197720,63,7595
190062,197663,197722,59,7601
190062,197664,197723,59,7602
190062,197662,197724,62,7600
190062,197663,197724,61,7601
190062,197667,197725,58,7605
190062,197658,197729,71,7596
190062,197667,197731,64,7605
190062,197669,197732,63,7607
190062,197667,197733,66,7605
190062,197668,197737,69,7606
190062,197667,197738,71,7605
190062,197670,197739,69,7608
190062,197667,197740,73,7605
190062,197669,197742,73,7607
190062,197673,197742,69,7611
190062,197675,197743,68,7613
190062,197676,197744,68,7614
190062,197675,197744,69,7613
190062,197676,197745,69,7614
190062,197674,197745,71,7612
190062,197676,197745,69,7614
190062,197675,197745,70,7613
190062,197680,197746,66,7618
190062,197675,197747,72,7613
190062,197674,197749,75,7612
190062,197679,197749,70,7617
190062,197685,197750,65,7623
190062,197682,197750,68,7620
190062,197679,197751,72,7617
190062,197678,197751,73,7616
190062,197686,197751,65,7624
190062,197683,197752,69,7621
190062,197680,197752,72,7618
190062,197680,197753,73,7618
190062,197681,197754,73,7619
190062,197683,197755,72,7621
190062,197685,197755,70,7623
190062,197686,197756,70,7624
190062,197689,197756,67,7627
190062,197685,197757,72,7623
190062,197685,197756,71,7623
190062,197687,197758,71,7625
190062,197682,197758,76,7620
190062,197693,197760,67,7631
190062,197692,197764,72,7630
190062,197701,197765,64,7639
190062,197704,197766,62,7642
190062,197700,197766,66,7638
190062,197686,197767,81,7624
190062,197693,197767,74,7631
190062,197700,197771,71,7638
190062,197697,197772,75,7635
190062,197699,197774,75,7637
190062,197702,197775,73,7640
190062,197701,197776,75,7639
190062,197708,197776,68,7646
190062,197692,197778,86,7630
190062,197706,197779,73,7644
190062,197706,197778,72,7644
190062,197705,197779,74,7643
190062,197714,197780,66,7652
190062,197708,197781,73,7646
190062,197715,197782,67,7653
190062,197717,197784,67,7655
190062,197714,197784,70,7652
190062,197711,197787,76,7649
190062,197712,197786,74,7650
190062,197717,197787,70,7655
190062,197710,197786,76,7648
190062,197717,197788,71,7655
190062,197720,197791,71,7658
190062,197720,197791,71,7658
190062,197721,197792,71,7659
190062,197725,197793,68,7663
190062,197724,197795,71,7662
190062,197725,197794,69,7663
190062,197724,197796,72,7662
190062,197729,197796,67,7667
190062,197720,197796,76,7658
190062,197732,197798,66,7670
190062,197723,197799,76,7661
190062,197733,197801,68,7671
190062,197752,197804,52,7690
190062,197739,197804,65,7677
190062,197752,197804,52,7690
190062,197741,197805,64,7679
190062,197751,197808,57,7689
190062,197743,197808,65,7681
190062,197734,197809,75,7672
190062,197750,197810,60,7688
190062,197738,197812,74,7676
190062,197751,197813,62,7689
190062,197744,197814,70,7682
190062,197750,197814,64,7688
190062,197744,197815,71,7682
190062,197746,197816,70,7684
190062,197752,197816,64,7690
190062,197744,197817,73,7682
190062,197747,197819,72,7685
190062,197755,197819,64,7693
190062,197745,197820,75,7683
190062,197738,197821,83,7676
190062,197742,197820,78,7680
190062,197747,197822,75,7685
190062,197746,197823,77,7684
190062,197746,197824,78,7684
190062,197752,197823,71,7690
190062,197757,197826,69,7695
190062,197754,197827,73,7692
190062,197756,197828,72,7694
190062,197759,197828,69,7697
190062,197753,197828,75,7691
190062,197757,197831,74,7695
190062,197759,197832,73,7697
190062,197756,197832,76,7694
190062,197766,197834,68,7704
190062,197757,197834,77,7695
190062,197768,197834,66,7706
190062,197756,197835,79,7694
190062,197773,197837,64,7711
190062,197771,197837,66,7709
190062,197766,197837,71,7704
190062,197774,197838,64,7712
190062,197768,197840,72,7706
190062,197782,197841,59,7720
190062,197761,197841,80,7699
190062,197767,197841,74,7705
190062,197779,197842,63,7717
190062,197765,197843,78,7703
190062,197778,197843,65,7716
190062,197779,197843,64,7717
190062,197781,197843,62,7719
190062,197777,197848,71,7715
190062,197785,197848,63,7723
190062,197783,197849,66,7721
190062,197780,197851,71,7718
190062,197792,197851,59,7730
190062,197776,197852,76,7714
190062,197777,197853,76,7715
190062,197785,197854,69,7723
190062,197788,197854,66,7726
190062,197787,197856,69,7725
190062,197791,197855,64,7729
190062,197797,197858,61,7735
190062,197787,197858,71,7725
190062,197787,197859,72,7725
190062,197793,197861,68,7731
190062,197787,197861,74,7725
190062,197795,197862,67,7733
190062,197796,197862,66,7734
190062,197796,197862,66,7734
190062,197794,197863,69,7732
190062,197808,197865,57,7746
190062,197795,197866,71,7733
190062,197805,197867,62,7743
190062,197805,197871,66,7743
190062,197806,197870,64,7744
190062,197799,197870,71,7737
190062,197801,197870,69,7739
188613,196481,197871,1390,7868
190062,197808,197872,64,7746
190062,197799,197872,73,7737
190062,197810,197873,63,7748
190062,197814,197874,60,7752
190062,197811,197877,66,7749
190062,197815,197878,63,7753
190062,197816,197881,65,7754
190062,197817,197881,64,7755
190062,197824,197882,58,7762
190062,197812,197882,70,7750
190062,197804,197884,80,7742
190062,197824,197887,63,7762
190062,197815,197887,72,7753
190062,197819,197887,68,7757
190062,197821,197888,67,7759
190062,197817,197888,71,7755
190062,197816,197891,75,7754
190062,197828,197892,64,7766
190062,197820,197892,72,7758
190062,197827,197892,65,7765
190062,197830,197894,64,7768
190062,197834,197897,63,7772
190062,197821,197898,77,7759
190062,197823,197898,75,7761
190062,197820,197899,79,7758
190062,197824,197901,77,7762
190062,197828,197901,73,7766
190062,197838,197901,63,7776
190062,197828,197902,74,7766
190062,197832,197902,70,7770
190062,197841,197906,65,7779
190062,197835,197906,71,7773
190062,197838,197905,67,7776
190062,197832,197906,74,7770
190062,197839,197907,68,7777
190062,197833,197907,74,7771
190062,197841,197907,66,7779
190062,197835,197908,73,7773
190062,197842,197908,66,7780
190062,197836,197908,72,7774
190062,197840,197909,69,7778
190062,197842,197910,68,7780
190062,197844,197913,69,7782
190062,197844,197914,70,7782
190062,197843,197914,71,7781
190062,197848,197916,68,7786
190062,197848,197916,68,7786
190062,197852,197916,64,7790
190062,197844,197918,74,7782
190062,197859,197919,60,7797
190062,197854,197920,66,7792
190062,197853,197920,67,7791
190062,197855,197920,65,7793
190306,197866,197921,55,7560
190062,197849,197922,73,7787
190306,197863,197924,61,7557
190062,197855,197924,69,7793
190306,197863,197923,60,7557
190306,197864,197924,60,7558
190062,197856,197925,69,7794
190062,197860,197926,66,7798
190062,197852,197927,75,7790
190306,197871,197928,57,7565
190306,197873,197928,55,7567
190062,197856,197927,71,7794
190306,197867,197930,63,7561
190306,197872,197930,58,7566
190062,197861,197931,70,7799
190062,197858,197931,73,7796
190062,197862,197931,69,7800
190306,197867,197933,66,7561
190306,197871,197934,63,7565
190306,197882,197934,52,7576
190062,197837,197916,79,7775
190306,197884,197934,50,7578
190306,197887,197935,48,7581
190306,197879,197935,56,7573
190306,197871,197937,66,7565
190306,197874,197940,66,7568
190306,197881,197940,59,7575
190306,197875,197940,65,7569
190306,197871,197941,70,7565
190306,197882,197941,59,7576
190306,197895,197943,48,7589
190306,197873,197943,70,7567
190306,197889,197945,56,7583
190306,197878,197947,69,7572
190306,197882,197948,66,7576
190306,197893,197948,55,7587
190306,197898,197949,51,7592
190306,197887,197949,62,7581
190306,197888,197949,61,7582
190306,197891,197953,62,7585
190306,197893,197952,59,7587
190306,197892,197955,63,7586
190306,197888,197957,69,7582
190306,197898,197961,63,7592
190306,197899,197965,66,7593
190306,197901,197966,65,7595
190306,197901,197967,66,7595
190306,197903,197969,66,7597
190306,197907,197972,65,7601
190306,197899,197972,73,7593
190306,197902,197973,71,7596
190306,197902,197973,71,7596
190306,197908,197975,67,7602
190306,197906,197976,70,7600
190306,197907,197976,69,7601
190306,197914,197977,63,7608
190306,197906,197978,72,7600
190306,197906,197978,72,7600
190306,197910,197979,69,7604
190306,197909,197979,70,7603
190306,197908,197980,72,7602
190306,197916,197981,65,7610
190306,197915,197981,66,7609
190306,197908,197983,75,7602
190306,197917,197985,68,7611
190306,197910,197986,76,7604
190306,197917,197987,70,7611
190306,197920,197987,67,7614
190306,197923,197988,65,7617
190306,197914,197988,74,7608
190306,197921,197989,68,7615
190306,197920,197989,69,7614
190306,197926,197989,63,7620
190306,197919,197990,71,7613
190306,197922,197990,68,7616
190306,197927,197991,64,7621
190306,197918,197991,73,7612
190306,197924,197994,70,7618
190306,197928,197995,67,7622
190306,197926,197996,70,7620
190306,197928,197998,70,7622
190306,197924,197999,75,7618
190306,197925,198000,75,7619
190306,197931,198000,69,7625
190306,197924,198001,77,7618
190306,197932,198000,68,7626
190306,197934,198001,67,7628
190306,197932,198001,69,7626
190306,197935,198002,67,7629
190306,197936,198001,65,7630
190306,197932,198002,70,7626
190306,197931,198003,72,7625
190306,197928,198004,76,7622
190306,197941,198004,63,7635
190306,197935,198005,70,7629
190306,197935,198006,71,7629
190306,197941,198007,66,7635
190306,197936,198009,73,7630
190306,197934,198010,76,7628
190306,197935,198011,76,7629
190306,197940,198011,71,7634
190306,197941,198012,71,7635
190306,197937,198014,77,7631
190306,197944,198015,71,7638
190306,197946,198016,70,7640
190306,197942,198017,75,7636
190306,197949,198019,70,7643
190306,197944,198019,75,7638
190306,197949,198020,71,7643
190306,197948,198021,73,7642
190306,197947,198022,75,7641
190306,197953,198022,69,7647
190306,197950,198023,73,7644
190306,197956,198023,67,7650
190306,197953,198024,71,7647
190306,197950,198027,77,7644
190306,197957,198028,71,7651
190306,197962,198033,71,7656
190306,197965,198036,71,7659
190306,197967,198039,72,7661
190306,197974,198039,65,7668
190306,197983,198043,60,7677
190306,197973,198043,70,7667
190306,197968,198043,75,7662
190306,197977,198044,67,7671
190306,197970,198045,75,7664
190306,197973,198047,74,7667
190306,197977,198047,70,7671
190306,197976,198049,73,7670
190306,197987,198050,63,7681
190306,197981,198050,69,7675
190306,197978,198051,73,7672
190306,197988,198050,62,7682
190306,197980,198052,72,7674
190306,197978,198053,75,7672
190306,197973,198053,80,7667
190306,197982,198054,72,7676
190306,197988,198054,66,7682
190306,197987,198054,67,7681
190306,197989,198054,65,7683
190306,197980,198055,75,7674
190306,197980,198056,76,7674
190306,197981,198058,77,7675
190306,197986,198058,72,7680
190306,197990,198061,71,7684
190306,198003,198063,60,7697
190306,197991,198063,72,7685
190306,198003,198062,59,7697
190306,197989,198064,75,7683
190306,198001,198065,64,7695
190306,198007,198064,57,7701
190306,198001,198065,64,7695
190306,197998,198067,69,7692
190306,197991,198067,76,7685
190306,197989,198067,78,7683
190306,198001,198068,67,7695
190306,197995,198067,72,7689
190306,197991,198068,77,7685
190306,197992,198068,76,7686
190306,198001,198068,67,7695
190306,198002,198070,68,7696
190306,198009,198070,61,7703
190306,198013,198070,57,7707
190306,198010,198072,62,7704
190306,198002,198072,70,7696
190306,198004,198072,68,7698
190306,198001,198072,71,7695
190306,198014,198073,59,7708
190306,197996,198073,77,7690
190306,198006,198074,68,7700
190306,198007,198074,67,7701
190306,198000,198076,76,7694
190306,197997,198077,80,7691
190306,198004,198078,74,7698
190306,198011,198078,67,7705
190306,198019,198080,61,7713
190306,198022,198083,61,7716
190306,198019,198084,65,7713
190306,198022,198085,63,7716
190306,198005,198085,80,7699
190306,198012,198085,73,7706
190306,198017,198086,69,7711
190306,198016,198088,72,7710
190306,198017,198088,71,7711
190306,198021,198090,69,7715
190306,198024,198091,67,7718
190306,198024,198091,67,7718
190306,198023,198092,69,7717
190306,198025,198095,70,7719
190306,198028,198095,67,7722
190306,198037,198096,59,7731
190306,198034,198097,63,7728
188863,196707,198097,1390,7844
190306,198028,198098,70,7722
190306,198039,198105,66,7733
190306,198039,198106,67,7733
190306,198045,198108,63,7739
190306,198051,198113,62,7745
190306,198044,198113,69,7738
190306,198051,198114,63,7745
190306,198045,198114,69,7739
190306,198054,198116,62,7748
190306,198043,198115,72,7737
190306,198043,198116,73,7737
190306,198051,198118,67,7745
190306,198051,198119,68,7745
190306,198055,198119,64,7749
190306,198054,198121,67,7748
190306,198054,198122,68,7748
190306,198054,198122,68,7748
190306,198063,198122,59,7757
190306,198047,198122,75,7741
190306,198054,198123,69,7748
190306,198050,198123,73,7744
190306,198053,198123,70,7747
190306,198058,198124,66,7752
190306,198047,198127,80,7741
190306,198055,198127,72,7749
190306,198057,198127,70,7751
190306,198070,198128,58,7764
190306,198063,198128,65,7757
190306,198065,198129,64,7759
190306,198063,198130,67,7757
190306,198059,198131,72,7753
190306,198068,198132,64,7762
190306,198065,198134,69,7759
190306,198075,198135,60,7769
190306,198068,198136,68,7762
190306,198068,198137,69,7762
190306,198068,198137,69,7762
190306,198072,198137,65,7766
190306,198068,198137,69,7762
190306,198065,198138,73,7759
190306,198068,198138,70,7762
190306,198065,198138,73,7759
190306,198068,198139,71,7762
190306,198074,198139,65,7768
190518,198092,198141,49,7574
190306,198071,198141,70,7765
190306,198062,198141,79,7756
190306,198073,198142,69,7767
190306,198077,198142,65,7771
190306,198076,198143,67,7770
190306,198080,198144,64,7774
190306,198074,198145,71,7768
190306,198069,198144,75,7763
190306,198071,198144,73,7765
190306,198073,198145,72,7767
190306,198072,198147,75,7766
190306,198079,198148,69,7773
190306,198084,198148,64,7778
190306,198074,198151,77,7768
190306,198079,198151,72,7773
190306,198085,198154,69,7779
190306,198091,198156,65,7785
190306,198086,198157,71,7780
190518,198095,198158,63,7577
190306,198087,198158,71,7781
190518,198097,198159,62,7579
190518,198096,198160,64,7578
190306,198085,198160,75,7779
190306,198086,198162,76,7780
190518,198098,198162,64,7580
190306,198088,198163,75,7782
190306,198089,198163,74,7783
190518,198097,198163,66,7579
190518,198095,198164,69,7577
190306,198090,198165,75,7784
190518,198114,198166,52,7596
190518,198106,198166,60,7588
190518,198106,198168,62,7588
190518,198116,198168,52,7598
190518,198115,198168,53,7597
190518,198118,198172,54,7600
190518,198120,198172,52,7602
190518,198122,198172,50,7604
190518,198122,198172,50,7604
190518,198109,198174,65,7591
190518,198116,198174,58,7598
190518,198122,198174,52,7604
190518,198116,198179,63,7598
190518,198122,198180,58,7604
190518,198124,198180,56,7606
190518,198113,198180,67,7595
190518,198123,198181,58,7605
190518,198124,198181,57,7606
190518,198114,198182,68,7596
190518,198127,198184,57,7609
190518,198130,198185,55,7612
190518,198128,198185,57,7610
190518,198125,198186,61,7607
190518,198129,198186,57,7611
190518,198128,198187,59,7610
190518,198131,198188,57,7613
190518,198124,198189,65,7606
190518,198120,198191,71,7602
190518,198130,198197,67,7612
190518,198129,198197,68,7611
190518,198133,198199,66,7615
190518,198135,198202,67,7617
190518,198137,198202,65,7619
190518,198138,198204,66,7620
190518,198136,198205,69,7618
190518,198139,198206,67,7621
190518,198139,198207,68,7621
190518,198139,198208,69,7621
190518,198138,198208,70,7620
190518,198139,198209,70,7621
190518,198138,198210,72,7620
190518,198143,198209,66,7625
190518,198145,198213,68,7627
190518,198144,198213,69,7626
190518,198139,198214,75,7621
190518,198143,198214,71,7625
190518,198142,198214,72,7624
190518,198137,198214,77,7619
190518,198145,198214,69,7627
190518,198142,198215,73,7624
190518,198145,198214,69,7627
190518,198142,198214,72,7624
190518,198144,198217,73,7626
190518,198148,198216,68,7630
190518,198149,198217,68,7631
190518,198151,198218,67,7633
190518,198145,198217,72,7627
190518,198152,198218,66,7634
190518,198147,198220,73,7629
190518,198154,198223,69,7636
190518,198159,198224,65,7641
190518,198161,198226,65,7643
190518,198162,198227,65,7644
190518,198157,198228,71,7639
190518,198161,198228,67,7643
190518,198163,198228,65,7645
190518,198158,198230,72,7640
190518,198157,198231,74,7639
190518,198164,198232,68,7646
190518,198164,198232,68,7646
190518,198163,198233,70,7645
190518,198165,198235,70,7647
190518,198167,198236,69,7649
190518,198160,198236,76,7642
190518,198166,198238,72,7648
190518,198172,198239,67,7654
190518,198166,198240,74,7648
190518,198170,198239,69,7652
190518,198172,198241,69,7654
190518,198174,198241,67,7656
190518,198169,198241,72,7651
190518,198169,198243,74,7651
190518,198175,198244,69,7657
190518,198173,198245,72,7655
190518,198172,198246,74,7654
190518,198180,198247,67,7662
190518,198180,198247,67,7662
190518,198180,198248,68,7662
190518,198186,198250,64,7668
190518,198182,198250,68,7664
190518,198182,198251,69,7664
190518,198175,198253,78,7657
190518,198180,198253,73,7662
190518,198188,198254,66,7670
190518,198186,198255,69,7668
190518,198183,198256,73,7665
190518,198185,198256,71,7667
190518,198189,198256,67,7671
190518,198189,198256,67,7671
190518,198185,198258,73,7667
190518,198185,198259,74,7667
190518,198191,198259,68,7673
190518,198215,198262,47,7697
190518,198202,198267,65,7684
190518,198198,198267,69,7680
190518,198204,198271,67,7686
190518,198199,198272,73,7681
190518,198202,198272,70,7684
190518,198197,198273,76,7679
190518,198215,198274,59,7697
190518,198215,198275,60,7697
190518,198206,198275,69,7688
190518,198209,198276,67,7691
190518,198217,198277,60,7699
190518,198214,198279,65,7696
190518,198206,198279,73,7688
190518,198208,198279,71,7690
190518,198208,198281,73,7690
190518,198215,198282,67,7697
190518,198213,198282,69,7695
190518,198218,198282,64,7700
190518,198214,198283,69,7696
190518,198215,198285,70,7697
190518,198210,198286,76,7692
190518,198210,198286,76,7692
190518,198214,198287,73,7696
190518,198217,198290,73,7699
190518,198210,198291,81,7692
190518,198214,198290,76,7696
190518,198232,198292,60,7714
190518,198218,198292,74,7700
190518,198218,198293,75,7700
190518,198219,198295,76,7701
190518,198232,198297,65,7714
190518,198232,198297,65,7714
190518,198236,198298,62,7718
190518,198227,198298,71,7709
190518,198228,198300,72,7710
190518,198244,198301,57,7726
190518,198221,198301,80,7703
190518,198224,198301,77,7706
190518,198230,198303,73,7712
190518,198240,198303,63,7722
190518,198233,198303,70,7715
190518,198244,198303,59,7726
190518,198242,198303,61,7724
190518,198224,198304,80,7706
190518,198240,198305,65,7722
190518,198237,198305,68,7719
190518,198241,198306,65,7723
190518,198246,198306,60,7728
190518,198229,198307,78,7711
190518,198239,198308,69,7721
190518,198227,198308,81,7709
190518,198235,198308,73,7717
190518,198248,198310,62,7730
190518,198251,198313,62,7733
190518,198249,198314,65,7731
190518,198241,198314,73,7723
190518,198240,198314,74,7722
190518,198247,198314,67,7729
190518,198228,198315,87,7710
190518,198256,198316,60,7738
190518,198247,198318,71,7729
190518,198252,198319,67,7734
190518,198255,198321,66,7737
190518,198262,198321,59,7744
190518,198254,198322,68,7736
190518,198253,198322,69,7735
190518,198259,198323,64,7741
190518,198257,198323,66,7739
190518,198256,198325,69,7738
190518,198257,198326,69,7739
190518,198258,198326,68,7740
190518,198256,198328,72,7738
190518,198268,198329,61,7750
190518,198251,198329,78,7733
190518,198260,198330,70,7742
189110,196934,198333,1399,7824
190518,198271,198334,63,7753
190518,198274,198338,64,7756
190518,198276,198341,65,7758
190518,198268,198340,72,7750
190518,198273,198342,69,7755
190518,198279,198342,63,7761
190518,198277,198342,65,7759
190518,198278,198343,65,7760
190518,198275,198343,68,7757
190518,198283,198346,63,7765
190518,198280,198346,66,7762
190518,198272,198349,77,7754
190518,198287,198349,62,7769
190518,198276,198349,73,7758
190518,198286,198351,65,7768
190518,198283,198351,68,7765
190518,198293,198352,59,7775
190518,198281,198352,71,7763
190518,198287,198355,68,7769
190518,198286,198356,70,7768
190518,198280,198356,76,7762
190518,198291,198357,66,7773
190518,198291,198357,66,7773
190518,198283,198358,75,7765
190518,198291,198357,66,7773
190518,198298,198360,62,7780
190518,198284,198360,76,7766
190518,198297,198361,64,7779
190518,198298,198362,64,7780
190518,198298,198366,68,7780
190518,198302,198367,65,7784
190518,198293,198367,74,7775
190518,198306,198368,62,7788
190518,198302,198371,69,7784
190518,198296,198370,74,7778
190518,198304,198371,67,7786
190518,198303,198372,69,7785
190518,198305,198372,67,7787
190518,198307,198373,66,7789
190518,198315,198374,59,7797
190518,198300,198374,74,7782
190518,198303,198374,71,7785
190518,198306,198374,68,7788
190518,198303,198375,72,7785
190518,198302,198375,73,7784
190518,198308,198375,67,7790
190731,198327,198376,49,7596
190518,198309,198377,68,7791
190518,198319,198378,59,7801
190518,198303,198379,76,7785
190518,198306,198379,73,7788
190518,198309,198380,71,7791
190518,198320,198382,62,7802
190518,198317,198382,65,7799
190518,198315,198382,67,7797
190518,198314,198383,69,7796
190518,198315,198384,69,7797
190518,198322,198384,62,7804
190518,198308,198384,76,7790
190518,198313,198385,72,7795
190731,198330,198387,57,7599
190518,198311,198387,76,7793
190731,198324,198387,63,7593
190731,198328,198387,59,7597
190731,198330,198389,59,7599
190518,198322,198391,69,7804
190731,198326,198391,65,7595
190731,198329,198392,63,7598
190731,198335,198393,58,7604
190518,198323,198396,73,7805
190731,198334,198396,62,7603
190731,198349,198398,49,7618
190731,198341,198397,56,7610
190518,198322,198399,77,7804
190731,198343,198400,57,7612
190731,198341,198402,61,7610
190731,198346,198402,56,7615
190518,198292,198372,80,7774
190518,198314,198391,77,7796
190731,198327,198387,60,7596
190731,198343,198395,52,7612
190731,198339,198404,65,7608
190731,198351,198404,53,7620
190731,198349,198404,55,7618
190731,198349,198406,57,7618
190731,198352,198406,54,7621
190731,198343,198408,65,7612
190731,198343,198409,66,7612
190731,198352,198409,57,7621
190731,198346,198409,63,7615
190731,198356,198410,54,7625
190731,198342,198412,70,7611
190731,198357,198413,56,7626
190731,198353,198413,60,7622
190731,198357,198414,57,7626
190731,198356,198417,61,7625
190731,198360,198420,60,7629
190731,198358,198424,66,7627
190731,198362,198424,62,7631
190731,198357,198426,69,7626
190731,198358,198427,69,7627
190731,198361,198427,66,7630
190731,198367,198430,63,7636
190731,198362,198432,70,7631
190731,198368,198435,67,7637
190731,198374,198437,63,7643
190731,198380,198441,61,7649
190731,198368,198441,73,7637
190731,198376,198443,67,7645
190731,198379,198444,65,7648
190731,198372,198443,71,7641
190731,198371,198443,72,7640
190731,198376,198444,68,7645
190731,198379,198444,65,7648
190731,198375,198445,70,7644
190731,198371,198445,74,7640
190731,198373,198446,73,7642
190731,198375,198448,73,7644
190731,198376,198449,73,7645
190731,198372,198449,77,7641
190731,198377,198450,73,7646
190731,198383,198450,67,7652
190731,198374,198450,76,7643
190731,198375,198451,76,7644
190731,198376,198450,74,7645
190731,198384,198453,69,7653
190731,198385,198455,70,7654
190731,198379,198454,75,7648
190731,198388,198455,67,7657
190731,198382,198455,73,7651
190731,198386,198457,71,7655
190731,198387,198457,70,7656
190731,198391,198459,68,7660
190731,198384,198459,75,7653
190731,198392,198460,68,7661
190731,198383,198460,77,7652
190731,198388,198460,72,7657
190731,198385,198460,75,7654
190731,198388,198460,72,7657
190731,198393,198461,68,7662
190731,198397,198462,65,7666
190731,198397,198466,69,7666
190731,198398,198467,69,7667
190731,198390,198467,77,7659
190731,198399,198468,69,7668
190731,198393,198468,75,7662
190731,198398,198469,71,7667
190731,198401,198472,71,7670
190731,198404,198474,70,7673
190731,198403,198474,71,7672
190731,198403,198474,71,7672
190731,198402,198474,72,7671
190731,198403,198476,73,7672
190731,198403,198476,73,7672
190731,198410,198476,66,7679
190731,198405,198476,71,7674
190731,198405,198477,72,7674
190731,198408,198477,69,7677
190731,198403,198478,75,7672
190731,198407,198478,71,7676
190731,198411,198479,68,7680
190731,198413,198481,68,7682
190731,198412,198481,69,7681
190731,198413,198483,70,7682
190731,198409,198483,74,7678
190731,198403,198483,80,7672
190731,198409,198483,74,7678
190731,198415,198485,70,7684
190731,198407,198485,78,7676
190731,198425,198491,66,7694
190731,198418,198493,75,7687
190731,198425,198493,68,7694
190731,198421,198497,76,7690
190731,198428,198497,69,7697
190731,198426,198500,74,7695
190731,198450,198503,53,7719
190731,198428,198502,74,7697
190731,198432,198504,72,7701
190731,198431,198506,75,7700
190731,198438,198508,70,7707
190731,198451,198508,57,7720
190731,198451,198508,57,7720
190731,198444,198509,65,7713
190731,198451,198509,58,7720
190731,198450,198510,60,7719
190731,198450,198511,61,7719
190731,198436,198512,76,7705
190731,198449,198512,63,7718
190731,198442,198513,71,7711
190731,198444,198514,70,7713
190731,198445,198514,69,7714
190731,198453,198514,61,7722
190731,198442,198516,74,7711
190731,198444,198517,73,7713
190731,198446,198517,71,7715
190731,198444,198520,76,7713
190731,198462,198520,58,7731
190731,198443,198520,77,7712
190731,198444,198521,77,7713
190731,198448,198521,73,7717
190731,198446,198522,76,7715
190731,198466,198523,57,7735
190731,198460,198524,64,7729
190731,198455,198527,72,7724
190731,198455,198529,74,7724
190731,198460,198531,71,7729
190731,198477,198533,56,7746
190731,198477,198532,55,7746
190731,198462,198532,70,7731
190731,198468,198533,65,7737
190731,198468,198532,64,7737
190731,198457,198534,77,7726
190731,198461,198534,73,7730
190731,198470,198534,64,7739
190731,198461,198534,73,7730
190731,198456,198535,79,7725
190731,198478,198535,57,7747
190731,198474,198536,62,7743
190731,198455,198535,80,7724
190731,198460,198537,77,7729
190731,198462,198537,75,7731
190731,198474,198536,62,7743
190731,198458,198537,79,7727
190731,198472,198537,65,7741
190731,198477,198538,61,7746
190731,198474,198539,65,7743
190731,198475,198539,64,7744
190731,198460,198539,79,7729
190731,198478,198541,63,7747
190731,198477,198542,65,7746
190731,198469,198541,72,7738
190731,198477,198545,68,7746
190731,198480,198546,66,7749
190731,198484,198545,61,7753
190731,198479,198546,67,7748
190731,198483,198546,63,7752
190731,198481,198546,65,7750
190731,198484,198546,62,7753
190731,198469,198548,79,7738
190731,198486,198548,62,7755
190731,198485,198549,64,7754
190731,198481,198551,70,7750
189358,197166,198553,1387,7808
190731,198491,198553,62,7760
190731,198483,198554,71,7752
190731,198494,198557,63,7763
190731,198493,198560,67,7762
190731,198500,198563,63,7769
190731,198498,198566,68,7767
190731,198497,198568,71,7766
190731,198503,198570,67,7772
190731,198513,198570,57,7782
190731,198505,198572,67,7774
190731,198503,198574,71,7772
190731,198523,198576,53,7792
190731,198511,198576,65,7780
190731,198509,198577,68,7778
190731,198509,198578,69,7778
190731,198509,198578,69,7778
190731,198509,198578,69,7778
190731,198507,198579,72,7776
190731,198515,198579,64,7784
190731,198517,198579,62,7786
190731,198515,198581,66,7784
190731,198522,198582,60,7791
190731,198509,198582,73,7778
190731,198517,198586,69,7786
190731,198517,198587,70,7786
190731,198521,198587,66,7790
190731,198521,198587,66,7790
190731,198514,198588,74,7783
190731,198533,198589,56,7802
190731,198515,198589,74,7784
190731,198528,198590,62,7797
190731,198534,198590,56,7803
190731,198522,198591,69,7791
190731,198536,198592,56,7805
190731,198529,198592,63,7798
190731,198540,198593,53,7809
190731,198521,198593,72,7790
190731,198524,198593,69,7793
190731,198511,198593,82,7780
190731,198537,198594,57,7806
190731,198526,198594,68,7795
190731,198532,198595,63,7801
190731,198512,198597,85,7781
190731,198533,198597,64,7802
190731,198534,198598,64,7803
190731,198533,198599,66,7802
190731,198539,198599,60,7808
190731,198533,198599,66,7802
190731,198536,198599,63,7805
190731,198537,198601,64,7806
190731,198542,198603,61,7811
190731,198535,198603,68,7804
190731,198546,198603,57,7815
190731,198549,198604,55,7818
190731,198538,198605,67,7807
190731,198538,198604,66,7807
190731,198537,198605,68,7806
190731,198534,198607,73,7803
190731,198540,198607,67,7809
190731,198539,198607,68,7808
190731,198546,198609,63,7815
190731,198546,198610,64,7815
190731,198534,198610,76,7803
190981,198553,198611,58,7572
190731,198533,198611,78,7802
190731,198547,198612,65,7816
190731,198545,198613,68,7814
190981,198553,198613,60,7572
190731,198550,198614,64,7819
190731,198546,198614,68,7815
190731,198536,198615,79,7805
190731,198542,198614,72,7811
190981,198561,198616,55,7580
190731,198542,198616,74,7811
190981,198554,198616,62,7573
190731,198547,198617,70,7816
190731,198548,198619,71,7817
190981,198564,198619,55,7583
190981,198558,198620,62,7577
190981,198583,198626,43,7602
190981,198567,198627,60,7586
190981,198580,198627,47,7599
190981,198577,198632,55,7596
190981,198577,198633,56,7596
190981,198583,198634,51,7602
190981,198579,198634,55,7598
190981,198572,198635,63,7591
190981,198586,198636,50,7605
190981,198578,198636,58,7597
190981,198571,198638,67,7590
190981,198587,198638,51,7606
190981,198569,198638,69,7588
190981,198578,198638,60,7597
190981,198581,198639,58,7600
190981,198571,198640,69,7590
190981,198577,198641,64,7596
190981,198587,198641,54,7606
190981,198590,198642,52,7609
190981,198579,198643,64,7598
190981,198579,198643,64,7598
190981,198589,198643,54,7608
190981,198574,198644,70,7593
190981,198590,198646,56,7609
190981,198589,198646,57,7608
190981,198587,198646,59,7606
190981,198591,198649,58,7610
190981,198591,198651,60,7610
190981,198592,198650,58,7611
190981,198593,198657,64,7612
190981,198593,198659,66,7612
190981,198594,198659,65,7613
190981,198597,198662,65,7616
190981,198595,198663,68,7614
190981,198594,198664,70,7613
190981,198595,198664,69,7614
190981,198595,198664,69,7614
190981,198593,198667,74,7612
190981,198599,198666,67,7618
190981,198600,198669,69,7619
190981,198599,198669,70,7618
190981,198599,198670,71,7618
190981,198598,198671,73,7617
190981,198603,198672,69,7622
190981,198602,198671,69,7621
190981,198599,198673,74,7618
190981,198605,198673,68,7624
190981,198605,198674,69,7624
190981,198607,198673,66,7626
190981,198608,198676,68,7627
190981,198615,198676,61,7634
190981,198606,198675,69,7625
190981,198612,198675,63,7631
190981,198614,198677,63,7633
190981,198605,198676,71,7624
190981,198607,198677,70,7626
190981,198614,198678,64,7633
190981,198605,198680,75,7624
190981,198611,198680,69,7630
190981,198612,198681,69,7631
190981,198611,198681,70,7630
190981,198615,198682,67,7634
190981,198605,198683,78,7624
190981,198616,198683,67,7635
190981,198615,198684,69,7634
190981,198615,198684,69,7634
190981,198610,198685,75,7629
190981,198618,198686,68,7637
190981,198612,198686,74,7631
190981,198617,198687,70,7636
190981,198621,198691,70,7640
190981,198620,198693,73,7639
190981,198620,198694,74,7639
190981,198617,198696,79,7636
190981,198627,198696,69,7646
190981,198628,198697,69,7647
190981,198628,198698,70,7647
190981,198635,198700,65,7654
190981,198634,198703,69,7653
190981,198638,198703,65,7657
190981,198637,198705,68,7656
190981,198638,198705,67,7657
190981,198639,198706,67,7658
190981,198641,198707,66,7660
190981,198640,198708,68,7659
190981,198633,198708,75,7652
190981,198642,198708,66,7661
190981,198634,198709,75,7653
190981,198636,198709,73,7655
190981,198637,198710,73,7656
190981,198644,198710,66,7663
190981,198639,198713,74,7658
190981,198644,198715,71,7663
190981,198646,198716,70,7665
190981,198642,198716,74,7661
190981,198644,198716,72,7663
190981,198647,198717,70,7666
190981,198643,198717,74,7662
190981,198644,198720,76,7663
190981,198647,198720,73,7666
190981,198651,198722,71,7670
190981,198651,198725,74,7670
190981,198676,198725,49,7695
190981,198650,198728,78,7669
190981,198659,198730,71,7678
190981,198659,198732,73,7678
190981,198657,198733,76,7676
190981,198674,198735,61,7693
190981,198664,198736,72,7683
190981,198665,198736,71,7684
190981,198664,198737,73,7683
190981,198667,198738,71,7686
190981,198677,198738,61,7696
190981,198676,198738,62,7695
190981,198663,198739,76,7682
190981,198674,198739,65,7693
190981,198664,198740,76,7683
190981,198678,198739,61,7697
190981,198674,198740,66,7693
190981,198670,198740,70,7689
190981,198667,198741,74,7686
190981,198669,198743,74,7688
190981,198676,198742,66,7695
190981,198676,198742,66,7695
190981,198672,198742,70,7691
190981,198672,198743,71,7691
190981,198677,198745,68,7696
190981,198687,198747,60,7706
190981,198679,198750,71,7698
190981,198670,198752,82,7689
190981,198671,198753,82,7690
190981,198674,198753,79,7693
190981,198680,198753,73,7699
190981,198683,198755,72,7702
190981,198687,198756,69,7706
190981,198684,198756,72,7703
190981,198681,198757,76,7700
190981,198684,198757,73,7703
190981,198684,198758,74,7703
190981,198680,198758,78,7699
190981,198683,198759,76,7702
190981,198686,198760,74,7705
190981,198709,198762,53,7728
190981,198704,198763,59,7723
190981,198681,198763,82,7700
190981,198687,198763,76,7706
190981,198694,198762,68,7713
190981,198704,198765,61,7723
190981,198697,198765,68,7716
190981,198707,198765,58,7726
190981,198697,198765,68,7716
190981,198700,198766,66,7719
190981,198710,198766,56,7729
190981,198696,198767,71,7715
190981,198695,198767,72,7714
190981,198709,198766,57,7728
190981,198698,198767,69,7717
190981,198705,198767,62,7724
190981,198692,198769,77,7711
190981,198708,198771,63,7727
190981,198714,198771,57,7733
190981,198705,198772,67,7724
190981,198717,198776,59,7736
190981,198709,198776,67,7728
190981,198718,198776,58,7737
190981,198716,198777,61,7735
190981,198710,198778,68,7729
190981,198710,198778,68,7729
190981,198721,198778,57,7740
190981,198717,198778,61,7736
190981,198716,198778,62,7735
190981,198710,198780,70,7729
190981,198718,198783,65,7737
190981,198725,198784,59,7744
190981,198722,198785,63,7741
190981,198725,198787,62,7744
190981,198732,198788,56,7751
190981,198720,198790,70,7739
190981,198737,198795,58,7756
190981,198734,198797,63,7753
190981,198729,198797,68,7748
190981,198736,198797,61,7755
190981,198731,198797,66,7750
189583,197396,198798,1402,7813
190981,198739,198801,62,7758
190981,198741,198801,60,7760
190981,198740,198802,62,7759
190981,198739,198803,64,7758
190981,198738,198805,67,7757
190981,198743,198805,62,7762
190981,198738,198805,67,7757
190981,198739,198805,66,7758
190981,198742,198806,64,7761
190981,198741,198807,66,7760
190981,198743,198807,64,7762
190981,198746,198808,62,7765
190981,198737,198808,71,7756
190981,198741,198808,67,7760
190981,198743,198810,67,7762
190981,198748,198810,62,7767
190981,198744,198811,67,7763
190981,198743,198813,70,7762
190981,198741,198815,74,7760
190981,198753,198815,62,7772
190981,198756,198819,63,7775
190981,198750,198820,70,7769
190981,198765,198822,57,7784
190981,198754,198822,68,7773
190981,198754,198823,69,7773
190981,198759,198824,65,7778
190981,198753,198826,73,7772
190981,198755,198827,72,7774
190981,198763,198827,64,7782
190981,198758,198827,69,7777
190981,198758,198828,70,7777
190981,198768,198829,61,7787
190981,198772,198828,56,7791
190981,198760,198829,69,7779
190981,198757,198830,73,7776
190981,198760,198830,70,7779
190981,198763,198830,67,7782
190981,198766,198831,65,7785
190981,198766,198831,65,7785
190981,198779,198833,54,7798
190981,198773,198832,59,7792
190981,198759,198833,74,7778
190981,198767,198834,67,7786
190981,198767,198834,67,7786
190981,198767,198835,68,7786
190981,198767,198837,70,7786
190981,198762,198837,75,7781
190981,198766,198838,72,7785
190981,198779,198838,59,7798
190981,198767,198839,72,7786
191189,198785,198839,54,7596
190981,198767,198841,74,7786
190981,198769,198840,71,7788
190981,198772,198840,68,7791
191189,198784,198841,57,7595
190981,198763,198841,78,7782
190981,198778,198841,63,7797
190981,198779,198844,65,7798
190981,198776,198844,68,7795
191189,198780,198845,65,7591
191189,198788,198846,58,7599
190981,198776,198847,71,7795
191189,198788,198847,59,7599
191189,198791,198848,57,7602
191189,198795,198848,53,7606
190981,198776,198850,74,7795
190981,198763,198839,76,7782
191189,198783,198845,62,7594
191189,198801,198851,50,7612
191189,198808,198852,44,7619
190981,198777,198853,76,7796
191189,198797,198852,55,7608
191189,198797,198853,56,7608
191189,198797,198853,56,7608
191189,198798,198854,56,7609
191189,198807,198855,48,7618
191189,198806,198856,50,7617
191189,198807,198856,49,7618
191189,198806,198857,51,7617
191189,198808,198859,51,7619
191189,198805,198862,57,7616
191189,198808,198862,54,7619
191189,198810,198865,55,7621
191189,198805,198866,61,7616
191189,198804,198866,62,7615
191189,198810,198866,56,7621
191189,198797,198866,69,7608
191189,198816,198867,51,7627
191189,198802,198868,66,7613
191189,198802,198869,67,7613
191189,198811,198871,60,7622
191189,198815,198872,57,7626
191189,198814,198875,61,7625
191189,198805,198876,71,7616
191189,198820,198882,62,7631
191189,198823,198887,64,7634
191189,198822,198888,66,7633
191189,198825,198888,63,7636
191189,198821,198890,69,7632
191189,198823,198893,70,7634
191189,198827,198893,66,7638
191189,198834,198898,64,7645
191189,198828,198898,70,7639
191189,198828,198898,70,7639
191189,198828,198899,71,7639
191189,198830,198899,69,7641
191189,198828,198899,71,7639
191189,198833,198902,69,7644
191189,198830,198902,72,7641
191189,198832,198902,70,7643
191189,198835,198903,68,7646
191189,198831,198903,72,7642
191189,198833,198904,71,7644
191189,198831,198904,73,7642
191189,198841,198906,65,7652
191189,198838,198906,68,7649
191189,198829,198906,77,7640
191189,198832,198907,75,7643
191189,198836,198906,70,7647
191189,198838,198907,69,7649
191189,198834,198907,73,7645
191189,198841,198908,67,7652
191189,198840,198908,68,7651
191189,198829,198909,80,7640
191189,198842,198910,68,7653
191189,198841,198910,69,7652
191189,198841,198912,71,7652
191189,198848,198912,64,7659
191189,198845,198912,67,7656
191189,198838,198913,75,7649
191189,198840,198912,72,7651
191189,198842,198913,71,7653
191189,198852,198916,64,7663
191189,198844,198916,72,7655
191189,198846,198916,70,7657
191189,198852,198916,64,7663
191189,198848,198918,70,7659
191189,198855,198918,63,7666
191189,198847,198920,73,7658
191189,198854,198920,66,7665
191189,198849,198921,72,7660
191189,198850,198922,72,7661
191189,198853,198922,69,7664
191189,198846,198922,76,7657
191189,198853,198923,70,7664
191189,198853,198923,70,7664
191189,198850,198923,73,7661
191189,198857,198925,68,7668
191189,198850,198925,75,7661
191189,198850,198928,78,7661
191189,198856,198928,72,7667
191189,198863,198933,70,7674
191189,198860,198933,73,7671
191189,198857,198933,76,7668
191189,198856,198936,80,7667
191189,198866,198936,70,7677
191189,198867,198935,68,7678
191189,198867,198936,69,7678
191189,198867,198940,73,7678
191189,198862,198940,78,7673
191189,198868,198941,73,7679
191189,198869,198942,73,7680
191189,198867,198943,76,7678
191189,198871,198943,72,7682
191189,198876,198944,68,7687
191189,198873,198943,70,7684
191189,198869,198946,77,7680
191189,198876,198950,74,7687
191189,198882,198950,68,7693
191189,198888,198958,70,7699
191189,198888,198958,70,7699
191189,198893,198963,70,7704
191189,198907,198965,58,7718
191189,198890,198965,75,7701
191189,198907,198966,59,7718
191189,198906,198966,60,7717
191189,198888,198967,79,7699
191189,198907,198968,61,7718
191189,198900,198968,68,7711
191189,198899,198969,70,7710
191189,198894,198969,75,7705
191189,198903,198970,67,7714
191189,198899,198970,71,7710
191189,198907,198972,65,7718
191189,198902,198973,71,7713
191189,198898,198974,76,7709
191189,198904,198974,70,7715
191189,198902,198975,73,7713
191189,198904,198976,72,7715
191189,198898,198976,78,7709
191189,198906,198978,72,7717
191189,198909,198977,68,7720
191189,198908,198978,70,7719
191189,198903,198979,76,7714
191189,198912,198979,67,7723
191189,198910,198980,70,7721
191189,198903,198980,77,7714
191189,198913,198981,68,7724
191189,198900,198982,82,7711
191189,198924,198982,58,7735
191189,198908,198983,75,7719
191189,198910,198984,74,7721
191189,198917,198984,67,7728
191189,198913,198985,72,7724
191189,198919,198986,67,7730
191189,198917,198987,70,7728
191189,198926,198987,61,7737
191189,198920,198988,68,7731
191189,198917,198988,71,7728
191189,198925,198988,63,7736
191189,198911,198988,77,7722
191189,198919,198989,70,7730
191189,198923,198990,67,7734
191189,198923,198991,68,7734
191189,198929,198991,62,7740
191189,198923,198992,69,7734
191189,198924,198992,68,7735
191189,198912,198992,80,7723
191189,198921,198992,71,7732
191189,198922,198993,71,7733
191189,198912,198993,81,7723
191189,198934,198994,60,7745
191189,198923,198996,73,7734
191189,198917,198996,79,7728
191189,198929,198996,67,7740
191189,198913,198998,85,7724
191189,198936,198998,62,7747
191189,198936,198999,63,7747
191189,198933,199001,68,7744
191189,198933,199001,68,7744
191189,198944,199003,59,7755
191189,198936,199003,67,7747
191189,198941,199003,62,7752
191189,198943,199005,62,7754
191189,198936,199006,70,7747
191189,198941,199006,65,7752
191189,198944,199006,62,7755
191189,198942,199006,64,7753
191189,198942,199009,67,7753
191189,198944,199010,66,7755
191189,198950,199013,63,7761
191189,198951,199016,65,7762
191189,198947,199020,73,7758
191189,198968,199022,54,7779
191189,198959,199023,64,7770
191189,198958,199026,68,7769
191189,198966,199029,63,7777
191189,198972,199030,58,7783
191189,198967,199031,64,7778
191189,198970,199031,61,7781
191189,198966,199034,68,7777
191189,198968,199034,66,7779
191189,198969,199035,66,7780
191189,198963,199035,72,7774
191189,198975,199036,61,7786
191189,198970,199036,66,7781
189803,197626,199037,1411,7823
191189,198965,199038,73,7776
191189,198974,199038,64,7785
191189,198981,199040,59,7792
191189,198978,199040,62,7789
191189,198979,199041,62,7790
191189,198981,199041,60,7792
191189,198985,199042,57,7796
191189,198968,199042,74,7779
191189,198973,199042,69,7784
191189,198987,199042,55,7798
191189,198980,199042,62,7791
191189,198976,199044,68,7787
191189,198978,199046,68,7789
191189,198983,199045,62,7794
191189,198992,199047,55,7803
191189,198989,199047,58,7800
191189,198980,199047,67,7791
191189,198977,199048,71,7788
191189,198971,199048,77,7782
191189,198983,199049,66,7794
191189,198989,199049,60,7800
191189,198991,199050,59,7802
191189,198994,199050,56,7805
191189,198989,199053,64,7800
191189,198977,199054,77,7788
191189,198983,199054,71,7794
191189,198985,199054,69,7796
191189,198988,199055,67,7799
191189,198991,199055,64,7802
191189,198992,199056,64,7803
191189,199004,199057,53,7815
191189,198992,199057,65,7803
191189,198984,199057,73,7795
191189,198991,199059,68,7802
191189,198980,199059,79,7791
191189,198989,199058,69,7800
191189,198997,199059,62,7808
191189,198999,199060,61,7810
191189,198987,199059,72,7798
191189,198993,199060,67,7804
191450,199009,199061,52,7559
191189,198996,199061,65,7807
191189,198997,199063,66,7808
191189,198999,199063,64,7810
191189,198994,199065,71,7805
191189,198994,199065,71,7805
191189,198988,199066,78,7799
191189,199001,199067,66,7812
191189,199004,199067,63,7815
191189,199000,199070,70,7811
191189,199006,199070,64,7817
191189,199006,199071,65,7817
191450,199017,199072,55,7567
191450,199020,199075,55,7570
191189,199006,199074,68,7817
191450,199010,199075,65,7560
191450,199022,199077,55,7572
191189,199006,199079,73,7817
191450,199035,199082,47,7585
191189,199002,199082,80,7813
191450,199041,199085,44,7591
191450,199029,199085,56,7579
191189,199004,199086,82,7815
191450,199014,199086,72,7564
191450,199030,199086,56,7580
191450,199041,199087,46,7591
191450,199031,199087,56,7581
191450,199034,199090,56,7584
191450,199042,199090,48,7592
191450,199024,199090,66,7574
191450,199027,199091,64,7577
191450,199038,199092,54,7588
191450,199042,199091,49,7592
191450,199042,199092,50,7592
191450,199037,199092,55,7587
191450,199032,199097,65,7582
191450,199046,199099,53,7596
191450,199036,199099,63,7586
191450,199044,199099,55,7594
191450,199046,199100,54,7596
191450,199043,199101,58,7593
191450,199037,199101,64,7587
191450,199043,199101,58,7593
191450,199036,199105,69,7586
191450,199038,199105,67,7588
191450,199043,199105,62,7593
191450,199048,199106,58,7598
191450,199041,199107,66,7591
191450,199038,199108,70,7588
191450,199050,199114,64,7600
191450,199049,199114,65,7599
191450,199054,199115,61,7604
191450,199047,199115,68,7597
191450,199050,199116,66,7600
191450,199048,199116,68,7598
191450,199048,199118,70,7598
191450,199055,199120,65,7605
191450,199053,199120,67,7603
191450,199051,199121,70,7601
191450,199050,199122,72,7600
191450,199055,199122,67,7605
191450,199059,199125,66,7609
191450,199058,199125,67,7608
191450,199056,199125,69,7606
191450,199058,199125,67,7608
191450,199057,199129,72,7607
191450,199059,199128,69,7609
191450,199061,199130,69,7611
191450,199056,199130,74,7606
191450,199066,199131,65,7616
191450,199060,199132,72,7610
191450,199068,199133,65,7618
191450,199066,199133,67,7616
191450,199060,199133,73,7610
191450,199070,199136,66,7620
191450,199062,199136,74,7612
191450,199065,199135,70,7615
191450,199064,199137,73,7614
191450,199060,199137,77,7610
191450,199063,199137,74,7613
191450,199072,199140,68,7622
191450,199072,199140,68,7622
191450,199067,199141,74,7617
191450,199059,199142,83,7609
191450,199075,199144,69,7625
191450,199061,199145,84,7611
191450,199070,199146,76,7620
191450,199057,199147,90,7607
191450,199076,199150,74,7626
191450,199075,199151,76,7625
191450,199079,199152,73,7629
191450,199078,199152,74,7628
191450,199085,199153,68,7635
191450,199091,199154,63,7641
191450,199086,199154,68,7636
191450,199090,199154,64,7640
191450,199086,199156,70,7636
191450,199087,199155,68,7637
191450,199087,199156,69,7637
191450,199092,199156,64,7642
191450,199087,199156,69,7637
191450,199083,199157,74,7633
191450,199083,199157,74,7633
191450,199088,199158,70,7638
191450,199092,199159,67,7642
191450,199093,199162,69,7643
191450,199092,199163,71,7642
191450,199091,199164,73,7641
191450,199099,199166,67,7649
191450,199097,199168,71,7647
191450,199100,199170,70,7650
191450,199092,199171,79,7642
191450,199100,199173,73,7650
191450,199106,199174,68,7656
191450,199102,199174,72,7652
191450,199106,199175,69,7656
191450,199101,199175,74,7651
191450,199108,199175,67,7658
191450,199105,199176,71,7655
191450,199100,199176,76,7650
191450,199102,199179,77,7652
191450,199107,199179,72,7657
191450,199107,199180,73,7657
191450,199122,199185,63,7672
191450,199136,199186,50,7686
191450,199116,199186,70,7666
191450,199132,199187,55,7682
191450,199117,199188,71,7667
191450,199120,199188,68,7670
191450,199116,199190,74,7666
191450,199114,199190,76,7664
191450,199132,199191,59,7682
191450,199119,199192,73,7669
191450,199121,199193,72,7671
191450,199126,199193,67,7676
191450,199123,199193,70,7673
191450,199117,199194,77,7667
191450,199114,199195,81,7664
191450,199126,199196,70,7676
191450,199123,199198,75,7673
191450,199126,199199,73,7676
191450,199131,199199,68,7681
191450,199133,199200,67,7683
191450,199138,199201,63,7688
191450,199129,199201,72,7679
191450,199134,199202,68,7684
191450,199126,199202,76,7676
191450,199134,199203,69,7684
191450,199136,199204,68,7686
191450,199130,199205,75,7680
191450,199138,199205,67,7688
191450,199136,199205,69,7686
191450,199141,199207,66,7691
191450,199129,199207,78,7679
191450,199156,199214,58,7706
191450,199157,199215,58,7707
191450,199158,199215,57,7708
191450,199140,199215,75,7690
191450,199158,199215,57,7708
191450,199141,199216,75,7691
191450,199155,199216,61,7705
191450,199157,199216,59,7707
191450,199160,199217,57,7710
191450,199138,199218,80,7688
191450,199144,199219,75,7694
191450,199154,199219,65,7704
191450,199142,199219,77,7692
191450,199151,199220,69,7701
191450,199153,199220,67,7703
191450,199156,199220,64,7706
191450,199145,199221,76,7695
191450,199164,199224,60,7714
191450,199152,199224,72,7702
191450,199147,199225,78,7697
191450,199147,199226,79,7697
191450,199169,199228,59,7719
191450,199171,199228,57,7721
191450,199154,199228,74,7704
191450,199163,199228,65,7713
191450,199156,199229,73,7706
191450,199167,199229,62,7717
191450,199156,199229,73,7706
191450,199152,199233,81,7702
191450,199164,199234,70,7714
191450,199171,199234,63,7721
191450,199155,199235,80,7705
191450,199176,199237,61,7726
191450,199174,199240,66,7724
191450,199175,199241,66,7725
191450,199175,199241,66,7725
191450,199187,199244,57,7737
191450,199176,199246,70,7726
191450,199181,199248,67,7731
191450,199174,199248,74,7724
191450,199177,199249,72,7727
191450,199180,199249,69,7730
191450,199179,199250,71,7729
191450,199194,199250,56,7744
191450,199188,199251,63,7738
191450,199191,199252,61,7741
191450,199177,199253,76,7727
191450,199186,199253,67,7736
191450,199189,199254,65,7739
191450,199191,199256,65,7741
191450,199193,199257,64,7743
191450,199192,199257,65,7742
191450,199198,199257,59,7748
191450,199199,199259,60,7749
191450,199194,199260,66,7744
191450,199193,199260,67,7743
191450,199195,199261,66,7745
191450,199197,199261,64,7747
191450,199186,199262,76,7736
191450,199196,199263,67,7746
191450,199189,199263,74,7739
191450,199205,199264,59,7755
191450,199199,199265,66,7749
191450,199201,199265,64,7751
191450,199201,199267,66,7751
191450,199203,199267,64,7753
191450,199202,199269,67,7752
191450,199202,199269,67,7752
191450,199207,199269,62,7757
191450,199205,199271,66,7755
191450,199203,199274,71,7753
191450,199205,199277,72,7755
191450,199215,199277,62,7765
191450,199215,199277,62,7765
190065,197863,199278,1415,7798
191450,199216,199278,62,7766
191450,199222,199279,57,7772
191450,199221,199280,59,7771
191450,199218,199280,62,7768
191450,199206,199280,74,7756
191450,199220,199281,61,7770
191450,199208,199282,74,7758
191450,199219,199282,63,7769
191450,199217,199282,65,7767
191450,199216,199282,66,7766
191450,199224,199284,60,7774
191450,199225,199286,61,7775
191450,199216,199286,70,7766
191450,199230,199287,57,7780
191450,199220,199287,67,7770
191450,199220,199287,67,7770
191450,199216,199287,71,7766
191450,199220,199289,69,7770
191450,199234,199291,57,7784
191450,199227,199292,65,7777
191450,199228,199292,64,7778
191450,199219,199292,73,7769
191450,199230,199295,65,7780
191450,199229,199296,67,7779
191450,199235,199297,62,7785
191670,199249,199298,49,7579
191450,199230,199299,69,7780
191450,199224,199301,77,7774
191450,199229,199302,73,7779
191450,199229,199303,74,7779
191450,199235,199306,71,7785
191450,199235,199306,71,7785
191670,199251,199306,55,7581
191450,199241,199307,66,7791
191450,199242,199308,66,7792
191450,199240,199308,68,7790
191670,199249,199310,61,7579
191670,199256,199311,55,7586
191670,199248,199312,64,7578
191670,199254,199313,59,7584
191670,199254,199313,59,7584
191450,199215,199285,70,7765
191450,199238,199295,57,7788
191670,199257,199314,57,7587
191670,199250,199314,64,7580
191450,199245,199316,71,7795
191670,199251,199316,65,7581
191670,199264,199317,53,7594
191670,199260,199317,57,7590
191670,199266,199317,51,7596
191670,199254,199318,64,7584
191670,199262,199319,57,7592
191670,199265,199319,54,7595
191670,199264,199321,57,7594
191670,199257,199321,64,7587
191670,199249,199322,73,7579
191670,199257,199321,64,7587
191670,199268,199323,55,7598
191670,199261,199324,63,7591
191670,199260,199324,64,7590
191670,199271,199325,54,7601
191670,199268,199325,57,7598
191670,199263,199325,62,7593
191670,199274,199326,52,7604
191670,199270,199327,57,7600
191670,199261,199327,66,7591
191670,199253,199329,76,7583
191670,199261,199329,68,7591
191670,199269,199330,61,7599
191670,199277,199334,57,7607
191670,199270,199337,67,7600
191670,199281,199342,61,7611
191670,199278,199343,65,7608
191670,199278,199344,66,7608
191670,199279,199344,65,7609
191670,199279,199346,67,7609
191670,199282,199349,67,7612
191670,199278,199349,71,7608
191670,199280,199352,72,7610
191670,199283,199353,70,7613
191670,199282,199354,72,7612
191670,199281,199354,73,7611
191670,199288,199355,67,7618
191670,199288,199356,68,7618
191670,199287,199356,69,7617
191670,199287,199356,69,7617
191670,199283,199358,75,7613
191670,199289,199358,69,7619
191670,199286,199359,73,7616
191670,199282,199359,77,7612
191670,199288,199360,72,7618
191670,199293,199365,72,7623
191670,199296,199365,69,7626
191670,199303,199366,63,7633
191670,199292,199365,73,7622
191670,199293,199365,72,7623
191670,199301,199370,69,7631
191670,199296,199371,75,7626
191670,199299,199371,72,7629
191670,199293,199372,79,7623
191670,199304,199373,69,7634
191670,199297,199373,76,7627
191670,199299,199373,74,7629
191670,199308,199375,67,7638
191670,199307,199376,69,7637
191670,199306,199377,71,7636
191670,199306,199377,71,7636
191670,199313,199377,64,7643
191670,199314,199379,65,7644
191670,199314,199379,65,7644
191670,199306,199379,73,7636
191670,199313,199379,66,7643
191670,199308,199380,72,7638
191670,199311,199382,71,7641
191670,199317,199383,66,7647
191670,199311,199385,74,7641
191670,199318,199386,68,7648
191670,199316,199387,71,7646
191670,199315,199387,72,7645
191670,199314,199387,73,7644
191670,199318,199388,70,7648
191670,199322,199388,66,7652
191670,199313,199388,75,7643
191670,199320,199389,69,7650
191670,199322,199389,67,7652
191670,199315,199390,75,7645
191670,199317,199390,73,7647
191670,199322,199391,69,7652
191670,199319,199391,72,7649
191670,199322,199392,70,7652
191670,199323,199393,70,7653
191670,199320,199393,73,7650
191670,199325,199395,70,7655
191670,199324,199395,71,7654
191670,199328,199396,68,7658
191670,199327,199398,71,7657
191670,199327,199398,71,7657
191670,199330,199398,68,7660
191670,199325,199398,73,7655
191670,199331,199398,67,7661
191670,199326,199399,73,7656
191670,199330,199404,74,7660
191670,199338,199404,66,7668
191670,199324,199406,82,7654
191670,199335,199411,76,7665
191670,199342,199417,75,7672
191670,199345,199417,72,7675
191670,199345,199419,74,7675
191670,199343,199419,76,7673
191670,199350,199420,70,7680
191670,199361,199421,60,7691
191670,199346,199421,75,7676
191670,199356,199422,66,7686
191670,199354,199423,69,7684
191670,199349,199425,76,7679
191670,199366,199425,59,7696
191670,199354,199425,71,7684
191670,199366,199425,59,7696
191670,199366,199427,61,7696
191670,199366,199427,61,7696
191670,199356,199428,72,7686
191670,199357,199429,72,7687
191670,199352,199429,77,7682
191670,199371,199429,58,7701
191670,199372,199431,59,7702
191670,199356,199431,75,7686
191670,199366,199430,64,7696
191670,199359,199434,75,7689
191670,199355,199436,81,7685
191670,199360,199436,76,7690
191670,199358,199439,81,7688
191670,199359,199440,81,7689
191670,199372,199441,69,7702
191670,199388,199442,54,7718
191670,199388,199445,57,7718
191670,199381,199446,65,7711
191670,199373,199446,73,7703
191670,199389,199451,62,7719
191670,199378,199451,73,7708
191670,199389,199452,63,7719
191670,199374,199452,78,7704
191670,199378,199452,74,7708
191670,199391,199452,61,7721
191670,199399,199452,53,7729
191670,199392,199453,61,7722
191670,199394,199453,59,7724
191670,199392,199453,61,7722
191670,199390,199454,64,7720
191670,199380,199454,74,7710
191670,199380,199454,74,7710
191670,199371,199453,82,7701
191670,199387,199454,67,7717
191670,199376,199455,79,7706
191670,199382,199455,73,7712
191670,199383,199455,72,7713
191670,199391,199454,63,7721
191670,199394,199455,61,7724
191670,199374,199456,82,7704
191670,199388,199456,68,7718
191670,199395,199457,62,7725
191670,199377,199456,79,7707
191670,199378,199457,79,7708
191670,199396,199457,61,7726
191670,199380,199458,78,7710
191670,199385,199458,73,7715
191670,199398,199460,62,7728
191670,199399,199460,61,7729
191670,199388,199460,72,7718
191670,199380,199462,82,7710
191670,199399,199463,64,7729
191670,199392,199463,71,7722
191670,199387,199464,77,7717
191670,199396,199465,69,7726
191670,199405,199468,63,7735
191670,199399,199470,71,7729
191670,199407,199473,66,7737
191670,199399,199474,75,7729
191670,199404,199476,72,7734
191670,199419,199480,61,7749
191670,199412,199484,72,7742
191670,199420,199484,64,7750
191670,199422,199484,62,7752
191670,199417,199484,67,7747
191670,199423,199485,62,7753
191670,199427,199488,61,7757
191670,199417,199489,72,7747
191670,199425,199489,64,7755
191670,199420,199490,70,7750
191670,199426,199491,65,7756
191670,199430,199491,61,7760
191670,199423,199492,69,7753
191670,199422,199493,71,7752
191670,199428,199493,65,7758
191670,199428,199494,66,7758
191670,199426,199496,70,7756
190309,198091,199499,1408,7782
191670,199437,199500,63,7767
191670,199431,199501,70,7761
191670,199425,199501,76,7755
191670,199429,199503,74,7759
191670,199434,199505,71,7764
191670,199431,199505,74,7761
191670,199430,199505,75,7760
191670,199447,199506,59,7777
191670,199431,199506,75,7761
191670,199443,199507,64,7773
191670,199440,199509,69,7770
191670,199446,199510,64,7776
191670,199439,199510,71,7769
191670,199437,199511,74,7767
191670,199441,199512,71,7771
191670,199452,199515,63,7782
191670,199455,199514,59,7785
191670,199455,199514,59,7785
191670,199451,199516,65,7781
191670,199456,199516,60,7786
191670,199447,199517,70,7777
191670,199454,199518,64,7784
191670,199455,199518,63,7785
191670,199452,199519,67,7782
191670,199453,199519,66,7783
191670,199459,199520,61,7789
191670,199455,199521,66,7785
191670,199455,199521,66,7785
191670,199453,199521,68,7783
191670,199455,199521,66,7785
191670,199454,199521,67,7784
191670,199454,199524,70,7784
191670,199457,199524,67,7787
191670,199463,199524,61,7793
191670,199452,199525,73,7782
191670,199458,199524,66,7788
191670,199457,199525,68,7787
191670,199461,199525,64,7791
191670,199452,199526,74,7782
191670,199459,199526,67,7789
191670,199454,199528,74,7784
191670,199461,199528,67,7791
191670,199453,199528,75,7783
191670,199457,199528,71,7787
191670,199461,199529,68,7791
191670,199462,199530,68,7792
191670,199463,199530,67,7793
191670,199453,199531,78,7783
191670,199453,199531,78,7783
191670,199466,199530,64,7796
191912,199474,199534,60,7562
191912,199480,199535,55,7568
191912,199477,199535,58,7565
191912,199470,199536,66,7558
191670,199458,199537,79,7788
191912,199473,199540,67,7561
191670,199465,199539,74,7795
191912,199490,199543,53,7578
191912,199493,199547,54,7581
191912,199494,199547,53,7582
191912,199485,199547,62,7573
191912,199492,199547,55,7580
191912,199485,199548,63,7573
191912,199490,199548,58,7578
191912,199484,199549,65,7572
191912,199485,199550,65,7573
191912,199501,199551,50,7589
191912,199497,199552,55,7585
191912,199493,199551,58,7581
191912,199490,199553,63,7578
191912,199485,199553,68,7573
191912,199489,199555,66,7577
191912,199492,199555,63,7580
191912,199502,199556,54,7590
191912,199493,199558,65,7581
191912,199504,199558,54,7592
191912,199500,199560,60,7588
191912,199500,199559,59,7588
191912,199505,199560,55,7593
191912,199506,199565,59,7594
191912,199505,199566,61,7593
191912,199506,199567,61,7594
191912,199507,199567,60,7595
191912,199508,199570,62,7596
191912,199511,199574,63,7599
191912,199510,199574,64,7598
191912,199511,199581,70,7599
191912,199513,199584,71,7601
191912,199515,199584,69,7603
191912,199518,199585,67,7606
191912,199510,199585,75,7598
191912,199516,199586,70,7604
191912,199521,199587,66,7609
191912,199515,199587,72,7603
191912,199522,199587,65,7610
191912,199517,199588,71,7605
191912,199517,199589,72,7605
191912,199518,199589,71,7606
191912,199520,199590,70,7608
191912,199525,199590,65,7613
191912,199520,199591,71,7608
191912,199522,199592,70,7610
191912,199522,199591,69,7610
191912,199515,199592,77,7603
191912,199522,199593,71,7610
191912,199520,199593,73,7608
191912,199525,199593,68,7613
191912,199525,199594,69,7613
191912,199525,199594,69,7613
191912,199525,199594,69,7613
191912,199526,199595,69,7614
191912,199528,199596,68,7616
191912,199529,199597,68,7617
191912,199529,199599,70,7617
191912,199529,199599,70,7617
191912,199525,199599,74,7613
191912,199531,199599,68,7619
191912,199535,199600,65,7623
191912,199531,199601,70,7619
191912,199526,199601,75,7614
191912,199531,199600,69,7619
191912,199534,199602,68,7622
191912,199527,199603,76,7615
191912,199529,199603,74,7617
191912,199535,199606,71,7623
191912,199537,199609,72,7625
191912,199540,199610,70,7628
191912,199537,199610,73,7625
191912,199531,199610,79,7619
191912,199540,199612,72,7628
191912,199544,199612,68,7632
191912,199552,199617,65,7640
191912,199530,199617,87,7618
191912,199547,199618,71,7635
191912,199547,199618,71,7635
191912,199551,199619,68,7639
191912,199549,199620,71,7637
191912,199550,199623,73,7638
191912,199548,199623,75,7636
191912,199555,199624,69,7643
191912,199548,199623,75,7636
191912,199551,199625,74,7639
191912,199548,199625,77,7636
191912,199554,199625,71,7642
191912,199560,199627,67,7648
191912,199559,199628,69,7647
191912,199552,199630,78,7640
191912,199556,199630,74,7644
191912,199560,199630,70,7648
191912,199553,199632,79,7641
191912,199558,199635,77,7646
191912,199566,199635,69,7654
191912,199561,199637,76,7649
191912,199568,199636,68,7656
191912,199556,199637,81,7644
191912,199568,199637,69,7656
191912,199570,199639,69,7658
191912,199567,199641,74,7655
191912,199574,199642,68,7662
191912,199594,199644,50,7682
191912,199575,199648,73,7663
191912,199585,199653,68,7673
191912,199581,199653,72,7669
191912,199587,199654,67,7675
191912,199586,199656,70,7674
191912,199594,199657,63,7682
191912,199584,199657,73,7672
191912,199584,199658,74,7672
191912,199595,199658,63,7683
191912,199597,199659,62,7685
191912,199589,199658,69,7677
191912,199588,199660,72,7676
191912,199587,199660,73,7675
191912,199588,199660,72,7676
191912,199594,199661,67,7682
191912,199593,199662,69,7681
191912,199590,199662,72,7678
191912,199595,199663,68,7683
191912,199592,199663,71,7680
191912,199592,199664,72,7680
191912,199589,199665,76,7677
191912,199590,199665,75,7678
191912,199597,199667,70,7685
191912,199600,199668,68,7688
191912,199590,199670,80,7678
191912,199591,199671,80,7679
191912,199601,199671,70,7689
191912,199599,199672,73,7687
191912,199602,199671,69,7690
191912,199604,199672,68,7692
191912,199601,199673,72,7689
191912,199593,199675,82,7681
191912,199593,199676,83,7681
191912,199599,199676,77,7687
191912,199600,199676,76,7688
191912,199619,199678,59,7707
191912,199601,199679,78,7689
191912,199613,199679,66,7701
191912,199620,199680,60,7708
191912,199607,199680,73,7695
191912,199611,199681,70,7699
191912,199623,199681,58,7711
191912,199603,199681,78,7691
191912,199610,199682,72,7698
191912,199618,199682,64,7706
191912,199617,199683,66,7705
191912,199611,199683,72,7699
191912,199621,199684,63,7709
191912,199611,199684,73,7699
191912,199626,199684,58,7714
191912,199601,199685,84,7689
191912,199624,199688,64,7712
191912,199630,199688,58,7718
191912,199613,199688,75,7701
191912,199623,199689,66,7711
191912,199630,199690,60,7718
191912,199628,199692,64,7716
191912,199625,199693,68,7713
191912,199626,199693,67,7714
191912,199624,199696,72,7712
191912,199627,199697,70,7715
191912,199638,199698,60,7726
191912,199637,199699,62,7725
191912,199630,199699,69,7718
191912,199617,199699,82,7705
191912,199632,199700,68,7720
191912,199636,199699,63,7724
191912,199640,199704,64,7728
191912,199637,199704,67,7725
191912,199645,199705,60,7733
191912,199638,199705,67,7726
191912,199643,199707,64,7731
191912,199642,199708,66,7730
191912,199636,199710,74,7724
191912,199649,199713,64,7737
191912,199659,199720,61,7747
191912,199661,199721,60,7749
191912,199657,199721,64,7745
191912,199654,199722,68,7742
191912,199653,199723,70,7741
191912,199659,199724,65,7747
191912,199658,199724,66,7746
191912,199659,199724,65,7747
191912,199668,199724,56,7756
191912,199663,199725,62,7751
191912,199661,199725,64,7749
191912,199662,199727,65,7750
191912,199663,199727,64,7751
191912,199659,199729,70,7747
190521,198324,199731,1407,7803
191912,199654,199731,77,7742
191912,199661,199733,72,7749
191912,199658,199733,75,7746
191912,199672,199734,62,7760
191912,199664,199734,70,7752
191912,199666,199736,70,7754
191912,199665,199736,71,7753
191912,199671,199736,65,7759
191912,199672,199737,65,7760
191912,199670,199737,67,7758
191912,199680,199738,58,7768
191912,199675,199738,63,7763
191912,199661,199738,77,7749
191912,199672,199740,68,7760
191912,199688,199741,53,7776
191912,199680,199741,61,7768
191912,199668,199741,73,7756
191912,199677,199742,65,7765
191912,199665,199743,78,7753
191912,199676,199743,67,7764
191912,199680,199744,64,7768
191912,199681,199745,64,7769
191912,199682,199746,64,7770
191912,199680,199748,68,7768
191912,199682,199749,67,7770
191912,199673,199749,76,7761
191912,199685,199750,65,7773
191912,199689,199751,62,7777
191912,199684,199752,68,7772
191912,199677,199753,76,7765
191912,199683,199754,71,7771
191912,199678,199753,75,7766
191912,199674,199754,80,7762
191912,199682,199754,72,7770
191912,199682,199755,73,7770
191912,199683,199755,72,7771
191912,199690,199756,66,7778
191912,199692,199756,64,7780
191912,199700,199758,58,7788
191912,199697,199758,61,7785
191912,199691,199759,68,7779
191912,199693,199760,67,7781
192119,199707,199762,55,7588
192119,199705,199763,58,7586
192119,199714,199766,52,7595
191912,199704,199768,64,7792
192119,199705,199768,63,7586
191912,199693,199769,76,7781
191912,199700,199770,70,7788
191912,199689,199771,82,7777
191912,199698,199771,73,7786
191912,199700,199772,72,7788
191912,199700,199773,73,7788
192119,199710,199774,64,7591
191912,199685,199760,75,7773
191912,199685,199755,70,7773
191912,199698,199765,67,7786
191912,199700,199774,74,7788
192119,199709,199779,70,7590
192119,199721,199778,57,7602
192119,199721,199782,61,7602
192119,199723,199783,60,7604
192119,199725,199783,58,7606
192119,199725,199784,59,7606
192119,199726,199784,58,7607
192119,199722,199785,63,7603
192119,199725,199786,61,7606
192119,199721,199787,66,7602
192119,199730,199788,58,7611
192119,199731,199789,58,7612
192119,199736,199791,55,7617
192119,199733,199790,57,7614
192119,199724,199791,67,7605
192119,199728,199790,62,7609
192119,199737,199790,53,7618
192119,199735,199792,57,7616
192119,199732,199793,61,7613
192119,199733,199794,61,7614
192119,199737,199795,58,7618
192119,199728,199794,66,7609
192119,199738,199796,58,7619
192119,199737,199797,60,7618
192119,199725,199797,72,7606
192119,199734,199798,64,7615
192119,199736,199801,65,7617
192119,199739,199803,64,7620
192119,199741,199804,63,7622
192119,199742,199806,64,7623
192119,199742,199808,66,7623
192119,199743,199809,66,7624
192119,199745,199809,64,7626
192119,199740,199810,70,7621
192119,199738,199812,74,7619
192119,199743,199812,69,7624
192119,199745,199816,71,7626
192119,199747,199816,69,7628
192119,199755,199816,61,7636
192119,199750,199817,67,7631
192119,199744,199818,74,7625
192119,199751,199819,68,7632
192119,199751,199819,68,7632
192119,199749,199820,71,7630
192119,199754,199822,68,7635
192119,199756,199824,68,7637
192119,199754,199824,70,7635
192119,199753,199824,71,7634
192119,199754,199828,74,7635
192119,199759,199827,68,7640
192119,199755,199828,73,7636
192119,199757,199829,72,7638
192119,199757,199828,71,7638
192119,199760,199828,68,7641
192119,199759,199828,69,7640
192119,199756,199830,74,7637
192119,199764,199831,67,7645
192119,199761,199834,73,7642
192119,199763,199835,72,7644
192119,199774,199837,63,7655
192119,199767,199837,70,7648
192119,199769,199841,72,7650
192119,199769,199841,72,7650
192119,199771,199842,71,7652
192119,199773,199843,70,7654
192119,199769,199843,74,7650
192119,199772,199844,72,7653
192119,199779,199846,67,7660
192119,199783,199848,65,7664
192119,199772,199848,76,7653
192119,199779,199849,70,7660
192119,199779,199848,69,7660
192119,199779,199850,71,7660
192119,199779,199850,71,7660
192119,199775,199852,77,7656
192119,199784,199853,69,7665
192119,199779,199853,74,7660
192119,199779,199852,73,7660
192119,199783,199855,72,7664
192119,199788,199858,70,7669
192119,199786,199858,72,7667
192119,199785,199857,72,7666
192119,199788,199859,71,7669
192119,199791,199860,69,7672
192119,199786,199862,76,7667
192119,199785,199861,76,7666
192119,199791,199862,71,7672
192119,199795,199862,67,7676
192119,199791,199862,71,7672
192119,199795,199863,68,7676
192119,199797,199864,67,7678
192119,199793,199865,72,7674
192119,199791,199865,74,7672
192119,199794,199866,72,7675
192119,199790,199866,76,7671
192119,199797,199868,71,7678
192119,199799,199871,72,7680
192119,199791,199871,80,7672
192119,199801,199872,71,7682
192119,199806,199874,68,7687
192119,199803,199875,72,7684
192119,199811,199877,66,7692
192119,199793,199877,84,7674
192119,199810,199878,68,7691
192119,199798,199879,81,7679
192119,199829,199880,51,7710
192119,199810,199880,70,7691
192119,199809,199881,72,7690
192119,199805,199881,76,7686
192119,199812,199882,70,7693
192119,199812,199885,73,7693
192119,199820,199886,66,7701
192119,199817,199888,71,7698
192119,199816,199887,71,7697
192119,199816,199887,71,7697
192119,199829,199889,60,7710
192119,199820,199890,70,7701
192119,199830,199891,61,7711
192119,199818,199892,74,7699
192119,199824,199892,68,7705
192119,199828,199893,65,7709
192119,199823,199893,70,7704
192119,199825,199894,69,7706
192119,199828,199894,66,7709
192119,199821,199895,74,7702
192119,199818,199897,79,7699
192119,199829,199897,68,7710
192119,199835,199898,63,7716
192119,199829,199900,71,7710
192119,199824,199901,77,7705
192119,199829,199902,73,7710
192119,199831,199906,75,7712
192119,199836,199907,71,7717
192119,199838,199908,70,7719
192119,199837,199910,73,7718
192119,199843,199911,68,7724
192119,199861,199914,53,7742
192119,199853,199914,61,7734
192119,199842,199915,73,7723
192119,199843,199915,72,7724
192119,199844,199916,72,7725
192119,199855,199917,62,7736
192119,199849,199918,69,7730
192119,199860,199919,59,7741
192119,199858,199919,61,7739
192119,199850,199920,70,7731
192119,199847,199920,73,7728
192119,199849,199920,71,7730
192119,199848,199920,72,7729
192119,199852,199920,68,7733
192119,199842,199920,78,7723
192119,199862,199921,59,7743
192119,199853,199922,69,7734
192119,199843,199921,78,7724
192119,199858,199922,64,7739
192119,199865,199924,59,7746
192119,199849,199924,75,7730
192119,199862,199925,63,7743
192119,199851,199926,75,7732
192119,199858,199925,67,7739
192119,199853,199926,73,7734
192119,199868,199926,58,7749
192119,199867,199926,59,7748
192119,199862,199927,65,7743
192119,199862,199929,67,7743
192119,199863,199930,67,7744
190734,198551,199930,1379,7817
192119,199865,199932,67,7746
192119,199864,199932,68,7745
192119,199866,199932,66,7747
192119,199872,199933,61,7753
192119,199867,199935,68,7748
192119,199875,199936,61,7756
192119,199876,199937,61,7757
192119,199871,199937,66,7752
192119,199879,199940,61,7760
192119,199872,199940,68,7753
192119,199880,199942,62,7761
192119,199877,199945,68,7758
192119,199881,199947,66,7762
192119,199882,199948,66,7763
192119,199887,199949,62,7768
192119,199883,199950,67,7764
192119,199879,199952,73,7760
192119,199886,199953,67,7767
192119,199891,199954,63,7772
192119,199897,199954,57,7778
192119,199882,199955,73,7763
192119,199891,199955,64,7772
192119,199878,199955,77,7759
192119,199888,199957,69,7769
192119,199895,199957,62,7776
192119,199888,199957,69,7769
192119,199893,199958,65,7774
192119,199894,199958,64,7775
192119,199898,199960,62,7779
192119,199888,199961,73,7769
192119,199894,199961,67,7775
192119,199901,199962,61,7782
192119,199889,199962,73,7770
192119,199893,199965,72,7774
192119,199899,199965,66,7780
192119,199895,199965,70,7776
192119,199895,199966,71,7776
192119,199902,199969,67,7783
192119,199900,199973,73,7781
192119,199909,199975,66,7790
192119,199908,199975,67,7789
192119,199907,199978,71,7788
192119,199917,199978,61,7798
192119,199918,199979,61,7799
192119,199916,199980,64,7797
192119,199915,199981,66,7796
192119,199915,199982,67,7796
192119,199920,199982,62,7801
192119,199911,199982,71,7792
192119,199921,199983,62,7802
192119,199921,199985,64,7802
192119,199920,199985,65,7801
192119,199927,199986,59,7808
192119,199926,199989,63,7807
192119,199915,199990,75,7796
192119,199926,199990,64,7807
192119,199912,199990,78,7793
192119,199921,199990,69,7802
192119,199923,199991,68,7804
192119,199922,199991,69,7803
192119,199927,199991,64,7808
192375,199936,199991,55,7561
192119,199926,199992,66,7807
192119,199925,199992,67,7806
192119,199921,199993,72,7802
192375,199937,199994,57,7562
192119,199925,199995,70,7806
192119,199931,199995,64,7812
192119,199930,199995,65,7811
192375,199938,199995,57,7563
192119,199918,199996,78,7799
192375,199940,199996,56,7565
192119,199921,199997,76,7802
192119,199933,199999,66,7814
192119,199922,199999,77,7803
192119,199919,199999,80,7800
192119,199927,200000,73,7808
192119,199932,200001,69,7813
192119,199926,200002,76,7807
192119,199933,200003,70,7814
192375,199943,200003,60,7568
192375,199947,200006,59,7572
192119,199929,200006,77,7810
192119,199922,200006,84,7803
192119,199934,200008,74,7815
192375,199941,200009,68,7566
192375,199959,200009,50,7584
192375,199954,200009,55,7579
192375,199946,200010,64,7571
192375,199951,200011,60,7576
192375,199955,200013,58,7580
192375,199954,200014,60,7579
192375,199956,200013,57,7581
192375,199950,200015,65,7575
192375,199949,200016,67,7574
192375,199958,200015,57,7583
192375,199962,200015,53,7587
192375,199953,200016,63,7578
192375,199960,200016,56,7585
192375,199962,200016,54,7587
192375,199957,200016,59,7582
192375,199959,200018,59,7584
192375,199957,200018,61,7582
192375,199955,200020,65,7580
192375,199962,200021,59,7587
192375,199963,200021,58,7588
192375,199967,200024,57,7592
192375,199955,200025,70,7580
192375,199965,200025,60,7590
192375,199966,200025,59,7591
192375,199965,200032,67,7590
192375,199970,200036,66,7595
192375,199976,200039,63,7601
192375,199975,200046,71,7600
192375,199974,200048,74,7599
192375,199982,200048,66,7607
192375,199982,200049,67,7607
192375,199978,200050,72,7603
192375,199979,200050,71,7604
192375,199984,200052,68,7609
192375,199985,200053,68,7610
192375,199982,200054,72,7607
192375,199982,200055,73,7607
192375,199981,200056,75,7606
192375,199991,200055,64,7616
192375,199991,200057,66,7616
192375,199986,200058,72,7611
192375,199980,200059,79,7605
192375,199991,200059,68,7616
192375,199995,200060,65,7620
192375,199992,200061,69,7617
192375,199991,200062,71,7616
192375,199992,200063,71,7617
192375,199994,200063,69,7619
192375,199996,200064,68,7621
192375,199987,200065,78,7612
192375,199991,200065,74,7616
192375,199997,200065,68,7622
192375,199995,200066,71,7620
192375,199996,200066,70,7621
192375,199990,200066,76,7615
192375,199992,200068,76,7617
192375,199992,200069,77,7617
192375,199993,200068,75,7618
192375,200002,200069,67,7627
192375,200004,200069,65,7629
192375,200000,200069,69,7625
192375,199992,200071,79,7617
192375,200000,200070,70,7625
192375,200001,200071,70,7626
192375,199997,200071,74,7622
192375,199999,200072,73,7624
192375,199997,200073,76,7622
192375,200004,200074,70,7629
192375,200009,200076,67,7634
192375,200007,200077,70,7632
192375,200008,200079,71,7633
192375,200010,200081,71,7635
192375,200010,200081,71,7635
192375,200006,200081,75,7631
192375,200003,200082,79,7628
192375,200014,200081,67,7639
192375,200014,200082,68,7639
192375,200011,200083,72,7636
192375,200017,200083,66,7642
192375,200012,200083,71,7637
192375,200015,200083,68,7640
192375,200016,200083,67,7641
192375,200007,200083,76,7632
192375,200016,200084,68,7641
192375,200014,200084,70,7639
192375,200021,200086,65,7646
192375,200016,200087,71,7641
192375,200019,200087,68,7644
192375,200017,200088,71,7642
192375,200016,200089,73,7641
192375,200020,200090,70,7645
192375,200018,200092,74,7643
192375,200017,200093,76,7642
192375,200026,200096,70,7651
192375,200026,200096,70,7651
192375,200022,200096,74,7647
192375,200024,200099,75,7649
192375,200026,200099,73,7651
192375,200032,200104,72,7657
192375,200036,200107,71,7661
192375,200039,200108,69,7664
192375,200047,200115,68,7672
192375,200054,200118,64,7679
192375,200065,200120,55,7690
192375,200048,200121,73,7673
192375,200050,200122,72,7675
192375,200051,200121,70,7676
192375,200049,200122,73,7674
192375,200065,200123,58,7690
192375,200065,200124,59,7690
192375,200063,200126,63,7688
192375,200052,200126,74,7677
192375,200056,200126,70,7681
192375,200069,200127,58,7694
192375,200063,200127,64,7688
192375,200055,200127,72,7680
192375,200065,200129,64,7690
192375,200056,200129,73,7681
192375,200049,200130,81,7674
192375,200064,200130,66,7689
192375,200061,200132,71,7686
192375,200066,200132,66,7691
192375,200057,200132,75,7682
192375,200058,200132,74,7683
192375,200062,200133,71,7687
192375,200056,200136,80,7681
192375,200059,200135,76,7684
192375,200066,200135,69,7691
192375,200067,200136,69,7692
192375,200059,200137,78,7684
192375,200083,200137,54,7708
192375,200068,200137,69,7693
192375,200082,200139,57,7707
192375,200070,200141,71,7695
192375,200082,200141,59,7707
192375,200084,200141,57,7709
192375,200069,200142,73,7694
192375,200070,200142,72,7695
192375,200071,200143,72,7696
192375,200075,200143,68,7700
192375,200073,200144,71,7698
192375,200071,200146,75,7696
192375,200072,200147,75,7697
192375,200069,200147,78,7694
192375,200071,200146,75,7696
192375,200083,200148,65,7708
190983,198779,200148,1369,7796
192375,200087,200148,61,7712
192375,200081,200148,67,7706
192375,200087,200150,63,7712
192375,200082,200149,67,7707
192375,200073,200150,77,7698
192375,200084,200150,66,7709
192375,200082,200151,69,7707
192375,200090,200150,60,7715
192375,200077,200151,74,7702
192375,200084,200151,67,7709
192375,200083,200151,68,7708
192375,200078,200153,75,7703
192375,200084,200153,69,7709
192375,200089,200153,64,7714
192375,200080,200152,72,7705
192375,200083,200153,70,7708
192375,200092,200158,66,7717
192375,200093,200157,64,7718
192375,200097,200159,62,7722
192375,200084,200158,74,7709
192375,200087,200159,72,7712
192375,200099,200163,64,7724
192375,200097,200164,67,7722
192375,200108,200166,58,7733
192375,200091,200166,75,7716
192375,200097,200166,69,7722
192375,200100,200169,69,7725
192375,200105,200173,68,7730
192375,200108,200179,71,7733
192375,200122,200179,57,7747
192375,200121,200180,59,7746
192375,200124,200186,62,7749
192375,200122,200186,64,7747
192375,200127,200186,59,7752
192375,200119,200186,67,7744
192375,200116,200189,73,7741
192375,200131,200189,58,7756
192375,200122,200190,68,7747
192375,200122,200191,69,7747
192375,200126,200191,65,7751
192375,200129,200191,62,7754
192375,200133,200194,61,7758
192375,200133,200195,62,7758
192375,200123,200198,75,7748
192375,200127,200198,71,7752
192375,200131,200199,68,7756
192375,200142,200200,58,7767
192375,200139,200200,61,7764
192375,200128,200200,72,7753
192375,200132,200200,68,7757
192375,200129,200201,72,7754
192375,200136,200203,67,7761
192375,200136,200203,67,7761
192375,200137,200203,66,7762
192375,200128,200203,75,7753
192375,200133,200204,71,7758
192375,200127,200204,77,7752
192375,200132,200206,74,7757
192375,200136,200206,70,7761
192375,200136,200207,71,7761
192375,200144,200207,63,7769
192375,200143,200209,66,7768
192375,200138,200208,70,7763
192375,200150,200209,59,7775
192375,200151,200211,60,7776
192375,200145,200210,65,7770
192375,200151,200211,60,7776
192375,200143,200212,69,7768
192375,200143,200212,69,7768
192375,200149,200213,64,7774
192375,200147,200213,66,7772
192375,200142,200213,71,7767
192375,200151,200215,64,7776
192375,200150,200215,65,7775
192375,200149,200217,68,7774
192375,200147,200217,70,7772
192375,200147,200217,70,7772
192375,200153,200219,66,7778
192375,200150,200220,70,7775
192375,200152,200221,69,7777
192375,200151,200221,70,7776
192375,200142,200221,79,7767
192375,200160,200223,63,7785
192375,200151,200224,73,7776
192375,200149,200224,75,7774
192375,200147,200225,78,7772
192601,200169,200226,57,7568
192375,200159,200226,67,7784
192601,200166,200227,61,7565
192375,200158,200227,69,7783
192375,200159,200228,69,7784
192375,200158,200228,70,7783
192375,200154,200228,74,7779
192601,200166,200229,63,7565
192375,200164,200228,64,7789
192601,200167,200232,65,7566
192375,200153,200232,79,7778
192601,200180,200236,56,7579
192375,200138,200214,76,7763
192375,200148,200220,72,7773
192375,200153,200225,72,7778
192375,200153,200224,71,7778
192601,200180,200239,59,7579
192601,200179,200240,61,7578
192601,200187,200245,58,7586
192601,200196,200246,50,7595
192601,200173,200247,74,7572
192601,200187,200247,60,7586
192601,200189,200247,58,7588
192601,200186,200248,62,7585
192601,200187,200252,65,7586
192601,200189,200253,64,7588
192601,200200,200254,54,7599
192601,200190,200255,65,7589
192601,200201,200256,55,7600
192601,200191,200257,66,7590
192601,200201,200257,56,7600
192601,200199,200256,57,7598
192601,200201,200257,56,7600
192601,200195,200257,62,7594
192601,200198,200258,60,7597
192601,200192,200258,66,7591
192601,200198,200258,60,7597
192601,200192,200259,67,7591
192601,200203,200260,57,7602
192601,200203,200265,62,7602
192601,200204,200266,62,7603
192601,200202,200268,66,7601
192601,200204,200268,64,7603
192601,200205,200269,64,7604
192601,200207,200270,63,7606
192601,200208,200270,62,7607
192601,200210,200274,64,7609
192601,200206,200276,70,7605
192601,200209,200279,70,7608
192601,200208,200280,72,7607
192601,200205,200282,77,7604
192601,200212,200282,70,7611
192601,200211,200282,71,7610
192601,200209,200283,74,7608
192601,200213,200284,71,7612
192601,200216,200285,69,7615
192601,200211,200285,74,7610
192601,200214,200286,72,7613
192601,200214,200287,73,7613
192601,200218,200287,69,7617
192601,200222,200289,67,7621
192601,200220,200290,70,7619
192601,200217,200290,73,7616
192601,200225,200290,65,7624
192601,200223,200290,67,7622
192601,200213,200291,78,7612
192601,200215,200292,77,7614
192601,200217,200293,76,7616
192601,200222,200293,71,7621
192601,200224,200294,70,7623
192601,200228,200293,65,7627
192601,200229,200293,64,7628
192601,200221,200294,73,7620
192601,200229,200295,66,7628
192601,200229,200295,66,7628
192601,200228,200296,68,7627
192601,200221,200297,76,7620
192601,200232,200298,66,7631
192601,200229,200299,70,7628
192601,200226,200299,73,7625
192601,200227,200300,73,7626
192601,200227,200301,74,7626
192601,200237,200302,65,7636
192601,200233,200303,70,7632
192601,200237,200304,67,7636
192601,200237,200304,67,7636
192601,200237,200305,68,7636
192601,200241,200308,67,7640
192601,200237,200309,72,7636
192601,200239,200308,69,7638
192601,200229,200309,80,7628
192601,200237,200314,77,7636
192601,200245,200315,70,7644
192601,200247,200316,69,7646
192601,200249,200318,69,7648
192601,200246,200319,73,7645
192601,200255,200320,65,7654
192601,200257,200322,65,7656
192601,200247,200322,75,7646
192601,200254,200324,70,7653
192601,200256,200324,68,7655
192601,200260,200327,67,7659
192601,200248,200327,79,7647
192601,200257,200327,70,7656
192601,200258,200327,69,7657
192601,200256,200328,72,7655
192601,200253,200329,76,7652
192601,200259,200331,72,7658
192601,200258,200331,73,7657
192601,200257,200332,75,7656
192601,200259,200334,75,7658
192601,200257,200336,79,7656
192601,200266,200336,70,7665
192601,200269,200338,69,7668
192601,200260,200340,80,7659
192601,200271,200340,69,7670
192601,200271,200341,70,7670
192601,200266,200343,77,7665
192601,200269,200343,74,7668
192601,200269,200347,78,7668
192601,200275,200347,72,7674
192601,200276,200349,73,7675
192601,200294,200353,59,7693
192601,200283,200352,69,7682
192601,200283,200353,70,7682
192601,200280,200353,73,7679
192601,200294,200353,59,7693
192601,200293,200354,61,7692
192601,200283,200354,71,7682
192601,200292,200357,65,7691
192601,200294,200357,63,7693
192601,200294,200357,63,7693
192601,200283,200357,74,7682
192601,200280,200357,77,7679
192601,200291,200358,67,7690
192601,200296,200358,62,7695
192601,200287,200359,72,7686
192601,200295,200359,64,7694
192601,200284,200360,76,7683
192601,200291,200360,69,7690
192601,200287,200362,75,7686
192601,200288,200363,75,7687
192601,200291,200363,72,7690
192601,200295,200363,68,7694
192601,200289,200363,74,7688
192601,200290,200364,74,7689
192601,200299,200364,65,7698
192601,200286,200364,78,7685
192601,200285,200365,80,7684
192601,200299,200365,66,7698
192601,200296,200366,70,7695
192601,200298,200367,69,7697
192601,200294,200368,74,7693
192601,200315,200371,56,7714
192601,200303,200372,69,7702
192601,200306,200376,70,7705
192601,200300,200376,76,7699
192601,200321,200377,56,7720
192601,200305,200377,72,7704
192601,200310,200377,67,7709
192601,200301,200378,77,7700
192601,200305,200379,74,7704
192601,200309,200378,69,7708
192601,200308,200379,71,7707
192601,200320,200379,59,7719
192601,200309,200381,72,7708
192601,200303,200382,79,7702
192601,200319,200383,64,7718
192601,200314,200383,69,7713
192601,200316,200383,67,7715
192601,200302,200384,82,7701
192601,200323,200386,63,7722
192601,200325,200386,61,7724
192601,200327,200388,61,7726
192601,200325,200389,64,7724
192601,200328,200390,62,7727
192601,200322,200390,68,7721
192601,200329,200391,62,7728
192601,200328,200392,64,7727
192601,200327,200393,66,7726
192601,200332,200394,62,7731
192601,200332,200395,63,7731
192601,200330,200396,66,7729
192601,200334,200399,65,7733
192601,200333,200401,68,7732
192601,200337,200402,65,7736
192601,200339,200405,66,7738
192601,200336,200406,70,7735
192601,200344,200408,64,7743
192601,200347,200409,62,7746
192601,200342,200410,68,7741
192601,200344,200410,66,7743
191192,199007,200410,1403,7815
192601,200341,200412,71,7740
192601,200341,200412,71,7740
192601,200353,200416,63,7752
192601,200348,200417,69,7747
192601,200353,200417,64,7752
192601,200354,200417,63,7753
192601,200353,200419,66,7752
192601,200364,200421,57,7763
192601,200357,200421,64,7756
192601,200353,200423,70,7752
192601,200357,200423,66,7756
192601,200349,200422,73,7748
192601,200357,200424,67,7756
192601,200359,200426,67,7758
192601,200359,200426,67,7758
192601,200360,200426,66,7759
192601,200354,200429,75,7753
192601,200361,200430,69,7760
192601,200362,200430,68,7761
192601,200360,200430,70,7759
192601,200355,200431,76,7754
192601,200358,200432,74,7757
192601,200357,200432,75,7756
192601,200366,200433,67,7765
192601,200364,200433,69,7763
192601,200367,200433,66,7766
192601,200363,200433,70,7762
192601,200363,200434,71,7762
192601,200365,200433,68,7764
192601,200365,200434,69,7764
192601,200363,200436,73,7762
192601,200359,200437,78,7758
192601,200372,200437,65,7771
192601,200380,200438,58,7779
192601,200366,200439,73,7765
192601,200376,200440,64,7775
192601,200372,200440,68,7771
192601,200377,200440,63,7776
192601,200369,200441,72,7768
192601,200377,200442,65,7776
192601,200367,200442,75,7766
192601,200378,200442,64,7777
192601,200379,200448,69,7778
192601,200390,200447,57,7789
192601,200384,200448,64,7783
192601,200380,200449,69,7779
192601,200396,200450,54,7795
192601,200377,200451,74,7776
192601,200382,200450,68,7781
192601,200384,200451,67,7783
192601,200376,200451,75,7775
192601,200383,200452,69,7782
192601,200387,200452,65,7786
192601,200383,200453,70,7782
192601,200392,200454,62,7791
192601,200379,200454,75,7778
192601,200393,200454,61,7792
192601,200382,200455,73,7781
192601,200391,200456,65,7790
192601,200386,200456,70,7785
192601,200396,200459,63,7795
192601,200394,200460,66,7793
192601,200401,200462,61,7800
192601,200389,200463,74,7788
192601,200391,200463,72,7790
192601,200402,200465,63,7801
192601,200390,200466,76,7789
192848,200411,200470,59,7563
192601,200400,200472,72,7799
192848,200408,200472,64,7560
192848,200412,200473,61,7564
192848,200410,200476,66,7562
192848,200418,200476,58,7570
192848,200423,200476,53,7575
192848,200418,200477,59,7570
192601,200405,200468,63,7804
192848,200410,200475,65,7562
192848,200410,200479,69,7562
192848,200419,200483,64,7571
192848,200422,200484,62,7574
192848,200427,200484,57,7579
192848,200417,200485,68,7569
192848,200430,200486,56,7582
192848,200430,200486,56,7582
192848,200423,200485,62,7575
192848,200413,200486,73,7565
192848,200416,200486,70,7568
192848,200427,200487,60,7579
192848,200429,200488,59,7581
192848,200423,200489,66,7575
192848,200433,200491,58,7585
192848,200431,200494,63,7583
192848,200424,200495,71,7576
192848,200431,200495,64,7583
192848,200432,200495,63,7584
192848,200422,200496,74,7574
192848,200432,200497,65,7584
192848,200434,200500,66,7586
192848,200434,200500,66,7586
192848,200433,200502,69,7585
192848,200427,200502,75,7579
192848,200434,200505,71,7586
192848,200438,200505,67,7590
192848,200434,200505,71,7586
192848,200434,200506,72,7586
192848,200436,200506,70,7588
192848,200438,200507,69,7590
192848,200442,200508,66,7594
192848,200442,200509,67,7594
192848,200439,200511,72,7591
192848,200441,200511,70,7593
192848,200443,200512,69,7595
192848,200438,200512,74,7590
192848,200440,200514,74,7592
192848,200443,200515,72,7595
192848,200449,200516,67,7601
192848,200440,200518,78,7592
192848,200451,200519,68,7603
192848,200448,200520,72,7600
192848,200448,200521,73,7600
192848,200455,200521,66,7607
192848,200452,200522,70,7604
192848,200448,200522,74,7600
192848,200452,200522,70,7604
192848,200453,200523,70,7605
192848,200451,200524,73,7603
192848,200456,200526,70,7608
192848,200451,200526,75,7603
192848,200460,200527,67,7612
192848,200455,200528,73,7607
192848,200466,200529,63,7618
192848,200457,200529,72,7609
192848,200460,200530,70,7612
192848,200464,200531,67,7616
192848,200453,200531,78,7605
192848,200454,200531,77,7606
192848,200463,200531,68,7615
192848,200467,200532,65,7619
192848,200464,200535,71,7616
192848,200470,200535,65,7622
192848,200454,200538,84,7606
192848,200474,200540,66,7626
192848,200477,200542,65,7629
192848,200477,200544,67,7629
192848,200472,200545,73,7624
192848,200473,200546,73,7625
192848,200480,200548,68,7632
192848,200479,200549,70,7631
192848,200484,200551,67,7636
192848,200487,200551,64,7639
192848,200486,200553,67,7638
192848,200484,200553,69,7636
192848,200485,200553,68,7637
192848,200477,200554,77,7629
192848,200478,200554,76,7630
192848,200488,200555,67,7640
192848,200479,200555,76,7631
192848,200486,200557,71,7638
192848,200486,200558,72,7638
192848,200486,200558,72,7638
192848,200492,200559,67,7644
192848,200479,200559,80,7631
192848,200484,200559,75,7636
192848,200486,200561,75,7638
192848,200495,200562,67,7647
192848,200495,200563,68,7647
192848,200497,200562,65,7649
192848,200490,200565,75,7642
192848,200495,200568,73,7647
192848,200496,200569,73,7648
192848,200501,200568,67,7653
192848,200502,200570,68,7654
192848,200502,200571,69,7654
192848,200497,200572,75,7649
192848,200505,200574,69,7657
192848,200507,200574,67,7659
192848,200501,200576,75,7653
192848,200507,200578,71,7659
192848,200506,200579,73,7658
192848,200512,200579,67,7664
192848,200524,200581,57,7676
192848,200508,200581,73,7660
192848,200505,200583,78,7657
192848,200510,200583,73,7662
192848,200512,200583,71,7664
192848,200509,200583,74,7661
192848,200523,200584,61,7675
192848,200526,200584,58,7678
192848,200522,200585,63,7674
192848,200512,200587,75,7664
192848,200526,200587,61,7678
192848,200524,200589,65,7676
192848,200517,200590,73,7669
192848,200520,200590,70,7672
192848,200514,200592,78,7666
192848,200513,200593,80,7665
192848,200528,200593,65,7680
192848,200530,200593,63,7682
192848,200518,200593,75,7670
192848,200515,200594,79,7667
192848,200520,200595,75,7672
192848,200522,200595,73,7674
192848,200530,200596,66,7682
192848,200522,200598,76,7674
192848,200528,200598,70,7680
192848,200530,200601,71,7682
192848,200521,200603,82,7673
192848,200531,200607,76,7683
192848,200532,200607,75,7684
192848,200531,200607,76,7683
192848,200532,200608,76,7684
192848,200531,200608,77,7683
192848,200552,200610,58,7704
192848,200550,200612,62,7702
192848,200549,200613,64,7701
192848,200555,200614,59,7707
192848,200553,200616,63,7705
192848,200556,200615,59,7708
192848,200557,200616,59,7709
192848,200540,200617,77,7692
192848,200539,200618,79,7691
192848,200545,200618,73,7697
192848,200536,200618,82,7688
192848,200542,200618,76,7694
192848,200555,200619,64,7707
192848,200560,200619,59,7712
192848,200546,200619,73,7698
192848,200555,200620,65,7707
192848,200554,200620,66,7706
192848,200545,200621,76,7697
192848,200555,200622,67,7707
192848,200536,200622,86,7688
192848,200551,200623,72,7703
192848,200559,200625,66,7711
192848,200563,200625,62,7715
192848,200559,200626,67,7711
192848,200563,200627,64,7715
192848,200559,200628,69,7711
192848,200562,200630,68,7714
192848,200560,200632,72,7712
192848,200569,200633,64,7721
192848,200573,200637,64,7725
192848,200565,200638,73,7717
192848,200574,200638,64,7726
192848,200563,200638,75,7715
191453,199246,200640,1394,7793
192848,200568,200640,72,7720
192848,200575,200641,66,7727
192848,200569,200641,72,7721
192848,200571,200645,74,7723
192848,200581,200646,65,7733
192848,200579,200647,68,7731
192848,200581,200650,69,7733
192848,200580,200650,70,7732
192848,200577,200650,73,7729
192848,200571,200650,79,7723
192848,200584,200650,66,7736
192848,200584,200651,67,7736
192848,200588,200652,64,7740
192848,200584,200653,69,7736
192848,200578,200654,76,7730
192848,200584,200654,70,7736
192848,200584,200655,71,7736
192848,200584,200655,71,7736
192848,200593,200657,64,7745
192848,200590,200658,68,7742
192848,200591,200659,68,7743
192848,200592,200658,66,7744
192848,200593,200659,66,7745
192848,200596,200660,64,7748
192848,200586,200661,75,7738
192848,200588,200662,74,7740
192848,200595,200662,67,7747
192848,200594,200663,69,7746
192848,200595,200663,68,7747
192848,200594,200668,74,7746
192848,200599,200668,69,7751
192848,200601,200671,70,7753
192848,200609,200672,63,7761
192848,200608,200673,65,7760
192848,200589,200673,84,7741
192848,200604,200674,70,7756
192848,200595,200676,81,7747
192848,200599,200676,77,7751
192848,200618,200676,58,7770
192848,200620,200677,57,7772
192848,200619,200678,59,7771
192848,200614,200679,65,7766
192848,200616,200679,63,7768
192848,200610,200680,70,7762
192848,200607,200680,73,7759
192848,200608,200681,73,7760
192848,200615,200681,66,7767
192848,200613,200683,70,7765
192848,200616,200683,67,7768
192848,200620,200684,64,7772
192848,200608,200684,76,7760
192848,200622,200685,63,7774
192848,200623,200686,63,7775
192848,200617,200686,69,7769
192848,200621,200687,66,7773
192848,200619,200688,69,7771
192848,200620,200689,69,7772
192848,200619,200689,70,7771
192848,200618,200692,74,7770
192848,200626,200693,67,7778
192848,200633,200693,60,7785
192848,200629,200696,67,7781
192848,200626,200696,70,7778
192848,200628,200697,69,7780
192848,200627,200698,71,7779
192848,200624,200700,76,7776
193125,200647,200702,55,7522
193125,200641,200702,61,7516
193125,200642,200702,60,7517
193125,200641,200702,61,7516
192848,200639,200708,69,7791
192848,200639,200709,70,7791
192848,200633,200710,77,7785
193125,200646,200709,63,7521
192848,200619,200689,70,7771
192848,200619,200688,69,7771
192848,200630,200706,76,7782
192848,200639,200711,72,7791
193125,200651,200712,61,7526
193125,200655,200713,58,7530
193125,200648,200714,66,7523
193125,200654,200716,62,7529
193125,200651,200717,66,7526
193125,200660,200718,58,7535
193125,200650,200719,69,7525
193125,200652,200720,68,7527
192848,200637,200719,82,7789
193125,200656,200719,63,7531
193125,200660,200720,60,7535
193125,200658,200720,62,7533
193125,200651,200722,71,7526
193125,200656,200722,66,7531
193125,200662,200722,60,7537
193125,200662,200723,61,7537
193125,200662,200725,63,7537
193125,200651,200725,74,7526
193125,200651,200727,76,7526
193125,200659,200727,68,7534
193125,200655,200728,73,7530
193125,200664,200728,64,7539
193125,200658,200729,71,7533
193125,200672,200732,60,7547
193125,200664,200733,69,7539
193125,200659,200734,75,7534
193125,200668,200738,70,7543
193125,200672,200738,66,7547
193125,200669,200738,69,7544
193125,200676,200739,63,7551
193125,200673,200740,67,7548
193125,200674,200742,68,7549
193125,200678,200743,65,7553
193125,200676,200743,67,7551
193125,200677,200744,67,7552
193125,200675,200747,72,7550
193125,200680,200748,68,7555
193125,200679,200748,69,7554
193125,200683,200750,67,7558
193125,200681,200753,72,7556
193125,200686,200753,67,7561
193125,200679,200754,75,7554
193125,200682,200753,71,7557
193125,200682,200754,72,7557
193125,200688,200756,68,7563
193125,200688,200756,68,7563
193125,200678,200757,79,7553
193125,200685,200758,73,7560
193125,200686,200759,73,7561
193125,200685,200759,74,7560
193125,200686,200759,73,7561
193125,200690,200760,70,7565
193125,200690,200761,71,7565
193125,200696,200761,65,7571
193125,200696,200763,67,7571
193125,200694,200765,71,7569
193125,200703,200766,63,7578
193125,200700,200767,67,7575
193125,200694,200768,74,7569
193125,200698,200770,72,7573
193125,200703,200770,67,7578
193125,200693,200769,76,7568
193125,200697,200770,73,7572
193125,200703,200770,67,7578
193125,200702,200770,68,7577
193125,200709,200777,68,7584
193125,200710,200778,68,7585
193125,200712,200779,67,7587
193125,200708,200781,73,7583
193125,200714,200782,68,7589
193125,200712,200782,70,7587
193125,200712,200783,71,7587
193125,200719,200783,64,7594
193125,200712,200784,72,7587
193125,200713,200785,72,7588
193125,200714,200786,72,7589
193125,200710,200787,77,7585
193125,200720,200787,67,7595
193125,200719,200788,69,7594
193125,200712,200788,76,7587
193125,200720,200789,69,7595
193125,200718,200789,71,7593
193125,200723,200789,66,7598
193125,200720,200791,71,7595
193125,200716,200793,77,7591
193125,200725,200793,68,7600
193125,200721,200795,74,7596
193125,200724,200794,70,7599
193125,200728,200795,67,7603
193125,200723,200796,73,7598
193125,200720,200797,77,7595
193125,200723,200797,74,7598
193125,200728,200797,69,7603
193125,200725,200798,73,7600
193125,200733,200799,66,7608
193125,200729,200802,73,7604
193125,200730,200802,72,7605
193125,200729,200802,73,7604
193125,200734,200804,70,7609
193125,200740,200806,66,7615
193125,200759,200808,49,7634
193125,200738,200811,73,7613
193125,200742,200811,69,7617
193125,200739,200812,73,7614
193125,200733,200813,80,7608
193125,200744,200813,69,7619
193125,200738,200814,76,7613
193125,200741,200815,74,7616
193125,200766,200815,49,7641
193125,200744,200815,71,7619
193125,200748,200815,67,7623
193125,200762,200819,57,7637
193125,200743,200819,76,7618
193125,200762,200819,57,7637
193125,200747,200821,74,7622
193125,200754,200822,68,7629
193125,200763,200823,60,7638
193125,200761,200823,62,7636
193125,200753,200824,71,7628
193125,200749,200824,75,7624
193125,200759,200826,67,7634
193125,200757,200826,69,7632
193125,200754,200827,73,7629
193125,200754,200831,77,7629
193125,200768,200831,63,7643
193125,200770,200831,61,7645
193125,200757,200833,76,7632
193125,200751,200833,82,7626
193125,200754,200833,79,7629
193125,200757,200835,78,7632
193125,200770,200836,66,7645
193125,200766,200836,70,7641
193125,200770,200836,66,7645
193125,200758,200838,80,7633
193125,200771,200837,66,7646
193125,200768,200840,72,7643
193125,200759,200841,82,7634
193125,200785,200845,60,7660
193125,200771,200845,74,7646
193125,200786,200847,61,7661
193125,200770,200849,79,7645
193125,200783,200850,67,7658
193125,200787,200850,63,7662
193125,200783,200852,69,7658
193125,200790,200853,63,7665
193125,200789,200853,64,7664
193125,200789,200853,64,7664
193125,200788,200853,65,7663
193125,200779,200854,75,7654
193125,200788,200853,65,7663
193125,200789,200854,65,7664
193125,200781,200854,73,7656
193125,200795,200855,60,7670
193125,200778,200855,77,7653
193125,200783,200856,73,7658
193125,200792,200858,66,7667
193125,200795,200859,64,7670
193125,200780,200859,79,7655
193125,200798,200861,63,7673
193125,200785,200861,76,7660
193125,200794,200863,69,7669
193125,200783,200864,81,7658
193125,200793,200866,73,7668
193125,200798,200869,71,7673
193125,200796,200868,72,7671
193125,200803,200868,65,7678
193125,200798,200869,71,7673
193125,200812,200871,59,7687
193125,200800,200871,71,7675
193125,200802,200871,69,7677
193125,200796,200871,75,7671
193125,200797,200872,75,7672
191673,199469,200873,1404,7796
193125,200805,200876,71,7680
193125,200809,200877,68,7684
193125,200812,200877,65,7687
193125,200807,200877,70,7682
193125,200815,200881,66,7690
193125,200816,200881,65,7691
193125,200826,200881,55,7701
193125,200803,200881,78,7678
193125,200813,200882,69,7688
193125,200825,200883,58,7700
193125,200815,200883,68,7690
193125,200815,200886,71,7690
193125,200816,200887,71,7691
193125,200819,200890,71,7694
193125,200814,200890,76,7689
193125,200820,200891,71,7695
193125,200820,200891,71,7695
193125,200814,200891,77,7689
193125,200822,200891,69,7697
193125,200825,200891,66,7700
193125,200824,200893,69,7699
193125,200833,200894,61,7708
193125,200823,200894,71,7698
193125,200822,200896,74,7697
193125,200834,200898,64,7709
193125,200831,200899,68,7706
193125,200828,200900,72,7703
193125,200837,200901,64,7712
193125,200831,200902,71,7706
193125,200834,200902,68,7709
193125,200837,200903,66,7712
193125,200826,200903,77,7701
193125,200838,200905,67,7713
193125,200841,200906,65,7716
193125,200832,200906,74,7707
193125,200835,200907,72,7710
193125,200842,200909,67,7717
193125,200845,200911,66,7720
193125,200836,200911,75,7711
193125,200851,200912,61,7726
193125,200838,200913,75,7713
193125,200853,200914,61,7728
193125,200855,200914,59,7730
193125,200854,200915,61,7729
193125,200850,200916,66,7725
193125,200845,200916,71,7720
193125,200847,200918,71,7722
193125,200853,200918,65,7728
193125,200855,200918,63,7730
193125,200853,200920,67,7728
193125,200854,200919,65,7729
193125,200851,200919,68,7726
193125,200854,200925,71,7729
193125,200857,200926,69,7732
193125,200854,200926,72,7729
193125,200854,200929,75,7729
193125,200859,200929,70,7734
193125,200856,200930,74,7731
193125,200863,200930,67,7738
193319,200878,200931,53,7559
193125,200869,200932,63,7744
193125,200862,200933,71,7737
193319,200878,200933,55,7559
193319,200876,200935,59,7557
193125,200869,200936,67,7744
193319,200877,200936,59,7558
193319,200881,200938,57,7562
193125,200858,200938,80,7733
193125,200860,200939,79,7735
193319,200890,200939,49,7571
193125,200867,200939,72,7742
193125,200871,200939,68,7746
193125,200865,200940,75,7740
193125,200869,200940,71,7744
193319,200882,200941,59,7563
193125,200872,200942,70,7747
193125,200872,200943,71,7747
193319,200882,200943,61,7563
193319,200884,200943,59,7565
193125,200872,200945,73,7747
193319,200881,200946,65,7562
193125,200862,200931,69,7737
193125,200869,200939,70,7744
193125,200872,200947,75,7747
193319,200882,200947,65,7563
193319,200884,200953,69,7565
193319,200894,200954,60,7575
193319,200894,200955,61,7575
193319,200896,200955,59,7577
193319,200892,200956,64,7573
193319,200894,200957,63,7575
193319,200888,200958,70,7569
193319,200890,200958,68,7571
193319,200898,200958,60,7579
193319,200892,200959,67,7573
193319,200892,200962,70,7573
193319,200887,200962,75,7568
193319,200892,200962,70,7573
193319,200892,200965,73,7573
193319,200902,200966,64,7583
193319,200901,200966,65,7582
193319,200902,200968,66,7583
193319,200899,200970,71,7580
193319,200906,200971,65,7587
193319,200904,200971,67,7585
193319,200906,200972,66,7587
193319,200911,200973,62,7592
193319,200906,200976,70,7587
193319,200903,200976,73,7584
193319,200903,200979,76,7584
193319,200908,200983,75,7589
193319,200915,200983,68,7596
193319,200915,200985,70,7596
193319,200920,200985,65,7601
193319,200912,200985,73,7593
193319,200914,200987,73,7595
193319,200917,200987,70,7598
193319,200920,200988,68,7601
193319,200909,200988,79,7590
193319,200919,200989,70,7600
193319,200916,200989,73,7597
193319,200918,200990,72,7599
193319,200912,200992,80,7593
193319,200920,200995,75,7601
193319,200929,200996,67,7610
193319,200931,200997,66,7612
193319,200926,200997,71,7607
193319,200936,200997,61,7617
193319,200927,200999,72,7608
193319,200919,200999,80,7600
193319,200936,201000,64,7617
193319,200926,201001,75,7607
193319,200937,201003,66,7618
193319,200934,201003,69,7615
193319,200930,201004,74,7611
193319,200938,201004,66,7619
193319,200933,201004,71,7614
193319,200940,201005,65,7621
193319,200940,201007,67,7621
193319,200938,201007,69,7619
193319,200931,201007,76,7612
193319,200932,201008,76,7613
193319,200942,201009,67,7623
193319,200944,201011,67,7625
193319,200939,201012,73,7620
193319,200940,201013,73,7621
193319,200943,201013,70,7624
193319,200931,201013,82,7612
193319,200945,201014,69,7626
193319,200943,201014,71,7624
193319,200940,201015,75,7621
193319,200940,201015,75,7621
193319,200948,201016,68,7629
193319,200944,201016,72,7625
193319,200948,201016,68,7629
193319,200946,201021,75,7627
193319,200956,201024,68,7637
193319,200948,201025,77,7629
193319,200954,201026,72,7635
193319,200948,201026,78,7629
193319,200958,201026,68,7639
193319,200956,201027,71,7637
193319,200948,201027,79,7629
193319,200954,201028,74,7635
193319,200958,201028,70,7639
193319,200959,201030,71,7640
193319,200956,201030,74,7637
193319,200967,201032,65,7648
193319,200962,201033,71,7643
193319,200968,201033,65,7649
193319,200959,201034,75,7640
193319,200963,201036,73,7644
193319,200966,201036,70,7647
193319,200963,201037,74,7644
193319,200960,201038,78,7641
193319,200965,201038,73,7646
193319,200972,201045,73,7653
193319,200972,201047,75,7653
193319,200983,201047,64,7664
193319,200973,201047,74,7654
193319,200977,201049,72,7658
193319,200971,201049,78,7652
193319,200976,201049,73,7657
193319,200979,201050,71,7660
193319,201002,201051,49,7683
193319,200972,201052,80,7653
193319,200986,201052,66,7667
193319,201000,201054,54,7681
193319,200987,201056,69,7668
193319,200983,201056,73,7664
193319,200988,201058,70,7669
193319,200990,201059,69,7671
193319,201000,201061,61,7681
193319,200990,201061,71,7671
193319,200989,201062,73,7670
193319,200988,201062,74,7669
193319,200985,201063,78,7666
193319,200993,201062,69,7674
193319,200986,201063,77,7667
193319,200990,201063,73,7671
193319,201001,201065,64,7682
193319,201003,201066,63,7684
193319,200998,201068,70,7679
193319,201004,201069,65,7685
193319,201007,201069,62,7688
193319,200996,201069,73,7677
193319,200998,201070,72,7679
193319,200997,201071,74,7678
193319,200998,201073,75,7679
193319,201004,201073,69,7685
193319,201007,201073,66,7688
193319,201006,201074,68,7687
193319,201008,201080,72,7689
193319,201005,201081,76,7686
193319,201016,201082,66,7697
193319,201004,201082,78,7685
193319,201024,201083,59,7705
193319,201013,201085,72,7694
193319,201017,201085,68,7698
193319,201014,201085,71,7695
193319,201021,201086,65,7702
193319,201017,201085,68,7698
193319,201009,201086,77,7690
193319,201013,201086,73,7694
193319,201009,201086,77,7690
193319,201015,201087,72,7696
193319,201017,201087,70,7698
193319,201013,201087,74,7694
193319,201012,201089,77,7693
193319,201016,201089,73,7697
193319,201015,201089,74,7696
193319,201027,201089,62,7708
193319,201028,201090,62,7709
193319,201037,201091,54,7718
191915,199705,201094,1389,7790
193319,201027,201094,67,7708
193319,201028,201096,68,7709
193319,201025,201097,72,7706
193319,201026,201099,73,7707
193319,201026,201100,74,7707
193319,201027,201100,73,7708
193319,201033,201101,68,7714
193319,201035,201103,68,7716
193319,201030,201103,73,7711
193319,201034,201106,72,7715
193319,201037,201106,69,7718
193319,201033,201106,73,7714
193319,201038,201107,69,7719
193319,201030,201108,78,7711
193319,201037,201107,70,7718
193319,201051,201111,60,7732
193319,201039,201112,73,7720
193319,201048,201114,66,7729
193319,201046,201116,70,7727
193319,201048,201119,71,7729
193319,201053,201118,65,7734
193319,201049,201120,71,7730
193319,201056,201121,65,7737
193319,201057,201122,65,7738
193319,201063,201123,60,7744
193319,201055,201123,68,7736
193319,201047,201124,77,7728
193319,201049,201124,75,7730
193319,201062,201126,64,7743
193319,201049,201127,78,7730
193319,201050,201128,78,7731
193319,201063,201130,67,7744
193319,201063,201130,67,7744
193319,201053,201131,78,7734
193319,201059,201131,72,7740
193319,201070,201131,61,7751
193319,201069,201132,63,7750
193319,201059,201132,73,7740
193319,201062,201133,71,7743
193319,201064,201134,70,7745
193319,201063,201135,72,7744
193319,201061,201135,74,7742
193319,201070,201135,65,7751
193319,201069,201138,69,7750
193319,201066,201138,72,7747
193319,201080,201140,60,7761
193319,201065,201141,76,7746
193319,201074,201142,68,7755
193319,201073,201143,70,7754
193319,201071,201143,72,7752
193319,201070,201145,75,7751
193319,201073,201150,77,7754
193319,201081,201150,69,7762
193319,201075,201152,77,7756
193319,201086,201153,67,7767
193319,201082,201153,71,7763
193319,201086,201154,68,7767
193319,201090,201155,65,7771
193319,201086,201156,70,7767
193319,201088,201156,68,7769
193319,201091,201157,66,7772
193319,201085,201158,73,7766
193319,201084,201159,75,7765
193319,201097,201160,63,7778
193319,201088,201160,72,7769
193319,201089,201160,71,7770
193319,201086,201160,74,7767
193319,201085,201162,77,7766
193319,201090,201163,73,7771
193319,201087,201163,76,7768
193319,201083,201163,80,7764
193319,201102,201164,62,7783
193319,201108,201164,56,7789
193319,201092,201164,72,7773
193319,201104,201165,61,7785
193319,201104,201165,61,7785
193319,201087,201167,80,7768
193319,201089,201167,78,7770
193319,201101,201169,68,7782
193319,201099,201169,70,7780
193319,201086,201170,84,7767
193319,201095,201171,76,7776
193538,201112,201174,62,7574
193319,201107,201175,68,7788
193319,201101,201175,74,7782
193538,201116,201175,59,7578
193538,201125,201177,52,7587
193319,201094,201177,83,7775
193538,201115,201177,62,7577
193538,201123,201178,55,7585
193319,201107,201178,71,7788
193319,201108,201179,71,7789
193319,201098,201179,81,7779
193319,201106,201180,74,7787
193538,201119,201180,61,7581
193319,201108,201181,73,7789
193538,201122,201181,59,7584
193538,201119,201182,63,7581
193538,201135,201187,52,7597
193538,201120,201188,68,7582
193538,201124,201188,64,7586
193538,201133,201189,56,7595
193538,201127,201190,63,7589
193538,201122,201191,69,7584
193538,201132,201190,58,7594
193538,201133,201191,58,7595
193538,201127,201193,66,7589
193538,201136,201195,59,7598
193538,201128,201195,67,7590
193538,201123,201195,72,7585
193538,201131,201196,65,7593
193538,201132,201197,65,7594
193538,201136,201197,61,7598
193538,201132,201198,66,7594
193538,201131,201200,69,7593
193538,201138,201202,64,7600
193538,201143,201202,59,7605
193538,201141,201203,62,7603
193538,201136,201203,67,7598
193538,201138,201203,65,7600
193538,201132,201205,73,7594
193538,201143,201208,65,7605
193538,201141,201210,69,7603
193538,201143,201210,67,7605
193538,201151,201213,62,7613
193538,201146,201216,70,7608
193538,201153,201219,66,7615
193538,201150,201221,71,7612
193538,201156,201223,67,7618
193538,201155,201224,69,7617
193538,201154,201224,70,7616
193538,201161,201226,65,7623
193538,201154,201227,73,7616
193538,201157,201227,70,7619
193538,201158,201227,69,7620
193538,201163,201228,65,7625
193538,201160,201229,69,7622
193538,201164,201228,64,7626
193538,201156,201230,74,7618
193538,201168,201231,63,7630
193538,201156,201231,75,7618
193538,201160,201232,72,7622
193538,201163,201233,70,7625
193538,201159,201233,74,7621
193538,201165,201236,71,7627
193538,201166,201235,69,7628
193538,201163,201236,73,7625
193538,201165,201237,72,7627
193538,201164,201237,73,7626
193538,201171,201240,69,7633
193538,201171,201240,69,7633
193538,201169,201240,71,7631
193538,201170,201240,70,7632
193538,201176,201242,66,7638
193538,201168,201242,74,7630
193538,201161,201242,81,7623
193538,201164,201243,79,7626
193538,201178,201243,65,7640
193538,201176,201246,70,7638
193538,201176,201247,71,7638
193538,201178,201248,70,7640
193538,201179,201248,69,7641
193538,201181,201248,67,7643
193538,201180,201249,69,7642
193538,201178,201248,70,7640
193538,201178,201249,71,7640
193538,201175,201250,75,7637
193538,201179,201251,72,7641
193538,201181,201252,71,7643
193538,201182,201254,72,7644
193538,201191,201253,62,7653
193538,201182,201255,73,7644
193538,201188,201256,68,7650
193538,201182,201256,74,7644
193538,201187,201260,73,7649
193538,201191,201262,71,7653
193538,201191,201262,71,7653
193538,201196,201262,66,7658
193538,201188,201263,75,7650
193538,201194,201263,69,7656
193538,201189,201264,75,7651
193538,201196,201265,69,7658
193538,201192,201265,73,7654
193538,201197,201268,71,7659
193538,201201,201268,67,7663
193538,201196,201269,73,7658
193538,201196,201270,74,7658
193538,201198,201272,74,7660
193538,201199,201271,72,7661
193538,201204,201273,69,7666
193538,201202,201275,73,7664
193538,201205,201275,70,7667
193538,201204,201274,70,7666
193538,201202,201275,73,7664
193538,201204,201277,73,7666
193538,201211,201279,68,7673
193538,201208,201280,72,7670
193538,201211,201283,72,7673
193538,201217,201284,67,7679
193538,201213,201286,73,7675
193538,201219,201288,69,7681
193538,201236,201290,54,7698
193538,201238,201291,53,7700
193538,201236,201291,55,7698
193538,201224,201293,69,7686
193538,201224,201293,69,7686
193538,201228,201294,66,7690
193538,201228,201296,68,7690
193538,201237,201296,59,7699
193538,201225,201297,72,7687
193538,201226,201298,72,7688
193538,201222,201298,76,7684
193538,201228,201301,73,7690
193538,201229,201301,72,7691
193538,201232,201303,71,7694
193538,201241,201303,62,7703
193538,201227,201303,76,7689
193538,201241,201305,64,7703
193538,201229,201307,78,7691
193538,201234,201307,73,7696
193538,201231,201308,77,7693
193538,201243,201309,66,7705
193538,201234,201309,75,7696
193538,201231,201310,79,7693
193538,201233,201310,77,7695
193538,201242,201310,68,7704
193538,201241,201312,71,7703
193538,201256,201317,61,7718
193538,201240,201317,77,7702
193538,201250,201319,69,7712
193538,201243,201319,76,7705
193538,201238,201319,81,7700
193538,201248,201321,73,7710
193538,201243,201321,78,7705
193538,201247,201321,74,7709
193538,201246,201321,75,7708
193538,201254,201323,69,7716
193538,201248,201323,75,7710
193538,201249,201324,75,7711
193538,201249,201325,76,7711
193538,201251,201325,74,7713
193538,201255,201326,71,7717
193538,201252,201326,74,7714
193538,201248,201327,79,7710
193538,201243,201327,84,7705
193538,201253,201328,75,7715
193538,201254,201329,75,7716
193538,201257,201335,78,7719
192122,199935,201334,1399,7813
193538,201264,201335,71,7726
193538,201269,201337,68,7731
193538,201260,201337,77,7722
193538,201273,201338,65,7735
193538,201266,201339,73,7728
193538,201263,201339,76,7725
193538,201264,201339,75,7726
193538,201265,201340,75,7727
193538,201272,201340,68,7734
193538,201263,201341,78,7725
193538,201269,201341,72,7731
193538,201269,201344,75,7731
193538,201266,201344,78,7728
193538,201271,201344,73,7733
193538,201275,201346,71,7737
193538,201263,201347,84,7725
193538,201276,201349,73,7738
193538,201280,201349,69,7742
193538,201272,201351,79,7734
193538,201284,201352,68,7746
193538,201275,201351,76,7737
193538,201277,201351,74,7739
193538,201281,201354,73,7743
193538,201275,201354,79,7737
193538,201297,201355,58,7759
193538,201288,201359,71,7750
193538,201290,201361,71,7752
193538,201284,201362,78,7746
193538,201291,201364,73,7753
193538,201287,201365,78,7749
193538,201291,201365,74,7753
193538,201298,201366,68,7760
193538,201294,201368,74,7756
193538,201295,201370,75,7757
193538,201296,201369,73,7758
193538,201308,201369,61,7770
193538,201293,201369,76,7755
193538,201302,201371,69,7764
193538,201298,201371,73,7760
193538,201297,201371,74,7759
193538,201311,201373,62,7773
193538,201313,201374,61,7775
193538,201307,201375,68,7769
193538,201308,201374,66,7770
193538,201301,201374,73,7763
193538,201304,201378,74,7766
193538,201305,201378,73,7767
193538,201310,201378,68,7772
193538,201311,201378,67,7773
193538,201310,201379,69,7772
193538,201303,201382,79,7765
193538,201309,201382,73,7771
193538,201303,201382,79,7765
193538,201317,201383,66,7779
193538,201320,201387,67,7782
193538,201319,201388,69,7781
193538,201319,201389,70,7781
193538,201320,201393,73,7782
193538,201324,201393,69,7786
193538,201324,201394,70,7786
193538,201322,201393,71,7784
193538,201326,201395,69,7788
193538,201325,201396,71,7787
193538,201326,201396,70,7788
193538,201322,201398,76,7784
193538,201328,201398,70,7790
193538,201336,201399,63,7798
193538,201329,201399,70,7791
193538,201321,201400,79,7783
193538,201330,201402,72,7792
193538,201323,201404,81,7785
193538,201338,201407,69,7800
193538,201335,201410,75,7797
193538,201340,201410,70,7802
193538,201339,201410,71,7801
193538,201328,201412,84,7790
193538,201342,201413,71,7804
193538,201335,201413,78,7797
193837,201352,201414,62,7515
193538,201341,201414,73,7803
193837,201356,201415,59,7519
193538,201345,201415,70,7807
193538,201322,201388,66,7784
193538,201325,201402,77,7787
193538,201339,201409,70,7801
193837,201351,201414,63,7514
193837,201352,201417,65,7515
193538,201339,201417,78,7801
193538,201337,201418,81,7799
193538,201344,201418,74,7806
193538,201342,201419,77,7804
193837,201355,201420,65,7518
193538,201346,201421,75,7808
193837,201355,201422,67,7518
193538,201345,201422,77,7807
193538,201340,201424,84,7802
193837,201360,201423,63,7523
193538,201349,201425,76,7811
193538,201347,201426,79,7809
193837,201352,201428,76,7515
193837,201362,201429,67,7525
193837,201364,201430,66,7527
193837,201367,201433,66,7530
193837,201363,201434,71,7526
193837,201370,201434,64,7533
193837,201370,201437,67,7533
193837,201366,201438,72,7529
193837,201375,201438,63,7538
193837,201375,201438,63,7538
193837,201375,201440,65,7538
193837,201366,201440,74,7529
193837,201372,201440,68,7535
193837,201371,201440,69,7534
193837,201375,201442,67,7538
193837,201370,201442,72,7533
193837,201370,201442,72,7533
193837,201369,201443,74,7532
193837,201372,201445,73,7535
193837,201380,201445,65,7543
193837,201373,201446,73,7536
193837,201379,201447,68,7542
193837,201379,201450,71,7542
193837,201383,201451,68,7546
193837,201379,201451,72,7542
193837,201379,201452,73,7542
193837,201384,201453,69,7547
193837,201382,201456,74,7545
193837,201383,201456,73,7546
193837,201389,201458,69,7552
193837,201390,201457,67,7553
193837,201393,201463,70,7556
193837,201397,201464,67,7560
193837,201394,201464,70,7557
193837,201394,201465,71,7557
193837,201394,201466,72,7557
193837,201400,201467,67,7563
193837,201398,201469,71,7561
193837,201399,201469,70,7562
193837,201400,201469,69,7563
193837,201396,201470,74,7559
193837,201395,201471,76,7558
193837,201401,201472,71,7564
193837,201405,201473,68,7568
193837,201410,201476,66,7573
193837,201403,201477,74,7566
193837,201410,201478,68,7573
193837,201408,201479,71,7571
193837,201414,201483,69,7577
193837,201412,201484,72,7575
193837,201413,201484,71,7576
193837,201417,201487,70,7580
193837,201419,201487,68,7582
193837,201411,201487,76,7574
193837,201417,201488,71,7580
193837,201417,201488,71,7580
193837,201415,201488,73,7578
193837,201420,201488,68,7583
193837,201417,201490,73,7580
193837,201424,201490,66,7587
193837,201415,201490,75,7578
193837,201422,201490,68,7585
193837,201418,201491,73,7581
193837,201423,201491,68,7586
193837,201426,201491,65,7589
193837,201415,201492,77,7578
193837,201417,201492,75,7580
193837,201428,201493,65,7591
193837,201419,201493,74,7582
193837,201417,201494,77,7580
193837,201424,201495,71,7587
193837,201421,201495,74,7584
193837,201414,201495,81,7577
193837,201419,201496,77,7582
193837,201426,201498,72,7589
193837,201430,201499,69,7593
193837,201433,201499,66,7596
193837,201434,201503,69,7597
193837,201429,201505,76,7592
193837,201440,201507,67,7603
193837,201443,201508,65,7606
193837,201440,201509,69,7603
193837,201438,201511,73,7601
193837,201440,201511,71,7603
193837,201443,201512,69,7606
193837,201439,201512,73,7602
193837,201443,201513,70,7606
193837,201439,201512,73,7602
193837,201445,201513,68,7608
193837,201438,201514,76,7601
193837,201441,201514,73,7604
193837,201434,201515,81,7597
193837,201452,201517,65,7615
193837,201443,201518,75,7606
193837,201445,201520,75,7608
193837,201448,201523,75,7611
193837,201450,201523,73,7613
193837,201447,201524,77,7610
193837,201451,201526,75,7614
193837,201454,201527,73,7617
193837,201458,201527,69,7621
193837,201458,201528,70,7621
193837,201456,201528,72,7619
193837,201453,201528,75,7616
193837,201456,201532,76,7619
193837,201465,201535,70,7628
193837,201464,201536,72,7627
193837,201485,201537,52,7648
193837,201464,201539,75,7627
193837,201469,201539,70,7632
193837,201483,201540,57,7646
193837,201479,201540,61,7642
193837,201468,201540,72,7631
193837,201467,201541,74,7630
193837,201470,201542,72,7633
193837,201485,201543,58,7648
193837,201489,201543,54,7652
193837,201466,201546,80,7629
193837,201469,201547,78,7632
193837,201471,201548,77,7634
193837,201474,201550,76,7637
193837,201488,201549,61,7651
193837,201476,201551,75,7639
193837,201480,201552,72,7643
193837,201472,201552,80,7635
193837,201488,201553,65,7651
193837,201470,201553,83,7633
193837,201488,201554,66,7651
193837,201489,201556,67,7652
193837,201491,201557,66,7654
193837,201491,201559,68,7654
193837,201478,201560,82,7641
192378,200164,201560,1396,7786
193837,201493,201564,71,7656
193837,201493,201564,71,7656
193837,201491,201565,74,7654
193837,201491,201566,75,7654
193837,201497,201565,68,7660
193837,201489,201565,76,7652
193837,201495,201566,71,7658
193837,201496,201567,71,7659
193837,201499,201568,69,7662
193837,201496,201568,72,7659
193837,201493,201568,75,7656
193837,201492,201569,77,7655
193837,201493,201569,76,7656
193837,201494,201568,74,7657
193837,201491,201570,79,7654
193837,201489,201570,81,7652
193837,201500,201571,71,7663
193837,201499,201571,72,7662
193837,201492,201574,82,7655
193837,201506,201576,70,7669
193837,201503,201577,74,7666
193837,201510,201579,69,7673
193837,201507,201582,75,7670
193837,201509,201583,74,7672
193837,201512,201584,72,7675
193837,201512,201586,74,7675
193837,201520,201587,67,7683
193837,201513,201587,74,7676
193837,201513,201588,75,7676
193837,201515,201589,74,7678
193837,201514,201589,75,7677
193837,201514,201590,76,7677
193837,201512,201591,79,7675
193837,201519,201591,72,7682
193837,201517,201591,74,7680
193837,201523,201591,68,7686
193837,201516,201592,76,7679
193837,201529,201594,65,7692
193837,201513,201598,85,7676
193837,201528,201600,72,7691
193837,201527,201601,74,7690
193837,201529,201602,73,7692
193837,201524,201603,79,7687
193837,201536,201603,67,7699
193837,201525,201604,79,7688
193837,201532,201605,73,7695
193837,201526,201605,79,7689
193837,201527,201605,78,7690
193837,201543,201610,67,7706
193837,201540,201610,70,7703
193837,201536,201611,75,7699
193837,201544,201611,67,7707
193837,201540,201613,73,7703
193837,201540,201613,73,7703
193837,201553,201614,61,7716
193837,201540,201615,75,7703
193837,201537,201617,80,7700
193837,201539,201617,78,7702
193837,201550,201617,67,7713
193837,201543,201618,75,7706
193837,201557,201618,61,7720
193837,201547,201620,73,7710
193837,201541,201620,79,7704
193837,201546,201622,76,7709
193837,201552,201622,70,7715
193837,201550,201623,73,7713
193837,201553,201625,72,7716
193837,201551,201626,75,7714
193837,201554,201627,73,7717
193837,201548,201628,80,7711
193837,201554,201629,75,7717
193837,201564,201633,69,7727
193837,201571,201632,61,7734
193837,201560,201632,72,7723
193837,201565,201634,69,7728
193837,201556,201636,80,7719
193837,201566,201636,70,7729
193837,201566,201636,70,7729
193837,201566,201638,72,7729
193837,201566,201639,73,7729
193837,201561,201640,79,7724
193837,201572,201641,69,7735
193837,201569,201642,73,7732
193837,201569,201644,75,7732
193837,201569,201643,74,7732
193837,201570,201644,74,7733
193837,201571,201644,73,7734
193837,201559,201644,85,7722
193837,201568,201645,77,7731
193837,201568,201645,77,7731
193837,201568,201646,78,7731
193837,201567,201646,79,7730
193837,201572,201649,77,7735
193837,201575,201649,74,7738
193837,201578,201651,73,7741
193837,201577,201652,75,7740
193953,201594,201658,64,7641
193837,201582,201658,76,7745
193837,201584,201658,74,7747
193837,201587,201659,72,7750
193837,201587,201659,72,7750
193953,201598,201659,61,7645
193837,201589,201659,70,7752
193837,201591,201660,69,7754
193837,201579,201659,80,7742
193837,201590,201661,71,7753
193837,201592,201660,68,7755
193837,201592,201661,69,7755
193837,201588,201662,74,7751
193837,201584,201664,80,7747
193837,201592,201666,74,7755
193953,201601,201668,67,7648
193837,201589,201669,80,7752
193837,201591,201669,78,7754
193953,201601,201669,68,7648
193953,201604,201669,65,7651
193953,201604,201673,69,7651
193953,201606,201672,66,7653
193953,201606,201673,67,7653
193953,201614,201674,60,7661
193953,201602,201675,73,7649
193953,201612,201674,62,7659
193953,201615,201678,63,7662
193953,201605,201679,74,7652
193953,201606,201678,72,7653
193953,201610,201679,69,7657
193953,201615,201679,64,7662
193953,201610,201680,70,7657
193953,201618,201682,64,7665
193953,201619,201682,63,7666
193953,201621,201682,61,7668
193953,201611,201684,73,7658
193953,201623,201685,62,7670
193953,201618,201685,67,7665
193953,201614,201687,73,7661
193953,201620,201690,70,7667
193953,201628,201690,62,7675
193953,201622,201690,68,7669
193953,201624,201692,68,7671
193953,201618,201693,75,7665
193953,201626,201694,68,7673
193953,201619,201694,75,7666
193953,201629,201698,69,7676
193953,201627,201702,75,7674
193953,201631,201704,73,7678
193953,201633,201704,71,7680
193953,201633,201704,71,7680
193953,201633,201704,71,7680
193953,201636,201704,68,7683
193953,201637,201704,67,7684
193953,201643,201706,63,7690
193953,201637,201707,70,7684
193953,201638,201708,70,7685
193953,201634,201710,76,7681
193953,201640,201710,70,7687
193953,201640,201710,70,7687
193953,201644,201713,69,7691
193953,201645,201713,68,7692
193953,201644,201714,70,7691
193953,201641,201716,75,7688
193953,201646,201716,70,7693
193953,201644,201717,73,7691
193953,201646,201717,71,7693
193953,201645,201718,73,7692
193953,201653,201719,66,7700
193953,201646,201720,74,7693
193953,201649,201720,71,7696
193953,201645,201722,77,7692
193953,201649,201722,73,7696
193953,201652,201725,73,7699
193953,201658,201727,69,7705
193953,201661,201728,67,7708
193953,201662,201729,67,7709
193953,201659,201729,70,7706
193953,201660,201729,69,7707
193953,201659,201729,70,7706
193953,201660,201729,69,7707
193953,201662,201729,67,7709
193953,201659,201730,71,7706
193953,201660,201731,71,7707
193953,201661,201731,70,7708
193953,201664,201733,69,7711
193953,201659,201734,75,7706
193953,201669,201735,66,7716
193953,201659,201735,76,7706
193953,201674,201738,64,7721
193953,201666,201738,72,7713
193953,201670,201739,69,7717
193953,201670,201740,70,7717
193953,201675,201740,65,7722
193953,201669,201741,72,7716
193953,201673,201743,70,7720
193953,201669,201742,73,7716
193953,201673,201747,74,7720
193953,201682,201749,67,7729
193953,201679,201749,70,7726
193953,201675,201750,75,7722
193953,201679,201750,71,7726
193953,201678,201751,73,7725
193953,201679,201752,73,7726
193953,201673,201753,80,7720
193953,201683,201755,72,7730
193953,201682,201756,74,7729
193953,201690,201756,66,7737
193953,201684,201757,73,7731
193953,201685,201757,72,7732
193953,201692,201757,65,7739
193953,201688,201758,70,7735
193953,201680,201758,78,7727
193953,201685,201760,75,7732
193953,201692,201763,71,7739
193953,201681,201764,83,7728
193953,201694,201766,72,7741
193953,201690,201767,77,7737
193953,201693,201768,75,7740
193953,201695,201770,75,7742
193953,201702,201772,70,7749
193953,201705,201774,69,7752
193953,201706,201774,68,7753
193953,201705,201776,71,7752
193953,201705,201777,72,7752
193953,201699,201778,79,7746
193953,201705,201778,73,7752
193953,201710,201778,68,7757
193953,201705,201779,74,7752
193953,201715,201782,67,7762
193953,201723,201783,60,7770
193953,201713,201784,71,7760
193953,201707,201785,78,7754
193953,201711,201785,74,7758
193953,201721,201784,63,7768
193953,201711,201785,74,7758
193953,201729,201786,57,7776
193953,201720,201786,66,7767
193953,201709,201788,79,7756
193953,201716,201788,72,7763
193953,201718,201788,70,7765
193953,201718,201789,71,7765
193953,201723,201789,66,7770
193953,201705,201790,85,7752
193953,201729,201792,63,7776
192604,200407,201792,1385,7803
193953,201714,201791,77,7761
193953,201720,201792,72,7767
193953,201717,201793,76,7764
193953,201717,201797,80,7764
193953,201729,201797,68,7776
193953,201729,201798,69,7776
193953,201726,201798,72,7773
193953,201730,201799,69,7777
193953,201728,201799,71,7775
193953,201731,201801,70,7778
193953,201732,201802,70,7779
193953,201729,201804,75,7776
193953,201729,201805,76,7776
193953,201736,201807,71,7783
193953,201738,201809,71,7785
193953,201732,201810,78,7779
193953,201735,201811,76,7782
193953,201734,201811,77,7781
193953,201739,201812,73,7786
193953,201739,201812,73,7786
193953,201735,201814,79,7782
193953,201743,201815,72,7790
193953,201743,201817,74,7790
193953,201741,201819,78,7788
193953,201741,201819,78,7788
193953,201755,201820,65,7802
193953,201748,201824,76,7795
193953,201741,201824,83,7788
193953,201751,201824,73,7798
193953,201750,201825,75,7797
193953,201753,201826,73,7800
193953,201750,201826,76,7797
193953,201751,201828,77,7798
193953,201757,201829,72,7804
193953,201754,201831,77,7801
193953,201758,201832,74,7805
193953,201759,201832,73,7806
193953,201757,201833,76,7804
193953,201752,201833,81,7799
193953,201758,201834,76,7805
193953,201758,201835,77,7805
193953,201757,201835,78,7804
193953,201764,201837,73,7811
193953,201765,201838,73,7812
193953,201766,201838,72,7813
193953,201760,201839,79,7807
193953,201774,201841,67,7821
193953,201767,201844,77,7814
193953,201775,201844,69,7822
193953,201776,201845,69,7823
193953,201788,201847,59,7835
193953,201769,201847,78,7816
193953,201783,201847,64,7830
193953,201771,201849,78,7818
193953,201773,201849,76,7820
193953,201785,201850,65,7832
193953,201778,201852,74,7825
193953,201778,201854,76,7825
193953,201785,201854,69,7832
193953,201779,201856,77,7826
193953,201784,201857,73,7831
193953,201778,201857,79,7825
193953,201782,201858,76,7829
193953,201786,201858,72,7833
193953,201788,201858,70,7835
193953,201778,201860,82,7825
193953,201787,201860,73,7834
193953,201789,201860,71,7836
193953,201792,201862,70,7839
193953,201792,201862,70,7839
193953,201789,201863,74,7836
193953,201788,201863,75,7835
193953,201799,201864,65,7846
193953,201785,201864,79,7832
193953,201790,201866,76,7837
193953,201793,201867,74,7840
193953,201798,201867,69,7845
193953,201785,201868,83,7832
193953,201792,201869,77,7839
193953,201798,201870,72,7845
193953,201804,201871,67,7851
193953,201799,201872,73,7846
193953,201793,201874,81,7840
193953,201799,201875,76,7846
193953,201801,201876,75,7848
193953,201807,201877,70,7854
193953,201800,201877,77,7847
193953,201806,201880,74,7853
193953,201802,201881,79,7849
193953,201811,201881,70,7858
193953,201813,201883,70,7860
193953,201810,201883,73,7857
193953,201814,201885,71,7861
193953,201826,201884,58,7873
193953,201812,201885,73,7859
193953,201816,201888,72,7863
193953,201812,201889,77,7859
193953,201818,201890,72,7865
193953,201820,201890,70,7867
193953,201825,201891,66,7872
193953,201826,201895,69,7873
193953,201833,201897,64,7880
193953,201819,201898,79,7866
193953,201829,201898,69,7876
193953,201824,201900,76,7871
194221,201845,201900,55,7624
193953,201826,201901,75,7873
193953,201824,201900,76,7871
193953,201831,201902,71,7878
193953,201821,201905,84,7868
193953,201834,201904,70,7881
194221,201844,201905,61,7623
193953,201836,201906,70,7883
193953,201838,201908,70,7885
193953,201838,201909,71,7885
193953,201835,201909,74,7882
193953,201838,201910,72,7885
193953,201829,201909,80,7876
193953,201834,201910,76,7881
194221,201842,201910,68,7621
194221,201847,201911,64,7626
193953,201835,201911,76,7882
194221,201853,201911,58,7632
194221,201845,201915,70,7624
194221,201848,201917,69,7627
194221,201850,201918,68,7629
194221,201849,201918,69,7628
194221,201854,201919,65,7633
194221,201857,201919,62,7636
193953,201810,201889,79,7857
193953,201832,201908,76,7879
194221,201848,201903,55,7627
194221,201850,201915,65,7629
194221,201858,201922,64,7637
194221,201855,201922,67,7634
194221,201858,201923,65,7637
194221,201863,201923,60,7642
194221,201859,201924,65,7638
194221,201857,201927,70,7636
194221,201867,201928,61,7646
194221,201863,201927,64,7642
194221,201867,201928,61,7646
194221,201859,201929,70,7638
194221,201864,201931,67,7643
194221,201861,201932,71,7640
194221,201864,201932,68,7643
194221,201861,201932,71,7640
194221,201860,201933,73,7639
194221,201871,201936,65,7650
194221,201863,201937,74,7642
194221,201865,201936,71,7644
194221,201869,201938,69,7648
194221,201867,201939,72,7646
194221,201870,201940,70,7649
194221,201873,201944,71,7652
194221,201875,201944,69,7654
194221,201875,201945,70,7654
194221,201877,201945,68,7656
194221,201880,201947,67,7659
194221,201882,201947,65,7661
194221,201878,201948,70,7657
194221,201872,201950,78,7651
194221,201877,201950,73,7656
194221,201885,201952,67,7664
194221,201885,201952,67,7664
194221,201884,201953,69,7663
194221,201886,201954,68,7665
194221,201883,201954,71,7662
194221,201888,201957,69,7667
194221,201890,201958,68,7669
194221,201891,201960,69,7670
194221,201889,201960,71,7668
194221,201892,201961,69,7671
194221,201899,201965,66,7678
194221,201898,201966,68,7677
194221,201901,201967,66,7680
194221,201896,201967,71,7675
194221,201898,201968,70,7677
194221,201910,201971,61,7689
194221,201910,201973,63,7689
194221,201900,201973,73,7679
194221,201900,201973,73,7679
194221,201906,201973,67,7685
194221,201905,201975,70,7684
194221,201901,201976,75,7680
194221,201903,201977,74,7682
194221,201905,201977,72,7684
194221,201910,201978,68,7689
194221,201907,201979,72,7686
194221,201911,201979,68,7690
194221,201912,201980,68,7691
194221,201908,201980,72,7687
194221,201910,201980,70,7689
194221,201910,201982,72,7689
194221,201910,201982,72,7689
194221,201912,201984,72,7691
194221,201919,201984,65,7698
194221,201919,201984,65,7698
194221,201919,201987,68,7698
194221,201920,201988,68,7699
194221,201918,201989,71,7697
194221,201920,201990,70,7699
194221,201920,201990,70,7699
194221,201916,201991,75,7695
194221,201924,201992,68,7703
194221,201922,201992,70,7701
194221,201920,201993,73,7699
194221,201927,201994,67,7706
194221,201920,201995,75,7699
194221,201922,201996,74,7701
194221,201929,201997,68,7708
194221,201919,201997,78,7698
194221,201932,201997,65,7711
194221,201924,201997,73,7703
194221,201923,201998,75,7702
194221,201929,201998,69,7708
194221,201928,202001,73,7707
194221,201934,202002,68,7713
194221,201932,202004,72,7711
194221,201932,202004,72,7711
194221,201933,202005,72,7712
194221,201928,202006,78,7707
194221,201936,202007,71,7715
194221,201938,202008,70,7717
194221,201945,202009,64,7724
194221,201940,202010,70,7719
194221,201937,202012,75,7716
194221,201937,202013,76,7716
194221,201940,202014,74,7719
194221,201944,202016,72,7723
194221,201949,202018,69,7728
194221,201946,202018,72,7725
194221,201948,202018,70,7727
194221,201955,202020,65,7734
194221,201948,202021,73,7727
194221,201950,202020,70,7729
194221,201946,202020,74,7725
194221,201951,202022,71,7730
194221,201967,202023,56,7746
194221,201958,202025,67,7737
194221,201953,202024,71,7732
194221,201972,202025,53,7751
192851,200640,202026,1386,7789
194221,201954,202027,73,7733
194221,201952,202027,75,7731
194221,201968,202030,62,7747
194221,201957,202031,74,7736
194221,201967,202032,65,7746
194221,201965,202034,69,7744
194221,201953,202034,81,7732
194221,201967,202036,69,7746
194221,201960,202040,80,7739
194221,201961,202041,80,7740
194221,201974,202042,68,7753
194221,201962,202043,81,7741
194221,201973,202047,74,7752
194221,201977,202047,70,7756
194221,201979,202047,68,7758
194221,201974,202048,74,7753
194221,201974,202047,73,7753
194221,201978,202048,70,7757
194221,201980,202048,68,7759
194221,201980,202048,68,7759
194221,201977,202048,71,7756
194221,201979,202049,70,7758
194221,201987,202053,66,7766
194221,201981,202054,73,7760
194221,201976,202054,78,7755
194221,201985,202055,70,7764
194221,201989,202056,67,7768
194221,201983,202057,74,7762
194221,201989,202059,70,7768
194221,201985,202060,75,7764
194221,201981,202061,80,7760
194221,201991,202062,71,7770
194221,201992,202063,71,7771
194221,201982,202063,81,7761
194221,201998,202065,67,7777
194221,201991,202065,74,7770
194221,201985,202068,83,7764
194221,201990,202068,78,7769
194221,201993,202068,75,7772
194221,201993,202070,77,7772
194221,201998,202072,74,7777
194221,202007,202073,66,7786
194221,201997,202072,75,7776
194221,202002,202075,73,7781
194221,201999,202075,76,7778
194221,201997,202076,79,7776
194221,201998,202076,78,7777
194221,201997,202077,80,7776
194221,201995,202077,82,7774
194221,202002,202078,76,7781
194221,202008,202077,69,7787
194221,202015,202078,63,7794
194221,202009,202079,70,7788
194221,202006,202079,73,7785
194221,202009,202079,70,7788
194221,202004,202080,76,7783
194221,202004,202080,76,7783
194221,201995,202080,85,7774
194221,202012,202081,69,7791
194221,202018,202082,64,7797
194221,202011,202085,74,7790
194221,202017,202087,70,7796
194221,202013,202088,75,7792
194221,202019,202089,70,7798
194221,202021,202089,68,7800
194221,202018,202091,73,7797
194221,202022,202092,70,7801
194221,202021,202094,73,7800
194221,202028,202094,66,7807
194221,202026,202095,69,7805
194221,202023,202097,74,7802
194221,202025,202098,73,7804
194221,202021,202098,77,7800
194221,202027,202099,72,7806
194221,202020,202102,82,7799
194221,202031,202102,71,7810
194221,202032,202102,70,7811
194221,202049,202103,54,7828
194221,202036,202104,68,7815
194221,202035,202106,71,7814
194221,202035,202106,71,7814
194221,202032,202107,75,7811
194221,202025,202106,81,7804
194221,202028,202107,79,7807
194221,202049,202112,63,7828
194221,202048,202113,65,7827
194221,202044,202114,70,7823
194221,202040,202114,74,7819
194221,202048,202114,66,7827
194221,202049,202115,66,7828
194221,202047,202115,68,7826
194221,202047,202118,71,7826
194221,202042,202120,78,7821
194221,202062,202123,61,7841
194221,202049,202125,76,7828
194221,202057,202125,68,7836
194221,202056,202125,69,7835
194221,202043,202126,83,7822
194221,202058,202126,68,7837
194221,202060,202127,67,7839
194221,202049,202126,77,7828
194221,202048,202127,79,7827
194221,202060,202128,68,7839
194221,202055,202130,75,7834
194221,202064,202130,66,7843
194221,202054,202131,77,7833
194221,202066,202133,67,7845
194221,202061,202135,74,7840
194221,202054,202138,84,7833
194221,202077,202140,63,7856
194221,202075,202140,65,7854
194441,202080,202140,60,7639
194441,202082,202140,58,7641
194221,202076,202141,65,7855
194221,202065,202142,77,7844
194221,202069,202144,75,7848
194441,202080,202145,65,7639
194221,202069,202145,76,7848
194221,202079,202146,67,7858
194221,202072,202147,75,7851
194221,202071,202148,77,7850
194221,202074,202148,74,7853
194441,202088,202149,61,7647
194221,202079,202149,70,7858
194441,202081,202149,68,7640
194221,202078,202151,73,7857
194441,202090,202151,61,7649
194221,202064,202137,73,7843
194221,202069,202138,69,7848
194441,202081,202150,69,7640
194221,202075,202151,76,7854
194441,202090,202153,63,7649
194221,202078,202154,76,7857
194221,202073,202155,82,7852
194441,202083,202155,72,7642
194221,202078,202156,78,7857
194441,202088,202157,69,7647
194441,202094,202157,63,7653
194441,202094,202157,63,7653
194221,202078,202157,79,7857
194441,202096,202159,63,7655
194441,202091,202159,68,7650
194441,202093,202162,69,7652
194441,202085,202165,80,7644
194441,202099,202165,66,7658
194441,202099,202165,66,7658
194441,202102,202166,64,7661
194441,202099,202168,69,7658
194441,202098,202170,72,7657
194441,202108,202170,62,7667
194441,202105,202173,68,7664
194441,202107,202173,66,7666
194441,202104,202174,70,7663
194441,202107,202175,68,7666
194441,202108,202176,68,7667
194441,202106,202178,72,7665
194441,202103,202178,75,7662
194441,202115,202180,65,7674
194441,202114,202183,69,7673
194441,202119,202184,65,7678
194441,202115,202184,69,7674
194441,202116,202185,69,7675
194441,202102,202186,84,7661
194441,202121,202187,66,7680
194441,202115,202188,73,7674
194441,202125,202188,63,7684
194441,202116,202188,72,7675
194441,202127,202189,62,7686
194441,202125,202190,65,7684
194441,202113,202191,78,7672
194441,202124,202192,68,7683
194441,202129,202194,65,7688
194441,202127,202196,69,7686
194441,202127,202197,70,7686
194441,202126,202199,73,7685
194441,202127,202199,72,7686
194441,202128,202201,73,7687
194441,202130,202202,72,7689
194441,202131,202204,73,7690
194441,202133,202204,71,7692
194441,202136,202208,72,7695
194441,202141,202209,68,7700
194441,202141,202209,68,7700
194441,202147,202210,63,7706
194441,202141,202210,69,7700
194441,202143,202211,68,7702
194441,202140,202212,72,7699
194441,202141,202213,72,7700
194441,202144,202214,70,7703
194441,202147,202215,68,7706
194441,202138,202216,78,7697
194441,202149,202217,68,7708
194441,202152,202218,66,7711
194441,202150,202219,69,7709
194441,202148,202219,71,7707
194441,202152,202220,68,7711
194441,202151,202220,69,7710
194441,202154,202220,66,7713
194441,202150,202221,71,7709
194441,202146,202221,75,7705
194441,202152,202222,70,7711
194441,202152,202222,70,7711
194441,202156,202222,66,7715
194441,202152,202223,71,7711
194441,202157,202223,66,7716
194441,202157,202223,66,7716
194441,202160,202224,64,7719
194441,202150,202224,74,7709
194441,202163,202226,63,7722
194441,202146,202227,81,7705
194441,202158,202227,69,7717
194441,202152,202227,75,7711
194441,202159,202228,69,7718
194441,202158,202230,72,7717
194441,202158,202231,73,7717
194441,202155,202231,76,7714
194441,202165,202231,66,7724
194441,202154,202233,79,7713
194441,202165,202235,70,7724
194441,202166,202236,70,7725
194441,202168,202237,69,7727
194441,202170,202238,68,7729
194441,202165,202239,74,7724
194441,202174,202240,66,7733
194441,202176,202244,68,7735
194441,202170,202245,75,7729
194441,202178,202245,67,7737
194441,202175,202248,73,7734
194441,202175,202249,74,7734
194441,202184,202250,66,7743
194441,202173,202252,79,7732
194441,202183,202252,69,7742
194441,202185,202253,68,7744
194441,202189,202255,66,7748
194441,202187,202254,67,7746
194441,202179,202256,77,7738
194441,202185,202257,72,7744
194441,202180,202256,76,7739
194441,202186,202258,72,7745
194441,202189,202258,69,7748
194441,202189,202261,72,7748
194441,202192,202261,69,7751
194441,202191,202263,72,7750
194441,202196,202263,67,7755
194441,202188,202264,76,7747
194441,202210,202266,56,7769
194441,202197,202267,70,7756
194441,202193,202268,75,7752
194441,202199,202269,70,7758
193128,200874,202270,1396,7746
194441,202195,202271,76,7754
194441,202211,202271,60,7770
194441,202213,202272,59,7772
194441,202200,202272,72,7759
194441,202212,202275,63,7771
194441,202201,202276,75,7760
194441,202205,202276,71,7764
194441,202203,202277,74,7762
194441,202215,202280,65,7774
194441,202209,202282,73,7768
194441,202208,202282,74,7767
194441,202215,202285,70,7774
194441,202218,202285,67,7777
194441,202205,202286,81,7764
194441,202210,202286,76,7769
194441,202216,202289,73,7775
194441,202213,202292,79,7772
194441,202222,202292,70,7781
194441,202223,202294,71,7782
194441,202222,202295,73,7781
194441,202218,202295,77,7777
194441,202226,202295,69,7785
194441,202224,202295,71,7783
194441,202221,202296,75,7780
194441,202220,202297,77,7779
194441,202222,202298,76,7781
194441,202224,202297,73,7783
194441,202224,202299,75,7783
194441,202225,202299,74,7784
194441,202229,202299,70,7788
194441,202231,202300,69,7790
194441,202221,202300,79,7780
194441,202220,202301,81,7779
194441,202223,202301,78,7782
194441,202232,202302,70,7791
194441,202220,202302,82,7779
194441,202227,202303,76,7786
194441,202224,202304,80,7783
194441,202233,202305,72,7792
194441,202232,202306,74,7791
194441,202228,202308,80,7787
194441,202228,202308,80,7787
194441,202231,202309,78,7790
194441,202240,202313,73,7799
194441,202238,202315,77,7797
194441,202251,202316,65,7810
194441,202250,202317,67,7809
194441,202236,202317,81,7795
194441,202240,202319,79,7799
194441,202236,202319,83,7795
194441,202245,202319,74,7804
194441,202239,202322,83,7798
194441,202256,202322,66,7815
194441,202246,202323,77,7805
194441,202246,202323,77,7805
194441,202264,202324,60,7823
194441,202257,202324,67,7816
194441,202258,202324,66,7817
194441,202253,202325,72,7812
194441,202254,202324,70,7813
194441,202258,202325,67,7817
194441,202255,202326,71,7814
194441,202255,202327,72,7814
194441,202249,202328,79,7808
194441,202261,202329,68,7820
194441,202257,202330,73,7816
194441,202252,202330,78,7811
194441,202264,202334,70,7823
194441,202272,202334,62,7831
194441,202261,202336,75,7820
194441,202270,202336,66,7829
194441,202268,202336,68,7827
194441,202264,202339,75,7823
194441,202270,202341,71,7829
194441,202267,202343,76,7826
194441,202271,202343,72,7830
194441,202269,202344,75,7828
194441,202276,202345,69,7835
194441,202272,202347,75,7831
194441,202278,202347,69,7837
194441,202272,202349,77,7831
194441,202276,202348,72,7835
194441,202275,202353,78,7834
194441,202283,202352,69,7842
194441,202283,202353,70,7842
194441,202298,202356,58,7857
194441,202280,202357,77,7839
194441,202294,202359,65,7853
194441,202286,202359,73,7845
194441,202287,202359,72,7846
194441,202285,202360,75,7844
194441,202301,202366,65,7860
194441,202290,202366,76,7849
194441,202287,202365,78,7846
194441,202295,202366,71,7854
194441,202296,202367,71,7855
194441,202302,202367,65,7861
194441,202293,202370,77,7852
194441,202295,202369,74,7854
194441,202302,202371,69,7861
194441,202297,202371,74,7856
194441,202302,202372,70,7861
194441,202299,202373,74,7858
194441,202298,202374,76,7857
194441,202295,202374,79,7854
194441,202293,202374,81,7852
194441,202302,202375,73,7861
194441,202304,202376,72,7863
194441,202298,202376,78,7857
194441,202306,202376,70,7865
194441,202299,202376,77,7858
194441,202300,202377,77,7859
194441,202315,202381,66,7874
194441,202306,202381,75,7865
194661,202325,202382,57,7664
194441,202299,202383,84,7858
194441,202305,202383,78,7864
194441,202310,202384,74,7869
194441,202316,202384,68,7875
194441,202308,202385,77,7867
194441,202314,202387,73,7873
194661,202331,202389,58,7670
194661,202324,202389,65,7663
194441,202320,202390,70,7879
194661,202325,202390,65,7664
194661,202337,202391,54,7676
194661,202334,202391,57,7673
194441,202309,202380,71,7868
194441,202317,202391,74,7876
194661,202328,202392,64,7667
194661,202325,202392,67,7664
194441,202320,202392,72,7879
194661,202325,202392,67,7664
194661,202329,202394,65,7668
194661,202326,202395,69,7665
194661,202336,202395,59,7675
194441,202323,202395,72,7882
194661,202334,202396,62,7673
194441,202319,202396,77,7878
194441,202317,202397,80,7876
194441,202323,202398,75,7882
194441,202323,202398,75,7882
194661,202340,202400,60,7679
194661,202325,202400,75,7664
194661,202329,202401,72,7668
194661,202331,202404,73,7670
194661,202344,202407,63,7683
194661,202337,202407,70,7676
194661,202344,202410,66,7683
194661,202342,202411,69,7681
194661,202346,202413,67,7685
194661,202353,202417,64,7692
194661,202356,202418,62,7695
194661,202345,202418,73,7684
194661,202349,202419,70,7688
194661,202348,202420,72,7687
194661,202349,202421,72,7688
194661,202360,202425,65,7699
194661,202359,202424,65,7698
194661,202348,202426,78,7687
194661,202354,202427,73,7693
194661,202360,202428,68,7699
194661,202358,202428,70,7697
194661,202353,202428,75,7692
194661,202361,202432,71,7700
194661,202366,202433,67,7705
194661,202366,202433,67,7705
194661,202368,202434,66,7707
194661,202367,202435,68,7706
194661,202366,202437,71,7705
194661,202370,202438,68,7709
194661,202367,202439,72,7706
194661,202373,202440,67,7712
194661,202374,202440,66,7713
194661,202372,202441,69,7711
194661,202371,202442,71,7710
194661,202371,202442,71,7710
194661,202375,202442,67,7714
194661,202375,202445,70,7714
194661,202376,202447,71,7715
194661,202377,202447,70,7716
194661,202377,202447,70,7716
194661,202375,202448,73,7714
194661,202377,202451,74,7716
194661,202384,202452,68,7723
194661,202381,202452,71,7720
194661,202378,202452,74,7717
194661,202384,202453,69,7723
194661,202381,202453,72,7720
194661,202383,202453,70,7722
194661,202392,202456,64,7731
194661,202383,202456,73,7722
194661,202391,202458,67,7730
194661,202388,202458,70,7727
194661,202383,202460,77,7722
194661,202385,202461,76,7724
194661,202390,202461,71,7729
194661,202391,202461,70,7730
194661,202394,202462,68,7733
194661,202392,202461,69,7731
194661,202396,202462,66,7735
194661,202390,202463,73,7729
194661,202393,202463,70,7732
194661,202392,202464,72,7731
194661,202393,202464,71,7732
194661,202392,202464,72,7731
194661,202399,202465,66,7738
194661,202397,202465,68,7736
194661,202393,202465,72,7732
194661,202395,202466,71,7734
194661,202401,202466,65,7740
194661,202392,202466,74,7731
194661,202400,202466,66,7739
194661,202391,202466,75,7730
194661,202397,202467,70,7736
194661,202397,202468,71,7736
194661,202396,202469,73,7735
194661,202404,202472,68,7743
194661,202398,202473,75,7737
194661,202411,202476,65,7750
194661,202407,202475,68,7746
194661,202401,202476,75,7740
194661,202407,202478,71,7746
194661,202417,202482,65,7756
194661,202418,202486,68,7757
194661,202413,202487,74,7752
194661,202412,202488,76,7751
194661,202420,202491,71,7759
194661,202425,202491,66,7764
194661,202428,202492,64,7767
194661,202419,202493,74,7758
194661,202425,202493,68,7764
194661,202426,202494,68,7765
194661,202429,202495,66,7768
194661,202421,202496,75,7760
194661,202428,202496,68,7767
194661,202422,202498,76,7761
194661,202434,202499,65,7773
194661,202429,202500,71,7768
194661,202433,202500,67,7772
193322,201112,202500,1388,7790
194661,202433,202504,71,7772
194661,202438,202506,68,7777
194661,202448,202506,58,7787
194661,202439,202507,68,7778
194661,202434,202509,75,7773
194661,202454,202510,56,7793
194661,202442,202510,68,7781
194661,202442,202510,68,7781
194661,202436,202511,75,7775
194661,202442,202511,69,7781
194661,202441,202512,71,7780
194661,202442,202512,70,7781
194661,202448,202515,67,7787
194661,202449,202514,65,7788
194661,202453,202515,62,7792
194661,202438,202516,78,7777
194661,202441,202515,74,7780
194661,202446,202515,69,7785
194661,202456,202516,60,7795
194661,202452,202518,66,7791
194661,202458,202518,60,7797
194661,202453,202519,66,7792
194661,202453,202521,68,7792
194661,202447,202521,74,7786
194661,202454,202522,68,7793
194661,202458,202523,65,7797
194661,202453,202530,77,7792
194661,202456,202531,75,7795
194661,202466,202533,67,7805
194661,202461,202533,72,7800
194661,202469,202537,68,7808
194661,202467,202537,70,7806
194661,202464,202537,73,7803
194661,202463,202538,75,7802
194661,202462,202539,77,7801
194661,202462,202539,77,7801
194661,202461,202539,78,7800
194661,202470,202539,69,7809
194661,202464,202539,75,7803
194661,202462,202539,77,7801
194661,202466,202541,75,7805
194661,202464,202541,77,7803
194661,202467,202542,75,7806
194661,202466,202541,75,7805
194661,202462,202542,80,7801
194661,202464,202542,78,7803
194661,202465,202543,78,7804
194661,202465,202543,78,7804
194661,202464,202545,81,7803
194661,202476,202548,72,7815
194661,202472,202549,77,7811
194661,202467,202550,83,7806
194661,202468,202549,81,7807
194661,202473,202552,79,7812
194661,202476,202552,76,7815
194661,202476,202553,77,7815
194661,202492,202560,68,7831
194661,202489,202561,72,7828
194661,202479,202561,82,7818
194661,202487,202562,75,7826
194661,202496,202563,67,7835
194661,202491,202563,72,7830
194661,202494,202565,71,7833
194661,202488,202566,78,7827
194661,202495,202567,72,7834
194661,202495,202567,72,7834
194661,202497,202567,70,7836
194661,202494,202568,74,7833
194661,202492,202568,76,7831
194661,202500,202571,71,7839
194661,202500,202571,71,7839
194661,202483,202573,90,7822
194661,202499,202574,75,7838
194661,202506,202574,68,7845
194661,202507,202575,68,7846
194661,202500,202576,76,7839
194661,202505,202577,72,7844
194661,202510,202577,67,7849
194661,202517,202578,61,7856
194661,202510,202578,68,7849
194661,202508,202580,72,7847
194661,202515,202580,65,7854
194661,202516,202582,66,7855
194661,202513,202582,69,7852
194661,202518,202583,65,7857
194661,202516,202583,67,7855
194661,202511,202583,72,7850
194661,202510,202584,74,7849
194661,202516,202584,68,7855
194661,202501,202584,83,7840
194661,202515,202584,69,7854
194661,202512,202584,72,7851
194661,202512,202585,73,7851
194661,202511,202586,75,7850
194661,202522,202588,66,7861
194661,202516,202588,72,7855
194661,202519,202590,71,7858
194661,202520,202591,71,7859
194661,202521,202591,70,7860
194661,202524,202594,70,7863
194661,202522,202599,77,7861
194661,202540,202602,62,7879
194661,202540,202602,62,7879
194661,202531,202605,74,7870
194661,202539,202605,66,7878
194661,202532,202605,73,7871
194661,202533,202605,72,7872
194661,202538,202606,68,7877
194661,202544,202606,62,7883
194661,202542,202607,65,7881
194661,202542,202607,65,7881
194661,202542,202609,67,7881
194661,202548,202608,60,7887
194661,202537,202610,73,7876
194661,202540,202611,71,7879
194661,202540,202611,71,7879
194661,202540,202611,71,7879
194661,202539,202612,73,7878
194661,202537,202614,77,7876
194661,202545,202614,69,7884
194661,202534,202615,81,7873
194661,202544,202616,72,7883
194661,202543,202616,73,7882
194661,202543,202618,75,7882
194916,202569,202619,50,7653
194661,202549,202620,71,7888
194661,202552,202621,69,7891
194661,202541,202621,80,7880
194661,202562,202622,60,7901
194916,202569,202624,55,7653
194916,202568,202625,57,7652
194661,202550,202627,77,7889
194661,202553,202628,75,7892
194916,202568,202629,61,7652
194661,202562,202630,68,7901
194661,202567,202630,63,7906
194661,202553,202630,77,7892
194916,202572,202632,60,7656
194916,202577,202632,55,7661
194916,202575,202633,58,7659
194661,202550,202632,82,7889
194916,202578,202633,55,7662
194661,202561,202634,73,7900
194661,202566,202638,72,7905
194916,202579,202641,62,7663
194661,202561,202642,81,7900
194916,202580,202642,62,7664
194916,202583,202643,60,7667
194916,202576,202642,66,7660
194916,202582,202642,60,7666
194661,202563,202642,79,7902
194661,202564,202643,79,7903
194916,202578,202644,66,7662
194916,202586,202643,57,7670
194916,202574,202645,71,7658
194916,202583,202645,62,7667
194916,202589,202645,56,7673
194916,202581,202646,65,7665
194916,202575,202646,71,7659
194916,202592,202648,56,7676
194916,202584,202648,64,7668
194916,202572,202648,76,7656
194916,202592,202649,57,7676
194916,202577,202650,73,7661
194916,202585,202651,66,7669
194916,202584,202652,68,7668
194916,202585,202654,69,7669
194916,202585,202654,69,7669
194916,202590,202656,66,7674
194916,202585,202655,70,7669
194916,202586,202657,71,7670
194916,202589,202658,69,7673
194916,202602,202659,57,7686
194916,202584,202661,77,7668
194916,202594,202662,68,7678
194916,202603,202664,61,7687
194916,202606,202667,61,7690
194916,202600,202668,68,7684
194916,202608,202672,64,7692
194916,202606,202672,66,7690
194916,202605,202673,68,7689
194916,202605,202673,68,7689
194916,202609,202674,65,7693
194916,202607,202675,68,7691
194916,202606,202676,70,7690
194916,202606,202677,71,7690
194916,202609,202677,68,7693
194916,202612,202680,68,7696
194916,202612,202680,68,7696
194916,202611,202682,71,7695
194916,202612,202682,70,7696
194916,202613,202684,71,7697
194916,202614,202685,71,7698
194916,202620,202686,66,7704
194916,202615,202686,71,7699
194916,202620,202687,67,7704
194916,202617,202688,71,7701
194916,202616,202688,72,7700
194916,202614,202689,75,7698
194916,202619,202690,71,7703
194916,202624,202690,66,7708
194916,202626,202691,65,7710
194916,202622,202691,69,7706
194916,202621,202692,71,7705
194916,202623,202694,71,7707
194916,202628,202694,66,7712
194916,202628,202694,66,7712
194916,202629,202696,67,7713
194916,202630,202699,69,7714
194916,202632,202699,67,7716
194916,202633,202700,67,7717
194916,202631,202701,70,7715
194916,202635,202702,67,7719
194916,202631,202701,70,7715
194916,202634,202703,69,7718
194916,202632,202703,71,7716
194916,202643,202706,63,7727
194916,202633,202707,74,7717
194916,202643,202709,66,7727
194916,202644,202710,66,7728
194916,202643,202710,67,7727
194916,202643,202711,68,7727
194916,202638,202712,74,7722
194916,202641,202713,72,7725
194916,202644,202713,69,7728
194916,202643,202714,71,7727
194916,202646,202715,69,7730
194916,202647,202716,69,7731
194916,202644,202716,72,7728
194916,202642,202716,74,7726
194916,202649,202716,67,7733
194916,202648,202716,68,7732
194916,202646,202717,71,7730
194916,202645,202716,71,7729
194916,202650,202718,68,7734
194916,202649,202718,69,7733
194916,202645,202720,75,7729
194916,202652,202721,69,7736
194916,202654,202722,68,7738
194916,202656,202723,67,7740
194916,202649,202725,76,7733
194916,202652,202726,74,7736
194916,202662,202728,66,7746
194916,202656,202728,72,7740
194916,202662,202729,67,7746
194916,202658,202730,72,7742
194916,202658,202731,73,7742
194916,202654,202733,79,7738
194916,202660,202733,73,7744
194916,202686,202740,54,7770
194916,202665,202741,76,7749
194916,202687,202741,54,7771
194916,202669,202741,72,7753
194916,202672,202743,71,7756
194916,202688,202746,58,7772
194916,202673,202745,72,7757
194916,202676,202746,70,7760
194916,202678,202747,69,7762
194916,202667,202748,81,7751
194916,202687,202749,62,7771
193541,201349,202749,1400,7808
194916,202674,202749,75,7758
194916,202674,202749,75,7758
194916,202687,202749,62,7771
194916,202674,202750,76,7758
194916,202688,202751,63,7772
194916,202676,202751,75,7760
194916,202677,202752,75,7761
194916,202682,202754,72,7766
194916,202680,202754,74,7764
194916,202681,202755,74,7765
194916,202690,202758,68,7774
194916,202692,202759,67,7776
194916,202683,202759,76,7767
194916,202693,202759,66,7777
194916,202690,202762,72,7774
194916,202695,202763,68,7779
194916,202691,202764,73,7775
194916,202685,202765,80,7769
194916,202695,202767,72,7779
194916,202691,202768,77,7775
194916,202700,202769,69,7784
194916,202697,202771,74,7781
194916,202702,202776,74,7786
194916,202702,202776,74,7786
194916,202695,202776,81,7779
194916,202702,202778,76,7786
194916,202701,202777,76,7785
194916,202704,202780,76,7788
194916,202715,202781,66,7799
194916,202709,202781,72,7793
194916,202707,202782,75,7791
194916,202700,202783,83,7784
194916,202703,202783,80,7787
194916,202717,202785,68,7801
194916,202708,202785,77,7792
194916,202716,202787,71,7800
194916,202715,202789,74,7799
194916,202717,202789,72,7801
194916,202711,202790,79,7795
194916,202711,202791,80,7795
194916,202720,202792,72,7804
194916,202714,202792,78,7798
194916,202723,202792,69,7807
194916,202711,202792,81,7795
194916,202717,202793,76,7801
194916,202719,202794,75,7803
194916,202728,202793,65,7812
194916,202718,202794,76,7802
194916,202717,202795,78,7801
194916,202713,202796,83,7797
194916,202714,202797,83,7798
194916,202724,202796,72,7808
194916,202717,202798,81,7801
194916,202721,202798,77,7805
194916,202717,202799,82,7801
194916,202726,202799,73,7810
194916,202730,202800,70,7814
194916,202731,202804,73,7815
194916,202728,202805,77,7812
194916,202734,202805,71,7818
194916,202742,202806,64,7826
194916,202727,202805,78,7811
194916,202741,202806,65,7825
194916,202746,202808,62,7830
194916,202749,202809,60,7833
194916,202734,202811,77,7818
194916,202752,202811,59,7836
194916,202742,202811,69,7826
194916,202741,202812,71,7825
194916,202731,202813,82,7815
194916,202749,202814,65,7833
194916,202750,202816,66,7834
194916,202747,202817,70,7831
194916,202749,202817,68,7833
194916,202743,202817,74,7827
194916,202750,202818,68,7834
194916,202749,202818,69,7833
194916,202750,202819,69,7834
194916,202746,202823,77,7830
194916,202755,202824,69,7839
194916,202747,202824,77,7831
194916,202763,202825,62,7847
194916,202760,202825,65,7844
194916,202758,202826,68,7842
194916,202763,202827,64,7847
194916,202759,202830,71,7843
194916,202752,202830,78,7836
194916,202769,202831,62,7853
194916,202753,202832,79,7837
194916,202759,202834,75,7843
194916,202754,202834,80,7838
194916,202764,202834,70,7848
194916,202754,202835,81,7838
194916,202766,202839,73,7850
194916,202767,202840,73,7851
194916,202770,202840,70,7854
194916,202777,202841,64,7861
194916,202776,202842,66,7860
194916,202776,202842,66,7860
194916,202771,202846,75,7855
194916,202782,202847,65,7866
194916,202778,202848,70,7862
194916,202778,202850,72,7862
194916,202790,202850,60,7874
194916,202782,202850,68,7866
194916,202782,202851,69,7866
194916,202783,202853,70,7867
194916,202785,202853,68,7869
194916,202784,202856,72,7868
194916,202781,202858,77,7865
194916,202786,202858,72,7870
194916,202791,202859,68,7875
194916,202794,202860,66,7878
194916,202793,202860,67,7877
194916,202793,202861,68,7877
194916,202788,202861,73,7872
194916,202794,202861,67,7878
194916,202793,202862,69,7877
195140,202806,202862,56,7666
195140,202811,202863,52,7671
194916,202792,202863,71,7876
194916,202789,202864,75,7873
195140,202800,202864,64,7660
195140,202809,202864,55,7669
195140,202806,202864,58,7666
195140,202806,202867,61,7666
194916,202797,202867,70,7881
195140,202812,202868,56,7672
194916,202793,202867,74,7877
195140,202807,202868,61,7667
195140,202805,202869,64,7665
195140,202810,202869,59,7670
195140,202811,202870,59,7671
195140,202813,202869,56,7673
194916,202799,202870,71,7883
195140,202801,202871,70,7661
194916,202796,202872,76,7880
194916,202794,202872,78,7878
194916,202799,202873,74,7883
194916,202793,202876,83,7877
195140,202818,202879,61,7678
195140,202806,202880,74,7666
195140,202815,202881,66,7675
195140,202818,202880,62,7678
195140,202818,202880,62,7678
194916,202797,202881,84,7881
195140,202812,202882,70,7672
195140,202818,202883,65,7678
194916,202797,202884,87,7881
195140,202825,202886,61,7685
195140,202832,202887,55,7692
195140,202816,202887,71,7676
195140,202825,202887,62,7685
195140,202818,202889,71,7678
195140,202827,202889,62,7687
195140,202820,202890,70,7680
195140,202825,202890,65,7685
195140,202830,202890,60,7690
195140,202831,202891,60,7691
195140,202833,202893,60,7693
195140,202828,202892,64,7688
195140,202834,202895,61,7694
195140,202835,202896,61,7695
195140,202835,202896,61,7695
195140,202824,202897,73,7684
195140,202826,202901,75,7686
195140,202836,202904,68,7696
195140,202841,202907,66,7701
195140,202840,202908,68,7700
195140,202846,202909,63,7706
195140,202842,202909,67,7702
195140,202850,202910,60,7710
195140,202841,202910,69,7701
195140,202843,202911,68,7703
195140,202843,202911,68,7703
195140,202848,202914,66,7708
195140,202849,202917,68,7709
195140,202853,202919,66,7713
195140,202851,202919,68,7711
195140,202852,202921,69,7712
195140,202853,202923,70,7713
195140,202856,202924,68,7716
195140,202860,202926,66,7720
195140,202865,202927,62,7725
195140,202859,202928,69,7719
195140,202862,202928,66,7722
195140,202860,202929,69,7720
195140,202865,202930,65,7725
195140,202858,202930,72,7718
195140,202859,202931,72,7719
195140,202861,202931,70,7721
195140,202864,202932,68,7724
195140,202864,202931,67,7724
195140,202863,202931,68,7723
195140,202870,202932,62,7730
195140,202862,202932,70,7722
195140,202864,202934,70,7724
195140,202867,202936,69,7727
195140,202861,202937,76,7721
195140,202870,202937,67,7730
195140,202873,202938,65,7733
195140,202867,202939,72,7727
195140,202863,202939,76,7723
195140,202868,202939,71,7728
195140,202872,202940,68,7732
195140,202869,202940,71,7729
195140,202868,202941,73,7728
195140,202871,202942,71,7731
195140,202877,202942,65,7737
195140,202872,202942,70,7732
195140,202870,202944,74,7730
195140,202869,202944,75,7729
195140,202869,202945,76,7729
195140,202881,202946,65,7741
195140,202881,202946,65,7741
195140,202880,202947,67,7740
195140,202874,202949,75,7734
195140,202883,202950,67,7743
195140,202881,202951,70,7741
195140,202883,202953,70,7743
195140,202882,202952,70,7742
195140,202881,202955,74,7741
195140,202887,202957,70,7747
195140,202889,202957,68,7749
195140,202884,202956,72,7744
195140,202889,202957,68,7749
195140,202887,202958,71,7747
195140,202887,202958,71,7747
195140,202890,202959,69,7750
195140,202890,202960,70,7750
195140,202896,202961,65,7756
195140,202893,202961,68,7753
195140,202887,202963,76,7747
195140,202891,202964,73,7751
195140,202893,202967,74,7753
195140,202896,202966,70,7756
195140,202890,202967,77,7750
195140,202898,202969,71,7758
195140,202901,202970,69,7761
195140,202896,202973,77,7756
195140,202910,202975,65,7770
195140,202912,202978,66,7772
195140,202905,202979,74,7765
195140,202910,202980,70,7770
195140,202909,202979,70,7769
195140,202910,202981,71,7770
195140,202907,202983,76,7767
195140,202911,202983,72,7771
195140,202928,202983,55,7788
195140,202917,202984,67,7777
195140,202915,202984,69,7775
195140,202910,202985,75,7770
195140,202925,202986,61,7785
195140,202926,202986,60,7786
195140,202919,202987,68,7779
195140,202929,202987,58,7789
195140,202931,202988,57,7791
195140,202928,202991,63,7788
195140,202932,202992,60,7792
195140,202931,202993,62,7791
195140,202924,202993,69,7784
195140,202922,202993,71,7782
195140,202920,202993,73,7780
195140,202932,202996,64,7792
195140,202929,202997,68,7789
195140,202934,203002,68,7794
195140,202932,203008,76,7792
193840,201593,203008,1415,7753
195140,202940,203010,70,7800
195140,202933,203011,78,7793
195140,202944,203010,66,7804
195140,202933,203011,78,7793
195140,202940,203011,71,7800
195140,202936,203012,76,7796
195140,202932,203012,80,7792
195140,202942,203011,69,7802
195140,202943,203013,70,7803
195140,202946,203014,68,7806
195140,202940,203014,74,7800
195140,202937,203015,78,7797
195140,202932,203015,83,7792
195140,202945,203015,70,7805
195140,202937,203016,79,7797
195140,202943,203017,74,7803
195140,202940,203017,77,7800
195140,202942,203018,76,7802
195140,202950,203020,70,7810
195140,202958,203020,62,7818
195140,202939,203020,81,7799
195140,202962,203020,58,7822
195140,202941,203022,81,7801
195140,202952,203023,71,7812
195140,202948,203023,75,7808
195140,202946,203024,78,7806
195140,202947,203025,78,7807
195140,202953,203026,73,7813
195140,202960,203028,68,7820
195140,202953,203030,77,7813
195140,202962,203029,67,7822
195140,202961,203030,69,7821
195140,202957,203030,73,7817
195140,202957,203032,75,7817
195140,202967,203032,65,7827
195140,202955,203032,77,7815
195140,202968,203033,65,7828
195140,202959,203034,75,7819
195140,202950,203034,84,7810
195140,202969,203034,65,7829
195140,202964,203034,70,7824
195140,202971,203035,64,7831
195140,202957,203036,79,7817
195140,202967,203036,69,7827
195140,202957,203037,80,7817
195140,202981,203039,58,7841
195140,202980,203040,60,7840
195140,202965,203040,75,7825
195140,202983,203042,59,7843
195140,202974,203044,70,7834
195140,202976,203045,69,7836
195140,202978,203045,67,7838
195140,202979,203046,67,7839
195140,202980,203046,66,7840
195140,202984,203051,67,7844
195140,202984,203051,67,7844
195140,202992,203054,62,7852
195140,202993,203054,61,7853
195140,202994,203055,61,7854
195140,202997,203058,61,7857
195140,202984,203058,74,7844
195140,202986,203058,72,7846
195140,202987,203059,72,7847
195140,202984,203060,76,7844
195140,202991,203060,69,7851
195140,203003,203061,58,7863
195140,202987,203061,74,7847
195140,202989,203061,72,7849
195140,202986,203065,79,7846
195140,202986,203067,81,7846
195140,202994,203068,74,7854
195140,203011,203069,58,7871
195140,202993,203070,77,7853
195140,202996,203071,75,7856
195140,203012,203075,63,7872
195140,203011,203076,65,7871
195140,203015,203077,62,7875
195140,203015,203077,62,7875
195140,203011,203077,66,7871
195140,203009,203079,70,7869
195140,203012,203079,67,7872
195140,203008,203080,72,7868
195140,203019,203080,61,7879
195140,203016,203080,64,7876
195140,203015,203080,65,7875
195140,203020,203081,61,7880
195140,203011,203082,71,7871
195140,203017,203085,68,7877
195140,203024,203088,64,7884
195354,203037,203088,51,7683
195140,203012,203088,76,7872
195354,203038,203089,51,7684
195140,203017,203091,74,7877
195140,203012,203092,80,7872
195354,203040,203092,52,7686
195140,203021,203093,72,7881
195354,203035,203094,59,7681
195140,203021,203097,76,7881
195140,203024,203097,73,7884
195140,203030,203098,68,7890
195354,203043,203097,54,7689
195140,203027,203098,71,7887
195354,203036,203098,62,7682
195140,203016,203098,82,7876
195140,203024,203099,75,7884
195354,203035,203099,64,7681
195140,203026,203099,73,7886
195140,203033,203099,66,7893
195354,203036,203100,64,7682
195140,203029,203100,71,7889
195140,203033,203100,67,7893
195354,203035,203100,65,7681
195354,203039,203100,61,7685
195140,203020,203100,80,7880
195140,203031,203101,70,7891
195354,203046,203103,57,7692
195140,203031,203103,72,7891
195354,203045,203103,58,7691
195140,203034,203104,70,7894
195354,203041,203105,64,7687
195354,203047,203107,60,7693
195354,203046,203107,61,7692
195140,203033,203107,74,7893
195140,203014,203089,75,7874
195140,203018,203091,73,7878
195140,203023,203098,75,7883
195140,203030,203107,77,7890
195354,203046,203109,63,7692
195354,203052,203109,57,7698
195354,203051,203111,60,7697
195354,203055,203114,59,7701
195354,203058,203115,57,7704
195354,203062,203117,55,7708
195354,203061,203118,57,7707
195354,203061,203119,58,7707
195354,203060,203121,61,7706
195354,203068,203121,53,7714
195354,203069,203122,53,7715
195354,203059,203123,64,7705
195354,203066,203123,57,7712
195354,203054,203123,69,7700
195354,203059,203123,64,7705
195354,203062,203124,62,7708
195354,203059,203125,66,7705
195354,203056,203126,70,7702
195354,203068,203128,60,7714
195354,203072,203129,57,7718
195354,203071,203132,61,7717
195354,203076,203139,63,7722
195354,203077,203142,65,7723
195354,203080,203145,65,7726
195354,203081,203146,65,7727
195354,203082,203145,63,7728
195354,203080,203145,65,7726
195354,203076,203146,70,7722
195354,203080,203147,67,7726
195354,203079,203147,68,7725
195354,203077,203149,72,7723
195354,203077,203148,71,7723
195354,203083,203149,66,7729
195354,203085,203150,65,7731
195354,203089,203158,69,7735
195354,203091,203159,68,7737
195354,203088,203159,71,7734
195354,203089,203161,72,7735
195354,203093,203161,68,7739
195354,203092,203161,69,7738
195354,203090,203163,73,7736
195354,203099,203164,65,7745
195354,203100,203163,63,7746
195354,203099,203164,65,7745
195354,203094,203164,70,7740
195354,203101,203165,64,7747
195354,203101,203166,65,7747
195354,203100,203166,66,7746
195354,203099,203166,67,7745
195354,203100,203167,67,7746
195354,203099,203168,69,7745
195354,203101,203169,68,7747
195354,203094,203169,75,7740
195354,203098,203169,71,7744
195354,203098,203169,71,7744
195354,203101,203169,68,7747
195354,203100,203169,69,7746
195354,203098,203170,72,7744
195354,203103,203170,67,7749
195354,203103,203172,69,7749
195354,203098,203171,73,7744
195354,203108,203172,64,7754
195354,203098,203173,75,7744
195354,203100,203173,73,7746
195354,203108,203175,67,7754
195354,203108,203176,68,7754
195354,203104,203176,72,7750
195354,203106,203176,70,7752
195354,203107,203177,70,7753
195354,203110,203177,67,7756
195354,203107,203177,70,7753
195354,203108,203178,70,7754
195354,203104,203180,76,7750
195354,203107,203179,72,7753
195354,203108,203179,71,7754
195354,203110,203180,70,7756
195354,203117,203181,64,7763
195354,203112,203183,71,7758
195354,203122,203184,62,7768
195354,203114,203186,72,7760
195354,203115,203187,72,7761
195354,203119,203188,69,7765
195354,203121,203188,67,7767
195354,203123,203194,71,7769
195354,203129,203193,64,7775
195354,203124,203193,69,7770
195354,203119,203195,76,7765
195354,203125,203195,70,7771
195354,203124,203196,72,7770
195354,203124,203199,75,7770
195354,203123,203199,76,7769
195354,203125,203199,74,7771
195354,203130,203200,70,7776
195354,203127,203202,75,7773
195354,203133,203204,71,7779
195354,203147,203212,65,7793
195354,203148,203211,63,7794
195354,203145,203213,68,7791
195354,203162,203213,51,7808
195354,203143,203214,71,7789
195354,203140,203216,76,7786
195354,203149,203218,69,7795
195354,203146,203217,71,7792
195354,203146,203219,73,7792
195354,203165,203219,54,7811
195354,203146,203221,75,7792
195354,203150,203221,71,7796
195354,203163,203222,59,7809
195354,203150,203222,72,7796
195354,203149,203222,73,7795
195354,203164,203222,58,7810
195354,203166,203223,57,7812
195354,203148,203224,76,7794
193956,201840,203225,1385,7884
195354,203164,203225,61,7810
195354,203162,203228,66,7808
195354,203161,203229,68,7807
195354,203159,203230,71,7805
195354,203164,203232,68,7810
195354,203167,203233,66,7813
195354,203169,203234,65,7815
195354,203160,203235,75,7806
195354,203170,203237,67,7816
195354,203160,203237,77,7806
195354,203170,203237,67,7816
195354,203170,203239,69,7816
195354,203170,203240,70,7816
195354,203171,203241,70,7817
195354,203171,203242,71,7817
195354,203170,203243,73,7816
195354,203166,203243,77,7812
195354,203172,203244,72,7818
195354,203173,203245,72,7819
195354,203178,203245,67,7824
195354,203166,203246,80,7812
195354,203168,203246,78,7814
195354,203165,203247,82,7811
195354,203178,203247,69,7824
195354,203174,203249,75,7820
195354,203175,203249,74,7821
195354,203178,203250,72,7824
195354,203172,203250,78,7818
195354,203189,203251,62,7835
195354,203194,203251,57,7840
195354,203177,203252,75,7823
195354,203180,203253,73,7826
195354,203176,203253,77,7822
195354,203177,203253,76,7823
195354,203187,203255,68,7833
195354,203173,203256,83,7819
195354,203176,203257,81,7822
195354,203180,203258,78,7826
195354,203180,203257,77,7826
195354,203187,203260,73,7833
195354,203200,203261,61,7846
195354,203181,203261,80,7827
195354,203180,203261,81,7826
195354,203184,203262,78,7830
195354,203199,203263,64,7845
195354,203194,203264,70,7840
195354,203200,203265,65,7846
195354,203183,203265,82,7829
195354,203188,203265,77,7834
195354,203196,203266,70,7842
195354,203204,203266,62,7850
195354,203196,203266,70,7842
195354,203199,203267,68,7845
195354,203194,203270,76,7840
195354,203196,203271,75,7842
195354,203214,203274,60,7860
195354,203215,203276,61,7861
195354,203212,203277,65,7858
195354,203214,203279,65,7860
195354,203203,203282,79,7849
195354,203218,203284,66,7864
195354,203221,203285,64,7867
195354,203217,203286,69,7863
195354,203219,203286,67,7865
195354,203222,203287,65,7868
195354,203222,203287,65,7868
195354,203222,203288,66,7868
195354,203224,203289,65,7870
195354,203222,203289,67,7868
195354,203218,203289,71,7864
195354,203221,203291,70,7867
195354,203212,203293,81,7858
195354,203223,203292,69,7869
195354,203224,203293,69,7870
195354,203230,203298,68,7876
195354,203241,203299,58,7887
195354,203226,203300,74,7872
195354,203229,203301,72,7875
195354,203231,203301,70,7877
195354,203233,203301,68,7879
195354,203244,203301,57,7890
195354,203225,203304,79,7871
195354,203233,203305,72,7879
195354,203239,203307,68,7885
195354,203241,203307,66,7887
195354,203237,203309,72,7883
195354,203244,203309,65,7890
195354,203246,203310,64,7892
195354,203242,203310,68,7888
195354,203245,203310,65,7891
195354,203236,203311,75,7882
195354,203235,203311,76,7881
195354,203238,203312,74,7884
195354,203250,203312,62,7896
195354,203247,203313,66,7893
195354,203238,203316,78,7884
195354,203247,203316,69,7893
195354,203252,203316,64,7898
195354,203246,203318,72,7892
195354,203247,203318,71,7893
195354,203251,203319,68,7897
195354,203247,203320,73,7893
195354,203252,203321,69,7898
195354,203251,203321,70,7897
195588,203267,203322,55,7679
195354,203252,203322,70,7898
195354,203251,203322,71,7897
195354,203258,203323,65,7904
195588,203268,203324,56,7680
195354,203254,203325,71,7900
195588,203274,203325,51,7686
195354,203258,203325,67,7904
195354,203263,203329,66,7909
195354,203257,203330,73,7903
195354,203254,203329,75,7900
195354,203262,203331,69,7908
195588,203277,203333,56,7689
195354,203262,203333,71,7908
195588,203267,203332,65,7679
195588,203267,203333,66,7679
195354,203258,203334,76,7904
195588,203272,203335,63,7684
195354,203265,203335,70,7911
195588,203277,203335,58,7689
195354,203260,203336,76,7906
195354,203261,203336,75,7907
195588,203271,203338,67,7683
195588,203280,203338,58,7692
195588,203282,203339,57,7694
195354,203262,203339,77,7908
195588,203286,203340,54,7698
195588,203290,203342,52,7702
195588,203286,203342,56,7698
195354,203254,203324,70,7900
195354,203255,203320,65,7901
195588,203266,203323,57,7678
195588,203285,203336,51,7697
195588,203289,203347,58,7701
195588,203291,203349,58,7703
195354,203266,203349,83,7912
195588,203286,203351,65,7698
195588,203288,203350,62,7700
195588,203289,203351,62,7701
195588,203293,203352,59,7705
195588,203289,203353,64,7701
195588,203288,203355,67,7700
195588,203300,203356,56,7712
195588,203302,203358,56,7714
195588,203300,203359,59,7712
195588,203299,203358,59,7711
195588,203293,203359,66,7705
195588,203301,203361,60,7713
195588,203301,203363,62,7713
195588,203294,203364,70,7706
195588,203302,203364,62,7714
195588,203308,203368,60,7720
195588,203306,203370,64,7718
195588,203310,203374,64,7722
195588,203308,203375,67,7720
195588,203312,203376,64,7724
195588,203311,203377,66,7723
195588,203311,203378,67,7723
195588,203313,203379,66,7725
195588,203314,203381,67,7726
195588,203310,203381,71,7722
195588,203312,203382,70,7724
195588,203310,203382,72,7722
195588,203313,203383,70,7725
195588,203317,203384,67,7729
195588,203316,203384,68,7728
195588,203317,203384,67,7729
195588,203319,203386,67,7731
195588,203319,203388,69,7731
195588,203322,203389,67,7734
195588,203319,203390,71,7731
195588,203325,203393,68,7737
195588,203323,203393,70,7735
195588,203320,203393,73,7732
195588,203326,203394,68,7738
195588,203323,203395,72,7735
195588,203322,203395,73,7734
195588,203333,203396,63,7745
195588,203329,203397,68,7741
195588,203331,203398,67,7743
195588,203323,203398,75,7735
195588,203326,203398,72,7738
195588,203321,203400,79,7733
195588,203325,203400,75,7737
195588,203330,203403,73,7742
195588,203333,203402,69,7745
195588,203339,203403,64,7751
195588,203339,203403,64,7751
195588,203333,203403,70,7745
195588,203333,203404,71,7745
195588,203330,203406,76,7742
195588,203337,203406,69,7749
195588,203334,203406,72,7746
195588,203341,203407,66,7753
195588,203336,203407,71,7748
195588,203337,203407,70,7749
195588,203339,203410,71,7751
195588,203339,203410,71,7751
195588,203337,203411,74,7749
195588,203336,203411,75,7748
195588,203345,203412,67,7757
195588,203345,203414,69,7757
195588,203343,203414,71,7755
195588,203343,203415,72,7755
195588,203350,203416,66,7762
195588,203345,203416,71,7757
195588,203345,203416,71,7757
195588,203351,203417,66,7763
195588,203345,203417,72,7757
195588,203347,203418,71,7759
195588,203353,203418,65,7765
195588,203354,203421,67,7766
195588,203351,203421,70,7763
195588,203349,203422,73,7761
195588,203351,203422,71,7763
195588,203357,203424,67,7769
195588,203356,203424,68,7768
195588,203358,203425,67,7770
195588,203365,203428,63,7777
195588,203362,203428,66,7774
195588,203359,203429,70,7771
195588,203360,203431,71,7772
195588,203359,203432,73,7771
195588,203363,203434,71,7775
195588,203368,203438,70,7780
195588,203364,203440,76,7776
195588,203376,203442,66,7788
195588,203375,203443,68,7787
195588,203371,203445,74,7783
195588,203377,203445,68,7789
195588,203378,203447,69,7790
195588,203396,203448,52,7808
195588,203394,203448,54,7806
195588,203380,203449,69,7792
195588,203384,203450,66,7796
195588,203384,203451,67,7796
195588,203393,203450,57,7805
195588,203382,203452,70,7794
195588,203394,203453,59,7806
195588,203383,203452,69,7795
195588,203383,203453,70,7795
195588,203385,203455,70,7797
195588,203379,203455,76,7791
195588,203390,203455,65,7802
195588,203390,203456,66,7802
195588,203396,203459,63,7808
195588,203382,203459,77,7794
195588,203398,203458,60,7810
195588,203394,203459,65,7806
195588,203385,203460,75,7797
195588,203397,203459,62,7809
195588,203395,203462,67,7807
195588,203386,203464,78,7798
195588,203399,203465,66,7811
195588,203388,203465,77,7800
195588,203399,203467,68,7811
195588,203403,203470,67,7815
195588,203403,203471,68,7815
195588,203403,203473,70,7815
195588,203404,203473,69,7816
195588,203401,203474,73,7813
195588,203406,203477,71,7818
195588,203403,203478,75,7815
195588,203408,203478,70,7820
195588,203401,203479,78,7813
195588,203406,203481,75,7818
195588,203408,203484,76,7820
195588,203407,203485,78,7819
195588,203412,203484,72,7824
195588,203408,203485,77,7820
195588,203411,203485,74,7823
195588,203405,203487,82,7817
195588,203411,203488,77,7823
195588,203418,203489,71,7830
195588,203411,203490,79,7823
195588,203418,203490,72,7830
195588,203418,203491,73,7830
195588,203418,203491,73,7830
195588,203431,203492,61,7843
195588,203415,203493,78,7827
195588,203417,203493,76,7829
195588,203430,203494,64,7842
195588,203412,203494,82,7824
195588,203429,203494,65,7841
195588,203415,203495,80,7827
195588,203423,203496,73,7835
195588,203424,203496,72,7836
195588,203425,203497,72,7837
195588,203434,203499,65,7846
195588,203422,203498,76,7834
195588,203416,203499,83,7828
195588,203421,203499,78,7833
195588,203415,203499,84,7827
195588,203417,203500,83,7829
195588,203426,203500,74,7838
195588,203422,203501,79,7834
195588,203433,203502,69,7845
195588,203429,203504,75,7841
194224,202080,203506,1426,7856
195588,203442,203506,64,7854
195588,203439,203510,71,7851
195588,203446,203510,64,7858
195588,203441,203511,70,7853
195588,203445,203512,67,7857
195588,203449,203513,64,7861
195588,203448,203513,65,7860
195588,203444,203514,70,7856
195588,203451,203514,63,7863
195588,203452,203515,63,7864
195588,203447,203515,68,7859
195588,203451,203516,65,7863
195588,203454,203516,62,7866
195588,203451,203518,67,7863
195588,203453,203518,65,7865
195588,203453,203521,68,7865
195588,203455,203520,65,7867
195588,203459,203523,64,7871
195588,203456,203524,68,7868
195588,203460,203524,64,7872
195588,203449,203524,75,7861
195588,203460,203525,65,7872
195588,203457,203526,69,7869
195588,203460,203527,67,7872
195588,203464,203529,65,7876
195588,203459,203530,71,7871
195588,203465,203530,65,7877
195588,203455,203531,76,7867
195588,203462,203532,70,7874
195588,203474,203533,59,7886
195588,203459,203535,76,7871
195588,203471,203536,65,7883
195588,203473,203539,66,7885
195588,203467,203540,73,7879
195588,203478,203541,63,7890
195588,203465,203542,77,7877
195588,203472,203543,71,7884
195588,203482,203544,62,7894
195588,203478,203545,67,7890
195588,203484,203546,62,7896
195588,203475,203547,72,7887
195588,203485,203552,67,7897
195588,203486,203553,67,7898
195588,203495,203554,59,7907
195588,203480,203555,75,7892
195588,203492,203555,63,7904
195588,203485,203555,70,7897
195588,203495,203556,61,7907
195588,203497,203556,59,7909
195588,203479,203556,77,7891
195588,203490,203557,67,7902
195588,203486,203557,71,7898
195588,203493,203558,65,7905
195819,203502,203559,57,7683
195819,203502,203560,58,7683
195588,203488,203560,72,7900
195819,203505,203561,56,7686
195819,203510,203561,51,7691
195588,203493,203562,69,7905
195588,203489,203562,73,7901
195588,203491,203562,71,7903
195588,203494,203562,68,7906
195819,203507,203563,56,7688
195588,203496,203565,69,7908
195588,203490,203565,75,7902
195588,203496,203565,69,7908
195819,203514,203566,52,7695
195588,203499,203568,69,7911
195819,203510,203569,59,7691
195588,203491,203562,71,7903
195819,203511,203569,58,7692
195588,203499,203570,71,7911
195588,203500,203570,70,7912
195819,203513,203570,57,7694
195588,203500,203572,72,7912
195588,203500,203572,72,7912
195588,203494,203573,79,7906
195819,203518,203574,56,7699
195819,203507,203574,67,7688
195819,203514,203575,61,7695
195819,203517,203576,59,7698
195819,203515,203576,61,7696
195588,203498,203576,78,7910
195819,203512,203577,65,7693
195588,203500,203578,78,7912
195819,203517,203578,61,7698
195819,203521,203579,58,7702
195819,203530,203580,50,7711
195819,203516,203580,64,7697
195819,203526,203582,56,7707
195819,203515,203581,66,7696
195819,203525,203582,57,7706
195819,203528,203582,54,7709
195819,203532,203583,51,7713
195819,203530,203585,55,7711
195819,203526,203586,60,7707
195819,203531,203587,56,7712
195819,203533,203587,54,7714
195819,203525,203588,63,7706
195819,203535,203589,54,7716
195819,203519,203591,72,7700
195819,203525,203590,65,7706
195819,203533,203592,59,7714
195819,203521,203592,71,7702
195819,203524,203599,75,7705
195819,203536,203600,64,7717
195819,203541,203604,63,7722
195819,203540,203608,68,7721
195819,203543,203610,67,7724
195819,203545,203610,65,7726
195819,203544,203612,68,7725
195819,203541,203612,71,7722
195819,203544,203613,69,7725
195819,203546,203616,70,7727
195819,203547,203618,71,7728
195819,203552,203620,68,7733
195819,203555,203621,66,7736
195819,203554,203623,69,7735
195819,203555,203623,68,7736
195819,203561,203625,64,7742
195819,203557,203625,68,7738
195819,203557,203626,69,7738
195819,203554,203626,72,7735
195819,203556,203626,70,7737
195819,203559,203627,68,7740
195819,203555,203629,74,7736
195819,203560,203628,68,7741
195819,203556,203629,73,7737
195819,203562,203629,67,7743
195819,203558,203630,72,7739
195819,203571,203631,60,7752
195819,203563,203631,68,7744
195819,203567,203631,64,7748
195819,203566,203632,66,7747
195819,203562,203634,72,7743
195819,203561,203634,73,7742
195819,203561,203634,73,7742
195819,203571,203635,64,7752
195819,203565,203635,70,7746
195819,203566,203635,69,7747
195819,203562,203635,73,7743
195819,203570,203636,66,7751
195819,203573,203637,64,7754
195819,203562,203638,76,7743
195819,203571,203639,68,7752
195819,203570,203640,70,7751
195819,203569,203641,72,7750
195819,203571,203642,71,7752
195819,203575,203641,66,7756
195819,203575,203642,67,7756
195819,203576,203643,67,7757
195819,203570,203643,73,7751
195819,203574,203644,70,7755
195819,203580,203645,65,7761
195819,203572,203646,74,7753
195819,203576,203648,72,7757
195819,203578,203647,69,7759
195819,203580,203649,69,7761
195819,203577,203648,71,7758
195819,203583,203650,67,7764
195819,203582,203651,69,7763
195819,203588,203652,64,7769
195819,203577,203651,74,7758
195819,203583,203652,69,7764
195819,203580,203653,73,7761
195819,203579,203652,73,7760
195819,203579,203654,75,7760
195819,203584,203654,70,7765
195819,203586,203655,69,7767
195819,203587,203656,69,7768
195819,203582,203656,74,7763
195819,203588,203657,69,7769
195819,203591,203657,66,7772
195819,203592,203660,68,7773
195819,203587,203659,72,7768
195819,203591,203661,70,7772
195819,203593,203665,72,7774
195819,203589,203665,76,7770
195819,203599,203666,67,7780
195819,203601,203670,69,7782
195819,203605,203674,69,7786
195819,203630,203677,47,7811
195819,203610,203677,67,7791
195819,203608,203678,70,7789
195819,203612,203680,68,7793
195819,203614,203680,66,7795
195819,203632,203682,50,7813
195819,203611,203683,72,7792
195819,203629,203684,55,7810
195819,203613,203685,72,7794
195819,203627,203685,58,7808
195819,203617,203686,69,7798
195819,203631,203687,56,7812
195819,203627,203688,61,7808
195819,203627,203688,61,7808
195819,203629,203689,60,7810
195819,203622,203690,68,7803
195819,203629,203690,61,7810
195819,203624,203694,70,7805
195819,203621,203694,73,7802
195819,203618,203695,77,7799
195819,203626,203697,71,7807
195819,203632,203698,66,7813
195819,203635,203698,63,7816
195819,203624,203700,76,7805
195819,203626,203700,74,7807
195819,203633,203701,68,7814
195819,203636,203701,65,7817
195819,203642,203702,60,7823
195819,203632,203703,71,7813
195819,203635,203703,68,7816
195819,203640,203705,65,7821
195819,203635,203706,71,7816
195819,203626,203706,80,7807
195819,203636,203710,74,7817
195819,203636,203710,74,7817
195819,203635,203710,75,7816
195819,203638,203711,73,7819
195819,203644,203713,69,7825
195819,203637,203713,76,7818
195819,203635,203713,78,7816
195819,203641,203715,74,7822
195819,203642,203715,73,7823
195819,203653,203716,63,7834
195819,203641,203716,75,7822
195819,203649,203720,71,7830
195819,203657,203720,63,7838
195819,203655,203720,65,7836
195819,203644,203721,77,7825
195819,203646,203721,75,7827
195819,203645,203724,79,7826
195819,203648,203724,76,7829
195819,203648,203725,77,7829
195819,203643,203725,82,7824
195819,203660,203726,66,7841
195819,203656,203726,70,7837
195819,203658,203726,68,7839
195819,203646,203726,80,7827
195819,203655,203728,73,7836
195819,203660,203728,68,7841
195819,203653,203729,76,7834
195819,203650,203729,79,7831
195819,203666,203730,64,7847
195819,203653,203730,77,7834
195819,203649,203731,82,7830
195819,203666,203731,65,7847
195819,203652,203731,79,7833
195819,203652,203732,80,7833
195819,203665,203733,68,7846
195819,203670,203732,62,7851
195819,203654,203732,78,7835
195819,203678,203733,55,7859
195819,203658,203733,75,7839
195819,203651,203737,86,7832
194444,202324,203738,1414,7880
195819,203674,203740,66,7855
195819,203662,203740,78,7843
195819,203685,203742,57,7866
195819,203677,203744,67,7858
195819,203684,203747,63,7865
195819,203680,203746,66,7861
195819,203685,203747,62,7866
195819,203682,203750,68,7863
195819,203685,203751,66,7866
195819,203695,203752,57,7876
195819,203679,203752,73,7860
195819,203690,203754,64,7871
195819,203688,203755,67,7869
195819,203689,203756,67,7870
195819,203681,203757,76,7862
195819,203691,203758,67,7872
195819,203699,203758,59,7880
195819,203687,203759,72,7868
195819,203697,203759,62,7878
195819,203700,203759,59,7881
195819,203696,203762,66,7877
195819,203694,203763,69,7875
195819,203689,203765,76,7870
195819,203702,203766,64,7883
195819,203701,203767,66,7882
195819,203691,203768,77,7872
195819,203704,203769,65,7885
195819,203707,203772,65,7888
195819,203711,203773,62,7892
195819,203703,203774,71,7884
195819,203702,203775,73,7883
195819,203698,203777,79,7879
195819,203707,203777,70,7888
195819,203702,203778,76,7883
195819,203712,203780,68,7893
195819,203713,203782,69,7894
195819,203720,203783,63,7901
195819,203705,203783,78,7886
196044,203733,203783,50,7689
195819,203716,203783,67,7897
196044,203733,203785,52,7689
195819,203715,203785,70,7896
195819,203714,203785,71,7895
195819,203731,203786,55,7912
195819,203714,203788,74,7895
195819,203725,203788,63,7906
196044,203733,203789,56,7689
195819,203711,203789,78,7892
195819,203710,203789,79,7891
195819,203720,203791,71,7901
195819,203717,203791,74,7898
195819,203721,203791,70,7902
195819,203721,203792,71,7902
195819,203717,203793,76,7898
195819,203725,203793,68,7906
195819,203728,203793,65,7909
196044,203733,203794,61,7689
195819,203727,203794,67,7908
196044,203733,203795,62,7689
196044,203734,203795,61,7690
196044,203737,203796,59,7693
195819,203722,203796,74,7903
195819,203727,203797,70,7908
196044,203740,203798,58,7696
196044,203738,203799,61,7694
195819,203730,203800,70,7911
195819,203731,203800,69,7912
195819,203727,203801,74,7908
196044,203742,203801,59,7698
195819,203729,203804,75,7910
195819,203730,203804,74,7911
196044,203748,203804,56,7704
196044,203745,203805,60,7701
196044,203747,203805,58,7703
196044,203740,203805,65,7696
195819,203727,203806,79,7908
195819,203726,203806,80,7907
195819,203731,203807,76,7912
196044,203747,203808,61,7703
195819,203726,203810,84,7907
196044,203754,203810,56,7710
196044,203759,203810,51,7715
196044,203753,203811,58,7709
196044,203757,203812,55,7713
196044,203752,203812,60,7708
195819,203731,203814,83,7912
196044,203756,203814,58,7712
196044,203757,203815,58,7713
196044,203758,203815,57,7714
196044,203751,203815,64,7707
196044,203760,203816,56,7716
196044,203752,203817,65,7708
196044,203765,203817,52,7721
196044,203768,203819,51,7724
196044,203764,203820,56,7720
196044,203767,203820,53,7723
196044,203760,203821,61,7716
196044,203769,203821,52,7725
196044,203762,203822,60,7718
196044,203767,203826,59,7723
196044,203759,203831,72,7715
196044,203772,203832,60,7728
196044,203774,203840,66,7730
196044,203777,203843,66,7733
196044,203774,203844,70,7730
196044,203784,203845,61,7740
196044,203778,203846,68,7734
196044,203776,203847,71,7732
196044,203780,203847,67,7736
196044,203779,203848,69,7735
196044,203786,203849,63,7742
196044,203783,203849,66,7739
196044,203784,203849,65,7740
196044,203786,203851,65,7742
196044,203785,203852,67,7741
196044,203783,203853,70,7739
196044,203782,203852,70,7738
196044,203790,203856,66,7746
196044,203788,203857,69,7744
196044,203793,203859,66,7749
196044,203788,203860,72,7744
196044,203791,203859,68,7747
196044,203790,203860,70,7746
196044,203792,203860,68,7748
196044,203797,203860,63,7753
196044,203791,203861,70,7747
196044,203789,203861,72,7745
196044,203797,203861,64,7753
196044,203788,203862,74,7744
196044,203797,203863,66,7753
196044,203794,203863,69,7750
196044,203794,203863,69,7750
196044,203792,203863,71,7748
196044,203795,203864,69,7751
196044,203800,203866,66,7756
196044,203795,203866,71,7751
196044,203795,203867,72,7751
196044,203806,203867,61,7762
196044,203799,203868,69,7755
196044,203805,203868,63,7761
196044,203801,203867,66,7757
196044,203796,203869,73,7752
196044,203806,203871,65,7762
196044,203802,203871,69,7758
196044,203801,203874,73,7757
196044,203805,203876,71,7761
196044,203804,203876,72,7760
196044,203811,203876,65,7767
196044,203806,203877,71,7762
196044,203801,203877,76,7757
196044,203810,203877,67,7766
196044,203807,203878,71,7763
196044,203814,203878,64,7770
196044,203806,203879,73,7762
196044,203807,203879,72,7763
196044,203809,203881,72,7765
196044,203816,203881,65,7772
196044,203812,203881,69,7768
196044,203811,203884,73,7767
196044,203816,203884,68,7772
196044,203813,203885,72,7769
196044,203813,203885,72,7769
196044,203816,203885,69,7772
196044,203814,203887,73,7770
196044,203822,203889,67,7778
196044,203820,203889,69,7776
196044,203818,203891,73,7774
196044,203816,203891,75,7772
196044,203820,203893,73,7776
196044,203827,203893,66,7783
196044,203820,203893,73,7776
196044,203821,203893,72,7777
196044,203822,203895,73,7778
196044,203817,203896,79,7773
196044,203831,203898,67,7787
196044,203833,203904,71,7789
196044,203860,203907,47,7816
196044,203860,203907,47,7816
196044,203860,203908,48,7816
196044,203844,203909,65,7800
196044,203841,203912,71,7797
196044,203858,203912,54,7814
196044,203860,203913,53,7816
196044,203861,203916,55,7817
196044,203844,203916,72,7800
196044,203848,203916,68,7804
196044,203860,203916,56,7816
196044,203862,203917,55,7818
196044,203850,203917,67,7806
196044,203863,203918,55,7819
196044,203862,203919,57,7818
196044,203850,203919,69,7806
196044,203849,203920,71,7805
196044,203853,203921,68,7809
196044,203846,203922,76,7802
196044,203848,203922,74,7804
196044,203852,203923,71,7808
196044,203853,203923,70,7809
196044,203847,203925,78,7803
196044,203856,203926,70,7812
196044,203849,203926,77,7805
196044,203863,203927,64,7819
196044,203853,203929,76,7809
196044,203868,203933,65,7824
196044,203863,203934,71,7819
196044,203865,203937,72,7821
196044,203866,203938,72,7822
196044,203869,203937,68,7825
196044,203864,203938,74,7820
196044,203863,203939,76,7819
196044,203866,203938,72,7822
196044,203862,203940,78,7818
196044,203868,203941,73,7824
196044,203867,203941,74,7823
196044,203868,203942,74,7824
196044,203868,203942,74,7824
196044,203871,203946,75,7827
196044,203871,203947,76,7827
196044,203879,203947,68,7835
196044,203877,203948,71,7833
194664,202568,203948,1380,7904
196044,203878,203949,71,7834
196044,203877,203952,75,7833
196044,203878,203951,73,7834
196044,203874,203952,78,7830
196044,203877,203953,76,7833
196044,203879,203953,74,7835
196044,203881,203953,72,7837
196044,203876,203953,77,7832
196044,203894,203954,60,7850
196044,203880,203955,75,7836
196044,203887,203958,71,7843
196044,203876,203958,82,7832
196044,203882,203959,77,7838
196044,203885,203959,74,7841
196044,203886,203959,73,7842
196044,203891,203959,68,7847
196044,203897,203960,63,7853
196044,203896,203962,66,7852
196044,203885,203963,78,7841
196044,203882,203962,80,7838
196044,203885,203963,78,7841
196044,203894,203963,69,7850
196044,203890,203964,74,7846
196044,203891,203965,74,7847
196044,203893,203965,72,7849
196044,203898,203967,69,7854
196044,203889,203969,80,7845
196044,203893,203968,75,7849
196044,203904,203972,68,7860
196044,203908,203973,65,7864
196044,203913,203973,60,7869
196044,203885,203975,90,7841
196044,203917,203975,58,7873
196044,203917,203976,59,7873
196044,203909,203976,67,7865
196044,203918,203977,59,7874
196044,203917,203978,61,7873
196044,203908,203980,72,7864
196044,203919,203982,63,7875
196044,203917,203983,66,7873
196044,203923,203983,60,7879
196044,203910,203985,75,7866
196044,203919,203985,66,7875
196044,203913,203986,73,7869
196044,203923,203988,65,7879
196044,203923,203988,65,7879
196044,203914,203988,74,7870
196044,203923,203990,67,7879
196044,203928,203990,62,7884
196044,203926,203989,63,7882
196044,203930,203992,62,7886
196044,203922,203992,70,7878
196044,203920,203993,73,7876
196044,203935,203994,59,7891
196044,203938,203996,58,7894
196044,203927,203998,71,7883
196044,203918,203998,80,7874
196044,203927,203999,72,7883
196044,203921,203999,78,7877
196044,203943,204002,59,7899
196044,203939,204003,64,7895
196044,203942,204004,62,7898
196044,203937,204004,67,7893
196044,203939,204005,66,7895
196044,203943,204006,63,7899
196044,203938,204006,68,7894
196044,203941,204008,67,7897
196044,203939,204010,71,7895
196044,203934,204012,78,7890
196044,203954,204012,58,7910
196044,203947,204014,67,7903
196044,203948,204014,66,7904
196044,203942,204018,76,7898
196044,203952,204019,67,7908
196276,203967,204022,55,7691
196044,203952,204022,70,7908
196276,203965,204022,57,7689
196044,203962,204023,61,7918
196044,203950,204024,74,7906
196044,203954,204024,70,7910
196276,203969,204024,55,7693
196044,203960,204024,64,7916
196276,203975,204024,49,7699
196044,203949,204024,75,7905
196044,203949,204025,76,7905
196276,203964,204025,61,7688
196044,203960,204024,64,7916
196044,203953,204025,72,7909
196276,203976,204026,50,7700
196276,203973,204027,54,7697
196276,203972,204027,55,7696
196044,203953,204028,75,7909
196276,203966,204028,62,7690
196276,203977,204029,52,7701
196044,203959,204030,71,7915
196044,203956,204031,75,7912
196044,203959,204031,72,7915
196276,203976,204031,55,7700
196044,203953,204032,79,7909
196044,203963,204032,69,7919
196044,203963,204033,70,7919
196276,203969,204033,64,7693
196276,203981,204033,52,7705
196276,203978,204035,57,7702
196276,203974,204036,62,7698
196044,203963,204037,74,7919
196276,203978,204037,59,7702
196044,203946,204008,62,7902
196044,203954,204025,71,7910
196044,203959,204026,67,7915
196044,203961,204036,75,7917
196044,203959,204038,79,7915
196276,203982,204040,58,7706
196276,203990,204041,51,7714
196276,203986,204044,58,7710
196276,203993,204044,51,7717
196276,203994,204045,51,7718
196276,203992,204046,54,7716
196276,203990,204048,58,7714
196276,203990,204047,57,7714
196276,203983,204047,64,7707
196276,203989,204047,58,7713
196276,203986,204048,62,7710
196276,203989,204049,60,7713
196276,203994,204050,56,7718
196276,203984,204050,66,7708
196276,203986,204054,68,7710
196276,203999,204055,56,7723
196276,203998,204054,56,7722
196276,203999,204054,55,7723
196276,203996,204056,60,7720
196276,203999,204061,62,7723
196276,203989,204066,77,7713
196276,204003,204067,64,7727
196276,204004,204068,64,7728
196276,204003,204069,66,7727
196276,204006,204071,65,7730
196276,204004,204072,68,7728
196276,204006,204073,67,7730
196276,204012,204079,67,7736
196276,204012,204080,68,7736
196276,204015,204082,67,7739
196276,204009,204082,73,7733
196276,204011,204085,74,7735
196276,204015,204085,70,7739
196276,204023,204087,64,7747
196276,204019,204086,67,7743
196276,204019,204089,70,7743
196276,204024,204090,66,7748
196276,204023,204090,67,7747
196276,204025,204091,66,7749
196276,204024,204091,67,7748
196276,204025,204092,67,7749
196276,204023,204094,71,7747
196276,204025,204093,68,7749
196276,204029,204094,65,7753
196276,204025,204095,70,7749
196276,204025,204095,70,7749
196276,204032,204096,64,7756
196276,204029,204097,68,7753
196276,204032,204097,65,7756
196276,204024,204097,73,7748
196276,204025,204097,72,7749
196276,204027,204097,70,7751
196276,204033,204098,65,7757
196276,204027,204098,71,7751
196276,204034,204099,65,7758
196276,204031,204099,68,7755
196276,204025,204100,75,7749
196276,204026,204100,74,7750
196276,204032,204100,68,7756
196276,204030,204101,71,7754
196276,204033,204102,69,7757
196276,204034,204102,68,7758
196276,204036,204102,66,7760
196276,204035,204102,67,7759
196276,204032,204103,71,7756
196276,204038,204103,65,7762
196276,204028,204103,75,7752
196276,204039,204105,66,7763
196276,204038,204107,69,7762
196276,204039,204107,68,7763
196276,204039,204107,68,7763
196276,204039,204109,70,7763
196276,204041,204109,68,7765
196276,204044,204111,67,7768
196276,204048,204111,63,7772
196276,204039,204111,72,7763
196276,204042,204112,70,7766
196276,204049,204115,66,7773
196276,204039,204115,76,7763
196276,204048,204115,67,7772
196276,204047,204116,69,7771
196276,204045,204118,73,7769
196276,204048,204118,70,7772
196276,204051,204119,68,7775
196276,204045,204120,75,7769
196276,204051,204121,70,7775
196276,204048,204122,74,7772
196276,204055,204123,68,7779
196276,204055,204124,69,7779
196276,204049,204125,76,7773
196276,204054,204125,71,7778
196276,204055,204126,71,7779
196276,204057,204129,72,7781
196276,204062,204130,68,7786
196276,204066,204134,68,7790
196276,204095,204140,45,7819
196276,204067,204140,73,7791
196276,204073,204145,72,7797
196276,204091,204145,54,7815
196276,204091,204146,55,7815
196276,204072,204146,74,7796
196276,204091,204146,55,7815
196276,204070,204146,76,7794
196276,204069,204148,79,7793
196276,204072,204149,77,7796
196276,204094,204149,55,7818
196276,204094,204149,55,7818
196276,204080,204151,71,7804
196276,204085,204151,66,7809
196276,204092,204151,59,7816
196276,204081,204154,73,7805
196276,204082,204154,72,7806
196276,204095,204156,61,7819
196276,204085,204157,72,7809
196276,204093,204157,64,7817
196276,204098,204157,59,7822
196276,204087,204158,71,7811
196276,204083,204160,77,7807
196276,204089,204162,73,7813
196276,204087,204163,76,7811
196276,204096,204163,67,7820
196276,204096,204163,67,7820
196276,204101,204164,63,7825
196276,204097,204164,67,7821
196276,204097,204164,67,7821
196276,204103,204167,64,7827
196276,204099,204168,69,7823
196276,204100,204168,68,7824
196276,204098,204169,71,7822
196276,204098,204170,72,7822
196276,204099,204172,73,7823
196276,204102,204173,71,7826
196276,204098,204174,76,7822
196276,204112,204177,65,7836
196276,204107,204178,71,7831
196276,204102,204177,75,7826
196276,204102,204178,76,7826
196276,204098,204180,82,7822
196276,204103,204180,77,7827
196276,204108,204181,73,7832
196276,204102,204182,80,7826
196276,204119,204183,64,7843
196276,204104,204183,79,7828
196276,204108,204184,76,7832
196276,204101,204184,83,7825
196276,204103,204185,82,7827
196276,204111,204186,75,7835
196276,204109,204186,77,7833
196276,204113,204186,73,7837
196276,204106,204187,81,7830
196276,204120,204190,70,7844
196276,204116,204192,76,7840
196276,204111,204192,81,7835
196276,204109,204194,85,7833
196276,204116,204195,79,7840
196276,204116,204195,79,7840
196276,204120,204195,75,7844
196276,204122,204196,74,7846
196276,204118,204197,79,7842
196276,204141,204200,59,7865
196276,204122,204201,79,7846
196276,204131,204201,70,7855
196276,204126,204201,75,7850
196276,204126,204202,76,7850
196276,204130,204202,72,7854
196276,204126,204202,76,7850
196276,204124,204203,79,7848
196276,204125,204204,79,7849
196276,204116,204204,88,7840
196276,204146,204206,60,7870
196276,204146,204208,62,7870
196276,204149,204208,59,7873
196276,204135,204210,75,7859
196276,204154,204210,56,7878
196276,204150,204211,61,7874
196276,204141,204213,72,7865
196276,204147,204212,65,7871
196276,204151,204213,62,7875
196276,204146,204215,69,7870
196276,204150,204215,65,7874
196276,204161,204218,57,7885
196276,204150,204218,68,7874
196276,204147,204219,72,7871
196276,204147,204220,73,7871
196276,204151,204221,70,7875
196276,204152,204222,70,7876
196276,204156,204223,67,7880
196276,204157,204223,66,7881
196276,204158,204223,65,7882
196276,204155,204225,70,7879
196276,204159,204227,68,7883
196276,204158,204227,69,7882
196276,204163,204227,64,7887
196276,204165,204229,64,7889
196276,204165,204230,65,7889
196276,204164,204233,69,7888
196276,204169,204233,64,7893
196276,204168,204234,66,7892
196276,204175,204235,60,7899
196276,204164,204235,71,7888
196276,204167,204236,69,7891
196276,204174,204237,63,7898
196276,204171,204238,67,7895
196276,204162,204238,76,7886
196276,204164,204239,75,7888
196276,204178,204241,63,7902
196276,204184,204242,58,7908
196276,204168,204242,74,7892
196276,204173,204244,71,7897
196276,204178,204244,66,7902
196276,204179,204246,67,7903
196276,204193,204247,54,7917
196276,204181,204248,67,7905
196276,204177,204250,73,7901
196276,204186,204250,64,7910
196276,204185,204250,65,7909
196276,204183,204252,69,7907
196276,204180,204252,72,7904
196526,204201,204253,52,7675
196526,204201,204254,53,7675
196276,204197,204255,58,7921
196276,204194,204255,61,7918
196276,204182,204256,74,7906
196276,204185,204256,71,7909
196276,204186,204255,69,7910
196276,204193,204256,63,7917
196276,204187,204257,70,7911
196276,204187,204259,72,7911
196276,204197,204260,63,7921
196276,204188,204260,72,7912
196276,204195,204260,65,7919
196526,204203,204260,57,7677
196526,204203,204263,60,7677
196526,204207,204263,56,7681
196526,204211,204264,53,7685
196526,204205,204265,60,7679
196526,204208,204266,58,7682
196526,204212,204267,55,7686
196526,204209,204267,58,7683
196276,204196,204267,71,7920
196526,204214,204268,54,7688
196276,204191,204268,77,7915
196276,204195,204269,74,7919
196276,204200,204270,70,7924
196526,204213,204270,57,7687
196526,204213,204270,57,7687
196526,204210,204272,62,7684
196526,204215,204274,59,7689
196526,204219,204274,55,7693
196276,204182,204247,65,7906
196526,204202,204250,48,7676
196526,204202,204263,61,7676
196526,204204,204259,55,7678
196526,204215,204275,60,7689
196526,204223,204277,54,7697
196526,204228,204277,49,7702
196526,204218,204277,59,7692
196526,204224,204277,53,7698
196526,204223,204278,55,7697
196526,204223,204279,56,7697
196526,204226,204279,53,7700
196526,204218,204279,61,7692
196526,204228,204280,52,7702
196526,204221,204280,59,7695
194919,202800,204281,1481,7881
196526,204228,204282,54,7702
196526,204220,204282,62,7694
196526,204229,204283,54,7703
196526,204231,204285,54,7705
196526,204233,204287,54,7707
196526,204234,204288,54,7708
196526,204235,204291,56,7709
196526,204235,204294,59,7709
196526,204234,204295,61,7708
196526,204237,204297,60,7711
196526,204237,204298,61,7711
196526,204239,204302,63,7713
196526,204239,204304,65,7713
196526,204239,204305,66,7713
196526,204242,204305,63,7716
196526,204245,204309,64,7719
196526,204242,204310,68,7716
196526,204243,204311,68,7717
196526,204248,204311,63,7722
196526,204245,204316,71,7719
196526,204248,204316,68,7722
196526,204253,204318,65,7727
196526,204251,204321,70,7725
196526,204256,204321,65,7730
196526,204251,204322,71,7725
196526,204256,204322,66,7730
196526,204255,204322,67,7729
196526,204251,204323,72,7725
196526,204253,204323,70,7727
196526,204254,204324,70,7728
196526,204257,204324,67,7731
196526,204257,204325,68,7731
196526,204267,204327,60,7741
196526,204259,204328,69,7733
196526,204260,204329,69,7734
196526,204265,204328,63,7739
196526,204256,204328,72,7730
196526,204261,204329,68,7735
196526,204255,204330,75,7729
196526,204268,204330,62,7742
196526,204256,204330,74,7730
196526,204260,204330,70,7734
196526,204265,204331,66,7739
196526,204261,204331,70,7735
196526,204267,204332,65,7741
196526,204264,204333,69,7738
196526,204269,204333,64,7743
196526,204268,204334,66,7742
196526,204264,204335,71,7738
196526,204274,204336,62,7748
196526,204270,204340,70,7744
196526,204276,204341,65,7750
196526,204271,204341,70,7745
196526,204268,204342,74,7742
196526,204272,204343,71,7746
196526,204271,204343,72,7745
196526,204277,204344,67,7751
196526,204269,204345,76,7743
196526,204279,204347,68,7753
196526,204276,204348,72,7750
196526,204277,204348,71,7751
196526,204275,204347,72,7749
196526,204280,204348,68,7754
196526,204281,204349,68,7755
196526,204276,204350,74,7750
196526,204276,204350,74,7750
196526,204278,204351,73,7752
196526,204280,204351,71,7754
196526,204278,204350,72,7752
196526,204280,204352,72,7754
196526,204276,204352,76,7750
196526,204279,204353,74,7753
196526,204276,204353,77,7750
196526,204283,204353,70,7757
196526,204283,204352,69,7757
196526,204281,204357,76,7755
196526,204288,204357,69,7762
196526,204283,204358,75,7757
196526,204286,204360,74,7760
196526,204289,204361,72,7763
196526,204298,204364,66,7772
196526,204299,204367,68,7773
196526,204296,204368,72,7770
196526,204294,204369,75,7768
196526,204292,204369,77,7766
196526,204303,204372,69,7777
196526,204323,204373,50,7797
196526,204305,204373,68,7779
196526,204323,204375,52,7797
196526,204318,204376,58,7792
196526,204322,204377,55,7796
196526,204324,204378,54,7798
196526,204311,204378,67,7785
196526,204322,204379,57,7796
196526,204309,204380,71,7783
196526,204305,204380,75,7779
196526,204316,204384,68,7790
196526,204324,204385,61,7798
196526,204323,204386,63,7797
196526,204312,204386,74,7786
196526,204306,204387,81,7780
196526,204324,204388,64,7798
196526,204313,204389,76,7787
196526,204325,204389,64,7799
196526,204325,204390,65,7799
196526,204329,204391,62,7803
196526,204329,204395,66,7803
196526,204316,204396,80,7790
196526,204331,204397,66,7805
196526,204330,204398,68,7804
196526,204328,204399,71,7802
196526,204332,204401,69,7806
196526,204331,204401,70,7805
196526,204329,204406,77,7803
196526,204330,204408,78,7804
196526,204345,204407,62,7819
196526,204327,204407,80,7801
196526,204333,204408,75,7807
196526,204333,204408,75,7807
196526,204335,204409,74,7809
196526,204332,204409,77,7806
196526,204344,204410,66,7818
196526,204337,204410,73,7811
196526,204330,204410,80,7804
196526,204352,204410,58,7826
196526,204340,204412,72,7814
196526,204344,204412,68,7818
196526,204358,204413,55,7832
196526,204332,204413,81,7806
196526,204335,204413,78,7809
196526,204360,204416,56,7834
196526,204341,204417,76,7815
196526,204357,204419,62,7831
196526,204351,204420,69,7825
196526,204342,204421,79,7816
196526,204353,204422,69,7827
196526,204348,204422,74,7822
196526,204354,204422,68,7828
196526,204343,204423,80,7817
196526,204345,204423,78,7819
196526,204349,204424,75,7823
196526,204351,204425,74,7825
196526,204352,204425,73,7826
196526,204361,204425,64,7835
196526,204359,204426,67,7833
196526,204365,204425,60,7839
195143,203035,204426,1391,7892
196526,204350,204427,77,7824
196526,204349,204426,77,7823
196526,204369,204427,58,7843
196526,204370,204427,57,7844
196526,204369,204428,59,7843
196526,204352,204429,77,7826
196526,204348,204429,81,7822
196526,204354,204430,76,7828
196526,204347,204429,82,7821
196526,204348,204431,83,7822
196526,204368,204432,64,7842
196526,204354,204432,78,7828
196526,204351,204433,82,7825
196526,204373,204434,61,7847
196526,204377,204434,57,7851
196526,204378,204434,56,7852
196526,204374,204437,63,7848
196526,204376,204437,61,7850
196526,204374,204439,65,7848
196526,204381,204442,61,7855
196526,204381,204445,64,7855
196526,204388,204446,58,7862
196526,204385,204446,61,7859
196526,204377,204447,70,7851
196526,204380,204449,69,7854
196526,204385,204452,67,7859
196526,204386,204453,67,7860
196526,204379,204454,75,7853
196526,204401,204455,54,7875
196526,204387,204456,69,7861
196526,204388,204455,67,7862
196526,204396,204456,60,7870
196526,204389,204456,67,7863
196526,204397,204456,59,7871
196526,204395,204459,64,7869
196526,204390,204459,69,7864
196526,204390,204459,69,7864
196526,204392,204459,67,7866
196526,204400,204467,67,7874
196526,204401,204468,67,7875
196526,204410,204468,58,7884
196526,204409,204471,62,7883
196526,204409,204473,64,7883
196526,204411,204473,62,7885
196526,204409,204473,64,7883
196526,204408,204473,65,7882
196526,204410,204473,63,7884
196526,204413,204473,60,7887
196526,204412,204475,63,7886
196526,204408,204475,67,7882
196526,204408,204475,67,7882
196526,204414,204477,63,7888
196526,204410,204478,68,7884
196723,204427,204478,51,7704
196526,204410,204479,69,7884
196526,204423,204480,57,7897
196526,204418,204481,63,7892
196723,204427,204481,54,7704
196723,204430,204482,52,7707
196526,204425,204482,57,7899
196723,204430,204483,53,7707
196526,204412,204485,73,7886
196526,204416,204486,70,7890
196723,204434,204486,52,7711
196723,204429,204486,57,7706
196723,204429,204487,58,7706
196526,204422,204488,66,7896
196526,204421,204489,68,7895
196723,204437,204490,53,7714
196723,204432,204490,58,7709
196723,204427,204490,63,7704
196723,204433,204490,57,7710
196526,204421,204491,70,7895
196723,204430,204491,61,7707
196526,204423,204492,69,7897
196723,204427,204492,65,7704
196723,204434,204493,59,7711
196723,204435,204493,58,7712
196526,204425,204494,69,7899
196723,204433,204494,61,7710
196526,204424,204494,70,7898
196723,204433,204495,62,7710
196526,204419,204496,77,7893
196723,204446,204496,50,7723
196723,204442,204496,54,7719
196723,204438,204497,59,7715
196526,204426,204497,71,7900
196526,204426,204497,71,7900
196526,204423,204498,75,7897
196723,204439,204497,58,7716
196526,204399,204472,73,7873
196526,204407,204473,66,7881
196526,204414,204492,78,7888
196723,204457,204502,45,7734
196723,204456,204503,47,7733
196723,204447,204502,55,7724
196526,204424,204503,79,7898
196723,204454,204503,49,7731
196723,204456,204503,47,7733
196526,204426,204504,78,7900
196723,204450,204506,56,7727
196723,204452,204506,54,7729
196723,204456,204507,51,7733
196723,204457,204507,50,7734
196723,204454,204507,53,7731
196723,204448,204508,60,7725
196723,204446,204509,63,7723
196723,204457,204510,53,7734
196723,204459,204518,59,7736
196723,204459,204519,60,7736
196723,204460,204520,60,7737
196723,204460,204521,61,7737
196723,204471,204532,61,7748
196723,204473,204532,59,7750
196723,204476,204532,56,7753
196723,204474,204533,59,7751
196723,204468,204533,65,7745
196723,204468,204535,67,7745
196723,204473,204539,66,7750
196723,204475,204539,64,7752
196723,204473,204540,67,7750
196723,204474,204542,68,7751
196723,204479,204544,65,7756
196723,204474,204545,71,7751
196723,204479,204546,67,7756
196723,204476,204545,69,7753
196723,204477,204546,69,7754
196723,204481,204548,67,7758
196723,204480,204550,70,7757
196723,204483,204551,68,7760
196723,204493,204553,60,7770
196723,204481,204553,72,7758
196723,204482,204553,71,7759
196723,204488,204554,66,7765
196723,204489,204554,65,7766
196723,204487,204554,67,7764
196723,204491,204555,64,7768
196723,204485,204555,70,7762
196723,204481,204555,74,7758
196723,204491,204556,65,7768
196723,204484,204557,73,7761
196723,204495,204556,61,7772
196723,204493,204556,63,7770
196723,204486,204557,71,7763
196723,204494,204557,63,7771
196723,204491,204558,67,7768
196723,204490,204558,68,7767
196723,204491,204560,69,7768
196723,204497,204560,63,7774
196723,204495,204560,65,7772
196723,204498,204560,62,7775
196723,204492,204562,70,7769
196723,204494,204561,67,7771
196723,204495,204562,67,7772
196723,204498,204563,65,7775
196723,204492,204562,70,7769
196723,204497,204562,65,7774
196723,204503,204566,63,7780
196723,204487,204566,79,7764
196723,204497,204566,69,7774
196723,204498,204567,69,7775
196723,204498,204567,69,7775
196723,204503,204568,65,7780
196723,204498,204568,70,7775
196723,204498,204569,71,7775
196723,204498,204568,70,7775
196723,204497,204570,73,7774
196723,204509,204572,63,7786
196723,204508,204572,64,7785
196723,204498,204573,75,7775
196723,204504,204573,69,7781
196723,204495,204573,78,7772
196723,204502,204573,71,7779
196723,204505,204574,69,7782
196723,204504,204575,71,7781
196723,204504,204576,72,7781
196723,204509,204579,70,7786
196723,204507,204580,73,7784
196723,204507,204581,74,7784
196723,204507,204582,75,7784
196723,204506,204582,76,7783
196723,204511,204584,73,7788
196723,204520,204587,67,7797
196723,204519,204590,71,7796
196723,204518,204592,74,7795
196723,204521,204593,72,7798
196723,204549,204599,50,7826
196723,204534,204599,65,7811
196723,204532,204602,70,7809
196723,204532,204603,71,7809
196723,204534,204605,71,7811
196723,204547,204605,58,7824
196723,204535,204605,70,7812
196723,204541,204606,65,7818
196723,204532,204607,75,7809
196723,204553,204607,54,7830
196723,204542,204609,67,7819
196723,204546,204609,63,7823
196723,204554,204612,58,7831
196723,204540,204612,72,7817
196723,204555,204613,58,7832
196723,204552,204614,62,7829
196723,204550,204615,65,7827
196723,204554,204616,62,7831
196723,204554,204616,62,7831
196723,204540,204617,77,7817
196723,204555,204616,61,7832
196723,204556,204617,61,7833
196723,204544,204617,73,7821
196723,204546,204619,73,7823
196723,204557,204620,63,7834
196723,204554,204620,66,7831
196723,204545,204625,80,7822
196723,204557,204624,67,7834
196723,204557,204627,70,7834
196723,204558,204630,72,7835
196723,204561,204631,70,7838
196723,204558,204633,75,7835
196723,204563,204633,70,7840
196723,204562,204632,70,7839
196723,204563,204632,69,7840
196723,204558,204632,74,7835
196723,204568,204635,67,7845
196723,204558,204635,77,7835
196723,204560,204636,76,7837
196723,204560,204638,78,7837
196723,204567,204638,71,7844
196723,204556,204638,82,7833
196723,204563,204637,74,7840
196723,204562,204639,77,7839
196723,204561,204639,78,7838
196723,204566,204639,73,7843
196723,204557,204640,83,7834
196723,204580,204640,60,7857
196723,204569,204641,72,7846
196723,204566,204642,76,7843
196723,204569,204642,73,7846
196723,204568,204644,76,7845
196723,204569,204645,76,7846
196723,204563,204646,83,7840
196723,204573,204646,73,7850
196723,204583,204646,63,7860
196723,204573,204647,74,7850
196723,204582,204650,68,7859
196723,204573,204649,76,7850
196723,204567,204649,82,7844
196723,204571,204650,79,7848
196723,204581,204651,70,7858
196723,204573,204651,78,7850
196723,204585,204651,66,7862
196723,204573,204651,78,7850
196723,204573,204651,78,7850
196723,204575,204651,76,7852
196723,204593,204651,58,7870
196723,204590,204652,62,7867
196723,204576,204653,77,7853
196723,204577,204657,80,7854
196723,204582,204659,77,7859
196723,204594,204660,66,7871
196723,204600,204661,61,7877
196723,204588,204661,73,7865
196723,204603,204660,57,7880
196723,204605,204664,59,7882
195357,203266,204666,1400,7909
196723,204600,204666,66,7877
196723,204621,204668,47,7898
196723,204603,204668,65,7880
196723,204606,204669,63,7883
196723,204606,204669,63,7883
196723,204608,204668,60,7885
196723,204610,204670,60,7887
196723,204615,204671,56,7892
196723,204613,204672,59,7890
196723,204610,204674,64,7887
196723,204608,204674,66,7885
196723,204617,204676,59,7894
196723,204613,204678,65,7890
196723,204618,204679,61,7895
196723,204606,204680,74,7883
196723,204621,204680,59,7898
196723,204617,204681,64,7894
196723,204620,204682,62,7897
196723,204616,204682,66,7893
196723,204612,204682,70,7889
196723,204616,204684,68,7893
196723,204617,204684,67,7894
196723,204618,204683,65,7895
196723,204625,204686,61,7902
196723,204628,204689,61,7905
196723,204633,204691,58,7910
196723,204638,204692,54,7915
196723,204625,204697,72,7902
196723,204631,204698,67,7908
196723,204633,204699,66,7910
196723,204636,204699,63,7913
196723,204637,204701,64,7914
196723,204638,204702,64,7915
196723,204639,204703,64,7916
196723,204632,204704,72,7909
196723,204633,204703,70,7910
196723,204638,204704,66,7915
196987,204652,204704,52,7665
196723,204639,204705,66,7916
196723,204633,204705,72,7910
196723,204636,204707,71,7913
196723,204646,204707,61,7923
196723,204638,204709,71,7915
196723,204633,204709,76,7910
196723,204640,204710,70,7917
196987,204652,204711,59,7665
196723,204648,204712,64,7925
196723,204641,204712,71,7918
196723,204650,204712,62,7927
196723,204642,204713,71,7919
196987,204653,204712,59,7666
196723,204641,204713,72,7918
196987,204658,204713,55,7671
196723,204645,204715,70,7922
196987,204669,204716,47,7682
196723,204647,204716,69,7924
196987,204661,204717,56,7674
196723,204652,204717,65,7929
196723,204650,204718,68,7927
196723,204650,204719,69,7927
196723,204642,204718,76,7919
196987,204659,204718,59,7672
196987,204666,204718,52,7679
196987,204661,204719,58,7674
196723,204651,204720,69,7928
196987,204671,204720,49,7684
196723,204644,204720,76,7921
196723,204646,204721,75,7923
196987,204669,204721,52,7682
196987,204661,204721,60,7674
196987,204669,204721,52,7682
196987,204652,204722,70,7665
196723,204652,204722,70,7929
196987,204667,204722,55,7680
196723,204650,204723,73,7927
196987,204668,204724,56,7681
196987,204669,204724,55,7682
196987,204664,204726,62,7677
196987,204674,204726,52,7687
196987,204672,204727,55,7685
196987,204679,204728,49,7692
196987,204682,204728,46,7695
196987,204680,204729,49,7693
196987,204681,204729,48,7694
196987,204682,204731,49,7695
196723,204643,204709,66,7920
196987,204654,204705,51,7667
196987,204661,204707,46,7674
196987,204683,204732,49,7696
196987,204675,204732,57,7688
196987,204683,204734,51,7696
196987,204673,204734,61,7686
196987,204684,204736,52,7697
196987,204676,204736,60,7689
196987,204681,204741,60,7694
196987,204684,204742,58,7697
196987,204684,204744,60,7697
196987,204687,204745,58,7700
196987,204690,204748,58,7703
196987,204691,204749,58,7704
196987,204699,204757,58,7712
196987,204693,204757,64,7706
196987,204699,204759,60,7712
196987,204698,204765,67,7711
196987,204699,204765,66,7712
196987,204702,204766,64,7715
196987,204703,204767,64,7716
196987,204704,204769,65,7717
196987,204705,204771,66,7718
196987,204705,204771,66,7718
196987,204704,204772,68,7717
196987,204707,204774,67,7720
196987,204705,204774,69,7718
196987,204713,204776,63,7726
196987,204719,204778,59,7732
196987,204708,204777,69,7721
196987,204713,204778,65,7726
196987,204710,204778,68,7723
196987,204710,204780,70,7723
196987,204713,204780,67,7726
196987,204704,204780,76,7717
196987,204719,204781,62,7732
196987,204713,204780,67,7726
196987,204712,204781,69,7725
196987,204710,204780,70,7723
196987,204718,204781,63,7731
196987,204719,204781,62,7732
196987,204717,204783,66,7730
196987,204714,204783,69,7727
196987,204718,204783,65,7731
196987,204714,204785,71,7727
196987,204713,204786,73,7726
196987,204723,204786,63,7736
196987,204722,204786,64,7735
196987,204715,204787,72,7728
196987,204721,204787,66,7734
196987,204717,204788,71,7730
196987,204719,204787,68,7732
196987,204723,204788,65,7736
196987,204721,204789,68,7734
196987,204720,204790,70,7733
196987,204718,204790,72,7731
196987,204722,204791,69,7735
196987,204728,204791,63,7741
196987,204722,204792,70,7735
196987,204727,204793,66,7740
196987,204729,204794,65,7742
196987,204721,204796,75,7734
196987,204727,204796,69,7740
196987,204723,204796,73,7736
196987,204724,204797,73,7737
196987,204724,204797,73,7737
196987,204728,204799,71,7741
196987,204729,204799,70,7742
196987,204733,204800,67,7746
196987,204732,204800,68,7745
196987,204734,204801,67,7747
196987,204732,204802,70,7745
196987,204729,204803,74,7742
196987,204725,204803,78,7738
196987,204722,204804,82,7735
196987,204732,204805,73,7745
196987,204733,204806,73,7746
196987,204737,204806,69,7750
196987,204732,204807,75,7745
196987,204732,204807,75,7745
196987,204735,204808,73,7748
196987,204743,204809,66,7756
196987,204736,204810,74,7749
196987,204742,204816,74,7755
196987,204745,204817,72,7758
196987,204749,204822,73,7762
196987,204746,204823,77,7759
196987,204758,204823,65,7771
196987,204750,204823,73,7763
196987,204779,204825,46,7792
196987,204758,204826,68,7771
196987,204779,204829,50,7792
196987,204778,204830,52,7791
196987,204759,204831,72,7772
196987,204778,204831,53,7791
196987,204780,204832,52,7793
196987,204766,204832,66,7779
196987,204780,204832,52,7793
196987,204765,204833,68,7778
196987,204777,204836,59,7790
196987,204781,204836,55,7794
196987,204768,204837,69,7781
196987,204770,204843,73,7783
196987,204771,204843,72,7784
196987,204775,204844,69,7788
196987,204781,204844,63,7794
196987,204767,204844,77,7780
196987,204774,204845,71,7787
196987,204781,204846,65,7794
196987,204781,204846,65,7794
196987,204781,204847,66,7794
196987,204772,204849,77,7785
196987,204772,204849,77,7785
196987,204781,204850,69,7794
196987,204784,204853,69,7797
196987,204783,204854,71,7796
196987,204790,204855,65,7803
196987,204782,204857,75,7795
196987,204792,204857,65,7805
196987,204786,204857,71,7799
196987,204783,204858,75,7796
196987,204788,204860,72,7801
196987,204791,204863,72,7804
196987,204786,204864,78,7799
196987,204789,204866,77,7802
196987,204788,204866,78,7801
196987,204789,204865,76,7802
196987,204787,204867,80,7800
196987,204788,204867,79,7801
196987,204785,204867,82,7798
196987,204791,204868,77,7804
196987,204807,204868,61,7820
196987,204803,204868,65,7816
196987,204795,204869,74,7808
196987,204794,204869,75,7807
196987,204797,204869,72,7810
196987,204787,204871,84,7800
196987,204797,204871,74,7810
196987,204800,204872,72,7813
196987,204809,204872,63,7822
196987,204797,204873,76,7810
196987,204816,204875,59,7829
196987,204792,204876,84,7805
196987,204801,204876,75,7814
196987,204803,204876,73,7816
196987,204807,204877,70,7820
196987,204807,204877,70,7820
196987,204798,204877,79,7811
196987,204807,204877,70,7820
196987,204808,204877,69,7821
196987,204799,204878,79,7812
196987,204805,204878,73,7818
196987,204802,204878,76,7815
196987,204797,204879,82,7810
196987,204811,204882,71,7824
196987,204801,204882,81,7814
196987,204823,204882,59,7836
196987,204802,204882,80,7815
196987,204817,204883,66,7830
196987,204824,204886,62,7837
196987,204823,204888,65,7836
196987,204827,204889,62,7840
196987,204805,204890,85,7818
196987,204829,204893,64,7842
196987,204832,204893,61,7845
195591,203500,204894,1394,7909
196987,204823,204894,71,7836
196987,204831,204895,64,7844
196987,204832,204895,63,7845
196987,204832,204895,63,7845
196987,204836,204895,59,7849
196987,204837,204896,59,7850
196987,204833,204897,64,7846
196987,204833,204899,66,7846
196987,204826,204901,75,7839
196987,204844,204902,58,7857
196987,204832,204902,70,7845
196987,204850,204905,55,7863
196987,204845,204906,61,7858
196987,204854,204908,54,7867
196987,204845,204910,65,7858
196987,204843,204911,68,7856
196987,204838,204911,73,7851
196987,204850,204912,62,7863
196987,204855,204912,57,7868
196987,204848,204915,67,7861
196987,204844,204916,72,7857
196987,204847,204917,70,7860
196987,204854,204919,65,7867
196987,204847,204920,73,7860
196987,204859,204922,63,7872
196987,204866,204924,58,7879
196987,204846,204924,78,7859
196987,204857,204925,68,7870
197232,204880,204926,46,7648
196987,204861,204926,65,7874
196987,204858,204928,70,7871
196987,204858,204928,70,7871
196987,204868,204928,60,7881
196987,204878,204930,52,7891
196987,204867,204931,64,7880
196987,204866,204933,67,7879
196987,204863,204933,70,7876
196987,204869,204934,65,7882
196987,204876,204935,59,7889
196987,204851,204935,84,7864
197232,204879,204935,56,7647
196987,204866,204936,70,7879
196987,204865,204936,71,7878
196987,204872,204936,64,7885
196987,204869,204937,68,7882
196987,204873,204937,64,7886
196987,204878,204939,61,7891
197232,204882,204939,57,7650
196987,204872,204939,67,7885
196987,204871,204940,69,7884
197232,204889,204941,52,7657
196987,204870,204942,72,7883
197232,204884,204941,57,7652
196987,204868,204942,74,7881
196987,204868,204942,74,7881
197232,204894,204942,48,7662
196987,204873,204943,70,7886
197232,204883,204943,60,7651
196987,204870,204944,74,7883
196987,204868,204944,76,7881
197232,204889,204944,55,7657
197232,204895,204945,50,7663
197232,204891,204946,55,7659
197232,204894,204947,53,7662
196987,204877,204947,70,7890
197232,204894,204948,54,7662
196987,204878,204950,72,7891
196987,204876,204950,74,7889
197232,204895,204951,56,7663
196987,204876,204951,75,7889
196987,204877,204950,73,7890
197232,204896,204952,56,7664
197232,204900,204953,53,7668
197232,204909,204955,46,7677
197232,204902,204955,53,7670
196987,204877,204949,72,7890
196987,204878,204947,69,7891
197232,204883,204941,58,7651
197232,204883,204937,54,7651
197232,204887,204939,52,7655
197232,204894,204955,61,7662
197232,204896,204956,60,7664
197232,204895,204957,62,7663
197232,204897,204957,60,7665
197232,204905,204958,53,7673
197232,204912,204960,48,7680
197232,204902,204961,59,7670
197232,204913,204962,49,7681
197232,204907,204962,55,7675
197232,204912,204964,52,7680
197232,204903,204966,63,7671
197232,204913,204966,53,7681
197232,204911,204968,57,7679
197232,204915,204970,55,7683
197232,204916,204971,55,7684
197232,204917,204972,55,7685
197232,204922,204976,54,7690
197232,204920,204977,57,7688
197232,204921,204980,59,7689
197232,204924,204985,61,7692
197232,204929,204987,58,7697
197232,204926,204987,61,7694
197232,204926,204988,62,7694
197232,204925,204988,63,7693
197232,204926,204988,62,7694
197232,204929,204993,64,7697
197232,204934,204996,62,7702
197232,204929,204998,69,7697
197232,204934,205000,66,7702
197232,204932,205002,70,7700
197232,204937,205003,66,7705
197232,204937,205004,67,7705
197232,204935,205004,69,7703
197232,204938,205005,67,7706
197232,204936,205007,71,7704
197232,204935,205006,71,7703
197232,204948,205008,60,7716
197232,204945,205008,63,7713
197232,204941,205008,67,7709
197232,204942,205009,67,7710
197232,204940,205009,69,7708
197232,204942,205009,67,7710
197232,204945,205009,64,7713
197232,204935,205009,74,7703
197232,204944,205010,66,7712
197232,204938,205010,72,7706
197232,204947,205010,63,7715
197232,204943,205010,67,7711
197232,204940,205011,71,7708
197232,204946,205011,65,7714
197232,204950,205011,61,7718
197232,204934,205011,77,7702
197232,204941,205012,71,7709
197232,204944,205011,67,7712
197232,204943,205013,70,7711
197232,204948,205015,67,7716
197232,204948,205015,67,7716
197232,204943,205016,73,7711
197232,204940,205017,77,7708
197232,204951,205018,67,7719
197232,204953,205020,67,7721
197232,204956,205021,65,7724
197232,204944,205021,77,7712
197232,204951,205021,70,7719
197232,204955,205022,67,7723
197232,204957,205023,66,7725
197232,204955,205024,69,7723
197232,204956,205025,69,7724
197232,204955,205025,70,7723
197232,204955,205025,70,7723
197232,204951,205026,75,7719
197232,204954,205026,72,7722
197232,204955,205026,71,7723
197232,204951,205027,76,7719
197232,204955,205028,73,7723
197232,204958,205028,70,7726
197232,204955,205028,73,7723
197232,204955,205028,73,7723
197232,204961,205029,68,7729
197232,204963,205030,67,7731
197232,204958,205033,75,7726
197232,204962,205033,71,7730
197232,204960,205034,74,7728
197232,204968,205035,67,7736
197232,204971,205036,65,7739
197232,204966,205037,71,7734
197232,204966,205037,71,7734
197232,204964,205040,76,7732
197232,204972,205046,74,7740
197232,204973,205046,73,7741
197232,204977,205047,70,7745
197232,204978,205050,72,7746
197232,204981,205055,74,7749
197232,205007,205057,50,7775
197232,205007,205059,52,7775
197232,204989,205060,71,7757
197232,204987,205060,73,7755
197232,204989,205061,72,7757
197232,204993,205061,68,7761
197232,204989,205061,72,7757
197232,204988,205062,74,7756
197232,205009,205063,54,7777
197232,205008,205065,57,7776
197232,205009,205065,56,7777
197232,205006,205065,59,7774
197232,204986,205067,81,7754
197232,205008,205066,58,7776
197232,205005,205067,62,7773
197232,205010,205069,59,7778
197232,204997,205070,73,7765
197232,205000,205069,69,7768
197232,205002,205071,69,7770
197232,204999,205073,74,7767
197232,205004,205073,69,7772
197232,205009,205074,65,7777
197232,205009,205076,67,7777
197232,205009,205076,67,7777
197232,205011,205076,65,7779
197232,205010,205078,68,7778
197232,205011,205079,68,7779
197232,205016,205081,65,7784
197232,205010,205083,73,7778
197232,205004,205083,79,7772
197232,205012,205085,73,7780
197232,205012,205087,75,7780
197232,205018,205087,69,7786
197232,205015,205088,73,7783
197232,205011,205088,77,7779
197232,205014,205089,75,7782
197232,205012,205089,77,7780
197232,205017,205090,73,7785
197232,205012,205090,78,7780
197232,205012,205091,79,7780
197232,205016,205093,77,7784
197232,205027,205094,67,7795
197232,205023,205096,73,7791
197232,205022,205096,74,7790
197232,205037,205097,60,7805
197232,205025,205098,73,7793
197232,205027,205099,72,7795
197232,205024,205100,76,7792
197232,205026,205101,75,7794
197232,205038,205101,63,7806
197232,205034,205101,67,7802
197232,205020,205101,81,7788
197232,205023,205101,78,7791
197232,205028,205102,74,7796
197232,205022,205103,81,7790
197232,205027,205102,75,7795
197232,205034,205103,69,7802
197232,205030,205104,74,7798
197232,205022,205103,81,7790
197232,205026,205103,77,7794
197232,205028,205103,75,7796
197232,205029,205104,75,7797
197232,205029,205104,75,7797
197232,205047,205104,57,7815
197232,205031,205105,74,7799
197232,205046,205107,61,7814
197232,205037,205107,70,7805
197232,205036,205108,72,7804
197232,205028,205108,80,7796
197232,205040,205108,68,7808
197232,205047,205110,63,7815
197232,205033,205113,80,7801
197232,205051,205116,65,7819
197232,205057,205116,59,7825
197232,205055,205119,64,7823
197232,205059,205119,60,7827
197232,205074,205124,50,7842
197232,205060,205125,65,7828
197232,205062,205125,63,7830
197232,205061,205126,65,7829
197232,205076,205126,50,7844
197232,205061,205128,67,7829
197232,205062,205129,67,7830
197232,205067,205129,62,7835
197232,205063,205130,67,7831
195822,203732,205132,1400,7910
197232,205066,205132,66,7834
197232,205067,205133,66,7835
197232,205067,205133,66,7835
197232,205070,205134,64,7838
197232,205074,205134,60,7842
197232,205072,205135,63,7840
197232,205066,205135,69,7834
197232,205074,205135,61,7842
197232,205076,205137,61,7844
197232,205064,205138,74,7832
197232,205066,205140,74,7834
197232,205080,205140,60,7848
197232,205069,205140,71,7837
197232,205076,205141,65,7844
197232,205083,205141,58,7851
197232,205070,205142,72,7838
197232,205084,205142,58,7852
197232,205087,205144,57,7855
197232,205079,205145,66,7847
197232,205090,205146,56,7858
197232,205088,205148,60,7856
197232,205085,205151,66,7853
197232,205082,205152,70,7850
197232,205091,205154,63,7859
197416,205107,205155,48,7691
197232,205088,205155,67,7856
197232,205090,205155,65,7858
197232,205097,205156,59,7865
197232,205099,205159,60,7867
197232,205090,205159,69,7858
197416,205106,205159,53,7690
197416,205108,205161,53,7692
197232,205091,205162,71,7859
197232,205093,205163,70,7861
197232,205089,205163,74,7857
197232,205104,205165,61,7872
197232,205094,205166,72,7862
197416,205108,205165,57,7692
197416,205111,205166,55,7695
197232,205104,205167,63,7872
197232,205098,205166,68,7866
197232,205104,205167,63,7872
197232,205102,205168,66,7870
197232,205100,205168,68,7868
197416,205116,205169,53,7700
197232,205096,205169,73,7864
197232,205098,205169,71,7866
197232,205101,205170,69,7869
197232,205104,205171,67,7872
197232,205103,205171,68,7871
197416,205108,205172,64,7692
197232,205103,205172,69,7871
197416,205109,205171,62,7693
197232,205103,205172,69,7871
197416,205114,205170,56,7698
197416,205117,205166,49,7701
197232,205102,205175,73,7870
197232,205101,205176,75,7869
197232,205102,205175,73,7870
197416,205125,205177,52,7709
197232,205103,205178,75,7871
197416,205125,205178,53,7709
197232,205104,205179,75,7872
197416,205120,205180,60,7704
197416,205130,205180,50,7714
197416,205127,205180,53,7711
197416,205135,205181,46,7719
197416,205120,205182,62,7704
197416,205134,205183,49,7718
197416,205127,205184,57,7711
197416,205135,205184,49,7719
197232,205104,205184,80,7872
197416,205130,205185,55,7714
197416,205125,205185,60,7709
197416,205134,205185,51,7718
197416,205133,205187,54,7717
197416,205139,205187,48,7723
197416,205129,205187,58,7713
197416,205133,205187,54,7717
197416,205132,205189,57,7716
197416,205136,205191,55,7720
197416,205141,205191,50,7725
197416,205138,205191,53,7722
197416,205131,205192,61,7715
197416,205134,205193,59,7718
197416,205145,205195,50,7729
197416,205141,205195,54,7725
197416,205141,205196,55,7725
197416,205142,205197,55,7726
197416,205143,205199,56,7727
197416,205143,205200,57,7727
197416,205146,205201,55,7730
197416,205142,205204,62,7726
197416,205149,205207,58,7733
197416,205151,205211,60,7735
197416,205152,205218,66,7736
197416,205155,205219,64,7739
197416,205156,205221,65,7740
197416,205157,205223,66,7741
197416,205155,205223,68,7739
197416,205156,205224,68,7740
197416,205173,205226,53,7757
197416,205159,205226,67,7743
197416,205161,205230,69,7745
197416,205174,205230,56,7758
197416,205159,205230,71,7743
197416,205159,205230,71,7743
197416,205174,205232,58,7758
197416,205162,205232,70,7746
197416,205163,205234,71,7747
197416,205164,205234,70,7748
197416,205166,205234,68,7750
197416,205166,205233,67,7750
197416,205172,205234,62,7756
197416,205169,205235,66,7753
197416,205166,205235,69,7750
197416,205166,205236,70,7750
197416,205167,205236,69,7751
197416,205168,205237,69,7752
197416,205169,205238,69,7753
197416,205172,205237,65,7756
197416,205167,205238,71,7751
197416,205170,205239,69,7754
197416,205176,205239,63,7760
197416,205172,205239,67,7756
197416,205174,205239,65,7758
197416,205171,205239,68,7755
197416,205175,205242,67,7759
197416,205172,205243,71,7756
197416,205176,205243,67,7760
197416,205170,205244,74,7754
197416,205172,205245,73,7756
197416,205169,205246,77,7753
197416,205180,205246,66,7764
197416,205181,205247,66,7765
197416,205179,205247,68,7763
197416,205179,205248,69,7763
197416,205178,205248,70,7762
197416,205181,205251,70,7765
197416,205177,205251,74,7761
197416,205184,205252,68,7768
197416,205189,205252,63,7773
197416,205184,205253,69,7768
197416,205184,205253,69,7768
197416,205188,205254,66,7772
197416,205185,205253,68,7769
197416,205187,205254,67,7771
197416,205182,205254,72,7766
197416,205186,205256,70,7770
197416,205182,205258,76,7766
197416,205188,205257,69,7772
197416,205186,205258,72,7770
197416,205192,205260,68,7776
197416,205191,205261,70,7775
197416,205191,205261,70,7775
197416,205187,205263,76,7771
197416,205192,205263,71,7776
197416,205196,205264,68,7780
197416,205185,205265,80,7769
197416,205193,205265,72,7777
197416,205197,205268,71,7781
197416,205195,205268,73,7779
197416,205204,205271,67,7788
197416,205195,205272,77,7779
197416,205201,205272,71,7785
197416,205201,205274,73,7785
197416,205200,205279,79,7784
197416,205230,205282,52,7814
197416,205212,205282,70,7796
197416,205231,205283,52,7815
197416,205234,205284,50,7818
197416,205233,205284,51,7817
197416,205208,205285,77,7792
197416,205234,205285,51,7818
197416,205220,205288,68,7804
197416,205221,205289,68,7805
197416,205236,205289,53,7820
197416,205218,205291,73,7802
197416,205223,205291,68,7807
197416,205237,205291,54,7821
197416,205233,205293,60,7817
197416,205234,205293,59,7818
197416,205231,205295,64,7815
197416,205227,205295,68,7811
197416,205225,205296,71,7809
197416,205224,205297,73,7808
197416,205234,205298,64,7818
197416,205230,205299,69,7814
197416,205226,205299,73,7810
197416,205236,205300,64,7820
197416,205235,205300,65,7819
197416,205239,205304,65,7823
197416,205237,205307,70,7821
197416,205246,205310,64,7830
197416,205244,205309,65,7828
197416,205240,205311,71,7824
197416,205240,205312,72,7824
197416,205238,205312,74,7822
197416,205238,205313,75,7822
197416,205247,205315,68,7831
197416,205240,205316,76,7824
197416,205243,205317,74,7827
197416,205260,205318,58,7844
197416,205245,205319,74,7829
197416,205248,205320,72,7832
197416,205238,205321,83,7822
197416,205249,205322,73,7833
197416,205237,205322,85,7821
197416,205244,205323,79,7828
197416,205247,205324,77,7831
197416,205243,205324,81,7827
197416,205239,205325,86,7823
197416,205253,205325,72,7837
197416,205247,205328,81,7831
197416,205256,205328,72,7840
197416,205252,205331,79,7836
197416,205255,205331,76,7839
197416,205269,205330,61,7853
197416,205272,205330,58,7856
197416,205258,205331,73,7842
197416,205254,205332,78,7838
197416,205254,205331,77,7838
197416,205264,205333,69,7848
197416,205269,205333,64,7853
197416,205251,205333,82,7835
197416,205262,205333,71,7846
197416,205258,205334,76,7842
197416,205272,205334,62,7856
197416,205264,205335,71,7848
197416,205262,205335,73,7846
197416,205257,205335,78,7841
197416,205265,205336,71,7849
197416,205266,205338,72,7850
197416,205254,205338,84,7838
197416,205280,205339,59,7864
197416,205263,205338,75,7847
197416,205259,205339,80,7843
197416,205252,205339,87,7836
197416,205272,205340,68,7856
197416,205275,205340,65,7859
197416,205254,205341,87,7838
197416,205285,205347,62,7869
197416,205282,205349,67,7866
197416,205286,205349,63,7870
197416,205288,205349,61,7872
197416,205282,205349,67,7866
197416,205291,205352,61,7875
197416,205285,205352,67,7869
197416,205290,205352,62,7874
197416,205283,205352,69,7867
197416,205292,205354,62,7876
197416,205285,205354,69,7869
197416,205290,205356,66,7874
197416,205296,205356,60,7880
197416,205291,205358,67,7875
197416,205301,205358,57,7885
197416,205301,205359,58,7885
197416,205299,205360,61,7883
197416,205300,205362,62,7884
197416,205295,205364,69,7879
197416,205293,205365,72,7877
197416,205296,205365,69,7880
197416,205305,205365,60,7889
197416,205298,205366,68,7882
197416,205296,205366,70,7880
197416,205313,205367,54,7897
197416,205300,205366,66,7884
197416,205307,205369,62,7891
197416,205318,205375,57,7902
197416,205310,205376,66,7894
197416,205312,205379,67,7896
197416,205325,205379,54,7909
197416,205314,205380,66,7898
197416,205311,205380,69,7895
197416,205310,205381,71,7894
197648,205336,205381,45,7688
197416,205326,205384,58,7910
197416,205316,205385,69,7900
197416,205320,205385,65,7904
197416,205322,205388,66,7906
197648,205336,205388,52,7688
197648,205339,205389,50,7691
197416,205321,205390,69,7905
197648,205336,205390,54,7688
197648,205339,205391,52,7691
197416,205317,205393,76,7901
197416,205321,205396,75,7905
197416,205331,205397,66,7915
197416,205332,205398,66,7916
197648,205339,205398,59,7691
197648,205340,205398,58,7692
197416,205317,205399,82,7901
197416,205324,205398,74,7908
197416,205326,205400,74,7910
197416,205333,205400,67,7917
197416,205331,205400,69,7915
197648,205341,205400,59,7693
197648,205350,205400,50,7702
197416,205325,205401,76,7909
197416,205323,205402,79,7907
197648,205340,205402,62,7692
197648,205347,205402,55,7699
197648,205356,205402,46,7708
197648,205342,205403,61,7694
197416,205332,205403,71,7916
197648,205340,205404,64,7692
197416,205332,205404,72,7916
197416,205328,205404,76,7912
197416,205333,205405,72,7917
197648,205353,205405,52,7705
197416,205328,205405,77,7912
197416,205334,205405,71,7918
197416,205331,205407,76,7915
197648,205353,205408,55,7705
197648,205349,205408,59,7701
197416,205334,205403,69,7918
197648,205339,205390,51,7691
197648,205349,205401,52,7701
197648,205357,205409,52,7709
197648,205355,205409,54,7707
197648,205349,205409,60,7701
197648,205358,205409,51,7710
197416,205333,205410,77,7917
196047,203964,205409,1445,7917
197648,205361,205410,49,7713
197648,205352,205411,59,7704
197416,205333,205410,77,7917
197648,205359,205411,52,7711
197648,205358,205411,53,7710
197416,205331,205414,83,7915
197648,205353,205414,61,7705
197648,205363,205415,52,7715
197648,205365,205416,51,7717
197648,205366,205417,51,7718
197648,205366,205420,54,7718
197648,205366,205421,55,7718
197648,205367,205423,56,7719
197648,205366,205426,60,7718
197648,205367,205426,59,7719
197648,205367,205426,59,7719
197648,205355,205429,74,7707
197648,205370,205429,59,7722
197648,205376,205432,56,7728
197648,205376,205433,57,7728
197648,205379,205434,55,7731
197648,205380,205443,63,7732
197648,205379,205444,65,7731
197648,205381,205445,64,7733
197648,205382,205447,65,7734
197648,205382,205447,65,7734
197648,205385,205452,67,7737
197648,205386,205455,69,7738
197648,205389,205455,66,7741
197648,205394,205458,64,7746
197648,205391,205458,67,7743
197648,205391,205459,68,7743
197648,205389,205459,70,7741
197648,205390,205459,69,7742
197648,205403,205459,56,7755
197648,205397,205460,63,7749
197648,205405,205462,57,7757
197648,205390,205463,73,7742
197648,205398,205465,67,7750
197648,205399,205465,66,7751
197648,205404,205465,61,7756
197648,205398,205466,68,7750
197648,205405,205466,61,7757
197648,205400,205466,66,7752
197648,205399,205467,68,7751
197648,205404,205468,64,7756
197648,205400,205469,69,7752
197648,205407,205470,63,7759
197648,205398,205470,72,7750
197648,205403,205471,68,7755
197648,205409,205471,62,7761
197648,205404,205471,67,7756
197648,205405,205472,67,7757
197648,205405,205473,68,7757
197648,205403,205472,69,7755
197648,205402,205473,71,7754
197648,205401,205473,72,7753
197648,205406,205473,67,7758
197648,205409,205474,65,7761
197648,205397,205475,78,7749
197648,205410,205474,64,7762
197648,205410,205476,66,7762
197648,205401,205475,74,7753
197648,205403,205475,72,7755
197648,205406,205475,69,7758
197648,205410,205479,69,7762
197648,205411,205479,68,7763
197648,205412,205479,67,7764
197648,205401,205480,79,7753
197648,205409,205481,72,7761
197648,205409,205481,72,7761
197648,205414,205482,68,7766
197648,205414,205483,69,7766
197648,205408,205484,76,7760
197648,205409,205484,75,7761
197648,205409,205484,75,7761
197648,205410,205485,75,7762
197648,205412,205484,72,7764
197648,205409,205485,76,7761
197648,205409,205486,77,7761
197648,205411,205487,76,7763
197648,205415,205487,72,7767
197648,205422,205489,67,7774
197648,205421,205488,67,7773
197648,205417,205492,75,7769
197648,205424,205492,68,7776
197648,205426,205494,68,7778
197648,205427,205495,68,7779
197648,205427,205498,71,7779
197648,205418,205499,81,7770
197648,205430,205501,71,7782
197648,205433,205501,68,7785
197648,205433,205503,70,7785
197648,205434,205504,70,7786
197648,205429,205509,80,7781
197648,205460,205509,49,7812
197648,205444,205510,66,7796
197648,205461,205511,50,7813
197648,205463,205511,48,7815
197648,205463,205512,49,7815
197648,205448,205514,66,7800
197648,205444,205516,72,7796
197648,205460,205516,56,7812
197648,205460,205517,57,7812
197648,205445,205517,72,7797
197648,205447,205519,72,7799
197648,205465,205521,56,7817
197648,205460,205522,62,7812
197648,205459,205523,64,7811
197648,205452,205527,75,7804
197648,205455,205528,73,7807
197648,205466,205529,63,7818
197648,205467,205529,62,7819
197648,205455,205531,76,7807
197648,205467,205532,65,7819
197648,205458,205533,75,7810
197648,205466,205534,68,7818
197648,205467,205534,67,7819
197648,205470,205536,66,7822
197648,205473,205538,65,7825
197648,205469,205540,71,7821
197648,205473,205544,71,7825
197648,205474,205544,70,7826
197648,205482,205545,63,7834
197648,205472,205545,73,7824
197648,205475,205546,71,7827
197648,205474,205547,73,7826
197648,205472,205547,75,7824
197648,205467,205548,81,7819
197648,205475,205548,73,7827
197648,205471,205548,77,7823
197648,205473,205549,76,7825
197648,205475,205550,75,7827
197648,205494,205552,58,7846
197648,205469,205553,84,7821
197648,205473,205553,80,7825
197648,205476,205555,79,7828
197648,205476,205554,78,7828
197648,205476,205555,79,7828
197648,205471,205556,85,7823
197648,205480,205555,75,7832
197648,205480,205557,77,7832
197648,205484,205557,73,7836
197648,205485,205558,73,7837
197648,205486,205558,72,7838
197648,205476,205558,82,7828
197648,205501,205559,58,7853
197648,205495,205560,65,7847
197648,205483,205559,76,7835
197648,205482,205559,77,7834
197648,205480,205561,81,7832
197648,205493,205563,70,7845
197648,205487,205566,79,7839
197648,205485,205566,81,7837
197648,205484,205566,82,7836
197648,205499,205566,67,7851
197648,205498,205566,68,7850
197648,205510,205567,57,7862
197648,205489,205567,78,7841
197648,205492,205567,75,7844
197648,205504,205568,64,7856
197648,205480,205568,88,7832
197648,205488,205568,80,7840
197648,205501,205569,68,7853
197648,205513,205570,57,7865
197648,205483,205569,86,7835
197648,205488,205571,83,7840
197648,205485,205571,86,7837
197648,205489,205571,82,7841
197648,205509,205571,62,7861
197648,205517,205573,56,7869
197648,205511,205573,62,7863
197648,205505,205573,68,7857
197648,205511,205574,63,7863
197648,205515,205577,62,7867
197648,205511,205578,67,7863
197648,205521,205578,57,7873
197648,205516,205582,66,7868
197648,205517,205585,68,7869
197648,205520,205588,68,7872
197648,205529,205589,60,7881
197648,205522,205591,69,7874
197648,205528,205591,63,7880
197648,205518,205594,76,7870
197648,205529,205595,66,7881
197648,205523,205598,75,7875
197648,205529,205601,72,7881
197648,205532,205601,69,7884
197648,205534,205602,68,7886
197648,205534,205603,69,7886
197648,205536,205603,67,7888
197648,205534,205604,70,7886
196279,204201,205606,1405,7922
197648,205539,205606,67,7891
197648,205544,205608,64,7896
197648,205532,205608,76,7884
197648,205545,205610,65,7897
197648,205561,205614,53,7913
197648,205555,205614,59,7907
197648,205541,205614,73,7893
197648,205550,205614,64,7902
197648,205553,205615,62,7905
197648,205546,205617,71,7898
197648,205548,205617,69,7900
197648,205550,205619,69,7902
197648,205547,205619,72,7899
197873,205567,205620,53,7694
197648,205548,205620,72,7900
197873,205568,205621,53,7695
197648,205548,205622,74,7900
197648,205546,205623,77,7898
197873,205568,205625,57,7695
197873,205569,205625,56,7696
197873,205570,205625,55,7697
197648,205554,205626,72,7906
197648,205558,205626,68,7910
197648,205549,205626,77,7901
197648,205564,205627,63,7916
197648,205553,205626,73,7905
197648,205545,205627,82,7897
197873,205570,205627,57,7697
197648,205556,205629,73,7908
197648,205566,205629,63,7918
197873,205568,205630,62,7695
197648,205555,205630,75,7907
197648,205556,205630,74,7908
197873,205573,205630,57,7700
197648,205566,205632,66,7918
197873,205572,205632,60,7699
197873,205574,205632,58,7701
197873,205573,205631,58,7700
197648,205558,205633,75,7910
197873,205569,205634,65,7696
197873,205568,205634,66,7695
197873,205570,205634,64,7697
197873,205572,205635,63,7699
197648,205560,205635,75,7912
197648,205559,205635,76,7911
197873,205572,205635,63,7699
197648,205558,205635,77,7910
197648,205556,205637,81,7908
197648,205557,205638,81,7909
197648,205560,205639,79,7912
197873,205575,205639,64,7702
197648,205560,205641,81,7912
197873,205577,205640,63,7704
197648,205567,205641,74,7919
197873,205579,205640,61,7706
197648,205560,205641,81,7912
197873,205572,205643,71,7699
197873,205583,205643,60,7710
197873,205591,205645,54,7718
197873,205595,205645,50,7722
197873,205578,205646,68,7705
197873,205588,205648,60,7715
197873,205591,205648,57,7718
197873,205599,205650,51,7726
197873,205589,205651,62,7716
197873,205595,205651,56,7722
197873,205604,205652,48,7731
197873,205601,205654,53,7728
197873,205585,205655,70,7712
197873,205602,205656,54,7729
197873,205603,205660,57,7730
197873,205602,205661,59,7729
197873,205605,205666,61,7732
197873,205606,205669,63,7733
197873,205607,205670,63,7734
197873,205609,205670,61,7736
197873,205609,205671,62,7736
197873,205610,205673,63,7737
197873,205614,205675,61,7741
197873,205615,205679,64,7742
197873,205616,205681,65,7743
197873,205614,205683,69,7741
197873,205617,205685,68,7744
197873,205620,205686,66,7747
197873,205614,205686,72,7741
197873,205618,205687,69,7745
197873,205619,205689,70,7746
197873,205621,205690,69,7748
197873,205632,205690,58,7759
197873,205632,205691,59,7759
197873,205627,205692,65,7754
197873,205635,205692,57,7762
197873,205620,205692,72,7747
197873,205623,205693,70,7750
197873,205626,205694,68,7753
197873,205626,205695,69,7753
197873,205624,205695,71,7751
197873,205622,205695,73,7749
197873,205631,205695,64,7758
197873,205627,205696,69,7754
197873,205628,205695,67,7755
197873,205626,205697,71,7753
197873,205628,205697,69,7755
197873,205626,205696,70,7753
197873,205634,205698,64,7761
197873,205635,205697,62,7762
197873,205630,205698,68,7757
197873,205627,205697,70,7754
197873,205632,205699,67,7759
197873,205633,205699,66,7760
197873,205630,205699,69,7757
197873,205632,205700,68,7759
197873,205630,205701,71,7757
197873,205630,205700,70,7757
197873,205627,205702,75,7754
197873,205630,205701,71,7757
197873,205638,205701,63,7765
197873,205635,205703,68,7762
197873,205635,205703,68,7762
197873,205634,205704,70,7761
197873,205635,205707,72,7762
197873,205642,205706,64,7769
197873,205636,205707,71,7763
197873,205641,205708,67,7768
197873,205640,205709,69,7767
197873,205640,205711,71,7767
197873,205638,205713,75,7765
197873,205641,205714,73,7768
197873,205644,205714,70,7771
197873,205646,205715,69,7773
197873,205641,205716,75,7768
197873,205644,205717,73,7771
197873,205641,205717,76,7768
197873,205647,205718,71,7774
197873,205646,205718,72,7773
197873,205648,205718,70,7775
197873,205652,205720,68,7779
197873,205650,205721,71,7777
197873,205649,205723,74,7776
197873,205656,205723,67,7783
197873,205652,205725,73,7779
197873,205653,205726,73,7780
197873,205654,205726,72,7781
197873,205656,205727,71,7783
197873,205660,205735,75,7787
197873,205670,205735,65,7797
197873,205666,205735,69,7793
197873,205661,205737,76,7788
197873,205692,205738,46,7819
197873,205693,205739,46,7820
197873,205674,205743,69,7801
197873,205671,205742,71,7798
197873,205671,205743,72,7798
197873,205694,205744,50,7821
197873,205694,205744,50,7821
197873,205692,205745,53,7819
197873,205670,205746,76,7797
197873,205695,205746,51,7822
197873,205676,205747,71,7803
197873,205691,205748,57,7818
197873,205683,205750,67,7810
197873,205680,205750,70,7807
197873,205696,205753,57,7823
197873,205687,205755,68,7814
197873,205692,205755,63,7819
197873,205696,205755,59,7823
197873,205695,205756,61,7822
197873,205682,205757,75,7809
197873,205688,205757,69,7815
197873,205696,205759,63,7823
197873,205697,205761,64,7824
197873,205697,205763,66,7824
197873,205687,205764,77,7814
197873,205689,205764,75,7816
197873,205685,205765,80,7812
197873,205696,205766,70,7823
197873,205697,205769,72,7824
197873,205690,205770,80,7817
197873,205698,205771,73,7825
197873,205698,205772,74,7825
197873,205700,205775,75,7827
197873,205703,205776,73,7830
197873,205700,205776,76,7827
197873,205718,205777,59,7845
197873,205698,205778,80,7825
197873,205702,205778,76,7829
197873,205702,205779,77,7829
197873,205700,205780,80,7827
197873,205707,205780,73,7834
197873,205701,205780,79,7828
197873,205701,205781,80,7828
197873,205705,205780,75,7832
197873,205711,205781,70,7838
197873,205698,205783,85,7825
197873,205701,205784,83,7828
197873,205716,205785,69,7843
197873,205703,205785,82,7830
197873,205720,205785,65,7847
197873,205719,205787,68,7846
197873,205715,205788,73,7842
197873,205708,205788,80,7835
197873,205714,205788,74,7841
197873,205702,205789,87,7829
197873,205709,205789,80,7836
197873,205707,205789,82,7834
197873,205709,205791,82,7836
197873,205713,205791,78,7840
197873,205716,205792,76,7843
197873,205719,205793,74,7846
197873,205722,205793,71,7849
197873,205718,205796,78,7845
197873,205718,205796,78,7845
197873,205726,205799,73,7853
197873,205723,205800,77,7850
197873,205727,205801,74,7854
197873,205735,205802,67,7862
197873,205728,205804,76,7855
197873,205727,205804,77,7854
197873,205724,205805,81,7851
197873,205744,205806,62,7871
197873,205745,205806,61,7872
197873,205735,205808,73,7862
197873,205747,205808,61,7874
197873,205739,205809,70,7866
197873,205735,205810,75,7862
197873,205750,205812,62,7877
197873,205745,205814,69,7872
197873,205745,205814,69,7872
197873,205747,205814,67,7874
197873,205753,205814,61,7880
197873,205738,205814,76,7865
197873,205743,205815,72,7870
197873,205751,205817,66,7878
197873,205747,205817,70,7874
197873,205743,205819,76,7870
197873,205740,205821,81,7867
197873,205748,205820,72,7875
197873,205755,205824,69,7882
197873,205756,205824,68,7883
197873,205760,205825,65,7887
197873,205755,205825,70,7882
197873,205757,205828,71,7884
197873,205756,205828,72,7883
197873,205761,205830,69,7888
197873,205765,205831,66,7892
197873,205758,205834,76,7885
197873,205766,205839,73,7893
197873,205771,205839,68,7898
196530,204427,205839,1412,7897
197873,205766,205840,74,7893
197873,205772,205841,69,7899
197873,205781,205841,60,7908
197873,205765,205842,77,7892
197873,205771,205843,72,7898
197873,205769,205844,75,7896
197873,205779,205846,67,7906
197873,205764,205846,82,7891
197873,205778,205847,69,7905
197873,205785,205848,63,7912
197873,205779,205847,68,7906
197873,205790,205849,59,7917
197873,205780,205849,69,7907
197873,205775,205850,75,7902
197873,205782,205853,71,7909
197873,205790,205854,64,7917
197873,205780,205854,74,7907
197873,205776,205855,79,7903
197873,205780,205856,76,7907
197873,205781,205857,76,7908
197873,205786,205857,71,7913
197873,205788,205858,70,7915
198099,205802,205858,56,7703
197873,205785,205859,74,7912
197873,205777,205859,82,7904
197873,205784,205860,76,7911
197873,205786,205860,74,7913
197873,205795,205862,67,7922
198099,205807,205862,55,7708
197873,205793,205864,71,7920
197873,205799,205863,64,7926
197873,205789,205864,75,7916
197873,205790,205863,73,7917
197873,205781,205865,84,7908
197873,205792,205865,73,7919
198099,205805,205865,60,7706
198099,205813,205866,53,7714
197873,205792,205867,75,7919
197873,205789,205867,78,7916
197873,205797,205869,72,7924
198099,205806,205868,62,7707
197873,205797,205868,71,7924
198099,205809,205869,60,7710
198099,205802,205869,67,7703
198099,205806,205869,63,7707
198099,205809,205870,61,7710
198099,205804,205870,66,7705
197873,205789,205871,82,7916
198099,205809,205872,63,7710
197873,205791,205872,81,7918
198099,205818,205873,55,7719
198099,205817,205874,57,7718
198099,205814,205874,60,7715
198099,205820,205875,55,7721
198099,205815,205875,60,7716
198099,205811,205875,64,7712
198099,205814,205876,62,7715
198099,205826,205878,52,7727
198099,205829,205880,51,7730
198099,205825,205882,57,7726
198099,205814,205882,68,7715
198099,205821,205883,62,7722
198099,205816,205883,67,7717
198099,205831,205883,52,7732
198099,205825,205886,61,7726
198099,205829,205886,57,7730
198099,205821,205887,66,7722
198099,205834,205888,54,7735
198099,205830,205888,58,7731
198099,205815,205889,74,7716
198099,205825,205891,66,7726
198099,205840,205894,54,7741
198099,205839,205896,57,7740
198099,205839,205896,57,7740
198099,205841,205902,61,7742
198099,205841,205901,60,7742
198099,205848,205907,59,7749
198099,205845,205907,62,7746
198099,205842,205908,66,7743
198099,205846,205911,65,7747
198099,205844,205912,68,7745
198099,205846,205913,67,7747
198099,205842,205914,72,7743
198099,205850,205918,68,7751
198099,205848,205919,71,7749
198099,205847,205918,71,7748
198099,205849,205919,70,7750
198099,205858,205922,64,7759
198099,205853,205924,71,7754
198099,205862,205925,63,7763
198099,205849,205925,76,7750
198099,205857,205926,69,7758
198099,205855,205926,71,7756
198099,205869,205927,58,7770
198099,205859,205927,68,7760
198099,205860,205927,67,7761
198099,205855,205927,72,7756
198099,205871,205928,57,7772
198099,205869,205929,60,7770
198099,205859,205929,70,7760
198099,205861,205929,68,7762
198099,205857,205929,72,7758
198099,205859,205929,70,7760
198099,205866,205931,65,7767
198099,205864,205932,68,7765
198099,205862,205933,71,7763
198099,205854,205932,78,7755
198099,205865,205933,68,7766
198099,205859,205934,75,7760
198099,205871,205934,63,7772
198099,205866,205934,68,7767
198099,205865,205934,69,7766
198099,205869,205935,66,7770
198099,205864,205936,72,7765
198099,205869,205935,66,7770
198099,205869,205935,66,7770
198099,205868,205936,68,7769
198099,205873,205939,66,7774
198099,205868,205939,71,7769
198099,205875,205940,65,7776
198099,205872,205941,69,7773
198099,205869,205940,71,7770
198099,205864,205941,77,7765
198099,205864,205941,77,7765
198099,205871,205941,70,7772
198099,205875,205944,69,7776
198099,205876,205944,68,7777
198099,205875,205947,72,7776
198099,205873,205949,76,7774
198099,205876,205951,75,7777
198099,205874,205950,76,7775
198099,205883,205952,69,7784
198099,205884,205952,68,7785
198099,205883,205953,70,7784
198099,205878,205952,74,7779
198099,205880,205955,75,7781
198099,205889,205957,68,7790
198099,205883,205958,75,7784
198099,205889,205958,69,7790
198099,205887,205959,72,7788
198099,205887,205960,73,7788
198099,205883,205962,79,7784
198099,205887,205962,75,7788
198099,205895,205961,66,7796
198099,205892,205964,72,7793
198099,205897,205966,69,7798
198099,205889,205967,78,7790
198099,205927,205971,44,7828
198099,205902,205975,73,7803
198099,205902,205975,73,7803
198099,205896,205977,81,7797
198099,205912,205976,64,7813
198099,205927,205976,49,7828
198099,205927,205978,51,7828
198099,205909,205978,69,7810
198099,205908,205979,71,7809
198099,205928,205979,51,7829
198099,205927,205979,52,7828
198099,205929,205979,50,7830
198099,205928,205981,53,7829
198099,205913,205985,72,7814
198099,205907,205986,79,7808
198099,205914,205986,72,7815
198099,205927,205987,60,7828
198099,205926,205987,61,7827
198099,205914,205988,74,7815
198099,205919,205990,71,7820
198099,205929,205990,61,7830
198099,205929,205991,62,7830
198099,205919,205992,73,7820
198099,205919,205992,73,7820
198099,205920,205995,75,7821
198099,205926,205994,68,7827
198099,205931,205995,64,7832
198099,205930,205999,69,7831
198099,205923,205999,76,7824
198099,205925,206002,77,7826
198099,205934,206002,68,7835
198099,205935,206003,68,7836
198099,205933,206004,71,7834
198099,205933,206006,73,7834
198099,205934,206007,73,7835
198099,205930,206007,77,7831
198099,205933,206008,75,7834
198099,205936,206011,75,7837
198099,205936,206011,75,7837
198099,205939,206013,74,7840
198099,205936,206014,78,7837
198099,205934,206014,80,7835
198099,205936,206015,79,7837
198099,205939,206015,76,7840
198099,205942,206016,74,7843
198099,205935,206017,82,7836
198099,205937,206017,80,7838
198099,205948,206018,70,7849
198099,205941,206019,78,7842
198099,205942,206019,77,7843
198099,205941,206021,80,7842
198099,205945,206022,77,7846
198099,205940,206024,84,7841
198099,205952,206024,72,7853
198099,205949,206025,76,7850
198099,205941,206026,85,7842
198099,205945,206026,81,7846
198099,205951,206026,75,7852
198099,205952,206027,75,7853
198099,205959,206028,69,7860
198099,205951,206029,78,7852
198099,205968,206029,61,7869
198099,205959,206031,72,7860
198099,205962,206031,69,7863
198099,205959,206032,73,7860
198099,205953,206033,80,7854
198099,205956,206033,77,7857
198099,205966,206033,67,7867
198099,205953,206035,82,7854
198099,205962,206037,75,7863
198099,205962,206038,76,7863
198099,205985,206039,54,7886
198099,205971,206040,69,7872
198099,205980,206042,62,7881
198099,205978,206042,64,7879
198099,205958,206045,87,7859
198099,205960,206045,85,7861
198099,205977,206045,68,7878
198099,205976,206046,70,7877
198099,205982,206048,66,7883
198099,205979,206048,69,7880
198099,205975,206050,75,7876
198099,205979,206050,71,7880
198099,205978,206051,73,7879
198099,205964,206051,87,7865
198099,205977,206052,75,7878
198099,205987,206056,69,7888
198099,205980,206056,76,7881
198099,205977,206056,79,7878
198099,205992,206057,65,7893
196726,204652,206057,1405,7926
198099,205987,206058,71,7888
198099,205995,206059,64,7896
198099,205991,206060,69,7892
198099,205986,206061,75,7887
198099,205996,206062,66,7897
198099,205989,206062,73,7890
198099,205992,206062,70,7893
198099,205992,206063,71,7893
198099,206003,206065,62,7904
198099,205995,206067,72,7896
198099,205988,206069,81,7889
198099,205990,206069,79,7891
198099,206003,206070,67,7904
198099,206000,206071,71,7901
198099,205999,206072,73,7900
198099,206003,206073,70,7904
198099,206004,206073,69,7905
198099,206015,206074,59,7916
198099,206014,206077,63,7915
198099,206007,206077,70,7908
198099,206007,206080,73,7908
198099,206006,206082,76,7907
198099,206019,206082,63,7920
198099,206011,206083,72,7912
198099,206014,206085,71,7915
198099,206016,206085,69,7917
198099,206017,206087,70,7918
198099,206019,206088,69,7920
198099,206015,206088,73,7916
198099,206011,206088,77,7912
198099,206017,206089,72,7918
198099,206022,206090,68,7923
198099,206017,206090,73,7918
198099,206008,206090,82,7909
198099,206025,206091,66,7926
198099,206019,206093,74,7920
198099,206034,206095,61,7935
198099,206023,206095,72,7924
198336,206041,206096,55,7705
198099,206026,206096,70,7927
198336,206040,206098,58,7704
198099,206025,206101,76,7926
198336,206051,206100,49,7715
198099,206027,206100,73,7928
198336,206039,206100,61,7703
198336,206049,206101,52,7713
198099,206032,206101,69,7933
198099,206029,206100,71,7930
198099,206029,206103,74,7930
198336,206037,206103,66,7701
198336,206046,206103,57,7710
198099,206024,206103,79,7925
198099,206027,206104,77,7928
198099,206034,206104,70,7935
198336,206052,206105,53,7716
198099,206031,206105,74,7932
198336,206049,206105,56,7713
198099,206032,206106,74,7933
198336,206043,206107,64,7707
198336,206052,206108,56,7716
198336,206046,206108,62,7710
198336,206056,206109,53,7720
198336,206064,206109,45,7728
198099,206029,206109,80,7930
198099,206034,206109,75,7935
198336,206043,206109,66,7707
198336,206051,206110,59,7715
198336,206065,206110,45,7729
198336,206046,206110,64,7710
198336,206053,206114,61,7717
198336,206060,206115,55,7724
198099,206028,206116,88,7929
198336,206067,206118,51,7731
198336,206062,206119,57,7726
198336,206047,206119,72,7711
198336,206063,206119,56,7727
198336,206069,206120,51,7733
198336,206059,206122,63,7723
198336,206058,206122,64,7722
198336,206061,206122,61,7725
198336,206058,206123,65,7722
198336,206070,206124,54,7734
198336,206056,206124,68,7720
198336,206057,206124,67,7721
198336,206063,206126,63,7727
198336,206062,206126,64,7726
198336,206071,206127,56,7735
198336,206073,206133,60,7737
198336,206073,206139,66,7737
198336,206074,206139,65,7738
198336,206072,206141,69,7736
198336,206074,206146,72,7738
198336,206077,206146,69,7741
198336,206084,206146,62,7748
198336,206083,206148,65,7747
198336,206081,206149,68,7745
198336,206082,206151,69,7746
198336,206078,206152,74,7742
198336,206091,206154,63,7755
198336,206089,206154,65,7753
198336,206086,206155,69,7750
198336,206085,206155,70,7749
198336,206090,206156,66,7754
198336,206091,206158,67,7755
198336,206089,206159,70,7753
198336,206088,206159,71,7752
198336,206093,206161,68,7757
198336,206090,206161,71,7754
198336,206092,206161,69,7756
198336,206097,206164,67,7761
198336,206103,206165,62,7767
198336,206104,206165,61,7768
198336,206095,206165,70,7759
198336,206102,206166,64,7766
198336,206096,206166,70,7760
198336,206096,206166,70,7760
198336,206104,206166,62,7768
198336,206101,206167,66,7765
198336,206105,206168,63,7769
198336,206098,206167,69,7762
198336,206103,206168,65,7767
198336,206102,206168,66,7766
198336,206107,206172,65,7771
198336,206101,206172,71,7765
198336,206103,206172,69,7767
198336,206103,206172,69,7767
198336,206101,206173,72,7765
198336,206106,206173,67,7770
198336,206101,206173,72,7765
198336,206108,206174,66,7772
198336,206107,206174,67,7771
198336,206103,206174,71,7767
198336,206109,206176,67,7773
198336,206109,206176,67,7773
198336,206110,206177,67,7774
198336,206106,206177,71,7770
198336,206104,206177,73,7768
198336,206108,206178,70,7772
198336,206109,206180,71,7773
198336,206118,206180,62,7782
198336,206111,206184,73,7775
198336,206111,206184,73,7775
198336,206116,206184,68,7780
198336,206115,206185,70,7779
198336,206123,206187,64,7787
198336,206119,206187,68,7783
198336,206110,206187,77,7774
198336,206111,206188,77,7775
198336,206119,206188,69,7783
198336,206122,206189,67,7786
198336,206114,206189,75,7778
198336,206122,206190,68,7786
198336,206120,206191,71,7784
198336,206121,206190,69,7785
198336,206124,206192,68,7788
198336,206124,206193,69,7788
198336,206127,206195,68,7791
198336,206124,206196,72,7788
198336,206126,206196,70,7790
198336,206128,206195,67,7792
198336,206123,206197,74,7787
198336,206134,206204,70,7798
198336,206162,206208,46,7826
198336,206139,206209,70,7803
198336,206139,206213,74,7803
198336,206147,206214,67,7811
198336,206161,206213,52,7825
198336,206162,206215,53,7826
198336,206142,206215,73,7806
198336,206160,206216,56,7824
198336,206146,206216,70,7810
198336,206160,206217,57,7824
198336,206146,206217,71,7810
198336,206150,206218,68,7814
198336,206166,206219,53,7830
198336,206149,206221,72,7813
198336,206166,206222,56,7830
198336,206159,206222,63,7823
198336,206155,206223,68,7819
198336,206152,206224,72,7816
198336,206165,206224,59,7829
198336,206167,206227,60,7831
198336,206156,206229,73,7820
198336,206152,206229,77,7816
198336,206157,206229,72,7821
198336,206167,206231,64,7831
198336,206155,206231,76,7819
198336,206155,206233,78,7819
198336,206168,206235,67,7832
198336,206166,206236,70,7830
198336,206167,206240,73,7831
198336,206169,206242,73,7833
198336,206175,206241,66,7839
198336,206175,206244,69,7839
198336,206168,206245,77,7832
198336,206172,206245,73,7836
198336,206174,206247,73,7838
198336,206173,206246,73,7837
198336,206173,206247,74,7837
198336,206168,206247,79,7832
198336,206167,206248,81,7831
198336,206173,206252,79,7837
198336,206169,206252,83,7833
198336,206180,206252,72,7844
198336,206191,206253,62,7855
198336,206174,206252,78,7838
198336,206175,206253,78,7839
198336,206177,206255,78,7841
198336,206177,206255,78,7841
198336,206177,206255,78,7841
196990,204879,206256,1377,7889
198336,206178,206256,78,7842
198336,206178,206256,78,7842
198336,206181,206256,75,7845
198336,206177,206256,79,7841
198336,206174,206256,82,7838
198336,206188,206257,69,7852
198336,206188,206257,69,7852
198336,206185,206259,74,7849
198336,206185,206261,76,7849
198336,206191,206262,71,7855
198336,206193,206262,69,7857
198336,206196,206263,67,7860
198336,206189,206265,76,7853
198336,206192,206265,73,7856
198336,206191,206265,74,7855
198336,206184,206265,81,7848
198336,206188,206267,79,7852
198336,206189,206267,78,7853
198336,206185,206268,83,7849
198336,206188,206268,80,7852
198336,206197,206269,72,7861
198336,206196,206269,73,7860
198336,206209,206269,60,7873
198336,206196,206270,74,7860
198336,206213,206270,57,7877
198336,206196,206271,75,7860
198336,206222,206271,49,7886
198336,206190,206276,86,7854
198336,206210,206277,67,7874
198336,206216,206282,66,7880
198336,206216,206285,69,7880
198336,206217,206286,69,7881
198336,206223,206288,65,7887
198336,206214,206289,75,7878
198336,206218,206289,71,7882
198336,206214,206290,76,7878
198336,206217,206290,73,7881
198336,206230,206291,61,7894
198336,206230,206291,61,7894
198336,206218,206292,74,7882
198336,206224,206293,69,7888
198336,206215,206293,78,7879
198336,206222,206293,71,7886
198336,206219,206295,76,7883
198336,206205,206295,90,7869
198336,206230,206297,67,7894
198336,206227,206299,72,7891
198336,206236,206299,63,7900
198336,206224,206299,75,7888
198336,206231,206302,71,7895
198336,206233,206303,70,7897
198336,206232,206303,71,7896
198336,206225,206305,80,7889
198336,206247,206307,60,7911
198336,206246,206309,63,7910
198336,206235,206310,75,7899
198336,206242,206312,70,7906
198336,206247,206312,65,7911
198336,206244,206313,69,7908
198336,206242,206315,73,7906
198336,206241,206316,75,7905
198336,206253,206319,66,7917
198336,206252,206319,67,7916
198336,206252,206320,68,7916
198336,206253,206321,68,7917
198336,206252,206321,69,7916
198336,206248,206322,74,7912
198336,206246,206323,77,7910
198336,206256,206324,68,7920
198557,206270,206324,54,7713
198336,206247,206324,77,7911
198557,206269,206325,56,7712
198336,206257,206325,68,7921
198336,206267,206325,58,7931
198557,206270,206325,55,7713
198336,206256,206325,69,7920
198336,206258,206327,69,7922
198336,206249,206327,78,7913
198336,206255,206327,72,7919
198336,206253,206327,74,7917
198336,206258,206330,72,7922
198557,206269,206330,61,7712
198557,206271,206331,60,7714
198557,206269,206330,61,7712
198336,206257,206331,74,7921
198336,206262,206331,69,7926
198557,206276,206331,55,7719
198336,206256,206332,76,7920
198336,206260,206332,72,7924
198557,206272,206333,61,7715
198336,206262,206333,71,7926
198336,206256,206333,77,7920
198557,206269,206333,64,7712
198336,206256,206334,78,7920
198336,206263,206335,72,7927
198336,206266,206336,70,7930
198336,206266,206338,72,7930
198336,206263,206337,74,7927
198336,206255,206338,83,7919
198557,206270,206338,68,7713
198336,206266,206339,73,7930
198557,206286,206340,54,7729
198557,206290,206342,52,7733
198557,206292,206342,50,7735
198336,206265,206344,79,7929
198557,206286,206347,61,7729
198557,206282,206351,69,7725
198557,206291,206352,61,7734
198557,206289,206353,64,7732
198557,206294,206353,59,7737
198557,206293,206353,60,7736
198557,206300,206353,53,7743
198557,206278,206355,77,7721
198557,206296,206355,59,7739
198557,206291,206355,64,7734
198557,206300,206357,57,7743
198557,206297,206358,61,7740
198557,206303,206358,55,7746
198557,206294,206357,63,7737
198557,206296,206359,63,7739
198557,206289,206359,70,7732
198557,206289,206360,71,7732
198557,206303,206361,58,7746
198557,206293,206361,68,7736
198557,206300,206366,66,7743
198557,206304,206366,62,7747
198557,206305,206369,64,7748
198557,206313,206371,58,7756
198557,206308,206373,65,7751
198557,206312,206376,64,7755
198557,206309,206376,67,7752
198557,206314,206378,64,7757
198557,206311,206379,68,7754
198557,206316,206384,68,7759
198557,206319,206385,66,7762
198557,206316,206386,70,7759
198557,206321,206387,66,7764
198557,206320,206388,68,7763
198557,206321,206391,70,7764
198557,206325,206391,66,7768
198557,206332,206391,59,7775
198557,206323,206392,69,7766
198557,206324,206393,69,7767
198557,206323,206394,71,7766
198557,206325,206394,69,7768
198557,206327,206394,67,7770
198557,206326,206395,69,7769
198557,206326,206395,69,7769
198557,206325,206395,70,7768
198557,206322,206397,75,7765
198557,206326,206397,71,7769
198557,206338,206397,59,7781
198557,206328,206397,69,7771
198557,206337,206398,61,7780
198557,206336,206398,62,7779
198557,206332,206399,67,7775
198557,206326,206399,73,7769
198557,206331,206399,68,7774
198557,206335,206399,64,7778
198557,206332,206399,67,7775
198557,206328,206400,72,7771
198557,206328,206400,72,7771
198557,206333,206400,67,7776
198557,206330,206401,71,7773
198557,206331,206401,70,7774
198557,206333,206402,69,7776
198557,206332,206403,71,7775
198557,206330,206404,74,7773
198557,206332,206404,72,7775
198557,206338,206405,67,7781
198557,206333,206406,73,7776
198557,206339,206407,68,7782
198557,206341,206409,68,7784
198557,206340,206412,72,7783
198557,206334,206412,78,7777
198557,206338,206412,74,7781
198557,206343,206412,69,7786
198557,206345,206413,68,7788
198557,206342,206414,72,7785
198557,206353,206419,66,7796
198557,206355,206420,65,7798
198557,206352,206420,68,7795
198557,206355,206422,67,7798
198557,206347,206423,76,7790
198557,206359,206423,64,7802
198557,206353,206424,71,7796
198557,206353,206426,73,7796
198557,206357,206425,68,7800
198557,206355,206427,72,7798
198557,206362,206428,66,7805
198557,206358,206430,72,7801
198557,206354,206430,76,7797
198557,206359,206430,71,7802
198557,206362,206430,68,7805
198557,206358,206431,73,7801
198557,206354,206432,78,7797
198557,206360,206434,74,7803
198557,206367,206434,67,7810
198557,206394,206436,42,7837
198557,206396,206438,42,7839
198557,206367,206439,72,7810
198557,206373,206440,67,7816
198557,206369,206440,71,7812
198557,206359,206441,82,7802
198557,206395,206441,46,7838
198557,206372,206443,71,7815
198557,206379,206444,65,7822
198557,206396,206445,49,7839
198557,206376,206446,70,7819
198557,206398,206446,48,7841
198557,206395,206447,52,7838
198557,206385,206449,64,7828
198557,206377,206448,71,7820
198557,206378,206450,72,7821
198557,206386,206452,66,7829
198557,206398,206454,56,7841
198557,206397,206454,57,7840
198557,206399,206454,55,7842
198557,206398,206454,56,7841
198557,206397,206456,59,7840
198557,206387,206456,69,7830
198557,206388,206458,70,7831
198557,206391,206459,68,7834
198557,206386,206459,73,7829
198557,206400,206461,61,7843
198557,206394,206462,68,7837
198557,206399,206462,63,7842
198557,206393,206464,71,7836
198557,206394,206464,70,7837
198557,206391,206464,73,7834
198557,206399,206467,68,7842
198557,206400,206467,67,7843
198557,206399,206467,68,7842
198557,206400,206469,69,7843
198557,206391,206470,79,7834
198557,206401,206471,70,7844
198557,206399,206473,74,7842
198557,206403,206475,72,7846
198557,206404,206478,74,7847
198557,206404,206479,75,7847
198557,206405,206480,75,7848
198557,206405,206481,76,7848
198557,206401,206481,80,7844
198557,206402,206483,81,7845
198557,206412,206484,72,7855
198557,206407,206485,78,7850
198557,206412,206486,74,7855
198557,206408,206487,79,7851
198557,206415,206489,74,7858
198557,206413,206489,76,7856
198557,206414,206490,76,7857
198557,206413,206490,77,7856
198557,206409,206492,83,7852
197235,205105,206492,1387,7870
198557,206421,206492,71,7864
198557,206420,206494,74,7863
198557,206423,206494,71,7866
198557,206426,206495,69,7869
198557,206422,206495,73,7865
198557,206421,206501,80,7864
198557,206424,206500,76,7867
198557,206423,206502,79,7866
198557,206431,206505,74,7874
198557,206426,206507,81,7869
198557,206437,206508,71,7880
198557,206431,206509,78,7874
198557,206431,206509,78,7874
198557,206435,206510,75,7878
198557,206432,206510,78,7875
198557,206429,206510,81,7872
198557,206431,206510,79,7874
198557,206432,206510,78,7875
198557,206447,206511,64,7890
198557,206441,206511,70,7884
198557,206441,206512,71,7884
198557,206446,206512,66,7889
198557,206434,206512,78,7877
198557,206440,206513,73,7883
198557,206427,206513,86,7870
198557,206448,206513,65,7891
198557,206441,206514,73,7884
198557,206442,206513,71,7885
198557,206446,206514,68,7889
198557,206445,206515,70,7888
198557,206455,206517,62,7898
198557,206444,206518,74,7887
198557,206439,206519,80,7882
198557,206457,206519,62,7900
198557,206449,206522,73,7892
198557,206454,206523,69,7897
198557,206449,206525,76,7892
198557,206455,206525,70,7898
198557,206459,206526,67,7902
198557,206461,206526,65,7904
198557,206455,206527,72,7898
198557,206451,206526,75,7894
198557,206465,206529,64,7908
198557,206457,206530,73,7900
198557,206460,206530,70,7903
198557,206452,206531,79,7895
198557,206464,206531,67,7907
198557,206459,206533,74,7902
198557,206462,206534,72,7905
198557,206463,206536,73,7906
198557,206465,206536,71,7908
198557,206471,206539,68,7914
198557,206468,206540,72,7911
198557,206478,206541,63,7921
198557,206469,206541,72,7912
198557,206467,206541,74,7910
198557,206468,206543,75,7911
198557,206470,206544,74,7913
198557,206475,206547,72,7918
198557,206481,206553,72,7924
198557,206481,206554,73,7924
198557,206482,206555,73,7925
198557,206485,206555,70,7928
198557,206474,206556,82,7917
198557,206492,206557,65,7935
198557,206480,206557,77,7923
198557,206485,206557,72,7928
198557,206490,206558,68,7933
198557,206490,206559,69,7933
198557,206489,206562,73,7932
198557,206487,206564,77,7930
198802,206511,206564,53,7709
198557,206491,206565,74,7934
198557,206502,206565,63,7945
198557,206492,206565,73,7935
198557,206495,206566,71,7938
198557,206484,206566,82,7927
198557,206492,206568,76,7935
198557,206487,206569,82,7930
198557,206495,206572,77,7938
198802,206516,206572,56,7714
198802,206514,206572,58,7712
198802,206513,206572,59,7711
198802,206514,206573,59,7712
198557,206495,206574,79,7938
198802,206513,206575,62,7711
198557,206505,206575,70,7948
198802,206517,206575,58,7715
198802,206511,206576,65,7709
198802,206512,206577,65,7710
198802,206511,206577,66,7709
198557,206501,206578,77,7944
198802,206512,206579,67,7710
198557,206501,206579,78,7944
198802,206514,206579,65,7712
198802,206514,206579,65,7712
198802,206519,206582,63,7717
198557,206509,206582,73,7952
198557,206507,206582,75,7950
198557,206496,206572,76,7939
198557,206509,206578,69,7952
198802,206514,206579,65,7712
198802,206531,206583,52,7729
198802,206530,206585,55,7728
198802,206512,206584,72,7710
198802,206513,206585,72,7711
198557,206510,206586,76,7953
198802,206522,206587,65,7720
198557,206510,206587,77,7953
198802,206530,206588,58,7728
198802,206519,206588,69,7717
198802,206518,206588,70,7716
198802,206524,206588,64,7722
198802,206531,206590,59,7729
198802,206529,206591,62,7727
198802,206533,206591,58,7731
198802,206527,206592,65,7725
198802,206526,206593,67,7724
198802,206527,206593,66,7725
198802,206537,206593,56,7735
198802,206527,206595,68,7725
198802,206535,206597,62,7733
198802,206525,206599,74,7723
198802,206527,206599,72,7725
198802,206536,206603,67,7734
198802,206541,206605,64,7739
198802,206541,206607,66,7739
198802,206544,206610,66,7742
198802,206548,206611,63,7746
198802,206541,206611,70,7739
198802,206540,206611,71,7738
198802,206541,206612,71,7739
198802,206543,206615,72,7741
198802,206554,206619,65,7752
198802,206553,206621,68,7751
198802,206559,206621,62,7757
198802,206555,206622,67,7753
198802,206558,206622,64,7756
198802,206558,206625,67,7756
198802,206556,206625,69,7754
198802,206558,206626,68,7756
198802,206557,206626,69,7755
198802,206560,206627,67,7758
198802,206565,206628,63,7763
198802,206562,206629,67,7760
198802,206569,206630,61,7767
198802,206566,206630,64,7764
198802,206567,206633,66,7765
198802,206565,206633,68,7763
198802,206567,206633,66,7765
198802,206566,206637,71,7764
198802,206578,206639,61,7776
198802,206570,206639,69,7768
198802,206573,206639,66,7771
198802,206572,206639,67,7770
198802,206574,206640,66,7772
198802,206573,206639,66,7771
198802,206580,206640,60,7778
198802,206579,206640,61,7777
198802,206575,206640,65,7773
198802,206580,206641,61,7778
198802,206574,206642,68,7772
198802,206573,206643,70,7771
198802,206579,206643,64,7777
198802,206576,206644,68,7774
198802,206577,206644,67,7775
198802,206576,206646,70,7774
198802,206582,206647,65,7780
198802,206580,206647,67,7778
198802,206577,206648,71,7775
198802,206584,206650,66,7782
198802,206584,206652,68,7782
198802,206584,206653,69,7782
198802,206586,206652,66,7784
198802,206583,206653,70,7781
198802,206584,206654,70,7782
198802,206584,206655,71,7782
198802,206589,206655,66,7787
198802,206585,206655,70,7783
198802,206588,206656,68,7786
198802,206587,206656,69,7785
198802,206592,206657,65,7790
198802,206590,206657,67,7788
198802,206589,206657,68,7787
198802,206585,206659,74,7783
198802,206583,206659,76,7781
198802,206589,206660,71,7787
198802,206585,206660,75,7783
198802,206593,206661,68,7791
198802,206594,206663,69,7792
198802,206592,206664,72,7790
198802,206597,206664,67,7795
198802,206592,206664,72,7790
198802,206596,206666,70,7794
198802,206589,206668,79,7787
198802,206594,206669,75,7792
198802,206599,206672,73,7797
198802,206608,206673,65,7806
198802,206606,206673,67,7804
198802,206599,206675,76,7797
198802,206612,206677,65,7810
198802,206627,206677,50,7825
198802,206629,206677,48,7827
198802,206610,206679,69,7808
198802,206613,206679,66,7811
198802,206612,206680,68,7810
198802,206604,206680,76,7802
198802,206630,206682,52,7828
198802,206616,206684,68,7814
198802,206627,206683,56,7825
198802,206626,206685,59,7824
198802,206612,206686,74,7810
198802,206631,206687,56,7829
198802,206629,206690,61,7827
198802,206623,206690,67,7821
198802,206622,206690,68,7820
198802,206622,206691,69,7820
198802,206640,206693,53,7838
198802,206634,206695,61,7832
198802,206626,206695,69,7824
198802,206622,206696,74,7820
198802,206640,206697,57,7838
198802,206620,206697,77,7818
198802,206633,206698,65,7831
198802,206625,206699,74,7823
198802,206639,206700,61,7837
198802,206637,206701,64,7835
198802,206640,206707,67,7838
198802,206640,206710,70,7838
198802,206639,206710,71,7837
198802,206634,206711,77,7832
198802,206640,206713,73,7838
198802,206647,206715,68,7845
198802,206640,206715,75,7838
198802,206641,206715,74,7839
198802,206643,206717,74,7841
198802,206644,206718,74,7842
198802,206644,206718,74,7842
198802,206648,206719,71,7846
198802,206654,206721,67,7852
198802,206646,206723,77,7844
198802,206653,206724,71,7851
198802,206649,206724,75,7847
198802,206644,206724,80,7842
198802,206645,206725,80,7843
198802,206653,206727,74,7851
198802,206651,206728,77,7849
198802,206661,206728,67,7859
198802,206641,206730,89,7839
198802,206657,206729,72,7855
198802,206657,206729,72,7855
198802,206658,206731,73,7856
198802,206655,206732,77,7853
198802,206655,206733,78,7853
198802,206657,206733,76,7855
198802,206653,206734,81,7851
198802,206658,206734,76,7856
198802,206659,206735,76,7857
198802,206653,206736,83,7851
198802,206656,206737,81,7854
198802,206660,206737,77,7858
198802,206665,206737,72,7863
198802,206660,206737,77,7858
198802,206674,206738,64,7872
198802,206678,206738,60,7876
198802,206665,206743,78,7863
198802,206669,206743,74,7867
198802,206663,206743,80,7861
198802,206680,206744,64,7878
198802,206684,206745,61,7882
198802,206665,206745,80,7863
198802,206662,206745,83,7860
198802,206669,206745,76,7867
198802,206678,206746,68,7876
198802,206678,206747,69,7876
198802,206680,206749,69,7878
198802,206673,206749,76,7871
198802,206681,206750,69,7879
198802,206680,206750,70,7878
198802,206666,206752,86,7864
198802,206683,206754,71,7881
198802,206684,206754,70,7882
198802,206675,206754,79,7873
198802,206687,206756,69,7885
198802,206691,206756,65,7889
198802,206686,206757,71,7884
198802,206674,206758,84,7872
198802,206690,206761,71,7888
198802,206688,206763,75,7886
198802,206696,206764,68,7894
198802,206692,206765,73,7890
198802,206694,206766,72,7892
198802,206691,206766,75,7889
198802,206698,206767,69,7896
198802,206696,206768,72,7894
198802,206700,206773,73,7898
198802,206695,206773,78,7893
198802,206698,206774,76,7896
198802,206713,206774,61,7911
198802,206701,206775,74,7899
197419,205335,206777,1442,7916
198802,206716,206778,62,7914
198802,206716,206778,62,7914
198802,206711,206779,68,7909
198802,206699,206780,81,7897
198802,206702,206781,79,7900
198802,206711,206781,70,7909
198802,206711,206784,73,7909
198802,206716,206785,69,7914
198802,206718,206786,68,7916
198802,206718,206787,69,7916
198802,206707,206789,82,7905
198802,206725,206792,67,7923
198802,206728,206792,64,7926
198802,206719,206794,75,7917
198802,206724,206795,71,7922
199040,206744,206797,53,7704
199040,206750,206799,49,7710
198802,206720,206798,78,7918
198802,206724,206800,76,7922
199040,206744,206800,56,7704
198802,206730,206800,70,7928
199040,206744,206802,58,7704
198802,206722,206801,79,7920
198802,206728,206802,74,7926
198802,206725,206803,78,7923
199040,206745,206805,60,7705
198802,206734,206804,70,7932
198802,206735,206804,69,7933
198802,206725,206804,79,7923
199040,206745,206806,61,7705
198802,206733,206806,73,7931
198802,206730,206806,76,7928
198802,206727,206806,79,7925
199040,206747,206807,60,7707
198802,206731,206808,77,7929
198802,206736,206808,72,7934
199040,206745,206808,63,7705
199040,206753,206809,56,7713
198802,206730,206810,80,7928
199040,206745,206809,64,7705
199040,206748,206810,62,7708
198802,206738,206810,72,7936
198802,206738,206810,72,7936
199040,206750,206811,61,7710
199040,206758,206813,55,7718
198802,206733,206813,80,7931
198802,206739,206812,73,7937
198802,206736,206813,77,7934
199040,206749,206814,65,7709
199040,206751,206814,63,7711
198802,206739,206815,76,7937
198802,206734,206816,82,7932
199040,206755,206818,63,7715
199040,206755,206819,64,7715
198802,206738,206819,81,7936
198802,206738,206821,83,7936
199040,206761,206822,61,7721
199040,206758,206822,64,7718
199040,206754,206822,68,7714
199040,206773,206824,51,7733
199040,206763,206825,62,7723
199040,206765,206826,61,7725
199040,206773,206826,53,7733
199040,206769,206829,60,7729
199040,206766,206831,65,7726
199040,206775,206831,56,7735
199040,206756,206831,75,7716
199040,206764,206833,69,7724
199040,206767,206833,66,7727
199040,206756,206834,78,7716
199040,206768,206834,66,7728
199040,206775,206838,63,7735
199040,206778,206843,65,7738
199040,206776,206843,67,7736
199040,206779,206843,64,7739
199040,206778,206845,67,7738
199040,206779,206846,67,7739
199040,206788,206848,60,7748
199040,206780,206849,69,7740
199040,206782,206849,67,7742
199040,206782,206850,68,7742
199040,206786,206851,65,7746
199040,206784,206851,67,7744
199040,206790,206855,65,7750
199040,206795,206857,62,7755
199040,206797,206858,61,7757
199040,206793,206859,66,7753
199040,206793,206860,67,7753
199040,206787,206860,73,7747
199040,206799,206862,63,7759
199040,206802,206866,64,7762
199040,206811,206867,56,7771
199040,206799,206868,69,7759
199040,206800,206869,69,7760
199040,206796,206869,73,7756
199040,206802,206869,67,7762
199040,206806,206869,63,7766
199040,206803,206870,67,7763
199040,206801,206871,70,7761
199040,206808,206872,64,7768
199040,206806,206872,66,7766
199040,206805,206873,68,7765
199040,206812,206873,61,7772
199040,206813,206873,60,7773
199040,206804,206873,69,7764
199040,206800,206873,73,7760
199040,206805,206874,69,7765
199040,206805,206874,69,7765
199040,206813,206876,63,7773
199040,206810,206875,65,7770
199040,206808,206875,67,7768
199040,206805,206876,71,7765
199040,206806,206877,71,7766
199040,206807,206877,70,7767
199040,206810,206878,68,7770
199040,206810,206878,68,7770
199040,206810,206879,69,7770
199040,206810,206880,70,7770
199040,206809,206880,71,7769
199040,206813,206882,69,7773
199040,206819,206884,65,7779
199040,206815,206884,69,7775
199040,206814,206886,72,7774
199040,206818,206887,69,7778
199040,206809,206887,78,7769
199040,206816,206888,72,7776
199040,206821,206889,68,7781
199040,206825,206889,64,7785
199040,206820,206891,71,7780
199040,206815,206892,77,7775
199040,206823,206891,68,7783
199040,206816,206893,77,7776
199040,206827,206893,66,7787
199040,206826,206896,70,7786
199040,206829,206896,67,7789
199040,206827,206895,68,7787
199040,206822,206896,74,7782
199040,206831,206898,67,7791
199040,206823,206899,76,7783
199040,206834,206901,67,7794
199040,206831,206901,70,7791
199040,206834,206904,70,7794
199040,206839,206906,67,7799
199040,206832,206907,75,7792
199040,206834,206908,74,7794
199040,206834,206909,75,7794
199040,206868,206914,46,7828
199040,206848,206915,67,7808
199040,206844,206915,71,7804
199040,206869,206916,47,7829
199040,206869,206917,48,7829
199040,206847,206917,70,7807
199040,206843,206918,75,7803
199040,206869,206919,50,7829
199040,206846,206920,74,7806
199040,206851,206920,69,7811
199040,206851,206922,71,7811
199040,206849,206921,72,7809
199040,206870,206922,52,7830
199040,206849,206922,73,7809
199040,206852,206924,72,7812
199040,206871,206924,53,7831
199040,206843,206924,81,7803
199040,206857,206927,70,7817
199040,206859,206927,68,7819
199040,206860,206928,68,7820
199040,206856,206929,73,7816
199040,206869,206929,60,7829
199040,206874,206932,58,7834
199040,206860,206934,74,7820
199040,206861,206934,73,7821
199040,206863,206936,73,7823
199040,206870,206936,66,7830
199040,206872,206937,65,7832
199040,206872,206938,66,7832
199040,206867,206938,71,7827
199040,206874,206939,65,7834
199040,206873,206939,66,7833
199040,206873,206940,67,7833
199040,206874,206943,69,7834
199040,206873,206943,70,7833
199040,206876,206947,71,7836
199040,206875,206947,72,7835
199040,206881,206948,67,7841
199040,206878,206951,73,7838
199040,206876,206951,75,7836
199040,206876,206952,76,7836
199040,206879,206952,73,7839
199040,206877,206953,76,7837
199040,206877,206953,76,7837
199040,206881,206955,74,7841
199040,206883,206955,72,7843
199040,206880,206956,76,7840
199040,206885,206959,74,7845
199040,206886,206960,74,7846
199040,206879,206961,82,7839
199040,206889,206963,74,7849
199040,206889,206963,74,7849
199040,206885,206964,79,7845
199040,206887,206965,78,7847
199040,206888,206965,77,7848
199040,206892,206965,73,7852
199040,206896,206967,71,7856
199040,206893,206969,76,7853
199040,206893,206969,76,7853
199040,206887,206970,83,7847
199040,206891,206970,79,7851
199040,206901,206970,69,7861
199040,206901,206971,70,7861
199040,206892,206971,79,7852
199040,206896,206972,76,7856
199040,206896,206972,76,7856
199040,206905,206974,69,7865
199040,206898,206974,76,7858
197651,205567,206976,1409,7916
199040,206897,206977,80,7857
199040,206900,206977,77,7860
199040,206921,206980,59,7881
199040,206908,206980,72,7868
199040,206910,206980,70,7870
199040,206917,206982,65,7877
199040,206917,206983,66,7877
199040,206916,206984,68,7876
199040,206906,206985,79,7866
199040,206923,206987,64,7883
199040,206915,206988,73,7875
199040,206914,206990,76,7874
199040,206919,206991,72,7879
199040,206921,206990,69,7881
199040,206922,206991,69,7882
199040,206909,206992,83,7869
199040,206925,206993,68,7885
199040,206919,206992,73,7879
199040,206925,206993,68,7885
199040,206922,206993,71,7882
199040,206916,206994,78,7876
199040,206928,206995,67,7888
199040,206929,206995,66,7889
199040,206922,206996,74,7882
199040,206930,206999,69,7890
199040,206938,207001,63,7898
199040,206925,207001,76,7885
199040,206930,207001,71,7890
199040,206928,207002,74,7888
199040,206939,207003,64,7899
199040,206933,207005,72,7893
199040,206936,207005,69,7896
199040,206939,207007,68,7899
199040,206935,207008,73,7895
199040,206944,207008,64,7904
199040,206935,207009,74,7895
199040,206943,207009,66,7903
199040,206940,207012,72,7900
199040,206938,207012,74,7898
199040,206937,207015,78,7897
199040,206947,207019,72,7907
199040,206953,207019,66,7913
199040,206954,207019,65,7914
199040,206951,207019,68,7911
199040,206953,207020,67,7913
199040,206941,207020,79,7901
199040,206947,207022,75,7907
199040,206949,207023,74,7909
199040,206951,207026,75,7911
199040,206955,207027,72,7915
199040,206961,207028,67,7921
199040,206953,207028,75,7913
199040,206962,207028,66,7922
199040,206963,207029,66,7923
199040,206957,207030,73,7917
199040,206965,207032,67,7925
199040,206955,207032,77,7915
199040,206959,207034,75,7919
199040,206969,207036,67,7929
199040,206970,207037,67,7930
199040,206966,207037,71,7926
199283,206978,207039,61,7695
199040,206966,207039,73,7926
199040,206968,207039,71,7928
199040,206973,207040,67,7933
199040,206965,207040,75,7925
199040,206971,207041,70,7931
199040,206964,207041,77,7924
199283,206981,207043,62,7698
199040,206971,207043,72,7931
199040,206974,207046,72,7934
199040,206971,207046,75,7931
199283,206992,207046,54,7709
199040,206971,207046,75,7931
199283,206991,207046,55,7708
199040,206974,207046,72,7934
199283,206989,207046,57,7706
199283,206990,207047,57,7707
199040,206971,207048,77,7931
199283,206986,207048,62,7703
199040,206977,207049,72,7937
199040,206972,207049,77,7932
199283,206988,207050,62,7705
199283,206982,207050,68,7699
199283,206980,207050,70,7697
199283,206994,207051,57,7711
199283,206991,207052,61,7708
199283,206993,207053,60,7710
199283,206985,207053,68,7702
199283,206993,207054,61,7710
199283,206983,207056,73,7700
199283,206981,207057,76,7698
199283,206996,207058,62,7713
199283,206996,207059,63,7713
199283,207002,207060,58,7719
199283,206996,207061,65,7713
199283,207005,207062,57,7722
199283,207000,207063,63,7717
199283,206992,207065,73,7709
199283,207001,207067,66,7718
199283,207004,207067,63,7721
199283,207006,207067,61,7723
199283,207001,207067,66,7718
199283,207008,207069,61,7725
199283,206994,207069,75,7711
199283,206995,207069,74,7712
199283,207001,207070,69,7718
199283,207008,207071,63,7725
199283,207008,207071,63,7725
199283,207009,207073,64,7726
199283,207010,207075,65,7727
199283,207012,207079,67,7729
199283,207016,207080,64,7733
199283,207020,207084,64,7737
199283,207019,207086,67,7736
199283,207013,207085,72,7730
199283,207020,207087,67,7737
199283,207021,207088,67,7738
199283,207027,207092,65,7744
199283,207020,207092,72,7737
199283,207020,207092,72,7737
199283,207023,207093,70,7740
199283,207023,207093,70,7740
199283,207031,207094,63,7748
199283,207029,207095,66,7746
199283,207029,207096,67,7746
199283,207029,207096,67,7746
199283,207030,207096,66,7747
199283,207032,207098,66,7749
199283,207028,207100,72,7745
199283,207034,207100,66,7751
199283,207038,207100,62,7755
199283,207038,207103,65,7755
199283,207032,207104,72,7749
199283,207040,207104,64,7757
199283,207036,207105,69,7753
199283,207042,207107,65,7759
199283,207042,207107,65,7759
199283,207041,207109,68,7758
199283,207041,207109,68,7758
199283,207044,207110,66,7761
199283,207049,207110,61,7766
199283,207039,207111,72,7756
199283,207040,207112,72,7757
199283,207044,207112,68,7761
199283,207048,207113,65,7765
199283,207048,207113,65,7765
199283,207047,207115,68,7764
199283,207046,207115,69,7763
199283,207046,207116,70,7763
199283,207050,207117,67,7767
199283,207046,207116,70,7763
199283,207046,207117,71,7763
199283,207051,207119,68,7768
199283,207050,207118,68,7767
199283,207050,207120,70,7767
199283,207047,207119,72,7764
199283,207057,207121,64,7774
199283,207046,207122,76,7763
199283,207050,207122,72,7767
199283,207053,207122,69,7770
199283,207051,207124,73,7768
199283,207053,207126,73,7770
199283,207061,207127,66,7778
199283,207052,207127,75,7769
199283,207058,207129,71,7775
199283,207060,207129,69,7777
199283,207059,207130,71,7776
199283,207061,207131,70,7778
199283,207064,207133,69,7781
199283,207067,207134,67,7784
199283,207067,207135,68,7784
199283,207063,207137,74,7780
199283,207070,207137,67,7787
199283,207070,207138,68,7787
199283,207068,207138,70,7785
199283,207054,207138,84,7771
199283,207070,207138,68,7787
199283,207069,207139,70,7786
199283,207065,207140,75,7782
199283,207072,207144,72,7789
199283,207072,207145,73,7789
199283,207081,207147,66,7798
199283,207097,207147,50,7814
199283,207079,207148,69,7796
199283,207101,207149,48,7818
199283,207074,207152,78,7791
199283,207075,207153,78,7792
199283,207088,207153,65,7805
199283,207085,207153,68,7802
199283,207086,207154,68,7803
199283,207101,207156,55,7818
199283,207087,207156,69,7804
199283,207067,207157,90,7784
199283,207097,207158,61,7814
199283,207099,207158,59,7816
199283,207106,207157,51,7823
199283,207101,207159,58,7818
199283,207105,207160,55,7822
199283,207086,207161,75,7803
199283,207110,207161,51,7827
199283,207092,207161,69,7809
199283,207104,207161,57,7821
199283,207095,207163,68,7812
199283,207095,207167,72,7812
199283,207108,207168,60,7825
199283,207093,207168,75,7810
199283,207105,207168,63,7822
199283,207093,207170,77,7810
199283,207094,207170,76,7811
199283,207097,207172,75,7814
199283,207113,207172,59,7830
199283,207093,207174,81,7810
199283,207110,207179,69,7827
199283,207110,207180,70,7827
199283,207108,207182,74,7825
199283,207114,207185,71,7831
199283,207119,207188,69,7836
199283,207113,207188,75,7830
197876,205801,207189,1388,7925
199283,207121,207189,68,7838
199283,207111,207190,79,7828
199283,207117,207191,74,7834
199283,207119,207191,72,7836
199283,207112,207192,80,7829
199283,207118,207193,75,7835
199283,207116,207193,77,7833
199283,207117,207194,77,7834
199283,207122,207194,72,7839
199283,207117,207196,79,7834
199283,207115,207197,82,7832
199283,207120,207197,77,7837
199283,207121,207199,78,7838
199283,207114,207201,87,7831
199283,207128,207201,73,7845
199283,207122,207203,81,7839
199283,207123,207203,80,7840
199283,207135,207203,68,7852
199283,207125,207203,78,7842
199283,207127,207203,76,7844
199283,207126,207205,79,7843
199283,207130,207205,75,7847
199283,207131,207206,75,7848
199283,207131,207208,77,7848
199283,207135,207209,74,7852
199283,207140,207209,69,7857
199283,207138,207211,73,7855
199283,207133,207213,80,7850
199283,207138,207213,75,7855
199283,207129,207213,84,7846
199283,207148,207214,66,7865
199283,207138,207214,76,7855
199283,207148,207215,67,7865
199283,207145,207215,70,7862
199283,207137,207216,79,7854
199283,207138,207216,78,7855
199283,207154,207218,64,7871
199283,207158,207221,63,7875
199283,207155,207220,65,7872
199283,207153,207221,68,7870
199283,207138,207222,84,7855
199283,207141,207221,80,7858
199283,207154,207223,69,7871
199283,207152,207224,72,7869
199283,207159,207224,65,7876
199283,207158,207225,67,7875
199283,207150,207225,75,7867
199283,207157,207228,71,7874
199283,207158,207228,70,7875
199283,207148,207229,81,7865
199283,207162,207229,67,7879
199283,207144,207230,86,7861
199283,207156,207231,75,7873
199283,207164,207232,68,7881
199283,207158,207232,74,7875
199283,207162,207233,71,7879
199283,207171,207234,63,7888
199283,207162,207234,72,7879
199283,207169,207238,69,7886
199283,207161,207238,77,7878
199283,207169,207238,69,7886
199283,207168,207239,71,7885
199283,207172,207239,67,7889
199283,207173,207240,67,7890
199283,207181,207241,60,7898
199283,207162,207240,78,7879
199283,207180,207242,62,7897
199283,207169,207244,75,7886
199283,207171,207245,74,7888
199283,207174,207250,76,7891
199283,207189,207253,64,7906
199283,207189,207254,65,7906
199283,207190,207255,65,7907
199283,207190,207256,66,7907
199283,207191,207257,66,7908
199283,207192,207258,66,7909
199283,207190,207259,69,7907
199283,207192,207261,69,7909
199283,207182,207262,80,7899
199283,207185,207261,76,7902
199283,207198,207263,65,7915
199283,207195,207265,70,7912
199283,207194,207268,74,7911
199283,207197,207269,72,7914
199283,207205,207269,64,7922
199283,207197,207271,74,7914
199503,207218,207273,55,7715
199283,207203,207272,69,7920
199283,207203,207273,70,7920
199503,207217,207274,57,7714
199503,207217,207274,57,7714
199283,207204,207274,70,7921
199503,207221,207274,53,7718
199283,207195,207274,79,7912
199283,207214,207275,61,7931
199283,207202,207276,74,7919
199283,207203,207276,73,7920
199283,207208,207276,68,7925
199503,207221,207277,56,7718
199503,207225,207280,55,7722
199503,207215,207280,65,7712
199503,207222,207280,58,7719
199283,207212,207282,70,7929
199283,207205,207282,77,7922
199283,207214,207282,68,7931
199283,207207,207283,76,7924
199503,207222,207283,61,7719
199503,207225,207284,59,7722
199283,207213,207284,71,7930
199503,207216,207286,70,7713
199503,207222,207286,64,7719
199283,207210,207287,77,7927
199503,207230,207288,58,7727
199503,207226,207288,62,7723
199503,207224,207289,65,7721
199283,207209,207289,80,7926
199503,207224,207292,68,7721
199503,207240,207292,52,7737
199503,207240,207293,53,7737
199283,207215,207294,79,7932
199503,207228,207294,66,7725
199283,207195,207269,74,7912
199283,207200,207273,73,7917
199283,207202,207279,77,7919
199283,207203,207274,71,7920
199503,207239,207294,55,7736
199503,207235,207294,59,7732
199503,207232,207296,64,7729
199503,207231,207296,65,7728
199503,207229,207297,68,7726
199503,207234,207297,63,7731
199503,207232,207298,66,7729
199503,207241,207299,58,7738
199503,207233,207301,68,7730
199503,207230,207301,71,7727
199503,207238,207305,67,7735
199503,207240,207306,66,7737
199503,207234,207307,73,7731
199503,207238,207306,68,7735
199503,207241,207307,66,7738
199503,207245,207308,63,7742
199503,207245,207311,66,7742
199503,207243,207312,69,7740
199503,207256,207316,60,7753
199503,207251,207321,70,7748
199503,207260,207325,65,7757
199503,207253,207325,72,7750
199503,207266,207326,60,7763
199503,207261,207327,66,7758
199503,207262,207327,65,7759
199503,207259,207328,69,7756
199503,207257,207329,72,7754
199503,207258,207329,71,7755
199503,207262,207330,68,7759
199503,207269,207333,64,7766
199503,207264,207333,69,7761
199503,207270,207336,66,7767
199503,207274,207336,62,7771
199503,207273,207338,65,7770
199503,207274,207338,64,7771
199503,207274,207338,64,7771
199503,207274,207340,66,7771
199503,207271,207341,70,7768
199503,207275,207342,67,7772
199503,207276,207342,66,7773
199503,207273,207343,70,7770
199503,207270,207343,73,7767
199503,207287,207344,57,7784
199503,207275,207346,71,7772
199503,207276,207346,70,7773
199503,207278,207347,69,7775
199503,207277,207347,70,7774
199503,207277,207348,71,7774
199503,207285,207349,64,7782
199503,207283,207349,66,7780
199503,207280,207349,69,7777
199503,207287,207352,65,7784
199503,207289,207352,63,7786
199503,207284,207353,69,7781
199503,207281,207353,72,7778
199503,207281,207354,73,7778
199503,207289,207354,65,7786
199503,207283,207355,72,7780
199503,207287,207357,70,7784
199503,207285,207356,71,7782
199503,207283,207357,74,7780
199503,207284,207358,74,7781
199503,207290,207359,69,7787
199503,207293,207360,67,7790
199503,207289,207360,71,7786
199503,207292,207360,68,7789
199503,207295,207360,65,7792
199503,207293,207361,68,7790
199503,207295,207362,67,7792
199503,207297,207362,65,7794
199503,207295,207363,68,7792
199503,207294,207363,69,7791
199503,207295,207364,69,7792
199503,207295,207365,70,7792
199503,207295,207366,71,7792
199503,207297,207367,70,7794
199503,207295,207368,73,7792
199503,207298,207369,71,7795
199503,207297,207368,71,7794
199503,207295,207368,73,7792
199503,207300,207371,71,7797
199503,207297,207371,74,7794
199503,207302,207374,72,7799
199503,207307,207374,67,7804
199503,207313,207377,64,7810
199503,207306,207377,71,7803
199503,207307,207376,69,7804
199503,207307,207377,70,7804
199503,207302,207378,76,7799
199503,207308,207379,71,7805
199503,207309,207380,71,7806
199503,207316,207386,70,7813
199503,207312,207390,78,7809
199503,207321,207391,70,7818
199503,207342,207391,49,7839
199503,207339,207393,54,7836
199503,207338,207394,56,7835
199503,207339,207395,56,7836
199503,207326,207396,70,7823
199503,207337,207395,58,7834
199503,207341,207397,56,7838
199503,207326,207397,71,7823
199503,207330,207398,68,7827
199503,207343,207398,55,7840
199503,207328,207398,70,7825
199503,207331,207399,68,7828
199503,207334,207401,67,7831
199503,207328,207402,74,7825
199503,207326,207404,78,7823
199503,207334,207404,70,7831
199503,207342,207403,61,7839
199503,207330,207404,74,7827
199503,207342,207405,63,7839
199503,207330,207407,77,7827
199503,207345,207408,63,7842
199503,207344,207410,66,7841
199503,207336,207415,79,7833
199503,207347,207416,69,7844
199503,207347,207418,71,7844
199503,207348,207418,70,7845
199503,207348,207419,71,7845
199503,207346,207420,74,7843
199503,207349,207422,73,7846
199503,207350,207421,71,7847
199503,207350,207422,72,7847
199503,207361,207427,66,7858
199503,207357,207427,70,7854
199503,207353,207428,75,7850
199503,207358,207428,70,7855
199503,207356,207429,73,7853
199503,207354,207430,76,7851
199503,207352,207431,79,7849
199503,207354,207433,79,7851
199503,207361,207434,73,7858
199503,207356,207434,78,7853
199503,207362,207435,73,7859
199503,207362,207436,74,7859
199503,207357,207436,79,7854
199503,207361,207437,76,7858
199503,207361,207437,76,7858
199503,207358,207437,79,7855
199503,207369,207438,69,7866
198102,206035,207439,1404,7933
199503,207372,207439,67,7869
199503,207364,207440,76,7861
199503,207365,207440,75,7862
199503,207364,207441,77,7861
199503,207359,207442,83,7856
199503,207369,207442,73,7866
199503,207354,207443,89,7851
199503,207363,207444,81,7860
199503,207369,207445,76,7866
199503,207378,207446,68,7875
199503,207363,207446,83,7860
199503,207378,207447,69,7875
199503,207366,207448,82,7863
199503,207374,207448,74,7871
199503,207375,207448,73,7872
199503,207377,207449,72,7874
199503,207372,207449,77,7869
199503,207369,207450,81,7866
199503,207368,207451,83,7865
199503,207377,207453,76,7874
199503,207377,207453,76,7874
199503,207380,207453,73,7877
199503,207391,207454,63,7888
199503,207381,207455,74,7878
199503,207391,207459,68,7888
199503,207394,207460,66,7891
199503,207399,207461,62,7896
199503,207396,207462,66,7893
199503,207396,207463,67,7893
199503,207390,207463,73,7887
199503,207387,207464,77,7884
199503,207395,207465,70,7892
199503,207398,207465,67,7895
199503,207398,207466,68,7895
199503,207395,207467,72,7892
199503,207404,207468,64,7901
199503,207399,207468,69,7896
199503,207397,207469,72,7894
199503,207407,207471,64,7904
199503,207403,207473,70,7900
199503,207404,207473,69,7901
199503,207410,207474,64,7907
199503,207399,207476,77,7896
199503,207404,207475,71,7901
199503,207402,207476,74,7899
199503,207409,207476,67,7906
199503,207406,207476,70,7903
199503,207405,207480,75,7902
199503,207422,207482,60,7919
199503,207416,207484,68,7913
199503,207420,207485,65,7917
199503,207419,207486,67,7916
199503,207419,207487,68,7916
199503,207417,207488,71,7914
199503,207422,207490,68,7919
199503,207427,207491,64,7924
199503,207421,207492,71,7918
199503,207427,207496,69,7924
199503,207429,207495,66,7926
199503,207434,207497,63,7931
199503,207429,207498,69,7926
199503,207430,207499,69,7927
199503,207438,207500,62,7935
199503,207432,207502,70,7929
199503,207437,207505,68,7934
199735,207454,207506,52,7719
199503,207430,207507,77,7927
199503,207439,207509,70,7936
199503,207436,207509,73,7933
199503,207443,207510,67,7940
199503,207435,207510,75,7932
199503,207439,207511,72,7936
199503,207433,207510,77,7930
199735,207450,207510,60,7715
199503,207448,207511,63,7945
199503,207442,207511,69,7939
199735,207455,207512,57,7720
199735,207450,207511,61,7715
199735,207454,207511,57,7719
199503,207437,207513,76,7934
199503,207438,207515,77,7935
199735,207451,207515,64,7716
199503,207441,207514,73,7938
199503,207438,207516,78,7935
199735,207454,207517,63,7719
199735,207462,207517,55,7727
199735,207461,207517,56,7726
199503,207438,207519,81,7935
199503,207440,207518,78,7937
199735,207454,207520,66,7719
199503,207448,207520,72,7945
199735,207465,207520,55,7730
199503,207442,207521,79,7939
199735,207469,207522,53,7734
199503,207449,207521,72,7946
199503,207444,207522,78,7941
199735,207465,207523,58,7730
199503,207422,207493,71,7919
199503,207442,207504,62,7939
199503,207447,207523,76,7944
199503,207445,207524,79,7942
199735,207466,207524,58,7731
199735,207452,207524,72,7717
199503,207447,207524,77,7944
199735,207477,207526,49,7742
199735,207467,207528,61,7732
199735,207468,207528,60,7733
199735,207464,207529,65,7729
199735,207468,207532,64,7733
199735,207473,207533,60,7738
199735,207477,207534,57,7742
199735,207460,207534,74,7725
199735,207477,207534,57,7742
199735,207475,207534,59,7740
199735,207463,207535,72,7728
199735,207464,207536,72,7729
199735,207469,207539,70,7734
199735,207481,207541,60,7746
199735,207476,207542,66,7741
199735,207477,207544,67,7742
199735,207474,207545,71,7739
199735,207472,207544,72,7737
199735,207483,207546,63,7748
199735,207487,207551,64,7752
199735,207486,207553,67,7751
199735,207492,207553,61,7757
199735,207485,207555,70,7750
199735,207487,207557,70,7752
199735,207489,207558,69,7754
199735,207490,207559,69,7755
199735,207496,207560,64,7761
199735,207500,207567,67,7765
199735,207500,207570,70,7765
199735,207496,207570,74,7761
199735,207505,207570,65,7770
199735,207498,207571,73,7763
199735,207499,207572,73,7764
199735,207511,207573,62,7776
199735,207507,207573,66,7772
199735,207507,207573,66,7772
199735,207503,207575,72,7768
199735,207511,207575,64,7776
199735,207511,207575,64,7776
199735,207511,207575,64,7776
199735,207509,207577,68,7774
199735,207511,207577,66,7776
199735,207510,207577,67,7775
199735,207512,207578,66,7777
199735,207512,207579,67,7777
199735,207512,207580,68,7777
199735,207512,207580,68,7777
199735,207511,207580,69,7776
199735,207515,207583,68,7780
199735,207517,207584,67,7782
199735,207519,207585,66,7784
199735,207515,207586,71,7780
199735,207514,207587,73,7779
199735,207517,207587,70,7782
199735,207520,207587,67,7785
199735,207524,207588,64,7789
199735,207517,207589,72,7782
199735,207521,207589,68,7786
199735,207519,207589,70,7784
199735,207522,207589,67,7787
199735,207517,207589,72,7782
199735,207515,207590,75,7780
199735,207521,207591,70,7786
199735,207525,207591,66,7790
199735,207524,207591,67,7789
199735,207522,207592,70,7787
199735,207522,207593,71,7787
199735,207523,207594,71,7788
199735,207520,207594,74,7785
199735,207524,207596,72,7789
199735,207524,207596,72,7789
199735,207525,207597,72,7790
199735,207524,207598,74,7789
199735,207526,207599,73,7791
199735,207529,207600,71,7794
199735,207534,207601,67,7799
199735,207524,207601,77,7789
199735,207535,207602,67,7800
199735,207534,207602,68,7799
199735,207535,207605,70,7800
199735,207537,207605,68,7802
199735,207529,207606,77,7794
199735,207539,207608,69,7804
199735,207529,207609,80,7794
199735,207541,207609,68,7806
199735,207532,207609,77,7797
199735,207536,207612,76,7801
199735,207535,207615,80,7800
199735,207543,207615,72,7808
199735,207545,207615,70,7810
199735,207545,207618,73,7810
199735,207544,207620,76,7809
199735,207547,207622,75,7812
199735,207555,207626,71,7820
199735,207578,207627,49,7843
199735,207552,207627,75,7817
199735,207561,207628,67,7826
199735,207554,207629,75,7819
199735,207576,207631,55,7841
199735,207559,207631,72,7824
199735,207576,207633,57,7841
199735,207578,207634,56,7843
199735,207578,207635,57,7843
199735,207581,207635,54,7846
199735,207579,207635,56,7844
199735,207553,207635,82,7818
199735,207568,207636,68,7833
199735,207558,207637,79,7823
199735,207559,207638,79,7824
199735,207571,207639,68,7836
199735,207576,207639,63,7841
199735,207571,207640,69,7836
199735,207571,207640,69,7836
199735,207571,207641,70,7836
199735,207574,207641,67,7839
199735,207579,207642,63,7844
199735,207575,207641,66,7840
199735,207573,207643,70,7838
199735,207584,207644,60,7849
199735,207574,207645,71,7839
199735,207580,207646,66,7845
199735,207586,207647,61,7851
199735,207581,207649,68,7846
199735,207587,207657,70,7852
199735,207587,207656,69,7852
199735,207588,207657,69,7853
199735,207574,207657,83,7839
199735,207588,207660,72,7853
199735,207584,207661,77,7849
199735,207591,207663,72,7856
199735,207592,207664,72,7857
199735,207594,207665,71,7859
199735,207589,207666,77,7854
199735,207590,207666,76,7855
199735,207588,207667,79,7853
199735,207594,207668,74,7859
199735,207589,207669,80,7854
199735,207596,207670,74,7861
199735,207590,207670,80,7855
199735,207600,207670,70,7865
199735,207592,207671,79,7857
199735,207593,207671,78,7858
199735,207590,207671,81,7855
199735,207595,207672,77,7860
199735,207597,207674,77,7862
199735,207599,207676,77,7864
199735,207602,207676,74,7867
199735,207605,207677,72,7870
199735,207609,207677,68,7874
199735,207603,207677,74,7868
199735,207600,207677,77,7865
199735,207596,207678,82,7861
199735,207607,207678,71,7872
199735,207618,207679,61,7883
199735,207609,207679,70,7874
199735,207592,207679,87,7857
199735,207601,207680,79,7866
199735,207602,207682,80,7867
199735,207610,207685,75,7875
199735,207621,207685,64,7886
199735,207612,207689,77,7877
199735,207623,207691,68,7888
199735,207615,207691,76,7880
199735,207610,207691,81,7875
199735,207616,207692,76,7881
199735,207605,207692,87,7870
199735,207616,207693,77,7881
199735,207627,207693,66,7892
199735,207636,207694,58,7901
199735,207627,207694,67,7892
199735,207636,207695,59,7901
199735,207634,207695,61,7899
199735,207627,207696,69,7892
199735,207632,207698,66,7897
199735,207635,207699,64,7900
199735,207628,207700,72,7893
199735,207639,207700,61,7904
199735,207629,207700,71,7894
199735,207639,207701,62,7904
199735,207636,207702,66,7901
199735,207635,207702,67,7900
199735,207638,207703,65,7903
199735,207641,207703,62,7906
199735,207635,207704,69,7900
199735,207631,207704,73,7896
199735,207640,207705,65,7905
199735,207645,207705,60,7910
199735,207642,207707,65,7907
199735,207644,207707,63,7909
199735,207642,207707,65,7907
199735,207643,207709,66,7908
199735,207640,207713,73,7905
199735,207642,207714,72,7907
199735,207647,207714,67,7912
199735,207641,207716,75,7906
199735,207650,207719,69,7915
199735,207647,207719,72,7912
199735,207657,207719,62,7922
199735,207657,207720,63,7922
199735,207662,207722,60,7927
199735,207661,207723,62,7926
199735,207664,207728,64,7929
199735,207663,207730,67,7928
199735,207658,207730,72,7923
199735,207666,207729,63,7931
199735,207657,207731,74,7922
207729,207729,207732,3,0
199735,207668,207733,65,7933
199735,207668,207734,66,7933
199735,207671,207737,66,7936
199735,207671,207738,67,7936
199735,207678,207738,60,7943
199735,207665,207740,75,7930
199735,207670,207740,70,7935
199735,207666,207740,74,7931
199735,207678,207742,64,7943
199735,207673,207743,70,7938
199735,207672,207744,72,7937
199735,207681,207744,63,7946
199735,207670,207744,74,7935
199735,207671,207745,74,7936
199735,207677,207747,70,7942
199735,207672,207747,75,7937
199735,207675,207748,73,7940
199735,207683,207748,65,7948
199932,207695,207749,54,7763
199735,207677,207750,73,7942
199932,207694,207751,57,7762
199932,207703,207750,47,7771
199735,207677,207751,74,7942
198339,206268,207752,1484,7929
199735,207680,207752,72,7945
199932,207692,207752,60,7760
199932,207691,207753,62,7759
199735,207680,207754,74,7945
199932,207695,207754,59,7763
199932,207693,207755,62,7761
199932,207696,207754,58,7764
199735,207686,207755,69,7951
199932,207694,207755,61,7762
199735,207678,207756,78,7943
199932,207694,207757,63,7762
199735,207678,207756,78,7943
199932,207702,207757,55,7770
199735,207678,207758,80,7943
199932,207691,207758,67,7759
199735,207679,207759,80,7944
199932,207703,207760,57,7771
199735,207689,207761,72,7954
199932,207709,207761,52,7777
199932,207714,207762,48,7782
199932,207700,207763,63,7768
199932,207704,207764,60,7772
199932,207701,207763,62,7769
199735,207686,207764,78,7951
199932,207714,207764,50,7782
199932,207699,207765,66,7767
199932,207700,207765,65,7768
199932,207697,207765,68,7765
199932,207701,207766,65,7769
199932,207706,207768,62,7774
199932,207705,207770,65,7773
199932,207707,207771,64,7775
199932,207708,207771,63,7776
199932,207705,207771,66,7773
199932,207708,207772,64,7776
199932,207703,207773,70,7771
199932,207715,207774,59,7783
199932,207704,207777,73,7772
199932,207720,207779,59,7788
199932,207720,207779,59,7788
199932,207716,207780,64,7784
199932,207720,207784,64,7788
199932,207721,207787,66,7789
199932,207724,207789,65,7792
199932,207722,207795,73,7790
199932,207730,207798,68,7798
199932,207732,207799,67,7800
199932,207729,207800,71,7797
199932,207746,207800,54,7814
199932,207730,207802,72,7798
199932,207734,207802,68,7802
199932,207730,207803,73,7798
199932,207733,207803,70,7801
199932,207743,207806,63,7811
199932,207737,207806,69,7805
199932,207740,207807,67,7808
199932,207743,207808,65,7811
199932,207740,207811,71,7808
199932,207739,207811,72,7807
199932,207747,207811,64,7815
199932,207739,207812,73,7807
199932,207741,207813,72,7809
199932,207744,207813,69,7812
199932,207748,207814,66,7816
199932,207745,207814,69,7813
199932,207744,207816,72,7812
199932,207753,207818,65,7821
199932,207752,207818,66,7820
199932,207751,207819,68,7819
199932,207751,207819,68,7819
199932,207750,207820,70,7818
199932,207757,207820,63,7825
199932,207749,207821,72,7817
199932,207752,207821,69,7820
199932,207751,207821,70,7819
199932,207754,207822,68,7822
199932,207757,207824,67,7825
199932,207748,207824,76,7816
199932,207751,207824,73,7819
199932,207759,207826,67,7827
199932,207753,207826,73,7821
199932,207756,207827,71,7824
199932,207757,207826,69,7825
199932,207756,207826,70,7824
199932,207758,207828,70,7826
199932,207756,207828,72,7824
199932,207761,207829,68,7829
199932,207765,207829,64,7833
199932,207760,207829,69,7828
199932,207755,207830,75,7823
199932,207756,207830,74,7824
199932,207763,207831,68,7831
199932,207755,207831,76,7823
199932,207761,207831,70,7829
199932,207764,207832,68,7832
199932,207764,207832,68,7832
199932,207765,207834,69,7833
199932,207760,207834,74,7828
199932,207763,207836,73,7831
199932,207765,207836,71,7833
199932,207772,207836,64,7840
199932,207768,207837,69,7836
199932,207764,207838,74,7832
199932,207772,207840,68,7840
199932,207766,207840,74,7834
199932,207766,207841,75,7834
199932,207773,207842,69,7841
199932,207773,207843,70,7841
199932,207775,207846,71,7843
199932,207771,207847,76,7839
199932,207772,207848,76,7840
199932,207778,207848,70,7846
199932,207780,207852,72,7848
199932,207779,207854,75,7847
199932,207784,207855,71,7852
199932,207779,207856,77,7847
199932,207789,207860,71,7857
199932,207814,207861,47,7882
199932,207796,207862,66,7864
199932,207814,207865,51,7882
199932,207799,207866,67,7867
199932,207813,207867,54,7881
199932,207787,207868,81,7855
199932,207815,207867,52,7883
199932,207799,207868,69,7867
199932,207815,207869,54,7883
199932,207802,207869,67,7870
199932,207803,207871,68,7871
199932,207812,207873,61,7880
199932,207800,207876,76,7868
199932,207801,207876,75,7869
199932,207803,207878,75,7871
199932,207807,207877,70,7875
199932,207822,207879,57,7890
199932,207819,207881,62,7887
199932,207808,207881,73,7876
199932,207804,207882,78,7872
199932,207811,207882,71,7879
199932,207811,207884,73,7879
199932,207809,207885,76,7877
199932,207817,207886,69,7885
199932,207807,207887,80,7875
199932,207819,207887,68,7887
199932,207821,207888,67,7889
199932,207823,207890,67,7891
199932,207818,207894,76,7886
199932,207825,207895,70,7893
199932,207821,207897,76,7889
199932,207827,207897,70,7895
199932,207822,207898,76,7890
199932,207824,207899,75,7892
199932,207827,207900,73,7895
199932,207820,207900,80,7888
199932,207825,207902,77,7893
199932,207822,207902,80,7890
199932,207831,207903,72,7899
199932,207828,207903,75,7896
199932,207827,207904,77,7895
199932,207829,207904,75,7897
199932,207832,207905,73,7900
199932,207829,207905,76,7897
199932,207835,207905,70,7903
199932,207840,207905,65,7908
199932,207826,207905,79,7894
199932,207828,207906,78,7896
199932,207835,207907,72,7903
199932,207830,207907,77,7898
199932,207826,207908,82,7894
199932,207843,207909,66,7911
198560,206510,207909,1399,7950
199932,207830,207910,80,7898
199932,207837,207911,74,7905
199932,207832,207912,80,7900
199932,207837,207911,74,7905
199932,207833,207912,79,7901
199932,207833,207913,80,7901
199932,207831,207913,82,7899
199932,207842,207913,71,7910
199932,207841,207914,73,7909
199932,207839,207914,75,7907
199932,207837,207915,78,7905
199932,207837,207917,80,7905
199932,207852,207918,66,7920
199932,207857,207919,62,7925
199932,207847,207920,73,7915
199932,207842,207920,78,7910
199932,207849,207922,73,7917
199932,207847,207925,78,7915
199932,207849,207925,76,7917
199932,207869,207926,57,7937
199932,207854,207928,74,7922
199932,207856,207929,73,7924
199932,207876,207931,55,7944
199932,207862,207931,69,7930
199932,207866,207932,66,7934
199932,207860,207932,72,7928
199932,207869,207933,64,7937
199932,207863,207933,70,7931
199932,207868,207935,67,7936
199932,207867,207936,69,7935
199932,207866,207937,71,7934
199932,207870,207938,68,7938
199932,207868,207938,70,7936
199932,207881,207940,59,7949
199932,207872,207942,70,7940
199932,207881,207942,61,7949
199932,207883,207942,59,7951
199932,207874,207945,71,7942
199932,207879,207945,66,7947
199932,207876,207945,69,7944
199932,207878,207945,67,7946
199932,207882,207945,63,7950
199932,207887,207947,60,7955
199932,207878,207948,70,7946
199932,207884,207948,64,7952
199932,207886,207951,65,7954
199932,207888,207952,64,7956
199932,207889,207955,66,7957
199932,207886,207956,70,7954
199932,207902,207956,54,7970
199932,207890,207960,70,7958
199932,207898,207961,63,7966
199932,207899,207961,62,7967
199932,207898,207962,64,7966
199932,207905,207963,58,7973
199932,207895,207966,71,7963
199932,207901,207967,66,7969
199932,207906,207967,61,7974
199932,207894,207969,75,7962
199932,207906,207969,63,7974
199932,207902,207969,67,7970
199932,207900,207972,72,7968
199932,207904,207973,69,7972
199932,207901,207974,73,7969
200153,207920,207974,54,7767
199932,207903,207976,73,7971
199932,207908,207977,69,7976
199932,207912,207977,65,7980
199932,207907,207978,71,7975
199932,207913,207978,65,7981
199932,207903,207980,77,7971
199932,207906,207980,74,7974
199932,207909,207981,72,7977
199932,207905,207980,75,7973
199932,207910,207981,71,7978
199932,207912,207982,70,7980
199932,207912,207983,71,7980
200153,207921,207984,63,7768
200153,207932,207983,51,7779
199932,207914,207984,70,7982
200153,207926,207985,59,7773
199932,207905,207985,80,7973
199932,207914,207985,71,7982
199932,207911,207986,75,7979
199932,207908,207986,78,7976
199932,207911,207988,77,7979
200153,207933,207988,55,7780
199932,207915,207987,72,7983
200153,207934,207988,54,7781
199932,207917,207990,73,7985
199932,207905,207979,74,7973
199932,207914,207989,75,7982
200153,207926,207977,51,7773
200153,207930,207991,61,7777
200153,207919,207992,73,7766
200153,207925,207993,68,7772
200153,207934,207993,59,7781
200153,207922,207995,73,7769
200153,207929,207994,65,7776
199932,207914,207996,82,7982
200153,207943,207996,53,7790
200153,207938,207997,59,7785
200153,207933,207997,64,7780
200153,207938,207998,60,7785
200153,207941,208000,59,7788
200153,207946,208002,56,7793
200153,207943,208004,61,7790
200153,207946,208003,57,7793
200153,207949,208004,55,7796
200153,207948,208003,55,7795
200153,207937,208005,68,7784
200153,207948,208005,57,7795
200153,207936,208006,70,7783
200153,207945,208006,61,7792
200153,207932,208009,77,7779
200153,207945,208008,63,7792
200153,207946,208009,63,7793
200153,207939,208011,72,7786
200153,207952,208011,59,7799
200153,207953,208012,59,7800
200153,207956,208012,56,7803
200153,207943,208013,70,7790
200153,207956,208018,62,7803
200153,207957,208023,66,7804
200153,207962,208026,64,7809
200153,207961,208028,67,7808
200153,207964,208028,64,7811
200153,207961,208028,67,7808
200153,207969,208033,64,7816
200153,207973,208035,62,7820
200153,207980,208035,55,7827
200153,207967,208036,69,7814
200153,207969,208037,68,7816
200153,207970,208038,68,7817
200153,207968,208038,70,7815
200153,207967,208040,73,7814
200153,207981,208041,60,7828
200153,207980,208041,61,7827
200153,207974,208043,69,7821
200153,207974,208043,69,7821
200153,207977,208044,67,7824
200153,207978,208046,68,7825
200153,207983,208047,64,7830
200153,207975,208048,73,7822
200153,207977,208048,71,7824
200153,207978,208049,71,7825
200153,207992,208050,58,7839
200153,207979,208050,71,7826
200153,207992,208050,58,7839
200153,207981,208051,70,7828
200153,207986,208052,66,7833
200153,207981,208053,72,7828
200153,207985,208053,68,7832
200153,207984,208054,70,7831
200153,207985,208055,70,7832
200153,207984,208055,71,7831
200153,207986,208055,69,7833
200153,207988,208056,68,7835
200153,207992,208056,64,7839
200153,207992,208056,64,7839
200153,207989,208058,69,7836
200153,207988,208057,69,7835
200153,207995,208058,63,7842
200153,207997,208059,62,7844
200153,207995,208059,64,7842
200153,207984,208059,75,7831
200153,207988,208060,72,7835
200153,207985,208060,75,7832
200153,207987,208061,74,7834
200153,207994,208061,67,7841
200153,207992,208062,70,7839
200153,207991,208063,72,7838
200153,207996,208065,69,7843
200153,207994,208065,71,7841
200153,208002,208068,66,7849
200153,207998,208068,70,7845
200153,208005,208070,65,7852
200153,207998,208070,72,7845
200153,208004,208071,67,7851
200153,207998,208071,73,7845
200153,208004,208071,67,7851
200153,208000,208071,71,7847
200153,207993,208073,80,7840
200153,208006,208074,68,7853
200153,208004,208075,71,7851
200153,208004,208076,72,7851
200153,208006,208079,73,7853
200153,208009,208080,71,7856
200153,208009,208082,73,7856
200153,208013,208083,70,7860
200153,208010,208085,75,7857
200153,208011,208086,75,7858
200153,208013,208088,75,7860
200153,208006,208088,82,7853
200153,208014,208088,74,7861
200153,208011,208091,80,7858
200153,208019,208092,73,7866
200153,208045,208094,49,7892
200153,208028,208094,66,7875
200153,208044,208095,51,7891
200153,208023,208095,72,7870
200153,208048,208097,49,7895
200153,208047,208097,50,7894
200153,208028,208098,70,7875
200153,208027,208099,72,7874
200153,208046,208103,57,7893
200153,208050,208103,53,7897
200153,208037,208102,65,7884
200153,208038,208104,66,7885
200153,208034,208105,71,7881
200153,208029,208107,78,7876
200153,208036,208109,73,7883
200153,208049,208109,60,7896
200153,208051,208110,59,7898
200153,208035,208110,75,7882
200153,208038,208110,72,7885
200153,208039,208111,72,7886
200153,208043,208112,69,7890
200153,208049,208113,64,7896
200153,208053,208113,60,7900
200153,208041,208114,73,7888
200153,208050,208115,65,7897
200153,208041,208116,75,7888
200153,208051,208119,68,7898
200153,208042,208120,78,7889
200153,208054,208122,68,7901
200153,208054,208125,71,7901
200153,208059,208127,68,7906
200153,208058,208131,73,7905
200153,208059,208132,73,7906
200153,208056,208133,77,7903
200153,208061,208135,74,7908
200153,208064,208134,70,7911
200153,208076,208136,60,7923
200153,208056,208136,80,7903
200153,208071,208136,65,7918
200153,208055,208138,83,7902
200153,208072,208137,65,7919
200153,208055,208138,83,7902
200153,208065,208138,73,7912
200153,208062,208138,76,7909
200153,208057,208138,81,7904
200153,208061,208139,78,7908
200153,208071,208138,67,7918
200153,208057,208139,82,7904
200153,208062,208139,77,7909
200153,208068,208140,72,7915
200153,208071,208141,70,7918
200153,208058,208143,85,7905
200153,208057,208142,85,7904
200153,208065,208144,79,7912
200153,208061,208143,82,7908
200153,208077,208144,67,7924
200153,208072,208144,72,7919
200153,208068,208144,76,7915
200153,208072,208145,73,7919
200153,208060,208146,86,7907
200153,208058,208147,89,7905
200153,208074,208146,72,7921
198805,206743,208146,1403,7938
200153,208080,208148,68,7927
200153,208074,208150,76,7921
200153,208087,208151,64,7934
200153,208086,208151,65,7933
200153,208084,208155,71,7931
200153,208092,208156,64,7939
200153,208080,208156,76,7927
200153,208089,208157,68,7936
200153,208082,208157,75,7929
200153,208089,208158,69,7936
200153,208103,208160,57,7950
200153,208099,208160,61,7946
200153,208089,208162,73,7936
200153,208098,208162,64,7945
200153,208099,208162,63,7946
200153,208093,208165,72,7940
200153,208103,208165,62,7950
200153,208094,208166,72,7941
200153,208103,208167,64,7950
200153,208096,208168,72,7943
200153,208095,208168,73,7942
200153,208098,208168,70,7945
200153,208110,208169,59,7957
200153,208095,208169,74,7942
200153,208106,208170,64,7953
200153,208108,208173,65,7955
200153,208110,208174,64,7957
200153,208111,208175,64,7958
200153,208104,208176,72,7951
200153,208109,208176,67,7956
200153,208113,208177,64,7960
200153,208112,208181,69,7959
200153,208113,208183,70,7960
200153,208115,208184,69,7962
200153,208115,208184,69,7962
200153,208111,208185,74,7958
200153,208117,208188,71,7964
200153,208114,208188,74,7961
200153,208125,208189,64,7972
200153,208132,208191,59,7979
200153,208135,208191,56,7982
200153,208123,208191,68,7970
200153,208120,208192,72,7967
200153,208121,208193,72,7968
200153,208140,208196,56,7987
200153,208138,208195,57,7985
200153,208132,208199,67,7979
200153,208137,208199,62,7984
200153,208138,208202,64,7985
200153,208128,208203,75,7975
200153,208139,208204,65,7986
200153,208133,208205,72,7980
200153,208138,208206,68,7985
200153,208139,208207,68,7986
200153,208137,208207,70,7984
200153,208146,208208,62,7993
200153,208139,208209,70,7986
200417,208160,208209,49,7743
200417,208156,208209,53,7739
200417,208163,208209,46,7746
200153,208146,208210,64,7993
200153,208135,208210,75,7982
200153,208139,208210,71,7986
200153,208147,208211,64,7994
200153,208138,208211,73,7985
200153,208148,208211,63,7995
200417,208158,208211,53,7741
200153,208140,208212,72,7987
200417,208156,208212,56,7739
200153,208147,208213,66,7994
200153,208147,208213,66,7994
200153,208144,208213,69,7991
200417,208158,208214,56,7741
200153,208144,208215,71,7991
200153,208142,208216,74,7989
200153,208150,208216,66,7997
200153,208140,208218,78,7987
200153,208151,208217,66,7998
200153,208145,208218,73,7992
200417,208161,208218,57,7744
200417,208162,208219,57,7745
200417,208158,208219,61,7741
200417,208169,208220,51,7752
200153,208144,208220,76,7991
200153,208144,208224,80,7991
200417,208155,208225,70,7738
200417,208165,208226,61,7748
200417,208165,208227,62,7748
200153,208143,208227,84,7990
200417,208168,208228,60,7751
200153,208136,208197,61,7983
200153,208143,208211,68,7990
200417,208162,208212,50,7745
200417,208169,208229,60,7752
200417,208184,208229,45,7767
200417,208174,208230,56,7757
200417,208170,208231,61,7753
200417,208169,208231,62,7752
200417,208178,208232,54,7761
200417,208183,208232,49,7766
200417,208176,208234,58,7759
200417,208170,208236,66,7753
200417,208185,208237,52,7768
200417,208176,208237,61,7759
200417,208188,208237,49,7771
200417,208170,208237,67,7753
200417,208186,208238,52,7769
200417,208177,208237,60,7760
200417,208167,208238,71,7750
200417,208181,208239,58,7764
200417,208174,208241,67,7757
200417,208189,208249,60,7772
200417,208190,208251,61,7773
200417,208192,208255,63,7775
200417,208192,208257,65,7775
200417,208193,208262,69,7776
200417,208210,208267,57,7793
200417,208196,208267,71,7779
200417,208199,208268,69,7782
200417,208196,208269,73,7779
200417,208200,208271,71,7783
200417,208203,208271,68,7786
200417,208203,208273,70,7786
200417,208206,208273,67,7789
200417,208194,208273,79,7777
200417,208208,208273,65,7791
200417,208211,208273,62,7794
200417,208207,208275,68,7790
200417,208213,208277,64,7796
200417,208209,208277,68,7792
200417,208211,208278,67,7794
200417,208210,208278,68,7793
200417,208205,208278,73,7788
200417,208212,208278,66,7795
200417,208212,208280,68,7795
200417,208211,208280,69,7794
200417,208207,208279,72,7790
200417,208211,208281,70,7794
200417,208213,208281,68,7796
200417,208210,208281,71,7793
200417,208217,208283,66,7800
200417,208212,208283,71,7795
200417,208210,208283,73,7793
200417,208213,208284,71,7796
200417,208214,208285,71,7797
200417,208220,208285,65,7803
200417,208225,208286,61,7808
200417,208215,208286,71,7798
200417,208219,208286,67,7802
200417,208215,208288,73,7798
200417,208219,208288,69,7802
200417,208214,208289,75,7797
200417,208217,208289,72,7800
200417,208221,208291,70,7804
200417,208220,208291,71,7803
200417,208229,208293,64,7812
200417,208226,208293,67,7809
200417,208218,208293,75,7801
200417,208229,208294,65,7812
200417,208230,208294,64,7813
200417,208226,208294,68,7809
200417,208218,208294,76,7801
200417,208228,208295,67,7811
200417,208231,208296,65,7814
200417,208229,208296,67,7812
200417,208229,208296,67,7812
200417,208231,208296,65,7814
200417,208221,208297,76,7804
200417,208228,208298,70,7811
200417,208235,208299,64,7818
200417,208229,208300,71,7812
200417,208229,208300,71,7812
200417,208232,208302,70,7815
200417,208237,208303,66,7820
200417,208233,208305,72,7816
200417,208232,208305,73,7815
200417,208237,208306,69,7820
200417,208237,208308,71,7820
200417,208238,208308,70,7821
200417,208238,208309,71,7821
200417,208239,208311,72,7822
200417,208241,208310,69,7824
200417,208238,208312,74,7821
200417,208240,208312,72,7823
200417,208238,208316,78,7821
200417,208251,208318,67,7834
200417,208250,208323,73,7833
200417,208279,208327,48,7862
200417,208258,208329,71,7841
200417,208255,208330,75,7838
200417,208262,208333,71,7845
200417,208279,208332,53,7862
200417,208280,208332,52,7863
200417,208278,208333,55,7861
200417,208278,208336,58,7861
200417,208267,208337,70,7850
200417,208278,208338,60,7861
200417,208269,208340,71,7852
200417,208273,208341,68,7856
200417,208281,208341,60,7864
200417,208274,208341,67,7857
200417,208267,208343,76,7850
200417,208281,208342,61,7864
200417,208274,208343,69,7857
200417,208280,208343,63,7863
200417,208271,208343,72,7854
200417,208281,208342,61,7864
200417,208274,208344,70,7857
200417,208284,208345,61,7867
200417,208280,208345,65,7863
200417,208284,208347,63,7867
200417,208276,208346,70,7859
200417,208268,208348,80,7851
200417,208272,208349,77,7855
200417,208273,208353,80,7856
200417,208286,208354,68,7869
200417,208277,208356,79,7860
200417,208286,208357,71,7869
199043,206978,208358,1380,7935
200417,208284,208361,77,7867
200417,208286,208361,75,7869
200417,208300,208362,62,7883
200417,208295,208363,68,7878
200417,208291,208364,73,7874
200417,208305,208364,59,7888
200417,208297,208364,67,7880
200417,208298,208365,67,7881
200417,208289,208365,76,7872
200417,208289,208366,77,7872
200417,208294,208366,72,7877
200417,208285,208366,81,7868
200417,208289,208367,78,7872
200417,208294,208367,73,7877
200417,208290,208367,77,7873
200417,208297,208369,72,7880
200417,208292,208368,76,7875
200417,208309,208369,60,7892
200417,208295,208369,74,7878
200417,208287,208370,83,7870
200417,208295,208371,76,7878
200417,208307,208370,63,7890
200417,208295,208370,75,7878
200417,208299,208372,73,7882
200417,208301,208373,72,7884
200417,208313,208374,61,7896
200417,208295,208375,80,7878
200417,208297,208376,79,7880
200417,208299,208376,77,7882
200417,208296,208376,80,7879
200417,208287,208377,90,7870
200417,208319,208377,58,7902
200417,208303,208378,75,7886
200417,208309,208378,69,7892
200417,208294,208378,84,7877
200417,208306,208379,73,7889
200417,208311,208380,69,7894
200417,208308,208381,73,7891
200417,208311,208382,71,7894
200417,208304,208382,78,7887
200417,208317,208384,67,7900
200417,208323,208388,65,7906
200417,208339,208390,51,7922
200417,208313,208391,78,7896
200417,208333,208394,61,7916
200417,208334,208395,61,7917
200417,208330,208396,66,7913
200417,208333,208398,65,7916
200417,208328,208399,71,7911
200417,208337,208401,64,7920
200417,208348,208402,54,7931
200417,208342,208403,61,7925
200417,208347,208404,57,7930
200417,208342,208405,63,7925
200417,208343,208405,62,7926
200417,208338,208406,68,7921
200417,208345,208406,61,7928
200417,208333,208406,73,7916
200417,208342,208407,65,7925
200417,208341,208407,66,7924
200417,208343,208408,65,7926
200417,208349,208408,59,7932
200417,208330,208408,78,7913
200417,208350,208409,59,7933
200417,208343,208410,67,7926
200417,208343,208410,67,7926
200417,208343,208412,69,7926
200417,208346,208413,67,7929
200417,208353,208414,61,7936
200417,208355,208414,59,7938
200417,208343,208415,72,7926
200417,208345,208419,74,7928
200417,208362,208421,59,7945
200417,208364,208422,58,7947
200417,208358,208424,66,7941
200417,208361,208425,64,7944
200417,208357,208424,67,7940
200417,208366,208425,59,7949
200417,208363,208426,63,7946
200417,208367,208428,61,7950
200417,208370,208428,58,7953
200417,208367,208430,63,7950
200417,208364,208432,68,7947
200417,208358,208432,74,7941
200417,208362,208434,72,7945
200417,208370,208435,65,7953
200417,208371,208435,64,7954
200642,208380,208435,55,7738
200417,208365,208436,71,7948
200417,208367,208436,69,7950
200417,208379,208436,57,7962
200417,208377,208437,60,7960
200417,208364,208438,74,7947
200417,208377,208438,61,7960
200417,208369,208439,70,7952
200417,208367,208439,72,7950
200642,208382,208440,58,7740
200642,208388,208440,52,7746
200642,208383,208441,58,7741
200417,208375,208441,66,7958
200642,208385,208441,56,7743
200417,208371,208441,70,7954
200417,208366,208441,75,7949
200417,208366,208442,76,7949
200417,208369,208442,73,7952
200417,208373,208444,71,7956
200417,208378,208445,67,7961
200417,208377,208445,68,7960
200642,208390,208446,56,7748
200417,208371,208445,74,7954
200417,208372,208446,74,7955
200417,208369,208439,70,7952
200417,208374,208437,63,7957
200417,208376,208446,70,7959
200642,208382,208448,66,7740
200417,208377,208449,72,7960
200417,208379,208450,71,7962
200642,208394,208453,59,7752
200642,208399,208456,57,7757
200642,208397,208457,60,7755
200642,208396,208458,62,7754
200642,208403,208462,59,7761
200642,208399,208462,63,7757
200642,208407,208462,55,7765
200642,208410,208463,53,7768
200642,208402,208464,62,7760
200642,208406,208465,59,7764
200642,208409,208464,55,7767
200642,208414,208464,50,7772
200642,208392,208466,74,7750
200642,208413,208466,53,7771
200642,208409,208466,57,7767
200642,208409,208466,57,7767
200642,208407,208467,60,7765
200642,208407,208469,62,7765
200642,208415,208469,54,7773
200642,208413,208469,56,7771
200642,208406,208469,63,7764
200642,208403,208470,67,7761
200642,208404,208471,67,7762
200642,208411,208470,59,7769
200642,208408,208471,63,7766
200642,208416,208475,59,7774
200642,208405,208475,70,7763
200642,208409,208477,68,7767
200642,208420,208479,59,7778
200642,208422,208483,61,7780
200642,208423,208483,60,7781
200642,208425,208485,60,7783
200642,208426,208492,66,7784
200642,208425,208493,68,7783
200642,208426,208496,70,7784
200642,208428,208497,69,7786
200642,208428,208497,69,7786
200642,208433,208498,65,7791
200642,208439,208502,63,7797
200642,208440,208502,62,7798
200642,208440,208503,63,7798
200642,208436,208504,68,7794
200642,208435,208504,69,7793
200642,208437,208505,68,7795
200642,208438,208505,67,7796
200642,208430,208505,75,7788
200642,208432,208505,73,7790
200642,208437,208505,68,7795
200642,208438,208507,69,7796
200642,208437,208507,70,7795
200642,208435,208507,72,7793
200642,208442,208507,65,7800
200642,208442,208508,66,7800
200642,208436,208509,73,7794
200642,208440,208510,70,7798
200642,208446,208510,64,7804
200642,208442,208510,68,7800
200642,208443,208510,67,7801
200642,208443,208511,68,7801
200642,208445,208514,69,7803
200642,208447,208513,66,7805
200642,208441,208514,73,7799
200642,208442,208515,73,7800
200642,208446,208516,70,7804
200642,208447,208517,70,7805
200642,208451,208517,66,7809
200642,208447,208517,70,7805
200642,208446,208519,73,7804
200642,208447,208520,73,7805
200642,208449,208519,70,7807
200642,208442,208521,79,7800
200642,208450,208521,71,7808
200642,208445,208522,77,7803
200642,208447,208523,76,7805
200642,208457,208526,69,7815
200642,208456,208529,73,7814
200642,208462,208529,67,7820
200642,208463,208531,68,7821
200642,208462,208530,68,7820
200642,208454,208531,77,7812
200642,208467,208533,66,7825
200642,208459,208533,74,7817
200642,208467,208534,67,7825
200642,208463,208534,71,7821
200642,208465,208535,70,7823
200642,208468,208536,68,7826
200642,208464,208536,72,7822
200642,208466,208537,71,7824
200642,208465,208537,72,7823
200642,208469,208538,69,7827
200642,208472,208541,69,7830
200642,208471,208541,70,7829
200642,208465,208541,76,7823
200642,208471,208541,70,7829
200642,208470,208542,72,7828
200642,208467,208542,75,7825
200642,208469,208542,73,7827
200642,208476,208544,68,7834
200642,208476,208545,69,7834
200642,208478,208546,68,7836
200642,208471,208547,76,7829
200642,208470,208547,77,7828
200642,208507,208550,43,7865
200642,208480,208554,74,7838
200642,208486,208555,69,7844
200642,208483,208556,73,7841
200642,208506,208556,50,7864
200642,208484,208558,74,7842
200642,208493,208562,69,7851
200642,208507,208564,57,7865
200642,208497,208564,67,7855
200642,208507,208564,57,7865
200642,208506,208565,59,7864
200642,208498,208567,69,7856
200642,208509,208567,58,7867
200642,208499,208568,69,7857
200642,208509,208568,59,7867
200642,208507,208568,61,7865
200642,208493,208570,77,7851
200642,208497,208570,73,7855
200642,208506,208570,64,7864
200642,208503,208571,68,7861
200642,208502,208572,70,7860
200642,208506,208573,67,7864
199286,207215,208573,1358,7929
200642,208510,208573,63,7868
200642,208502,208578,76,7860
200642,208510,208578,68,7868
200642,208510,208579,69,7868
200642,208504,208580,76,7862
200642,208505,208581,76,7863
200642,208510,208581,71,7868
200642,208514,208583,69,7872
200642,208504,208584,80,7862
200642,208511,208586,75,7869
200642,208515,208588,73,7873
200642,208514,208589,75,7872
200642,208517,208591,74,7875
200642,208515,208591,76,7873
200642,208516,208593,77,7874
200642,208527,208594,67,7885
200642,208520,208595,75,7878
200642,208524,208595,71,7882
200642,208518,208596,78,7876
200642,208517,208597,80,7875
200642,208520,208596,76,7878
200642,208520,208598,78,7878
200642,208521,208599,78,7879
200642,208535,208599,64,7893
200642,208541,208599,58,7899
200642,208531,208600,69,7889
200642,208537,208601,64,7895
200642,208537,208602,65,7895
200642,208522,208602,80,7880
200642,208523,208603,80,7881
200642,208537,208604,67,7895
200642,208541,208605,64,7899
200642,208531,208605,74,7889
200642,208530,208605,75,7888
200642,208539,208607,68,7897
200642,208536,208609,73,7894
200642,208550,208608,58,7908
200642,208529,208608,79,7887
200642,208542,208609,67,7900
200642,208535,208608,73,7893
200642,208534,208610,76,7892
200642,208543,208610,67,7901
200642,208534,208612,78,7892
200642,208541,208614,73,7899
200642,208531,208616,85,7889
200642,208547,208616,69,7905
200642,208537,208616,79,7895
200642,208542,208618,76,7900
200642,208547,208618,71,7905
200642,208546,208620,74,7904
200642,208545,208620,75,7903
200642,208559,208621,62,7917
200642,208556,208620,64,7914
200642,208557,208623,66,7915
200642,208547,208623,76,7905
200642,208563,208626,63,7921
200642,208571,208626,55,7929
200642,208568,208626,58,7926
200642,208543,208627,84,7901
200642,208574,208628,54,7932
200642,208568,208627,59,7926
200642,208569,208629,60,7927
200642,208564,208631,67,7922
200642,208555,208630,75,7913
200642,208565,208631,66,7923
200642,208566,208632,66,7924
200642,208567,208632,65,7925
200642,208571,208636,65,7929
200642,208570,208636,66,7928
200642,208573,208637,64,7931
200642,208564,208637,73,7922
200642,208557,208639,82,7915
200642,208579,208639,60,7937
200642,208581,208640,59,7939
200642,208572,208641,69,7930
200642,208574,208641,67,7932
200642,208569,208641,72,7927
200642,208573,208642,69,7931
200642,208578,208643,65,7936
200642,208579,208644,65,7937
200642,208584,208646,62,7942
200642,208582,208648,66,7940
200642,208584,208649,65,7942
200642,208582,208651,69,7940
200642,208587,208652,65,7945
200642,208590,208654,64,7948
200642,208592,208654,62,7950
200642,208595,208656,61,7953
200642,208589,208656,67,7947
200642,208597,208656,59,7955
200642,208592,208657,65,7950
200642,208602,208660,58,7960
200642,208599,208661,62,7957
200642,208600,208662,62,7958
200642,208597,208663,66,7955
200642,208606,208663,57,7964
200642,208594,208663,69,7952
200642,208596,208665,69,7954
200642,208602,208666,64,7960
200642,208597,208667,70,7955
200642,208603,208667,64,7961
200642,208593,208668,75,7951
200642,208599,208668,69,7957
200877,208619,208668,49,7742
200642,208602,208668,66,7960
200877,208617,208670,53,7740
200642,208608,208670,62,7966
200642,208600,208671,71,7958
200877,208621,208672,51,7744
200877,208618,208672,54,7741
200642,208606,208673,67,7964
200642,208609,208673,64,7967
200877,208617,208673,56,7740
200642,208611,208674,63,7969
200642,208612,208674,62,7970
200642,208598,208675,77,7956
200642,208605,208674,69,7963
200877,208620,208675,55,7743
200642,208609,208676,67,7967
200877,208621,208678,57,7744
200642,208611,208678,67,7969
200642,208606,208679,73,7964
200642,208609,208680,71,7967
200642,208609,208681,72,7967
200877,208621,208681,60,7744
200642,208609,208682,73,7967
200877,208627,208683,56,7750
200642,208614,208683,69,7972
200877,208624,208683,59,7747
200877,208626,208682,56,7749
200877,208627,208683,56,7750
200877,208623,208685,62,7746
200877,208628,208686,58,7751
200877,208633,208689,56,7756
200877,208632,208690,58,7755
200877,208641,208691,50,7764
200877,208643,208691,48,7766
200877,208636,208692,56,7759
200877,208642,208692,50,7765
200877,208644,208693,49,7767
200877,208627,208693,66,7750
200877,208642,208695,53,7765
200877,208631,208695,64,7754
200877,208645,208696,51,7768
200877,208637,208696,59,7760
200877,208637,208696,59,7760
200877,208633,208697,64,7756
200877,208639,208697,58,7762
200877,208628,208698,70,7751
200877,208642,208698,56,7765
200877,208639,208700,61,7762
200877,208649,208700,51,7772
200877,208647,208700,53,7770
200877,208630,208702,72,7753
200877,208637,208703,66,7760
200877,208651,208707,56,7774
200877,208631,208707,76,7754
200877,208655,208714,59,7778
200877,208650,208718,68,7773
200877,208653,208719,66,7776
200877,208654,208723,69,7777
200877,208658,208724,66,7781
200877,208661,208725,64,7784
200877,208657,208725,68,7780
200877,208657,208726,69,7780
200877,208657,208726,69,7780
200877,208663,208727,64,7786
200877,208669,208729,60,7792
200877,208661,208730,69,7784
200877,208664,208731,67,7787
200877,208670,208733,63,7793
200877,208667,208733,66,7790
200877,208667,208733,66,7790
200877,208664,208735,71,7787
200877,208663,208736,73,7786
200877,208673,208736,63,7796
200877,208671,208736,65,7794
200877,208669,208736,67,7792
200877,208668,208736,68,7791
200877,208674,208738,64,7797
200877,208671,208738,67,7794
200877,208669,208740,71,7792
200877,208666,208740,74,7789
200877,208675,208740,65,7798
200877,208669,208740,71,7792
200877,208683,208743,60,7806
200877,208673,208743,70,7796
200877,208676,208744,68,7799
200877,208677,208744,67,7800
200877,208675,208744,69,7798
200877,208673,208745,72,7796
200877,208674,208745,71,7797
200877,208681,208745,64,7804
200877,208675,208747,72,7798
200877,208680,208747,67,7803
200877,208683,208749,66,7806
200877,208675,208749,74,7798
200877,208679,208749,70,7802
200877,208683,208750,67,7806
200877,208683,208751,68,7806
200877,208679,208752,73,7802
200877,208687,208753,66,7810
200877,208686,208754,68,7809
200877,208682,208755,73,7805
200877,208682,208755,73,7805
200877,208684,208757,73,7807
200877,208683,208758,75,7806
200877,208693,208760,67,7816
208755,208755,208762,7,0
200877,208691,208762,71,7814
200877,208691,208762,71,7814
200877,208689,208763,74,7812
200877,208698,208763,65,7821
200877,208693,208764,71,7816
200877,208696,208764,68,7819
200877,208690,208765,75,7813
200877,208692,208767,75,7815
200877,208695,208767,72,7818
200877,208698,208767,69,7821
200877,208701,208767,66,7824
200877,208700,208768,68,7823
200877,208695,208768,73,7818
200877,208696,208769,73,7819
200877,208696,208770,74,7819
200877,208701,208770,69,7824
200877,208699,208771,72,7822
200877,208699,208772,73,7822
200877,208694,208773,79,7817
200877,208736,208775,39,7859
200877,208703,208777,74,7826
200877,208708,208777,69,7831
200877,208708,208777,69,7831
200877,208704,208780,76,7827
200877,208714,208782,68,7837
200877,208737,208783,46,7860
200877,208719,208786,67,7842
200877,208719,208787,68,7842
200877,208734,208788,54,7857
200877,208737,208788,51,7860
200877,208734,208788,54,7857
200877,208725,208790,65,7848
200877,208735,208794,59,7858
200877,208736,208794,58,7859
200877,208724,208794,70,7847
200877,208725,208794,69,7848
200877,208734,208795,61,7857
200877,208727,208797,70,7850
200877,208724,208798,74,7847
200877,208740,208799,59,7863
200877,208728,208799,71,7851
200877,208737,208801,64,7860
200877,208730,208801,71,7853
200877,208727,208801,74,7850
200877,208731,208802,71,7854
200877,208731,208802,71,7854
200877,208738,208804,66,7861
200877,208741,208807,66,7864
200877,208748,208814,66,7871
200877,208741,208814,73,7864
200877,208739,208817,78,7862
200877,208744,208817,73,7867
200877,208751,208819,68,7874
200877,208748,208820,72,7871
200877,208741,208821,80,7864
200877,208746,208821,75,7869
200877,208749,208821,72,7872
200877,208746,208823,77,7869
200877,208745,208823,78,7868
200877,208744,208823,79,7867
200877,208763,208825,62,7886
200877,208749,208825,76,7872
200877,208758,208826,68,7881
200877,208744,208827,83,7867
200877,208746,208827,81,7869
200877,208745,208828,83,7868
200877,208752,208828,76,7875
200877,208752,208828,76,7875
200877,208755,208830,75,7878
200877,208757,208830,73,7880
200877,208767,208832,65,7890
200877,208771,208832,61,7894
200877,208753,208833,80,7876
200877,208763,208833,70,7886
200877,208764,208833,69,7887
200877,208765,208833,68,7888
200877,208766,208834,68,7889
200877,208749,208835,86,7872
200877,208756,208835,79,7879
200877,208768,208836,68,7891
200877,208773,208837,64,7896
200877,208769,208837,68,7892
200877,208756,208838,82,7879
200877,208763,208837,74,7886
200877,208769,208838,69,7892
200877,208771,208839,68,7894
200877,208774,208839,65,7897
200877,208768,208839,71,7891
200877,208777,208840,63,7900
200877,208783,208840,57,7906
200877,208761,208840,79,7884
200877,208788,208841,53,7911
200877,208768,208843,75,7891
200877,208764,208843,79,7887
200877,208791,208844,53,7914
200877,208772,208845,73,7895
200877,208775,208845,70,7898
200877,208768,208847,79,7891
200877,208777,208848,71,7900
200877,208783,208848,65,7906
200877,208788,208849,61,7911
199506,207449,208849,1400,7943
200877,208781,208852,71,7904
200877,208778,208854,76,7901
200877,208787,208855,68,7910
200877,208795,208857,62,7918
200877,208802,208856,54,7925
200877,208788,208857,69,7911
200877,208795,208857,62,7918
200877,208794,208857,63,7917
200877,208802,208861,59,7925
200877,208804,208861,57,7927
200877,208801,208861,60,7924
200877,208797,208862,65,7920
200877,208795,208862,67,7918
200877,208789,208863,74,7912
200877,208799,208864,65,7922
200877,208800,208865,65,7923
200877,208794,208865,71,7917
200877,208803,208867,64,7926
200877,208808,208869,61,7931
200877,208799,208869,70,7922
200877,208817,208870,53,7940
200877,208814,208873,59,7937
200877,208803,208876,73,7926
200877,208820,208878,58,7943
200877,208821,208880,59,7944
200877,208815,208880,65,7938
200877,208823,208882,59,7946
200877,208828,208887,59,7951
200877,208817,208889,72,7940
200877,208823,208889,66,7946
200877,208825,208891,66,7948
200877,208822,208893,71,7945
201099,208846,208895,49,7747
200877,208819,208896,77,7942
201099,208841,208895,54,7742
200877,208826,208896,70,7949
201099,208841,208896,55,7742
200877,208834,208897,63,7957
200877,208828,208898,70,7951
200877,208830,208899,69,7953
200877,208833,208899,66,7956
200877,208832,208900,68,7955
200877,208840,208899,59,7963
200877,208822,208899,77,7945
201099,208841,208899,58,7742
200877,208838,208900,62,7961
200877,208834,208901,67,7957
200877,208840,208901,61,7963
201099,208842,208901,59,7743
200877,208824,208901,77,7947
200877,208829,208901,72,7952
200877,208827,208901,74,7950
200877,208831,208902,71,7954
200877,208838,208903,65,7961
201099,208852,208903,51,7753
200877,208834,208904,70,7957
201099,208848,208904,56,7749
201099,208844,208905,61,7745
201099,208850,208906,56,7751
200877,208835,208906,71,7958
201099,208843,208907,64,7744
200877,208838,208907,69,7961
201099,208854,208908,54,7755
200877,208828,208909,81,7951
201099,208864,208908,44,7765
200877,208838,208909,71,7961
201099,208850,208910,60,7751
201099,208846,208911,65,7747
201099,208857,208911,54,7758
201099,208845,208912,67,7746
201099,208855,208911,56,7756
201099,208857,208911,54,7758
200877,208826,208910,84,7949
200877,208836,208906,70,7959
200877,208837,208913,76,7960
201099,208858,208913,55,7759
200877,208838,208916,78,7961
200877,208832,208916,84,7955
200877,208834,208917,83,7957
201099,208848,208917,69,7749
201099,208870,208918,48,7771
201099,208848,208919,71,7749
201099,208865,208921,56,7766
201099,208866,208921,55,7767
201099,208868,208923,55,7769
201099,208857,208923,66,7758
201099,208870,208924,54,7771
201099,208863,208925,62,7764
201099,208861,208927,66,7762
201099,208862,208928,66,7763
201099,208861,208927,66,7762
201099,208863,208928,65,7764
201099,208857,208930,73,7758
201099,208863,208930,67,7764
201099,208871,208930,59,7772
201099,208874,208930,56,7775
201099,208876,208936,60,7777
201099,208881,208942,61,7782
201099,208881,208944,63,7782
201099,208879,208948,69,7780
201099,208882,208953,71,7783
201099,208889,208957,68,7790
201099,208896,208959,63,7797
201099,208890,208959,69,7791
201099,208896,208959,63,7797
201099,208900,208963,63,7801
201099,208892,208964,72,7793
201099,208899,208966,67,7800
201099,208900,208966,66,7801
201099,208901,208966,65,7802
201099,208888,208966,78,7789
201099,208900,208968,68,7801
201099,208898,208968,70,7799
201099,208905,208968,63,7806
201099,208902,208968,66,7803
201099,208894,208968,74,7795
201099,208895,208970,75,7796
201099,208901,208970,69,7802
201099,208897,208971,74,7798
201099,208902,208971,69,7803
201099,208902,208970,68,7803
201099,208900,208971,71,7801
201099,208901,208971,70,7802
201099,208900,208971,71,7801
201099,208900,208973,73,7801
201099,208912,208973,61,7813
201099,208897,208973,76,7798
201099,208912,208974,62,7813
201099,208904,208975,71,7805
201099,208910,208975,65,7811
201099,208903,208975,72,7804
201099,208906,208976,70,7807
201099,208902,208976,74,7803
201099,208906,208977,71,7807
201099,208905,208977,72,7806
201099,208908,208977,69,7809
201099,208913,208978,65,7814
201099,208913,208980,67,7814
201099,208908,208980,72,7809
201099,208911,208981,70,7812
201099,208917,208980,63,7818
201099,208909,208981,72,7810
201099,208909,208981,72,7810
201099,208911,208982,71,7812
201099,208912,208983,71,7813
201099,208910,208982,72,7811
201099,208907,208983,76,7808
201099,208912,208983,71,7813
201099,208919,208983,64,7820
201099,208912,208984,72,7813
201099,208917,208985,68,7818
201099,208918,208984,66,7819
201099,208912,208985,73,7813
201099,208919,208989,70,7820
201099,208909,208990,81,7810
201099,208916,208989,73,7817
201099,208923,208992,69,7824
201099,208922,208993,71,7823
201099,208922,208993,71,7823
201099,208923,208995,72,7824
201099,208928,208996,68,7829
201099,208929,209000,71,7830
201099,208930,209000,70,7831
201099,208931,209001,70,7832
201099,208925,209002,77,7826
201099,208928,209002,74,7829
201099,208930,209003,73,7831
201099,208926,209005,79,7827
201099,208937,209007,70,7838
201099,208930,209008,78,7831
201099,208927,209011,84,7828
201099,208943,209012,69,7844
201099,208969,209014,45,7870
201099,208944,209015,71,7845
201099,208969,209017,48,7870
201099,208948,209019,71,7849
201099,208968,209022,54,7869
201099,208959,209024,65,7860
201099,208954,209025,71,7855
201099,208968,209025,57,7869
201099,208957,209027,70,7858
201099,208970,209027,57,7871
201099,208971,209028,57,7872
201099,208959,209028,69,7860
201099,208971,209029,58,7872
201099,208972,209030,58,7873
201099,208974,209032,58,7875
201099,208966,209033,67,7867
201099,208971,209037,66,7872
201099,208959,209037,78,7860
201099,208972,209038,66,7873
201099,208964,209038,74,7865
201099,208967,209040,73,7868
201099,208967,209040,73,7868
201099,208972,209041,69,7873
201099,208971,209042,71,7872
201099,208968,209042,74,7869
201099,208985,209044,59,7886
201099,208973,209044,71,7874
201099,208966,209044,78,7867
201099,208978,209047,69,7879
201099,208980,209046,66,7881
201099,208964,209048,84,7865
201099,208978,209050,72,7879
201099,208976,209050,74,7877
201099,208979,209050,71,7880
201099,208980,209050,70,7881
201099,208981,209050,69,7882
201099,208977,209051,74,7878
201099,208975,209051,76,7876
201099,208995,209052,57,7896
201099,208985,209053,68,7886
201099,208975,209053,78,7876
201099,208990,209053,63,7891
201099,208985,209054,69,7886
201099,208981,209054,73,7882
201099,208984,209054,70,7885
201099,208983,209054,71,7884
201099,208974,209054,80,7875
201099,208975,209055,80,7876
201099,208981,209056,75,7882
201099,208984,209056,72,7885
201099,208984,209056,72,7885
201099,208981,209056,75,7882
201099,208976,209057,81,7877
201099,208983,209058,75,7884
201099,208976,209058,82,7877
201099,209000,209059,59,7901
201099,208994,209059,65,7895
201099,208986,209060,74,7887
201099,208989,209061,72,7890
201099,208993,209063,70,7894
201099,208983,209064,81,7884
201099,209003,209065,62,7904
201099,208990,209065,75,7891
201099,208994,209066,72,7895
201099,209001,209067,66,7902
201099,209001,209071,70,7902
201099,209003,209071,68,7904
201099,209009,209072,63,7910
201099,208997,209072,75,7898
201099,209004,209074,70,7905
201099,209014,209076,62,7915
201099,209012,209078,66,7913
201099,209008,209078,70,7909
201099,209019,209081,62,7920
201099,209023,209081,58,7924
201099,209024,209083,59,7925
201099,209005,209084,79,7906
201099,209028,209084,56,7929
201099,209030,209084,54,7931
201099,209027,209085,58,7928
201099,209012,209086,74,7913
201099,209027,209086,59,7928
201099,209017,209087,70,7918
201099,209028,209089,61,7929
201099,209026,209089,63,7927
199739,207691,209090,1399,7952
201099,209030,209092,62,7931
201099,209016,209093,77,7917
201099,209033,209095,62,7934
201099,209025,209098,73,7926
201099,209041,209098,57,7942
201099,209043,209101,58,7944
201099,209038,209101,63,7939
201099,209033,209102,69,7934
201099,209038,209102,64,7939
201099,209041,209103,62,7942
201099,209039,209103,64,7940
201099,209047,209103,56,7948
201099,209044,209105,61,7945
201099,209045,209106,61,7946
201099,209041,209108,67,7942
201099,209039,209109,70,7940
201099,209042,209108,66,7943
201099,209045,209111,66,7946
201099,209047,209112,65,7948
201099,209051,209113,62,7952
201099,209052,209115,63,7953
201099,209050,209117,67,7951
201099,209050,209116,66,7951
201099,209054,209117,63,7955
201099,209051,209118,67,7952
201099,209049,209119,70,7950
201099,209055,209120,65,7956
201099,209051,209121,70,7952
201099,209054,209121,67,7955
201099,209054,209121,67,7955
201099,209053,209124,71,7954
201099,209053,209125,72,7954
201099,209050,209124,74,7951
201099,209057,209125,68,7958
201099,209059,209125,66,7960
201099,209060,209127,67,7961
201099,209055,209127,72,7956
201099,209055,209127,72,7956
201099,209058,209127,69,7959
201099,209052,209128,76,7953
201099,209066,209128,62,7967
201099,209058,209129,71,7959
201099,209061,209129,68,7962
201339,209071,209130,59,7732
201099,209056,209130,74,7957
201339,209071,209130,59,7732
201099,209065,209131,66,7966
201339,209079,209130,51,7740
201339,209072,209131,59,7733
201339,209072,209132,60,7733
201099,209065,209132,67,7966
201099,209060,209134,74,7961
201099,209065,209134,69,7966
201339,209085,209134,49,7746
201099,209055,209137,82,7956
201099,209056,209138,82,7957
201099,209056,209138,82,7957
201099,209064,209138,74,7965
201339,209077,209141,64,7738
201099,209062,209141,79,7963
201339,209078,209141,63,7739
201339,209082,209141,59,7743
201339,209087,209142,55,7748
201339,209081,209146,65,7742
201339,209084,209145,61,7745
201339,209089,209148,59,7750
201339,209095,209150,55,7756
201339,209075,209150,75,7736
201339,209085,209149,64,7746
201339,209084,209151,67,7745
201339,209094,209153,59,7755
201339,209088,209152,64,7749
201339,209090,209153,63,7751
201339,209102,209153,51,7763
201339,209084,209155,71,7745
201339,209102,209156,54,7763
201339,209090,209155,65,7751
201339,209103,209156,53,7764
201339,209104,209157,53,7765
201339,209099,209158,59,7760
201339,209098,209159,61,7759
201339,209106,209161,55,7767
201339,209093,209162,69,7754
201339,209106,209162,56,7767
201339,209087,209163,76,7748
201339,209103,209165,62,7764
201339,209101,209168,67,7762
201339,209101,209169,68,7762
201339,209108,209169,61,7769
201339,209109,209169,60,7770
201339,209112,209169,57,7773
201339,209109,209172,63,7770
201339,209113,209176,63,7774
201339,209113,209180,67,7774
201339,209118,209184,66,7779
201339,209120,209185,65,7781
201339,209115,209185,70,7776
201339,209117,209185,68,7778
201339,209118,209187,69,7779
201339,209128,209187,59,7789
201339,209117,209188,71,7778
201339,209121,209188,67,7782
201339,209122,209188,66,7783
201339,209121,209190,69,7782
201339,209128,209193,65,7789
201339,209122,209193,71,7783
201339,209124,209194,70,7785
201339,209125,209194,69,7786
201339,209131,209194,63,7792
201339,209129,209195,66,7790
201339,209125,209196,71,7786
201339,209130,209196,66,7791
201339,209128,209196,68,7789
201339,209131,209198,67,7792
201339,209130,209198,68,7791
201339,209126,209198,72,7787
201339,209125,209198,73,7786
201339,209128,209199,71,7789
201339,209131,209199,68,7792
201339,209128,209200,72,7789
201339,209131,209200,69,7792
201339,209131,209200,69,7792
201339,209132,209201,69,7793
201339,209133,209201,68,7794
201339,209134,209206,72,7795
201339,209139,209208,69,7800
201339,209137,209209,72,7798
201339,209146,209209,63,7807
201339,209135,209210,75,7796
201339,209142,209210,68,7803
201339,209142,209212,70,7803
201339,209133,209212,79,7794
201339,209142,209212,70,7803
201339,209138,209213,75,7799
201339,209139,209213,74,7800
201339,209142,209215,73,7803
201339,209135,209215,80,7796
201339,209141,209216,75,7802
201339,209146,209215,69,7807
201339,209150,209217,67,7811
201339,209150,209218,68,7811
201339,209150,209218,68,7811
201339,209153,209220,67,7814
201339,209149,209223,74,7810
201339,209153,209223,70,7814
201339,209156,209224,68,7817
201339,209154,209225,71,7815
201339,209154,209225,71,7815
201339,209156,209225,69,7817
201339,209156,209227,71,7817
201339,209160,209227,67,7821
201339,209159,209228,69,7820
201339,209152,209230,78,7813
201339,209157,209230,73,7818
201339,209158,209231,73,7819
201339,209163,209231,68,7824
201339,209162,209233,71,7823
201339,209168,209233,65,7829
201339,209162,209234,72,7823
201339,209165,209235,70,7826
201339,209164,209235,71,7825
201339,209170,209239,69,7831
201339,209170,209241,71,7831
201339,209169,209241,72,7830
201339,209173,209242,69,7834
201339,209170,209243,73,7831
201339,209194,209245,51,7855
201339,209195,209245,50,7856
201339,209193,209246,53,7854
201339,209176,209250,74,7837
201339,209195,209250,55,7856
201339,209196,209251,55,7857
201339,209194,209252,58,7855
201339,209180,209253,73,7841
201339,209197,209253,56,7858
201339,209193,209253,60,7854
201339,209187,209254,67,7848
201339,209185,209255,70,7846
201339,209196,209257,61,7857
201339,209198,209258,60,7859
201339,209185,209258,73,7846
201339,209185,209258,73,7846
201339,209188,209259,71,7849
201339,209185,209259,74,7846
201339,209188,209260,72,7849
201339,209198,209262,64,7859
201339,209190,209264,74,7851
201339,209189,209266,77,7850
201339,209200,209266,66,7861
201339,209198,209270,72,7859
201339,209189,209272,83,7850
201339,209201,209272,71,7862
201339,209199,209272,73,7860
201339,209199,209275,76,7860
201339,209200,209277,77,7861
201339,209210,209278,68,7871
201339,209208,209280,72,7869
201339,209202,209280,78,7863
201339,209216,209281,65,7877
201339,209202,209282,80,7863
201339,209210,209283,73,7871
201339,209215,209284,69,7876
199935,207919,209284,1365,7984
201339,209210,209283,73,7871
201339,209206,209284,78,7867
201339,209201,209285,84,7862
201339,209213,209284,71,7874
201339,209229,209286,57,7890
201339,209217,209288,71,7878
201339,209210,209289,79,7871
201339,209226,209289,63,7887
201339,209216,209289,73,7877
201339,209212,209290,78,7873
201339,209214,209292,78,7875
201339,209213,209292,79,7874
201339,209215,209293,78,7876
201339,209219,209292,73,7880
201339,209224,209293,69,7885
201339,209224,209293,69,7885
201339,209220,209294,74,7881
201339,209224,209294,70,7885
201339,209231,209295,64,7892
201339,209225,209295,70,7886
201339,209219,209295,76,7880
201339,209228,209295,67,7889
201339,209243,209297,54,7904
201339,209228,209297,69,7889
201339,209233,209297,64,7894
201339,209230,209298,68,7891
201339,209236,209299,63,7897
201339,209226,209299,73,7887
201339,209214,209298,84,7875
201339,209235,209300,65,7896
201339,209233,209302,69,7894
201339,209242,209303,61,7903
201339,209231,209305,74,7892
201339,209231,209305,74,7892
201339,209240,209307,67,7901
201339,209236,209307,71,7897
201339,209253,209307,54,7914
201339,209242,209308,66,7903
201339,209247,209308,61,7908
201339,209246,209308,62,7907
201339,209246,209309,63,7907
201339,209243,209311,68,7904
201339,209252,209313,61,7913
201339,209251,209312,61,7912
201339,209254,209314,60,7915
201339,209253,209314,61,7914
201339,209250,209315,65,7911
201339,209255,209315,60,7916
201339,209255,209316,61,7916
201339,209260,209320,60,7921
201339,209263,209321,58,7924
201339,209260,209320,60,7921
201339,209261,209321,60,7922
201339,209259,209321,62,7920
201339,209258,209323,65,7919
201339,209259,209326,67,7920
201339,209254,209329,75,7915
201339,209265,209331,66,7926
201339,209272,209333,61,7933
201339,209280,209334,54,7941
201339,209259,209336,77,7920
201339,209267,209336,69,7928
201339,209284,209338,54,7945
201339,209271,209338,67,7932
201339,209273,209340,67,7934
201339,209277,209340,63,7938
201339,209290,209342,52,7951
201339,209267,209342,75,7928
201339,209273,209342,69,7934
201339,209285,209343,58,7946
201339,209281,209344,63,7942
201339,209279,209344,65,7940
201339,209285,209344,59,7946
201339,209282,209345,63,7943
201339,209285,209345,60,7946
201339,209283,209347,64,7944
201339,209287,209349,62,7948
201339,209276,209350,74,7937
201562,209303,209353,50,7741
201339,209289,209354,65,7950
201339,209291,209354,63,7952
201339,209284,209355,71,7945
201562,209301,209357,56,7739
201339,209296,209357,61,7957
201339,209284,209357,73,7945
201339,209293,209359,66,7954
201339,209292,209360,68,7953
201339,209297,209360,63,7958
201339,209284,209360,76,7945
201339,209289,209360,71,7950
201339,209293,209361,68,7954
201339,209295,209362,67,7956
201562,209299,209363,64,7737
201562,209308,209364,56,7746
201339,209294,209364,70,7955
201339,209296,209365,69,7957
201339,209295,209366,71,7956
201562,209308,209366,58,7746
201339,209298,209367,69,7959
201562,209306,209367,61,7744
201562,209299,209369,70,7737
201339,209293,209369,76,7954
201339,209295,209369,74,7956
201339,209296,209369,73,7957
201562,209307,209370,63,7745
201562,209309,209370,61,7747
201562,209313,209370,57,7751
201562,209308,209372,64,7746
201562,209313,209372,59,7751
201562,209308,209373,65,7746
201562,209305,209373,68,7743
201339,209299,209374,75,7960
201562,209317,209375,58,7755
201339,209289,209360,71,7950
201562,209304,209375,71,7742
201339,209292,209375,83,7953
201339,209297,209375,78,7958
201562,209314,209376,62,7752
201562,209312,209377,65,7750
201562,209321,209377,56,7759
201562,209321,209377,56,7759
201562,209315,209378,63,7753
201562,209310,209379,69,7748
201562,209324,209381,57,7762
201562,209315,209381,66,7753
201562,209331,209381,50,7769
201562,209320,209381,61,7758
201562,209322,209381,59,7760
201562,209330,209382,52,7768
201562,209316,209384,68,7754
201562,209326,209386,60,7764
201562,209321,209388,67,7759
201562,209333,209387,54,7771
201562,209336,209388,52,7774
201562,209334,209393,59,7772
201562,209339,209394,55,7777
201562,209339,209397,58,7777
201562,209337,209398,61,7775
201562,209341,209399,58,7779
201562,209342,209405,63,7780
201562,209341,209406,65,7779
201562,209345,209411,66,7783
201562,209344,209411,67,7782
201562,209343,209411,68,7781
201562,209345,209412,67,7783
201562,209348,209413,65,7786
201562,209342,209413,71,7780
201562,209345,209415,70,7783
201562,209344,209415,71,7782
201562,209351,209419,68,7789
201562,209354,209421,67,7792
201562,209349,209422,73,7787
201562,209358,209422,64,7796
201562,209355,209423,68,7793
201562,209353,209424,71,7791
201562,209361,209425,64,7799
201562,209364,209425,61,7802
201562,209358,209425,67,7796
201562,209359,209425,66,7797
201562,209354,209426,72,7792
201562,209362,209429,67,7800
201562,209361,209429,68,7799
201562,209358,209430,72,7796
201562,209360,209430,70,7798
201562,209363,209433,70,7801
201562,209365,209432,67,7803
201562,209367,209433,66,7805
201562,209365,209433,68,7803
201562,209364,209434,70,7802
201562,209366,209435,69,7804
201562,209361,209436,75,7799
201562,209369,209437,68,7807
201562,209367,209439,72,7805
201562,209369,209440,71,7807
201562,209367,209441,74,7805
201562,209374,209440,66,7812
201562,209375,209441,66,7813
201562,209373,209441,68,7811
201562,209371,209441,70,7809
201562,209375,209442,67,7813
201562,209374,209444,70,7812
201562,209375,209444,69,7813
201562,209378,209444,66,7816
201562,209378,209445,67,7816
201562,209378,209445,67,7816
201562,209370,209446,76,7808
201562,209371,209447,76,7809
201562,209373,209447,74,7811
201562,209379,209447,68,7817
201562,209376,209447,71,7814
201562,209369,209448,79,7807
201562,209375,209448,73,7813
201562,209371,209449,78,7809
201562,209375,209451,76,7813
201562,209379,209451,72,7817
201562,209383,209451,68,7821
201562,209382,209452,70,7820
201562,209376,209452,76,7814
201562,209381,209453,72,7819
201562,209376,209453,77,7814
201562,209388,209454,66,7826
201562,209382,209455,73,7820
201562,209381,209456,75,7819
201562,209385,209457,72,7823
201562,209395,209461,66,7833
201562,209382,209462,80,7820
201562,209387,209465,78,7825
201562,209388,209466,78,7826
201562,209399,209467,68,7837
201562,209389,209469,80,7827
201562,209394,209469,75,7832
201562,209425,209471,46,7863
201562,209397,209471,74,7835
201562,209398,209472,74,7836
201562,209423,209475,52,7861
201562,209425,209474,49,7863
201562,209423,209476,53,7861
201562,209426,209477,51,7864
201562,209411,209479,68,7849
201562,209411,209480,69,7849
201562,209425,209481,56,7863
201562,209407,209481,74,7845
201562,209411,209482,71,7849
201562,209415,209483,68,7853
201562,209414,209484,70,7852
201562,209425,209484,59,7863
201562,209406,209485,79,7844
201562,209413,209486,73,7851
201562,209430,209486,56,7868
201562,209426,209487,61,7864
201562,209430,209487,57,7868
201562,209412,209489,77,7850
201562,209420,209490,70,7858
201562,209423,209492,69,7861
201562,209433,209494,61,7871
201562,209430,209496,66,7868
201562,209416,209496,80,7854
201562,209433,209496,63,7871
201562,209421,209501,80,7859
201562,209434,209502,68,7872
201562,209436,209504,68,7874
201562,209431,209504,73,7869
201562,209433,209505,72,7871
201562,209435,209508,73,7873
201562,209436,209508,72,7874
201562,209441,209509,68,7879
201562,209439,209510,71,7877
201562,209442,209512,70,7880
201562,209443,209513,70,7881
201562,209454,209513,59,7892
201562,209448,209514,66,7886
201562,209445,209515,70,7883
201562,209448,209516,68,7886
201562,209441,209517,76,7879
201562,209442,209517,75,7880
201562,209437,209517,80,7875
201562,209448,209517,69,7886
201562,209453,209519,66,7891
201562,209440,209520,80,7878
201562,209449,209521,72,7887
201562,209451,209522,71,7889
201562,209450,209522,72,7888
201562,209445,209522,77,7883
201562,209449,209522,73,7887
201562,209441,209522,81,7879
201562,209451,209523,72,7889
201562,209455,209523,68,7893
201562,209444,209522,78,7882
201562,209452,209522,70,7890
201562,209445,209524,79,7883
201562,209447,209524,77,7885
201562,209446,209524,78,7884
201562,209472,209525,53,7910
201562,209447,209526,79,7885
200156,208152,209526,1374,7996
201562,209454,209527,73,7892
201562,209456,209527,71,7894
201562,209453,209529,76,7891
201562,209451,209530,79,7889
201562,209463,209531,68,7901
201562,209458,209533,75,7896
201562,209470,209533,63,7908
201562,209479,209534,55,7917
201562,209466,209534,68,7904
201562,209471,209536,65,7909
201562,209467,209536,69,7905
201562,209472,209537,65,7910
201562,209476,209539,63,7914
201562,209462,209540,78,7900
201562,209481,209541,60,7919
201562,209475,209542,67,7913
201562,209475,209543,68,7913
201562,209481,209544,63,7919
201562,209468,209544,76,7906
201562,209482,209546,64,7920
201562,209478,209546,68,7916
201562,209485,209547,62,7923
201562,209470,209550,80,7908
201562,209484,209551,67,7922
201562,209491,209552,61,7929
201562,209486,209553,67,7924
201562,209487,209555,68,7925
201562,209487,209555,68,7925
201562,209490,209557,67,7928
201562,209488,209557,69,7926
201562,209483,209560,77,7921
201562,209495,209560,65,7933
201562,209487,209561,74,7925
201562,209483,209562,79,7921
201562,209501,209563,62,7939
201562,209504,209566,62,7942
201562,209497,209566,69,7935
201562,209504,209567,63,7942
201562,209511,209568,57,7949
201562,209506,209568,62,7944
201562,209493,209569,76,7931
201562,209496,209572,76,7934
201562,209502,209573,71,7940
201562,209497,209577,80,7935
201562,209511,209578,67,7949
201562,209522,209579,57,7960
201562,209513,209579,66,7951
201562,209518,209580,62,7956
201562,209514,209580,66,7952
201562,209515,209582,67,7953
201562,209513,209585,72,7951
201562,209509,209584,75,7947
201793,209531,209586,55,7738
201562,209523,209587,64,7961
201562,209522,209588,66,7960
201562,209514,209588,74,7952
201562,209523,209590,67,7961
201562,209517,209590,73,7955
201562,209522,209591,69,7960
201562,209509,209591,82,7947
201562,209518,209592,74,7956
201562,209521,209592,71,7959
201562,209528,209593,65,7966
201562,209525,209593,68,7963
201562,209525,209593,68,7963
201562,209518,209594,76,7956
201562,209526,209594,68,7964
201793,209535,209595,60,7742
201562,209518,209595,77,7956
201793,209540,209595,55,7747
201793,209536,209596,60,7743
201793,209533,209597,64,7740
201562,209524,209597,73,7962
201562,209523,209598,75,7961
201793,209536,209597,61,7743
201562,209521,209597,76,7959
201562,209519,209598,79,7957
201562,209527,209599,72,7965
201562,209524,209599,75,7962
201793,209551,209600,49,7758
201793,209532,209600,68,7739
201793,209540,209600,60,7747
201562,209527,209600,73,7965
201793,209542,209601,59,7749
201793,209545,209601,56,7752
201793,209547,209600,53,7754
201562,209523,209600,77,7961
201793,209544,209601,57,7751
201793,209534,209602,68,7741
201793,209534,209601,67,7741
201562,209523,209602,79,7961
201793,209537,209606,69,7744
201793,209541,209608,67,7748
201562,209522,209611,89,7960
201793,209554,209611,57,7761
201793,209547,209611,64,7754
201793,209560,209613,53,7767
201793,209547,209615,68,7754
201793,209544,209614,70,7751
201793,209567,209616,49,7774
201793,209558,209616,58,7765
201793,209557,209617,60,7764
201793,209563,209617,54,7770
201793,209552,209617,65,7759
201793,209551,209618,67,7758
201793,209562,209618,56,7769
201793,209556,209620,64,7763
201793,209561,209620,59,7768
201793,209562,209620,58,7769
201793,209566,209625,59,7773
201793,209555,209627,72,7762
201793,209569,209628,59,7776
201793,209570,209629,59,7777
201793,209573,209629,56,7780
201793,209568,209631,63,7775
201793,209574,209637,63,7781
201793,209578,209638,60,7785
201793,209569,209638,69,7776
201793,209580,209647,67,7787
201793,209577,209647,70,7784
201793,209579,209648,69,7786
201793,209582,209650,68,7789
201793,209588,209652,64,7795
201793,209593,209654,61,7800
201793,209585,209655,70,7792
201793,209580,209655,75,7787
201793,209593,209656,63,7800
201793,209589,209656,67,7796
201793,209586,209656,70,7793
201793,209579,209657,78,7786
201793,209592,209658,66,7799
201793,209590,209659,69,7797
201793,209595,209660,65,7802
201793,209585,209660,75,7792
201793,209590,209661,71,7797
201793,209589,209662,73,7796
201793,209595,209662,67,7802
201793,209596,209663,67,7803
201793,209593,209663,70,7800
201793,209599,209663,64,7806
201793,209594,209665,71,7801
201793,209598,209665,67,7805
201793,209598,209666,68,7805
201793,209591,209666,75,7798
201793,209594,209667,73,7801
201793,209593,209669,76,7800
201793,209599,209668,69,7806
201793,209596,209669,73,7803
201793,209602,209669,67,7809
201793,209602,209670,68,7809
201793,209603,209671,68,7810
201793,209600,209672,72,7807
201793,209601,209671,70,7808
201793,209597,209672,75,7804
201793,209601,209673,72,7808
201793,209601,209673,72,7808
201793,209602,209674,72,7809
201793,209597,209674,77,7804
201793,209602,209674,72,7809
201793,209598,209675,77,7805
201793,209600,209676,76,7807
201793,209601,209676,75,7808
201793,209607,209677,70,7814
201793,209601,209678,77,7808
201793,209609,209679,70,7816
201793,209600,209680,80,7807
201793,209615,209681,66,7822
201793,209596,209681,85,7803
201793,209611,209681,70,7818
201793,209612,209682,70,7819
201793,209615,209684,69,7822
201793,209614,209685,71,7821
201793,209617,209685,68,7824
201793,209617,209686,69,7824
201793,209617,209685,68,7824
201793,209612,209687,75,7819
201793,209618,209688,70,7825
201793,209618,209690,72,7825
201793,209617,209691,74,7824
201793,209620,209692,72,7827
201793,209626,209694,68,7833
201793,209621,209695,74,7828
201793,209630,209697,67,7837
201793,209619,209697,78,7826
201793,209631,209700,69,7838
201793,209621,209701,80,7828
201793,209628,209701,73,7835
201793,209638,209705,67,7845
201793,209639,209708,69,7846
201793,209630,209709,79,7837
201793,209629,209710,81,7836
201793,209658,209711,53,7865
201793,209657,209712,55,7864
201793,209658,209714,56,7865
201793,209649,209715,66,7856
201793,209648,209716,68,7855
201793,209650,209717,67,7857
201793,209648,209718,70,7855
201793,209639,209718,79,7846
201793,209661,209718,57,7868
201793,209661,209721,60,7868
201793,209666,209720,54,7873
201793,209662,209723,61,7869
201793,209660,209723,63,7867
201793,209656,209724,68,7863
201793,209655,209725,70,7862
201793,209656,209725,69,7863
201793,209653,209726,73,7860
201793,209656,209727,71,7863
201793,209665,209727,62,7872
201793,209663,209728,65,7870
201793,209662,209728,66,7869
201793,209663,209731,68,7870
201793,209664,209734,70,7871
201793,209662,209733,71,7869
201793,209656,209737,81,7863
201793,209666,209739,73,7873
201793,209675,209740,65,7882
201793,209667,209740,73,7874
201793,209667,209740,73,7874
201793,209675,209743,68,7882
201793,209669,209742,73,7876
201793,209674,209743,69,7881
201793,209669,209744,75,7876
201793,209672,209744,72,7879
201793,209669,209746,77,7876
201793,209675,209747,72,7882
201793,209670,209747,77,7877
201793,209672,209747,75,7879
201793,209675,209749,74,7882
201793,209688,209750,62,7895
201793,209686,209750,64,7893
201793,209674,209750,76,7881
201793,209680,209751,71,7887
201793,209671,209752,81,7878
201793,209672,209753,81,7879
201793,209681,209754,73,7888
201793,209691,209753,62,7898
201793,209671,209754,83,7878
201793,209681,209754,73,7888
201793,209677,209755,78,7884
201793,209679,209754,75,7886
201793,209682,209755,73,7889
201793,209687,209755,68,7894
201793,209685,209756,71,7892
201793,209676,209756,80,7883
201793,209684,209757,73,7891
201793,209677,209758,81,7884
201793,209681,209759,78,7888
201793,209692,209759,67,7899
201793,209686,209759,73,7893
201793,209686,209759,73,7893
201793,209683,209760,77,7890
201793,209712,209763,51,7919
201793,209695,209764,69,7902
201793,209697,209766,69,7904
201793,209706,209767,61,7913
201793,209702,209768,66,7909
201793,209702,209768,66,7909
201793,209697,209769,72,7904
201793,209693,209771,78,7900
201793,209715,209772,57,7922
201793,209718,209774,56,7925
201793,209695,209775,80,7902
201793,209701,209776,75,7908
201793,209719,209776,57,7926
201793,209710,209777,67,7917
201793,209709,209777,68,7916
201793,209715,209778,63,7922
201793,209711,209778,67,7918
201793,209719,209779,60,7926
201793,209717,209784,67,7924
200420,208379,209786,1407,7959
201793,209721,209787,66,7928
201793,209723,209789,66,7930
201793,209726,209790,64,7933
201793,209727,209790,63,7934
201793,209723,209791,68,7930
201793,209718,209793,75,7925
201793,209712,209793,81,7919
201793,209721,209794,73,7928
201793,209726,209794,68,7933
201793,209732,209794,62,7939
201793,209725,209795,70,7932
201793,209729,209799,70,7936
201793,209734,209799,65,7941
201793,209729,209799,70,7936
201793,209734,209799,65,7941
201793,209727,209799,72,7934
201793,209741,209799,58,7948
201793,209726,209801,75,7933
201793,209743,209801,58,7950
201793,209740,209800,60,7947
201793,209741,209806,65,7948
201793,209745,209806,61,7952
201793,209743,209807,64,7950
201793,209737,209808,71,7944
201793,209741,209810,69,7948
201793,209751,209811,60,7958
201793,209760,209813,53,7967
201793,209747,209813,66,7954
201793,209747,209814,67,7954
201793,209745,209815,70,7952
201793,209743,209815,72,7950
202030,209773,209817,44,7743
201793,209751,209817,66,7958
201793,209754,209819,65,7961
201793,209747,209821,74,7954
201793,209751,209823,72,7958
201793,209758,209823,65,7965
202030,209767,209824,57,7737
201793,209757,209826,69,7964
201793,209748,209827,79,7955
201793,209759,209827,68,7966
201793,209760,209827,67,7967
202030,209768,209828,60,7738
201793,209755,209828,73,7962
202030,209771,209828,57,7741
201793,209759,209829,70,7966
202030,209778,209829,51,7748
201793,209754,209830,76,7961
202030,209777,209830,53,7747
201793,209753,209830,77,7960
201793,209759,209830,71,7966
202030,209764,209830,66,7734
202030,209779,209831,52,7749
202030,209784,209832,48,7754
201793,209755,209832,77,7962
201793,209755,209833,78,7962
201793,209752,209833,81,7959
201793,209760,209834,74,7967
202030,209770,209834,64,7740
201793,209757,209835,78,7964
202030,209774,209835,61,7744
201793,209749,209808,59,7956
201793,209754,209829,75,7961
201793,209755,209832,77,7962
202030,209768,209837,69,7738
202030,209769,209836,67,7739
201793,209756,209837,81,7963
202030,209776,209838,62,7746
202030,209778,209838,60,7748
202030,209776,209838,62,7746
201793,209755,209840,85,7962
202030,209777,209841,64,7747
202030,209780,209844,64,7750
202030,209795,209847,52,7765
202030,209796,209849,53,7766
202030,209791,209850,59,7761
202030,209788,209851,63,7758
202030,209799,209851,52,7769
202030,209799,209852,53,7769
202030,209794,209853,59,7764
202030,209795,209853,58,7765
202030,209787,209854,67,7757
202030,209789,209853,64,7759
202030,209799,209854,55,7769
202030,209799,209854,55,7769
202030,209800,209855,55,7770
202030,209795,209856,61,7765
202030,209790,209856,66,7760
202030,209794,209858,64,7764
202030,209801,209859,58,7771
202030,209801,209859,58,7771
202030,209792,209859,67,7762
202030,209800,209863,63,7770
202030,209801,209866,65,7771
202030,209807,209875,68,7777
202030,209808,209877,69,7778
202030,209813,209880,67,7783
202030,209809,209882,73,7779
202030,209816,209885,69,7786
202030,209811,209886,75,7781
202030,209813,209886,73,7783
202030,209817,209887,70,7787
202030,209814,209888,74,7784
202030,209815,209890,75,7785
202030,209822,209890,68,7792
202030,209812,209890,78,7782
202030,209824,209890,66,7794
202030,209818,209893,75,7788
202030,209819,209894,75,7789
202030,209823,209894,71,7793
202030,209836,209895,59,7806
202030,209827,209895,68,7797
202030,209824,209897,73,7794
202030,209829,209898,69,7799
202030,209830,209898,68,7800
202030,209831,209899,68,7801
202030,209833,209900,67,7803
202030,209827,209901,74,7797
202030,209828,209901,73,7798
202030,209834,209902,68,7804
202030,209828,209901,73,7798
202030,209828,209902,74,7798
202030,209832,209902,70,7802
202030,209833,209904,71,7803
202030,209831,209903,72,7801
202030,209834,209903,69,7804
202030,209837,209903,66,7807
202030,209836,209904,68,7806
202030,209831,209905,74,7801
202030,209829,209905,76,7799
202030,209837,209905,68,7807
202030,209831,209905,74,7801
202030,209835,209906,71,7805
202030,209830,209907,77,7800
202030,209836,209907,71,7806
202030,209831,209907,76,7801
202030,209837,209907,70,7807
202030,209837,209908,71,7807
202030,209839,209909,70,7809
202030,209830,209909,79,7800
202030,209838,209910,72,7808
202030,209837,209912,75,7807
202030,209838,209912,74,7808
202030,209833,209913,80,7803
202030,209848,209913,65,7818
202030,209842,209915,73,7812
202030,209841,209916,75,7811
202030,209849,209917,68,7819
202030,209854,209918,64,7824
202030,209845,209920,75,7815
202030,209854,209920,66,7824
202030,209857,209923,66,7827
202030,209853,209925,72,7823
202030,209851,209926,75,7821
202030,209851,209927,76,7821
202030,209854,209928,74,7824
202030,209856,209928,72,7826
202030,209859,209930,71,7829
202030,209860,209931,71,7830
202030,209852,209930,78,7822
202030,209859,209931,72,7829
202030,209855,209933,78,7825
202030,209854,209933,79,7824
202030,209860,209933,73,7830
202030,209856,209934,78,7826
202030,209854,209935,81,7824
202030,209864,209937,73,7834
202030,209867,209941,74,7837
202030,209894,209941,47,7864
202030,209893,209944,51,7863
202030,209876,209947,71,7846
202030,209894,209947,53,7864
202030,209878,209947,69,7848
202030,209896,209950,54,7866
202030,209891,209952,61,7861
202030,209886,209953,67,7856
202030,209896,209954,58,7866
202030,209898,209955,57,7868
202030,209897,209957,60,7867
202030,209880,209957,77,7850
202030,209882,209958,76,7852
202030,209887,209959,72,7857
202030,209887,209960,73,7857
202030,209890,209961,71,7860
202030,209891,209961,70,7861
202030,209899,209961,62,7869
202030,209887,209962,75,7857
202030,209888,209962,74,7858
202030,209902,209963,61,7872
202030,209901,209965,64,7871
202030,209890,209965,75,7860
202030,209901,209965,64,7871
202030,209904,209969,65,7874
202030,209903,209970,67,7873
202030,209906,209971,65,7876
202030,209907,209972,65,7877
202030,209899,209972,73,7869
202030,209903,209973,70,7873
202030,209901,209975,74,7871
202030,209902,209976,74,7872
202030,209908,209977,69,7878
202030,209908,209977,69,7878
202030,209904,209977,73,7874
202030,209909,209977,68,7879
202030,209914,209981,67,7884
202030,209905,209981,76,7875
202030,209904,209981,77,7874
202030,209905,209982,77,7875
202030,209905,209984,79,7875
202030,209919,209984,65,7889
202030,209906,209984,78,7876
202030,209905,209985,80,7875
202030,209909,209985,76,7879
202030,209908,209986,78,7878
202030,209910,209986,76,7880
202030,209914,209987,73,7884
202030,209917,209988,71,7887
202030,209907,209989,82,7877
202030,209909,209988,79,7879
202030,209912,209989,77,7882
202030,209913,209990,77,7883
200645,208617,209991,1374,7972
202030,209937,209991,54,7907
202030,209921,209991,70,7891
202030,209916,209992,76,7886
202030,209923,209992,69,7893
202030,209918,209993,75,7888
202030,209926,209993,67,7896
202030,209921,209994,73,7891
202030,209928,209994,66,7898
202030,209928,209996,68,7898
202030,209936,209996,60,7906
202030,209931,209996,65,7901
202030,209927,209997,70,7897
202030,209934,209997,63,7904
202030,209933,209998,65,7903
202030,209933,210002,69,7903
202030,209926,210002,76,7896
202030,209930,210003,73,7900
202030,209941,210004,63,7911
202030,209931,210005,74,7901
202030,209945,210004,59,7915
202030,209933,210005,72,7903
202030,209947,210005,58,7917
202030,209931,210006,75,7901
202030,209951,210008,57,7921
202030,209941,210009,68,7911
202030,209947,210011,64,7917
202030,209954,210012,58,7924
202030,209954,210013,59,7924
202030,209953,210018,65,7923
202030,209958,210020,62,7928
202030,209962,210020,58,7932
202030,209948,210021,73,7918
202030,209963,210022,59,7933
202030,209958,210025,67,7928
202030,209962,210025,63,7932
202030,209963,210024,61,7933
202030,209965,210026,61,7935
202030,209973,210031,58,7943
202030,209956,210030,74,7926
202030,209965,210032,67,7935
202030,209959,210033,74,7929
202030,209961,210034,73,7931
202030,209977,210035,58,7947
202030,209959,210036,77,7929
202030,209973,210036,63,7943
202030,209970,210037,67,7940
202030,209976,210038,62,7946
202030,209962,210039,77,7932
202030,209965,210039,74,7935
202030,209964,210039,75,7934
202030,209978,210040,62,7948
202030,209977,210040,63,7947
202030,209982,210042,60,7952
202030,209984,210042,58,7954
202030,209983,210045,62,7953
202276,209999,210046,47,7723
202030,209971,210047,76,7941
202030,209987,210048,61,7957
202030,209981,210050,69,7951
202030,209985,210052,67,7955
202030,209994,210053,59,7964
202030,209982,210053,71,7952
202030,209986,210053,67,7956
202030,209978,210053,75,7948
202030,209990,210053,63,7960
202030,209996,210054,58,7966
202030,209989,210056,67,7959
202030,209986,210056,70,7956
202276,209997,210056,59,7721
202030,209985,210060,75,7955
202030,209989,210060,71,7959
202030,209985,210062,77,7955
202030,209988,210061,73,7958
202276,210010,210061,51,7734
202276,209997,210062,65,7721
202030,209988,210062,74,7958
202030,209991,210063,72,7961
202276,210002,210063,61,7726
202030,209989,210063,74,7959
202276,210009,210065,56,7733
202030,209991,210066,75,7961
202030,209970,210041,71,7940
202030,209973,210043,70,7943
202030,209977,210042,65,7947
202030,209992,210054,62,7962
202276,209998,210061,63,7722
202030,209993,210067,74,7963
202030,209994,210066,72,7964
202276,210007,210067,60,7731
202030,209993,210067,74,7963
202276,210005,210067,62,7729
202276,210003,210067,64,7727
202030,209992,210070,78,7962
202276,210021,210071,50,7745
202276,210005,210071,66,7729
202276,210006,210071,65,7730
202276,210013,210072,59,7737
202030,209994,210072,78,7964
202276,210005,210072,67,7729
202276,210004,210072,68,7728
202276,210027,210072,45,7751
202276,210014,210073,59,7738
202276,210011,210074,63,7735
202276,210006,210077,71,7730
202276,210022,210080,58,7746
202276,210025,210082,57,7749
202276,210031,210082,51,7755
202276,210018,210084,66,7742
202276,210025,210087,62,7749
202276,210025,210088,63,7749
202276,210021,210088,67,7745
202276,210020,210089,69,7744
202276,210035,210090,55,7759
202276,210034,210089,55,7758
202276,210036,210089,53,7760
202276,210037,210091,54,7761
202276,210033,210092,59,7757
202276,210031,210093,62,7755
202276,210039,210092,53,7763
202276,210040,210096,56,7764
202276,210032,210100,68,7756
202276,210037,210100,63,7761
202276,210039,210100,61,7763
202276,210041,210102,61,7765
202276,210040,210108,68,7764
202276,210048,210111,63,7772
202276,210043,210113,70,7767
202276,210046,210114,68,7770
202276,210042,210115,73,7766
202276,210046,210116,70,7770
202276,210049,210117,68,7773
202276,210053,210121,68,7777
202276,210055,210121,66,7779
202276,210052,210122,70,7776
202276,210057,210123,66,7781
202276,210054,210124,70,7778
202276,210054,210126,72,7778
202276,210057,210126,69,7781
202276,210051,210126,75,7775
202276,210057,210127,70,7781
202276,210054,210128,74,7778
202276,210062,210128,66,7786
202276,210062,210128,66,7786
202276,210064,210128,64,7788
202276,210053,210130,77,7777
202276,210062,210130,68,7786
202276,210062,210131,69,7786
202276,210061,210132,71,7785
202276,210064,210132,68,7788
202276,210062,210133,71,7786
202276,210061,210134,73,7785
202276,210067,210134,67,7791
202276,210065,210134,69,7789
202276,210066,210135,69,7790
202276,210064,210136,72,7788
202276,210068,210137,69,7792
202276,210067,210137,70,7791
202276,210067,210137,70,7791
202276,210066,210138,72,7790
202276,210068,210138,70,7792
202276,210066,210139,73,7790
202276,210066,210139,73,7790
202276,210072,210139,67,7796
202276,210073,210140,67,7797
202276,210066,210140,74,7790
202276,210072,210141,69,7796
202276,210073,210142,69,7797
202276,210075,210142,67,7799
202276,210073,210143,70,7797
202276,210073,210142,69,7797
202276,210066,210143,77,7790
202276,210073,210144,71,7797
202276,210071,210145,74,7795
202276,210072,210145,73,7796
202276,210067,210146,79,7791
202276,210066,210147,81,7790
202276,210082,210148,66,7806
202276,210078,210150,72,7802
202276,210081,210151,70,7805
202276,210071,210153,82,7795
202276,210083,210154,71,7807
202276,210090,210156,66,7814
202276,210085,210156,71,7809
202276,210088,210156,68,7812
202276,210088,210157,69,7812
202276,210088,210158,70,7812
202276,210090,210160,70,7814
202276,210093,210161,68,7817
202276,210093,210162,69,7817
202276,210090,210162,72,7814
202276,210090,210162,72,7814
202276,210093,210163,70,7817
202276,210091,210165,74,7815
202276,210101,210169,68,7825
202276,210097,210169,72,7821
202276,210100,210170,70,7824
202276,210102,210172,70,7826
202276,210128,210172,44,7852
202276,210126,210177,51,7850
202276,210127,210178,51,7851
202276,210111,210179,68,7835
202276,210109,210179,70,7833
202276,210101,210180,79,7825
202276,210114,210180,66,7838
202276,210127,210180,53,7851
202276,210127,210182,55,7851
202276,210128,210185,57,7852
202276,210117,210187,70,7841
202276,210125,210187,62,7849
202276,210131,210189,58,7855
202276,210114,210189,75,7838
202276,210115,210190,75,7839
202276,210131,210190,59,7855
202276,210121,210191,70,7845
202276,210117,210192,75,7841
202276,210123,210193,70,7847
202276,210123,210194,71,7847
202276,210129,210193,64,7853
202276,210128,210195,67,7852
202276,210121,210195,74,7845
202276,210132,210195,63,7856
202276,210131,210198,67,7855
202276,210134,210199,65,7858
202276,210136,210202,66,7860
202276,210137,210203,66,7861
202276,210134,210203,69,7858
202276,210140,210205,65,7864
202276,210135,210206,71,7859
202276,210141,210207,66,7865
202276,210142,210208,66,7866
202276,210133,210209,76,7857
202276,210145,210209,64,7869
202276,210138,210209,71,7862
202276,210142,210210,68,7866
202276,210142,210213,71,7866
202276,210139,210212,73,7863
202276,210149,210212,63,7873
202276,210151,210212,61,7875
202276,210156,210213,57,7880
202276,210135,210213,78,7859
202276,210134,210214,80,7858
202276,210144,210215,71,7868
202276,210151,210216,65,7875
202276,210145,210217,72,7869
202276,210146,210219,73,7870
202276,210141,210218,77,7865
202276,210144,210218,74,7868
202276,210143,210220,77,7867
202276,210162,210222,60,7886
202276,210156,210221,65,7880
202276,210138,210221,83,7862
202276,210148,210221,73,7872
202276,210143,210222,79,7867
202276,210139,210223,84,7863
202276,210139,210224,85,7863
202276,210140,210223,83,7864
202276,210162,210224,62,7886
202276,210154,210226,72,7878
202276,210158,210226,68,7882
202276,210156,210227,71,7880
202276,210160,210227,67,7884
202276,210161,210229,68,7885
202276,210171,210229,58,7895
202276,210154,210230,76,7878
202276,210166,210229,63,7890
202276,210163,210231,68,7887
202276,210159,210234,75,7883
200880,208840,210234,1394,7960
202276,210164,210234,70,7888
202276,210188,210236,48,7912
202276,210170,210236,66,7894
202276,210173,210237,64,7897
202276,210170,210241,71,7894
202276,210180,210242,62,7904
202276,210187,210244,57,7911
202276,210181,210243,62,7905
202276,210181,210245,64,7905
202276,210173,210244,71,7897
202276,210180,210246,66,7904
202276,210181,210246,65,7905
202276,210190,210246,56,7914
202276,210189,210247,58,7913
202276,210179,210248,69,7903
202276,210183,210250,67,7907
202276,210190,210253,63,7914
202276,210177,210256,79,7901
202276,210192,210255,63,7916
202276,210194,210256,62,7918
202276,210195,210256,61,7919
202276,210192,210257,65,7916
202276,210194,210261,67,7918
202276,210194,210261,67,7918
202276,210200,210263,63,7924
202276,210186,210262,76,7910
202276,210196,210266,70,7920
202276,210190,210268,78,7914
202276,210196,210270,74,7920
202276,210211,210271,60,7935
202276,210198,210272,74,7922
202276,210210,210272,62,7934
202276,210207,210272,65,7931
202276,210203,210273,70,7927
202276,210210,210275,65,7934
202276,210213,210276,63,7937
202276,210208,210276,68,7932
202276,210203,210277,74,7927
202276,210214,210277,63,7938
202276,210219,210278,59,7943
202276,210216,210280,64,7940
202276,210206,210280,74,7930
202276,210222,210280,58,7946
202276,210203,210281,78,7927
202276,210210,210282,72,7934
202503,210229,210282,53,7726
202276,210210,210285,75,7934
202276,210213,210284,71,7937
202503,210229,210286,57,7726
202503,210234,210286,52,7731
202276,210215,210287,72,7939
202276,210226,210288,62,7950
202276,210227,210288,61,7951
202503,210230,210288,58,7727
202276,210217,210289,72,7941
202276,210224,210290,66,7948
202276,210222,210292,70,7946
202503,210237,210293,56,7734
202276,210214,210293,79,7938
202276,210219,210294,75,7943
202276,210223,210295,72,7947
202276,210213,210295,82,7937
202276,210222,210295,73,7946
202503,210230,210295,65,7727
202276,210225,210296,71,7949
202276,210220,210297,77,7944
202503,210245,210297,52,7742
202276,210222,210300,78,7946
202503,210237,210301,64,7734
202276,210224,210301,77,7948
202503,210235,210302,67,7732
202276,210224,210302,78,7948
202503,210232,210303,71,7729
202503,210249,210303,54,7746
202276,210213,210287,74,7937
202276,210216,210298,82,7940
202276,210219,210293,74,7943
202276,210228,210300,72,7952
202503,210246,210306,60,7743
202503,210234,210306,72,7731
202503,210243,210306,63,7740
202503,210242,210307,65,7739
202503,210245,210309,64,7742
202503,210244,210310,66,7741
202503,210256,210309,53,7753
202503,210256,210311,55,7753
202503,210247,210311,64,7744
202503,210236,210313,77,7733
202503,210244,210312,68,7741
202503,210262,210314,52,7759
202503,210246,210316,70,7743
202503,210261,210316,55,7758
202503,210256,210317,61,7753
202503,210264,210317,53,7761
202503,210250,210317,67,7747
202503,210248,210318,70,7745
202503,210253,210319,66,7750
202503,210257,210323,66,7754
202503,210257,210325,68,7754
202503,210263,210325,62,7760
202503,210271,210330,59,7768
202503,210267,210334,67,7764
202503,210273,210335,62,7770
202503,210268,210336,68,7765
202503,210273,210340,67,7770
202503,210273,210342,69,7770
202503,210276,210341,65,7773
202503,210277,210341,64,7774
202503,210273,210342,69,7770
202503,210277,210346,69,7774
202503,210280,210346,66,7777
202503,210278,210347,69,7775
202503,210282,210349,67,7779
202503,210279,210349,70,7776
202503,210281,210351,70,7778
202503,210281,210353,72,7778
202503,210276,210352,76,7773
202503,210282,210353,71,7779
202503,210289,210355,66,7786
202503,210285,210355,70,7782
202503,210291,210356,65,7788
202503,210287,210356,69,7784
202503,210282,210356,74,7779
202503,210288,210360,72,7785
202503,210294,210361,67,7791
202503,210290,210360,70,7787
202503,210285,210361,76,7782
202503,210295,210362,67,7792
202503,210289,210362,73,7786
202503,210287,210363,76,7784
202503,210289,210363,74,7786
202503,210293,210364,71,7790
202503,210293,210364,71,7790
202503,210296,210366,70,7793
202503,210295,210365,70,7792
202503,210298,210368,70,7795
202503,210295,210368,73,7792
202503,210305,210370,65,7802
202503,210302,210371,69,7799
202503,210305,210371,66,7802
202503,210305,210371,66,7802
202503,210300,210372,72,7797
202503,210303,210372,69,7800
202503,210301,210373,72,7798
202503,210296,210374,78,7793
202503,210303,210374,71,7800
202503,210298,210373,75,7795
202503,210307,210376,69,7804
202503,210297,210375,78,7794
202503,210302,210375,73,7799
202503,210308,210377,69,7805
202503,210310,210376,66,7807
202503,210304,210378,74,7801
202503,210305,210380,75,7802
202503,210312,210381,69,7809
202503,210310,210382,72,7807
202503,210307,210382,75,7804
202503,210306,210382,76,7803
202503,210313,210382,69,7810
202503,210310,210382,72,7807
202503,210318,210383,65,7815
202503,210305,210384,79,7802
202503,210312,210383,71,7809
202503,210319,210384,65,7816
202503,210318,210386,68,7815
202503,210313,210387,74,7810
202503,210317,210389,72,7814
202503,210316,210390,74,7813
202503,210318,210390,72,7815
202503,210315,210391,76,7812
202503,210323,210392,69,7820
202503,210326,210395,69,7823
202503,210325,210397,72,7822
202503,210320,210400,80,7817
202503,210357,210403,46,7854
202503,210356,210405,49,7853
202503,210336,210406,70,7833
202503,210331,210407,76,7828
202503,210336,210407,71,7833
202503,210356,210411,55,7853
202503,210342,210412,70,7839
202503,210342,210412,70,7839
202503,210342,210413,71,7839
202503,210357,210413,56,7854
202503,210348,210414,66,7845
202503,210360,210415,55,7857
202503,210334,210416,82,7831
202503,210355,210416,61,7852
202503,210362,210417,55,7859
202503,210362,210418,56,7859
202503,210342,210418,76,7839
202503,210340,210418,78,7837
202503,210346,210418,72,7843
202503,210347,210419,72,7844
202503,210362,210420,58,7859
202503,210350,210420,70,7847
202503,210361,210421,60,7858
202503,210352,210422,70,7849
202503,210350,210422,72,7847
202503,210364,210425,61,7861
202503,210354,210429,75,7851
202503,210353,210430,77,7850
202503,210364,210430,66,7861
202503,210361,210432,71,7858
202503,210353,210432,79,7850
202503,210363,210433,70,7860
202503,210366,210436,70,7863
202503,210373,210438,65,7870
202503,210366,210439,73,7863
202503,210372,210443,71,7869
202503,210384,210445,61,7881
202503,210373,210445,72,7870
202503,210376,210445,69,7873
202503,210374,210447,73,7871
202503,210368,210446,78,7865
202503,210384,210447,63,7881
202503,210372,210447,75,7869
202503,210385,210448,63,7882
202503,210384,210449,65,7881
202503,210371,210449,78,7868
202503,210363,210449,86,7860
202503,210371,210450,79,7868
202503,210369,210450,81,7866
202503,210377,210450,73,7874
202503,210376,210451,75,7873
202503,210374,210451,77,7871
202503,210377,210451,74,7874
202503,210389,210452,63,7886
202503,210374,210453,79,7871
202503,210387,210454,67,7884
202503,210379,210454,75,7876
202503,210382,210455,73,7879
202503,210376,210455,79,7873
202503,210390,210456,66,7887
202503,210381,210456,75,7878
202503,210382,210456,74,7879
202503,210393,210456,63,7890
202503,210382,210457,75,7879
202503,210381,210457,76,7878
202503,210374,210459,85,7871
202503,210395,210459,64,7892
202503,210387,210460,73,7884
202503,210383,210461,78,7880
202503,210397,210462,65,7894
202503,210382,210464,82,7879
202503,210391,210464,73,7888
202503,210401,210466,65,7898
202503,210407,210467,60,7904
202503,210404,210469,65,7901
202503,210412,210470,58,7909
202503,210406,210470,64,7903
202503,210392,210470,78,7889
202503,210413,210477,64,7910
202503,210415,210479,64,7912
202503,210407,210479,72,7904
202503,210419,210479,60,7916
202503,210408,210480,72,7905
202503,210417,210479,62,7914
202503,210419,210480,61,7916
202503,210423,210482,59,7920
202503,210417,210481,64,7914
202503,210411,210482,71,7908
202503,210419,210482,63,7916
202503,210414,210484,70,7911
202503,210414,210485,71,7911
201102,209068,210485,1417,7966
202503,210417,210486,69,7914
202503,210418,210486,68,7915
202503,210425,210487,62,7922
202503,210421,210488,67,7918
202503,210416,210488,72,7913
202503,210422,210489,67,7919
202503,210431,210492,61,7928
202503,210433,210493,60,7930
202503,210420,210493,73,7917
202503,210423,210494,71,7920
202503,210421,210495,74,7918
202503,210434,210497,63,7931
202503,210429,210498,69,7926
202503,210433,210502,69,7930
202503,210440,210502,62,7937
202503,210447,210503,56,7944
202503,210437,210503,66,7934
202503,210439,210503,64,7936
202503,210443,210503,60,7940
202503,210447,210508,61,7944
202503,210450,210510,60,7947
202503,210446,210510,64,7943
202503,210431,210511,80,7928
202503,210454,210512,58,7951
202503,210450,210512,62,7947
202503,210445,210512,67,7942
202503,210447,210513,66,7944
202503,210460,210514,54,7957
202503,210448,210516,68,7945
202503,210457,210516,59,7954
202750,210464,210516,52,7714
202503,210452,210518,66,7949
202503,210451,210519,68,7948
202503,210446,210519,73,7943
202503,210455,210519,64,7952
202503,210451,210519,68,7948
202503,210452,210521,69,7949
202503,210448,210522,74,7945
202503,210454,210522,68,7951
202503,210454,210522,68,7951
202503,210450,210522,72,7947
202503,210449,210523,74,7946
202503,210458,210524,66,7955
202503,210458,210525,67,7955
202503,210461,210526,65,7958
202750,210471,210527,56,7721
202503,210456,210526,70,7953
202750,210470,210527,57,7720
202750,210467,210527,60,7717
202503,210457,210528,71,7954
202503,210460,210528,68,7957
202503,210453,210528,75,7950
202750,210465,210528,63,7715
202750,210468,210529,61,7718
202750,210479,210531,52,7729
202503,210457,210531,74,7954
202750,210480,210532,52,7730
202503,210450,210532,82,7947
202750,210469,210532,63,7719
202750,210482,210534,52,7732
202503,210456,210535,79,7953
202750,210480,210536,56,7730
202750,210479,210535,56,7729
202503,210462,210538,76,7959
202750,210480,210538,58,7730
202750,210479,210539,60,7729
202750,210488,210539,51,7738
202750,210470,210541,71,7720
202750,210482,210540,58,7732
202750,210490,210540,50,7740
202750,210485,210542,57,7735
202750,210477,210542,65,7727
202750,210485,210542,57,7735
202750,210486,210543,57,7736
202750,210484,210544,60,7734
202750,210488,210544,56,7738
202750,210486,210544,58,7736
202750,210488,210547,59,7738
202750,210482,210548,66,7732
202750,210483,210549,66,7733
202750,210492,210550,58,7742
202750,210494,210552,58,7744
202750,210497,210552,55,7747
202750,210495,210555,60,7745
202750,210493,210557,64,7743
202750,210495,210558,63,7745
202750,210499,210560,61,7749
202750,210502,210569,67,7752
202750,210503,210571,68,7753
202750,210502,210571,69,7752
202750,210504,210573,69,7754
202750,210504,210573,69,7754
202750,210503,210574,71,7753
202750,210511,210576,65,7761
202750,210516,210577,61,7766
202750,210508,210579,71,7758
202750,210510,210579,69,7760
202750,210515,210582,67,7765
202750,210519,210582,63,7769
202750,210513,210582,69,7763
202750,210513,210583,70,7763
202750,210513,210583,70,7763
202750,210513,210584,71,7763
202750,210512,210585,73,7762
202750,210520,210584,64,7770
202750,210517,210586,69,7767
202750,210520,210586,66,7770
202750,210529,210588,59,7779
202750,210517,210589,72,7767
202750,210523,210590,67,7773
202750,210524,210592,68,7774
202750,210522,210592,70,7772
202750,210523,210593,70,7773
202750,210520,210593,73,7770
202750,210521,210594,73,7771
202750,210523,210596,73,7773
202750,210532,210595,63,7782
202750,210527,210596,69,7777
202750,210525,210596,71,7775
202750,210518,210596,78,7768
202750,210528,210596,68,7778
202750,210527,210597,70,7777
202750,210529,210598,69,7779
202750,210523,210599,76,7773
202750,210532,210599,67,7782
202750,210530,210599,69,7780
202750,210528,210600,72,7778
202750,210533,210603,70,7783
202750,210528,210603,75,7778
202750,210529,210604,75,7779
202750,210541,210604,63,7791
202750,210536,210605,69,7786
202750,210539,210605,66,7789
202750,210536,210608,72,7786
202750,210536,210608,72,7786
202750,210532,210608,76,7782
202750,210535,210609,74,7785
202750,210533,210609,76,7783
202750,210527,210609,82,7777
202750,210541,210611,70,7791
202750,210545,210611,66,7795
202750,210540,210613,73,7790
202750,210544,210614,70,7794
202750,210541,210613,72,7791
202750,210543,210615,72,7793
202750,210548,210615,67,7798
202750,210543,210618,75,7793
202750,210540,210619,79,7790
202750,210548,210619,71,7798
202750,210543,210620,77,7793
202750,210553,210620,67,7803
202750,210545,210621,76,7795
202750,210550,210621,71,7800
202750,210551,210624,73,7801
202750,210545,210625,80,7795
202750,210558,210626,68,7808
202750,210556,210626,70,7806
202750,210538,210627,89,7788
202750,210558,210630,72,7808
202750,210553,210633,80,7803
202750,210561,210637,76,7811
202750,210569,210638,69,7819
202750,210588,210638,50,7838
202750,210571,210639,68,7821
202750,210586,210640,54,7836
202750,210585,210642,57,7835
202750,210587,210644,57,7837
202750,210572,210645,73,7822
202750,210578,210644,66,7828
202750,210593,210645,52,7843
202750,210573,210645,72,7823
202750,210589,210645,56,7839
202750,210585,210647,62,7835
202750,210585,210647,62,7835
202750,210573,210647,74,7823
202750,210583,210649,66,7833
202750,210580,210650,70,7830
202750,210575,210650,75,7825
202750,210576,210651,75,7826
202750,210579,210651,72,7829
202750,210590,210651,61,7840
202750,210583,210652,69,7833
202750,210593,210653,60,7843
202750,210595,210654,59,7845
202750,210584,210655,71,7834
202750,210583,210655,72,7833
202750,210593,210655,62,7843
202750,210583,210659,76,7833
202750,210596,210660,64,7846
202750,210597,210662,65,7847
202750,210597,210665,68,7847
202750,210596,210666,70,7846
202750,210593,210669,76,7843
202750,210597,210669,72,7847
202750,210604,210671,67,7854
202750,210599,210674,75,7849
202750,210600,210675,75,7850
202750,210604,210675,71,7854
202750,210597,210676,79,7847
202750,210599,210676,77,7849
202750,210609,210678,69,7859
202750,210604,210679,75,7854
202750,210597,210679,82,7847
202750,210600,210680,80,7850
202750,210603,210681,78,7853
202750,210614,210681,67,7864
201342,209299,210681,1382,7957
202750,210610,210681,71,7860
202750,210612,210681,69,7862
202750,210618,210682,64,7868
202750,210609,210683,74,7859
202750,210609,210683,74,7859
202750,210606,210684,78,7856
202750,210605,210685,80,7855
202750,210620,210684,64,7870
202750,210616,210685,69,7866
202750,210620,210685,65,7870
202750,210619,210685,66,7869
202750,210612,210686,74,7862
202750,210614,210686,72,7864
202750,210609,210688,79,7859
202750,210614,210688,74,7864
202750,210622,210688,66,7872
202750,210622,210688,66,7872
202750,210598,210689,91,7848
202750,210626,210690,64,7876
202750,210616,210690,74,7866
202750,210626,210690,64,7876
202750,210609,210690,81,7859
202750,210626,210692,66,7876
202750,210619,210697,78,7869
202750,210625,210697,72,7875
202750,210631,210700,69,7881
202750,210643,210700,57,7893
202750,210633,210700,67,7883
202750,210627,210700,73,7877
202750,210639,210700,61,7889
202750,210640,210707,67,7890
202750,210638,210706,68,7888
202750,210651,210710,59,7901
202750,210639,210710,71,7889
202750,210645,210711,66,7895
202750,210646,210711,65,7896
202750,210646,210713,67,7896
202750,210653,210713,60,7903
202750,210648,210715,67,7898
202750,210644,210715,71,7894
202750,210651,210716,65,7901
202750,210650,210716,66,7900
202750,210640,210716,76,7890
202750,210647,210718,71,7897
202750,210645,210718,73,7895
202750,210645,210718,73,7895
202750,210660,210719,59,7910
202750,210651,210720,69,7901
202750,210655,210720,65,7905
202750,210656,210720,64,7906
202750,210649,210720,71,7899
202750,210648,210721,73,7898
202750,210652,210722,70,7902
202750,210654,210724,70,7904
202750,210662,210726,64,7912
202750,210655,210728,73,7905
202750,210661,210729,68,7911
202750,210655,210728,73,7905
202750,210670,210735,65,7920
202750,210670,210736,66,7920
202750,210667,210738,71,7917
202750,210674,210737,63,7924
202750,210666,210741,75,7916
202750,210686,210743,57,7936
202750,210684,210745,61,7934
202750,210675,210745,70,7925
202750,210680,210745,65,7930
202750,210675,210745,70,7925
202750,210685,210746,61,7935
202750,210676,210746,70,7926
202750,210682,210747,65,7932
202750,210681,210748,67,7931
203015,210693,210749,56,7678
202750,210672,210749,77,7922
202750,210681,210749,68,7931
202750,210677,210750,73,7927
202750,210682,210751,69,7932
202750,210683,210750,67,7933
202750,210689,210751,62,7939
202750,210687,210752,65,7937
202750,210682,210752,70,7932
202750,210678,210752,74,7928
203015,210700,210753,53,7685
202750,210690,210753,63,7940
202750,210680,210754,74,7930
202750,210691,210754,63,7941
202750,210684,210754,70,7934
202750,210679,210754,75,7929
202750,210689,210755,66,7939
202750,210688,210756,68,7938
203015,210700,210757,57,7685
202750,210684,210758,74,7934
202750,210686,210758,72,7936
202750,210690,210761,71,7940
202750,210685,210761,76,7935
202750,210685,210762,77,7935
203015,210700,210764,64,7685
203015,210710,210767,57,7695
203015,210715,210766,51,7700
203015,210717,210768,51,7702
203015,210701,210768,67,7686
203015,210698,210768,70,7683
203015,210698,210768,70,7683
202750,210690,210768,78,7940
203015,210713,210769,56,7698
202750,210686,210769,83,7936
202750,210689,210770,81,7939
203015,210718,210771,53,7703
203015,210707,210772,65,7692
203015,210716,210772,56,7701
203015,210716,210773,57,7701
203015,210707,210774,67,7692
203015,210720,210773,53,7705
203015,210718,210773,55,7703
203015,210712,210774,62,7697
203015,210721,210775,54,7706
203015,210701,210776,75,7686
203015,210721,210778,57,7706
203015,210712,210777,65,7697
203015,210714,210778,64,7699
203015,210721,210778,57,7706
203015,210717,210781,64,7702
203015,210722,210780,58,7707
203015,210719,210781,62,7704
203015,210710,210782,72,7695
203015,210722,210782,60,7707
203015,210721,210787,66,7706
203015,210725,210787,62,7710
203015,210729,210793,64,7714
203015,210727,210794,67,7712
203015,210728,210795,67,7713
203015,210729,210797,68,7714
203015,210735,210801,66,7720
203015,210737,210804,67,7722
203015,210738,210804,66,7723
203015,210746,210807,61,7731
203015,210741,210807,66,7726
203015,210738,210810,72,7723
203015,210749,210813,64,7734
203015,210749,210814,65,7734
203015,210747,210815,68,7732
203015,210747,210816,69,7732
203015,210745,210817,72,7730
203015,210744,210817,73,7729
203015,210746,210817,71,7731
203015,210748,210816,68,7733
203015,210750,210817,67,7735
203015,210751,210818,67,7736
203015,210750,210818,68,7735
203015,210756,210820,64,7741
203015,210745,210820,75,7730
203015,210754,210821,67,7739
203015,210754,210822,68,7739
203015,210751,210823,72,7736
203015,210755,210823,68,7740
203015,210752,210823,71,7737
203015,210752,210824,72,7737
203015,210755,210826,71,7740
203015,210757,210826,69,7742
203015,210754,210827,73,7739
203015,210752,210828,76,7737
203015,210760,210829,69,7745
203015,210758,210829,71,7743
203015,210758,210829,71,7743
203015,210754,210829,75,7739
203015,210761,210831,70,7746
203015,210751,210832,81,7736
203015,210762,210832,70,7747
203015,210753,210833,80,7738
203015,210765,210834,69,7750
203015,210768,210836,68,7753
203015,210769,210836,67,7754
203015,210767,210838,71,7752
203015,210763,210840,77,7748
203015,210770,210841,71,7755
203015,210767,210841,74,7752
203015,210773,210843,70,7758
203015,210772,210843,71,7757
203015,210772,210843,71,7757
203015,210768,210843,75,7753
203015,210769,210843,74,7754
203015,210777,210844,67,7762
203015,210781,210844,63,7766
203015,210772,210845,73,7757
203015,210774,210844,70,7759
203015,210779,210845,66,7764
203015,210774,210846,72,7759
203015,210769,210846,77,7754
203015,210771,210845,74,7756
203015,210776,210846,70,7761
203015,210781,210847,66,7766
203015,210778,210847,69,7763
203015,210775,210848,73,7760
203015,210774,210848,74,7759
203015,210778,210849,71,7763
203015,210778,210850,72,7763
203015,210769,210852,83,7754
203015,210783,210853,70,7768
203015,210783,210855,72,7768
203015,210787,210856,69,7772
203015,210787,210857,70,7772
203015,210782,210858,76,7767
203015,210795,210863,68,7780
203015,210794,210864,70,7779
203015,210796,210865,69,7781
203015,210820,210867,47,7805
203015,210821,210869,48,7806
203015,210804,210871,67,7789
203015,210819,210871,52,7804
203015,210797,210873,76,7782
203015,210824,210874,50,7809
203015,210802,210875,73,7787
203015,210821,210875,54,7806
203015,210822,210876,54,7807
203015,210810,210878,68,7795
203015,210823,210878,55,7808
203015,210824,210879,55,7809
203015,210818,210879,61,7803
203015,210807,210879,72,7792
203015,210828,210881,53,7813
203015,210826,210882,56,7811
203015,210823,210883,60,7808
203015,210815,210885,70,7800
203015,210814,210885,71,7799
203015,210816,210886,70,7801
203015,210817,210887,70,7802
203015,210826,210886,60,7811
203015,210815,210886,71,7800
203015,210808,210886,78,7793
203015,210817,210887,70,7802
203015,210829,210888,59,7814
203015,210805,210889,84,7790
203015,210817,210890,73,7802
203015,210817,210890,73,7802
203015,210832,210894,62,7817
203015,210830,210898,68,7815
203015,210818,210898,80,7803
203015,210829,210898,69,7814
203015,210830,210902,72,7815
203015,210848,210905,57,7833
203015,210832,210906,74,7817
203015,210833,210907,74,7818
203015,210839,210907,68,7824
203015,210841,210910,69,7826
203015,210846,210910,64,7831
203015,210829,210909,80,7814
203015,210848,210910,62,7833
203015,210835,210910,75,7820
203015,210837,210911,74,7822
203015,210837,210912,75,7822
203015,210849,210913,64,7834
203015,210846,210913,67,7831
203015,210832,210914,82,7817
203015,210847,210916,69,7832
203015,210844,210916,72,7829
203015,210845,210916,71,7830
203015,210851,210917,66,7836
203015,210848,210917,69,7833
203015,210844,210917,73,7829
203015,210844,210917,73,7829
203015,210844,210918,74,7829
203015,210842,210918,76,7827
203015,210850,210919,69,7835
203015,210845,210919,74,7830
203015,210852,210920,68,7837
203015,210842,210922,80,7827
203015,210853,210922,69,7838
203015,210846,210922,76,7831
203015,210857,210921,64,7842
203015,210844,210924,80,7829
203015,210858,210923,65,7843
203015,210844,210924,80,7829
203015,210844,210924,80,7829
203015,210865,210927,62,7850
203015,210859,210927,68,7844
203015,210867,210927,60,7852
203015,210856,210929,73,7841
203015,210846,210931,85,7831
203015,210864,210933,69,7849
203015,210866,210933,67,7851
203015,210870,210934,64,7855
203015,210872,210934,62,7857
203015,210872,210935,63,7857
203015,210876,210938,62,7861
203015,210880,210942,62,7865
203015,210879,210942,63,7864
203015,210875,210942,67,7860
203015,210885,210943,58,7870
203015,210883,210944,61,7868
203015,210880,210944,64,7865
203015,210879,210947,68,7864
201565,209530,210947,1417,7965
203015,210876,210947,71,7861
203015,210886,210948,62,7871
203015,210877,210949,72,7862
203015,210878,210948,70,7863
203015,210887,210948,61,7872
203015,210889,210950,61,7874
203015,210873,210951,78,7858
203015,210882,210951,69,7867
203015,210884,210951,67,7869
203015,210887,210954,67,7872
203015,210888,210955,67,7873
203015,210887,210956,69,7872
203015,210885,210959,74,7870
203015,210887,210960,73,7872
203015,210894,210960,66,7879
203015,210891,210960,69,7876
203015,210899,210961,62,7884
203015,210891,210962,71,7876
203015,210903,210962,59,7888
203015,210890,210962,72,7875
203015,210898,210964,66,7883
203015,210899,210963,64,7884
203015,210908,210970,62,7893
203015,210911,210971,60,7896
203015,210912,210971,59,7897
203015,210908,210973,65,7893
203015,210910,210973,63,7895
203015,210910,210975,65,7895
203015,210920,210975,55,7905
203015,210914,210977,63,7899
203015,210911,210978,67,7896
203015,210918,210980,62,7903
203015,210922,210980,58,7907
203015,210920,210983,63,7905
203015,210915,210984,69,7900
203015,210912,210984,72,7897
203015,210906,210985,79,7891
203015,210925,210984,59,7910
203015,210910,210985,75,7895
203015,210922,210986,64,7907
203015,210907,210986,79,7892
203015,210913,210986,73,7898
203015,210922,210987,65,7907
203015,210918,210987,69,7903
203015,210918,210989,71,7903
203015,210919,210985,66,7904
203015,210924,210986,62,7909
203227,210927,210990,63,7700
203015,210916,210990,74,7901
203015,210916,210990,74,7901
203015,210918,210991,73,7903
203015,210922,210991,69,7907
203015,210918,210991,73,7903
203227,210934,210992,58,7707
203227,210929,210993,64,7702
203015,210917,210993,76,7902
203227,210927,210994,67,7700
203227,210938,210994,56,7711
203227,210932,210994,62,7705
203015,210919,210994,75,7904
203015,210924,210996,72,7909
203227,210927,210996,69,7700
203227,210934,210996,62,7707
203227,210934,210998,64,7707
203227,210935,211002,67,7708
203227,210945,211004,59,7718
203227,210949,211006,57,7722
203227,210948,211007,59,7721
203227,210935,211008,73,7708
203227,210945,211009,64,7718
203227,210949,211010,61,7722
203227,210948,211011,63,7721
203227,210943,211013,70,7716
203227,210948,211012,64,7721
203227,210951,211013,62,7724
203227,210943,211013,70,7716
203227,210951,211014,63,7724
203227,210950,211014,64,7723
203227,210948,211015,67,7721
203227,210954,211016,62,7727
203227,210942,211017,75,7715
203227,210949,211017,68,7722
203227,210955,211017,62,7728
203227,210956,211018,62,7729
203227,210943,211018,75,7716
203227,210951,211018,67,7724
203227,210962,211026,64,7735
203227,210961,211026,65,7734
203227,210961,211028,67,7734
203227,210959,211028,69,7732
203227,210961,211029,68,7734
203227,210964,211032,68,7737
203227,210963,211033,70,7736
203227,210964,211034,70,7737
203227,210963,211034,71,7736
203227,210972,211037,65,7745
203227,210971,211040,69,7744
203227,210975,211042,67,7748
203227,210973,211044,71,7746
203227,210974,211045,71,7747
203227,210972,211045,73,7745
203227,210975,211047,72,7748
203227,210977,211049,72,7750
203227,210979,211049,70,7752
203227,210985,211050,65,7758
203227,210983,211053,70,7756
203227,210984,211052,68,7757
203227,210981,211053,72,7754
203227,210988,211054,66,7761
203227,210985,211055,70,7758
203227,210992,211055,63,7765
203227,210987,211055,68,7760
203227,210981,211055,74,7754
203227,210988,211058,70,7761
203227,210991,211057,66,7764
203227,210986,211059,73,7759
203227,210987,211058,71,7760
203227,210992,211059,67,7765
203227,210990,211059,69,7763
203227,210995,211058,63,7768
203227,210985,211059,74,7758
203227,210987,211061,74,7760
203227,210992,211061,69,7765
203227,210990,211061,71,7763
203227,210989,211063,74,7762
203227,210990,211064,74,7763
203227,210994,211064,70,7767
203227,210994,211064,70,7767
203227,210995,211066,71,7768
203227,210998,211067,69,7771
203227,210995,211067,72,7768
203227,210990,211067,77,7763
203227,210990,211067,77,7763
203227,210995,211067,72,7768
203227,210992,211068,76,7765
203227,210997,211071,74,7770
203227,210997,211072,75,7770
203227,211005,211076,71,7778
203227,211009,211077,68,7782
203227,211008,211077,69,7781
203227,211003,211078,75,7776
203227,211011,211077,66,7784
203227,211007,211077,70,7780
203227,210997,211078,81,7770
203227,211013,211078,65,7786
203227,211012,211079,67,7785
203227,211015,211081,66,7788
203227,211017,211082,65,7790
203227,211009,211083,74,7782
203227,211014,211083,69,7787
203227,211017,211083,66,7790
203227,211019,211085,66,7792
203227,211013,211085,72,7786
203227,211018,211086,68,7791
203227,211014,211088,74,7787
203227,211017,211089,72,7790
203227,211015,211090,75,7788
203227,211018,211093,75,7791
203227,211018,211094,76,7791
203227,211027,211097,70,7800
203227,211016,211098,82,7789
203227,211029,211101,72,7802
203227,211056,211102,46,7829
203227,211030,211102,72,7803
203227,211027,211102,75,7800
203227,211034,211102,68,7807
203227,211033,211104,71,7806
203227,211034,211105,71,7807
203227,211033,211106,73,7806
203227,211056,211106,50,7829
203227,211028,211107,79,7801
203227,211038,211107,69,7811
203227,211056,211108,52,7829
203227,211053,211108,55,7826
203227,211058,211110,52,7831
203227,211040,211110,70,7813
203227,211059,211112,53,7832
203227,211055,211114,59,7828
203227,211042,211115,73,7815
203227,211059,211114,55,7832
203227,211047,211115,68,7820
203227,211046,211115,69,7819
203227,211065,211116,51,7838
203227,211056,211116,60,7829
203227,211060,211117,57,7833
203227,211045,211117,72,7818
203227,211059,211118,59,7832
203227,211053,211119,66,7826
203227,211050,211119,69,7823
203227,211044,211120,76,7817
203227,211051,211122,71,7824
203227,211062,211122,60,7835
203227,211050,211122,72,7823
203227,211063,211123,60,7836
203227,211058,211124,66,7831
203227,211053,211125,72,7826
203227,211064,211132,68,7837
203227,211066,211133,67,7839
203227,211068,211133,65,7841
203227,211068,211133,65,7841
203227,211062,211134,72,7835
203227,211068,211135,67,7841
203227,211059,211135,76,7832
203227,211062,211135,73,7835
203227,211059,211135,76,7832
203227,211068,211138,70,7841
203227,211067,211139,72,7840
203227,211068,211140,72,7841
203227,211077,211141,64,7850
203227,211078,211142,64,7851
203227,211064,211142,78,7837
203227,211080,211143,63,7853
203227,211072,211144,72,7845
203227,211071,211147,76,7844
203227,211079,211151,72,7852
203227,211083,211150,67,7856
203227,211078,211151,73,7851
203227,211089,211151,62,7862
203227,211077,211152,75,7850
203227,211078,211154,76,7851
203227,211090,211153,63,7863
203227,211083,211154,71,7856
203227,211090,211154,64,7863
203227,211087,211155,68,7860
203227,211081,211157,76,7854
203227,211083,211158,75,7856
203227,211078,211158,80,7851
203227,211079,211158,79,7852
203227,211082,211158,76,7855
203227,211086,211159,73,7859
203227,211094,211162,68,7867
203227,211085,211162,77,7858
203227,211098,211164,66,7871
203227,211102,211166,64,7875
203227,211105,211169,64,7878
203227,211099,211171,72,7872
203227,211102,211172,70,7875
203227,211101,211173,72,7874
203227,211107,211173,66,7880
203227,211106,211174,68,7879
203227,211108,211176,68,7881
203227,211109,211175,66,7882
203227,211102,211177,75,7875
203227,211094,211179,85,7867
203227,211113,211179,66,7886
203227,211111,211179,68,7884
203227,211104,211179,75,7877
203227,211107,211180,73,7880
201796,209763,211181,1418,7967
203227,211115,211181,66,7888
203227,211118,211182,64,7891
203227,211108,211183,75,7881
203227,211111,211182,71,7884
203227,211116,211184,68,7889
203227,211107,211185,78,7880
203227,211115,211185,70,7888
203227,211115,211188,73,7888
203227,211123,211188,65,7896
203227,211119,211190,71,7892
203227,211117,211191,74,7890
203227,211116,211191,75,7889
203227,211123,211191,68,7896
203227,211114,211191,77,7887
203227,211117,211193,76,7890
203227,211122,211194,72,7895
203227,211119,211196,77,7892
203227,211121,211196,75,7894
203227,211134,211196,62,7907
203227,211133,211197,64,7906
203227,211120,211198,78,7893
203227,211122,211200,78,7895
203227,211136,211201,65,7909
203227,211135,211201,66,7908
203227,211133,211203,70,7906
203227,211125,211203,78,7898
203227,211125,211204,79,7898
203227,211135,211206,71,7908
203227,211136,211206,70,7909
203227,211140,211206,66,7913
203227,211133,211208,75,7906
203227,211136,211209,73,7909
203227,211140,211211,71,7913
203227,211152,211211,59,7925
203227,211145,211213,68,7918
203227,211138,211213,75,7911
203227,211143,211217,74,7916
203227,211151,211217,66,7924
203227,211153,211216,63,7926
203227,211141,211218,77,7914
203227,211142,211218,76,7915
203227,211155,211219,64,7928
203227,211147,211220,73,7920
203227,211151,211220,69,7924
203227,211144,211221,77,7917
203227,211159,211222,63,7932
203227,211154,211222,68,7927
203227,211154,211224,70,7927
203227,211162,211224,62,7935
203508,211170,211226,56,7662
203227,211154,211227,73,7927
203227,211160,211227,67,7933
203508,211167,211228,61,7659
203227,211151,211229,78,7924
203227,211156,211230,74,7929
203508,211171,211230,59,7663
203508,211172,211232,60,7664
203227,211158,211232,74,7931
203227,211159,211228,69,7932
203227,211159,211224,65,7932
203508,211173,211236,63,7665
203508,211165,211236,71,7657
203508,211175,211236,61,7667
203227,211158,211237,79,7931
203508,211176,211238,62,7668
203508,211179,211238,59,7671
203508,211179,211239,60,7671
203508,211185,211239,54,7677
203508,211178,211240,62,7670
203508,211180,211241,61,7672
203508,211185,211243,58,7677
203508,211176,211244,68,7668
203508,211174,211244,70,7666
203508,211183,211245,62,7675
203508,211182,211245,63,7674
203508,211185,211247,62,7677
203508,211183,211247,64,7675
203508,211191,211247,56,7683
203508,211189,211248,59,7681
203508,211191,211250,59,7683
203508,211180,211250,70,7672
203508,211181,211251,70,7673
203508,211189,211252,63,7681
203508,211180,211253,73,7672
203508,211183,211253,70,7675
203508,211192,211256,64,7684
203508,211191,211256,65,7683
203508,211193,211257,64,7685
203508,211192,211259,67,7684
203508,211194,211261,67,7686
203508,211196,211265,69,7688
203508,211197,211267,70,7689
203508,211199,211268,69,7691
203508,211197,211268,71,7689
203508,211197,211268,71,7689
203508,211201,211269,68,7693
203508,211209,211271,62,7701
203508,211201,211272,71,7693
203508,211205,211273,68,7697
203508,211210,211275,65,7702
203508,211206,211275,69,7698
203508,211202,211276,74,7694
203508,211204,211276,72,7696
203508,211207,211277,70,7699
203508,211204,211278,74,7696
203508,211207,211279,72,7699
203508,211211,211279,68,7703
203508,211214,211279,65,7706
203508,211211,211283,72,7703
203508,211217,211283,66,7709
203508,211217,211285,68,7709
203508,211217,211285,68,7709
203508,211221,211285,64,7713
203508,211221,211287,66,7713
203508,211214,211290,76,7706
203508,211219,211290,71,7711
203508,211221,211292,71,7713
203508,211225,211292,67,7717
203508,211220,211291,71,7712
203508,211219,211292,73,7711
203508,211223,211294,71,7715
203508,211227,211297,70,7719
203508,211228,211296,68,7720
203508,211229,211297,68,7721
203508,211224,211298,74,7716
203508,211232,211298,66,7724
203508,211232,211298,66,7724
203508,211229,211299,70,7721
203508,211230,211299,69,7722
203508,211228,211299,71,7720
203508,211231,211304,73,7723
203508,211236,211305,69,7728
203508,211239,211306,67,7731
203508,211236,211306,70,7728
203508,211236,211306,70,7728
203508,211237,211306,69,7729
203508,211237,211307,70,7729
203508,211236,211308,72,7728
203508,211241,211309,68,7733
203508,211240,211310,70,7732
203508,211238,211310,72,7730
203508,211242,211310,68,7734
203508,211245,211311,66,7737
203508,211239,211311,72,7731
203508,211244,211313,69,7736
203508,211245,211315,70,7737
203508,211240,211315,75,7732
203508,211246,211317,71,7738
203508,211251,211317,66,7743
203508,211247,211318,71,7739
203508,211245,211319,74,7737
203508,211251,211321,70,7743
203508,211248,211320,72,7740
203508,211253,211322,69,7745
203508,211251,211323,72,7743
203508,211248,211322,74,7740
203508,211256,211324,68,7748
203508,211253,211326,73,7745
203508,211254,211327,73,7746
203508,211257,211328,71,7749
203508,211248,211330,82,7740
203508,211259,211329,70,7751
203508,211284,211330,46,7776
203508,211285,211333,48,7777
203508,211266,211333,67,7758
203508,211261,211334,73,7753
203508,211258,211335,77,7750
203508,211268,211336,68,7760
203508,211285,211337,52,7777
203508,211269,211338,69,7761
203508,211269,211339,70,7761
203508,211271,211340,69,7763
203508,211291,211341,50,7783
203508,211285,211341,56,7777
203508,211288,211342,54,7780
203508,211268,211342,74,7760
203508,211284,211344,60,7776
203508,211277,211346,69,7769
203508,211273,211346,73,7765
203508,211275,211345,70,7767
203508,211292,211346,54,7784
203508,211274,211346,72,7766
203508,211292,211347,55,7784
203508,211279,211347,68,7771
203508,211277,211348,71,7769
203508,211293,211349,56,7785
203508,211279,211349,70,7771
203508,211269,211349,80,7761
203508,211292,211349,57,7784
203508,211278,211349,71,7770
203508,211280,211350,70,7772
203508,211297,211355,58,7789
203508,211276,211355,79,7768
203508,211280,211356,76,7772
203508,211297,211357,60,7789
203508,211307,211357,50,7799
203508,211295,211358,63,7787
203508,211291,211359,68,7783
203508,211305,211359,54,7797
203508,211301,211361,60,7793
203508,211298,211361,63,7790
203508,211297,211362,65,7789
203508,211299,211362,63,7791
203508,211307,211363,56,7799
211329,211329,211364,35,0
203508,211300,211365,65,7792
203508,211299,211365,66,7791
203508,211309,211366,57,7801
203508,211305,211368,63,7797
203508,211300,211367,67,7792
203508,211309,211371,62,7801
203508,211306,211373,67,7798
203508,211308,211377,69,7800
203508,211307,211380,73,7799
203508,211310,211382,72,7802
203508,211318,211381,63,7810
203508,211312,211382,70,7804
203508,211311,211382,71,7803
203508,211317,211385,68,7809
203508,211312,211385,73,7804
203508,211313,211387,74,7805
203508,211311,211388,77,7803
203508,211323,211388,65,7815
203508,211315,211389,74,7807
203508,211321,211391,70,7813
203508,211323,211391,68,7815
203508,211320,211391,71,7812
203508,211324,211392,68,7816
203508,211319,211392,73,7811
203508,211326,211393,67,7818
203508,211321,211395,74,7813
203508,211322,211395,73,7814
203508,211316,211396,80,7808
203508,211328,211400,72,7820
203508,211330,211401,71,7822
203508,211329,211402,73,7821
203508,211335,211403,68,7827
203508,211330,211403,73,7822
203508,211333,211405,72,7825
203508,211335,211406,71,7827
203508,211330,211406,76,7822
203508,211336,211407,71,7828
203508,211341,211410,69,7833
203508,211339,211409,70,7831
203508,211334,211409,75,7826
203508,211340,211411,71,7832
203508,211341,211410,69,7833
203508,211338,211411,73,7830
203508,211342,211412,70,7834
203508,211339,211414,75,7831
203508,211345,211415,70,7837
203508,211347,211415,68,7839
203508,211350,211416,66,7842
203508,211350,211417,67,7842
203508,211348,211417,69,7840
203508,211350,211417,67,7842
203508,211348,211417,69,7840
203508,211343,211418,75,7835
203508,211351,211419,68,7843
203508,211355,211419,64,7847
203508,211347,211419,72,7839
202033,209997,211420,1423,7964
203508,211347,211421,74,7839
203508,211357,211421,64,7849
203508,211358,211421,63,7850
203508,211347,211421,74,7839
203508,211346,211423,77,7838
203508,211349,211422,73,7841
203508,211350,211422,72,7842
203508,211356,211423,67,7848
203508,211349,211425,76,7841
203508,211358,211426,68,7850
203508,211363,211427,64,7855
203508,211360,211430,70,7852
203508,211361,211430,69,7853
203508,211363,211431,68,7855
203508,211362,211431,69,7854
203508,211359,211433,74,7851
203508,211362,211433,71,7854
203508,211359,211434,75,7851
203508,211365,211433,68,7857
203508,211371,211435,64,7863
203508,211367,211437,70,7859
203508,211368,211439,71,7860
203508,211368,211439,71,7860
203508,211377,211440,63,7869
203508,211373,211444,71,7865
203508,211382,211451,69,7874
203508,211366,211452,86,7858
203508,211382,211452,70,7874
203508,211381,211455,74,7873
203508,211388,211455,67,7880
203508,211382,211455,73,7874
203508,211393,211456,63,7885
203508,211393,211458,65,7885
203508,211391,211458,67,7883
203741,211406,211459,53,7665
203741,211402,211459,57,7661
203508,211391,211460,69,7883
203508,211388,211459,71,7880
203508,211396,211460,64,7888
203508,211385,211460,75,7877
203508,211388,211461,73,7880
203508,211382,211463,81,7874
203508,211390,211462,72,7882
203741,211408,211463,55,7667
203508,211396,211464,68,7888
203508,211393,211464,71,7885
203508,211386,211464,78,7878
203508,211392,211464,72,7884
203741,211410,211466,56,7669
203741,211406,211469,63,7665
203508,211396,211468,72,7888
203741,211404,211471,67,7663
203508,211400,211471,71,7892
203741,211411,211471,60,7670
203741,211410,211472,62,7669
203741,211404,211472,68,7663
203741,211421,211472,51,7680
203741,211411,211473,62,7670
203741,211410,211474,64,7669
203741,211421,211474,53,7680
203741,211420,211476,56,7679
203741,211406,211476,70,7665
203741,211414,211476,62,7673
203741,211417,211478,61,7676
203741,211412,211477,65,7671
203741,211421,211477,56,7680
203741,211412,211477,65,7671
203741,211422,211478,56,7681
203741,211418,211482,64,7677
203741,211420,211481,61,7679
203741,211417,211483,66,7676
203741,211421,211483,62,7680
203741,211419,211486,67,7678
203741,211416,211487,71,7675
203741,211418,211487,69,7677
203741,211419,211488,69,7678
203741,211423,211489,66,7682
203741,211427,211490,63,7686
203741,211425,211489,64,7684
203741,211418,211491,73,7677
203741,211426,211491,65,7685
203741,211423,211492,69,7682
203741,211415,211493,78,7674
203741,211423,211496,73,7682
203741,211424,211498,74,7683
203741,211432,211497,65,7691
203741,211432,211498,66,7691
203741,211431,211499,68,7690
203741,211435,211501,66,7694
203741,211434,211502,68,7693
203741,211441,211504,63,7700
203741,211430,211503,73,7689
203741,211433,211505,72,7692
203741,211434,211504,70,7693
203741,211433,211506,73,7692
203741,211437,211509,72,7696
203741,211440,211511,71,7699
203741,211440,211511,71,7699
203741,211445,211513,68,7704
203741,211452,211519,67,7711
203741,211453,211521,68,7712
203741,211455,211522,67,7714
203741,211455,211522,67,7714
203741,211451,211525,74,7710
203741,211457,211526,69,7716
203741,211461,211526,65,7720
203741,211463,211526,63,7722
203741,211460,211527,67,7719
203741,211461,211530,69,7720
203741,211463,211530,67,7722
203741,211460,211530,70,7719
203741,211460,211531,71,7719
203741,211459,211532,73,7718
203741,211460,211532,72,7719
203741,211465,211533,68,7724
203741,211465,211533,68,7724
203741,211459,211534,75,7718
203741,211469,211535,66,7728
203741,211461,211535,74,7720
203741,211465,211537,72,7724
203741,211466,211536,70,7725
203741,211472,211536,64,7731
203741,211472,211537,65,7731
203741,211463,211538,75,7722
203741,211471,211539,68,7730
203741,211474,211541,67,7733
203741,211477,211542,65,7736
203741,211469,211542,73,7728
203741,211465,211542,77,7724
203741,211472,211543,71,7731
203741,211472,211542,70,7731
203741,211478,211545,67,7737
203741,211472,211546,74,7731
203741,211477,211546,69,7736
203741,211478,211548,70,7737
203741,211478,211548,70,7737
203741,211474,211548,74,7733
203741,211477,211548,71,7736
203741,211478,211549,71,7737
203741,211475,211549,74,7734
203741,211483,211551,68,7742
203741,211482,211553,71,7741
203741,211486,211554,68,7745
203741,211478,211554,76,7737
203741,211473,211555,82,7732
203741,211484,211555,71,7743
203741,211482,211555,73,7741
203741,211487,211556,69,7746
203741,211489,211558,69,7748
203741,211490,211562,72,7749
203741,211497,211563,66,7756
203741,211491,211563,72,7750
203741,211488,211563,75,7747
203741,211490,211564,74,7749
203741,211489,211566,77,7748
203741,211494,211567,73,7753
203741,211498,211568,70,7757
203741,211492,211568,76,7751
203741,211492,211569,77,7751
203741,211498,211569,71,7757
203741,211498,211570,72,7757
203741,211502,211571,69,7761
203741,211499,211571,72,7758
203741,211523,211572,49,7782
203741,211530,211573,43,7789
203741,211523,211575,52,7782
203741,211507,211576,69,7766
203741,211521,211576,55,7780
203741,211505,211577,72,7764
203741,211526,211577,51,7785
203741,211504,211577,73,7763
203741,211526,211578,52,7785
203741,211520,211578,58,7779
203741,211513,211579,66,7772
203741,211505,211578,73,7764
203741,211527,211578,51,7786
203741,211502,211579,77,7761
203741,211510,211579,69,7769
203741,211512,211580,68,7771
203741,211526,211580,54,7785
203741,211527,211582,55,7786
203741,211504,211582,78,7763
203741,211511,211585,74,7770
203741,211535,211585,50,7794
203741,211535,211590,55,7794
203741,211531,211590,59,7790
203741,211530,211591,61,7789
203741,211532,211593,61,7791
203741,211530,211596,66,7789
203741,211534,211595,61,7793
203741,211537,211597,60,7796
203741,211534,211598,64,7793
203741,211539,211602,63,7798
203741,211532,211602,70,7791
203741,211540,211603,63,7799
203741,211537,211603,66,7796
203741,211542,211605,63,7801
203741,211538,211605,67,7797
203741,211546,211607,61,7805
203741,211545,211608,63,7804
203741,211543,211609,66,7802
203741,211537,211610,73,7796
203741,211542,211611,69,7801
203741,211536,211611,75,7795
203741,211543,211611,68,7802
202279,210228,211614,1386,7949
203741,211549,211617,68,7808
203741,211543,211620,77,7802
203741,211556,211619,63,7815
203741,211543,211621,78,7802
203741,211549,211621,72,7808
203741,211549,211622,73,7808
203741,211555,211623,68,7814
203741,211547,211624,77,7806
203741,211550,211625,75,7809
203741,211555,211625,70,7814
203741,211556,211626,70,7815
203741,211557,211627,70,7816
203741,211549,211627,78,7808
203741,211549,211628,79,7808
203741,211552,211627,75,7811
203741,211563,211627,64,7822
203741,211559,211628,69,7818
203741,211555,211628,73,7814
203741,211563,211629,66,7822
203741,211570,211629,59,7829
203741,211564,211631,67,7823
203741,211566,211631,65,7825
203741,211578,211633,55,7837
203741,211553,211633,80,7812
203741,211573,211634,61,7832
203741,211568,211636,68,7827
203741,211564,211637,73,7823
203741,211563,211637,74,7822
203741,211568,211638,70,7827
203741,211572,211638,66,7831
203741,211576,211642,66,7835
203741,211576,211642,66,7835
203741,211579,211642,63,7838
203741,211580,211643,63,7839
203741,211572,211643,71,7831
203741,211580,211644,64,7839
203741,211581,211644,63,7840
203741,211568,211645,77,7827
203741,211570,211644,74,7829
203741,211579,211645,66,7838
203741,211574,211645,71,7833
203741,211582,211645,63,7841
203741,211571,211645,74,7830
203741,211579,211648,69,7838
203741,211578,211648,70,7837
203741,211581,211649,68,7840
203741,211578,211650,72,7837
203741,211592,211649,57,7851
203741,211578,211651,73,7837
203741,211586,211651,65,7845
203741,211577,211652,75,7836
203741,211591,211654,63,7850
203741,211578,211656,78,7837
203741,211591,211657,66,7850
203741,211583,211658,75,7842
203741,211586,211658,72,7845
203741,211594,211660,66,7853
203741,211596,211662,66,7855
203741,211596,211664,68,7855
203741,211603,211665,62,7862
203741,211602,211665,63,7861
203741,211598,211666,68,7857
203741,211603,211669,66,7862
203741,211603,211672,69,7862
203741,211597,211672,75,7856
203741,211605,211672,67,7864
203741,211609,211673,64,7868
203741,211611,211676,65,7870
203741,211612,211676,64,7871
203741,211606,211676,70,7865
203741,211615,211677,62,7874
203741,211608,211682,74,7867
203741,211610,211682,72,7869
203741,211611,211684,73,7870
203950,211630,211685,55,7680
203741,211611,211686,75,7870
203741,211620,211688,68,7879
203950,211631,211690,59,7681
203741,211617,211691,74,7876
203741,211620,211691,71,7879
203741,211622,211691,69,7881
203950,211634,211691,57,7684
203950,211631,211692,61,7681
203950,211630,211693,63,7680
203741,211626,211695,69,7885
203741,211628,211695,67,7887
203950,211638,211696,58,7688
203950,211634,211696,62,7684
203741,211627,211696,69,7886
203741,211625,211697,72,7884
203741,211626,211696,70,7885
203950,211637,211697,60,7687
203741,211622,211697,75,7881
203950,211637,211697,60,7687
203741,211628,211698,70,7887
203950,211635,211698,63,7685
203950,211648,211699,51,7698
203741,211623,211698,75,7882
203950,211638,211698,60,7688
203741,211628,211699,71,7887
203741,211622,211701,79,7881
203741,211628,211700,72,7887
203950,211639,211701,62,7689
203950,211645,211701,56,7695
203950,211643,211703,60,7693
203950,211644,211703,59,7694
203950,211645,211703,58,7695
203950,211645,211704,59,7695
203950,211642,211704,62,7692
203950,211643,211704,61,7693
203950,211645,211705,60,7695
203741,211629,211704,75,7888
203950,211646,211705,59,7696
203950,211650,211707,57,7700
203950,211644,211706,62,7694
203950,211650,211707,57,7700
203950,211649,211707,58,7699
203950,211645,211709,64,7695
203950,211645,211709,64,7695
203741,211626,211712,86,7885
203950,211652,211711,59,7702
203950,211646,211712,66,7696
203950,211650,211713,63,7700
203950,211653,211715,62,7703
203950,211652,211715,63,7702
203950,211654,211717,63,7704
203950,211657,211723,66,7707
203950,211657,211723,66,7707
203950,211661,211722,61,7711
203950,211659,211725,66,7709
203950,211662,211726,64,7712
203950,211658,211730,72,7708
203950,211664,211731,67,7714
203950,211666,211734,68,7716
203950,211667,211735,68,7717
203950,211666,211737,71,7716
203950,211673,211738,65,7723
203950,211669,211738,69,7719
203950,211672,211738,66,7722
203950,211673,211740,67,7723
203950,211677,211744,67,7727
203950,211678,211745,67,7728
203950,211676,211748,72,7726
203950,211673,211748,75,7723
203950,211677,211748,71,7727
203950,211692,211753,61,7742
203950,211692,211753,61,7742
203950,211684,211753,69,7734
203950,211689,211754,65,7739
203950,211683,211754,71,7733
203950,211686,211754,68,7736
203950,211691,211755,64,7741
203950,211692,211755,63,7742
203950,211696,211757,61,7746
203950,211682,211759,77,7732
203950,211686,211759,73,7736
203950,211697,211762,65,7747
203950,211693,211762,69,7743
203950,211698,211764,66,7748
203950,211696,211765,69,7746
203950,211696,211765,69,7746
203950,211692,211766,74,7742
203950,211697,211766,69,7747
203950,211694,211768,74,7744
203950,211703,211768,65,7753
203950,211697,211768,71,7747
203950,211697,211768,71,7747
203950,211697,211769,72,7747
203950,211699,211769,70,7749
203950,211699,211770,71,7749
203950,211699,211771,72,7749
203950,211698,211772,74,7748
203950,211704,211772,68,7754
203950,211699,211772,73,7749
203950,211702,211773,71,7752
203950,211698,211774,76,7748
203950,211705,211774,69,7755
203950,211700,211774,74,7750
203950,211702,211774,72,7752
203950,211701,211774,73,7751
203950,211704,211775,71,7754
203950,211703,211775,72,7753
203950,211704,211778,74,7754
203950,211716,211778,62,7766
203950,211705,211779,74,7755
203950,211707,211779,72,7757
203950,211701,211780,79,7751
203950,211708,211780,72,7758
203950,211708,211781,73,7758
203950,211710,211781,71,7760
203950,211706,211782,76,7756
203950,211705,211781,76,7755
203950,211712,211782,70,7762
203950,211707,211783,76,7757
203950,211710,211783,73,7760
203950,211716,211786,70,7766
203950,211718,211787,69,7768
203950,211714,211788,74,7764
203950,211712,211790,78,7762
203950,211725,211790,65,7775
203950,211713,211791,78,7763
203950,211723,211792,69,7773
203950,211723,211793,70,7773
203950,211753,211796,43,7803
203950,211723,211797,74,7773
203950,211731,211797,66,7781
203950,211727,211797,70,7777
203950,211754,211801,47,7804
203950,211754,211801,47,7804
203950,211754,211803,49,7804
203950,211753,211805,52,7803
203950,211749,211806,57,7799
203950,211732,211806,74,7782
203950,211738,211807,69,7788
203950,211739,211808,69,7789
203950,211735,211809,74,7785
203950,211737,211812,75,7787
203950,211756,211812,56,7806
203950,211756,211812,56,7806
203950,211734,211814,80,7784
203950,211762,211813,51,7812
203950,211749,211815,66,7799
203950,211748,211816,68,7798
203950,211741,211818,77,7791
203950,211740,211818,78,7790
203950,211760,211819,59,7810
203950,211759,211819,60,7809
203950,211758,211820,62,7808
203950,211755,211820,65,7805
203950,211744,211821,77,7794
203950,211764,211821,57,7814
203950,211746,211823,77,7796
203950,211765,211827,62,7815
203950,211762,211828,66,7812
203950,211767,211828,61,7817
203950,211766,211830,64,7816
203950,211768,211832,64,7818
203950,211769,211833,64,7819
203950,211769,211834,65,7819
203950,211769,211837,68,7819
203950,211770,211837,67,7820
203950,211773,211838,65,7823
203950,211769,211840,71,7819
203950,211778,211840,62,7828
203950,211779,211842,63,7829
203950,211781,211843,62,7831
203950,211782,211843,61,7832
203950,211781,211843,62,7831
203950,211768,211844,76,7818
203950,211784,211844,60,7834
203950,211771,211845,74,7821
203950,211776,211845,69,7826
203950,211787,211846,59,7837
203950,211779,211847,68,7829
203950,211786,211846,60,7836
203950,211771,211846,75,7821
203950,211783,211846,63,7833
203950,211779,211847,68,7829
203950,211774,211848,74,7824
203950,211793,211848,55,7843
203950,211773,211850,77,7823
203950,211774,211850,76,7824
203950,211775,211850,75,7825
203950,211774,211851,77,7824
203950,211781,211851,70,7831
202506,210462,211851,1389,7956
203950,211782,211852,70,7832
203950,211773,211851,78,7823
203950,211775,211853,78,7825
203950,211774,211854,80,7824
203950,211780,211854,74,7830
203950,211793,211854,61,7843
203950,211792,211856,64,7842
203950,211775,211857,82,7825
203950,211784,211860,76,7834
203950,211789,211861,72,7839
203950,211797,211863,66,7847
203950,211791,211862,71,7841
203950,211798,211863,65,7848
203950,211791,211864,73,7841
203950,211798,211864,66,7848
203950,211798,211865,67,7848
203950,211804,211867,63,7854
203950,211802,211869,67,7852
203950,211806,211871,65,7856
203950,211802,211873,71,7852
203950,211807,211873,66,7857
203950,211820,211874,54,7870
203950,211814,211874,60,7864
203950,211806,211876,70,7856
203950,211812,211878,66,7862
203950,211818,211880,62,7868
203950,211809,211880,71,7859
203950,211821,211881,60,7871
203950,211813,211882,69,7863
203950,211817,211882,65,7867
203950,211810,211882,72,7860
203950,211818,211882,64,7868
203950,211813,211882,69,7863
203950,211814,211883,69,7864
203950,211819,211885,66,7869
203950,211822,211885,63,7872
203950,211808,211886,78,7858
203950,211821,211889,68,7871
203950,211824,211888,64,7874
203950,211827,211890,63,7877
203950,211829,211891,62,7879
203950,211834,211891,57,7884
203950,211815,211893,78,7865
203950,211830,211894,64,7880
203950,211820,211895,75,7870
203950,211838,211899,61,7888
203950,211829,211900,71,7879
203950,211833,211900,67,7883
203950,211835,211902,67,7885
203950,211838,211902,64,7888
203950,211840,211905,65,7890
203950,211845,211906,61,7895
203950,211841,211907,66,7891
203950,211843,211908,65,7893
203950,211847,211908,61,7897
203950,211837,211908,71,7887
203950,211849,211909,60,7899
203950,211843,211909,66,7893
204299,211854,211909,55,7555
203950,211847,211911,64,7897
203950,211842,211910,68,7892
203950,211847,211910,63,7897
203950,211843,211911,68,7893
204299,211855,211911,56,7556
203950,211851,211911,60,7901
204299,211863,211912,49,7564
203950,211849,211913,64,7899
204299,211861,211913,52,7562
203950,211847,211914,67,7897
203950,211851,211915,64,7901
203950,211851,211915,64,7901
204299,211855,211916,61,7556
203950,211844,211916,72,7894
204299,211863,211917,54,7564
204299,211857,211916,59,7558
204299,211855,211917,62,7556
203950,211851,211918,67,7901
203950,211852,211917,65,7902
203950,211844,211918,74,7894
203950,211847,211918,71,7897
204299,211858,211919,61,7559
203950,211850,211922,72,7900
204299,211866,211922,56,7567
204299,211864,211924,60,7565
203950,211848,211925,77,7898
203950,211852,211925,73,7902
204299,211873,211927,54,7574
204299,211871,211927,56,7572
204299,211863,211928,65,7564
203950,211852,211928,76,7902
204299,211864,211928,64,7565
204299,211865,211929,64,7566
204299,211867,211932,65,7568
203950,211845,211932,87,7895
204299,211874,211933,59,7575
204299,211870,211936,66,7571
204299,211880,211937,57,7581
204299,211883,211937,54,7584
204299,211882,211939,57,7583
204299,211874,211940,66,7575
204299,211882,211940,58,7583
204299,211884,211940,56,7585
204299,211884,211941,57,7585
204299,211877,211940,63,7578
204299,211879,211940,61,7580
204299,211875,211940,65,7576
204299,211886,211942,56,7587
204299,211881,211941,60,7582
204299,211885,211944,59,7586
204299,211882,211945,63,7583
204299,211889,211947,58,7590
204299,211881,211949,68,7582
204299,211892,211954,62,7593
204299,211887,211957,70,7588
204299,211892,211957,65,7593
204299,211889,211959,70,7590
204299,211894,211963,69,7595
204299,211891,211963,72,7592
204299,211895,211966,71,7596
204299,211896,211969,73,7597
204299,211902,211969,67,7603
204299,211907,211970,63,7608
204299,211903,211970,67,7604
204299,211907,211971,64,7608
204299,211901,211971,70,7602
204299,211900,211972,72,7601
204299,211909,211972,63,7610
204299,211911,211975,64,7612
204299,211906,211976,70,7607
204299,211909,211976,67,7610
204299,211913,211976,63,7614
204299,211900,211977,77,7601
204299,211911,211978,67,7612
204299,211910,211978,68,7611
204299,211911,211978,67,7612
204299,211909,211978,69,7610
204299,211912,211979,67,7613
204299,211911,211981,70,7612
204299,211912,211980,68,7613
204299,211918,211983,65,7619
204299,211913,211984,71,7614
204299,211909,211984,75,7610
204299,211915,211984,69,7616
204299,211914,211984,70,7615
204299,211916,211984,68,7617
204299,211917,211984,67,7618
204299,211915,211984,69,7616
204299,211917,211985,68,7618
204299,211916,211985,69,7617
204299,211919,211988,69,7620
204299,211922,211988,66,7623
204299,211911,211988,77,7612
204299,211917,211990,73,7618
204299,211925,211991,66,7626
204299,211919,211991,72,7620
204299,211917,211992,75,7618
204299,211918,211992,74,7619
204299,211923,211993,70,7624
204299,211919,211994,75,7620
204299,211929,211996,67,7630
204299,211928,211997,69,7629
204299,211925,211997,72,7626
204299,211928,211997,69,7629
204299,211925,211997,72,7626
204299,211928,211999,71,7629
204299,211932,211999,67,7633
204299,211927,212001,74,7628
204299,211934,212005,71,7635
204299,211937,212005,68,7638
204299,211929,212007,78,7630
204299,211938,212008,70,7639
204299,211938,212008,70,7639
204299,211932,212008,76,7633
204299,211941,212009,68,7642
204299,211941,212010,69,7642
204299,211942,212011,69,7643
204299,211941,212011,70,7642
204299,211941,212012,71,7642
204299,211942,212013,71,7643
204299,211941,212015,74,7642
204299,211941,212015,74,7642
204299,211944,212016,72,7645
204299,211948,212016,68,7649
204299,211941,212016,75,7642
204299,211954,212017,63,7655
204299,211940,212020,80,7641
204299,211949,212021,72,7650
204299,211946,212020,74,7647
204299,211957,212028,71,7658
204299,211960,212028,68,7661
204299,211978,212030,52,7679
204299,211958,212030,72,7659
204299,211977,212031,54,7678
204299,211978,212032,54,7679
204299,211977,212032,55,7678
204299,211976,212036,60,7677
204299,211980,212037,57,7681
204299,211978,212040,62,7679
204299,211969,212041,72,7670
204299,211963,212041,78,7664
204299,211973,212042,69,7674
204299,211979,212042,63,7680
204299,211978,212042,64,7679
204299,211964,212043,79,7665
204299,211967,212043,76,7668
204299,211969,212043,74,7670
204299,211981,212044,63,7682
204299,211970,212045,75,7671
204299,211972,212045,73,7673
204299,211973,212046,73,7674
204299,211985,212048,63,7686
204299,211985,212048,63,7686
204299,211971,212048,77,7672
204299,211984,212049,65,7685
204299,211972,212049,77,7673
204299,211984,212051,67,7685
204299,211981,212050,69,7682
204299,211975,212052,77,7676
204299,211985,212055,70,7686
204299,211985,212056,71,7686
204299,211983,212056,73,7684
204299,211991,212056,65,7692
204299,211986,212057,71,7687
204299,211988,212060,72,7689
204299,211985,212062,77,7686
204299,211985,212062,77,7686
204299,211997,212064,67,7698
204299,211992,212066,74,7693
204299,211998,212066,68,7699
204299,211997,212066,69,7698
204299,211989,212068,79,7690
204299,212006,212067,61,7707
204299,212000,212068,68,7701
204299,211995,212068,73,7696
204299,211993,212068,75,7694
204299,211997,212068,71,7698
204299,212000,212068,68,7701
204299,211992,212070,78,7693
204299,212008,212070,62,7709
204299,211989,212070,81,7690
204299,211993,212071,78,7694
204299,212013,212073,60,7714
204299,212005,212073,68,7706
204299,212008,212075,67,7709
204299,211992,212075,83,7693
204299,211998,212075,77,7699
204299,212009,212076,67,7710
204299,212011,212076,65,7712
204299,212008,212075,67,7709
204299,212012,212075,63,7713
204299,212001,212076,75,7702
204299,212012,212077,65,7713
204299,212016,212080,64,7717
204299,212010,212081,71,7711
204299,212015,212082,67,7716
202753,210691,212083,1392,7938
204299,212016,212083,67,7717
204299,212020,212085,65,7721
204299,212017,212086,69,7718
204299,212017,212087,70,7718
204299,212018,212087,69,7719
204299,212021,212090,69,7722
204299,212028,212090,62,7729
204299,212031,212093,62,7732
204299,212029,212094,65,7730
204299,212014,212095,81,7715
204299,212031,212097,66,7732
204299,212037,212100,63,7738
204299,212021,212101,80,7722
204299,212032,212101,69,7733
204299,212033,212102,69,7734
204299,212040,212102,62,7741
204299,212042,212103,61,7743
204299,212033,212105,72,7734
204299,212043,212105,62,7744
204299,212037,212106,69,7738
204299,212043,212108,65,7744
204299,212045,212107,62,7746
204299,212044,212108,64,7745
204299,212050,212109,59,7751
204299,212046,212111,65,7747
204299,212056,212111,55,7757
204299,212043,212112,69,7744
204299,212042,212112,70,7743
204299,212042,212114,72,7743
204299,212043,212114,71,7744
204299,212056,212115,59,7757
204299,212050,212116,66,7751
204299,212043,212116,73,7744
204299,212046,212117,71,7747
204299,212051,212117,66,7752
204299,212049,212118,69,7750
204299,212053,212120,67,7754
204299,212049,212120,71,7750
204299,212058,212123,65,7759
204299,212057,212123,66,7758
204299,212060,212126,66,7761
204299,212057,212127,70,7758
204299,212064,212127,63,7765
204299,212067,212128,61,7768
204299,212077,212129,52,7778
204299,212051,212129,78,7752
204299,212048,212129,81,7749
204299,212068,212133,65,7769
204299,212075,212133,58,7776
204299,212068,212133,65,7769
204299,212073,212134,61,7774
204299,212071,212135,64,7772
204299,212074,212135,61,7775
204299,212076,212135,59,7777
204299,212062,212135,73,7763
204299,212066,212136,70,7767
204299,212072,212136,64,7773
204430,212084,212136,52,7654
204299,212063,212137,74,7764
204430,212083,212137,54,7653
204430,212081,212138,57,7651
204299,212068,212138,70,7769
204299,212069,212140,71,7770
204299,212067,212140,73,7768
204299,212069,212141,72,7770
204430,212080,212141,61,7650
204299,212069,212143,74,7770
204299,212069,212143,74,7770
204299,212075,212144,69,7776
204430,212083,212144,61,7653
204299,212071,212144,73,7772
204430,212088,212144,56,7658
204299,212076,212146,70,7777
204299,212076,212146,70,7777
204299,212076,212146,70,7777
204299,212076,212146,70,7777
204430,212096,212148,52,7666
204299,212070,212148,78,7771
204430,212087,212150,63,7657
204430,212086,212152,66,7656
204430,212094,212152,58,7664
204430,212102,212153,51,7672
204430,212090,212154,64,7660
204430,212086,212154,68,7656
204299,212078,212155,77,7779
204430,212095,212156,61,7665
204430,212102,212156,54,7672
204430,212100,212156,56,7670
204430,212091,212156,65,7661
204430,212103,212158,55,7673
204430,212107,212159,52,7677
204430,212104,212160,56,7674
204430,212098,212161,63,7668
204430,212109,212161,52,7679
204430,212112,212162,50,7682
204430,212101,212162,61,7671
204430,212108,212167,59,7678
204430,212106,212168,62,7676
204430,212115,212168,53,7685
204430,212108,212170,62,7678
204430,212112,212170,58,7682
204430,212115,212170,55,7685
204430,212112,212172,60,7682
204430,212113,212173,60,7683
204430,212109,212174,65,7679
204430,212118,212176,58,7688
204430,212105,212177,72,7675
204430,212115,212177,62,7685
204430,212116,212179,63,7686
204430,212117,212178,61,7687
204430,212119,212182,63,7689
204430,212120,212186,66,7690
204430,212123,212188,65,7693
204430,212121,212188,67,7691
204430,212127,212189,62,7697
204430,212128,212193,65,7698
204430,212124,212193,69,7694
204430,212116,212195,79,7686
204430,212130,212197,67,7700
204430,212127,212197,70,7697
204430,212130,212198,68,7700
204430,212134,212198,64,7704
204430,212129,212200,71,7699
204430,212127,212200,73,7697
204430,212137,212202,65,7707
204430,212135,212203,68,7705
204430,212136,212203,67,7706
204430,212134,212204,70,7704
204430,212135,212204,69,7705
204430,212135,212204,69,7705
204430,212134,212205,71,7704
204430,212145,212206,61,7715
204430,212141,212207,66,7711
204430,212144,212208,64,7714
204430,212139,212208,69,7709
204430,212141,212209,68,7711
204430,212137,212209,72,7707
204430,212136,212210,74,7706
204430,212142,212210,68,7712
204430,212145,212210,65,7715
204430,212138,212211,73,7708
204430,212145,212211,66,7715
204430,212136,212211,75,7706
204430,212145,212213,68,7715
204430,212139,212213,74,7709
204430,212146,212214,68,7716
204430,212138,212215,77,7708
204430,212141,212216,75,7711
204430,212147,212218,71,7717
204430,212152,212218,66,7722
204430,212147,212218,71,7717
204430,212148,212219,71,7718
204430,212144,212219,75,7714
204430,212149,212219,70,7719
204430,212152,212220,68,7722
204430,212154,212221,67,7724
204430,212155,212222,67,7725
204430,212157,212223,66,7727
204430,212147,212225,78,7717
204430,212159,212227,68,7729
204430,212155,212228,73,7725
204430,212157,212228,71,7727
204430,212154,212228,74,7724
204430,212161,212230,69,7731
204430,212159,212231,72,7729
204430,212151,212231,80,7721
204430,212161,212232,71,7731
204430,212162,212235,73,7732
204430,212157,212236,79,7727
204430,212163,212236,73,7733
204430,212168,212236,68,7738
204430,212162,212236,74,7732
204430,212167,212237,70,7737
204430,212170,212239,69,7740
204430,212168,212239,71,7738
204430,212157,212239,82,7727
204430,212172,212240,68,7742
204430,212171,212243,72,7741
204430,212176,212244,68,7746
204430,212170,212244,74,7740
204430,212175,212245,70,7745
204430,212203,212247,44,7773
204430,212173,212248,75,7743
204430,212182,212250,68,7752
204430,212179,212251,72,7749
204430,212178,212251,73,7748
204430,212200,212253,53,7770
204430,212179,212254,75,7749
204430,212203,212254,51,7773
204430,212177,212254,77,7747
204430,212205,212256,51,7775
204430,212189,212257,68,7759
204430,212204,212257,53,7774
204430,212188,212263,75,7758
204430,212196,212263,67,7766
204430,212188,212264,76,7758
204430,212200,212264,64,7770
204430,212208,212264,56,7778
204430,212206,212265,59,7776
204430,212205,212267,62,7775
204430,212205,212267,62,7775
204430,212187,212269,82,7757
204430,212197,212270,73,7767
204430,212203,212271,68,7773
204430,212194,212272,78,7764
204430,212199,212274,75,7769
204430,212197,212275,78,7767
204430,212194,212275,81,7764
204430,212210,212276,66,7780
204430,212208,212277,69,7778
204430,212199,212279,80,7769
204430,212211,212279,68,7781
204430,212210,212281,71,7780
204430,212209,212281,72,7779
204430,212211,212283,72,7781
204430,212209,212284,75,7779
204430,212209,212285,76,7779
204430,212215,212285,70,7785
204430,212214,212285,71,7784
204430,212220,212286,66,7790
204430,212219,212287,68,7789
204430,212219,212287,68,7789
204430,212221,212288,67,7791
204430,212218,212289,71,7788
204430,212225,212289,64,7795
204430,212212,212289,77,7782
204430,212231,212290,59,7801
204430,212216,212290,74,7786
204430,212211,212292,81,7781
204430,212214,212293,79,7784
204430,212214,212293,79,7784
204430,212228,212296,68,7798
204430,212230,212296,66,7800
204430,212223,212296,73,7793
204430,212220,212297,77,7790
204430,212233,212296,63,7803
204430,212227,212297,70,7797
204430,212235,212298,63,7805
204430,212221,212299,78,7791
204430,212223,212299,76,7793
204430,212231,212300,69,7801
204430,212236,212301,65,7806
204430,212228,212301,73,7798
204430,212219,212301,82,7789
204430,212238,212302,64,7808
204430,212237,212303,66,7807
204430,212243,212306,63,7813
204430,212237,212307,70,7807
204430,212249,212307,58,7819
204430,212247,212308,61,7817
204430,212240,212307,67,7810
204430,212229,212307,78,7799
204430,212240,212308,68,7810
203018,210925,212310,1385,7907
204430,212240,212310,70,7810
204430,212237,212312,75,7807
204430,212245,212313,68,7815
204430,212251,212319,68,7821
204430,212244,212318,74,7814
204430,212240,212318,78,7810
204430,212245,212320,75,7815
204430,212257,212320,63,7827
204430,212254,212321,67,7824
204430,212255,212323,68,7825
204430,212258,212324,66,7828
204430,212264,212325,61,7834
204430,212264,212324,60,7834
204430,212251,212325,74,7821
204430,212254,212326,72,7824
204430,212258,212327,69,7828
204430,212255,212328,73,7825
204430,212265,212330,65,7835
204430,212252,212329,77,7822
204430,212268,212332,64,7838
204430,212267,212333,66,7837
204430,212266,212333,67,7836
204430,212270,212335,65,7840
204430,212278,212339,61,7848
204430,212277,212339,62,7847
204430,212275,212339,64,7845
204430,212271,212339,68,7841
204430,212265,212340,75,7835
204430,212275,212340,65,7845
204430,212273,212342,69,7843
204430,212286,212342,56,7856
204430,212286,212348,62,7856
204430,212265,212347,82,7835
204430,212281,212349,68,7851
204430,212276,212349,73,7846
204430,212285,212352,67,7855
204430,212293,212353,60,7863
204430,212291,212353,62,7861
204430,212279,212353,74,7849
204430,212289,212353,64,7859
204430,212286,212353,67,7856
204430,212272,212354,82,7842
204430,212287,212354,67,7857
204430,212293,212354,61,7863
204430,212282,212354,72,7852
204430,212280,212354,74,7850
204430,212294,212355,61,7864
204430,212289,212357,68,7859
204430,212285,212358,73,7855
204430,212291,212359,68,7861
204430,212288,212359,71,7858
204430,212297,212361,64,7867
204668,212307,212361,54,7639
204430,212289,212361,72,7859
204668,212308,212362,54,7640
204430,212284,212361,77,7854
204430,212299,212362,63,7869
204430,212297,212363,66,7867
204668,212311,212363,52,7643
204668,212308,212364,56,7640
204430,212303,212365,62,7873
204430,212298,212366,68,7868
204430,212302,212366,64,7872
204430,212297,212366,69,7867
204430,212302,212366,64,7872
204430,212297,212367,70,7867
204668,212307,212366,59,7639
204668,212310,212367,57,7642
204430,212289,212367,78,7859
204668,212309,212367,58,7641
204668,212307,212367,60,7639
204430,212304,212368,64,7874
204430,212300,212369,69,7870
204668,212308,212369,61,7640
204430,212301,212370,69,7871
204668,212314,212371,57,7646
204430,212300,212373,73,7870
204668,212321,212374,53,7653
204668,212319,212376,57,7651
204430,212297,212378,81,7867
204668,212320,212379,59,7652
204668,212312,212379,67,7644
204668,212325,212381,56,7657
204430,212299,212382,83,7869
204668,212330,212385,55,7662
204668,212324,212384,60,7656
204668,212319,212385,66,7651
204668,212324,212386,62,7656
204668,212330,212386,56,7662
204668,212333,212386,53,7665
204668,212322,212386,64,7654
204668,212325,212388,63,7657
204668,212319,212388,69,7651
204668,212325,212388,63,7657
204668,212334,212389,55,7666
204668,212339,212390,51,7671
204668,212335,212391,56,7667
204668,212328,212392,64,7660
204668,212327,212394,67,7659
204668,212333,212395,62,7665
204668,212340,212395,55,7672
204668,212327,212398,71,7659
204668,212340,212398,58,7672
204668,212341,212401,60,7673
204668,212339,212402,63,7671
204668,212342,212403,61,7674
204668,212340,212411,71,7672
204668,212348,212411,63,7680
204668,212343,212412,69,7675
204668,212353,212416,63,7685
204668,212356,212419,63,7688
204668,212348,212419,71,7680
204668,212354,212419,65,7686
204668,212350,212420,70,7682
204668,212349,212422,73,7681
204668,212353,212421,68,7685
204668,212354,212423,69,7686
204668,212354,212423,69,7686
204668,212355,212422,67,7687
204668,212355,212424,69,7687
204668,212354,212424,70,7686
204668,212355,212425,70,7687
204668,212357,212425,68,7689
204668,212355,212427,72,7687
204668,212355,212428,73,7687
204668,212362,212428,66,7694
204668,212360,212428,68,7692
204668,212361,212428,67,7693
204668,212365,212429,64,7697
204668,212358,212430,72,7690
204668,212359,212431,72,7691
204668,212363,212431,68,7695
204668,212364,212432,68,7696
204668,212361,212431,70,7693
204668,212363,212432,69,7695
204668,212368,212434,66,7700
204668,212367,212434,67,7699
204668,212362,212436,74,7694
204668,212365,212436,71,7697
204668,212366,212437,71,7698
204668,212366,212437,71,7698
204668,212362,212438,76,7694
204668,212369,212438,69,7701
204668,212372,212439,67,7704
204668,212366,212439,73,7698
204668,212368,212440,72,7700
204668,212369,212441,72,7701
204668,212367,212441,74,7699
204668,212367,212441,74,7699
204668,212368,212442,74,7700
204668,212370,212444,74,7702
204668,212375,212444,69,7707
204668,212369,212444,75,7701
204668,212367,212446,79,7699
204668,212377,212447,70,7709
204668,212380,212449,69,7712
204668,212374,212449,75,7706
204668,212380,212450,70,7712
204668,212382,212451,69,7714
204668,212385,212451,66,7717
204668,212382,212452,70,7714
204668,212385,212453,68,7717
204668,212379,212455,76,7711
204668,212386,212455,69,7718
204668,212392,212457,65,7724
204668,212386,212458,72,7718
204668,212389,212458,69,7721
204668,212389,212458,69,7721
204668,212386,212458,72,7718
204668,212390,212459,69,7722
204668,212386,212462,76,7718
204668,212393,212463,70,7725
204668,212389,212463,74,7721
204668,212391,212463,72,7723
204668,212396,212463,67,7728
204668,212395,212465,70,7727
204668,212424,212467,43,7756
204668,212386,212467,81,7718
204668,212396,212468,72,7728
204668,212399,212469,70,7731
204668,212399,212469,70,7731
204668,212401,212470,69,7733
204668,212425,212470,45,7757
204668,212404,212472,68,7736
204668,212403,212477,74,7735
204668,212411,212479,68,7743
204668,212426,212479,53,7758
204668,212424,212480,56,7756
204668,212412,212483,71,7744
204668,212428,212483,55,7760
204668,212423,212483,60,7755
204668,212428,212484,56,7760
204668,212412,212485,73,7744
204668,212423,212485,62,7755
204668,212417,212488,71,7749
204668,212430,212489,59,7762
204668,212429,212489,60,7761
204668,212431,212489,58,7763
204668,212432,212491,59,7764
204668,212431,212493,62,7763
204668,212428,212494,66,7760
204668,212420,212494,74,7752
204668,212422,212494,72,7754
204668,212429,212496,67,7761
204668,212422,212495,73,7754
204668,212433,212496,63,7765
204668,212419,212496,77,7751
204668,212421,212497,76,7753
204668,212420,212499,79,7752
204668,212439,212501,62,7771
204668,212423,212503,80,7755
204668,212433,212504,71,7765
204668,212434,212504,70,7766
204668,212436,212505,69,7768
204668,212431,212506,75,7763
204668,212436,212508,72,7768
204668,212445,212509,64,7777
204668,212440,212510,70,7772
204668,212447,212511,64,7779
204668,212440,212512,72,7772
204668,212441,212511,70,7773
204668,212434,212512,78,7766
204668,212443,212512,69,7775
204668,212453,212517,64,7785
204668,212445,212517,72,7777
204668,212445,212517,72,7777
204668,212438,212518,80,7770
204668,212457,212518,61,7789
204668,212448,212518,70,7780
204668,212452,212519,67,7784
204668,212442,212519,77,7774
204668,212442,212519,77,7774
204668,212438,212519,81,7770
204668,212439,212519,80,7771
204668,212439,212520,81,7771
204668,212452,212520,68,7784
204668,212450,212520,70,7782
204668,212455,212520,65,7787
204668,212450,212521,71,7782
204668,212449,212521,72,7781
204668,212451,212524,73,7783
204668,212459,212524,65,7791
204668,212463,212524,61,7795
204668,212465,212525,60,7797
204668,212458,212526,68,7790
204668,212458,212526,68,7790
204668,212463,212528,65,7795
204668,212458,212531,73,7790
204668,212456,212531,75,7788
204668,212460,212531,71,7792
204668,212470,212532,62,7802
204668,212464,212535,71,7796
204668,212463,212535,72,7795
204668,212462,212536,74,7794
204668,212469,212537,68,7801
204668,212467,212537,70,7799
204668,212471,212538,67,7803
204668,212469,212541,72,7801
204668,212472,212541,69,7804
204668,212478,212541,63,7810
204668,212467,212542,75,7799
204668,212485,212546,61,7817
203230,211163,212548,1385,7933
204668,212485,212549,64,7817
204668,212479,212550,71,7811
204668,212471,212550,79,7803
204668,212488,212551,63,7820
204668,212495,212552,57,7827
204668,212484,212555,71,7816
204668,212481,212555,74,7813
204668,212483,212556,73,7815
204668,212483,212557,74,7815
204668,212493,212558,65,7825
204668,212489,212558,69,7821
204668,212490,212560,70,7822
204668,212486,212561,75,7818
204668,212479,212561,82,7811
204668,212505,212561,56,7837
204668,212495,212562,67,7827
204668,212497,212562,65,7829
204668,212492,212563,71,7824
204668,212494,212564,70,7826
204668,212496,212565,69,7828
204668,212496,212566,70,7828
204668,212505,212566,61,7837
204668,212490,212567,77,7822
204668,212496,212567,71,7828
204668,212504,212568,64,7836
204668,212507,212569,62,7839
204668,212497,212570,73,7829
204668,212500,212570,70,7832
204668,212512,212571,59,7844
204668,212502,212573,71,7834
204668,212504,212574,70,7836
204668,212512,212577,65,7844
204668,212524,212578,54,7856
204668,212509,212578,69,7841
204668,212510,212578,68,7842
204668,212512,212579,67,7844
204668,212509,212579,70,7841
204668,212519,212580,61,7851
204668,212520,212581,61,7852
204896,212525,212582,57,7629
204668,212519,212582,63,7851
204668,212521,212584,63,7853
204668,212519,212584,65,7851
204668,212521,212584,63,7853
204668,212517,212584,67,7849
204668,212512,212585,73,7844
204668,212521,212586,65,7853
204896,212529,212587,58,7633
204668,212512,212587,75,7844
204668,212518,212587,69,7850
204896,212526,212588,62,7630
204668,212517,212589,72,7849
204668,212520,212590,70,7852
204668,212521,212590,69,7853
204668,212519,212590,71,7851
204668,212520,212591,71,7852
204668,212522,212591,69,7854
204668,212521,212592,71,7853
204668,212525,212594,69,7857
204896,212532,212594,62,7636
204896,212536,212594,58,7640
204896,212542,212595,53,7646
204896,212527,212594,67,7631
204896,212532,212595,63,7636
204896,212532,212594,62,7636
204896,212527,212595,68,7631
204896,212538,212595,57,7642
204668,212520,212596,76,7852
204896,212536,212597,61,7640
204896,212538,212599,61,7642
204896,212543,212599,56,7647
204896,212537,212601,64,7641
204896,212541,212602,61,7645
204896,212549,212603,54,7653
204896,212537,212603,66,7641
204896,212550,212604,54,7654
204896,212542,212604,62,7646
204896,212533,212606,73,7637
204896,212555,212606,51,7659
204896,212547,212607,60,7651
204896,212557,212606,49,7661
204896,212550,212608,58,7654
204896,212552,212609,57,7656
204896,212555,212609,54,7659
204896,212552,212610,58,7656
204896,212559,212618,59,7663
204896,212561,212619,58,7665
204896,212561,212618,57,7665
204896,212558,212619,61,7662
204896,212561,212619,58,7665
204896,212559,212621,62,7663
204896,212549,212623,74,7653
204896,212562,212623,61,7666
204896,212563,212629,66,7667
204896,212562,212629,67,7666
204896,212563,212630,67,7667
204896,212566,212632,66,7670
204896,212565,212633,68,7669
204896,212566,212634,68,7670
204896,212569,212636,67,7673
204896,212566,212637,71,7670
204896,212567,212637,70,7671
204896,212568,212637,69,7672
204896,212570,212639,69,7674
204896,212571,212640,69,7675
204896,212574,212640,66,7678
204896,212571,212640,69,7675
204896,212580,212644,64,7684
204896,212570,212643,73,7674
204896,212574,212644,70,7678
204896,212582,212647,65,7686
204896,212578,212646,68,7682
204896,212584,212646,62,7688
204896,212578,212647,69,7682
204896,212579,212649,70,7683
204896,212581,212651,70,7685
204896,212584,212652,68,7688
204896,212584,212653,69,7688
204896,212579,212653,74,7683
204896,212584,212653,69,7688
204896,212587,212654,67,7691
204896,212590,212654,64,7694
204896,212581,212654,73,7685
204896,212582,212656,74,7686
204896,212587,212656,69,7691
204896,212580,212657,77,7684
204896,212587,212657,70,7691
204896,212588,212658,70,7692
204896,212594,212660,66,7698
204896,212586,212660,74,7690
204896,212593,212662,69,7697
204896,212594,212663,69,7698
204896,212591,212664,73,7695
204896,212591,212664,73,7695
204896,212595,212664,69,7699
204896,212589,212666,77,7693
204896,212592,212666,74,7696
204896,212590,212666,76,7694
204896,212595,212667,72,7699
204896,212591,212668,77,7695
204896,212595,212669,74,7699
204896,212595,212668,73,7699
204896,212596,212668,72,7700
204896,212594,212670,76,7698
204896,212603,212669,66,7707
204896,212600,212669,69,7704
204896,212595,212670,75,7699
204896,212605,212672,67,7709
204896,212603,212673,70,7707
204896,212599,212673,74,7703
204896,212601,212673,72,7705
204896,212607,212673,66,7711
204896,212596,212674,78,7700
204896,212597,212675,78,7701
204896,212605,212678,73,7709
204896,212609,212679,70,7713
204896,212606,212680,74,7710
204896,212609,212681,72,7713
204896,212611,212682,71,7715
204896,212610,212683,73,7714
204896,212604,212684,80,7708
204896,212607,212685,78,7711
204896,212619,212686,67,7723
204896,212644,212687,43,7748
204896,212607,212688,81,7711
204896,212619,212689,70,7723
204896,212620,212695,75,7724
204896,212618,212695,77,7722
204896,212621,212695,74,7725
204896,212641,212696,55,7745
204896,212629,212697,68,7733
204896,212619,212698,79,7723
204896,212641,212698,57,7745
204896,212623,212700,77,7727
204896,212645,212700,55,7749
204896,212631,212700,69,7735
204896,212648,212703,55,7752
204896,212647,212703,56,7751
204896,212623,212705,82,7727
204896,212633,212705,72,7737
204896,212630,212705,75,7734
204896,212637,212706,69,7741
204896,212641,212707,66,7745
204896,212644,212707,63,7748
204896,212638,212707,69,7742
204896,212640,212708,68,7744
204896,212638,212710,72,7742
204896,212647,212710,63,7751
204896,212656,212712,56,7760
204896,212634,212712,78,7738
204896,212638,212713,75,7742
204896,212652,212714,62,7756
204896,212655,212716,61,7759
204896,212654,212717,63,7758
204896,212647,212716,69,7751
204896,212654,212717,63,7758
204896,212635,212720,85,7739
204896,212653,212721,68,7757
204896,212649,212722,73,7753
204896,212654,212724,70,7758
204896,212654,212727,73,7758
204896,212669,212728,59,7773
204896,212660,212727,67,7764
204896,212666,212728,62,7770
204896,212672,212728,56,7776
204896,212654,212728,74,7758
204896,212675,212730,55,7779
204896,212660,212730,70,7764
204896,212671,212731,60,7775
204896,212657,212732,75,7761
204896,212657,212732,75,7761
204896,212669,212733,64,7773
204896,212663,212734,71,7767
204896,212659,212734,75,7763
204896,212667,212733,66,7771
204896,212668,212734,66,7772
204896,212670,212735,65,7774
204896,212658,212735,77,7762
204896,212669,212735,66,7773
204896,212668,212736,68,7772
204896,212674,212737,63,7778
204896,212673,212738,65,7777
204896,212680,212740,60,7784
204896,212666,212740,74,7770
204896,212665,212741,76,7769
204896,212670,212741,71,7774
204896,212664,212741,77,7768
204896,212673,212742,69,7777
204896,212664,212744,80,7768
204896,212679,212745,66,7783
204896,212664,212746,82,7768
204896,212684,212747,63,7788
204896,212689,212748,59,7793
204896,212674,212750,76,7778
204896,212676,212750,74,7780
204896,212670,212753,83,7774
204896,212687,212754,67,7791
204896,212686,212754,68,7790
204896,212683,212754,71,7787
204896,212682,212755,73,7786
204896,212686,212755,69,7790
204896,212682,212756,74,7786
204896,212679,212756,77,7783
204896,212700,212758,58,7804
204896,212695,212758,63,7799
204896,212690,212759,69,7794
204896,212697,212760,63,7801
204896,212698,212761,63,7802
204896,212696,212761,65,7800
204896,212700,212764,64,7804
204896,212701,212763,62,7805
204896,212699,212764,65,7803
204896,212703,212768,65,7807
204896,212699,212771,72,7803
204896,212708,212771,63,7812
204896,212714,212773,59,7818
204896,212706,212774,68,7810
204896,212703,212774,71,7807
204896,212708,212775,67,7812
204896,212717,212776,59,7821
204896,212712,212776,64,7816
204896,212708,212776,68,7812
204896,212711,212777,66,7815
204896,212705,212777,72,7809
204896,212706,212777,71,7810
204896,212696,212778,82,7800
204896,212707,212780,73,7811
204896,212716,212779,63,7820
204896,212717,212780,63,7821
204896,212718,212780,62,7822
204896,212713,212782,69,7817
204896,212711,212783,72,7815
204896,212721,212783,62,7825
204896,212728,212784,56,7832
204896,212733,212784,51,7837
204896,212722,212785,63,7826
204896,212714,212785,71,7818
203511,211402,212787,1385,7891
204896,212709,212788,79,7813
204896,212721,212788,67,7825
204896,212727,212788,61,7831
204896,212729,212790,61,7833
204896,212731,212790,59,7835
204896,212734,212794,60,7838
204896,212736,212795,59,7840
204896,212729,212796,67,7833
204896,212728,212796,68,7832
204896,212734,212797,63,7838
204896,212724,212797,73,7828
204896,212736,212797,61,7840
204896,212731,212797,66,7835
204896,212729,212798,69,7833
204896,212732,212798,66,7836
205134,212747,212799,52,7613
204896,212733,212799,66,7837
204896,212734,212800,66,7838
204896,212733,212801,68,7837
204896,212742,212803,61,7846
204896,212734,212803,69,7838
204896,212741,212805,64,7845
204896,212737,212804,67,7841
204896,212741,212806,65,7845
204896,212739,212806,67,7843
205134,212755,212806,51,7621
204896,212740,212806,66,7844
205134,212754,212807,53,7620
205134,212749,212807,58,7615
204896,212737,212809,72,7841
205134,212746,212808,62,7612
205134,212754,212810,56,7620
204896,212741,212810,69,7845
204896,212735,212812,77,7839
205134,212757,212814,57,7623
205134,212758,212814,56,7624
205134,212759,212815,56,7625
204896,212743,212816,73,7847
205134,212764,212816,52,7630
204896,212745,212817,72,7849
205134,212756,212817,61,7622
205134,212756,212817,61,7622
205134,212754,212818,64,7620
205134,212750,212819,69,7616
205134,212762,212819,57,7628
205134,212748,212821,73,7614
205134,212760,212822,62,7626
205134,212755,212822,67,7621
205134,212775,212825,50,7641
205134,212751,212824,73,7617
205134,212764,212824,60,7630
205134,212768,212825,57,7634
205134,212762,212827,65,7628
205134,212777,212827,50,7643
205134,212765,212828,63,7631
205134,212774,212829,55,7640
205134,212771,212830,59,7637
205134,212759,212830,71,7625
205134,212775,212831,56,7641
205134,212773,212831,58,7639
205134,212776,212832,56,7642
205134,212776,212832,56,7642
205134,212771,212832,61,7637
205134,212778,212833,55,7644
205134,212779,212836,57,7645
205134,212777,212839,62,7643
205134,212780,212840,60,7646
205134,212778,212842,64,7644
205134,212781,212844,63,7647
205134,212780,212843,63,7646
205134,212781,212847,66,7647
205134,212783,212850,67,7649
205134,212785,212851,66,7651
205134,212782,212852,70,7648
205134,212788,212853,65,7654
205134,212785,212853,68,7651
205134,212788,212854,66,7654
205134,212784,212854,70,7650
205134,212791,212855,64,7657
205134,212788,212854,66,7654
205134,212786,212855,69,7652
205134,212791,212858,67,7657
205134,212785,212858,73,7651
205134,212788,212858,70,7654
205134,212799,212861,62,7665
205134,212797,212863,66,7663
205134,212798,212863,65,7664
205134,212794,212864,70,7660
205134,212800,212864,64,7666
205134,212798,212864,66,7664
205134,212798,212865,67,7664
205134,212798,212865,67,7664
205134,212796,212868,72,7662
205134,212802,212869,67,7668
205134,212800,212869,69,7666
205134,212798,212871,73,7664
205134,212808,212872,64,7674
205134,212807,212872,65,7673
205134,212797,212872,75,7663
205134,212805,212874,69,7671
205134,212806,212874,68,7672
205134,212804,212875,71,7670
205134,212796,212875,79,7662
205134,212809,212875,66,7675
205134,212805,212876,71,7671
205134,212809,212878,69,7675
205134,212804,212878,74,7670
205134,212806,212879,73,7672
205134,212811,212879,68,7677
205134,212816,212879,63,7682
205134,212807,212880,73,7673
205134,212808,212881,73,7674
205134,212814,212880,66,7680
205134,212813,212882,69,7679
205134,212815,212884,69,7681
205134,212819,212884,65,7685
205134,212816,212884,68,7682
205134,212810,212886,76,7676
205134,212818,212886,68,7684
205134,212817,212887,70,7683
205134,212815,212889,74,7681
205134,212825,212889,64,7691
205134,212822,212890,68,7688
205134,212820,212891,71,7686
205134,212819,212892,73,7685
205134,212822,212893,71,7688
205134,212827,212895,68,7693
205134,212825,212897,72,7691
205134,212825,212897,72,7691
205134,212822,212897,75,7688
205134,212817,212899,82,7683
205134,212825,212900,75,7691
205134,212834,212901,67,7700
205134,212830,212904,74,7696
205134,212828,212905,77,7694
205134,212832,212904,72,7698
205134,212833,212905,72,7699
205134,212831,212905,74,7697
205134,212832,212905,73,7698
205134,212831,212906,75,7697
205134,212855,212906,51,7721
205134,212831,212906,75,7697
205134,212828,212907,79,7694
205134,212855,212907,52,7721
205134,212832,212908,76,7698
205134,212837,212910,73,7703
205134,212844,212911,67,7710
205134,212856,212911,55,7722
205134,212841,212913,72,7707
205134,212864,212913,49,7730
205134,212842,212914,72,7708
205134,212840,212915,75,7706
205134,212855,212916,61,7721
205134,212855,212918,63,7721
205134,212844,212919,75,7710
205134,212865,212921,56,7731
205134,212858,212922,64,7724
205134,212851,212923,72,7717
205134,212865,212923,58,7731
205134,212858,212924,66,7724
205134,212851,212924,73,7717
205134,212862,212924,62,7728
205134,212854,212925,71,7720
205134,212848,212927,79,7714
205134,212864,212927,63,7730
205134,212859,212928,69,7725
205134,212853,212929,76,7719
205134,212869,212929,60,7735
205134,212853,212930,77,7719
205134,212872,212931,59,7738
205134,212870,212935,65,7736
205134,212865,212936,71,7731
205134,212865,212937,72,7731
205134,212883,212937,54,7749
205134,212879,212939,60,7745
205134,212864,212941,77,7730
205134,212879,212942,63,7745
205134,212880,212944,64,7746
205134,212885,212945,60,7751
205134,212885,212945,60,7751
205134,212870,212945,75,7736
205134,212884,212946,62,7750
205134,212873,212945,72,7739
205134,212873,212947,74,7739
205134,212875,212950,75,7741
205134,212881,212950,69,7747
205134,212887,212950,63,7753
205134,212877,212951,74,7743
205134,212879,212952,73,7745
205134,212876,212952,76,7742
205134,212879,212952,73,7745
205134,212874,212952,78,7740
205134,212880,212952,72,7746
205134,212882,212953,71,7748
205134,212890,212953,63,7756
205134,212876,212954,78,7742
205134,212872,212955,83,7738
205134,212875,212954,79,7741
205134,212886,212955,69,7752
205134,212891,212958,67,7757
205134,212888,212958,70,7754
205134,212890,212959,69,7756
205134,212890,212959,69,7756
205134,212893,212960,67,7759
205134,212898,212960,62,7764
205134,212893,212961,68,7759
205134,212899,212962,63,7765
205134,212898,212962,64,7764
205134,212898,212965,67,7764
205134,212907,212967,60,7773
205134,212907,212969,62,7773
205134,212907,212969,62,7773
205134,212901,212970,69,7767
205134,212905,212970,65,7771
205134,212896,212971,75,7762
205134,212907,212971,64,7773
205134,212900,212973,73,7766
205134,212905,212973,68,7771
205134,212905,212974,69,7771
205134,212909,212974,65,7775
205134,212905,212974,69,7771
205134,212906,212976,70,7772
205134,212911,212977,66,7777
205134,212905,212976,71,7771
205134,212904,212977,73,7770
205134,212913,212978,65,7779
205134,212912,212978,66,7778
205134,212916,212980,64,7782
205134,212913,212982,69,7779
205134,212915,212982,67,7781
205134,212912,212984,72,7778
205134,212924,212986,62,7790
205134,212925,212990,65,7791
205134,212920,212991,71,7786
205134,212922,212991,69,7788
205134,212924,212991,67,7790
205134,212927,212992,65,7793
205134,212918,212991,73,7784
205134,212925,212992,67,7791
205134,212925,212994,69,7791
205134,212923,212994,71,7789
205134,212930,212994,64,7796
205134,212926,212995,69,7792
205134,212931,212994,63,7797
205134,212929,212995,66,7795
205134,212936,212996,60,7802
205134,212938,212997,59,7804
205134,212928,212998,70,7794
205134,212932,212999,67,7798
205134,212916,213000,84,7782
205134,212930,212999,69,7796
205134,212935,213007,72,7801
205134,212955,213007,52,7821
205134,212945,213007,62,7811
205134,212943,213008,65,7809
205134,212942,213010,68,7808
205134,212951,213010,59,7817
205134,212952,213011,59,7818
205134,212937,213011,74,7803
205134,212940,213012,72,7806
205134,212946,213012,66,7812
205412,212959,213014,55,7547
205134,212944,213013,69,7810
205134,212953,213015,62,7819
205134,212946,213014,68,7812
205134,212951,213015,64,7817
205134,212946,213016,70,7812
205134,212953,213016,63,7819
205134,212953,213018,65,7819
205412,212963,213018,55,7551
205134,212947,213020,73,7813
205412,212962,213019,57,7550
205134,212956,213020,64,7822
205134,212952,213021,69,7818
205412,212960,213021,61,7548
203744,211629,213022,1393,7885
205134,212959,213021,62,7825
205134,212953,213023,70,7819
205412,212970,213023,53,7558
205412,212962,213023,61,7550
205412,212968,213023,55,7556
205412,212966,213023,57,7554
205134,212952,213024,72,7818
205134,212946,213024,78,7812
205134,212951,213025,74,7817
205412,212960,213026,66,7548
205134,212954,213026,72,7820
205412,212971,213027,56,7559
205412,212972,213028,56,7560
205134,212958,213029,71,7824
205134,212953,213030,77,7819
205134,212955,213030,75,7821
205412,212975,213030,55,7563
205412,212960,213032,72,7548
205412,212971,213032,61,7559
205412,212973,213033,60,7561
205412,212974,213033,59,7562
205412,212977,213035,58,7565
205412,212974,213036,62,7562
205412,212978,213037,59,7566
205412,212978,213037,59,7566
205412,212979,213037,58,7567
205412,212981,213038,57,7569
205412,212971,213038,67,7559
205412,212977,213039,62,7565
205412,212969,213040,71,7557
205412,212977,213041,64,7565
205412,212984,213042,58,7572
205412,212987,213042,55,7575
205412,212983,213042,59,7571
205412,212974,213042,68,7562
205412,212983,213043,60,7571
205412,212992,213049,57,7580
205412,212991,213049,58,7579
205412,212992,213050,58,7580
205412,212992,213051,59,7580
205412,212992,213053,61,7580
205412,212993,213057,64,7581
205412,212997,213058,61,7585
205412,212996,213060,64,7584
205412,212995,213060,65,7583
205412,212994,213062,68,7582
205412,212996,213063,67,7584
205412,212992,213062,70,7580
205412,212995,213064,69,7583
205412,212994,213065,71,7582
205412,212999,213065,66,7587
205412,212997,213067,70,7585
205412,213000,213069,69,7588
205412,213007,213072,65,7595
205412,213009,213073,64,7597
205412,213000,213073,73,7588
205412,213007,213074,67,7595
205412,212999,213074,75,7587
205412,213011,213075,64,7599
205412,213017,213077,60,7605
205412,213014,213078,64,7602
205412,213014,213078,64,7602
205412,213010,213078,68,7598
205412,213013,213079,66,7601
205412,213008,213079,71,7596
205412,213012,213080,68,7600
205412,213012,213082,70,7600
205412,213019,213083,64,7607
205412,213015,213083,68,7603
205412,213015,213084,69,7603
205412,213013,213085,72,7601
205412,213022,213086,64,7610
205412,213015,213086,71,7603
205412,213020,213087,67,7608
205412,213016,213087,71,7604
205412,213024,213089,65,7612
205412,213022,213089,67,7610
205412,213020,213090,70,7608
205412,213023,213091,68,7611
205412,213019,213091,72,7607
205412,213022,213092,70,7610
205412,213026,213093,67,7614
205412,213024,213092,68,7612
205412,213023,213093,70,7611
205412,213023,213094,71,7611
205412,213025,213094,69,7613
205412,213020,213094,74,7608
205412,213025,213095,70,7613
205412,213022,213097,75,7610
205412,213028,213098,70,7616
205412,213027,213098,71,7615
205412,213027,213099,72,7615
205412,213031,213100,69,7619
205412,213030,213102,72,7618
205412,213031,213102,71,7619
205412,213023,213102,79,7611
205412,213033,213103,70,7621
205412,213038,213104,66,7626
205412,213036,213105,69,7624
205412,213031,213105,74,7619
205412,213032,213105,73,7620
205412,213034,213106,72,7622
205412,213034,213107,73,7622
205412,213039,213107,68,7627
205412,213038,213107,69,7626
205412,213038,213109,71,7626
205412,213037,213110,73,7625
205412,213041,213112,71,7629
205412,213043,213112,69,7631
205412,213042,213113,71,7630
205412,213037,213114,77,7625
205412,213044,213114,70,7632
205412,213043,213114,71,7631
205412,213049,213115,66,7637
205412,213040,213116,76,7628
205412,213042,213118,76,7630
205412,213049,213119,70,7637
205412,213053,213120,67,7641
205412,213043,213120,77,7631
205412,213068,213124,56,7656
205412,213050,213126,76,7638
205412,213073,213127,54,7661
205412,213072,213129,57,7660
205412,213061,213130,69,7649
205412,213070,213131,61,7658
205412,213052,213132,80,7640
205412,213066,213134,68,7654
205412,213074,213134,60,7662
205412,213063,213134,71,7651
205412,213062,213134,72,7650
205412,213060,213134,74,7648
205412,213074,213135,61,7662
205412,213076,213135,59,7664
205412,213058,213136,78,7646
205412,213075,213137,62,7663
205412,213063,213138,75,7651
205412,213064,213138,74,7652
205412,213058,213139,81,7646
205412,213066,213140,74,7654
205412,213085,213141,56,7673
205412,213078,213142,64,7666
205412,213084,213145,61,7672
205412,213080,213146,66,7668
205412,213080,213147,67,7668
205412,213078,213147,69,7666
205412,213083,213147,64,7671
205412,213079,213148,69,7667
205412,213086,213150,64,7674
205412,213089,213155,66,7677
205412,213095,213155,60,7683
205412,213079,213155,76,7667
205412,213101,213156,55,7689
205412,213087,213156,69,7675
205412,213080,213158,78,7668
205412,213086,213157,71,7674
205412,213094,213158,64,7682
205412,213098,213158,60,7686
205412,213089,213158,69,7677
205412,213092,213159,67,7680
205412,213088,213160,72,7676
205412,213083,213160,77,7671
205412,213102,213161,59,7690
205412,213093,213162,69,7681
205412,213091,213162,71,7679
205412,213095,213162,67,7683
205412,213097,213162,65,7685
205412,213095,213163,68,7683
205412,213093,213164,71,7681
205412,213099,213166,67,7687
205412,213102,213167,65,7690
205412,213099,213166,67,7687
205412,213096,213168,72,7684
205412,213087,213168,81,7675
205412,213108,213168,60,7696
205412,213103,213171,68,7691
205412,213091,213172,81,7679
205412,213093,213173,80,7681
205412,213106,213173,67,7694
205412,213107,213173,66,7695
205412,213106,213174,68,7694
205412,213104,213176,72,7692
205412,213117,213175,58,7705
205412,213112,213176,64,7700
205412,213113,213177,64,7701
205412,213103,213178,75,7691
205412,213105,213178,73,7693
205412,213108,213178,70,7696
205412,213114,213180,66,7702
205412,213116,213181,65,7704
205412,213107,213181,74,7695
205412,213121,213182,61,7709
205412,213110,213183,73,7698
205412,213114,213184,70,7702
205412,213115,213183,68,7703
205412,213118,213187,69,7706
205412,213110,213187,77,7698
205412,213114,213188,74,7702
205412,213126,213190,64,7714
205412,213128,213192,64,7716
205412,213121,213194,73,7709
205412,213119,213196,77,7707
205412,213134,213196,62,7722
205412,213125,213196,71,7713
205412,213129,213199,70,7717
205412,213138,213199,61,7726
205412,213135,213202,67,7723
205412,213136,213202,66,7724
205412,213131,213204,73,7719
205412,213139,213205,66,7727
205412,213149,213205,56,7737
205412,213135,213205,70,7723
205412,213140,213206,66,7728
205412,213143,213206,63,7731
205412,213145,213206,61,7733
205412,213141,213206,65,7729
205412,213135,213207,72,7723
205412,213130,213208,78,7718
205412,213135,213209,74,7723
205412,213135,213210,75,7723
205412,213133,213210,77,7721
205412,213148,213211,63,7736
205412,213134,213212,78,7722
205412,213141,213213,72,7729
205412,213137,213213,76,7725
205412,213150,213215,65,7738
205412,213148,213215,67,7736
205412,213148,213214,66,7736
205412,213147,213216,69,7735
205412,213156,213216,60,7744
205412,213163,213216,53,7751
205412,213162,213220,58,7750
205412,213156,213220,64,7744
205412,213161,213221,60,7749
205412,213158,213221,63,7746
205412,213159,213222,63,7747
205412,213157,213223,66,7745
205412,213163,213223,60,7751
205610,213174,213224,50,7564
205610,213173,213225,52,7563
205412,213159,213226,67,7747
205412,213159,213226,67,7747
205412,213169,213227,58,7757
205412,213161,213227,66,7749
205412,213163,213227,64,7751
205412,213159,213228,69,7747
205412,213166,213228,62,7754
205610,213172,213230,58,7562
205412,213167,213230,63,7755
205412,213162,213231,69,7750
205412,213158,213231,73,7746
205412,213156,213232,76,7744
205412,213164,213232,68,7752
205610,213178,213233,55,7568
205412,213163,213233,70,7751
205412,213157,213233,76,7745
205610,213179,213234,55,7569
205610,213174,213235,61,7564
205412,213167,213235,68,7755
205412,213168,213236,68,7756
205610,213180,213236,56,7570
205610,213177,213237,60,7567
205610,213174,213237,63,7564
205610,213176,213238,62,7566
205610,213178,213239,61,7568
205412,213172,213239,67,7760
205412,213169,213240,71,7757
205610,213189,213242,53,7579
205610,213183,213242,59,7573
205610,213184,213245,61,7574
205610,213192,213246,54,7582
205610,213196,213246,50,7586
205610,213182,213247,65,7572
205610,213176,213247,71,7566
205610,213194,213247,53,7584
205610,213188,213248,60,7578
205610,213177,213248,71,7567
205610,213184,213249,65,7574
205610,213197,213249,52,7587
205610,213181,213249,68,7571
205610,213199,213250,51,7589
205610,213183,213252,69,7573
205610,213187,213252,65,7577
205610,213200,213252,52,7590
205610,213196,213252,56,7586
205610,213191,213257,66,7581
205610,213203,213258,55,7593
205610,213203,213261,58,7593
205610,213206,213263,57,7596
205610,213205,213264,59,7595
205610,213206,213269,63,7596
205610,213206,213269,63,7596
205610,213207,213269,62,7597
205610,213206,213270,64,7596
205610,213207,213270,63,7597
205610,213208,213273,65,7598
205610,213209,213274,65,7599
205610,213207,213275,68,7597
205610,213212,213279,67,7602
205610,213213,213279,66,7603
205610,213210,213279,69,7600
205610,213209,213280,71,7599
205610,213210,213280,70,7600
205610,213211,213281,70,7601
205610,213217,213282,65,7607
205610,213215,213284,69,7605
205610,213215,213284,69,7605
205610,213220,213284,64,7610
205610,213213,213284,71,7603
205610,213215,213285,70,7605
205610,213216,213286,70,7606
205610,213220,213286,66,7610
205610,213223,213287,64,7613
205610,213224,213286,62,7614
205610,213216,213288,72,7606
205610,213222,213287,65,7612
205610,213221,213287,66,7611
205610,213228,213289,61,7618
205610,213223,213291,68,7613
205610,213226,213292,66,7616
205610,213231,213294,63,7621
205610,213227,213294,67,7617
205610,213230,213295,65,7620
205610,213228,213294,66,7618
205610,213225,213295,70,7615
205610,213229,213295,66,7619
205610,213233,213296,63,7623
205610,213226,213295,69,7616
205610,213228,213298,70,7618
205610,213231,213299,68,7621
205610,213232,213300,68,7622
205610,213230,213301,71,7620
205610,213235,213301,66,7625
205610,213236,213302,66,7626
205610,213234,213304,70,7624
205610,213228,213304,76,7618
205610,213234,213307,73,7624
205610,213236,213307,71,7626
205610,213235,213308,73,7625
205610,213237,213309,72,7627
205610,213241,213310,69,7631
205610,213238,213310,72,7628
205610,213239,213310,71,7629
213309,213309,213312,3,0
205610,213247,213313,66,7637
205610,213239,213314,75,7629
205610,213245,213314,69,7635
205610,213243,213314,71,7633
205610,213240,213315,75,7630
205610,213242,213315,73,7632
205610,213248,213316,68,7638
205610,213234,213316,82,7624
205610,213247,213316,69,7637
205610,213249,213316,67,7639
205610,213249,213317,68,7639
205610,213248,213317,69,7638
205610,213253,213320,67,7643
205610,213237,213323,86,7627
205610,213247,213324,77,7637
205610,213250,213324,74,7640
205610,213250,213326,76,7640
205610,213253,213326,73,7643
205610,213250,213326,76,7640
205610,213251,213326,75,7641
205610,213253,213328,75,7643
205610,213261,213328,67,7651
205610,213252,213329,77,7642
205610,213259,213330,71,7649
205610,213257,213330,73,7647
205610,213264,213333,69,7654
205610,213282,213335,53,7672
205610,213263,213336,73,7653
205610,213285,213337,52,7675
205610,213285,213338,53,7675
205610,213282,213340,58,7672
205610,213271,213340,69,7661
205610,213270,213340,70,7660
205610,213270,213341,71,7660
205610,213270,213346,76,7660
205610,213274,213345,71,7664
205610,213281,213347,66,7671
205610,213271,213347,76,7661
205610,213275,213348,73,7665
205610,213280,213348,68,7670
205610,213285,213347,62,7675
205610,213276,213349,73,7666
205610,213281,213349,68,7671
205610,213280,213349,69,7670
205610,213280,213349,69,7670
205610,213286,213350,64,7676
205610,213285,213350,65,7675
205610,213286,213351,65,7676
205610,213295,213351,56,7685
205610,213287,213351,64,7677
205610,213294,213351,57,7684
205610,213293,213352,59,7683
205610,213288,213358,70,7678
205610,213294,213359,65,7684
205610,213296,213360,64,7686
205610,213296,213361,65,7686
205610,213288,213362,74,7678
205610,213286,213363,77,7676
205610,213291,213363,72,7681
205610,213301,213364,63,7691
205610,213287,213364,77,7677
205610,213290,213364,74,7680
205610,213295,213365,70,7685
205610,213288,213366,78,7678
205610,213304,213367,63,7694
205610,213301,213369,68,7691
205610,213307,213370,63,7697
205610,213308,213370,62,7698
205610,213298,213370,72,7688
205610,213296,213371,75,7686
205610,213305,213371,66,7695
205610,213309,213372,63,7699
205610,213302,213373,71,7692
205610,213300,213373,73,7690
205610,213310,213374,64,7700
205610,213295,213375,80,7685
205610,213303,213376,73,7693
205610,213310,213376,66,7700
205610,213314,213377,63,7704
205610,213311,213377,66,7701
205610,213317,213380,63,7707
205610,213316,213382,66,7706
205610,213325,213382,57,7715
205610,213316,213384,68,7706
205610,213314,213385,71,7704
205610,213321,213386,65,7711
205610,213311,213386,75,7701
205610,213316,213386,70,7706
205610,213314,213391,77,7704
205610,213314,213391,77,7704
205610,213329,213393,64,7719
205610,213317,213393,76,7707
205610,213329,213394,65,7719
205610,213324,213394,70,7714
205610,213326,213395,69,7716
205610,213319,213396,77,7709
205610,213326,213398,72,7716
205610,213317,213398,81,7707
205610,213331,213399,68,7721
205610,213324,213401,77,7714
205610,213334,213400,66,7724
205610,213326,213403,77,7716
205610,213341,213402,61,7731
205610,213331,213403,72,7721
205610,213336,213403,67,7726
205610,213327,213404,77,7717
205610,213337,213404,67,7727
205610,213329,213405,76,7719
205610,213317,213404,87,7707
205610,213340,213405,65,7730
205610,213337,213406,69,7727
205610,213341,213408,67,7731
205610,213340,213408,68,7730
205610,213348,213410,62,7738
205610,213348,213412,64,7738
205610,213338,213413,75,7728
205610,213350,213413,63,7740
205610,213348,213414,66,7738
205610,213350,213416,66,7740
205610,213346,213417,71,7736
205610,213360,213418,58,7750
205610,213353,213418,65,7743
205610,213353,213419,66,7743
205610,213350,213419,69,7740
205610,213364,213420,56,7754
205610,213347,213420,73,7737
205610,213359,213421,62,7749
205610,213349,213421,72,7739
205610,213349,213421,72,7739
205610,213363,213422,59,7753
205610,213352,213423,71,7742
205610,213364,213423,59,7754
205610,213360,213423,63,7750
205610,213351,213425,74,7741
205610,213351,213425,74,7741
205610,213346,213426,80,7736
205610,213370,213426,56,7760
205610,213362,213427,65,7752
205610,213370,213430,60,7760
205610,213348,213431,83,7738
205610,213366,213431,65,7756
205610,213364,213430,66,7754
205610,213365,213431,66,7755
205610,213371,213431,60,7761
205610,213367,213432,65,7757
205610,213365,213433,68,7755
205610,213369,213434,65,7759
205610,213373,213434,61,7763
205610,213351,213434,83,7741
205844,213386,213435,49,7542
205610,213372,213435,63,7762
205610,213372,213438,66,7762
205610,213375,213439,64,7765
205610,213368,213440,72,7758
205610,213383,213439,56,7773
205610,213372,213440,68,7762
205610,213373,213440,67,7763
205610,213377,213441,64,7767
205610,213377,213443,66,7767
205844,213386,213443,57,7542
205610,213375,213444,69,7765
205844,213386,213444,58,7542
205844,213384,213445,61,7540
205610,213377,213447,70,7767
205844,213387,213446,59,7543
205610,213377,213447,70,7767
205610,213382,213449,67,7772
205844,213392,213449,57,7548
205844,213391,213450,59,7547
205844,213395,213449,54,7551
205610,213381,213450,69,7771
205844,213405,213453,48,7561
205844,213403,213455,52,7559
205844,213394,213455,61,7550
205844,213393,213455,62,7549
205844,213401,213456,55,7557
205844,213404,213457,53,7560
205844,213398,213458,60,7554
205844,213397,213458,61,7553
205844,213400,213458,58,7556
205844,213405,213459,54,7561
205844,213405,213460,55,7561
205844,213406,213460,54,7562
205844,213408,213460,52,7564
205844,213395,213462,67,7551
205844,213399,213462,63,7555
205844,213395,213463,68,7551
205844,213405,213463,58,7561
205844,213408,213466,58,7564
205844,213402,213466,64,7558
205844,213404,213467,63,7560
205844,213403,213469,66,7559
205844,213411,213472,61,7567
205844,213407,213472,65,7563
205844,213413,213473,60,7569
205844,213413,213474,61,7569
205844,213413,213475,62,7569
205844,213415,213476,61,7571
205844,213418,213480,62,7574
205844,213417,213482,65,7573
205844,213418,213484,66,7574
205844,213420,213486,66,7576
205844,213420,213486,66,7576
205844,213419,213487,68,7575
205844,213422,213487,65,7578
205844,213420,213487,67,7576
205844,213423,213489,66,7579
205844,213426,213489,63,7582
205844,213428,213490,62,7584
205844,213426,213489,63,7582
205844,213421,213491,70,7577
205844,213423,213491,68,7579
205844,213431,213494,63,7587
205844,213422,213495,73,7578
205844,213421,213495,74,7577
205844,213431,213495,64,7587
205844,213424,213496,72,7580
205844,213426,213497,71,7582
205844,213430,213498,68,7586
205844,213433,213498,65,7589
205844,213431,213500,69,7587
205844,213433,213500,67,7589
205844,213423,213500,77,7579
205844,213435,213500,65,7591
205844,213435,213502,67,7591
205844,213435,213503,68,7591
205844,213432,213503,71,7588
205844,213432,213503,71,7588
205844,213427,213505,78,7583
205844,213435,213506,71,7591
205844,213439,213508,69,7595
205844,213444,213509,65,7600
205844,213436,213510,74,7592
205844,213440,213511,71,7596
205844,213440,213511,71,7596
205844,213440,213512,72,7596
205844,213444,213512,68,7600
205844,213447,213513,66,7603
205844,213439,213514,75,7595
205844,213447,213514,67,7603
205844,213446,213515,69,7602
205844,213441,213515,74,7597
205844,213450,213515,65,7606
205844,213442,213516,74,7598
205844,213445,213518,73,7601
205844,213450,213520,70,7606
205844,213448,213521,73,7604
205844,213443,213523,80,7599
205844,213449,213523,74,7605
205844,213450,213524,74,7606
205844,213459,213525,66,7615
205844,213454,213527,73,7610
205844,213457,213527,70,7613
205844,213455,213528,73,7611
205844,213458,213528,70,7614
205844,213461,213530,69,7617
205844,213464,213530,66,7620
205844,213457,213531,74,7613
205844,213455,213531,76,7611
205844,213461,213531,70,7617
205844,213451,213533,82,7607
205844,213460,213533,73,7616
205844,213456,213533,77,7612
205844,213460,213534,74,7616
205844,213467,213534,67,7623
205844,213459,213535,76,7615
205844,213462,213535,73,7618
205844,213463,213538,75,7619
205844,213466,213540,74,7622
205844,213464,213541,77,7620
205844,213466,213540,74,7622
205844,213473,213544,71,7629
205844,213475,213545,70,7631
205844,213473,213547,74,7629
205844,213475,213547,72,7631
205844,213477,213548,71,7633
205844,213469,213548,79,7625
205844,213484,213551,67,7640
205844,213472,213551,79,7628
205844,213482,213553,71,7638
205844,213495,213554,59,7651
205844,213480,213555,75,7636
205844,213486,213555,69,7642
205844,213489,213555,66,7645
205844,213496,213557,61,7652
205844,213488,213557,69,7644
205844,213487,213558,71,7643
205844,213501,213558,57,7657
205844,213487,213559,72,7643
205844,213490,213560,70,7646
205844,213492,213560,68,7648
205844,213487,213561,74,7643
205844,213496,213560,64,7652
205844,213489,213561,72,7645
205844,213501,213561,60,7657
205844,213499,213561,62,7655
205844,213496,213561,65,7652
205844,213501,213561,60,7657
205844,213490,213563,73,7646
205844,213492,213563,71,7648
205844,213499,213565,66,7655
205844,213496,213568,72,7652
205844,213498,213570,72,7654
205844,213504,213571,67,7660
205844,213500,213572,72,7656
205844,213514,213573,59,7670
205844,213516,213574,58,7672
205844,213516,213574,58,7672
205844,213503,213575,72,7659
205844,213506,213575,69,7662
205844,213508,213575,67,7664
205844,213515,213575,60,7671
205844,213512,213576,64,7668
205844,213503,213579,76,7659
205844,213509,213579,70,7665
205844,213513,213579,66,7669
205844,213515,213579,64,7671
205844,213504,213581,77,7660
205844,213525,213581,56,7681
205844,213512,213581,69,7668
205844,213512,213581,69,7668
205844,213512,213582,70,7668
205844,213514,213583,69,7670
205844,213522,213584,62,7678
205844,213507,213586,79,7663
205844,213520,213586,66,7676
205844,213519,213586,67,7675
205844,213523,213587,64,7679
205844,213515,213590,75,7671
205844,213523,213590,67,7679
205844,213529,213593,64,7685
205844,213528,213594,66,7684
205844,213538,213595,57,7694
205844,213532,213597,65,7688
205844,213524,213598,74,7680
205844,213531,213599,68,7687
205844,213531,213601,70,7687
205844,213532,213601,69,7688
205844,213533,213602,69,7689
205844,213535,213602,67,7691
205844,213530,213603,73,7686
205844,213535,213603,68,7691
205844,213536,213604,68,7692
205844,213527,213604,77,7683
205844,213541,213604,63,7697
205844,213534,213605,71,7690
205844,213535,213606,71,7691
205844,213541,213607,66,7697
205844,213534,213610,76,7690
205844,213549,213611,62,7705
205844,213552,213611,59,7708
205844,213548,213614,66,7704
205844,213529,213615,86,7685
205844,213544,213617,73,7700
205844,213541,213617,76,7697
205844,213555,213619,64,7711
205844,213556,213618,62,7712
205844,213545,213619,74,7701
205844,213548,213620,72,7704
205844,213556,213622,66,7712
205844,213549,213623,74,7705
205844,213560,213623,63,7716
205844,213554,213623,69,7710
205844,213558,213624,66,7714
205844,213551,213625,74,7707
205844,213561,213626,65,7717
205844,213560,213627,67,7716
205844,213561,213628,67,7717
205844,213563,213628,65,7719
205844,213557,213629,72,7713
205844,213556,213629,73,7712
205844,213566,213630,64,7722
205844,213568,213629,61,7724
205844,213563,213629,66,7719
205844,213562,213630,68,7718
205844,213560,213632,72,7716
205844,213561,213632,71,7717
205844,213576,213633,57,7732
205844,213574,213633,59,7730
205844,213561,213633,72,7717
205844,213562,213634,72,7718
205844,213580,213633,53,7736
205844,213582,213636,54,7738
205844,213562,213637,75,7718
205844,213582,213637,55,7738
205844,213574,213637,63,7730
205844,213559,213638,79,7715
205844,213573,213639,66,7729
205844,213571,213639,68,7727
205844,213571,213640,69,7727
205844,213576,213641,65,7732
205844,213561,213641,80,7717
205844,213576,213641,65,7732
205844,213575,213642,67,7731
205844,213575,213643,68,7731
205844,213580,213644,64,7736
205844,213587,213645,58,7743
205844,213579,213645,66,7735
205844,213582,213646,64,7738
205844,213576,213647,71,7732
205844,213587,213647,60,7743
205844,213584,213649,65,7740
205844,213583,213650,67,7739
205844,213579,213651,72,7735
205844,213582,213651,69,7738
206058,213600,213652,52,7542
205844,213584,213653,69,7740
206058,213603,213653,50,7545
205844,213591,213654,63,7747
205844,213594,213655,61,7750
205844,213596,213656,60,7752
206058,213598,213656,58,7540
205844,213591,213657,66,7747
205844,213586,213657,71,7742
205844,213593,213657,64,7749
206058,213607,213658,51,7549
206058,213605,213659,54,7547
205844,213588,213659,71,7744
206058,213603,213662,59,7545
206058,213606,213662,56,7548
206058,213598,213663,65,7540
206058,213615,213663,48,7557
206058,213604,213663,59,7546
206058,213602,213665,63,7544
206058,213606,213665,59,7548
206058,213602,213666,64,7544
206058,213604,213666,62,7546
206058,213610,213669,59,7552
206058,213617,213670,53,7559
206058,213621,213671,50,7563
206058,213605,213673,68,7547
206058,213617,213673,56,7559
206058,213612,213674,62,7554
206058,213624,213675,51,7566
206058,213604,213676,72,7546
206058,213619,213677,58,7561
206058,213624,213677,53,7566
206058,213616,213677,61,7558
206058,213619,213679,60,7561
206058,213622,213681,59,7564
206058,213611,213680,69,7553
206058,213625,213681,56,7567
206058,213619,213683,64,7561
206058,213626,213684,58,7568
206058,213628,213686,58,7570
206058,213623,213688,65,7565
206058,213627,213688,61,7569
206058,213630,213693,63,7572
206058,213628,213693,65,7570
206058,213630,213693,63,7572
206058,213630,213694,64,7572
206058,213630,213695,65,7572
206058,213629,213696,67,7571
213692,213692,213697,5,0
206058,213630,213697,67,7572
206058,213634,213699,65,7576
206058,213634,213700,66,7576
206058,213634,213700,66,7576
206058,213637,213701,64,7579
206058,213634,213702,68,7576
206058,213633,213703,70,7575
206058,213638,213703,65,7580
206058,213640,213704,64,7582
206058,213629,213704,75,7571
206058,213637,213704,67,7579
206058,213639,213705,66,7581
206058,213634,213705,71,7576
206058,213644,213706,62,7586
206058,213642,213707,65,7584
206058,213632,213709,77,7574
206058,213642,213709,67,7584
206058,213638,213709,71,7580
206058,213645,213709,64,7587
206058,213641,213710,69,7583
206058,213642,213711,69,7584
206058,213641,213712,71,7583
206058,213646,213712,66,7588
206058,213638,213713,75,7580
206058,213647,213713,66,7589
206058,213648,213714,66,7590
206058,213644,213717,73,7586
206058,213650,213718,68,7592
206058,213652,213718,66,7594
206058,213649,213720,71,7591
206058,213651,213723,72,7593
206058,213655,213723,68,7597
206058,213658,213723,65,7600
206058,213654,213723,69,7596
206058,213648,213725,77,7590
206058,213658,213726,68,7600
206058,213655,213726,71,7597
206058,213658,213730,72,7600
206058,213651,213730,79,7593
206058,213664,213731,67,7606
206058,213653,213730,77,7595
206058,213657,213731,74,7599
206058,213659,213731,72,7601
206058,213663,213731,68,7605
206058,213666,213733,67,7608
206058,213663,213734,71,7605
206058,213660,213734,74,7602
206058,213660,213735,75,7602
206058,213662,213736,74,7604
206058,213667,213737,70,7609
206058,213670,213737,67,7612
206058,213665,213739,74,7607
206058,213666,213739,73,7608
206058,213673,213739,66,7615
206058,213664,213739,75,7606
206058,213672,213739,67,7614
206058,213678,213742,64,7620
206058,213656,213743,87,7598
206058,213678,213743,65,7620
206058,213675,213747,72,7617
206058,213677,213749,72,7619
206058,213680,213749,69,7622
206058,213675,213750,75,7617
206058,213681,213751,70,7623
206058,213671,213750,79,7613
206058,213681,213751,70,7623
206058,213674,213753,79,7616
206058,213687,213754,67,7629
206058,213684,213757,73,7626
206058,213676,213756,80,7618
206058,213694,213757,63,7636
206058,213688,213760,72,7630
206058,213709,213760,51,7651
206058,213682,213760,78,7624
206058,213705,213763,58,7647
206058,213685,213763,78,7627
206058,213694,213763,69,7636
206058,213706,213763,57,7648
206058,213711,213764,53,7653
206058,213694,213763,69,7636
206058,213709,213764,55,7651
206058,213696,213766,70,7638
206058,213688,213765,77,7630
206058,213694,213766,72,7636
206058,213695,213767,72,7637
206058,213708,213767,59,7650
206058,213697,213769,72,7639
206058,213706,213768,62,7648
206058,213703,213769,66,7645
206058,213705,213771,66,7647
206058,213705,213770,65,7647
206058,213710,213771,61,7652
206058,213709,213772,63,7651
206058,213699,213772,73,7641
206058,213701,213773,72,7643
206058,213701,213774,73,7643
206058,213702,213775,73,7644
206058,213702,213775,73,7644
206058,213711,213776,65,7653
206058,213704,213778,74,7646
206058,213712,213780,68,7654
206058,213714,213782,68,7656
206058,213714,213783,69,7656
206058,213713,213784,71,7655
206058,213704,213785,81,7646
206058,213714,213787,73,7656
206058,213725,213788,63,7667
206058,213719,213790,71,7661
206058,213718,213790,72,7660
206058,213719,213791,72,7661
206058,213723,213791,68,7665
206058,213731,213791,60,7673
206058,213724,213792,68,7666
206058,213731,213793,62,7673
206058,213724,213794,70,7666
206058,213736,213795,59,7678
206058,213734,213796,62,7676
206058,213726,213798,72,7668
206058,213732,213799,67,7674
206058,213731,213799,68,7673
206058,213730,213799,69,7672
206058,213733,213802,69,7675
206058,213736,213802,66,7678
206058,213727,213803,76,7669
206058,213723,213804,81,7665
206058,213731,213805,74,7673
206058,213739,213805,66,7681
206058,213738,213806,68,7680
206058,213740,213807,67,7682
206058,213721,213807,86,7663
206058,213731,213806,75,7673
206058,213735,213810,75,7677
206058,213738,213810,72,7680
206058,213743,213811,68,7685
206058,213739,213812,73,7681
206058,213754,213812,58,7696
206058,213743,213813,70,7685
206058,213751,213813,62,7693
206058,213740,213814,74,7682
206058,213744,213816,72,7686
206058,213752,213818,66,7694
206058,213748,213819,71,7690
206058,213749,213822,73,7691
206058,213751,213821,70,7693
206058,213766,213823,57,7708
206058,213739,213825,86,7681
206058,213754,213824,70,7696
206058,213764,213826,62,7706
206058,213761,213827,66,7703
206058,213764,213827,63,7706
206058,213751,213828,77,7693
206058,213765,213829,64,7707
206058,213750,213831,81,7692
206058,213761,213831,70,7703
206058,213768,213833,65,7710
206058,213757,213832,75,7699
206058,213758,213832,74,7700
206058,213766,213833,67,7708
206058,213773,213833,60,7715
206058,213776,213834,58,7718
206058,213763,213835,72,7705
206058,213757,213835,78,7699
206058,213764,213835,71,7706
206058,213771,213836,65,7713
206058,213778,213836,58,7720
206058,213761,213836,75,7703
206058,213771,213838,67,7713
206058,213767,213839,72,7709
206058,213771,213839,68,7713
206058,213769,213842,73,7711
206058,213776,213842,66,7718
206058,213783,213843,60,7725
206058,213777,213844,67,7719
206058,213769,213844,75,7711
206058,213763,213844,81,7705
206058,213773,213845,72,7715
206058,213763,213845,82,7705
206058,213770,213846,76,7712
206058,213768,213847,79,7710
206058,213789,213848,59,7731
206058,213775,213848,73,7717
206058,213786,213849,63,7728
206058,213784,213849,65,7726
206058,213773,213849,76,7715
206058,213791,213850,59,7733
206058,213790,213851,61,7732
206058,213791,213852,61,7733
206058,213792,213852,60,7734
206058,213788,213852,64,7730
206058,213781,213853,72,7723
206058,213783,213853,70,7725
206058,213797,213856,59,7739
206058,213793,213856,63,7735
206058,213792,213857,65,7734
206058,213795,213857,62,7737
206058,213803,213861,58,7745
206058,213800,213862,62,7742
206259,213814,213862,48,7555
206058,213800,213864,64,7742
206058,213795,213865,70,7737
206058,213807,213866,59,7749
206259,213810,213866,56,7551
206259,213814,213866,52,7555
206058,213805,213867,62,7747
206058,213800,213868,68,7742
206058,213799,213869,70,7741
206058,213803,213869,66,7745
206259,213810,213869,59,7551
206259,213807,213869,62,7548
206058,213805,213870,65,7747
206259,213813,213870,57,7554
206058,213802,213871,69,7744
206058,213805,213872,67,7747
206259,213811,213874,63,7552
206058,213807,213874,67,7749
206058,213792,213874,82,7734
206259,213819,213875,56,7560
206259,213814,213874,60,7555
206058,213807,213875,68,7749
206259,213816,213876,60,7557
206259,213825,213877,52,7566
206259,213825,213880,55,7566
206259,213812,213880,68,7553
206259,213820,213881,61,7561
206259,213829,213881,52,7570
206259,213832,213883,51,7573
206259,213822,213884,62,7563
206259,213834,213884,50,7575
206259,213833,213885,52,7574
206259,213827,213887,60,7568
206259,213824,213886,62,7565
206259,213833,213886,53,7574
206259,213828,213886,58,7569
206259,213827,213887,60,7568
206259,213835,213888,53,7576
206259,213832,213888,56,7573
206259,213830,213890,60,7571
206259,213836,213892,56,7577
206259,213833,213892,59,7574
206259,213835,213892,57,7576
206259,213822,213894,72,7563
206259,213833,213893,60,7574
206259,213836,213896,60,7577
206259,213836,213896,60,7577
206259,213836,213903,67,7577
206259,213837,213906,69,7578
206259,213839,213907,68,7580
206259,213844,213908,64,7585
206259,213840,213909,69,7581
206259,213845,213909,64,7586
206259,213840,213909,69,7581
206259,213845,213910,65,7586
206259,213843,213910,67,7584
206259,213850,213912,62,7591
206259,213844,213913,69,7585
206259,213846,213914,68,7587
206259,213850,213916,66,7591
206259,213845,213916,71,7586
206259,213843,213916,73,7584
206259,213852,213917,65,7593
206259,213853,213917,64,7594
206259,213848,213917,69,7589
206259,213850,213918,68,7591
206259,213854,213919,65,7595
206259,213850,213919,69,7591
206259,213848,213919,71,7589
206259,213852,213920,68,7593
206259,213857,213920,63,7598
206259,213858,213922,64,7599
206259,213856,213922,66,7597
206259,213847,213922,75,7588
206259,213849,213923,74,7590
206259,213853,213924,71,7594
206259,213857,213926,69,7598
206259,213853,213926,73,7594
206259,213863,213928,65,7604
206259,213862,213929,67,7603
206259,213865,213932,67,7606
206259,213869,213934,65,7610
213713,213715,213934,219,2
206259,213863,213935,72,7604
206259,213866,213936,70,7607
206259,213866,213936,70,7607
206259,213870,213936,66,7611
206259,213870,213937,67,7611
206259,213867,213938,71,7608
206259,213873,213939,66,7614
206259,213876,213940,64,7617
206259,213870,213940,70,7611
206259,213867,213940,73,7608
206259,213871,213941,70,7612
206259,213874,213941,67,7615
206259,213868,213941,73,7609
206259,213870,213943,73,7611
206259,213874,213943,69,7615
206259,213870,213943,73,7611
206259,213870,213945,75,7611
206259,213875,213945,70,7616
206259,213885,213949,64,7626
206259,213874,213949,75,7615
206259,213881,213953,72,7622
206259,213882,213954,72,7623
206259,213878,213954,76,7619
206259,213881,213955,74,7622
206259,213877,213955,78,7618
206259,213888,213955,67,7629
206259,213881,213955,74,7622
206259,213883,213955,72,7624
206259,213885,213955,70,7626
206259,213887,213957,70,7628
206259,213888,213956,68,7629
206259,213887,213957,70,7628
206259,213875,213958,83,7616
206259,213891,213959,68,7632
206259,213885,213960,75,7626
206259,213887,213960,73,7628
206259,213889,213962,73,7630
206259,213893,213962,69,7634
206259,213887,213964,77,7628
206259,213894,213964,70,7635
206259,213918,213965,47,7659
206259,213894,213966,72,7635
206259,213896,213968,72,7637
206259,213897,213968,71,7638
206259,213893,213969,76,7634
206259,213892,213970,78,7633
206259,213920,213971,51,7661
206259,213920,213972,52,7661
206259,213904,213974,70,7645
206259,213918,213974,56,7659
206259,213918,213975,57,7659
206259,213909,213977,68,7650
206259,213920,213978,58,7661
206259,213918,213978,60,7659
206259,213907,213979,72,7648
206259,213923,213979,56,7664
206259,213909,213980,71,7650
206259,213908,213980,72,7649
206259,213920,213980,60,7661
206259,213910,213981,71,7651
206259,213916,213981,65,7657
206259,213917,213983,66,7658
206259,213910,213983,73,7651
206259,213911,213985,74,7652
206259,213917,213984,67,7658
206259,213909,213985,76,7650
206259,213913,213987,74,7654
206259,213920,213987,67,7661
206259,213914,213991,77,7655
206259,213914,213991,77,7655
206259,213923,213992,69,7664
206259,213924,213992,68,7665
206259,213926,213993,67,7667
206259,213922,213993,71,7663
206259,213923,213998,75,7664
213998,213998,214000,2,0
206259,213929,214001,72,7670
206259,213944,214004,60,7685
206259,213936,214004,68,7677
206259,213937,214005,68,7678
206259,213941,214005,64,7682
206259,213939,214006,67,7680
206259,213938,214006,68,7679
206259,213940,214007,67,7681
206259,213936,214007,71,7677
206259,213934,214006,72,7675
206259,213930,214007,77,7671
206259,213943,214008,65,7684
206259,213950,214008,58,7691
206259,213945,214009,64,7686
206259,213926,214010,84,7667
206259,213942,214010,68,7683
206259,213939,214011,72,7680
206259,213945,214012,67,7686
206259,213933,214011,78,7674
206259,213941,214012,71,7682
206259,213935,214012,77,7676
206259,213941,214015,74,7682
206259,213943,214015,72,7684
206259,213941,214016,75,7682
206259,213954,214021,67,7695
206259,213961,214025,64,7702
206259,213958,214026,68,7699
206259,213956,214027,71,7697
206259,213966,214027,61,7707
206259,213956,214028,72,7697
206259,213949,214028,79,7690
206259,213956,214029,73,7697
206259,213964,214029,65,7705
206259,213955,214029,74,7696
206259,213967,214029,62,7708
206259,213956,214030,74,7697
206259,213956,214030,74,7697
206259,213957,214030,73,7698
206259,213960,214031,71,7701
206259,213968,214032,64,7709
206259,213957,214032,75,7698
206259,213962,214032,70,7703
206259,213970,214033,63,7711
206259,213955,214033,78,7696
206259,213968,214033,65,7709
206259,213973,214035,62,7714
206259,213959,214036,77,7700
206259,213971,214037,66,7712
206259,213954,214037,83,7695
206259,213962,214038,76,7703
206259,213965,214038,73,7706
206259,213961,214039,78,7702
206259,213981,214040,59,7722
206259,213976,214040,64,7717
206259,213978,214040,62,7719
206259,213975,214040,65,7716
206259,213972,214042,70,7713
206259,213978,214043,65,7719
206259,213981,214045,64,7722
206259,213992,214046,54,7733
206259,213980,214049,69,7721
206259,213980,214049,69,7721
206259,213975,214049,74,7716
206259,213982,214049,67,7723
206259,213980,214049,69,7721
206259,213993,214050,57,7734
206259,213983,214051,68,7724
206259,213980,214051,71,7721
206259,213987,214052,65,7728
206259,213988,214053,65,7729
206259,213984,214053,69,7725
206259,213994,214054,60,7735
206259,213978,214054,76,7719
206259,213985,214055,70,7726
206259,213993,214058,65,7734
206259,213994,214058,64,7735
206259,213986,214060,74,7727
206259,213985,214061,76,7726
206259,214005,214063,58,7746
206259,214006,214064,58,7747
206259,213999,214065,66,7740
206259,213992,214065,73,7733
206259,214008,214066,58,7749
206259,214007,214067,60,7748
206259,214012,214068,56,7753
206259,214013,214068,55,7754
206259,214005,214068,63,7746
206259,214009,214069,60,7750
206259,214001,214069,68,7742
206259,214007,214071,64,7748
206259,214010,214072,62,7751
206259,214004,214073,69,7745
206259,214007,214073,66,7748
206259,214007,214073,66,7748
206259,214011,214074,63,7752
206259,214012,214073,61,7753
206259,214007,214074,67,7748
206259,214008,214074,66,7749
206259,214012,214076,64,7753
206259,214010,214075,65,7751
206259,214016,214077,61,7757
206259,214017,214078,61,7758
206259,214010,214079,69,7751
206259,214016,214081,65,7757
206496,214030,214083,53,7534
206496,214033,214086,53,7537
206496,214027,214086,59,7531
206259,214021,214087,66,7762
206496,214028,214087,59,7532
206496,214032,214087,55,7536
206496,214032,214088,56,7536
206496,214028,214088,60,7532
206496,214030,214088,58,7534
206496,214034,214089,55,7538
206259,214025,214089,64,7766
206496,214036,214090,54,7540
206496,214031,214090,59,7535
206496,214038,214090,52,7542
206496,214027,214090,63,7531
206496,214030,214091,61,7534
206496,214029,214092,63,7533
206496,214033,214093,60,7537
206496,214030,214094,64,7534
206496,214029,214094,65,7533
206496,214037,214094,57,7541
206496,214029,214095,66,7533
206496,214031,214094,63,7535
206496,214037,214096,59,7541
206496,214036,214097,61,7540
206496,214038,214097,59,7542
206496,214041,214097,56,7545
206496,214040,214098,58,7544
206496,214043,214100,57,7547
206496,214042,214100,58,7546
206496,214040,214101,61,7544
206496,214041,214103,62,7545
206496,214045,214104,59,7549
206496,214041,214105,64,7545
206496,214049,214106,57,7553
206496,214049,214108,59,7553
206496,214047,214109,62,7551
206496,214033,214109,76,7537
206496,214049,214112,63,7553
206496,214050,214116,66,7554
206496,214050,214117,67,7554
206496,214051,214118,67,7555
206496,214050,214119,69,7554
206496,214053,214119,66,7557
206496,214053,214119,66,7557
206496,214054,214120,66,7558
206496,214055,214121,66,7559
206496,214051,214122,71,7555
206496,214056,214122,66,7560
206496,214055,214125,70,7559
206496,214061,214125,64,7565
206496,214061,214127,66,7565
206496,214058,214127,69,7562
206496,214059,214130,71,7563
206496,214065,214131,66,7569
206496,214064,214132,68,7568
206496,214067,214133,66,7571
206496,214063,214134,71,7567
206496,214065,214135,70,7569
206496,214072,214135,63,7576
206496,214070,214136,66,7574
206496,214066,214136,70,7570
206496,214068,214137,69,7572
206496,214074,214138,64,7578
206496,214070,214138,68,7574
206496,214074,214139,65,7578
206496,214071,214139,68,7575
206496,214069,214141,72,7573
206496,214073,214142,69,7577
206496,214074,214142,68,7578
206496,214069,214143,74,7573
206496,214073,214142,69,7577
206496,214080,214143,63,7584
206496,214079,214144,65,7583
206496,214075,214144,69,7579
206496,214076,214144,68,7580
206496,214078,214148,70,7582
206496,214075,214149,74,7579
206496,214082,214150,68,7586
206496,214083,214153,70,7587
206496,214076,214155,79,7580
206496,214090,214156,66,7594
206496,214089,214157,68,7593
206496,214087,214157,70,7591
206496,214088,214157,69,7592
206496,214087,214158,71,7591
206496,214090,214158,68,7594
206496,214087,214160,73,7591
206496,214094,214161,67,7598
206496,214095,214161,66,7599
206496,214094,214162,68,7598
206496,214091,214161,70,7595
206496,214093,214162,69,7597
206496,214088,214162,74,7592
206496,214087,214164,77,7591
206496,214091,214164,73,7595
206496,214095,214164,69,7599
206496,214098,214164,66,7602
206496,214091,214165,74,7595
206496,214091,214165,74,7595
206496,214096,214166,70,7600
206496,214089,214166,77,7593
206496,214095,214168,73,7599
206496,214091,214169,78,7595
206496,214101,214169,68,7605
206496,214099,214168,69,7603
206496,214102,214171,69,7606
206496,214097,214172,75,7601
206496,214125,214172,47,7629
206496,214128,214173,45,7632
206496,214098,214172,74,7602
206496,214095,214173,78,7599
206496,214104,214173,69,7608
206496,214101,214176,75,7605
206496,214107,214178,71,7611
206496,214109,214178,69,7613
206496,214122,214179,57,7626
206496,214109,214180,71,7613
206496,214122,214180,58,7626
206496,214105,214180,75,7609
206496,214125,214183,58,7629
206496,214118,214184,66,7622
206496,214119,214185,66,7623
206496,214109,214186,77,7613
206496,214105,214186,81,7609
206496,214127,214185,58,7631
206496,214113,214186,73,7617
206496,214134,214190,56,7638
206496,214116,214191,75,7620
206496,214133,214191,58,7637
206496,214119,214191,72,7623
206496,214136,214193,57,7640
206496,214135,214194,59,7639
206496,214119,214195,76,7623
206496,214131,214194,63,7635
206496,214120,214195,75,7624
206496,214134,214195,61,7638
206496,214131,214196,65,7635
206496,214121,214200,79,7625
206496,214138,214201,63,7642
206496,214120,214202,82,7624
206496,214137,214204,67,7641
206496,214136,214205,69,7640
206496,214138,214206,68,7642
206496,214140,214207,67,7644
206496,214143,214208,65,7647
206496,214139,214209,70,7643
206496,214143,214210,67,7647
206496,214138,214210,72,7642
206496,214144,214211,67,7648
206496,214150,214212,62,7654
206496,214143,214216,73,7647
206496,214143,214216,73,7647
206496,214143,214217,74,7647
206496,214144,214217,73,7648
206496,214150,214218,68,7654
206496,214148,214219,71,7652
206496,214159,214219,60,7663
206496,214144,214220,76,7648
206496,214156,214220,64,7660
214217,214218,214221,3,1
206496,214157,214221,64,7661
206496,214157,214222,65,7661
214217,214218,214222,4,1
214217,214218,214223,5,1
214217,214218,214222,4,1
214217,214218,214222,4,1
214217,214218,214222,4,1
214217,214218,214223,5,1
214217,214218,214223,5,1
214217,214218,214223,5,1
214217,214218,214224,6,1
214217,214218,214224,6,1
214217,214218,214223,5,1
214217,214218,214223,5,1
214217,214218,214224,6,1
214217,214218,214223,5,1
214217,214218,214223,5,1
214217,214218,214223,5,1
214217,214218,214223,5,1
214217,214218,214223,5,1
214217,214218,214223,5,1
214217,214218,214223,5,1
214217,214218,214224,6,1
214217,214218,214224,6,1
214217,214218,214224,6,1
206496,214153,214224,71,7657
206496,214141,214224,83,7645
214217,214218,214224,6,1
214217,214218,214224,6,1
214217,214218,214225,7,1
214217,214218,214224,6,1
214217,214218,214224,6,1
214217,214218,214224,6,1
214217,214218,214224,6,1
214217,214218,214224,6,1
214217,214218,214224,6,1
214217,214218,214224,6,1
214217,214218,214225,7,1
214217,214218,214224,6,1
214217,214218,214225,7,1
214217,214218,214225,7,1
214217,214218,214225,7,1
214217,214218,214225,7,1
214217,214222,214226,4,5
214217,214218,214225,7,1
214217,214218,214226,8,1
214217,214218,214226,8,1
214217,214218,214225,7,1
214217,214218,214225,7,1
214217,214223,214226,3,6
214217,214218,214225,7,1
214217,214218,214226,8,1
214217,214218,214225,7,1
214217,214218,214226,8,1
214217,214218,214225,7,1
214217,214218,214225,7,1
214217,214218,214225,7,1
214217,214218,214226,8,1
214217,214218,214225,7,1
214217,214218,214225,7,1
214217,214218,214225,7,1
214217,214218,214226,8,1
214217,214218,214225,7,1
206496,214155,214226,71,7659
214217,214223,214226,3,6
214217,214223,214226,3,6
214217,214225,214227,2,8
214217,214223,214226,3,6
214217,214223,214226,3,6
214217,214224,214227,3,7
214217,214223,214227,4,6
214217,214224,214227,3,7
214217,214218,214227,9,1
214217,214218,214227,9,1
214217,214218,214227,9,1
214217,214218,214227,9,1
214217,214218,214227,9,1
214217,214218,214227,9,1
214217,214218,214227,9,1
214217,214218,214227,9,1
214217,214218,214227,9,1
206496,214164,214227,63,7668
214217,214218,214227,9,1
206496,214169,214227,58,7673
214217,214224,214227,3,7
214217,214224,214228,4,7
214217,214224,214228,4,7
214217,214224,214228,4,7
214217,214224,214228,4,7
214217,214218,214228,10,1
214217,214218,214228,10,1
214217,214225,214227,2,8
214217,214224,214228,4,7
214217,214218,214228,10,1
214217,214224,214228,4,7
214217,214224,214229,5,7
214217,214224,214228,4,7
214217,214225,214229,4,8
214217,214218,214228,10,1
214217,214224,214229,5,7
214217,214224,214229,5,7
214217,214225,214229,4,8
214217,214225,214229,4,8
214217,214225,214229,4,8
206496,214162,214229,67,7666
214217,214224,214228,4,7
214217,214225,214229,4,8
214217,214224,214229,5,7
214217,214224,214229,5,7
214217,214225,214229,4,8
214217,214224,214230,6,7
214217,214225,214230,5,8
214217,214225,214230,5,8
214217,214226,214230,4,9
214217,214226,214230,4,9
206496,214159,214230,71,7663
214217,214225,214230,5,8
214217,214225,214230,5,8
214217,214225,214230,5,8
214217,214227,214231,4,10
214217,214227,214231,4,10
214217,214226,214231,5,9
214217,214225,214231,6,8
214217,214226,214231,5,9
214217,214226,214231,5,9
214217,214226,214231,5,9
214217,214226,214231,5,9
214217,214225,214231,6,8
214217,214225,214231,6,8
214217,214226,214231,5,9
214217,214228,214231,3,11
214217,214226,214231,5,9
214217,214226,214232,6,9
214217,214226,214232,6,9
214217,214227,214232,5,10
214217,214228,214232,4,11
214217,214229,214231,2,12
214217,214229,214232,3,12
214217,214227,214232,5,10
214217,214227,214231,4,10
214217,214227,214232,5,10
214217,214228,214232,4,11
206496,214164,214232,68,7668
214217,214227,214232,5,10
214217,214227,214232,5,10
214217,214226,214232,6,9
214217,214228,214232,4,11
214217,214228,214232,4,11
214217,214228,214232,4,11
214217,214228,214232,4,11
214217,214226,214232,6,9
214217,214226,214233,7,9
214217,214227,214233,6,10
214217,214226,214232,6,9
214217,214226,214232,6,9
214217,214226,214232,6,9
214217,214226,214232,6,9
214217,214228,214232,4,11
206496,214172,214232,60,7676
214217,214229,214233,4,12
214217,214229,214233,4,12
214217,214228,214233,5,11
214217,214228,214233,5,11
206496,214161,214233,72,7665
214217,214227,214233,6,10
214217,214227,214233,6,10
214217,214230,214233,3,13
214217,214230,214234,4,13
214217,214227,214234,7,10
214217,214227,214233,6,10
214217,214226,214234,8,9
214217,214227,214233,6,10
214217,214229,214233,4,12
206496,214161,214234,73,7665
214217,214227,214233,6,10
214217,214227,214234,7,10
214217,214226,214233,7,9
206496,214173,214233,60,7677
214217,214230,214235,5,13
214217,214227,214234,7,10
214217,214230,214234,4,13
214217,214231,214235,4,14
206496,214162,214234,72,7666
214217,214229,214234,5,12
214217,214230,214234,4,13
214217,214231,214234,3,14
214217,214232,214234,2,15
214217,214231,214234,3,14
214217,214230,214235,5,13
214217,214230,214235,5,13
214217,214231,214235,4,14
206496,214162,214234,72,7666
214217,214231,214235,4,14
214217,214231,214235,4,14
206496,214160,214236,76,7664
214217,214231,214235,4,14
214217,214229,214235,6,12
214217,214231,214236,5,14
214217,214231,214236,5,14
214217,214231,214235,4,14
214217,214232,214235,3,15
214217,214231,214236,5,14
214217,214230,214235,5,13
214217,214233,214235,2,16
214217,214230,214236,6,13
214217,214232,214236,4,15
214217,214233,214236,3,16
214217,214233,214236,3,16
214217,214233,214236,3,16
214217,214233,214236,3,16
214217,214233,214236,3,16
214217,214233,214236,3,16
214217,214233,214236,3,16
214217,214234,214236,2,17
214217,214232,214236,4,15
214217,214232,214237,5,15
214217,214233,214236,3,16
214217,214232,214236,4,15
214217,214233,214237,4,16
206496,214163,214237,74,7667
214217,214232,214237,5,15
206496,214165,214237,72,7669
214217,214232,214236,4,15
214217,214232,214237,5,15
214217,214232,214237,5,15
214217,214233,214237,4,16
214217,214233,214237,4,16
214217,214234,214238,4,17
214217,214234,214237,3,17
214217,214234,214238,4,17
214217,214235,214238,3,18
206496,214157,214237,80,7661
214217,214232,214237,5,15
214217,214233,214238,5,16
214217,214233,214238,5,16
214217,214233,214237,4,16
214217,214233,214238,5,16
214217,214234,214237,3,17
214217,214234,214238,4,17
214217,214233,214238,5,16
214217,214233,214238,5,16
214217,214233,214238,5,16
214217,214233,214238,5,16
214217,214232,214237,5,15
206496,214169,214238,69,7673
206496,214165,214238,73,7669
214217,214236,214239,3,19
214217,214236,214239,3,19
214217,214234,214238,4,17
214217,214234,214238,4,17
214217,214235,214239,4,18
214217,214233,214238,5,16
214217,214233,214239,6,16
214217,214234,214239,5,17
214217,214234,214239,5,17
214217,214233,214238,5,16
214217,214234,214239,5,17
206496,214165,214240,75,7669
206496,214167,214239,72,7671
206496,214171,214240,69,7675
214217,214237,214240,3,20
214217,214237,214240,3,20
214217,214236,214240,4,19
214217,214237,214240,3,20
214217,214237,214240,3,20
214217,214235,214239,4,18
214217,214235,214239,4,18
214217,214235,214240,5,18
214217,214235,214240,5,18
214217,214234,214240,6,17
214217,214234,214240,6,17
214217,214236,214240,4,19
214217,214234,214240,6,17
214217,214236,214240,4,19
214217,214234,214240,6,17
214217,214234,214240,6,17
214217,214236,214240,4,19
214217,214235,214240,5,18
214217,214236,214240,4,19
214217,214236,214240,4,19
214217,214236,214240,4,19
206496,214174,214241,67,7678
214217,214238,214240,2,21
214217,214238,214240,2,21
214217,214237,214241,4,20
214217,214238,214241,3,21
214217,214235,214241,6,18
214217,214235,214241,6,18
214217,214237,214241,4,20
214217,214237,214241,4,20
214217,214235,214241,6,18
214217,214236,214241,5,19
214217,214237,214241,4,20
214217,214236,214241,5,19
214217,214236,214241,5,19
214217,214237,214241,4,20
214217,214235,214241,6,18
214217,214235,214241,6,18
206496,214168,214242,74,7672
214217,214238,214241,3,21
214217,214238,214242,4,21
214217,214240,214242,2,23
214217,214237,214242,5,20
214217,214237,214242,5,20
206496,214165,214242,77,7669
214217,214236,214242,6,19
214217,214236,214242,6,19
214217,214237,214242,5,20
214217,214238,214242,4,21
214217,214238,214242,4,21
214217,214238,214242,4,21
214217,214237,214242,5,20
214217,214237,214242,5,20
214217,214237,214242,5,20
214217,214237,214242,5,20
214217,214238,214242,4,21
214217,214239,214243,4,22
214217,214239,214243,4,22
214217,214238,214243,5,21
214217,214240,214243,3,23
214217,214239,214243,4,22
214217,214240,214243,3,23
214217,214240,214243,3,23
214217,214240,214243,3,23
214217,214240,214243,3,23
214217,214238,214243,5,21
214217,214238,214243,5,21
214217,214238,214243,5,21
214217,214241,214244,3,24
214217,214240,214244,4,23
214217,214240,214244,4,23
214217,214240,214244,4,23
214217,214239,214244,5,22
214217,214239,214244,5,22
214217,214240,214244,4,23
214217,214240,214244,4,23
214217,214238,214244,6,21
214217,214238,214244,6,21
214217,214238,214244,6,21
214217,214238,214244,6,21
214217,214239,214244,5,22
214217,214239,214244,5,22
214217,214239,214244,5,22
214217,214240,214244,4,23
214217,214238,214244,6,21
214217,214239,214244,5,22
214217,214239,214244,5,22
214217,214241,214245,4,24
214217,214239,214244,5,22
214217,214241,214244,3,24
206496,214167,214245,78,7671
214217,214241,214245,4,24
214217,214242,214246,4,25
214217,214241,214245,4,24
214217,214241,214245,4,24
206496,214184,214246,62,7688
206496,214180,214246,66,7684
214217,214241,214245,4,24
214217,214241,214246,5,24
214217,214242,214246,4,25
214217,214241,214246,5,24
214217,214242,214246,4,25
214217,214242,214246,4,25
214217,214242,214246,4,25
214217,214241,214246,5,24
214217,214240,214246,6,23
214217,214240,214246,6,23
214217,214242,214246,4,25
214217,214241,214246,5,24
214217,214242,214246,4,25
206496,214169,214247,78,7673
206496,214178,214246,68,7682
214217,214242,214246,4,25
214217,214242,214246,4,25
214217,214241,214247,6,24
214217,214243,214247,4,26
214217,214242,214247,5,25
214217,214242,214247,5,25
214217,214242,214248,6,25
214217,214242,214247,5,25
214217,214241,214247,6,24
214217,214242,214247,5,25
206496,214174,214248,74,7678
214217,214241,214248,7,24
206496,214190,214249,59,7694
206496,214173,214249,76,7677
214217,214241,214249,8,24
206496,214173,214249,76,7677
214246,214246,214250,4,0
206496,214191,214250,59,7695
206496,214178,214251,73,7682
206496,214180,214251,71,7684
206496,214187,214254,67,7691
206496,214177,214254,77,7681
206496,214186,214254,68,7690
206496,214180,214255,75,7684
206496,214186,214254,68,7690
206496,214186,214254,68,7690
206496,214191,214254,63,7695
206496,214195,214255,60,7699
206496,214181,214255,74,7685
206496,214196,214257,61,7700
206496,214186,214262,76,7690
206496,214184,214263,79,7688
206496,214211,214263,52,7715
206496,214194,214263,69,7698
206496,214205,214264,59,7709
206496,214192,214264,72,7696
206496,214196,214265,69,7700
206496,214197,214266,69,7701
206496,214202,214266,64,7706
206496,214209,214268,59,7713
206496,214211,214268,57,7715
206496,214207,214269,62,7711
206496,214201,214269,68,7705
206496,214194,214271,77,7698
206496,214209,214273,64,7713
206496,214195,214274,79,7699
206496,214207,214273,66,7711
206496,214213,214276,63,7717
206496,214201,214277,76,7705
206496,214219,214276,57,7723
206496,214212,214278,66,7716
206496,214206,214278,72,7710
206496,214217,214279,62,7721
206496,214217,214280,63,7721
206496,214218,214280,62,7722
206496,214220,214283,63,7724
206496,214220,214285,65,7724
206496,214224,214286,62,7728
206496,214217,214286,69,7721
206496,214222,214287,65,7726
206496,214221,214287,66,7725
206496,214221,214289,68,7725
206496,214225,214291,66,7729
206781,214240,214291,51,7459
206496,214228,214293,65,7732
206496,214233,214294,61,7737
206781,214235,214294,59,7454
206781,214234,214295,61,7453
206496,214229,214295,66,7733
206781,214236,214296,60,7455
206781,214235,214296,61,7454
206496,214227,214298,71,7731
206496,214231,214299,68,7735
206496,214234,214299,65,7738
206781,214240,214299,59,7459
206496,214223,214300,77,7727
206781,214242,214300,58,7461
206781,214234,214300,66,7453
206781,214242,214300,58,7461
206781,214237,214303,66,7456
206781,214241,214303,62,7460
206781,214239,214303,64,7458
206781,214238,214304,66,7457
206781,214237,214304,67,7456
206781,214252,214305,53,7471
206496,214233,214304,71,7737
206781,214240,214305,65,7459
206781,214239,214306,67,7458
206781,214246,214307,61,7465
206781,214247,214307,60,7466
206781,214250,214308,58,7469
206781,214248,214308,60,7467
206781,214245,214310,65,7464
206781,214247,214310,63,7466
206781,214246,214311,65,7465
206781,214250,214311,61,7469
206781,214251,214311,60,7470
206781,214254,214311,57,7473
206781,214254,214311,57,7473
206781,214250,214313,63,7469
206496,214228,214314,86,7732
206781,214251,214315,64,7470
206781,214255,214315,60,7474
206781,214257,214318,61,7476
206781,214255,214319,64,7474
206781,214255,214321,66,7474
206781,214256,214321,65,7475
206781,214255,214320,65,7474
206781,214255,214321,66,7474
206781,214256,214324,68,7475
206781,214263,214328,65,7482
206781,214265,214329,64,7484
206781,214263,214330,67,7482
206781,214263,214331,68,7482
206781,214266,214332,66,7485
206781,214267,214331,64,7486
206781,214269,214331,62,7488
206781,214264,214332,68,7483
206781,214264,214333,69,7483
206781,214266,214333,67,7485
206781,214269,214333,64,7488
206781,214269,214333,64,7488
206781,214273,214334,61,7492
206781,214269,214336,67,7488
206781,214277,214337,60,7496
206781,214278,214338,60,7497
206781,214274,214340,66,7493
206781,214274,214340,66,7493
206781,214281,214341,60,7500
206781,214272,214342,70,7491
206781,214276,214342,66,7495
206781,214278,214345,67,7497
206781,214280,214345,65,7499
206781,214277,214347,70,7496
206781,214279,214351,72,7498
206781,214284,214351,67,7503
206781,214285,214353,68,7504
206781,214288,214353,65,7507
206781,214286,214356,70,7505
206781,214286,214356,70,7505
206781,214288,214357,69,7507
206781,214289,214357,68,7508
206781,214296,214359,63,7515
206781,214292,214360,68,7511
206781,214296,214361,65,7515
206781,214291,214361,70,7510
206781,214293,214363,70,7512
214359,214359,214364,5,0
214359,214359,214364,5,0
214359,214359,214363,4,0
214359,214359,214364,5,0
214359,214359,214364,5,0
206781,214296,214364,68,7515
214359,214359,214365,6,0
214359,214359,214364,5,0
214359,214359,214365,6,0
214359,214359,214365,6,0
214359,214359,214364,5,0
214359,214359,214364,5,0
214359,214359,214365,6,0
214359,214359,214365,6,0
214359,214359,214364,5,0
214359,214359,214364,5,0
214359,214359,214365,6,0
214359,214359,214364,5,0
214359,214359,214364,5,0
214359,214359,214365,6,0
206781,214294,214366,72,7513
214359,214359,214366,7,0
214359,214359,214366,7,0
214359,214359,214366,7,0
214359,214359,214366,7,0
214359,214359,214365,6,0
214359,214359,214365,6,0
214359,214359,214366,7,0
214359,214359,214366,7,0
214359,214359,214366,7,0
214359,214359,214367,8,0
214359,214359,214366,7,0
214359,214359,214367,8,0
214359,214359,214367,8,0
214359,214359,214367,8,0
214359,214359,214367,8,0
214359,214359,214366,7,0
214359,214359,214367,8,0
214359,214359,214367,8,0
214359,214359,214367,8,0
214359,214359,214367,8,0
214359,214359,214367,8,0
214359,214359,214367,8,0
214359,214359,214368,9,0
214359,214359,214368,9,0
214359,214359,214368,9,0
206781,214301,214368,67,7520
214359,214359,214368,9,0
214359,214359,214368,9,0
214359,214359,214368,9,0
214359,214359,214368,9,0
214359,214359,214368,9,0
214359,214359,214368,9,0
214359,214359,214368,9,0
214359,214359,214368,9,0
214359,214359,214368,9,0
214359,214365,214368,3,6
214359,214359,214367,8,0
214359,214359,214368,9,0
214359,214359,214368,9,0
214359,214359,214368,9,0
214359,214359,214368,9,0
214359,214364,214368,4,5
214359,214364,214368,4,5
214359,214359,214368,9,0
214359,214359,214368,9,0
214359,214359,214368,9,0
214359,214359,214368,9,0
214359,214359,214367,8,0
214359,214359,214368,9,0
214359,214359,214367,8,0
214359,214359,214368,9,0
214359,214359,214368,9,0
214359,214359,214368,9,0
206781,214299,214369,70,7518
206781,214294,214368,74,7513
214359,214364,214369,5,5
214359,214365,214369,4,6
206781,214301,214369,68,7520
214359,214364,214369,5,5
214359,214365,214369,4,6
214359,214359,214368,9,0
214359,214359,214369,10,0
214359,214364,214369,5,5
214359,214365,214369,4,6
214359,214365,214369,4,6
214359,214365,214369,4,6
214359,214359,214369,10,0
214359,214359,214369,10,0
214359,214365,214370,5,6
214359,214365,214370,5,6
214359,214365,214370,5,6
214359,214365,214370,5,6
214359,214365,214370,5,6
214359,214366,214370,4,7
214359,214365,214370,5,6
214359,214365,214370,5,6
214359,214366,214370,4,7
214359,214366,214370,4,7
214359,214366,214370,4,7
214359,214365,214370,5,6
214359,214366,214370,4,7
206781,214300,214371,71,7519
214359,214366,214371,5,7
214359,214366,214371,5,7
214359,214367,214372,5,8
214359,214366,214372,6,7
214359,214367,214373,6,8
214359,214367,214372,5,8
214359,214367,214372,5,8
214359,214367,214373,6,8
214359,214367,214373,6,8
214359,214367,214373,6,8
214359,214367,214373,6,8
214359,214367,214373,6,8
214359,214368,214373,5,9
214359,214370,214373,3,11
214359,214370,214373,3,11
214359,214369,214373,4,10
214359,214369,214374,5,10
214359,214367,214373,6,8
214359,214367,214373,6,8
214359,214369,214373,4,10
214359,214369,214373,4,10
214359,214369,214374,5,10
206781,214297,214374,77,7516
206781,214303,214374,71,7522
206781,214308,214374,66,7527
214359,214368,214375,7,9
206781,214299,214374,75,7518
214359,214367,214374,7,8
214359,214368,214374,6,9
214359,214368,214375,7,9
214359,214368,214374,6,9
214359,214368,214375,7,9
214359,214371,214374,3,12
214359,214371,214374,3,12
214359,214371,214375,4,12
214359,214371,214374,3,12
214359,214368,214374,6,9
214359,214368,214374,6,9
214359,214369,214375,6,10
214359,214369,214374,5,10
214359,214370,214374,4,11
214359,214370,214375,5,11
214359,214370,214374,4,11
214359,214370,214374,4,11
214359,214367,214374,7,8
214359,214367,214374,7,8
206781,214299,214375,76,7518
206781,214304,214375,71,7523
214359,214368,214375,7,9
214359,214368,214376,8,9
214359,214368,214375,7,9
214359,214369,214376,7,10
214359,214369,214375,6,10
214359,214369,214375,6,10
214359,214370,214375,5,11
214359,214370,214376,6,11
206781,214299,214375,76,7518
214359,214371,214375,4,12
214359,214371,214376,5,12
214359,214371,214376,5,12
214359,214371,214375,4,12
214359,214371,214375,4,12
214359,214371,214375,4,12
214359,214368,214376,8,9
214359,214368,214376,8,9
214359,214368,214375,7,9
214359,214370,214376,6,11
214359,214370,214376,6,11
214359,214371,214376,5,12
206781,214300,214375,75,7519
214359,214368,214376,8,9
214359,214369,214376,7,10
214359,214369,214376,7,10
206781,214305,214376,71,7524
206781,214305,214376,71,7524
214359,214368,214377,9,9
214359,214369,214377,8,10
206781,214305,214377,72,7524
214359,214371,214376,5,12
214359,214374,214377,3,15
214359,214372,214377,5,13
214359,214369,214376,7,10
214359,214369,214376,7,10
214359,214370,214376,6,11
214359,214372,214377,5,13
206781,214306,214377,71,7525
214359,214374,214378,4,15
214359,214368,214377,9,9
214359,214374,214378,4,15
214359,214375,214378,3,16
214359,214373,214378,5,14
214359,214373,214378,5,14
214359,214373,214378,5,14
214359,214374,214379,5,15
214359,214374,214379,5,15
214359,214374,214379,5,15
214359,214374,214379,5,15
214359,214374,214379,5,15
214359,214374,214378,4,15
206781,214306,214378,72,7525
214359,214375,214379,4,16
214359,214375,214379,4,16
214359,214374,214379,5,15
214359,214373,214379,6,14
214359,214373,214379,6,14
214359,214374,214379,5,15
214359,214374,214379,5,15
214359,214374,214379,5,15
206781,214311,214379,68,7530
206781,214303,214380,77,7522
206781,214311,214379,68,7530
206781,214334,214379,45,7553
206781,214307,214379,72,7526
214359,214375,214380,5,16
206781,214312,214380,68,7531
206781,214310,214380,70,7529
214359,214375,214380,5,16
214359,214375,214380,5,16
214359,214375,214379,4,16
214359,214375,214380,5,16
214359,214375,214380,5,16
214359,214374,214380,6,15
214359,214375,214380,5,16
214359,214376,214380,4,17
214359,214373,214379,6,14
214359,214375,214380,5,16
214359,214375,214380,5,16
206781,214310,214381,71,7529
214359,214376,214381,5,17
214359,214376,214381,5,17
214359,214376,214381,5,17
214359,214375,214381,6,16
214359,214375,214381,6,16
214359,214375,214381,6,16
214359,214375,214381,6,16
214359,214376,214381,5,17
214359,214375,214380,5,16
214359,214375,214382,7,16
214359,214376,214382,6,17
214359,214376,214382,6,17
214359,214376,214382,6,17
206781,214309,214381,72,7528
214359,214376,214382,6,17
214359,214376,214382,6,17
214359,214376,214381,5,17
214359,214377,214382,5,18
214359,214375,214382,7,16
214359,214377,214382,5,18
214359,214376,214382,6,17
214359,214376,214382,6,17
214359,214378,214382,4,19
214359,214376,214382,6,17
214359,214376,214382,6,17
214359,214376,214383,7,17
214359,214377,214383,6,18
214359,214376,214382,6,17
214359,214376,214383,7,17
214359,214376,214382,6,17
214359,214379,214383,4,20
214359,214377,214384,7,18
214359,214376,214383,7,17
206781,214307,214383,76,7526
214359,214379,214383,4,20
214359,214379,214383,4,20
214359,214377,214383,6,18
214359,214378,214383,5,19
214359,214376,214383,7,17
214359,214376,214383,7,17
214359,214377,214383,6,18
214359,214377,214383,6,18
214359,214377,214383,6,18
206781,214307,214383,76,7526
214359,214379,214384,5,20
214359,214379,214384,5,20
214359,214375,214384,9,16
214359,214379,214385,6,20
214359,214376,214384,8,17
214359,214380,214385,5,21
206781,214313,214384,71,7532
214359,214380,214384,4,21
214359,214379,214384,5,20
214359,214380,214384,4,21
214359,214380,214384,4,21
206781,214316,214385,69,7535
206781,214334,214385,51,7553
214359,214378,214385,7,19
214359,214379,214385,6,20
214359,214379,214385,6,20
214359,214380,214385,5,21
214359,214381,214385,4,22
214359,214381,214385,4,22
214359,214378,214385,7,19
214359,214379,214385,6,20
214359,214378,214385,7,19
214359,214379,214385,6,20
214359,214379,214386,7,20
214359,214382,214385,3,23
214359,214379,214385,6,20
214359,214379,214385,6,20
214359,214379,214385,6,20
214359,214380,214385,5,21
214359,214380,214385,5,21
214359,214380,214385,5,21
214359,214379,214385,6,20
214359,214382,214386,4,23
214359,214379,214385,6,20
206781,214312,214386,74,7531
214359,214380,214386,6,21
206781,214334,214386,52,7553
214359,214383,214386,3,24
214359,214382,214386,4,23
214359,214382,214387,5,23
214359,214383,214386,3,24
214359,214383,214386,3,24
214359,214383,214386,3,24
214359,214383,214387,4,24
214359,214381,214387,6,22
214359,214382,214386,4,23
214359,214380,214386,6,21
214359,214381,214386,5,22
214359,214382,214387,5,23
206781,214321,214387,66,7540
214359,214381,214387,6,22
214359,214382,214387,5,23
214359,214383,214388,5,24
214359,214383,214387,4,24
214359,214384,214387,3,25
214359,214384,214388,4,25
214359,214383,214387,4,24
214359,214384,214387,3,25
214359,214384,214387,3,25
214359,214382,214387,5,23
214359,214383,214388,5,24
214359,214383,214388,5,24
206781,214314,214388,74,7533
214359,214383,214389,6,24
214359,214382,214388,6,23
214359,214382,214388,6,23
214359,214384,214389,5,25
214359,214385,214389,4,26
214359,214384,214388,4,25
206781,214333,214388,55,7552
214359,214385,214388,3,26
214359,214383,214388,5,24
214359,214384,214388,4,25
214359,214383,214388,5,24
214359,214384,214389,5,25
214359,214384,214389,5,25
214359,214385,214389,4,26
214359,214384,214389,5,25
214359,214384,214390,6,25
214359,214384,214390,6,25
206781,214338,214390,52,7557
206781,214312,214390,78,7531
214359,214384,214390,6,25
214359,214385,214390,5,26
214359,214386,214390,4,27
214359,214386,214390,4,27
214359,214386,214391,5,27
214359,214386,214390,4,27
214359,214386,214390,4,27
214359,214387,214390,3,28
214359,214384,214391,7,25
214359,214387,214390,3,28
214359,214385,214391,6,26
214359,214386,214390,4,27
214359,214386,214391,5,27
214359,214387,214390,3,28
214359,214385,214390,5,26
214359,214385,214391,6,26
214359,214384,214390,6,25
214359,214386,214391,5,27
206781,214334,214390,56,7553
206781,214320,214391,71,7539
214359,214387,214391,4,28
206781,214340,214391,51,7559
214359,214384,214392,8,25
214359,214386,214392,6,27
214359,214386,214391,5,27
214359,214385,214391,6,26
214359,214387,214391,4,28
214359,214385,214391,6,26
214359,214386,214392,6,27
214359,214386,214392,6,27
214359,214386,214392,6,27
214359,214386,214392,6,27
214359,214386,214393,7,27
214359,214386,214392,6,27
214359,214386,214392,6,27
214359,214386,214392,6,27
214359,214386,214392,6,27
214359,214386,214393,7,27
214359,214386,214392,6,27
206781,214319,214393,74,7538
206781,214334,214393,59,7553
206781,214321,214393,72,7540
206781,214316,214393,77,7535
206781,214337,214394,57,7556
206781,214321,214393,72,7540
206781,214340,214395,55,7559
206781,214339,214395,56,7558
206781,214342,214395,53,7561
206781,214321,214396,75,7540
206781,214343,214397,54,7562
206781,214325,214397,72,7544
206781,214332,214397,65,7551
206781,214330,214398,68,7549
206781,214345,214402,57,7564
206781,214328,214402,74,7547
206781,214332,214402,70,7551
206781,214329,214403,74,7548
206781,214332,214405,73,7551
206781,214342,214405,63,7561
206781,214332,214407,75,7551
206781,214345,214408,63,7564
206781,214348,214417,69,7567
206781,214352,214424,72,7571
206781,214360,214428,68,7579
206781,214354,214428,74,7573
206781,214352,214428,76,7571
206781,214354,214428,74,7573
206781,214365,214429,64,7584
206781,214362,214430,68,7581
206781,214363,214431,68,7582
206781,214361,214432,71,7580
206781,214356,214431,75,7575
206781,214357,214432,75,7576
206781,214362,214432,70,7581
206781,214358,214433,75,7577
206781,214371,214433,62,7590
206781,214356,214433,77,7575
206781,214369,214434,65,7588
206781,214369,214434,65,7588
206781,214369,214437,68,7588
206781,214368,214437,69,7587
206781,214374,214438,64,7593
206781,214375,214441,66,7594
206781,214366,214441,75,7585
206781,214376,214441,65,7595
206781,214375,214441,66,7594
206781,214377,214442,65,7596
206781,214375,214442,67,7594
206781,214375,214442,67,7594
206781,214384,214446,62,7603
206781,214376,214447,71,7595
206781,214380,214447,67,7599
206781,214379,214447,68,7598
206781,214387,214448,61,7606
206781,214377,214448,71,7596
206781,214376,214449,73,7595
206781,214382,214448,66,7601
206781,214380,214449,69,7599
206781,214381,214449,68,7600
206781,214378,214449,71,7597
206781,214380,214451,71,7599
206781,214380,214450,70,7599
206781,214398,214452,54,7617
206781,214380,214452,72,7599
206781,214377,214454,77,7596
206781,214395,214454,59,7614
206781,214380,214455,75,7599
206781,214390,214454,64,7609
206781,214385,214455,70,7604
206781,214384,214456,72,7603
206781,214394,214456,62,7613
206781,214385,214457,72,7604
206781,214396,214456,60,7615
206781,214388,214458,70,7607
206781,214392,214458,66,7611
206781,214385,214459,74,7604
206781,214391,214460,69,7610
206781,214392,214461,69,7611
206781,214395,214461,66,7614
206781,214393,214461,68,7612
206781,214380,214462,82,7599
206781,214388,214463,75,7607
206781,214389,214464,75,7608
206781,214398,214465,67,7617
206781,214394,214465,71,7613
206781,214393,214465,72,7612
206781,214386,214466,80,7605
206781,214403,214467,64,7622
206781,214394,214468,74,7613
206781,214399,214467,68,7618
206781,214397,214468,71,7616
206781,214403,214469,66,7622
206781,214397,214470,73,7616
206781,214394,214472,78,7613
206781,214405,214473,68,7624
206781,214391,214474,83,7610
206781,214404,214474,70,7623
206781,214403,214475,72,7622
206781,214405,214475,70,7624
206781,214408,214477,69,7627
206781,214409,214478,69,7628
206781,214429,214486,57,7648
206781,214417,214487,70,7636
206781,214430,214489,59,7649
206781,214434,214489,55,7653
206781,214428,214489,61,7647
206781,214428,214490,62,7647
206781,214425,214492,67,7644
206781,214434,214494,60,7653
206781,214434,214494,60,7653
206781,214429,214495,66,7648
206781,214433,214494,61,7652
206781,214432,214496,64,7651
206781,214441,214496,55,7660
206781,214431,214497,66,7650
206781,214439,214498,59,7658
206781,214431,214499,68,7650
206781,214438,214499,61,7657
206781,214438,214500,62,7657
206781,214446,214500,54,7665
206781,214433,214500,67,7652
206979,214449,214500,51,7470
206781,214434,214501,67,7653
206781,214432,214502,70,7651
206979,214449,214502,53,7470
206781,214441,214502,61,7660
206781,214442,214504,62,7661
206979,214447,214504,57,7468
206781,214442,214505,63,7661
206979,214449,214507,58,7470
206979,214448,214508,60,7469
206979,214447,214508,61,7468
206781,214441,214508,67,7660
206781,214443,214509,66,7662
206979,214450,214508,58,7471
206979,214448,214509,61,7469
206979,214453,214510,57,7474
206781,214435,214510,75,7654
206979,214455,214511,56,7476
206979,214461,214511,50,7482
206979,214451,214512,61,7472
206781,214443,214513,70,7662
206979,214461,214513,52,7482
206979,214457,214513,56,7478
206979,214457,214514,57,7478
206979,214460,214514,54,7481
206979,214451,214515,64,7472
206979,214458,214515,57,7479
206979,214458,214516,58,7479
206979,214454,214516,62,7475
206979,214455,214516,61,7476
206979,214449,214518,69,7470
206979,214450,214519,69,7471
206979,214455,214519,64,7476
206979,214460,214518,58,7481
206979,214452,214520,68,7473
206979,214462,214520,58,7483
206979,214464,214521,57,7485
206979,214466,214523,57,7487
206979,214457,214523,66,7478
206979,214463,214523,60,7484
206979,214455,214524,69,7476
206979,214467,214526,59,7488
206979,214467,214531,64,7488
206979,214465,214532,67,7486
206979,214457,214532,75,7478
206979,214466,214532,66,7487
206979,214466,214533,67,7487
206979,214471,214535,64,7492
206979,214469,214537,68,7490
206979,214472,214538,66,7493
206979,214468,214538,70,7489
206979,214474,214539,65,7495
206979,214475,214539,64,7496
206979,214469,214539,70,7490
206979,214468,214539,71,7489
206979,214474,214540,66,7495
206979,214476,214544,68,7497
206979,214479,214544,65,7500
206979,214477,214547,70,7498
206979,214474,214548,74,7495
206979,214490,214552,62,7511
206979,214490,214553,63,7511
206979,214488,214555,67,7509
206979,214491,214555,64,7512
206979,214495,214556,61,7516
206979,214489,214557,68,7510
206979,214486,214557,71,7507
206979,214495,214558,63,7516
206979,214492,214559,67,7513
206979,214495,214560,65,7516
206979,214498,214562,64,7519
206979,214499,214563,64,7520
206979,214501,214563,62,7522
206979,214494,214564,70,7515
206979,214497,214564,67,7518
206979,214497,214565,68,7518
206979,214501,214565,64,7522
206979,214501,214566,65,7522
206979,214497,214565,68,7518
206979,214500,214566,66,7521
206979,214501,214569,68,7522
206979,214502,214570,68,7523
206979,214503,214574,71,7524
206979,214503,214574,71,7524
206979,214509,214575,66,7530
206979,214509,214575,66,7530
206979,214509,214575,66,7530
206979,214505,214575,70,7526
206979,214505,214577,72,7526
206979,214509,214577,68,7530
206979,214502,214579,77,7523
206979,214508,214580,72,7529
206979,214514,214580,66,7535
206979,214511,214581,70,7532
206979,214517,214582,65,7538
206979,214511,214582,71,7532
206979,214515,214583,68,7536
206979,214512,214582,70,7533
206979,214509,214583,74,7530
206979,214505,214584,79,7526
206979,214514,214584,70,7535
206979,214509,214584,75,7530
206979,214518,214584,66,7539
206979,214513,214585,72,7534
206979,214514,214586,72,7535
206979,214516,214587,71,7537
206979,214519,214587,68,7540
206979,214515,214588,73,7536
206979,214515,214589,74,7536
206979,214520,214589,69,7541
206979,214510,214588,78,7531
206979,214541,214590,49,7562
206979,214523,214590,67,7544
206979,214521,214590,69,7542
206979,214519,214590,71,7540
206979,214520,214591,71,7541
206979,214517,214591,74,7538
206979,214516,214594,78,7537
206979,214525,214594,69,7546
206979,214519,214595,76,7540
206979,214524,214597,73,7545
206979,214532,214598,66,7553
206979,214523,214599,76,7544
206979,214527,214598,71,7548
206979,214554,214598,44,7575
206979,214545,214599,54,7566
206979,214533,214601,68,7554
206979,214553,214602,49,7574
206979,214549,214603,54,7570
206979,214532,214604,72,7553
206979,214559,214610,51,7580
206979,214533,214609,76,7554
206979,214536,214610,74,7557
206979,214544,214610,66,7565
206979,214537,214611,74,7558
206979,214539,214611,72,7560
206979,214540,214612,72,7561
206979,214539,214613,74,7560
206979,214540,214614,74,7561
206979,214559,214614,55,7580
206979,214555,214615,60,7576
206979,214539,214614,75,7560
206979,214540,214615,75,7561
206979,214533,214615,82,7554
206979,214547,214616,69,7568
206979,214555,214619,64,7576
206979,214558,214621,63,7579
206979,214557,214622,65,7578
206979,214564,214625,61,7585
206979,214561,214626,65,7582
206979,214558,214629,71,7579
206979,214564,214632,68,7585
206979,214569,214634,65,7590
206979,214563,214636,73,7584
206979,214566,214638,72,7587
206979,214574,214639,65,7595
206979,214570,214639,69,7591
206979,214565,214639,74,7586
206979,214566,214642,76,7587
206979,214576,214643,67,7597
206979,214577,214644,67,7598
206979,214565,214644,79,7586
206979,214575,214644,69,7596
206979,214567,214644,77,7588
206979,214565,214645,80,7586
206979,214576,214646,70,7597
206979,214575,214646,71,7596
206979,214591,214647,56,7612
206979,214565,214648,83,7586
206979,214581,214648,67,7602
206979,214585,214649,64,7606
206979,214576,214650,74,7597
206979,214583,214649,66,7604
206979,214577,214650,73,7598
206979,214580,214651,71,7601
206979,214580,214652,72,7601
206979,214583,214652,69,7604
206979,214590,214653,63,7611
206979,214591,214653,62,7612
206979,214582,214654,72,7603
206979,214591,214654,63,7612
206979,214584,214655,71,7605
206979,214584,214655,71,7605
206979,214589,214655,66,7610
206979,214583,214656,73,7604
206979,214587,214657,70,7608
206979,214589,214658,69,7610
206979,214584,214659,75,7605
206979,214583,214659,76,7604
206979,214588,214659,71,7609
206979,214585,214660,75,7606
206979,214596,214661,65,7617
206979,214594,214662,68,7615
206979,214588,214664,76,7609
206979,214603,214664,61,7624
206979,214591,214665,74,7612
206979,214589,214665,76,7610
206979,214600,214666,66,7621
206979,214585,214667,82,7606
206979,214599,214667,68,7620
206979,214595,214668,73,7616
206979,214587,214668,81,7608
206979,214599,214670,71,7620
206979,214598,214670,72,7619
206979,214598,214671,73,7619
206979,214605,214672,67,7626
206979,214611,214672,61,7632
206979,214592,214674,82,7613
206979,214602,214675,73,7623
206979,214612,214676,64,7633
206979,214616,214678,62,7637
206979,214611,214679,68,7632
206979,214599,214680,81,7620
206979,214611,214680,69,7632
206979,214622,214680,58,7643
206979,214625,214680,55,7646
206979,214614,214681,67,7635
206979,214604,214682,78,7625
206979,214621,214682,61,7642
206979,214610,214683,73,7631
206979,214616,214683,67,7637
206979,214614,214684,70,7635
206979,214610,214686,76,7631
206979,214614,214685,71,7635
206979,214615,214687,72,7636
206979,214617,214688,71,7638
206979,214615,214688,73,7636
206979,214610,214688,78,7631
206979,214626,214690,64,7647
206979,214632,214690,58,7653
206979,214630,214690,60,7651
206979,214636,214694,58,7657
206979,214619,214695,76,7640
206979,214635,214696,61,7656
206979,214643,214698,55,7664
206979,214640,214701,61,7661
206979,214640,214701,61,7661
206979,214645,214703,58,7666
206979,214645,214704,59,7666
206979,214649,214704,55,7670
206979,214640,214705,65,7661
206979,214649,214706,57,7670
206979,214639,214707,68,7660
206979,214646,214710,64,7667
207195,214654,214711,57,7459
206979,214646,214711,65,7667
207195,214657,214712,55,7462
206979,214645,214712,67,7666
206979,214643,214713,70,7664
206979,214651,214713,62,7672
206979,214652,214714,62,7673
207195,214665,214716,51,7470
206979,214648,214716,68,7669
206979,214645,214716,71,7666
206979,214647,214716,69,7668
207195,214654,214716,62,7459
207195,214660,214718,58,7465
206979,214650,214718,68,7671
206979,214648,214718,70,7669
207195,214656,214719,63,7461
207195,214660,214719,59,7465
207195,214657,214720,63,7462
206979,214650,214721,71,7671
207195,214665,214720,55,7470
207195,214663,214720,57,7468
207195,214655,214721,66,7460
207195,214661,214721,60,7466
206979,214653,214722,69,7674
206979,214651,214724,73,7672
207195,214655,214724,69,7460
206979,214654,214725,71,7675
207195,214669,214725,56,7474
207195,214671,214725,54,7476
207195,214660,214726,66,7465
206979,214654,214726,72,7675
207195,214662,214726,64,7467
207195,214667,214727,60,7472
207195,214659,214729,70,7464
207195,214665,214729,64,7470
207195,214671,214731,60,7476
207195,214674,214731,57,7479
207195,214670,214731,61,7475
207195,214665,214733,68,7470
207195,214673,214733,60,7478
207195,214666,214734,68,7471
207195,214672,214734,62,7477
207195,214667,214735,68,7472
207195,214668,214736,68,7473
207195,214677,214739,62,7482
207195,214676,214739,63,7481
207195,214681,214739,58,7486
207195,214678,214740,62,7483
207195,214683,214741,58,7488
207195,214682,214746,64,7487
207195,214683,214749,66,7488
207195,214691,214749,58,7496
207195,214681,214749,68,7486
207195,214688,214751,63,7493
207195,214683,214752,69,7488
207195,214681,214752,71,7486
207195,214681,214753,72,7486
207195,214683,214753,70,7488
207195,214689,214753,64,7494
207195,214689,214754,65,7494
207195,214686,214754,68,7491
207195,214688,214755,67,7493
207195,214691,214756,65,7496
207195,214679,214756,77,7484
207195,214696,214756,60,7501
207195,214686,214757,71,7491
207195,214684,214758,74,7489
207195,214691,214759,68,7496
207195,214698,214761,63,7503
207195,214695,214763,68,7500
207195,214696,214765,69,7501
207195,214704,214769,65,7509
207195,214706,214770,64,7511
207195,214706,214773,67,7511
207195,214702,214774,72,7507
207195,214701,214774,73,7506
207195,214705,214776,71,7510
207195,214708,214776,68,7513
207195,214712,214778,66,7517
207195,214711,214779,68,7516
207195,214716,214778,62,7521
207195,214705,214781,76,7510
207195,214714,214781,67,7519
207195,214712,214781,69,7517
207195,214713,214782,69,7518
207195,214713,214782,69,7518
207195,214716,214785,69,7521
207195,214716,214787,71,7521
207195,214721,214787,66,7526
207195,214719,214788,69,7524
207195,214717,214788,71,7522
207195,214718,214788,70,7523
207195,214721,214789,68,7526
207195,214716,214789,73,7521
207195,214713,214790,77,7518
207195,214715,214790,75,7520
207195,214725,214793,68,7530
207195,214718,214793,75,7523
207195,214720,214793,73,7525
207195,214721,214794,73,7526
207195,214721,214795,74,7526
207195,214720,214795,75,7525
207195,214726,214795,69,7531
207195,214721,214796,75,7526
207195,214723,214798,75,7528
207195,214730,214798,68,7535
207195,214728,214798,70,7533
207195,214727,214798,71,7532
207195,214722,214798,76,7527
207195,214726,214799,73,7531
207195,214731,214800,69,7536
207195,214727,214801,74,7532
207195,214729,214801,72,7534
207195,214735,214802,67,7540
207195,214732,214803,71,7537
207195,214757,214804,47,7562
207195,214725,214803,78,7530
207195,214740,214804,64,7545
207195,214734,214804,70,7539
207195,214735,214804,69,7540
207195,214734,214805,71,7539
207195,214726,214806,80,7531
207195,214724,214806,82,7529
207195,214735,214809,74,7540
207195,214732,214809,77,7537
207195,214737,214812,75,7542
207195,214740,214812,72,7545
207195,214757,214812,55,7562
207195,214742,214813,71,7547
207195,214750,214813,63,7555
207195,214759,214814,55,7564
207195,214740,214817,77,7545
207195,214769,214817,48,7574
207195,214741,214817,76,7546
207195,214754,214817,63,7559
207195,214747,214817,70,7552
207195,214761,214818,57,7566
207195,214756,214818,62,7561
207195,214765,214819,54,7570
207195,214757,214820,63,7562
207195,214752,214822,70,7557
207195,214750,214822,72,7555
207195,214752,214825,73,7557
207195,214763,214825,62,7568
207195,214754,214826,72,7559
207195,214752,214826,74,7557
207195,214774,214827,53,7579
207195,214749,214827,78,7554
207195,214771,214828,57,7576
207195,214756,214828,72,7561
207195,214760,214830,70,7565
207195,214753,214831,78,7558
207195,214754,214831,77,7559
207195,214773,214833,60,7578
207195,214754,214833,79,7559
207195,214775,214837,62,7580
207195,214776,214840,64,7581
207195,214777,214845,68,7582
207195,214782,214847,65,7587
207195,214778,214848,70,7583
207195,214781,214852,71,7586
207195,214785,214852,67,7590
207195,214779,214852,73,7584
207195,214782,214854,72,7587
207195,214794,214855,61,7599
207195,214789,214857,68,7594
207195,214795,214858,63,7600
207195,214790,214857,67,7595
207195,214791,214858,67,7596
207195,214779,214861,82,7584
207195,214787,214861,74,7592
207195,214788,214862,74,7593
207195,214789,214862,73,7594
207195,214796,214863,67,7601
207195,214781,214863,82,7586
207195,214794,214865,71,7599
207195,214799,214865,66,7604
207195,214789,214864,75,7594
207195,214783,214865,82,7588
207195,214788,214867,79,7593
207195,214793,214866,73,7598
207195,214797,214867,70,7602
207195,214804,214868,64,7609
207195,214804,214869,65,7609
207195,214806,214870,64,7611
207195,214801,214871,70,7606
207195,214806,214871,65,7611
207195,214798,214872,74,7603
207195,214795,214874,79,7600
207195,214790,214874,84,7595
207195,214802,214874,72,7607
207195,214799,214875,76,7604
207195,214798,214876,78,7603
207195,214815,214875,60,7620
207195,214802,214876,74,7607
207195,214798,214876,78,7603
207195,214804,214877,73,7609
207195,214796,214877,81,7601
207195,214801,214879,78,7606
207195,214803,214879,76,7608
207195,214818,214880,62,7623
207195,214805,214880,75,7610
207195,214800,214881,81,7605
207195,214812,214883,71,7617
207195,214810,214884,74,7615
207195,214809,214884,75,7614
207195,214813,214884,71,7618
207195,214813,214886,73,7618
207195,214817,214887,70,7622
207195,214814,214888,74,7619
207195,214804,214888,84,7609
207195,214826,214889,63,7631
207195,214818,214889,71,7623
207195,214807,214889,82,7612
207195,214818,214889,71,7623
207195,214828,214890,62,7633
207195,214828,214892,64,7633
207195,214822,214892,70,7627
207195,214820,214892,72,7625
207195,214817,214892,75,7622
207195,214818,214895,77,7623
207195,214826,214895,69,7631
207195,214822,214895,73,7627
207195,214814,214896,82,7619
207195,214829,214897,68,7634
207195,214819,214898,79,7624
207195,214821,214898,77,7626
207195,214826,214898,72,7631
207195,214826,214899,73,7631
207195,214833,214900,67,7638
207195,214832,214900,68,7637
207195,214834,214901,67,7639
207195,214837,214901,64,7642
207195,214831,214902,71,7636
207195,214832,214904,72,7637
207195,214841,214906,65,7646
207195,214845,214911,66,7650
207195,214853,214911,58,7658
207195,214852,214912,60,7657
207195,214848,214914,66,7653
207195,214828,214915,87,7633
207195,214853,214917,64,7658
207195,214864,214917,53,7669
207195,214858,214921,63,7663
207195,214865,214921,56,7670
207195,214854,214921,67,7659
207195,214856,214922,66,7661
207195,214848,214922,74,7653
207195,214858,214922,64,7663
207195,214859,214925,66,7664
207195,214863,214925,62,7668
207195,214867,214926,59,7672
207195,214857,214926,69,7662
207442,214874,214927,53,7432
207195,214865,214928,63,7670
207195,214861,214930,69,7666
207442,214872,214930,58,7430
207195,214868,214933,65,7673
207195,214865,214932,67,7670
207442,214882,214934,52,7440
207195,214862,214934,72,7667
207442,214873,214933,60,7431
207195,214870,214935,65,7675
207195,214867,214935,68,7672
207195,214869,214936,67,7674
207442,214880,214937,57,7438
207195,214869,214937,68,7674
207195,214863,214937,74,7668
207195,214866,214937,71,7671
207442,214872,214938,66,7430
207442,214874,214938,64,7432
207442,214878,214938,60,7436
207442,214878,214938,60,7436
207442,214876,214939,63,7434
207195,214862,214939,77,7667
207442,214874,214940,66,7432
207442,214876,214941,65,7434
207442,214881,214941,60,7439
207442,214877,214942,65,7435
207442,214880,214943,63,7438
207442,214876,214943,67,7434
207442,214888,214943,55,7446
207442,214889,214945,56,7447
207442,214884,214946,62,7442
207442,214888,214946,58,7446
207442,214890,214947,57,7448
207442,214890,214948,58,7448
207442,214876,214948,72,7434
207442,214887,214948,61,7445
207442,214880,214949,69,7438
207442,214890,214949,59,7448
207442,214885,214951,66,7443
207442,214893,214952,59,7451
207442,214883,214953,70,7441
207442,214893,214954,61,7451
207442,214896,214954,58,7454
207442,214887,214954,67,7445
207442,214891,214956,65,7449
207442,214885,214956,71,7443
207442,214895,214958,63,7453
207442,214892,214959,67,7450
207442,214893,214959,66,7451
207442,214899,214960,61,7457
207442,214897,214963,66,7455
207442,214898,214963,65,7456
207442,214898,214964,66,7456
207442,214896,214966,70,7454
207442,214900,214967,67,7458
207442,214902,214967,65,7460
207442,214897,214967,70,7455
207442,214904,214968,64,7462
207442,214912,214970,58,7470
207442,214900,214970,70,7458
207442,214899,214970,71,7457
207442,214902,214972,70,7460
207442,214901,214973,72,7459
207442,214915,214973,58,7473
207442,214912,214974,62,7470
207442,214916,214976,60,7474
207442,214911,214978,67,7469
207442,214918,214979,61,7476
207442,214918,214981,63,7476
207442,214906,214983,77,7464
207442,214922,214986,64,7480
207442,214926,214988,62,7484
207442,214923,214988,65,7481
207442,214921,214988,67,7479
207442,214922,214988,66,7480
207442,214922,214990,68,7480
207442,214923,214995,72,7481
207442,214927,214994,67,7485
207442,214934,214996,62,7492
207442,214928,214997,69,7486
207442,214926,214997,71,7484
207442,214926,214999,73,7484
207442,214930,214999,69,7488
207442,214934,215000,66,7492
207442,214928,215001,73,7486
207442,214937,215002,65,7495
207442,214931,215003,72,7489
207442,214933,215003,70,7491
207442,214934,215003,69,7492
207442,214933,215004,71,7491
207442,214937,215004,67,7495
207442,214935,215004,69,7493
207442,214937,215004,67,7495
207442,214936,215005,69,7494
207442,214939,215006,67,7497
207442,214937,215006,69,7495
214897,214899,215008,109,2
207442,214936,215008,72,7494
207442,214939,215011,72,7497
207442,214941,215012,71,7499
207442,214947,215012,65,7505
207442,214942,215013,71,7500
207442,214943,215013,70,7501
207442,214941,215014,73,7499
207442,214939,215014,75,7497
207442,214947,215015,68,7505
207442,214940,215015,75,7498
207442,214944,215016,72,7502
207442,214943,215017,74,7501
207442,214939,215017,78,7497
207442,214953,215016,63,7511
207442,214938,215017,79,7496
215006,215009,215016,7,3
207442,214947,215017,70,7505
207442,214946,215018,72,7504
207442,214948,215020,72,7506
207442,214954,215020,66,7512
207442,214948,215021,73,7506
207442,214979,215022,43,7537
207442,214951,215022,71,7509
207442,214971,215022,51,7529
207442,214974,215023,49,7532
207442,214955,215025,70,7513
207442,214955,215026,71,7513
207442,214950,215026,76,7508
207442,214970,215026,56,7528
207442,214954,215027,73,7512
207442,214956,215026,70,7514
207442,214959,215026,67,7517
207442,214970,215027,57,7528
207442,214948,215028,80,7506
207442,214950,215028,78,7508
207442,214943,215027,84,7501
207442,214972,215028,56,7530
207442,214957,215029,72,7515
207442,214961,215030,69,7519
207442,214973,215031,58,7531
207442,214973,215032,59,7531
207442,214960,215033,73,7518
207442,214982,215032,50,7540
207442,214965,215036,71,7523
207442,214977,215038,61,7535
207442,214989,215038,49,7547
207442,214959,215039,80,7517
207442,214963,215039,76,7521
207442,214967,215039,72,7525
207442,214968,215040,72,7526
207442,214984,215040,56,7542
207442,214964,215041,77,7522
207442,214966,215041,75,7524
207442,214986,215042,56,7544
207442,214980,215044,64,7538
207442,214968,215046,78,7526
207442,214969,215047,78,7527
207442,214989,215047,58,7547
207442,214991,215062,71,7549
207442,214989,215062,73,7547
207442,215002,215066,64,7560
207442,214995,215067,72,7553
207442,214995,215068,73,7553
207442,215000,215069,69,7558
207442,214989,215070,81,7547
207442,214997,215072,75,7555
207442,215004,215074,70,7562
207442,215001,215074,73,7559
207442,215003,215074,71,7561
207442,215004,215075,71,7562
207442,215005,215076,71,7563
207442,215002,215077,75,7560
207442,215009,215077,68,7567
207442,214997,215077,80,7555
207442,215005,215078,73,7563
207442,214997,215078,81,7555
207442,215003,215079,76,7561
207442,215005,215080,75,7563
207442,214999,215081,82,7557
207442,215007,215081,74,7565
207442,215005,215082,77,7563
207442,215006,215083,77,7564
207442,215017,215084,67,7575
207442,215012,215085,73,7570
207442,215015,215086,71,7573
207442,215015,215087,72,7573
207442,215014,215087,73,7572
207442,215013,215088,75,7571
207442,215014,215088,74,7572
207442,215017,215089,72,7575
207442,215017,215090,73,7575
207442,215012,215090,78,7570
207442,215017,215090,73,7575
207442,215013,215090,77,7571
207442,215023,215092,69,7581
207442,215017,215092,75,7575
207442,215029,215092,63,7587
207442,215021,215093,72,7579
207442,215015,215094,79,7573
207442,215023,215094,71,7581
207442,215022,215096,74,7580
207442,215017,215096,79,7575
207442,215019,215097,78,7577
207442,215033,215097,64,7591
207442,215022,215098,76,7580
207442,215028,215098,70,7586
207442,215026,215098,72,7584
207442,215028,215098,70,7586
207442,215030,215098,68,7588
207442,215033,215099,66,7591
207442,215027,215099,72,7585
207442,215028,215099,71,7586
207442,215027,215100,73,7585
207442,215026,215100,74,7584
207442,215027,215101,74,7585
207442,215027,215101,74,7585
207442,215026,215102,76,7584
207442,215020,215103,83,7578
207442,215030,215102,72,7588
207442,215040,215103,63,7598
207442,215028,215104,76,7586
207442,215023,215104,81,7581
207442,215041,215106,65,7599
207442,215039,215107,68,7597
207442,215032,215107,75,7590
207442,215040,215110,70,7598
207442,215040,215111,71,7598
207442,215036,215112,76,7594
207442,215033,215111,78,7591
207442,215043,215111,68,7601
207442,215040,215112,72,7598
207442,215039,215113,74,7597
207442,215048,215115,67,7606
207442,215042,215116,74,7600
207442,215041,215119,78,7599
207442,215045,215120,75,7603
207442,215048,215122,74,7606
207442,215046,215122,76,7604
207442,215062,215127,65,7620
207442,215076,215128,52,7634
207442,215063,215129,66,7621
207442,215067,215131,64,7625
207442,215071,215133,62,7629
207442,215074,215133,59,7632
207442,215074,215133,59,7632
207442,215068,215134,66,7626
207442,215078,215134,56,7636
207442,215072,215137,65,7630
207442,215069,215139,70,7627
207442,215079,215140,61,7637
207442,215070,215140,70,7628
207442,215078,215141,63,7636
207442,215079,215142,63,7637
207442,215081,215143,62,7639
207442,215081,215144,63,7639
207442,215079,215145,66,7637
207442,215075,215146,71,7633
207442,215083,215146,63,7641
207755,215090,215146,56,7335
207442,215087,215146,59,7645
207755,215091,215146,55,7336
207442,215077,215147,70,7635
207442,215084,215148,64,7642
207442,215086,215149,63,7644
207755,215088,215151,63,7333
207442,215075,215151,76,7633
207755,215094,215153,59,7339
207755,215088,215153,65,7333
207755,215090,215152,62,7335
207442,215080,215154,74,7638
207755,215090,215154,64,7335
207442,215087,215154,67,7645
207755,215095,215155,60,7340
207755,215090,215155,65,7335
207755,215097,215155,58,7342
207442,215085,215156,71,7643
207755,215099,215157,58,7344
207755,215102,215156,54,7347
207755,215099,215157,58,7344
207755,215092,215157,65,7337
207755,215092,215158,66,7337
207755,215098,215159,61,7343
207755,215093,215159,66,7338
207755,215102,215159,57,7347
207755,215099,215159,60,7344
207755,215101,215159,58,7346
207755,215100,215159,59,7345
207755,215101,215161,60,7346
207442,215085,215162,77,7643
207755,215100,215162,62,7345
207755,215097,215163,66,7342
207755,215100,215164,64,7345
207755,215105,215164,59,7350
207755,215103,215164,61,7348
207755,215097,215165,68,7342
207755,215102,215166,64,7347
207755,215103,215166,63,7348
207755,215094,215166,72,7339
207755,215103,215167,64,7348
207755,215099,215168,69,7344
207755,215099,215168,69,7344
207755,215111,215169,58,7356
207755,215107,215170,63,7352
207755,215104,215170,66,7349
207755,215111,215173,62,7356
207755,215107,215174,67,7352
207755,215112,215174,62,7357
207755,215107,215175,68,7352
207755,215113,215175,62,7358
207755,215112,215177,65,7357
207755,215117,215178,61,7362
207755,215113,215180,67,7358
207755,215116,215182,66,7361
207755,215121,215183,62,7366
207755,215127,215186,59,7372
207755,215112,215186,74,7357
207755,215129,215188,59,7374
207755,215133,215190,57,7378
207755,215123,215190,67,7368
207755,215131,215191,60,7376
207755,215122,215193,71,7367
207755,215134,215194,60,7379
207755,215119,215195,76,7364
207755,215134,215195,61,7379
207755,215128,215197,69,7373
215195,215195,215198,3,0
207755,215135,215199,64,7380
207755,215139,215199,60,7384
207755,215133,215201,68,7378
207755,215138,215201,63,7383
207755,215140,215205,65,7385
207755,215141,215205,64,7386
207755,215143,215206,63,7388
207755,215142,215206,64,7387
207755,215140,215208,68,7385
207755,215145,215212,67,7390
215099,215100,215213,113,1
207755,215146,215213,67,7391
207755,215147,215213,66,7392
207755,215147,215213,66,7392
207755,215145,215215,70,7390
207755,215151,215216,65,7396
207755,215151,215217,66,7396
207755,215146,215217,71,7391
207755,215146,215218,72,7391
207755,215146,215220,74,7391
207755,215153,215219,66,7398
207755,215154,215220,66,7399
207755,215154,215220,66,7399
207755,215156,215221,65,7401
207755,215155,215222,67,7400
207755,215155,215223,68,7400
207755,215153,215225,72,7398
207755,215149,215225,76,7394
207755,215149,215226,77,7394
207755,215157,215226,69,7402
207755,215158,215226,68,7403
207755,215154,215228,74,7399
207755,215156,215227,71,7401
207755,215160,215228,68,7405
207755,215157,215228,71,7402
207755,215160,215231,71,7405
207755,215160,215232,72,7405
207755,215160,215232,72,7405
207755,215167,215233,66,7412
207755,215156,215234,78,7401
207755,215162,215234,72,7407
207755,215164,215234,70,7409
207755,215161,215235,74,7406
207755,215159,215234,75,7404
207755,215158,215236,78,7403
207755,215164,215236,72,7409
207755,215158,215238,80,7403
207755,215167,215237,70,7412
207755,215164,215238,74,7409
207755,215187,215239,52,7432
207755,215170,215240,70,7415
207755,215160,215240,80,7405
207755,215167,215241,74,7412
207755,215166,215241,75,7411
207755,215165,215241,76,7410
207755,215175,215241,66,7420
207755,215191,215242,51,7436
207755,215189,215242,53,7434
207755,215162,215242,80,7407
207755,215184,215242,58,7429
207755,215168,215242,74,7413
207755,215163,215242,79,7408
207755,215171,215243,72,7416
207755,215171,215243,72,7416
207755,215174,215244,70,7419
207755,215175,215244,69,7420
207755,215192,215245,53,7437
207755,215174,215245,71,7419
207755,215187,215247,60,7432
207755,215175,215247,72,7420
207755,215177,215248,71,7422
207755,215191,215250,59,7436
207755,215168,215250,82,7413
207755,215200,215252,52,7445
207755,215183,215252,69,7428
207755,215179,215253,74,7424
207755,215194,215258,64,7439
207755,215206,215258,52,7451
207755,215180,215259,79,7425
207755,215201,215260,59,7446
207755,215200,215260,60,7445
207755,215195,215261,66,7440
207755,215196,215262,66,7441
207755,215198,215264,66,7443
207755,215201,215266,65,7446
207755,215196,215267,71,7441
207755,215206,215270,64,7451
207755,215207,215271,64,7452
207755,215207,215272,65,7452
207755,215216,215282,66,7461
207755,215209,215284,75,7454
207755,215214,215284,70,7459
207755,215215,215284,69,7460
207755,215213,215285,72,7458
207755,215213,215287,74,7458
207755,215217,215288,71,7462
207755,215218,215289,71,7463
207755,215219,215290,71,7464
207755,215212,215290,78,7457
207755,215223,215293,70,7468
207755,215225,215294,69,7470
207755,215220,215294,74,7465
207755,215220,215296,76,7465
207755,215222,215296,74,7467
207755,215227,215297,70,7472
207755,215220,215298,78,7465
207755,215224,215297,73,7469
207755,215220,215299,79,7465
207755,215226,215300,74,7471
207755,215229,215300,71,7474
207755,215229,215301,72,7474
207755,215235,215302,67,7480
207755,215231,215302,71,7476
207755,215243,215303,60,7488
207755,215228,215304,76,7473
207755,215227,215304,77,7472
207755,215235,215304,69,7480
207755,215239,215306,67,7484
207755,215226,215308,82,7471
207755,215228,215307,79,7473
207755,215237,215307,70,7482
207755,215233,215308,75,7478
207755,215242,215309,67,7487
207755,215235,215309,74,7480
207755,215238,215310,72,7483
207755,215245,215310,65,7490
207755,215235,215310,75,7480
207755,215241,215310,69,7486
207755,215239,215310,71,7484
207755,215238,215311,73,7483
207755,215244,215311,67,7489
207755,215232,215311,79,7477
207755,215234,215314,80,7479
207755,215242,215313,71,7487
207755,215247,215314,67,7492
207755,215241,215315,74,7486
207755,215232,215315,83,7477
207755,215240,215314,74,7485
207755,215248,215316,68,7493
207755,215243,215316,73,7488
207755,215243,215316,73,7488
207755,215243,215317,74,7488
207755,215236,215318,82,7481
207755,215242,215318,76,7487
207755,215243,215318,75,7488
207755,215245,215318,73,7490
207755,215248,215319,71,7493
207755,215243,215319,76,7488
207755,215242,215320,78,7487
207755,215241,215322,81,7486
207755,215262,215321,59,7507
207755,215246,215322,76,7491
207755,215250,215324,74,7495
207755,215264,215326,62,7509
207755,215253,215326,73,7498
207755,215261,215326,65,7506
207755,215254,215327,73,7499
207755,215251,215327,76,7496
207755,215261,215328,67,7506
207755,215252,215327,75,7497
207755,215259,215328,69,7504
207755,215270,215328,58,7515
207755,215261,215329,68,7506
207755,215258,215330,72,7503
215217,215219,215331,112,2
207755,215260,215335,75,7505
207755,215272,215336,64,7517
215334,215334,215337,3,0
207755,215266,215339,73,7511
207755,215272,215340,68,7517
215330,215333,215340,7,3
207755,215267,215343,76,7512
207755,215284,215346,62,7529
207755,215283,215346,63,7528
207755,215285,215348,63,7530
207755,215286,215350,64,7531
207755,215289,215352,63,7534
207755,215289,215354,65,7534
207755,215294,215355,61,7539
207755,215285,215357,72,7530
207755,215290,215358,68,7535
207755,215287,215358,71,7532
207755,215293,215359,66,7538
207913,215306,215360,54,7393
207913,215307,215360,53,7394
207755,215296,215362,66,7541
207913,215303,215363,60,7390
207755,215297,215364,67,7542
207755,215295,215363,68,7540
207755,215302,215364,62,7547
207755,215300,215365,65,7545
207755,215297,215365,68,7542
207755,215291,215366,75,7536
207913,215308,215367,59,7395
207755,215302,215367,65,7547
207913,215304,215368,64,7391
207755,215303,215368,65,7548
207913,215315,215370,55,7402
207913,215310,215369,59,7397
207913,215310,215370,60,7397
207755,215300,215371,71,7545
207913,215315,215371,56,7402
215368,215368,215371,3,0
207913,215309,215371,62,7396
207755,215298,215372,74,7543
207913,215305,215373,68,7392
207755,215300,215372,72,7545
207913,215309,215373,64,7396
207913,215312,215372,60,7399
207913,215311,215374,63,7398
207913,215316,215375,59,7403
207913,215316,215374,58,7403
207913,215310,215375,65,7397
207913,215308,215375,67,7395
207913,215308,215377,69,7395
207755,215298,215379,81,7543
207913,215319,215380,61,7406
207913,215310,215381,71,7397
207913,215319,215381,62,7406
207913,215323,215382,59,7410
207913,215311,215382,71,7398
207913,215312,215384,72,7399
207913,215318,215385,67,7405
207913,215314,215385,71,7401
207913,215317,215385,68,7404
207913,215321,215384,63,7408
207913,215312,215385,73,7399
207913,215315,215385,70,7402
207913,215315,215385,70,7402
207913,215322,215385,63,7409
207913,215319,215386,67,7406
207913,215319,215386,67,7406
207913,215317,215387,70,7404
207913,215325,215388,63,7412
207913,215326,215389,63,7413
207913,215329,215390,61,7416
207913,215314,215390,76,7401
207913,215328,215391,63,7415
207913,215327,215390,63,7414
207913,215327,215392,65,7414
207913,215328,215393,65,7415
207913,215331,215394,63,7418
207913,215322,215394,72,7409
207913,215319,215395,76,7406
207913,215329,215395,66,7416
207913,215328,215397,69,7415
207913,215326,215399,73,7413
207913,215341,215401,60,7428
207913,215336,215400,64,7423
207913,215339,215401,62,7426
207913,215337,215403,66,7424
207913,215329,215403,74,7416
207913,215343,215405,62,7430
207913,215347,215410,63,7434
207913,215348,215411,63,7435
207913,215346,215411,65,7433
207913,215351,215414,63,7438
207913,215353,215419,66,7440
207913,215355,215419,64,7442
207913,215355,215420,65,7442
207913,215358,215424,66,7445
207913,215361,215426,65,7448
207913,215364,215426,62,7451
207913,215357,215430,73,7444
207913,215359,215432,73,7446
207913,215360,215432,72,7447
207913,215368,215432,64,7455
207913,215371,215436,65,7458
207913,215368,215437,69,7455
207913,215366,215437,71,7453
207913,215363,215438,75,7450
207913,215368,215438,70,7455
207913,215372,215439,67,7459
207913,215370,215439,69,7457
207913,215366,215440,74,7453
207913,215372,215439,67,7459
207913,215368,215440,72,7455
207913,215365,215440,75,7452
207913,215370,215440,70,7457
207913,215361,215440,79,7448
207913,215364,215441,77,7451
207913,215370,215443,73,7457
207913,215375,215443,68,7462
207913,215366,215443,77,7453
207913,215396,215444,48,7483
207913,215374,215445,71,7461
207913,215364,215446,82,7451
207913,215377,215445,68,7464
207913,215374,215446,72,7461
207913,215376,215447,71,7463
207913,215376,215447,71,7463
207913,215375,215448,73,7462
207913,215380,215448,68,7467
207913,215400,215449,49,7487
207913,215397,215450,53,7484
207913,215373,215451,78,7460
207913,215386,215451,65,7473
207913,215373,215452,79,7460
207913,215382,215452,70,7469
207913,215373,215453,80,7460
207913,215385,215453,68,7472
207913,215401,215454,53,7488
207913,215382,215454,72,7469
207913,215373,215454,81,7460
207913,215382,215455,73,7469
207913,215386,215456,70,7473
207913,215386,215456,70,7473
207913,215391,215456,65,7478
207913,215389,215457,68,7476
207913,215384,215457,73,7471
207913,215391,215457,66,7478
207913,215381,215457,76,7468
207913,215404,215458,54,7491
207913,215395,215459,64,7482
207913,215389,215459,70,7476
207913,215387,215460,73,7474
207913,215382,215462,80,7469
207913,215385,215463,78,7472
207913,215411,215463,52,7498
207913,215387,215464,77,7474
207913,215401,215464,63,7488
207913,215388,215464,76,7475
207913,215395,215464,69,7482
207913,215386,215464,78,7473
207913,215402,215464,62,7489
207913,215391,215465,74,7478
207913,215404,215465,61,7491
207913,215393,215465,72,7480
207913,215392,215465,73,7479
207913,215390,215466,76,7477
207913,215385,215466,81,7472
207913,215405,215467,62,7492
207913,215395,215468,73,7482
207913,215385,215470,85,7472
207913,215419,215471,52,7506
207913,215411,215474,63,7498
207913,215420,215476,56,7507
215475,215475,215478,3,0
207913,215415,215478,63,7502
207913,215411,215481,70,7498
207913,215421,215481,60,7508
207913,215425,215494,69,7512
207913,215427,215502,75,7514
207913,215433,215503,70,7520
215405,215407,215503,96,2
207913,215427,215504,77,7514
207913,215438,215504,66,7525
207913,215432,215507,75,7519
207913,215431,215510,79,7518
207913,215440,215510,70,7527
207913,215440,215510,70,7527
207913,215433,215510,77,7520
207913,215439,215511,72,7526
207913,215440,215512,72,7527
207913,215437,215513,76,7524
207913,215443,215513,70,7530
207913,215439,215513,74,7526
207913,215440,215514,74,7527
207913,215442,215514,72,7529
207913,215439,215515,76,7526
207913,215447,215516,69,7534
207913,215443,215516,73,7530
207913,215441,215516,75,7528
207913,215441,215516,75,7528
207913,215446,215518,72,7533
207913,215446,215519,73,7533
207913,215453,215519,66,7540
207913,215440,215521,81,7527
207913,215444,215521,77,7531
207913,215438,215521,83,7525
207913,215446,215522,76,7533
207913,215447,215522,75,7534
207913,215455,215522,67,7542
207913,215450,215523,73,7537
215501,215504,215524,20,3
207913,215451,215524,73,7538
207913,215452,215525,73,7539
207913,215448,215525,77,7535
207913,215448,215525,77,7535
207913,215453,215526,73,7540
207913,215455,215527,72,7542
207913,215467,215527,60,7554
207913,215460,215527,67,7547
207913,215457,215529,72,7544
207913,215449,215529,80,7536
207913,215457,215529,72,7544
207913,215466,215530,64,7553
207913,215455,215531,76,7542
207913,215458,215531,73,7545
207913,215456,215531,75,7543
207913,215463,215531,68,7550
207913,215454,215531,77,7541
207913,215461,215532,71,7548
207913,215467,215533,66,7554
207913,215445,215533,88,7532
207913,215456,215534,78,7543
207913,215449,215534,85,7536
207913,215460,215535,75,7547
207913,215456,215535,79,7543
207913,215465,215535,70,7552
207913,215457,215536,79,7544
207913,215465,215536,71,7552
207913,215465,215535,70,7552
207913,215467,215536,69,7554
207913,215464,215536,72,7551
207913,215482,215536,54,7569
207913,215454,215538,84,7541
207913,215456,215538,82,7543
207913,215470,215538,68,7557
207913,215458,215538,80,7545
207913,215465,215539,74,7552
207913,215464,215540,76,7551
207913,215465,215540,75,7552
207913,215471,215542,71,7558
207913,215474,215542,68,7561
207913,215462,215543,81,7549
207913,215466,215543,77,7553
207913,215465,215544,79,7552
207913,215468,215548,80,7555
207913,215477,215550,73,7564
207913,215463,215552,89,7550
207913,215494,215552,58,7581
207913,215479,215555,76,7566
207913,215482,215558,76,7569
207913,215503,215561,58,7590
207913,215504,215567,63,7591
207913,215504,215568,64,7591
207913,215513,215569,56,7600
207913,215511,215571,60,7598
207913,215502,215573,71,7589
207913,215516,215574,58,7603
207913,215514,215575,61,7601
207913,215510,215575,65,7597
207913,215511,215577,66,7598
207913,215513,215578,65,7600
207913,215516,215578,62,7603
207913,215518,215579,61,7605
207913,215508,215578,70,7595
207913,215514,215579,65,7601
207913,215513,215580,67,7600
207913,215516,215580,64,7603
208148,215522,215581,59,7374
207913,215522,215582,60,7609
207913,215510,215583,73,7597
207913,215513,215584,71,7600
207913,215520,215584,64,7607
207913,215520,215584,64,7607
207913,215516,215584,68,7603
207913,215521,215587,66,7608
208148,215525,215587,62,7377
207913,215512,215587,75,7599
208148,215529,215588,59,7381
208148,215527,215588,61,7379
208148,215524,215590,66,7376
207913,215516,215591,75,7603
208148,215523,215592,69,7375
208148,215523,215592,69,7375
208148,215529,215593,64,7381
208148,215535,215593,58,7387
208148,215535,215593,58,7387
208148,215525,215594,69,7377
208148,215528,215595,67,7380
208148,215534,215596,62,7386
215591,215591,215596,5,0
208148,215531,215596,65,7383
208148,215536,215596,60,7388
208148,215530,215597,67,7382
208148,215523,215597,74,7375
208148,215535,215597,62,7387
208148,215522,215597,75,7374
208148,215526,215598,72,7378
208148,215536,215597,61,7388
208148,215527,215598,71,7379
208148,215532,215599,67,7384
208148,215536,215599,63,7388
208148,215527,215600,73,7379
208148,215531,215600,69,7383
208148,215536,215600,64,7388
208148,215536,215601,65,7388
208148,215539,215601,62,7391
208148,215532,215601,69,7384
208148,215532,215602,70,7384
208148,215534,215601,67,7386
208148,215534,215602,68,7386
208148,215536,215603,67,7388
208148,215539,215603,64,7391
208148,215530,215603,73,7382
208148,215538,215606,68,7390
208148,215544,215606,62,7396
208148,215540,215607,67,7392
208148,215544,215607,63,7396
208148,215543,215606,63,7395
208148,215533,215606,73,7385
208148,215540,215607,67,7392
208148,215536,215608,72,7388
208148,215541,215607,66,7393
208148,215548,215609,61,7400
208148,215544,215611,67,7396
208148,215543,215612,69,7395
208148,215552,215612,60,7404
208148,215555,215615,60,7407
208148,215553,215614,61,7405
208148,215550,215615,65,7402
208148,215539,215617,78,7391
208148,215559,215623,64,7411
208148,215561,215627,66,7413
208148,215569,215629,60,7421
208148,215571,215629,58,7423
208148,215568,215630,62,7420
215508,215526,215632,106,18
208148,215576,215632,56,7428
208148,215570,215636,66,7422
208148,215575,215635,60,7427
208148,215579,215640,61,7431
208148,215576,215640,64,7428
208148,215577,215640,63,7429
208148,215574,215641,67,7426
215630,215633,215641,8,3
208148,215578,215643,65,7430
208148,215580,215645,65,7432
208148,215578,215645,67,7430
208148,215580,215647,67,7432
208148,215582,215650,68,7434
208148,215582,215653,71,7434
208148,215589,215653,64,7441
208148,215585,215653,68,7437
208148,215581,215654,73,7433
208148,215580,215654,74,7432
208148,215585,215654,69,7437
208148,215585,215654,69,7437
208148,215587,215654,67,7439
208148,215588,215655,67,7440
208148,215585,215656,71,7437
208148,215584,215658,74,7436
208148,215593,215659,66,7445
208148,215593,215660,67,7445
208148,215589,215660,71,7441
208148,215593,215660,67,7445
208148,215591,215661,70,7443
208148,215587,215662,75,7439
208148,215594,215663,69,7446
208148,215613,215663,50,7465
208148,215594,215663,69,7446
208148,215599,215666,67,7451
208148,215599,215665,66,7451
208148,215615,215665,50,7467
208148,215597,215666,69,7449
208148,215597,215666,69,7449
208148,215598,215667,69,7450
208148,215596,215668,72,7448
208148,215613,215668,55,7465
208148,215597,215669,72,7449
208148,215598,215669,71,7450
208148,215593,215670,77,7445
208148,215597,215670,73,7449
208148,215616,215669,53,7468
208148,215602,215671,69,7454
208148,215601,215670,69,7453
208148,215591,215670,79,7443
208148,215597,215672,75,7449
208148,215615,215673,58,7467
208148,215602,215673,71,7454
208148,215601,215674,73,7453
208148,215603,215674,71,7455
208148,215598,215675,77,7450
208148,215602,215676,74,7454
208148,215607,215676,69,7459
208148,215601,215677,76,7453
208148,215611,215677,66,7463
208148,215610,215677,67,7462
208148,215601,215678,77,7453
208148,215604,215678,74,7456
208148,215607,215678,71,7459
208148,215607,215679,72,7459
208148,215598,215679,81,7450
208148,215607,215678,71,7459
208148,215602,215679,77,7454
208148,215604,215680,76,7456
208148,215608,215681,73,7460
208148,215607,215681,74,7459
208148,215617,215681,64,7469
208148,215628,215682,54,7480
208148,215600,215682,82,7452
208148,215607,215683,76,7459
208148,215607,215684,77,7459
208148,215600,215684,84,7452
208148,215636,215686,50,7488
208148,215608,215687,79,7460
208148,215636,215687,51,7488
208148,215629,215689,60,7481
208148,215624,215689,65,7476
208148,215630,215691,61,7482
208148,215633,215697,64,7485
208148,215630,215697,67,7482
208148,215640,215708,68,7492
208148,215641,215711,70,7493
208148,215641,215716,75,7493
208148,215641,215716,75,7493
208148,215646,215717,71,7498
208148,215646,215718,72,7498
208148,215643,215722,79,7495
208148,215653,215722,69,7505
208148,215655,215723,68,7507
208148,215647,215725,78,7499
208148,215660,215729,69,7512
208148,215655,215730,75,7507
208148,215654,215731,77,7506
208148,215661,215731,70,7513
208148,215664,215731,67,7516
208148,215662,215731,69,7514
208148,215651,215731,80,7503
208148,215654,215732,78,7506
208148,215661,215732,71,7513
208148,215670,215733,63,7522
208148,215663,215734,71,7515
208148,215657,215733,76,7509
208148,215666,215736,70,7518
208148,215655,215736,81,7507
208148,215659,215735,76,7511
208148,215653,215736,83,7505
208148,215654,215737,83,7506
208148,215666,215740,74,7518
208148,215670,215740,70,7522
208148,215666,215740,74,7518
208148,215668,215741,73,7520
208148,215664,215742,78,7516
208148,215655,215742,87,7507
208148,215663,215742,79,7515
208148,215661,215742,81,7513
208148,215667,215743,76,7519
208148,215669,215742,73,7521
208148,215670,215742,72,7522
208148,215679,215745,66,7531
208148,215671,215746,75,7523
208148,215674,215746,72,7526
208148,215680,215747,67,7532
208148,215673,215747,74,7525
208148,215674,215748,74,7526
208148,215679,215749,70,7531
208148,215671,215750,79,7523
208148,215670,215750,80,7522
208148,215667,215750,83,7519
208148,215670,215751,81,7522
208148,215671,215750,79,7523
208148,215674,215751,77,7526
208148,215676,215751,75,7528
208148,215666,215752,86,7518
208148,215678,215751,73,7530
208148,215683,215753,70,7535
208148,215687,215753,66,7539
208148,215678,215754,76,7530
208148,215681,215754,73,7533
208148,215691,215755,64,7543
208148,215680,215755,75,7532
208148,215679,215755,76,7531
208148,215675,215755,80,7527
208148,215679,215755,76,7531
208148,215682,215755,73,7534
208148,215675,215756,81,7527
208148,215688,215757,69,7540
208148,215687,215758,71,7539
208148,215689,215759,70,7541
208148,215678,215759,81,7530
208148,215679,215760,81,7531
208148,215678,215760,82,7530
208148,215684,215761,77,7536
208148,215682,215761,79,7534
208148,215676,215761,85,7528
208148,215685,215762,77,7537
208148,215685,215762,77,7537
208148,215689,215763,74,7541
208148,215683,215767,84,7535
208148,215698,215768,70,7550
215764,215764,215769,5,0
208148,215708,215772,64,7560
208148,215698,215775,77,7550
208148,215716,215777,61,7568
208148,215712,215780,68,7564
208148,215719,215779,60,7571
208148,215725,215787,62,7577
208148,215723,215788,65,7575
208148,215717,215789,72,7569
208148,215731,215791,60,7583
208148,215716,215791,75,7568
208148,215723,215791,68,7575
208148,215731,215793,62,7583
208148,215733,215794,61,7585
208148,215733,215795,62,7585
208148,215723,215797,74,7575
208148,215736,215798,62,7588
208148,215734,215798,64,7586
208148,215731,215800,69,7583
208148,215733,215800,67,7585
208148,215731,215801,70,7583
208148,215731,215801,70,7583
208148,215734,215802,68,7586
208148,215729,215803,74,7581
208148,215736,215804,68,7588
208360,215743,215804,61,7383
208360,215752,215805,53,7392
208360,215743,215805,62,7383
208148,215736,215805,69,7588
208360,215751,215807,56,7391
208360,215748,215807,59,7388
208148,215732,215807,75,7584
208360,215752,215808,56,7392
208360,215741,215809,68,7381
208360,215750,215810,60,7390
208148,215741,215810,69,7593
208360,215743,215811,68,7383
208360,215742,215811,69,7382
208360,215743,215812,69,7383
208360,215754,215812,58,7394
208148,215740,215813,73,7592
208360,215743,215813,70,7383
208360,215751,215813,62,7391
208360,215753,215814,61,7393
208360,215745,215814,69,7385
208360,215746,215814,68,7386
208360,215742,215815,73,7382
208360,215756,215816,60,7396
208360,215751,215817,66,7391
215712,215714,215816,102,2
208360,215750,215817,67,7390
208148,215737,215818,81,7589
208148,215737,215818,81,7589
208360,215748,215819,71,7388
208360,215743,215819,76,7383
208360,215749,215819,70,7389
208360,215747,215820,73,7387
208360,215754,215819,65,7394
208360,215755,215819,64,7395
208360,215755,215820,65,7395
208360,215755,215822,67,7395
208360,215751,215823,72,7391
208360,215756,215823,67,7396
208360,215759,215824,65,7399
208360,215759,215824,65,7399
208360,215762,215824,62,7402
208360,215757,215825,68,7397
208360,215749,215826,77,7389
208360,215759,215827,68,7399
208360,215755,215827,72,7395
208360,215761,215828,67,7401
208360,215760,215829,69,7400
208360,215755,215829,74,7395
208360,215763,215830,67,7403
208360,215763,215830,67,7403
208360,215751,215832,81,7391
208360,215767,215832,65,7407
208360,215756,215832,76,7396
208360,215762,215833,71,7402
208360,215761,215833,72,7401
208360,215762,215834,72,7402
208360,215768,215836,68,7408
208360,215780,215838,58,7420
208360,215773,215838,65,7413
208360,215778,215838,60,7418
208360,215780,215843,63,7420
208360,215775,215844,69,7415
208360,215788,215848,60,7428
208360,215789,215848,59,7429
208360,215790,215849,59,7430
208360,215791,215852,61,7431
208360,215791,215853,62,7431
208360,215795,215857,62,7435
208360,215796,215860,64,7436
208360,215797,215861,64,7437
208360,215801,215862,61,7441
208360,215794,215863,69,7434
208360,215799,215863,64,7439
208360,215792,215863,71,7432
208360,215798,215868,70,7438
208360,215802,215870,68,7442
208360,215803,215872,69,7443
208360,215802,215873,71,7442
208360,215807,215873,66,7447
208360,215805,215874,69,7445
208360,215805,215874,69,7445
208360,215800,215875,75,7440
208360,215806,215876,70,7446
208360,215806,215876,70,7446
208360,215803,215877,74,7443
208360,215812,215879,67,7452
208360,215808,215879,71,7448
208360,215812,215879,67,7452
208360,215809,215881,72,7449
208360,215811,215881,70,7451
208360,215805,215882,77,7445
208360,215808,215882,74,7448
208360,215814,215883,69,7454
208360,215810,215884,74,7450
208360,215837,215883,46,7477
208360,215817,215885,68,7457
208360,215818,215885,67,7458
208360,215811,215885,74,7451
208360,215815,215887,72,7455
208360,215817,215887,70,7457
208360,215819,215887,68,7459
208360,215834,215888,54,7474
208360,215815,215890,75,7455
208360,215813,215890,77,7453
208360,215820,215890,70,7460
208360,215839,215890,51,7479
208360,215834,215891,57,7474
208360,215813,215891,78,7453
208360,215834,215891,57,7474
208360,215815,215891,76,7455
208360,215820,215892,72,7460
208360,215818,215892,74,7458
208360,215839,215893,54,7479
208360,215818,215893,75,7458
208360,215820,215894,74,7460
208360,215821,215893,72,7461
208360,215822,215895,73,7462
208360,215813,215895,82,7453
208360,215826,215895,69,7466
208360,215814,215896,82,7454
208360,215815,215897,82,7455
208360,215824,215898,74,7464
208360,215825,215897,72,7465
208360,215829,215898,69,7469
208360,215824,215899,75,7464
208360,215824,215899,75,7464
208360,215826,215899,73,7466
208360,215820,215899,79,7460
208360,215830,215899,69,7470
208360,215830,215901,71,7470
208360,215823,215901,78,7463
208360,215833,215903,70,7473
208360,215839,215904,65,7479
208360,215828,215905,77,7468
208360,215831,215904,73,7471
208360,215845,215905,60,7485
208360,215820,215905,85,7460
208360,215832,215906,74,7472
208360,215829,215906,77,7469
208360,215827,215906,79,7467
208360,215849,215908,59,7489
208360,215849,215910,61,7489
208360,215833,215912,79,7473
208360,215854,215917,63,7494
208360,215852,215917,65,7492
208360,215843,215918,75,7483
208360,215850,215918,68,7490
208360,215858,215921,63,7498
208360,215861,215924,63,7501
215820,215822,215928,106,2
208360,215862,215935,73,7502
208360,215861,215936,75,7501
215926,215929,215936,7,3
208360,215863,215938,75,7503
208360,215864,215942,78,7504
208360,215863,215943,80,7503
208360,215873,215946,73,7513
208360,215871,215947,76,7511
208360,215868,215948,80,7508
208360,215878,215948,70,7518
208360,215875,215949,74,7515
208360,215873,215949,76,7513
208360,215875,215949,74,7515
208360,215875,215949,74,7515
208360,215874,215952,78,7514
208360,215882,215953,71,7522
208360,215877,215954,77,7517
208360,215884,215955,71,7524
208360,215883,215955,72,7523
208360,215877,215957,80,7517
208360,215881,215959,78,7521
208360,215882,215958,76,7522
208360,215880,215958,78,7520
208360,215879,215961,82,7519
208360,215879,215960,81,7519
208360,215894,215962,68,7534
208360,215888,215963,75,7528
208360,215888,215963,75,7528
208360,215892,215963,71,7532
208360,215884,215964,80,7524
208360,215888,215965,77,7528
208360,215883,215965,82,7523
208360,215885,215966,81,7525
208360,215890,215965,75,7530
208360,215891,215965,74,7531
208360,215885,215966,81,7525
208360,215893,215966,73,7533
208360,215892,215967,75,7532
208360,215892,215967,75,7532
208360,215897,215968,71,7537
208360,215890,215968,78,7530
208360,215892,215969,77,7532
208360,215898,215969,71,7538
208360,215894,215969,75,7534
208360,215890,215971,81,7530
208360,215885,215971,86,7525
208360,215896,215971,75,7536
208360,215895,215973,78,7535
208360,215897,215973,76,7537
208360,215900,215972,72,7540
208360,215900,215973,73,7540
208360,215889,215973,84,7529
208360,215902,215972,70,7542
208360,215894,215973,79,7534
208360,215893,215974,81,7533
208360,215891,215974,83,7531
208360,215900,215975,75,7540
208360,215895,215975,80,7535
208360,215906,215975,69,7546
208360,215898,215975,77,7538
208360,215899,215975,76,7539
208360,215909,215976,67,7549
208360,215906,215977,71,7546
208360,215904,215979,75,7544
208360,215905,215978,73,7545
208360,215899,215979,80,7539
208360,215901,215980,79,7541
208360,215911,215981,70,7551
208360,215905,215981,76,7545
208360,215899,215982,83,7539
208360,215905,215984,79,7545
208360,215907,215984,77,7547
208360,215905,215984,79,7545
208360,215918,215984,66,7558
208360,215922,215988,66,7562
208360,215917,215990,73,7557
208360,215918,215991,73,7558
208360,215912,215991,79,7552
208360,215907,215991,84,7547
208360,215924,215994,70,7564
208360,215919,215996,77,7559
208360,215936,216002,66,7576
208360,215936,216007,71,7576
208360,215939,216009,70,7579
208360,215942,216011,69,7582
208360,215953,216014,61,7593
208360,215948,216015,67,7588
208360,215947,216015,68,7587
208360,215950,216015,65,7590
208360,215950,216015,65,7590
208360,215949,216016,67,7589
208360,215952,216017,65,7592
208360,215950,216018,68,7590
208360,215944,216020,76,7584
208360,215949,216021,72,7589
208360,215950,216023,73,7590
208578,215969,216026,57,7391
208360,215958,216026,68,7598
208360,215956,216027,71,7596
208578,215966,216027,61,7388
208578,215965,216028,63,7387
208578,215968,216028,60,7390
208360,215955,216028,73,7595
208360,215961,216029,68,7601
208578,215966,216030,64,7388
208360,215956,216030,74,7596
208578,215967,216030,63,7389
208360,215959,216031,72,7599
208360,215962,216031,69,7602
208578,215973,216032,59,7395
208578,215975,216032,57,7397
208360,215964,216033,69,7604
208578,215969,216033,64,7391
208360,215959,216033,74,7599
208578,215971,216034,63,7393
208578,215975,216035,60,7397
208578,215974,216035,61,7396
208578,215973,216035,62,7395
208578,215973,216037,64,7395
208578,215966,216037,71,7388
208578,215973,216037,64,7395
208360,215963,216038,75,7603
208578,215971,216037,66,7393
208578,215970,216038,68,7392
208578,215979,216039,60,7401
208360,215963,216038,75,7603
208578,215975,216039,64,7397
208578,215971,216038,67,7393
208578,215968,216039,71,7390
208360,215959,216040,81,7599
208360,215961,216041,80,7601
208578,215966,216041,75,7388
208578,215975,216041,66,7397
208578,215976,216042,66,7398
208578,215976,216044,68,7398
208578,215977,216043,66,7399
208578,215980,216044,64,7402
208578,215968,216044,76,7390
208578,215991,216045,54,7413
208578,215966,216045,79,7388
208578,215985,216046,61,7407
208578,215977,216046,69,7399
208578,215984,216046,62,7406
208578,215984,216047,63,7406
208578,215983,216047,64,7405
208578,215991,216048,57,7413
208578,215980,216048,68,7402
208578,215981,216048,67,7403
208578,215995,216048,53,7417
208578,215975,216050,75,7397
208578,215970,216050,80,7392
208578,215982,216050,68,7404
208578,215973,216050,77,7395
208578,215979,216050,71,7401
208578,215973,216051,78,7395
208578,215985,216052,67,7407
208578,215965,216054,89,7387
208578,215990,216054,64,7412
208578,215988,216055,67,7410
208578,215997,216056,59,7419
208578,215991,216057,66,7413
208578,216003,216065,62,7425
208578,216009,216065,56,7431
208578,216007,216066,59,7429
208578,216016,216077,61,7438
208578,216016,216077,61,7438
208578,216011,216079,68,7433
208578,216015,216080,65,7437
208578,216015,216080,65,7437
208578,216018,216084,66,7440
208578,216015,216084,69,7437
216009,216011,216085,74,2
216084,216086,216087,1,2
208578,216017,216088,71,7439
208578,216024,216087,63,7446
208578,216020,216089,69,7442
208578,216018,216091,73,7440
208578,216028,216093,65,7450
208578,216026,216093,67,7448
208578,216030,216094,64,7452
208578,216027,216094,67,7449
208578,216028,216096,68,7450
208578,216029,216098,69,7451
208578,216029,216098,69,7451
208578,216023,216098,75,7445
208578,216029,216099,70,7451
208578,216032,216099,67,7454
208578,216033,216102,69,7455
208578,216030,216103,73,7452
208578,216034,216102,68,7456
208578,216056,216103,47,7478
208578,216057,216104,47,7479
208578,216031,216104,73,7453
208578,216033,216105,72,7455
208578,216036,216105,69,7458
208578,216035,216104,69,7457
208578,216037,216106,69,7459
208578,216031,216106,75,7453
208578,216035,216106,71,7457
208578,216039,216107,68,7461
208578,216033,216107,74,7455
208578,216034,216108,74,7456
208578,216039,216109,70,7461
208578,216032,216109,77,7454
208578,216035,216109,74,7457
208578,216038,216109,71,7460
208578,216038,216109,71,7460
208578,216057,216110,53,7479
208578,216053,216111,58,7475
208578,216039,216110,71,7461
208578,216042,216111,69,7464
208578,216044,216112,68,7466
208578,216038,216112,74,7460
208578,216044,216112,68,7466
208578,216038,216113,75,7460
208578,216042,216113,71,7464
208578,216055,216114,59,7477
208578,216039,216113,74,7461
208578,216038,216114,76,7460
208578,216045,216114,69,7467
208578,216041,216115,74,7463
208578,216055,216117,62,7477
208578,216046,216117,71,7468
208578,216049,216117,68,7471
208578,216047,216118,71,7469
208578,216050,216118,68,7472
208578,216050,216119,69,7472
208578,216039,216120,81,7461
208578,216042,216119,77,7464
208578,216066,216120,54,7488
208578,216049,216120,71,7471
208578,216046,216120,74,7468
208578,216048,216121,73,7470
208578,216050,216123,73,7472
208578,216067,216124,57,7489
208578,216042,216124,82,7464
208578,216047,216124,77,7469
208578,216049,216124,75,7471
208578,216045,216125,80,7467
208578,216065,216125,60,7487
208578,216051,216126,75,7473
208578,216052,216125,73,7474
208578,216047,216126,79,7469
208578,216048,216127,79,7470
208578,216048,216127,79,7470
208578,216051,216129,78,7473
208578,216078,216131,53,7500
208578,216078,216136,58,7500
208578,216080,216144,64,7502
208578,216080,216152,72,7502
208578,216080,216156,76,7502
208578,216084,216157,73,7506
208578,216084,216160,76,7506
208578,216088,216160,72,7510
208578,216088,216162,74,7510
208578,216090,216165,75,7512
208578,216092,216168,76,7514
208578,216095,216170,75,7517
208578,216100,216172,72,7522
208578,216094,216173,79,7516
208578,216106,216173,67,7528
208578,216094,216173,79,7516
208578,216104,216174,70,7526
208578,216104,216176,72,7526
208578,216097,216177,80,7519
208578,216102,216177,75,7524
208578,216099,216178,79,7521
208578,216105,216178,73,7527
208578,216103,216179,76,7525
208578,216103,216178,75,7525
208578,216099,216179,80,7521
208578,216105,216180,75,7527
208578,216110,216180,70,7532
208578,216100,216181,81,7522
208578,216106,216181,75,7528
208578,216095,216182,87,7517
208578,216105,216182,77,7527
208578,216114,216184,70,7536
208578,216114,216185,71,7536
208578,216098,216186,88,7520
208578,216115,216186,71,7537
208578,216105,216186,81,7527
208578,216107,216187,80,7529
208578,216110,216187,77,7532
208578,216107,216187,80,7529
208578,216108,216188,80,7530
208578,216113,216188,75,7535
208578,216117,216188,71,7539
208578,216113,216188,75,7535
208578,216123,216189,66,7545
208578,216111,216190,79,7533
208578,216114,216190,76,7536
208578,216119,216190,71,7541
208578,216113,216190,77,7535
208578,216109,216190,81,7531
208578,216113,216191,78,7535
208578,216112,216191,79,7534
208578,216114,216192,78,7536
208578,216117,216192,75,7539
208578,216110,216192,82,7532
208578,216109,216193,84,7531
208578,216111,216194,83,7533
208578,216119,216196,77,7541
208578,216121,216197,76,7543
208578,216114,216196,82,7536
208578,216122,216196,74,7544
208578,216121,216197,76,7543
208578,216111,216198,87,7533
208578,216108,216197,89,7530
208578,216125,216198,73,7547
208578,216119,216198,79,7541
208578,216117,216198,81,7539
208578,216124,216199,75,7546
208578,216120,216199,79,7542
208578,216120,216199,79,7542
208578,216126,216200,74,7548
208578,216124,216202,78,7546
208578,216129,216201,72,7551
208578,216127,216202,75,7549
208578,216120,216203,83,7542
208578,216125,216203,78,7547
208578,216126,216203,77,7548
208578,216132,216203,71,7554
208578,216127,216203,76,7549
208578,216124,216206,82,7546
208578,216126,216207,81,7548
208578,216128,216208,80,7550
208578,216136,216210,74,7558
208578,216156,216219,63,7578
208578,216144,216220,76,7566
208578,216153,216222,69,7575
208578,216157,216225,68,7579
208578,216161,216225,64,7583
208578,216165,216227,62,7587
208578,216175,216231,56,7597
216090,216092,216231,139,2
208578,216171,216232,61,7593
208578,216162,216235,73,7584
208578,216173,216235,62,7595
208578,216179,216236,57,7601
208578,216161,216235,74,7583
208578,216173,216238,65,7595
208578,216178,216240,62,7600
208578,216181,216240,59,7603
216229,216232,216240,8,3
208578,216177,216240,63,7599
208578,216169,216242,73,7591
208852,216187,216244,57,7335
208578,216174,216244,70,7596
208578,216173,216245,72,7595
208578,216180,216246,66,7602
208852,216188,216247,59,7336
208578,216183,216246,63,7605
208852,216193,216248,55,7341
208578,216179,216248,69,7601
208578,216177,216248,71,7599
208852,216189,216248,59,7337
208852,216189,216249,60,7337
208852,216187,216250,63,7335
208852,216197,216250,53,7345
208852,216196,216250,54,7344
208852,216190,216250,60,7338
208852,216195,216250,55,7343
208578,216179,216252,73,7601
208578,216181,216252,71,7603
208578,216183,216252,69,7605
208852,216188,216252,64,7336
208578,216181,216253,72,7603
208852,216193,216254,61,7341
208578,216186,216253,67,7608
208852,216193,216256,63,7341
208852,216192,216255,63,7340
208852,216193,216256,63,7341
208852,216188,216257,69,7336
208852,216191,216257,66,7339
208852,216192,216256,64,7340
208578,216187,216257,70,7609
208852,216189,216257,68,7337
208852,216197,216256,59,7345
208852,216191,216257,66,7339
208852,216190,216258,68,7338
208578,216186,216258,72,7608
208852,216197,216258,61,7345
208852,216199,216259,60,7347
208852,216191,216259,68,7339
208852,216198,216259,61,7346
208852,216204,216260,56,7352
208578,216185,216260,75,7607
208578,216180,216261,81,7602
208578,216179,216261,82,7601
208852,216202,216262,60,7350
208852,216204,216263,59,7352
208852,216200,216263,63,7348
208852,216202,216263,61,7350
208852,216202,216263,61,7350
208852,216198,216263,65,7346
208852,216204,216264,60,7352
208852,216198,216264,66,7346
208852,216198,216265,67,7346
208852,216200,216265,65,7348
208852,216191,216265,74,7339
208852,216201,216266,65,7349
208852,216211,216268,57,7359
208852,216207,216268,61,7355
208852,216199,216268,69,7347
208852,216204,216270,66,7352
208852,216200,216270,70,7348
208852,216208,216272,64,7356
208852,216208,216272,64,7356
208852,216204,216272,68,7352
208852,216219,216280,61,7367
208852,216221,216281,60,7369
208852,216222,216282,60,7370
208852,216225,216286,61,7373
208852,216225,216289,64,7373
208852,216227,216292,65,7375
208852,216233,216293,60,7381
208852,216231,216297,66,7379
208852,216235,216299,64,7383
208852,216238,216300,62,7386
208852,216236,216300,64,7384
208852,216236,216301,65,7384
208852,216240,216302,62,7388
208852,216240,216303,63,7388
208852,216235,216304,69,7383
208852,216242,216307,65,7390
208852,216241,216309,68,7389
208852,216247,216309,62,7395
208852,216246,216314,68,7394
208852,216244,216314,70,7392
208852,216248,216315,67,7396
208852,216248,216316,68,7396
208852,216245,216316,71,7393
208852,216245,216317,72,7393
208852,216252,216318,66,7400
208852,216252,216319,67,7400
208852,216249,216321,72,7397
208852,216249,216321,72,7397
208852,216250,216321,71,7398
208852,216247,216322,75,7395
208852,216250,216322,72,7398
208852,216251,216322,71,7399
208852,216248,216324,76,7396
208852,216257,216324,67,7405
208852,216252,216324,72,7400
208852,216257,216324,67,7405
208852,216257,216326,69,7405
208852,216254,216325,71,7402
208852,216253,216326,73,7401
208852,216260,216327,67,7408
208852,216254,216326,72,7402
208852,216257,216327,70,7405
208852,216257,216328,71,7405
208852,216256,216328,72,7404
208852,216251,216328,77,7399
208852,216283,216328,45,7431
208852,216251,216329,78,7399
208852,216254,216329,75,7402
208852,216281,216329,48,7429
208852,216260,216329,69,7408
208852,216259,216330,71,7407
208852,216259,216330,71,7407
208852,216272,216330,58,7420
208852,216257,216331,74,7405
208852,216266,216332,66,7414
208852,216258,216333,75,7406
208852,216282,216334,52,7430
208852,216256,216334,78,7404
208852,216266,216334,68,7414
208852,216264,216334,70,7412
208852,216260,216335,75,7408
208852,216263,216336,73,7411
208852,216261,216336,75,7409
208852,216264,216336,72,7412
208852,216265,216337,72,7413
208852,216258,216337,79,7406
208852,216261,216338,77,7409
208852,216257,216338,81,7405
208852,216262,216338,76,7410
208852,216266,216338,72,7414
208852,216270,216339,69,7418
208852,216263,216338,75,7411
208852,216264,216339,75,7412
208852,216263,216339,76,7411
208852,216269,216340,71,7417
208852,216263,216341,78,7411
208852,216268,216341,73,7416
208852,216258,216342,84,7406
208852,216272,216342,70,7420
208852,216272,216342,70,7420
208852,216287,216344,57,7435
208852,216266,216344,78,7414
208852,216268,216344,76,7416
208852,216294,216346,52,7442
208852,216270,216348,78,7418
208852,216298,216351,53,7446
208852,216293,216354,61,7441
208852,216290,216354,64,7438
208852,216301,216354,53,7449
216292,216294,216359,65,2
208852,216300,216360,60,7448
208852,216301,216362,61,7449
208852,216302,216365,63,7450
208852,216303,216369,66,7451
208852,216304,216376,72,7452
208852,216308,216376,68,7456
208852,216305,216379,74,7453
216358,216361,216381,20,3
208852,216314,216382,68,7462
208852,216309,216383,74,7457
208852,216310,216384,74,7458
208852,216315,216386,71,7463
208852,216317,216387,70,7465
208852,216316,216388,72,7464
208852,216319,216390,71,7467
208852,216320,216391,71,7468
208852,216317,216391,74,7465
208852,216323,216392,69,7471
208852,216323,216393,70,7471
208852,216322,216393,71,7470
208852,216330,216394,64,7478
208852,216328,216393,65,7476
208852,216325,216394,69,7473
208852,216321,216397,76,7469
208852,216315,216397,82,7463
208852,216329,216400,71,7477
208852,216323,216400,77,7471
208852,216322,216401,79,7470
208852,216329,216402,73,7477
208852,216327,216403,76,7475
208852,216325,216402,77,7473
208852,216330,216403,73,7478
208852,216328,216404,76,7476
208852,216331,216405,74,7479
208852,216327,216405,78,7475
208852,216330,216405,75,7478
208852,216326,216405,79,7474
208852,216335,216407,72,7483
208852,216325,216407,82,7473
208852,216335,216408,73,7483
208852,216326,216408,82,7474
208852,216336,216409,73,7484
208852,216339,216409,70,7487
208852,216329,216409,80,7477
208852,216332,216409,77,7480
208852,216331,216409,78,7479
208852,216335,216410,75,7483
208852,216330,216410,80,7478
208852,216335,216410,75,7483
208852,216332,216412,80,7480
208852,216336,216412,76,7484
208852,216340,216413,73,7488
208852,216330,216413,83,7478
208852,216336,216414,78,7484
208852,216339,216414,75,7487
208852,216342,216414,72,7490
208852,216339,216415,76,7487
208852,216327,216416,89,7475
208852,216334,216416,82,7482
208852,216339,216416,77,7487
208852,216340,216416,76,7488
208852,216326,216417,91,7474
208852,216337,216416,79,7485
208852,216348,216417,69,7496
208852,216342,216418,76,7490
208852,216337,216418,81,7485
208852,216343,216420,77,7491
208852,216338,216419,81,7486
208852,216343,216420,77,7491
208852,216339,216420,81,7487
208852,216344,216420,76,7492
208852,216344,216420,76,7492
208852,216338,216421,83,7486
208852,216342,216422,80,7490
208852,216345,216424,79,7493
208852,216354,216425,71,7502
208852,216339,216426,87,7487
208852,216354,216426,72,7502
208852,216355,216428,73,7503
208852,216351,216430,79,7499
208852,216366,216430,64,7514
208852,216376,216431,55,7524
208852,216362,216432,70,7510
208852,216347,216436,89,7495
208852,216360,216436,76,7508
208852,216384,216441,57,7532
208852,216380,216442,62,7528
208852,216369,216443,74,7517
208852,216382,216444,62,7530
208852,216388,216447,59,7536
208852,216387,216449,62,7535
208852,216387,216450,63,7535
208852,216385,216451,66,7533
208852,216394,216453,59,7542
208852,216392,216455,63,7540
208852,216392,216456,64,7540
208852,216376,216458,82,7524
208852,216394,216458,64,7542
208852,216394,216458,64,7542
208852,216394,216459,65,7542
208852,216401,216461,60,7549
208852,216391,216462,71,7539
208852,216391,216462,71,7539
208852,216398,216463,65,7546
208852,216403,216465,62,7551
209093,216409,216466,57,7316
208852,216393,216466,73,7541
209093,216409,216466,57,7316
208852,216403,216467,64,7551
208852,216402,216467,65,7550
208852,216397,216468,71,7545
208852,216401,216469,68,7549
209093,216407,216469,62,7314
209093,216406,216469,63,7313
208852,216400,216470,70,7548
209093,216410,216470,60,7317
209093,216409,216470,61,7316
209093,216409,216471,62,7316
209093,216406,216472,66,7313
209093,216410,216472,62,7317
209093,216410,216472,62,7317
209093,216415,216473,58,7322
209093,216413,216474,61,7320
209093,216417,216474,57,7324
208852,216406,216473,67,7554
209093,216414,216474,60,7321
209093,216407,216474,67,7314
208852,216405,216475,70,7553
209093,216410,216476,66,7317
208852,216405,216476,71,7553
209093,216414,216477,63,7321
209093,216411,216478,67,7318
209093,216417,216479,62,7324
209093,216411,216479,68,7318
208852,216403,216479,76,7551
209093,216417,216480,63,7324
209093,216417,216480,63,7324
209093,216412,216480,68,7319
209093,216414,216480,66,7321
209093,216415,216480,65,7322
209093,216420,216482,62,7327
209093,216418,216483,65,7325
209093,216429,216484,55,7336
209093,216413,216483,70,7320
209093,216417,216484,67,7324
209093,216418,216486,68,7325
209093,216419,216485,66,7326
209093,216420,216487,67,7327
209093,216420,216487,67,7327
209093,216432,216486,54,7339
209093,216424,216487,63,7331
209093,216421,216488,67,7328
209093,216417,216489,72,7324
209093,216421,216488,67,7328
209093,216422,216489,67,7329
209093,216433,216489,56,7340
209093,216422,216490,68,7329
209093,216427,216490,63,7334
209093,216421,216489,68,7328
209093,216427,216490,63,7334
209093,216426,216493,67,7333
209093,216431,216493,62,7338
209093,216431,216495,64,7338
209093,216437,216495,58,7344
209093,216442,216501,59,7349
209093,216444,216503,59,7351
209093,216437,216505,68,7344
209093,216444,216505,61,7351
209093,216442,216506,64,7349
209093,216449,216509,60,7356
209093,216448,216513,65,7355
209093,216451,216513,62,7358
209093,216452,216517,65,7359
209093,216454,216519,65,7361
209093,216458,216520,62,7365
209093,216459,216523,64,7366
209093,216462,216526,64,7369
209093,216456,216526,70,7363
209093,216459,216526,67,7366
209093,216461,216527,66,7368
209093,216460,216528,68,7367
209093,216462,216528,66,7369
209093,216457,216529,72,7364
209093,216466,216530,64,7373
209093,216463,216532,69,7370
209093,216466,216534,68,7373
209093,216467,216534,67,7374
209093,216466,216537,71,7373
209093,216474,216537,63,7381
209093,216471,216539,68,7378
209093,216468,216539,71,7375
209093,216469,216539,70,7376
209093,216470,216539,69,7377
209093,216474,216539,65,7381
209093,216471,216539,68,7378
209093,216470,216540,70,7377
209093,216471,216541,70,7378
209093,216474,216541,67,7381
209093,216468,216542,74,7375
209093,216471,216543,72,7378
209093,216474,216543,69,7381
209093,216470,216543,73,7377
209093,216473,216545,72,7380
209093,216473,216547,74,7380
209093,216474,216547,73,7381
209093,216476,216547,71,7383
209093,216479,216548,69,7386
209093,216473,216548,75,7380
209093,216496,216548,52,7403
209093,216475,216549,74,7382
209093,216477,216550,73,7384
209093,216476,216551,75,7383
209093,216478,216551,73,7385
209093,216480,216553,73,7387
209093,216484,216553,69,7391
209093,216479,216555,76,7386
209093,216481,216556,75,7388
209093,216480,216556,76,7387
209093,216480,216556,76,7387
209093,216481,216557,76,7388
209093,216505,216557,52,7412
209093,216489,216557,68,7396
209093,216482,216558,76,7389
209093,216483,216558,75,7390
209093,216494,216558,64,7401
209093,216486,216558,72,7393
209093,216487,216559,72,7394
209093,216506,216558,52,7413
209093,216489,216559,70,7396
209093,216477,216559,82,7384
209093,216490,216560,70,7397
209093,216488,216560,72,7395
209093,216490,216561,71,7397
209093,216488,216561,73,7395
209093,216484,216561,77,7391
209093,216489,216562,73,7396
209093,216487,216562,75,7394
209093,216501,216561,60,7408
209093,216489,216563,74,7396
209093,216481,216563,82,7388
209093,216495,216563,68,7402
209093,216490,216563,73,7397
209093,216484,216563,79,7391
209093,216504,216564,60,7411
209093,216487,216566,79,7394
209093,216486,216566,80,7393
209093,216494,216568,74,7401
209093,216507,216567,60,7414
209093,216490,216568,78,7397
209093,216514,216576,62,7421
209093,216514,216576,62,7421
209093,216510,216580,70,7417
209093,216517,216583,66,7424
209093,216520,216586,66,7427
209093,216523,216594,71,7430
209093,216519,216597,78,7426
209093,216527,216598,71,7434
209093,216526,216600,74,7433
209093,216529,216601,72,7436
209093,216526,216601,75,7433
209093,216540,216602,62,7447
209093,216528,216603,75,7435
209093,216531,216605,74,7438
209093,216530,216605,75,7437
209093,216534,216605,71,7441
209093,216533,216605,72,7440
209093,216534,216608,74,7441
209093,216529,216607,78,7436
209093,216538,216609,71,7445
209093,216541,216609,68,7448
209093,216539,216610,71,7446
209093,216545,216609,64,7452
209093,216540,216610,70,7447
209093,216539,216613,74,7446
209093,216537,216613,76,7444
209093,216547,216613,66,7454
209093,216541,216615,74,7448
209093,216547,216616,69,7454
209093,216539,216618,79,7446
209093,216542,216618,76,7449
209093,216543,216618,75,7450
209093,216543,216619,76,7450
209093,216543,216619,76,7450
209093,216549,216620,71,7456
209093,216541,216621,80,7448
209093,216549,216622,73,7456
209093,216539,216624,85,7446
209093,216547,216625,78,7454
209093,216549,216626,77,7456
209093,216549,216627,78,7456
209093,216554,216628,74,7461
209093,216551,216629,78,7458
209093,216552,216629,77,7459
209093,216558,216630,72,7465
209093,216557,216629,72,7464
209093,216557,216630,73,7464
209093,216553,216631,78,7460
209093,216557,216632,75,7464
209093,216559,216632,73,7466
209093,216558,216634,76,7465
209093,216556,216633,77,7463
209093,216559,216634,75,7466
209093,216563,216634,71,7470
209093,216552,216634,82,7459
209093,216564,216635,71,7471
209093,216562,216636,74,7469
209093,216559,216636,77,7466
209093,216559,216636,77,7466
209093,216563,216636,73,7470
209093,216560,216637,77,7467
209093,216560,216636,76,7467
209093,216567,216638,71,7474
209093,216564,216638,74,7471
209093,216562,216638,76,7469
209093,216564,216638,74,7471
209093,216562,216639,77,7469
209093,216558,216639,81,7465
209093,216562,216639,77,7469
209093,216561,216639,78,7468
209093,216569,216640,71,7476
209093,216559,216640,81,7466
209093,216567,216641,74,7474
209093,216558,216641,83,7465
209093,216559,216640,81,7466
209093,216568,216641,73,7475
209093,216562,216642,80,7469
209093,216568,216643,75,7475
209093,216562,216644,82,7469
209093,216576,216644,68,7483
209093,216564,216647,83,7471
209093,216577,216651,74,7484
209093,216581,216652,71,7488
209093,216586,216654,68,7493
209093,216584,216656,72,7491
209093,216595,216660,65,7502
209093,216602,216661,59,7509
209093,216598,216663,65,7505
209093,216601,216664,63,7508
209093,216609,216666,57,7516
209093,216608,216667,59,7515
209093,216608,216668,60,7515
209093,216606,216668,62,7513
209093,216603,216670,67,7510
209093,216606,216670,64,7513
209093,216599,216669,70,7506
209093,216603,216670,67,7510
209093,216605,216671,66,7512
209093,216609,216672,63,7516
209093,216610,216672,62,7517
209093,216601,216676,75,7508
209093,216610,216676,66,7517
209093,216614,216677,63,7521
209093,216611,216678,67,7518
209093,216606,216680,74,7513
209093,216615,216680,65,7522
209093,216618,216682,64,7525
209093,216617,216683,66,7524
209288,216622,216683,61,7334
209093,216619,216683,64,7526
209093,216613,216684,71,7520
209288,216624,216684,60,7336
209093,216619,216685,66,7526
209093,216622,216686,64,7529
209288,216629,216686,57,7341
209288,216626,216686,60,7338
209093,216620,216687,67,7527
209093,216621,216688,67,7528
209093,216614,216688,74,7521
209288,216627,216688,61,7339
209093,216619,216690,71,7526
209288,216631,216691,60,7343
209288,216636,216691,55,7348
209288,216627,216692,65,7339
209288,216632,216692,60,7344
209288,216635,216695,60,7347
209288,216638,216695,57,7350
209288,216636,216695,59,7348
209288,216630,216696,66,7342
209288,216630,216696,66,7342
209288,216633,216697,64,7345
209288,216629,216697,68,7341
209288,216634,216698,64,7346
209288,216629,216699,70,7341
209288,216635,216699,64,7347
209288,216641,216700,59,7353
209288,216634,216700,66,7346
209288,216636,216701,65,7348
209288,216638,216701,63,7350
209288,216630,216702,72,7342
209288,216639,216702,63,7351
209288,216641,216702,61,7353
209288,216639,216702,63,7351
209288,216635,216703,68,7347
209288,216639,216703,64,7351
209288,216637,216703,66,7349
209288,216642,216705,63,7354
209288,216635,216704,69,7347
209288,216641,216704,63,7353
209288,216641,216705,64,7353
209288,216641,216705,64,7353
209288,216636,216706,70,7348
209288,216645,216707,62,7357
209288,216643,216707,64,7355
209288,216639,216707,68,7351
209288,216639,216708,69,7351
209288,216637,216708,71,7349
209288,216642,216708,66,7354
209288,216644,216710,66,7356
209288,216640,216712,72,7352
209288,216647,216713,66,7359
209288,216653,216714,61,7365
209288,216655,216714,59,7367
209288,216652,216715,63,7364
209288,216661,216718,57,7373
209288,216661,216719,58,7373
209288,216657,216721,64,7369
209288,216664,216723,59,7376
209288,216665,216724,59,7377
209288,216669,216725,56,7381
209288,216666,216729,63,7378
209288,216670,216736,66,7382
209288,216669,216735,66,7381
209288,216667,216737,70,7379
209288,216670,216737,67,7382
209288,216671,216738,67,7383
209288,216671,216738,67,7383
209288,216673,216740,67,7385
209288,216677,216740,63,7389
209288,216670,216741,71,7382
209288,216677,216743,66,7389
209288,216673,216744,71,7385
209288,216679,216746,67,7391
209288,216677,216747,70,7389
209288,216680,216748,68,7392
209288,216686,216752,66,7398
209288,216684,216751,67,7396
209288,216684,216752,68,7396
209288,216681,216753,72,7393
209288,216682,216753,71,7394
209288,216685,216754,69,7397
209288,216683,216754,71,7395
209288,216687,216756,69,7399
209288,216687,216756,69,7399
209288,216687,216756,69,7399
209288,216692,216759,67,7404
209288,216686,216759,73,7398
209288,216692,216760,68,7404
209288,216688,216761,73,7400
209288,216689,216763,74,7401
209288,216697,216763,66,7409
209288,216691,216764,73,7403
209288,216695,216764,69,7407
209288,216685,216764,79,7397
209288,216720,216766,46,7432
209288,216696,216766,70,7408
209288,216697,216766,69,7409
209288,216699,216765,66,7411
209288,216692,216767,75,7404
209288,216688,216768,80,7400
209288,216703,216768,65,7415
209288,216715,216769,54,7427
209288,216699,216770,71,7411
209288,216693,216770,77,7405
209288,216696,216771,75,7408
209288,216716,216771,55,7428
209288,216698,216772,74,7410
209288,216701,216772,71,7413
209288,216698,216773,75,7410
209288,216724,216773,49,7436
209288,216724,216774,50,7436
209288,216702,216774,72,7414
209288,216704,216775,71,7416
209288,216702,216774,72,7414
209288,216708,216775,67,7420
209288,216709,216776,67,7421
209288,216705,216777,72,7417
209288,216702,216778,76,7414
209288,216706,216778,72,7418
209288,216703,216777,74,7415
209288,216701,216779,78,7413
209288,216725,216779,54,7437
209288,216709,216779,70,7421
209288,216705,216780,75,7417
209288,216711,216780,69,7423
209288,216706,216780,74,7418
209288,216706,216780,74,7418
209288,216700,216781,81,7412
209288,216699,216781,82,7411
209288,216708,216781,73,7420
209288,216703,216782,79,7415
209288,216708,216781,73,7420
209288,216719,216783,64,7431
209288,216722,216783,61,7434
209288,216705,216783,78,7417
209288,216714,216784,70,7426
209288,216713,216785,72,7425
209288,216729,216786,57,7441
209288,216708,216786,78,7420
209288,216714,216788,74,7426
209288,216704,216790,86,7416
209288,216738,216796,58,7450
209288,216737,216796,59,7449
209288,216739,216798,59,7451
209288,216736,216800,64,7448
209288,216736,216801,65,7448
209288,216738,216805,67,7450
209288,216741,216814,73,7453
209288,216740,216816,76,7452
209288,216741,216819,78,7453
209288,216745,216821,76,7457
209288,216749,216822,73,7461
209288,216748,216824,76,7460
209288,216754,216825,71,7466
209288,216746,216825,79,7458
209288,216756,216827,71,7468
209288,216753,216828,75,7465
209288,216753,216828,75,7465
209288,216744,216828,84,7456
209288,216754,216828,74,7466
209288,216752,216828,76,7464
209288,216752,216829,77,7464
209288,216761,216829,68,7473
209288,216756,216830,74,7468
209288,216762,216832,70,7474
209288,216760,216833,73,7472
209288,216755,216833,78,7467
209288,216757,216834,77,7469
209288,216759,216836,77,7471
209288,216764,216837,73,7476
209288,216766,216838,72,7478
209288,216765,216839,74,7477
209288,216766,216839,73,7478
209288,216765,216840,75,7477
209288,216766,216841,75,7478
209288,216765,216842,77,7477
209288,216768,216843,75,7480
209288,216774,216844,70,7486
209288,216766,216844,78,7478
209288,216768,216845,77,7480
209288,216769,216845,76,7481
209288,216763,216846,83,7475
209288,216773,216847,74,7485
209288,216768,216848,80,7480
209288,216771,216849,78,7483
209288,216775,216849,74,7487
209288,216772,216849,77,7484
209288,216770,216850,80,7482
209288,216772,216849,77,7484
209288,216776,216851,75,7488
209288,216772,216851,79,7484
209288,216770,216851,81,7482
209288,216780,216851,71,7492
209288,216782,216852,70,7494
209288,216781,216853,72,7493
209288,216783,216854,71,7495
209288,216775,216854,79,7487
209288,216782,216854,72,7494
209288,216775,216854,79,7487
209288,216777,216854,77,7489
209288,216781,216855,74,7493
209288,216779,216855,76,7491
209288,216778,216855,77,7490
209288,216782,216855,73,7494
209288,216775,216856,81,7487
209288,216786,216857,71,7498
209288,216782,216856,74,7494
209288,216778,216857,79,7490
209288,216781,216859,78,7493
209288,216783,216859,76,7495
209288,216785,216859,74,7497
209288,216780,216860,80,7492
209288,216774,216862,88,7486
209288,216780,216862,82,7492
209288,216778,216862,84,7490
209288,216781,216862,81,7493
209288,216786,216863,77,7498
209288,216790,216864,74,7502
209288,216796,216864,68,7508
209288,216784,216863,79,7496
209288,216786,216865,79,7498
209288,216788,216865,77,7500
209288,216802,216868,66,7514
209288,216796,216868,72,7508
209288,216799,216869,70,7511
209288,216800,216876,76,7512
209288,216805,216877,72,7517
209288,216815,216877,62,7527
209288,216826,216880,54,7538
209288,216822,216882,60,7534
209288,216826,216883,57,7538
209288,216824,216887,63,7536
209288,216820,216888,68,7532
209288,216828,216889,61,7540
209288,216830,216890,60,7542
209288,216828,216890,62,7540
209288,216829,216892,63,7541
209288,216821,216892,71,7533
209288,216817,216892,75,7529
209288,216829,216893,64,7541
209288,216828,216894,66,7540
209288,216828,216895,67,7540
209288,216834,216896,62,7546
209288,216832,216898,66,7544
209531,216843,216899,56,7312
209288,216835,216899,64,7547
209288,216830,216900,70,7542
209288,216833,216901,68,7545
209531,216845,216901,56,7314
209288,216828,216903,75,7540
209288,216837,216904,67,7549
209288,216838,216903,65,7550
209288,216839,216904,65,7551
209531,216849,216905,56,7318
209531,216848,216906,58,7317
209288,216839,216906,67,7551
209288,216840,216906,66,7552
209288,216840,216907,67,7552
209531,216846,216908,62,7315
209531,216850,216909,59,7319
209531,216850,216910,60,7319
209531,216850,216910,60,7319
209531,216852,216911,59,7321
209531,216845,216912,67,7314
209288,216843,216912,69,7555
209531,216855,216912,57,7324
209531,216855,216914,59,7324
209531,216855,216914,59,7324
209531,216846,216914,68,7315
209531,216850,216915,65,7319
209531,216847,216916,69,7316
209531,216849,216916,67,7318
209531,216852,216917,65,7321
209531,216854,216918,64,7323
209531,216855,216918,63,7324
209531,216854,216919,65,7323
209531,216852,216919,67,7321
209531,216857,216920,63,7326
209531,216853,216920,67,7322
209531,216856,216920,64,7325
209531,216856,216920,64,7325
209531,216866,216921,55,7335
209531,216856,216921,65,7325
209288,216842,216922,80,7554
209531,216857,216922,65,7326
209531,216856,216922,66,7325
209531,216858,216923,65,7327
209531,216859,216923,64,7328
209531,216852,216923,71,7321
209531,216863,216923,60,7332
209531,216857,216924,67,7326
209531,216864,216924,60,7333
209531,216863,216924,61,7332
209531,216860,216925,65,7329
209531,216864,216925,61,7333
209531,216864,216926,62,7333
209531,216863,216927,64,7332
209531,216862,216927,65,7331
209531,216869,216928,59,7338
209531,216860,216928,68,7329
209531,216862,216928,66,7331
209531,216870,216930,60,7339
209531,216865,216933,68,7334
209531,216861,216933,72,7330
209531,216868,216939,71,7337
209531,216883,216941,58,7352
209531,216877,216941,64,7346
209531,216877,216944,67,7346
209531,216881,216945,64,7350
209531,216877,216947,70,7346
209531,216888,216948,60,7357
209531,216883,216949,66,7352
209531,216891,216952,61,7360
209531,216891,216954,63,7360
209531,216889,216953,64,7358
209531,216888,216954,66,7357
209531,216892,216958,66,7361
209531,216893,216959,66,7362
209531,216896,216961,65,7365
209531,216894,216962,68,7363
209531,216895,216962,67,7364
209531,216894,216964,70,7363
209531,216896,216965,69,7365
209531,216900,216965,65,7369
209531,216900,216966,66,7369
209531,216901,216970,69,7370
209531,216901,216971,70,7370
209531,216904,216972,68,7373
209531,216907,216972,65,7376
209531,216907,216972,65,7376
209531,216898,216974,76,7367
209531,216900,216975,75,7369
209531,216905,216975,70,7374
209531,216904,216977,73,7373
209531,216904,216976,72,7373
209531,216911,216978,67,7380
209531,216903,216978,75,7372
209531,216912,216979,67,7381
209531,216911,216979,68,7380
209531,216907,216980,73,7376
209531,216908,216981,73,7377
209531,216914,216981,67,7383
209531,216906,216982,76,7375
209531,216912,216981,69,7381
209531,216911,216982,71,7380
209531,216912,216983,71,7381
209531,216934,216983,49,7403
209531,216918,216984,66,7387
209531,216915,216985,70,7384
209531,216914,216987,73,7383
209531,216940,216987,47,7409
209531,216914,216988,74,7383
209531,216918,216988,70,7387
209531,216909,216988,79,7378
209531,216916,216989,73,7385
209531,216917,216989,72,7386
209531,216946,216990,44,7415
209531,216941,216991,50,7410
209531,216920,216992,72,7389
209531,216921,216992,71,7390
209531,216941,216992,51,7410
209531,216919,216993,74,7388
209531,216922,216993,71,7391
209531,216919,216994,75,7388
209531,216923,216994,71,7392
209531,216924,216996,72,7393
209531,216918,216995,77,7387
209531,216924,216996,72,7393
209531,216924,216996,72,7393
209531,216922,216996,74,7391
209531,216924,216996,72,7393
209531,216920,216997,77,7389
209531,216928,216998,70,7397
209531,216948,216998,50,7417
209531,216920,216999,79,7389
209531,216926,216998,72,7395
209531,216933,216999,66,7402
209531,216925,217000,75,7394
209531,216925,217000,75,7394
209531,216921,217001,80,7390
209531,216931,217001,70,7400
209531,216923,217001,78,7392
209531,216926,217002,76,7395
209531,216929,217002,73,7398
209531,216923,217002,79,7392
209531,216928,217004,76,7397
209531,216922,217005,83,7391
209531,216927,217005,78,7396
209531,216948,217005,57,7417
209531,216945,217006,61,7414
209531,216929,217007,78,7398
209531,216951,217009,58,7420
209531,216955,217020,65,7424
209531,216952,217022,70,7421
209531,216954,217024,70,7423
209531,216955,217025,70,7424
209531,216959,217034,75,7428
209531,216962,217035,73,7431
209531,216962,217036,74,7431
209531,216965,217037,72,7434
209531,216959,217038,79,7428
209531,216963,217039,76,7432
209531,216966,217039,73,7435
209531,216965,217040,75,7434
209531,216971,217041,70,7440
209531,216966,217041,75,7435
209531,216971,217044,73,7440
209531,216973,217046,73,7442
209531,216973,217047,74,7442
209531,216975,217047,72,7444
209531,216973,217048,75,7442
209531,216980,217048,68,7449
209531,216981,217049,68,7450
209531,216979,217049,70,7448
209531,216977,217051,74,7446
209531,216976,217055,79,7445
209531,216984,217057,73,7453
209531,216975,217056,81,7444
209531,216980,217056,76,7449
209531,216977,217058,81,7446
209531,216987,217058,71,7456
209531,216982,217058,76,7451
209531,216982,217058,76,7451
209531,216984,217059,75,7453
209531,216980,217059,79,7449
209531,216984,217060,76,7453
209531,216983,217061,78,7452
209531,216979,217062,83,7448
209531,216990,217063,73,7459
209531,216991,217064,73,7460
209531,216990,217064,74,7459
209531,216992,217065,73,7461
209531,216982,217065,83,7451
209531,216993,217067,74,7462
209531,216987,217067,80,7456
209531,216985,217068,83,7454
209531,216995,217068,73,7464
209531,216995,217068,73,7464
209531,216989,217069,80,7458
209531,216997,217069,72,7466
209531,216996,217069,73,7465
209531,216993,217070,77,7462
209531,216989,217070,81,7458
209531,216997,217071,74,7466
209531,216993,217071,78,7462
209531,216996,217072,76,7465
209531,216993,217072,79,7462
209531,217002,217073,71,7471
209531,216993,217073,80,7462
209531,217004,217074,70,7473
209531,216996,217074,78,7465
209531,216998,217074,76,7467
209531,216998,217074,76,7467
209531,217001,217075,74,7470
209531,217001,217075,74,7470
209531,216999,217075,76,7468
209531,216999,217075,76,7468
209531,217001,217076,75,7470
209531,216997,217076,79,7466
209531,216999,217079,80,7468
209531,216999,217079,80,7468
209531,217006,217079,73,7475
209531,216989,217080,91,7458
209531,217009,217080,71,7478
209531,217002,217081,79,7471
209531,217006,217081,75,7475
209531,217007,217082,75,7476
209531,217002,217084,82,7471
209531,217002,217084,82,7471
209531,217001,217084,83,7470
209531,217006,217086,80,7475
209531,217006,217087,81,7475
209531,217022,217094,72,7491
209531,217025,217097,72,7494
209531,217037,217098,61,7506
209531,217021,217099,78,7490
209531,217038,217101,63,7507
209531,217025,217101,76,7494
209531,217040,217102,62,7509
209531,217037,217102,65,7506
209531,217042,217104,62,7511
209531,217035,217104,69,7504
209531,217039,217105,66,7508
209531,217042,217105,63,7511
209531,217049,217106,57,7518
209531,217045,217106,61,7514
209531,217049,217107,58,7518
209531,217048,217108,60,7517
209531,217049,217109,60,7518
209531,217035,217109,74,7504
209531,217047,217112,65,7516
209531,217040,217113,73,7509
209531,217047,217116,69,7516
209531,217048,217116,68,7517
209531,217059,217117,58,7528
209531,217060,217119,59,7529
209531,217052,217119,67,7521
209790,217061,217119,58,7271
209531,217057,217120,63,7526
209790,217064,217123,59,7274
209790,217065,217124,59,7275
209531,217058,217126,68,7527
209531,217060,217126,66,7529
209531,217057,217127,70,7526
209531,217056,217128,72,7525
209531,217057,217127,70,7526
209790,217065,217128,63,7275
209531,217059,217129,70,7528
209531,217059,217130,71,7528
209790,217062,217131,69,7272
209790,217067,217132,65,7277
209790,217072,217131,59,7282
209790,217065,217131,66,7275
209790,217074,217131,57,7284
209790,217071,217132,61,7281
209531,217059,217132,73,7528
209790,217073,217133,60,7283
209790,217064,217134,70,7274
209790,217068,217135,67,7278
209790,217068,217135,67,7278
209790,217070,217136,66,7280
209790,217068,217136,68,7278
209790,217071,217137,66,7281
209790,217074,217137,63,7284
209790,217069,217138,69,7279
209790,217068,217138,70,7278
209790,217076,217138,62,7286
209790,217074,217138,64,7284
209790,217075,217138,63,7285
209790,217076,217138,62,7286
209790,217074,217139,65,7284
209790,217076,217139,63,7286
209790,217076,217140,64,7286
209790,217075,217140,65,7285
209790,217069,217142,73,7279
209790,217083,217143,60,7293
209790,217084,217143,59,7294
209790,217086,217143,57,7296
209790,217081,217144,63,7291
209790,217070,217144,74,7280
209790,217081,217145,64,7291
209790,217080,217145,65,7290
209790,217080,217146,66,7290
209790,217071,217146,75,7281
209790,217081,217147,66,7291
209790,217084,217146,62,7294
209790,217085,217147,62,7295
209790,217076,217148,72,7286
209790,217080,217149,69,7290
209790,217076,217149,73,7286
209790,217087,217149,62,7297
209790,217080,217150,70,7290
209790,217094,217158,64,7304
209790,217099,217158,59,7309
209790,217102,217161,59,7312
209790,217098,217161,63,7308
209790,217102,217164,62,7312
209790,217100,217165,65,7310
209790,217103,217166,63,7313
209790,217103,217167,64,7313
209790,217106,217167,61,7316
209790,217105,217168,63,7315
209790,217107,217168,61,7317
209790,217106,217170,64,7316
209790,217105,217171,66,7315
209790,217106,217176,70,7316
209790,217107,217176,69,7317
209790,217110,217178,68,7320
209790,217109,217179,70,7319
209790,217112,217180,68,7322
209790,217113,217181,68,7323
209790,217120,217183,63,7330
209790,217109,217183,74,7319
209790,217116,217186,70,7326
209790,217117,217188,71,7327
209790,217116,217187,71,7326
209790,217120,217188,68,7330
209790,217120,217188,68,7330
209790,217123,217190,67,7333
209790,217127,217191,64,7337
209790,217127,217193,66,7337
209790,217120,217195,75,7330
209790,217125,217195,70,7335
209790,217130,217197,67,7340
209790,217127,217197,70,7337
209790,217128,217197,69,7338
209790,217132,217197,65,7342
209790,217132,217198,66,7342
209790,217128,217198,70,7338
209790,217132,217201,69,7342
209790,217132,217202,70,7342
209790,217131,217203,72,7341
209790,217133,217204,71,7343
209790,217133,217204,71,7343
209790,217130,217204,74,7340
209790,217134,217205,71,7344
209790,217137,217205,68,7347
209790,217136,217206,70,7346
209790,217138,217207,69,7348
209790,217138,217208,70,7348
209790,217138,217208,70,7348
209790,217138,217208,70,7348
209790,217138,217209,71,7348
209790,217136,217209,73,7346
209790,217128,217210,82,7338
209790,217143,217211,68,7353
209790,217159,217212,53,7369
209790,217165,217211,46,7375
209790,217133,217212,79,7343
209790,217136,217212,76,7346
209790,217144,217214,70,7354
209790,217137,217213,76,7347
209790,217139,217214,75,7349
209790,217165,217214,49,7375
209790,217147,217214,67,7357
209790,217162,217215,53,7372
209790,217140,217215,75,7350
209790,217141,217216,75,7351
209790,217140,217217,77,7350
209790,217146,217217,71,7356
209790,217151,217217,66,7361
209790,217138,217217,79,7348
209790,217145,217217,72,7355
209790,217158,217217,59,7368
209790,217139,217218,79,7349
209790,217149,217218,69,7359
209790,217166,217218,52,7376
209790,217147,217220,73,7357
209790,217146,217220,74,7356
209790,217143,217221,78,7353
209790,217144,217221,77,7354
209790,217150,217221,71,7360
209790,217145,217221,76,7355
209790,217145,217221,76,7355
209790,217168,217222,54,7378
209790,217147,217222,75,7357
209790,217170,217223,53,7380
209790,217161,217226,65,7371
209790,217168,217226,58,7378
209790,217171,217227,56,7381
209790,217148,217229,81,7358
209790,217149,217229,80,7359
209790,217147,217231,84,7357
209790,217169,217235,66,7379
209790,217168,217237,69,7378
209790,217179,217245,66,7389
209790,217176,217246,70,7386
209790,217176,217252,76,7386
209790,217179,217253,74,7389
209790,217183,217258,75,7393
209790,217188,217258,70,7398
209790,217181,217260,79,7391
209790,217182,217260,78,7392
209790,217184,217259,75,7394
209790,217189,217260,71,7399
209790,217188,217260,72,7398
209790,217186,217260,74,7396
209790,217191,217261,70,7401
209790,217188,217263,75,7398
209790,217195,217267,72,7405
209790,217202,217268,66,7412
209790,217191,217270,79,7401
209790,217197,217270,73,7407
209790,217197,217272,75,7407
209790,217195,217273,78,7405
209790,217199,217274,75,7409
209790,217194,217275,81,7404
209790,217197,217275,78,7407
209790,217204,217276,72,7414
209790,217199,217279,80,7409
209790,217204,217279,75,7414
209790,217201,217280,79,7411
209790,217206,217280,74,7416
209790,217212,217281,69,7422
209790,217210,217281,71,7420
209790,217209,217283,74,7419
209790,217206,217283,77,7416
209790,217197,217285,88,7407
209790,217208,217284,76,7418
209790,217213,217285,72,7423
209790,217204,217285,81,7414
209790,217215,217287,72,7425
209790,217215,217286,71,7425
209790,217210,217287,77,7420
209790,217205,217287,82,7415
209790,217213,217289,76,7423
209790,217212,217289,77,7422
209790,217207,217289,82,7417
209790,217212,217290,78,7422
209790,217215,217289,74,7425
209790,217207,217290,83,7417
209790,217215,217291,76,7425
209790,217214,217292,78,7424
209790,217217,217291,74,7427
209790,217221,217292,71,7431
209790,217209,217292,83,7419
209790,217218,217293,75,7428
209790,217223,217293,70,7433
209790,217230,217293,63,7440
209790,217210,217294,84,7420
209790,217218,217293,75,7428
209790,217223,217293,70,7433
209790,217221,217294,73,7431
209790,217214,217294,80,7424
209790,217221,217294,73,7431
209790,217214,217294,80,7424
209790,217219,217295,76,7429
209790,217217,217295,78,7427
209790,217219,217295,76,7429
209790,217216,217295,79,7426
209790,217219,217296,77,7429
209790,217220,217298,78,7430
209790,217230,217299,69,7440
209790,217221,217299,78,7431
209790,217217,217299,82,7427
209790,217219,217300,81,7429
209790,217224,217302,78,7434
209790,217227,217301,74,7437
209790,217228,217302,74,7438
209790,217221,217302,81,7431
209790,217222,217304,82,7432
209790,217227,217304,77,7437
209790,217238,217307,69,7448
209790,217235,217307,72,7445
209790,217232,217309,77,7442
209790,217245,217312,67,7455
209790,217259,217315,56,7469
209790,217259,217318,59,7469
209790,217247,217318,71,7457
209790,217254,217319,65,7464
209790,217253,217320,67,7463
209790,217261,217324,63,7471
209790,217260,217324,64,7470
209790,217261,217325,64,7471
209790,217260,217325,65,7470
209790,217260,217327,67,7470
209790,217260,217331,71,7470
209790,217261,217331,70,7471
209790,217270,217332,62,7480
209790,217273,217333,60,7483
209790,217277,217334,57,7487
209790,217268,217335,67,7478
209790,217269,217338,69,7479
209790,217275,217338,63,7485
209790,217264,217338,74,7474
209790,217271,217339,68,7481
209790,217274,217340,66,7484
209993,217286,217341,55,7293
209993,217285,217342,57,7292
209993,217290,217344,54,7297
209993,217285,217344,59,7292
209790,217284,217345,61,7494
209790,217276,217346,70,7486
209993,217289,217346,57,7296
209790,217281,217346,65,7491
209993,217286,217347,61,7293
209993,217287,217346,59,7294
209790,217276,217346,70,7486
209790,217280,217347,67,7490
209993,217288,217348,60,7295
209790,217279,217349,70,7489
209993,217290,217349,59,7297
209993,217287,217349,62,7294
209993,217293,217350,57,7300
209993,217292,217350,58,7299
209993,217284,217351,67,7291
209993,217293,217350,57,7300
209993,217290,217351,61,7297
209790,217281,217352,71,7491
209993,217290,217352,62,7297
209790,217281,217354,73,7491
209993,217287,217354,67,7294
209993,217293,217356,63,7300
209790,217282,217356,74,7492
209993,217292,217356,64,7299
209993,217295,217357,62,7302
209993,217295,217358,63,7302
209993,217295,217359,64,7302
209993,217294,217359,65,7301
209993,217294,217359,65,7301
209993,217294,217360,66,7301
209993,217292,217360,68,7299
209993,217292,217361,69,7299
209993,217294,217361,67,7301
209993,217295,217361,66,7302
209993,217292,217363,71,7299
209993,217296,217363,67,7303
209993,217295,217363,68,7302
209993,217299,217364,65,7306
209993,217302,217364,62,7309
209993,217303,217365,62,7310
209993,217304,217365,61,7311
209993,217304,217366,62,7311
209993,217295,217366,71,7302
209993,217300,217367,67,7307
209993,217302,217367,65,7309
209993,217300,217367,67,7307
209993,217307,217368,61,7314
209993,217302,217368,66,7309
209993,217307,217368,61,7314
209993,217300,217369,69,7307
209993,217299,217370,71,7306
209993,217290,217370,80,7297
209993,217309,217372,63,7316
209993,217313,217376,63,7320
209993,217297,217377,80,7304
209993,217315,217377,62,7322
209993,217318,217378,60,7325
209993,217321,217383,62,7328
209993,217325,217385,60,7332
209993,217320,217387,67,7327
209993,217325,217387,62,7332
209993,217318,217389,71,7325
209993,217325,217392,67,7332
209993,217332,217398,66,7339
209993,217328,217398,70,7335
209993,217332,217399,67,7339
209993,217333,217399,66,7340
209993,217326,217400,74,7333
209993,217335,217401,66,7342
209993,217332,217401,69,7339
209993,217334,217405,71,7341
209993,217340,217407,67,7347
209993,217338,217406,68,7345
209993,217342,217407,65,7349
209993,217339,217412,73,7346
209993,217346,217411,65,7353
209993,217342,217411,69,7349
209993,217347,217411,64,7354
209993,217344,217413,69,7351
209993,217345,217413,68,7352
209993,217347,217416,69,7354
209993,217339,217417,78,7346
209993,217339,217417,78,7346
209993,217351,217417,66,7358
209993,217348,217418,70,7355
209993,217347,217419,72,7354
209993,217349,217419,70,7356
209993,217350,217419,69,7357
209993,217344,217419,75,7351
209993,217350,217420,70,7357
209993,217349,217421,72,7356
209993,217347,217422,75,7354
209993,217354,217423,69,7361
209993,217376,217423,47,7383
209993,217379,217424,45,7386
209993,217356,217424,68,7363
209993,217378,217424,46,7385
209993,217353,217425,72,7360
209993,217347,217425,78,7354
209993,217352,217427,75,7359
209993,217357,217426,69,7364
209993,217350,217427,77,7357
209993,217353,217427,74,7360
209993,217351,217429,78,7358
209993,217351,217429,78,7358
209993,217378,217429,51,7385
209993,217356,217431,75,7363
209993,217363,217430,67,7370
209993,217355,217431,76,7362
209993,217360,217431,71,7367
209993,217360,217432,72,7367
209993,217360,217432,72,7367
209993,217362,217432,70,7369
209993,217373,217433,60,7380
209993,217371,217434,63,7378
209993,217384,217433,49,7391
209993,217359,217436,77,7366
209993,217366,217436,70,7373
209993,217367,217436,69,7374
209993,217362,217436,74,7369
209993,217363,217436,73,7370
209993,217359,217437,78,7366
209993,217371,217437,66,7378
209993,217357,217439,82,7364
209993,217366,217440,74,7373
209993,217369,217440,71,7376
209993,217364,217441,77,7371
209993,217386,217440,54,7393
209993,217369,217441,72,7376
209993,217361,217442,81,7368
209993,217364,217442,78,7371
209993,217387,217441,54,7394
209993,217367,217442,75,7374
209993,217368,217442,74,7375
209993,217369,217443,74,7376
209993,217368,217443,75,7375
209993,217361,217444,83,7368
209993,217368,217445,77,7375
209993,217365,217444,79,7372
209993,217389,217447,58,7396
209993,217387,217449,62,7394
209993,217369,217450,81,7376
209993,217399,217458,59,7406
209993,217393,217461,68,7400
209993,217399,217466,67,7406
209993,217400,217468,68,7407
209993,217399,217474,75,7406
209993,217402,217474,72,7409
209993,217402,217476,74,7409
209993,217407,217476,69,7414
209993,217400,217478,78,7407
209993,217407,217483,76,7414
209993,217412,217486,74,7419
209993,217412,217486,74,7419
209993,217406,217487,81,7413
209993,217407,217487,80,7414
209993,217412,217488,76,7419
209993,217417,217489,72,7424
209993,217413,217489,76,7420
209993,217414,217490,76,7421
209993,217418,217490,72,7425
209993,217412,217490,78,7419
209993,217420,217491,71,7427
209993,217416,217492,76,7423
209993,217417,217493,76,7424
209993,217421,217493,72,7428
209993,217420,217494,74,7427
209993,217420,217494,74,7427
209993,217419,217495,76,7426
209993,217429,217499,70,7436
209993,217425,217500,75,7432
209993,217424,217500,76,7431
209993,217424,217503,79,7431
209993,217436,217503,67,7443
209993,217417,217503,86,7424
209993,217424,217503,79,7431
209993,217432,217504,72,7439
209993,217420,217505,85,7427
209993,217426,217504,78,7433
209993,217430,217506,76,7437
209993,217426,217506,80,7433
209993,217434,217507,73,7441
209993,217431,217507,76,7438
209993,217422,217507,85,7429
209993,217427,217507,80,7434
209993,217427,217508,81,7434
209993,217424,217509,85,7431
209993,217429,217509,80,7436
209993,217442,217511,69,7449
209993,217428,217511,83,7435
209993,217445,217511,66,7452
209993,217433,217511,78,7440
209993,217431,217512,81,7438
209993,217434,217513,79,7441
209993,217431,217513,82,7438
209993,217434,217513,79,7441
209993,217442,217514,72,7449
209993,217441,217514,73,7448
209993,217436,217515,79,7443
209993,217442,217515,73,7449
209993,217436,217515,79,7443
209993,217437,217515,78,7444
209993,217431,217516,85,7438
209993,217437,217516,79,7444
209993,217441,217516,75,7448
209993,217433,217517,84,7440
209993,217428,217517,89,7435
209993,217443,217518,75,7450
209993,217441,217518,77,7448
209993,217441,217518,77,7448
209993,217441,217518,77,7448
209993,217443,217520,77,7450
209993,217440,217520,80,7447
209993,217436,217520,84,7443
209993,217445,217520,75,7452
209993,217438,217521,83,7445
209993,217447,217521,74,7454
209993,217445,217522,77,7452
209993,217442,217522,80,7449
209993,217458,217522,64,7465
209993,217443,217524,81,7450
209993,217450,217524,74,7457
209993,217450,217527,77,7457
209993,217466,217534,68,7473
209993,217469,217536,67,7476
209993,217476,217540,64,7483
209993,217479,217542,63,7486
209993,217475,217543,68,7482
209993,217477,217543,66,7484
209993,217486,217546,60,7493
209993,217486,217546,60,7493
209993,217487,217547,60,7494
209993,217462,217548,86,7469
209993,217474,217549,75,7481
209993,217495,217551,56,7502
209993,217487,217552,65,7494
209993,217492,217554,62,7499
209993,217490,217553,63,7497
209993,217483,217555,72,7490
209993,217491,217555,64,7498
209993,217488,217555,67,7495
209993,217494,217555,61,7501
209993,217494,217555,61,7501
209993,217490,217556,66,7497
209993,217494,217559,65,7501
209993,217501,217560,59,7508
209993,217490,217562,72,7497
209993,217501,217562,61,7508
210237,217504,217562,58,7267
209993,217495,217563,68,7502
209993,217491,217563,72,7498
209993,217492,217565,73,7499
209993,217504,217567,63,7511
210237,217509,217569,60,7272
209993,217504,217569,65,7511
210237,217505,217569,64,7268
210237,217508,217571,63,7271
210237,217514,217573,59,7277
209993,217500,217572,72,7507
210237,217507,217573,66,7270
210237,217510,217575,65,7273
210237,217505,217576,71,7268
210237,217514,217577,63,7277
209993,217504,217576,72,7511
210237,217507,217577,70,7270
210237,217523,217576,53,7286
210237,217505,217577,72,7268
210237,217516,217578,62,7279
210237,217507,217577,70,7270
210237,217512,217578,66,7275
210237,217513,217578,65,7276
210237,217516,217580,64,7279
210237,217508,217580,72,7271
210237,217517,217581,64,7280
210237,217523,217581,58,7286
210237,217509,217581,72,7272
210237,217514,217581,67,7277
210237,217516,217581,65,7279
210237,217515,217582,67,7278
210237,217508,217582,74,7271
210237,217522,217583,61,7285
210237,217518,217583,65,7281
210237,217517,217582,65,7280
210237,217516,217583,67,7279
210237,217517,217583,66,7280
210237,217513,217584,71,7276
210237,217525,217584,59,7288
210237,217512,217584,72,7275
210237,217512,217585,73,7275
210237,217518,217586,68,7281
210237,217522,217586,64,7285
210237,217511,217587,76,7274
210237,217523,217586,63,7286
210237,217519,217588,69,7282
210237,217524,217587,63,7287
210237,217521,217587,66,7284
210237,217528,217589,61,7291
210237,217519,217590,71,7282
210237,217520,217590,70,7283
210237,217521,217590,69,7284
210237,217519,217592,73,7282
210237,217536,217592,56,7299
210237,217519,217592,73,7282
210237,217521,217592,71,7284
210237,217543,217603,60,7306
210237,217535,217604,69,7298
210237,217540,217607,67,7303
210237,217544,217609,65,7307
210237,217548,217611,63,7311
210237,217547,217612,65,7310
210237,217544,217613,69,7307
210237,217549,217615,66,7312
210237,217549,217619,70,7312
210237,217556,217621,65,7319
210237,217547,217622,75,7310
210237,217551,217622,71,7314
210237,217554,217623,69,7317
210237,217555,217624,69,7318
210237,217553,217625,72,7316
210237,217556,217626,70,7319
210237,217554,217626,72,7317
210237,217556,217626,70,7319
210237,217561,217626,65,7324
210237,217555,217627,72,7318
210237,217556,217628,72,7319
210237,217562,217627,65,7325
210237,217563,217628,65,7326
210237,217562,217630,68,7325
210237,217559,217633,74,7322
210237,217563,217634,71,7326
210237,217570,217635,65,7333
210237,217567,217636,69,7330
210237,217563,217637,74,7326
210237,217593,217638,45,7356
210237,217572,217641,69,7335
210237,217573,217641,68,7336
210237,217577,217641,64,7340
210237,217577,217642,65,7340
210237,217569,217642,73,7332
210237,217573,217643,70,7336
210237,217577,217645,68,7340
210237,217574,217645,71,7337
210237,217569,217645,76,7332
210237,217581,217647,66,7344
210237,217593,217648,55,7356
210237,217566,217649,83,7329
210237,217579,217650,71,7342
210237,217577,217649,72,7340
210237,217578,217649,71,7341
210237,217582,217650,68,7345
210237,217582,217650,68,7345
210237,217578,217651,73,7341
210237,217580,217652,72,7343
210237,217593,217653,60,7356
210237,217585,217653,68,7348
210237,217583,217654,71,7346
210237,217592,217654,62,7355
210237,217607,217655,48,7370
210237,217584,217654,70,7347
210237,217575,217654,79,7338
210237,217581,217654,73,7344
210237,217582,217655,73,7345
210237,217583,217655,72,7346
210237,217603,217656,53,7366
210237,217578,217655,77,7341
210237,217586,217656,70,7349
210237,217577,217657,80,7340
210237,217577,217657,80,7340
210237,217585,217657,72,7348
210237,217580,217658,78,7343
210237,217581,217659,78,7344
210237,217584,217659,75,7347
210237,217588,217659,71,7351
210237,217587,217659,72,7350
210237,217587,217660,73,7350
210237,217581,217661,80,7344
210237,217605,217661,56,7368
210237,217583,217661,78,7346
210237,217611,217661,50,7374
210237,217610,217661,51,7373
210237,217591,217663,72,7354
210237,217587,217662,75,7350
210237,217588,217663,75,7351
210237,217591,217664,73,7354
210237,217614,217664,50,7377
210237,217584,217666,82,7347
210237,217613,217666,53,7376
210237,217586,217668,82,7349
210237,217588,217669,81,7351
210237,217591,217671,80,7354
210237,217590,217678,88,7353
210237,217623,217681,58,7386
210237,217615,217685,70,7378
210237,217621,217686,65,7384
210237,217620,217687,67,7383
210237,217622,217689,67,7385
210237,217626,217693,67,7389
210237,217627,217698,71,7390
210237,217626,217698,72,7389
210237,217624,217699,75,7387
210237,217624,217700,76,7387
210237,217629,217702,73,7392
210237,217627,217703,76,7390
210237,217627,217704,77,7390
210237,217628,217705,77,7391
210237,217629,217704,75,7392
210237,217631,217706,75,7394
210237,217635,217707,72,7398
210237,217628,217707,79,7391
210237,217634,217712,78,7397
210237,217643,217712,69,7406
210237,217637,217712,75,7400
210237,217635,217715,80,7398
210237,217642,217715,73,7405
210237,217642,217714,72,7405
210237,217643,217717,74,7406
210237,217650,217718,68,7413
210237,217645,217719,74,7408
210237,217642,217720,78,7405
210237,217639,217720,81,7402
210237,217642,217721,79,7405
210237,217648,217722,74,7411
210237,217637,217722,85,7400
210237,217660,217723,63,7423
210237,217645,217723,78,7408
210237,217648,217724,76,7411
210237,217646,217724,78,7409
210237,217656,217727,71,7419
210237,217651,217727,76,7414
210237,217655,217727,72,7418
210237,217654,217728,74,7417
210237,217652,217729,77,7415
210237,217651,217729,78,7414
210237,217655,217730,75,7418
210237,217655,217731,76,7418
210237,217650,217731,81,7413
210237,217655,217731,76,7418
210237,217656,217731,75,7419
210237,217660,217731,71,7423
210237,217655,217732,77,7418
210237,217650,217732,82,7413
210237,217661,217733,72,7424
210237,217658,217734,76,7421
210237,217662,217734,72,7425
210237,217656,217733,77,7419
210237,217655,217734,79,7418
210237,217663,217734,71,7426
210237,217661,217735,74,7424
210237,217656,217735,79,7419
210237,217662,217735,73,7425
210237,217658,217736,78,7421
210237,217659,217737,78,7422
210237,217650,217736,86,7413
210237,217659,217737,78,7422
210237,217656,217737,81,7419
210237,217660,217738,78,7423
210237,217653,217738,85,7416
210237,217658,217738,80,7421
210237,217661,217737,76,7424
210237,217663,217738,75,7426
210237,217671,217739,68,7434
210237,217670,217741,71,7433
210237,217678,217741,63,7441
210237,217667,217741,74,7430
210237,217654,217741,87,7417
210237,217665,217741,76,7428
210237,217666,217742,76,7429
210237,217664,217743,79,7427
210237,217668,217743,75,7431
210237,217665,217743,78,7428
210237,217662,217744,82,7425
210237,217682,217754,72,7445
210237,217685,217754,69,7448
210237,217701,217762,61,7464
210237,217690,217762,72,7453
210237,217687,217764,77,7450
210237,217704,217764,60,7467
210237,217688,217765,77,7451
210237,217693,217766,73,7456
210237,217699,217766,67,7462
210237,217705,217768,63,7468
210237,217705,217768,63,7468
210237,217699,217769,70,7462
210237,217703,217770,67,7466
210237,217708,217771,63,7471
210237,217698,217772,74,7461
210237,217705,217773,68,7468
210237,217712,217774,62,7475
210237,217706,217776,70,7469
210237,217720,217776,56,7483
210237,217712,217777,65,7475
210237,217717,217777,60,7480
210237,217712,217779,67,7475
210237,217720,217782,62,7483
210488,217728,217782,54,7240
210237,217715,217783,68,7478
210237,217715,217783,68,7478
210237,217718,217784,66,7481
210237,217722,217786,64,7485
210237,217723,217788,65,7486
210237,217708,217787,79,7471
210488,217729,217787,58,7241
210488,217724,217788,64,7236
210488,217724,217790,66,7236
210488,217732,217789,57,7244
210237,217722,217790,68,7485
210237,217720,217791,71,7483
210488,217732,217791,59,7244
210237,217723,217792,69,7486
210488,217735,217793,58,7247
210488,217735,217795,60,7247
210488,217734,217794,60,7246
210488,217727,217795,68,7239
210237,217715,217795,80,7478
210237,217721,217796,75,7484
210488,217731,217796,65,7243
210488,217731,217797,66,7243
210488,217732,217797,65,7244
210488,217727,217797,70,7239
210488,217743,217798,55,7255
210488,217741,217799,58,7253
210488,217737,217798,61,7249
210488,217735,217800,65,7247
210488,217728,217799,71,7240
210488,217741,217801,60,7253
210488,217736,217801,65,7248
210488,217732,217801,69,7244
210488,217733,217802,69,7245
210488,217738,217802,64,7250
210488,217738,217802,64,7250
210488,217730,217802,72,7242
210488,217737,217802,65,7249
210488,217741,217803,62,7253
210488,217744,217803,59,7256
210488,217735,217803,68,7247
210488,217743,217804,61,7255
210488,217741,217804,63,7253
210488,217735,217805,70,7247
210488,217738,217805,67,7250
210488,217734,217805,71,7246
210488,217737,217805,68,7249
210488,217745,217806,61,7257
210488,217737,217807,70,7249
210488,217729,217807,78,7241
210488,217738,217807,69,7250
210488,217740,217808,68,7252
210488,217731,217808,77,7243
210488,217738,217809,71,7250
210488,217742,217812,70,7254
210488,217739,217812,73,7251
210488,217755,217815,60,7267
210488,217741,217815,74,7253
210488,217763,217820,57,7275
210488,217755,217821,66,7267
210488,217765,217825,60,7277
210488,217762,217827,65,7274
210488,217765,217827,62,7277
210488,217767,217828,61,7279
210488,217766,217831,65,7278
210488,217769,217832,63,7281
210488,217769,217835,66,7281
210488,217771,217835,64,7283
210488,217771,217836,65,7283
210488,217767,217838,71,7279
210488,217770,217839,69,7282
210488,217773,217839,66,7285
210488,217777,217839,62,7289
210488,217775,217841,66,7287
210488,217778,217842,64,7290
210488,217773,217844,71,7285
210488,217778,217845,67,7290
210488,217782,217849,67,7294
210488,217777,217850,73,7289
210488,217784,217850,66,7296
210488,217783,217851,68,7295
210488,217783,217852,69,7295
210488,217784,217852,68,7296
210488,217780,217854,74,7292
210488,217788,217855,67,7300
210488,217789,217856,67,7301
210488,217793,217857,64,7305
210488,217786,217858,72,7298
210488,217788,217859,71,7300
210488,217796,217861,65,7308
210488,217794,217862,68,7306
210488,217788,217862,74,7300
210488,217792,217862,70,7304
210488,217791,217863,72,7303
210488,217797,217864,67,7309
210488,217792,217864,72,7304
210488,217796,217865,69,7308
210488,217790,217867,77,7302
210488,217798,217867,69,7310
210488,217795,217867,72,7307
210488,217790,217868,78,7302
210488,217799,217868,69,7311
210488,217800,217869,69,7312
210488,217799,217869,70,7311
210488,217798,217869,71,7310
210488,217799,217869,70,7311
210488,217802,217870,68,7314
210488,217800,217871,71,7312
210488,217829,217873,44,7341
210488,217795,217873,78,7307
210488,217802,217873,71,7314
210488,217806,217874,68,7318
210488,217816,217873,57,7328
210488,217802,217874,72,7314
210488,217821,217874,53,7333
210488,217796,217875,79,7308
210488,217805,217875,70,7317
210488,217798,217875,77,7310
210488,217803,217875,72,7315
210488,217806,217876,70,7318
210488,217803,217875,72,7315
210488,217803,217876,73,7315
210488,217827,217875,48,7339
210488,217820,217877,57,7332
210488,217802,217878,76,7314
210488,217804,217878,74,7316
210488,217807,217879,72,7319
210488,217805,217879,74,7317
210488,217804,217879,75,7316
210488,217804,217880,76,7316
210488,217806,217880,74,7318
210488,217803,217880,77,7315
210488,217827,217880,53,7339
210488,217815,217880,65,7327
210488,217832,217880,48,7344
210488,217808,217881,73,7320
210488,217808,217882,74,7320
210488,217808,217881,73,7320
210488,217807,217882,75,7319
210488,217810,217882,72,7322
210488,217835,217884,49,7347
210488,217826,217885,59,7338
210488,217805,217886,81,7317
210488,217833,217886,53,7345
210488,217809,217887,78,7321
210488,217813,217889,76,7325
210488,217813,217890,77,7325
210488,217838,217900,62,7350
210488,217836,217900,64,7348
210488,217836,217902,66,7348
210488,217839,217907,68,7351
210488,217840,217908,68,7352
210488,217840,217914,74,7352
210488,217845,217916,71,7357
210488,217841,217917,76,7353
210488,217846,217920,74,7358
210488,217842,217921,79,7354
210488,217850,217925,75,7362
210488,217850,217926,76,7362
210488,217853,217926,73,7365
210488,217852,217926,74,7364
210488,217851,217927,76,7363
210488,217851,217928,77,7363
210488,217859,217929,70,7371
210488,217861,217932,71,7373
210488,217859,217931,72,7371
210488,217854,217933,79,7366
210488,217864,217934,70,7376
210488,217855,217934,79,7367
210488,217863,217934,71,7375
210488,217862,217935,73,7374
210488,217864,217936,72,7376
210488,217858,217937,79,7370
210488,217865,217938,73,7377
210488,217865,217937,72,7377
210488,217856,217938,82,7368
210488,217867,217942,75,7379
210488,217869,217943,74,7381
210488,217868,217946,78,7380
210488,217876,217945,69,7388
210488,217871,217946,75,7383
210488,217867,217946,79,7379
210488,217871,217946,75,7383
210488,217874,217948,74,7386
210488,217875,217948,73,7387
210488,217869,217948,79,7381
210488,217875,217949,74,7387
210488,217863,217949,86,7375
210488,217874,217949,75,7386
210488,217869,217950,81,7381
210488,217876,217949,73,7388
210488,217867,217950,83,7379
210488,217869,217951,82,7381
210488,217873,217951,78,7385
210488,217875,217952,77,7387
210488,217880,217952,72,7392
210488,217880,217951,71,7392
210488,217880,217952,72,7392
210488,217874,217952,78,7386
210488,217881,217952,71,7393
210488,217875,217953,78,7387
210488,217876,217953,77,7388
210488,217873,217954,81,7385
210488,217881,217954,73,7393
210488,217881,217955,74,7393
210488,217882,217956,74,7394
210488,217868,217955,87,7380
210488,217875,217956,81,7387
210488,217880,217955,75,7392
210488,217880,217957,77,7392
210488,217881,217956,75,7393
210488,217880,217957,77,7392
210488,217878,217956,78,7390
210488,217884,217956,72,7396
210488,217887,217958,71,7399
210488,217883,217958,75,7395
210488,217888,217958,70,7400
210488,217874,217958,84,7386
210488,217886,217959,73,7398
210488,217877,217959,82,7389
210488,217877,217960,83,7389
210488,217883,217961,78,7395
210488,217879,217963,84,7391
210488,217882,217963,81,7394
210488,217887,217963,76,7399
210488,217891,217968,77,7403
210488,217903,217967,64,7415
210488,217901,217968,67,7413
210488,217890,217968,78,7402
210488,217901,217973,72,7413
210488,217918,217979,61,7430
210488,217922,217984,62,7434
210488,217917,217985,68,7429
210488,217921,217984,63,7433
210488,217909,217985,76,7421
210488,217908,217988,80,7420
210488,217925,217988,63,7437
210488,217928,217988,60,7440
210488,217927,217989,62,7439
210488,217914,217989,75,7426
210488,217927,217989,62,7439
210488,217927,217991,64,7439
210488,217932,217991,59,7444
210488,217929,217994,65,7441
210488,217929,217995,66,7441
210488,217932,217995,63,7444
210488,217938,217996,58,7450
210488,217937,217998,61,7449
210488,217934,217999,65,7446
210488,217935,218000,65,7447
210488,217938,218001,63,7450
210488,217936,218002,66,7448
210488,217934,218002,68,7446
210488,217938,218003,65,7450
210488,217946,218004,58,7458
210488,217943,218004,61,7455
210683,217946,218004,58,7263
210683,217951,218005,54,7268
210488,217942,218005,63,7454
210488,217946,218007,61,7458
210683,217952,218007,55,7269
210488,217935,218008,73,7447
210683,217949,218011,62,7266
210683,217950,218012,62,7267
210683,217950,218012,62,7267
210683,217955,218012,57,7272
210683,217950,218013,63,7267
210683,217950,218013,63,7267
210683,217949,218013,64,7266
210683,217950,218013,63,7267
210488,217939,218013,74,7451
210488,217946,218014,68,7458
210683,217946,218015,69,7263
210683,217951,218015,64,7268
210683,217948,218015,67,7265
210683,217956,218016,60,7273
210683,217952,218016,64,7269
210683,217954,218018,64,7271
210683,217954,218018,64,7271
210683,217952,218018,66,7269
210683,217956,218018,62,7273
210683,217952,218019,67,7269
210683,217953,218020,67,7270
210683,217955,218020,65,7272
210683,217957,218021,64,7274
210683,217953,218021,68,7270
210683,217957,218021,64,7274
210683,217952,218022,70,7269
210683,217956,218022,66,7273
210683,217954,218023,69,7271
210683,217957,218023,66,7274
210683,217960,218023,63,7277
210683,217959,218023,64,7276
210683,217969,218024,55,7286
210683,217957,218024,67,7274
210683,217969,218025,56,7286
210683,217968,218026,58,7285
210683,217957,218027,70,7274
210683,217968,218028,60,7285
210683,217961,218028,67,7278
210683,217964,218028,64,7281
210683,217956,218029,73,7273
210683,217964,218030,66,7281
210683,217958,218030,72,7275
210683,217958,218030,72,7275
210683,217959,218030,71,7276
210683,217958,218034,76,7275
210683,217963,218034,71,7280
210683,217973,218034,61,7290
210683,217959,218035,76,7276
210683,217979,218037,58,7296
210683,217984,218042,58,7301
210683,217985,218044,59,7302
210683,217988,218047,59,7305
210683,217985,218048,63,7302
210683,217985,218048,63,7302
210683,217989,218051,62,7306
210683,217989,218054,65,7306
210683,217989,218058,69,7306
210683,217989,218059,70,7306
210683,217994,218059,65,7311
210683,217991,218060,69,7308
210683,217997,218060,63,7314
210683,217990,218061,71,7307
210683,217991,218061,70,7308
210683,218000,218067,67,7317
210683,217996,218066,70,7313
210683,218002,218066,64,7319
210683,217999,218067,68,7316
210683,217995,218068,73,7312
210683,218003,218069,66,7320
210683,218002,218070,68,7319
210683,217998,218071,73,7315
210683,218004,218073,69,7321
210683,218005,218075,70,7322
210683,218012,218076,64,7329
210683,218004,218076,72,7321
210683,218007,218077,70,7324
210683,218002,218077,75,7319
210683,218008,218079,71,7325
210683,218004,218078,74,7321
210683,218008,218078,70,7325
210683,218013,218080,67,7330
210683,218013,218080,67,7330
210683,218015,218082,67,7332
210683,218014,218083,69,7331
210683,218005,218084,79,7322
210683,218035,218085,50,7352
210683,218014,218085,71,7331
210683,218012,218085,73,7329
210683,218012,218085,73,7329
210683,218016,218086,70,7333
210683,218013,218086,73,7330
210683,218013,218088,75,7330
210683,218036,218088,52,7353
210683,218018,218089,71,7335
210683,218014,218089,75,7331
210683,218021,218090,69,7338
210683,218038,218091,53,7355
210683,218020,218091,71,7337
210683,218017,218091,74,7334
210683,218021,218093,72,7338
210683,218023,218093,70,7340
210683,218024,218094,70,7341
210683,218025,218093,68,7342
210683,218019,218094,75,7336
210683,218024,218094,70,7341
210683,218024,218094,70,7341
210683,218016,218094,78,7333
210683,218042,218095,53,7359
210683,218018,218095,77,7335
210683,218022,218095,73,7339
210683,218029,218096,67,7346
210683,218019,218096,77,7336
210683,218024,218096,72,7341
210683,218021,218097,76,7338
210683,218035,218097,62,7352
210683,218021,218098,77,7338
210683,218016,218097,81,7333
210683,218035,218099,64,7352
210683,218021,218099,78,7338
210683,218029,218100,71,7346
210683,218031,218100,69,7348
210683,218047,218100,53,7364
210683,218044,218100,56,7361
210683,218030,218100,70,7347
210683,218028,218100,72,7345
210683,218025,218101,76,7342
210683,218023,218102,79,7340
210683,218027,218102,75,7344
210683,218030,218104,74,7347
210683,218031,218107,76,7348
210683,218049,218106,57,7366
210683,218029,218106,77,7346
210683,218031,218108,77,7348
210683,218049,218112,63,7366
210683,218060,218113,53,7377
210683,218059,218116,57,7376
210683,218061,218125,64,7378
210683,218052,218127,75,7369
210683,218054,218128,74,7371
210683,218067,218130,63,7384
210683,218060,218130,70,7377
210683,218061,218134,73,7378
210683,218061,218134,73,7378
210683,218062,218135,73,7379
210683,218067,218140,73,7384
210683,218071,218142,71,7388
210683,218067,218143,76,7384
210683,218070,218145,75,7387
210683,218077,218145,68,7394
210683,218071,218145,74,7388
210683,218073,218145,72,7390
210683,218077,218146,69,7394
210683,218068,218147,79,7385
210683,218081,218149,68,7398
210683,218079,218150,71,7396
210683,218080,218151,71,7397
210683,218076,218153,77,7393
210683,218069,218153,84,7386
210683,218078,218154,76,7395
210683,218079,218154,75,7396
210683,218077,218154,77,7394
210683,218097,218158,61,7414
210683,218079,218158,79,7396
210683,218086,218160,74,7403
210683,218089,218161,72,7406
210683,218086,218162,76,7403
210683,218086,218162,76,7403
210683,218091,218162,71,7408
210683,218083,218163,80,7400
210683,218082,218164,82,7399
210683,218091,218165,74,7408
210683,218085,218165,80,7402
210683,218085,218165,80,7402
210683,218090,218165,75,7407
210683,218097,218166,69,7414
210683,218088,218167,79,7405
210683,218087,218167,80,7404
210683,218092,218167,75,7409
210683,218094,218168,74,7411
210683,218094,218169,75,7411
210683,218085,218169,84,7402
210683,218093,218170,77,7410
210683,218100,218170,70,7417
210683,218091,218171,80,7408
210683,218097,218171,74,7414
210683,218095,218172,77,7412
210683,218094,218172,78,7411
210683,218098,218172,74,7415
210683,218100,218172,72,7417
210683,218090,218173,83,7407
210683,218094,218173,79,7411
210683,218095,218173,78,7412
210683,218096,218174,78,7413
210683,218095,218174,79,7412
210683,218098,218174,76,7415
210683,218103,218174,71,7420
210683,218101,218175,74,7418
210683,218096,218175,79,7413
210683,218100,218175,75,7417
210683,218100,218175,75,7417
210683,218101,218177,76,7418
210683,218097,218177,80,7414
210683,218102,218178,76,7419
210683,218102,218178,76,7419
210683,218099,218178,79,7416
210683,218104,218180,76,7421
210683,218107,218180,73,7424
210683,218096,218180,84,7413
210683,218101,218180,79,7418
210683,218107,218181,74,7424
210683,218095,218182,87,7412
210683,218113,218183,70,7430
210683,218108,218185,77,7425
210683,218112,218185,73,7429
210683,218107,218187,80,7424
210683,218116,218195,79,7433
210683,218128,218197,69,7445
210683,218125,218198,73,7442
210683,218131,218201,70,7448
210683,218129,218202,73,7446
210683,218134,218202,68,7451
210683,218147,218203,56,7464
210683,218140,218204,64,7457
210683,218143,218205,62,7460
210683,218130,218206,76,7447
210683,218135,218209,74,7452
210683,218134,218209,75,7451
210683,218145,218210,65,7462
210683,218146,218210,64,7463
210683,218151,218212,61,7468
210683,218148,218211,63,7465
210683,218150,218213,63,7467
210683,218154,218215,61,7471
210683,218145,218216,71,7462
210683,218146,218216,70,7463
210683,218154,218216,62,7471
210683,218158,218217,59,7475
210683,218142,218217,75,7459
210683,218150,218219,69,7467
210683,218153,218218,65,7470
210683,218154,218219,65,7471
210683,218161,218220,59,7478
210683,218163,218220,57,7480
210683,218162,218221,59,7479
210949,218167,218222,55,7218
210683,218164,218221,57,7481
210683,218154,218225,71,7471
210949,218174,218226,52,7225
210949,218166,218227,61,7217
210949,218168,218227,59,7219
210683,218162,218228,66,7479
210949,218173,218227,54,7224
210949,218164,218228,64,7215
210683,218159,218229,70,7476
210683,218163,218229,66,7480
210949,218171,218232,61,7222
210949,218166,218232,66,7217
210949,218167,218233,66,7218
210949,218170,218234,64,7221
210949,218166,218234,68,7217
210949,218171,218234,63,7222
210949,218166,218235,69,7217
210949,218171,218236,65,7222
210949,218168,218236,68,7219
210949,218170,218237,67,7221
210949,218173,218236,63,7224
210949,218175,218237,62,7226
210949,218176,218238,62,7227
210949,218174,218238,64,7225
210949,218175,218239,64,7226
210949,218167,218240,73,7218
210949,218176,218240,64,7227
210949,218184,218240,56,7235
210949,218176,218240,64,7227
210949,218186,218241,55,7237
210949,218175,218241,66,7226
210949,218177,218241,64,7228
210949,218178,218241,63,7229
210949,218175,218241,66,7226
210949,218178,218243,65,7229
210949,218185,218242,57,7236
210949,218172,218242,70,7223
210949,218181,218246,65,7232
210949,218181,218247,66,7232
210949,218172,218247,75,7223
210949,218182,218247,65,7233
210949,218180,218247,67,7231
210949,218181,218249,68,7232
210949,218188,218250,62,7239
210949,218173,218249,76,7224
210949,218178,218251,73,7229
210949,218182,218252,70,7233
210949,218179,218252,73,7230
210949,218198,218253,55,7249
210949,218173,218255,82,7224
210949,218174,218254,80,7225
210949,218196,218257,61,7247
210949,218199,218259,60,7250
210949,218203,218262,59,7254
210949,218201,218264,63,7252
210949,218205,218266,61,7256
210949,218204,218266,62,7255
210949,218202,218266,64,7253
210949,218206,218270,64,7257
210949,218209,218272,63,7260
210949,218206,218272,66,7257
210949,218212,218275,63,7263
210949,218209,218278,69,7260
210949,218211,218277,66,7262
210949,218214,218278,64,7265
210949,218216,218283,67,7267
210949,218217,218285,68,7268
210949,218210,218285,75,7261
210949,218217,218286,69,7268
210949,218220,218286,66,7271
210949,218218,218286,68,7269
210949,218222,218288,66,7273
210949,218220,218289,69,7271
210949,218217,218289,72,7268
210949,218212,218290,78,7263
210949,218219,218290,71,7270
210949,218218,218290,72,7269
210949,218222,218291,69,7273
210949,218220,218292,72,7271
210949,218219,218293,74,7270
210949,218222,218294,72,7273
210949,218228,218296,68,7279
210949,218227,218298,71,7278
210949,218232,218298,66,7283
210949,218229,218298,69,7280
210949,218229,218299,70,7280
210949,218230,218299,69,7281
210949,218227,218300,73,7278
210949,218226,218300,74,7277
210949,218233,218300,67,7284
210949,218228,218302,74,7279
210949,218237,218303,66,7288
210949,218234,218303,69,7285
210949,218259,218303,44,7310
210949,218232,218303,71,7283
210949,218235,218304,69,7286
210949,218240,218304,64,7291
210949,218235,218305,70,7286
210949,218257,218305,48,7308
210949,218228,218305,77,7279
210949,218238,218307,69,7289
210949,218262,218308,46,7313
210949,218241,218308,67,7292
210949,218236,218308,72,7287
210949,218238,218311,73,7289
210949,218266,218311,45,7317
210949,218240,218313,73,7291
210949,218240,218313,73,7291
210949,218237,218313,76,7288
210949,218247,218313,66,7298
210949,218248,218314,66,7299
210949,218240,218314,74,7291
210949,218242,218315,73,7293
210949,218242,218315,73,7293
210949,218240,218315,75,7291
210949,218241,218315,74,7292
210949,218243,218315,72,7294
210949,218243,218315,72,7294
210949,218239,218316,77,7290
210949,218247,218316,69,7298
210949,218242,218318,76,7293
210949,218235,218317,82,7286
210949,218243,218317,74,7294
210949,218237,218318,81,7288
210949,218265,218318,53,7316
210949,218255,218319,64,7306
210949,218248,218320,72,7299
210949,218250,218322,72,7301
210949,218267,218323,56,7318
210949,218250,218323,73,7301
210949,218253,218323,70,7304
210949,218248,218324,76,7299
210949,218272,218324,52,7323
210949,218266,218326,60,7317
210949,218252,218326,74,7303
210949,218255,218327,72,7306
210949,218250,218328,78,7301
210949,218251,218330,79,7302
210949,218252,218332,80,7303
210949,218270,218333,63,7321
210949,218275,218336,61,7326
210949,218272,218337,65,7323
210949,218278,218348,70,7329
210949,218279,218350,71,7330
210949,218285,218351,66,7336
210949,218278,218354,76,7329
210949,218284,218357,73,7335
210949,218285,218358,73,7336
210949,218286,218359,73,7337
210949,218290,218360,70,7341
210949,218290,218362,72,7341
210949,218286,218361,75,7337
210949,218293,218362,69,7344
210949,218290,218363,73,7341
210949,218286,218363,77,7337
210949,218291,218365,74,7342
210949,218292,218366,74,7343
210949,218300,218365,65,7351
210949,218293,218369,76,7344
210949,218290,218368,78,7341
210949,218294,218369,75,7345
210949,218296,218369,73,7347
210949,218300,218370,70,7351
210949,218301,218372,71,7352
210949,218289,218373,84,7340
210949,218304,218375,71,7355
210949,218301,218375,74,7352
210949,218299,218376,77,7350
210949,218299,218377,78,7350
210949,218300,218378,78,7351
210949,218303,218380,77,7354
210949,218308,218381,73,7359
210949,218305,218381,76,7356
210949,218304,218383,79,7355
210949,218308,218384,76,7359
210949,218304,218384,80,7355
210949,218316,218384,68,7367
210949,218304,218384,80,7355
210949,218318,218385,67,7369
210949,218307,218386,79,7358
210949,218305,218385,80,7356
210949,218313,218386,73,7364
210949,218314,218386,72,7365
210949,218316,218386,70,7367
210949,218306,218387,81,7357
210949,218304,218388,84,7355
210949,218315,218389,74,7366
210949,218314,218388,74,7365
210949,218315,218389,74,7366
210949,218320,218389,69,7371
210949,218309,218389,80,7360
210949,218299,218390,91,7350
210949,218323,218390,67,7374
210949,218318,218390,72,7369
210949,218306,218392,86,7357
210949,218315,218392,77,7366
210949,218312,218392,80,7363
210949,218315,218392,77,7366
210949,218326,218392,66,7377
210949,218317,218392,75,7368
210949,218319,218394,75,7370
210949,218312,218395,83,7363
210949,218318,218395,77,7369
210949,218313,218395,82,7364
210949,218324,218395,71,7375
210949,218317,218396,79,7368
210949,218323,218396,73,7374
210949,218316,218398,82,7367
210949,218318,218398,80,7369
210949,218325,218400,75,7376
210949,218316,218400,84,7367
210949,218321,218400,79,7372
210949,218334,218400,66,7385
210949,218324,218400,76,7375
210949,218324,218401,77,7375
210949,218328,218402,74,7379
210949,218329,218404,75,7380
210949,218327,218404,77,7378
210949,218332,218404,72,7383
210949,218331,218406,75,7382
210949,218337,218406,69,7388
210949,218337,218408,71,7388
210949,218354,218416,62,7405
210949,218357,218418,61,7408
210949,218351,218419,68,7402
210949,218349,218422,73,7400
210949,218359,218422,63,7410
210949,218362,218424,62,7413
210949,218362,218425,63,7413
210949,218363,218426,63,7414
210949,218351,218428,77,7402
210949,218360,218428,68,7411
210949,218361,218429,68,7412
210949,218366,218430,64,7417
210949,218373,218431,58,7424
210949,218364,218431,67,7415
210949,218370,218432,62,7421
210949,218362,218432,70,7413
210949,218371,218433,62,7422
210949,218366,218435,69,7417
210949,218373,218436,63,7424
210949,218366,218437,71,7417
210949,218370,218439,69,7421
210949,218369,218439,70,7420
210949,218376,218439,63,7427
210949,218369,218442,73,7420
210949,218377,218442,65,7428
210949,218382,218445,63,7433
210949,218382,218445,63,7433
211184,218387,218445,58,7203
211184,218384,218446,62,7200
211184,218387,218447,60,7203
211184,218385,218448,63,7201
210949,218379,218448,69,7430
211184,218389,218449,60,7205
211184,218385,218449,64,7201
210949,218375,218450,75,7426
211184,218385,218451,66,7201
211184,218386,218451,65,7202
210949,218378,218451,73,7429
210949,218380,218451,71,7431
211184,218391,218451,60,7207
211184,218392,218452,60,7208
211184,218385,218452,67,7201
211184,218393,218453,60,7209
211184,218389,218454,65,7205
211184,218390,218455,65,7206
211184,218388,218456,68,7204
211184,218391,218455,64,7207
211184,218392,218456,64,7208
211184,218387,218456,69,7203
211184,218387,218457,70,7203
211184,218393,218458,65,7209
211184,218386,218458,72,7202
211184,218396,218459,63,7212
211184,218395,218459,64,7211
211184,218404,218460,56,7220
211184,218396,218460,64,7212
210949,218384,218460,76,7435
211184,218391,218462,71,7207
211184,218403,218462,59,7219
211184,218398,218463,65,7214
211184,218393,218462,69,7209
211184,218390,218462,72,7206
211184,218392,218463,71,7208
211184,218396,218464,68,7212
211184,218390,218464,74,7206
211184,218396,218464,68,7212
211184,218398,218464,66,7214
211184,218400,218464,64,7216
211184,218400,218466,66,7216
211184,218400,218466,66,7216
211184,218406,218465,59,7222
211184,218395,218466,71,7211
211184,218400,218466,66,7216
211184,218395,218468,73,7211
211184,218406,218469,63,7222
211184,218401,218469,68,7217
211184,218404,218470,66,7220
211184,218404,218472,68,7220
211184,218401,218474,73,7217
211184,218408,218475,67,7224
211184,218419,218475,56,7235
211184,218417,218478,61,7233
211184,218420,218483,63,7236
211184,218422,218487,65,7238
211184,218426,218488,62,7242
211184,218429,218494,65,7245
211184,218426,218496,70,7242
211184,218428,218496,68,7244
211184,218423,218495,72,7239
211184,218430,218496,66,7246
211184,218432,218497,65,7248
211184,218430,218497,67,7246
211184,218434,218498,64,7250
211184,218424,218499,75,7240
211184,218436,218500,64,7252
211184,218437,218502,65,7253
211184,218440,218501,61,7256
211184,218432,218505,73,7248
211184,218438,218506,68,7254
211184,218432,218506,74,7248
211184,218440,218508,68,7256
211184,218442,218509,67,7258
211184,218439,218510,71,7255
211184,218446,218510,64,7262
211184,218432,218511,79,7248
211184,218449,218512,63,7265
211184,218446,218512,66,7262
211184,218442,218512,70,7258
211184,218446,218517,71,7262
211184,218445,218517,72,7261
211184,218455,218518,63,7271
211184,218449,218518,69,7265
211184,218451,218521,70,7267
211184,218452,218521,69,7268
211184,218455,218522,67,7271
211184,218450,218522,72,7266
211184,218450,218522,72,7266
211184,218453,218523,70,7269
211184,218451,218523,72,7267
211184,218452,218523,71,7268
211184,218454,218524,70,7270
211184,218451,218524,73,7267
211184,218452,218525,73,7268
211184,218457,218524,67,7273
211184,218453,218524,71,7269
211184,218456,218526,70,7272
211184,218476,218526,50,7292
211184,218448,218527,79,7264
211184,218458,218527,69,7274
211184,218459,218528,69,7275
211184,218456,218527,71,7272
211184,218461,218528,67,7277
211184,218460,218529,69,7276
211184,218457,218531,74,7273
211184,218460,218530,70,7276
211184,218462,218532,70,7278
211184,218465,218532,67,7281
211184,218460,218534,74,7276
211184,218488,218533,45,7304
211184,218463,218533,70,7279
211184,218475,218534,59,7291
211184,218458,218536,78,7274
211184,218478,218536,58,7294
211184,218465,218536,71,7281
211184,218466,218535,69,7282
211184,218465,218537,72,7281
211184,218464,218537,73,7280
211184,218463,218538,75,7279
211184,218465,218539,74,7281
211184,218473,218539,66,7289
211184,218466,218540,74,7282
211184,218466,218540,74,7282
211184,218476,218540,64,7292
211184,218463,218540,77,7279
211184,218461,218541,80,7277
211184,218488,218541,53,7304
211184,218464,218542,78,7280
211184,218496,218545,49,7312
211184,218468,218546,78,7284
211184,218467,218546,79,7283
211184,218484,218547,63,7300
211184,218497,218547,50,7313
211184,218470,218547,77,7286
211184,218463,218546,83,7279
211184,218496,218546,50,7312
211184,218469,218549,80,7285
211184,218471,218549,78,7287
211184,218466,218550,84,7282
211184,218495,218557,62,7311
211184,218497,218557,60,7313
211184,218500,218560,60,7316
211184,218496,218569,73,7312
211184,218502,218570,68,7318
211184,218499,218571,72,7315
211184,218497,218573,76,7313
211184,218502,218577,75,7318
211184,218500,218580,80,7316
211184,218506,218582,76,7322
211184,218507,218581,74,7323
211184,218511,218582,71,7327
211184,218509,218582,73,7325
211184,218512,218582,70,7328
211184,218513,218583,70,7329
211184,218505,218584,79,7321
211184,218511,218586,75,7327
211184,218512,218588,76,7328
211184,218519,218589,70,7335
211184,218512,218590,78,7328
211184,218523,218590,67,7339
211184,218519,218591,72,7335
211184,218522,218591,69,7338
211184,218518,218592,74,7334
211184,218510,218593,83,7326
211184,218523,218593,70,7339
211184,218525,218597,72,7341
211184,218524,218599,75,7340
211184,218522,218600,78,7338
211184,218528,218602,74,7344
211184,218526,218601,75,7342
211184,218522,218601,79,7338
211184,218525,218602,77,7341
211184,218528,218602,74,7344
211184,218517,218603,86,7333
211184,218525,218603,78,7341
211184,218534,218604,70,7350
211184,218525,218605,80,7341
211184,218524,218605,81,7340
211184,218527,218605,78,7343
211184,218529,218605,76,7345
211184,218536,218606,70,7352
211184,218535,218606,71,7351
211184,218529,218606,77,7345
211184,218521,218606,85,7337
211184,218526,218606,80,7342
211184,218534,218607,73,7350
211184,218538,218607,69,7354
211184,218524,218608,84,7340
211184,218536,218609,73,7352
211184,218540,218609,69,7356
211184,218531,218610,79,7347
211184,218531,218611,80,7347
211184,218541,218611,70,7357
211184,218536,218612,76,7352
211184,218537,218613,76,7353
211184,218537,218612,75,7353
211184,218533,218613,80,7349
211184,218537,218613,76,7353
211184,218533,218614,81,7349
211184,218534,218614,80,7350
211184,218541,218615,74,7357
211184,218527,218614,87,7343
211184,218542,218615,73,7358
211184,218549,218616,67,7365
211184,218540,218616,76,7356
211184,218539,218617,78,7355
211184,218540,218617,77,7356
211184,218547,218617,70,7363
211184,218541,218617,76,7357
211184,218547,218617,70,7363
211184,218549,218618,69,7365
211184,218545,218619,74,7361
211184,218546,218618,72,7362
211184,218547,218621,74,7363
211184,218539,218621,82,7355
211184,218546,218622,76,7362
211184,218550,218624,74,7366
211184,218547,218624,77,7363
211184,218547,218629,82,7363
211184,218557,218630,73,7373
211184,218570,218636,66,7386
211184,218571,218637,66,7387
211184,218558,218638,80,7374
211184,218580,218641,61,7396
211184,218561,218642,81,7377
211184,218571,218644,73,7387
211184,218584,218644,60,7400
211184,218578,218645,67,7394
211184,218574,218645,71,7390
211184,218583,218646,63,7399
211184,218583,218649,66,7399
211184,218586,218650,64,7402
211184,218582,218651,69,7398
211184,218589,218652,63,7405
211184,218590,218654,64,7406
211184,218582,218655,73,7398
211184,218589,218656,67,7405
211184,218583,218656,73,7399
211184,218593,218657,64,7409
211184,218591,218658,67,7407
211184,218592,218658,66,7408
211184,218583,218660,77,7399
211184,218592,218663,71,7408
211184,218597,218664,67,7413
211184,218594,218664,70,7410
211184,218600,218664,64,7416
211422,218607,218665,58,7185
211184,218602,218664,62,7418
211422,218607,218665,58,7185
211184,218602,218665,63,7418
211422,218605,218667,62,7183
211422,218606,218667,61,7184
211422,218604,218667,63,7182
211184,218593,218669,76,7409
211184,218601,218670,69,7417
211422,218606,218671,65,7184
211184,218602,218671,69,7418
211422,218606,218672,66,7184
211422,218604,218671,67,7182
211422,218614,218672,58,7192
211422,218606,218671,65,7184
211184,218603,218672,69,7419
211422,218607,218673,66,7185
211422,218613,218673,60,7191
211422,218605,218673,68,7183
211422,218608,218674,66,7186
211422,218608,218673,65,7186
211422,218606,218674,68,7184
211184,218603,218675,72,7419
211422,218611,218676,65,7189
211422,218610,218677,67,7188
211422,218614,218677,63,7192
211422,218611,218677,66,7189
211422,218618,218678,60,7196
211422,218615,218678,63,7193
211422,218612,218678,66,7190
211422,218614,218678,64,7192
211422,218619,218679,60,7197
211422,218616,218680,64,7194
211422,218619,218680,61,7197
211422,218610,218681,71,7188
211422,218618,218681,63,7196
211422,218618,218682,64,7196
211422,218612,218683,71,7190
211422,218621,218683,62,7199
211422,218615,218684,69,7193
211422,218624,218683,59,7202
211422,218617,218684,67,7195
211422,218609,218685,76,7187
211422,218617,218685,68,7195
211422,218625,218686,61,7203
211422,218617,218685,68,7195
211422,218615,218686,71,7193
211422,218623,218687,64,7201
211422,218613,218687,74,7191
211422,218617,218688,71,7195
211422,218622,218688,66,7200
211422,218619,218690,71,7197
211422,218630,218692,62,7208
211422,218629,218695,66,7207
211422,218636,218700,64,7214
211422,218644,218702,58,7222
211422,218638,218702,64,7216
211422,218638,218704,66,7216
211422,218642,218705,63,7220
211422,218646,218708,62,7224
211422,218645,218710,65,7223
211422,218651,218711,60,7229
211422,218647,218712,65,7225
211422,218650,218716,66,7228
211422,218655,218717,62,7233
211422,218642,218717,75,7220
211422,218652,218718,66,7230
211422,218655,218720,65,7233
211422,218646,218720,74,7224
211422,218657,218725,68,7235
211422,218660,218724,64,7238
211422,218652,218725,73,7230
211422,218658,218726,68,7236
211422,218658,218727,69,7236
211422,218656,218728,72,7234
211422,218664,218728,64,7242
211422,218664,218728,64,7242
211422,218665,218732,67,7243
211422,218665,218734,69,7243
211422,218657,218733,76,7235
211422,218664,218734,70,7242
211422,218665,218736,71,7243
211422,218665,218736,71,7243
211422,218667,218736,69,7245
211422,218668,218736,68,7246
211422,218668,218737,69,7246
211422,218673,218739,66,7251
211422,218672,218739,67,7250
211422,218672,218739,67,7250
211422,218672,218741,69,7250
211422,218672,218742,70,7250
211422,218664,218741,77,7242
211422,218675,218742,67,7253
211422,218669,218744,75,7247
211422,218674,218744,70,7252
211422,218677,218744,67,7255
211422,218670,218745,75,7248
211422,218671,218744,73,7249
211422,218674,218744,70,7252
211422,218672,218745,73,7250
211422,218672,218745,73,7250
211422,218677,218745,68,7255
211422,218674,218746,72,7252
211422,218678,218746,68,7256
211422,218676,218747,71,7254
211422,218679,218747,68,7257
211422,218675,218748,73,7253
211422,218678,218749,71,7256
211422,218674,218749,75,7252
211422,218680,218751,71,7258
211422,218679,218752,73,7257
211422,218678,218752,74,7256
211422,218684,218752,68,7262
211422,218683,218753,70,7261
211422,218679,218754,75,7257
211422,218687,218757,70,7265
211422,218688,218756,68,7266
211422,218703,218757,54,7281
211422,218681,218757,76,7259
211422,218686,218757,71,7264
211422,218702,218757,55,7280
211422,218680,218758,78,7258
211422,218684,218758,74,7262
211422,218684,218758,74,7262
211422,218685,218759,74,7263
211422,218705,218758,53,7283
211422,218706,218758,52,7284
211422,218683,218759,76,7261
211422,218709,218759,50,7287
211422,218681,218760,79,7259
211422,218688,218761,73,7266
211422,218686,218762,76,7264
211422,218685,218762,77,7263
211422,218684,218762,78,7262
211422,218687,218762,75,7265
211422,218696,218764,68,7274
211422,218688,218764,76,7266
211422,218713,218764,51,7291
211422,218711,218766,55,7289
211422,218690,218767,77,7268
211422,218692,218768,76,7270
211422,218701,218767,66,7279
211422,218711,218776,65,7289
211422,218717,218776,59,7295
211422,218719,218783,64,7297
211422,218718,218786,68,7296
211422,218718,218790,72,7296
211422,218720,218791,71,7298
211422,218725,218796,71,7303
211422,218721,218798,77,7299
211422,218727,218799,72,7305
211422,218733,218803,70,7311
211422,218728,218805,77,7306
211422,218729,218805,76,7307
211422,218725,218806,81,7303
211422,218725,218805,80,7303
211422,218734,218807,73,7312
211422,218729,218807,78,7307
211422,218729,218808,79,7307
211422,218737,218808,71,7315
211422,218736,218809,73,7314
211422,218740,218810,70,7318
211422,218737,218809,72,7315
211422,218737,218811,74,7315
211422,218737,218810,73,7315
211422,218742,218811,69,7320
211422,218734,218812,78,7312
211422,218735,218815,80,7313
211422,218745,218816,71,7323
211422,218742,218816,74,7320
211422,218745,218818,73,7323
211422,218742,218819,77,7320
211422,218740,218819,79,7318
211422,218745,218819,74,7323
211422,218740,218820,80,7318
211422,218748,218820,72,7326
211422,218743,218821,78,7321
211422,218747,218820,73,7325
211422,218745,218822,77,7323
211422,218745,218822,77,7323
211422,218752,218822,70,7330
211422,218746,218824,78,7324
211422,218744,218825,81,7322
211422,218753,218825,72,7331
211422,218745,218825,80,7323
211422,218747,218824,77,7325
211422,218746,218826,80,7324
211422,218752,218828,76,7330
211422,218762,218828,66,7340
211422,218753,218828,75,7331
211422,218759,218828,69,7337
211422,218757,218829,72,7335
211422,218750,218829,79,7328
211422,218754,218828,74,7332
211422,218749,218828,79,7327
211422,218758,218830,72,7336
211422,218759,218831,72,7337
211422,218765,218831,66,7343
211422,218761,218831,70,7339
211422,218746,218831,85,7324
211422,218757,218831,74,7335
211422,218760,218832,72,7338
211422,218755,218832,77,7333
211422,218759,218833,74,7337
211422,218758,218833,75,7336
211422,218758,218833,75,7336
211422,218758,218835,77,7336
211422,218759,218835,76,7337
211422,218747,218837,90,7325
211422,218767,218836,69,7345
211422,218761,218837,76,7339
211422,218763,218837,74,7341
211422,218760,218839,79,7338
211422,218764,218841,77,7342
211422,218757,218842,85,7335
211422,218768,218845,77,7346
211422,218763,218845,82,7341
211422,218765,218845,80,7343
211422,218763,218846,83,7341
211422,218759,218846,87,7337
211422,218768,218848,80,7346
211422,218776,218848,72,7354
211422,218767,218850,83,7345
211422,218786,218853,67,7364
211422,218777,218853,76,7355
211422,218784,218854,70,7362
211422,218800,218862,62,7378
211422,218791,218864,73,7369
211422,218791,218865,74,7369
211422,218797,218868,71,7375
211422,218807,218869,62,7385
211422,218808,218870,62,7386
211422,218798,218871,73,7376
211422,218806,218870,64,7384
211422,218806,218871,65,7384
211422,218806,218872,66,7384
211422,218809,218875,66,7387
211422,218805,218875,70,7383
211422,218808,218877,69,7386
211422,218811,218878,67,7389
211422,218816,218877,61,7394
211422,218809,218877,68,7387
211422,218803,218878,75,7381
211422,218820,218878,58,7398
211422,218810,218879,69,7388
211422,218812,218880,68,7390
211422,218811,218880,69,7389
211422,218810,218880,70,7388
211422,218811,218882,71,7389
211422,218819,218884,65,7397
211422,218821,218884,63,7399
211618,218825,218885,60,7207
211618,218824,218887,63,7206
211422,218815,218887,72,7393
211618,218822,218887,65,7204
211422,218819,218888,69,7397
211618,218821,218889,68,7203
211618,218828,218889,61,7210
211422,218819,218889,70,7397
211422,218819,218891,72,7397
211618,218825,218891,66,7207
211618,218832,218892,60,7214
211618,218823,218892,69,7205
211422,218817,218892,75,7395
211618,218823,218893,70,7205
211618,218834,218894,60,7216
211422,218821,218895,74,7399
211618,218831,218896,65,7213
211618,218833,218897,64,7215
211618,218832,218897,65,7214
211618,218829,218897,68,7211
211618,218831,218897,66,7213
211618,218838,218898,60,7220
211618,218829,218898,69,7211
211618,218825,218899,74,7207
211618,218828,218899,71,7210
211618,218829,218900,71,7211
211618,218827,218900,73,7209
211618,218839,218900,61,7221
211618,218833,218900,67,7215
211618,218830,218901,71,7212
211618,218835,218902,67,7217
211618,218831,218903,72,7213
211618,218829,218903,74,7211
211618,218825,218904,79,7207
211618,218832,218904,72,7214
211618,218842,218903,61,7224
211618,218829,218904,75,7211
211618,218833,218905,72,7215
211618,218845,218905,60,7227
211618,218837,218905,68,7219
211618,218846,218905,59,7228
211618,218838,218905,67,7220
211618,218828,218908,80,7210
211618,218836,218908,72,7218
211618,218837,218908,71,7219
211618,218845,218909,64,7227
211618,218846,218910,64,7228
211618,218843,218910,67,7225
211618,218849,218912,63,7231
211618,218848,218913,65,7230
211618,218845,218914,69,7227
211618,218850,218914,64,7232
211618,218854,218916,62,7236
211618,218854,218918,64,7236
211618,218855,218922,67,7237
211618,218864,218927,63,7246
211618,218863,218930,67,7245
211618,218869,218933,64,7251
211618,218872,218933,61,7254
211618,218870,218933,63,7252
211618,218871,218935,64,7253
211618,218866,218936,70,7248
211618,218876,218940,64,7258
211618,218871,218943,72,7253
211618,218871,218945,74,7253
211618,218872,218945,73,7254
211618,218878,218945,67,7260
211618,218878,218946,68,7260
211618,218879,218946,67,7261
211618,218880,218946,66,7262
211618,218881,218946,65,7263
211618,218878,218948,70,7260
211618,218880,218949,69,7262
211618,218880,218949,69,7262
211618,218878,218950,72,7260
211618,218876,218951,75,7258
211618,218884,218952,68,7266
211618,218886,218953,67,7268
211618,218888,218954,66,7270
211618,218890,218954,64,7272
211618,218888,218954,66,7270
211618,218883,218954,71,7265
211618,218884,218956,72,7266
211618,218890,218956,66,7272
211618,218879,218958,79,7261
211618,218892,218958,66,7274
211618,218889,218959,70,7271
211618,218888,218961,73,7270
211618,218892,218961,69,7274
211618,218890,218963,73,7272
211618,218898,218963,65,7280
211618,218892,218964,72,7274
211618,218893,218965,72,7275
211618,218901,218965,64,7283
211618,218893,218965,72,7275
211618,218892,218968,76,7274
211618,218900,218968,68,7282
211618,218897,218969,72,7279
211618,218898,218969,71,7280
211618,218900,218971,71,7282
211618,218896,218970,74,7278
211618,218903,218971,68,7285
211618,218898,218971,73,7280
211618,218898,218973,75,7280
211618,218901,218972,71,7283
211618,218895,218974,79,7277
211618,218898,218975,77,7280
211618,218900,218975,75,7282
211618,218901,218976,75,7283
211618,218904,218976,72,7286
211618,218904,218976,72,7286
211618,218918,218976,58,7300
211618,218904,218976,72,7286
211618,218905,218977,72,7287
211618,218923,218977,54,7305
211618,218896,218977,81,7278
211618,218927,218978,51,7309
211618,218906,218979,73,7288
211618,218903,218979,76,7285
211618,218933,218980,47,7315
211618,218917,218981,64,7299
211618,218900,218981,81,7282
211618,218904,218981,77,7286
211618,218908,218980,72,7290
211618,218905,218981,76,7287
211618,218910,218981,71,7292
211618,218906,218982,76,7288
211618,218915,218984,69,7297
211618,218905,218984,79,7287
211618,218904,218985,81,7286
211618,218909,218986,77,7291
211618,218933,218985,52,7315
211618,218912,218986,74,7294
211618,218931,218986,55,7313
211618,218910,218987,77,7292
211618,218914,218988,74,7296
211618,218910,218988,78,7292
211618,218909,218989,80,7291
211618,218936,218993,57,7318
211618,218915,218995,80,7297
211618,218933,218995,62,7315
211618,218946,219001,55,7328
211618,218943,219010,67,7325
211618,218936,219009,73,7318
211618,218941,219010,69,7323
211618,218946,219014,68,7328
211618,218946,219015,69,7328
211618,218946,219015,69,7328
211618,218946,219018,72,7328
211618,218948,219020,72,7330
211618,218946,219022,76,7328
211618,218951,219023,72,7333
211618,218950,219024,74,7332
211618,218953,219025,72,7335
211618,218947,219026,79,7329
211618,218950,219026,76,7332
211618,218953,219026,73,7335
211618,218957,219026,69,7339
211618,218949,219028,79,7331
211618,218954,219028,74,7336
211618,218959,219029,70,7341
211618,218957,219030,73,7339
211618,218954,219031,77,7336
211618,218958,219031,73,7340
211618,218954,219032,78,7336
211618,218955,219033,78,7337
211618,218965,219034,69,7347
211618,218959,219037,78,7341
211618,218961,219036,75,7343
211618,218964,219037,73,7346
211618,218966,219037,71,7348
211618,218961,219037,76,7343
211618,218965,219038,73,7347
211618,218964,219039,75,7346
211618,218969,219042,73,7351
211618,218964,219043,79,7346
211618,218969,219042,73,7351
211618,218980,219044,64,7362
211618,218971,219046,75,7353
211618,218971,219047,76,7353
211618,218977,219047,70,7359
211618,218974,219049,75,7356
211618,218977,219048,71,7359
211618,218977,219049,72,7359
211618,218971,219049,78,7353
211618,218976,219049,73,7358
211618,218978,219049,71,7360
211618,218979,219050,71,7361
211618,218970,219051,81,7352
211618,218977,219050,73,7359
211618,218978,219051,73,7360
211618,218973,219051,78,7355
211618,218971,219052,81,7353
211618,218981,219051,70,7363
211618,218969,219052,83,7351
211618,218981,219052,71,7363
211618,218973,219054,81,7355
211618,218984,219055,71,7366
211618,218976,219056,80,7358
211618,218977,219056,79,7359
211618,218980,219057,77,7362
211618,218986,219058,72,7368
211618,218986,219058,72,7368
211618,218983,219058,75,7365
211618,218987,219059,72,7369
211618,218981,219060,79,7363
211618,218989,219059,70,7371
211618,218981,219059,78,7363
211618,218988,219059,71,7370
211618,218976,219060,84,7358
211618,218982,219062,80,7364
211618,218985,219062,77,7367
211618,218982,219063,81,7364
211618,218988,219063,75,7370
211618,218979,219064,85,7361
211618,218987,219063,76,7369
211618,218996,219065,69,7378
211618,218986,219067,81,7368
211618,218996,219066,70,7378
211618,218988,219068,80,7370
211618,218994,219069,75,7376
211618,219002,219075,73,7384
211618,219010,219075,65,7392
211618,219011,219077,66,7393
211618,219016,219081,65,7398
211618,219010,219084,74,7392
211618,219025,219084,59,7407
211618,219025,219087,62,7407
211618,219016,219089,73,7398
211618,219014,219090,76,7396
211618,219026,219091,65,7408
211618,219029,219091,62,7411
211618,219031,219092,61,7413
211618,219024,219095,71,7406
211618,219030,219094,64,7412
211618,219023,219095,72,7405
211618,219018,219096,78,7400
211618,219026,219096,70,7408
211618,219029,219097,68,7411
211618,219034,219099,65,7416
211618,219027,219099,72,7409
211618,219032,219099,67,7414
211618,219035,219099,64,7417
211618,219030,219102,72,7412
211618,219038,219103,65,7420
211618,219021,219103,82,7403
211618,219026,219103,77,7408
211618,219032,219104,72,7414
211618,219037,219104,67,7419
211618,219037,219105,68,7419
211854,219049,219106,57,7195
211618,219039,219107,68,7421
211854,219043,219108,65,7189
211854,219047,219110,63,7193
211618,219043,219110,67,7425
211854,219049,219110,61,7195
211618,219037,219111,74,7419
211618,219042,219111,69,7424
211618,219039,219111,72,7421
211854,219051,219112,61,7197
211618,219037,219112,75,7419
211854,219050,219112,62,7196
211854,219047,219113,66,7193
211854,219045,219113,68,7191
211854,219051,219113,62,7197
211854,219050,219114,64,7196
211854,219052,219118,66,7198
211854,219052,219118,66,7198
211854,219050,219119,69,7196
211854,219049,219120,71,7195
211854,219051,219120,69,7197
211854,219053,219121,68,7199
211854,219058,219122,64,7204
211854,219048,219123,75,7194
211854,219052,219123,71,7198
211854,219053,219125,72,7199
211854,219062,219125,63,7208
211854,219051,219125,74,7197
211854,219058,219126,68,7204
211854,219060,219126,66,7206
211854,219055,219128,73,7201
211854,219059,219127,68,7205
211854,219062,219128,66,7208
211854,219060,219129,69,7206
211854,219065,219129,64,7211
211854,219063,219129,66,7209
211854,219059,219129,70,7205
211854,219055,219130,75,7201
211854,219059,219130,71,7205
211854,219057,219130,73,7203
211854,219063,219131,68,7209
211854,219064,219131,67,7210
211854,219057,219131,74,7203
211854,219060,219131,71,7206
211854,219064,219132,68,7210
211854,219060,219133,73,7206
211854,219060,219133,73,7206
211854,219067,219134,67,7213
211854,219067,219136,69,7213
211854,219069,219136,67,7215
211854,219069,219137,68,7215
211854,219075,219139,64,7221
211854,219081,219143,62,7227
211854,219077,219145,68,7223
211854,219075,219145,70,7221
211854,219085,219146,61,7231
211854,219084,219148,64,7230
211854,219088,219153,65,7234
211854,219092,219156,64,7238
211854,219089,219157,68,7235
211854,219091,219158,67,7237
211854,219090,219159,69,7236
211854,219095,219162,67,7241
211854,219095,219163,68,7241
211854,219099,219163,64,7245
211854,219092,219163,71,7238
211854,219096,219164,68,7242
211854,219095,219165,70,7241
211854,219099,219165,66,7245
211854,219099,219165,66,7245
211854,219103,219166,63,7249
211854,219099,219167,68,7245
211854,219096,219169,73,7242
211854,219097,219171,74,7243
211854,219105,219173,68,7251
211854,219107,219173,66,7253
211854,219111,219173,62,7257
211854,219104,219176,72,7250
211854,219103,219178,75,7249
211854,219105,219179,74,7251
211854,219108,219179,71,7254
211854,219103,219179,76,7249
211854,219103,219179,76,7249
211854,219111,219180,69,7257
211854,219109,219181,72,7255
211854,219113,219183,70,7259
211854,219113,219183,70,7259
211854,219119,219183,64,7265
211854,219110,219183,73,7256
211854,219111,219184,73,7257
211854,219121,219185,64,7267
211854,219113,219186,73,7259
211854,219120,219185,65,7266
211854,219111,219186,75,7257
211854,219113,219185,72,7259
211854,219112,219188,76,7258
211854,219114,219189,75,7260
211854,219115,219189,74,7261
211854,219119,219191,72,7265
211854,219120,219191,71,7266
211854,219113,219192,79,7259
211854,219127,219195,68,7273
211854,219124,219195,71,7270
211854,219123,219196,73,7269
211854,219122,219196,74,7268
211854,219147,219197,50,7293
211854,219126,219198,72,7272
211854,219144,219198,54,7290
211854,219135,219198,63,7281
211854,219126,219199,73,7272
211854,219154,219199,45,7300
211854,219132,219200,68,7278
211854,219127,219200,73,7273
211854,219122,219201,79,7268
211854,219131,219201,70,7277
211854,219131,219202,71,7277
211854,219132,219203,71,7278
211854,219130,219202,72,7276
211854,219126,219203,77,7272
211854,219157,219203,46,7303
211854,219139,219205,66,7285
211854,219128,219206,78,7274
211854,219146,219206,60,7292
211854,219130,219206,76,7276
211854,219133,219208,75,7279
211854,219129,219208,79,7275
211854,219130,219208,78,7276
211854,219138,219207,69,7284
211854,219129,219208,79,7275
211854,219131,219208,77,7277
211854,219149,219207,58,7295
211854,219129,219208,79,7275
211854,219128,219210,82,7274
211854,219133,219210,77,7279
211854,219131,219211,80,7277
211854,219133,219211,78,7279
211854,219146,219216,70,7292
211854,219137,219218,81,7283
211854,219136,219218,82,7282
211854,219158,219219,61,7304
211854,219163,219219,56,7309
211854,219164,219221,57,7310
211854,219158,219222,64,7304
211854,219164,219222,58,7310
211854,219160,219223,63,7306
211854,219166,219226,60,7312
211854,219164,219228,64,7310
211854,219163,219230,67,7309
211854,219166,219234,68,7312
211854,219168,219236,68,7314
211854,219166,219240,74,7312
211854,219167,219243,76,7313
211854,219170,219244,74,7316
211854,219174,219247,73,7320
211854,219174,219250,76,7320
211854,219172,219250,78,7318
211854,219174,219251,77,7320
211854,219177,219251,74,7323
211854,219179,219252,73,7325
211854,219180,219253,73,7326
211854,219180,219254,74,7326
211854,219183,219255,72,7329
211854,219184,219256,72,7330
211854,219179,219256,77,7325
211854,219186,219256,70,7332
211854,219180,219256,76,7326
211854,219184,219258,74,7330
211854,219181,219259,78,7327
211854,219181,219259,78,7327
211854,219186,219259,73,7332
211854,219192,219261,69,7338
211854,219186,219261,75,7332
211854,219186,219262,76,7332
211854,219186,219263,77,7332
211854,219190,219264,74,7336
211854,219184,219265,81,7330
211854,219197,219265,68,7343
211854,219184,219265,81,7330
211854,219189,219267,78,7335
211854,219192,219267,75,7338
211854,219199,219268,69,7345
211854,219193,219268,75,7339
211854,219199,219269,70,7345
211854,219196,219269,73,7342
211854,219199,219270,71,7345
211854,219200,219273,73,7346
211854,219189,219274,85,7335
211854,219197,219274,77,7343
211854,219195,219275,80,7341
211854,219207,219276,69,7353
211854,219204,219276,72,7350
211854,219212,219276,64,7358
211854,219202,219277,75,7348
211854,219203,219277,74,7349
211854,219210,219278,68,7356
211854,219199,219278,79,7345
211854,219197,219279,82,7343
211854,219200,219279,79,7346
211854,219198,219279,81,7344
211854,219205,219279,74,7351
211854,219202,219281,79,7348
211854,219206,219280,74,7352
211854,219208,219281,73,7354
211854,219208,219284,76,7354
211854,219211,219284,73,7357
211854,219203,219284,81,7349
211854,219204,219284,80,7350
211854,219203,219285,82,7349
211854,219208,219286,78,7354
211854,219208,219287,79,7354
211854,219208,219288,80,7354
211854,219219,219289,70,7365
211854,219208,219289,81,7354
211854,219207,219289,82,7353
211854,219219,219290,71,7365
211854,219210,219290,80,7356
211854,219208,219292,84,7354
211854,219224,219292,68,7370
211854,219209,219293,84,7355
211854,219223,219293,70,7369
211854,219218,219294,76,7364
211854,219222,219295,73,7368
211854,219217,219296,79,7363
211854,219219,219299,80,7365
211854,219223,219300,77,7369
211854,219234,219301,67,7380
211854,219240,219303,63,7386
211854,219228,219303,75,7374
211854,219227,219304,77,7373
211854,219230,219308,78,7376
211854,219245,219309,64,7391
211854,219251,219311,60,7397
211854,219251,219312,61,7397
211854,219243,219312,69,7389
211854,219236,219313,77,7382
211854,219248,219316,68,7394
211854,219250,219321,71,7396
211854,219256,219321,65,7402
211854,219253,219321,68,7399
211854,219255,219322,67,7401
211854,219252,219322,70,7398
211854,219255,219323,68,7401
211854,219252,219323,71,7398
211854,219257,219324,67,7403
211854,219258,219324,66,7404
211854,219260,219324,64,7406
211854,219263,219326,63,7409
211854,219263,219329,66,7409
211854,219256,219332,76,7402
211854,219266,219332,66,7412
211854,219260,219332,72,7406
211854,219256,219333,77,7402
212085,219267,219334,67,7182
211854,219262,219335,73,7408
212085,219269,219336,67,7184
212085,219277,219336,59,7192
212085,219266,219336,70,7181
212085,219275,219336,61,7190
212085,219277,219337,60,7192
211854,219261,219338,77,7407
212085,219276,219337,61,7191
212085,219270,219338,68,7185
212085,219266,219338,72,7181
211854,219264,219338,74,7410
212085,219271,219340,69,7186
211854,219260,219340,80,7406
212085,219268,219341,73,7183
212085,219270,219341,71,7185
212085,219280,219343,63,7195
212085,219278,219345,67,7193
212085,219278,219346,68,7193
212085,219280,219347,67,7195
212085,219279,219346,67,7194
212085,219269,219346,77,7184
212085,219275,219348,73,7190
212085,219280,219348,68,7195
212085,219285,219348,63,7200
212085,219281,219349,68,7196
212085,219277,219348,71,7192
212085,219273,219348,75,7188
212085,219285,219350,65,7200
212085,219290,219351,61,7205
212085,219282,219350,68,7197
212085,219289,219351,62,7204
212085,219275,219353,78,7190
212085,219280,219353,73,7195
212085,219293,219354,61,7208
212085,219288,219355,67,7203
212085,219291,219355,64,7206
212085,219281,219355,74,7196
212085,219293,219356,63,7208
212085,219285,219355,70,7200
212085,219291,219356,65,7206
212085,219293,219356,63,7208
212085,219295,219357,62,7210
212085,219286,219357,71,7201
212085,219285,219359,74,7200
212085,219289,219358,69,7204
212085,219287,219359,72,7202
212085,219293,219360,67,7208
212085,219297,219360,63,7212
212085,219295,219360,65,7210
212085,219290,219361,71,7205
212085,219304,219366,62,7219
212085,219301,219367,66,7216
212085,219302,219368,66,7217
212085,219304,219371,67,7219
212085,219312,219373,61,7227
212085,219300,219374,74,7215
212085,219305,219376,71,7220
212085,219309,219377,68,7224
212085,219313,219377,64,7228
212085,219312,219377,65,7227
212085,219309,219378,69,7224
212085,219317,219379,62,7232
212085,219314,219379,65,7229
212085,219324,219389,65,7239
212085,219323,219390,67,7238
212085,219323,219392,69,7238
212085,219321,219392,71,7236
212085,219323,219392,69,7238
212085,219323,219392,69,7238
212085,219325,219392,67,7240
212085,219321,219392,71,7236
212085,219324,219394,70,7239
212085,219321,219394,73,7236
212085,219330,219398,68,7245
212085,219333,219399,66,7248
212085,219336,219401,65,7251
212085,219334,219402,68,7249
212085,219333,219403,70,7248
212085,219338,219404,66,7253
212085,219334,219404,70,7249
212085,219333,219404,71,7248
212085,219327,219405,78,7242
212085,219338,219405,67,7253
212085,219337,219405,68,7252
212085,219336,219407,71,7251
212085,219338,219407,69,7253
212085,219337,219407,70,7252
212085,219338,219408,70,7253
212085,219340,219408,68,7255
212085,219337,219409,72,7252
212085,219340,219410,70,7255
212085,219342,219411,69,7257
212085,219338,219412,74,7253
212085,219341,219412,71,7256
212085,219345,219413,68,7260
212085,219347,219413,66,7262
212085,219349,219416,67,7264
212085,219361,219416,55,7276
212085,219367,219417,50,7282
212085,219339,219417,78,7254
212085,219343,219417,74,7258
212085,219373,219418,45,7288
212085,219348,219419,71,7263
212085,219369,219419,50,7284
212085,219347,219421,74,7262
212085,219368,219420,52,7283
212085,219347,219421,74,7262
212085,219348,219420,72,7263
212085,219349,219421,72,7264
212085,219371,219423,52,7286
212085,219349,219424,75,7264
212085,219351,219424,73,7266
212085,219350,219425,75,7265
212085,219357,219426,69,7272
212085,219349,219426,77,7264
212085,219355,219427,72,7270
212085,219351,219427,76,7266
212085,219357,219427,70,7272
212085,219356,219428,72,7271
212085,219347,219428,81,7262
212085,219355,219429,74,7270
212085,219354,219429,75,7269
212085,219356,219429,73,7271
212085,219356,219429,73,7271
212085,219352,219430,78,7267
212085,219355,219430,75,7270
212085,219376,219431,55,7291
212085,219359,219432,73,7274
212085,219360,219433,73,7275
212085,219360,219432,72,7275
212085,219359,219432,73,7274
212085,219356,219433,77,7271
212085,219374,219434,60,7289
212085,219361,219435,74,7276
212085,219353,219435,82,7268
212085,219357,219436,79,7272
212085,219359,219436,77,7274
212085,219377,219439,62,7292
212085,219380,219440,60,7295
212085,219377,219441,64,7292
212085,219377,219441,64,7292
212085,219380,219447,67,7295
212085,219378,219449,71,7293
212085,219390,219453,63,7305
212085,219393,219457,64,7308
212085,219392,219460,68,7307
212085,219390,219461,71,7305
212085,219392,219463,71,7307
212085,219392,219463,71,7307
212085,219392,219467,75,7307
212085,219393,219469,76,7308
212085,219399,219470,71,7314
212085,219394,219472,78,7309
212085,219399,219472,73,7314
212085,219394,219474,80,7309
212085,219403,219476,73,7318
212085,219401,219477,76,7316
212085,219405,219479,74,7320
212085,219404,219479,75,7319
212085,219414,219481,67,7329
212085,219409,219481,72,7324
212085,219405,219482,77,7320
212085,219404,219482,78,7319
212085,219405,219483,78,7320
212085,219410,219483,73,7325
212085,219408,219484,76,7323
212085,219414,219485,71,7329
212085,219409,219485,76,7324
212085,219404,219487,83,7319
212085,219411,219488,77,7326
212085,219408,219489,81,7323
212085,219408,219490,82,7323
212085,219412,219490,78,7327
212085,219421,219491,70,7336
212085,219417,219492,75,7332
212085,219406,219492,86,7321
212085,219418,219491,73,7333
212085,219421,219492,71,7336
212085,219411,219492,81,7326
212085,219420,219492,72,7335
212085,219413,219494,81,7328
212085,219428,219495,67,7343
212085,219426,219496,70,7341
212085,219421,219496,75,7336
212085,219427,219497,70,7342
212085,219419,219496,77,7334
212085,219422,219497,75,7337
212085,219424,219497,73,7339
212085,219416,219497,81,7331
212085,219430,219499,69,7345
212085,219428,219500,72,7343
212085,219419,219499,80,7334
212085,219426,219500,74,7341
212085,219430,219500,70,7345
212085,219428,219500,72,7343
212085,219416,219500,84,7331
212085,219421,219500,79,7336
212085,219417,219501,84,7332
212085,219424,219502,78,7339
212085,219425,219503,78,7340
212085,219428,219504,76,7343
212085,219430,219504,74,7345
212085,219433,219504,71,7348
212085,219435,219505,70,7350
212085,219441,219506,65,7356
212085,219432,219507,75,7347
212085,219442,219507,65,7357
212085,219435,219508,73,7350
212085,219432,219508,76,7347
212085,219434,219508,74,7349
212085,219430,219510,80,7345
212085,219429,219510,81,7344
212085,219433,219510,77,7348
212085,219433,219511,78,7348
212085,219430,219512,82,7345
212085,219440,219511,71,7355
212085,219448,219513,65,7363
212085,219437,219514,77,7352
212085,219430,219516,86,7345
212085,219437,219517,80,7352
212085,219441,219518,77,7356
212085,219436,219522,86,7351
212085,219453,219523,70,7368
212085,219461,219528,67,7376
212085,219457,219529,72,7372
212085,219463,219531,68,7378
212085,219449,219534,85,7364
212085,219461,219535,74,7376
212085,219463,219536,73,7378
212085,219470,219539,69,7385
212085,219474,219541,67,7389
212085,219471,219541,70,7386
212085,219477,219542,65,7392
212085,219467,219545,78,7382
212085,219473,219546,73,7388
212085,219484,219546,62,7399
212085,219481,219548,67,7396
212085,219479,219548,69,7394
212085,219478,219549,71,7393
212085,219483,219549,66,7398
212085,219483,219550,67,7398
212085,219473,219552,79,7388
212085,219489,219552,63,7404
212085,219491,219553,62,7406
212312,219492,219553,61,7180
212312,219493,219554,61,7181
212085,219480,219555,75,7395
212085,219482,219555,73,7397
212085,219485,219555,70,7400
212085,219485,219556,71,7400
212312,219497,219557,60,7185
212312,219493,219557,64,7181
212085,219488,219559,71,7403
212312,219493,219560,67,7181
212312,219497,219560,63,7185
212085,219483,219561,78,7398
212085,219485,219562,77,7400
212085,219491,219563,72,7406
212312,219497,219563,66,7185
212312,219501,219563,62,7189
212085,219488,219564,76,7403
212312,219492,219564,72,7180
212312,219498,219566,68,7186
212312,219502,219566,64,7190
212312,219500,219566,66,7188
212312,219500,219567,67,7188
212312,219499,219567,68,7187
212312,219498,219567,69,7186
212312,219493,219568,75,7181
212312,219494,219568,74,7182
212312,219497,219569,72,7185
212312,219503,219569,66,7191
212312,219504,219570,66,7192
212312,219500,219570,70,7188
212312,219505,219570,65,7193
212312,219492,219570,78,7180
212312,219510,219570,60,7198
212312,219500,219571,71,7188
212312,219496,219572,76,7184
212312,219498,219573,75,7186
212312,219508,219573,65,7196
212312,219500,219574,74,7188
212312,219510,219574,64,7198
212312,219501,219575,74,7189
212312,219513,219575,62,7201
212312,219504,219575,71,7192
212312,219506,219575,69,7194
212312,219506,219575,69,7194
212312,219512,219576,64,7200
212312,219505,219576,71,7193
212312,219511,219576,65,7199
212312,219509,219576,67,7197
212312,219510,219578,68,7198
212312,219509,219580,71,7197
212312,219515,219581,66,7203
212312,219508,219581,73,7196
212312,219517,219582,65,7205
212312,219519,219582,63,7207
212312,219512,219582,70,7200
212312,219508,219587,79,7196
212312,219522,219588,66,7210
212312,219524,219592,68,7212
212312,219517,219595,78,7205
212312,219530,219594,64,7218
212312,219535,219601,66,7223
212312,219531,219603,72,7219
212312,219537,219604,67,7225
212312,219541,219605,64,7229
212312,219541,219606,65,7229
212312,219535,219607,72,7223
212312,219529,219609,80,7217
212312,219545,219609,64,7233
212312,219539,219609,70,7227
212312,219550,219613,63,7238
212312,219543,219614,71,7231
212312,219548,219614,66,7236
212312,219546,219616,70,7234
212312,219551,219615,64,7239
212312,219547,219617,70,7235
212312,219553,219618,65,7241
212312,219556,219620,64,7244
212312,219553,219621,68,7241
212312,219549,219623,74,7237
212312,219556,219624,68,7244
212312,219549,219623,74,7237
212312,219553,219624,71,7241
212312,219553,219626,73,7241
212312,219558,219626,68,7246
212312,219554,219627,73,7242
212312,219562,219627,65,7250
212312,219555,219628,73,7243
212312,219563,219630,67,7251
212312,219560,219632,72,7248
212312,219563,219631,68,7251
212312,219560,219633,73,7248
212312,219560,219632,72,7248
212312,219558,219632,74,7246
212312,219566,219634,68,7254
212312,219564,219634,70,7252
212312,219557,219636,79,7245
212312,219565,219636,71,7253
212312,219567,219636,69,7255
212312,219565,219637,72,7253
212312,219563,219639,76,7251
212312,219568,219639,71,7256
212312,219570,219639,69,7258
212312,219571,219640,69,7259
212312,219566,219640,74,7254
212312,219571,219640,69,7259
212312,219568,219640,72,7256
212312,219569,219640,71,7257
212312,219568,219640,72,7256
212312,219573,219641,68,7261
212312,219587,219642,55,7275
212312,219575,219641,66,7263
212312,219576,219643,67,7264
212312,219569,219643,74,7257
212312,219577,219643,66,7265
212312,219588,219644,56,7276
212312,219571,219644,73,7259
212312,219595,219646,51,7283
212312,219568,219646,78,7256
212312,219571,219646,75,7259
212312,219574,219646,72,7262
212312,219595,219647,52,7283
212312,219571,219647,76,7259
212312,219572,219646,74,7260
212312,219575,219648,73,7263
212312,219592,219650,58,7280
212312,219602,219650,48,7290
212312,219574,219650,76,7262
212312,219576,219650,74,7264
212312,219576,219650,74,7264
212312,219582,219650,68,7270
212312,219576,219652,76,7264
212312,219581,219652,71,7269
212312,219576,219652,76,7264
212312,219579,219651,72,7267
212312,219577,219654,77,7265
212312,219582,219654,72,7270
212312,219583,219654,71,7271
212312,219603,219654,51,7291
212312,219575,219654,79,7263
212312,219583,219655,72,7271
212312,219577,219654,77,7265
212312,219582,219658,76,7270
212312,219610,219668,58,7298
212312,219605,219669,64,7293
212312,219605,219670,65,7293
212312,219607,219672,65,7295
212312,219609,219674,65,7297
212312,219607,219675,68,7295
212312,219616,219680,64,7304
212312,219615,219681,66,7303
212312,219615,219681,66,7303
212312,219614,219684,70,7302
212312,219610,219685,75,7298
212312,219627,219687,60,7315
212312,219616,219691,75,7304
212312,219619,219693,74,7307
212312,219628,219696,68,7316
212312,219624,219697,73,7312
212312,219628,219698,70,7316
212312,219621,219698,77,7309
212312,219618,219698,80,7306
212312,219624,219699,75,7312
212312,219624,219701,77,7312
212312,219631,219702,71,7319
212312,219621,219702,81,7309
212312,219635,219704,69,7323
212312,219627,219704,77,7315
212312,219625,219707,82,7313
212312,219633,219706,73,7321
212312,219627,219707,80,7315
212312,219633,219708,75,7321
212312,219635,219708,73,7323
212312,219636,219708,72,7324
212312,219637,219709,72,7325
212312,219641,219710,69,7329
212312,219632,219711,79,7320
212312,219641,219712,71,7329
212312,219633,219712,79,7321
212312,219637,219713,76,7325
212312,219641,219714,73,7329
212312,219644,219715,71,7332
212312,219642,219716,74,7330
212312,219643,219716,73,7331
212312,219642,219716,74,7330
212312,219650,219718,68,7338
212312,219647,219719,72,7335
212312,219647,219719,72,7335
212312,219639,219720,81,7327
212312,219643,219719,76,7331
212312,219637,219720,83,7325
212312,219632,219720,88,7320
212312,219639,219720,81,7327
212312,219640,219721,81,7328
212312,219648,219722,74,7336
212312,219640,219722,82,7328
212312,219639,219722,83,7327
212312,219651,219723,72,7339
212312,219644,219723,79,7332
212312,219647,219724,77,7335
212312,219654,219724,70,7342
212312,219647,219725,78,7335
212312,219640,219725,85,7328
212312,219647,219725,78,7335
212312,219642,219726,84,7330
212312,219645,219725,80,7333
212312,219654,219726,72,7342
212312,219651,219726,75,7339
212312,219647,219726,79,7335
212312,219652,219727,75,7340
212312,219650,219726,76,7338
212312,219652,219727,75,7340
212312,219647,219727,80,7335
212312,219652,219728,76,7340
212312,219655,219728,73,7343
212312,219650,219730,80,7338
212312,219654,219730,76,7342
212312,219652,219731,79,7340
212312,219655,219733,78,7343
212312,219650,219733,83,7338
212312,219658,219738,80,7346
212312,219654,219737,83,7342
212312,219668,219738,70,7356
212312,219655,219738,83,7343
212312,219675,219739,64,7363
212312,219670,219740,70,7358
212312,219670,219743,73,7358
212312,219685,219748,63,7373
212312,219681,219749,68,7369
212312,219673,219750,77,7361
212312,219675,219752,77,7363
212312,219684,219755,71,7372
212312,219688,219756,68,7376
212312,219681,219756,75,7369
212312,219693,219756,63,7381
212312,219680,219756,76,7368
212312,219703,219761,58,7391
212312,219691,219762,71,7379
212312,219698,219765,67,7386
212312,219702,219764,62,7390
212312,219699,219765,66,7387
212312,219696,219765,69,7384
212312,219700,219769,69,7388
212312,219698,219769,71,7386
212312,219705,219771,66,7393
212312,219699,219771,72,7387
212312,219704,219772,68,7392
212312,219709,219773,64,7397
212312,219708,219774,66,7396
212312,219707,219775,68,7395
212552,219716,219777,61,7164
212312,219712,219778,66,7400
212552,219720,219778,58,7168
212552,219717,219778,61,7165
212552,219725,219782,57,7173
212552,219720,219782,62,7168
212312,219702,219782,80,7390
212312,219708,219783,75,7396
212552,219719,219783,64,7167
212552,219727,219783,56,7175
212312,219710,219783,73,7398
212312,219713,219783,70,7401
212552,219721,219784,63,7169
212552,219726,219783,57,7174
212312,219713,219784,71,7401
212552,219723,219784,61,7171
212552,219721,219784,63,7169
212312,219708,219785,77,7396
212552,219716,219785,69,7164
212552,219720,219786,66,7168
212312,219707,219786,79,7395
212312,219710,219786,76,7398
212552,219721,219788,67,7169
212552,219729,219787,58,7177
212552,219714,219788,74,7162
212552,219720,219789,69,7168
212552,219726,219790,64,7174
212552,219724,219790,66,7172
212552,219716,219790,74,7164
212552,219721,219790,69,7169
212552,219726,219792,66,7174
212552,219723,219791,68,7171
212552,219726,219792,66,7174
212312,219713,219792,79,7401
212552,219731,219793,62,7179
212552,219726,219794,68,7174
212552,219726,219795,69,7174
212552,219729,219794,65,7177
212552,219730,219795,65,7178
212552,219727,219797,70,7175
212552,219728,219797,69,7176
212552,219728,219797,69,7176
212552,219732,219799,67,7180
212552,219723,219798,75,7171
212552,219726,219799,73,7174
212552,219723,219800,77,7171
212552,219727,219801,74,7175
212552,219733,219801,68,7181
212552,219734,219802,68,7182
212552,219739,219803,64,7187
212552,219739,219807,68,7187
212552,219738,219807,69,7186
212552,219740,219807,67,7188
212552,219739,219807,68,7187
212552,219724,219810,86,7172
212552,219738,219811,73,7186
212552,219743,219813,70,7191
212552,219749,219816,67,7197
212552,219751,219821,70,7199
212552,219757,219822,65,7205
212552,219757,219823,66,7205
212552,219756,219824,68,7204
212552,219757,219825,68,7205
212552,219762,219826,64,7210
212552,219752,219826,74,7200
212552,219750,219827,77,7198
212552,219757,219827,70,7205
212552,219766,219834,68,7214
212552,219763,219833,70,7211
212552,219765,219834,69,7213
212552,219766,219836,70,7214
212552,219773,219836,63,7221
212552,219765,219836,71,7213
212552,219771,219838,67,7219
212552,219769,219838,69,7217
212552,219775,219840,65,7223
212552,219770,219841,71,7218
212552,219778,219844,66,7226
212552,219771,219844,73,7219
212552,219773,219847,74,7221
212552,219783,219848,65,7231
212552,219782,219849,67,7230
212552,219776,219849,73,7224
212552,219783,219850,67,7231
212552,219779,219850,71,7227
212552,219777,219850,73,7225
212552,219785,219850,65,7233
212552,219778,219851,73,7226
212552,219784,219852,68,7232
212552,219788,219854,66,7236
212552,219784,219854,70,7232
212552,219783,219854,71,7231
212552,219786,219855,69,7234
212552,219788,219855,67,7236
212552,219791,219856,65,7239
212552,219790,219856,66,7238
212552,219786,219856,70,7234
212552,219789,219856,67,7237
212552,219783,219857,74,7231
212552,219782,219857,75,7230
212552,219790,219858,68,7238
212552,219785,219858,73,7233
212552,219786,219859,73,7234
212552,219786,219860,74,7234
212552,219783,219860,77,7231
212552,219785,219860,75,7233
212552,219787,219860,73,7235
212552,219792,219862,70,7240
212552,219784,219862,78,7232
212552,219795,219864,69,7243
212552,219797,219864,67,7245
212552,219798,219865,67,7246
212552,219791,219864,73,7239
212552,219791,219865,74,7239
212552,219792,219866,74,7240
212552,219792,219866,74,7240
212552,219793,219867,74,7241
212552,219796,219867,71,7244
212552,219795,219868,73,7243
212552,219799,219870,71,7247
212552,219798,219869,71,7246
212552,219799,219870,71,7247
212552,219826,219870,44,7274
212552,219795,219870,75,7243
212552,219793,219870,77,7241
212552,219799,219871,72,7247
212552,219823,219871,48,7271
212552,219802,219872,70,7250
212552,219816,219872,56,7264
212552,219801,219873,72,7249
212552,219823,219874,51,7271
212552,219813,219875,62,7261
212552,219802,219876,74,7250
212552,219825,219876,51,7273
212552,219810,219877,67,7258
212552,219811,219877,66,7259
212552,219804,219879,75,7252
212552,219807,219880,73,7255
212552,219808,219879,71,7256
212552,219808,219880,72,7256
212552,219807,219880,73,7255
212552,219801,219880,79,7249
212552,219827,219881,54,7275
212552,219822,219882,60,7270
212552,219827,219883,56,7275
212552,219828,219888,60,7276
212552,219835,219889,54,7283
212552,219834,219896,62,7282
212552,219836,219897,61,7284
212552,219826,219899,73,7274
212552,219839,219904,65,7287
212552,219837,219907,70,7285
212552,219840,219908,68,7288
212552,219855,219909,54,7303
212552,219834,219911,77,7282
212552,219836,219912,76,7284
212552,219839,219915,76,7287
212552,219849,219916,67,7297
212552,219854,219918,64,7302
212552,219844,219918,74,7292
212552,219845,219918,73,7293
212552,219847,219920,73,7295
212552,219850,219922,72,7298
212552,219841,219924,83,7289
212552,219865,219925,60,7313
212552,219851,219926,75,7299
212552,219850,219926,76,7298
212552,219850,219927,77,7298
212552,219861,219926,65,7309
212552,219851,219927,76,7299
212552,219855,219928,73,7303
212552,219850,219929,79,7298
212552,219853,219929,76,7301
212552,219861,219932,71,7309
212552,219857,219932,75,7305
212552,219856,219932,76,7304
212552,219860,219933,73,7308
212552,219855,219934,79,7303
212552,219859,219936,77,7307
212552,219851,219935,84,7299
212552,219856,219936,80,7304
212552,219861,219935,74,7309
212552,219867,219935,68,7315
212552,219858,219937,79,7306
212552,219857,219938,81,7305
212552,219857,219938,81,7305
212552,219858,219938,80,7306
212552,219865,219939,74,7313
212552,219863,219940,77,7311
212552,219871,219939,68,7319
212552,219866,219939,73,7314
212552,219867,219941,74,7315
212552,219860,219942,82,7308
212552,219866,219942,76,7314
212552,219865,219942,77,7313
212552,219867,219943,76,7315
212552,219863,219943,80,7311
212552,219876,219943,67,7324
212552,219858,219944,86,7306
212552,219871,219944,73,7319
212552,219873,219945,72,7321
212552,219876,219946,70,7324
212552,219870,219945,75,7318
212552,219871,219945,74,7319
212552,219874,219947,73,7322
212552,219872,219947,75,7320
212552,219868,219947,79,7316
212552,219870,219948,78,7318
212552,219865,219949,84,7313
212552,219881,219949,68,7329
212552,219879,219949,70,7327
212552,219872,219951,79,7320
212552,219877,219951,74,7325
212552,219882,219950,68,7330
212552,219880,219951,71,7328
212552,219873,219951,78,7321
212552,219871,219951,80,7319
212552,219878,219952,74,7326
212552,219874,219952,78,7322
212552,219881,219954,73,7329
212552,219882,219955,73,7330
212552,219880,219955,75,7328
212552,219881,219955,74,7329
212552,219897,219960,63,7345
212552,219878,219960,82,7326
212552,219883,219962,79,7331
212552,219890,219963,73,7338
212552,219897,219965,68,7345
212552,219900,219965,65,7348
212552,219889,219971,82,7337
212552,219904,219972,68,7352
212552,219909,219976,67,7357
212552,219912,219978,66,7360
212552,219910,219980,70,7358
212552,219913,219981,68,7361
212552,219908,219985,77,7356
212552,219916,219986,70,7364
212552,219918,219987,69,7366
212552,219918,219988,70,7366
212552,219918,219989,71,7366
212552,219917,219989,72,7365
212552,219920,219990,70,7368
212552,219926,219991,65,7374
212552,219927,219992,65,7375
212552,219922,219992,70,7370
212552,219925,219995,70,7373
212552,219926,219997,71,7374
212552,219928,219997,69,7376
212791,219939,219997,58,7148
212791,219938,219998,60,7147
212552,219933,219998,65,7381
212552,219926,219999,73,7374
212552,219930,220000,70,7378
212552,219929,220001,72,7377
212791,219936,220002,66,7145
212552,219927,220002,75,7375
212791,219940,220002,62,7149
212552,219932,220002,70,7380
212791,219936,220002,66,7145
212552,219928,220002,74,7376
212552,219936,220004,68,7384
212791,219939,220005,66,7148
212791,219939,220006,67,7148
212791,219944,220006,62,7153
212552,219936,220007,71,7384
212552,219934,220007,73,7382
212791,219947,220008,61,7156
212791,219942,220008,66,7151
212791,219940,220008,68,7149
212791,219943,220009,66,7152
212791,219936,220010,74,7145
212791,219950,220010,60,7159
212552,219932,220011,79,7380
212791,219937,220011,74,7146
212791,219943,220012,69,7152
212791,219944,220011,67,7153
212791,219943,220012,69,7152
212791,219943,220013,70,7152
212791,219951,220013,62,7160
212791,219940,220014,74,7149
212791,219943,220014,71,7152
212791,219952,220014,62,7161
212791,219951,220014,63,7160
212552,219935,220015,80,7383
212791,219952,220015,63,7161
212791,219951,220015,64,7160
212791,219945,220016,71,7154
212791,219948,220015,67,7157
212791,219946,220017,71,7155
212791,219950,220017,67,7159
212791,219946,220017,71,7155
212791,219953,220018,65,7162
212791,219950,220017,67,7159
212791,219953,220018,65,7162
212791,219956,220019,63,7165
212791,219946,220020,74,7155
212791,219949,220020,71,7158
212791,219951,220022,71,7160
212791,219956,220021,65,7165
212791,219960,220023,63,7169
212791,219947,220023,76,7156
212791,219944,220025,81,7153
212791,219954,220025,71,7163
212791,219960,220027,67,7169
212791,219963,220028,65,7172
212791,219956,220028,72,7165
212791,219963,220031,68,7172
212791,219965,220032,67,7174
212791,219966,220034,68,7175
212791,219973,220035,62,7182
212791,219971,220041,70,7180
212791,219978,220044,66,7187
212791,219976,220045,69,7185
212791,219981,220045,64,7190
212791,219986,220048,62,7195
212791,219986,220050,64,7195
212791,219987,220054,67,7196
212791,219982,220055,73,7191
212791,219989,220057,68,7198
212791,219989,220059,70,7198
212791,219998,220060,62,7207
212791,219993,220060,67,7202
212791,219991,220061,70,7200
212791,219989,220061,72,7198
212791,219998,220063,65,7207
212791,219993,220063,70,7202
212791,219997,220064,67,7206
212791,219991,220065,74,7200
212791,219999,220065,66,7208
212791,220002,220066,64,7211
212791,219999,220066,67,7208
212791,219995,220068,73,7204
212791,220002,220070,68,7211
212791,220003,220070,67,7212
212791,220003,220071,68,7212
212791,220007,220073,66,7216
212791,220009,220075,66,7218
212791,220008,220075,67,7217
212791,220003,220076,73,7212
212791,220006,220075,69,7215
212791,220003,220077,74,7212
212791,220005,220076,71,7214
212791,220000,220077,77,7209
212791,220008,220077,69,7217
212791,220003,220078,75,7212
212791,220001,220078,77,7210
212791,220035,220078,43,7244
212791,220008,220079,71,7217
212791,220012,220080,68,7221
212791,220008,220081,73,7217
212791,220009,220082,73,7218
212791,220011,220082,71,7220
212791,220013,220083,70,7222
212791,220016,220083,67,7225
212791,220014,220083,69,7223
212791,220016,220084,68,7225
212791,220007,220084,77,7216
212791,220010,220083,73,7219
212791,220018,220084,66,7227
212791,220012,220084,72,7221
212791,220018,220085,67,7227
212791,220015,220086,71,7224
212791,220014,220085,71,7223
212791,220012,220086,74,7221
212791,220022,220088,66,7231
212791,220017,220088,71,7226
212791,220035,220088,53,7244
212791,220014,220089,75,7223
212791,220015,220089,74,7224
212791,220017,220089,72,7226
212791,220033,220089,56,7242
212791,220020,220090,70,7229
212791,220016,220089,73,7225
212791,220016,220091,75,7225
212791,220020,220091,71,7229
212791,220015,220091,76,7224
212791,220014,220091,77,7223
212791,220019,220092,73,7228
212791,220019,220093,74,7228
212791,220032,220093,61,7241
212791,220042,220093,51,7251
212791,220018,220093,75,7227
212791,220044,220093,49,7253
212791,220024,220095,71,7233
212791,220012,220094,82,7221
212791,220025,220095,70,7234
212791,220022,220097,75,7231
212791,220046,220099,53,7255
212791,220025,220100,75,7234
212791,220029,220100,71,7238
212791,220028,220101,73,7237
212791,220024,220101,77,7233
212791,220051,220102,51,7260
212791,220049,220102,53,7258
212791,220027,220103,76,7236
212791,220045,220106,61,7254
212791,220056,220114,58,7265
212791,220059,220120,61,7268
212791,220061,220121,60,7270
212791,220055,220123,68,7264
212791,220058,220124,66,7267
212791,220062,220126,64,7271
212791,220066,220128,62,7275
212791,220061,220131,70,7270
212791,220061,220132,71,7270
212791,220064,220134,70,7273
212791,220064,220137,73,7273
212791,220070,220138,68,7279
212791,220066,220138,72,7275
212791,220066,220140,74,7275
212791,220069,220140,71,7278
212791,220067,220141,74,7276
212791,220064,220143,79,7273
212791,220077,220145,68,7286
212791,220072,220146,74,7281
212791,220074,220147,73,7283
212791,220083,220147,64,7292
212791,220075,220149,74,7284
212791,220076,220151,75,7285
212791,220075,220151,76,7284
212791,220079,220152,73,7288
212791,220078,220152,74,7287
212791,220076,220153,77,7285
212791,220082,220154,72,7291
212791,220081,220154,73,7290
212791,220084,220154,70,7293
212791,220071,220155,84,7280
212791,220078,220156,78,7287
212791,220087,220156,69,7296
212791,220077,220156,79,7286
212791,220077,220157,80,7286
212791,220088,220158,70,7297
212791,220083,220158,75,7292
212791,220084,220159,75,7293
212791,220084,220159,75,7293
212791,220078,220160,82,7287
212791,220086,220160,74,7295
212791,220086,220161,75,7295
212791,220090,220162,72,7299
212791,220086,220162,76,7295
212791,220077,220163,86,7286
212791,220082,220163,81,7291
212791,220084,220162,78,7293
212791,220094,220163,69,7303
212791,220094,220163,69,7303
212791,220092,220164,72,7301
212791,220095,220164,69,7304
212791,220085,220165,80,7294
212791,220084,220164,80,7293
212791,220085,220165,80,7294
212791,220093,220165,72,7302
212791,220095,220166,71,7304
212791,220093,220166,73,7302
212791,220094,220167,73,7303
212791,220089,220166,77,7298
212791,220089,220167,78,7298
212791,220093,220168,75,7302
212791,220089,220167,78,7298
212791,220092,220167,75,7301
212791,220095,220168,73,7304
212791,220099,220168,69,7308
212791,220091,220168,77,7300
212791,220100,220170,70,7309
212791,220089,220169,80,7298
212791,220101,220170,69,7310
212791,220091,220171,80,7300
212791,220097,220171,74,7306
212791,220090,220171,81,7299
212791,220090,220171,81,7299
212791,220089,220171,82,7298
212791,220103,220172,69,7312
212791,220114,220180,66,7323
212791,220101,220179,78,7310
212791,220102,220181,79,7311
212791,220102,220181,79,7311
212791,220102,220182,80,7311
212791,220123,220188,65,7332
212791,220122,220188,66,7331
212791,220120,220189,69,7329
212791,220106,220189,83,7315
212791,220126,220193,67,7335
212791,220129,220199,70,7338
212791,220125,220201,76,7334
212791,220132,220201,69,7341
212791,220132,220204,72,7341
212791,220139,220206,67,7348
212791,220138,220207,69,7347
212791,220140,220208,68,7349
212791,220142,220209,67,7351
212791,220135,220210,75,7344
212791,220139,220210,71,7348
212791,220145,220211,66,7354
212791,220144,220212,68,7353
212791,220140,220213,73,7349
212791,220147,220215,68,7356
212791,220155,220214,59,7364
212791,220154,220216,62,7363
212791,220152,220217,65,7361
212791,220148,220217,69,7357
212791,220153,220220,67,7362
213024,220159,220220,61,7135
212791,220157,220220,63,7366
212791,220153,220220,67,7362
212791,220149,220221,72,7358
212791,220154,220221,67,7363
213024,220162,220222,60,7138
212791,220147,220222,75,7356
213024,220158,220223,65,7134
212791,220151,220225,74,7360
213024,220160,220226,66,7136
213024,220159,220226,67,7135
212791,220155,220226,71,7364
213024,220164,220228,64,7140
212791,220157,220229,72,7366
213024,220160,220230,70,7136
213024,220159,220230,71,7135
213024,220163,220230,67,7139
213024,220165,220230,65,7141
213024,220162,220231,69,7138
213024,220161,220232,71,7137
212791,220156,220232,76,7365
213024,220167,220233,66,7143
213024,220163,220233,70,7139
213024,220168,220234,66,7144
213024,220163,220234,71,7139
213024,220167,220234,67,7143
212791,220157,220233,76,7366
213024,220166,220234,68,7142
213024,220169,220235,66,7145
213024,220163,220235,72,7139
213024,220169,220235,66,7145
213024,220168,220235,67,7144
213024,220166,220235,69,7142
213024,220165,220236,71,7141
213024,220165,220235,70,7141
213024,220168,220236,68,7144
213024,220168,220236,68,7144
213024,220171,220237,66,7147
213024,220172,220237,65,7148
213024,220165,220236,71,7141
213024,220172,220238,66,7148
213024,220173,220238,65,7149
213024,220172,220238,66,7148
213024,220163,220238,75,7139
213024,220166,220239,73,7142
213024,220170,220240,70,7146
213024,220165,220241,76,7141
213024,220172,220240,68,7148
213024,220170,220242,72,7146
213024,220170,220242,72,7146
213024,220181,220243,62,7157
213024,220169,220243,74,7145
213024,220183,220243,60,7159
213024,220180,220244,64,7156
213024,220180,220244,64,7156
213024,220181,220248,67,7157
213024,220188,220252,64,7164
213024,220188,220257,69,7164
213024,220193,220258,65,7169
213024,220190,220260,70,7166
213024,220189,220261,72,7165
213024,220204,220266,62,7180
213024,220200,220269,69,7176
213024,220201,220269,68,7177
213024,220201,220271,70,7177
213024,220207,220271,64,7183
213024,220209,220275,66,7185
213024,220211,220277,66,7187
213024,220212,220278,66,7188
213024,220214,220277,63,7190
213024,220209,220278,69,7185
213024,220207,220279,72,7183
213024,220210,220279,69,7186
213024,220211,220280,69,7187
213024,220216,220281,65,7192
213024,220215,220282,67,7191
213024,220218,220284,66,7194
213024,220215,220284,69,7191
213024,220217,220288,71,7193
213024,220221,220289,68,7197
213024,220223,220290,67,7199
213024,220221,220291,70,7197
213024,220221,220291,70,7197
213024,220220,220291,71,7196
213024,220222,220292,70,7198
213024,220227,220294,67,7203
213024,220222,220294,72,7198
213024,220227,220295,68,7203
213024,220225,220297,72,7201
213024,220226,220297,71,7202
213024,220252,220297,45,7228
213024,220231,220297,66,7207
213024,220231,220297,66,7207
213024,220224,220298,74,7200
213024,220222,220299,77,7198
213024,220234,220300,66,7210
213024,220230,220301,71,7206
213024,220233,220302,69,7209
213024,220234,220301,67,7210
213024,220234,220302,68,7210
213024,220235,220302,67,7211
213024,220229,220303,74,7205
213024,220234,220304,70,7210
213024,220235,220304,69,7211
213024,220230,220304,74,7206
213024,220234,220304,70,7210
213024,220232,220305,73,7208
213024,220238,220306,68,7214
213024,220231,220307,76,7207
213024,220234,220307,73,7210
213024,220236,220308,72,7212
213024,220236,220307,71,7212
213024,220232,220309,77,7208
213024,220236,220309,73,7212
213024,220237,220308,71,7213
213024,220237,220310,73,7213
213024,220237,220310,73,7213
213024,220242,220311,69,7218
213024,220234,220311,77,7210
213024,220239,220311,72,7215
213024,220248,220311,63,7224
213024,220241,220312,71,7217
213024,220237,220313,76,7213
213024,220238,220313,75,7214
213024,220267,220314,47,7243
213024,220243,220314,71,7219
213024,220236,220314,78,7212
213024,220245,220315,70,7221
213024,220237,220316,79,7213
213024,220238,220315,77,7214
213024,220243,220315,72,7219
213024,220260,220315,55,7236
213024,220241,220316,75,7217
213024,220258,220316,58,7234
213024,220244,220316,72,7220
213024,220243,220317,74,7219
213024,220242,220317,75,7218
213024,220235,220317,82,7211
213024,220261,220319,58,7237
213024,220270,220319,49,7246
213024,220239,220320,81,7215
213024,220241,220322,81,7217
213024,220258,220323,65,7234
213024,220270,220331,61,7246
213024,220275,220334,59,7251
213024,220272,220335,63,7248
213024,220280,220334,54,7256
213024,220272,220336,64,7248
213024,220278,220338,60,7254
213024,220278,220340,62,7254
213024,220278,220341,63,7254
213024,220279,220344,65,7255
213024,220282,220350,68,7258
213024,220280,220353,73,7256
213024,220283,220356,73,7259
213024,220285,220357,72,7261
213024,220289,220359,70,7265
213024,220285,220360,75,7261
213024,220281,220359,78,7257
213024,220290,220360,70,7266
213024,220292,220360,68,7268
213024,220290,220366,76,7266
213024,220295,220367,72,7271
213024,220291,220368,77,7267
213024,220298,220371,73,7274
213024,220298,220371,73,7274
213024,220298,220371,73,7274
213024,220295,220371,76,7271
213024,220301,220372,71,7277
213024,220302,220373,71,7278
213024,220295,220372,77,7271
213024,220308,220373,65,7284
213024,220298,220374,76,7274
213024,220305,220375,70,7281
213024,220302,220376,74,7278
213024,220302,220377,75,7278
213024,220305,220376,71,7281
213024,220298,220377,79,7274
213024,220292,220376,84,7268
213024,220299,220377,78,7275
213024,220292,220379,87,7268
213024,220305,220379,74,7281
213024,220299,220380,81,7275
213024,220306,220380,74,7282
213024,220304,220381,77,7280
213024,220310,220380,70,7286
213024,220309,220381,72,7285
213024,220314,220382,68,7290
213024,220304,220383,79,7280
213024,220321,220383,62,7297
213024,220309,220382,73,7285
213024,220311,220384,73,7287
213024,220312,220385,73,7288
213024,220308,220384,76,7284
213024,220312,220385,73,7288
213024,220308,220385,77,7284
213024,220307,220386,79,7283
213024,220316,220386,70,7292
213024,220309,220386,77,7285
213024,220302,220387,85,7278
213024,220316,220386,70,7292
213024,220317,220387,70,7293
213024,220303,220387,84,7279
213024,220315,220387,72,7291
213024,220317,220389,72,7293
213024,220318,220389,71,7294
213024,220314,220389,75,7290
213024,220314,220390,76,7290
213024,220317,220390,73,7293
213024,220322,220390,68,7298
213024,220312,220390,78,7288
213024,220312,220391,79,7288
213024,220314,220391,77,7290
213024,220305,220390,85,7281
213024,220320,220391,71,7296
213024,220318,220391,73,7294
213024,220318,220392,74,7294
213024,220312,220392,80,7288
213024,220319,220392,73,7295
213024,220316,220393,77,7292
213024,220316,220394,78,7292
213024,220315,220398,83,7291
213024,220324,220401,77,7300
213024,220335,220405,70,7311
213024,220335,220408,73,7311
213024,220335,220408,73,7311
213024,220332,220408,76,7308
213024,220336,220409,73,7312
213024,220340,220410,70,7316
213024,220342,220411,69,7318
213024,220339,220415,76,7315
213024,220351,220419,68,7327
213024,220359,220419,60,7335
213024,220360,220421,61,7336
213024,220353,220422,69,7329
213024,220345,220424,79,7321
213024,220361,220425,64,7337
213024,220361,220430,69,7337
213024,220357,220430,73,7333
213024,220356,220431,75,7332
213024,220374,220431,57,7350
213024,220372,220433,61,7348
213024,220373,220433,60,7349
213024,220360,220434,74,7336
213024,220372,220434,62,7348
213024,220366,220436,70,7342
213024,220377,220436,59,7353
213024,220371,220438,67,7347
213024,220377,220438,61,7353
213024,220371,220438,67,7347
213024,220373,220439,66,7349
213024,220369,220440,71,7345
213024,220377,220439,62,7353
213024,220367,220442,75,7343
213024,220372,220443,71,7348
213024,220376,220443,67,7352
213024,220377,220446,69,7353
213024,220374,220447,73,7350
213024,220377,220447,70,7353
213024,220378,220448,70,7354
223716,223716,223717,1,0
223716,223716,223717,1,0
223717,223717,223718,1,0
223718,223718,223719,1,0
223721,223721,223722,1,0
223722,223722,223723,1,0
223723,223723,223724,1,0
223724,223724,223725,1,0
223726,223726,223727,1,0
223728,223728,223729,1,0
224030,224030,224031,1,0
224030,224030,224031,1,0
224030,224030,224031,1,0
224031,224031,224032,1,0
224031,224031,224039,8,0
224064,224064,225493,1429,0
224064,224064,225493,1429,0
224064,224064,225493,1429,0
224065,224065,225493,1428,0
224064,224064,225493,1429,0
224065,224065,225493,1428,0
224065,224065,225493,1428,0
224065,224065,225493,1428,0
224065,224065,225493,1428,0
224064,224064,225493,1429,0
225241,225244,225536,292,3
226277,226280,227111,831,3
227074,227113,228468,1355,39
229356,229357,229361,4,1
230598,230598,230599,1,0
230599,230599,230600,1,0
230599,230599,230600,1,0
230600,230600,230601,1,0
230601,230601,230602,1,0
230602,230602,230603,1,0
230603,230603,230604,1,0
230604,230604,230605,1,0
230605,230605,230606,1,0
230606,230606,230607,1,0
230606,230606,230607,1,0
230607,230607,230608,1,0
230608,230608,230609,1,0
230609,230609,230610,1,0
230610,230610,230611,1,0
230611,230611,230612,1,0
230612,230612,230613,1,0
230613,230613,230614,1,0
230613,230613,230614,1,0
230614,230614,230615,1,0
230615,230615,230616,1,0
230616,230616,230617,1,0
230617,230617,230618,1,0
230618,230618,230619,1,0
230619,230619,230620,1,0
230620,230620,230621,1,0
230621,230621,230622,1,0
230622,230622,230623,1,0
230623,230623,230624,1,0
230624,230624,230625,1,0
230625,230625,230626,1,0
230626,230626,230627,1,0
230627,230627,230628,1,0
230628,230628,230629,1,0
230629,230629,230630,1,0
230630,230630,230631,1,0
230630,230630,230631,1,0
230631,230631,230632,1,0
230632,230632,230633,1,0
230633,230633,230634,1,0
230634,230634,230635,1,0
230635,230635,230636,1,0
230636,230636,230637,1,0
230637,230637,230638,1,0
230638,230638,230639,1,0
230639,230639,230640,1,0
230640,230640,230641,1,0
230640,230640,230641,1,0
230641,230641,230642,1,0
230642,230642,230643,1,0
230643,230643,230644,1,0
230644,230644,230645,1,0
230645,230645,230646,1,0
230646,230646,230647,1,0
230647,230647,230648,1,0
230648,230648,230649,1,0
230649,230649,230650,1,0
230650,230650,230651,1,0
230650,230650,230651,1,0
230651,230651,230652,1,0
230652,230652,230653,1,0
230653,230653,230654,1,0
230653,230653,230654,1,0
230654,230654,230655,1,0
230655,230655,230656,1,0
230656,230656,230657,1,0
230656,230656,230657,1,0
230657,230657,230658,1,0
230658,230658,230659,1,0
230659,230659,230660,1,0
230764,230765,230766,1,1
230765,230765,230767,2,0
230766,230766,230768,2,0
230767,230767,230769,2,0
230768,230768,230770,2,0
230768,230768,230771,3,0
230769,230769,230771,2,0
230770,230770,230772,2,0
230771,230771,230773,2,0
230772,230772,230774,2,0
230773,230773,230775,2,0
230774,230774,230776,2,0
230775,230775,230777,2,0
230775,230776,230778,2,1
230776,230776,230778,2,0
230777,230777,230779,2,0
230778,230778,230780,2,0
230779,230779,230781,2,0
230780,230780,230782,2,0
230781,230781,230783,2,0
230782,230782,230784,2,0
230783,230783,230785,2,0
230784,230784,230786,2,0
230784,230785,230787,2,1
230785,230785,230787,2,0
230786,230786,230788,2,0
230787,230787,230789,2,0
230788,230788,230790,2,0
230789,230789,230791,2,0
230790,230790,230792,2,0
230791,230791,230793,2,0
230792,230792,230794,2,0
230792,230793,230794,1,1
230793,230793,230795,2,0
230794,230794,230796,2,0
230795,230795,230797,2,0
230796,230796,230798,2,0
230797,230797,230799,2,0
230798,230798,230800,2,0
230799,230799,230801,2,0
230800,230800,230802,2,0
230801,230801,230803,2,0
230801,230802,230803,1,1
230802,230802,230804,2,0
230803,230803,230805,2,0
230804,230804,230806,2,0
230805,230805,230807,2,0
230806,230806,230808,2,0
230807,230807,230809,2,0
230808,230808,230810,2,0
230809,230809,230811,2,0
230809,230810,230812,2,1
230810,230810,230812,2,0
230811,230811,230813,2,0
230812,230812,230814,2,0
230813,230813,230815,2,0
230814,230814,230816,2,0
230815,230815,230817,2,0
230816,230816,230818,2,0
230817,230817,230819,2,0
230817,230818,230819,1,1
230818,230818,230821,3,0
230819,230819,230821,2,0
230820,230820,230822,2,0
230821,230821,230823,2,0
230822,230822,230824,2,0
230823,230823,230825,2,0
230824,230824,230826,2,0
230825,230825,230827,2,0
230825,230826,230828,2,1
230826,230826,230828,2,0
230827,230827,230829,2,0
230828,230828,230830,2,0
230829,230829,230831,2,0
230830,230830,230832,2,0
230831,230831,230833,2,0
230832,230832,230833,1,0
230832,230832,230835,3,0
230833,230833,230835,2,0
230834,230834,230836,2,0
230835,230835,230837,2,0
230836,230836,230838,2,0
230837,230837,230839,2,0
230837,230838,230840,2,1
230838,230838,230840,2,0
230839,230839,230841,2,0
230840,230840,230842,2,0
230841,230841,230843,2,0
230842,230842,230844,2,0
230843,230843,230845,2,0
230843,230844,230845,1,1
230844,230844,230846,2,0
230845,230845,230847,2,0
230846,230846,230848,2,0
230847,230847,230849,2,0
230848,230848,230850,2,0
230849,230849,230851,2,0
230850,230850,230852,2,0
230850,230850,230852,2,0
230851,230851,230853,2,0
230852,230852,230854,2,0
230853,230853,230855,2,0
230854,230854,230856,2,0
230855,230855,230856,1,0
230855,230855,230857,2,0
230856,230856,230858,2,0
230857,230857,230859,2,0
230858,230858,230860,2,0
230859,230859,230861,2,0
230860,230860,230862,2,0
230860,230860,230862,2,0
230861,230861,230863,2,0
230862,230862,230864,2,0
230863,230863,230865,2,0
230864,230864,230866,2,0
230865,230865,230867,2,0
230865,230865,230867,2,0
230866,230866,230868,2,0
230867,230867,230869,2,0
230868,230868,230870,2,0
230869,230869,230871,2,0
230871,230871,230872,1,0
230870,230870,230872,2,0
230871,230871,230873,2,0
230872,230872,230874,2,0
230873,230873,230875,2,0
230875,230875,230877,2,0
230874,230874,230876,2,0
230876,230876,230877,1,0
230876,230876,230879,3,0
230877,230877,230879,2,0
230878,230878,230880,2,0
230879,230879,230881,2,0
230880,230880,230882,2,0
230881,230881,230883,2,0
230882,230882,230884,2,0
230882,230882,230884,2,0
230883,230883,230885,2,0
230884,230884,230886,2,0
230885,230885,230887,2,0
230886,230887,230888,1,1
230886,230886,230888,2,0
230887,230887,230889,2,0
230888,230888,230890,2,0
230889,230889,230891,2,0
230891,230891,230892,1,0
230890,230890,230892,2,0
230891,230891,230893,2,0
230892,230892,230894,2,0
230893,230893,230895,2,0
230894,230894,230896,2,0
230895,230895,230897,2,0
230896,230896,230897,1,0
230896,230896,230898,2,0
230897,230897,230899,2,0
230898,230898,230900,2,0
230899,230899,230901,2,0
230900,230900,230901,1,0
230901,230901,230902,1,0
230902,230902,230904,2,0
230901,230901,230904,3,0
230903,230903,230905,2,0
230904,230904,230906,2,0
230905,230905,230907,2,0
230906,230906,230908,2,0
230906,230906,230908,2,0
230907,230907,230910,3,0
230908,230908,230910,2,0
230909,230909,230911,2,0
230910,230911,230912,1,1
230910,230910,230912,2,0
229620,229623,230995,1372,3
231368,231368,231422,54,0
231361,231361,231696,335,0
231369,231369,231814,445,0
231370,231370,231901,531,0
231371,231371,231904,533,0
231369,231369,232017,648,0
231368,231368,232131,763,0
231362,231363,232146,783,1
231366,231366,232302,936,0
231362,231362,232532,1170,0
231367,231367,232537,1170,0
231360,231360,232552,1192,0
231358,231359,232872,1513,1
231367,231367,232907,1540,0
231366,231366,232940,1574,0
231366,231366,233555,2189,0
231359,231359,233595,2236,0
231370,231370,253898,22528,0
231369,231369,255864,24495,0
231369,231369,258115,26746,0
231358,231358,258597,27239,0
231368,231368,260460,29092,0
231371,231371,260594,29223,0
231369,231369,260647,29278,0
231370,231370,260797,29427,0
231368,231368,261497,30129,0
231368,231368,262463,31095,0
231367,231367,263758,32391,0
231371,231371,264170,32799,0
231370,231370,264446,33076,0
231366,231366,264692,33326,0
231370,231370,265634,34264,0
231359,231359,265876,34517,0
231365,231365,269829,38464,0
231364,231364,270367,39003,0
231361,231361,272360,40999,0
231369,231369,272371,41002,0
231362,231362,272394,41032,0
231370,231370,272726,41356,0
231364,231364,272879,41515,0
231364,231364,273375,42011,0
231368,231368,273874,42506,0
231365,231365,274349,42984,0
231361,231361,276180,44819,0
231368,231368,276664,45296,0
231368,231368,277487,46119,0
231363,231363,277864,46501,0
231359,231359,278222,46863,0
231366,231367,279357,47990,1
231363,231363,281356,49993,0
231361,231362,281514,50152,1
231363,231363,281971,50608,0
231363,231363,282117,50754,0
231363,231363,282419,51056,0
231362,231362,282828,51466,0
231364,231364,283450,52086,0
231361,231361,283873,52512,0
231362,231362,284776,53414,0
231359,231359,284805,53446,0
284150,284150,285160,1010,0
231365,231365,285701,54336,0
231367,231367,285799,54432,0
285165,285165,286170,1005,0
231360,231360,286305,54945,0
286178,286178,286527,349,0
231358,231358,287335,55977,0
231366,231366,287814,56448,0
231360,231360,289328,57968,0
231364,231364,289369,58005,0
231361,231361,290267,58906,0
231363,231363,293317,61954,0
293846,293846,294847,1001,0
231358,231358,294941,63583,0
231366,231366,295833,64467,0
294851,294851,295854,1003,0
295863,295864,296191,327,1
231370,231370,297365,65995,0
231362,231362,297652,66290,0
231359,231359,297921,66562,0
231361,231361,298101,66740,0
231359,231359,299502,68143,0
231361,231361,299604,68243,0
231365,231365,299934,68569,0
231365,231365,301805,70440,0
231363,231363,306694,75331,0
231359,231359,306808,75449,0
231365,231365,310549,79184,0
231360,231360,310809,79449,0
231360,231360,311448,80088,0
311592,311592,311595,3,0
312548,312548,312553,5,0
312864,312864,312869,5,0
312864,312864,312870,6,0
312864,312864,312869,5,0
312864,312864,312869,5,0
312864,312864,312869,5,0
312864,312865,312870,5,1
312864,312865,312870,5,1
312864,312865,312871,6,1
312864,312864,312871,7,0
312864,312865,312870,5,1
312864,312864,312870,6,0
312864,312864,312870,6,0
312864,312865,312871,6,1
312864,312865,312870,5,1
312864,312864,312870,6,0
312864,312865,312870,5,1
312864,312865,312870,5,1
312864,312865,312870,5,1
312864,312865,312871,6,1
312864,312865,312871,6,1
312864,312865,312872,7,1
312864,312865,312872,7,1
312864,312864,312871,7,0
312864,312864,312871,7,0
312864,312865,312871,6,1
312864,312865,312871,6,1
312864,312865,312873,8,1
312864,312865,312872,7,1
312864,312865,312872,7,1
312864,312865,312872,7,1
312864,312865,312872,7,1
312864,312865,312872,7,1
312864,312865,312872,7,1
312864,312865,312872,7,1
312864,312865,312872,7,1
312864,312865,312872,7,1
312864,312865,312872,7,1
312864,312865,312872,7,1
312864,312865,312872,7,1
312864,312865,312873,8,1
312864,312865,312873,8,1
312864,312865,312873,8,1
312864,312865,312874,9,1
312864,312865,312874,9,1
312864,312865,312873,8,1
312864,312865,312874,9,1
312864,312865,312873,8,1
312864,312865,312873,8,1
312864,312865,312873,8,1
312864,312865,312873,8,1
312864,312865,312874,9,1
312864,312865,312873,8,1
312864,312870,312875,5,6
312864,312870,312875,5,6
312864,312870,312875,5,6
312864,312870,312875,5,6
312864,312865,312874,9,1
312864,312865,312874,9,1
312864,312865,312874,9,1
312864,312865,312874,9,1
312864,312865,312875,10,1
312864,312865,312874,9,1
312864,312871,312876,5,7
312864,312871,312876,5,7
312864,312871,312876,5,7
312864,312871,312876,5,7
312864,312871,312875,4,7
312864,312871,312877,6,7
312864,312870,312876,6,6
312864,312870,312876,6,6
312864,312871,312876,5,7
312864,312871,312876,5,7
312864,312872,312876,4,8
312864,312871,312877,6,7
312864,312871,312877,6,7
312864,312870,312876,6,6
312864,312871,312876,5,7
312864,312872,312877,5,8
312864,312872,312877,5,8
312864,312872,312878,6,8
312864,312872,312877,5,8
312864,312872,312877,5,8
312864,312872,312878,6,8
312864,312873,312878,5,9
312864,312873,312878,5,9
312864,312873,312879,6,9
312864,312873,312879,6,9
312864,312873,312879,6,9
312864,312873,312878,5,9
312864,312872,312879,7,8
312864,312873,312878,5,9
312864,312873,312879,6,9
312864,312873,312879,6,9
312864,312873,312879,6,9
312864,312873,312879,6,9
312864,312873,312879,6,9
312864,312875,312879,4,11
312864,312874,312880,6,10
312864,312875,312880,5,11
312864,312874,312880,6,10
312864,312874,312880,6,10
312864,312873,312880,7,9
312864,312874,312880,6,10
312864,312874,312880,6,10
312864,312875,312881,6,11
312864,312876,312881,5,12
312864,312876,312880,4,12
312864,312874,312881,7,10
312864,312874,312880,6,10
312864,312874,312881,7,10
312864,312874,312881,7,10
312864,312874,312881,7,10
312864,312875,312880,5,11
312864,312876,312882,6,12
312864,312877,312882,5,13
312864,312877,312882,5,13
312864,312875,312881,6,11
312864,312876,312881,5,12
312864,312877,312882,5,13
312864,312874,312882,8,10
312864,312874,312881,7,10
312864,312874,312882,8,10
312864,312875,312882,7,11
312864,312875,312882,7,11
312864,312877,312882,5,13
312864,312877,312882,5,13
312864,312877,312883,6,13
312864,312876,312882,6,12
312864,312877,312883,6,13
312864,312877,312883,6,13
312864,312875,312882,7,11
312864,312875,312882,7,11
312864,312875,312882,7,11
312864,312878,312883,5,14
312864,312877,312883,6,13
312864,312877,312883,6,13
312864,312878,312884,6,14
312864,312878,312883,5,14
312864,312880,312884,4,16
312864,312878,312885,7,14
312864,312880,312885,5,16
312864,312879,312885,6,15
312864,312879,312884,5,15
312864,312879,312885,6,15
312864,312880,312885,5,16
312864,312879,312885,6,15
312864,312877,312885,8,13
312864,312879,312886,7,15
312864,312879,312886,7,15
312864,312879,312886,7,15
312864,312880,312886,6,16
312864,312880,312886,6,16
312864,312881,312886,5,17
312864,312879,312886,7,15
312864,312879,312886,7,15
312864,312881,312886,5,17
312864,312879,312886,7,15
312864,312881,312886,5,17
312864,312880,312887,7,16
312864,312882,312886,4,18
312864,312881,312887,6,17
312864,312881,312887,6,17
312864,312881,312887,6,17
312864,312882,312887,5,18
312864,312882,312887,5,18
312864,312881,312887,6,17
312864,312882,312887,5,18
312864,312881,312888,7,17
312864,312879,312887,8,15
312864,312879,312887,8,15
312864,312881,312887,6,17
312864,312882,312888,6,18
312864,312882,312888,6,18
312864,312883,312888,5,19
312864,312883,312888,5,19
312864,312883,312887,4,19
312864,312884,312888,4,20
312864,312882,312888,6,18
312864,312881,312888,7,17
312864,312882,312888,6,18
312864,312882,312888,6,18
312864,312883,312888,5,19
312864,312881,312889,8,17
312864,312882,312888,6,18
312864,312881,312889,8,17
312864,312883,312889,6,19
312864,312881,312889,8,17
312864,312882,312890,8,18
312864,312885,312889,4,21
312864,312885,312889,4,21
312864,312885,312890,5,21
312864,312882,312890,8,18
312864,312883,312890,7,19
312864,312884,312890,6,20
312864,312885,312890,5,21
312864,312883,312890,7,19
312864,312883,312890,7,19
312864,312882,312890,8,18
312864,312886,312892,6,22
312864,312885,312892,7,21
312864,312887,312892,5,23
312864,312885,312892,7,21
312864,312887,312892,5,23
312864,312886,312892,6,22
312864,312887,312893,6,23
312864,312887,312893,6,23
312864,312886,312893,7,22
312864,312886,312892,6,22
312864,312887,312893,6,23
312864,312886,312892,6,22
312864,312886,312893,7,22
312864,312886,312892,6,22
312864,312887,312893,6,23
312864,312886,312893,7,22
312864,312886,312893,7,22
312864,312888,312893,5,24
312864,312888,312893,5,24
312864,312888,312893,5,24
312864,312888,312893,5,24
312864,312888,312893,5,24
312864,312888,312893,5,24
312864,312888,312894,6,24
312864,312887,312893,6,23
312864,312888,312894,6,24
312864,312887,312894,7,23
312864,312888,312894,6,24
312864,312889,312894,5,25
312864,312889,312894,5,25
312864,312889,312894,5,25
312864,312889,312894,5,25
312864,312889,312894,5,25
312864,312889,312894,5,25
312864,312890,312895,5,26
312864,312890,312894,4,26
312864,312888,312894,6,24
312864,312887,312895,8,23
312864,312889,312895,6,25
312864,312889,312895,6,25
312864,312888,312895,7,24
312864,312889,312896,7,25
312864,312890,312895,5,26
312864,312890,312895,5,26
312864,312892,312896,4,28
312864,312888,312895,7,24
312864,312889,312896,7,25
312864,312890,312895,5,26
312864,312889,312896,7,25
312864,312890,312896,6,26
312864,312891,312896,5,27
312864,312891,312896,5,27
312864,312889,312896,7,25
312864,312889,312897,8,25
312864,312890,312896,6,26
312864,312894,312898,4,30
312864,312890,312897,7,26
312864,312892,312897,5,28
312864,312894,312898,4,30
312864,312891,312898,7,27
312864,312893,312898,5,29
312864,312893,312898,5,29
312864,312894,312898,4,30
312864,312894,312898,4,30
312864,312894,312898,4,30
312864,312894,312899,5,30
312864,312891,312898,7,27
312864,312892,312898,6,28
312864,312893,312899,6,29
312864,312895,312899,4,31
312864,312895,312898,3,31
312864,312895,312899,4,31
312864,312893,312898,5,29
312864,312893,312899,6,29
312864,312893,312899,6,29
312864,312894,312899,5,30
312864,312894,312899,5,30
312864,312895,312900,5,31
312864,312895,312900,5,31
312864,312891,312899,8,27
312864,312893,312900,7,29
312864,312893,312899,6,29
312864,312894,312900,6,30
312864,312895,312900,5,31
312864,312895,312900,5,31
312864,312893,312900,7,29
312864,312895,312900,5,31
312864,312895,312900,5,31
312864,312895,312900,5,31
312864,312896,312901,5,32
312864,312893,312900,7,29
312864,312893,312900,7,29
312864,312893,312900,7,29
312864,312895,312901,6,31
312864,312895,312901,6,31
312864,312895,312901,6,31
312864,312895,312902,7,31
312864,312897,312902,5,33
312864,312896,312902,6,32
312864,312896,312902,6,32
312864,312895,312901,6,31
312864,312896,312901,5,32
312864,312896,312902,6,32
312864,312896,312902,6,32
312864,312897,312903,6,33
312864,312897,312902,5,33
312864,312898,312903,5,34
312864,312898,312903,5,34
312864,312896,312903,7,32
312864,312897,312903,6,33
312864,312899,312904,5,35
312864,312899,312904,5,35
312864,312896,312904,8,32
312864,312897,312904,7,33
312864,312897,312904,7,33
312864,312897,312903,6,33
312864,312896,312904,8,32
312864,312898,312904,6,34
312864,312900,312905,5,36
312864,312899,312904,5,35
312864,312899,312904,5,35
312864,312899,312905,6,35
312864,312898,312904,6,34
312864,312898,312905,7,34
312864,312899,312904,5,35
312864,312899,312905,6,35
312864,312899,312904,5,35
312864,312899,312905,6,35
312864,312900,312906,6,36
312864,312899,312905,6,35
312864,312900,312906,6,36
312864,312900,312905,5,36
312864,312900,312905,5,36
312864,312901,312906,5,37
312864,312899,312906,7,35
312864,312901,312906,5,37
312864,312900,312906,6,36
312864,312901,312906,5,37
312864,312901,312907,6,37
312864,312901,312907,6,37
312864,312901,312907,6,37
312864,312899,312907,8,35
312864,312900,312907,7,36
312864,312899,312906,7,35
312864,312900,312907,7,36
312864,312901,312907,6,37
312864,312900,312907,7,36
312864,312900,312907,7,36
312864,312901,312908,7,37
312864,312900,312907,7,36
312864,312901,312907,6,37
312864,312900,312908,8,36
312864,312902,312909,7,38
312864,312902,312909,7,38
313174,313174,313179,5,0
313174,313174,313179,5,0
313174,313174,313178,4,0
313174,313174,313178,4,0
313174,313174,313178,4,0
313174,313174,313179,5,0
313174,313174,313178,4,0
313174,313174,313178,4,0
313174,313174,313178,4,0
313174,313174,313178,4,0
313174,313174,313178,4,0
313174,313174,313179,5,0
313174,313174,313179,5,0
313174,313174,313179,5,0
313174,313174,313179,5,0
313174,313174,313179,5,0
313174,313174,313179,5,0
313174,313174,313180,6,0
313174,313174,313180,6,0
313174,313174,313179,5,0
313174,313174,313179,5,0
313174,313174,313179,5,0
313174,313174,313179,5,0
313174,313174,313179,5,0
313174,313174,313179,5,0
313174,313174,313179,5,0
313174,313174,313179,5,0
313174,313174,313179,5,0
313174,313174,313179,5,0
313174,313174,313179,5,0
313174,313174,313179,5,0
313174,313174,313179,5,0
313174,313174,313179,5,0
313174,313174,313179,5,0
313174,313174,313179,5,0
313174,313174,313179,5,0
313174,313174,313179,5,0
313174,313174,313180,6,0
313174,313174,313180,6,0
313174,313174,313181,7,0
313174,313174,313180,6,0
313174,313174,313181,7,0
313174,313174,313180,6,0
313174,313174,313181,7,0
313174,313174,313180,6,0
313174,313174,313181,7,0
313174,313174,313180,6,0
313174,313174,313181,7,0
313174,313174,313181,7,0
313174,313174,313180,6,0
313174,313174,313180,6,0
313174,313174,313181,7,0
313174,313174,313181,7,0
313174,313174,313181,7,0
313174,313174,313181,7,0
313174,313174,313181,7,0
313174,313174,313182,8,0
313174,313174,313181,7,0
313174,313179,313184,5,5
313174,313179,313183,4,5
313174,313179,313184,5,5
313174,313180,313184,4,6
313174,313179,313183,4,5
313174,313179,313184,5,5
313174,313180,313184,4,6
313174,313179,313185,6,5
313174,313179,313184,5,5
313174,313179,313184,5,5
313174,313180,313185,5,6
313174,313180,313184,4,6
313174,313180,313185,5,6
313174,313180,313185,5,6
313174,313180,313184,4,6
313174,313179,313184,5,5
313174,313180,313185,5,6
313174,313180,313184,4,6
313174,313180,313185,5,6
313174,313179,313185,6,5
313174,313180,313185,5,6
313174,313179,313185,6,5
313174,313179,313185,6,5
313174,313179,313185,6,5
313174,313180,313185,5,6
313174,313180,313186,6,6
313174,313180,313186,6,6
313174,313180,313186,6,6
313174,313180,313185,5,6
313174,313180,313186,6,6
313174,313179,313185,6,5
313174,313180,313186,6,6
313174,313180,313185,5,6
313174,313180,313185,5,6
313174,313179,313186,7,5
313174,313181,313187,6,7
313174,313180,313187,7,6
313174,313181,313187,6,7
313174,313181,313187,6,7
313174,313181,313187,6,7
313174,313181,313187,6,7
313174,313181,313187,6,7
313174,313181,313187,6,7
313174,313180,313187,7,6
313174,313181,313187,6,7
313174,313181,313187,6,7
313174,313181,313187,6,7
313174,313182,313188,6,8
313174,313181,313188,7,7
313174,313181,313188,7,7
313174,313181,313188,7,7
313174,313181,313188,7,7
313174,313181,313188,7,7
313174,313181,313188,7,7
313174,313181,313188,7,7
313174,313181,313188,7,7
313174,313184,313189,5,10
313174,313184,313189,5,10
313174,313184,313189,5,10
313174,313182,313189,7,8
313174,313182,313189,7,8
313174,313184,313189,5,10
313174,313185,313190,5,11
313174,313185,313190,5,11
313174,313184,313190,6,10
313174,313184,313189,5,10
313174,313185,313190,5,11
313174,313185,313190,5,11
313174,313184,313190,6,10
313174,313185,313190,5,11
313174,313185,313190,5,11
313174,313185,313191,6,11
313174,313185,313190,5,11
313174,313185,313190,5,11
313174,313185,313191,6,11
313174,313185,313191,6,11
313174,313185,313191,6,11
313174,313186,313190,4,12
313174,313186,313191,5,12
313174,313186,313191,5,12
313174,313185,313192,7,11
313174,313186,313192,6,12
313174,313186,313192,6,12
313174,313186,313192,6,12
313174,313187,313192,5,13
313174,313186,313192,6,12
313174,313188,313193,5,14
313174,313186,313193,7,12
313174,313187,313193,6,13
313174,313186,313193,7,12
313174,313186,313193,7,12
313174,313187,313194,7,13
313174,313187,313193,6,13
313174,313187,313194,7,13
313174,313185,313193,8,11
313174,313186,313193,7,12
313174,313186,313193,7,12
313174,313188,313193,5,14
313174,313188,313193,5,14
313174,313188,313193,5,14
313174,313187,313193,6,13
313174,313188,313194,6,14
313174,313190,313194,4,16
313174,313189,313194,5,15
313174,313189,313194,5,15
313174,313186,313194,8,12
313174,313189,313195,6,15
313174,313187,313194,7,13
313174,313188,313195,7,14
313174,313189,313195,6,15
313174,313189,313194,5,15
313174,313188,313194,6,14
313174,313189,313195,6,15
313174,313190,313195,5,16
313174,313191,313195,4,17
313174,313190,313196,6,16
313174,313189,313195,6,15
313174,313190,313195,5,16
313174,313191,313195,4,17
313174,313191,313195,4,17
313174,313192,313195,3,18
313174,313188,313195,7,14
313174,313189,313195,6,15
313174,313190,313195,5,16
313174,313190,313196,6,16
313174,313190,313196,6,16
313174,313190,313196,6,16
313174,313190,313196,6,16
313174,313191,313196,5,17
313174,313192,313196,4,18
313174,313190,313196,6,16
313174,313191,313196,5,17
313174,313191,313196,5,17
313174,313189,313196,7,15
313174,313188,313196,8,14
313174,313192,313197,5,18
313174,313192,313197,5,18
313174,313192,313197,5,18
313174,313193,313199,6,19
313174,313193,313199,6,19
313174,313193,313199,6,19
313174,313193,313199,6,19
313174,313193,313199,6,19
313174,313195,313199,4,21
313174,313195,313199,4,21
313174,313193,313199,6,19
313174,313193,313199,6,19
313174,313194,313200,6,20
313174,313194,313200,6,20
313174,313194,313200,6,20
313174,313193,313199,6,19
313174,313194,313200,6,20
313174,313194,313200,6,20
313174,313194,313200,6,20
313174,313196,313201,5,22
313174,313195,313200,5,21
313174,313196,313201,5,22
313174,313194,313200,6,20
313174,313194,313200,6,20
313174,313193,313200,7,19
313174,313194,313200,6,20
313174,313194,313200,6,20
313174,313195,313200,5,21
313174,313195,313201,6,21
313174,313194,313201,7,20
313174,313194,313201,7,20
313174,313196,313201,5,22
313174,313197,313201,4,23
313174,313197,313202,5,23
313174,313196,313201,5,22
313174,313197,313201,4,23
313174,313197,313201,4,23
313174,313196,313201,5,22
313174,313196,313202,6,22
313174,313195,313202,7,21
313174,313197,313202,5,23
313174,313196,313202,6,22
313174,313196,313201,5,22
313174,313194,313202,8,20
313174,313195,313201,6,21
313174,313195,313202,7,21
313174,313195,313202,7,21
313174,313195,313202,7,21
313174,313197,313202,5,23
313174,313197,313203,6,23
313174,313197,313202,5,23
313174,313197,313202,5,23
313174,313196,313202,6,22
313174,313196,313202,6,22
313174,313196,313203,7,22
313174,313196,313202,6,22
313174,313197,313202,5,23
313174,313195,313202,7,21
313174,313200,313204,4,26
313174,313198,313203,5,24
313174,313198,313203,5,24
313174,313200,313204,4,26
313174,313199,313205,6,25
313174,313199,313204,5,25
313174,313199,313205,6,25
313174,313201,313206,5,27
313174,313202,313206,4,28
313174,313201,313205,4,27
313174,313199,313206,7,25
313174,313201,313206,5,27
313174,313198,313206,8,24
313174,313200,313206,6,26
313174,313202,313207,5,28
313174,313201,313206,5,27
313174,313201,313207,6,27
313174,313201,313206,5,27
313174,313202,313206,4,28
313174,313202,313207,5,28
313174,313201,313206,5,27
313174,313202,313206,4,28
313174,313202,313206,4,28
313174,313202,313207,5,28
313174,313202,313207,5,28
313174,313199,313207,8,25
313174,313201,313206,5,27
313174,313201,313207,6,27
313174,313201,313206,5,27
313174,313201,313207,6,27
313174,313202,313207,5,28
313174,313200,313207,7,26
313174,313200,313207,7,26
313174,313200,313207,7,26
313174,313200,313207,7,26
313174,313201,313207,6,27
313174,313200,313207,7,26
313174,313201,313207,6,27
313174,313201,313208,7,27
313174,313202,313207,5,28
313174,313202,313207,5,28
313174,313203,313208,5,29
313174,313203,313208,5,29
313174,313203,313208,5,29
313174,313202,313207,5,28
313174,313201,313207,6,27
313174,313202,313208,6,28
313174,313202,313208,6,28
313174,313202,313208,6,28
313174,313203,313208,5,29
313174,313203,313208,5,29
313174,313203,313209,6,29
313174,313203,313209,6,29
313174,313204,313209,5,30
313174,313204,313209,5,30
313174,313203,313209,6,29
313174,313203,313210,7,29
313174,313204,313209,5,30
313174,313203,313210,7,29
313174,313203,313210,7,29
313174,313203,313210,7,29
313174,313205,313210,5,31
313174,313206,313211,5,32
313174,313207,313211,4,33
313174,313206,313211,5,32
313174,313206,313212,6,32
313174,313208,313212,4,34
313174,313206,313211,5,32
313174,313207,313212,5,33
313174,313207,313212,5,33
313174,313207,313212,5,33
313174,313206,313212,6,32
313174,313206,313212,6,32
313174,313205,313212,7,31
313174,313208,313213,5,34
313174,313207,313212,5,33
313174,313208,313212,4,34
313174,313207,313213,6,33
313174,313207,313213,6,33
313174,313208,313213,5,34
313174,313205,313213,8,31
313174,313206,313213,7,32
313174,313206,313214,8,32
313174,313208,313214,6,34
313174,313208,313214,6,34
313174,313207,313214,7,33
313174,313207,313214,7,33
313174,313208,313213,5,34
313174,313207,313214,7,33
313174,313207,313214,7,33
313174,313208,313215,7,34
313174,313208,313214,6,34
313174,313208,313214,6,34
313174,313207,313215,8,33
313174,313207,313215,8,33
313174,313207,313215,8,33
313174,313207,313214,7,33
313174,313207,313215,8,33
313174,313207,313215,8,33
313174,313208,313215,7,34
313174,313208,313215,7,34
231362,231362,313593,82231,0
231367,231367,313636,82269,0
231362,231362,314199,82837,0
231367,231367,314199,82832,0
231360,231360,314199,82839,0
231360,231360,314199,82839,0
231364,231364,314199,82835,0
231360,231360,314199,82839,0
231363,231364,314199,82835,1
231366,231366,314199,82833,0
231365,231365,314199,82834,0
231358,231358,314199,82841,0
231364,231364,314199,82835,0
231365,231365,314199,82834,0
231367,231367,314199,82832,0
231369,231369,314199,82830,0
231370,231370,314199,82829,0
314321,314321,314762,441,0
314313,314313,314964,651,0
314324,314324,315253,929,0
314323,314323,315271,948,0
314319,314319,315525,1206,0
314322,314322,315630,1308,0
314315,314315,315644,1329,0
314312,314312,315731,1419,0
314314,314314,315748,1434,0
314321,314321,316087,1766,0
314317,314318,316093,1775,1
314319,314320,316170,1850,1
314317,314317,316219,1902,0
314316,314316,316273,1957,0
314323,314323,316295,1972,0
314317,314317,316335,2018,0
314311,314311,316407,2096,0
314321,314321,316450,2129,0
314319,314319,316468,2149,0
314322,314322,316510,2188,0
314314,314314,316511,2197,0
314322,314322,316573,2251,0
314323,314323,317270,2947,0
314320,314320,317459,3139,0
314312,314312,317527,3215,0
314315,314315,317875,3560,0
314316,314316,317927,3611,0
314311,314311,317942,3631,0
314311,314311,317942,3631,0
314312,314312,317942,3630,0
314313,314313,317942,3629,0
314315,314315,317942,3627,0
314310,314310,317942,3632,0
314311,314311,317942,3631,0
314313,314313,317942,3629,0
314313,314314,317942,3628,1
314315,314315,317942,3627,0
314315,314315,317942,3627,0
314312,314312,317942,3630,0
314321,314321,317942,3621,0
314314,314314,317942,3628,0
314317,314317,317942,3625,0
314318,314318,317942,3624,0
314320,314320,317942,3622,0
314311,314311,317942,3631,0
314312,314312,317942,3630,0
314313,314313,317942,3629,0
314314,314314,317942,3628,0
314315,314315,317942,3627,0
314316,314316,317942,3626,0
314316,314316,317943,3627,0
314319,314319,317942,3623,0
314321,314321,317943,3622,0
314322,314322,317943,3621,0
314322,314322,317942,3620,0
314324,314324,317942,3618,0
314317,314317,317942,3625,0
314314,314314,317942,3628,0
314316,314316,317942,3626,0
314318,314318,317942,3624,0
314319,314319,317943,3624,0
314320,314320,317943,3623,0
314312,314312,317942,3630,0
314321,314321,317942,3621,0
314316,314316,317942,3626,0
314317,314317,317943,3626,0
314318,314318,317943,3625,0
314310,314311,317942,3631,1
314313,314313,317942,3629,0
314316,314316,317942,3626,0
314318,314318,317942,3624,0
314320,314320,317942,3622,0
314319,314319,317942,3623,0
314323,314323,317942,3619,0
314319,314319,317942,3623,0
314323,314323,317942,3619,0
314320,314320,317942,3622,0
314322,314322,317942,3620,0
314323,314323,317942,3619,0
314320,314320,317942,3622,0
314321,314322,317942,3620,1
314318,314318,317942,3624,0
314321,314321,317942,3621,0
314322,314322,317942,3620,0
314323,314323,317942,3619,0
314311,314311,317942,3631,0
314312,314312,317943,3631,0
314313,314313,317942,3629,0
314314,314315,317942,3627,1
314317,314317,317942,3625,0
314318,314318,317943,3625,0
314319,314319,317943,3624,0
314317,314317,317943,3626,0
314318,314318,317943,3625,0
314320,314320,317943,3623,0
314311,314311,317942,3631,0
314312,314312,317942,3630,0
314313,314313,317942,3629,0
314314,314314,317942,3628,0
314315,314315,317942,3627,0
317976,317976,318575,599,0
317968,317968,319040,1072,0
317966,317966,320049,2083,0
317970,317970,335960,17990,0
338195,338195,338200,5,0
338195,338195,338200,5,0
338195,338195,338200,5,0
338195,338195,338200,5,0
338195,338195,338200,5,0
338195,338195,338200,5,0
338195,338195,338201,6,0
338195,338195,338200,5,0
338195,338195,338200,5,0
338195,338195,338200,5,0
338195,338195,338201,6,0
338195,338195,338201,6,0
338195,338195,338201,6,0
338195,338195,338201,6,0
338195,338195,338200,5,0
338195,338195,338200,5,0
338195,338195,338200,5,0
338195,338195,338200,5,0
338195,338195,338201,6,0
338195,338195,338201,6,0
338195,338195,338201,6,0
338195,338195,338200,5,0
338195,338195,338200,5,0
338195,338195,338200,5,0
338195,338195,338201,6,0
338195,338195,338201,6,0
338195,338195,338200,5,0
338195,338195,338200,5,0
338195,338195,338200,5,0
338195,338195,338201,6,0
338195,338195,338201,6,0
338195,338195,338200,5,0
338195,338195,338200,5,0
338195,338195,338201,6,0
338195,338195,338201,6,0
338195,338195,338200,5,0
338195,338195,338200,5,0
338195,338195,338200,5,0
338195,338195,338201,6,0
338195,338195,338200,5,0
338195,338195,338200,5,0
338195,338195,338200,5,0
338195,338195,338201,6,0
338195,338195,338201,6,0
338195,338195,338201,6,0
338195,338195,338201,6,0
338195,338195,338200,5,0
338195,338195,338200,5,0
338195,338195,338200,5,0
338195,338195,338201,6,0
338195,338195,338201,6,0
338195,338195,338201,6,0
338195,338195,338201,6,0
338195,338195,338201,6,0
338195,338195,338201,6,0
338195,338195,338201,6,0
338195,338195,338201,6,0
338195,338195,338202,7,0
338195,338195,338201,6,0
338195,338195,338202,7,0
338195,338195,338202,7,0
338195,338195,338201,6,0
338195,338195,338202,7,0
338195,338195,338201,6,0
338195,338195,338201,6,0
338195,338195,338201,6,0
338195,338195,338202,7,0
338195,338195,338201,6,0
338195,338195,338201,6,0
338195,338195,338201,6,0
338195,338195,338201,6,0
338195,338195,338201,6,0
338195,338195,338201,6,0
338195,338195,338201,6,0
338195,338195,338201,6,0
338195,338195,338201,6,0
338195,338195,338202,7,0
338195,338195,338201,6,0
338195,338195,338201,6,0
338195,338195,338201,6,0
338195,338201,338204,3,6
338195,338201,338204,3,6
338195,338201,338204,3,6
338195,338201,338204,3,6
338195,338201,338204,3,6
338195,338201,338205,4,6
338195,338201,338206,5,6
338195,338201,338206,5,6
338195,338201,338206,5,6
338195,338201,338206,5,6
338195,338201,338206,5,6
338195,338201,338206,5,6
338195,338201,338206,5,6
338195,338202,338206,4,7
338195,338201,338206,5,6
338195,338201,338206,5,6
338195,338201,338206,5,6
338195,338201,338206,5,6
338195,338201,338206,5,6
338195,338201,338206,5,6
338195,338201,338206,5,6
338195,338201,338206,5,6
338195,338201,338206,5,6
338195,338201,338206,5,6
338195,338201,338206,5,6
338195,338201,338206,5,6
338195,338201,338206,5,6
338195,338201,338206,5,6
338195,338201,338206,5,6
338195,338201,338206,5,6
338195,338201,338206,5,6
338195,338201,338206,5,6
338195,338201,338206,5,6
338195,338201,338206,5,6
338195,338202,338206,4,7
338195,338202,338206,4,7
338195,338202,338206,4,7
338195,338201,338206,5,6
338195,338201,338206,5,6
338195,338201,338206,5,6
338195,338201,338206,5,6
338195,338202,338206,4,7
338195,338202,338206,4,7
338195,338202,338206,4,7
338195,338202,338206,4,7
338195,338202,338206,4,7
338195,338201,338208,7,6
338195,338201,338207,6,6
338195,338202,338207,5,7
338195,338202,338207,5,7
338195,338202,338207,5,7
338195,338201,338207,6,6
338195,338201,338207,6,6
338195,338201,338207,6,6
338195,338201,338207,6,6
338195,338203,338207,4,8
338195,338201,338207,6,6
338195,338202,338207,5,7
338195,338202,338207,5,7
338195,338202,338207,5,7
338195,338201,338207,6,6
338195,338202,338207,5,7
338195,338202,338207,5,7
338195,338201,338208,7,6
338195,338201,338208,7,6
338195,338203,338208,5,8
338195,338201,338208,7,6
338195,338202,338209,7,7
338195,338202,338208,6,7
338195,338201,338208,7,6
338195,338202,338208,6,7
338195,338201,338208,7,6
338195,338201,338208,7,6
338195,338203,338208,5,8
338195,338205,338209,4,10
338195,338203,338209,6,8
338195,338207,338209,2,12
338195,338207,338210,3,12
338195,338203,338209,6,8
338195,338207,338209,2,12
338195,338207,338209,2,12
338195,338202,338209,7,7
338195,338207,338209,2,12
338195,338207,338209,2,12
338195,338207,338209,2,12
338195,338202,338209,7,7
338195,338205,338209,4,10
338195,338205,338209,4,10
338195,338207,338210,3,12
338195,338205,338209,4,10
338195,338205,338209,4,10
338195,338207,338209,2,12
338195,338203,338210,7,8
338195,338207,338209,2,12
338195,338207,338210,3,12
338195,338207,338210,3,12
338195,338206,338210,4,11
338195,338207,338210,3,12
338195,338207,338210,3,12
338195,338202,338209,7,7
338195,338207,338210,3,12
338195,338207,338210,3,12
338195,338207,338210,3,12
338195,338207,338209,2,12
338195,338207,338209,2,12
338195,338207,338210,3,12
338195,338207,338210,3,12
338195,338207,338210,3,12
338195,338207,338210,3,12
338195,338207,338210,3,12
338195,338207,338210,3,12
338195,338207,338210,3,12
338195,338207,338210,3,12
338195,338207,338210,3,12
338195,338207,338210,3,12
338195,338207,338210,3,12
338195,338207,338210,3,12
338195,338207,338210,3,12
338195,338207,338210,3,12
338195,338207,338210,3,12
338214,338214,338219,5,0
338214,338214,338219,5,0
338214,338214,338219,5,0
338214,338214,338219,5,0
338214,338214,338219,5,0
338214,338214,338219,5,0
338214,338214,338219,5,0
338214,338214,338219,5,0
338214,338214,338219,5,0
338214,338214,338219,5,0
338214,338214,338219,5,0
338214,338214,338219,5,0
338214,338214,338219,5,0
338214,338214,338219,5,0
338214,338214,338219,5,0
338214,338214,338219,5,0
338214,338214,338219,5,0
338214,338214,338219,5,0
338214,338214,338219,5,0
338214,338214,338219,5,0
338214,338214,338219,5,0
338214,338214,338219,5,0
338214,338214,338219,5,0
338214,338214,338219,5,0
338214,338214,338219,5,0
338214,338214,338219,5,0
338214,338214,338219,5,0
338214,338214,338219,5,0
338214,338214,338219,5,0
338214,338214,338219,5,0
338214,338214,338219,5,0
338214,338214,338219,5,0
338214,338214,338219,5,0
338214,338214,338219,5,0
338214,338214,338219,5,0
338214,338214,338219,5,0
338214,338214,338219,5,0
338214,338214,338219,5,0
338214,338214,338219,5,0
338214,338214,338219,5,0
338214,338214,338219,5,0
338214,338214,338219,5,0
338214,338214,338219,5,0
338214,338214,338220,6,0
338214,338214,338220,6,0
338214,338214,338219,5,0
338214,338214,338219,5,0
338214,338214,338219,5,0
338214,338214,338219,5,0
338214,338214,338219,5,0
338214,338214,338220,6,0
338214,338214,338220,6,0
338214,338214,338219,5,0
338214,338214,338219,5,0
338214,338214,338220,6,0
338214,338214,338220,6,0
338214,338214,338220,6,0
338214,338214,338219,5,0
338214,338214,338219,5,0
338214,338214,338219,5,0
338214,338214,338219,5,0
338214,338214,338220,6,0
338214,338214,338219,5,0
338214,338214,338220,6,0
338214,338214,338220,6,0
338214,338214,338220,6,0
338214,338214,338220,6,0
338214,338214,338219,5,0
338214,338214,338220,6,0
338214,338214,338220,6,0
338214,338214,338220,6,0
338214,338214,338221,7,0
338214,338214,338221,7,0
338214,338214,338221,7,0
338214,338214,338221,7,0
338214,338214,338221,7,0
338214,338220,338223,3,6
338214,338220,338223,3,6
338214,338214,338223,9,0
338214,338220,338223,3,6
338214,338220,338223,3,6
338214,338219,338223,4,5
338214,338220,338223,3,6
338214,338220,338223,3,6
338214,338214,338224,10,0
338214,338214,338224,10,0
338214,338219,338224,5,5
338214,338219,338224,5,5
338214,338219,338224,5,5
338214,338219,338224,5,5
338214,338219,338224,5,5
338214,338219,338224,5,5
338214,338219,338224,5,5
338214,338219,338224,5,5
338214,338219,338224,5,5
338214,338219,338224,5,5
338214,338219,338224,5,5
338214,338220,338224,4,6
338214,338219,338224,5,5
338214,338219,338224,5,5
338214,338219,338224,5,5
338214,338220,338224,4,6
338214,338219,338224,5,5
338214,338219,338224,5,5
338214,338219,338224,5,5
338214,338219,338224,5,5
338214,338220,338224,4,6
338214,338220,338224,4,6
338214,338219,338224,5,5
338214,338219,338224,5,5
338214,338219,338224,5,5
338214,338219,338224,5,5
338214,338219,338224,5,5
338214,338221,338224,3,7
338214,338221,338224,3,7
338214,338219,338224,5,5
338214,338219,338224,5,5
338214,338220,338224,4,6
338214,338220,338224,4,6
338214,338221,338224,3,7
338214,338221,338224,3,7
338214,338224,338225,1,10
338214,338219,338224,5,5
338214,338219,338224,5,5
338214,338219,338224,5,5
338214,338219,338224,5,5
338214,338219,338224,5,5
338214,338220,338224,4,6
338214,338221,338224,3,7
338214,338221,338224,3,7
338214,338219,338224,5,5
338214,338219,338224,5,5
338214,338219,338224,5,5
338214,338219,338224,5,5
338214,338219,338224,5,5
338214,338219,338224,5,5
338214,338220,338224,4,6
338214,338220,338224,4,6
338214,338214,338224,10,0
338214,338220,338225,5,6
338214,338220,338225,5,6
338214,338222,338224,2,8
338214,338220,338225,5,6
338214,338220,338225,5,6
338214,338220,338225,5,6
338214,338224,338225,1,10
338214,338219,338225,6,5
338214,338223,338225,2,9
338214,338225,338226,1,11
338214,338223,338225,2,9
338214,338220,338225,5,6
338214,338220,338225,5,6
338214,338223,338225,2,9
338214,338220,338225,5,6
338214,338223,338225,2,9
338214,338223,338225,2,9
338214,338224,338225,1,10
338214,338224,338225,1,10
338214,338220,338225,5,6
338214,338220,338225,5,6
338214,338220,338225,5,6
338214,338220,338225,5,6
338214,338220,338226,6,6
338214,338220,338226,6,6
338214,338220,338226,6,6
338214,338220,338226,6,6
338214,338225,338226,1,11
338214,338225,338226,1,11
338214,338225,338227,2,11
338214,338225,338227,2,11
338214,338225,338227,2,11
338214,338225,338226,1,11
338214,338225,338226,1,11
338214,338225,338226,1,11
338214,338225,338226,1,11
338214,338225,338227,2,11
338214,338225,338226,1,11
338214,338225,338227,2,11
338214,338225,338227,2,11
338214,338225,338227,2,11
338214,338225,338227,2,11
338214,338225,338227,2,11
338214,338225,338227,2,11
338214,338225,338227,2,11
338214,338225,338227,2,11
338214,338225,338227,2,11
338214,338225,338227,2,11
338214,338225,338227,2,11
338214,338225,338227,2,11
338214,338225,338228,3,11
338214,338225,338227,2,11
338214,338225,338227,2,11
338214,338225,338227,2,11
338214,338225,338227,2,11
338214,338225,338228,3,11
338214,338225,338228,3,11
338214,338225,338228,3,11
338214,338225,338228,3,11
338214,338225,338228,3,11
338214,338225,338228,3,11
338232,338232,338237,5,0
338232,338232,338237,5,0
338232,338232,338237,5,0
338232,338232,338237,5,0
338232,338232,338237,5,0
338232,338232,338237,5,0
338232,338232,338237,5,0
338232,338232,338237,5,0
338232,338232,338237,5,0
338232,338232,338237,5,0
338232,338232,338237,5,0
338232,338232,338237,5,0
338232,338232,338237,5,0
338232,338232,338238,6,0
338232,338232,338237,5,0
338232,338232,338237,5,0
338232,338232,338238,6,0
338232,338232,338237,5,0
338232,338232,338237,5,0
338232,338232,338237,5,0
338232,338232,338237,5,0
338232,338232,338237,5,0
338232,338232,338237,5,0
338232,338232,338237,5,0
338232,338232,338238,6,0
338232,338232,338237,5,0
338232,338232,338237,5,0
338232,338232,338237,5,0
338232,338232,338237,5,0
338232,338232,338237,5,0
338232,338232,338237,5,0
338232,338232,338237,5,0
338232,338232,338237,5,0
338232,338232,338237,5,0
338232,338232,338237,5,0
338232,338232,338237,5,0
338232,338232,338237,5,0
338232,338232,338237,5,0
338232,338232,338237,5,0
338232,338232,338237,5,0
338232,338232,338237,5,0
338232,338232,338237,5,0
338232,338232,338237,5,0
338232,338232,338237,5,0
338232,338232,338237,5,0
338232,338232,338237,5,0
338232,338237,338238,1,5
338232,338237,338238,1,5
338232,338232,338237,5,0
338232,338232,338237,5,0
338232,338232,338237,5,0
338232,338232,338237,5,0
338232,338232,338237,5,0
338232,338237,338238,1,5
338232,338237,338238,1,5
338232,338232,338237,5,0
338232,338232,338237,5,0
338232,338232,338237,5,0
338232,338232,338237,5,0
338232,338232,338237,5,0
338232,338232,338237,5,0
338232,338232,338237,5,0
338232,338232,338237,5,0
338232,338232,338237,5,0
338232,338232,338237,5,0
338232,338232,338237,5,0
338232,338232,338237,5,0
338232,338232,338237,5,0
338232,338232,338237,5,0
338232,338232,338237,5,0
338232,338232,338238,6,0
338232,338232,338238,6,0
338232,338232,338237,5,0
338232,338232,338238,6,0
338232,338232,338237,5,0
338232,338232,338237,5,0
338232,338232,338237,5,0
338232,338237,338238,1,5
338232,338232,338238,6,0
338232,338232,338238,6,0
338232,338232,338238,6,0
338232,338232,338238,6,0
338232,338232,338238,6,0
338232,338237,338238,1,5
338232,338237,338238,1,5
338232,338232,338238,6,0
338232,338237,338238,1,5
338232,338232,338238,6,0
338232,338237,338238,1,5
338232,338237,338238,1,5
338232,338237,338238,1,5
338232,338237,338238,1,5
338232,338238,338240,2,6
338232,338238,338242,4,6
338232,338238,338242,4,6
338232,338238,338242,4,6
338232,338238,338242,4,6
338232,338238,338242,4,6
338232,338238,338242,4,6
338232,338238,338242,4,6
338232,338238,338242,4,6
338232,338238,338242,4,6
338232,338238,338242,4,6
338232,338238,338243,5,6
338232,338238,338243,5,6
338232,338238,338242,4,6
338232,338238,338243,5,6
338232,338238,338243,5,6
338232,338238,338244,6,6
338232,338238,338244,6,6
338232,338238,338244,6,6
338232,338238,338244,6,6
338232,338238,338244,6,6
338232,338238,338244,6,6
338232,338238,338244,6,6
338232,338238,338244,6,6
338232,338238,338244,6,6
338232,338238,338244,6,6
338232,338238,338244,6,6
338232,338238,338244,6,6
338232,338238,338244,6,6
338232,338238,338244,6,6
338232,338238,338244,6,6
338232,338238,338244,6,6
338232,338238,338244,6,6
338232,338238,338244,6,6
338232,338238,338244,6,6
338232,338238,338244,6,6
338232,338238,338244,6,6
338232,338238,338244,6,6
338232,338238,338244,6,6
338232,338238,338244,6,6
338232,338238,338244,6,6
338232,338238,338244,6,6
338232,338238,338244,6,6
338232,338238,338244,6,6
338232,338238,338244,6,6
338232,338240,338244,4,8
338232,338238,338244,6,6
338232,338238,338244,6,6
338232,338238,338244,6,6
338232,338238,338244,6,6
338232,338238,338244,6,6
338232,338238,338244,6,6
338232,338238,338244,6,6
338232,338238,338244,6,6
338232,338238,338244,6,6
338232,338238,338244,6,6
338232,338238,338244,6,6
338232,338238,338244,6,6
338232,338240,338244,4,8
338232,338240,338244,4,8
338232,338238,338244,6,6
338232,338239,338245,6,7
338232,338238,338244,6,6
338232,338243,338245,2,11
338232,338238,338244,6,6
338232,338238,338245,7,6
338232,338238,338244,6,6
338232,338244,338245,1,12
338232,338244,338245,1,12
338232,338244,338246,2,12
338232,338245,338246,1,13
338232,338240,338245,5,8
338232,338240,338245,5,8
338232,338243,338245,2,11
338232,338238,338245,7,6
338232,338238,338245,7,6
338232,338239,338245,6,7
338232,338242,338245,3,10
338232,338242,338245,3,10
338232,338244,338245,1,12
338232,338240,338245,5,8
338232,338240,338245,5,8
338232,338239,338245,6,7
338232,338240,338245,5,8
338232,338240,338245,5,8
338232,338238,338245,7,6
338232,338242,338245,3,10
338232,338242,338246,4,10
338232,338242,338246,4,10
338232,338244,338245,1,12
338232,338244,338245,1,12
338232,338239,338245,6,7
338232,338239,338245,6,7
338232,338239,338245,6,7
338232,338240,338245,5,8
338232,338243,338246,3,11
338232,338245,338246,1,13
338232,338242,338246,4,10
338232,338242,338246,4,10
338232,338242,338246,4,10
338250,338250,338251,1,0
338250,338250,338252,2,0
338250,338250,338254,4,0
338250,338250,338255,5,0
338250,338250,338255,5,0
338250,338250,338255,5,0
338250,338250,338255,5,0
338250,338250,338255,5,0
338250,338250,338255,5,0
338250,338250,338255,5,0
338250,338250,338255,5,0
338250,338250,338255,5,0
338250,338250,338255,5,0
338250,338250,338255,5,0
338250,338250,338255,5,0
338250,338250,338255,5,0
338250,338250,338255,5,0
338250,338250,338255,5,0
338250,338250,338255,5,0
338250,338250,338255,5,0
338250,338250,338255,5,0
338250,338250,338255,5,0
338250,338250,338255,5,0
338250,338250,338255,5,0
338250,338250,338255,5,0
338250,338250,338255,5,0
338250,338250,338255,5,0
338250,338250,338255,5,0
338250,338250,338255,5,0
338250,338250,338255,5,0
338250,338250,338255,5,0
338250,338250,338255,5,0
338250,338250,338255,5,0
338250,338250,338255,5,0
338250,338250,338255,5,0
338250,338250,338255,5,0
338250,338250,338255,5,0
338250,338250,338255,5,0
338250,338250,338255,5,0
338250,338250,338255,5,0
338250,338250,338255,5,0
338250,338250,338256,6,0
338250,338250,338255,5,0
338250,338250,338255,5,0
338250,338250,338255,5,0
338250,338250,338255,5,0
338250,338250,338255,5,0
338250,338250,338255,5,0
338250,338250,338255,5,0
338250,338250,338255,5,0
338250,338250,338255,5,0
338250,338250,338255,5,0
338250,338250,338255,5,0
338250,338250,338257,7,0
338250,338250,338257,7,0
338250,338250,338257,7,0
338250,338250,338257,7,0
338250,338250,338257,7,0
338250,338250,338257,7,0
338250,338250,338257,7,0
338250,338250,338257,7,0
338250,338250,338257,7,0
338250,338250,338257,7,0
338250,338250,338257,7,0
338250,338250,338257,7,0
338250,338250,338257,7,0
338250,338250,338257,7,0
338250,338253,338257,4,3
338250,338250,338257,7,0
338250,338250,338257,7,0
338250,338250,338257,7,0
338250,338250,338257,7,0
338250,338255,338257,2,5
338250,338250,338257,7,0
338250,338255,338257,2,5
338250,338250,338257,7,0
338250,338250,338257,7,0
338250,338250,338257,7,0
338250,338255,338257,2,5
338250,338250,338258,8,0
338250,338250,338258,8,0
338250,338250,338257,7,0
338250,338250,338257,7,0
338250,338252,338258,6,2
338250,338250,338257,7,0
338250,338256,338258,2,6
338250,338256,338258,2,6
338250,338255,338258,3,5
338250,338255,338258,3,5
338250,338256,338258,2,6
338250,338256,338259,3,6
338250,338256,338259,3,6
338250,338255,338258,3,5
338250,338256,338258,2,6
338250,338256,338258,2,6
338250,338256,338259,3,6
338250,338256,338259,3,6
338250,338255,338258,3,5
338250,338256,338258,2,6
338250,338256,338258,2,6
338250,338256,338259,3,6
338250,338255,338258,3,5
338250,338255,338259,4,5
338250,338255,338259,4,5
338250,338256,338259,3,6
338250,338255,338259,4,5
338250,338255,338260,5,5
338250,338255,338260,5,5
338250,338256,338259,3,6
338250,338255,338260,5,5
338250,338255,338259,4,5
338250,338256,338260,4,6
338250,338256,338260,4,6
338250,338256,338260,4,6
338250,338256,338261,5,6
338250,338255,338260,5,5
338250,338255,338260,5,5
338250,338256,338260,4,6
338250,338256,338260,4,6
338250,338256,338260,4,6
338250,338255,338260,5,5
338250,338256,338260,4,6
338250,338256,338260,4,6
338250,338256,338260,4,6
338250,338256,338260,4,6
338250,338256,338260,4,6
338250,338255,338260,5,5
338250,338255,338260,5,5
338250,338255,338261,6,5
338250,338257,338261,4,7
338250,338257,338261,4,7
338250,338257,338261,4,7
338250,338257,338261,4,7
338250,338255,338261,6,5
338250,338256,338261,5,6
338250,338257,338261,4,7
338250,338257,338261,4,7
338250,338257,338262,5,7
338250,338257,338261,4,7
338250,338257,338261,4,7
338250,338255,338262,7,5
338250,338255,338262,7,5
338250,338258,338262,4,8
338250,338258,338262,4,8
338250,338260,338262,2,10
338250,338258,338262,4,8
338250,338260,338263,3,10
338250,338257,338262,5,7
338250,338258,338262,4,8
338250,338258,338263,5,8
338250,338258,338262,4,8
338250,338259,338262,3,9
338250,338259,338263,4,9
338250,338259,338263,4,9
338250,338258,338263,5,8
338250,338258,338263,5,8
338250,338258,338262,4,8
338250,338258,338262,4,8
338250,338259,338263,4,9
338250,338259,338262,3,9
338250,338259,338263,4,9
338250,338258,338262,4,8
338250,338258,338263,5,8
338250,338259,338263,4,9
338250,338259,338263,4,9
338250,338257,338262,5,7
338250,338257,338262,5,7
338250,338259,338263,4,9
338250,338259,338263,4,9
338250,338258,338262,4,8
338250,338258,338263,5,8
338250,338258,338263,5,8
338250,338258,338263,5,8
338250,338258,338263,5,8
338250,338258,338263,5,8
338250,338259,338263,4,9
338250,338259,338263,4,9
338250,338258,338263,5,8
338250,338260,338263,3,10
338250,338261,338263,2,11
338250,338261,338263,2,11
338250,338261,338264,3,11
338250,338261,338263,2,11
338250,338261,338263,2,11
338250,338261,338263,2,11
338250,338261,338263,2,11
338250,338261,338263,2,11
338250,338259,338263,4,9
338250,338259,338263,4,9
338250,338259,338263,4,9
338250,338259,338263,4,9
338250,338260,338263,3,10
338250,338260,338263,3,10
338250,338260,338263,3,10
338250,338260,338263,3,10
338250,338259,338263,4,9
338250,338259,338263,4,9
338250,338259,338263,4,9
338250,338260,338263,3,10
338250,338261,338264,3,11
338268,338268,338271,3,0
338268,338268,338273,5,0
338268,338268,338273,5,0
338268,338268,338272,4,0
338268,338268,338272,4,0
338268,338268,338272,4,0
338268,338268,338272,4,0
338268,338268,338273,5,0
338268,338268,338272,4,0
338268,338268,338272,4,0
338268,338268,338272,4,0
338268,338268,338272,4,0
338268,338268,338272,4,0
338268,338268,338272,4,0
338268,338268,338272,4,0
338268,338268,338273,5,0
338268,338268,338273,5,0
338268,338268,338272,4,0
338268,338268,338272,4,0
338268,338268,338272,4,0
338268,338268,338273,5,0
338268,338268,338273,5,0
338268,338268,338273,5,0
338268,338268,338272,4,0
338268,338268,338272,4,0
338268,338268,338273,5,0
338268,338268,338273,5,0
338268,338268,338273,5,0
338268,338268,338273,5,0
338268,338268,338272,4,0
338268,338268,338272,4,0
338268,338268,338272,4,0
338268,338268,338272,4,0
338268,338268,338273,5,0
338268,338268,338273,5,0
338268,338268,338273,5,0
338268,338268,338273,5,0
338268,338268,338273,5,0
338268,338268,338272,4,0
338268,338268,338272,4,0
338268,338268,338272,4,0
338268,338268,338272,4,0
338268,338268,338273,5,0
338268,338268,338273,5,0
338268,338268,338273,5,0
338268,338268,338272,4,0
338268,338268,338272,4,0
338268,338268,338273,5,0
338268,338268,338273,5,0
338268,338268,338273,5,0
338268,338268,338273,5,0
338268,338268,338273,5,0
338268,338268,338273,5,0
338268,338268,338273,5,0
338268,338268,338274,6,0
338268,338268,338273,5,0
338268,338268,338273,5,0
338268,338268,338273,5,0
338268,338268,338273,5,0
338268,338268,338273,5,0
338268,338268,338274,6,0
338268,338268,338273,5,0
338268,338268,338273,5,0
338268,338268,338273,5,0
338268,338268,338273,5,0
338268,338268,338273,5,0
338268,338268,338274,6,0
338268,338268,338274,6,0
338268,338268,338274,6,0
338268,338268,338274,6,0
338268,338268,338273,5,0
338268,338268,338273,5,0
338268,338268,338273,5,0
338268,338268,338275,7,0
338268,338268,338274,6,0
338268,338268,338275,7,0
338268,338268,338275,7,0
338268,338271,338275,4,3
338268,338268,338275,7,0
338268,338268,338275,7,0
338268,338268,338275,7,0
338268,338273,338276,3,5
338268,338273,338277,4,5
338268,338273,338278,5,5
338268,338273,338279,6,5
338268,338273,338279,6,5
338268,338275,338278,3,7
338268,338275,338278,3,7
338268,338273,338279,6,5
338268,338273,338279,6,5
338268,338276,338279,3,8
338268,338273,338279,6,5
338268,338275,338278,3,7
338268,338275,338278,3,7
338268,338278,338279,1,10
338268,338275,338278,3,7
338268,338276,338279,3,8
338268,338273,338279,6,5
338268,338273,338279,6,5
338268,338273,338279,6,5
338268,338275,338278,3,7
338268,338273,338279,6,5
338268,338273,338279,6,5
338268,338273,338279,6,5
338268,338273,338279,6,5
338268,338273,338279,6,5
338268,338273,338279,6,5
338268,338273,338279,6,5
338268,338273,338279,6,5
338268,338273,338279,6,5
338268,338273,338279,6,5
338268,338273,338279,6,5
338268,338273,338279,6,5
338268,338273,338279,6,5
338268,338273,338279,6,5
338268,338276,338279,3,8
338268,338273,338279,6,5
338268,338273,338279,6,5
338268,338273,338279,6,5
338268,338273,338279,6,5
338268,338275,338279,4,7
338268,338275,338279,4,7
338268,338273,338279,6,5
338268,338273,338279,6,5
338268,338273,338279,6,5
338268,338273,338279,6,5
338268,338275,338279,4,7
338268,338275,338279,4,7
338268,338273,338279,6,5
338268,338273,338279,6,5
338268,338273,338279,6,5
338268,338275,338279,4,7
338268,338275,338279,4,7
338268,338279,338280,1,11
338268,338273,338279,6,5
338268,338273,338279,6,5
338268,338273,338279,6,5
338268,338273,338279,6,5
338268,338275,338279,4,7
338268,338276,338279,3,8
338268,338273,338279,6,5
338268,338273,338279,6,5
338268,338274,338279,5,6
338268,338275,338279,4,7
338268,338275,338279,4,7
338268,338276,338279,3,8
338268,338273,338279,6,5
338268,338273,338279,6,5
338268,338273,338279,6,5
338268,338273,338279,6,5
338268,338279,338280,1,11
338268,338273,338279,6,5
338268,338273,338279,6,5
338268,338273,338279,6,5
338268,338273,338279,6,5
338268,338273,338279,6,5
338268,338275,338280,5,7
338268,338279,338280,1,11
338268,338279,338280,1,11
338268,338275,338280,5,7
338268,338275,338279,4,7
338268,338276,338279,3,8
338268,338277,338279,2,9
338268,338275,338280,5,7
338268,338275,338280,5,7
338268,338280,338281,1,12
338268,338275,338280,5,7
338268,338275,338280,5,7
338268,338280,338281,1,12
338268,338279,338280,1,11
338268,338279,338280,1,11
338268,338279,338280,1,11
338268,338279,338280,1,11
338268,338279,338280,1,11
338268,338279,338280,1,11
338268,338279,338280,1,11
338268,338280,338282,2,12
338268,338280,338281,1,12
338268,338280,338282,2,12
338268,338280,338282,2,12
338268,338280,338282,2,12
338268,338280,338282,2,12
338268,338280,338282,2,12
338268,338280,338282,2,12
338268,338280,338282,2,12
338268,338280,338282,2,12
338268,338280,338282,2,12
338268,338280,338282,2,12
338268,338280,338282,2,12
338268,338280,338282,2,12
338268,338280,338282,2,12
338286,338286,338290,4,0
338286,338286,338290,4,0
338286,338286,338290,4,0
338286,338286,338291,5,0
338286,338286,338291,5,0
338286,338286,338291,5,0
338286,338286,338290,4,0
338286,338286,338290,4,0
338286,338286,338290,4,0
338286,338286,338291,5,0
338286,338286,338291,5,0
338286,338286,338291,5,0
338286,338286,338290,4,0
338286,338286,338290,4,0
338286,338286,338290,4,0
338286,338286,338290,4,0
338286,338286,338291,5,0
338286,338286,338290,4,0
338286,338286,338290,4,0
338286,338286,338290,4,0
338286,338286,338290,4,0
338286,338286,338291,5,0
338286,338286,338291,5,0
338286,338286,338290,4,0
338286,338286,338291,5,0
338286,338286,338290,4,0
338286,338286,338291,5,0
338286,338286,338291,5,0
338286,338286,338291,5,0
338286,338286,338290,4,0
338286,338286,338290,4,0
338286,338286,338290,4,0
338286,338286,338291,5,0
338286,338286,338291,5,0
338286,338286,338290,4,0
338286,338286,338291,5,0
338286,338286,338291,5,0
338286,338286,338291,5,0
338286,338286,338291,5,0
338286,338286,338291,5,0
338286,338286,338291,5,0
338286,338286,338290,4,0
338286,338286,338291,5,0
338286,338286,338290,4,0
338286,338286,338290,4,0
338286,338286,338290,4,0
338286,338286,338291,5,0
338286,338290,338291,1,4
338286,338286,338290,4,0
338286,338286,338290,4,0
338286,338286,338290,4,0
338286,338286,338291,5,0
338286,338286,338291,5,0
338286,338286,338291,5,0
338286,338290,338291,1,4
338286,338286,338291,5,0
338286,338286,338290,4,0
338286,338286,338291,5,0
338286,338286,338291,5,0
338286,338286,338291,5,0
338286,338286,338291,5,0
338286,338286,338291,5,0
338286,338290,338291,1,4
338286,338286,338291,5,0
338286,338286,338291,5,0
338286,338286,338292,6,0
338286,338286,338292,6,0
338286,338286,338292,6,0
338286,338291,338292,1,5
338286,338286,338291,5,0
338286,338286,338292,6,0
338286,338286,338292,6,0
338286,338286,338292,6,0
338286,338286,338291,5,0
338286,338286,338292,6,0
338286,338286,338291,5,0
338286,338286,338292,6,0
338286,338286,338291,5,0
338286,338286,338291,5,0
338286,338286,338291,5,0
338286,338286,338292,6,0
338286,338286,338292,6,0
338286,338286,338291,5,0
338286,338286,338291,5,0
338286,338291,338292,1,5
338286,338291,338294,3,5
338286,338291,338295,4,5
338286,338291,338295,4,5
338286,338291,338295,4,5
338286,338291,338295,4,5
338286,338291,338295,4,5
338286,338291,338295,4,5
338286,338291,338295,4,5
338286,338291,338295,4,5
338286,338291,338295,4,5
338286,338291,338295,4,5
338286,338291,338295,4,5
338286,338291,338295,4,5
338286,338291,338295,4,5
338286,338291,338295,4,5
338286,338291,338295,4,5
338286,338291,338295,4,5
338286,338291,338295,4,5
338286,338291,338295,4,5
338286,338291,338296,5,5
338286,338291,338297,6,5
338286,338291,338296,5,5
338286,338291,338296,5,5
338286,338291,338296,5,5
338286,338291,338296,5,5
338286,338291,338296,5,5
338286,338291,338296,5,5
338286,338291,338296,5,5
338286,338291,338296,5,5
338286,338291,338297,6,5
338286,338291,338297,6,5
338286,338291,338297,6,5
338286,338291,338297,6,5
338286,338291,338297,6,5
338286,338291,338297,6,5
338286,338291,338297,6,5
338286,338291,338297,6,5
338286,338291,338297,6,5
338286,338293,338298,5,7
338286,338293,338298,5,7
338286,338291,338298,7,5
338286,338291,338297,6,5
338286,338291,338297,6,5
338286,338291,338297,6,5
338286,338293,338298,5,7
338286,338293,338298,5,7
338286,338295,338298,3,9
338286,338291,338297,6,5
338286,338291,338297,6,5
338286,338293,338298,5,7
338286,338291,338297,6,5
338286,338291,338297,6,5
338286,338291,338297,6,5
338286,338291,338297,6,5
338286,338293,338298,5,7
338286,338291,338297,6,5
338286,338291,338297,6,5
338286,338291,338297,6,5
338286,338291,338297,6,5
338286,338293,338298,5,7
338286,338291,338297,6,5
338286,338291,338297,6,5
338286,338293,338298,5,7
338286,338293,338298,5,7
338286,338291,338297,6,5
338286,338291,338298,7,5
338286,338291,338298,7,5
338286,338291,338298,7,5
338286,338298,338299,1,12
338286,338298,338299,1,12
338286,338298,338299,1,12
338286,338292,338298,6,6
338286,338293,338299,6,7
338286,338293,338299,6,7
338286,338293,338299,6,7
338286,338293,338299,6,7
338286,338296,338298,2,10
338286,338296,338299,3,10
338286,338293,338298,5,7
338286,338293,338298,5,7
338286,338296,338299,3,10
338286,338296,338299,3,10
338286,338298,338299,1,12
338286,338293,338298,5,7
338286,338293,338298,5,7
338286,338293,338298,5,7
338286,338296,338298,2,10
338286,338297,338299,2,11
338286,338296,338298,2,10
338286,338296,338298,2,10
338286,338297,338299,2,11
338286,338293,338298,5,7
338286,338293,338298,5,7
338286,338296,338299,3,10
338286,338296,338299,3,10
338286,338296,338298,2,10
338286,338296,338299,3,10
338286,338297,338299,2,11
338286,338296,338299,3,10
338286,338296,338298,2,10
338286,338297,338299,2,11
338286,338297,338299,2,11
338286,338293,338299,6,7
338286,338296,338299,3,10
338286,338296,338299,3,10
338286,338297,338299,2,11
338286,338296,338299,3,10
338286,338296,338299,3,10
338286,338296,338299,3,10
338286,338297,338299,2,11
338286,338297,338300,3,11
338286,338297,338299,2,11
338286,338297,338299,2,11
338303,338303,338305,2,0
338303,338303,338304,1,0
338303,338303,338304,1,0
338303,338303,338306,3,0
338303,338303,338306,3,0
338303,338303,338306,3,0
338303,338303,338306,3,0
338303,338303,338306,3,0
338303,338303,338306,3,0
338303,338303,338307,4,0
338303,338303,338307,4,0
338303,338303,338307,4,0
338303,338303,338307,4,0
338303,338303,338307,4,0
338303,338303,338307,4,0
338303,338303,338307,4,0
338303,338303,338307,4,0
338303,338303,338307,4,0
338303,338303,338307,4,0
338303,338303,338307,4,0
338303,338303,338306,3,0
338303,338303,338306,3,0
338303,338303,338307,4,0
338303,338303,338307,4,0
338303,338303,338308,5,0
338303,338303,338308,5,0
338303,338303,338308,5,0
338303,338303,338308,5,0
338303,338303,338308,5,0
338303,338303,338308,5,0
338303,338303,338308,5,0
338303,338303,338308,5,0
338303,338303,338308,5,0
338303,338303,338308,5,0
338303,338303,338308,5,0
338303,338303,338308,5,0
338303,338303,338308,5,0
338303,338303,338308,5,0
338303,338303,338308,5,0
338303,338303,338308,5,0
338303,338303,338308,5,0
338303,338303,338308,5,0
338303,338303,338308,5,0
338303,338303,338309,6,0
338303,338303,338309,6,0
338303,338303,338309,6,0
338303,338303,338308,5,0
338303,338303,338308,5,0
338303,338303,338308,5,0
338303,338303,338308,5,0
338303,338303,338308,5,0
338303,338303,338309,6,0
338303,338303,338309,6,0
338303,338303,338309,6,0
338303,338303,338308,5,0
338303,338303,338308,5,0
338303,338303,338308,5,0
338303,338303,338308,5,0
338303,338303,338308,5,0
338303,338303,338308,5,0
338303,338303,338308,5,0
338303,338303,338308,5,0
338303,338303,338308,5,0
338303,338303,338309,6,0
338303,338303,338309,6,0
338303,338303,338309,6,0
338303,338305,338309,4,2
338303,338303,338310,7,0
338303,338303,338309,6,0
338303,338303,338309,6,0
338303,338303,338309,6,0
338303,338305,338309,4,2
338303,338303,338309,6,0
338303,338303,338309,6,0
338303,338304,338309,5,1
338303,338303,338309,6,0
338303,338303,338309,6,0
338303,338303,338310,7,0
338303,338303,338309,6,0
338303,338306,338310,4,3
338303,338303,338310,7,0
338303,338303,338310,7,0
338303,338309,338310,1,6
338303,338306,338310,4,3
338303,338309,338310,1,6
338303,338306,338310,4,3
338303,338309,338310,1,6
338303,338309,338310,1,6
338303,338309,338310,1,6
338303,338306,338310,4,3
338303,338308,338310,2,5
338303,338303,338310,7,0
338303,338309,338310,1,6
338303,338309,338310,1,6
338303,338307,338311,4,4
338303,338306,338311,5,3
338303,338308,338311,3,5
338303,338308,338311,3,5
338303,338309,338311,2,6
338303,338309,338311,2,6
338303,338309,338311,2,6
338303,338309,338311,2,6
338303,338308,338311,3,5
338303,338309,338311,2,6
338303,338309,338311,2,6
338303,338308,338311,3,5
338303,338308,338311,3,5
338303,338308,338311,3,5
338303,338309,338311,2,6
338303,338309,338311,2,6
338303,338309,338311,2,6
338303,338309,338312,3,6
338303,338309,338312,3,6
338303,338309,338312,3,6
338303,338308,338312,4,5
338303,338309,338311,2,6
338303,338309,338311,2,6
338303,338309,338311,2,6
338303,338309,338311,2,6
338303,338306,338311,5,3
338303,338308,338311,3,5
338303,338308,338311,3,5
338303,338308,338311,3,5
338303,338308,338311,3,5
338303,338307,338311,4,4
338303,338308,338311,3,5
338303,338309,338311,2,6
338303,338309,338311,2,6
338303,338309,338312,3,6
338303,338306,338312,6,3
338303,338310,338312,2,7
338303,338310,338312,2,7
338303,338310,338312,2,7
338303,338310,338312,2,7
338303,338310,338312,2,7
338303,338310,338312,2,7
338303,338309,338312,3,6
338303,338309,338313,4,6
338303,338309,338312,3,6
338303,338309,338313,4,6
338303,338309,338312,3,6
338303,338309,338312,3,6
338303,338309,338312,3,6
338303,338309,338312,3,6
338303,338310,338313,3,7
338303,338310,338313,3,7
338303,338310,338313,3,7
338303,338310,338313,3,7
338303,338310,338313,3,7
338303,338310,338313,3,7
338303,338310,338313,3,7
338303,338310,338313,3,7
338303,338309,338313,4,6
338303,338310,338313,3,7
338303,338310,338313,3,7
338303,338310,338313,3,7
338303,338311,338314,3,8
338303,338311,338314,3,8
338303,338311,338314,3,8
338303,338310,338314,4,7
338303,338310,338314,4,7
338303,338311,338314,3,8
338303,338311,338314,3,8
338303,338312,338314,2,9
338303,338312,338314,2,9
338303,338311,338314,3,8
338303,338310,338314,4,7
338303,338311,338314,3,8
338303,338311,338314,3,8
338303,338311,338314,3,8
338303,338311,338314,3,8
338303,338311,338314,3,8
338303,338311,338314,3,8
338303,338311,338314,3,8
338303,338312,338314,2,9
338303,338312,338315,3,9
338303,338312,338315,3,9
338303,338312,338314,2,9
338303,338312,338315,3,9
338303,338312,338315,3,9
338303,338312,338315,3,9
338303,338312,338315,3,9
338303,338312,338315,3,9
338303,338312,338315,3,9
338303,338311,338314,3,8
338303,338312,338314,2,9
338303,338312,338314,2,9
338303,338312,338314,2,9
338303,338311,338314,3,8
338303,338312,338314,2,9
338303,338312,338314,2,9
338303,338312,338314,2,9
338303,338312,338315,3,9
338303,338312,338315,3,9
338303,338312,338315,3,9
338303,338312,338315,3,9
338303,338312,338315,3,9
338303,338312,338315,3,9
338303,338312,338315,3,9
338303,338312,338315,3,9
338319,338320,338324,4,1
338319,338320,338324,4,1
338319,338320,338325,5,1
338319,338320,338325,5,1
338319,338320,338324,4,1
338319,338320,338325,5,1
338319,338320,338324,4,1
338319,338320,338325,5,1
338319,338320,338325,5,1
338319,338320,338325,5,1
338319,338320,338324,4,1
338319,338320,338324,4,1
338319,338320,338325,5,1
338319,338320,338324,4,1
338319,338320,338324,4,1
338319,338320,338324,4,1
338319,338320,338325,5,1
338319,338320,338325,5,1
338319,338320,338324,4,1
338319,338320,338324,4,1
338319,338320,338324,4,1
338319,338320,338325,5,1
338319,338320,338325,5,1
338319,338320,338324,4,1
338319,338320,338324,4,1
338319,338320,338324,4,1
338319,338320,338325,5,1
338319,338320,338324,4,1
338319,338320,338324,4,1
338319,338320,338325,5,1
338319,338320,338324,4,1
338319,338320,338325,5,1
338319,338320,338325,5,1
338319,338320,338325,5,1
338319,338320,338325,5,1
338319,338320,338325,5,1
338319,338320,338325,5,1
338319,338320,338325,5,1
338319,338320,338325,5,1
338319,338320,338325,5,1
338319,338320,338325,5,1
338319,338320,338325,5,1
338319,338320,338325,5,1
338319,338320,338325,5,1
338319,338320,338325,5,1
338319,338320,338325,5,1
338319,338320,338325,5,1
338319,338320,338325,5,1
338319,338320,338325,5,1
338319,338320,338326,6,1
338319,338320,338325,5,1
338319,338320,338326,6,1
338319,338320,338325,5,1
338319,338320,338325,5,1
338319,338320,338325,5,1
338319,338320,338325,5,1
338319,338320,338325,5,1
338319,338320,338325,5,1
338319,338320,338325,5,1
338319,338320,338325,5,1
338319,338320,338326,6,1
338319,338320,338325,5,1
338319,338320,338325,5,1
338319,338320,338325,5,1
338319,338320,338325,5,1
338319,338320,338326,6,1
338319,338320,338326,6,1
338319,338320,338325,5,1
338319,338320,338325,5,1
338319,338320,338325,5,1
338319,338320,338325,5,1
338319,338320,338325,5,1
338319,338320,338326,6,1
338319,338320,338325,5,1
338319,338320,338325,5,1
338319,338325,338327,2,6
338319,338320,338326,6,1
338319,338320,338327,7,1
338319,338325,338327,2,6
338319,338320,338327,7,1
338319,338320,338326,6,1
338319,338325,338327,2,6
338319,338325,338327,2,6
338319,338320,338329,9,1
338319,338328,338330,2,9
338319,338325,338330,5,6
338319,338325,338330,5,6
338319,338325,338330,5,6
338319,338328,338330,2,9
338319,338325,338330,5,6
338319,338325,338330,5,6
338319,338325,338330,5,6
338319,338325,338330,5,6
338319,338327,338330,3,8
338319,338326,338330,4,7
338319,338326,338330,4,7
338319,338326,338330,4,7
338319,338326,338330,4,7
338319,338326,338330,4,7
338319,338326,338330,4,7
338319,338326,338330,4,7
338319,338326,338330,4,7
338319,338326,338331,5,7
338319,338326,338331,5,7
338319,338326,338330,4,7
338319,338326,338330,4,7
338319,338326,338330,4,7
338319,338327,338331,4,8
338319,338330,338331,1,11
338319,338325,338330,5,6
338319,338325,338330,5,6
338319,338325,338330,5,6
338319,338325,338330,5,6
338319,338325,338330,5,6
338319,338325,338330,5,6
338319,338326,338331,5,7
338319,338325,338330,5,6
338319,338325,338330,5,6
338319,338325,338330,5,6
338319,338325,338330,5,6
338319,338325,338330,5,6
338319,338326,338331,5,7
338319,338326,338330,4,7
338319,338326,338331,5,7
338319,338325,338331,6,6
338319,338325,338331,6,6
338319,338326,338331,5,7
338319,338325,338330,5,6
338319,338325,338331,6,6
338319,338325,338331,6,6
338319,338326,338331,5,7
338319,338326,338331,5,7
338319,338326,338331,5,7
338319,338326,338330,4,7
338319,338330,338331,1,11
338319,338326,338330,4,7
338319,338326,338330,4,7
338319,338326,338330,4,7
338319,338326,338330,4,7
338319,338330,338331,1,11
338319,338330,338331,1,11
338319,338330,338331,1,11
338319,338325,338330,5,6
338319,338325,338330,5,6
338319,338326,338331,5,7
338319,338326,338331,5,7
338319,338326,338331,5,7
338319,338326,338331,5,7
338319,338327,338331,4,8
338319,338330,338331,1,11
338319,338325,338330,5,6
338319,338325,338330,5,6
338319,338326,338330,4,7
338319,338326,338331,5,7
338319,338326,338331,5,7
338319,338327,338331,4,8
338319,338330,338331,1,11
338319,338325,338330,5,6
338319,338326,338331,5,7
338319,338326,338331,5,7
338319,338326,338330,4,7
338319,338327,338331,4,8
338319,338330,338331,1,11
338319,338326,338332,6,7
338319,338327,338332,5,8
338319,338331,338332,1,12
338319,338331,338332,1,12
338319,338331,338332,1,12
338319,338331,338332,1,12
338319,338331,338332,1,12
338319,338331,338332,1,12
338319,338326,338332,6,7
338319,338326,338332,6,7
338319,338326,338332,6,7
338319,338326,338331,5,7
338319,338326,338332,6,7
338319,338326,338331,5,7
338319,338331,338332,1,12
338319,338331,338333,2,12
338319,338331,338332,1,12
338319,338331,338332,1,12
338319,338331,338333,2,12
338319,338331,338334,3,12
338319,338331,338334,3,12
338319,338331,338334,3,12
338319,338332,338334,2,13
338319,338332,338334,2,13
338319,338331,338334,3,12
338319,338331,338334,3,12
338319,338331,338334,3,12
338319,338332,338334,2,13
338319,338331,338334,3,12
338319,338331,338334,3,12
338319,338331,338334,3,12
338319,338331,338334,3,12
338319,338332,338334,2,13
338319,338332,338334,2,13
338338,338338,338343,5,0
338338,338338,338343,5,0
338338,338338,338343,5,0
338338,338338,338343,5,0
338338,338338,338343,5,0
338338,338338,338343,5,0
338338,338338,338343,5,0
338338,338338,338343,5,0
338338,338338,338343,5,0
338338,338338,338343,5,0
338338,338338,338343,5,0
338338,338338,338343,5,0
338338,338338,338343,5,0
338338,338338,338343,5,0
338338,338338,338343,5,0
338338,338338,338343,5,0
338338,338338,338343,5,0
338338,338338,338343,5,0
338338,338338,338343,5,0
338338,338338,338343,5,0
338338,338338,338343,5,0
338338,338338,338343,5,0
338338,338338,338343,5,0
338338,338338,338343,5,0
338338,338338,338343,5,0
338338,338338,338343,5,0
338338,338338,338343,5,0
338338,338338,338343,5,0
338338,338338,338343,5,0
338338,338338,338343,5,0
338338,338338,338343,5,0
338338,338338,338343,5,0
338338,338338,338343,5,0
338338,338338,338343,5,0
338338,338338,338343,5,0
338338,338338,338343,5,0
338338,338338,338343,5,0
338338,338338,338343,5,0
338338,338338,338343,5,0
338338,338338,338343,5,0
338338,338338,338343,5,0
338338,338338,338343,5,0
338338,338338,338343,5,0
338338,338338,338343,5,0
338338,338338,338343,5,0
338338,338338,338343,5,0
338338,338338,338343,5,0
338338,338338,338343,5,0
338338,338338,338343,5,0
338338,338338,338343,5,0
338338,338338,338343,5,0
338338,338338,338343,5,0
338338,338338,338343,5,0
338338,338338,338343,5,0
338338,338338,338343,5,0
338338,338338,338343,5,0
338338,338338,338343,5,0
338338,338338,338344,6,0
338338,338338,338344,6,0
338338,338338,338343,5,0
338338,338338,338344,6,0
338338,338338,338343,5,0
338338,338338,338343,5,0
338338,338338,338344,6,0
338338,338338,338343,5,0
338338,338338,338344,6,0
338338,338338,338343,5,0
338338,338338,338344,6,0
338338,338338,338344,6,0
338338,338338,338343,5,0
338338,338338,338344,6,0
338338,338338,338343,5,0
338338,338338,338344,6,0
338338,338338,338344,6,0
338338,338338,338343,5,0
338338,338338,338343,5,0
338338,338338,338344,6,0
338338,338338,338343,5,0
338338,338338,338344,6,0
338338,338338,338343,5,0
338338,338343,338345,2,5
338338,338343,338346,3,5
338338,338343,338346,3,5
338338,338343,338347,4,5
338338,338343,338346,3,5
338338,338343,338346,3,5
338338,338343,338347,4,5
338338,338343,338347,4,5
338338,338343,338346,3,5
338338,338343,338346,3,5
338338,338343,338347,4,5
338338,338343,338347,4,5
338338,338343,338347,4,5
338338,338343,338347,4,5
338338,338343,338347,4,5
338338,338343,338347,4,5
338338,338343,338347,4,5
338338,338343,338348,5,5
338338,338343,338348,5,5
338338,338343,338348,5,5
338338,338343,338348,5,5
338338,338343,338348,5,5
338338,338343,338348,5,5
338338,338343,338349,6,5
338338,338343,338349,6,5
338338,338343,338349,6,5
338338,338343,338349,6,5
338338,338343,338349,6,5
338338,338343,338349,6,5
338338,338343,338349,6,5
338338,338343,338349,6,5
338338,338343,338349,6,5
338338,338343,338349,6,5
338338,338343,338348,5,5
338338,338343,338349,6,5
338338,338343,338349,6,5
338338,338343,338349,6,5
338338,338343,338350,7,5
338338,338343,338349,6,5
338338,338343,338349,6,5
338338,338343,338349,6,5
338338,338343,338349,6,5
338338,338343,338349,6,5
338338,338343,338349,6,5
338338,338343,338349,6,5
338338,338343,338349,6,5
338338,338343,338349,6,5
338338,338345,338350,5,7
338338,338343,338349,6,5
338338,338343,338349,6,5
338338,338343,338349,6,5
338338,338343,338349,6,5
338338,338345,338349,4,7
338338,338345,338350,5,7
338338,338345,338350,5,7
338338,338345,338349,4,7
338338,338343,338349,6,5
338338,338345,338349,4,7
338338,338345,338349,4,7
338338,338345,338350,5,7
338338,338345,338349,4,7
338338,338345,338350,5,7
338338,338345,338350,5,7
338338,338345,338350,5,7
338338,338343,338349,6,5
338338,338343,338349,6,5
338338,338343,338349,6,5
338338,338345,338350,5,7
338338,338345,338349,4,7
338338,338345,338350,5,7
338338,338345,338350,5,7
338338,338345,338350,5,7
338338,338348,338351,3,10
338338,338348,338351,3,10
338338,338346,338350,4,8
338338,338347,338350,3,9
338338,338347,338350,3,9
338338,338345,338350,5,7
338338,338345,338350,5,7
338338,338345,338350,5,7
338338,338348,338351,3,10
338338,338348,338351,3,10
338338,338345,338350,5,7
338338,338347,338351,4,9
338338,338347,338350,3,9
338338,338347,338351,4,9
338338,338347,338351,4,9
338338,338345,338350,5,7
338338,338347,338350,3,9
338338,338348,338350,2,10
338338,338345,338350,5,7
338338,338348,338350,2,10
338338,338349,338351,2,11
338338,338345,338350,5,7
338338,338345,338350,5,7
338338,338347,338351,4,9
338338,338348,338350,2,10
338338,338349,338351,2,11
338338,338349,338351,2,11
338338,338349,338351,2,11
338338,338350,338351,1,12
338338,338347,338351,4,9
338338,338349,338351,2,11
338338,338349,338351,2,11
338338,338350,338351,1,12
338338,338349,338352,3,11
338338,338350,338352,2,12
338338,338350,338352,2,12
338338,338349,338351,2,11
338338,338349,338351,2,11
338338,338349,338351,2,11
338338,338349,338352,3,11
338338,338349,338352,3,11
338338,338349,338351,2,11
338338,338349,338351,2,11
338338,338349,338352,3,11
338338,338349,338351,2,11
338338,338349,338351,2,11
338338,338349,338351,2,11
338338,338349,338351,2,11
338355,338356,338358,2,1
338355,338356,338361,5,1
338355,338356,338360,4,1
338355,338356,338360,4,1
338355,338356,338361,5,1
338355,338356,338361,5,1
338355,338356,338360,4,1
338355,338356,338360,4,1
338355,338356,338361,5,1
338355,338356,338361,5,1
338355,338356,338361,5,1
338355,338356,338361,5,1
338355,338356,338360,4,1
338355,338356,338360,4,1
338355,338356,338360,4,1
338355,338356,338361,5,1
338355,338356,338361,5,1
338355,338356,338360,4,1
338355,338356,338360,4,1
338355,338356,338360,4,1
338355,338356,338361,5,1
338355,338356,338361,5,1
338355,338356,338360,4,1
338355,338356,338360,4,1
338355,338356,338361,5,1
338355,338356,338360,4,1
338355,338356,338360,4,1
338355,338356,338361,5,1
338355,338356,338360,4,1
338355,338356,338360,4,1
338355,338356,338361,5,1
338355,338356,338361,5,1
338355,338356,338361,5,1
338355,338356,338361,5,1
338355,338356,338360,4,1
338355,338356,338360,4,1
338355,338356,338361,5,1
338355,338356,338361,5,1
338355,338356,338361,5,1
338355,338356,338360,4,1
338355,338356,338360,4,1
338355,338356,338361,5,1
338355,338356,338361,5,1
338355,338356,338361,5,1
338355,338356,338361,5,1
338355,338356,338361,5,1
338355,338356,338361,5,1
338355,338356,338360,4,1
338355,338356,338361,5,1
338355,338356,338361,5,1
338355,338356,338361,5,1
338355,338356,338361,5,1
338355,338356,338361,5,1
338355,338356,338362,6,1
338355,338356,338362,6,1
338355,338356,338361,5,1
338355,338356,338361,5,1
338355,338356,338362,6,1
338355,338356,338361,5,1
338355,338356,338361,5,1
338355,338356,338361,5,1
338355,338356,338361,5,1
338355,338356,338361,5,1
338355,338356,338361,5,1
338355,338356,338361,5,1
338355,338356,338361,5,1
338355,338356,338361,5,1
338355,338356,338361,5,1
338355,338356,338361,5,1
338355,338356,338361,5,1
338355,338356,338361,5,1
338355,338356,338361,5,1
338355,338356,338361,5,1
338355,338356,338362,6,1
338355,338356,338362,6,1
338355,338356,338362,6,1
338355,338356,338363,7,1
338355,338356,338362,6,1
338355,338356,338362,6,1
338355,338356,338362,6,1
338355,338359,338362,3,4
338355,338361,338364,3,6
338355,338361,338365,4,6
338355,338361,338365,4,6
338355,338361,338365,4,6
338355,338361,338365,4,6
338355,338361,338365,4,6
338355,338361,338365,4,6
338355,338361,338365,4,6
338355,338362,338365,3,7
338355,338362,338365,3,7
338355,338362,338365,3,7
338355,338361,338365,4,6
338355,338362,338365,3,7
338355,338361,338365,4,6
338355,338361,338365,4,6
338355,338362,338365,3,7
338355,338362,338365,3,7
338355,338362,338365,3,7
338355,338361,338365,4,6
338355,338361,338365,4,6
338355,338362,338365,3,7
338355,338362,338365,3,7
338355,338361,338365,4,6
338355,338361,338365,4,6
338355,338362,338365,3,7
338355,338362,338365,3,7
338355,338362,338365,3,7
338355,338361,338365,4,6
338355,338362,338365,3,7
338355,338362,338365,3,7
338355,338362,338365,3,7
338355,338361,338365,4,6
338355,338361,338365,4,6
338355,338361,338365,4,6
338355,338361,338366,5,6
338355,338361,338365,4,6
338355,338361,338366,5,6
338355,338361,338366,5,6
338355,338361,338366,5,6
338355,338361,338366,5,6
338355,338361,338366,5,6
338355,338361,338366,5,6
338355,338362,338366,4,7
338355,338361,338366,5,6
338355,338361,338366,5,6
338355,338361,338366,5,6
338355,338361,338366,5,6
338355,338362,338366,4,7
338355,338361,338366,5,6
338355,338361,338366,5,6
338355,338361,338366,5,6
338355,338361,338366,5,6
338355,338361,338365,4,6
338355,338361,338366,5,6
338355,338361,338366,5,6
338355,338361,338366,5,6
338355,338362,338366,4,7
338355,338361,338366,5,6
338355,338361,338366,5,6
338355,338361,338366,5,6
338355,338361,338366,5,6
338355,338362,338367,5,7
338355,338361,338366,5,6
338355,338361,338366,5,6
338355,338361,338366,5,6
338355,338361,338366,5,6
338355,338361,338366,5,6
338355,338361,338366,5,6
338355,338365,338367,2,10
338355,338365,338367,2,10
338355,338362,338367,5,7
338355,338362,338367,5,7
338355,338365,338367,2,10
338355,338365,338367,2,10
338355,338365,338367,2,10
338355,338365,338367,2,10
338355,338365,338367,2,10
338355,338365,338367,2,10
338355,338363,338367,4,8
338355,338365,338367,2,10
338355,338363,338367,4,8
338355,338362,338367,5,7
338355,338363,338367,4,8
338355,338363,338367,4,8
338355,338363,338367,4,8
338355,338366,338367,1,11
338355,338363,338367,4,8
338355,338362,338368,6,7
338355,338362,338367,5,7
338355,338365,338367,2,10
338355,338365,338367,2,10
338355,338366,338368,2,11
338355,338366,338368,2,11
338355,338366,338368,2,11
338355,338366,338368,2,11
338355,338366,338368,2,11
338355,338366,338368,2,11
338355,338366,338368,2,11
338355,338366,338368,2,11
338355,338366,338369,3,11
338355,338366,338368,2,11
338355,338366,338368,2,11
338355,338363,338368,5,8
338355,338366,338368,2,11
338355,338366,338368,2,11
338355,338366,338368,2,11
338355,338366,338368,2,11
338355,338366,338368,2,11
338355,338366,338368,2,11
338355,338366,338368,2,11
338355,338366,338368,2,11
338355,338366,338368,2,11
338355,338366,338369,3,11
338355,338366,338369,3,11
338355,338366,338369,3,11
338355,338366,338369,3,11
338355,338366,338369,3,11
338355,338366,338369,3,11
338355,338366,338369,3,11
338373,338373,338378,5,0
338373,338373,338378,5,0
338373,338373,338378,5,0
338373,338373,338378,5,0
338373,338373,338378,5,0
338373,338373,338377,4,0
338373,338373,338378,5,0
338373,338373,338378,5,0
338373,338373,338378,5,0
338373,338373,338377,4,0
338373,338373,338377,4,0
338373,338373,338377,4,0
338373,338373,338378,5,0
338373,338373,338378,5,0
338373,338373,338378,5,0
338373,338373,338378,5,0
338373,338373,338378,5,0
338373,338373,338377,4,0
338373,338373,338378,5,0
338373,338373,338378,5,0
338373,338373,338377,4,0
338373,338373,338377,4,0
338373,338373,338378,5,0
338373,338373,338377,4,0
338373,338373,338378,5,0
338373,338373,338378,5,0
338373,338373,338377,4,0
338373,338373,338377,4,0
338373,338373,338378,5,0
338373,338373,338378,5,0
338373,338373,338378,5,0
338373,338373,338378,5,0
338373,338373,338378,5,0
338373,338373,338377,4,0
338373,338373,338377,4,0
338373,338373,338378,5,0
338373,338373,338378,5,0
338373,338373,338377,4,0
338373,338373,338378,5,0
338373,338373,338378,5,0
338373,338373,338378,5,0
338373,338373,338377,4,0
338373,338373,338377,4,0
338373,338373,338378,5,0
338373,338373,338377,4,0
338373,338373,338378,5,0
338373,338373,338378,5,0
338373,338373,338377,4,0
338373,338373,338378,5,0
338373,338373,338378,5,0
338373,338373,338378,5,0
338373,338373,338378,5,0
338373,338373,338377,4,0
338373,338373,338377,4,0
338373,338373,338377,4,0
338373,338373,338378,5,0
338373,338373,338378,5,0
338373,338373,338377,4,0
338373,338373,338379,6,0
338373,338373,338378,5,0
338373,338373,338379,6,0
338373,338373,338378,5,0
338373,338373,338378,5,0
338373,338373,338378,5,0
338373,338373,338379,6,0
338373,338373,338379,6,0
338373,338373,338379,6,0
338373,338373,338379,6,0
338373,338373,338378,5,0
338373,338373,338379,6,0
338373,338373,338378,5,0
338373,338373,338378,5,0
338373,338373,338378,5,0
338373,338373,338379,6,0
338373,338373,338378,5,0
338373,338373,338378,5,0
338373,338373,338378,5,0
338373,338373,338378,5,0
338373,338373,338378,5,0
338373,338373,338379,6,0
338373,338378,338382,4,5
338373,338378,338383,5,5
338373,338378,338383,5,5
338373,338378,338383,5,5
338373,338378,338384,6,5
338373,338378,338384,6,5
338373,338378,338384,6,5
338373,338378,338384,6,5
338373,338378,338384,6,5
338373,338378,338384,6,5
338373,338378,338384,6,5
338373,338378,338384,6,5
338373,338378,338384,6,5
338373,338378,338384,6,5
338373,338378,338384,6,5
338373,338378,338384,6,5
338373,338378,338384,6,5
338373,338378,338384,6,5
338373,338378,338384,6,5
338373,338378,338384,6,5
338373,338378,338383,5,5
338373,338378,338384,6,5
338373,338378,338384,6,5
338373,338378,338384,6,5
338373,338378,338384,6,5
338373,338378,338384,6,5
338373,338378,338384,6,5
338373,338378,338384,6,5
338373,338378,338384,6,5
338373,338378,338384,6,5
338373,338378,338384,6,5
338373,338379,338384,5,6
338373,338378,338384,6,5
338373,338378,338384,6,5
338373,338378,338384,6,5
338373,338378,338384,6,5
338373,338379,338384,5,6
338373,338379,338384,5,6
338373,338378,338384,6,5
338373,338378,338384,6,5
338373,338378,338384,6,5
338373,338378,338384,6,5
338373,338379,338384,5,6
338373,338379,338384,5,6
338373,338379,338384,5,6
338373,338378,338384,6,5
338373,338378,338384,6,5
338373,338378,338384,6,5
338373,338378,338384,6,5
338373,338379,338384,5,6
338373,338379,338384,5,6
338373,338379,338384,5,6
338373,338378,338384,6,5
338373,338378,338384,6,5
338373,338378,338384,6,5
338373,338378,338384,6,5
338373,338378,338384,6,5
338373,338379,338384,5,6
338373,338378,338384,6,5
338373,338378,338384,6,5
338373,338378,338384,6,5
338373,338378,338384,6,5
338373,338378,338384,6,5
338373,338378,338384,6,5
338373,338379,338384,5,6
338373,338378,338384,6,5
338373,338378,338384,6,5
338373,338378,338384,6,5
338373,338378,338384,6,5
338373,338379,338384,5,6
338373,338379,338385,6,6
338373,338379,338385,6,6
338373,338379,338385,6,6
338373,338379,338385,6,6
338373,338379,338385,6,6
338373,338384,338385,1,11
338373,338383,338385,2,10
338373,338384,338385,1,11
338373,338379,338385,6,6
338373,338381,338385,4,8
338373,338379,338385,6,6
338373,338379,338385,6,6
338373,338379,338385,6,6
338373,338383,338385,2,10
338373,338385,338386,1,12
338373,338385,338386,1,12
338373,338385,338387,2,12
338373,338385,338386,1,12
338373,338385,338386,1,12
338373,338385,338386,1,12
338373,338385,338386,1,12
338373,338385,338386,1,12
338373,338385,338386,1,12
338373,338385,338386,1,12
338373,338385,338386,1,12
338373,338385,338386,1,12
338373,338385,338387,2,12
338373,338385,338386,1,12
338373,338385,338386,1,12
338373,338385,338386,1,12
338373,338384,338387,3,11
338373,338385,338387,2,12
338373,338385,338387,2,12
338373,338385,338387,2,12
338373,338385,338387,2,12
338373,338385,338387,2,12
338373,338385,338387,2,12
338373,338385,338387,2,12
338373,338385,338387,2,12
338373,338385,338388,3,12
338373,338385,338387,2,12
338373,338385,338388,3,12
338373,338385,338387,2,12
338373,338385,338388,3,12
338373,338385,338387,2,12
338373,338385,338388,3,12
338373,338385,338388,3,12
338373,338385,338388,3,12
338373,338385,338388,3,12
338373,338385,338388,3,12
338392,338392,338397,5,0
338392,338392,338397,5,0
338392,338392,338397,5,0
338392,338392,338397,5,0
338392,338392,338397,5,0
338392,338392,338397,5,0
338392,338392,338397,5,0
338392,338392,338397,5,0
338392,338392,338397,5,0
338392,338392,338397,5,0
338392,338392,338397,5,0
338392,338392,338397,5,0
338392,338392,338397,5,0
338392,338392,338397,5,0
338392,338392,338397,5,0
338392,338392,338397,5,0
338392,338392,338397,5,0
338392,338392,338397,5,0
338392,338392,338397,5,0
338392,338392,338397,5,0
338392,338392,338397,5,0
338392,338392,338397,5,0
338392,338392,338397,5,0
338392,338392,338397,5,0
338392,338392,338397,5,0
338392,338392,338397,5,0
338392,338392,338397,5,0
338392,338392,338397,5,0
338392,338392,338397,5,0
338392,338392,338397,5,0
338392,338392,338397,5,0
338392,338392,338397,5,0
338392,338392,338397,5,0
338392,338392,338397,5,0
338392,338392,338397,5,0
338392,338392,338397,5,0
338392,338392,338397,5,0
338392,338392,338397,5,0
338392,338392,338397,5,0
338392,338392,338397,5,0
338392,338392,338397,5,0
338392,338392,338397,5,0
338392,338392,338397,5,0
338392,338392,338397,5,0
338392,338392,338397,5,0
338392,338392,338397,5,0
338392,338392,338397,5,0
338392,338392,338397,5,0
338392,338392,338397,5,0
338392,338392,338397,5,0
338392,338392,338397,5,0
338392,338392,338397,5,0
338392,338392,338397,5,0
338392,338392,338397,5,0
338392,338392,338397,5,0
338392,338392,338397,5,0
338392,338392,338397,5,0
338392,338392,338397,5,0
338392,338392,338397,5,0
338392,338392,338397,5,0
338392,338393,338397,4,1
338392,338392,338398,6,0
338392,338392,338398,6,0
338392,338392,338399,7,0
338392,338392,338398,6,0
338392,338392,338398,6,0
338392,338392,338398,6,0
338392,338392,338398,6,0
338392,338392,338399,7,0
338392,338393,338398,5,1
338392,338392,338398,6,0
338392,338392,338398,6,0
338392,338392,338398,6,0
338392,338392,338398,6,0
338392,338392,338398,6,0
338392,338392,338398,6,0
338392,338392,338398,6,0
338392,338392,338398,6,0
338392,338392,338398,6,0
338392,338392,338398,6,0
338392,338398,338401,3,6
338392,338398,338401,3,6
338392,338398,338402,4,6
338392,338398,338402,4,6
338392,338398,338401,3,6
338392,338398,338402,4,6
338392,338398,338401,3,6
338392,338398,338401,3,6
338392,338398,338402,4,6
338392,338397,338402,5,5
338392,338398,338402,4,6
338392,338398,338401,3,6
338392,338398,338402,4,6
338392,338398,338402,4,6
338392,338398,338402,4,6
338392,338398,338403,5,6
338392,338398,338403,5,6
338392,338398,338402,4,6
338392,338398,338403,5,6
338392,338398,338403,5,6
338392,338398,338402,4,6
338392,338398,338402,4,6
338392,338398,338403,5,6
338392,338398,338403,5,6
338392,338398,338403,5,6
338392,338398,338403,5,6
338392,338398,338402,4,6
338392,338398,338403,5,6
338392,338398,338403,5,6
338392,338398,338403,5,6
338392,338398,338403,5,6
338392,338398,338403,5,6
338392,338398,338402,4,6
338392,338398,338403,5,6
338392,338398,338402,4,6
338392,338398,338403,5,6
338392,338398,338403,5,6
338392,338398,338403,5,6
338392,338398,338403,5,6
338392,338398,338403,5,6
338392,338398,338403,5,6
338392,338398,338403,5,6
338392,338398,338403,5,6
338392,338398,338403,5,6
338392,338398,338403,5,6
338392,338398,338402,4,6
338392,338398,338403,5,6
338392,338398,338403,5,6
338392,338398,338403,5,6
338392,338399,338403,4,7
338392,338399,338403,4,7
338392,338398,338403,5,6
338392,338398,338403,5,6
338392,338398,338403,5,6
338392,338398,338403,5,6
338392,338398,338403,5,6
338392,338398,338403,5,6
338392,338398,338403,5,6
338392,338398,338403,5,6
338392,338399,338403,4,7
338392,338399,338403,4,7
338392,338399,338403,4,7
338392,338401,338403,2,9
338392,338398,338403,5,6
338392,338402,338403,1,10
338392,338399,338403,4,7
338392,338401,338403,2,9
338392,338399,338403,4,7
338392,338398,338403,5,6
338392,338399,338403,4,7
338392,338399,338403,4,7
338392,338399,338403,4,7
338392,338399,338403,4,7
338392,338399,338403,4,7
338392,338399,338403,4,7
338392,338399,338403,4,7
338392,338399,338403,4,7
338392,338398,338403,5,6
338392,338398,338403,5,6
338392,338399,338403,4,7
338392,338402,338404,2,10
338392,338399,338404,5,7
338392,338403,338405,2,11
338392,338402,338404,2,10
338392,338402,338404,2,10
338392,338403,338405,2,11
338392,338403,338405,2,11
338392,338399,338404,5,7
338392,338402,338404,2,10
338392,338402,338404,2,10
338392,338402,338404,2,10
338392,338402,338404,2,10
338392,338399,338404,5,7
338392,338402,338405,3,10
338392,338402,338405,3,10
338392,338402,338404,2,10
338392,338402,338404,2,10
338392,338402,338405,3,10
338392,338403,338405,2,11
338392,338403,338406,3,11
338392,338403,338406,3,11
338392,338403,338406,3,11
338392,338403,338406,3,11
338392,338403,338406,3,11
338392,338403,338406,3,11
338392,338403,338405,2,11
338392,338403,338406,3,11
338392,338403,338406,3,11
338392,338403,338406,3,11
338392,338403,338405,2,11
338392,338403,338405,2,11
338392,338403,338406,3,11
338392,338403,338406,3,11
338392,338403,338406,3,11
338392,338403,338405,2,11
338392,338403,338406,3,11
338392,338403,338406,3,11
338392,338403,338406,3,11
338392,338403,338406,3,11
338392,338403,338406,3,11
338410,338410,338413,3,0
338410,338410,338414,4,0
338410,338410,338414,4,0
338410,338410,338414,4,0
338410,338410,338415,5,0
338410,338410,338414,4,0
338410,338410,338415,5,0
338410,338410,338415,5,0
338410,338410,338415,5,0
338410,338410,338414,4,0
338410,338410,338415,5,0
338410,338410,338415,5,0
338410,338410,338414,4,0
338410,338410,338415,5,0
338410,338410,338415,5,0
338410,338410,338415,5,0
338410,338410,338415,5,0
338410,338410,338415,5,0
338410,338410,338414,4,0
338410,338410,338414,4,0
338410,338410,338415,5,0
338410,338410,338415,5,0
338410,338410,338415,5,0
338410,338410,338414,4,0
338410,338410,338414,4,0
338410,338410,338415,5,0
338410,338410,338415,5,0
338410,338410,338415,5,0
338410,338410,338414,4,0
338410,338410,338414,4,0
338410,338410,338415,5,0
338410,338410,338415,5,0
338410,338410,338415,5,0
338410,338410,338415,5,0
338410,338410,338415,5,0
338410,338410,338415,5,0
338410,338410,338415,5,0
338410,338410,338415,5,0
338410,338410,338415,5,0
338410,338410,338414,4,0
338410,338410,338415,5,0
338410,338410,338415,5,0
338410,338410,338415,5,0
338410,338410,338415,5,0
338410,338410,338415,5,0
338410,338410,338415,5,0
338410,338410,338415,5,0
338410,338410,338415,5,0
338410,338410,338415,5,0
338410,338410,338415,5,0
338410,338410,338415,5,0
338410,338410,338415,5,0
338410,338410,338415,5,0
338410,338410,338415,5,0
338410,338410,338415,5,0
338410,338410,338415,5,0
338410,338410,338415,5,0
338410,338410,338415,5,0
338410,338410,338415,5,0
338410,338410,338415,5,0
338410,338410,338415,5,0
338410,338410,338415,5,0
338410,338410,338416,6,0
338410,338410,338415,5,0
338410,338410,338416,6,0
338410,338410,338416,6,0
338410,338410,338416,6,0
338410,338410,338415,5,0
338410,338410,338415,5,0
338410,338410,338415,5,0
338410,338410,338416,6,0
338410,338410,338415,5,0
338410,338410,338416,6,0
338410,338410,338416,6,0
338410,338410,338416,6,0
338410,338410,338415,5,0
338410,338413,338416,3,3
338410,338410,338416,6,0
338410,338414,338416,2,4
338410,338410,338415,5,0
338410,338414,338416,2,4
338410,338410,338416,6,0
338410,338410,338416,6,0
338410,338415,338420,5,5
338410,338417,338420,3,7
338410,338414,338419,5,4
338410,338415,338420,5,5
338410,338415,338419,4,5
338410,338415,338420,5,5
338410,338415,338419,4,5
338410,338415,338420,5,5
338410,338415,338420,5,5
338410,338415,338420,5,5
338410,338415,338420,5,5
338410,338415,338420,5,5
338410,338415,338420,5,5
338410,338415,338420,5,5
338410,338415,338420,5,5
338410,338415,338420,5,5
338410,338415,338420,5,5
338410,338417,338420,3,7
338410,338417,338420,3,7
338410,338415,338420,5,5
338410,338415,338420,5,5
338410,338415,338420,5,5
338410,338415,338420,5,5
338410,338417,338420,3,7
338410,338417,338420,3,7
338410,338415,338420,5,5
338410,338415,338420,5,5
338410,338415,338420,5,5
338410,338415,338420,5,5
338410,338415,338420,5,5
338410,338415,338420,5,5
338410,338415,338420,5,5
338410,338415,338420,5,5
338410,338415,338420,5,5
338410,338415,338420,5,5
338410,338415,338420,5,5
338410,338415,338420,5,5
338410,338415,338420,5,5
338410,338415,338420,5,5
338410,338415,338420,5,5
338410,338415,338420,5,5
338410,338415,338420,5,5
338410,338415,338420,5,5
338410,338415,338420,5,5
338410,338415,338420,5,5
338410,338417,338421,4,7
338410,338415,338420,5,5
338410,338415,338420,5,5
338410,338415,338420,5,5
338410,338415,338420,5,5
338410,338415,338420,5,5
338410,338417,338421,4,7
338410,338417,338420,3,7
338410,338415,338420,5,5
338410,338415,338420,5,5
338410,338415,338420,5,5
338410,338415,338420,5,5
338410,338417,338420,3,7
338410,338417,338420,3,7
338410,338415,338420,5,5
338410,338415,338420,5,5
338410,338415,338420,5,5
338410,338415,338420,5,5
338410,338415,338420,5,5
338410,338415,338420,5,5
338410,338415,338420,5,5
338410,338415,338420,5,5
338410,338417,338421,4,7
338410,338417,338420,3,7
338410,338417,338421,4,7
338410,338417,338421,4,7
338410,338420,338421,1,10
338410,338420,338421,1,10
338410,338417,338421,4,7
338410,338417,338421,4,7
338410,338417,338421,4,7
338410,338420,338421,1,10
338410,338417,338421,4,7
338410,338420,338421,1,10
338410,338420,338421,1,10
338410,338420,338422,2,10
338410,338420,338422,2,10
338410,338417,338421,4,7
338410,338417,338421,4,7
338410,338420,338422,2,10
338410,338420,338421,1,10
338410,338420,338421,1,10
338410,338415,338421,6,5
338410,338417,338421,4,7
338410,338417,338421,4,7
338410,338420,338422,2,10
338410,338421,338423,2,11
338410,338421,338423,2,11
338410,338421,338423,2,11
338410,338421,338423,2,11
338410,338421,338423,2,11
338410,338421,338422,1,11
338410,338421,338423,2,11
338410,338421,338423,2,11
338410,338421,338423,2,11
338410,338421,338423,2,11
338410,338421,338424,3,11
338410,338421,338423,2,11
338410,338421,338423,2,11
338410,338421,338423,2,11
338410,338421,338423,2,11
338410,338421,338423,2,11
338410,338421,338423,2,11
338410,338421,338423,2,11
338410,338421,338423,2,11
338410,338421,338424,3,11
338410,338421,338424,3,11
338410,338421,338424,3,11
338410,338421,338424,3,11
338410,338421,338424,3,11
338410,338421,338424,3,11
338410,338421,338424,3,11
338429,338429,338433,4,0
338429,338429,338433,4,0
338429,338429,338433,4,0
338429,338429,338433,4,0
338429,338429,338433,4,0
338429,338429,338433,4,0
338429,338429,338433,4,0
338429,338429,338433,4,0
338429,338429,338433,4,0
338429,338429,338433,4,0
338429,338429,338434,5,0
338429,338429,338434,5,0
338429,338429,338434,5,0
338429,338429,338434,5,0
338429,338429,338434,5,0
338429,338429,338434,5,0
338429,338429,338434,5,0
338429,338429,338434,5,0
338429,338429,338433,4,0
338429,338429,338434,5,0
338429,338429,338434,5,0
338429,338429,338434,5,0
338429,338429,338434,5,0
338429,338429,338434,5,0
338429,338429,338434,5,0
338429,338429,338434,5,0
338429,338429,338434,5,0
338429,338429,338434,5,0
338429,338429,338434,5,0
338429,338429,338434,5,0
338429,338429,338434,5,0
338429,338429,338434,5,0
338429,338429,338434,5,0
338429,338429,338434,5,0
338429,338429,338434,5,0
338429,338429,338434,5,0
338429,338429,338434,5,0
338429,338429,338434,5,0
338429,338429,338434,5,0
338429,338429,338434,5,0
338429,338429,338434,5,0
338429,338429,338433,4,0
338429,338429,338434,5,0
338429,338429,338434,5,0
338429,338429,338434,5,0
338429,338429,338434,5,0
338429,338429,338434,5,0
338429,338429,338434,5,0
338429,338429,338434,5,0
338429,338429,338434,5,0
338429,338429,338434,5,0
338429,338429,338434,5,0
338429,338429,338434,5,0
338429,338429,338434,5,0
338429,338429,338434,5,0
338429,338429,338434,5,0
338429,338429,338434,5,0
338429,338429,338434,5,0
338429,338429,338434,5,0
338429,338429,338434,5,0
338429,338429,338435,6,0
338429,338429,338435,6,0
338429,338429,338434,5,0
338429,338429,338435,6,0
338429,338429,338435,6,0
338429,338429,338434,5,0
338429,338429,338434,5,0
338429,338433,338435,2,4
338429,338429,338434,5,0
338429,338429,338435,6,0
338429,338429,338434,5,0
338429,338433,338435,2,4
338429,338429,338434,5,0
338429,338433,338435,2,4
338429,338429,338434,5,0
338429,338429,338434,5,0
338429,338429,338434,5,0
338429,338433,338435,2,4
338429,338429,338434,5,0
338429,338429,338434,5,0
338429,338429,338434,5,0
338429,338433,338435,2,4
338429,338429,338434,5,0
338429,338429,338434,5,0
338429,338433,338435,2,4
338429,338433,338435,2,4
338429,338429,338436,7,0
338429,338433,338436,3,4
338429,338433,338436,3,4
338429,338433,338436,3,4
338429,338434,338437,3,5
338429,338434,338438,4,5
338429,338434,338438,4,5
338429,338434,338438,4,5
338429,338434,338438,4,5
338429,338434,338438,4,5
338429,338434,338438,4,5
338429,338434,338438,4,5
338429,338434,338437,3,5
338429,338434,338438,4,5
338429,338434,338438,4,5
338429,338434,338438,4,5
338429,338434,338438,4,5
338429,338434,338438,4,5
338429,338435,338438,3,6
338429,338435,338438,3,6
338429,338434,338438,4,5
338429,338434,338438,4,5
338429,338434,338438,4,5
338429,338434,338438,4,5
338429,338434,338438,4,5
338429,338434,338438,4,5
338429,338434,338438,4,5
338429,338434,338438,4,5
338429,338434,338438,4,5
338429,338434,338438,4,5
338429,338434,338437,3,5
338429,338434,338438,4,5
338429,338434,338438,4,5
338429,338434,338438,4,5
338429,338434,338438,4,5
338429,338434,338438,4,5
338429,338434,338438,4,5
338429,338434,338438,4,5
338429,338434,338438,4,5
338429,338434,338438,4,5
338429,338434,338438,4,5
338429,338434,338438,4,5
338429,338434,338438,4,5
338429,338434,338438,4,5
338429,338434,338438,4,5
338429,338434,338438,4,5
338429,338434,338438,4,5
338429,338434,338438,4,5
338429,338435,338438,3,6
338429,338435,338438,3,6
338429,338435,338438,3,6
338429,338435,338439,4,6
338429,338435,338438,3,6
338429,338435,338438,3,6
338429,338435,338439,4,6
338429,338435,338438,3,6
338429,338438,338439,1,9
338429,338434,338438,4,5
338429,338435,338439,4,6
338429,338436,338439,3,7
338429,338436,338439,3,7
338429,338436,338439,3,7
338429,338435,338439,4,6
338429,338435,338439,4,6
338429,338435,338439,4,6
338429,338435,338439,4,6
338429,338434,338438,4,5
338429,338434,338438,4,5
338429,338435,338439,4,6
338429,338435,338439,4,6
338429,338435,338439,4,6
338429,338434,338439,5,5
338429,338434,338439,5,5
338429,338434,338439,5,5
338429,338435,338439,4,6
338429,338435,338438,3,6
338429,338435,338438,3,6
338429,338435,338439,4,6
338429,338435,338439,4,6
338429,338434,338438,4,5
338429,338436,338439,3,7
338429,338435,338439,4,6
338429,338437,338440,3,8
338429,338438,338440,2,9
338429,338438,338440,2,9
338429,338438,338440,2,9
338429,338436,338440,4,7
338429,338438,338440,2,9
338429,338438,338440,2,9
338429,338438,338440,2,9
338429,338438,338440,2,9
338429,338438,338440,2,9
338429,338438,338440,2,9
338429,338438,338440,2,9
338429,338438,338440,2,9
338429,338438,338440,2,9
338429,338436,338440,4,7
338429,338438,338440,2,9
338429,338436,338440,4,7
338429,338438,338440,2,9
338429,338438,338441,3,9
338429,338438,338440,2,9
338429,338438,338441,3,9
338429,338438,338441,3,9
338429,338438,338441,3,9
338429,338438,338441,3,9
338429,338438,338441,3,9
338429,338438,338441,3,9
338429,338438,338441,3,9
338429,338438,338441,3,9
338429,338438,338441,3,9
338429,338438,338441,3,9
338429,338438,338441,3,9
338429,338439,338441,2,10
338445,338445,338450,5,0
338445,338445,338450,5,0
338445,338445,338450,5,0
338445,338445,338450,5,0
338445,338445,338450,5,0
338445,338445,338450,5,0
338445,338445,338450,5,0
338445,338445,338450,5,0
338445,338445,338450,5,0
338445,338445,338450,5,0
338445,338445,338450,5,0
338445,338445,338450,5,0
338445,338445,338450,5,0
338445,338445,338450,5,0
338445,338445,338450,5,0
338445,338445,338450,5,0
338445,338445,338450,5,0
338445,338445,338450,5,0
338445,338445,338450,5,0
338445,338445,338450,5,0
338445,338445,338450,5,0
338445,338445,338450,5,0
338445,338445,338450,5,0
338445,338445,338450,5,0
338445,338445,338450,5,0
338445,338445,338450,5,0
338445,338445,338450,5,0
338445,338445,338450,5,0
338445,338445,338450,5,0
338445,338445,338450,5,0
338445,338445,338450,5,0
338445,338445,338450,5,0
338445,338445,338450,5,0
338445,338445,338450,5,0
338445,338445,338450,5,0
338445,338445,338450,5,0
338445,338445,338450,5,0
338445,338445,338450,5,0
338445,338445,338450,5,0
338445,338445,338450,5,0
338445,338445,338450,5,0
338445,338445,338450,5,0
338445,338445,338450,5,0
338445,338445,338450,5,0
338445,338445,338450,5,0
338445,338445,338450,5,0
338445,338445,338450,5,0
338445,338445,338450,5,0
338445,338445,338450,5,0
338445,338445,338450,5,0
338445,338445,338450,5,0
338445,338445,338450,5,0
338445,338445,338450,5,0
338445,338445,338450,5,0
338445,338445,338450,5,0
338445,338445,338450,5,0
338445,338445,338450,5,0
338445,338445,338450,5,0
338445,338445,338451,6,0
338445,338445,338450,5,0
338445,338445,338450,5,0
338445,338445,338451,6,0
338445,338445,338450,5,0
338445,338445,338451,6,0
338445,338445,338451,6,0
338445,338445,338451,6,0
338445,338445,338451,6,0
338445,338445,338451,6,0
338445,338445,338451,6,0
338445,338445,338451,6,0
338445,338445,338452,7,0
338445,338445,338451,6,0
338445,338445,338451,6,0
338445,338445,338451,6,0
338445,338445,338451,6,0
338445,338445,338451,6,0
338445,338445,338451,6,0
338445,338445,338451,6,0
338445,338445,338451,6,0
338445,338445,338451,6,0
338445,338450,338454,4,5
338445,338450,338454,4,5
338445,338450,338454,4,5
338445,338450,338454,4,5
338445,338450,338455,5,5
338445,338450,338455,5,5
338445,338450,338456,6,5
338445,338450,338455,5,5
338445,338450,338455,5,5
338445,338450,338456,6,5
338445,338451,338456,5,6
338445,338450,338456,6,5
338445,338450,338456,6,5
338445,338450,338456,6,5
338445,338450,338455,5,5
338445,338450,338456,6,5
338445,338451,338456,5,6
338445,338451,338456,5,6
338445,338450,338456,6,5
338445,338450,338456,6,5
338445,338450,338455,5,5
338445,338450,338455,5,5
338445,338451,338456,5,6
338445,338451,338456,5,6
338445,338450,338455,5,5
338445,338451,338456,5,6
338445,338450,338456,6,5
338445,338450,338456,6,5
338445,338451,338456,5,6
338445,338451,338456,5,6
338445,338452,338456,4,7
338445,338450,338456,6,5
338445,338450,338456,6,5
338445,338450,338456,6,5
338445,338450,338455,5,5
338445,338450,338456,6,5
338445,338451,338456,5,6
338445,338450,338456,6,5
338445,338450,338456,6,5
338445,338450,338455,5,5
338445,338451,338456,5,6
338445,338451,338456,5,6
338445,338451,338456,5,6
338445,338451,338456,5,6
338445,338450,338455,5,5
338445,338450,338456,6,5
338445,338450,338456,6,5
338445,338452,338456,4,7
338445,338450,338455,5,5
338445,338451,338456,5,6
338445,338451,338456,5,6
338445,338451,338456,5,6
338445,338451,338456,5,6
338445,338450,338456,6,5
338445,338450,338456,6,5
338445,338451,338456,5,6
338445,338452,338457,5,7
338445,338452,338456,4,7
338445,338452,338457,5,7
338445,338450,338456,6,5
338445,338451,338456,5,6
338445,338451,338456,5,6
338445,338452,338457,5,7
338445,338452,338457,5,7
338445,338452,338457,5,7
338445,338452,338457,5,7
338445,338452,338457,5,7
338445,338452,338456,4,7
338445,338452,338456,4,7
338445,338452,338456,4,7
338445,338452,338456,4,7
338445,338452,338456,4,7
338445,338452,338457,5,7
338445,338452,338457,5,7
338445,338452,338457,5,7
338445,338451,338456,5,6
338445,338452,338456,4,7
338445,338455,338457,2,10
338445,338452,338457,5,7
338445,338455,338457,2,10
338445,338452,338457,5,7
338445,338455,338458,3,10
338445,338452,338458,6,7
338445,338455,338457,2,10
338445,338454,338457,3,9
338445,338456,338458,2,11
338445,338456,338458,2,11
338445,338456,338458,2,11
338445,338456,338458,2,11
338445,338456,338458,2,11
338445,338456,338458,2,11
338445,338456,338459,3,11
338445,338456,338458,2,11
338445,338456,338458,2,11
338445,338456,338458,2,11
338445,338456,338458,2,11
338445,338456,338459,3,11
338445,338456,338458,2,11
338445,338456,338459,3,11
338445,338456,338459,3,11
338445,338456,338459,3,11
338445,338456,338459,3,11
338445,338456,338459,3,11
338445,338456,338459,3,11
338445,338456,338459,3,11
338445,338456,338459,3,11
338445,338456,338459,3,11
338445,338456,338459,3,11
338445,338456,338459,3,11
338445,338456,338459,3,11
338445,338456,338459,3,11
338445,338456,338460,4,11
338445,338456,338459,3,11
338445,338456,338459,3,11
338445,338456,338460,4,11
338445,338456,338460,4,11
338445,338456,338459,3,11
338445,338456,338460,4,11
338445,338456,338459,3,11
338445,338456,338460,4,11
338463,338464,338466,2,1
338463,338464,338468,4,1
338463,338464,338468,4,1
338463,338464,338468,4,1
338463,338464,338468,4,1
338463,338464,338468,4,1
338463,338464,338468,4,1
338463,338464,338468,4,1
338463,338464,338469,5,1
338463,338464,338468,4,1
338463,338464,338468,4,1
338463,338464,338468,4,1
338463,338464,338468,4,1
338463,338464,338469,5,1
338463,338464,338468,4,1
338463,338464,338468,4,1
338463,338464,338468,4,1
338463,338464,338468,4,1
338463,338464,338468,4,1
338463,338464,338468,4,1
338463,338464,338468,4,1
338463,338464,338468,4,1
338463,338464,338468,4,1
338463,338464,338468,4,1
338463,338464,338468,4,1
338463,338464,338469,5,1
338463,338464,338468,4,1
338463,338464,338469,5,1
338463,338464,338468,4,1
338463,338464,338468,4,1
338463,338464,338468,4,1
338463,338464,338468,4,1
338463,338464,338468,4,1
338463,338464,338468,4,1
338463,338464,338468,4,1
338463,338464,338468,4,1
338463,338464,338468,4,1
338463,338464,338469,5,1
338463,338464,338469,5,1
338463,338464,338468,4,1
338463,338464,338468,4,1
338463,338464,338468,4,1
338463,338464,338468,4,1
338463,338464,338469,5,1
338463,338464,338468,4,1
338463,338464,338468,4,1
338463,338464,338468,4,1
338463,338464,338468,4,1
338463,338464,338469,5,1
338463,338464,338468,4,1
338463,338464,338468,4,1
338463,338464,338468,4,1
338463,338464,338468,4,1
338463,338464,338469,5,1
338463,338464,338469,5,1
338463,338464,338468,4,1
338463,338464,338468,4,1
338463,338464,338468,4,1
338463,338464,338468,4,1
338463,338464,338470,6,1
338463,338464,338469,5,1
338463,338464,338469,5,1
338463,338464,338470,6,1
338463,338468,338469,1,5
338463,338464,338469,5,1
338463,338464,338469,5,1
338463,338468,338469,1,5
338463,338464,338469,5,1
338463,338464,338469,5,1
338463,338466,338469,3,3
338463,338464,338470,6,1
338463,338464,338469,5,1
338463,338464,338470,6,1
338463,338464,338469,5,1
338463,338464,338469,5,1
338463,338464,338469,5,1
338463,338464,338469,5,1
338463,338464,338470,6,1
338463,338464,338469,5,1
338463,338464,338469,5,1
338463,338464,338469,5,1
338463,338464,338469,5,1
338463,338464,338469,5,1
338463,338468,338470,2,5
338463,338469,338473,4,6
338463,338469,338474,5,6
338463,338469,338474,5,6
338463,338469,338474,5,6
338463,338469,338474,5,6
338463,338469,338474,5,6
338463,338470,338473,3,7
338463,338469,338473,4,6
338463,338469,338474,5,6
338463,338469,338474,5,6
338463,338469,338474,5,6
338463,338469,338474,5,6
338463,338470,338474,4,7
338463,338470,338473,3,7
338463,338470,338474,4,7
338463,338469,338474,5,6
338463,338469,338474,5,6
338463,338470,338474,4,7
338463,338470,338474,4,7
338463,338469,338474,5,6
338463,338469,338474,5,6
338463,338469,338474,5,6
338463,338469,338474,5,6
338463,338469,338474,5,6
338463,338469,338474,5,6
338463,338469,338474,5,6
338463,338469,338474,5,6
338463,338469,338474,5,6
338463,338469,338474,5,6
338463,338469,338474,5,6
338463,338469,338474,5,6
338463,338469,338474,5,6
338463,338469,338474,5,6
338463,338469,338474,5,6
338463,338469,338474,5,6
338463,338469,338474,5,6
338463,338469,338474,5,6
338463,338469,338474,5,6
338463,338469,338474,5,6
338463,338469,338474,5,6
338463,338469,338474,5,6
338463,338469,338474,5,6
338463,338469,338474,5,6
338463,338469,338474,5,6
338463,338470,338474,4,7
338463,338469,338474,5,6
338463,338469,338474,5,6
338463,338469,338474,5,6
338463,338469,338474,5,6
338463,338469,338474,5,6
338463,338469,338474,5,6
338463,338469,338474,5,6
338463,338469,338474,5,6
338463,338469,338474,5,6
338463,338469,338474,5,6
338463,338470,338474,4,7
338463,338470,338474,4,7
338463,338469,338473,4,6
338463,338469,338473,4,6
338463,338469,338474,5,6
338463,338469,338474,5,6
338463,338469,338474,5,6
338463,338469,338474,5,6
338463,338470,338474,4,7
338463,338470,338474,4,7
338463,338470,338474,4,7
338463,338470,338474,4,7
338463,338470,338474,4,7
338463,338469,338474,5,6
338463,338470,338474,4,7
338463,338470,338474,4,7
338463,338473,338475,2,10
338463,338471,338475,4,8
338463,338470,338475,5,7
338463,338470,338475,5,7
338463,338470,338475,5,7
338463,338470,338475,5,7
338463,338470,338475,5,7
338463,338470,338476,6,7
338463,338470,338476,6,7
338463,338470,338476,6,7
338463,338475,338477,2,12
338463,338475,338477,2,12
338463,338475,338477,2,12
338463,338474,338477,3,11
338463,338475,338477,2,12
338463,338475,338477,2,12
338463,338475,338477,2,12
338463,338475,338477,2,12
338463,338475,338477,2,12
338463,338475,338477,2,12
338463,338475,338477,2,12
338463,338475,338478,3,12
338463,338475,338477,2,12
338463,338475,338477,2,12
338463,338475,338477,2,12
338463,338475,338478,3,12
338463,338475,338477,2,12
338463,338475,338477,2,12
338463,338475,338477,2,12
338463,338475,338477,2,12
338463,338475,338478,3,12
338463,338475,338477,2,12
338463,338475,338477,2,12
338463,338475,338478,3,12
338463,338475,338478,3,12
338463,338475,338478,3,12
338463,338475,338478,3,12
338463,338475,338478,3,12
338463,338475,338478,3,12
338463,338475,338478,3,12
338463,338475,338478,3,12
338463,338475,338478,3,12
338463,338475,338478,3,12
338463,338475,338478,3,12
338463,338475,338478,3,12
338482,338482,338487,5,0
338482,338482,338488,6,0
338482,338482,338488,6,0
338482,338482,338488,6,0
338482,338482,338488,6,0
338482,338482,338488,6,0
338482,338482,338488,6,0
338482,338482,338488,6,0
338482,338482,338488,6,0
338482,338482,338488,6,0
338482,338482,338488,6,0
338482,338482,338488,6,0
338482,338482,338488,6,0
338482,338482,338488,6,0
338482,338482,338488,6,0
338482,338482,338488,6,0
338482,338482,338488,6,0
338482,338482,338488,6,0
338482,338482,338488,6,0
338482,338482,338488,6,0
338482,338482,338488,6,0
338482,338482,338488,6,0
338482,338482,338488,6,0
338482,338482,338488,6,0
338482,338482,338488,6,0
338482,338482,338488,6,0
338482,338482,338488,6,0
338482,338482,338488,6,0
338482,338482,338488,6,0
338482,338482,338488,6,0
338482,338482,338488,6,0
338482,338482,338488,6,0
338482,338482,338488,6,0
338482,338482,338488,6,0
338482,338482,338488,6,0
338482,338482,338488,6,0
338482,338482,338488,6,0
338482,338482,338488,6,0
338482,338482,338488,6,0
338482,338482,338488,6,0
338482,338482,338488,6,0
338482,338482,338488,6,0
338482,338482,338488,6,0
338482,338482,338488,6,0
338482,338482,338488,6,0
338482,338482,338488,6,0
338482,338482,338488,6,0
338482,338482,338488,6,0
338482,338482,338488,6,0
338482,338482,338488,6,0
338482,338482,338488,6,0
338482,338482,338488,6,0
338482,338482,338488,6,0
338482,338482,338488,6,0
338482,338482,338488,6,0
338482,338482,338488,6,0
338482,338482,338488,6,0
338482,338482,338488,6,0
338482,338482,338488,6,0
338482,338482,338488,6,0
338482,338482,338488,6,0
338482,338482,338488,6,0
338482,338482,338488,6,0
338482,338482,338488,6,0
338482,338482,338488,6,0
338482,338482,338488,6,0
338482,338482,338488,6,0
338482,338482,338488,6,0
338482,338482,338488,6,0
338482,338482,338488,6,0
338482,338482,338488,6,0
338482,338482,338488,6,0
338482,338482,338488,6,0
338482,338482,338488,6,0
338482,338482,338488,6,0
338482,338482,338488,6,0
338482,338482,338488,6,0
338482,338482,338488,6,0
338482,338482,338489,7,0
338482,338483,338489,6,1
338482,338488,338489,1,6
338482,338488,338490,2,6
338482,338488,338491,3,6
338482,338488,338491,3,6
338482,338488,338490,2,6
338482,338488,338491,3,6
338482,338488,338491,3,6
338482,338489,338493,4,7
338482,338489,338493,4,7
338482,338489,338493,4,7
338482,338489,338493,4,7
338482,338489,338493,4,7
338482,338489,338493,4,7
338482,338489,338493,4,7
338482,338489,338493,4,7
338482,338489,338493,4,7
338482,338489,338493,4,7
338482,338489,338493,4,7
338482,338489,338493,4,7
338482,338489,338494,5,7
338482,338489,338494,5,7
338482,338489,338493,4,7
338482,338489,338493,4,7
338482,338489,338493,4,7
338482,338489,338493,4,7
338482,338489,338493,4,7
338482,338489,338493,4,7
338482,338489,338493,4,7
338482,338489,338493,4,7
338482,338489,338493,4,7
338482,338489,338493,4,7
338482,338489,338493,4,7
338482,338489,338493,4,7
338482,338489,338494,5,7
338482,338489,338493,4,7
338482,338489,338494,5,7
338482,338489,338493,4,7
338482,338489,338493,4,7
338482,338489,338493,4,7
338482,338489,338493,4,7
338482,338489,338493,4,7
338482,338489,338493,4,7
338482,338489,338494,5,7
338482,338489,338493,4,7
338482,338489,338493,4,7
338482,338489,338493,4,7
338482,338489,338493,4,7
338482,338489,338493,4,7
338482,338489,338494,5,7
338482,338489,338493,4,7
338482,338489,338493,4,7
338482,338489,338493,4,7
338482,338489,338493,4,7
338482,338489,338493,4,7
338482,338489,338493,4,7
338482,338489,338494,5,7
338482,338489,338493,4,7
338482,338489,338493,4,7
338482,338489,338493,4,7
338482,338489,338493,4,7
338482,338489,338493,4,7
338482,338489,338493,4,7
338482,338489,338493,4,7
338482,338489,338493,4,7
338482,338489,338493,4,7
338482,338489,338493,4,7
338482,338489,338493,4,7
338482,338489,338493,4,7
338482,338489,338493,4,7
338482,338489,338493,4,7
338482,338489,338493,4,7
338482,338489,338494,5,7
338482,338489,338494,5,7
338482,338490,338494,4,8
338482,338490,338494,4,8
338482,338492,338494,2,10
338482,338492,338494,2,10
338482,338492,338494,2,10
338482,338492,338495,3,10
338482,338492,338494,2,10
338482,338489,338494,5,7
338482,338493,338495,2,11
338482,338493,338495,2,11
338482,338493,338495,2,11
338482,338489,338494,5,7
338482,338493,338495,2,11
338482,338493,338495,2,11
338482,338489,338494,5,7
338482,338493,338495,2,11
338482,338493,338495,2,11
338482,338489,338494,5,7
338482,338489,338494,5,7
338482,338489,338494,5,7
338482,338489,338494,5,7
338482,338494,338495,1,12
338482,338494,338496,2,12
338482,338494,338496,2,12
338482,338494,338496,2,12
338482,338494,338496,2,12
338482,338494,338496,2,12
338482,338494,338496,2,12
338482,338494,338497,3,12
338482,338494,338496,2,12
338482,338494,338497,3,12
338482,338494,338497,3,12
338482,338494,338497,3,12
338482,338494,338497,3,12
338482,338494,338497,3,12
338482,338494,338497,3,12
338482,338494,338497,3,12
338482,338494,338497,3,12
338482,338494,338497,3,12
338482,338494,338497,3,12
338482,338494,338497,3,12
338482,338494,338497,3,12
338482,338495,338497,2,13
338482,338495,338497,2,13
338482,338494,338497,3,12
338482,338494,338498,4,12
338482,338494,338497,3,12
338502,338502,338507,5,0
338502,338502,338507,5,0
338502,338502,338507,5,0
338502,338502,338507,5,0
338502,338502,338507,5,0
338502,338502,338507,5,0
338502,338502,338507,5,0
338502,338502,338507,5,0
338502,338502,338507,5,0
338502,338502,338507,5,0
338502,338502,338507,5,0
338502,338502,338507,5,0
338502,338502,338507,5,0
338502,338502,338507,5,0
338502,338502,338507,5,0
338502,338502,338507,5,0
338502,338502,338507,5,0
338502,338502,338507,5,0
338502,338502,338507,5,0
338502,338502,338507,5,0
338502,338502,338507,5,0
338502,338502,338507,5,0
338502,338502,338506,4,0
338502,338502,338507,5,0
338502,338502,338507,5,0
338502,338502,338507,5,0
338502,338502,338506,4,0
338502,338502,338507,5,0
338502,338502,338507,5,0
338502,338502,338507,5,0
338502,338502,338507,5,0
338502,338502,338507,5,0
338502,338502,338507,5,0
338502,338502,338507,5,0
338502,338502,338507,5,0
338502,338502,338507,5,0
338502,338502,338507,5,0
338502,338502,338507,5,0
338502,338502,338507,5,0
338502,338502,338507,5,0
338502,338502,338507,5,0
338502,338502,338507,5,0
338502,338502,338507,5,0
338502,338502,338507,5,0
338502,338502,338507,5,0
338502,338502,338506,4,0
338502,338502,338507,5,0
338502,338502,338507,5,0
338502,338502,338507,5,0
338502,338502,338507,5,0
338502,338502,338507,5,0
338502,338502,338507,5,0
338502,338502,338507,5,0
338502,338502,338507,5,0
338502,338502,338507,5,0
338502,338502,338507,5,0
338502,338502,338507,5,0
338502,338502,338507,5,0
338502,338502,338507,5,0
338502,338502,338507,5,0
338502,338502,338508,6,0
338502,338502,338507,5,0
338502,338502,338508,6,0
338502,338502,338508,6,0
338502,338502,338508,6,0
338502,338502,338508,6,0
338502,338502,338508,6,0
338502,338502,338508,6,0
338502,338502,338507,5,0
338502,338502,338507,5,0
338502,338502,338508,6,0
338502,338502,338508,6,0
338502,338502,338507,5,0
338502,338502,338508,6,0
338502,338502,338507,5,0
338502,338502,338507,5,0
338502,338502,338508,6,0
338502,338502,338507,5,0
338502,338502,338507,5,0
338502,338502,338508,6,0
338502,338507,338509,2,5
338502,338507,338510,3,5
338502,338507,338510,3,5
338502,338507,338512,5,5
338502,338507,338512,5,5
338502,338507,338512,5,5
338502,338507,338512,5,5
338502,338507,338512,5,5
338502,338507,338512,5,5
338502,338507,338512,5,5
338502,338507,338512,5,5
338502,338507,338512,5,5
338502,338507,338512,5,5
338502,338507,338512,5,5
338502,338507,338512,5,5
338502,338507,338512,5,5
338502,338507,338512,5,5
338502,338507,338512,5,5
338502,338507,338512,5,5
338502,338507,338512,5,5
338502,338507,338512,5,5
338502,338507,338512,5,5
338502,338507,338512,5,5
338502,338507,338512,5,5
338502,338507,338512,5,5
338502,338507,338512,5,5
338502,338507,338512,5,5
338502,338507,338512,5,5
338502,338507,338512,5,5
338502,338507,338512,5,5
338502,338507,338512,5,5
338502,338507,338512,5,5
338502,338507,338512,5,5
338502,338507,338512,5,5
338502,338507,338512,5,5
338502,338507,338512,5,5
338502,338507,338512,5,5
338502,338507,338512,5,5
338502,338507,338512,5,5
338502,338507,338512,5,5
338502,338509,338512,3,7
338502,338507,338512,5,5
338502,338507,338512,5,5
338502,338507,338512,5,5
338502,338507,338512,5,5
338502,338507,338512,5,5
338502,338507,338512,5,5
338502,338507,338512,5,5
338502,338509,338512,3,7
338502,338507,338512,5,5
338502,338507,338512,5,5
338502,338507,338512,5,5
338502,338509,338513,4,7
338502,338509,338513,4,7
338502,338509,338513,4,7
338502,338509,338513,4,7
338502,338511,338513,2,9
338502,338507,338513,6,5
338502,338507,338513,6,5
338502,338508,338513,5,6
338502,338509,338513,4,7
338502,338507,338513,6,5
338502,338509,338513,4,7
338502,338509,338514,5,7
338502,338509,338514,5,7
338502,338511,338514,3,9
338502,338509,338513,4,7
338502,338509,338513,4,7
338502,338507,338513,6,5
338502,338507,338513,6,5
338502,338508,338513,5,6
338502,338509,338514,5,7
338502,338509,338513,4,7
338502,338509,338514,5,7
338502,338510,338514,4,8
338502,338509,338513,4,7
338502,338509,338513,4,7
338502,338509,338513,4,7
338502,338509,338513,4,7
338502,338509,338513,4,7
338502,338513,338515,2,11
338502,338509,338514,5,7
338502,338513,338515,2,11
338502,338509,338514,5,7
338502,338509,338514,5,7
338502,338513,338515,2,11
338502,338513,338516,3,11
338502,338513,338515,2,11
338502,338513,338515,2,11
338502,338513,338515,2,11
338502,338513,338515,2,11
338502,338513,338515,2,11
338502,338513,338515,2,11
338502,338513,338515,2,11
338502,338513,338515,2,11
338502,338513,338515,2,11
338502,338513,338515,2,11
338502,338513,338515,2,11
338502,338513,338515,2,11
338502,338513,338515,2,11
338502,338513,338516,3,11
338502,338513,338516,3,11
338502,338513,338515,2,11
338502,338513,338515,2,11
338502,338513,338516,3,11
338502,338513,338516,3,11
338502,338513,338516,3,11
338502,338513,338515,2,11
338502,338513,338516,3,11
338502,338513,338516,3,11
338502,338513,338516,3,11
338502,338513,338516,3,11
338502,338513,338516,3,11
338502,338513,338516,3,11
338502,338513,338516,3,11
338502,338513,338516,3,11
338502,338513,338516,3,11
338502,338513,338517,4,11
338502,338513,338516,3,11
338502,338513,338516,3,11
338520,338520,338525,5,0
338520,338520,338525,5,0
338520,338520,338525,5,0
338520,338520,338525,5,0
338520,338520,338525,5,0
338520,338520,338525,5,0
338520,338520,338525,5,0
338520,338520,338525,5,0
338520,338520,338525,5,0
338520,338520,338525,5,0
338520,338520,338525,5,0
338520,338520,338525,5,0
338520,338520,338525,5,0
338520,338520,338525,5,0
338520,338520,338525,5,0
338520,338520,338525,5,0
338520,338520,338525,5,0
338520,338520,338525,5,0
338520,338520,338525,5,0
338520,338520,338525,5,0
338520,338520,338525,5,0
338520,338520,338525,5,0
338520,338520,338525,5,0
338520,338520,338525,5,0
338520,338520,338525,5,0
338520,338520,338525,5,0
338520,338520,338525,5,0
338520,338520,338525,5,0
338520,338520,338525,5,0
338520,338520,338525,5,0
338520,338520,338525,5,0
338520,338520,338525,5,0
338520,338520,338525,5,0
338520,338520,338525,5,0
338520,338520,338525,5,0
338520,338521,338526,5,1
338520,338521,338525,4,1
338520,338520,338525,5,0
338520,338520,338525,5,0
338520,338520,338525,5,0
338520,338520,338525,5,0
338520,338520,338525,5,0
338520,338520,338525,5,0
338520,338521,338525,4,1
338520,338521,338525,4,1
338520,338520,338525,5,0
338520,338520,338525,5,0
338520,338520,338525,5,0
338520,338520,338525,5,0
338520,338520,338525,5,0
338520,338521,338525,4,1
338520,338521,338525,4,1
338520,338521,338526,5,1
338520,338520,338525,5,0
338520,338520,338525,5,0
338520,338520,338525,5,0
338520,338520,338526,6,0
338520,338521,338525,4,1
338520,338521,338526,5,1
338520,338521,338525,4,1
338520,338520,338526,6,0
338520,338520,338526,6,0
338520,338521,338526,5,1
338520,338521,338526,5,1
338520,338521,338527,6,1
338520,338521,338526,5,1
338520,338520,338526,6,0
338520,338520,338526,6,0
338520,338521,338526,5,1
338520,338520,338526,6,0
338520,338521,338526,5,1
338520,338521,338526,5,1
338520,338520,338526,6,0
338520,338521,338526,5,1
338520,338521,338526,5,1
338520,338520,338527,7,0
338520,338521,338526,5,1
338520,338521,338526,5,1
338520,338521,338526,5,1
338520,338520,338526,6,0
338520,338526,338529,3,6
338520,338526,338530,4,6
338520,338526,338530,4,6
338520,338526,338530,4,6
338520,338526,338530,4,6
338520,338526,338531,5,6
338520,338526,338531,5,6
338520,338526,338531,5,6
338520,338526,338531,5,6
338520,338526,338531,5,6
338520,338526,338530,4,6
338520,338526,338531,5,6
338520,338526,338531,5,6
338520,338526,338531,5,6
338520,338526,338531,5,6
338520,338526,338531,5,6
338520,338526,338531,5,6
338520,338526,338531,5,6
338520,338526,338531,5,6
338520,338526,338531,5,6
338520,338526,338530,4,6
338520,338526,338531,5,6
338520,338526,338531,5,6
338520,338526,338531,5,6
338520,338526,338530,4,6
338520,338526,338531,5,6
338520,338526,338531,5,6
338520,338526,338531,5,6
338520,338526,338531,5,6
338520,338527,338531,4,7
338520,338526,338531,5,6
338520,338526,338531,5,6
338520,338526,338531,5,6
338520,338526,338531,5,6
338520,338526,338530,4,6
338520,338526,338530,4,6
338520,338526,338531,5,6
338520,338526,338531,5,6
338520,338526,338531,5,6
338520,338526,338531,5,6
338520,338527,338531,4,7
338520,338526,338531,5,6
338520,338526,338531,5,6
338520,338527,338531,4,7
338520,338526,338531,5,6
338520,338526,338531,5,6
338520,338526,338531,5,6
338520,338526,338531,5,6
338520,338526,338531,5,6
338520,338526,338531,5,6
338520,338526,338531,5,6
338520,338526,338531,5,6
338520,338527,338531,4,7
338520,338527,338531,4,7
338520,338526,338530,4,6
338520,338526,338530,4,6
338520,338526,338531,5,6
338520,338526,338530,4,6
338520,338526,338531,5,6
338520,338527,338531,4,7
338520,338527,338531,4,7
338520,338530,338532,2,10
338520,338526,338531,5,6
338520,338526,338531,5,6
338520,338526,338531,5,6
338520,338527,338531,4,7
338520,338527,338532,5,7
338520,338527,338532,5,7
338520,338529,338532,3,9
338520,338527,338532,5,7
338520,338527,338531,4,7
338520,338527,338532,5,7
338520,338527,338531,4,7
338520,338527,338532,5,7
338520,338527,338531,4,7
338520,338527,338531,4,7
338520,338527,338531,4,7
338520,338530,338532,2,10
338520,338527,338532,5,7
338520,338526,338532,6,6
338520,338526,338532,6,6
338520,338527,338532,5,7
338520,338530,338532,2,10
338520,338526,338533,7,6
338520,338531,338533,2,11
338520,338531,338534,3,11
338520,338531,338533,2,11
338520,338531,338534,3,11
338520,338531,338534,3,11
338520,338531,338534,3,11
338520,338531,338534,3,11
338520,338531,338534,3,11
338520,338531,338534,3,11
338520,338531,338534,3,11
338520,338531,338534,3,11
338520,338531,338534,3,11
338520,338531,338534,3,11
338520,338531,338534,3,11
338520,338531,338534,3,11
338520,338531,338535,4,11
338520,338531,338535,4,11
338520,338531,338535,4,11
338520,338531,338535,4,11
338520,338531,338534,3,11
338520,338531,338535,4,11
338520,338531,338535,4,11
338520,338531,338534,3,11
338520,338531,338535,4,11
338520,338531,338535,4,11
338520,338531,338535,4,11
338520,338531,338535,4,11
338520,338531,338535,4,11
338520,338531,338535,4,11
338520,338531,338535,4,11
338520,338531,338535,4,11
338520,338531,338534,3,11
338520,338531,338535,4,11
338520,338531,338535,4,11
338520,338531,338535,4,11
338520,338531,338536,5,11
338540,338540,338544,4,0
338540,338540,338545,5,0
338540,338540,338545,5,0
338540,338540,338544,4,0
338540,338540,338545,5,0
338540,338540,338544,4,0
338540,338540,338545,5,0
338540,338540,338545,5,0
338540,338540,338545,5,0
338540,338540,338545,5,0
338540,338540,338545,5,0
338540,338540,338545,5,0
338540,338540,338545,5,0
338540,338540,338545,5,0
338540,338540,338545,5,0
338540,338540,338545,5,0
338540,338540,338545,5,0
338540,338540,338545,5,0
338540,338540,338545,5,0
338540,338540,338545,5,0
338540,338540,338545,5,0
338540,338540,338545,5,0
338540,338540,338545,5,0
338540,338540,338545,5,0
338540,338540,338545,5,0
338540,338540,338545,5,0
338540,338540,338545,5,0
338540,338540,338545,5,0
338540,338540,338545,5,0
338540,338540,338545,5,0
338540,338540,338545,5,0
338540,338540,338545,5,0
338540,338540,338545,5,0
338540,338540,338545,5,0
338540,338540,338545,5,0
338540,338540,338545,5,0
338540,338540,338545,5,0
338540,338540,338545,5,0
338540,338540,338545,5,0
338540,338540,338545,5,0
338540,338540,338545,5,0
338540,338540,338545,5,0
338540,338540,338545,5,0
338540,338540,338545,5,0
338540,338540,338545,5,0
338540,338540,338545,5,0
338540,338540,338545,5,0
338540,338540,338545,5,0
338540,338540,338545,5,0
338540,338540,338545,5,0
338540,338540,338545,5,0
338540,338540,338545,5,0
338540,338540,338545,5,0
338540,338540,338545,5,0
338540,338540,338545,5,0
338540,338540,338545,5,0
338540,338540,338545,5,0
338540,338540,338545,5,0
338540,338540,338545,5,0
338540,338540,338546,6,0
338540,338540,338546,6,0
338540,338540,338546,6,0
338540,338540,338546,6,0
338540,338540,338546,6,0
338540,338540,338546,6,0
338540,338540,338546,6,0
338540,338540,338546,6,0
338540,338540,338545,5,0
338540,338540,338546,6,0
338540,338540,338546,6,0
338540,338540,338545,5,0
338540,338540,338546,6,0
338540,338540,338546,6,0
338540,338540,338545,5,0
338540,338540,338546,6,0
338540,338540,338546,6,0
338540,338540,338546,6,0
338540,338540,338545,5,0
338540,338540,338545,5,0
338540,338540,338546,6,0
338540,338545,338550,5,5
338540,338545,338550,5,5
338540,338545,338550,5,5
338540,338545,338550,5,5
338540,338545,338551,6,5
338540,338545,338550,5,5
338540,338545,338551,6,5
338540,338545,338551,6,5
338540,338545,338551,6,5
338540,338545,338551,6,5
338540,338545,338551,6,5
338540,338545,338551,6,5
338540,338545,338551,6,5
338540,338545,338551,6,5
338540,338545,338551,6,5
338540,338545,338551,6,5
338540,338545,338551,6,5
338540,338545,338551,6,5
338540,338545,338551,6,5
338540,338545,338551,6,5
338540,338545,338551,6,5
338540,338547,338551,4,7
338540,338547,338551,4,7
338540,338547,338552,5,7
338540,338545,338551,6,5
338540,338545,338551,6,5
338540,338545,338551,6,5
338540,338545,338551,6,5
338540,338545,338551,6,5
338540,338545,338551,6,5
338540,338545,338551,6,5
338540,338545,338551,6,5
338540,338545,338551,6,5
338540,338545,338551,6,5
338540,338545,338551,6,5
338540,338545,338551,6,5
338540,338545,338551,6,5
338540,338545,338551,6,5
338540,338545,338551,6,5
338540,338545,338551,6,5
338540,338545,338551,6,5
338540,338545,338551,6,5
338540,338545,338551,6,5
338540,338547,338551,4,7
338540,338547,338551,4,7
338540,338545,338551,6,5
338540,338545,338551,6,5
338540,338545,338551,6,5
338540,338545,338551,6,5
338540,338547,338551,4,7
338540,338547,338551,4,7
338540,338545,338551,6,5
338540,338545,338551,6,5
338540,338545,338551,6,5
338540,338545,338551,6,5
338540,338547,338552,5,7
338540,338547,338551,4,7
338540,338547,338551,4,7
338540,338545,338551,6,5
338540,338545,338551,6,5
338540,338545,338551,6,5
338540,338545,338551,6,5
338540,338547,338551,4,7
338540,338547,338552,5,7
338540,338545,338551,6,5
338540,338545,338551,6,5
338540,338545,338551,6,5
338540,338545,338551,6,5
338540,338545,338551,6,5
338540,338547,338552,5,7
338540,338547,338551,4,7
338540,338551,338552,1,11
338540,338551,338552,1,11
338540,338551,338552,1,11
338540,338551,338552,1,11
338540,338547,338552,5,7
338540,338547,338552,5,7
338540,338547,338552,5,7
338540,338547,338552,5,7
338540,338547,338552,5,7
338540,338547,338552,5,7
338540,338547,338552,5,7
338540,338547,338552,5,7
338540,338551,338552,1,11
338540,338547,338552,5,7
338540,338551,338553,2,11
338540,338552,338554,2,12
338540,338552,338554,2,12
338540,338552,338554,2,12
338540,338552,338555,3,12
338540,338552,338555,3,12
338540,338552,338554,2,12
338540,338552,338555,3,12
338540,338552,338555,3,12
338540,338552,338554,2,12
338540,338552,338554,2,12
338540,338552,338555,3,12
338540,338552,338554,2,12
338540,338552,338555,3,12
338540,338552,338554,2,12
338540,338552,338555,3,12
338540,338552,338555,3,12
338540,338552,338554,2,12
338540,338552,338555,3,12
338540,338552,338555,3,12
338540,338552,338555,3,12
338540,338552,338554,2,12
338540,338552,338555,3,12
338540,338552,338555,3,12
338540,338552,338555,3,12
338540,338552,338554,2,12
338540,338552,338555,3,12
338540,338552,338555,3,12
338540,338552,338555,3,12
338540,338552,338554,2,12
338540,338552,338555,3,12
338540,338552,338555,3,12
338540,338552,338555,3,12
338540,338552,338555,3,12
338540,338552,338555,3,12
338559,338560,338564,4,1
338559,338560,338564,4,1
338559,338560,338564,4,1
338559,338560,338564,4,1
338559,338560,338564,4,1
338559,338560,338564,4,1
338559,338560,338564,4,1
338559,338560,338564,4,1
338559,338560,338564,4,1
338559,338560,338564,4,1
338559,338560,338564,4,1
338559,338560,338564,4,1
338559,338560,338564,4,1
338559,338560,338564,4,1
338559,338560,338564,4,1
338559,338560,338564,4,1
338559,338560,338564,4,1
338559,338560,338564,4,1
338559,338560,338564,4,1
338559,338560,338564,4,1
338559,338560,338564,4,1
338559,338560,338564,4,1
338559,338560,338564,4,1
338559,338560,338564,4,1
338559,338560,338564,4,1
338559,338560,338564,4,1
338559,338560,338564,4,1
338559,338560,338564,4,1
338559,338560,338564,4,1
338559,338560,338564,4,1
338559,338560,338564,4,1
338559,338560,338564,4,1
338559,338560,338564,4,1
338559,338560,338565,5,1
338559,338560,338564,4,1
338559,338560,338564,4,1
338559,338560,338564,4,1
338559,338560,338564,4,1
338559,338560,338564,4,1
338559,338560,338564,4,1
338559,338560,338564,4,1
338559,338560,338565,5,1
338559,338560,338564,4,1
338559,338560,338564,4,1
338559,338560,338564,4,1
338559,338560,338564,4,1
338559,338560,338564,4,1
338559,338560,338564,4,1
338559,338560,338564,4,1
338559,338560,338564,4,1
338559,338560,338564,4,1
338559,338560,338564,4,1
338559,338560,338564,4,1
338559,338560,338564,4,1
338559,338560,338564,4,1
338559,338560,338565,5,1
338559,338560,338565,5,1
338559,338560,338565,5,1
338559,338560,338565,5,1
338559,338560,338565,5,1
338559,338560,338566,6,1
338559,338560,338565,5,1
338559,338560,338565,5,1
338559,338560,338566,6,1
338559,338560,338565,5,1
338559,338560,338565,5,1
338559,338560,338566,6,1
338559,338560,338565,5,1
338559,338560,338565,5,1
338559,338560,338565,5,1
338559,338560,338565,5,1
338559,338560,338565,5,1
338559,338560,338565,5,1
338559,338560,338565,5,1
338559,338560,338565,5,1
338559,338560,338565,5,1
338559,338560,338565,5,1
338559,338560,338566,6,1
338559,338560,338566,6,1
338559,338560,338566,6,1
338559,338565,338569,4,6
338559,338565,338569,4,6
338559,338565,338570,5,6
338559,338565,338570,5,6
338559,338565,338569,4,6
338559,338565,338570,5,6
338559,338565,338570,5,6
338559,338565,338570,5,6
338559,338565,338570,5,6
338559,338565,338570,5,6
338559,338565,338570,5,6
338559,338565,338570,5,6
338559,338565,338570,5,6
338559,338565,338570,5,6
338559,338565,338570,5,6
338559,338565,338569,4,6
338559,338565,338570,5,6
338559,338565,338570,5,6
338559,338565,338570,5,6
338559,338565,338570,5,6
338559,338565,338570,5,6
338559,338565,338570,5,6
338559,338566,338570,4,7
338559,338566,338570,4,7
338559,338566,338570,4,7
338559,338566,338570,4,7
338559,338565,338570,5,6
338559,338565,338570,5,6
338559,338565,338570,5,6
338559,338565,338570,5,6
338559,338565,338570,5,6
338559,338565,338570,5,6
338559,338565,338570,5,6
338559,338565,338570,5,6
338559,338565,338570,5,6
338559,338565,338570,5,6
338559,338566,338570,4,7
338559,338565,338570,5,6
338559,338565,338570,5,6
338559,338565,338570,5,6
338559,338565,338570,5,6
338559,338565,338570,5,6
338559,338565,338569,4,6
338559,338565,338570,5,6
338559,338565,338570,5,6
338559,338565,338570,5,6
338559,338565,338570,5,6
338559,338565,338570,5,6
338559,338565,338570,5,6
338559,338565,338570,5,6
338559,338565,338570,5,6
338559,338565,338570,5,6
338559,338565,338569,4,6
338559,338565,338570,5,6
338559,338565,338570,5,6
338559,338565,338570,5,6
338559,338566,338569,3,7
338559,338566,338571,5,7
338559,338566,338571,5,7
338559,338566,338571,5,7
338559,338566,338570,4,7
338559,338566,338571,5,7
338559,338566,338571,5,7
338559,338566,338570,4,7
338559,338566,338571,5,7
338559,338566,338571,5,7
338559,338566,338570,4,7
338559,338567,338571,4,8
338559,338566,338570,4,7
338559,338566,338570,4,7
338559,338569,338571,2,10
338559,338566,338570,4,7
338559,338566,338570,4,7
338559,338565,338570,5,6
338559,338566,338570,4,7
338559,338566,338571,5,7
338559,338569,338571,2,10
338559,338565,338571,6,6
338559,338565,338570,5,6
338559,338565,338571,6,6
338559,338567,338571,4,8
338559,338567,338571,4,8
338559,338570,338573,3,11
338559,338570,338573,3,11
338559,338570,338573,3,11
338559,338570,338573,3,11
338559,338570,338573,3,11
338559,338570,338573,3,11
338559,338570,338573,3,11
338559,338570,338573,3,11
338559,338570,338573,3,11
338559,338570,338573,3,11
338559,338570,338573,3,11
338559,338570,338573,3,11
338559,338570,338573,3,11
338559,338570,338573,3,11
338559,338570,338573,3,11
338559,338570,338573,3,11
338559,338570,338573,3,11
338559,338570,338573,3,11
338559,338570,338573,3,11
338559,338570,338573,3,11
338559,338570,338573,3,11
338559,338570,338573,3,11
338559,338570,338574,4,11
338559,338570,338574,4,11
338559,338570,338574,4,11
338559,338570,338574,4,11
338559,338570,338573,3,11
338559,338570,338574,4,11
338559,338570,338574,4,11
338559,338570,338574,4,11
338559,338570,338574,4,11
338559,338570,338574,4,11
338559,338570,338574,4,11
338559,338570,338574,4,11
338559,338570,338574,4,11
338559,338570,338574,4,11
338559,338570,338574,4,11
338559,338570,338574,4,11
338578,338578,338583,5,0
338578,338578,338583,5,0
338578,338578,338583,5,0
338578,338578,338583,5,0
338578,338578,338583,5,0
338578,338578,338583,5,0
338578,338578,338583,5,0
338578,338578,338583,5,0
338578,338578,338583,5,0
338578,338578,338583,5,0
338578,338578,338583,5,0
338578,338578,338583,5,0
338578,338578,338583,5,0
338578,338578,338583,5,0
338578,338578,338583,5,0
338578,338578,338583,5,0
338578,338578,338583,5,0
338578,338578,338583,5,0
338578,338578,338583,5,0
338578,338578,338583,5,0
338578,338578,338583,5,0
338578,338578,338583,5,0
338578,338578,338583,5,0
338578,338578,338583,5,0
338578,338578,338583,5,0
338578,338578,338583,5,0
338578,338578,338583,5,0
338578,338578,338583,5,0
338578,338578,338583,5,0
338578,338578,338583,5,0
338578,338578,338583,5,0
338578,338578,338583,5,0
338578,338578,338583,5,0
338578,338578,338583,5,0
338578,338578,338583,5,0
338578,338578,338583,5,0
338578,338578,338583,5,0
338578,338578,338583,5,0
338578,338578,338583,5,0
338578,338578,338583,5,0
338578,338578,338583,5,0
338578,338578,338583,5,0
338578,338578,338584,6,0
338578,338578,338584,6,0
338578,338578,338583,5,0
338578,338578,338583,5,0
338578,338578,338583,5,0
338578,338578,338584,6,0
338578,338578,338584,6,0
338578,338578,338583,5,0
338578,338578,338583,5,0
338578,338578,338583,5,0
338578,338578,338584,6,0
338578,338578,338584,6,0
338578,338578,338583,5,0
338578,338578,338583,5,0
338578,338578,338583,5,0
338578,338578,338583,5,0
338578,338578,338583,5,0
338578,338578,338583,5,0
338578,338578,338584,6,0
338578,338578,338583,5,0
338578,338578,338584,6,0
338578,338578,338583,5,0
338578,338578,338583,5,0
338578,338578,338583,5,0
338578,338578,338584,6,0
338578,338578,338584,6,0
338578,338578,338583,5,0
338578,338578,338583,5,0
338578,338578,338584,6,0
338578,338578,338584,6,0
338578,338578,338584,6,0
338578,338578,338584,6,0
338578,338578,338584,6,0
338578,338578,338584,6,0
338578,338578,338584,6,0
338578,338578,338585,7,0
338578,338578,338585,7,0
338578,338578,338585,7,0
338578,338583,338588,5,5
338578,338583,338588,5,5
338578,338583,338588,5,5
338578,338583,338589,6,5
338578,338583,338589,6,5
338578,338583,338589,6,5
338578,338583,338589,6,5
338578,338583,338589,6,5
338578,338585,338589,4,7
338578,338583,338588,5,5
338578,338583,338589,6,5
338578,338583,338589,6,5
338578,338585,338589,4,7
338578,338583,338589,6,5
338578,338583,338588,5,5
338578,338583,338589,6,5
338578,338583,338589,6,5
338578,338585,338589,4,7
338578,338583,338588,5,5
338578,338583,338588,5,5
338578,338583,338589,6,5
338578,338585,338589,4,7
338578,338585,338589,4,7
338578,338583,338588,5,5
338578,338585,338589,4,7
338578,338585,338589,4,7
338578,338585,338589,4,7
338578,338585,338589,4,7
338578,338585,338589,4,7
338578,338583,338589,6,5
338578,338583,338588,5,5
338578,338583,338588,5,5
338578,338583,338589,6,5
338578,338583,338589,6,5
338578,338583,338588,5,5
338578,338583,338588,5,5
338578,338585,338589,4,7
338578,338584,338589,5,6
338578,338584,338589,5,6
338578,338584,338589,5,6
338578,338584,338589,5,6
338578,338584,338589,5,6
338578,338584,338589,5,6
338578,338584,338589,5,6
338578,338585,338589,4,7
338578,338585,338589,4,7
338578,338585,338589,4,7
338578,338585,338589,4,7
338578,338585,338589,4,7
338578,338583,338589,6,5
338578,338585,338589,4,7
338578,338585,338589,4,7
338578,338588,338590,2,10
338578,338583,338589,6,5
338578,338583,338589,6,5
338578,338585,338589,4,7
338578,338585,338590,5,7
338578,338585,338589,4,7
338578,338583,338589,6,5
338578,338585,338589,4,7
338578,338585,338589,4,7
338578,338585,338589,4,7
338578,338585,338589,4,7
338578,338583,338589,6,5
338578,338585,338589,4,7
338578,338585,338589,4,7
338578,338583,338589,6,5
338578,338585,338589,4,7
338578,338585,338590,5,7
338578,338585,338589,4,7
338578,338585,338589,4,7
338578,338583,338589,6,5
338578,338583,338589,6,5
338578,338583,338589,6,5
338578,338585,338589,4,7
338578,338583,338589,6,5
338578,338583,338589,6,5
338578,338586,338590,4,8
338578,338589,338590,1,11
338578,338589,338590,1,11
338578,338589,338591,2,11
338578,338589,338591,2,11
338578,338586,338590,4,8
338578,338588,338590,2,10
338578,338586,338590,4,8
338578,338589,338591,2,11
338578,338585,338590,5,7
338578,338589,338591,2,11
338578,338589,338591,2,11
338578,338589,338591,2,11
338578,338589,338592,3,11
338578,338589,338591,2,11
338578,338589,338592,3,11
338578,338589,338592,3,11
338578,338589,338591,2,11
338578,338589,338592,3,11
338578,338589,338592,3,11
338578,338589,338592,3,11
338578,338589,338592,3,11
338578,338589,338592,3,11
338578,338589,338592,3,11
338578,338589,338591,2,11
338578,338589,338592,3,11
338578,338589,338591,2,11
338578,338589,338591,2,11
338578,338589,338591,2,11
338578,338589,338592,3,11
338578,338589,338592,3,11
338578,338589,338591,2,11
338578,338589,338591,2,11
338578,338589,338592,3,11
338578,338589,338592,3,11
338578,338589,338591,2,11
338578,338590,338592,2,12
338578,338590,338592,2,12
338578,338590,338592,2,12
338578,338589,338592,3,11
338578,338589,338592,3,11
338578,338589,338592,3,11
338578,338589,338592,3,11
338597,338597,338601,4,0
338597,338597,338601,4,0
338597,338597,338601,4,0
338597,338597,338601,4,0
338597,338597,338601,4,0
338597,338597,338601,4,0
338597,338597,338601,4,0
338597,338597,338601,4,0
338597,338597,338601,4,0
338597,338597,338601,4,0
338597,338597,338601,4,0
338597,338597,338601,4,0
338597,338597,338601,4,0
338597,338597,338601,4,0
338597,338597,338601,4,0
338597,338597,338601,4,0
338597,338597,338601,4,0
338597,338597,338601,4,0
338597,338597,338601,4,0
338597,338597,338601,4,0
338597,338597,338601,4,0
338597,338597,338601,4,0
338597,338597,338601,4,0
338597,338597,338601,4,0
338597,338597,338601,4,0
338597,338597,338602,5,0
338597,338597,338601,4,0
338597,338597,338601,4,0
338597,338597,338601,4,0
338597,338597,338601,4,0
338597,338597,338601,4,0
338597,338597,338601,4,0
338597,338597,338601,4,0
338597,338597,338601,4,0
338597,338597,338601,4,0
338597,338597,338602,5,0
338597,338597,338601,4,0
338597,338597,338601,4,0
338597,338597,338601,4,0
338597,338597,338601,4,0
338597,338597,338601,4,0
338597,338597,338601,4,0
338597,338597,338602,5,0
338597,338597,338601,4,0
338597,338597,338601,4,0
338597,338597,338601,4,0
338597,338597,338601,4,0
338597,338597,338601,4,0
338597,338597,338601,4,0
338597,338597,338601,4,0
338597,338597,338601,4,0
338597,338597,338601,4,0
338597,338597,338601,4,0
338597,338597,338601,4,0
338597,338597,338601,4,0
338597,338597,338601,4,0
338597,338597,338602,5,0
338597,338597,338602,5,0
338597,338597,338602,5,0
338597,338597,338602,5,0
338597,338597,338602,5,0
338597,338597,338602,5,0
338597,338597,338602,5,0
338597,338597,338602,5,0
338597,338597,338602,5,0
338597,338597,338602,5,0
338597,338597,338602,5,0
338597,338597,338602,5,0
338597,338597,338602,5,0
338597,338597,338602,5,0
338597,338597,338602,5,0
338597,338597,338602,5,0
338597,338597,338602,5,0
338597,338597,338602,5,0
338597,338597,338602,5,0
338597,338597,338602,5,0
338597,338597,338602,5,0
338597,338597,338602,5,0
338597,338597,338602,5,0
338597,338597,338602,5,0
338597,338602,338607,5,5
338597,338602,338607,5,5
338597,338602,338607,5,5
338597,338602,338607,5,5
338597,338602,338607,5,5
338597,338602,338607,5,5
338597,338602,338607,5,5
338597,338602,338607,5,5
338597,338602,338607,5,5
338597,338602,338607,5,5
338597,338603,338607,4,6
338597,338602,338607,5,5
338597,338602,338607,5,5
338597,338602,338607,5,5
338597,338602,338607,5,5
338597,338602,338607,5,5
338597,338602,338607,5,5
338597,338602,338607,5,5
338597,338602,338607,5,5
338597,338602,338607,5,5
338597,338602,338607,5,5
338597,338603,338607,4,6
338597,338602,338607,5,5
338597,338602,338607,5,5
338597,338602,338607,5,5
338597,338602,338607,5,5
338597,338602,338607,5,5
338597,338602,338607,5,5
338597,338603,338607,4,6
338597,338602,338606,4,5
338597,338602,338607,5,5
338597,338602,338607,5,5
338597,338602,338607,5,5
338597,338602,338607,5,5
338597,338603,338607,4,6
338597,338602,338607,5,5
338597,338602,338607,5,5
338597,338602,338607,5,5
338597,338602,338607,5,5
338597,338602,338607,5,5
338597,338603,338607,4,6
338597,338602,338607,5,5
338597,338602,338607,5,5
338597,338602,338607,5,5
338597,338602,338607,5,5
338597,338602,338607,5,5
338597,338602,338606,4,5
338597,338602,338607,5,5
338597,338602,338607,5,5
338597,338602,338607,5,5
338597,338602,338607,5,5
338597,338602,338607,5,5
338597,338602,338607,5,5
338597,338602,338607,5,5
338597,338602,338607,5,5
338597,338603,338607,4,6
338597,338603,338607,4,6
338597,338602,338607,5,5
338597,338603,338607,4,6
338597,338602,338607,5,5
338597,338603,338607,4,6
338597,338603,338607,4,6
338597,338603,338607,4,6
338597,338602,338607,5,5
338597,338602,338608,6,5
338597,338602,338608,6,5
338597,338602,338608,6,5
338597,338602,338608,6,5
338597,338602,338608,6,5
338597,338603,338608,5,6
338597,338603,338608,5,6
338597,338603,338608,5,6
338597,338603,338608,5,6
338597,338603,338608,5,6
338597,338603,338608,5,6
338597,338603,338608,5,6
338597,338603,338608,5,6
338597,338603,338608,5,6
338597,338603,338608,5,6
338597,338603,338608,5,6
338597,338607,338610,3,10
338597,338607,338610,3,10
338597,338607,338610,3,10
338597,338607,338610,3,10
338597,338608,338610,2,11
338597,338608,338610,2,11
338597,338608,338610,2,11
338597,338608,338610,2,11
338597,338608,338610,2,11
338597,338608,338610,2,11
338597,338608,338610,2,11
338597,338608,338611,3,11
338597,338608,338610,2,11
338597,338608,338610,2,11
338597,338608,338611,3,11
338597,338608,338610,2,11
338597,338608,338610,2,11
338597,338608,338610,2,11
338597,338608,338610,2,11
338597,338608,338610,2,11
338597,338608,338610,2,11
338597,338608,338610,2,11
338597,338608,338610,2,11
338597,338608,338610,2,11
338597,338608,338611,3,11
338597,338608,338611,3,11
338597,338608,338611,3,11
338597,338608,338611,3,11
338597,338608,338611,3,11
338597,338608,338611,3,11
338597,338608,338611,3,11
338597,338608,338611,3,11
338597,338608,338611,3,11
338597,338608,338611,3,11
338597,338608,338611,3,11
338597,338608,338611,3,11
338597,338608,338611,3,11
338597,338608,338611,3,11
338597,338608,338611,3,11
338597,338608,338611,3,11
338615,338615,338620,5,0
338615,338615,338620,5,0
338615,338615,338620,5,0
338615,338615,338620,5,0
338615,338615,338620,5,0
338615,338615,338620,5,0
338615,338615,338620,5,0
338615,338615,338620,5,0
338615,338615,338620,5,0
338615,338615,338620,5,0
338615,338615,338620,5,0
338615,338615,338620,5,0
338615,338615,338620,5,0
338615,338615,338620,5,0
338615,338615,338620,5,0
338615,338615,338620,5,0
338615,338615,338620,5,0
338615,338615,338620,5,0
338615,338615,338620,5,0
338615,338615,338620,5,0
338615,338615,338620,5,0
338615,338615,338620,5,0
338615,338615,338620,5,0
338615,338615,338620,5,0
338615,338615,338620,5,0
338615,338615,338620,5,0
338615,338615,338620,5,0
338615,338615,338620,5,0
338615,338615,338620,5,0
338615,338615,338620,5,0
338615,338615,338620,5,0
338615,338615,338620,5,0
338615,338615,338620,5,0
338615,338615,338620,5,0
338615,338615,338620,5,0
338615,338615,338620,5,0
338615,338615,338620,5,0
338615,338615,338620,5,0
338615,338615,338620,5,0
338615,338615,338620,5,0
338615,338615,338620,5,0
338615,338615,338620,5,0
338615,338615,338620,5,0
338615,338615,338620,5,0
338615,338615,338620,5,0
338615,338615,338620,5,0
338615,338615,338620,5,0
338615,338615,338620,5,0
338615,338615,338620,5,0
338615,338615,338620,5,0
338615,338615,338620,5,0
338615,338615,338620,5,0
338615,338615,338620,5,0
338615,338615,338620,5,0
338615,338615,338620,5,0
338615,338615,338620,5,0
338615,338615,338620,5,0
338615,338615,338620,5,0
338615,338615,338620,5,0
338615,338615,338620,5,0
338615,338615,338620,5,0
338615,338615,338620,5,0
338615,338615,338620,5,0
338615,338615,338622,7,0
338615,338615,338621,6,0
338615,338615,338622,7,0
338615,338615,338621,6,0
338615,338615,338621,6,0
338615,338615,338621,6,0
338615,338615,338621,6,0
338615,338615,338621,6,0
338615,338615,338622,7,0
338615,338615,338621,6,0
338615,338615,338621,6,0
338615,338615,338621,6,0
338615,338615,338621,6,0
338615,338615,338621,6,0
338615,338615,338621,6,0
338615,338615,338623,8,0
338615,338615,338622,7,0
338615,338621,338624,3,6
338615,338620,338624,4,5
338615,338621,338625,4,6
338615,338621,338625,4,6
338615,338621,338625,4,6
338615,338621,338625,4,6
338615,338621,338625,4,6
338615,338621,338625,4,6
338615,338621,338625,4,6
338615,338621,338626,5,6
338615,338621,338625,4,6
338615,338621,338625,4,6
338615,338621,338625,4,6
338615,338621,338625,4,6
338615,338621,338625,4,6
338615,338621,338626,5,6
338615,338621,338626,5,6
338615,338621,338625,4,6
338615,338621,338625,4,6
338615,338621,338625,4,6
338615,338621,338625,4,6
338615,338621,338625,4,6
338615,338621,338625,4,6
338615,338621,338625,4,6
338615,338621,338625,4,6
338615,338621,338625,4,6
338615,338621,338625,4,6
338615,338621,338625,4,6
338615,338621,338625,4,6
338615,338621,338625,4,6
338615,338622,338625,3,7
338615,338621,338625,4,6
338615,338621,338625,4,6
338615,338621,338625,4,6
338615,338621,338625,4,6
338615,338621,338625,4,6
338615,338621,338625,4,6
338615,338621,338625,4,6
338615,338622,338626,4,7
338615,338621,338625,4,6
338615,338621,338625,4,6
338615,338621,338625,4,6
338615,338621,338625,4,6
338615,338622,338625,3,7
338615,338622,338626,4,7
338615,338622,338626,4,7
338615,338621,338625,4,6
338615,338621,338625,4,6
338615,338621,338625,4,6
338615,338621,338625,4,6
338615,338621,338625,4,6
338615,338621,338625,4,6
338615,338622,338626,4,7
338615,338622,338626,4,7
338615,338621,338625,4,6
338615,338621,338625,4,6
338615,338621,338625,4,6
338615,338621,338625,4,6
338615,338621,338625,4,6
338615,338621,338625,4,6
338615,338622,338626,4,7
338615,338621,338625,4,6
338615,338621,338625,4,6
338615,338621,338625,4,6
338615,338621,338625,4,6
338615,338621,338625,4,6
338615,338621,338625,4,6
338615,338621,338625,4,6
338615,338621,338625,4,6
338615,338622,338626,4,7
338615,338622,338626,4,7
338615,338622,338626,4,7
338615,338622,338626,4,7
338615,338622,338626,4,7
338615,338624,338626,2,9
338615,338623,338626,3,8
338615,338625,338626,1,10
338615,338621,338626,5,6
338615,338621,338626,5,6
338615,338622,338626,4,7
338615,338622,338626,4,7
338615,338623,338626,3,8
338615,338624,338626,2,9
338615,338626,338628,2,11
338615,338626,338628,2,11
338615,338626,338628,2,11
338615,338626,338628,2,11
338615,338626,338628,2,11
338615,338626,338628,2,11
338615,338626,338628,2,11
338615,338626,338629,3,11
338615,338626,338629,3,11
338615,338626,338629,3,11
338615,338626,338629,3,11
338615,338626,338629,3,11
338615,338626,338628,2,11
338615,338626,338628,2,11
338615,338626,338628,2,11
338615,338626,338629,3,11
338615,338626,338629,3,11
338615,338626,338629,3,11
338615,338626,338628,2,11
338615,338626,338629,3,11
338615,338626,338629,3,11
338615,338626,338629,3,11
338615,338626,338629,3,11
338615,338626,338629,3,11
338615,338626,338629,3,11
338615,338626,338628,2,11
338615,338626,338629,3,11
338615,338626,338629,3,11
338615,338626,338629,3,11
338615,338626,338629,3,11
338615,338626,338628,2,11
338615,338626,338628,2,11
338615,338626,338629,3,11
338615,338626,338628,2,11
338615,338626,338629,3,11
338615,338626,338629,3,11
338615,338626,338629,3,11
338634,338634,338638,4,0
338634,338634,338638,4,0
338634,338634,338639,5,0
338634,338634,338638,4,0
338634,338634,338639,5,0
338634,338634,338638,4,0
338634,338634,338638,4,0
338634,338634,338638,4,0
338634,338634,338639,5,0
338634,338634,338638,4,0
338634,338634,338638,4,0
338634,338634,338639,5,0
338634,338634,338638,4,0
338634,338634,338638,4,0
338634,338634,338639,5,0
338634,338634,338638,4,0
338634,338634,338638,4,0
338634,338634,338638,4,0
338634,338634,338639,5,0
338634,338634,338639,5,0
338634,338634,338639,5,0
338634,338634,338639,5,0
338634,338634,338638,4,0
338634,338634,338638,4,0
338634,338634,338638,4,0
338634,338634,338638,4,0
338634,338634,338639,5,0
338634,338634,338638,4,0
338634,338634,338638,4,0
338634,338634,338639,5,0
338634,338634,338638,4,0
338634,338634,338638,4,0
338634,338634,338638,4,0
338634,338634,338638,4,0
338634,338634,338638,4,0
338634,338634,338638,4,0
338634,338634,338639,5,0
338634,338634,338638,4,0
338634,338634,338638,4,0
338634,338634,338639,5,0
338634,338634,338638,4,0
338634,338634,338638,4,0
338634,338634,338638,4,0
338634,338634,338638,4,0
338634,338634,338638,4,0
338634,338634,338638,4,0
338634,338634,338638,4,0
338634,338634,338639,5,0
338634,338634,338638,4,0
338634,338634,338638,4,0
338634,338634,338638,4,0
338634,338634,338638,4,0
338634,338634,338638,4,0
338634,338634,338638,4,0
338634,338634,338638,4,0
338634,338634,338638,4,0
338634,338634,338638,4,0
338634,338634,338638,4,0
338634,338634,338639,5,0
338634,338634,338639,5,0
338634,338634,338638,4,0
338634,338634,338639,5,0
338634,338634,338639,5,0
338634,338634,338639,5,0
338634,338634,338639,5,0
338634,338634,338639,5,0
338634,338634,338639,5,0
338634,338634,338639,5,0
338634,338634,338640,6,0
338634,338634,338640,6,0
338634,338634,338639,5,0
338634,338634,338639,5,0
338634,338634,338639,5,0
338634,338634,338639,5,0
338634,338634,338639,5,0
338634,338634,338639,5,0
338634,338638,338640,2,4
338634,338634,338639,5,0
338634,338634,338639,5,0
338634,338634,338639,5,0
338634,338634,338639,5,0
338634,338639,338643,4,5
338634,338639,338645,6,5
338634,338639,338644,5,5
338634,338639,338645,6,5
338634,338639,338645,6,5
338634,338639,338645,6,5
338634,338639,338645,6,5
338634,338639,338645,6,5
338634,338639,338645,6,5
338634,338639,338645,6,5
338634,338639,338645,6,5
338634,338639,338645,6,5
338634,338639,338645,6,5
338634,338639,338645,6,5
338634,338639,338645,6,5
338634,338640,338645,5,6
338634,338639,338644,5,5
338634,338639,338645,6,5
338634,338639,338645,6,5
338634,338639,338645,6,5
338634,338639,338645,6,5
338634,338639,338645,6,5
338634,338639,338645,6,5
338634,338639,338645,6,5
338634,338639,338645,6,5
338634,338639,338645,6,5
338634,338639,338645,6,5
338634,338639,338645,6,5
338634,338639,338645,6,5
338634,338640,338645,5,6
338634,338640,338645,5,6
338634,338639,338644,5,5
338634,338639,338645,6,5
338634,338639,338644,5,5
338634,338639,338645,6,5
338634,338639,338645,6,5
338634,338639,338645,6,5
338634,338639,338645,6,5
338634,338640,338645,5,6
338634,338639,338645,6,5
338634,338639,338645,6,5
338634,338639,338645,6,5
338634,338639,338645,6,5
338634,338639,338645,6,5
338634,338639,338645,6,5
338634,338639,338645,6,5
338634,338640,338645,5,6
338634,338639,338645,6,5
338634,338639,338645,6,5
338634,338639,338645,6,5
338634,338639,338645,6,5
338634,338639,338645,6,5
338634,338639,338645,6,5
338634,338639,338645,6,5
338634,338640,338645,5,6
338634,338639,338645,6,5
338634,338639,338645,6,5
338634,338639,338645,6,5
338634,338640,338645,5,6
338634,338640,338645,5,6
338634,338640,338645,5,6
338634,338639,338645,6,5
338634,338639,338645,6,5
338634,338639,338645,6,5
338634,338640,338645,5,6
338634,338640,338645,5,6
338634,338640,338645,5,6
338634,338640,338645,5,6
338634,338640,338645,5,6
338634,338639,338645,6,5
338634,338639,338645,6,5
338634,338639,338645,6,5
338634,338640,338645,5,6
338634,338640,338645,5,6
338634,338640,338645,5,6
338634,338640,338645,5,6
338634,338643,338645,2,9
338634,338640,338645,5,6
338634,338640,338645,5,6
338634,338640,338646,6,6
338634,338639,338646,7,5
338634,338646,338648,2,12
338634,338646,338648,2,12
338634,338646,338648,2,12
338634,338646,338648,2,12
338634,338646,338648,2,12
338634,338645,338648,3,11
338634,338646,338648,2,12
338634,338646,338648,2,12
338634,338646,338649,3,12
338634,338646,338648,2,12
338634,338646,338649,3,12
338634,338646,338648,2,12
338634,338646,338648,2,12
338634,338646,338648,2,12
338634,338646,338649,3,12
338634,338646,338648,2,12
338634,338646,338648,2,12
338634,338646,338648,2,12
338634,338646,338648,2,12
338634,338646,338649,3,12
338634,338646,338648,2,12
338634,338646,338648,2,12
338634,338646,338648,2,12
338634,338646,338648,2,12
338634,338646,338648,2,12
338634,338646,338648,2,12
338634,338646,338648,2,12
338634,338646,338649,3,12
338634,338646,338649,3,12
338634,338646,338649,3,12
338634,338646,338649,3,12
338634,338646,338649,3,12
338634,338646,338649,3,12
338634,338646,338649,3,12
338634,338646,338649,3,12
338634,338646,338649,3,12
338634,338646,338649,3,12
338634,338646,338649,3,12
338653,338653,338658,5,0
338653,338653,338658,5,0
338653,338653,338658,5,0
338653,338653,338658,5,0
338653,338653,338658,5,0
338653,338653,338658,5,0
338653,338653,338658,5,0
338653,338653,338658,5,0
338653,338653,338658,5,0
338653,338654,338658,4,1
338653,338654,338658,4,1
338653,338653,338658,5,0
338653,338653,338658,5,0
338653,338653,338658,5,0
338653,338653,338658,5,0
338653,338653,338658,5,0
338653,338653,338658,5,0
338653,338654,338658,4,1
338653,338653,338658,5,0
338653,338653,338658,5,0
338653,338653,338658,5,0
338653,338653,338658,5,0
338653,338653,338658,5,0
338653,338653,338658,5,0
338653,338653,338658,5,0
338653,338653,338658,5,0
338653,338653,338658,5,0
338653,338653,338658,5,0
338653,338653,338658,5,0
338653,338654,338658,4,1
338653,338653,338658,5,0
338653,338653,338658,5,0
338653,338653,338658,5,0
338653,338653,338658,5,0
338653,338653,338658,5,0
338653,338653,338658,5,0
338653,338653,338658,5,0
338653,338653,338658,5,0
338653,338653,338658,5,0
338653,338653,338658,5,0
338653,338653,338659,6,0
338653,338653,338658,5,0
338653,338654,338658,4,1
338653,338654,338658,4,1
338653,338653,338658,5,0
338653,338653,338658,5,0
338653,338653,338659,6,0
338653,338653,338658,5,0
338653,338653,338658,5,0
338653,338653,338658,5,0
338653,338653,338658,5,0
338653,338653,338658,5,0
338653,338653,338658,5,0
338653,338653,338658,5,0
338653,338654,338658,4,1
338653,338654,338658,4,1
338653,338653,338658,5,0
338653,338653,338658,5,0
338653,338653,338658,5,0
338653,338653,338658,5,0
338653,338653,338658,5,0
338653,338654,338658,4,1
338653,338654,338659,5,1
338653,338654,338658,4,1
338653,338654,338659,5,1
338653,338654,338659,5,1
338653,338653,338659,6,0
338653,338654,338659,5,1
338653,338654,338659,5,1
338653,338654,338659,5,1
338653,338654,338659,5,1
338653,338654,338659,5,1
338653,338653,338659,6,0
338653,338654,338659,5,1
338653,338654,338659,5,1
338653,338653,338659,6,0
338653,338653,338659,6,0
338653,338654,338659,5,1
338653,338654,338659,5,1
338653,338654,338659,5,1
338653,338659,338662,3,6
338653,338659,338664,5,6
338653,338659,338664,5,6
338653,338659,338664,5,6
338653,338659,338664,5,6
338653,338659,338664,5,6
338653,338659,338664,5,6
338653,338659,338664,5,6
338653,338659,338664,5,6
338653,338659,338664,5,6
338653,338659,338664,5,6
338653,338659,338664,5,6
338653,338659,338664,5,6
338653,338659,338664,5,6
338653,338659,338664,5,6
338653,338659,338664,5,6
338653,338659,338664,5,6
338653,338659,338664,5,6
338653,338659,338664,5,6
338653,338659,338664,5,6
338653,338659,338664,5,6
338653,338659,338663,4,6
338653,338659,338664,5,6
338653,338659,338664,5,6
338653,338659,338664,5,6
338653,338659,338664,5,6
338653,338659,338664,5,6
338653,338660,338664,4,7
338653,338659,338664,5,6
338653,338659,338664,5,6
338653,338659,338664,5,6
338653,338659,338664,5,6
338653,338659,338664,5,6
338653,338660,338664,4,7
338653,338659,338664,5,6
338653,338659,338664,5,6
338653,338659,338664,5,6
338653,338659,338664,5,6
338653,338659,338664,5,6
338653,338659,338664,5,6
338653,338659,338664,5,6
338653,338659,338664,5,6
338653,338659,338664,5,6
338653,338659,338664,5,6
338653,338659,338664,5,6
338653,338659,338664,5,6
338653,338659,338664,5,6
338653,338659,338664,5,6
338653,338659,338664,5,6
338653,338659,338664,5,6
338653,338659,338664,5,6
338653,338659,338664,5,6
338653,338659,338664,5,6
338653,338659,338664,5,6
338653,338659,338664,5,6
338653,338659,338664,5,6
338653,338659,338664,5,6
338653,338659,338664,5,6
338653,338659,338664,5,6
338653,338659,338664,5,6
338653,338659,338664,5,6
338653,338659,338665,6,6
338653,338659,338664,5,6
338653,338659,338665,6,6
338653,338659,338664,5,6
338653,338660,338664,4,7
338653,338660,338665,5,7
338653,338660,338665,5,7
338653,338659,338664,5,6
338653,338660,338665,5,7
338653,338660,338665,5,7
338653,338663,338665,2,10
338653,338660,338664,4,7
338653,338660,338664,4,7
338653,338660,338665,5,7
338653,338660,338664,4,7
338653,338660,338665,5,7
338653,338660,338665,5,7
338653,338664,338666,2,11
338653,338660,338666,6,7
338653,338660,338666,6,7
338653,338660,338665,5,7
338653,338664,338667,3,11
338653,338664,338667,3,11
338653,338664,338667,3,11
338653,338664,338667,3,11
338653,338664,338667,3,11
338653,338664,338667,3,11
338653,338664,338667,3,11
338653,338664,338667,3,11
338653,338664,338667,3,11
338653,338664,338667,3,11
338653,338664,338667,3,11
338653,338664,338667,3,11
338653,338664,338667,3,11
338653,338664,338667,3,11
338653,338664,338667,3,11
338653,338664,338667,3,11
338653,338664,338667,3,11
338653,338664,338667,3,11
338653,338664,338667,3,11
338653,338664,338667,3,11
338653,338664,338667,3,11
338653,338664,338667,3,11
338653,338664,338667,3,11
338653,338664,338668,4,11
338653,338664,338668,4,11
338653,338664,338668,4,11
338653,338664,338668,4,11
338653,338664,338667,3,11
338653,338664,338668,4,11
338653,338664,338668,4,11
338653,338664,338667,3,11
338653,338664,338668,4,11
338653,338664,338668,4,11
338653,338664,338668,4,11
338653,338664,338668,4,11
338653,338664,338668,4,11
338653,338664,338668,4,11
338653,338664,338668,4,11
338672,338672,338676,4,0
338672,338672,338676,4,0
338672,338672,338677,5,0
338672,338672,338676,4,0
338672,338672,338677,5,0
338672,338672,338677,5,0
338672,338672,338676,4,0
338672,338672,338676,4,0
338672,338672,338676,4,0
338672,338672,338677,5,0
338672,338672,338677,5,0
338672,338672,338676,4,0
338672,338672,338676,4,0
338672,338672,338676,4,0
338672,338672,338676,4,0
338672,338672,338677,5,0
338672,338672,338676,4,0
338672,338672,338677,5,0
338672,338672,338676,4,0
338672,338672,338676,4,0
338672,338672,338677,5,0
338672,338672,338677,5,0
338672,338672,338677,5,0
338672,338672,338676,4,0
338672,338672,338677,5,0
338672,338672,338676,4,0
338672,338672,338677,5,0
338672,338672,338677,5,0
338672,338672,338677,5,0
338672,338672,338677,5,0
338672,338672,338677,5,0
338672,338672,338677,5,0
338672,338672,338677,5,0
338672,338672,338676,4,0
338672,338672,338677,5,0
338672,338672,338677,5,0
338672,338672,338677,5,0
338672,338672,338676,4,0
338672,338672,338677,5,0
338672,338672,338677,5,0
338672,338672,338677,5,0
338672,338672,338676,4,0
338672,338672,338677,5,0
338672,338672,338676,4,0
338672,338672,338676,4,0
338672,338672,338677,5,0
338672,338672,338677,5,0
338672,338672,338677,5,0
338672,338672,338677,5,0
338672,338672,338677,5,0
338672,338672,338677,5,0
338672,338672,338676,4,0
338672,338672,338677,5,0
338672,338672,338677,5,0
338672,338672,338676,4,0
338672,338672,338677,5,0
338672,338672,338677,5,0
338672,338672,338677,5,0
338672,338672,338677,5,0
338672,338672,338677,5,0
338672,338672,338677,5,0
338672,338672,338678,6,0
338672,338672,338678,6,0
338672,338672,338678,6,0
338672,338672,338678,6,0
338672,338672,338678,6,0
338672,338672,338678,6,0
338672,338672,338678,6,0
338672,338672,338677,5,0
338672,338672,338678,6,0
338672,338672,338678,6,0
338672,338672,338678,6,0
338672,338672,338678,6,0
338672,338672,338677,5,0
338672,338672,338678,6,0
338672,338672,338677,5,0
338672,338672,338678,6,0
338672,338672,338678,6,0
338672,338672,338677,5,0
338672,338672,338678,6,0
338672,338677,338682,5,5
338672,338677,338683,6,5
338672,338677,338683,6,5
338672,338677,338683,6,5
338672,338677,338683,6,5
338672,338677,338683,6,5
338672,338677,338683,6,5
338672,338677,338683,6,5
338672,338677,338683,6,5
338672,338677,338683,6,5
338672,338677,338683,6,5
338672,338678,338683,5,6
338672,338677,338683,6,5
338672,338677,338683,6,5
338672,338677,338683,6,5
338672,338677,338683,6,5
338672,338678,338683,5,6
338672,338679,338683,4,7
338672,338677,338683,6,5
338672,338677,338683,6,5
338672,338677,338683,6,5
338672,338677,338683,6,5
338672,338677,338683,6,5
338672,338678,338683,5,6
338672,338679,338683,4,7
338672,338679,338684,5,7
338672,338677,338683,6,5
338672,338677,338683,6,5
338672,338677,338683,6,5
338672,338677,338683,6,5
338672,338678,338683,5,6
338672,338679,338684,5,7
338672,338679,338683,4,7
338672,338677,338683,6,5
338672,338677,338683,6,5
338672,338677,338683,6,5
338672,338677,338683,6,5
338672,338679,338683,4,7
338672,338679,338684,5,7
338672,338679,338684,5,7
338672,338677,338683,6,5
338672,338677,338683,6,5
338672,338677,338683,6,5
338672,338677,338683,6,5
338672,338679,338683,4,7
338672,338679,338683,4,7
338672,338679,338683,4,7
338672,338679,338684,5,7
338672,338677,338683,6,5
338672,338677,338683,6,5
338672,338677,338683,6,5
338672,338678,338683,5,6
338672,338679,338683,4,7
338672,338679,338684,5,7
338672,338677,338683,6,5
338672,338677,338683,6,5
338672,338677,338683,6,5
338672,338677,338683,6,5
338672,338679,338683,4,7
338672,338679,338683,4,7
338672,338679,338683,4,7
338672,338677,338683,6,5
338672,338677,338683,6,5
338672,338677,338683,6,5
338672,338678,338683,5,6
338672,338678,338683,5,6
338672,338678,338683,5,6
338672,338678,338683,5,6
338672,338677,338683,6,5
338672,338677,338683,6,5
338672,338677,338683,6,5
338672,338678,338683,5,6
338672,338678,338683,5,6
338672,338678,338683,5,6
338672,338678,338684,6,6
338672,338683,338684,1,11
338672,338683,338684,1,11
338672,338683,338684,1,11
338672,338679,338684,5,7
338672,338679,338684,5,7
338672,338679,338684,5,7
338672,338677,338684,7,5
338672,338679,338684,5,7
338672,338683,338684,1,11
338672,338683,338684,1,11
338672,338684,338686,2,12
338672,338684,338686,2,12
338672,338684,338687,3,12
338672,338684,338686,2,12
338672,338684,338687,3,12
338672,338684,338686,2,12
338672,338684,338687,3,12
338672,338684,338686,2,12
338672,338684,338686,2,12
338672,338684,338687,3,12
338672,338684,338687,3,12
338672,338684,338686,2,12
338672,338684,338686,2,12
338672,338684,338687,3,12
338672,338684,338687,3,12
338672,338684,338686,2,12
338672,338684,338687,3,12
338672,338684,338686,2,12
338672,338684,338687,3,12
338672,338684,338687,3,12
338672,338684,338687,3,12
338672,338684,338687,3,12
338672,338684,338687,3,12
338672,338684,338687,3,12
338672,338684,338687,3,12
338672,338684,338687,3,12
338672,338684,338687,3,12
338672,338684,338687,3,12
338672,338684,338687,3,12
338672,338684,338687,3,12
338672,338684,338687,3,12
338672,338684,338687,3,12
338672,338684,338687,3,12
338672,338684,338687,3,12
338672,338684,338687,3,12
338692,338692,338695,3,0
338692,338692,338696,4,0
338692,338692,338696,4,0
338692,338692,338696,4,0
338692,338692,338696,4,0
338692,338692,338696,4,0
338692,338692,338696,4,0
338692,338692,338696,4,0
338692,338692,338696,4,0
338692,338692,338696,4,0
338692,338692,338696,4,0
338692,338692,338696,4,0
338692,338692,338696,4,0
338692,338692,338696,4,0
338692,338692,338696,4,0
338692,338692,338696,4,0
338692,338692,338696,4,0
338692,338692,338696,4,0
338692,338692,338696,4,0
338692,338692,338696,4,0
338692,338692,338696,4,0
338692,338692,338696,4,0
338692,338692,338696,4,0
338692,338692,338696,4,0
338692,338692,338696,4,0
338692,338692,338696,4,0
338692,338692,338696,4,0
338692,338692,338696,4,0
338692,338692,338696,4,0
338692,338692,338696,4,0
338692,338692,338696,4,0
338692,338692,338696,4,0
338692,338692,338697,5,0
338692,338692,338697,5,0
338692,338692,338696,4,0
338692,338692,338696,4,0
338692,338692,338696,4,0
338692,338692,338696,4,0
338692,338692,338697,5,0
338692,338692,338696,4,0
338692,338692,338696,4,0
338692,338692,338696,4,0
338692,338692,338696,4,0
338692,338692,338696,4,0
338692,338692,338696,4,0
338692,338692,338697,5,0
338692,338692,338696,4,0
338692,338692,338696,4,0
338692,338692,338696,4,0
338692,338692,338696,4,0
338692,338692,338696,4,0
338692,338692,338696,4,0
338692,338692,338696,4,0
338692,338692,338696,4,0
338692,338692,338696,4,0
338692,338692,338697,5,0
338692,338692,338697,5,0
338692,338692,338697,5,0
338692,338692,338696,4,0
338692,338692,338696,4,0
338692,338692,338696,4,0
338692,338692,338697,5,0
338692,338692,338697,5,0
338692,338692,338696,4,0
338692,338692,338696,4,0
338692,338692,338696,4,0
338692,338692,338696,4,0
338692,338692,338696,4,0
338692,338692,338696,4,0
338692,338692,338696,4,0
338692,338692,338697,5,0
338692,338692,338696,4,0
338692,338692,338697,5,0
338692,338692,338697,5,0
338692,338692,338697,5,0
338692,338692,338697,5,0
338692,338692,338697,5,0
338692,338692,338697,5,0
338692,338692,338697,5,0
338692,338692,338697,5,0
338692,338696,338698,2,4
338692,338696,338698,2,4
338692,338696,338697,1,4
338692,338696,338698,2,4
338692,338696,338698,2,4
338692,338696,338698,2,4
338692,338696,338698,2,4
338692,338696,338698,2,4
338692,338696,338698,2,4
338692,338696,338698,2,4
338692,338696,338700,4,4
338692,338697,338701,4,5
338692,338696,338701,5,4
338692,338696,338701,5,4
338692,338697,338701,4,5
338692,338697,338701,4,5
338692,338697,338701,4,5
338692,338697,338701,4,5
338692,338697,338701,4,5
338692,338697,338701,4,5
338692,338697,338701,4,5
338692,338697,338701,4,5
338692,338697,338701,4,5
338692,338696,338701,5,4
338692,338697,338701,4,5
338692,338697,338701,4,5
338692,338697,338701,4,5
338692,338697,338701,4,5
338692,338697,338701,4,5
338692,338697,338701,4,5
338692,338697,338701,4,5
338692,338697,338701,4,5
338692,338697,338701,4,5
338692,338697,338701,4,5
338692,338697,338701,4,5
338692,338697,338701,4,5
338692,338697,338701,4,5
338692,338697,338701,4,5
338692,338697,338701,4,5
338692,338697,338702,5,5
338692,338697,338701,4,5
338692,338697,338702,5,5
338692,338697,338701,4,5
338692,338697,338702,5,5
338692,338697,338701,4,5
338692,338697,338702,5,5
338692,338697,338702,5,5
338692,338697,338701,4,5
338692,338697,338701,4,5
338692,338697,338701,4,5
338692,338697,338701,4,5
338692,338697,338702,5,5
338692,338697,338702,5,5
338692,338697,338702,5,5
338692,338697,338702,5,5
338692,338698,338702,4,6
338692,338697,338701,4,5
338692,338697,338702,5,5
338692,338697,338702,5,5
338692,338698,338701,3,6
338692,338697,338702,5,5
338692,338697,338702,5,5
338692,338697,338702,5,5
338692,338697,338701,4,5
338692,338697,338702,5,5
338692,338698,338702,4,6
338692,338697,338702,5,5
338692,338697,338702,5,5
338692,338697,338701,4,5
338692,338697,338702,5,5
338692,338698,338702,4,6
338692,338699,338702,3,7
338692,338697,338702,5,5
338692,338697,338701,4,5
338692,338697,338702,5,5
338692,338698,338702,4,6
338692,338698,338702,4,6
338692,338699,338702,3,7
338692,338697,338702,5,5
338692,338697,338702,5,5
338692,338697,338702,5,5
338692,338698,338702,4,6
338692,338698,338702,4,6
338692,338698,338702,4,6
338692,338698,338702,4,6
338692,338700,338702,2,8
338692,338701,338703,2,9
338692,338698,338703,5,6
338692,338701,338703,2,9
338692,338701,338703,2,9
338692,338701,338703,2,9
338692,338701,338703,2,9
338692,338699,338703,4,7
338692,338699,338703,4,7
338692,338701,338703,2,9
338692,338701,338703,2,9
338692,338701,338704,3,9
338692,338698,338703,5,6
338692,338698,338703,5,6
338692,338702,338704,2,10
338692,338702,338704,2,10
338692,338702,338704,2,10
338692,338701,338704,3,9
338692,338701,338704,3,9
338692,338701,338704,3,9
338692,338701,338704,3,9
338692,338701,338704,3,9
338692,338701,338704,3,9
338692,338701,338704,3,9
338692,338701,338704,3,9
338692,338701,338704,3,9
338692,338701,338704,3,9
338692,338701,338704,3,9
338692,338701,338704,3,9
338692,338702,338704,2,10
338692,338702,338704,2,10
338692,338702,338705,3,10
338692,338702,338705,3,10
338692,338702,338705,3,10
338692,338702,338705,3,10
338709,338709,338713,4,0
338709,338709,338712,3,0
338709,338709,338713,4,0
338709,338709,338714,5,0
338709,338709,338714,5,0
338709,338709,338714,5,0
338709,338709,338714,5,0
338709,338709,338714,5,0
338709,338709,338714,5,0
338709,338709,338713,4,0
338709,338709,338713,4,0
338709,338709,338713,4,0
338709,338709,338713,4,0
338709,338709,338713,4,0
338709,338709,338714,5,0
338709,338709,338714,5,0
338709,338709,338714,5,0
338709,338709,338714,5,0
338709,338709,338714,5,0
338709,338709,338713,4,0
338709,338709,338713,4,0
338709,338709,338714,5,0
338709,338709,338714,5,0
338709,338709,338714,5,0
338709,338709,338713,4,0
338709,338709,338713,4,0
338709,338709,338713,4,0
338709,338709,338714,5,0
338709,338709,338714,5,0
338709,338709,338714,5,0
338709,338709,338714,5,0
338709,338709,338714,5,0
338709,338709,338713,4,0
338709,338709,338713,4,0
338709,338709,338713,4,0
338709,338709,338713,4,0
338709,338709,338713,4,0
338709,338709,338714,5,0
338709,338709,338713,4,0
338709,338709,338714,5,0
338709,338709,338713,4,0
338709,338709,338713,4,0
338709,338709,338714,5,0
338709,338709,338714,5,0
338709,338709,338714,5,0
338709,338709,338713,4,0
338709,338709,338713,4,0
338709,338709,338714,5,0
338709,338709,338714,5,0
338709,338709,338714,5,0
338709,338709,338714,5,0
338709,338709,338714,5,0
338709,338709,338714,5,0
338709,338709,338714,5,0
338709,338709,338713,4,0
338709,338709,338714,5,0
338709,338709,338713,4,0
338709,338709,338714,5,0
338709,338709,338713,4,0
338709,338709,338714,5,0
338709,338709,338714,5,0
338709,338709,338714,5,0
338709,338709,338714,5,0
338709,338709,338714,5,0
338709,338709,338714,5,0
338709,338709,338714,5,0
338709,338709,338715,6,0
338709,338709,338715,6,0
338709,338709,338714,5,0
338709,338709,338715,6,0
338709,338709,338715,6,0
338709,338709,338715,6,0
338709,338709,338715,6,0
338709,338709,338714,5,0
338709,338709,338715,6,0
338709,338709,338715,6,0
338709,338709,338715,6,0
338709,338709,338715,6,0
338709,338709,338715,6,0
338709,338709,338715,6,0
338709,338713,338715,2,4
338709,338713,338715,2,4
338709,338713,338715,2,4
338709,338714,338719,5,5
338709,338715,338720,5,6
338709,338715,338720,5,6
338709,338715,338720,5,6
338709,338714,338720,6,5
338709,338714,338720,6,5
338709,338715,338720,5,6
338709,338715,338720,5,6
338709,338715,338720,5,6
338709,338715,338720,5,6
338709,338715,338720,5,6
338709,338715,338720,5,6
338709,338714,338720,6,5
338709,338715,338720,5,6
338709,338715,338720,5,6
338709,338715,338720,5,6
338709,338715,338720,5,6
338709,338715,338720,5,6
338709,338715,338720,5,6
338709,338715,338720,5,6
338709,338714,338720,6,5
338709,338714,338720,6,5
338709,338715,338720,5,6
338709,338715,338720,5,6
338709,338715,338720,5,6
338709,338714,338720,6,5
338709,338714,338720,6,5
338709,338715,338720,5,6
338709,338715,338720,5,6
338709,338715,338720,5,6
338709,338715,338721,6,6
338709,338715,338721,6,6
338709,338714,338720,6,5
338709,338714,338720,6,5
338709,338715,338720,5,6
338709,338715,338720,5,6
338709,338716,338721,5,7
338709,338716,338721,5,7
338709,338716,338720,4,7
338709,338714,338720,6,5
338709,338715,338720,5,6
338709,338716,338720,4,7
338709,338716,338720,4,7
338709,338716,338720,4,7
338709,338716,338720,4,7
338709,338716,338720,4,7
338709,338715,338720,5,6
338709,338715,338720,5,6
338709,338715,338720,5,6
338709,338715,338721,6,6
338709,338715,338720,5,6
338709,338715,338720,5,6
338709,338715,338721,6,6
338709,338715,338720,5,6
338709,338715,338720,5,6
338709,338715,338720,5,6
338709,338715,338720,5,6
338709,338715,338720,5,6
338709,338715,338720,5,6
338709,338716,338721,5,7
338709,338714,338720,6,5
338709,338714,338720,6,5
338709,338715,338720,5,6
338709,338715,338720,5,6
338709,338716,338721,5,7
338709,338715,338720,5,6
338709,338715,338720,5,6
338709,338715,338720,5,6
338709,338715,338720,5,6
338709,338715,338720,5,6
338709,338716,338721,5,7
338709,338720,338721,1,11
338709,338716,338721,5,7
338709,338716,338721,5,7
338709,338715,338721,6,6
338709,338715,338722,7,6
338709,338715,338722,7,6
338709,338715,338721,6,6
338709,338720,338721,1,11
338709,338716,338721,5,7
338709,338716,338721,5,7
338709,338720,338721,1,11
338709,338715,338721,6,6
338709,338720,338721,1,11
338709,338720,338722,2,11
338709,338720,338722,2,11
338709,338720,338722,2,11
338709,338720,338722,2,11
338709,338720,338722,2,11
338709,338720,338722,2,11
338709,338720,338722,2,11
338709,338720,338722,2,11
338709,338721,338723,2,12
338709,338721,338723,2,12
338709,338721,338722,1,12
338709,338721,338723,2,12
338709,338721,338723,2,12
338709,338721,338723,2,12
338709,338720,338722,2,11
338709,338720,338723,3,11
338709,338720,338722,2,11
338709,338720,338723,3,11
338709,338720,338722,2,11
338709,338720,338723,3,11
338709,338720,338723,3,11
338709,338720,338722,2,11
338709,338721,338723,2,12
338709,338721,338723,2,12
338709,338721,338724,3,12
338709,338721,338723,2,12
338709,338721,338723,2,12
338709,338721,338723,2,12
338709,338721,338723,2,12
338709,338721,338723,2,12
338709,338721,338723,2,12
338709,338721,338723,2,12
338709,338721,338723,2,12
338727,338727,338732,5,0
338727,338727,338732,5,0
338727,338727,338732,5,0
338727,338727,338732,5,0
338727,338727,338732,5,0
338727,338727,338732,5,0
338727,338727,338732,5,0
338727,338727,338732,5,0
338727,338727,338732,5,0
338727,338727,338732,5,0
338727,338727,338732,5,0
338727,338727,338732,5,0
338727,338727,338732,5,0
338727,338727,338732,5,0
338727,338727,338732,5,0
338727,338727,338732,5,0
338727,338727,338732,5,0
338727,338727,338732,5,0
338727,338727,338732,5,0
338727,338727,338732,5,0
338727,338727,338732,5,0
338727,338727,338732,5,0
338727,338727,338732,5,0
338727,338727,338732,5,0
338727,338727,338732,5,0
338727,338727,338732,5,0
338727,338727,338732,5,0
338727,338727,338732,5,0
338727,338727,338732,5,0
338727,338727,338732,5,0
338727,338727,338732,5,0
338727,338727,338732,5,0
338727,338727,338732,5,0
338727,338727,338732,5,0
338727,338727,338732,5,0
338727,338727,338732,5,0
338727,338727,338732,5,0
338727,338727,338732,5,0
338727,338727,338732,5,0
338727,338727,338732,5,0
338727,338727,338732,5,0
338727,338727,338732,5,0
338727,338727,338732,5,0
338727,338727,338732,5,0
338727,338727,338732,5,0
338727,338727,338732,5,0
338727,338727,338732,5,0
338727,338727,338732,5,0
338727,338727,338732,5,0
338727,338727,338732,5,0
338727,338727,338732,5,0
338727,338727,338732,5,0
338727,338727,338732,5,0
338727,338728,338732,4,1
338727,338728,338732,4,1
338727,338727,338732,5,0
338727,338727,338732,5,0
338727,338727,338732,5,0
338727,338727,338732,5,0
338727,338727,338732,5,0
338727,338727,338732,5,0
338727,338727,338732,5,0
338727,338727,338733,6,0
338727,338727,338733,6,0
338727,338727,338733,6,0
338727,338727,338733,6,0
338727,338727,338733,6,0
338727,338727,338733,6,0
338727,338727,338733,6,0
338727,338727,338733,6,0
338727,338727,338733,6,0
338727,338728,338733,5,1
338727,338727,338733,6,0
338727,338728,338733,5,1
338727,338727,338733,6,0
338727,338727,338733,6,0
338727,338727,338733,6,0
338727,338727,338733,6,0
338727,338727,338733,6,0
338727,338727,338733,6,0
338727,338733,338737,4,6
338727,338733,338737,4,6
338727,338733,338736,3,6
338727,338733,338737,4,6
338727,338733,338737,4,6
338727,338733,338737,4,6
338727,338733,338737,4,6
338727,338733,338737,4,6
338727,338733,338737,4,6
338727,338733,338738,5,6
338727,338733,338738,5,6
338727,338733,338738,5,6
338727,338733,338738,5,6
338727,338733,338738,5,6
338727,338733,338737,4,6
338727,338733,338737,4,6
338727,338733,338737,4,6
338727,338733,338738,5,6
338727,338734,338738,4,7
338727,338733,338737,4,6
338727,338733,338738,5,6
338727,338733,338738,5,6
338727,338733,338737,4,6
338727,338733,338737,4,6
338727,338733,338738,5,6
338727,338733,338738,5,6
338727,338733,338737,4,6
338727,338733,338737,4,6
338727,338733,338737,4,6
338727,338733,338737,4,6
338727,338733,338738,5,6
338727,338733,338737,4,6
338727,338733,338738,5,6
338727,338733,338737,4,6
338727,338733,338737,4,6
338727,338733,338737,4,6
338727,338733,338738,5,6
338727,338733,338737,4,6
338727,338733,338737,4,6
338727,338733,338738,5,6
338727,338733,338737,4,6
338727,338733,338738,5,6
338727,338733,338737,4,6
338727,338733,338737,4,6
338727,338733,338738,5,6
338727,338733,338737,4,6
338727,338733,338737,4,6
338727,338733,338737,4,6
338727,338733,338738,5,6
338727,338733,338737,4,6
338727,338733,338738,5,6
338727,338733,338737,4,6
338727,338733,338737,4,6
338727,338733,338737,4,6
338727,338733,338738,5,6
338727,338733,338737,4,6
338727,338733,338737,4,6
338727,338733,338738,5,6
338727,338733,338738,5,6
338727,338733,338737,4,6
338727,338733,338737,4,6
338727,338733,338737,4,6
338727,338733,338737,4,6
338727,338734,338738,4,7
338727,338734,338738,4,7
338727,338734,338738,4,7
338727,338734,338738,4,7
338727,338734,338739,5,7
338727,338734,338739,5,7
338727,338734,338738,4,7
338727,338734,338738,4,7
338727,338737,338739,2,10
338727,338734,338738,4,7
338727,338737,338739,2,10
338727,338734,338738,4,7
338727,338734,338738,4,7
338727,338734,338738,4,7
338727,338734,338739,5,7
338727,338734,338738,4,7
338727,338737,338739,2,10
338727,338733,338738,5,6
338727,338733,338738,5,6
338727,338734,338738,4,7
338727,338738,338740,2,11
338727,338738,338740,2,11
338727,338738,338740,2,11
338727,338738,338740,2,11
338727,338738,338741,3,11
338727,338738,338740,2,11
338727,338738,338740,2,11
338727,338738,338741,3,11
338727,338738,338741,3,11
338727,338738,338741,3,11
338727,338738,338741,3,11
338727,338738,338741,3,11
338727,338738,338741,3,11
338727,338738,338741,3,11
338727,338738,338741,3,11
338727,338738,338741,3,11
338727,338738,338741,3,11
338727,338738,338740,2,11
338727,338738,338741,3,11
338727,338738,338741,3,11
338727,338738,338741,3,11
338727,338738,338741,3,11
338727,338738,338741,3,11
338727,338738,338740,2,11
338727,338738,338741,3,11
338727,338738,338741,3,11
338727,338738,338741,3,11
338727,338738,338740,2,11
338727,338738,338741,3,11
338727,338738,338741,3,11
338727,338738,338741,3,11
338727,338738,338741,3,11
338727,338738,338741,3,11
338727,338738,338742,4,11
338727,338738,338741,3,11
338727,338738,338742,4,11
338727,338738,338742,4,11
338746,338746,338750,4,0
338746,338746,338750,4,0
338746,338746,338750,4,0
338746,338746,338750,4,0
338746,338746,338750,4,0
338746,338746,338751,5,0
338746,338746,338750,4,0
338746,338746,338751,5,0
338746,338746,338750,4,0
338746,338746,338750,4,0
338746,338746,338750,4,0
338746,338746,338751,5,0
338746,338746,338750,4,0
338746,338746,338751,5,0
338746,338746,338751,5,0
338746,338746,338751,5,0
338746,338746,338750,4,0
338746,338746,338750,4,0
338746,338746,338751,5,0
338746,338746,338751,5,0
338746,338746,338751,5,0
338746,338746,338750,4,0
338746,338746,338751,5,0
338746,338746,338751,5,0
338746,338746,338751,5,0
338746,338746,338751,5,0
338746,338746,338750,4,0
338746,338746,338751,5,0
338746,338746,338751,5,0
338746,338746,338750,4,0
338746,338746,338750,4,0
338746,338746,338751,5,0
338746,338746,338751,5,0
338746,338746,338751,5,0
338746,338746,338750,4,0
338746,338746,338750,4,0
338746,338746,338750,4,0
338746,338746,338750,4,0
338746,338746,338750,4,0
338746,338746,338750,4,0
338746,338746,338750,4,0
338746,338746,338750,4,0
338746,338746,338750,4,0
338746,338746,338750,4,0
338746,338746,338750,4,0
338746,338746,338750,4,0
338746,338746,338750,4,0
338746,338746,338750,4,0
338746,338746,338750,4,0
338746,338746,338750,4,0
338746,338746,338750,4,0
338746,338746,338750,4,0
338746,338746,338750,4,0
338746,338746,338751,5,0
338746,338746,338751,5,0
338746,338746,338750,4,0
338746,338746,338750,4,0
338746,338746,338750,4,0
338746,338746,338750,4,0
338746,338746,338750,4,0
338746,338746,338751,5,0
338746,338746,338751,5,0
338746,338746,338750,4,0
338746,338746,338750,4,0
338746,338746,338750,4,0
338746,338746,338751,5,0
338746,338746,338751,5,0
338746,338746,338751,5,0
338746,338746,338751,5,0
338746,338746,338752,6,0
338746,338746,338751,5,0
338746,338746,338752,6,0
338746,338746,338751,5,0
338746,338746,338751,5,0
338746,338746,338751,5,0
338746,338746,338751,5,0
338746,338746,338751,5,0
338746,338750,338752,2,4
338746,338746,338752,6,0
338746,338746,338752,6,0
338746,338746,338751,5,0
338746,338750,338752,2,4
338746,338750,338752,2,4
338746,338750,338752,2,4
338746,338750,338752,2,4
338746,338751,338754,3,5
338746,338751,338755,4,5
338746,338751,338756,5,5
338746,338751,338756,5,5
338746,338751,338756,5,5
338746,338751,338756,5,5
338746,338751,338756,5,5
338746,338751,338756,5,5
338746,338751,338756,5,5
338746,338751,338756,5,5
338746,338751,338756,5,5
338746,338751,338756,5,5
338746,338751,338757,6,5
338746,338751,338756,5,5
338746,338751,338756,5,5
338746,338751,338756,5,5
338746,338751,338756,5,5
338746,338751,338756,5,5
338746,338751,338756,5,5
338746,338751,338756,5,5
338746,338751,338757,6,5
338746,338751,338756,5,5
338746,338751,338756,5,5
338746,338751,338756,5,5
338746,338751,338757,6,5
338746,338751,338756,5,5
338746,338751,338757,6,5
338746,338751,338757,6,5
338746,338752,338757,5,6
338746,338752,338756,4,6
338746,338752,338757,5,6
338746,338751,338756,5,5
338746,338751,338756,5,5
338746,338751,338756,5,5
338746,338751,338756,5,5
338746,338751,338757,6,5
338746,338751,338756,5,5
338746,338751,338757,6,5
338746,338751,338757,6,5
338746,338751,338757,6,5
338746,338751,338757,6,5
338746,338751,338757,6,5
338746,338751,338757,6,5
338746,338752,338757,5,6
338746,338752,338757,5,6
338746,338751,338757,6,5
338746,338751,338757,6,5
338746,338751,338757,6,5
338746,338751,338757,6,5
338746,338751,338757,6,5
338746,338751,338757,6,5
338746,338751,338757,6,5
338746,338751,338757,6,5
338746,338753,338757,4,7
338746,338753,338758,5,7
338746,338751,338757,6,5
338746,338752,338757,5,6
338746,338751,338757,6,5
338746,338751,338757,6,5
338746,338753,338757,4,7
338746,338753,338757,4,7
338746,338753,338758,5,7
338746,338753,338758,5,7
338746,338753,338757,4,7
338746,338753,338757,4,7
338746,338753,338757,4,7
338746,338753,338757,4,7
338746,338753,338757,4,7
338746,338753,338757,4,7
338746,338754,338758,4,8
338746,338753,338757,4,7
338746,338753,338757,4,7
338746,338753,338758,5,7
338746,338752,338757,5,6
338746,338752,338757,5,6
338746,338752,338757,5,6
338746,338752,338757,5,6
338746,338752,338757,5,6
338746,338753,338758,5,7
338746,338757,338758,1,11
338746,338757,338758,1,11
338746,338757,338758,1,11
338746,338757,338759,2,11
338746,338757,338758,1,11
338746,338757,338759,2,11
338746,338757,338759,2,11
338746,338757,338758,1,11
338746,338753,338758,5,7
338746,338757,338759,2,11
338746,338757,338759,2,11
338746,338756,338758,2,10
338746,338753,338759,6,7
338746,338757,338759,2,11
338746,338757,338759,2,11
338746,338757,338759,2,11
338746,338757,338759,2,11
338746,338757,338759,2,11
338746,338757,338759,2,11
338746,338757,338759,2,11
338746,338757,338759,2,11
338746,338757,338759,2,11
338746,338757,338759,2,11
338746,338757,338759,2,11
338746,338757,338759,2,11
338746,338757,338759,2,11
338746,338757,338759,2,11
338746,338757,338759,2,11
338746,338757,338759,2,11
338746,338757,338759,2,11
338746,338757,338759,2,11
338746,338757,338759,2,11
338746,338757,338760,3,11
338746,338757,338760,3,11
338746,338757,338760,3,11
338746,338757,338760,3,11
338764,338765,338769,4,1
338764,338765,338769,4,1
338764,338765,338769,4,1
338764,338765,338769,4,1
338764,338765,338769,4,1
338764,338765,338769,4,1
338764,338765,338769,4,1
338764,338765,338769,4,1
338764,338765,338769,4,1
338764,338765,338769,4,1
338764,338765,338769,4,1
338764,338765,338769,4,1
338764,338765,338769,4,1
338764,338765,338769,4,1
338764,338765,338769,4,1
338764,338765,338769,4,1
338764,338765,338769,4,1
338764,338765,338770,5,1
338764,338765,338769,4,1
338764,338764,338769,5,0
338764,338765,338769,4,1
338764,338765,338769,4,1
338764,338765,338769,4,1
338764,338765,338769,4,1
338764,338765,338769,4,1
338764,338765,338770,5,1
338764,338765,338769,4,1
338764,338765,338769,4,1
338764,338765,338769,4,1
338764,338765,338769,4,1
338764,338765,338769,4,1
338764,338765,338769,4,1
338764,338765,338769,4,1
338764,338764,338769,5,0
338764,338765,338769,4,1
338764,338765,338769,4,1
338764,338765,338769,4,1
338764,338765,338769,4,1
338764,338765,338769,4,1
338764,338765,338769,4,1
338764,338765,338769,4,1
338764,338765,338769,4,1
338764,338765,338769,4,1
338764,338765,338770,5,1
338764,338765,338769,4,1
338764,338765,338769,4,1
338764,338765,338769,4,1
338764,338765,338769,4,1
338764,338765,338769,4,1
338764,338765,338769,4,1
338764,338765,338770,5,1
338764,338764,338769,5,0
338764,338765,338769,4,1
338764,338765,338769,4,1
338764,338765,338769,4,1
338764,338765,338769,4,1
338764,338765,338769,4,1
338764,338765,338769,4,1
338764,338765,338769,4,1
338764,338765,338771,6,1
338764,338765,338770,5,1
338764,338765,338770,5,1
338764,338765,338770,5,1
338764,338765,338771,6,1
338764,338765,338770,5,1
338764,338765,338770,5,1
338764,338765,338770,5,1
338764,338765,338770,5,1
338764,338765,338770,5,1
338764,338765,338770,5,1
338764,338765,338770,5,1
338764,338765,338770,5,1
338764,338765,338770,5,1
338764,338765,338770,5,1
338764,338765,338770,5,1
338764,338765,338770,5,1
338764,338765,338770,5,1
338764,338765,338770,5,1
338764,338765,338770,5,1
338764,338765,338770,5,1
338764,338770,338774,4,6
338764,338770,338775,5,6
338764,338770,338775,5,6
338764,338770,338775,5,6
338764,338770,338775,5,6
338764,338770,338775,5,6
338764,338770,338775,5,6
338764,338770,338775,5,6
338764,338770,338775,5,6
338764,338770,338775,5,6
338764,338770,338775,5,6
338764,338770,338775,5,6
338764,338770,338775,5,6
338764,338770,338775,5,6
338764,338770,338775,5,6
338764,338770,338775,5,6
338764,338770,338775,5,6
338764,338770,338775,5,6
338764,338770,338775,5,6
338764,338770,338775,5,6
338764,338770,338775,5,6
338764,338770,338775,5,6
338764,338770,338775,5,6
338764,338770,338775,5,6
338764,338770,338775,5,6
338764,338770,338775,5,6
338764,338770,338775,5,6
338764,338770,338775,5,6
338764,338770,338775,5,6
338764,338770,338775,5,6
338764,338770,338775,5,6
338764,338770,338775,5,6
338764,338770,338775,5,6
338764,338770,338775,5,6
338764,338771,338775,4,7
338764,338770,338775,5,6
338764,338770,338775,5,6
338764,338770,338775,5,6
338764,338771,338775,4,7
338764,338770,338775,5,6
338764,338770,338775,5,6
338764,338770,338775,5,6
338764,338770,338775,5,6
338764,338770,338775,5,6
338764,338770,338775,5,6
338764,338771,338775,4,7
338764,338771,338775,4,7
338764,338770,338775,5,6
338764,338770,338775,5,6
338764,338770,338775,5,6
338764,338770,338775,5,6
338764,338770,338775,5,6
338764,338770,338775,5,6
338764,338770,338776,6,6
338764,338770,338776,6,6
338764,338770,338776,6,6
338764,338770,338776,6,6
338764,338770,338775,5,6
338764,338770,338775,5,6
338764,338770,338775,5,6
338764,338770,338775,5,6
338764,338771,338776,5,7
338764,338770,338775,5,6
338764,338771,338775,4,7
338764,338770,338775,5,6
338764,338771,338776,5,7
338764,338771,338776,5,7
338764,338771,338776,5,7
338764,338771,338776,5,7
338764,338771,338776,5,7
338764,338771,338777,6,7
338764,338771,338776,5,7
338764,338771,338777,6,7
338764,338771,338777,6,7
338764,338771,338777,6,7
338764,338775,338777,2,11
338764,338771,338777,6,7
338764,338771,338777,6,7
338764,338775,338777,2,11
338764,338774,338777,3,10
338764,338771,338777,6,7
338764,338771,338777,6,7
338764,338771,338777,6,7
338764,338775,338777,2,11
338764,338775,338778,3,11
338764,338775,338778,3,11
338764,338775,338778,3,11
338764,338775,338778,3,11
338764,338775,338778,3,11
338764,338775,338778,3,11
338764,338775,338777,2,11
338764,338775,338778,3,11
338764,338775,338778,3,11
338764,338775,338778,3,11
338764,338775,338778,3,11
338764,338775,338778,3,11
338764,338775,338777,2,11
338764,338775,338777,2,11
338764,338775,338778,3,11
338764,338775,338778,3,11
338764,338775,338778,3,11
338764,338775,338778,3,11
338764,338775,338778,3,11
338764,338775,338778,3,11
338764,338775,338778,3,11
338764,338775,338778,3,11
338764,338775,338778,3,11
338764,338775,338779,4,11
338764,338775,338778,3,11
338764,338775,338779,4,11
338764,338775,338778,3,11
338764,338776,338779,3,12
338764,338776,338779,3,12
338764,338776,338779,3,12
338764,338776,338778,2,12
338764,338776,338778,2,12
338764,338776,338778,2,12
338764,338776,338778,2,12
338764,338775,338779,4,11
338764,338776,338779,3,12
338783,338783,338788,5,0
338783,338783,338788,5,0
338783,338783,338788,5,0
338783,338783,338788,5,0
338783,338783,338788,5,0
338783,338783,338788,5,0
338783,338783,338788,5,0
338783,338783,338788,5,0
338783,338783,338788,5,0
338783,338783,338788,5,0
338783,338783,338788,5,0
338783,338783,338788,5,0
338783,338783,338788,5,0
338783,338783,338788,5,0
338783,338783,338788,5,0
338783,338783,338788,5,0
338783,338783,338788,5,0
338783,338783,338788,5,0
338783,338783,338788,5,0
338783,338783,338788,5,0
338783,338783,338788,5,0
338783,338783,338788,5,0
338783,338783,338787,4,0
338783,338783,338788,5,0
338783,338783,338788,5,0
338783,338783,338788,5,0
338783,338783,338788,5,0
338783,338783,338788,5,0
338783,338783,338788,5,0
338783,338783,338788,5,0
338783,338783,338788,5,0
338783,338783,338788,5,0
338783,338783,338788,5,0
338783,338783,338788,5,0
338783,338783,338788,5,0
338783,338783,338788,5,0
338783,338783,338788,5,0
338783,338783,338788,5,0
338783,338783,338788,5,0
338783,338783,338788,5,0
338783,338783,338788,5,0
338783,338783,338788,5,0
338783,338783,338788,5,0
338783,338783,338788,5,0
338783,338783,338788,5,0
338783,338783,338788,5,0
338783,338783,338788,5,0
338783,338783,338788,5,0
338783,338783,338788,5,0
338783,338783,338788,5,0
338783,338783,338788,5,0
338783,338783,338788,5,0
338783,338783,338788,5,0
338783,338783,338788,5,0
338783,338783,338788,5,0
338783,338783,338788,5,0
338783,338783,338788,5,0
338783,338783,338788,5,0
338783,338783,338788,5,0
338783,338783,338788,5,0
338783,338783,338788,5,0
338783,338783,338788,5,0
338783,338783,338788,5,0
338783,338783,338788,5,0
338783,338783,338789,6,0
338783,338783,338789,6,0
338783,338783,338789,6,0
338783,338783,338789,6,0
338783,338783,338789,6,0
338783,338783,338789,6,0
338783,338783,338789,6,0
338783,338783,338789,6,0
338783,338783,338789,6,0
338783,338783,338789,6,0
338783,338783,338789,6,0
338783,338783,338789,6,0
338783,338783,338789,6,0
338783,338783,338789,6,0
338783,338783,338789,6,0
338783,338783,338789,6,0
338783,338789,338794,5,6
338783,338789,338794,5,6
338783,338789,338794,5,6
338783,338789,338794,5,6
338783,338789,338794,5,6
338783,338789,338794,5,6
338783,338789,338795,6,6
338783,338789,338794,5,6
338783,338789,338794,5,6
338783,338789,338795,6,6
338783,338789,338794,5,6
338783,338789,338794,5,6
338783,338789,338794,5,6
338783,338789,338795,6,6
338783,338789,338794,5,6
338783,338789,338794,5,6
338783,338789,338794,5,6
338783,338789,338794,5,6
338783,338790,338794,4,7
338783,338790,338794,4,7
338783,338790,338794,4,7
338783,338790,338795,5,7
338783,338789,338795,6,6
338783,338789,338794,5,6
338783,338789,338794,5,6
338783,338789,338794,5,6
338783,338789,338794,5,6
338783,338789,338795,6,6
338783,338789,338794,5,6
338783,338789,338794,5,6
338783,338789,338794,5,6
338783,338789,338794,5,6
338783,338789,338795,6,6
338783,338789,338794,5,6
338783,338789,338794,5,6
338783,338789,338794,5,6
338783,338789,338794,5,6
338783,338789,338794,5,6
338783,338789,338795,6,6
338783,338789,338794,5,6
338783,338789,338795,6,6
338783,338789,338794,5,6
338783,338789,338794,5,6
338783,338789,338794,5,6
338783,338789,338795,6,6
338783,338790,338795,5,7
338783,338789,338794,5,6
338783,338789,338794,5,6
338783,338789,338794,5,6
338783,338789,338794,5,6
338783,338789,338794,5,6
338783,338789,338794,5,6
338783,338790,338794,4,7
338783,338788,338794,6,5
338783,338789,338794,5,6
338783,338789,338794,5,6
338783,338789,338794,5,6
338783,338789,338794,5,6
338783,338789,338794,5,6
338783,338789,338794,5,6
338783,338789,338794,5,6
338783,338789,338794,5,6
338783,338789,338794,5,6
338783,338789,338794,5,6
338783,338789,338794,5,6
338783,338790,338795,5,7
338783,338790,338794,4,7
338783,338789,338795,6,6
338783,338789,338795,6,6
338783,338790,338795,5,7
338783,338790,338795,5,7
338783,338790,338795,5,7
338783,338790,338795,5,7
338783,338789,338795,6,6
338783,338789,338795,6,6
338783,338790,338795,5,7
338783,338790,338795,5,7
338783,338789,338795,6,6
338783,338790,338795,5,7
338783,338790,338795,5,7
338783,338795,338797,2,12
338783,338795,338797,2,12
338783,338795,338797,2,12
338783,338795,338797,2,12
338783,338795,338797,2,12
338783,338795,338797,2,12
338783,338795,338797,2,12
338783,338795,338798,3,12
338783,338795,338798,3,12
338783,338795,338797,2,12
338783,338795,338797,2,12
338783,338795,338797,2,12
338783,338795,338797,2,12
338783,338795,338798,3,12
338783,338795,338797,2,12
338783,338795,338797,2,12
338783,338795,338798,3,12
338783,338795,338797,2,12
338783,338795,338798,3,12
338783,338795,338798,3,12
338783,338795,338798,3,12
338783,338795,338798,3,12
338783,338795,338798,3,12
338783,338795,338797,2,12
338783,338795,338797,2,12
338783,338795,338797,2,12
338783,338795,338798,3,12
338783,338795,338797,2,12
338783,338795,338797,2,12
338783,338795,338797,2,12
338783,338795,338797,2,12
338783,338795,338798,3,12
338783,338795,338798,3,12
338783,338795,338798,3,12
338783,338795,338798,3,12
338783,338795,338798,3,12
338783,338795,338799,4,12
338783,338795,338798,3,12
338783,338795,338798,3,12
338783,338795,338798,3,12
338803,338803,338807,4,0
338803,338803,338807,4,0
338803,338803,338807,4,0
338803,338803,338807,4,0
338803,338803,338807,4,0
338803,338803,338807,4,0
338803,338803,338807,4,0
338803,338803,338807,4,0
338803,338803,338807,4,0
338803,338803,338808,5,0
338803,338803,338808,5,0
338803,338803,338807,4,0
338803,338803,338807,4,0
338803,338803,338807,4,0
338803,338803,338808,5,0
338803,338803,338807,4,0
338803,338803,338807,4,0
338803,338803,338807,4,0
338803,338803,338808,5,0
338803,338803,338807,4,0
338803,338803,338808,5,0
338803,338803,338808,5,0
338803,338803,338807,4,0
338803,338803,338807,4,0
338803,338803,338807,4,0
338803,338803,338807,4,0
338803,338803,338807,4,0
338803,338803,338807,4,0
338803,338803,338807,4,0
338803,338803,338807,4,0
338803,338803,338808,5,0
338803,338803,338807,4,0
338803,338803,338807,4,0
338803,338803,338807,4,0
338803,338803,338807,4,0
338803,338803,338807,4,0
338803,338803,338807,4,0
338803,338803,338807,4,0
338803,338803,338808,5,0
338803,338803,338808,5,0
338803,338803,338807,4,0
338803,338803,338807,4,0
338803,338803,338807,4,0
338803,338803,338807,4,0
338803,338803,338808,5,0
338803,338803,338807,4,0
338803,338803,338808,5,0
338803,338803,338807,4,0
338803,338803,338807,4,0
338803,338803,338807,4,0
338803,338803,338807,4,0
338803,338803,338807,4,0
338803,338803,338807,4,0
338803,338803,338807,4,0
338803,338803,338807,4,0
338803,338803,338807,4,0
338803,338803,338807,4,0
338803,338803,338807,4,0
338803,338803,338807,4,0
338803,338803,338807,4,0
338803,338803,338808,5,0
338803,338803,338807,4,0
338803,338803,338808,5,0
338803,338803,338807,4,0
338803,338803,338807,4,0
338803,338803,338807,4,0
338803,338803,338808,5,0
338803,338803,338808,5,0
338803,338803,338808,5,0
338803,338803,338808,5,0
338803,338803,338808,5,0
338803,338803,338808,5,0
338803,338803,338808,5,0
338803,338803,338808,5,0
338803,338803,338808,5,0
338803,338803,338808,5,0
338803,338803,338808,5,0
338803,338803,338808,5,0
338803,338803,338808,5,0
338803,338803,338808,5,0
338803,338807,338809,2,4
338803,338807,338809,2,4
338803,338807,338809,2,4
338803,338807,338809,2,4
338803,338808,338811,3,5
338803,338808,338813,5,5
338803,338808,338813,5,5
338803,338808,338813,5,5
338803,338808,338813,5,5
338803,338808,338813,5,5
338803,338808,338813,5,5
338803,338808,338813,5,5
338803,338808,338813,5,5
338803,338808,338813,5,5
338803,338808,338813,5,5
338803,338808,338813,5,5
338803,338808,338813,5,5
338803,338808,338813,5,5
338803,338808,338813,5,5
338803,338808,338813,5,5
338803,338808,338813,5,5
338803,338808,338813,5,5
338803,338808,338813,5,5
338803,338808,338813,5,5
338803,338808,338813,5,5
338803,338808,338813,5,5
338803,338808,338813,5,5
338803,338808,338813,5,5
338803,338808,338813,5,5
338803,338808,338812,4,5
338803,338808,338813,5,5
338803,338808,338813,5,5
338803,338808,338813,5,5
338803,338808,338813,5,5
338803,338808,338813,5,5
338803,338808,338813,5,5
338803,338808,338813,5,5
338803,338808,338813,5,5
338803,338808,338813,5,5
338803,338808,338813,5,5
338803,338808,338813,5,5
338803,338808,338813,5,5
338803,338809,338813,4,6
338803,338808,338813,5,5
338803,338808,338813,5,5
338803,338808,338813,5,5
338803,338809,338813,4,6
338803,338808,338813,5,5
338803,338808,338813,5,5
338803,338808,338813,5,5
338803,338808,338813,5,5
338803,338808,338813,5,5
338803,338808,338813,5,5
338803,338808,338813,5,5
338803,338808,338813,5,5
338803,338808,338813,5,5
338803,338808,338813,5,5
338803,338808,338813,5,5
338803,338809,338813,4,6
338803,338808,338813,5,5
338803,338808,338813,5,5
338803,338808,338813,5,5
338803,338809,338813,4,6
338803,338809,338813,4,6
338803,338809,338813,4,6
338803,338809,338813,4,6
338803,338809,338813,4,6
338803,338810,338814,4,7
338803,338808,338814,6,5
338803,338808,338814,6,5
338803,338808,338814,6,5
338803,338808,338814,6,5
338803,338809,338814,5,6
338803,338809,338814,5,6
338803,338809,338814,5,6
338803,338809,338814,5,6
338803,338809,338814,5,6
338803,338809,338814,5,6
338803,338809,338814,5,6
338803,338809,338814,5,6
338803,338809,338814,5,6
338803,338810,338814,4,7
338803,338810,338814,4,7
338803,338810,338815,5,7
338803,338814,338815,1,11
338803,338814,338815,1,11
338803,338813,338815,2,10
338803,338814,338815,1,11
338803,338812,338815,3,9
338803,338814,338817,3,11
338803,338814,338816,2,11
338803,338814,338816,2,11
338803,338814,338816,2,11
338803,338814,338816,2,11
338803,338814,338816,2,11
338803,338814,338816,2,11
338803,338814,338817,3,11
338803,338814,338817,3,11
338803,338814,338817,3,11
338803,338814,338816,2,11
338803,338814,338816,2,11
338803,338814,338816,2,11
338803,338814,338816,2,11
338803,338814,338817,3,11
338803,338814,338816,2,11
338803,338814,338816,2,11
338803,338814,338816,2,11
338803,338814,338816,2,11
338803,338814,338816,2,11
338803,338814,338816,2,11
338803,338814,338816,2,11
338803,338814,338816,2,11
338803,338814,338816,2,11
338803,338814,338817,3,11
338803,338814,338816,2,11
338803,338814,338816,2,11
338803,338814,338816,2,11
338803,338814,338817,3,11
338803,338814,338817,3,11
338803,338814,338817,3,11
338821,338821,338825,4,0
338821,338821,338825,4,0
338821,338821,338825,4,0
338821,338821,338825,4,0
338821,338821,338825,4,0
338821,338821,338825,4,0
338821,338821,338825,4,0
338821,338821,338825,4,0
338821,338821,338825,4,0
338821,338821,338825,4,0
338821,338821,338825,4,0
338821,338821,338825,4,0
338821,338821,338825,4,0
338821,338821,338825,4,0
338821,338821,338825,4,0
338821,338821,338825,4,0
338821,338821,338825,4,0
338821,338821,338825,4,0
338821,338821,338825,4,0
338821,338821,338825,4,0
338821,338821,338825,4,0
338821,338821,338825,4,0
338821,338821,338825,4,0
338821,338821,338826,5,0
338821,338821,338826,5,0
338821,338821,338826,5,0
338821,338821,338826,5,0
338821,338821,338825,4,0
338821,338821,338826,5,0
338821,338821,338826,5,0
338821,338821,338826,5,0
338821,338821,338825,4,0
338821,338821,338826,5,0
338821,338821,338826,5,0
338821,338821,338826,5,0
338821,338821,338826,5,0
338821,338821,338826,5,0
338821,338821,338825,4,0
338821,338821,338826,5,0
338821,338821,338826,5,0
338821,338821,338826,5,0
338821,338821,338826,5,0
338821,338821,338826,5,0
338821,338821,338826,5,0
338821,338821,338826,5,0
338821,338821,338826,5,0
338821,338821,338826,5,0
338821,338821,338826,5,0
338821,338821,338826,5,0
338821,338821,338826,5,0
338821,338821,338826,5,0
338821,338821,338826,5,0
338821,338821,338826,5,0
338821,338821,338826,5,0
338821,338821,338826,5,0
338821,338821,338826,5,0
338821,338821,338826,5,0
338821,338821,338826,5,0
338821,338821,338827,6,0
338821,338821,338826,5,0
338821,338821,338826,5,0
338821,338821,338826,5,0
338821,338821,338826,5,0
338821,338821,338826,5,0
338821,338821,338827,6,0
338821,338821,338827,6,0
338821,338821,338828,7,0
338821,338821,338827,6,0
338821,338821,338827,6,0
338821,338821,338827,6,0
338821,338822,338827,5,1
338821,338821,338827,6,0
338821,338821,338827,6,0
338821,338821,338827,6,0
338821,338821,338828,7,0
338821,338821,338828,7,0
338821,338821,338829,8,0
338821,338821,338829,8,0
338821,338821,338829,8,0
338821,338826,338830,4,5
338821,338826,338830,4,5
338821,338826,338830,4,5
338821,338826,338830,4,5
338821,338826,338830,4,5
338821,338826,338829,3,5
338821,338826,338829,3,5
338821,338826,338829,3,5
338821,338826,338830,4,5
338821,338826,338830,4,5
338821,338827,338831,4,6
338821,338827,338831,4,6
338821,338827,338831,4,6
338821,338827,338831,4,6
338821,338827,338831,4,6
338821,338826,338830,4,5
338821,338827,338831,4,6
338821,338827,338831,4,6
338821,338827,338831,4,6
338821,338826,338830,4,5
338821,338826,338830,4,5
338821,338826,338830,4,5
338821,338827,338830,3,6
338821,338827,338831,4,6
338821,338827,338831,4,6
338821,338827,338831,4,6
338821,338827,338831,4,6
338821,338826,338830,4,5
338821,338826,338830,4,5
338821,338826,338830,4,5
338821,338826,338830,4,5
338821,338826,338830,4,5
338821,338827,338831,4,6
338821,338827,338831,4,6
338821,338821,338830,9,0
338821,338826,338830,4,5
338821,338826,338830,4,5
338821,338826,338831,5,5
338821,338826,338831,5,5
338821,338826,338830,4,5
338821,338826,338830,4,5
338821,338826,338830,4,5
338821,338826,338830,4,5
338821,338827,338831,4,6
338821,338827,338831,4,6
338821,338826,338830,4,5
338821,338826,338830,4,5
338821,338827,338831,4,6
338821,338826,338830,4,5
338821,338826,338830,4,5
338821,338826,338830,4,5
338821,338826,338831,5,5
338821,338827,338831,4,6
338821,338826,338830,4,5
338821,338826,338830,4,5
338821,338826,338831,5,5
338821,338827,338831,4,6
338821,338826,338830,4,5
338821,338827,338831,4,6
338821,338827,338831,4,6
338821,338827,338831,4,6
338821,338828,338831,3,7
338821,338827,338831,4,6
338821,338827,338831,4,6
338821,338828,338832,4,7
338821,338828,338832,4,7
338821,338828,338831,3,7
338821,338828,338831,3,7
338821,338830,338832,2,9
338821,338828,338832,4,7
338821,338828,338832,4,7
338821,338829,338831,2,8
338821,338830,338832,2,9
338821,338827,338831,4,6
338821,338830,338832,2,9
338821,338829,338831,2,8
338821,338830,338832,2,9
338821,338830,338832,2,9
338821,338827,338831,4,6
338821,338830,338832,2,9
338821,338830,338832,2,9
338821,338827,338831,4,6
338821,338830,338831,1,9
338821,338828,338831,3,7
338821,338828,338832,4,7
338821,338830,338832,2,9
338821,338831,338833,2,10
338821,338831,338832,1,10
338821,338831,338833,2,10
338821,338831,338833,2,10
338821,338831,338833,2,10
338821,338831,338833,2,10
338821,338830,338833,3,9
338821,338830,338833,3,9
338821,338830,338832,2,9
338821,338830,338833,3,9
338821,338831,338833,2,10
338821,338831,338833,2,10
338821,338831,338833,2,10
338821,338831,338834,3,10
338821,338831,338833,2,10
338821,338831,338833,2,10
338821,338831,338834,3,10
338821,338831,338834,3,10
338821,338831,338834,3,10
338821,338831,338834,3,10
338821,338831,338834,3,10
338821,338831,338834,3,10
338821,338831,338833,2,10
338821,338831,338834,3,10
338821,338831,338834,3,10
338821,338831,338833,2,10
338821,338831,338834,3,10
338821,338831,338833,2,10
338821,338831,338833,2,10
338821,338831,338834,3,10
338821,338831,338834,3,10
338821,338831,338834,3,10
338821,338831,338834,3,10
338821,338831,338835,4,10
338821,338831,338834,3,10
338839,338839,338843,4,0
338839,338839,338843,4,0
338839,338839,338844,5,0
338839,338839,338844,5,0
338839,338839,338844,5,0
338839,338839,338844,5,0
338839,338839,338844,5,0
338839,338839,338844,5,0
338839,338839,338844,5,0
338839,338839,338843,4,0
338839,338839,338844,5,0
338839,338839,338843,4,0
338839,338839,338844,5,0
338839,338839,338843,4,0
338839,338839,338843,4,0
338839,338839,338844,5,0
338839,338839,338844,5,0
338839,338839,338844,5,0
338839,338839,338844,5,0
338839,338839,338844,5,0
338839,338839,338844,5,0
338839,338839,338844,5,0
338839,338839,338843,4,0
338839,338839,338844,5,0
338839,338839,338844,5,0
338839,338839,338844,5,0
338839,338839,338843,4,0
338839,338839,338843,4,0
338839,338839,338844,5,0
338839,338839,338843,4,0
338839,338839,338844,5,0
338839,338839,338844,5,0
338839,338839,338844,5,0
338839,338839,338843,4,0
338839,338839,338843,4,0
338839,338839,338844,5,0
338839,338839,338843,4,0
338839,338839,338844,5,0
338839,338839,338844,5,0
338839,338839,338844,5,0
338839,338839,338844,5,0
338839,338839,338844,5,0
338839,338839,338844,5,0
338839,338839,338844,5,0
338839,338839,338843,4,0
338839,338839,338843,4,0
338839,338839,338844,5,0
338839,338839,338844,5,0
338839,338839,338844,5,0
338839,338839,338844,5,0
338839,338839,338844,5,0
338839,338839,338843,4,0
338839,338839,338844,5,0
338839,338839,338844,5,0
338839,338839,338843,4,0
338839,338839,338844,5,0
338839,338839,338844,5,0
338839,338839,338844,5,0
338839,338839,338844,5,0
338839,338839,338844,5,0
338839,338839,338843,4,0
338839,338839,338844,5,0
338839,338839,338843,4,0
338839,338839,338845,6,0
338839,338839,338844,5,0
338839,338839,338845,6,0
338839,338839,338844,5,0
338839,338839,338845,6,0
338839,338839,338845,6,0
338839,338839,338845,6,0
338839,338839,338845,6,0
338839,338839,338845,6,0
338839,338839,338845,6,0
338839,338839,338845,6,0
338839,338839,338844,5,0
338839,338839,338844,5,0
338839,338843,338845,2,4
338839,338839,338844,5,0
338839,338839,338844,5,0
338839,338843,338845,2,4
338839,338839,338844,5,0
338839,338839,338844,5,0
338839,338844,338847,3,5
338839,338844,338849,5,5
338839,338844,338849,5,5
338839,338844,338849,5,5
338839,338844,338849,5,5
338839,338844,338849,5,5
338839,338844,338849,5,5
338839,338844,338849,5,5
338839,338844,338849,5,5
338839,338844,338849,5,5
338839,338844,338849,5,5
338839,338844,338849,5,5
338839,338844,338849,5,5
338839,338844,338849,5,5
338839,338844,338849,5,5
338839,338844,338849,5,5
338839,338844,338849,5,5
338839,338844,338849,5,5
338839,338844,338849,5,5
338839,338844,338850,6,5
338839,338844,338849,5,5
338839,338844,338849,5,5
338839,338844,338849,5,5
338839,338844,338849,5,5
338839,338844,338849,5,5
338839,338844,338849,5,5
338839,338844,338849,5,5
338839,338844,338849,5,5
338839,338844,338849,5,5
338839,338844,338849,5,5
338839,338844,338849,5,5
338839,338844,338849,5,5
338839,338844,338849,5,5
338839,338844,338849,5,5
338839,338844,338849,5,5
338839,338844,338849,5,5
338839,338844,338849,5,5
338839,338846,338849,3,7
338839,338844,338849,5,5
338839,338844,338849,5,5
338839,338844,338849,5,5
338839,338844,338849,5,5
338839,338844,338849,5,5
338839,338844,338849,5,5
338839,338844,338849,5,5
338839,338846,338850,4,7
338839,338844,338849,5,5
338839,338844,338849,5,5
338839,338844,338849,5,5
338839,338844,338849,5,5
338839,338844,338849,5,5
338839,338846,338850,4,7
338839,338846,338850,4,7
338839,338844,338849,5,5
338839,338844,338849,5,5
338839,338844,338849,5,5
338839,338844,338849,5,5
338839,338844,338849,5,5
338839,338844,338849,5,5
338839,338844,338849,5,5
338839,338844,338849,5,5
338839,338844,338849,5,5
338839,338846,338849,3,7
338839,338846,338849,3,7
338839,338846,338850,4,7
338839,338844,338850,6,5
338839,338844,338850,6,5
338839,338844,338850,6,5
338839,338846,338850,4,7
338839,338846,338850,4,7
338839,338846,338850,4,7
338839,338848,338850,2,9
338839,338846,338850,4,7
338839,338846,338850,4,7
338839,338846,338850,4,7
338839,338846,338850,4,7
338839,338846,338850,4,7
338839,338846,338850,4,7
338839,338846,338850,4,7
338839,338846,338850,4,7
338839,338846,338850,4,7
338839,338850,338851,1,11
338839,338850,338851,1,11
338839,338850,338852,2,11
338839,338850,338851,1,11
338839,338850,338852,2,11
338839,338850,338852,2,11
338839,338850,338852,2,11
338839,338850,338852,2,11
338839,338850,338852,2,11
338839,338850,338852,2,11
338839,338850,338852,2,11
338839,338850,338852,2,11
338839,338850,338852,2,11
338839,338850,338853,3,11
338839,338850,338853,3,11
338839,338850,338853,3,11
338839,338850,338853,3,11
338839,338850,338852,2,11
338839,338850,338852,2,11
338839,338850,338852,2,11
338839,338850,338852,2,11
338839,338850,338852,2,11
338839,338850,338852,2,11
338839,338850,338852,2,11
338839,338850,338853,3,11
338839,338850,338853,3,11
338839,338850,338853,3,11
338839,338850,338852,2,11
338839,338850,338852,2,11
338839,338850,338852,2,11
338839,338850,338852,2,11
338839,338850,338852,2,11
338839,338850,338852,2,11
338839,338850,338853,3,11
338839,338850,338853,3,11
338839,338850,338852,2,11
338839,338850,338853,3,11
338856,338856,338861,5,0
338856,338857,338861,4,1
338856,338856,338860,4,0
338856,338856,338861,5,0
338856,338856,338861,5,0
338856,338856,338861,5,0
338856,338856,338861,5,0
338856,338856,338861,5,0
338856,338856,338861,5,0
338856,338857,338861,4,1
338856,338856,338861,5,0
338856,338856,338861,5,0
338856,338856,338861,5,0
338856,338856,338862,6,0
338856,338856,338861,5,0
338856,338856,338861,5,0
338856,338856,338861,5,0
338856,338856,338861,5,0
338856,338856,338861,5,0
338856,338856,338861,5,0
338856,338856,338861,5,0
338856,338856,338861,5,0
338856,338856,338861,5,0
338856,338856,338861,5,0
338856,338856,338861,5,0
338856,338857,338861,4,1
338856,338857,338861,4,1
338856,338856,338861,5,0
338856,338856,338861,5,0
338856,338856,338861,5,0
338856,338856,338861,5,0
338856,338856,338861,5,0
338856,338856,338861,5,0
338856,338857,338861,4,1
338856,338857,338861,4,1
338856,338856,338861,5,0
338856,338856,338861,5,0
338856,338856,338861,5,0
338856,338856,338861,5,0
338856,338856,338861,5,0
338856,338856,338861,5,0
338856,338856,338861,5,0
338856,338856,338861,5,0
338856,338856,338862,6,0
338856,338857,338861,4,1
338856,338856,338861,5,0
338856,338856,338861,5,0
338856,338856,338861,5,0
338856,338856,338861,5,0
338856,338856,338861,5,0
338856,338857,338861,4,1
338856,338857,338861,4,1
338856,338856,338861,5,0
338856,338856,338861,5,0
338856,338856,338861,5,0
338856,338856,338861,5,0
338856,338856,338861,5,0
338856,338857,338861,4,1
338856,338856,338861,5,0
338856,338856,338861,5,0
338856,338856,338861,5,0
338856,338856,338861,5,0
338856,338857,338862,5,1
338856,338856,338862,6,0
338856,338856,338862,6,0
338856,338857,338863,6,1
338856,338857,338862,5,1
338856,338856,338862,6,0
338856,338856,338862,6,0
338856,338857,338862,5,1
338856,338857,338862,5,1
338856,338856,338862,6,0
338856,338856,338862,6,0
338856,338857,338862,5,1
338856,338857,338862,5,1
338856,338857,338862,5,1
338856,338857,338862,5,1
338856,338857,338862,5,1
338856,338857,338862,5,1
338856,338861,338862,1,5
338856,338861,338863,2,5
338856,338857,338862,5,1
338856,338861,338862,1,5
338856,338862,338866,4,6
338856,338862,338867,5,6
338856,338862,338867,5,6
338856,338862,338867,5,6
338856,338862,338867,5,6
338856,338862,338867,5,6
338856,338862,338867,5,6
338856,338862,338867,5,6
338856,338862,338867,5,6
338856,338862,338867,5,6
338856,338863,338867,4,7
338856,338862,338866,4,6
338856,338862,338867,5,6
338856,338862,338867,5,6
338856,338862,338867,5,6
338856,338862,338867,5,6
338856,338862,338867,5,6
338856,338863,338867,4,7
338856,338862,338866,4,6
338856,338862,338867,5,6
338856,338862,338867,5,6
338856,338862,338867,5,6
338856,338862,338867,5,6
338856,338862,338867,5,6
338856,338862,338867,5,6
338856,338862,338867,5,6
338856,338862,338867,5,6
338856,338862,338867,5,6
338856,338862,338867,5,6
338856,338862,338867,5,6
338856,338863,338867,4,7
338856,338863,338867,4,7
338856,338862,338867,5,6
338856,338862,338867,5,6
338856,338862,338867,5,6
338856,338862,338867,5,6
338856,338862,338867,5,6
338856,338862,338867,5,6
338856,338862,338867,5,6
338856,338862,338867,5,6
338856,338862,338867,5,6
338856,338862,338867,5,6
338856,338862,338867,5,6
338856,338862,338867,5,6
338856,338862,338867,5,6
338856,338862,338867,5,6
338856,338862,338867,5,6
338856,338862,338867,5,6
338856,338862,338867,5,6
338856,338862,338868,6,6
338856,338862,338867,5,6
338856,338862,338867,5,6
338856,338862,338868,6,6
338856,338862,338868,6,6
338856,338862,338868,6,6
338856,338863,338868,5,7
338856,338862,338867,5,6
338856,338862,338867,5,6
338856,338862,338868,6,6
338856,338863,338868,5,7
338856,338863,338868,5,7
338856,338863,338868,5,7
338856,338862,338867,5,6
338856,338862,338868,6,6
338856,338863,338868,5,7
338856,338863,338867,4,7
338856,338863,338867,4,7
338856,338863,338867,4,7
338856,338863,338867,4,7
338856,338863,338868,5,7
338856,338863,338867,4,7
338856,338863,338868,5,7
338856,338867,338869,2,11
338856,338867,338869,2,11
338856,338867,338869,2,11
338856,338862,338868,6,6
338856,338867,338869,2,11
338856,338867,338869,2,11
338856,338867,338869,2,11
338856,338862,338869,7,6
338856,338862,338869,7,6
338856,338863,338869,6,7
338856,338863,338869,6,7
338856,338863,338868,5,7
338856,338862,338869,7,6
338856,338863,338868,5,7
338856,338867,338870,3,11
338856,338867,338870,3,11
338856,338867,338869,2,11
338856,338867,338870,3,11
338856,338867,338869,2,11
338856,338867,338870,3,11
338856,338867,338870,3,11
338856,338867,338870,3,11
338856,338867,338870,3,11
338856,338867,338870,3,11
338856,338867,338870,3,11
338856,338867,338870,3,11
338856,338867,338869,2,11
338856,338867,338869,2,11
338856,338867,338870,3,11
338856,338867,338870,3,11
338856,338867,338870,3,11
338856,338867,338870,3,11
338856,338867,338870,3,11
338856,338867,338869,2,11
338856,338867,338870,3,11
338856,338867,338870,3,11
338856,338867,338870,3,11
338856,338867,338870,3,11
338856,338867,338870,3,11
338856,338867,338870,3,11
338856,338867,338870,3,11
338856,338867,338870,3,11
338856,338867,338870,3,11
338856,338867,338871,4,11
338856,338867,338871,4,11
338875,338875,338880,5,0
338875,338875,338880,5,0
338875,338875,338880,5,0
338875,338875,338880,5,0
338875,338875,338880,5,0
338875,338875,338880,5,0
338875,338875,338879,4,0
338875,338875,338880,5,0
338875,338875,338880,5,0
338875,338875,338880,5,0
338875,338875,338880,5,0
338875,338875,338879,4,0
338875,338875,338880,5,0
338875,338875,338880,5,0
338875,338875,338880,5,0
338875,338875,338880,5,0
338875,338875,338880,5,0
338875,338875,338880,5,0
338875,338875,338880,5,0
338875,338875,338880,5,0
338875,338875,338880,5,0
338875,338875,338880,5,0
338875,338875,338880,5,0
338875,338875,338880,5,0
338875,338875,338880,5,0
338875,338875,338880,5,0
338875,338875,338880,5,0
338875,338875,338880,5,0
338875,338875,338880,5,0
338875,338875,338880,5,0
338875,338875,338880,5,0
338875,338875,338880,5,0
338875,338875,338880,5,0
338875,338875,338880,5,0
338875,338875,338880,5,0
338875,338875,338880,5,0
338875,338875,338880,5,0
338875,338875,338880,5,0
338875,338875,338880,5,0
338875,338875,338880,5,0
338875,338875,338880,5,0
338875,338875,338880,5,0
338875,338875,338880,5,0
338875,338875,338880,5,0
338875,338875,338880,5,0
338875,338875,338880,5,0
338875,338875,338880,5,0
338875,338875,338880,5,0
338875,338875,338879,4,0
338875,338875,338880,5,0
338875,338875,338880,5,0
338875,338875,338880,5,0
338875,338875,338879,4,0
338875,338875,338880,5,0
338875,338875,338880,5,0
338875,338875,338880,5,0
338875,338875,338880,5,0
338875,338875,338881,6,0
338875,338875,338880,5,0
338875,338875,338881,6,0
338875,338875,338880,5,0
338875,338875,338881,6,0
338875,338875,338880,5,0
338875,338875,338881,6,0
338875,338875,338881,6,0
338875,338875,338881,6,0
338875,338875,338881,6,0
338875,338875,338881,6,0
338875,338875,338881,6,0
338875,338875,338881,6,0
338875,338876,338881,5,1
338875,338875,338881,6,0
338875,338875,338880,5,0
338875,338875,338881,6,0
338875,338875,338881,6,0
338875,338875,338881,6,0
338875,338875,338881,6,0
338875,338875,338881,6,0
338875,338875,338881,6,0
338875,338875,338881,6,0
338875,338880,338883,3,5
338875,338880,338885,5,5
338875,338880,338885,5,5
338875,338880,338885,5,5
338875,338880,338885,5,5
338875,338881,338885,4,6
338875,338881,338885,4,6
338875,338881,338885,4,6
338875,338880,338885,5,5
338875,338880,338885,5,5
338875,338880,338885,5,5
338875,338880,338885,5,5
338875,338881,338885,4,6
338875,338881,338885,4,6
338875,338881,338885,4,6
338875,338880,338885,5,5
338875,338880,338885,5,5
338875,338880,338885,5,5
338875,338881,338885,4,6
338875,338881,338886,5,6
338875,338881,338885,4,6
338875,338880,338885,5,5
338875,338880,338886,6,5
338875,338880,338886,6,5
338875,338880,338885,5,5
338875,338881,338885,4,6
338875,338881,338886,5,6
338875,338880,338885,5,5
338875,338880,338885,5,5
338875,338880,338885,5,5
338875,338881,338885,4,6
338875,338881,338885,4,6
338875,338882,338886,4,7
338875,338880,338885,5,5
338875,338880,338885,5,5
338875,338880,338885,5,5
338875,338880,338886,6,5
338875,338881,338886,5,6
338875,338880,338885,5,5
338875,338880,338885,5,5
338875,338880,338885,5,5
338875,338881,338885,4,6
338875,338881,338885,4,6
338875,338882,338886,4,7
338875,338880,338885,5,5
338875,338880,338886,6,5
338875,338880,338886,6,5
338875,338881,338886,5,6
338875,338880,338886,6,5
338875,338880,338886,6,5
338875,338880,338885,5,5
338875,338881,338886,5,6
338875,338882,338885,3,7
338875,338880,338885,5,5
338875,338880,338886,6,5
338875,338880,338885,5,5
338875,338881,338885,4,6
338875,338881,338886,5,6
338875,338881,338885,4,6
338875,338881,338886,5,6
338875,338881,338886,5,6
338875,338882,338886,4,7
338875,338882,338886,4,7
338875,338882,338886,4,7
338875,338882,338886,4,7
338875,338884,338886,2,9
338875,338882,338886,4,7
338875,338882,338886,4,7
338875,338882,338886,4,7
338875,338882,338886,4,7
338875,338882,338887,5,7
338875,338882,338886,4,7
338875,338882,338886,4,7
338875,338882,338887,5,7
338875,338882,338886,4,7
338875,338882,338886,4,7
338875,338882,338886,4,7
338875,338882,338886,4,7
338875,338882,338886,4,7
338875,338882,338886,4,7
338875,338882,338886,4,7
338875,338886,338887,1,11
338875,338886,338887,1,11
338875,338886,338888,2,11
338875,338886,338888,2,11
338875,338886,338888,2,11
338875,338886,338888,2,11
338875,338886,338888,2,11
338875,338886,338888,2,11
338875,338886,338888,2,11
338875,338886,338888,2,11
338875,338886,338888,2,11
338875,338886,338888,2,11
338875,338886,338889,3,11
338875,338886,338889,3,11
338875,338886,338888,2,11
338875,338886,338888,2,11
338875,338886,338889,3,11
338875,338886,338888,2,11
338875,338886,338888,2,11
338875,338886,338889,3,11
338875,338886,338888,2,11
338875,338886,338888,2,11
338875,338886,338889,3,11
338875,338886,338888,2,11
338875,338886,338888,2,11
338875,338886,338888,2,11
338875,338886,338888,2,11
338875,338886,338889,3,11
338875,338886,338889,3,11
338875,338886,338889,3,11
338875,338886,338889,3,11
338875,338886,338889,3,11
338875,338886,338889,3,11
338875,338886,338889,3,11
338875,338886,338889,3,11
338875,338886,338889,3,11
338875,338886,338890,4,11
338875,338886,338889,3,11
338875,338886,338889,3,11
338894,338894,338899,5,0
338894,338894,338899,5,0
338894,338894,338899,5,0
338894,338894,338899,5,0
338894,338894,338899,5,0
338894,338894,338899,5,0
338894,338894,338899,5,0
338894,338894,338898,4,0
338894,338894,338899,5,0
338894,338894,338899,5,0
338894,338894,338899,5,0
338894,338894,338899,5,0
338894,338894,338899,5,0
338894,338894,338899,5,0
338894,338894,338898,4,0
338894,338894,338899,5,0
338894,338894,338899,5,0
338894,338894,338899,5,0
338894,338894,338899,5,0
338894,338894,338899,5,0
338894,338894,338899,5,0
338894,338894,338899,5,0
338894,338894,338899,5,0
338894,338894,338899,5,0
338894,338894,338899,5,0
338894,338894,338899,5,0
338894,338894,338899,5,0
338894,338894,338899,5,0
338894,338894,338899,5,0
338894,338894,338899,5,0
338894,338894,338899,5,0
338894,338894,338899,5,0
338894,338894,338899,5,0
338894,338894,338898,4,0
338894,338894,338899,5,0
338894,338894,338899,5,0
338894,338894,338898,4,0
338894,338894,338899,5,0
338894,338894,338899,5,0
338894,338894,338899,5,0
338894,338894,338899,5,0
338894,338894,338899,5,0
338894,338894,338899,5,0
338894,338894,338899,5,0
338894,338894,338899,5,0
338894,338894,338899,5,0
338894,338894,338899,5,0
338894,338894,338899,5,0
338894,338894,338899,5,0
338894,338894,338899,5,0
338894,338894,338899,5,0
338894,338894,338899,5,0
338894,338894,338900,6,0
338894,338894,338899,5,0
338894,338894,338899,5,0
338894,338894,338899,5,0
338894,338894,338900,6,0
338894,338894,338899,5,0
338894,338894,338900,6,0
338894,338894,338900,6,0
338894,338894,338899,5,0
338894,338894,338900,6,0
338894,338894,338900,6,0
338894,338894,338900,6,0
338894,338894,338900,6,0
338894,338894,338899,5,0
338894,338894,338900,6,0
338894,338894,338899,5,0
338894,338894,338900,6,0
338894,338894,338900,6,0
338894,338894,338899,5,0
338894,338894,338900,6,0
338894,338894,338899,5,0
338894,338894,338899,5,0
338894,338894,338899,5,0
338894,338894,338899,5,0
338894,338894,338899,5,0
338894,338894,338899,5,0
338894,338894,338899,5,0
338894,338899,338902,3,5
338894,338894,338904,10,0
338894,338899,338904,5,5
338894,338899,338904,5,5
338894,338899,338904,5,5
338894,338899,338904,5,5
338894,338899,338904,5,5
338894,338899,338904,5,5
338894,338900,338905,5,6
338894,338899,338905,6,5
338894,338899,338904,5,5
338894,338899,338905,6,5
338894,338899,338905,6,5
338894,338899,338905,6,5
338894,338899,338905,6,5
338894,338899,338905,6,5
338894,338899,338905,6,5
338894,338899,338905,6,5
338894,338899,338905,6,5
338894,338899,338904,5,5
338894,338899,338905,6,5
338894,338899,338905,6,5
338894,338899,338905,6,5
338894,338899,338905,6,5
338894,338899,338905,6,5
338894,338899,338905,6,5
338894,338899,338905,6,5
338894,338899,338905,6,5
338894,338899,338905,6,5
338894,338899,338905,6,5
338894,338900,338905,5,6
338894,338900,338905,5,6
338894,338899,338905,6,5
338894,338899,338905,6,5
338894,338899,338905,6,5
338894,338899,338905,6,5
338894,338899,338905,6,5
338894,338900,338905,5,6
338894,338901,338905,4,7
338894,338901,338905,4,7
338894,338900,338906,6,6
338894,338899,338905,6,5
338894,338899,338905,6,5
338894,338899,338905,6,5
338894,338900,338905,5,6
338894,338899,338905,6,5
338894,338899,338905,6,5
338894,338899,338905,6,5
338894,338899,338905,6,5
338894,338899,338905,6,5
338894,338900,338905,5,6
338894,338901,338905,4,7
338894,338901,338905,4,7
338894,338900,338906,6,6
338894,338899,338905,6,5
338894,338900,338905,5,6
338894,338900,338905,5,6
338894,338899,338905,6,5
338894,338899,338905,6,5
338894,338899,338905,6,5
338894,338900,338905,5,6
338894,338899,338905,6,5
338894,338899,338905,6,5
338894,338899,338905,6,5
338894,338899,338905,6,5
338894,338900,338905,5,6
338894,338900,338905,5,6
338894,338899,338905,6,5
338894,338899,338905,6,5
338894,338900,338905,5,6
338894,338901,338905,4,7
338894,338901,338905,4,7
338894,338901,338905,4,7
338894,338903,338906,3,9
338894,338900,338906,6,6
338894,338905,338906,1,11
338894,338905,338907,2,11
338894,338905,338906,1,11
338894,338905,338907,2,11
338894,338900,338906,6,6
338894,338901,338906,5,7
338894,338900,338906,6,6
338894,338900,338906,6,6
338894,338901,338906,5,7
338894,338901,338906,5,7
338894,338905,338908,3,11
338894,338905,338908,3,11
338894,338905,338907,2,11
338894,338906,338908,2,12
338894,338905,338907,2,11
338894,338905,338907,2,11
338894,338905,338908,3,11
338894,338906,338908,2,12
338894,338906,338908,2,12
338894,338906,338908,2,12
338894,338906,338908,2,12
338894,338906,338908,2,12
338894,338906,338908,2,12
338894,338906,338908,2,12
338894,338906,338908,2,12
338894,338906,338908,2,12
338894,338906,338909,3,12
338894,338906,338908,2,12
338894,338906,338909,3,12
338894,338906,338909,3,12
338894,338906,338909,3,12
338894,338906,338908,2,12
338894,338906,338908,2,12
338894,338906,338909,3,12
338894,338906,338909,3,12
338894,338906,338908,2,12
338894,338906,338908,2,12
338894,338906,338909,3,12
338894,338906,338908,2,12
338894,338906,338908,2,12
338894,338906,338909,3,12
338894,338906,338909,3,12
338894,338906,338909,3,12
338894,338906,338909,3,12
338894,338906,338909,3,12
338894,338906,338909,3,12
338913,338913,338918,5,0
338913,338913,338917,4,0
338913,338913,338917,4,0
338913,338913,338918,5,0
338913,338913,338918,5,0
338913,338913,338918,5,0
338913,338913,338918,5,0
338913,338913,338918,5,0
338913,338913,338918,5,0
338913,338913,338918,5,0
338913,338913,338918,5,0
338913,338913,338918,5,0
338913,338913,338918,5,0
338913,338914,338917,3,1
338913,338913,338918,5,0
338913,338913,338918,5,0
338913,338913,338917,4,0
338913,338914,338917,3,1
338913,338914,338918,4,1
338913,338913,338918,5,0
338913,338913,338918,5,0
338913,338913,338918,5,0
338913,338913,338918,5,0
338913,338913,338918,5,0
338913,338913,338918,5,0
338913,338913,338918,5,0
338913,338913,338918,5,0
338913,338914,338918,4,1
338913,338914,338918,4,1
338913,338914,338918,4,1
338913,338913,338918,5,0
338913,338913,338918,5,0
338913,338913,338918,5,0
338913,338914,338918,4,1
338913,338914,338918,4,1
338913,338914,338918,4,1
338913,338914,338918,4,1
338913,338913,338918,5,0
338913,338913,338918,5,0
338913,338913,338918,5,0
338913,338914,338918,4,1
338913,338914,338918,4,1
338913,338914,338919,5,1
338913,338914,338918,4,1
338913,338913,338918,5,0
338913,338913,338918,5,0
338913,338913,338918,5,0
338913,338914,338918,4,1
338913,338914,338918,4,1
338913,338913,338918,5,0
338913,338913,338918,5,0
338913,338914,338918,4,1
338913,338914,338919,5,1
338913,338914,338918,4,1
338913,338914,338918,4,1
338913,338914,338918,4,1
338913,338914,338918,4,1
338913,338914,338918,4,1
338913,338913,338918,5,0
338913,338914,338918,4,1
338913,338914,338918,4,1
338913,338914,338918,4,1
338913,338914,338918,4,1
338913,338914,338919,5,1
338913,338914,338918,4,1
338913,338914,338919,5,1
338913,338914,338919,5,1
338913,338914,338919,5,1
338913,338914,338919,5,1
338913,338914,338919,5,1
338913,338914,338919,5,1
338913,338918,338919,1,5
338913,338914,338919,5,1
338913,338914,338919,5,1
338913,338914,338919,5,1
338913,338914,338920,6,1
338913,338918,338919,1,5
338913,338918,338920,2,5
338913,338914,338919,5,1
338913,338914,338919,5,1
338913,338918,338920,2,5
338913,338914,338920,6,1
338913,338914,338919,5,1
338913,338914,338919,5,1
338913,338918,338920,2,5
338913,338919,338921,2,6
338913,338918,338921,3,5
338913,338918,338921,3,5
338913,338918,338921,3,5
338913,338918,338921,3,5
338913,338918,338922,4,5
338913,338918,338921,3,5
338913,338918,338922,4,5
338913,338918,338921,3,5
338913,338918,338922,4,5
338913,338918,338922,4,5
338913,338919,338922,3,6
338913,338918,338922,4,5
338913,338918,338922,4,5
338913,338918,338922,4,5
338913,338918,338922,4,5
338913,338919,338923,4,6
338913,338919,338923,4,6
338913,338919,338922,3,6
338913,338919,338922,3,6
338913,338919,338923,4,6
338913,338919,338922,3,6
338913,338919,338923,4,6
338913,338919,338923,4,6
338913,338919,338923,4,6
338913,338919,338922,3,6
338913,338919,338923,4,6
338913,338919,338922,3,6
338913,338919,338923,4,6
338913,338919,338923,4,6
338913,338919,338923,4,6
338913,338919,338923,4,6
338913,338919,338923,4,6
338913,338919,338923,4,6
338913,338919,338923,4,6
338913,338919,338923,4,6
338913,338919,338923,4,6
338913,338919,338922,3,6
338913,338919,338923,4,6
338913,338920,338923,3,7
338913,338919,338923,4,6
338913,338919,338923,4,6
338913,338919,338923,4,6
338913,338919,338923,4,6
338913,338919,338923,4,6
338913,338919,338923,4,6
338913,338919,338923,4,6
338913,338919,338923,4,6
338913,338919,338923,4,6
338913,338919,338923,4,6
338913,338919,338923,4,6
338913,338919,338923,4,6
338913,338920,338923,3,7
338913,338920,338923,3,7
338913,338919,338923,4,6
338913,338919,338923,4,6
338913,338919,338923,4,6
338913,338919,338923,4,6
338913,338919,338924,5,6
338913,338919,338923,4,6
338913,338919,338923,4,6
338913,338919,338923,4,6
338913,338920,338924,4,7
338913,338920,338923,3,7
338913,338920,338923,3,7
338913,338920,338923,3,7
338913,338920,338923,3,7
338913,338920,338924,4,7
338913,338920,338924,4,7
338913,338919,338923,4,6
338913,338919,338923,4,6
338913,338920,338924,4,7
338913,338920,338924,4,7
338913,338920,338924,4,7
338913,338920,338924,4,7
338913,338922,338924,2,9
338913,338920,338924,4,7
338913,338920,338924,4,7
338913,338922,338925,3,9
338913,338923,338924,1,10
338913,338923,338924,1,10
338913,338923,338925,2,10
338913,338922,338925,3,9
338913,338922,338925,3,9
338913,338922,338924,2,9
338913,338920,338924,4,7
338913,338923,338925,2,10
338913,338920,338924,4,7
338913,338923,338925,2,10
338913,338923,338925,2,10
338913,338921,338925,4,8
338913,338923,338925,2,10
338913,338920,338924,4,7
338913,338922,338925,3,9
338913,338922,338925,3,9
338913,338922,338925,3,9
338913,338921,338925,4,8
338913,338921,338925,4,8
338913,338923,338925,2,10
338913,338921,338925,4,8
338913,338923,338926,3,10
338913,338923,338925,2,10
338913,338923,338925,2,10
338913,338923,338926,3,10
338913,338923,338926,3,10
338913,338923,338926,3,10
338913,338923,338926,3,10
338913,338923,338926,3,10
338913,338923,338925,2,10
338913,338923,338926,3,10
338913,338923,338926,3,10
338913,338923,338926,3,10
338913,338923,338926,3,10
338913,338923,338926,3,10
338913,338923,338926,3,10
338930,338930,338934,4,0
338930,338930,338934,4,0
338930,338930,338935,5,0
338930,338930,338935,5,0
338930,338930,338935,5,0
338930,338930,338935,5,0
338930,338930,338935,5,0
338930,338930,338934,4,0
338930,338930,338934,4,0
338930,338930,338934,4,0
338930,338930,338934,4,0
338930,338930,338934,4,0
338930,338930,338935,5,0
338930,338930,338934,4,0
338930,338930,338934,4,0
338930,338930,338934,4,0
338930,338930,338934,4,0
338930,338930,338934,4,0
338930,338930,338934,4,0
338930,338930,338935,5,0
338930,338930,338934,4,0
338930,338930,338934,4,0
338930,338930,338934,4,0
338930,338930,338934,4,0
338930,338930,338934,4,0
338930,338930,338935,5,0
338930,338930,338935,5,0
338930,338930,338934,4,0
338930,338930,338934,4,0
338930,338930,338934,4,0
338930,338930,338934,4,0
338930,338930,338934,4,0
338930,338930,338934,4,0
338930,338930,338934,4,0
338930,338930,338934,4,0
338930,338930,338934,4,0
338930,338930,338934,4,0
338930,338930,338934,4,0
338930,338930,338934,4,0
338930,338930,338935,5,0
338930,338930,338935,5,0
338930,338930,338935,5,0
338930,338930,338935,5,0
338930,338930,338934,4,0
338930,338930,338934,4,0
338930,338930,338934,4,0
338930,338930,338934,4,0
338930,338930,338935,5,0
338930,338930,338935,5,0
338930,338930,338935,5,0
338930,338930,338934,4,0
338930,338930,338934,4,0
338930,338930,338934,4,0
338930,338930,338934,4,0
338930,338930,338934,4,0
338930,338930,338934,4,0
338930,338930,338935,5,0
338930,338930,338935,5,0
338930,338930,338934,4,0
338930,338930,338934,4,0
338930,338930,338934,4,0
338930,338930,338934,4,0
338930,338930,338934,4,0
338930,338930,338935,5,0
338930,338930,338934,4,0
338930,338930,338934,4,0
338930,338930,338934,4,0
338930,338930,338934,4,0
338930,338930,338934,4,0
338930,338930,338935,5,0
338930,338930,338935,5,0
338930,338930,338935,5,0
338930,338930,338935,5,0
338930,338930,338935,5,0
338930,338930,338935,5,0
338930,338934,338936,2,4
338930,338930,338935,5,0
338930,338934,338936,2,4
338930,338930,338935,5,0
338930,338930,338935,5,0
338930,338930,338935,5,0
338930,338930,338935,5,0
338930,338935,338939,4,5
338930,338935,338940,5,5
338930,338935,338940,5,5
338930,338935,338940,5,5
338930,338935,338940,5,5
338930,338935,338940,5,5
338930,338935,338940,5,5
338930,338936,338940,4,6
338930,338935,338940,5,5
338930,338935,338941,6,5
338930,338935,338941,6,5
338930,338935,338941,6,5
338930,338935,338940,5,5
338930,338935,338940,5,5
338930,338935,338940,5,5
338930,338936,338940,4,6
338930,338936,338940,4,6
338930,338936,338940,4,6
338930,338936,338940,4,6
338930,338935,338940,5,5
338930,338935,338940,5,5
338930,338935,338940,5,5
338930,338935,338940,5,5
338930,338935,338941,6,5
338930,338935,338940,5,5
338930,338936,338940,4,6
338930,338935,338940,5,5
338930,338935,338940,5,5
338930,338935,338940,5,5
338930,338935,338940,5,5
338930,338935,338940,5,5
338930,338935,338940,5,5
338930,338936,338940,4,6
338930,338935,338940,5,5
338930,338935,338940,5,5
338930,338935,338941,6,5
338930,338935,338940,5,5
338930,338935,338940,5,5
338930,338935,338940,5,5
338930,338935,338940,5,5
338930,338935,338940,5,5
338930,338935,338940,5,5
338930,338935,338940,5,5
338930,338935,338940,5,5
338930,338936,338940,4,6
338930,338935,338940,5,5
338930,338935,338940,5,5
338930,338935,338940,5,5
338930,338935,338940,5,5
338930,338935,338940,5,5
338930,338935,338940,5,5
338930,338935,338940,5,5
338930,338935,338940,5,5
338930,338935,338940,5,5
338930,338935,338940,5,5
338930,338935,338941,6,5
338930,338935,338941,6,5
338930,338935,338940,5,5
338930,338935,338941,6,5
338930,338936,338941,5,6
338930,338936,338941,5,6
338930,338936,338940,4,6
338930,338935,338941,6,5
338930,338935,338941,6,5
338930,338936,338941,5,6
338930,338936,338941,5,6
338930,338936,338941,5,6
338930,338936,338941,5,6
338930,338937,338941,4,7
338930,338937,338941,4,7
338930,338937,338941,4,7
338930,338937,338941,4,7
338930,338937,338941,4,7
338930,338937,338941,4,7
338930,338940,338941,1,10
338930,338936,338941,5,6
338930,338937,338941,4,7
338930,338937,338941,4,7
338930,338937,338941,4,7
338930,338937,338941,4,7
338930,338937,338941,4,7
338930,338941,338942,1,11
338930,338941,338943,2,11
338930,338941,338943,2,11
338930,338941,338943,2,11
338930,338941,338942,1,11
338930,338941,338943,2,11
338930,338941,338943,2,11
338930,338941,338943,2,11
338930,338941,338944,3,11
338930,338941,338943,2,11
338930,338941,338943,2,11
338930,338941,338943,2,11
338930,338941,338943,2,11
338930,338941,338943,2,11
338930,338941,338943,2,11
338930,338941,338943,2,11
338930,338941,338943,2,11
338930,338941,338943,2,11
338930,338941,338943,2,11
338930,338941,338944,3,11
338930,338941,338944,3,11
338930,338941,338944,3,11
338930,338941,338944,3,11
338930,338941,338944,3,11
338930,338941,338943,2,11
338930,338941,338944,3,11
338930,338941,338943,2,11
338930,338941,338944,3,11
338930,338941,338944,3,11
338930,338941,338944,3,11
338930,338941,338943,2,11
338930,338941,338944,3,11
338930,338941,338944,3,11
338930,338941,338943,2,11
338930,338941,338944,3,11
338930,338941,338944,3,11
338930,338941,338944,3,11
338947,338947,338952,5,0
338947,338947,338952,5,0
338947,338947,338952,5,0
338947,338947,338952,5,0
338947,338947,338952,5,0
338947,338948,338952,4,1
338947,338947,338952,5,0
338947,338947,338952,5,0
338947,338947,338952,5,0
338947,338947,338952,5,0
338947,338947,338952,5,0
338947,338947,338952,5,0
338947,338948,338952,4,1
338947,338948,338952,4,1
338947,338947,338952,5,0
338947,338947,338952,5,0
338947,338947,338952,5,0
338947,338947,338952,5,0
338947,338947,338952,5,0
338947,338948,338952,4,1
338947,338947,338952,5,0
338947,338947,338952,5,0
338947,338947,338952,5,0
338947,338947,338952,5,0
338947,338947,338952,5,0
338947,338947,338952,5,0
338947,338947,338952,5,0
338947,338947,338952,5,0
338947,338947,338952,5,0
338947,338948,338952,4,1
338947,338948,338952,4,1
338947,338947,338952,5,0
338947,338947,338952,5,0
338947,338947,338952,5,0
338947,338947,338952,5,0
338947,338948,338952,4,1
338947,338947,338952,5,0
338947,338947,338952,5,0
338947,338947,338952,5,0
338947,338947,338952,5,0
338947,338948,338952,4,1
338947,338947,338952,5,0
338947,338947,338952,5,0
338947,338947,338952,5,0
338947,338947,338952,5,0
338947,338948,338952,4,1
338947,338948,338952,4,1
338947,338948,338952,4,1
338947,338947,338952,5,0
338947,338947,338952,5,0
338947,338947,338952,5,0
338947,338947,338952,5,0
338947,338947,338952,5,0
338947,338948,338952,4,1
338947,338948,338952,4,1
338947,338948,338953,5,1
338947,338947,338952,5,0
338947,338947,338952,5,0
338947,338947,338952,5,0
338947,338947,338952,5,0
338947,338948,338952,4,1
338947,338948,338952,4,1
338947,338948,338952,4,1
338947,338948,338953,5,1
338947,338948,338953,5,1
338947,338948,338953,5,1
338947,338948,338953,5,1
338947,338948,338953,5,1
338947,338948,338953,5,1
338947,338948,338953,5,1
338947,338948,338953,5,1
338947,338948,338953,5,1
338947,338948,338953,5,1
338947,338948,338953,5,1
338947,338948,338953,5,1
338947,338948,338953,5,1
338947,338948,338953,5,1
338947,338948,338953,5,1
338947,338948,338953,5,1
338947,338948,338953,5,1
338947,338953,338957,4,6
338947,338953,338957,4,6
338947,338953,338957,4,6
338947,338953,338957,4,6
338947,338953,338957,4,6
338947,338953,338957,4,6
338947,338953,338957,4,6
338947,338953,338957,4,6
338947,338953,338957,4,6
338947,338953,338957,4,6
338947,338953,338957,4,6
338947,338953,338957,4,6
338947,338953,338957,4,6
338947,338953,338957,4,6
338947,338953,338957,4,6
338947,338953,338957,4,6
338947,338953,338957,4,6
338947,338953,338957,4,6
338947,338953,338957,4,6
338947,338953,338957,4,6
338947,338953,338957,4,6
338947,338953,338957,4,6
338947,338953,338957,4,6
338947,338953,338957,4,6
338947,338953,338958,5,6
338947,338954,338957,3,7
338947,338953,338957,4,6
338947,338953,338957,4,6
338947,338953,338957,4,6
338947,338953,338957,4,6
338947,338953,338957,4,6
338947,338953,338957,4,6
338947,338954,338958,4,7
338947,338953,338957,4,6
338947,338953,338957,4,6
338947,338953,338957,4,6
338947,338953,338957,4,6
338947,338954,338958,4,7
338947,338953,338957,4,6
338947,338953,338957,4,6
338947,338953,338957,4,6
338947,338953,338957,4,6
338947,338953,338958,5,6
338947,338953,338958,5,6
338947,338953,338957,4,6
338947,338953,338957,4,6
338947,338953,338957,4,6
338947,338953,338957,4,6
338947,338953,338957,4,6
338947,338953,338958,5,6
338947,338954,338958,4,7
338947,338953,338957,4,6
338947,338953,338957,4,6
338947,338953,338957,4,6
338947,338953,338957,4,6
338947,338953,338957,4,6
338947,338953,338957,4,6
338947,338953,338957,4,6
338947,338953,338957,4,6
338947,338953,338958,5,6
338947,338953,338958,5,6
338947,338953,338958,5,6
338947,338953,338957,4,6
338947,338953,338957,4,6
338947,338953,338957,4,6
338947,338954,338958,4,7
338947,338954,338958,4,7
338947,338953,338958,5,6
338947,338954,338958,4,7
338947,338954,338958,4,7
338947,338957,338959,2,10
338947,338954,338958,4,7
338947,338954,338959,5,7
338947,338954,338958,4,7
338947,338957,338959,2,10
338947,338957,338959,2,10
338947,338954,338958,4,7
338947,338954,338958,4,7
338947,338957,338959,2,10
338947,338957,338959,2,10
338947,338954,338958,4,7
338947,338957,338958,1,10
338947,338957,338959,2,10
338947,338953,338958,5,6
338947,338954,338959,5,7
338947,338954,338958,4,7
338947,338954,338958,4,7
338947,338958,338960,2,11
338947,338958,338960,2,11
338947,338958,338960,2,11
338947,338958,338960,2,11
338947,338958,338960,2,11
338947,338958,338960,2,11
338947,338958,338960,2,11
338947,338958,338960,2,11
338947,338958,338961,3,11
338947,338958,338961,3,11
338947,338958,338961,3,11
338947,338958,338961,3,11
338947,338958,338960,2,11
338947,338958,338960,2,11
338947,338958,338961,3,11
338947,338958,338960,2,11
338947,338958,338960,2,11
338947,338958,338961,3,11
338947,338958,338960,2,11
338947,338958,338961,3,11
338947,338958,338960,2,11
338947,338958,338960,2,11
338947,338958,338961,3,11
338947,338958,338961,3,11
338947,338958,338961,3,11
338947,338958,338961,3,11
338947,338958,338961,3,11
338947,338958,338961,3,11
338947,338958,338961,3,11
338947,338958,338961,3,11
338947,338958,338961,3,11
338947,338958,338961,3,11
338947,338958,338961,3,11
338966,338966,338971,5,0
338966,338966,338971,5,0
338966,338966,338971,5,0
338966,338966,338971,5,0
338966,338966,338970,4,0
338966,338966,338971,5,0
338966,338966,338970,4,0
338966,338966,338970,4,0
338966,338966,338970,4,0
338966,338966,338970,4,0
338966,338966,338971,5,0
338966,338966,338970,4,0
338966,338966,338970,4,0
338966,338966,338970,4,0
338966,338966,338970,4,0
338966,338966,338970,4,0
338966,338966,338971,5,0
338966,338966,338970,4,0
338966,338966,338970,4,0
338966,338966,338970,4,0
338966,338966,338970,4,0
338966,338966,338970,4,0
338966,338966,338970,4,0
338966,338966,338970,4,0
338966,338966,338971,5,0
338966,338966,338970,4,0
338966,338966,338970,4,0
338966,338966,338970,4,0
338966,338966,338970,4,0
338966,338966,338970,4,0
338966,338966,338970,4,0
338966,338966,338970,4,0
338966,338966,338970,4,0
338966,338966,338970,4,0
338966,338966,338970,4,0
338966,338966,338970,4,0
338966,338966,338971,5,0
338966,338966,338971,5,0
338966,338966,338971,5,0
338966,338966,338970,4,0
338966,338966,338970,4,0
338966,338966,338970,4,0
338966,338966,338970,4,0
338966,338966,338971,5,0
338966,338966,338971,5,0
338966,338966,338971,5,0
338966,338966,338970,4,0
338966,338966,338970,4,0
338966,338966,338970,4,0
338966,338966,338970,4,0
338966,338966,338970,4,0
338966,338966,338970,4,0
338966,338966,338970,4,0
338966,338966,338970,4,0
338966,338966,338970,4,0
338966,338966,338970,4,0
338966,338966,338970,4,0
338966,338966,338971,5,0
338966,338966,338971,5,0
338966,338966,338971,5,0
338966,338966,338972,6,0
338966,338966,338972,6,0
338966,338966,338971,5,0
338966,338966,338971,5,0
338966,338966,338971,5,0
338966,338966,338972,6,0
338966,338966,338972,6,0
338966,338966,338971,5,0
338966,338966,338971,5,0
338966,338966,338972,6,0
338966,338966,338971,5,0
338966,338966,338971,5,0
338966,338966,338971,5,0
338966,338966,338972,6,0
338966,338966,338972,6,0
338966,338966,338971,5,0
338966,338966,338971,5,0
338966,338966,338971,5,0
338966,338966,338973,7,0
338966,338966,338973,7,0
338966,338971,338976,5,5
338966,338971,338976,5,5
338966,338971,338976,5,5
338966,338971,338976,5,5
338966,338971,338976,5,5
338966,338971,338976,5,5
338966,338971,338976,5,5
338966,338971,338976,5,5
338966,338971,338976,5,5
338966,338971,338976,5,5
338966,338971,338976,5,5
338966,338971,338976,5,5
338966,338971,338976,5,5
338966,338971,338976,5,5
338966,338971,338976,5,5
338966,338971,338976,5,5
338966,338971,338976,5,5
338966,338971,338976,5,5
338966,338971,338976,5,5
338966,338971,338976,5,5
338966,338971,338976,5,5
338966,338971,338976,5,5
338966,338971,338976,5,5
338966,338971,338976,5,5
338966,338971,338976,5,5
338966,338971,338976,5,5
338966,338971,338976,5,5
338966,338971,338976,5,5
338966,338971,338976,5,5
338966,338971,338976,5,5
338966,338971,338976,5,5
338966,338971,338976,5,5
338966,338971,338976,5,5
338966,338971,338976,5,5
338966,338971,338977,6,5
338966,338971,338976,5,5
338966,338971,338976,5,5
338966,338971,338976,5,5
338966,338971,338976,5,5
338966,338971,338976,5,5
338966,338971,338976,5,5
338966,338971,338976,5,5
338966,338971,338976,5,5
338966,338971,338976,5,5
338966,338971,338976,5,5
338966,338971,338976,5,5
338966,338971,338976,5,5
338966,338971,338976,5,5
338966,338971,338976,5,5
338966,338971,338976,5,5
338966,338971,338976,5,5
338966,338971,338976,5,5
338966,338971,338976,5,5
338966,338971,338976,5,5
338966,338971,338976,5,5
338966,338972,338976,4,6
338966,338972,338976,4,6
338966,338971,338977,6,5
338966,338973,338977,4,7
338966,338972,338978,6,6
338966,338972,338977,5,6
338966,338972,338978,6,6
338966,338973,338977,4,7
338966,338973,338978,5,7
338966,338973,338977,4,7
338966,338972,338977,5,6
338966,338973,338977,4,7
338966,338973,338977,4,7
338966,338972,338977,5,6
338966,338973,338978,5,7
338966,338973,338977,4,7
338966,338974,338977,3,8
338966,338972,338977,5,6
338966,338972,338977,5,6
338966,338973,338978,5,7
338966,338973,338977,4,7
338966,338974,338978,4,8
338966,338973,338979,6,7
338966,338971,338978,7,5
338966,338972,338978,6,6
338966,338977,338979,2,11
338966,338977,338979,2,11
338966,338977,338979,2,11
338966,338977,338980,3,11
338966,338977,338979,2,11
338966,338977,338979,2,11
338966,338977,338979,2,11
338966,338977,338979,2,11
338966,338977,338979,2,11
338966,338977,338980,3,11
338966,338977,338979,2,11
338966,338977,338979,2,11
338966,338977,338979,2,11
338966,338977,338980,3,11
338966,338977,338979,2,11
338966,338977,338979,2,11
338966,338977,338979,2,11
338966,338977,338980,3,11
338966,338977,338980,3,11
338966,338977,338980,3,11
338966,338977,338980,3,11
338966,338977,338980,3,11
338966,338977,338981,4,11
338966,338977,338980,3,11
338966,338977,338981,4,11
338966,338977,338980,3,11
338966,338977,338980,3,11
338966,338977,338980,3,11
338966,338977,338980,3,11
338966,338977,338980,3,11
338966,338977,338980,3,11
338966,338977,338980,3,11
338966,338977,338980,3,11
338966,338977,338980,3,11
338966,338977,338981,4,11
338966,338977,338981,4,11
338966,338977,338981,4,11
338966,338977,338981,4,11
338966,338977,338980,3,11
338966,338977,338980,3,11
338984,338984,338989,5,0
338984,338984,338989,5,0
338984,338985,338989,4,1
338984,338984,338989,5,0
338984,338984,338989,5,0
338984,338985,338989,4,1
338984,338984,338990,6,0
338984,338984,338990,6,0
338984,338984,338989,5,0
338984,338984,338989,5,0
338984,338985,338989,4,1
338984,338985,338989,4,1
338984,338985,338989,4,1
338984,338985,338989,4,1
338984,338985,338989,4,1
338984,338985,338989,4,1
338984,338984,338989,5,0
338984,338984,338989,5,0
338984,338985,338989,4,1
338984,338985,338989,4,1
338984,338985,338989,4,1
338984,338985,338989,4,1
338984,338985,338989,4,1
338984,338985,338989,4,1
338984,338984,338989,5,0
338984,338984,338989,5,0
338984,338985,338989,4,1
338984,338985,338989,4,1
338984,338985,338989,4,1
338984,338985,338989,4,1
338984,338985,338989,4,1
338984,338985,338989,4,1
338984,338984,338989,5,0
338984,338984,338989,5,0
338984,338984,338989,5,0
338984,338985,338989,4,1
338984,338985,338989,4,1
338984,338984,338989,5,0
338984,338984,338989,5,0
338984,338985,338989,4,1
338984,338984,338989,5,0
338984,338984,338989,5,0
338984,338985,338989,4,1
338984,338985,338989,4,1
338984,338985,338989,4,1
338984,338985,338989,4,1
338984,338985,338989,4,1
338984,338985,338989,4,1
338984,338984,338989,5,0
338984,338984,338989,5,0
338984,338984,338989,5,0
338984,338985,338989,4,1
338984,338985,338989,4,1
338984,338985,338989,4,1
338984,338985,338989,4,1
338984,338985,338991,6,1
338984,338985,338991,6,1
338984,338985,338991,6,1
338984,338985,338991,6,1
338984,338985,338991,6,1
338984,338985,338991,6,1
338984,338985,338990,5,1
338984,338985,338990,5,1
338984,338985,338991,6,1
338984,338985,338990,5,1
338984,338985,338990,5,1
338984,338985,338990,5,1
338984,338985,338990,5,1
338984,338985,338991,6,1
338984,338985,338990,5,1
338984,338985,338990,5,1
338984,338985,338990,5,1
338984,338985,338990,5,1
338984,338985,338990,5,1
338984,338985,338990,5,1
338984,338985,338990,5,1
338984,338985,338991,6,1
338984,338985,338990,5,1
338984,338985,338991,6,1
338984,338985,338991,6,1
338984,338990,338992,2,6
338984,338990,338993,3,6
338984,338990,338994,4,6
338984,338990,338994,4,6
338984,338990,338994,4,6
338984,338990,338994,4,6
338984,338990,338994,4,6
338984,338990,338994,4,6
338984,338990,338994,4,6
338984,338990,338994,4,6
338984,338990,338994,4,6
338984,338990,338994,4,6
338984,338990,338994,4,6
338984,338990,338994,4,6
338984,338990,338994,4,6
338984,338990,338994,4,6
338984,338990,338995,5,6
338984,338990,338995,5,6
338984,338990,338994,4,6
338984,338990,338995,5,6
338984,338991,338995,4,7
338984,338990,338994,4,6
338984,338990,338994,4,6
338984,338990,338994,4,6
338984,338990,338994,4,6
338984,338990,338994,4,6
338984,338990,338994,4,6
338984,338990,338995,5,6
338984,338990,338994,4,6
338984,338990,338995,5,6
338984,338990,338995,5,6
338984,338990,338994,4,6
338984,338990,338994,4,6
338984,338990,338995,5,6
338984,338990,338994,4,6
338984,338990,338994,4,6
338984,338990,338994,4,6
338984,338990,338995,5,6
338984,338990,338994,4,6
338984,338990,338994,4,6
338984,338990,338994,4,6
338984,338990,338995,5,6
338984,338991,338995,4,7
338984,338991,338995,4,7
338984,338991,338995,4,7
338984,338990,338995,5,6
338984,338990,338995,5,6
338984,338991,338995,4,7
338984,338991,338995,4,7
338984,338990,338994,4,6
338984,338990,338994,4,6
338984,338990,338994,4,6
338984,338991,338995,4,7
338984,338991,338995,4,7
338984,338991,338995,4,7
338984,338990,338994,4,6
338984,338990,338994,4,6
338984,338990,338994,4,6
338984,338991,338995,4,7
338984,338991,338995,4,7
338984,338991,338995,4,7
338984,338990,338994,4,6
338984,338990,338994,4,6
338984,338990,338994,4,6
338984,338990,338994,4,6
338984,338990,338995,5,6
338984,338990,338994,4,6
338984,338991,338995,4,7
338984,338994,338996,2,10
338984,338991,338995,4,7
338984,338991,338996,5,7
338984,338991,338995,4,7
338984,338991,338996,5,7
338984,338992,338995,3,8
338984,338992,338995,3,8
338984,338991,338996,5,7
338984,338991,338996,5,7
338984,338991,338996,5,7
338984,338994,338996,2,10
338984,338994,338996,2,10
338984,338994,338996,2,10
338984,338991,338995,4,7
338984,338991,338995,4,7
338984,338991,338995,4,7
338984,338993,338996,3,9
338984,338995,338997,2,11
338984,338995,338997,2,11
338984,338995,338997,2,11
338984,338994,338996,2,10
338984,338995,338997,2,11
338984,338995,338997,2,11
338984,338994,338996,2,10
338984,338994,338997,3,10
338984,338994,338997,3,10
338984,338995,338997,2,11
338984,338995,338997,2,11
338984,338994,338997,3,10
338984,338995,338998,3,11
338984,338995,338998,3,11
338984,338995,338998,3,11
338984,338995,338998,3,11
338984,338995,338998,3,11
338984,338995,338998,3,11
338984,338995,338998,3,11
338984,338995,338998,3,11
338984,338995,338998,3,11
338984,338995,338998,3,11
338984,338995,338998,3,11
338984,338995,338998,3,11
338984,338995,338998,3,11
338984,338995,338998,3,11
338984,338995,338998,3,11
338984,338995,338998,3,11
338984,338995,338998,3,11
338984,338995,338998,3,11
338984,338995,338998,3,11
338984,338995,338998,3,11
338984,338995,338998,3,11
338984,338995,338998,3,11
338984,338995,338998,3,11
339002,339002,339006,4,0
339002,339002,339006,4,0
339002,339002,339006,4,0
339002,339002,339006,4,0
339002,339002,339007,5,0
339002,339002,339007,5,0
339002,339002,339007,5,0
339002,339002,339007,5,0
339002,339002,339007,5,0
339002,339002,339006,4,0
339002,339002,339007,5,0
339002,339002,339007,5,0
339002,339002,339007,5,0
339002,339002,339006,4,0
339002,339002,339006,4,0
339002,339002,339006,4,0
339002,339002,339006,4,0
339002,339002,339007,5,0
339002,339002,339007,5,0
339002,339002,339006,4,0
339002,339002,339006,4,0
339002,339002,339006,4,0
339002,339002,339006,4,0
339002,339002,339007,5,0
339002,339002,339006,4,0
339002,339002,339007,5,0
339002,339002,339007,5,0
339002,339002,339006,4,0
339002,339002,339006,4,0
339002,339002,339006,4,0
339002,339002,339006,4,0
339002,339002,339007,5,0
339002,339002,339006,4,0
339002,339002,339006,4,0
339002,339002,339007,5,0
339002,339002,339007,5,0
339002,339002,339006,4,0
339002,339002,339007,5,0
339002,339002,339007,5,0
339002,339002,339007,5,0
339002,339002,339007,5,0
339002,339002,339007,5,0
339002,339002,339006,4,0
339002,339002,339006,4,0
339002,339002,339006,4,0
339002,339002,339006,4,0
339002,339002,339007,5,0
339002,339002,339006,4,0
339002,339002,339006,4,0
339002,339002,339006,4,0
339002,339002,339006,4,0
339002,339002,339006,4,0
339002,339002,339007,5,0
339002,339002,339006,4,0
339002,339002,339006,4,0
339002,339002,339006,4,0
339002,339002,339006,4,0
339002,339002,339006,4,0
339002,339002,339007,5,0
339002,339002,339007,5,0
339002,339002,339007,5,0
339002,339002,339006,4,0
339002,339002,339006,4,0
339002,339002,339006,4,0
339002,339002,339006,4,0
339002,339002,339006,4,0
339002,339002,339007,5,0
339002,339002,339007,5,0
339002,339002,339007,5,0
339002,339002,339007,5,0
339002,339002,339008,6,0
339002,339002,339008,6,0
339002,339002,339008,6,0
339002,339002,339007,5,0
339002,339002,339007,5,0
339002,339002,339007,5,0
339002,339006,339008,2,4
339002,339002,339007,5,0
339002,339002,339007,5,0
339002,339002,339007,5,0
339002,339006,339008,2,4
339002,339006,339008,2,4
339002,339006,339008,2,4
339002,339002,339008,6,0
339002,339007,339011,4,5
339002,339007,339012,5,5
339002,339007,339013,6,5
339002,339007,339012,5,5
339002,339007,339013,6,5
339002,339007,339012,5,5
339002,339008,339012,4,6
339002,339007,339012,5,5
339002,339007,339012,5,5
339002,339007,339012,5,5
339002,339007,339013,6,5
339002,339007,339013,6,5
339002,339007,339013,6,5
339002,339007,339013,6,5
339002,339008,339012,4,6
339002,339008,339012,4,6
339002,339008,339013,5,6
339002,339007,339012,5,5
339002,339007,339012,5,5
339002,339008,339012,4,6
339002,339008,339012,4,6
339002,339008,339013,5,6
339002,339008,339012,4,6
339002,339007,339012,5,5
339002,339007,339012,5,5
339002,339009,339013,4,7
339002,339007,339012,5,5
339002,339007,339013,6,5
339002,339007,339013,6,5
339002,339008,339012,4,6
339002,339008,339013,5,6
339002,339007,339012,5,5
339002,339007,339012,5,5
339002,339008,339013,5,6
339002,339008,339012,4,6
339002,339008,339013,5,6
339002,339009,339013,4,7
339002,339009,339013,4,7
339002,339007,339012,5,5
339002,339007,339012,5,5
339002,339007,339013,6,5
339002,339007,339013,6,5
339002,339008,339012,4,6
339002,339008,339013,5,6
339002,339008,339013,5,6
339002,339007,339012,5,5
339002,339007,339012,5,5
339002,339007,339012,5,5
339002,339008,339013,5,6
339002,339008,339012,4,6
339002,339008,339013,5,6
339002,339007,339012,5,5
339002,339007,339012,5,5
339002,339008,339012,4,6
339002,339008,339013,5,6
339002,339008,339013,5,6
339002,339008,339013,5,6
339002,339008,339013,5,6
339002,339008,339013,5,6
339002,339008,339013,5,6
339002,339008,339014,6,6
339002,339009,339013,4,7
339002,339009,339013,4,7
339002,339009,339013,4,7
339002,339012,339014,2,10
339002,339009,339013,4,7
339002,339009,339013,4,7
339002,339008,339013,5,6
339002,339009,339014,5,7
339002,339007,339013,6,5
339002,339008,339014,6,6
339002,339009,339013,4,7
339002,339009,339013,4,7
339002,339009,339013,4,7
339002,339008,339013,5,6
339002,339008,339013,5,6
339002,339008,339014,6,6
339002,339008,339013,5,6
339002,339008,339013,5,6
339002,339013,339015,2,11
339002,339009,339014,5,7
339002,339009,339014,5,7
339002,339012,339014,2,10
339002,339013,339015,2,11
339002,339013,339015,2,11
339002,339013,339015,2,11
339002,339013,339016,3,11
339002,339013,339015,2,11
339002,339013,339015,2,11
339002,339013,339016,3,11
339002,339013,339015,2,11
339002,339013,339015,2,11
339002,339013,339016,3,11
339002,339013,339015,2,11
339002,339013,339015,2,11
339002,339013,339016,3,11
339002,339013,339016,3,11
339002,339013,339016,3,11
339002,339013,339015,2,11
339002,339013,339015,2,11
339002,339013,339016,3,11
339002,339013,339016,3,11
339002,339013,339015,2,11
339002,339013,339015,2,11
339002,339013,339016,3,11
339002,339013,339015,2,11
339002,339013,339016,3,11
339002,339013,339015,2,11
339002,339013,339016,3,11
339002,339013,339016,3,11
339002,339013,339016,3,11
339002,339013,339016,3,11
339002,339013,339016,3,11
339002,339013,339016,3,11
339002,339013,339016,3,11
339002,339013,339016,3,11
339020,339021,339024,3,1
339020,339021,339025,4,1
339020,339021,339025,4,1
339020,339021,339025,4,1
339020,339021,339025,4,1
339020,339021,339025,4,1
339020,339021,339026,5,1
339020,339021,339025,4,1
339020,339021,339025,4,1
339020,339021,339025,4,1
339020,339021,339025,4,1
339020,339021,339025,4,1
339020,339021,339025,4,1
339020,339021,339025,4,1
339020,339021,339025,4,1
339020,339021,339025,4,1
339020,339021,339025,4,1
339020,339021,339026,5,1
339020,339021,339025,4,1
339020,339021,339025,4,1
339020,339021,339025,4,1
339020,339021,339025,4,1
339020,339021,339025,4,1
339020,339021,339025,4,1
339020,339021,339026,5,1
339020,339021,339026,5,1
339020,339021,339025,4,1
339020,339021,339025,4,1
339020,339021,339025,4,1
339020,339021,339025,4,1
339020,339021,339025,4,1
339020,339021,339025,4,1
339020,339021,339025,4,1
339020,339021,339025,4,1
339020,339021,339025,4,1
339020,339021,339025,4,1
339020,339021,339025,4,1
339020,339021,339025,4,1
339020,339021,339025,4,1
339020,339021,339025,4,1
339020,339021,339025,4,1
339020,339021,339025,4,1
339020,339021,339025,4,1
339020,339021,339025,4,1
339020,339021,339025,4,1
339020,339021,339025,4,1
339020,339021,339025,4,1
339020,339021,339026,5,1
339020,339021,339025,4,1
339020,339021,339025,4,1
339020,339021,339025,4,1
339020,339021,339025,4,1
339020,339021,339025,4,1
339020,339021,339025,4,1
339020,339021,339025,4,1
339020,339021,339025,4,1
339020,339021,339025,4,1
339020,339021,339025,4,1
339020,339021,339025,4,1
339020,339021,339026,5,1
339020,339021,339025,4,1
339020,339021,339025,4,1
339020,339021,339026,5,1
339020,339021,339026,5,1
339020,339021,339026,5,1
339020,339021,339026,5,1
339020,339021,339027,6,1
339020,339021,339026,5,1
339020,339021,339026,5,1
339020,339021,339026,5,1
339020,339021,339026,5,1
339020,339021,339026,5,1
339020,339021,339026,5,1
339020,339021,339026,5,1
339020,339021,339026,5,1
339020,339021,339026,5,1
339020,339021,339026,5,1
339020,339021,339026,5,1
339020,339021,339026,5,1
339020,339025,339026,1,5
339020,339025,339026,1,5
339020,339021,339026,5,1
339020,339026,339029,3,6
339020,339026,339029,3,6
339020,339026,339031,5,6
339020,339026,339031,5,6
339020,339026,339030,4,6
339020,339026,339031,5,6
339020,339026,339031,5,6
339020,339026,339031,5,6
339020,339026,339031,5,6
339020,339026,339031,5,6
339020,339026,339031,5,6
339020,339026,339031,5,6
339020,339026,339031,5,6
339020,339026,339031,5,6
339020,339026,339031,5,6
339020,339026,339031,5,6
339020,339026,339031,5,6
339020,339026,339031,5,6
339020,339026,339031,5,6
339020,339026,339031,5,6
339020,339026,339031,5,6
339020,339026,339031,5,6
339020,339026,339031,5,6
339020,339026,339031,5,6
339020,339026,339031,5,6
339020,339026,339031,5,6
339020,339026,339031,5,6
339020,339026,339031,5,6
339020,339026,339031,5,6
339020,339026,339031,5,6
339020,339026,339031,5,6
339020,339026,339031,5,6
339020,339026,339031,5,6
339020,339026,339031,5,6
339020,339026,339031,5,6
339020,339026,339031,5,6
339020,339026,339031,5,6
339020,339026,339030,4,6
339020,339026,339031,5,6
339020,339026,339031,5,6
339020,339026,339031,5,6
339020,339027,339031,4,7
339020,339026,339031,5,6
339020,339026,339031,5,6
339020,339026,339031,5,6
339020,339026,339031,5,6
339020,339027,339031,4,7
339020,339027,339031,4,7
339020,339026,339031,5,6
339020,339026,339031,5,6
339020,339026,339031,5,6
339020,339026,339031,5,6
339020,339027,339031,4,7
339020,339026,339031,5,6
339020,339026,339031,5,6
339020,339027,339031,4,7
339020,339027,339031,4,7
339020,339026,339031,5,6
339020,339026,339031,5,6
339020,339026,339031,5,6
339020,339026,339031,5,6
339020,339026,339031,5,6
339020,339026,339031,5,6
339020,339027,339031,4,7
339020,339027,339032,5,7
339020,339027,339032,5,7
339020,339030,339032,2,10
339020,339027,339031,4,7
339020,339027,339032,5,7
339020,339027,339032,5,7
339020,339029,339032,3,9
339020,339026,339032,6,6
339020,339026,339032,6,6
339020,339027,339032,5,7
339020,339027,339032,5,7
339020,339027,339032,5,7
339020,339026,339031,5,6
339020,339027,339031,4,7
339020,339027,339031,4,7
339020,339027,339032,5,7
339020,339027,339031,4,7
339020,339027,339031,4,7
339020,339031,339033,2,11
339020,339031,339033,2,11
339020,339031,339033,2,11
339020,339031,339033,2,11
339020,339031,339033,2,11
339020,339031,339033,2,11
339020,339031,339033,2,11
339020,339031,339033,2,11
339020,339031,339034,3,11
339020,339031,339033,2,11
339020,339031,339034,3,11
339020,339031,339034,3,11
339020,339031,339034,3,11
339020,339031,339034,3,11
339020,339031,339034,3,11
339020,339031,339034,3,11
339020,339031,339034,3,11
339020,339031,339034,3,11
339020,339031,339034,3,11
339020,339031,339034,3,11
339020,339031,339034,3,11
339020,339031,339034,3,11
339020,339031,339034,3,11
339020,339031,339034,3,11
339020,339031,339034,3,11
339020,339031,339034,3,11
339020,339031,339034,3,11
339020,339031,339034,3,11
339020,339031,339034,3,11
339020,339031,339035,4,11
339020,339031,339034,3,11
339020,339031,339035,4,11
339020,339031,339034,3,11
339020,339031,339034,3,11
339020,339031,339034,3,11
339020,339031,339034,3,11
339038,339038,339043,5,0
339038,339038,339043,5,0
339038,339038,339043,5,0
339038,339038,339043,5,0
339038,339038,339043,5,0
339038,339038,339043,5,0
339038,339038,339043,5,0
339038,339038,339043,5,0
339038,339038,339043,5,0
339038,339038,339043,5,0
339038,339038,339043,5,0
339038,339038,339043,5,0
339038,339038,339043,5,0
339038,339038,339043,5,0
339038,339038,339043,5,0
339038,339038,339043,5,0
339038,339038,339043,5,0
339038,339038,339043,5,0
339038,339038,339043,5,0
339038,339038,339043,5,0
339038,339038,339043,5,0
339038,339038,339043,5,0
339038,339038,339043,5,0
339038,339038,339043,5,0
339038,339038,339043,5,0
339038,339038,339043,5,0
339038,339038,339043,5,0
339038,339038,339043,5,0
339038,339038,339043,5,0
339038,339038,339043,5,0
339038,339038,339043,5,0
339038,339038,339043,5,0
339038,339038,339043,5,0
339038,339038,339043,5,0
339038,339038,339043,5,0
339038,339038,339043,5,0
339038,339038,339043,5,0
339038,339038,339043,5,0
339038,339038,339043,5,0
339038,339038,339043,5,0
339038,339038,339043,5,0
339038,339038,339043,5,0
339038,339038,339043,5,0
339038,339038,339043,5,0
339038,339038,339043,5,0
339038,339038,339043,5,0
339038,339038,339043,5,0
339038,339038,339043,5,0
339038,339038,339043,5,0
339038,339038,339043,5,0
339038,339038,339043,5,0
339038,339038,339043,5,0
339038,339038,339043,5,0
339038,339038,339043,5,0
339038,339038,339043,5,0
339038,339038,339043,5,0
339038,339038,339043,5,0
339038,339038,339043,5,0
339038,339038,339043,5,0
339038,339038,339044,6,0
339038,339038,339044,6,0
339038,339038,339044,6,0
339038,339039,339044,5,1
339038,339038,339044,6,0
339038,339038,339044,6,0
339038,339038,339044,6,0
339038,339038,339044,6,0
339038,339038,339044,6,0
339038,339038,339045,7,0
339038,339038,339044,6,0
339038,339038,339044,6,0
339038,339038,339044,6,0
339038,339038,339044,6,0
339038,339038,339044,6,0
339038,339038,339044,6,0
339038,339038,339044,6,0
339038,339038,339044,6,0
339038,339038,339044,6,0
339038,339038,339045,7,0
339038,339038,339044,6,0
339038,339044,339049,5,6
339038,339044,339049,5,6
339038,339044,339049,5,6
339038,339044,339049,5,6
339038,339044,339049,5,6
339038,339044,339049,5,6
339038,339044,339049,5,6
339038,339044,339049,5,6
339038,339044,339049,5,6
339038,339044,339049,5,6
339038,339044,339049,5,6
339038,339044,339049,5,6
339038,339044,339049,5,6
339038,339044,339049,5,6
339038,339044,339049,5,6
339038,339044,339049,5,6
339038,339044,339049,5,6
339038,339044,339049,5,6
339038,339044,339049,5,6
339038,339044,339049,5,6
339038,339044,339049,5,6
339038,339044,339049,5,6
339038,339044,339049,5,6
339038,339044,339049,5,6
339038,339044,339049,5,6
339038,339044,339049,5,6
339038,339045,339049,4,7
339038,339044,339049,5,6
339038,339044,339049,5,6
339038,339044,339049,5,6
339038,339044,339049,5,6
339038,339044,339049,5,6
339038,339044,339049,5,6
339038,339044,339049,5,6
339038,339044,339049,5,6
339038,339044,339049,5,6
339038,339044,339049,5,6
339038,339045,339049,4,7
339038,339044,339049,5,6
339038,339044,339049,5,6
339038,339044,339049,5,6
339038,339044,339049,5,6
339038,339044,339049,5,6
339038,339044,339049,5,6
339038,339044,339049,5,6
339038,339044,339049,5,6
339038,339044,339049,5,6
339038,339044,339049,5,6
339038,339044,339050,6,6
339038,339044,339049,5,6
339038,339044,339049,5,6
339038,339044,339049,5,6
339038,339044,339049,5,6
339038,339044,339049,5,6
339038,339044,339049,5,6
339038,339044,339049,5,6
339038,339044,339049,5,6
339038,339044,339049,5,6
339038,339045,339050,5,7
339038,339045,339050,5,7
339038,339045,339050,5,7
339038,339045,339050,5,7
339038,339044,339050,6,6
339038,339044,339050,6,6
339038,339045,339049,4,7
339038,339044,339049,5,6
339038,339045,339050,5,7
339038,339044,339049,5,6
339038,339044,339050,6,6
339038,339045,339049,4,7
339038,339045,339049,4,7
339038,339045,339049,4,7
339038,339045,339049,4,7
339038,339045,339050,5,7
339038,339045,339050,5,7
339038,339049,339051,2,11
339038,339049,339051,2,11
339038,339045,339051,6,7
339038,339045,339051,6,7
339038,339044,339050,6,6
339038,339049,339051,2,11
339038,339044,339051,7,6
339038,339049,339051,2,11
339038,339049,339051,2,11
339038,339049,339052,3,11
339038,339049,339052,3,11
339038,339049,339052,3,11
339038,339049,339052,3,11
339038,339049,339051,2,11
339038,339049,339052,3,11
339038,339049,339052,3,11
339038,339049,339052,3,11
339038,339049,339052,3,11
339038,339049,339052,3,11
339038,339049,339052,3,11
339038,339049,339052,3,11
339038,339049,339052,3,11
339038,339045,339052,7,7
339038,339049,339052,3,11
339038,339049,339052,3,11
339038,339049,339052,3,11
339038,339049,339052,3,11
339038,339049,339052,3,11
339038,339049,339052,3,11
339038,339049,339052,3,11
339038,339049,339052,3,11
339038,339049,339052,3,11
339038,339049,339053,4,11
339038,339049,339052,3,11
339038,339049,339052,3,11
339038,339049,339052,3,11
339038,339049,339053,4,11
339038,339049,339053,4,11
339038,339049,339052,3,11
339038,339049,339053,4,11
339038,339049,339052,3,11
339038,339049,339052,3,11
339038,339049,339052,3,11
339038,339049,339053,4,11
339038,339049,339052,3,11
339057,339057,339061,4,0
339057,339057,339061,4,0
339057,339057,339061,4,0
339057,339057,339061,4,0
339057,339057,339061,4,0
339057,339057,339061,4,0
339057,339057,339061,4,0
339057,339057,339061,4,0
339057,339057,339062,5,0
339057,339057,339061,4,0
339057,339057,339061,4,0
339057,339057,339062,5,0
339057,339057,339061,4,0
339057,339057,339062,5,0
339057,339057,339062,5,0
339057,339057,339061,4,0
339057,339057,339062,5,0
339057,339057,339062,5,0
339057,339057,339061,4,0
339057,339057,339062,5,0
339057,339057,339062,5,0
339057,339057,339062,5,0
339057,339057,339061,4,0
339057,339057,339061,4,0
339057,339057,339062,5,0
339057,339057,339061,4,0
339057,339057,339062,5,0
339057,339057,339062,5,0
339057,339057,339061,4,0
339057,339057,339062,5,0
339057,339057,339061,4,0
339057,339057,339062,5,0
339057,339057,339062,5,0
339057,339057,339061,4,0
339057,339057,339061,4,0
339057,339057,339062,5,0
339057,339057,339062,5,0
339057,339057,339062,5,0
339057,339057,339061,4,0
339057,339057,339061,4,0
339057,339057,339061,4,0
339057,339057,339062,5,0
339057,339057,339062,5,0
339057,339057,339062,5,0
339057,339057,339062,5,0
339057,339057,339061,4,0
339057,339057,339061,4,0
339057,339057,339061,4,0
339057,339057,339062,5,0
339057,339057,339062,5,0
339057,339057,339062,5,0
339057,339057,339061,4,0
339057,339057,339061,4,0
339057,339057,339062,5,0
339057,339057,339061,4,0
339057,339057,339062,5,0
339057,339057,339062,5,0
339057,339057,339062,5,0
339057,339057,339063,6,0
339057,339057,339063,6,0
339057,339057,339062,5,0
339057,339057,339063,6,0
339057,339057,339063,6,0
339057,339057,339063,6,0
339057,339057,339062,5,0
339057,339057,339063,6,0
339057,339057,339062,5,0
339057,339057,339062,5,0
339057,339057,339062,5,0
339057,339057,339062,5,0
339057,339057,339063,6,0
339057,339057,339062,5,0
339057,339057,339062,5,0
339057,339057,339062,5,0
339057,339057,339062,5,0
339057,339057,339062,5,0
339057,339057,339062,5,0
339057,339057,339062,5,0
339057,339057,339062,5,0
339057,339057,339062,5,0
339057,339062,339067,5,5
339057,339062,339067,5,5
339057,339062,339067,5,5
339057,339062,339067,5,5
339057,339062,339067,5,5
339057,339062,339067,5,5
339057,339062,339067,5,5
339057,339062,339067,5,5
339057,339062,339067,5,5
339057,339062,339067,5,5
339057,339062,339067,5,5
339057,339062,339067,5,5
339057,339062,339067,5,5
339057,339062,339067,5,5
339057,339062,339067,5,5
339057,339062,339067,5,5
339057,339062,339067,5,5
339057,339062,339067,5,5
339057,339062,339067,5,5
339057,339062,339067,5,5
339057,339062,339067,5,5
339057,339062,339067,5,5
339057,339062,339067,5,5
339057,339062,339067,5,5
339057,339062,339067,5,5
339057,339062,339067,5,5
339057,339062,339067,5,5
339057,339062,339067,5,5
339057,339062,339067,5,5
339057,339062,339067,5,5
339057,339062,339067,5,5
339057,339064,339067,3,7
339057,339064,339068,4,7
339057,339062,339067,5,5
339057,339062,339067,5,5
339057,339062,339067,5,5
339057,339062,339067,5,5
339057,339062,339067,5,5
339057,339062,339067,5,5
339057,339064,339067,3,7
339057,339062,339067,5,5
339057,339062,339067,5,5
339057,339062,339067,5,5
339057,339062,339067,5,5
339057,339062,339067,5,5
339057,339062,339067,5,5
339057,339062,339067,5,5
339057,339062,339067,5,5
339057,339062,339067,5,5
339057,339062,339067,5,5
339057,339062,339067,5,5
339057,339062,339068,6,5
339057,339062,339067,5,5
339057,339062,339067,5,5
339057,339062,339067,5,5
339057,339062,339067,5,5
339057,339062,339067,5,5
339057,339062,339067,5,5
339057,339062,339067,5,5
339057,339062,339067,5,5
339057,339064,339068,4,7
339057,339064,339068,4,7
339057,339064,339068,4,7
339057,339064,339068,4,7
339057,339064,339068,4,7
339057,339064,339068,4,7
339057,339064,339068,4,7
339057,339064,339068,4,7
339057,339064,339068,4,7
339057,339064,339068,4,7
339057,339064,339068,4,7
339057,339064,339068,4,7
339057,339063,339068,5,6
339057,339064,339068,4,7
339057,339064,339068,4,7
339057,339064,339069,5,7
339057,339064,339068,4,7
339057,339064,339068,4,7
339057,339068,339070,2,11
339057,339068,339070,2,11
339057,339064,339069,5,7
339057,339064,339069,5,7
339057,339068,339070,2,11
339057,339068,339070,2,11
339057,339068,339070,2,11
339057,339068,339070,2,11
339057,339068,339070,2,11
339057,339068,339070,2,11
339057,339068,339070,2,11
339057,339068,339070,2,11
339057,339068,339070,2,11
339057,339068,339070,2,11
339057,339068,339070,2,11
339057,339068,339071,3,11
339057,339068,339070,2,11
339057,339068,339071,3,11
339057,339068,339070,2,11
339057,339068,339070,2,11
339057,339068,339070,2,11
339057,339068,339070,2,11
339057,339068,339070,2,11
339057,339068,339070,2,11
339057,339068,339070,2,11
339057,339068,339070,2,11
339057,339068,339071,3,11
339057,339068,339070,2,11
339057,339068,339071,3,11
339057,339068,339070,2,11
339057,339068,339070,2,11
339057,339068,339070,2,11
339057,339068,339071,3,11
339057,339068,339071,3,11
339057,339068,339071,3,11
339057,339068,339070,2,11
339057,339068,339071,3,11
339057,339068,339071,3,11
339057,339068,339070,2,11
339057,339068,339071,3,11
339057,339068,339071,3,11
339057,339068,339071,3,11
339075,339075,339079,4,0
339075,339075,339079,4,0
339075,339075,339079,4,0
339075,339075,339079,4,0
339075,339075,339079,4,0
339075,339075,339079,4,0
339075,339075,339079,4,0
339075,339075,339079,4,0
339075,339075,339079,4,0
339075,339075,339079,4,0
339075,339075,339079,4,0
339075,339075,339079,4,0
339075,339075,339079,4,0
339075,339075,339079,4,0
339075,339075,339079,4,0
339075,339075,339079,4,0
339075,339075,339079,4,0
339075,339075,339079,4,0
339075,339075,339079,4,0
339075,339075,339079,4,0
339075,339075,339079,4,0
339075,339075,339079,4,0
339075,339075,339079,4,0
339075,339075,339079,4,0
339075,339075,339079,4,0
339075,339075,339079,4,0
339075,339075,339079,4,0
339075,339075,339079,4,0
339075,339075,339079,4,0
339075,339075,339079,4,0
339075,339075,339080,5,0
339075,339075,339079,4,0
339075,339075,339080,5,0
339075,339075,339080,5,0
339075,339075,339080,5,0
339075,339075,339080,5,0
339075,339075,339080,5,0
339075,339075,339080,5,0
339075,339075,339079,4,0
339075,339075,339079,4,0
339075,339075,339080,5,0
339075,339075,339080,5,0
339075,339075,339080,5,0
339075,339075,339080,5,0
339075,339075,339079,4,0
339075,339075,339080,5,0
339075,339075,339080,5,0
339075,339075,339080,5,0
339075,339075,339080,5,0
339075,339075,339080,5,0
339075,339075,339080,5,0
339075,339075,339080,5,0
339075,339075,339080,5,0
339075,339075,339081,6,0
339075,339075,339080,5,0
339075,339075,339080,5,0
339075,339075,339080,5,0
339075,339075,339080,5,0
339075,339075,339080,5,0
339075,339075,339081,6,0
339075,339075,339081,6,0
339075,339075,339081,6,0
339075,339075,339081,6,0
339075,339075,339081,6,0
339075,339075,339081,6,0
339075,339075,339081,6,0
339075,339075,339081,6,0
339075,339075,339081,6,0
339075,339075,339081,6,0
339075,339075,339081,6,0
339075,339075,339081,6,0
339075,339075,339081,6,0
339075,339075,339081,6,0
339075,339075,339081,6,0
339075,339075,339081,6,0
339075,339075,339081,6,0
339075,339075,339081,6,0
339075,339075,339083,8,0
339075,339080,339082,2,5
339075,339080,339084,4,5
339075,339080,339084,4,5
339075,339080,339084,4,5
339075,339080,339084,4,5
339075,339080,339084,4,5
339075,339080,339084,4,5
339075,339075,339083,8,0
339075,339075,339084,9,0
339075,339081,339084,3,6
339075,339081,339084,3,6
339075,339081,339084,3,6
339075,339081,339084,3,6
339075,339081,339084,3,6
339075,339080,339084,4,5
339075,339080,339085,5,5
339075,339080,339084,4,5
339075,339080,339085,5,5
339075,339081,339085,4,6
339075,339081,339085,4,6
339075,339080,339085,5,5
339075,339080,339084,4,5
339075,339080,339084,4,5
339075,339080,339084,4,5
339075,339080,339084,4,5
339075,339080,339084,4,5
339075,339080,339084,4,5
339075,339080,339084,4,5
339075,339080,339084,4,5
339075,339081,339085,4,6
339075,339082,339085,3,7
339075,339080,339084,4,5
339075,339080,339084,4,5
339075,339080,339085,5,5
339075,339081,339085,4,6
339075,339080,339084,4,5
339075,339080,339084,4,5
339075,339080,339084,4,5
339075,339080,339085,5,5
339075,339081,339085,4,6
339075,339081,339085,4,6
339075,339080,339084,4,5
339075,339080,339085,5,5
339075,339080,339084,4,5
339075,339080,339085,5,5
339075,339081,339085,4,6
339075,339082,339085,3,7
339075,339082,339085,3,7
339075,339080,339084,4,5
339075,339080,339084,4,5
339075,339080,339084,4,5
339075,339080,339084,4,5
339075,339082,339085,3,7
339075,339082,339085,3,7
339075,339080,339085,5,5
339075,339080,339084,4,5
339075,339081,339084,3,6
339075,339081,339085,4,6
339075,339080,339084,4,5
339075,339080,339084,4,5
339075,339080,339085,5,5
339075,339080,339085,5,5
339075,339081,339085,4,6
339075,339082,339085,3,7
339075,339082,339086,4,7
339075,339081,339085,4,6
339075,339081,339085,4,6
339075,339081,339085,4,6
339075,339082,339086,4,7
339075,339082,339086,4,7
339075,339084,339086,2,9
339075,339082,339085,3,7
339075,339082,339085,3,7
339075,339084,339086,2,9
339075,339084,339086,2,9
339075,339082,339086,4,7
339075,339084,339086,2,9
339075,339083,339086,3,8
339075,339084,339086,2,9
339075,339082,339086,4,7
339075,339082,339086,4,7
339075,339082,339085,3,7
339075,339083,339086,3,8
339075,339082,339086,4,7
339075,339082,339085,3,7
339075,339082,339086,4,7
339075,339085,339087,2,10
339075,339085,339087,2,10
339075,339085,339087,2,10
339075,339085,339087,2,10
339075,339085,339087,2,10
339075,339085,339087,2,10
339075,339085,339087,2,10
339075,339085,339087,2,10
339075,339084,339086,2,9
339075,339085,339087,2,10
339075,339085,339087,2,10
339075,339085,339087,2,10
339075,339084,339087,3,9
339075,339085,339087,2,10
339075,339085,339087,2,10
339075,339085,339087,2,10
339075,339085,339087,2,10
339075,339085,339087,2,10
339075,339085,339087,2,10
339075,339085,339087,2,10
339075,339085,339087,2,10
339075,339085,339088,3,10
339075,339085,339087,2,10
339075,339085,339088,3,10
339075,339085,339088,3,10
339075,339085,339088,3,10
339075,339085,339088,3,10
339075,339085,339088,3,10
339075,339085,339088,3,10
339075,339085,339088,3,10
339075,339085,339088,3,10
339075,339085,339088,3,10
339075,339085,339088,3,10
339075,339085,339088,3,10
339075,339085,339088,3,10
339075,339085,339088,3,10
339092,339092,339096,4,0
339092,339092,339096,4,0
339092,339092,339097,5,0
339092,339092,339097,5,0
339092,339092,339096,4,0
339092,339092,339096,4,0
339092,339092,339096,4,0
339092,339092,339097,5,0
339092,339092,339097,5,0
339092,339092,339096,4,0
339092,339092,339096,4,0
339092,339092,339097,5,0
339092,339092,339097,5,0
339092,339092,339096,4,0
339092,339092,339097,5,0
339092,339092,339097,5,0
339092,339092,339097,5,0
339092,339092,339096,4,0
339092,339092,339096,4,0
339092,339092,339097,5,0
339092,339092,339097,5,0
339092,339092,339097,5,0
339092,339092,339097,5,0
339092,339092,339097,5,0
339092,339092,339097,5,0
339092,339092,339097,5,0
339092,339092,339097,5,0
339092,339092,339096,4,0
339092,339092,339097,5,0
339092,339092,339096,4,0
339092,339092,339097,5,0
339092,339092,339096,4,0
339092,339092,339097,5,0
339092,339092,339097,5,0
339092,339092,339097,5,0
339092,339092,339097,5,0
339092,339092,339097,5,0
339092,339092,339097,5,0
339092,339092,339096,4,0
339092,339092,339096,4,0
339092,339092,339097,5,0
339092,339092,339097,5,0
339092,339092,339097,5,0
339092,339092,339096,4,0
339092,339092,339097,5,0
339092,339092,339097,5,0
339092,339092,339096,4,0
339092,339092,339096,4,0
339092,339092,339097,5,0
339092,339092,339097,5,0
339092,339092,339096,4,0
339092,339092,339096,4,0
339092,339092,339097,5,0
339092,339092,339097,5,0
339092,339092,339097,5,0
339092,339092,339097,5,0
339092,339092,339097,5,0
339092,339092,339097,5,0
339092,339092,339096,4,0
339092,339092,339097,5,0
339092,339092,339097,5,0
339092,339092,339097,5,0
339092,339092,339097,5,0
339092,339092,339097,5,0
339092,339092,339096,4,0
339092,339092,339097,5,0
339092,339092,339097,5,0
339092,339092,339097,5,0
339092,339092,339097,5,0
339092,339092,339097,5,0
339092,339092,339098,6,0
339092,339092,339097,5,0
339092,339092,339097,5,0
339092,339092,339098,6,0
339092,339092,339098,6,0
339092,339092,339098,6,0
339092,339092,339098,6,0
339092,339092,339098,6,0
339092,339096,339098,2,4
339092,339096,339098,2,4
339092,339092,339098,6,0
339092,339092,339098,6,0
339092,339098,339099,1,6
339092,339098,339102,4,6
339092,339098,339102,4,6
339092,339098,339102,4,6
339092,339098,339102,4,6
339092,339098,339102,4,6
339092,339098,339102,4,6
339092,339098,339102,4,6
339092,339098,339102,4,6
339092,339098,339102,4,6
339092,339098,339102,4,6
339092,339098,339102,4,6
339092,339098,339102,4,6
339092,339098,339102,4,6
339092,339098,339102,4,6
339092,339098,339102,4,6
339092,339098,339102,4,6
339092,339098,339102,4,6
339092,339098,339102,4,6
339092,339098,339102,4,6
339092,339098,339102,4,6
339092,339098,339102,4,6
339092,339098,339102,4,6
339092,339098,339102,4,6
339092,339098,339102,4,6
339092,339098,339102,4,6
339092,339098,339102,4,6
339092,339098,339102,4,6
339092,339098,339102,4,6
339092,339098,339102,4,6
339092,339098,339102,4,6
339092,339098,339102,4,6
339092,339098,339102,4,6
339092,339098,339102,4,6
339092,339098,339102,4,6
339092,339098,339103,5,6
339092,339098,339102,4,6
339092,339098,339102,4,6
339092,339098,339102,4,6
339092,339098,339102,4,6
339092,339098,339102,4,6
339092,339098,339102,4,6
339092,339099,339103,4,7
339092,339099,339103,4,7
339092,339098,339102,4,6
339092,339098,339102,4,6
339092,339098,339102,4,6
339092,339098,339102,4,6
339092,339098,339102,4,6
339092,339098,339102,4,6
339092,339098,339102,4,6
339092,339099,339103,4,7
339092,339098,339102,4,6
339092,339098,339102,4,6
339092,339098,339102,4,6
339092,339098,339102,4,6
339092,339098,339102,4,6
339092,339098,339102,4,6
339092,339098,339102,4,6
339092,339098,339102,4,6
339092,339098,339102,4,6
339092,339098,339102,4,6
339092,339098,339102,4,6
339092,339098,339102,4,6
339092,339099,339102,3,7
339092,339098,339102,4,6
339092,339098,339103,5,6
339092,339098,339103,5,6
339092,339098,339103,5,6
339092,339098,339103,5,6
339092,339098,339102,4,6
339092,339098,339102,4,6
339092,339098,339103,5,6
339092,339098,339103,5,6
339092,339098,339103,5,6
339092,339099,339103,4,7
339092,339099,339103,4,7
339092,339102,339103,1,10
339092,339102,339103,1,10
339092,339102,339104,2,10
339092,339098,339103,5,6
339092,339098,339103,5,6
339092,339098,339103,5,6
339092,339098,339103,5,6
339092,339102,339103,1,10
339092,339102,339104,2,10
339092,339102,339104,2,10
339092,339102,339104,2,10
339092,339102,339104,2,10
339092,339103,339105,2,11
339092,339103,339105,2,11
339092,339103,339105,2,11
339092,339103,339105,2,11
339092,339103,339105,2,11
339092,339103,339105,2,11
339092,339103,339105,2,11
339092,339103,339105,2,11
339092,339103,339105,2,11
339092,339103,339106,3,11
339092,339103,339106,3,11
339092,339103,339106,3,11
339092,339103,339106,3,11
339092,339103,339106,3,11
339092,339103,339105,2,11
339092,339103,339105,2,11
339092,339103,339105,2,11
339092,339103,339105,2,11
339092,339103,339106,3,11
339092,339103,339106,3,11
339092,339103,339106,3,11
339092,339103,339106,3,11
339092,339103,339106,3,11
339092,339103,339105,2,11
339092,339103,339105,2,11
339092,339103,339106,3,11
339092,339103,339106,3,11
339092,339103,339106,3,11
339092,339103,339106,3,11
339111,339111,339115,4,0
339111,339111,339115,4,0
339111,339111,339115,4,0
339111,339111,339115,4,0
339111,339111,339115,4,0
339111,339111,339115,4,0
339111,339111,339114,3,0
339111,339111,339115,4,0
339111,339111,339115,4,0
339111,339111,339115,4,0
339111,339111,339115,4,0
339111,339111,339115,4,0
339111,339111,339115,4,0
339111,339111,339115,4,0
339111,339111,339115,4,0
339111,339111,339115,4,0
339111,339111,339115,4,0
339111,339111,339115,4,0
339111,339111,339115,4,0
339111,339111,339115,4,0
339111,339111,339115,4,0
339111,339111,339115,4,0
339111,339111,339115,4,0
339111,339111,339115,4,0
339111,339111,339115,4,0
339111,339111,339115,4,0
339111,339111,339115,4,0
339111,339111,339115,4,0
339111,339111,339115,4,0
339111,339111,339115,4,0
339111,339111,339115,4,0
339111,339111,339115,4,0
339111,339111,339115,4,0
339111,339111,339116,5,0
339111,339111,339116,5,0
339111,339111,339115,4,0
339111,339111,339115,4,0
339111,339111,339115,4,0
339111,339111,339115,4,0
339111,339111,339115,4,0
339111,339111,339115,4,0
339111,339111,339115,4,0
339111,339111,339115,4,0
339111,339111,339115,4,0
339111,339111,339115,4,0
339111,339111,339115,4,0
339111,339111,339115,4,0
339111,339111,339115,4,0
339111,339111,339115,4,0
339111,339111,339115,4,0
339111,339111,339115,4,0
339111,339111,339115,4,0
339111,339111,339115,4,0
339111,339111,339115,4,0
339111,339111,339115,4,0
339111,339111,339115,4,0
339111,339111,339115,4,0
339111,339111,339115,4,0
339111,339111,339115,4,0
339111,339111,339115,4,0
339111,339111,339115,4,0
339111,339111,339115,4,0
339111,339111,339115,4,0
339111,339111,339115,4,0
339111,339111,339116,5,0
339111,339111,339116,5,0
339111,339111,339116,5,0
339111,339111,339116,5,0
339111,339115,339117,2,4
339111,339111,339116,5,0
339111,339111,339116,5,0
339111,339111,339116,5,0
339111,339111,339117,6,0
339111,339111,339117,6,0
339111,339111,339116,5,0
339111,339111,339116,5,0
339111,339111,339116,5,0
339111,339111,339116,5,0
339111,339111,339118,7,0
339111,339111,339118,7,0
339111,339111,339118,7,0
339111,339116,339120,4,5
339111,339116,339120,4,5
339111,339116,339120,4,5
339111,339116,339120,4,5
339111,339116,339120,4,5
339111,339116,339120,4,5
339111,339116,339120,4,5
339111,339116,339120,4,5
339111,339116,339120,4,5
339111,339116,339120,4,5
339111,339115,339120,5,4
339111,339115,339120,5,4
339111,339115,339120,5,4
339111,339115,339120,5,4
339111,339116,339120,4,5
339111,339115,339120,5,4
339111,339116,339120,4,5
339111,339116,339120,4,5
339111,339115,339120,5,4
339111,339115,339120,5,4
339111,339115,339120,5,4
339111,339116,339120,4,5
339111,339116,339120,4,5
339111,339116,339120,4,5
339111,339116,339120,4,5
339111,339116,339120,4,5
339111,339115,339120,5,4
339111,339115,339120,5,4
339111,339116,339120,4,5
339111,339116,339120,4,5
339111,339116,339120,4,5
339111,339116,339120,4,5
339111,339115,339120,5,4
339111,339115,339120,5,4
339111,339116,339120,4,5
339111,339116,339120,4,5
339111,339116,339120,4,5
339111,339115,339120,5,4
339111,339115,339120,5,4
339111,339115,339120,5,4
339111,339115,339120,5,4
339111,339116,339120,4,5
339111,339116,339120,4,5
339111,339116,339120,4,5
339111,339115,339120,5,4
339111,339115,339120,5,4
339111,339116,339120,4,5
339111,339116,339120,4,5
339111,339116,339120,4,5
339111,339116,339120,4,5
339111,339116,339120,4,5
339111,339116,339120,4,5
339111,339116,339120,4,5
339111,339116,339120,4,5
339111,339116,339120,4,5
339111,339117,339121,4,6
339111,339115,339120,5,4
339111,339117,339121,4,6
339111,339117,339121,4,6
339111,339117,339121,4,6
339111,339117,339121,4,6
339111,339117,339121,4,6
339111,339116,339121,5,5
339111,339116,339121,5,5
339111,339116,339121,5,5
339111,339116,339121,5,5
339111,339116,339121,5,5
339111,339116,339121,5,5
339111,339117,339121,4,6
339111,339117,339121,4,6
339111,339117,339121,4,6
339111,339117,339121,4,6
339111,339117,339121,4,6
339111,339117,339122,5,6
339111,339120,339122,2,9
339111,339116,339122,6,5
339111,339117,339122,5,6
339111,339120,339122,2,9
339111,339120,339122,2,9
339111,339118,339122,4,7
339111,339118,339122,4,7
339111,339118,339122,4,7
339111,339120,339122,2,9
339111,339121,339123,2,10
339111,339117,339122,5,6
339111,339121,339123,2,10
339111,339120,339122,2,9
339111,339120,339123,3,9
339111,339121,339123,2,10
339111,339121,339123,2,10
339111,339121,339123,2,10
339111,339121,339123,2,10
339111,339120,339122,2,9
339111,339120,339123,3,9
339111,339120,339123,3,9
339111,339120,339123,3,9
339111,339120,339122,2,9
339111,339120,339123,3,9
339111,339120,339123,3,9
339111,339121,339123,2,10
339111,339121,339123,2,10
339111,339121,339123,2,10
339111,339121,339123,2,10
339111,339121,339123,2,10
339111,339121,339123,2,10
339111,339121,339124,3,10
339111,339121,339123,2,10
339111,339121,339123,2,10
339111,339121,339123,2,10
339111,339121,339123,2,10
339111,339121,339123,2,10
339111,339121,339123,2,10
339111,339121,339123,2,10
339111,339121,339123,2,10
339111,339121,339123,2,10
339111,339121,339123,2,10
339111,339121,339123,2,10
339111,339121,339123,2,10
339111,339121,339123,2,10
339127,339128,339132,4,1
339127,339128,339132,4,1
339127,339128,339132,4,1
339127,339128,339132,4,1
339127,339128,339132,4,1
339127,339128,339132,4,1
339127,339128,339132,4,1
339127,339128,339132,4,1
339127,339128,339132,4,1
339127,339128,339132,4,1
339127,339128,339132,4,1
339127,339128,339132,4,1
339127,339128,339132,4,1
339127,339128,339132,4,1
339127,339128,339132,4,1
339127,339128,339132,4,1
339127,339128,339132,4,1
339127,339128,339132,4,1
339127,339128,339132,4,1
339127,339128,339132,4,1
339127,339128,339132,4,1
339127,339128,339132,4,1
339127,339128,339132,4,1
339127,339128,339132,4,1
339127,339128,339132,4,1
339127,339128,339132,4,1
339127,339128,339132,4,1
339127,339128,339132,4,1
339127,339128,339132,4,1
339127,339128,339132,4,1
339127,339128,339132,4,1
339127,339128,339132,4,1
339127,339128,339133,5,1
339127,339128,339133,5,1
339127,339128,339132,4,1
339127,339128,339132,4,1
339127,339128,339132,4,1
339127,339128,339132,4,1
339127,339128,339132,4,1
339127,339128,339132,4,1
339127,339128,339133,5,1
339127,339128,339132,4,1
339127,339128,339132,4,1
339127,339128,339132,4,1
339127,339128,339132,4,1
339127,339128,339132,4,1
339127,339128,339133,5,1
339127,339128,339132,4,1
339127,339128,339132,4,1
339127,339128,339132,4,1
339127,339128,339132,4,1
339127,339128,339132,4,1
339127,339128,339132,4,1
339127,339128,339132,4,1
339127,339128,339132,4,1
339127,339128,339132,4,1
339127,339128,339133,5,1
339127,339128,339132,4,1
339127,339128,339132,4,1
339127,339128,339132,4,1
339127,339128,339132,4,1
339127,339128,339132,4,1
339127,339128,339133,5,1
339127,339128,339133,5,1
339127,339128,339133,5,1
339127,339128,339133,5,1
339127,339132,339133,1,5
339127,339128,339133,5,1
339127,339128,339133,5,1
339127,339128,339133,5,1
339127,339132,339133,1,5
339127,339128,339133,5,1
339127,339128,339133,5,1
339127,339128,339133,5,1
339127,339128,339133,5,1
339127,339128,339133,5,1
339127,339128,339133,5,1
339127,339128,339133,5,1
339127,339128,339133,5,1
339127,339132,339133,1,5
339127,339128,339133,5,1
339127,339128,339133,5,1
339127,339128,339133,5,1
339127,339133,339135,2,6
339127,339133,339137,4,6
339127,339133,339137,4,6
339127,339133,339138,5,6
339127,339133,339138,5,6
339127,339133,339137,4,6
339127,339133,339138,5,6
339127,339133,339138,5,6
339127,339133,339138,5,6
339127,339133,339138,5,6
339127,339133,339138,5,6
339127,339133,339138,5,6
339127,339133,339137,4,6
339127,339133,339138,5,6
339127,339133,339138,5,6
339127,339133,339137,4,6
339127,339133,339137,4,6
339127,339133,339138,5,6
339127,339134,339137,3,7
339127,339133,339138,5,6
339127,339133,339137,4,6
339127,339133,339137,4,6
339127,339133,339137,4,6
339127,339133,339137,4,6
339127,339134,339138,4,7
339127,339134,339138,4,7
339127,339133,339138,5,6
339127,339133,339138,5,6
339127,339133,339137,4,6
339127,339133,339138,5,6
339127,339133,339138,5,6
339127,339134,339138,4,7
339127,339133,339137,4,6
339127,339133,339138,5,6
339127,339133,339138,5,6
339127,339133,339138,5,6
339127,339133,339138,5,6
339127,339134,339138,4,7
339127,339134,339138,4,7
339127,339134,339138,4,7
339127,339133,339138,5,6
339127,339133,339138,5,6
339127,339133,339137,4,6
339127,339133,339137,4,6
339127,339134,339137,3,7
339127,339134,339138,4,7
339127,339134,339138,4,7
339127,339134,339138,4,7
339127,339133,339138,5,6
339127,339133,339137,4,6
339127,339133,339137,4,6
339127,339133,339138,5,6
339127,339133,339137,4,6
339127,339134,339138,4,7
339127,339134,339138,4,7
339127,339133,339138,5,6
339127,339133,339138,5,6
339127,339133,339138,5,6
339127,339133,339137,4,6
339127,339133,339138,5,6
339127,339133,339138,5,6
339127,339133,339137,4,6
339127,339134,339138,4,7
339127,339134,339138,4,7
339127,339133,339138,5,6
339127,339134,339138,4,7
339127,339133,339138,5,6
339127,339134,339138,4,7
339127,339133,339138,5,6
339127,339133,339138,5,6
339127,339134,339139,5,7
339127,339133,339138,5,6
339127,339133,339138,5,6
339127,339134,339139,5,7
339127,339133,339139,6,6
339127,339133,339139,6,6
339127,339133,339139,6,6
339127,339133,339139,6,6
339127,339134,339139,5,7
339127,339135,339139,4,8
339127,339137,339139,2,10
339127,339137,339139,2,10
339127,339133,339139,6,6
339127,339139,339141,2,12
339127,339139,339141,2,12
339127,339139,339141,2,12
339127,339139,339141,2,12
339127,339139,339141,2,12
339127,339139,339141,2,12
339127,339139,339142,3,12
339127,339139,339141,2,12
339127,339139,339141,2,12
339127,339139,339141,2,12
339127,339139,339141,2,12
339127,339139,339141,2,12
339127,339138,339141,3,11
339127,339139,339141,2,12
339127,339139,339141,2,12
339127,339139,339141,2,12
339127,339139,339142,3,12
339127,339139,339142,3,12
339127,339139,339142,3,12
339127,339139,339142,3,12
339127,339139,339142,3,12
339127,339139,339142,3,12
339127,339139,339142,3,12
339127,339139,339142,3,12
339127,339139,339142,3,12
339127,339139,339142,3,12
339127,339139,339142,3,12
339127,339139,339142,3,12
339127,339139,339142,3,12
339127,339139,339142,3,12
339127,339139,339142,3,12
339127,339139,339142,3,12
339127,339139,339142,3,12
339127,339139,339142,3,12
339146,339146,339151,5,0
339146,339146,339151,5,0
339146,339146,339151,5,0
339146,339146,339151,5,0
339146,339146,339151,5,0
339146,339146,339151,5,0
339146,339146,339151,5,0
339146,339146,339151,5,0
339146,339146,339151,5,0
339146,339146,339151,5,0
339146,339146,339151,5,0
339146,339146,339151,5,0
339146,339146,339151,5,0
339146,339146,339151,5,0
339146,339146,339151,5,0
339146,339146,339151,5,0
339146,339146,339151,5,0
339146,339146,339151,5,0
339146,339146,339151,5,0
339146,339146,339151,5,0
339146,339146,339151,5,0
339146,339146,339151,5,0
339146,339146,339151,5,0
339146,339146,339151,5,0
339146,339146,339151,5,0
339146,339146,339151,5,0
339146,339146,339151,5,0
339146,339146,339151,5,0
339146,339146,339151,5,0
339146,339146,339151,5,0
339146,339146,339151,5,0
339146,339146,339151,5,0
339146,339146,339151,5,0
339146,339146,339151,5,0
339146,339146,339151,5,0
339146,339146,339151,5,0
339146,339146,339151,5,0
339146,339146,339151,5,0
339146,339146,339151,5,0
339146,339146,339151,5,0
339146,339146,339151,5,0
339146,339146,339151,5,0
339146,339146,339151,5,0
339146,339146,339151,5,0
339146,339146,339151,5,0
339146,339146,339151,5,0
339146,339146,339151,5,0
339146,339146,339151,5,0
339146,339146,339151,5,0
339146,339146,339151,5,0
339146,339146,339151,5,0
339146,339146,339151,5,0
339146,339146,339151,5,0
339146,339146,339151,5,0
339146,339146,339151,5,0
339146,339146,339151,5,0
339146,339146,339151,5,0
339146,339146,339152,6,0
339146,339146,339151,5,0
339146,339146,339151,5,0
339146,339146,339152,6,0
339146,339146,339152,6,0
339146,339146,339152,6,0
339146,339146,339152,6,0
339146,339146,339152,6,0
339146,339146,339152,6,0
339146,339146,339152,6,0
339146,339146,339152,6,0
339146,339146,339152,6,0
339146,339146,339152,6,0
339146,339146,339152,6,0
339146,339146,339152,6,0
339146,339146,339152,6,0
339146,339146,339152,6,0
339146,339146,339152,6,0
339146,339146,339152,6,0
339146,339146,339152,6,0
339146,339146,339152,6,0
339146,339146,339152,6,0
339146,339146,339153,7,0
339146,339152,339156,4,6
339146,339152,339156,4,6
339146,339152,339156,4,6
339146,339152,339156,4,6
339146,339152,339157,5,6
339146,339152,339157,5,6
339146,339152,339157,5,6
339146,339152,339156,4,6
339146,339152,339157,5,6
339146,339152,339156,4,6
339146,339152,339156,4,6
339146,339152,339156,4,6
339146,339152,339156,4,6
339146,339152,339156,4,6
339146,339152,339156,4,6
339146,339152,339156,4,6
339146,339152,339156,4,6
339146,339152,339156,4,6
339146,339152,339156,4,6
339146,339152,339156,4,6
339146,339152,339156,4,6
339146,339152,339157,5,6
339146,339152,339156,4,6
339146,339152,339156,4,6
339146,339152,339156,4,6
339146,339152,339156,4,6
339146,339152,339156,4,6
339146,339152,339156,4,6
339146,339152,339156,4,6
339146,339153,339157,4,7
339146,339152,339156,4,6
339146,339152,339156,4,6
339146,339152,339156,4,6
339146,339152,339156,4,6
339146,339152,339156,4,6
339146,339152,339156,4,6
339146,339152,339156,4,6
339146,339152,339156,4,6
339146,339152,339156,4,6
339146,339152,339156,4,6
339146,339152,339156,4,6
339146,339152,339156,4,6
339146,339153,339157,4,7
339146,339153,339157,4,7
339146,339152,339156,4,6
339146,339152,339156,4,6
339146,339152,339156,4,6
339146,339152,339157,5,6
339146,339152,339157,5,6
339146,339152,339156,4,6
339146,339152,339156,4,6
339146,339152,339156,4,6
339146,339152,339156,4,6
339146,339152,339156,4,6
339146,339152,339156,4,6
339146,339152,339156,4,6
339146,339152,339156,4,6
339146,339152,339156,4,6
339146,339152,339156,4,6
339146,339152,339156,4,6
339146,339152,339156,4,6
339146,339152,339156,4,6
339146,339152,339156,4,6
339146,339152,339156,4,6
339146,339152,339156,4,6
339146,339153,339157,4,7
339146,339153,339157,4,7
339146,339156,339157,1,10
339146,339153,339157,4,7
339146,339153,339157,4,7
339146,339153,339157,4,7
339146,339153,339157,4,7
339146,339153,339157,4,7
339146,339154,339157,3,8
339146,339153,339157,4,7
339146,339153,339157,4,7
339146,339153,339157,4,7
339146,339153,339157,4,7
339146,339153,339157,4,7
339146,339153,339157,4,7
339146,339153,339157,4,7
339146,339157,339159,2,11
339146,339157,339160,3,11
339146,339157,339159,2,11
339146,339157,339160,3,11
339146,339157,339160,3,11
339146,339157,339160,3,11
339146,339157,339160,3,11
339146,339157,339160,3,11
339146,339157,339160,3,11
339146,339157,339160,3,11
339146,339157,339160,3,11
339146,339157,339160,3,11
339146,339157,339159,2,11
339146,339157,339160,3,11
339146,339157,339160,3,11
339146,339157,339160,3,11
339146,339157,339160,3,11
339146,339157,339160,3,11
339146,339157,339160,3,11
339146,339157,339160,3,11
339146,339157,339160,3,11
339146,339157,339160,3,11
339146,339157,339160,3,11
339146,339157,339160,3,11
339146,339157,339160,3,11
339146,339157,339159,2,11
339146,339157,339160,3,11
339146,339157,339161,4,11
339146,339157,339161,4,11
339146,339157,339161,4,11
339146,339157,339160,3,11
339146,339157,339160,3,11
339146,339157,339161,4,11
339146,339157,339161,4,11
339146,339157,339161,4,11
339146,339157,339161,4,11
339146,339157,339161,4,11
339146,339157,339160,3,11
339146,339157,339161,4,11
339165,339165,339169,4,0
339165,339165,339169,4,0
339165,339165,339169,4,0
339165,339165,339169,4,0
339165,339165,339169,4,0
339165,339165,339169,4,0
339165,339165,339169,4,0
339165,339165,339169,4,0
339165,339165,339169,4,0
339165,339165,339169,4,0
339165,339165,339169,4,0
339165,339165,339169,4,0
339165,339165,339169,4,0
339165,339165,339169,4,0
339165,339165,339169,4,0
339165,339165,339169,4,0
339165,339165,339169,4,0
339165,339165,339169,4,0
339165,339165,339169,4,0
339165,339165,339169,4,0
339165,339165,339169,4,0
339165,339165,339169,4,0
339165,339165,339169,4,0
339165,339165,339169,4,0
339165,339165,339169,4,0
339165,339165,339169,4,0
339165,339165,339169,4,0
339165,339165,339169,4,0
339165,339165,339170,5,0
339165,339165,339169,4,0
339165,339165,339169,4,0
339165,339165,339169,4,0
339165,339165,339170,5,0
339165,339165,339170,5,0
339165,339165,339169,4,0
339165,339165,339169,4,0
339165,339165,339170,5,0
339165,339165,339169,4,0
339165,339165,339169,4,0
339165,339165,339170,5,0
339165,339165,339169,4,0
339165,339165,339170,5,0
339165,339165,339169,4,0
339165,339165,339169,4,0
339165,339165,339169,4,0
339165,339165,339170,5,0
339165,339165,339169,4,0
339165,339165,339169,4,0
339165,339165,339170,5,0
339165,339165,339169,4,0
339165,339165,339169,4,0
339165,339165,339170,5,0
339165,339165,339170,5,0
339165,339165,339169,4,0
339165,339165,339169,4,0
339165,339165,339170,5,0
339165,339165,339170,5,0
339165,339165,339169,4,0
339165,339165,339169,4,0
339165,339165,339169,4,0
339165,339165,339169,4,0
339165,339165,339169,4,0
339165,339165,339169,4,0
339165,339165,339169,4,0
339165,339165,339170,5,0
339165,339165,339170,5,0
339165,339165,339170,5,0
339165,339165,339170,5,0
339165,339165,339170,5,0
339165,339165,339170,5,0
339165,339165,339170,5,0
339165,339165,339170,5,0
339165,339165,339170,5,0
339165,339165,339170,5,0
339165,339165,339170,5,0
339165,339165,339170,5,0
339165,339165,339170,5,0
339165,339165,339170,5,0
339165,339169,339170,1,4
339165,339169,339171,2,4
339165,339169,339171,2,4
339165,339165,339171,6,0
339165,339165,339170,5,0
339165,339169,339171,2,4
339165,339169,339171,2,4
339165,339169,339170,1,4
339165,339169,339171,2,4
339165,339169,339172,3,4
339165,339169,339172,3,4
339165,339170,339173,3,5
339165,339169,339173,4,4
339165,339169,339173,4,4
339165,339169,339173,4,4
339165,339169,339173,4,4
339165,339169,339173,4,4
339165,339169,339174,5,4
339165,339170,339174,4,5
339165,339170,339174,4,5
339165,339170,339174,4,5
339165,339170,339174,4,5
339165,339170,339174,4,5
339165,339170,339174,4,5
339165,339170,339174,4,5
339165,339170,339174,4,5
339165,339170,339174,4,5
339165,339170,339174,4,5
339165,339170,339174,4,5
339165,339170,339174,4,5
339165,339170,339174,4,5
339165,339170,339174,4,5
339165,339169,339173,4,4
339165,339170,339174,4,5
339165,339170,339174,4,5
339165,339170,339174,4,5
339165,339170,339174,4,5
339165,339170,339174,4,5
339165,339170,339174,4,5
339165,339170,339174,4,5
339165,339170,339174,4,5
339165,339170,339174,4,5
339165,339170,339174,4,5
339165,339170,339174,4,5
339165,339169,339174,5,4
339165,339169,339173,4,4
339165,339170,339174,4,5
339165,339170,339174,4,5
339165,339170,339174,4,5
339165,339170,339174,4,5
339165,339170,339174,4,5
339165,339170,339174,4,5
339165,339170,339174,4,5
339165,339170,339174,4,5
339165,339171,339174,3,6
339165,339170,339174,4,5
339165,339170,339174,4,5
339165,339170,339174,4,5
339165,339170,339174,4,5
339165,339170,339174,4,5
339165,339170,339174,4,5
339165,339170,339174,4,5
339165,339170,339174,4,5
339165,339170,339174,4,5
339165,339170,339174,4,5
339165,339170,339174,4,5
339165,339170,339174,4,5
339165,339170,339174,4,5
339165,339170,339174,4,5
339165,339170,339174,4,5
339165,339171,339175,4,6
339165,339171,339175,4,6
339165,339171,339175,4,6
339165,339171,339175,4,6
339165,339171,339175,4,6
339165,339170,339175,5,5
339165,339171,339175,4,6
339165,339171,339175,4,6
339165,339173,339175,2,8
339165,339170,339175,5,5
339165,339171,339175,4,6
339165,339171,339175,4,6
339165,339171,339175,4,6
339165,339174,339175,1,9
339165,339174,339175,1,9
339165,339174,339175,1,9
339165,339172,339175,3,7
339165,339172,339175,3,7
339165,339172,339175,3,7
339165,339171,339175,4,6
339165,339171,339175,4,6
339165,339171,339175,4,6
339165,339173,339175,2,8
339165,339174,339175,1,9
339165,339171,339175,4,6
339165,339171,339175,4,6
339165,339174,339176,2,9
339165,339174,339176,2,9
339165,339173,339176,3,8
339165,339174,339176,2,9
339165,339174,339176,2,9
339165,339174,339176,2,9
339165,339174,339176,2,9
339165,339175,339176,1,10
339165,339175,339176,1,10
339165,339175,339177,2,10
339165,339173,339176,3,8
339165,339175,339176,1,10
339165,339174,339177,3,9
339165,339174,339177,3,9
339165,339174,339177,3,9
339165,339174,339177,3,9
339165,339175,339177,2,10
339165,339175,339177,2,10
339165,339175,339177,2,10
339165,339175,339177,2,10
339165,339175,339177,2,10
339165,339175,339177,2,10
339165,339175,339177,2,10
339165,339175,339177,2,10
339165,339175,339177,2,10
339165,339175,339177,2,10
339181,339181,339185,4,0
339181,339181,339185,4,0
339181,339181,339185,4,0
339181,339181,339185,4,0
339181,339181,339186,5,0
339181,339181,339186,5,0
339181,339181,339185,4,0
339181,339181,339186,5,0
339181,339181,339186,5,0
339181,339181,339186,5,0
339181,339181,339186,5,0
339181,339181,339186,5,0
339181,339181,339186,5,0
339181,339181,339186,5,0
339181,339181,339186,5,0
339181,339181,339186,5,0
339181,339181,339186,5,0
339181,339181,339186,5,0
339181,339181,339186,5,0
339181,339181,339186,5,0
339181,339181,339186,5,0
339181,339181,339186,5,0
339181,339181,339186,5,0
339181,339181,339186,5,0
339181,339181,339186,5,0
339181,339181,339186,5,0
339181,339181,339186,5,0
339181,339181,339186,5,0
339181,339181,339186,5,0
339181,339181,339186,5,0
339181,339181,339186,5,0
339181,339181,339186,5,0
339181,339181,339186,5,0
339181,339181,339186,5,0
339181,339181,339186,5,0
339181,339181,339186,5,0
339181,339181,339186,5,0
339181,339181,339186,5,0
339181,339181,339186,5,0
339181,339181,339186,5,0
339181,339181,339186,5,0
339181,339181,339186,5,0
339181,339181,339186,5,0
339181,339181,339186,5,0
339181,339181,339186,5,0
339181,339181,339186,5,0
339181,339181,339186,5,0
339181,339181,339186,5,0
339181,339181,339186,5,0
339181,339181,339186,5,0
339181,339181,339186,5,0
339181,339181,339186,5,0
339181,339181,339186,5,0
339181,339181,339186,5,0
339181,339181,339186,5,0
339181,339181,339186,5,0
339181,339181,339186,5,0
339181,339181,339186,5,0
339181,339181,339187,6,0
339181,339181,339186,5,0
339181,339181,339186,5,0
339181,339181,339186,5,0
339181,339181,339186,5,0
339181,339181,339187,6,0
339181,339181,339187,6,0
339181,339181,339187,6,0
339181,339181,339187,6,0
339181,339181,339186,5,0
339181,339181,339186,5,0
339181,339181,339186,5,0
339181,339181,339186,5,0
339181,339181,339187,6,0
339181,339185,339187,2,4
339181,339185,339187,2,4
339181,339181,339187,6,0
339181,339185,339187,2,4
339181,339181,339187,6,0
339181,339181,339187,6,0
339181,339181,339187,6,0
339181,339185,339187,2,4
339181,339181,339187,6,0
339181,339181,339187,6,0
339181,339181,339187,6,0
339181,339181,339187,6,0
339181,339186,339187,1,5
339181,339186,339187,1,5
339181,339186,339187,1,5
339181,339186,339187,1,5
339181,339187,339191,4,6
339181,339187,339191,4,6
339181,339187,339191,4,6
339181,339187,339191,4,6
339181,339187,339191,4,6
339181,339187,339190,3,6
339181,339187,339191,4,6
339181,339187,339191,4,6
339181,339187,339191,4,6
339181,339187,339191,4,6
339181,339187,339191,4,6
339181,339187,339192,5,6
339181,339187,339192,5,6
339181,339187,339191,4,6
339181,339187,339191,4,6
339181,339187,339191,4,6
339181,339187,339191,4,6
339181,339187,339191,4,6
339181,339187,339191,4,6
339181,339187,339191,4,6
339181,339187,339192,5,6
339181,339187,339191,4,6
339181,339187,339191,4,6
339181,339187,339191,4,6
339181,339187,339191,4,6
339181,339187,339192,5,6
339181,339187,339192,5,6
339181,339187,339191,4,6
339181,339187,339192,5,6
339181,339187,339191,4,6
339181,339187,339191,4,6
339181,339187,339191,4,6
339181,339187,339191,4,6
339181,339187,339191,4,6
339181,339187,339191,4,6
339181,339187,339191,4,6
339181,339187,339191,4,6
339181,339187,339192,5,6
339181,339187,339191,4,6
339181,339187,339191,4,6
339181,339187,339191,4,6
339181,339187,339191,4,6
339181,339187,339191,4,6
339181,339187,339191,4,6
339181,339187,339192,5,6
339181,339187,339191,4,6
339181,339187,339191,4,6
339181,339187,339191,4,6
339181,339187,339191,4,6
339181,339187,339191,4,6
339181,339187,339191,4,6
339181,339187,339191,4,6
339181,339187,339191,4,6
339181,339187,339191,4,6
339181,339188,339192,4,7
339181,339187,339191,4,6
339181,339187,339191,4,6
339181,339187,339191,4,6
339181,339187,339191,4,6
339181,339187,339191,4,6
339181,339188,339192,4,7
339181,339187,339192,5,6
339181,339187,339191,4,6
339181,339187,339192,5,6
339181,339187,339192,5,6
339181,339188,339192,4,7
339181,339188,339192,4,7
339181,339191,339193,2,10
339181,339188,339192,4,7
339181,339188,339192,4,7
339181,339191,339193,2,10
339181,339188,339192,4,7
339181,339188,339192,4,7
339181,339191,339193,2,10
339181,339191,339193,2,10
339181,339191,339193,2,10
339181,339191,339193,2,10
339181,339188,339192,4,7
339181,339188,339192,4,7
339181,339188,339193,5,7
339181,339188,339192,4,7
339181,339188,339192,4,7
339181,339188,339193,5,7
339181,339188,339192,4,7
339181,339188,339193,5,7
339181,339192,339194,2,11
339181,339192,339194,2,11
339181,339192,339194,2,11
339181,339192,339194,2,11
339181,339188,339194,6,7
339181,339192,339194,2,11
339181,339192,339194,2,11
339181,339192,339195,3,11
339181,339192,339195,3,11
339181,339192,339195,3,11
339181,339192,339195,3,11
339181,339192,339195,3,11
339181,339192,339195,3,11
339181,339192,339195,3,11
339181,339192,339195,3,11
339181,339192,339194,2,11
339181,339192,339195,3,11
339181,339192,339194,2,11
339181,339192,339195,3,11
339181,339192,339195,3,11
339181,339192,339195,3,11
339181,339192,339195,3,11
339181,339192,339194,2,11
339181,339192,339195,3,11
339181,339192,339195,3,11
339181,339192,339195,3,11
339181,339192,339195,3,11
339200,339200,339204,4,0
339200,339200,339205,5,0
339200,339200,339204,4,0
339200,339200,339204,4,0
339200,339200,339204,4,0
339200,339200,339204,4,0
339200,339200,339204,4,0
339200,339200,339204,4,0
339200,339200,339204,4,0
339200,339200,339204,4,0
339200,339200,339204,4,0
339200,339200,339204,4,0
339200,339200,339204,4,0
339200,339200,339204,4,0
339200,339200,339204,4,0
339200,339200,339204,4,0
339200,339200,339204,4,0
339200,339200,339204,4,0
339200,339200,339204,4,0
339200,339200,339204,4,0
339200,339200,339204,4,0
339200,339200,339204,4,0
339200,339200,339204,4,0
339200,339200,339204,4,0
339200,339200,339204,4,0
339200,339200,339204,4,0
339200,339200,339204,4,0
339200,339200,339204,4,0
339200,339200,339204,4,0
339200,339200,339204,4,0
339200,339200,339205,5,0
339200,339200,339205,5,0
339200,339200,339204,4,0
339200,339200,339204,4,0
339200,339200,339204,4,0
339200,339200,339204,4,0
339200,339200,339204,4,0
339200,339200,339204,4,0
339200,339200,339205,5,0
339200,339200,339204,4,0
339200,339200,339204,4,0
339200,339200,339204,4,0
339200,339200,339204,4,0
339200,339200,339204,4,0
339200,339200,339205,5,0
339200,339200,339204,4,0
339200,339200,339204,4,0
339200,339200,339204,4,0
339200,339200,339204,4,0
339200,339200,339204,4,0
339200,339200,339204,4,0
339200,339200,339204,4,0
339200,339200,339205,5,0
339200,339200,339204,4,0
339200,339200,339204,4,0
339200,339200,339204,4,0
339200,339200,339204,4,0
339200,339200,339204,4,0
339200,339200,339204,4,0
339200,339200,339204,4,0
339200,339200,339205,5,0
339200,339200,339204,4,0
339200,339200,339204,4,0
339200,339200,339204,4,0
339200,339200,339204,4,0
339200,339200,339204,4,0
339200,339200,339204,4,0
339200,339200,339205,5,0
339200,339200,339204,4,0
339200,339200,339205,5,0
339200,339200,339205,5,0
339200,339200,339205,5,0
339200,339200,339206,6,0
339200,339200,339205,5,0
339200,339200,339205,5,0
339200,339200,339205,5,0
339200,339200,339205,5,0
339200,339200,339205,5,0
339200,339200,339205,5,0
339200,339200,339205,5,0
339200,339205,339209,4,5
339200,339205,339210,5,5
339200,339205,339210,5,5
339200,339205,339210,5,5
339200,339205,339210,5,5
339200,339205,339210,5,5
339200,339205,339210,5,5
339200,339205,339210,5,5
339200,339205,339210,5,5
339200,339205,339210,5,5
339200,339205,339210,5,5
339200,339205,339210,5,5
339200,339205,339210,5,5
339200,339205,339210,5,5
339200,339205,339210,5,5
339200,339205,339210,5,5
339200,339205,339210,5,5
339200,339205,339210,5,5
339200,339205,339210,5,5
339200,339205,339210,5,5
339200,339205,339210,5,5
339200,339205,339210,5,5
339200,339205,339210,5,5
339200,339205,339210,5,5
339200,339205,339210,5,5
339200,339205,339210,5,5
339200,339205,339210,5,5
339200,339205,339210,5,5
339200,339205,339210,5,5
339200,339205,339210,5,5
339200,339205,339210,5,5
339200,339205,339210,5,5
339200,339205,339210,5,5
339200,339205,339210,5,5
339200,339205,339210,5,5
339200,339205,339210,5,5
339200,339205,339210,5,5
339200,339205,339210,5,5
339200,339205,339210,5,5
339200,339205,339209,4,5
339200,339205,339210,5,5
339200,339205,339210,5,5
339200,339205,339210,5,5
339200,339205,339210,5,5
339200,339205,339210,5,5
339200,339205,339210,5,5
339200,339205,339210,5,5
339200,339205,339210,5,5
339200,339205,339210,5,5
339200,339205,339210,5,5
339200,339205,339210,5,5
339200,339205,339210,5,5
339200,339206,339210,4,6
339200,339205,339210,5,5
339200,339205,339210,5,5
339200,339206,339210,4,6
339200,339206,339210,4,6
339200,339206,339210,4,6
339200,339205,339211,6,5
339200,339205,339211,6,5
339200,339205,339210,5,5
339200,339205,339210,5,5
339200,339205,339210,5,5
339200,339205,339211,6,5
339200,339205,339210,5,5
339200,339205,339211,6,5
339200,339205,339211,6,5
339200,339205,339211,6,5
339200,339205,339210,5,5
339200,339205,339210,5,5
339200,339206,339211,5,6
339200,339206,339211,5,6
339200,339210,339211,1,10
339200,339206,339211,5,6
339200,339206,339211,5,6
339200,339205,339211,6,5
339200,339205,339211,6,5
339200,339205,339211,6,5
339200,339206,339211,5,6
339200,339206,339211,5,6
339200,339210,339212,2,10
339200,339210,339212,2,10
339200,339210,339212,2,10
339200,339210,339213,3,10
339200,339210,339213,3,10
339200,339210,339212,2,10
339200,339210,339213,3,10
339200,339210,339212,2,10
339200,339206,339212,6,6
339200,339210,339213,3,10
339200,339210,339213,3,10
339200,339211,339213,2,11
339200,339210,339213,3,10
339200,339210,339213,3,10
339200,339210,339213,3,10
339200,339210,339213,3,10
339200,339210,339213,3,10
339200,339210,339213,3,10
339200,339210,339213,3,10
339200,339211,339214,3,11
339200,339211,339214,3,11
339200,339210,339213,3,10
339200,339210,339213,3,10
339200,339211,339213,2,11
339200,339211,339213,2,11
339200,339211,339213,2,11
339200,339211,339213,2,11
339200,339211,339213,2,11
339200,339211,339213,2,11
339200,339211,339213,2,11
339200,339211,339213,2,11
339200,339211,339214,3,11
339200,339211,339214,3,11
339200,339211,339213,2,11
339200,339210,339214,4,10
339200,339210,339214,4,10
339200,339211,339214,3,11
339200,339211,339214,3,11
339200,339211,339214,3,11
339200,339211,339214,3,11
339218,339218,339223,5,0
339218,339218,339223,5,0
339218,339218,339223,5,0
339218,339218,339223,5,0
339218,339218,339223,5,0
339218,339218,339223,5,0
339218,339218,339223,5,0
339218,339218,339223,5,0
339218,339218,339223,5,0
339218,339218,339223,5,0
339218,339218,339223,5,0
339218,339218,339223,5,0
339218,339218,339223,5,0
339218,339218,339223,5,0
339218,339218,339223,5,0
339218,339218,339223,5,0
339218,339218,339223,5,0
339218,339218,339223,5,0
339218,339218,339223,5,0
339218,339218,339223,5,0
339218,339218,339223,5,0
339218,339218,339223,5,0
339218,339218,339223,5,0
339218,339218,339223,5,0
339218,339218,339223,5,0
339218,339218,339223,5,0
339218,339218,339223,5,0
339218,339218,339223,5,0
339218,339218,339223,5,0
339218,339218,339223,5,0
339218,339218,339223,5,0
339218,339218,339223,5,0
339218,339218,339223,5,0
339218,339218,339223,5,0
339218,339218,339223,5,0
339218,339218,339223,5,0
339218,339218,339223,5,0
339218,339218,339223,5,0
339218,339218,339223,5,0
339218,339218,339223,5,0
339218,339218,339223,5,0
339218,339218,339223,5,0
339218,339218,339223,5,0
339218,339218,339223,5,0
339218,339218,339223,5,0
339218,339218,339223,5,0
339218,339218,339223,5,0
339218,339218,339223,5,0
339218,339218,339223,5,0
339218,339218,339223,5,0
339218,339218,339223,5,0
339218,339218,339223,5,0
339218,339218,339223,5,0
339218,339218,339224,6,0
339218,339218,339224,6,0
339218,339218,339224,6,0
339218,339218,339225,7,0
339218,339218,339224,6,0
339218,339218,339224,6,0
339218,339218,339225,7,0
339218,339218,339224,6,0
339218,339218,339224,6,0
339218,339218,339224,6,0
339218,339218,339224,6,0
339218,339218,339224,6,0
339218,339218,339224,6,0
339218,339218,339224,6,0
339218,339218,339224,6,0
339218,339218,339224,6,0
339218,339218,339224,6,0
339218,339219,339225,6,1
339218,339218,339224,6,0
339218,339218,339224,6,0
339218,339218,339224,6,0
339218,339218,339225,7,0
339218,339218,339225,7,0
339218,339218,339225,7,0
339218,339218,339224,6,0
339218,339218,339224,6,0
339218,339218,339224,6,0
339218,339224,339229,5,6
339218,339224,339229,5,6
339218,339224,339229,5,6
339218,339224,339229,5,6
339218,339224,339229,5,6
339218,339224,339229,5,6
339218,339224,339229,5,6
339218,339224,339229,5,6
339218,339224,339228,4,6
339218,339224,339229,5,6
339218,339224,339229,5,6
339218,339224,339229,5,6
339218,339225,339229,4,7
339218,339224,339229,5,6
339218,339224,339229,5,6
339218,339224,339228,4,6
339218,339224,339229,5,6
339218,339224,339229,5,6
339218,339225,339229,4,7
339218,339225,339229,4,7
339218,339224,339229,5,6
339218,339224,339229,5,6
339218,339224,339229,5,6
339218,339224,339229,5,6
339218,339224,339229,5,6
339218,339224,339229,5,6
339218,339224,339229,5,6
339218,339224,339229,5,6
339218,339224,339229,5,6
339218,339224,339229,5,6
339218,339224,339229,5,6
339218,339224,339229,5,6
339218,339224,339229,5,6
339218,339224,339229,5,6
339218,339224,339229,5,6
339218,339224,339229,5,6
339218,339224,339229,5,6
339218,339224,339229,5,6
339218,339225,339229,4,7
339218,339224,339229,5,6
339218,339224,339228,4,6
339218,339224,339229,5,6
339218,339224,339229,5,6
339218,339224,339229,5,6
339218,339225,339229,4,7
339218,339225,339229,4,7
339218,339224,339229,5,6
339218,339224,339229,5,6
339218,339224,339229,5,6
339218,339224,339229,5,6
339218,339224,339229,5,6
339218,339224,339229,5,6
339218,339224,339230,6,6
339218,339224,339229,5,6
339218,339225,339230,5,7
339218,339225,339229,4,7
339218,339225,339230,5,7
339218,339225,339229,4,7
339218,339225,339230,5,7
339218,339225,339230,5,7
339218,339224,339229,5,6
339218,339224,339229,5,6
339218,339225,339230,5,7
339218,339225,339229,4,7
339218,339224,339229,5,6
339218,339224,339229,5,6
339218,339224,339229,5,6
339218,339224,339230,6,6
339218,339225,339230,5,7
339218,339225,339229,4,7
339218,339225,339230,5,7
339218,339225,339229,4,7
339218,339224,339230,6,6
339218,339224,339230,6,6
339218,339225,339230,5,7
339218,339229,339231,2,11
339218,339225,339231,6,7
339218,339229,339231,2,11
339218,339229,339231,2,11
339218,339225,339230,5,7
339218,339225,339231,6,7
339218,339229,339231,2,11
339218,339229,339231,2,11
339218,339229,339231,2,11
339218,339229,339231,2,11
339218,339229,339231,2,11
339218,339225,339232,7,7
339218,339225,339231,6,7
339218,339229,339232,3,11
339218,339229,339232,3,11
339218,339229,339231,2,11
339218,339229,339232,3,11
339218,339229,339232,3,11
339218,339229,339232,3,11
339218,339229,339232,3,11
339218,339229,339231,2,11
339218,339229,339231,2,11
339218,339229,339232,3,11
339218,339229,339232,3,11
339218,339229,339232,3,11
339218,339229,339232,3,11
339218,339229,339232,3,11
339218,339229,339232,3,11
339218,339229,339231,2,11
339218,339229,339232,3,11
339218,339229,339232,3,11
339218,339229,339232,3,11
339218,339229,339232,3,11
339218,339229,339233,4,11
339218,339229,339232,3,11
339218,339229,339232,3,11
339218,339229,339232,3,11
339218,339229,339233,4,11
339218,339229,339233,4,11
339218,339229,339232,3,11
339218,339229,339233,4,11
339218,339229,339232,3,11
339218,339229,339232,3,11
339218,339229,339232,3,11
339218,339229,339233,4,11
339237,339237,339241,4,0
339237,339237,339242,5,0
339237,339237,339242,5,0
339237,339237,339242,5,0
339237,339237,339242,5,0
339237,339237,339242,5,0
339237,339237,339242,5,0
339237,339237,339241,4,0
339237,339237,339242,5,0
339237,339237,339241,4,0
339237,339237,339242,5,0
339237,339237,339241,4,0
339237,339237,339241,4,0
339237,339237,339241,4,0
339237,339237,339241,4,0
339237,339237,339242,5,0
339237,339237,339242,5,0
339237,339237,339241,4,0
339237,339237,339241,4,0
339237,339237,339242,5,0
339237,339237,339242,5,0
339237,339237,339242,5,0
339237,339237,339241,4,0
339237,339237,339242,5,0
339237,339237,339241,4,0
339237,339237,339241,4,0
339237,339237,339242,5,0
339237,339237,339242,5,0
339237,339237,339242,5,0
339237,339237,339242,5,0
339237,339237,339241,4,0
339237,339237,339242,5,0
339237,339237,339241,4,0
339237,339237,339242,5,0
339237,339237,339242,5,0
339237,339237,339242,5,0
339237,339237,339241,4,0
339237,339237,339242,5,0
339237,339237,339241,4,0
339237,339237,339241,4,0
339237,339237,339241,4,0
339237,339237,339242,5,0
339237,339237,339242,5,0
339237,339237,339241,4,0
339237,339237,339241,4,0
339237,339237,339242,5,0
339237,339237,339242,5,0
339237,339237,339241,4,0
339237,339237,339242,5,0
339237,339237,339241,4,0
339237,339237,339242,5,0
339237,339237,339242,5,0
339237,339237,339242,5,0
339237,339237,339242,5,0
339237,339237,339242,5,0
339237,339237,339242,5,0
339237,339237,339241,4,0
339237,339237,339242,5,0
339237,339237,339241,4,0
339237,339237,339241,4,0
339237,339237,339242,5,0
339237,339237,339242,5,0
339237,339237,339242,5,0
339237,339237,339242,5,0
339237,339237,339243,6,0
339237,339237,339242,5,0
339237,339237,339242,5,0
339237,339237,339242,5,0
339237,339237,339242,5,0
339237,339237,339242,5,0
339237,339237,339242,5,0
339237,339237,339242,5,0
339237,339237,339243,6,0
339237,339237,339243,6,0
339237,339237,339242,5,0
339237,339237,339242,5,0
339237,339237,339243,6,0
339237,339237,339242,5,0
339237,339237,339243,6,0
339237,339237,339243,6,0
339237,339242,339246,4,5
339237,339242,339246,4,5
339237,339242,339246,4,5
339237,339242,339247,5,5
339237,339242,339247,5,5
339237,339242,339247,5,5
339237,339242,339247,5,5
339237,339242,339247,5,5
339237,339242,339247,5,5
339237,339243,339247,4,6
339237,339242,339247,5,5
339237,339242,339247,5,5
339237,339242,339247,5,5
339237,339242,339247,5,5
339237,339242,339247,5,5
339237,339242,339247,5,5
339237,339242,339247,5,5
339237,339242,339247,5,5
339237,339242,339247,5,5
339237,339242,339247,5,5
339237,339242,339247,5,5
339237,339242,339247,5,5
339237,339242,339248,6,5
339237,339242,339247,5,5
339237,339243,339247,4,6
339237,339242,339247,5,5
339237,339242,339247,5,5
339237,339242,339247,5,5
339237,339242,339247,5,5
339237,339242,339247,5,5
339237,339242,339247,5,5
339237,339244,339247,3,7
339237,339242,339247,5,5
339237,339242,339247,5,5
339237,339242,339247,5,5
339237,339242,339247,5,5
339237,339242,339247,5,5
339237,339242,339247,5,5
339237,339242,339247,5,5
339237,339242,339247,5,5
339237,339242,339247,5,5
339237,339242,339247,5,5
339237,339242,339247,5,5
339237,339242,339247,5,5
339237,339242,339247,5,5
339237,339242,339247,5,5
339237,339242,339247,5,5
339237,339242,339247,5,5
339237,339242,339247,5,5
339237,339244,339247,3,7
339237,339242,339247,5,5
339237,339242,339247,5,5
339237,339242,339247,5,5
339237,339242,339247,5,5
339237,339242,339247,5,5
339237,339242,339247,5,5
339237,339242,339247,5,5
339237,339242,339247,5,5
339237,339244,339247,3,7
339237,339244,339248,4,7
339237,339244,339247,3,7
339237,339242,339247,5,5
339237,339242,339247,5,5
339237,339242,339247,5,5
339237,339242,339247,5,5
339237,339242,339247,5,5
339237,339242,339247,5,5
339237,339244,339248,4,7
339237,339247,339248,1,10
339237,339247,339248,1,10
339237,339244,339248,4,7
339237,339247,339248,1,10
339237,339244,339248,4,7
339237,339244,339248,4,7
339237,339244,339248,4,7
339237,339244,339248,4,7
339237,339244,339248,4,7
339237,339244,339248,4,7
339237,339244,339248,4,7
339237,339244,339248,4,7
339237,339244,339248,4,7
339237,339242,339248,6,5
339237,339244,339248,4,7
339237,339248,339250,2,11
339237,339248,339250,2,11
339237,339248,339251,3,11
339237,339248,339250,2,11
339237,339248,339250,2,11
339237,339248,339250,2,11
339237,339248,339250,2,11
339237,339248,339250,2,11
339237,339248,339250,2,11
339237,339248,339251,3,11
339237,339248,339251,3,11
339237,339248,339250,2,11
339237,339248,339250,2,11
339237,339248,339251,3,11
339237,339248,339250,2,11
339237,339248,339250,2,11
339237,339248,339251,3,11
339237,339248,339251,3,11
339237,339248,339251,3,11
339237,339248,339250,2,11
339237,339248,339250,2,11
339237,339248,339251,3,11
339237,339248,339251,3,11
339237,339248,339251,3,11
339237,339248,339251,3,11
339237,339248,339250,2,11
339237,339248,339250,2,11
339237,339248,339251,3,11
339237,339248,339251,3,11
339237,339248,339251,3,11
339237,339248,339251,3,11
339237,339248,339251,3,11
339237,339248,339251,3,11
339237,339248,339251,3,11
339237,339248,339251,3,11
339237,339248,339251,3,11
339237,339248,339251,3,11
339255,339255,339260,5,0
339255,339255,339259,4,0
339255,339255,339260,5,0
339255,339255,339260,5,0
339255,339255,339260,5,0
339255,339256,339260,4,1
339255,339256,339260,4,1
339255,339256,339260,4,1
339255,339256,339260,4,1
339255,339255,339260,5,0
339255,339255,339260,5,0
339255,339255,339260,5,0
339255,339256,339260,4,1
339255,339256,339260,4,1
339255,339256,339261,5,1
339255,339256,339261,5,1
339255,339256,339260,4,1
339255,339255,339260,5,0
339255,339255,339260,5,0
339255,339255,339260,5,0
339255,339256,339260,4,1
339255,339256,339260,4,1
339255,339256,339260,4,1
339255,339256,339260,4,1
339255,339256,339260,4,1
339255,339255,339260,5,0
339255,339255,339260,5,0
339255,339255,339260,5,0
339255,339256,339260,4,1
339255,339256,339260,4,1
339255,339256,339261,5,1
339255,339255,339260,5,0
339255,339255,339260,5,0
339255,339255,339260,5,0
339255,339256,339260,4,1
339255,339256,339260,4,1
339255,339256,339260,4,1
339255,339256,339260,4,1
339255,339256,339261,5,1
339255,339255,339260,5,0
339255,339255,339260,5,0
339255,339255,339260,5,0
339255,339256,339260,4,1
339255,339256,339260,4,1
339255,339256,339260,4,1
339255,339256,339260,4,1
339255,339256,339260,4,1
339255,339255,339260,5,0
339255,339255,339260,5,0
339255,339255,339260,5,0
339255,339256,339260,4,1
339255,339256,339260,4,1
339255,339256,339260,4,1
339255,339256,339260,4,1
339255,339255,339260,5,0
339255,339255,339260,5,0
339255,339255,339260,5,0
339255,339256,339260,4,1
339255,339255,339260,5,0
339255,339255,339260,5,0
339255,339256,339260,4,1
339255,339256,339260,4,1
339255,339256,339261,5,1
339255,339256,339260,4,1
339255,339255,339260,5,0
339255,339255,339260,5,0
339255,339256,339260,4,1
339255,339256,339261,5,1
339255,339256,339261,5,1
339255,339256,339261,5,1
339255,339256,339261,5,1
339255,339260,339261,1,5
339255,339256,339261,5,1
339255,339256,339261,5,1
339255,339260,339261,1,5
339255,339256,339261,5,1
339255,339256,339261,5,1
339255,339256,339261,5,1
339255,339260,339261,1,5
339255,339256,339261,5,1
339255,339256,339261,5,1
339255,339256,339261,5,1
339255,339256,339262,6,1
339255,339261,339265,4,6
339255,339261,339265,4,6
339255,339261,339265,4,6
339255,339261,339265,4,6
339255,339261,339265,4,6
339255,339261,339265,4,6
339255,339261,339265,4,6
339255,339261,339265,4,6
339255,339261,339265,4,6
339255,339261,339265,4,6
339255,339261,339266,5,6
339255,339261,339266,5,6
339255,339261,339265,4,6
339255,339261,339265,4,6
339255,339261,339265,4,6
339255,339261,339266,5,6
339255,339261,339266,5,6
339255,339261,339265,4,6
339255,339261,339265,4,6
339255,339261,339265,4,6
339255,339261,339265,4,6
339255,339261,339265,4,6
339255,339261,339265,4,6
339255,339261,339266,5,6
339255,339261,339266,5,6
339255,339261,339265,4,6
339255,339261,339266,5,6
339255,339261,339265,4,6
339255,339261,339265,4,6
339255,339261,339265,4,6
339255,339261,339265,4,6
339255,339262,339265,3,7
339255,339262,339265,3,7
339255,339262,339265,3,7
339255,339262,339265,3,7
339255,339261,339265,4,6
339255,339261,339265,4,6
339255,339261,339265,4,6
339255,339261,339266,5,6
339255,339262,339266,4,7
339255,339261,339265,4,6
339255,339261,339265,4,6
339255,339261,339265,4,6
339255,339261,339265,4,6
339255,339262,339266,4,7
339255,339262,339266,4,7
339255,339262,339266,4,7
339255,339261,339265,4,6
339255,339261,339265,4,6
339255,339261,339265,4,6
339255,339261,339265,4,6
339255,339261,339265,4,6
339255,339262,339265,3,7
339255,339261,339265,4,6
339255,339261,339265,4,6
339255,339261,339265,4,6
339255,339261,339265,4,6
339255,339261,339265,4,6
339255,339261,339265,4,6
339255,339262,339266,4,7
339255,339261,339265,4,6
339255,339261,339265,4,6
339255,339261,339265,4,6
339255,339261,339265,4,6
339255,339261,339265,4,6
339255,339262,339266,4,7
339255,339261,339266,5,6
339255,339261,339266,5,6
339255,339261,339267,6,6
339255,339261,339266,5,6
339255,339261,339267,6,6
339255,339261,339266,5,6
339255,339261,339267,6,6
339255,339261,339267,6,6
339255,339261,339266,5,6
339255,339262,339266,4,7
339255,339265,339267,2,10
339255,339263,339267,4,8
339255,339265,339267,2,10
339255,339262,339267,5,7
339255,339265,339267,2,10
339255,339261,339266,5,6
339255,339262,339267,5,7
339255,339265,339267,2,10
339255,339266,339268,2,11
339255,339266,339268,2,11
339255,339266,339268,2,11
339255,339266,339268,2,11
339255,339265,339267,2,10
339255,339266,339268,2,11
339255,339265,339267,2,10
339255,339266,339268,2,11
339255,339266,339268,2,11
339255,339266,339268,2,11
339255,339266,339268,2,11
339255,339266,339268,2,11
339255,339266,339269,3,11
339255,339266,339269,3,11
339255,339266,339269,3,11
339255,339266,339269,3,11
339255,339266,339269,3,11
339255,339266,339269,3,11
339255,339266,339269,3,11
339255,339266,339269,3,11
339255,339266,339269,3,11
339255,339266,339269,3,11
339255,339266,339269,3,11
339255,339266,339269,3,11
339255,339266,339269,3,11
339255,339266,339269,3,11
339255,339266,339269,3,11
339255,339266,339269,3,11
339255,339266,339269,3,11
339255,339266,339269,3,11
339255,339266,339269,3,11
339255,339266,339269,3,11
339255,339266,339268,2,11
339273,339273,339278,5,0
339273,339273,339278,5,0
339273,339273,339278,5,0
339273,339273,339278,5,0
339273,339273,339278,5,0
339273,339273,339278,5,0
339273,339273,339278,5,0
339273,339273,339278,5,0
339273,339273,339278,5,0
339273,339273,339278,5,0
339273,339273,339278,5,0
339273,339273,339278,5,0
339273,339273,339278,5,0
339273,339273,339278,5,0
339273,339273,339278,5,0
339273,339273,339278,5,0
339273,339273,339278,5,0
339273,339273,339278,5,0
339273,339273,339278,5,0
339273,339273,339278,5,0
339273,339273,339278,5,0
339273,339273,339278,5,0
339273,339273,339278,5,0
339273,339273,339278,5,0
339273,339273,339278,5,0
339273,339273,339278,5,0
339273,339273,339278,5,0
339273,339273,339278,5,0
339273,339273,339278,5,0
339273,339273,339278,5,0
339273,339273,339278,5,0
339273,339273,339278,5,0
339273,339273,339278,5,0
339273,339273,339278,5,0
339273,339273,339278,5,0
339273,339273,339278,5,0
339273,339273,339278,5,0
339273,339273,339278,5,0
339273,339273,339278,5,0
339273,339273,339278,5,0
339273,339273,339278,5,0
339273,339273,339278,5,0
339273,339273,339278,5,0
339273,339273,339278,5,0
339273,339273,339278,5,0
339273,339273,339278,5,0
339273,339273,339278,5,0
339273,339273,339278,5,0
339273,339273,339278,5,0
339273,339273,339278,5,0
339273,339273,339278,5,0
339273,339273,339278,5,0
339273,339273,339278,5,0
339273,339273,339278,5,0
339273,339273,339278,5,0
339273,339273,339278,5,0
339273,339273,339277,4,0
339273,339273,339278,5,0
339273,339273,339278,5,0
339273,339273,339278,5,0
339273,339273,339279,6,0
339273,339273,339278,5,0
339273,339273,339280,7,0
339273,339273,339279,6,0
339273,339273,339279,6,0
339273,339273,339279,6,0
339273,339273,339279,6,0
339273,339273,339279,6,0
339273,339273,339279,6,0
339273,339273,339279,6,0
339273,339273,339279,6,0
339273,339273,339279,6,0
339273,339273,339279,6,0
339273,339273,339279,6,0
339273,339273,339279,6,0
339273,339273,339279,6,0
339273,339273,339279,6,0
339273,339273,339279,6,0
339273,339273,339280,7,0
339273,339273,339280,7,0
339273,339279,339283,4,6
339273,339278,339284,6,5
339273,339279,339284,5,6
339273,339279,339284,5,6
339273,339279,339284,5,6
339273,339279,339284,5,6
339273,339279,339284,5,6
339273,339279,339284,5,6
339273,339279,339284,5,6
339273,339279,339284,5,6
339273,339279,339284,5,6
339273,339279,339284,5,6
339273,339279,339284,5,6
339273,339279,339284,5,6
339273,339279,339284,5,6
339273,339279,339284,5,6
339273,339279,339284,5,6
339273,339279,339284,5,6
339273,339279,339284,5,6
339273,339279,339284,5,6
339273,339279,339284,5,6
339273,339279,339284,5,6
339273,339279,339284,5,6
339273,339279,339284,5,6
339273,339279,339284,5,6
339273,339279,339285,6,6
339273,339279,339284,5,6
339273,339279,339284,5,6
339273,339279,339284,5,6
339273,339279,339284,5,6
339273,339279,339284,5,6
339273,339279,339284,5,6
339273,339279,339284,5,6
339273,339279,339284,5,6
339273,339279,339284,5,6
339273,339279,339284,5,6
339273,339279,339284,5,6
339273,339280,339284,4,7
339273,339279,339284,5,6
339273,339279,339284,5,6
339273,339279,339284,5,6
339273,339279,339284,5,6
339273,339279,339284,5,6
339273,339280,339285,5,7
339273,339279,339284,5,6
339273,339279,339284,5,6
339273,339279,339284,5,6
339273,339279,339284,5,6
339273,339280,339284,4,7
339273,339279,339284,5,6
339273,339279,339284,5,6
339273,339279,339284,5,6
339273,339279,339284,5,6
339273,339279,339284,5,6
339273,339279,339284,5,6
339273,339280,339285,5,7
339273,339279,339284,5,6
339273,339279,339284,5,6
339273,339279,339284,5,6
339273,339279,339284,5,6
339273,339279,339284,5,6
339273,339280,339284,4,7
339273,339279,339284,5,6
339273,339279,339284,5,6
339273,339280,339284,4,7
339273,339280,339284,4,7
339273,339279,339284,5,6
339273,339280,339284,4,7
339273,339280,339285,5,7
339273,339279,339285,6,6
339273,339285,339286,1,12
339273,339279,339285,6,6
339273,339285,339286,1,12
339273,339280,339285,5,7
339273,339284,339286,2,11
339273,339284,339286,2,11
339273,339280,339285,5,7
339273,339284,339285,1,11
339273,339280,339285,5,7
339273,339284,339286,2,11
339273,339284,339286,2,11
339273,339281,339285,4,8
339273,339284,339286,2,11
339273,339284,339286,2,11
339273,339284,339286,2,11
339273,339281,339285,4,8
339273,339284,339286,2,11
339273,339284,339286,2,11
339273,339284,339286,2,11
339273,339284,339286,2,11
339273,339280,339286,6,7
339273,339280,339285,5,7
339273,339280,339285,5,7
339273,339280,339285,5,7
339273,339285,339286,1,12
339273,339285,339286,1,12
339273,339285,339286,1,12
339273,339285,339286,1,12
339273,339285,339286,1,12
339273,339285,339286,1,12
339273,339285,339287,2,12
339273,339285,339287,2,12
339273,339285,339286,1,12
339273,339285,339286,1,12
339273,339285,339286,1,12
339273,339285,339287,2,12
339273,339285,339287,2,12
339273,339285,339287,2,12
339273,339285,339287,2,12
339273,339285,339287,2,12
339273,339285,339287,2,12
339273,339285,339287,2,12
339273,339285,339287,2,12
339273,339285,339287,2,12
339273,339285,339287,2,12
339273,339285,339287,2,12
339273,339285,339288,3,12
339273,339285,339287,2,12
339273,339285,339287,2,12
339273,339285,339287,2,12
339292,339292,339295,3,0
339292,339292,339295,3,0
339292,339292,339295,3,0
339292,339292,339295,3,0
339292,339292,339295,3,0
339292,339292,339296,4,0
339292,339292,339295,3,0
339292,339292,339295,3,0
339292,339292,339296,4,0
339292,339292,339296,4,0
339292,339292,339295,3,0
339292,339292,339295,3,0
339292,339292,339295,3,0
339292,339292,339296,4,0
339292,339292,339295,3,0
339292,339292,339295,3,0
339292,339292,339295,3,0
339292,339292,339295,3,0
339292,339292,339295,3,0
339292,339292,339296,4,0
339292,339292,339295,3,0
339292,339292,339296,4,0
339292,339292,339295,3,0
339292,339292,339295,3,0
339292,339292,339295,3,0
339292,339292,339296,4,0
339292,339292,339295,3,0
339292,339292,339296,4,0
339292,339292,339296,4,0
339292,339292,339296,4,0
339292,339292,339295,3,0
339292,339292,339296,4,0
339292,339292,339296,4,0
339292,339292,339295,3,0
339292,339292,339295,3,0
339292,339292,339296,4,0
339292,339292,339296,4,0
339292,339292,339295,3,0
339292,339292,339295,3,0
339292,339292,339295,3,0
339292,339292,339295,3,0
339292,339292,339296,4,0
339292,339292,339295,3,0
339292,339292,339296,4,0
339292,339292,339296,4,0
339292,339292,339295,3,0
339292,339292,339296,4,0
339292,339292,339296,4,0
339292,339292,339296,4,0
339292,339292,339296,4,0
339292,339292,339297,5,0
339292,339292,339297,5,0
339292,339292,339296,4,0
339292,339292,339296,4,0
339292,339292,339296,4,0
339292,339292,339296,4,0
339292,339292,339296,4,0
339292,339292,339297,5,0
339292,339292,339297,5,0
339292,339292,339296,4,0
339292,339292,339296,4,0
339292,339292,339296,4,0
339292,339292,339297,5,0
339292,339292,339296,4,0
339292,339292,339296,4,0
339292,339292,339296,4,0
339292,339292,339296,4,0
339292,339292,339296,4,0
339292,339292,339296,4,0
339292,339292,339296,4,0
339292,339292,339296,4,0
339292,339292,339296,4,0
339292,339292,339296,4,0
339292,339292,339296,4,0
339292,339292,339296,4,0
339292,339292,339296,4,0
339292,339292,339298,6,0
339292,339292,339297,5,0
339292,339292,339297,5,0
339292,339292,339297,5,0
339292,339296,339299,3,4
339292,339296,339299,3,4
339292,339296,339300,4,4
339292,339297,339301,4,5
339292,339296,339300,4,4
339292,339296,339300,4,4
339292,339296,339301,5,4
339292,339296,339301,5,4
339292,339296,339301,5,4
339292,339296,339301,5,4
339292,339296,339301,5,4
339292,339296,339301,5,4
339292,339296,339301,5,4
339292,339296,339301,5,4
339292,339296,339300,4,4
339292,339296,339301,5,4
339292,339297,339301,4,5
339292,339296,339301,5,4
339292,339296,339301,5,4
339292,339296,339300,4,4
339292,339296,339301,5,4
339292,339296,339301,5,4
339292,339296,339301,5,4
339292,339296,339300,4,4
339292,339296,339301,5,4
339292,339296,339301,5,4
339292,339296,339301,5,4
339292,339296,339301,5,4
339292,339296,339301,5,4
339292,339296,339301,5,4
339292,339296,339300,4,4
339292,339296,339301,5,4
339292,339297,339301,4,5
339292,339296,339301,5,4
339292,339296,339301,5,4
339292,339296,339301,5,4
339292,339296,339301,5,4
339292,339296,339300,4,4
339292,339296,339301,5,4
339292,339296,339301,5,4
339292,339296,339301,5,4
339292,339297,339301,4,5
339292,339297,339301,4,5
339292,339296,339301,5,4
339292,339296,339301,5,4
339292,339296,339301,5,4
339292,339296,339301,5,4
339292,339297,339301,4,5
339292,339296,339301,5,4
339292,339296,339301,5,4
339292,339296,339301,5,4
339292,339297,339301,4,5
339292,339297,339301,4,5
339292,339297,339301,4,5
339292,339297,339301,4,5
339292,339297,339301,4,5
339292,339297,339301,4,5
339292,339297,339302,5,5
339292,339297,339302,5,5
339292,339297,339301,4,5
339292,339297,339301,4,5
339292,339297,339301,4,5
339292,339298,339302,4,6
339292,339298,339302,4,6
339292,339296,339301,5,4
339292,339298,339302,4,6
339292,339297,339301,4,5
339292,339299,339302,3,7
339292,339297,339301,4,5
339292,339297,339301,4,5
339292,339297,339302,5,5
339292,339297,339302,5,5
339292,339300,339302,2,8
339292,339297,339303,6,5
339292,339297,339302,5,5
339292,339297,339302,5,5
339292,339297,339302,5,5
339292,339297,339302,5,5
339292,339297,339302,5,5
339292,339299,339302,3,7
339292,339298,339302,4,6
339292,339301,339303,2,9
339292,339301,339303,2,9
339292,339301,339303,2,9
339292,339301,339303,2,9
339292,339301,339303,2,9
339292,339301,339303,2,9
339292,339297,339303,6,5
339292,339301,339303,2,9
339292,339302,339303,1,10
339292,339297,339303,6,5
339292,339301,339303,2,9
339292,339301,339303,2,9
339292,339301,339303,2,9
339292,339301,339303,2,9
339292,339301,339303,2,9
339292,339301,339304,3,9
339292,339302,339304,2,10
339292,339302,339304,2,10
339292,339302,339304,2,10
339292,339302,339304,2,10
339292,339302,339304,2,10
339292,339302,339304,2,10
339292,339302,339304,2,10
339292,339301,339304,3,9
339292,339301,339304,3,9
339292,339301,339304,3,9
339292,339302,339304,2,10
339292,339302,339305,3,10
339292,339302,339304,2,10
339292,339302,339304,2,10
339292,339302,339305,3,10
339292,339302,339304,2,10
339292,339302,339304,2,10
339292,339302,339304,2,10
339292,339302,339304,2,10
339292,339302,339305,3,10
339292,339302,339304,2,10
339292,339302,339305,3,10
339292,339302,339305,3,10
339309,339309,339313,4,0
339309,339309,339313,4,0
339309,339309,339313,4,0
339309,339309,339313,4,0
339309,339309,339313,4,0
339309,339309,339313,4,0
339309,339309,339313,4,0
339309,339309,339314,5,0
339309,339309,339313,4,0
339309,339309,339313,4,0
339309,339309,339314,5,0
339309,339309,339314,5,0
339309,339309,339314,5,0
339309,339309,339314,5,0
339309,339309,339314,5,0
339309,339309,339313,4,0
339309,339309,339314,5,0
339309,339309,339314,5,0
339309,339309,339313,4,0
339309,339309,339314,5,0
339309,339309,339314,5,0
339309,339309,339314,5,0
339309,339309,339314,5,0
339309,339309,339314,5,0
339309,339309,339314,5,0
339309,339309,339314,5,0
339309,339309,339314,5,0
339309,339309,339314,5,0
339309,339309,339314,5,0
339309,339309,339314,5,0
339309,339309,339314,5,0
339309,339309,339314,5,0
339309,339309,339314,5,0
339309,339309,339314,5,0
339309,339309,339314,5,0
339309,339309,339314,5,0
339309,339309,339314,5,0
339309,339309,339314,5,0
339309,339309,339314,5,0
339309,339309,339314,5,0
339309,339309,339314,5,0
339309,339309,339314,5,0
339309,339309,339314,5,0
339309,339309,339314,5,0
339309,339309,339314,5,0
339309,339309,339314,5,0
339309,339309,339314,5,0
339309,339309,339314,5,0
339309,339309,339314,5,0
339309,339309,339314,5,0
339309,339309,339314,5,0
339309,339309,339314,5,0
339309,339309,339314,5,0
339309,339309,339314,5,0
339309,339309,339314,5,0
339309,339309,339314,5,0
339309,339309,339314,5,0
339309,339309,339314,5,0
339309,339309,339315,6,0
339309,339309,339315,6,0
339309,339309,339314,5,0
339309,339309,339315,6,0
339309,339309,339315,6,0
339309,339309,339314,5,0
339309,339309,339315,6,0
339309,339313,339315,2,4
339309,339309,339315,6,0
339309,339313,339315,2,4
339309,339309,339315,6,0
339309,339309,339315,6,0
339309,339309,339315,6,0
339309,339309,339315,6,0
339309,339309,339315,6,0
339309,339309,339315,6,0
339309,339309,339315,6,0
339309,339313,339316,3,4
339309,339309,339315,6,0
339309,339309,339315,6,0
339309,339313,339316,3,4
339309,339309,339315,6,0
339309,339313,339316,3,4
339309,339313,339316,3,4
339309,339309,339316,7,0
339309,339309,339316,7,0
339309,339309,339316,7,0
339309,339309,339316,7,0
339309,339314,339319,5,5
339309,339316,339319,3,7
339309,339316,339319,3,7
339309,339316,339319,3,7
339309,339316,339319,3,7
339309,339314,339319,5,5
339309,339316,339319,3,7
339309,339314,339319,5,5
339309,339314,339319,5,5
339309,339314,339319,5,5
339309,339315,339319,4,6
339309,339315,339319,4,6
339309,339315,339319,4,6
339309,339315,339319,4,6
339309,339315,339319,4,6
339309,339315,339319,4,6
339309,339315,339319,4,6
339309,339315,339319,4,6
339309,339316,339319,3,7
339309,339315,339319,4,6
339309,339315,339319,4,6
339309,339315,339319,4,6
339309,339315,339319,4,6
339309,339315,339319,4,6
339309,339316,339319,3,7
339309,339316,339320,4,7
339309,339314,339319,5,5
339309,339314,339319,5,5
339309,339314,339319,5,5
339309,339314,339319,5,5
339309,339314,339319,5,5
339309,339314,339319,5,5
339309,339314,339319,5,5
339309,339314,339319,5,5
339309,339316,339319,3,7
339309,339316,339319,3,7
339309,339314,339319,5,5
339309,339314,339319,5,5
339309,339314,339319,5,5
339309,339314,339319,5,5
339309,339315,339319,4,6
339309,339315,339319,4,6
339309,339316,339319,3,7
339309,339316,339319,3,7
339309,339315,339319,4,6
339309,339315,339319,4,6
339309,339316,339319,3,7
339309,339316,339319,3,7
339309,339316,339320,4,7
339309,339315,339319,4,6
339309,339315,339319,4,6
339309,339315,339319,4,6
339309,339315,339320,5,6
339309,339315,339319,4,6
339309,339315,339319,4,6
339309,339315,339319,4,6
339309,339315,339319,4,6
339309,339315,339319,4,6
339309,339315,339319,4,6
339309,339315,339319,4,6
339309,339315,339319,4,6
339309,339315,339319,4,6
339309,339315,339319,4,6
339309,339315,339319,4,6
339309,339316,339320,4,7
339309,339316,339320,4,7
339309,339316,339320,4,7
339309,339317,339320,3,8
339309,339319,339321,2,10
339309,339315,339320,5,6
339309,339316,339320,4,7
339309,339317,339320,3,8
339309,339319,339321,2,10
339309,339319,339321,2,10
339309,339317,339320,3,8
339309,339319,339321,2,10
339309,339319,339320,1,10
339309,339317,339320,3,8
339309,339319,339321,2,10
339309,339319,339321,2,10
339309,339317,339320,3,8
339309,339316,339320,4,7
339309,339316,339321,5,7
339309,339316,339320,4,7
339309,339316,339320,4,7
339309,339316,339320,4,7
339309,339316,339321,5,7
339309,339320,339321,1,11
339309,339320,339321,1,11
339309,339320,339322,2,11
339309,339320,339322,2,11
339309,339320,339321,1,11
339309,339320,339321,1,11
339309,339320,339322,2,11
339309,339320,339322,2,11
339309,339320,339322,2,11
339309,339320,339322,2,11
339309,339320,339323,3,11
339309,339320,339322,2,11
339309,339320,339323,3,11
339309,339320,339323,3,11
339309,339320,339322,2,11
339309,339320,339323,3,11
339309,339320,339323,3,11
339309,339320,339323,3,11
339309,339320,339322,2,11
339309,339320,339323,3,11
339309,339320,339322,2,11
339309,339320,339323,3,11
339309,339320,339323,3,11
339309,339320,339323,3,11
339309,339320,339323,3,11
339309,339320,339323,3,11
339309,339320,339323,3,11
339326,339327,339330,3,1
339326,339327,339330,3,1
339326,339327,339330,3,1
339326,339326,339331,5,0
339326,339327,339330,3,1
339326,339327,339330,3,1
339326,339327,339330,3,1
339326,339327,339331,4,1
339326,339327,339331,4,1
339326,339326,339331,5,0
339326,339326,339331,5,0
339326,339326,339331,5,0
339326,339326,339331,5,0
339326,339327,339331,4,1
339326,339326,339331,5,0
339326,339326,339331,5,0
339326,339326,339331,5,0
339326,339326,339331,5,0
339326,339326,339331,5,0
339326,339327,339331,4,1
339326,339327,339331,4,1
339326,339326,339331,5,0
339326,339326,339331,5,0
339326,339326,339331,5,0
339326,339326,339331,5,0
339326,339326,339331,5,0
339326,339326,339331,5,0
339326,339327,339331,4,1
339326,339326,339331,5,0
339326,339326,339331,5,0
339326,339326,339331,5,0
339326,339326,339331,5,0
339326,339326,339331,5,0
339326,339326,339331,5,0
339326,339327,339331,4,1
339326,339326,339331,5,0
339326,339326,339331,5,0
339326,339326,339331,5,0
339326,339326,339331,5,0
339326,339327,339331,4,1
339326,339327,339331,4,1
339326,339326,339331,5,0
339326,339326,339331,5,0
339326,339326,339331,5,0
339326,339326,339331,5,0
339326,339326,339331,5,0
339326,339327,339331,4,1
339326,339326,339331,5,0
339326,339326,339331,5,0
339326,339326,339331,5,0
339326,339326,339331,5,0
339326,339326,339331,5,0
339326,339327,339331,4,1
339326,339327,339332,5,1
339326,339326,339331,5,0
339326,339326,339331,5,0
339326,339326,339331,5,0
339326,339326,339331,5,0
339326,339327,339331,4,1
339326,339327,339331,4,1
339326,339326,339331,5,0
339326,339326,339331,5,0
339326,339326,339331,5,0
339326,339326,339331,5,0
339326,339326,339331,5,0
339326,339327,339331,4,1
339326,339327,339331,4,1
339326,339326,339331,5,0
339326,339326,339331,5,0
339326,339326,339331,5,0
339326,339326,339331,5,0
339326,339327,339331,4,1
339326,339327,339331,4,1
339326,339326,339332,6,0
339326,339327,339332,5,1
339326,339327,339332,5,1
339326,339331,339332,1,5
339326,339327,339332,5,1
339326,339331,339332,1,5
339326,339331,339332,1,5
339326,339327,339332,5,1
339326,339331,339333,2,5
339326,339331,339333,2,5
339326,339327,339332,5,1
339326,339331,339333,2,5
339326,339327,339332,5,1
339326,339331,339333,2,5
339326,339331,339332,1,5
339326,339331,339333,2,5
339326,339332,339337,5,6
339326,339332,339337,5,6
339326,339332,339337,5,6
339326,339332,339337,5,6
339326,339332,339337,5,6
339326,339332,339337,5,6
339326,339332,339337,5,6
339326,339332,339337,5,6
339326,339332,339337,5,6
339326,339332,339337,5,6
339326,339332,339337,5,6
339326,339332,339337,5,6
339326,339332,339337,5,6
339326,339333,339338,5,7
339326,339332,339337,5,6
339326,339332,339337,5,6
339326,339332,339337,5,6
339326,339332,339338,6,6
339326,339332,339338,6,6
339326,339332,339338,6,6
339326,339332,339338,6,6
339326,339332,339337,5,6
339326,339332,339337,5,6
339326,339332,339337,5,6
339326,339332,339337,5,6
339326,339332,339337,5,6
339326,339332,339337,5,6
339326,339333,339338,5,7
339326,339333,339338,5,7
339326,339332,339337,5,6
339326,339332,339337,5,6
339326,339332,339337,5,6
339326,339332,339337,5,6
339326,339332,339337,5,6
339326,339332,339337,5,6
339326,339333,339338,5,7
339326,339332,339338,6,6
339326,339332,339337,5,6
339326,339332,339337,5,6
339326,339332,339338,6,6
339326,339332,339337,5,6
339326,339332,339338,6,6
339326,339332,339337,5,6
339326,339332,339337,5,6
339326,339332,339337,5,6
339326,339332,339337,5,6
339326,339333,339338,5,7
339326,339332,339337,5,6
339326,339332,339337,5,6
339326,339332,339337,5,6
339326,339332,339338,6,6
339326,339332,339338,6,6
339326,339332,339338,6,6
339326,339332,339337,5,6
339326,339332,339337,5,6
339326,339332,339337,5,6
339326,339333,339338,5,7
339326,339332,339337,5,6
339326,339332,339337,5,6
339326,339332,339337,5,6
339326,339332,339337,5,6
339326,339332,339337,5,6
339326,339332,339338,6,6
339326,339333,339338,5,7
339326,339332,339337,5,6
339326,339332,339337,5,6
339326,339332,339337,5,6
339326,339332,339337,5,6
339326,339332,339337,5,6
339326,339333,339338,5,7
339326,339333,339338,5,7
339326,339337,339339,2,11
339326,339337,339339,2,11
339326,339333,339339,6,7
339326,339337,339339,2,11
339326,339337,339339,2,11
339326,339337,339339,2,11
339326,339337,339339,2,11
339326,339332,339338,6,6
339326,339332,339339,7,6
339326,339333,339338,5,7
339326,339333,339339,6,7
339326,339333,339338,5,7
339326,339333,339338,5,7
339326,339333,339338,5,7
339326,339337,339339,2,11
339326,339333,339339,6,7
339326,339338,339340,2,12
339326,339338,339340,2,12
339326,339338,339339,1,12
339326,339338,339340,2,12
339326,339338,339340,2,12
339326,339338,339339,1,12
339326,339338,339340,2,12
339326,339338,339340,2,12
339326,339338,339340,2,12
339326,339338,339340,2,12
339326,339338,339340,2,12
339326,339338,339339,1,12
339326,339338,339340,2,12
339326,339338,339340,2,12
339326,339338,339339,1,12
339326,339338,339340,2,12
339326,339338,339341,3,12
339326,339338,339340,2,12
339326,339338,339341,3,12
339326,339338,339341,3,12
339326,339338,339341,3,12
339326,339338,339341,3,12
339326,339338,339341,3,12
339326,339339,339341,2,13
339345,339346,339350,4,1
339345,339346,339351,5,1
339345,339346,339351,5,1
339345,339346,339350,4,1
339345,339346,339350,4,1
339345,339346,339351,5,1
339345,339346,339351,5,1
339345,339346,339351,5,1
339345,339346,339350,4,1
339345,339346,339350,4,1
339345,339346,339350,4,1
339345,339346,339351,5,1
339345,339346,339350,4,1
339345,339346,339350,4,1
339345,339346,339350,4,1
339345,339346,339351,5,1
339345,339346,339350,4,1
339345,339346,339350,4,1
339345,339346,339350,4,1
339345,339346,339350,4,1
339345,339346,339350,4,1
339345,339346,339350,4,1
339345,339346,339350,4,1
339345,339346,339350,4,1
339345,339346,339350,4,1
339345,339346,339350,4,1
339345,339346,339350,4,1
339345,339346,339350,4,1
339345,339346,339350,4,1
339345,339346,339351,5,1
339345,339346,339350,4,1
339345,339346,339350,4,1
339345,339346,339350,4,1
339345,339346,339350,4,1
339345,339346,339351,5,1
339345,339346,339350,4,1
339345,339346,339350,4,1
339345,339346,339350,4,1
339345,339346,339350,4,1
339345,339346,339350,4,1
339345,339346,339350,4,1
339345,339346,339351,5,1
339345,339346,339350,4,1
339345,339346,339350,4,1
339345,339346,339350,4,1
339345,339346,339350,4,1
339345,339346,339350,4,1
339345,339346,339351,5,1
339345,339346,339350,4,1
339345,339346,339350,4,1
339345,339346,339351,5,1
339345,339346,339351,5,1
339345,339346,339350,4,1
339345,339346,339350,4,1
339345,339346,339350,4,1
339345,339346,339351,5,1
339345,339346,339350,4,1
339345,339346,339351,5,1
339345,339346,339350,4,1
339345,339346,339351,5,1
339345,339346,339351,5,1
339345,339346,339351,5,1
339345,339346,339351,5,1
339345,339346,339351,5,1
339345,339346,339352,6,1
339345,339346,339352,6,1
339345,339346,339351,5,1
339345,339346,339351,5,1
339345,339346,339351,5,1
339345,339346,339351,5,1
339345,339346,339351,5,1
339345,339346,339351,5,1
339345,339346,339351,5,1
339345,339346,339351,5,1
339345,339346,339351,5,1
339345,339346,339351,5,1
339345,339346,339351,5,1
339345,339346,339351,5,1
339345,339346,339351,5,1
339345,339350,339352,2,5
339345,339346,339353,7,1
339345,339351,339353,2,6
339345,339351,339354,3,6
339345,339351,339354,3,6
339345,339351,339354,3,6
339345,339351,339355,4,6
339345,339351,339355,4,6
339345,339351,339355,4,6
339345,339351,339355,4,6
339345,339351,339355,4,6
339345,339351,339355,4,6
339345,339351,339355,4,6
339345,339351,339355,4,6
339345,339351,339355,4,6
339345,339351,339356,5,6
339345,339351,339355,4,6
339345,339351,339356,5,6
339345,339351,339356,5,6
339345,339351,339355,4,6
339345,339351,339355,4,6
339345,339351,339356,5,6
339345,339351,339356,5,6
339345,339351,339356,5,6
339345,339351,339355,4,6
339345,339351,339356,5,6
339345,339351,339355,4,6
339345,339351,339355,4,6
339345,339351,339356,5,6
339345,339351,339356,5,6
339345,339352,339356,4,7
339345,339351,339355,4,6
339345,339351,339355,4,6
339345,339351,339356,5,6
339345,339352,339356,4,7
339345,339352,339356,4,7
339345,339352,339356,4,7
339345,339351,339355,4,6
339345,339351,339356,5,6
339345,339351,339356,5,6
339345,339351,339356,5,6
339345,339352,339356,4,7
339345,339351,339356,5,6
339345,339351,339356,5,6
339345,339352,339356,4,7
339345,339352,339356,4,7
339345,339352,339356,4,7
339345,339351,339355,4,6
339345,339351,339355,4,6
339345,339351,339355,4,6
339345,339351,339356,5,6
339345,339352,339356,4,7
339345,339351,339356,5,6
339345,339351,339356,5,6
339345,339351,339356,5,6
339345,339351,339356,5,6
339345,339351,339356,5,6
339345,339351,339356,5,6
339345,339351,339356,5,6
339345,339351,339356,5,6
339345,339351,339356,5,6
339345,339351,339356,5,6
339345,339351,339356,5,6
339345,339351,339356,5,6
339345,339351,339356,5,6
339345,339351,339356,5,6
339345,339351,339356,5,6
339345,339351,339356,5,6
339345,339352,339356,4,7
339345,339352,339356,4,7
339345,339352,339356,4,7
339345,339352,339356,4,7
339345,339351,339356,5,6
339345,339352,339356,4,7
339345,339352,339356,4,7
339345,339352,339356,4,7
339345,339354,339357,3,9
339345,339355,339357,2,10
339345,339352,339356,4,7
339345,339355,339357,2,10
339345,339352,339357,5,7
339345,339353,339357,4,8
339345,339352,339357,5,7
339345,339352,339357,5,7
339345,339354,339357,3,9
339345,339356,339357,1,11
339345,339353,339357,4,8
339345,339356,339357,1,11
339345,339356,339357,1,11
339345,339353,339358,5,8
339345,339355,339358,3,10
339345,339356,339358,2,11
339345,339356,339358,2,11
339345,339356,339358,2,11
339345,339356,339358,2,11
339345,339356,339358,2,11
339345,339355,339358,3,10
339345,339355,339358,3,10
339345,339354,339358,4,9
339345,339355,339358,3,10
339345,339355,339358,3,10
339345,339356,339358,2,11
339345,339356,339359,3,11
339345,339356,339359,3,11
339345,339356,339359,3,11
339345,339356,339359,3,11
339345,339356,339359,3,11
339345,339356,339359,3,11
339345,339356,339359,3,11
339345,339356,339359,3,11
339345,339357,339359,2,12
339345,339356,339359,3,11
339345,339356,339359,3,11
339345,339356,339359,3,11
339345,339356,339359,3,11
339345,339356,339359,3,11
339345,339356,339359,3,11
339345,339356,339359,3,11
339345,339357,339359,2,12
339345,339357,339359,2,12
339345,339356,339360,4,11
339365,339365,339368,3,0
339365,339365,339369,4,0
339365,339365,339369,4,0
339365,339365,339369,4,0
339365,339365,339369,4,0
339365,339365,339368,3,0
339365,339365,339369,4,0
339365,339365,339369,4,0
339365,339365,339369,4,0
339365,339365,339369,4,0
339365,339365,339369,4,0
339365,339365,339369,4,0
339365,339365,339369,4,0
339365,339365,339369,4,0
339365,339365,339370,5,0
339365,339365,339369,4,0
339365,339365,339369,4,0
339365,339365,339370,5,0
339365,339365,339370,5,0
339365,339365,339369,4,0
339365,339365,339369,4,0
339365,339365,339370,5,0
339365,339365,339370,5,0
339365,339365,339370,5,0
339365,339365,339370,5,0
339365,339365,339369,4,0
339365,339365,339370,5,0
339365,339365,339369,4,0
339365,339365,339370,5,0
339365,339365,339369,4,0
339365,339365,339369,4,0
339365,339365,339370,5,0
339365,339365,339370,5,0
339365,339365,339369,4,0
339365,339365,339369,4,0
339365,339365,339369,4,0
339365,339365,339370,5,0
339365,339365,339369,4,0
339365,339365,339369,4,0
339365,339365,339369,4,0
339365,339365,339370,5,0
339365,339365,339369,4,0
339365,339365,339370,5,0
339365,339365,339370,5,0
339365,339365,339369,4,0
339365,339365,339369,4,0
339365,339365,339370,5,0
339365,339365,339370,5,0
339365,339365,339370,5,0
339365,339365,339370,5,0
339365,339365,339369,4,0
339365,339365,339369,4,0
339365,339365,339369,4,0
339365,339365,339370,5,0
339365,339365,339369,4,0
339365,339365,339370,5,0
339365,339365,339370,5,0
339365,339365,339370,5,0
339365,339365,339370,5,0
339365,339365,339369,4,0
339365,339365,339370,5,0
339365,339365,339370,5,0
339365,339365,339370,5,0
339365,339365,339371,6,0
339365,339365,339371,6,0
339365,339365,339371,6,0
339365,339365,339370,5,0
339365,339365,339371,6,0
339365,339369,339370,1,4
339365,339365,339371,6,0
339365,339365,339370,5,0
339365,339365,339370,5,0
339365,339365,339371,6,0
339365,339365,339370,5,0
339365,339369,339371,2,4
339365,339365,339370,5,0
339365,339365,339370,5,0
339365,339369,339371,2,4
339365,339365,339370,5,0
339365,339369,339371,2,4
339365,339369,339371,2,4
339365,339365,339370,5,0
339365,339365,339370,5,0
339365,339369,339371,2,4
339365,339365,339370,5,0
339365,339365,339370,5,0
339365,339369,339371,2,4
339365,339368,339370,2,3
339365,339369,339371,2,4
339365,339369,339371,2,4
339365,339369,339371,2,4
339365,339370,339372,2,5
339365,339370,339372,2,5
339365,339370,339374,4,5
339365,339370,339374,4,5
339365,339370,339374,4,5
339365,339370,339374,4,5
339365,339371,339374,3,6
339365,339371,339374,3,6
339365,339371,339374,3,6
339365,339370,339374,4,5
339365,339370,339374,4,5
339365,339370,339374,4,5
339365,339370,339374,4,5
339365,339370,339374,4,5
339365,339371,339374,3,6
339365,339371,339374,3,6
339365,339371,339374,3,6
339365,339370,339374,4,5
339365,339370,339374,4,5
339365,339370,339374,4,5
339365,339370,339374,4,5
339365,339370,339374,4,5
339365,339371,339374,3,6
339365,339371,339374,3,6
339365,339371,339374,3,6
339365,339370,339374,4,5
339365,339370,339374,4,5
339365,339371,339374,3,6
339365,339371,339374,3,6
339365,339371,339374,3,6
339365,339371,339374,3,6
339365,339369,339374,5,4
339365,339369,339374,5,4
339365,339370,339374,4,5
339365,339370,339374,4,5
339365,339370,339374,4,5
339365,339370,339374,4,5
339365,339370,339374,4,5
339365,339370,339374,4,5
339365,339370,339374,4,5
339365,339370,339374,4,5
339365,339370,339374,4,5
339365,339370,339374,4,5
339365,339370,339374,4,5
339365,339370,339374,4,5
339365,339370,339374,4,5
339365,339371,339374,3,6
339365,339372,339374,2,7
339365,339372,339375,3,7
339365,339369,339374,5,4
339365,339370,339374,4,5
339365,339370,339374,4,5
339365,339370,339374,4,5
339365,339370,339374,4,5
339365,339370,339374,4,5
339365,339372,339375,3,7
339365,339370,339374,4,5
339365,339370,339374,4,5
339365,339370,339374,4,5
339365,339370,339374,4,5
339365,339372,339374,2,7
339365,339372,339374,2,7
339365,339370,339375,5,5
339365,339370,339374,4,5
339365,339370,339374,4,5
339365,339370,339375,5,5
339365,339370,339374,4,5
339365,339370,339374,4,5
339365,339373,339375,2,8
339365,339372,339375,3,7
339365,339372,339375,3,7
339365,339373,339376,3,8
339365,339372,339375,3,7
339365,339373,339375,2,8
339365,339370,339375,5,5
339365,339370,339375,5,5
339365,339371,339375,4,6
339365,339372,339375,3,7
339365,339372,339375,3,7
339365,339372,339375,3,7
339365,339372,339375,3,7
339365,339372,339375,3,7
339365,339374,339376,2,9
339365,339374,339376,2,9
339365,339374,339376,2,9
339365,339374,339376,2,9
339365,339374,339376,2,9
339365,339374,339376,2,9
339365,339374,339376,2,9
339365,339374,339376,2,9
339365,339375,339377,2,10
339365,339375,339376,1,10
339365,339375,339377,2,10
339365,339375,339377,2,10
339365,339375,339377,2,10
339365,339375,339377,2,10
339365,339374,339377,3,9
339365,339374,339377,3,9
339365,339374,339377,3,9
339365,339374,339377,3,9
339365,339374,339377,3,9
339365,339374,339377,3,9
339365,339374,339377,3,9
339365,339375,339377,2,10
339365,339375,339377,2,10
339365,339375,339377,2,10
339365,339375,339377,2,10
339365,339375,339377,2,10
339365,339375,339377,2,10
339382,339382,339387,5,0
339382,339382,339387,5,0
339382,339382,339387,5,0
339382,339382,339387,5,0
339382,339382,339387,5,0
339382,339382,339387,5,0
339382,339382,339387,5,0
339382,339382,339387,5,0
339382,339382,339387,5,0
339382,339382,339387,5,0
339382,339382,339387,5,0
339382,339382,339387,5,0
339382,339382,339387,5,0
339382,339382,339387,5,0
339382,339382,339386,4,0
339382,339382,339387,5,0
339382,339382,339386,4,0
339382,339382,339387,5,0
339382,339382,339387,5,0
339382,339382,339387,5,0
339382,339382,339387,5,0
339382,339382,339386,4,0
339382,339382,339386,4,0
339382,339382,339386,4,0
339382,339382,339387,5,0
339382,339382,339387,5,0
339382,339382,339387,5,0
339382,339382,339387,5,0
339382,339382,339387,5,0
339382,339382,339386,4,0
339382,339382,339386,4,0
339382,339382,339387,5,0
339382,339382,339387,5,0
339382,339382,339387,5,0
339382,339382,339387,5,0
339382,339382,339387,5,0
339382,339382,339387,5,0
339382,339382,339387,5,0
339382,339382,339387,5,0
339382,339382,339387,5,0
339382,339382,339386,4,0
339382,339382,339387,5,0
339382,339382,339387,5,0
339382,339382,339387,5,0
339382,339382,339386,4,0
339382,339382,339386,4,0
339382,339382,339386,4,0
339382,339382,339387,5,0
339382,339382,339387,5,0
339382,339382,339387,5,0
339382,339382,339387,5,0
339382,339382,339386,4,0
339382,339382,339386,4,0
339382,339382,339386,4,0
339382,339382,339387,5,0
339382,339382,339387,5,0
339382,339382,339387,5,0
339382,339382,339386,4,0
339382,339382,339386,4,0
339382,339382,339387,5,0
339382,339382,339387,5,0
339382,339382,339387,5,0
339382,339382,339388,6,0
339382,339382,339388,6,0
339382,339382,339387,5,0
339382,339382,339387,5,0
339382,339382,339387,5,0
339382,339382,339388,6,0
339382,339382,339388,6,0
339382,339382,339387,5,0
339382,339382,339387,5,0
339382,339382,339387,5,0
339382,339382,339388,6,0
339382,339382,339388,6,0
339382,339382,339387,5,0
339382,339382,339387,5,0
339382,339382,339387,5,0
339382,339382,339388,6,0
339382,339382,339388,6,0
339382,339382,339389,7,0
339382,339387,339390,3,5
339382,339387,339391,4,5
339382,339387,339391,4,5
339382,339387,339391,4,5
339382,339387,339392,5,5
339382,339387,339391,4,5
339382,339387,339392,5,5
339382,339387,339392,5,5
339382,339387,339392,5,5
339382,339387,339392,5,5
339382,339387,339392,5,5
339382,339387,339392,5,5
339382,339387,339392,5,5
339382,339387,339392,5,5
339382,339387,339392,5,5
339382,339387,339392,5,5
339382,339387,339392,5,5
339382,339387,339392,5,5
339382,339387,339392,5,5
339382,339387,339392,5,5
339382,339387,339392,5,5
339382,339387,339392,5,5
339382,339387,339392,5,5
339382,339387,339392,5,5
339382,339387,339391,4,5
339382,339387,339392,5,5
339382,339387,339392,5,5
339382,339387,339391,4,5
339382,339388,339392,4,6
339382,339387,339392,5,5
339382,339387,339392,5,5
339382,339387,339391,4,5
339382,339387,339392,5,5
339382,339387,339392,5,5
339382,339387,339392,5,5
339382,339387,339392,5,5
339382,339388,339392,4,6
339382,339387,339392,5,5
339382,339387,339391,4,5
339382,339387,339392,5,5
339382,339387,339391,4,5
339382,339387,339391,4,5
339382,339387,339392,5,5
339382,339388,339392,4,6
339382,339388,339392,4,6
339382,339387,339391,4,5
339382,339387,339391,4,5
339382,339387,339392,5,5
339382,339387,339392,5,5
339382,339387,339392,5,5
339382,339387,339392,5,5
339382,339388,339392,4,6
339382,339387,339391,4,5
339382,339387,339392,5,5
339382,339387,339391,4,5
339382,339387,339392,5,5
339382,339387,339392,5,5
339382,339387,339392,5,5
339382,339388,339392,4,6
339382,339387,339392,5,5
339382,339387,339392,5,5
339382,339387,339391,4,5
339382,339388,339392,4,6
339382,339388,339392,4,6
339382,339387,339392,5,5
339382,339387,339392,5,5
339382,339387,339392,5,5
339382,339388,339392,4,6
339382,339388,339392,4,6
339382,339389,339392,3,7
339382,339388,339392,4,6
339382,339388,339392,4,6
339382,339388,339392,4,6
339382,339388,339393,5,6
339382,339387,339393,6,5
339382,339391,339393,2,9
339382,339388,339393,5,6
339382,339388,339393,5,6
339382,339388,339393,5,6
339382,339391,339393,2,9
339382,339389,339393,4,7
339382,339389,339393,4,7
339382,339390,339393,3,8
339382,339392,339394,2,10
339382,339392,339394,2,10
339382,339392,339394,2,10
339382,339392,339395,3,10
339382,339392,339394,2,10
339382,339393,339394,1,11
339382,339393,339395,2,11
339382,339393,339394,1,11
339382,339393,339394,1,11
339382,339393,339394,1,11
339382,339393,339394,1,11
339382,339393,339394,1,11
339382,339393,339394,1,11
339382,339393,339394,1,11
339382,339393,339394,1,11
339382,339393,339394,1,11
339382,339393,339394,1,11
339382,339393,339395,2,11
339382,339393,339394,1,11
339382,339393,339394,1,11
339382,339392,339394,2,10
339382,339392,339394,2,10
339382,339392,339394,2,10
339382,339392,339394,2,10
339382,339393,339394,1,11
339382,339393,339394,1,11
339382,339393,339394,1,11
339382,339393,339394,1,11
339382,339393,339394,1,11
339382,339393,339394,1,11
339382,339393,339395,2,11
339382,339393,339394,1,11
339382,339393,339394,1,11
339382,339393,339395,2,11
339382,339392,339395,3,10
339382,339392,339395,3,10
339382,339393,339395,2,11
339400,339400,339404,4,0
339400,339400,339404,4,0
339400,339400,339404,4,0
339400,339400,339404,4,0
339400,339400,339404,4,0
339400,339400,339404,4,0
339400,339400,339404,4,0
339400,339400,339404,4,0
339400,339400,339404,4,0
339400,339400,339404,4,0
339400,339400,339404,4,0
339400,339400,339404,4,0
339400,339400,339405,5,0
339400,339400,339404,4,0
339400,339400,339404,4,0
339400,339400,339404,4,0
339400,339400,339404,4,0
339400,339400,339404,4,0
339400,339400,339404,4,0
339400,339400,339405,5,0
339400,339400,339404,4,0
339400,339400,339404,4,0
339400,339400,339404,4,0
339400,339400,339404,4,0
339400,339400,339404,4,0
339400,339400,339404,4,0
339400,339400,339404,4,0
339400,339400,339404,4,0
339400,339400,339404,4,0
339400,339400,339404,4,0
339400,339400,339405,5,0
339400,339400,339404,4,0
339400,339400,339404,4,0
339400,339400,339404,4,0
339400,339400,339404,4,0
339400,339400,339405,5,0
339400,339400,339404,4,0
339400,339400,339404,4,0
339400,339400,339404,4,0
339400,339400,339404,4,0
339400,339400,339404,4,0
339400,339400,339404,4,0
339400,339400,339404,4,0
339400,339400,339404,4,0
339400,339400,339405,5,0
339400,339400,339404,4,0
339400,339400,339404,4,0
339400,339400,339404,4,0
339400,339400,339404,4,0
339400,339400,339404,4,0
339400,339400,339404,4,0
339400,339400,339404,4,0
339400,339400,339405,5,0
339400,339400,339404,4,0
339400,339400,339404,4,0
339400,339400,339404,4,0
339400,339400,339404,4,0
339400,339400,339404,4,0
339400,339400,339405,5,0
339400,339400,339405,5,0
339400,339400,339405,5,0
339400,339400,339405,5,0
339400,339404,339406,2,4
339400,339400,339405,5,0
339400,339404,339406,2,4
339400,339404,339406,2,4
339400,339400,339405,5,0
339400,339400,339405,5,0
339400,339400,339405,5,0
339400,339400,339405,5,0
339400,339400,339405,5,0
339400,339400,339405,5,0
339400,339400,339405,5,0
339400,339400,339405,5,0
339400,339400,339405,5,0
339400,339400,339405,5,0
339400,339400,339405,5,0
339400,339400,339405,5,0
339400,339400,339405,5,0
339400,339400,339405,5,0
339400,339400,339405,5,0
339400,339400,339405,5,0
339400,339400,339405,5,0
339400,339404,339406,2,4
339400,339405,339408,3,5
339400,339405,339408,3,5
339400,339405,339409,4,5
339400,339405,339409,4,5
339400,339405,339409,4,5
339400,339405,339409,4,5
339400,339405,339409,4,5
339400,339405,339409,4,5
339400,339405,339409,4,5
339400,339405,339409,4,5
339400,339405,339409,4,5
339400,339405,339409,4,5
339400,339405,339409,4,5
339400,339405,339409,4,5
339400,339405,339409,4,5
339400,339405,339409,4,5
339400,339405,339409,4,5
339400,339405,339409,4,5
339400,339405,339409,4,5
339400,339405,339409,4,5
339400,339405,339409,4,5
339400,339405,339409,4,5
339400,339405,339409,4,5
339400,339405,339409,4,5
339400,339405,339409,4,5
339400,339405,339409,4,5
339400,339405,339409,4,5
339400,339405,339409,4,5
339400,339405,339410,5,5
339400,339405,339410,5,5
339400,339405,339410,5,5
339400,339405,339410,5,5
339400,339406,339410,4,6
339400,339405,339410,5,5
339400,339405,339410,5,5
339400,339405,339410,5,5
339400,339405,339409,4,5
339400,339405,339410,5,5
339400,339405,339410,5,5
339400,339405,339410,5,5
339400,339405,339411,6,5
339400,339406,339410,4,6
339400,339405,339410,5,5
339400,339405,339410,5,5
339400,339405,339410,5,5
339400,339405,339410,5,5
339400,339405,339410,5,5
339400,339406,339410,4,6
339400,339405,339410,5,5
339400,339405,339410,5,5
339400,339405,339410,5,5
339400,339405,339410,5,5
339400,339405,339410,5,5
339400,339405,339410,5,5
339400,339405,339410,5,5
339400,339406,339410,4,6
339400,339406,339410,4,6
339400,339406,339411,5,6
339400,339406,339411,5,6
339400,339410,339411,1,10
339400,339406,339412,6,6
339400,339406,339411,5,6
339400,339406,339411,5,6
339400,339406,339411,5,6
339400,339406,339411,5,6
339400,339406,339411,5,6
339400,339406,339411,5,6
339400,339406,339411,5,6
339400,339406,339411,5,6
339400,339406,339411,5,6
339400,339408,339411,3,8
339400,339405,339411,6,5
339400,339409,339411,2,9
339400,339409,339411,2,9
339400,339406,339411,5,6
339400,339406,339411,5,6
339400,339406,339411,5,6
339400,339407,339412,5,7
339400,339407,339411,4,7
339400,339407,339411,4,7
339400,339406,339411,5,6
339400,339406,339411,5,6
339400,339408,339412,4,8
339400,339407,339411,4,7
339400,339407,339412,5,7
339400,339409,339412,3,9
339400,339410,339412,2,10
339400,339410,339412,2,10
339400,339410,339412,2,10
339400,339410,339412,2,10
339400,339410,339412,2,10
339400,339410,339412,2,10
339400,339410,339412,2,10
339400,339410,339412,2,10
339400,339410,339412,2,10
339400,339410,339412,2,10
339400,339410,339412,2,10
339400,339410,339413,3,10
339400,339411,339413,2,11
339400,339411,339413,2,11
339400,339409,339412,3,9
339400,339410,339412,2,10
339400,339411,339412,1,11
339400,339411,339413,2,11
339400,339411,339413,2,11
339400,339410,339412,2,10
339400,339410,339412,2,10
339400,339410,339412,2,10
339400,339410,339413,3,10
339400,339410,339413,3,10
339400,339410,339412,2,10
339400,339410,339412,2,10
339400,339410,339412,2,10
339400,339410,339412,2,10
339400,339410,339413,3,10
339400,339411,339413,2,11
339418,339418,339422,4,0
339418,339418,339422,4,0
339418,339418,339422,4,0
339418,339418,339422,4,0
339418,339418,339422,4,0
339418,339418,339422,4,0
339418,339418,339422,4,0
339418,339418,339422,4,0
339418,339418,339422,4,0
339418,339418,339422,4,0
339418,339418,339422,4,0
339418,339418,339422,4,0
339418,339418,339422,4,0
339418,339418,339422,4,0
339418,339418,339422,4,0
339418,339418,339422,4,0
339418,339418,339422,4,0
339418,339418,339422,4,0
339418,339418,339422,4,0
339418,339418,339422,4,0
339418,339418,339422,4,0
339418,339418,339422,4,0
339418,339418,339422,4,0
339418,339418,339422,4,0
339418,339418,339422,4,0
339418,339418,339422,4,0
339418,339418,339423,5,0
339418,339418,339422,4,0
339418,339418,339423,5,0
339418,339418,339423,5,0
339418,339418,339422,4,0
339418,339418,339423,5,0
339418,339418,339422,4,0
339418,339418,339422,4,0
339418,339418,339423,5,0
339418,339418,339422,4,0
339418,339418,339423,5,0
339418,339418,339423,5,0
339418,339418,339422,4,0
339418,339418,339422,4,0
339418,339418,339422,4,0
339418,339418,339422,4,0
339418,339418,339422,4,0
339418,339418,339423,5,0
339418,339418,339423,5,0
339418,339418,339423,5,0
339418,339418,339423,5,0
339418,339418,339422,4,0
339418,339418,339423,5,0
339418,339418,339422,4,0
339418,339418,339423,5,0
339418,339418,339423,5,0
339418,339418,339422,4,0
339418,339418,339422,4,0
339418,339418,339423,5,0
339418,339418,339422,4,0
339418,339418,339423,5,0
339418,339418,339424,6,0
339418,339418,339424,6,0
339418,339418,339424,6,0
339418,339418,339423,5,0
339418,339418,339424,6,0
339418,339418,339424,6,0
339418,339418,339424,6,0
339418,339418,339423,5,0
339418,339418,339423,5,0
339418,339418,339423,5,0
339418,339418,339424,6,0
339418,339418,339424,6,0
339418,339418,339424,6,0
339418,339418,339424,6,0
339418,339418,339424,6,0
339418,339418,339424,6,0
339418,339418,339423,5,0
339418,339418,339424,6,0
339418,339418,339424,6,0
339418,339418,339424,6,0
339418,339422,339424,2,4
339418,339422,339424,2,4
339418,339418,339424,6,0
339418,339418,339424,6,0
339418,339418,339425,7,0
339418,339422,339425,3,4
339418,339422,339425,3,4
339418,339422,339425,3,4
339418,339422,339425,3,4
339418,339422,339426,4,4
339418,339422,339426,4,4
339418,339422,339426,4,4
339418,339422,339426,4,4
339418,339422,339426,4,4
339418,339422,339426,4,4
339418,339423,339426,3,5
339418,339422,339426,4,4
339418,339422,339426,4,4
339418,339422,339426,4,4
339418,339422,339426,4,4
339418,339423,339427,4,5
339418,339425,339426,1,7
339418,339425,339427,2,7
339418,339422,339426,4,4
339418,339422,339426,4,4
339418,339423,339427,4,5
339418,339425,339427,2,7
339418,339425,339427,2,7
339418,339423,339427,4,5
339418,339425,339427,2,7
339418,339425,339427,2,7
339418,339422,339427,5,4
339418,339423,339427,4,5
339418,339423,339427,4,5
339418,339423,339428,5,5
339418,339423,339427,4,5
339418,339423,339428,5,5
339418,339425,339427,2,7
339418,339425,339427,2,7
339418,339422,339427,5,4
339418,339422,339427,5,4
339418,339423,339427,4,5
339418,339423,339428,5,5
339418,339423,339427,4,5
339418,339425,339427,2,7
339418,339425,339427,2,7
339418,339422,339427,5,4
339418,339422,339427,5,4
339418,339423,339427,4,5
339418,339423,339428,5,5
339418,339425,339427,2,7
339418,339425,339427,2,7
339418,339425,339427,2,7
339418,339423,339427,4,5
339418,339423,339428,5,5
339418,339423,339427,4,5
339418,339425,339427,2,7
339418,339426,339427,1,8
339418,339423,339427,4,5
339418,339423,339428,5,5
339418,339423,339427,4,5
339418,339425,339427,2,7
339418,339425,339427,2,7
339418,339425,339427,2,7
339418,339423,339427,4,5
339418,339423,339427,4,5
339418,339425,339427,2,7
339418,339425,339427,2,7
339418,339425,339427,2,7
339418,339424,339428,4,6
339418,339424,339428,4,6
339418,339424,339428,4,6
339418,339424,339428,4,6
339418,339425,339427,2,7
339418,339425,339427,2,7
339418,339423,339427,4,5
339418,339423,339428,5,5
339418,339423,339428,5,5
339418,339426,339427,1,8
339418,339426,339427,1,8
339418,339423,339427,4,5
339418,339423,339428,5,5
339418,339423,339427,4,5
339418,339426,339428,2,8
339418,339423,339428,5,5
339418,339425,339427,2,7
339418,339426,339427,1,8
339418,339425,339428,3,7
339418,339427,339428,1,9
339418,339427,339428,1,9
339418,339427,339429,2,9
339418,339427,339428,1,9
339418,339427,339429,2,9
339418,339427,339429,2,9
339418,339424,339428,4,6
339418,339428,339430,2,10
339418,339427,339429,2,9
339418,339427,339429,2,9
339418,339427,339429,2,9
339418,339427,339429,2,9
339418,339427,339429,2,9
339418,339427,339430,3,9
339418,339427,339429,2,9
339418,339427,339429,2,9
339418,339427,339429,2,9
339418,339427,339429,2,9
339418,339427,339430,3,9
339418,339427,339429,2,9
339418,339427,339430,3,9
339418,339427,339430,3,9
339418,339427,339429,2,9
339418,339427,339430,3,9
339418,339427,339430,3,9
339418,339428,339430,2,10
339418,339428,339430,2,10
339418,339428,339430,2,10
339418,339428,339430,2,10
339418,339428,339430,2,10
339418,339428,339430,2,10
339418,339428,339430,2,10
339418,339428,339430,2,10
339418,339428,339430,2,10
339418,339428,339430,2,10
339434,339435,339438,3,1
339434,339435,339438,3,1
339434,339435,339439,4,1
339434,339435,339438,3,1
339434,339435,339439,4,1
339434,339435,339439,4,1
339434,339435,339439,4,1
339434,339435,339439,4,1
339434,339435,339438,3,1
339434,339435,339438,3,1
339434,339435,339439,4,1
339434,339435,339438,3,1
339434,339435,339438,3,1
339434,339435,339438,3,1
339434,339435,339439,4,1
339434,339435,339438,3,1
339434,339435,339438,3,1
339434,339434,339439,5,0
339434,339434,339439,5,0
339434,339435,339439,4,1
339434,339435,339439,4,1
339434,339435,339439,4,1
339434,339435,339438,3,1
339434,339435,339439,4,1
339434,339435,339439,4,1
339434,339434,339439,5,0
339434,339434,339439,5,0
339434,339434,339439,5,0
339434,339435,339439,4,1
339434,339435,339439,4,1
339434,339435,339439,4,1
339434,339435,339440,5,1
339434,339439,339440,1,5
339434,339434,339439,5,0
339434,339434,339439,5,0
339434,339435,339439,4,1
339434,339435,339440,5,1
339434,339435,339440,5,1
339434,339435,339440,5,1
339434,339435,339440,5,1
339434,339434,339439,5,0
339434,339434,339439,5,0
339434,339435,339439,4,1
339434,339435,339439,4,1
339434,339435,339439,4,1
339434,339435,339439,4,1
339434,339439,339440,1,5
339434,339434,339439,5,0
339434,339435,339439,4,1
339434,339435,339439,4,1
339434,339435,339439,4,1
339434,339435,339439,4,1
339434,339435,339439,4,1
339434,339434,339439,5,0
339434,339434,339439,5,0
339434,339435,339439,4,1
339434,339435,339439,4,1
339434,339435,339439,4,1
339434,339435,339439,4,1
339434,339439,339440,1,5
339434,339434,339439,5,0
339434,339434,339439,5,0
339434,339434,339439,5,0
339434,339435,339439,4,1
339434,339435,339439,4,1
339434,339434,339439,5,0
339434,339434,339439,5,0
339434,339435,339439,4,1
339434,339435,339439,4,1
339434,339435,339440,5,1
339434,339435,339439,4,1
339434,339435,339439,4,1
339434,339434,339439,5,0
339434,339434,339439,5,0
339434,339435,339439,4,1
339434,339435,339439,4,1
339434,339435,339439,4,1
339434,339435,339439,4,1
339434,339434,339439,5,0
339434,339434,339439,5,0
339434,339435,339439,4,1
339434,339435,339439,4,1
339434,339435,339439,4,1
339434,339439,339440,1,5
339434,339439,339440,1,5
339434,339439,339440,1,5
339434,339439,339440,1,5
339434,339439,339440,1,5
339434,339439,339440,1,5
339434,339439,339440,1,5
339434,339439,339441,2,5
339434,339439,339441,2,5
339434,339439,339441,2,5
339434,339439,339443,4,5
339434,339439,339444,5,5
339434,339439,339444,5,5
339434,339439,339444,5,5
339434,339440,339444,4,6
339434,339440,339444,4,6
339434,339440,339444,4,6
339434,339440,339444,4,6
339434,339440,339444,4,6
339434,339440,339444,4,6
339434,339440,339444,4,6
339434,339440,339444,4,6
339434,339439,339443,4,5
339434,339440,339444,4,6
339434,339440,339444,4,6
339434,339440,339444,4,6
339434,339440,339444,4,6
339434,339440,339444,4,6
339434,339440,339444,4,6
339434,339440,339444,4,6
339434,339440,339444,4,6
339434,339440,339444,4,6
339434,339440,339444,4,6
339434,339440,339444,4,6
339434,339440,339444,4,6
339434,339440,339444,4,6
339434,339440,339444,4,6
339434,339440,339444,4,6
339434,339440,339444,4,6
339434,339440,339444,4,6
339434,339440,339444,4,6
339434,339440,339444,4,6
339434,339440,339444,4,6
339434,339439,339444,5,5
339434,339439,339444,5,5
339434,339439,339443,4,5
339434,339439,339444,5,5
339434,339439,339444,5,5
339434,339439,339444,5,5
339434,339439,339444,5,5
339434,339440,339444,4,6
339434,339440,339444,4,6
339434,339440,339444,4,6
339434,339440,339445,5,6
339434,339441,339445,4,7
339434,339440,339445,5,6
339434,339442,339445,3,8
339434,339443,339445,2,9
339434,339440,339444,4,6
339434,339440,339445,5,6
339434,339440,339445,5,6
339434,339442,339445,3,8
339434,339440,339444,4,6
339434,339440,339445,5,6
339434,339440,339445,5,6
339434,339440,339445,5,6
339434,339440,339445,5,6
339434,339440,339445,5,6
339434,339441,339445,4,7
339434,339440,339444,4,6
339434,339440,339444,4,6
339434,339440,339445,5,6
339434,339441,339445,4,7
339434,339440,339445,5,6
339434,339440,339445,5,6
339434,339440,339444,4,6
339434,339440,339445,5,6
339434,339440,339445,5,6
339434,339440,339444,4,6
339434,339440,339445,5,6
339434,339440,339444,4,6
339434,339440,339444,4,6
339434,339441,339445,4,7
339434,339441,339445,4,7
339434,339444,339446,2,10
339434,339440,339446,6,6
339434,339440,339445,5,6
339434,339441,339445,4,7
339434,339441,339445,4,7
339434,339442,339446,4,8
339434,339444,339445,1,10
339434,339444,339445,1,10
339434,339444,339446,2,10
339434,339444,339446,2,10
339434,339444,339446,2,10
339434,339444,339446,2,10
339434,339444,339446,2,10
339434,339444,339446,2,10
339434,339444,339446,2,10
339434,339444,339446,2,10
339434,339444,339446,2,10
339434,339441,339445,4,7
339434,339444,339446,2,10
339434,339444,339446,2,10
339434,339444,339446,2,10
339434,339444,339446,2,10
339434,339444,339446,2,10
339434,339444,339446,2,10
339434,339444,339446,2,10
339434,339444,339446,2,10
339434,339444,339446,2,10
339434,339444,339446,2,10
339434,339444,339446,2,10
339434,339441,339446,5,7
339434,339444,339447,3,10
339434,339444,339447,3,10
339434,339444,339447,3,10
339451,339452,339453,1,1
339451,339452,339453,1,1
339451,339452,339454,2,1
339451,339452,339455,3,1
339451,339452,339454,2,1
339451,339452,339454,2,1
339451,339452,339455,3,1
339451,339452,339456,4,1
339451,339452,339456,4,1
339451,339452,339456,4,1
339451,339452,339455,3,1
339451,339452,339455,3,1
339451,339452,339455,3,1
339451,339452,339456,4,1
339451,339452,339456,4,1
339451,339452,339456,4,1
339451,339452,339456,4,1
339451,339452,339456,4,1
339451,339452,339456,4,1
339451,339452,339456,4,1
339451,339452,339456,4,1
339451,339452,339456,4,1
339451,339452,339456,4,1
339451,339452,339456,4,1
339451,339452,339456,4,1
339451,339452,339456,4,1
339451,339452,339456,4,1
339451,339452,339456,4,1
339451,339452,339456,4,1
339451,339452,339456,4,1
339451,339452,339456,4,1
339451,339452,339456,4,1
339451,339452,339456,4,1
339451,339452,339456,4,1
339451,339452,339456,4,1
339451,339452,339456,4,1
339451,339452,339456,4,1
339451,339452,339456,4,1
339451,339452,339456,4,1
339451,339452,339456,4,1
339451,339452,339457,5,1
339451,339452,339456,4,1
339451,339452,339456,4,1
339451,339452,339456,4,1
339451,339452,339456,4,1
339451,339452,339456,4,1
339451,339452,339456,4,1
339451,339452,339456,4,1
339451,339452,339456,4,1
339451,339452,339456,4,1
339451,339452,339457,5,1
339451,339452,339456,4,1
339451,339452,339456,4,1
339451,339452,339456,4,1
339451,339452,339456,4,1
339451,339452,339456,4,1
339451,339452,339456,4,1
339451,339452,339456,4,1
339451,339452,339456,4,1
339451,339452,339456,4,1
339451,339452,339456,4,1
339451,339452,339456,4,1
339451,339452,339456,4,1
339451,339452,339457,5,1
339451,339452,339456,4,1
339451,339452,339456,4,1
339451,339452,339457,5,1
339451,339452,339457,5,1
339451,339452,339457,5,1
339451,339452,339457,5,1
339451,339452,339458,6,1
339451,339452,339457,5,1
339451,339452,339458,6,1
339451,339456,339458,2,5
339451,339452,339457,5,1
339451,339452,339457,5,1
339451,339455,339457,2,4
339451,339455,339457,2,4
339451,339452,339457,5,1
339451,339454,339457,3,3
339451,339455,339458,3,4
339451,339452,339457,5,1
339451,339452,339457,5,1
339451,339456,339458,2,5
339451,339454,339457,3,3
339451,339456,339458,2,5
339451,339456,339458,2,5
339451,339456,339458,2,5
339451,339452,339457,5,1
339451,339452,339457,5,1
339451,339455,339457,2,4
339451,339456,339458,2,5
339451,339456,339458,2,5
339451,339456,339458,2,5
339451,339457,339459,2,6
339451,339457,339459,2,6
339451,339457,339459,2,6
339451,339457,339460,3,6
339451,339457,339460,3,6
339451,339457,339460,3,6
339451,339457,339460,3,6
339451,339457,339460,3,6
339451,339457,339460,3,6
339451,339457,339459,2,6
339451,339457,339460,3,6
339451,339457,339460,3,6
339451,339457,339460,3,6
339451,339457,339460,3,6
339451,339457,339460,3,6
339451,339457,339460,3,6
339451,339457,339460,3,6
339451,339457,339461,4,6
339451,339457,339461,4,6
339451,339457,339461,4,6
339451,339457,339461,4,6
339451,339457,339460,3,6
339451,339457,339461,4,6
339451,339457,339461,4,6
339451,339457,339461,4,6
339451,339457,339461,4,6
339451,339457,339461,4,6
339451,339457,339461,4,6
339451,339457,339461,4,6
339451,339457,339461,4,6
339451,339457,339461,4,6
339451,339457,339461,4,6
339451,339457,339461,4,6
339451,339457,339461,4,6
339451,339457,339461,4,6
339451,339457,339461,4,6
339451,339457,339461,4,6
339451,339457,339461,4,6
339451,339457,339461,4,6
339451,339458,339462,4,7
339451,339458,339462,4,7
339451,339458,339462,4,7
339451,339457,339461,4,6
339451,339457,339462,5,6
339451,339457,339462,5,6
339451,339457,339462,5,6
339451,339457,339462,5,6
339451,339457,339462,5,6
339451,339457,339462,5,6
339451,339457,339462,5,6
339451,339457,339462,5,6
339451,339458,339462,4,7
339451,339458,339462,4,7
339451,339457,339461,4,6
339451,339457,339461,4,6
339451,339457,339462,5,6
339451,339458,339462,4,7
339451,339458,339462,4,7
339451,339458,339462,4,7
339451,339458,339462,4,7
339451,339458,339462,4,7
339451,339458,339462,4,7
339451,339457,339462,5,6
339451,339457,339462,5,6
339451,339458,339462,4,7
339451,339458,339462,4,7
339451,339458,339463,5,7
339451,339458,339463,5,7
339451,339460,339463,3,9
339451,339460,339463,3,9
339451,339458,339463,5,7
339451,339458,339462,4,7
339451,339458,339463,5,7
339451,339461,339463,2,10
339451,339458,339463,5,7
339451,339461,339463,2,10
339451,339458,339462,4,7
339451,339458,339462,4,7
339451,339460,339463,3,9
339451,339460,339463,3,9
339451,339458,339462,4,7
339451,339458,339463,5,7
339451,339458,339463,5,7
339451,339458,339462,4,7
339451,339458,339463,5,7
339451,339460,339463,3,9
339451,339460,339463,3,9
339451,339459,339463,4,8
339451,339460,339463,3,9
339451,339460,339463,3,9
339451,339461,339463,2,10
339451,339460,339463,3,9
339451,339461,339463,2,10
339451,339461,339463,2,10
339451,339461,339463,2,10
339451,339460,339463,3,9
339451,339460,339463,3,9
339451,339460,339463,3,9
339451,339462,339463,1,11
339451,339461,339463,2,10
339451,339461,339463,2,10
339451,339460,339463,3,9
339451,339461,339463,2,10
339451,339461,339463,2,10
339451,339461,339463,2,10
339451,339461,339463,2,10
339468,339468,339472,4,0
339468,339468,339472,4,0
339468,339468,339472,4,0
339468,339468,339472,4,0
339468,339468,339472,4,0
339468,339468,339472,4,0
339468,339468,339472,4,0
339468,339468,339472,4,0
339468,339468,339472,4,0
339468,339468,339472,4,0
339468,339468,339472,4,0
339468,339468,339472,4,0
339468,339468,339472,4,0
339468,339468,339472,4,0
339468,339468,339472,4,0
339468,339468,339472,4,0
339468,339468,339472,4,0
339468,339468,339472,4,0
339468,339468,339472,4,0
339468,339468,339472,4,0
339468,339468,339472,4,0
339468,339468,339472,4,0
339468,339468,339472,4,0
339468,339468,339472,4,0
339468,339468,339472,4,0
339468,339468,339472,4,0
339468,339468,339472,4,0
339468,339468,339472,4,0
339468,339468,339473,5,0
339468,339468,339473,5,0
339468,339468,339472,4,0
339468,339468,339472,4,0
339468,339468,339472,4,0
339468,339468,339473,5,0
339468,339468,339473,5,0
339468,339468,339473,5,0
339468,339468,339472,4,0
339468,339468,339473,5,0
339468,339468,339473,5,0
339468,339468,339473,5,0
339468,339468,339473,5,0
339468,339468,339473,5,0
339468,339468,339473,5,0
339468,339468,339473,5,0
339468,339468,339473,5,0
339468,339468,339473,5,0
339468,339468,339473,5,0
339468,339468,339473,5,0
339468,339468,339473,5,0
339468,339468,339473,5,0
339468,339468,339473,5,0
339468,339468,339473,5,0
339468,339468,339473,5,0
339468,339468,339473,5,0
339468,339468,339473,5,0
339468,339468,339473,5,0
339468,339468,339473,5,0
339468,339468,339474,6,0
339468,339468,339474,6,0
339468,339468,339474,6,0
339468,339468,339474,6,0
339468,339468,339474,6,0
339468,339468,339474,6,0
339468,339468,339474,6,0
339468,339469,339474,5,1
339468,339468,339474,6,0
339468,339468,339474,6,0
339468,339468,339474,6,0
339468,339468,339475,7,0
339468,339468,339475,7,0
339468,339468,339475,7,0
339468,339468,339475,7,0
339468,339473,339475,2,5
339468,339468,339475,7,0
339468,339468,339475,7,0
339468,339468,339476,8,0
339468,339468,339475,7,0
339468,339469,339475,6,1
339468,339468,339476,8,0
339468,339473,339477,4,5
339468,339468,339476,8,0
339468,339468,339476,8,0
339468,339473,339477,4,5
339468,339473,339476,3,5
339468,339473,339477,4,5
339468,339473,339477,4,5
339468,339475,339477,2,7
339468,339473,339477,4,5
339468,339473,339477,4,5
339468,339475,339477,2,7
339468,339475,339477,2,7
339468,339473,339476,3,5
339468,339473,339477,4,5
339468,339473,339477,4,5
339468,339475,339477,2,7
339468,339475,339477,2,7
339468,339475,339477,2,7
339468,339474,339477,3,6
339468,339474,339477,3,6
339468,339474,339478,4,6
339468,339474,339478,4,6
339468,339473,339478,5,5
339468,339473,339477,4,5
339468,339473,339478,5,5
339468,339473,339478,5,5
339468,339474,339478,4,6
339468,339473,339477,4,5
339468,339473,339477,4,5
339468,339473,339477,4,5
339468,339473,339477,4,5
339468,339474,339478,4,6
339468,339474,339478,4,6
339468,339474,339478,4,6
339468,339475,339477,2,7
339468,339473,339477,4,5
339468,339473,339477,4,5
339468,339473,339477,4,5
339468,339474,339478,4,6
339468,339476,339477,1,8
339468,339476,339478,2,8
339468,339476,339478,2,8
339468,339477,339478,1,9
339468,339473,339478,5,5
339468,339473,339478,5,5
339468,339473,339478,5,5
339468,339474,339477,3,6
339468,339474,339478,4,6
339468,339475,339478,3,7
339468,339475,339478,3,7
339468,339476,339478,2,8
339468,339473,339478,5,5
339468,339473,339478,5,5
339468,339473,339477,4,5
339468,339474,339477,3,6
339468,339474,339477,3,6
339468,339476,339478,2,8
339468,339473,339478,5,5
339468,339474,339478,4,6
339468,339475,339477,2,7
339468,339477,339478,1,9
339468,339477,339478,1,9
339468,339473,339477,4,5
339468,339473,339477,4,5
339468,339473,339477,4,5
339468,339474,339478,4,6
339468,339474,339478,4,6
339468,339476,339478,2,8
339468,339476,339478,2,8
339468,339473,339477,4,5
339468,339474,339478,4,6
339468,339474,339478,4,6
339468,339476,339478,2,8
339468,339476,339478,2,8
339468,339476,339478,2,8
339468,339475,339478,3,7
339468,339477,339478,1,9
339468,339477,339478,1,9
339468,339477,339479,2,9
339468,339477,339479,2,9
339468,339477,339479,2,9
339468,339477,339479,2,9
339468,339477,339479,2,9
339468,339474,339479,5,6
339468,339477,339479,2,9
339468,339477,339479,2,9
339468,339477,339479,2,9
339468,339477,339479,2,9
339468,339477,339479,2,9
339468,339477,339479,2,9
339468,339477,339479,2,9
339468,339477,339479,2,9
339468,339474,339479,5,6
339468,339474,339479,5,6
339468,339478,339479,1,10
339468,339478,339479,1,10
339468,339478,339480,2,10
339468,339474,339479,5,6
339468,339474,339479,5,6
339468,339474,339479,5,6
339468,339478,339480,2,10
339468,339477,339479,2,9
339468,339478,339480,2,10
339468,339478,339480,2,10
339468,339478,339481,3,10
339468,339478,339480,2,10
339468,339478,339481,3,10
339468,339478,339481,3,10
339468,339478,339481,3,10
339468,339478,339481,3,10
339468,339478,339481,3,10
339468,339478,339481,3,10
339468,339478,339481,3,10
339468,339478,339481,3,10
339468,339478,339481,3,10
339468,339478,339481,3,10
339468,339478,339481,3,10
339468,339478,339481,3,10
339468,339478,339481,3,10
339468,339478,339481,3,10
339468,339478,339481,3,10
339485,339485,339489,4,0
339485,339485,339489,4,0
339485,339485,339489,4,0
339485,339485,339489,4,0
339485,339485,339489,4,0
339485,339485,339489,4,0
339485,339485,339489,4,0
339485,339485,339489,4,0
339485,339485,339489,4,0
339485,339485,339489,4,0
339485,339485,339489,4,0
339485,339485,339489,4,0
339485,339485,339489,4,0
339485,339485,339489,4,0
339485,339485,339489,4,0
339485,339485,339489,4,0
339485,339485,339489,4,0
339485,339485,339490,5,0
339485,339485,339489,4,0
339485,339485,339489,4,0
339485,339485,339489,4,0
339485,339485,339489,4,0
339485,339485,339489,4,0
339485,339485,339489,4,0
339485,339485,339489,4,0
339485,339485,339489,4,0
339485,339485,339490,5,0
339485,339485,339490,5,0
339485,339485,339489,4,0
339485,339485,339489,4,0
339485,339485,339489,4,0
339485,339485,339489,4,0
339485,339485,339489,4,0
339485,339485,339490,5,0
339485,339485,339490,5,0
339485,339485,339490,5,0
339485,339485,339490,5,0
339485,339485,339489,4,0
339485,339489,339490,1,4
339485,339485,339490,5,0
339485,339485,339490,5,0
339485,339485,339490,5,0
339485,339485,339490,5,0
339485,339485,339490,5,0
339485,339485,339491,6,0
339485,339485,339490,5,0
339485,339485,339490,5,0
339485,339485,339490,5,0
339485,339485,339490,5,0
339485,339485,339490,5,0
339485,339485,339490,5,0
339485,339485,339490,5,0
339485,339485,339490,5,0
339485,339485,339490,5,0
339485,339485,339490,5,0
339485,339485,339490,5,0
339485,339485,339490,5,0
339485,339485,339490,5,0
339485,339485,339490,5,0
339485,339485,339490,5,0
339485,339485,339490,5,0
339485,339485,339491,6,0
339485,339485,339490,5,0
339485,339485,339490,5,0
339485,339485,339490,5,0
339485,339485,339490,5,0
339485,339485,339490,5,0
339485,339485,339490,5,0
339485,339485,339490,5,0
339485,339485,339490,5,0
339485,339485,339490,5,0
339485,339485,339490,5,0
339485,339485,339490,5,0
339485,339485,339490,5,0
339485,339485,339490,5,0
339485,339485,339490,5,0
339485,339485,339490,5,0
339485,339485,339490,5,0
339485,339485,339490,5,0
339485,339485,339490,5,0
339485,339485,339491,6,0
339485,339490,339491,1,5
339485,339490,339491,1,5
339485,339490,339491,1,5
339485,339490,339491,1,5
339485,339490,339491,1,5
339485,339490,339491,1,5
339485,339490,339491,1,5
339485,339490,339491,1,5
339485,339490,339491,1,5
339485,339490,339491,1,5
339485,339490,339491,1,5
339485,339490,339491,1,5
339485,339490,339491,1,5
339485,339490,339492,2,5
339485,339490,339492,2,5
339485,339490,339494,4,5
339485,339491,339494,3,6
339485,339491,339494,3,6
339485,339491,339494,3,6
339485,339491,339495,4,6
339485,339491,339495,4,6
339485,339491,339495,4,6
339485,339491,339495,4,6
339485,339491,339495,4,6
339485,339490,339494,4,5
339485,339490,339494,4,5
339485,339490,339495,5,5
339485,339490,339495,5,5
339485,339490,339495,5,5
339485,339491,339495,4,6
339485,339491,339495,4,6
339485,339491,339495,4,6
339485,339491,339495,4,6
339485,339491,339495,4,6
339485,339490,339494,4,5
339485,339490,339494,4,5
339485,339490,339494,4,5
339485,339490,339495,5,5
339485,339491,339495,4,6
339485,339491,339495,4,6
339485,339491,339495,4,6
339485,339490,339495,5,5
339485,339490,339495,5,5
339485,339491,339495,4,6
339485,339491,339495,4,6
339485,339491,339495,4,6
339485,339491,339495,4,6
339485,339491,339495,4,6
339485,339491,339495,4,6
339485,339491,339495,4,6
339485,339491,339495,4,6
339485,339491,339495,4,6
339485,339491,339495,4,6
339485,339491,339495,4,6
339485,339490,339495,5,5
339485,339490,339495,5,5
339485,339491,339495,4,6
339485,339491,339495,4,6
339485,339491,339495,4,6
339485,339491,339495,4,6
339485,339491,339495,4,6
339485,339491,339495,4,6
339485,339491,339495,4,6
339485,339491,339495,4,6
339485,339495,339496,1,10
339485,339495,339496,1,10
339485,339495,339496,1,10
339485,339491,339495,4,6
339485,339491,339495,4,6
339485,339491,339496,5,6
339485,339492,339495,3,7
339485,339495,339496,1,10
339485,339495,339496,1,10
339485,339495,339496,1,10
339485,339495,339496,1,10
339485,339491,339495,4,6
339485,339491,339495,4,6
339485,339491,339495,4,6
339485,339491,339495,4,6
339485,339492,339496,4,7
339485,339492,339495,3,7
339485,339493,339496,3,8
339485,339493,339495,2,8
339485,339492,339496,4,7
339485,339492,339496,4,7
339485,339492,339496,4,7
339485,339491,339495,4,6
339485,339491,339496,5,6
339485,339491,339495,4,6
339485,339492,339495,3,7
339485,339491,339495,4,6
339485,339492,339496,4,7
339485,339492,339496,4,7
339485,339494,339495,1,9
339485,339491,339495,4,6
339485,339491,339495,4,6
339485,339491,339495,4,6
339485,339492,339496,4,7
339485,339492,339496,4,7
339485,339492,339496,4,7
339485,339495,339496,1,10
339485,339495,339496,1,10
339485,339492,339496,4,7
339485,339495,339496,1,10
339485,339495,339496,1,10
339485,339491,339496,5,6
339485,339492,339496,4,7
339485,339495,339496,1,10
339485,339495,339496,1,10
339485,339495,339496,1,10
339485,339495,339496,1,10
339485,339495,339496,1,10
339485,339495,339496,1,10
339485,339495,339497,2,10
339485,339495,339497,2,10
339485,339495,339497,2,10
339485,339495,339497,2,10
339501,339501,339502,1,0
339501,339501,339504,3,0
339501,339501,339504,3,0
339501,339501,339506,5,0
339501,339501,339505,4,0
339501,339501,339505,4,0
339501,339501,339506,5,0
339501,339501,339505,4,0
339501,339501,339506,5,0
339501,339501,339505,4,0
339501,339501,339506,5,0
339501,339501,339505,4,0
339501,339501,339506,5,0
339501,339501,339506,5,0
339501,339501,339506,5,0
339501,339501,339506,5,0
339501,339501,339506,5,0
339501,339502,339506,4,1
339501,339501,339506,5,0
339501,339502,339506,4,1
339501,339501,339506,5,0
339501,339501,339506,5,0
339501,339501,339506,5,0
339501,339502,339506,4,1
339501,339502,339506,4,1
339501,339502,339506,4,1
339501,339501,339506,5,0
339501,339502,339506,4,1
339501,339502,339506,4,1
339501,339502,339507,5,1
339501,339501,339506,5,0
339501,339501,339507,6,0
339501,339501,339507,6,0
339501,339501,339507,6,0
339501,339502,339507,5,1
339501,339502,339508,6,1
339501,339502,339508,6,1
339501,339501,339507,6,0
339501,339502,339507,5,1
339501,339502,339508,6,1
339501,339502,339507,5,1
339501,339502,339507,5,1
339501,339502,339508,6,1
339501,339502,339507,5,1
339501,339501,339507,6,0
339501,339502,339507,5,1
339501,339502,339507,5,1
339501,339502,339508,6,1
339501,339501,339507,6,0
339501,339502,339507,5,1
339501,339502,339507,5,1
339501,339502,339507,5,1
339501,339502,339508,6,1
339501,339507,339508,1,6
339501,339502,339507,5,1
339501,339502,339507,5,1
339501,339502,339507,5,1
339501,339502,339507,5,1
339501,339502,339508,6,1
339501,339502,339508,6,1
339501,339502,339507,5,1
339501,339507,339508,1,6
339501,339501,339507,6,0
339501,339502,339508,6,1
339501,339502,339507,5,1
339501,339502,339508,6,1
339501,339502,339508,6,1
339501,339502,339507,5,1
339501,339502,339507,5,1
339501,339502,339508,6,1
339501,339502,339508,6,1
339501,339507,339508,1,6
339501,339507,339508,1,6
339501,339502,339508,6,1
339501,339502,339508,6,1
339501,339506,339508,2,5
339501,339507,339509,2,6
339501,339507,339508,1,6
339501,339502,339508,6,1
339501,339505,339508,3,4
339501,339506,339508,2,5
339501,339502,339508,6,1
339501,339502,339508,6,1
339501,339507,339508,1,6
339501,339502,339508,6,1
339501,339503,339508,5,2
339501,339507,339509,2,6
339501,339507,339508,1,6
339501,339506,339509,3,5
339501,339507,339508,1,6
339501,339507,339508,1,6
339501,339507,339508,1,6
339501,339507,339508,1,6
339501,339507,339508,1,6
339501,339502,339508,6,1
339501,339502,339508,6,1
339501,339506,339508,2,5
339501,339507,339508,1,6
339501,339507,339508,1,6
339501,339502,339508,6,1
339501,339505,339508,3,4
339501,339506,339508,2,5
339501,339507,339508,1,6
339501,339507,339508,1,6
339501,339506,339508,2,5
339501,339506,339508,2,5
339501,339507,339508,1,6
339501,339502,339508,6,1
339501,339506,339508,2,5
339501,339502,339508,6,1
339501,339506,339508,2,5
339501,339507,339510,3,6
339501,339508,339510,2,7
339501,339508,339510,2,7
339501,339508,339510,2,7
339501,339508,339510,2,7
339501,339508,339510,2,7
339501,339508,339510,2,7
339501,339508,339510,2,7
339501,339508,339511,3,7
339501,339508,339510,2,7
339501,339508,339510,2,7
339501,339508,339510,2,7
339501,339508,339512,4,7
339501,339508,339512,4,7
339501,339508,339512,4,7
339501,339508,339512,4,7
339501,339508,339512,4,7
339501,339508,339512,4,7
339501,339508,339513,5,7
339501,339508,339512,4,7
339501,339508,339513,5,7
339501,339508,339513,5,7
339501,339508,339512,4,7
339501,339508,339512,4,7
339501,339508,339513,5,7
339501,339508,339513,5,7
339501,339508,339513,5,7
339501,339508,339513,5,7
339501,339508,339512,4,7
339501,339508,339513,5,7
339501,339508,339512,4,7
339501,339508,339512,4,7
339501,339508,339513,5,7
339501,339508,339513,5,7
339501,339508,339513,5,7
339501,339509,339513,4,8
339501,339509,339513,4,8
339501,339508,339514,6,7
339501,339508,339514,6,7
339501,339508,339514,6,7
339501,339508,339514,6,7
339501,339508,339514,6,7
339501,339509,339514,5,8
339501,339509,339514,5,8
339501,339509,339514,5,8
339501,339509,339514,5,8
339501,339509,339514,5,8
339501,339509,339514,5,8
339501,339509,339514,5,8
339501,339509,339514,5,8
339501,339509,339514,5,8
339501,339509,339514,5,8
339501,339509,339514,5,8
339501,339509,339514,5,8
339501,339509,339514,5,8
339501,339509,339514,5,8
339501,339509,339514,5,8
339501,339509,339514,5,8
339501,339509,339514,5,8
339501,339510,339514,4,9
339501,339509,339513,4,8
339501,339509,339514,5,8
339501,339509,339514,5,8
339501,339509,339514,5,8
339501,339509,339514,5,8
339501,339510,339514,4,9
339501,339509,339514,5,8
339501,339509,339514,5,8
339501,339509,339513,4,8
339501,339509,339514,5,8
339501,339509,339514,5,8
339501,339510,339514,4,9
339501,339510,339514,4,9
339501,339508,339514,6,7
339501,339510,339514,4,9
339501,339510,339514,4,9
339501,339509,339514,5,8
339501,339509,339515,6,8
339501,339509,339514,5,8
339501,339509,339515,6,8
339501,339509,339514,5,8
339501,339510,339515,5,9
339501,339510,339515,5,9
339501,339510,339515,5,9
339501,339510,339515,5,9
339501,339509,339515,6,8
339501,339509,339515,6,8
339501,339509,339515,6,8
339519,339519,339522,3,0
339519,339519,339522,3,0
339519,339519,339522,3,0
339519,339519,339522,3,0
339519,339519,339522,3,0
339519,339519,339522,3,0
339519,339519,339522,3,0
339519,339519,339522,3,0
339519,339519,339522,3,0
339519,339519,339522,3,0
339519,339519,339521,2,0
339519,339519,339522,3,0
339519,339519,339522,3,0
339519,339519,339522,3,0
339519,339519,339522,3,0
339519,339519,339522,3,0
339519,339519,339522,3,0
339519,339519,339522,3,0
339519,339519,339522,3,0
339519,339519,339522,3,0
339519,339519,339522,3,0
339519,339519,339522,3,0
339519,339519,339522,3,0
339519,339519,339522,3,0
339519,339519,339522,3,0
339519,339519,339522,3,0
339519,339519,339522,3,0
339519,339519,339522,3,0
339519,339519,339522,3,0
339519,339519,339522,3,0
339519,339519,339522,3,0
339519,339519,339522,3,0
339519,339519,339522,3,0
339519,339519,339522,3,0
339519,339519,339522,3,0
339519,339519,339523,4,0
339519,339519,339523,4,0
339519,339519,339523,4,0
339519,339519,339523,4,0
339519,339519,339523,4,0
339519,339519,339523,4,0
317972,317972,378252,60280,0
381258,381258,381263,5,0
381258,381258,381263,5,0
381258,381258,381263,5,0
381258,381258,381263,5,0
381258,381258,381263,5,0
381258,381258,381263,5,0
381258,381258,381263,5,0
381258,381258,381263,5,0
381258,381258,381263,5,0
381258,381258,381263,5,0
381258,381258,381263,5,0
381258,381258,381263,5,0
381258,381258,381263,5,0
381258,381258,381263,5,0
381258,381258,381263,5,0
381258,381258,381263,5,0
381258,381258,381263,5,0
381258,381258,381263,5,0
381258,381258,381263,5,0
381258,381258,381263,5,0
381258,381258,381263,5,0
381258,381258,381263,5,0
381258,381258,381263,5,0
381258,381258,381263,5,0
381258,381258,381263,5,0
381258,381258,381263,5,0
381258,381258,381263,5,0
381258,381258,381263,5,0
381258,381258,381263,5,0
381258,381258,381263,5,0
381258,381258,381263,5,0
381258,381258,381263,5,0
381258,381258,381263,5,0
381258,381258,381264,6,0
381258,381258,381263,5,0
381258,381258,381263,5,0
381258,381258,381263,5,0
381258,381258,381263,5,0
381258,381258,381263,5,0
381258,381258,381263,5,0
381258,381258,381263,5,0
381258,381258,381263,5,0
381258,381258,381263,5,0
381258,381258,381263,5,0
381258,381258,381264,6,0
381258,381258,381263,5,0
381258,381258,381264,6,0
381258,381258,381263,5,0
381258,381258,381263,5,0
381258,381258,381263,5,0
381258,381258,381263,5,0
381258,381258,381263,5,0
381258,381258,381263,5,0
381258,381258,381264,6,0
381258,381258,381263,5,0
381258,381258,381264,6,0
381258,381258,381263,5,0
381258,381258,381264,6,0
381258,381258,381264,6,0
381258,381258,381263,5,0
381258,381258,381263,5,0
381258,381258,381264,6,0
381258,381258,381264,6,0
381258,381258,381263,5,0
381258,381258,381263,5,0
381258,381258,381263,5,0
381258,381258,381263,5,0
381258,381258,381263,5,0
381258,381258,381263,5,0
381258,381258,381263,5,0
381258,381258,381263,5,0
381258,381258,381263,5,0
381258,381258,381264,6,0
381258,381258,381264,6,0
381258,381258,381264,6,0
381258,381258,381264,6,0
381258,381258,381264,6,0
381258,381258,381264,6,0
381258,381258,381264,6,0
381258,381258,381264,6,0
381258,381263,381265,2,5
381258,381263,381265,2,5
381258,381263,381266,3,5
381258,381263,381266,3,5
381258,381263,381266,3,5
381258,381263,381265,2,5
381258,381263,381267,4,5
381258,381263,381267,4,5
381258,381263,381267,4,5
381258,381263,381266,3,5
381258,381264,381267,3,6
381258,381263,381267,4,5
381258,381263,381267,4,5
381258,381263,381267,4,5
381258,381263,381266,3,5
381258,381263,381267,4,5
381258,381263,381267,4,5
381258,381263,381267,4,5
381258,381263,381267,4,5
381258,381263,381267,4,5
381258,381263,381267,4,5
381258,381264,381268,4,6
381258,381264,381268,4,6
381258,381264,381267,3,6
381258,381264,381268,4,6
381258,381264,381268,4,6
381258,381264,381268,4,6
381258,381264,381268,4,6
381258,381264,381268,4,6
381258,381264,381268,4,6
381258,381264,381268,4,6
381258,381264,381268,4,6
381258,381264,381268,4,6
381258,381264,381267,3,6
381258,381264,381267,3,6
381258,381264,381268,4,6
381258,381264,381268,4,6
381258,381263,381267,4,5
381258,381264,381268,4,6
381258,381264,381268,4,6
381258,381264,381268,4,6
381258,381264,381268,4,6
381258,381264,381268,4,6
381258,381264,381268,4,6
381258,381264,381268,4,6
381258,381264,381267,3,6
381258,381264,381268,4,6
381258,381263,381267,4,5
381258,381263,381267,4,5
381258,381264,381268,4,6
381258,381264,381268,4,6
381258,381264,381268,4,6
381258,381264,381267,3,6
381258,381263,381267,4,5
381258,381263,381267,4,5
381258,381264,381268,4,6
381258,381264,381268,4,6
381258,381265,381268,3,7
381258,381264,381268,4,6
381258,381264,381268,4,6
381258,381264,381268,4,6
381258,381264,381268,4,6
381258,381264,381268,4,6
381258,381264,381267,3,6
381258,381264,381268,4,6
381258,381265,381269,4,7
381258,381265,381269,4,7
381258,381265,381269,4,7
381258,381265,381269,4,7
381258,381265,381269,4,7
381258,381265,381269,4,7
381258,381264,381269,5,6
381258,381264,381269,5,6
381258,381264,381269,5,6
381258,381264,381269,5,6
381258,381266,381269,3,8
381258,381266,381269,3,8
381258,381264,381269,5,6
381258,381266,381269,3,8
381258,381266,381269,3,8
381258,381266,381269,3,8
381258,381264,381269,5,6
381258,381264,381269,5,6
381258,381264,381269,5,6
381258,381267,381270,3,9
381258,381267,381270,3,9
381258,381267,381270,3,9
381258,381265,381270,5,7
381258,381268,381270,2,10
381258,381268,381270,2,10
381258,381268,381270,2,10
381258,381267,381270,3,9
381258,381267,381270,3,9
381258,381265,381270,5,7
381258,381268,381270,2,10
381258,381268,381270,2,10
381258,381268,381270,2,10
381258,381267,381270,3,9
381258,381267,381270,3,9
381258,381267,381270,3,9
381258,381267,381270,3,9
381258,381267,381270,3,9
381258,381267,381270,3,9
381258,381267,381270,3,9
381258,381269,381270,1,11
381258,381267,381270,3,9
381258,381269,381270,1,11
381258,381269,381271,2,11
381258,381267,381270,3,9
381258,381269,381271,2,11
381258,381269,381271,2,11
381258,381267,381270,3,9
381258,381268,381270,2,10
381258,381268,381271,3,10
381258,381268,381270,2,10
381258,381268,381270,2,10
381258,381268,381271,3,10
381258,381268,381271,3,10
381258,381269,381271,2,11
381258,381269,381271,2,11
381276,381276,381281,5,0
381276,381276,381281,5,0
381276,381276,381281,5,0
381276,381276,381281,5,0
381276,381276,381281,5,0
381276,381276,381281,5,0
381276,381276,381281,5,0
381276,381276,381281,5,0
381276,381276,381281,5,0
381276,381276,381281,5,0
381276,381276,381281,5,0
381276,381276,381281,5,0
381276,381276,381281,5,0
381276,381276,381281,5,0
381276,381276,381281,5,0
381276,381276,381281,5,0
381276,381276,381281,5,0
381276,381276,381281,5,0
381276,381276,381281,5,0
381276,381276,381281,5,0
381276,381276,381281,5,0
381276,381276,381281,5,0
381276,381276,381281,5,0
381276,381276,381281,5,0
381276,381276,381281,5,0
381276,381276,381281,5,0
381276,381276,381281,5,0
381276,381276,381281,5,0
381276,381276,381281,5,0
381276,381276,381281,5,0
381276,381276,381281,5,0
381276,381276,381281,5,0
381276,381276,381281,5,0
381276,381276,381281,5,0
381276,381276,381281,5,0
381276,381276,381281,5,0
381276,381276,381281,5,0
381276,381276,381281,5,0
381276,381276,381281,5,0
381276,381276,381282,6,0
381276,381276,381282,6,0
381276,381276,381282,6,0
381276,381276,381282,6,0
381276,381276,381281,5,0
381276,381276,381282,6,0
381276,381276,381282,6,0
381276,381276,381281,5,0
381276,381276,381282,6,0
381276,381276,381281,5,0
381276,381276,381282,6,0
381276,381276,381281,5,0
381276,381276,381282,6,0
381276,381276,381281,5,0
381276,381276,381282,6,0
381276,381276,381282,6,0
381276,381276,381282,6,0
381276,381276,381281,5,0
381276,381276,381282,6,0
381276,381276,381281,5,0
381276,381276,381281,5,0
381276,381276,381281,5,0
381276,381276,381282,6,0
381276,381276,381281,5,0
381276,381276,381281,5,0
381276,381276,381282,6,0
381276,381276,381282,6,0
381276,381276,381283,7,0
381276,381276,381283,7,0
381276,381276,381283,7,0
381276,381276,381283,7,0
381276,381276,381283,7,0
381276,381276,381283,7,0
381276,381276,381283,7,0
381276,381276,381284,8,0
381276,381276,381284,8,0
381276,381277,381284,7,1
381276,381281,381284,3,5
381276,381276,381283,7,0
381276,381276,381284,8,0
381276,381276,381284,8,0
381276,381281,381285,4,5
381276,381281,381285,4,5
381276,381281,381285,4,5
381276,381276,381285,9,0
381276,381281,381285,4,5
381276,381281,381285,4,5
381276,381281,381285,4,5
381276,381281,381285,4,5
381276,381281,381285,4,5
381276,381281,381285,4,5
381276,381281,381286,5,5
381276,381282,381286,4,6
381276,381282,381286,4,6
381276,381282,381286,4,6
381276,381283,381286,3,7
381276,381283,381286,3,7
381276,381282,381286,4,6
381276,381282,381286,4,6
381276,381282,381286,4,6
381276,381282,381287,5,6
381276,381282,381286,4,6
381276,381282,381286,4,6
381276,381281,381286,5,5
381276,381281,381286,5,5
381276,381281,381286,5,5
381276,381281,381286,5,5
381276,381283,381287,4,7
381276,381283,381287,4,7
381276,381283,381287,4,7
381276,381281,381286,5,5
381276,381281,381286,5,5
381276,381281,381286,5,5
381276,381281,381286,5,5
381276,381283,381286,3,7
381276,381283,381286,3,7
381276,381282,381286,4,6
381276,381282,381286,4,6
381276,381282,381286,4,6
381276,381284,381286,2,8
381276,381281,381286,5,5
381276,381281,381286,5,5
381276,381281,381286,5,5
381276,381283,381286,3,7
381276,381283,381286,3,7
381276,381283,381286,3,7
381276,381283,381286,3,7
381276,381283,381286,3,7
381276,381281,381286,5,5
381276,381281,381286,5,5
381276,381283,381287,4,7
381276,381283,381286,3,7
381276,381283,381287,4,7
381276,381281,381286,5,5
381276,381281,381286,5,5
381276,381281,381286,5,5
381276,381283,381286,3,7
381276,381283,381286,3,7
381276,381284,381286,2,8
381276,381281,381286,5,5
381276,381281,381286,5,5
381276,381281,381286,5,5
381276,381283,381286,3,7
381276,381284,381287,3,8
381276,381284,381287,3,8
381276,381281,381286,5,5
381276,381281,381286,5,5
381276,381281,381286,5,5
381276,381281,381286,5,5
381276,381283,381287,4,7
381276,381283,381287,4,7
381276,381283,381287,4,7
381276,381284,381287,3,8
381276,381285,381287,2,9
381276,381285,381287,2,9
381276,381285,381287,2,9
381276,381286,381287,1,10
381276,381286,381287,1,10
381276,381286,381287,1,10
381276,381285,381287,2,9
381276,381285,381287,2,9
381276,381286,381288,2,10
381276,381286,381288,2,10
381276,381286,381288,2,10
381276,381285,381287,2,9
381276,381286,381288,2,10
381276,381286,381287,1,10
381276,381286,381288,2,10
381276,381283,381287,4,7
381276,381283,381287,4,7
381276,381286,381287,1,10
381276,381286,381287,1,10
381276,381287,381288,1,11
381276,381287,381288,1,11
381276,381287,381288,1,11
381276,381287,381288,1,11
381276,381287,381289,2,11
381276,381287,381288,1,11
381276,381287,381288,1,11
381276,381287,381289,2,11
381276,381287,381289,2,11
381276,381287,381289,2,11
381276,381287,381289,2,11
381276,381287,381288,1,11
381276,381287,381288,1,11
381276,381287,381289,2,11
381276,381287,381289,2,11
381276,381287,381289,2,11
381276,381287,381289,2,11
381276,381287,381289,2,11
381276,381287,381289,2,11
381276,381287,381289,2,11
381276,381287,381289,2,11
381276,381287,381289,2,11
381276,381287,381289,2,11
381276,381287,381289,2,11
381276,381287,381289,2,11
381276,381287,381289,2,11
381276,381287,381289,2,11
381276,381287,381289,2,11
381276,381287,381289,2,11
381294,381294,381298,4,0
381294,381294,381298,4,0
381294,381294,381298,4,0
381294,381294,381298,4,0
381294,381294,381298,4,0
381294,381294,381299,5,0
381294,381294,381299,5,0
381294,381294,381298,4,0
381294,381294,381298,4,0
381294,381294,381298,4,0
381294,381294,381298,4,0
381294,381294,381298,4,0
381294,381294,381298,4,0
381294,381294,381298,4,0
381294,381294,381298,4,0
381294,381294,381298,4,0
381294,381294,381298,4,0
381294,381294,381298,4,0
381294,381294,381299,5,0
381294,381294,381298,4,0
381294,381294,381299,5,0
381294,381294,381298,4,0
381294,381294,381298,4,0
381294,381294,381298,4,0
381294,381294,381298,4,0
381294,381294,381299,5,0
381294,381294,381298,4,0
381294,381294,381298,4,0
381294,381294,381298,4,0
381294,381294,381298,4,0
381294,381294,381298,4,0
381294,381294,381299,5,0
381294,381294,381298,4,0
381294,381294,381298,4,0
381294,381294,381298,4,0
381294,381294,381298,4,0
381294,381294,381298,4,0
381294,381294,381298,4,0
381294,381294,381299,5,0
381294,381294,381298,4,0
381294,381294,381298,4,0
381294,381294,381299,5,0
381294,381294,381298,4,0
381294,381294,381298,4,0
381294,381294,381299,5,0
381294,381294,381298,4,0
381294,381294,381298,4,0
381294,381294,381298,4,0
381294,381294,381298,4,0
381294,381294,381299,5,0
381294,381294,381299,5,0
381294,381294,381298,4,0
381294,381294,381298,4,0
381294,381294,381298,4,0
381294,381294,381298,4,0
381294,381294,381298,4,0
381294,381294,381298,4,0
381294,381294,381299,5,0
381294,381294,381299,5,0
381294,381294,381298,4,0
381294,381294,381298,4,0
381294,381294,381298,4,0
381294,381294,381298,4,0
381294,381294,381298,4,0
381294,381294,381299,5,0
381294,381294,381299,5,0
381294,381294,381299,5,0
381294,381294,381299,5,0
381294,381294,381299,5,0
381294,381294,381300,6,0
381294,381294,381300,6,0
381294,381294,381299,5,0
381294,381294,381299,5,0
381294,381294,381299,5,0
381294,381294,381299,5,0
381294,381294,381299,5,0
381294,381294,381299,5,0
381294,381294,381299,5,0
381294,381294,381299,5,0
381294,381294,381299,5,0
381294,381299,381303,4,5
381294,381299,381303,4,5
381294,381299,381303,4,5
381294,381299,381303,4,5
381294,381299,381304,5,5
381294,381299,381304,5,5
381294,381299,381304,5,5
381294,381299,381304,5,5
381294,381299,381304,5,5
381294,381299,381304,5,5
381294,381299,381304,5,5
381294,381299,381304,5,5
381294,381299,381304,5,5
381294,381299,381304,5,5
381294,381299,381304,5,5
381294,381299,381304,5,5
381294,381299,381304,5,5
381294,381299,381304,5,5
381294,381299,381304,5,5
381294,381299,381304,5,5
381294,381299,381304,5,5
381294,381300,381305,5,6
381294,381299,381304,5,5
381294,381299,381304,5,5
381294,381299,381304,5,5
381294,381299,381304,5,5
381294,381299,381304,5,5
381294,381299,381304,5,5
381294,381299,381304,5,5
381294,381299,381304,5,5
381294,381299,381304,5,5
381294,381299,381304,5,5
381294,381299,381304,5,5
381294,381299,381304,5,5
381294,381301,381304,3,7
381294,381299,381304,5,5
381294,381299,381304,5,5
381294,381299,381304,5,5
381294,381299,381304,5,5
381294,381299,381304,5,5
381294,381299,381304,5,5
381294,381299,381304,5,5
381294,381299,381304,5,5
381294,381299,381304,5,5
381294,381299,381304,5,5
381294,381299,381304,5,5
381294,381301,381304,3,7
381294,381301,381304,3,7
381294,381299,381304,5,5
381294,381299,381304,5,5
381294,381299,381304,5,5
381294,381299,381304,5,5
381294,381301,381304,3,7
381294,381299,381304,5,5
381294,381299,381304,5,5
381294,381299,381304,5,5
381294,381299,381304,5,5
381294,381299,381304,5,5
381294,381299,381304,5,5
381294,381301,381304,3,7
381294,381299,381304,5,5
381294,381299,381304,5,5
381294,381299,381304,5,5
381294,381299,381304,5,5
381294,381299,381304,5,5
381294,381301,381304,3,7
381294,381301,381304,3,7
381294,381304,381305,1,10
381294,381301,381305,4,7
381294,381301,381305,4,7
381294,381304,381305,1,10
381294,381304,381305,1,10
381294,381304,381305,1,10
381294,381300,381305,5,6
381294,381301,381305,4,7
381294,381299,381305,6,5
381294,381301,381305,4,7
381294,381301,381305,4,7
381294,381299,381305,6,5
381294,381301,381305,4,7
381294,381299,381305,6,5
381294,381299,381305,6,5
381294,381299,381305,6,5
381294,381299,381305,6,5
381294,381305,381307,2,11
381294,381305,381307,2,11
381294,381305,381307,2,11
381294,381305,381307,2,11
381294,381305,381308,3,11
381294,381305,381307,2,11
381294,381305,381307,2,11
381294,381305,381308,3,11
381294,381305,381307,2,11
381294,381305,381307,2,11
381294,381305,381307,2,11
381294,381305,381308,3,11
381294,381305,381308,3,11
381294,381305,381308,3,11
381294,381305,381307,2,11
381294,381305,381308,3,11
381294,381305,381307,2,11
381294,381305,381308,3,11
381294,381305,381307,2,11
381294,381305,381308,3,11
381294,381305,381308,3,11
381294,381305,381307,2,11
381294,381305,381307,2,11
381294,381305,381307,2,11
381294,381305,381308,3,11
381294,381305,381308,3,11
381294,381305,381308,3,11
381294,381305,381308,3,11
381294,381305,381308,3,11
381294,381305,381308,3,11
381294,381305,381308,3,11
381294,381305,381308,3,11
381294,381305,381308,3,11
381294,381305,381308,3,11
381294,381305,381308,3,11
381294,381305,381308,3,11
381312,381313,381318,5,1
381312,381313,381318,5,1
381312,381313,381318,5,1
381312,381313,381318,5,1
381312,381313,381318,5,1
381312,381313,381318,5,1
381312,381313,381318,5,1
381312,381313,381318,5,1
381312,381313,381318,5,1
381312,381313,381318,5,1
381312,381313,381319,6,1
381312,381313,381318,5,1
381312,381313,381318,5,1
381312,381313,381318,5,1
381312,381313,381318,5,1
381312,381313,381318,5,1
381312,381313,381318,5,1
381312,381313,381318,5,1
381312,381313,381318,5,1
381312,381313,381318,5,1
381312,381313,381318,5,1
381312,381313,381318,5,1
381312,381313,381318,5,1
381312,381313,381318,5,1
381312,381313,381319,6,1
381312,381313,381318,5,1
381312,381313,381318,5,1
381312,381313,381318,5,1
381312,381313,381318,5,1
381312,381313,381318,5,1
381312,381313,381318,5,1
381312,381313,381318,5,1
381312,381313,381318,5,1
381312,381313,381318,5,1
381312,381313,381318,5,1
381312,381313,381318,5,1
381312,381313,381318,5,1
381312,381313,381318,5,1
381312,381313,381318,5,1
381312,381313,381318,5,1
381312,381313,381318,5,1
381312,381313,381318,5,1
381312,381313,381319,6,1
381312,381313,381318,5,1
381312,381313,381318,5,1
381312,381313,381318,5,1
381312,381313,381318,5,1
381312,381313,381318,5,1
381312,381313,381318,5,1
381312,381313,381318,5,1
381312,381313,381318,5,1
381312,381313,381318,5,1
381312,381313,381318,5,1
381312,381313,381318,5,1
381312,381313,381319,6,1
381312,381313,381318,5,1
381312,381313,381318,5,1
381312,381313,381318,5,1
381312,381313,381319,6,1
381312,381313,381318,5,1
381312,381313,381318,5,1
381312,381313,381319,6,1
381312,381313,381318,5,1
381312,381313,381318,5,1
381312,381313,381318,5,1
381312,381313,381318,5,1
381312,381313,381319,6,1
381312,381313,381319,6,1
381312,381313,381319,6,1
381312,381313,381319,6,1
381312,381313,381319,6,1
381312,381313,381319,6,1
381312,381313,381319,6,1
381312,381313,381319,6,1
381312,381313,381319,6,1
381312,381313,381319,6,1
381312,381313,381319,6,1
381312,381313,381319,6,1
381312,381313,381319,6,1
381312,381313,381319,6,1
381312,381319,381321,2,7
381312,381319,381323,4,7
381312,381319,381323,4,7
381312,381319,381322,3,7
381312,381319,381323,4,7
381312,381319,381323,4,7
381312,381319,381323,4,7
381312,381319,381323,4,7
381312,381319,381323,4,7
381312,381319,381323,4,7
381312,381319,381324,5,7
381312,381319,381324,5,7
381312,381319,381324,5,7
381312,381319,381324,5,7
381312,381319,381323,4,7
381312,381319,381323,4,7
381312,381319,381323,4,7
381312,381319,381323,4,7
381312,381319,381324,5,7
381312,381319,381324,5,7
381312,381319,381324,5,7
381312,381319,381324,5,7
381312,381319,381323,4,7
381312,381319,381323,4,7
381312,381319,381323,4,7
381312,381319,381323,4,7
381312,381319,381323,4,7
381312,381319,381323,4,7
381312,381319,381323,4,7
381312,381319,381324,5,7
381312,381319,381324,5,7
381312,381319,381323,4,7
381312,381319,381324,5,7
381312,381319,381324,5,7
381312,381319,381323,4,7
381312,381319,381323,4,7
381312,381319,381323,4,7
381312,381319,381323,4,7
381312,381319,381323,4,7
381312,381319,381323,4,7
381312,381319,381323,4,7
381312,381319,381323,4,7
381312,381319,381324,5,7
381312,381319,381324,5,7
381312,381319,381324,5,7
381312,381319,381323,4,7
381312,381319,381323,4,7
381312,381319,381323,4,7
381312,381319,381323,4,7
381312,381319,381323,4,7
381312,381319,381323,4,7
381312,381319,381323,4,7
381312,381320,381324,4,8
381312,381319,381323,4,7
381312,381319,381323,4,7
381312,381319,381323,4,7
381312,381319,381323,4,7
381312,381319,381323,4,7
381312,381320,381324,4,8
381312,381319,381323,4,7
381312,381319,381324,5,7
381312,381319,381323,4,7
381312,381319,381323,4,7
381312,381320,381324,4,8
381312,381320,381324,4,8
381312,381320,381324,4,8
381312,381319,381323,4,7
381312,381319,381323,4,7
381312,381319,381323,4,7
381312,381320,381324,4,8
381312,381320,381324,4,8
381312,381322,381324,2,10
381312,381323,381325,2,11
381312,381323,381325,2,11
381312,381320,381324,4,8
381312,381323,381325,2,11
381312,381320,381324,4,8
381312,381320,381324,4,8
381312,381320,381324,4,8
381312,381320,381324,4,8
381312,381323,381325,2,11
381312,381319,381324,5,7
381312,381319,381324,5,7
381312,381320,381324,4,8
381312,381320,381324,4,8
381312,381323,381325,2,11
381312,381324,381326,2,12
381312,381324,381326,2,12
381312,381324,381326,2,12
381312,381324,381326,2,12
381312,381324,381326,2,12
381312,381324,381326,2,12
381312,381324,381326,2,12
381312,381324,381326,2,12
381312,381324,381326,2,12
381312,381324,381327,3,12
381312,381324,381327,3,12
381312,381324,381327,3,12
381312,381324,381327,3,12
381312,381324,381327,3,12
381312,381324,381327,3,12
381312,381324,381327,3,12
381312,381324,381327,3,12
381312,381324,381327,3,12
381312,381324,381327,3,12
381312,381324,381327,3,12
381312,381324,381327,3,12
381312,381324,381327,3,12
381312,381324,381327,3,12
381312,381324,381327,3,12
381312,381324,381327,3,12
381312,381324,381327,3,12
381312,381324,381327,3,12
381312,381324,381327,3,12
381312,381324,381327,3,12
381312,381324,381327,3,12
381312,381324,381327,3,12
381312,381324,381327,3,12
381312,381324,381327,3,12
381312,381324,381327,3,12
381331,381331,381335,4,0
381331,381331,381335,4,0
381331,381331,381335,4,0
381331,381331,381335,4,0
381331,381331,381335,4,0
381331,381331,381335,4,0
381331,381331,381335,4,0
381331,381331,381335,4,0
381331,381331,381335,4,0
381331,381331,381335,4,0
381331,381331,381335,4,0
381331,381331,381335,4,0
381331,381331,381335,4,0
381331,381331,381335,4,0
381331,381331,381335,4,0
381331,381331,381335,4,0
381331,381331,381335,4,0
381331,381331,381335,4,0
381331,381331,381335,4,0
381331,381331,381335,4,0
381331,381331,381335,4,0
381331,381331,381335,4,0
381331,381331,381335,4,0
381331,381331,381335,4,0
381331,381331,381335,4,0
381331,381331,381335,4,0
381331,381331,381335,4,0
381331,381331,381335,4,0
381331,381331,381335,4,0
381331,381331,381335,4,0
381331,381331,381335,4,0
381331,381331,381336,5,0
381331,381331,381336,5,0
381331,381331,381336,5,0
381331,381331,381336,5,0
381331,381331,381336,5,0
381331,381331,381336,5,0
381331,381331,381336,5,0
381331,381331,381336,5,0
381331,381331,381336,5,0
381331,381331,381336,5,0
381331,381331,381336,5,0
381331,381331,381336,5,0
381331,381331,381336,5,0
381331,381331,381336,5,0
381331,381331,381336,5,0
381331,381331,381336,5,0
381331,381331,381336,5,0
381331,381331,381336,5,0
381331,381331,381336,5,0
381331,381331,381336,5,0
381331,381331,381336,5,0
381331,381331,381336,5,0
381331,381331,381336,5,0
381331,381331,381336,5,0
381331,381331,381336,5,0
381331,381331,381336,5,0
381331,381331,381336,5,0
381331,381331,381337,6,0
381331,381331,381336,5,0
381331,381331,381336,5,0
381331,381331,381336,5,0
381331,381331,381336,5,0
381331,381331,381336,5,0
381331,381332,381336,4,1
381331,381331,381336,5,0
381331,381331,381336,5,0
381331,381332,381336,4,1
381331,381331,381337,6,0
381331,381331,381337,6,0
381331,381331,381337,6,0
381331,381331,381337,6,0
381331,381331,381337,6,0
381331,381331,381338,7,0
381331,381331,381337,6,0
381331,381331,381337,6,0
381331,381331,381337,6,0
381331,381331,381337,6,0
381331,381331,381337,6,0
381331,381331,381337,6,0
381331,381336,381340,4,5
381331,381336,381340,4,5
381331,381336,381340,4,5
381331,381336,381340,4,5
381331,381336,381340,4,5
381331,381336,381340,4,5
381331,381336,381339,3,5
381331,381336,381340,4,5
381331,381336,381340,4,5
381331,381336,381340,4,5
381331,381336,381340,4,5
381331,381336,381340,4,5
381331,381336,381340,4,5
381331,381336,381340,4,5
381331,381336,381340,4,5
381331,381336,381340,4,5
381331,381337,381341,4,6
381331,381337,381341,4,6
381331,381337,381341,4,6
381331,381337,381341,4,6
381331,381336,381340,4,5
381331,381336,381340,4,5
381331,381336,381340,4,5
381331,381336,381340,4,5
381331,381336,381340,4,5
381331,381336,381340,4,5
381331,381336,381340,4,5
381331,381336,381340,4,5
381331,381336,381340,4,5
381331,381336,381340,4,5
381331,381337,381341,4,6
381331,381336,381340,4,5
381331,381336,381340,4,5
381331,381336,381340,4,5
381331,381336,381340,4,5
381331,381337,381341,4,6
381331,381337,381341,4,6
381331,381336,381340,4,5
381331,381336,381341,5,5
381331,381336,381341,5,5
381331,381337,381340,3,6
381331,381336,381340,4,5
381331,381336,381340,4,5
381331,381337,381340,3,6
381331,381337,381340,3,6
381331,381337,381341,4,6
381331,381336,381340,4,5
381331,381337,381340,3,6
381331,381337,381340,3,6
381331,381337,381341,4,6
381331,381337,381341,4,6
381331,381336,381340,4,5
381331,381337,381340,3,6
381331,381337,381341,4,6
381331,381337,381340,3,6
381331,381337,381340,3,6
381331,381337,381341,4,6
381331,381337,381341,4,6
381331,381337,381341,4,6
381331,381336,381340,4,5
381331,381337,381341,4,6
381331,381337,381340,3,6
381331,381337,381340,3,6
381331,381337,381341,4,6
381331,381338,381341,3,7
381331,381338,381342,4,7
381331,381338,381341,3,7
381331,381338,381341,3,7
381331,381337,381341,4,6
381331,381337,381341,4,6
381331,381340,381342,2,9
381331,381337,381341,4,6
381331,381340,381342,2,9
381331,381337,381341,4,6
381331,381338,381341,3,7
381331,381338,381341,3,7
381331,381338,381341,3,7
381331,381340,381342,2,9
381331,381338,381341,3,7
381331,381338,381342,4,7
381331,381338,381341,3,7
381331,381338,381341,3,7
381331,381338,381342,4,7
381331,381341,381343,2,10
381331,381341,381342,1,10
381331,381341,381343,2,10
381331,381341,381343,2,10
381331,381341,381343,2,10
381331,381341,381343,2,10
381331,381341,381343,2,10
381331,381341,381343,2,10
381331,381341,381343,2,10
381331,381340,381342,2,9
381331,381340,381343,3,9
381331,381340,381343,3,9
381331,381340,381342,2,9
381331,381340,381343,3,9
381331,381340,381343,3,9
381331,381340,381342,2,9
381331,381340,381342,2,9
381331,381340,381343,3,9
381331,381341,381343,2,10
381331,381341,381343,2,10
381331,381340,381343,3,9
381331,381340,381342,2,9
381331,381341,381343,2,10
381331,381341,381343,2,10
381331,381341,381343,2,10
381331,381340,381342,2,9
381331,381340,381342,2,9
381331,381341,381343,2,10
381331,381341,381343,2,10
381331,381341,381343,2,10
381331,381341,381343,2,10
381331,381341,381343,2,10
381331,381341,381343,2,10
381331,381341,381344,3,10
381331,381341,381344,3,10
381331,381341,381343,2,10
381331,381341,381344,3,10
381348,381348,381353,5,0
381348,381348,381353,5,0
381348,381348,381353,5,0
381348,381348,381353,5,0
381348,381348,381353,5,0
381348,381348,381353,5,0
381348,381348,381353,5,0
381348,381348,381353,5,0
381348,381348,381353,5,0
381348,381348,381353,5,0
381348,381348,381353,5,0
381348,381348,381353,5,0
381348,381348,381353,5,0
381348,381348,381353,5,0
381348,381348,381353,5,0
381348,381348,381353,5,0
381348,381348,381353,5,0
381348,381348,381353,5,0
381348,381348,381353,5,0
381348,381348,381353,5,0
381348,381348,381353,5,0
381348,381348,381353,5,0
381348,381348,381353,5,0
381348,381348,381353,5,0
381348,381348,381353,5,0
381348,381348,381353,5,0
381348,381348,381353,5,0
381348,381348,381353,5,0
381348,381348,381353,5,0
381348,381348,381353,5,0
381348,381348,381353,5,0
381348,381348,381353,5,0
381348,381348,381353,5,0
381348,381348,381353,5,0
381348,381348,381353,5,0
381348,381348,381353,5,0
381348,381348,381353,5,0
381348,381348,381353,5,0
381348,381348,381353,5,0
381348,381348,381353,5,0
381348,381348,381354,6,0
381348,381348,381353,5,0
381348,381348,381353,5,0
381348,381348,381353,5,0
381348,381349,381353,4,1
381348,381348,381353,5,0
381348,381348,381353,5,0
381348,381348,381353,5,0
381348,381348,381353,5,0
381348,381348,381353,5,0
381348,381348,381353,5,0
381348,381348,381354,6,0
381348,381348,381354,6,0
381348,381348,381354,6,0
381348,381348,381355,7,0
381348,381348,381354,6,0
381348,381348,381354,6,0
381348,381348,381354,6,0
381348,381348,381354,6,0
381348,381349,381354,5,1
381348,381348,381354,6,0
381348,381348,381354,6,0
381348,381348,381354,6,0
381348,381348,381355,7,0
381348,381349,381354,5,1
381348,381348,381354,6,0
381348,381348,381355,7,0
381348,381348,381354,6,0
381348,381349,381354,5,1
381348,381348,381354,6,0
381348,381348,381354,6,0
381348,381348,381355,7,0
381348,381348,381354,6,0
381348,381348,381354,6,0
381348,381348,381354,6,0
381348,381348,381354,6,0
381348,381348,381355,7,0
381348,381348,381355,7,0
381348,381349,381355,6,1
381348,381348,381355,7,0
381348,381354,381357,3,6
381348,381354,381358,4,6
381348,381354,381358,4,6
381348,381354,381358,4,6
381348,381354,381358,4,6
381348,381354,381358,4,6
381348,381354,381358,4,6
381348,381354,381359,5,6
381348,381354,381359,5,6
381348,381354,381358,4,6
381348,381354,381358,4,6
381348,381354,381359,5,6
381348,381354,381359,5,6
381348,381354,381358,4,6
381348,381354,381359,5,6
381348,381354,381359,5,6
381348,381354,381359,5,6
381348,381354,381359,5,6
381348,381354,381358,4,6
381348,381354,381358,4,6
381348,381354,381358,4,6
381348,381354,381359,5,6
381348,381354,381359,5,6
381348,381354,381359,5,6
381348,381354,381358,4,6
381348,381354,381359,5,6
381348,381354,381359,5,6
381348,381354,381359,5,6
381348,381354,381359,5,6
381348,381354,381358,4,6
381348,381354,381359,5,6
381348,381354,381358,4,6
381348,381354,381358,4,6
381348,381354,381359,5,6
381348,381354,381359,5,6
381348,381355,381359,4,7
381348,381355,381359,4,7
381348,381355,381358,3,7
381348,381354,381358,4,6
381348,381354,381358,4,6
381348,381354,381359,5,6
381348,381354,381359,5,6
381348,381355,381359,4,7
381348,381355,381358,3,7
381348,381355,381359,4,7
381348,381354,381358,4,6
381348,381354,381358,4,6
381348,381354,381358,4,6
381348,381354,381358,4,6
381348,381355,381359,4,7
381348,381355,381358,3,7
381348,381355,381358,3,7
381348,381354,381359,5,6
381348,381354,381359,5,6
381348,381355,381359,4,7
381348,381355,381359,4,7
381348,381356,381359,3,8
381348,381354,381358,4,6
381348,381354,381359,5,6
381348,381355,381359,4,7
381348,381355,381359,4,7
381348,381354,381358,4,6
381348,381354,381358,4,6
381348,381354,381358,4,6
381348,381354,381359,5,6
381348,381354,381359,5,6
381348,381355,381359,4,7
381348,381355,381359,4,7
381348,381358,381360,2,10
381348,381356,381359,3,8
381348,381356,381360,4,8
381348,381358,381360,2,10
381348,381358,381360,2,10
381348,381355,381359,4,7
381348,381357,381360,3,9
381348,381358,381360,2,10
381348,381355,381359,4,7
381348,381355,381360,5,7
381348,381358,381360,2,10
381348,381355,381360,5,7
381348,381355,381359,4,7
381348,381355,381359,4,7
381348,381355,381359,4,7
381348,381355,381359,4,7
381348,381355,381359,4,7
381348,381356,381359,3,8
381348,381359,381361,2,11
381348,381359,381362,3,11
381348,381359,381362,3,11
381348,381359,381362,3,11
381348,381359,381361,2,11
381348,381359,381362,3,11
381348,381359,381362,3,11
381348,381359,381362,3,11
381348,381359,381362,3,11
381348,381359,381362,3,11
381348,381359,381362,3,11
381348,381359,381362,3,11
381348,381359,381362,3,11
381348,381359,381362,3,11
381348,381359,381362,3,11
381348,381359,381362,3,11
381348,381359,381362,3,11
381348,381359,381362,3,11
381348,381359,381362,3,11
381348,381359,381362,3,11
381348,381359,381362,3,11
381348,381359,381362,3,11
381348,381359,381362,3,11
381348,381359,381362,3,11
381348,381359,381362,3,11
381348,381359,381362,3,11
381348,381359,381362,3,11
381348,381359,381362,3,11
381348,381359,381363,4,11
381348,381359,381363,4,11
381348,381359,381363,4,11
381348,381359,381363,4,11
381348,381359,381362,3,11
381348,381359,381363,4,11
381367,381367,381371,4,0
381367,381367,381371,4,0
381367,381367,381372,5,0
381367,381367,381372,5,0
381367,381367,381372,5,0
381367,381367,381372,5,0
381367,381367,381372,5,0
381367,381367,381372,5,0
381367,381367,381372,5,0
381367,381367,381372,5,0
381367,381367,381372,5,0
381367,381367,381372,5,0
381367,381367,381372,5,0
381367,381367,381372,5,0
381367,381367,381372,5,0
381367,381367,381372,5,0
381367,381367,381372,5,0
381367,381367,381372,5,0
381367,381367,381372,5,0
381367,381367,381372,5,0
381367,381367,381372,5,0
381367,381367,381372,5,0
381367,381367,381372,5,0
381367,381367,381372,5,0
381367,381367,381372,5,0
381367,381367,381372,5,0
381367,381367,381372,5,0
381367,381367,381372,5,0
381367,381367,381372,5,0
381367,381367,381372,5,0
381367,381367,381372,5,0
381367,381367,381372,5,0
381367,381367,381372,5,0
381367,381367,381372,5,0
381367,381367,381372,5,0
381367,381367,381372,5,0
381367,381367,381372,5,0
381367,381367,381372,5,0
381367,381367,381372,5,0
381367,381367,381372,5,0
381367,381367,381372,5,0
381367,381367,381372,5,0
381367,381367,381372,5,0
381367,381367,381372,5,0
381367,381367,381372,5,0
381367,381367,381372,5,0
381367,381367,381372,5,0
381367,381367,381372,5,0
381367,381367,381372,5,0
381367,381367,381372,5,0
381367,381367,381372,5,0
381367,381367,381372,5,0
381367,381367,381372,5,0
381367,381367,381372,5,0
381367,381367,381371,4,0
381367,381367,381372,5,0
381367,381367,381372,5,0
381367,381367,381372,5,0
381367,381367,381372,5,0
381367,381367,381372,5,0
381367,381367,381372,5,0
381367,381367,381372,5,0
381367,381367,381372,5,0
381367,381367,381372,5,0
381367,381367,381373,6,0
381367,381367,381373,6,0
381367,381367,381373,6,0
381367,381367,381373,6,0
381367,381367,381373,6,0
381367,381367,381373,6,0
381367,381367,381373,6,0
381367,381367,381373,6,0
381367,381367,381373,6,0
381367,381367,381373,6,0
381367,381367,381373,6,0
381367,381367,381373,6,0
381367,381367,381373,6,0
381367,381367,381373,6,0
381367,381367,381373,6,0
381367,381371,381373,2,4
381367,381371,381373,2,4
381367,381367,381373,6,0
381367,381373,381375,2,6
381367,381373,381377,4,6
381367,381373,381377,4,6
381367,381373,381377,4,6
381367,381373,381377,4,6
381367,381373,381377,4,6
381367,381373,381377,4,6
381367,381373,381377,4,6
381367,381373,381377,4,6
381367,381373,381377,4,6
381367,381373,381377,4,6
381367,381373,381377,4,6
381367,381373,381377,4,6
381367,381373,381377,4,6
381367,381373,381378,5,6
381367,381373,381377,4,6
381367,381373,381377,4,6
381367,381373,381377,4,6
381367,381373,381377,4,6
381367,381373,381377,4,6
381367,381373,381377,4,6
381367,381373,381377,4,6
381367,381373,381377,4,6
381367,381373,381377,4,6
381367,381373,381377,4,6
381367,381373,381377,4,6
381367,381373,381378,5,6
381367,381373,381377,4,6
381367,381373,381377,4,6
381367,381373,381378,5,6
381367,381373,381377,4,6
381367,381373,381377,4,6
381367,381373,381377,4,6
381367,381373,381377,4,6
381367,381373,381378,5,6
381367,381373,381378,5,6
381367,381373,381378,5,6
381367,381373,381377,4,6
381367,381373,381377,4,6
381367,381373,381377,4,6
381367,381373,381378,5,6
381367,381373,381377,4,6
381367,381373,381378,5,6
381367,381373,381378,5,6
381367,381374,381378,4,7
381367,381373,381377,4,6
381367,381373,381377,4,6
381367,381373,381377,4,6
381367,381373,381378,5,6
381367,381373,381378,5,6
381367,381373,381377,4,6
381367,381373,381377,4,6
381367,381373,381377,4,6
381367,381374,381377,3,7
381367,381374,381378,4,7
381367,381373,381377,4,6
381367,381373,381377,4,6
381367,381373,381377,4,6
381367,381373,381377,4,6
381367,381373,381377,4,6
381367,381373,381377,4,6
381367,381374,381378,4,7
381367,381373,381377,4,6
381367,381373,381377,4,6
381367,381373,381377,4,6
381367,381373,381377,4,6
381367,381373,381377,4,6
381367,381373,381377,4,6
381367,381374,381378,4,7
381367,381373,381378,5,6
381367,381374,381378,4,7
381367,381373,381378,5,6
381367,381374,381378,4,7
381367,381374,381378,4,7
381367,381374,381378,4,7
381367,381376,381378,2,9
381367,381374,381378,4,7
381367,381374,381378,4,7
381367,381374,381378,4,7
381367,381374,381378,4,7
381367,381377,381379,2,10
381367,381374,381378,4,7
381367,381378,381380,2,11
381367,381378,381380,2,11
381367,381378,381380,2,11
381367,381378,381380,2,11
381367,381378,381380,2,11
381367,381378,381380,2,11
381367,381378,381380,2,11
381367,381378,381380,2,11
381367,381378,381380,2,11
381367,381378,381380,2,11
381367,381378,381380,2,11
381367,381378,381381,3,11
381367,381378,381381,3,11
381367,381378,381381,3,11
381367,381378,381381,3,11
381367,381378,381381,3,11
381367,381378,381381,3,11
381367,381378,381381,3,11
381367,381378,381381,3,11
381367,381378,381380,2,11
381367,381378,381381,3,11
381367,381378,381381,3,11
381367,381378,381380,2,11
381367,381378,381381,3,11
381367,381378,381381,3,11
381367,381378,381381,3,11
381367,381378,381381,3,11
381367,381378,381381,3,11
381367,381378,381381,3,11
381367,381378,381381,3,11
381367,381378,381381,3,11
381367,381378,381381,3,11
381367,381378,381381,3,11
381367,381378,381381,3,11
381367,381378,381381,3,11
381367,381378,381381,3,11
381385,381386,381390,4,1
381385,381386,381390,4,1
381385,381386,381390,4,1
381385,381386,381390,4,1
381385,381386,381390,4,1
381385,381386,381390,4,1
381385,381386,381390,4,1
381385,381386,381390,4,1
381385,381386,381390,4,1
381385,381386,381390,4,1
381385,381386,381390,4,1
381385,381386,381390,4,1
381385,381386,381390,4,1
381385,381386,381390,4,1
381385,381386,381391,5,1
381385,381386,381390,4,1
381385,381386,381390,4,1
381385,381386,381390,4,1
381385,381386,381390,4,1
381385,381386,381390,4,1
381385,381386,381390,4,1
381385,381386,381391,5,1
381385,381386,381390,4,1
381385,381386,381390,4,1
381385,381386,381390,4,1
381385,381386,381390,4,1
381385,381386,381390,4,1
381385,381386,381390,4,1
381385,381386,381390,4,1
381385,381386,381390,4,1
381385,381386,381390,4,1
381385,381386,381390,4,1
381385,381386,381390,4,1
381385,381386,381390,4,1
381385,381386,381390,4,1
381385,381386,381390,4,1
381385,381386,381390,4,1
381385,381386,381390,4,1
381385,381386,381390,4,1
381385,381386,381390,4,1
381385,381386,381390,4,1
381385,381386,381390,4,1
381385,381386,381390,4,1
381385,381386,381390,4,1
381385,381386,381390,4,1
381385,381386,381390,4,1
381385,381386,381390,4,1
381385,381386,381390,4,1
381385,381386,381390,4,1
381385,381386,381390,4,1
381385,381386,381390,4,1
381385,381386,381390,4,1
381385,381386,381390,4,1
381385,381386,381390,4,1
381385,381386,381390,4,1
381385,381386,381390,4,1
381385,381386,381390,4,1
381385,381386,381390,4,1
381385,381386,381391,5,1
381385,381386,381390,4,1
381385,381386,381390,4,1
381385,381386,381390,4,1
381385,381386,381390,4,1
381385,381386,381390,4,1
381385,381386,381390,4,1
381385,381386,381390,4,1
381385,381386,381391,5,1
381385,381386,381391,5,1
381385,381386,381391,5,1
381385,381386,381391,5,1
381385,381386,381391,5,1
381385,381386,381391,5,1
381385,381386,381391,5,1
381385,381386,381391,5,1
381385,381386,381391,5,1
381385,381390,381391,1,5
381385,381386,381391,5,1
381385,381386,381391,5,1
381385,381386,381391,5,1
381385,381386,381391,5,1
381385,381386,381391,5,1
381385,381391,381396,5,6
381385,381391,381396,5,6
381385,381391,381396,5,6
381385,381391,381396,5,6
381385,381391,381396,5,6
381385,381391,381396,5,6
381385,381391,381396,5,6
381385,381391,381396,5,6
381385,381391,381396,5,6
381385,381391,381396,5,6
381385,381391,381395,4,6
381385,381391,381396,5,6
381385,381391,381396,5,6
381385,381391,381396,5,6
381385,381391,381396,5,6
381385,381391,381396,5,6
381385,381391,381396,5,6
381385,381391,381396,5,6
381385,381391,381396,5,6
381385,381391,381396,5,6
381385,381391,381396,5,6
381385,381391,381396,5,6
381385,381391,381396,5,6
381385,381391,381396,5,6
381385,381391,381396,5,6
381385,381391,381396,5,6
381385,381391,381396,5,6
381385,381391,381396,5,6
381385,381391,381396,5,6
381385,381391,381396,5,6
381385,381391,381396,5,6
381385,381391,381396,5,6
381385,381391,381396,5,6
381385,381391,381396,5,6
381385,381391,381396,5,6
381385,381391,381396,5,6
381385,381391,381396,5,6
381385,381391,381396,5,6
381385,381391,381396,5,6
381385,381391,381395,4,6
381385,381391,381396,5,6
381385,381391,381396,5,6
381385,381391,381396,5,6
381385,381391,381396,5,6
381385,381392,381396,4,7
381385,381391,381396,5,6
381385,381391,381396,5,6
381385,381391,381396,5,6
381385,381391,381396,5,6
381385,381391,381396,5,6
381385,381391,381396,5,6
381385,381391,381396,5,6
381385,381391,381396,5,6
381385,381391,381396,5,6
381385,381391,381396,5,6
381385,381391,381396,5,6
381385,381391,381396,5,6
381385,381392,381396,4,7
381385,381392,381396,4,7
381385,381391,381396,5,6
381385,381391,381396,5,6
381385,381391,381397,6,6
381385,381391,381397,6,6
381385,381391,381397,6,6
381385,381391,381396,5,6
381385,381391,381397,6,6
381385,381391,381397,6,6
381385,381392,381397,5,7
381385,381392,381397,5,7
381385,381392,381397,5,7
381385,381392,381397,5,7
381385,381392,381397,5,7
381385,381391,381397,6,6
381385,381392,381397,5,7
381385,381392,381397,5,7
381385,381391,381397,6,6
381385,381392,381397,5,7
381385,381392,381397,5,7
381385,381392,381397,5,7
381385,381392,381397,5,7
381385,381396,381398,2,11
381385,381396,381398,2,11
381385,381396,381398,2,11
381385,381396,381398,2,11
381385,381396,381398,2,11
381385,381396,381398,2,11
381385,381396,381398,2,11
381385,381396,381398,2,11
381385,381397,381398,1,12
381385,381397,381399,2,12
381385,381397,381398,1,12
381385,381396,381398,2,11
381385,381396,381398,2,11
381385,381396,381399,3,11
381385,381396,381399,3,11
381385,381396,381399,3,11
381385,381396,381399,3,11
381385,381396,381399,3,11
381385,381396,381399,3,11
381385,381396,381399,3,11
381385,381397,381399,2,12
381385,381397,381399,2,12
381385,381397,381399,2,12
381385,381397,381399,2,12
381385,381397,381399,2,12
381385,381397,381399,2,12
381385,381397,381399,2,12
381385,381397,381399,2,12
381385,381397,381399,2,12
381385,381397,381399,2,12
381385,381397,381399,2,12
381385,381397,381399,2,12
381385,381397,381399,2,12
381385,381397,381399,2,12
381385,381397,381399,2,12
381385,381397,381399,2,12
381385,381397,381399,2,12
381385,381397,381399,2,12
381385,381397,381399,2,12
381404,381404,381410,6,0
381404,381404,381410,6,0
381404,381404,381410,6,0
381404,381404,381410,6,0
381404,381404,381410,6,0
381404,381404,381410,6,0
381404,381404,381410,6,0
381404,381404,381410,6,0
381404,381404,381410,6,0
381404,381404,381410,6,0
381404,381404,381410,6,0
381404,381404,381410,6,0
381404,381404,381410,6,0
381404,381404,381410,6,0
381404,381404,381410,6,0
381404,381404,381410,6,0
381404,381404,381410,6,0
381404,381404,381410,6,0
381404,381404,381410,6,0
381404,381404,381410,6,0
381404,381404,381410,6,0
381404,381404,381410,6,0
381404,381404,381410,6,0
381404,381404,381410,6,0
381404,381404,381410,6,0
381404,381404,381410,6,0
381404,381404,381410,6,0
381404,381404,381410,6,0
381404,381404,381410,6,0
381404,381404,381410,6,0
381404,381404,381410,6,0
381404,381404,381410,6,0
381404,381404,381410,6,0
381404,381404,381410,6,0
381404,381404,381410,6,0
381404,381404,381410,6,0
381404,381404,381410,6,0
381404,381404,381410,6,0
381404,381404,381410,6,0
381404,381404,381410,6,0
381404,381404,381410,6,0
381404,381404,381410,6,0
381404,381404,381410,6,0
381404,381404,381410,6,0
381404,381404,381410,6,0
381404,381404,381410,6,0
381404,381404,381410,6,0
381404,381404,381410,6,0
381404,381404,381410,6,0
381404,381404,381410,6,0
381404,381404,381410,6,0
381404,381404,381410,6,0
381404,381404,381410,6,0
381404,381404,381410,6,0
381404,381404,381410,6,0
381404,381404,381410,6,0
381404,381404,381410,6,0
381404,381404,381410,6,0
381404,381404,381410,6,0
381404,381404,381410,6,0
381404,381404,381410,6,0
381404,381404,381410,6,0
381404,381404,381410,6,0
381404,381404,381410,6,0
381404,381404,381410,6,0
381404,381404,381410,6,0
381404,381404,381410,6,0
381404,381404,381410,6,0
381404,381404,381410,6,0
381404,381404,381410,6,0
381404,381404,381410,6,0
381404,381404,381410,6,0
381404,381404,381410,6,0
381404,381404,381410,6,0
381404,381404,381410,6,0
381404,381404,381410,6,0
381404,381404,381410,6,0
381404,381404,381410,6,0
381404,381404,381410,6,0
381404,381404,381410,6,0
381404,381410,381415,5,6
381404,381410,381415,5,6
381404,381410,381415,5,6
381404,381410,381415,5,6
381404,381410,381415,5,6
381404,381410,381415,5,6
381404,381410,381415,5,6
381404,381410,381415,5,6
381404,381410,381415,5,6
381404,381410,381415,5,6
381404,381410,381415,5,6
381404,381410,381415,5,6
381404,381411,381415,4,7
381404,381411,381415,4,7
381404,381410,381415,5,6
381404,381410,381415,5,6
381404,381410,381415,5,6
381404,381410,381415,5,6
381404,381410,381415,5,6
381404,381410,381415,5,6
381404,381410,381415,5,6
381404,381410,381415,5,6
381404,381410,381415,5,6
381404,381410,381415,5,6
381404,381410,381415,5,6
381404,381411,381415,4,7
381404,381410,381415,5,6
381404,381410,381415,5,6
381404,381410,381415,5,6
381404,381410,381415,5,6
381404,381410,381415,5,6
381404,381410,381415,5,6
381404,381410,381415,5,6
381404,381410,381415,5,6
381404,381410,381415,5,6
381404,381410,381415,5,6
381404,381410,381415,5,6
381404,381410,381415,5,6
381404,381411,381415,4,7
381404,381411,381415,4,7
381404,381410,381415,5,6
381404,381410,381415,5,6
381404,381410,381415,5,6
381404,381410,381415,5,6
381404,381410,381415,5,6
381404,381411,381415,4,7
381404,381410,381415,5,6
381404,381410,381415,5,6
381404,381410,381415,5,6
381404,381410,381415,5,6
381404,381410,381415,5,6
381404,381410,381415,5,6
381404,381411,381415,4,7
381404,381411,381415,4,7
381404,381410,381415,5,6
381404,381411,381416,5,7
381404,381411,381416,5,7
381404,381411,381416,5,7
381404,381410,381416,6,6
381404,381410,381416,6,6
381404,381410,381416,6,6
381404,381410,381416,6,6
381404,381410,381416,6,6
381404,381410,381416,6,6
381404,381410,381416,6,6
381404,381411,381417,6,7
381404,381411,381416,5,7
381404,381411,381417,6,7
381404,381411,381416,5,7
381404,381411,381416,5,7
381404,381411,381417,6,7
381404,381411,381417,6,7
381404,381410,381416,6,6
381404,381410,381416,6,6
381404,381410,381416,6,6
381404,381411,381416,5,7
381404,381411,381416,5,7
381404,381410,381416,6,6
381404,381411,381416,5,7
381404,381411,381416,5,7
381404,381415,381417,2,11
381404,381416,381418,2,12
381404,381416,381418,2,12
381404,381416,381417,1,12
381404,381416,381418,2,12
381404,381416,381418,2,12
381404,381416,381418,2,12
381404,381415,381417,2,11
381404,381416,381418,2,12
381404,381416,381418,2,12
381404,381416,381418,2,12
381404,381416,381418,2,12
381404,381416,381418,2,12
381404,381416,381418,2,12
381404,381416,381418,2,12
381404,381416,381419,3,12
381404,381416,381418,2,12
381404,381416,381418,2,12
381404,381416,381418,2,12
381404,381416,381418,2,12
381404,381416,381418,2,12
381404,381416,381419,3,12
381404,381416,381418,2,12
381404,381416,381418,2,12
381404,381416,381418,2,12
381404,381416,381418,2,12
381404,381416,381419,3,12
381404,381416,381418,2,12
381404,381416,381418,2,12
381404,381416,381418,2,12
381404,381416,381418,2,12
381404,381416,381419,3,12
381404,381416,381419,3,12
381404,381416,381418,2,12
381404,381416,381419,3,12
381404,381416,381418,2,12
381404,381416,381418,2,12
381404,381416,381418,2,12
381404,381416,381418,2,12
381404,381416,381419,3,12
381424,381424,381428,4,0
381424,381424,381428,4,0
381424,381424,381428,4,0
381424,381424,381428,4,0
381424,381424,381428,4,0
381424,381424,381428,4,0
381424,381424,381428,4,0
381424,381424,381429,5,0
381424,381424,381429,5,0
381424,381424,381428,4,0
381424,381424,381428,4,0
381424,381424,381428,4,0
381424,381424,381428,4,0
381424,381424,381429,5,0
381424,381424,381428,4,0
381424,381424,381428,4,0
381424,381424,381428,4,0
381424,381424,381428,4,0
381424,381424,381428,4,0
381424,381424,381429,5,0
381424,381424,381428,4,0
381424,381424,381428,4,0
381424,381424,381429,5,0
381424,381424,381428,4,0
381424,381424,381428,4,0
381424,381424,381428,4,0
381424,381424,381428,4,0
381424,381424,381428,4,0
381424,381424,381428,4,0
381424,381424,381429,5,0
381424,381424,381429,5,0
381424,381424,381428,4,0
381424,381424,381428,4,0
381424,381424,381428,4,0
381424,381424,381428,4,0
381424,381424,381428,4,0
381424,381424,381428,4,0
381424,381424,381428,4,0
381424,381424,381429,5,0
381424,381424,381429,5,0
381424,381424,381429,5,0
381424,381424,381428,4,0
381424,381424,381428,4,0
381424,381424,381428,4,0
381424,381424,381428,4,0
381424,381424,381428,4,0
381424,381424,381428,4,0
381424,381424,381429,5,0
381424,381424,381428,4,0
381424,381424,381428,4,0
381424,381424,381428,4,0
381424,381424,381429,5,0
381424,381424,381428,4,0
381424,381424,381428,4,0
381424,381424,381429,5,0
381424,381424,381429,5,0
381424,381424,381428,4,0
381424,381424,381428,4,0
381424,381424,381428,4,0
381424,381424,381429,5,0
381424,381424,381428,4,0
381424,381424,381428,4,0
381424,381424,381428,4,0
381424,381424,381428,4,0
381424,381424,381428,4,0
381424,381424,381428,4,0
381424,381424,381429,5,0
381424,381424,381429,5,0
381424,381424,381429,5,0
381424,381424,381429,5,0
381424,381424,381429,5,0
381424,381424,381429,5,0
381424,381424,381429,5,0
381424,381424,381429,5,0
381424,381424,381429,5,0
381424,381428,381430,2,4
381424,381424,381429,5,0
381424,381424,381429,5,0
381424,381424,381429,5,0
381424,381428,381430,2,4
381424,381428,381430,2,4
381424,381424,381429,5,0
381424,381424,381429,5,0
381424,381429,381433,4,5
381424,381429,381434,5,5
381424,381429,381434,5,5
381424,381429,381434,5,5
381424,381429,381434,5,5
381424,381429,381434,5,5
381424,381429,381434,5,5
381424,381429,381434,5,5
381424,381429,381434,5,5
381424,381429,381434,5,5
381424,381429,381434,5,5
381424,381429,381434,5,5
381424,381429,381434,5,5
381424,381429,381434,5,5
381424,381429,381434,5,5
381424,381429,381434,5,5
381424,381429,381434,5,5
381424,381429,381434,5,5
381424,381429,381434,5,5
381424,381429,381434,5,5
381424,381429,381434,5,5
381424,381429,381434,5,5
381424,381429,381434,5,5
381424,381429,381434,5,5
381424,381429,381434,5,5
381424,381429,381434,5,5
381424,381429,381434,5,5
381424,381429,381434,5,5
381424,381429,381434,5,5
381424,381429,381434,5,5
381424,381429,381434,5,5
381424,381429,381434,5,5
381424,381429,381434,5,5
381424,381429,381434,5,5
381424,381429,381434,5,5
381424,381429,381434,5,5
381424,381429,381434,5,5
381424,381429,381434,5,5
381424,381429,381434,5,5
381424,381429,381434,5,5
381424,381429,381434,5,5
381424,381429,381434,5,5
381424,381429,381434,5,5
381424,381429,381434,5,5
381424,381429,381434,5,5
381424,381429,381434,5,5
381424,381429,381434,5,5
381424,381429,381434,5,5
381424,381429,381434,5,5
381424,381429,381434,5,5
381424,381429,381434,5,5
381424,381429,381434,5,5
381424,381429,381434,5,5
381424,381429,381434,5,5
381424,381429,381434,5,5
381424,381429,381434,5,5
381424,381429,381434,5,5
381424,381429,381434,5,5
381424,381430,381435,5,6
381424,381429,381435,6,5
381424,381429,381435,6,5
381424,381429,381435,6,5
381424,381429,381435,6,5
381424,381429,381435,6,5
381424,381429,381435,6,5
381424,381430,381435,5,6
381424,381430,381435,5,6
381424,381430,381435,5,6
381424,381430,381435,5,6
381424,381434,381435,1,10
381424,381430,381435,5,6
381424,381430,381435,5,6
381424,381430,381435,5,6
381424,381430,381435,5,6
381424,381430,381435,5,6
381424,381430,381435,5,6
381424,381430,381435,5,6
381424,381430,381435,5,6
381424,381430,381435,5,6
381424,381430,381435,5,6
381424,381430,381435,5,6
381424,381435,381437,2,11
381424,381435,381437,2,11
381424,381435,381437,2,11
381424,381435,381436,1,11
381424,381435,381437,2,11
381424,381434,381437,3,10
381424,381435,381437,2,11
381424,381435,381437,2,11
381424,381435,381437,2,11
381424,381435,381437,2,11
381424,381435,381437,2,11
381424,381435,381438,3,11
381424,381435,381437,2,11
381424,381435,381437,2,11
381424,381435,381437,2,11
381424,381435,381437,2,11
381424,381435,381437,2,11
381424,381435,381437,2,11
381424,381435,381437,2,11
381424,381435,381437,2,11
381424,381435,381437,2,11
381424,381435,381437,2,11
381424,381435,381437,2,11
381424,381435,381437,2,11
381424,381435,381437,2,11
381424,381435,381437,2,11
381424,381435,381437,2,11
381424,381435,381437,2,11
381424,381435,381437,2,11
381424,381435,381437,2,11
381424,381435,381438,3,11
381424,381435,381438,3,11
381424,381435,381437,2,11
381424,381435,381438,3,11
381424,381435,381438,3,11
381424,381435,381438,3,11
381442,381442,381446,4,0
381442,381442,381446,4,0
381442,381442,381446,4,0
381442,381442,381446,4,0
381442,381442,381446,4,0
381442,381442,381446,4,0
381442,381442,381446,4,0
381442,381442,381446,4,0
381442,381442,381446,4,0
381442,381442,381446,4,0
381442,381442,381446,4,0
381442,381442,381446,4,0
381442,381442,381446,4,0
381442,381442,381446,4,0
381442,381442,381446,4,0
381442,381442,381446,4,0
381442,381442,381446,4,0
381442,381442,381447,5,0
381442,381442,381446,4,0
381442,381442,381446,4,0
381442,381442,381446,4,0
381442,381442,381447,5,0
381442,381442,381446,4,0
381442,381442,381446,4,0
381442,381442,381446,4,0
381442,381442,381446,4,0
381442,381442,381446,4,0
381442,381442,381447,5,0
381442,381442,381446,4,0
381442,381442,381446,4,0
381442,381442,381446,4,0
381442,381442,381446,4,0
381442,381442,381446,4,0
381442,381442,381446,4,0
381442,381442,381446,4,0
381442,381442,381446,4,0
381442,381442,381446,4,0
381442,381442,381446,4,0
381442,381442,381446,4,0
381442,381442,381446,4,0
381442,381442,381446,4,0
381442,381442,381446,4,0
381442,381442,381446,4,0
381442,381442,381447,5,0
381442,381442,381446,4,0
381442,381442,381446,4,0
381442,381442,381446,4,0
381442,381442,381446,4,0
381442,381442,381446,4,0
381442,381442,381446,4,0
381442,381442,381446,4,0
381442,381442,381446,4,0
381442,381442,381446,4,0
381442,381442,381447,5,0
381442,381442,381447,5,0
381442,381442,381447,5,0
381442,381442,381448,6,0
381442,381442,381448,6,0
381442,381442,381447,5,0
381442,381442,381447,5,0
381442,381442,381448,6,0
381442,381442,381447,5,0
381442,381442,381447,5,0
381442,381442,381447,5,0
381442,381442,381448,6,0
381442,381442,381447,5,0
381442,381442,381447,5,0
381442,381442,381447,5,0
381442,381442,381447,5,0
381442,381442,381448,6,0
381442,381442,381447,5,0
381442,381442,381447,5,0
381442,381442,381447,5,0
381442,381442,381447,5,0
381442,381442,381447,5,0
381442,381442,381447,5,0
381442,381442,381447,5,0
381442,381442,381447,5,0
381442,381442,381447,5,0
381442,381442,381447,5,0
381442,381447,381451,4,5
381442,381447,381452,5,5
381442,381447,381452,5,5
381442,381447,381452,5,5
381442,381447,381452,5,5
381442,381447,381452,5,5
381442,381447,381452,5,5
381442,381447,381451,4,5
381442,381447,381451,4,5
381442,381447,381452,5,5
381442,381447,381452,5,5
381442,381447,381452,5,5
381442,381447,381452,5,5
381442,381448,381452,4,6
381442,381448,381452,4,6
381442,381447,381451,4,5
381442,381447,381452,5,5
381442,381447,381452,5,5
381442,381447,381452,5,5
381442,381447,381452,5,5
381442,381447,381452,5,5
381442,381447,381452,5,5
381442,381448,381452,4,6
381442,381447,381451,4,5
381442,381447,381452,5,5
381442,381447,381452,5,5
381442,381447,381452,5,5
381442,381447,381452,5,5
381442,381447,381452,5,5
381442,381447,381452,5,5
381442,381447,381452,5,5
381442,381447,381452,5,5
381442,381447,381452,5,5
381442,381447,381452,5,5
381442,381447,381452,5,5
381442,381447,381452,5,5
381442,381447,381452,5,5
381442,381447,381452,5,5
381442,381447,381452,5,5
381442,381447,381452,5,5
381442,381447,381452,5,5
381442,381447,381452,5,5
381442,381447,381452,5,5
381442,381447,381452,5,5
381442,381448,381452,4,6
381442,381447,381452,5,5
381442,381447,381452,5,5
381442,381447,381452,5,5
381442,381447,381452,5,5
381442,381447,381452,5,5
381442,381448,381452,4,6
381442,381447,381451,4,5
381442,381447,381452,5,5
381442,381447,381452,5,5
381442,381447,381452,5,5
381442,381448,381452,4,6
381442,381448,381452,4,6
381442,381449,381452,3,7
381442,381449,381452,3,7
381442,381448,381453,5,6
381442,381447,381452,5,5
381442,381447,381452,5,5
381442,381447,381452,5,5
381442,381447,381452,5,5
381442,381447,381452,5,5
381442,381449,381452,3,7
381442,381449,381452,3,7
381442,381449,381453,4,7
381442,381448,381453,5,6
381442,381448,381453,5,6
381442,381448,381453,5,6
381442,381451,381453,2,9
381442,381448,381453,5,6
381442,381448,381453,5,6
381442,381448,381453,5,6
381442,381448,381453,5,6
381442,381448,381453,5,6
381442,381448,381453,5,6
381442,381448,381453,5,6
381442,381448,381453,5,6
381442,381448,381453,5,6
381442,381453,381455,2,11
381442,381453,381455,2,11
381442,381453,381455,2,11
381442,381453,381455,2,11
381442,381453,381455,2,11
381442,381453,381455,2,11
381442,381453,381455,2,11
381442,381453,381455,2,11
381442,381453,381455,2,11
381442,381453,381455,2,11
381442,381453,381455,2,11
381442,381453,381455,2,11
381442,381453,381455,2,11
381442,381453,381455,2,11
381442,381453,381455,2,11
381442,381453,381456,3,11
381442,381453,381455,2,11
381442,381453,381455,2,11
381442,381453,381456,3,11
381442,381453,381455,2,11
381442,381453,381456,3,11
381442,381453,381456,3,11
381442,381453,381456,3,11
381442,381453,381456,3,11
381442,381453,381456,3,11
381442,381453,381456,3,11
381442,381453,381456,3,11
381442,381453,381456,3,11
381442,381453,381456,3,11
381442,381453,381456,3,11
381442,381453,381456,3,11
381442,381453,381456,3,11
381442,381453,381456,3,11
381442,381453,381456,3,11
381442,381453,381456,3,11
381442,381453,381456,3,11
381442,381453,381456,3,11
381442,381453,381456,3,11
381442,381453,381456,3,11
381461,381461,381466,5,0
381461,381461,381466,5,0
381461,381461,381466,5,0
381461,381461,381466,5,0
381461,381461,381466,5,0
381461,381461,381466,5,0
381461,381461,381466,5,0
381461,381461,381466,5,0
381461,381461,381466,5,0
381461,381461,381466,5,0
381461,381461,381466,5,0
381461,381461,381466,5,0
381461,381461,381466,5,0
381461,381461,381466,5,0
381461,381461,381466,5,0
381461,381461,381466,5,0
381461,381461,381466,5,0
381461,381461,381466,5,0
381461,381461,381466,5,0
381461,381461,381466,5,0
381461,381461,381466,5,0
381461,381461,381466,5,0
381461,381461,381466,5,0
381461,381461,381466,5,0
381461,381461,381466,5,0
381461,381461,381466,5,0
381461,381461,381466,5,0
381461,381461,381466,5,0
381461,381461,381466,5,0
381461,381461,381466,5,0
381461,381461,381466,5,0
381461,381461,381466,5,0
381461,381461,381466,5,0
381461,381461,381466,5,0
381461,381461,381466,5,0
381461,381461,381466,5,0
381461,381461,381466,5,0
381461,381461,381466,5,0
381461,381461,381466,5,0
381461,381461,381466,5,0
381461,381461,381466,5,0
381461,381461,381466,5,0
381461,381461,381466,5,0
381461,381461,381466,5,0
381461,381461,381466,5,0
381461,381461,381466,5,0
381461,381461,381466,5,0
381461,381461,381466,5,0
381461,381461,381466,5,0
381461,381461,381466,5,0
381461,381461,381466,5,0
381461,381461,381466,5,0
381461,381461,381466,5,0
381461,381461,381466,5,0
381461,381461,381466,5,0
381461,381461,381466,5,0
381461,381461,381466,5,0
381461,381461,381466,5,0
381461,381461,381466,5,0
381461,381461,381466,5,0
381461,381461,381467,6,0
381461,381461,381467,6,0
381461,381461,381467,6,0
381461,381461,381467,6,0
381461,381461,381467,6,0
381461,381461,381467,6,0
381461,381461,381467,6,0
381461,381461,381467,6,0
381461,381461,381467,6,0
381461,381461,381468,7,0
381461,381461,381467,6,0
381461,381461,381467,6,0
381461,381461,381467,6,0
381461,381461,381467,6,0
381461,381461,381467,6,0
381461,381461,381467,6,0
381461,381461,381467,6,0
381461,381461,381467,6,0
381461,381461,381467,6,0
381461,381461,381467,6,0
381461,381467,381471,4,6
381461,381467,381471,4,6
381461,381467,381471,4,6
381461,381467,381471,4,6
381461,381467,381470,3,6
381461,381467,381471,4,6
381461,381467,381471,4,6
381461,381467,381471,4,6
381461,381467,381471,4,6
381461,381467,381471,4,6
381461,381467,381472,5,6
381461,381467,381471,4,6
381461,381467,381471,4,6
381461,381467,381471,4,6
381461,381467,381471,4,6
381461,381467,381471,4,6
381461,381467,381471,4,6
381461,381467,381471,4,6
381461,381467,381471,4,6
381461,381467,381472,5,6
381461,381468,381472,4,7
381461,381467,381471,4,6
381461,381467,381471,4,6
381461,381467,381471,4,6
381461,381467,381471,4,6
381461,381467,381471,4,6
381461,381467,381471,4,6
381461,381468,381472,4,7
381461,381468,381472,4,7
381461,381467,381471,4,6
381461,381467,381471,4,6
381461,381467,381471,4,6
381461,381467,381471,4,6
381461,381467,381471,4,6
381461,381467,381471,4,6
381461,381468,381472,4,7
381461,381468,381472,4,7
381461,381467,381471,4,6
381461,381467,381471,4,6
381461,381467,381471,4,6
381461,381467,381471,4,6
381461,381467,381471,4,6
381461,381468,381472,4,7
381461,381468,381472,4,7
381461,381468,381472,4,7
381461,381467,381471,4,6
381461,381467,381471,4,6
381461,381467,381471,4,6
381461,381467,381471,4,6
381461,381468,381472,4,7
381461,381468,381471,3,7
381461,381468,381472,4,7
381461,381468,381472,4,7
381461,381467,381471,4,6
381461,381467,381471,4,6
381461,381467,381471,4,6
381461,381467,381471,4,6
381461,381467,381471,4,6
381461,381468,381471,3,7
381461,381468,381471,3,7
381461,381467,381471,4,6
381461,381467,381471,4,6
381461,381467,381471,4,6
381461,381467,381471,4,6
381461,381467,381471,4,6
381461,381468,381471,3,7
381461,381467,381471,4,6
381461,381467,381471,4,6
381461,381467,381471,4,6
381461,381467,381471,4,6
381461,381467,381471,4,6
381461,381468,381472,4,7
381461,381467,381471,4,6
381461,381467,381471,4,6
381461,381467,381471,4,6
381461,381467,381472,5,6
381461,381467,381471,4,6
381461,381467,381471,4,6
381461,381468,381472,4,7
381461,381468,381472,4,7
381461,381471,381472,1,10
381461,381471,381472,1,10
381461,381471,381473,2,10
381461,381471,381473,2,10
381461,381471,381472,1,10
381461,381472,381474,2,11
381461,381472,381474,2,11
381461,381472,381475,3,11
381461,381472,381475,3,11
381461,381472,381474,2,11
381461,381472,381474,2,11
381461,381472,381474,2,11
381461,381472,381475,3,11
381461,381472,381475,3,11
381461,381472,381474,2,11
381461,381472,381475,3,11
381461,381472,381475,3,11
381461,381472,381475,3,11
381461,381472,381475,3,11
381461,381472,381475,3,11
381461,381472,381475,3,11
381461,381472,381475,3,11
381461,381472,381475,3,11
381461,381472,381475,3,11
381461,381472,381475,3,11
381461,381472,381475,3,11
381461,381472,381475,3,11
381461,381472,381475,3,11
381461,381472,381475,3,11
381461,381472,381475,3,11
381461,381472,381476,4,11
381461,381472,381476,4,11
381461,381472,381476,4,11
381461,381472,381475,3,11
381461,381472,381476,4,11
381461,381472,381475,3,11
381461,381472,381476,4,11
381461,381472,381476,4,11
381461,381472,381476,4,11
381461,381472,381476,4,11
381480,381480,381485,5,0
381480,381480,381485,5,0
381480,381480,381485,5,0
381480,381480,381485,5,0
381480,381480,381485,5,0
381480,381480,381485,5,0
381480,381480,381485,5,0
381480,381480,381485,5,0
381480,381480,381485,5,0
381480,381480,381485,5,0
381480,381480,381485,5,0
381480,381480,381486,6,0
381480,381480,381485,5,0
381480,381480,381485,5,0
381480,381480,381485,5,0
381480,381480,381485,5,0
381480,381480,381485,5,0
381480,381480,381485,5,0
381480,381480,381485,5,0
381480,381480,381485,5,0
381480,381480,381485,5,0
381480,381480,381485,5,0
381480,381480,381485,5,0
381480,381480,381486,6,0
381480,381480,381485,5,0
381480,381480,381485,5,0
381480,381480,381486,6,0
381480,381480,381485,5,0
381480,381480,381486,6,0
381480,381480,381486,6,0
381480,381480,381485,5,0
381480,381480,381485,5,0
381480,381480,381486,6,0
381480,381480,381486,6,0
381480,381480,381485,5,0
381480,381480,381486,6,0
381480,381480,381486,6,0
381480,381480,381486,6,0
381480,381480,381486,6,0
381480,381480,381486,6,0
381480,381481,381487,6,1
381480,381480,381486,6,0
381480,381480,381486,6,0
381480,381480,381486,6,0
381480,381480,381486,6,0
381480,381480,381486,6,0
381480,381481,381486,5,1
381480,381480,381486,6,0
381480,381480,381486,6,0
381480,381480,381486,6,0
381480,381481,381486,5,1
381480,381480,381486,6,0
381480,381480,381486,6,0
381480,381480,381486,6,0
381480,381481,381487,6,1
381480,381481,381487,6,1
381480,381480,381486,6,0
381480,381480,381486,6,0
381480,381480,381486,6,0
381480,381480,381486,6,0
381480,381480,381486,6,0
381480,381480,381487,7,0
381480,381480,381487,7,0
381480,381480,381486,6,0
381480,381480,381486,6,0
381480,381480,381487,7,0
381480,381480,381486,6,0
381480,381480,381486,6,0
381480,381480,381486,6,0
381480,381481,381487,6,1
381480,381480,381486,6,0
381480,381480,381486,6,0
381480,381481,381487,6,1
381480,381481,381486,5,1
381480,381481,381486,5,1
381480,381480,381487,7,0
381480,381481,381487,6,1
381480,381481,381487,6,1
381480,381481,381487,6,1
381480,381481,381487,6,1
381480,381486,381489,3,6
381480,381486,381489,3,6
381480,381486,381490,4,6
381480,381486,381490,4,6
381480,381486,381490,4,6
381480,381486,381490,4,6
381480,381486,381490,4,6
381480,381487,381490,3,7
381480,381487,381491,4,7
381480,381487,381490,3,7
381480,381487,381490,3,7
381480,381487,381490,3,7
381480,381487,381491,4,7
381480,381486,381490,4,6
381480,381486,381490,4,6
381480,381486,381490,4,6
381480,381486,381490,4,6
381480,381486,381490,4,6
381480,381486,381490,4,6
381480,381487,381491,4,7
381480,381486,381490,4,6
381480,381487,381490,3,7
381480,381487,381490,3,7
381480,381487,381491,4,7
381480,381487,381491,4,7
381480,381487,381491,4,7
381480,381486,381490,4,6
381480,381486,381490,4,6
381480,381486,381490,4,6
381480,381486,381490,4,6
381480,381487,381491,4,7
381480,381487,381491,4,7
381480,381486,381490,4,6
381480,381486,381490,4,6
381480,381486,381490,4,6
381480,381486,381490,4,6
381480,381486,381490,4,6
381480,381486,381490,4,6
381480,381486,381490,4,6
381480,381486,381490,4,6
381480,381487,381490,3,7
381480,381487,381490,3,7
381480,381487,381490,3,7
381480,381487,381490,3,7
381480,381486,381490,4,6
381480,381486,381490,4,6
381480,381486,381490,4,6
381480,381486,381490,4,6
381480,381487,381490,3,7
381480,381487,381490,3,7
381480,381487,381490,3,7
381480,381486,381490,4,6
381480,381486,381490,4,6
381480,381486,381490,4,6
381480,381487,381491,4,7
381480,381487,381490,3,7
381480,381487,381491,4,7
381480,381487,381490,3,7
381480,381487,381491,4,7
381480,381486,381491,5,6
381480,381486,381490,4,6
381480,381487,381491,4,7
381480,381487,381491,4,7
381480,381487,381490,3,7
381480,381487,381491,4,7
381480,381487,381491,4,7
381480,381487,381491,4,7
381480,381487,381491,4,7
381480,381488,381491,3,8
381480,381488,381492,4,8
381480,381487,381491,4,7
381480,381488,381491,3,8
381480,381487,381491,4,7
381480,381487,381491,4,7
381480,381487,381491,4,7
381480,381490,381491,1,10
381480,381487,381491,4,7
381480,381489,381491,2,9
381480,381487,381491,4,7
381480,381487,381491,4,7
381480,381488,381491,3,8
381480,381488,381491,3,8
381480,381489,381492,3,9
381480,381490,381492,2,10
381480,381490,381492,2,10
381480,381490,381492,2,10
381480,381490,381492,2,10
381480,381491,381493,2,11
381480,381491,381493,2,11
381480,381491,381493,2,11
381480,381491,381493,2,11
381480,381491,381493,2,11
381480,381491,381493,2,11
381480,381491,381493,2,11
381480,381491,381493,2,11
381480,381491,381493,2,11
381480,381491,381494,3,11
381480,381491,381494,3,11
381480,381491,381493,2,11
381480,381491,381494,3,11
381480,381491,381494,3,11
381480,381491,381494,3,11
381480,381491,381494,3,11
381480,381491,381494,3,11
381480,381491,381494,3,11
381480,381491,381494,3,11
381480,381491,381494,3,11
381480,381491,381494,3,11
381480,381491,381494,3,11
381480,381491,381494,3,11
381480,381491,381494,3,11
381480,381491,381494,3,11
381480,381491,381494,3,11
381480,381491,381494,3,11
381480,381491,381494,3,11
381480,381491,381494,3,11
381480,381491,381494,3,11
381480,381491,381494,3,11
381480,381491,381494,3,11
381480,381491,381494,3,11
381499,381499,381504,5,0
381499,381499,381504,5,0
381499,381500,381504,4,1
381499,381499,381504,5,0
381499,381499,381504,5,0
381499,381499,381504,5,0
381499,381499,381504,5,0
381499,381499,381504,5,0
381499,381499,381505,6,0
381499,381500,381505,5,1
381499,381499,381504,5,0
381499,381499,381504,5,0
381499,381499,381504,5,0
381499,381499,381504,5,0
381499,381499,381504,5,0
381499,381500,381504,4,1
381499,381500,381504,4,1
381499,381500,381504,4,1
381499,381499,381504,5,0
381499,381499,381504,5,0
381499,381499,381504,5,0
381499,381499,381504,5,0
381499,381499,381504,5,0
381499,381499,381504,5,0
381499,381499,381504,5,0
381499,381500,381504,4,1
381499,381500,381505,5,1
381499,381499,381504,5,0
381499,381499,381504,5,0
381499,381499,381504,5,0
381499,381500,381504,4,1
381499,381499,381504,5,0
381499,381499,381504,5,0
381499,381499,381504,5,0
381499,381499,381504,5,0
381499,381500,381504,4,1
381499,381500,381504,4,1
381499,381500,381504,4,1
381499,381500,381504,4,1
381499,381499,381504,5,0
381499,381499,381504,5,0
381499,381499,381504,5,0
381499,381499,381504,5,0
381499,381500,381504,4,1
381499,381500,381504,4,1
381499,381500,381504,4,1
381499,381499,381504,5,0
381499,381499,381504,5,0
381499,381499,381505,6,0
381499,381500,381504,4,1
381499,381500,381504,4,1
381499,381500,381504,4,1
381499,381500,381504,4,1
381499,381499,381504,5,0
381499,381499,381504,5,0
381499,381499,381504,5,0
381499,381499,381504,5,0
381499,381500,381504,4,1
381499,381500,381504,4,1
381499,381499,381504,5,0
381499,381499,381504,5,0
381499,381499,381504,5,0
381499,381500,381504,4,1
381499,381500,381504,4,1
381499,381500,381504,4,1
381499,381500,381505,5,1
381499,381499,381505,6,0
381499,381500,381505,5,1
381499,381500,381505,5,1
381499,381500,381505,5,1
381499,381500,381505,5,1
381499,381499,381505,6,0
381499,381500,381505,5,1
381499,381500,381505,5,1
381499,381500,381505,5,1
381499,381500,381505,5,1
381499,381500,381505,5,1
381499,381500,381505,5,1
381499,381500,381505,5,1
381499,381500,381505,5,1
381499,381504,381505,1,5
381499,381504,381505,1,5
381499,381504,381505,1,5
381499,381504,381505,1,5
381499,381504,381505,1,5
381499,381505,381510,5,6
381499,381505,381510,5,6
381499,381505,381510,5,6
381499,381505,381510,5,6
381499,381505,381510,5,6
381499,381505,381510,5,6
381499,381505,381510,5,6
381499,381505,381510,5,6
381499,381505,381510,5,6
381499,381505,381510,5,6
381499,381505,381510,5,6
381499,381505,381511,6,6
381499,381505,381510,5,6
381499,381505,381510,5,6
381499,381505,381510,5,6
381499,381505,381510,5,6
381499,381505,381510,5,6
381499,381505,381510,5,6
381499,381505,381510,5,6
381499,381505,381510,5,6
381499,381505,381510,5,6
381499,381505,381510,5,6
381499,381505,381510,5,6
381499,381505,381510,5,6
381499,381505,381510,5,6
381499,381505,381510,5,6
381499,381505,381510,5,6
381499,381506,381510,4,7
381499,381505,381510,5,6
381499,381505,381510,5,6
381499,381505,381510,5,6
381499,381505,381510,5,6
381499,381506,381511,5,7
381499,381506,381511,5,7
381499,381506,381511,5,7
381499,381506,381511,5,7
381499,381505,381510,5,6
381499,381505,381510,5,6
381499,381505,381510,5,6
381499,381505,381510,5,6
381499,381505,381510,5,6
381499,381505,381510,5,6
381499,381506,381510,4,7
381499,381505,381510,5,6
381499,381505,381510,5,6
381499,381505,381510,5,6
381499,381505,381510,5,6
381499,381505,381510,5,6
381499,381505,381510,5,6
381499,381505,381510,5,6
381499,381506,381511,5,7
381499,381505,381510,5,6
381499,381505,381510,5,6
381499,381505,381510,5,6
381499,381505,381510,5,6
381499,381506,381511,5,7
381499,381506,381511,5,7
381499,381505,381510,5,6
381499,381505,381510,5,6
381499,381506,381510,4,7
381499,381506,381510,4,7
381499,381506,381511,5,7
381499,381506,381511,5,7
381499,381506,381511,5,7
381499,381505,381511,6,6
381499,381505,381511,6,6
381499,381505,381511,6,6
381499,381505,381511,6,6
381499,381505,381511,6,6
381499,381505,381511,6,6
381499,381505,381511,6,6
381499,381505,381511,6,6
381499,381505,381511,6,6
381499,381506,381511,5,7
381499,381510,381511,1,11
381499,381506,381511,5,7
381499,381510,381511,1,11
381499,381510,381511,1,11
381499,381506,381511,5,7
381499,381506,381511,5,7
381499,381505,381511,6,6
381499,381505,381511,6,6
381499,381506,381511,5,7
381499,381510,381512,2,11
381499,381511,381512,1,12
381499,381511,381512,1,12
381499,381511,381512,1,12
381499,381511,381513,2,12
381499,381511,381513,2,12
381499,381511,381513,2,12
381499,381511,381513,2,12
381499,381511,381513,2,12
381499,381511,381514,3,12
381499,381511,381514,3,12
381499,381511,381514,3,12
381499,381511,381514,3,12
381499,381511,381514,3,12
381499,381511,381513,2,12
381499,381511,381513,2,12
381499,381511,381513,2,12
381499,381511,381514,3,12
381499,381511,381514,3,12
381499,381511,381514,3,12
381499,381511,381514,3,12
381499,381511,381514,3,12
381499,381511,381514,3,12
381499,381511,381514,3,12
381499,381511,381514,3,12
381499,381511,381514,3,12
381499,381511,381514,3,12
381499,381511,381514,3,12
381499,381511,381513,2,12
381499,381511,381514,3,12
381499,381511,381514,3,12
381499,381511,381514,3,12
381519,381519,381523,4,0
381519,381519,381523,4,0
381519,381519,381523,4,0
381519,381519,381524,5,0
381519,381519,381523,4,0
381519,381519,381523,4,0
381519,381519,381523,4,0
381519,381519,381524,5,0
381519,381519,381523,4,0
381519,381519,381523,4,0
381519,381519,381523,4,0
381519,381519,381524,5,0
381519,381519,381523,4,0
381519,381519,381524,5,0
381519,381519,381523,4,0
381519,381519,381523,4,0
381519,381519,381524,5,0
381519,381519,381523,4,0
381519,381519,381524,5,0
381519,381519,381523,4,0
381519,381519,381524,5,0
381519,381519,381524,5,0
381519,381519,381523,4,0
381519,381519,381523,4,0
381519,381519,381523,4,0
381519,381519,381523,4,0
381519,381519,381524,5,0
381519,381519,381523,4,0
381519,381519,381524,5,0
381519,381519,381524,5,0
381519,381519,381523,4,0
381519,381519,381523,4,0
381519,381519,381523,4,0
381519,381519,381523,4,0
381519,381519,381524,5,0
381519,381519,381524,5,0
381519,381519,381524,5,0
381519,381519,381523,4,0
381519,381519,381523,4,0
381519,381519,381523,4,0
381519,381519,381524,5,0
381519,381519,381523,4,0
381519,381519,381523,4,0
381519,381519,381524,5,0
381519,381519,381523,4,0
381519,381519,381524,5,0
381519,381519,381523,4,0
381519,381519,381524,5,0
381519,381519,381524,5,0
381519,381519,381523,4,0
381519,381519,381523,4,0
381519,381519,381523,4,0
381519,381519,381523,4,0
381519,381519,381524,5,0
381519,381519,381523,4,0
381519,381519,381524,5,0
381519,381519,381524,5,0
381519,381519,381523,4,0
381519,381519,381523,4,0
381519,381519,381523,4,0
381519,381519,381524,5,0
381519,381519,381523,4,0
381519,381519,381524,5,0
381519,381519,381524,5,0
381519,381519,381524,5,0
381519,381519,381525,6,0
381519,381519,381524,5,0
381519,381519,381524,5,0
381519,381519,381524,5,0
381519,381519,381524,5,0
381519,381519,381524,5,0
381519,381519,381524,5,0
381519,381519,381524,5,0
381519,381519,381524,5,0
381519,381519,381525,6,0
381519,381519,381524,5,0
381519,381519,381524,5,0
381519,381519,381524,5,0
381519,381519,381524,5,0
381519,381519,381524,5,0
381519,381524,381528,4,5
381519,381524,381529,5,5
381519,381524,381529,5,5
381519,381524,381529,5,5
381519,381524,381529,5,5
381519,381524,381529,5,5
381519,381524,381529,5,5
381519,381524,381529,5,5
381519,381524,381529,5,5
381519,381524,381529,5,5
381519,381524,381529,5,5
381519,381524,381529,5,5
381519,381524,381529,5,5
381519,381524,381529,5,5
381519,381526,381529,3,7
381519,381524,381529,5,5
381519,381524,381529,5,5
381519,381524,381529,5,5
381519,381524,381529,5,5
381519,381524,381529,5,5
381519,381524,381529,5,5
381519,381524,381529,5,5
381519,381524,381529,5,5
381519,381524,381529,5,5
381519,381524,381529,5,5
381519,381524,381529,5,5
381519,381524,381529,5,5
381519,381524,381529,5,5
381519,381524,381529,5,5
381519,381524,381529,5,5
381519,381524,381529,5,5
381519,381524,381529,5,5
381519,381524,381529,5,5
381519,381524,381529,5,5
381519,381524,381529,5,5
381519,381524,381529,5,5
381519,381524,381529,5,5
381519,381524,381529,5,5
381519,381524,381529,5,5
381519,381524,381529,5,5
381519,381524,381529,5,5
381519,381524,381529,5,5
381519,381524,381529,5,5
381519,381524,381529,5,5
381519,381524,381529,5,5
381519,381524,381529,5,5
381519,381524,381529,5,5
381519,381524,381529,5,5
381519,381524,381529,5,5
381519,381524,381529,5,5
381519,381524,381529,5,5
381519,381524,381529,5,5
381519,381524,381529,5,5
381519,381524,381529,5,5
381519,381524,381529,5,5
381519,381524,381529,5,5
381519,381524,381529,5,5
381519,381524,381529,5,5
381519,381524,381530,6,5
381519,381524,381529,5,5
381519,381524,381529,5,5
381519,381524,381529,5,5
381519,381524,381529,5,5
381519,381524,381529,5,5
381519,381526,381530,4,7
381519,381526,381530,4,7
381519,381526,381530,4,7
381519,381526,381530,4,7
381519,381526,381530,4,7
381519,381526,381530,4,7
381519,381526,381530,4,7
381519,381526,381530,4,7
381519,381524,381530,6,5
381519,381526,381530,4,7
381519,381526,381530,4,7
381519,381526,381530,4,7
381519,381526,381530,4,7
381519,381529,381530,1,10
381519,381526,381530,4,7
381519,381526,381530,4,7
381519,381526,381530,4,7
381519,381530,381532,2,11
381519,381530,381532,2,11
381519,381530,381533,3,11
381519,381530,381532,2,11
381519,381530,381532,2,11
381519,381530,381533,3,11
381519,381530,381532,2,11
381519,381530,381533,3,11
381519,381530,381532,2,11
381519,381530,381532,2,11
381519,381530,381533,3,11
381519,381530,381532,2,11
381519,381530,381532,2,11
381519,381530,381532,2,11
381519,381530,381532,2,11
381519,381530,381532,2,11
381519,381530,381532,2,11
381519,381530,381532,2,11
381519,381530,381532,2,11
381519,381530,381533,3,11
381519,381530,381532,2,11
381519,381530,381532,2,11
381519,381530,381532,2,11
381519,381530,381532,2,11
381519,381530,381533,3,11
381519,381530,381533,3,11
381519,381530,381533,3,11
381519,381530,381533,3,11
381519,381530,381533,3,11
381519,381530,381533,3,11
381519,381530,381533,3,11
381519,381530,381533,3,11
381519,381530,381533,3,11
381519,381530,381533,3,11
381519,381530,381533,3,11
381519,381530,381533,3,11
381519,381530,381533,3,11
381519,381530,381533,3,11
381519,381530,381533,3,11
381538,381538,381542,4,0
381538,381538,381542,4,0
381538,381538,381542,4,0
381538,381538,381542,4,0
381538,381538,381542,4,0
381538,381538,381542,4,0
381538,381538,381543,5,0
381538,381538,381543,5,0
381538,381538,381543,5,0
381538,381538,381542,4,0
381538,381538,381542,4,0
381538,381538,381543,5,0
381538,381538,381542,4,0
381538,381538,381543,5,0
381538,381538,381542,4,0
381538,381538,381542,4,0
381538,381538,381543,5,0
381538,381538,381543,5,0
381538,381538,381542,4,0
381538,381538,381542,4,0
381538,381538,381542,4,0
381538,381538,381542,4,0
381538,381538,381542,4,0
381538,381538,381542,4,0
381538,381538,381543,5,0
381538,381538,381543,5,0
381538,381538,381542,4,0
381538,381538,381542,4,0
381538,381538,381542,4,0
381538,381538,381542,4,0
381538,381538,381542,4,0
381538,381538,381543,5,0
381538,381538,381543,5,0
381538,381538,381543,5,0
381538,381538,381542,4,0
381538,381538,381542,4,0
381538,381538,381542,4,0
381538,381538,381542,4,0
381538,381538,381543,5,0
381538,381538,381542,4,0
381538,381538,381542,4,0
381538,381538,381542,4,0
381538,381538,381542,4,0
381538,381538,381543,5,0
381538,381538,381543,5,0
381538,381538,381543,5,0
381538,381538,381543,5,0
381538,381538,381542,4,0
381538,381538,381542,4,0
381538,381538,381542,4,0
381538,381538,381542,4,0
381538,381538,381542,4,0
381538,381538,381543,5,0
381538,381538,381543,5,0
381538,381538,381542,4,0
381538,381538,381542,4,0
381538,381538,381542,4,0
381538,381538,381542,4,0
381538,381538,381543,5,0
381538,381538,381543,5,0
381538,381538,381543,5,0
381538,381538,381543,5,0
381538,381538,381542,4,0
381538,381538,381542,4,0
381538,381538,381542,4,0
381538,381538,381542,4,0
381538,381538,381543,5,0
381538,381538,381543,5,0
381538,381538,381543,5,0
381538,381542,381544,2,4
381538,381538,381543,5,0
381538,381538,381543,5,0
381538,381538,381543,5,0
381538,381538,381544,6,0
381538,381538,381543,5,0
381538,381538,381544,6,0
381538,381538,381544,6,0
381538,381538,381543,5,0
381538,381538,381543,5,0
381538,381538,381543,5,0
381538,381538,381544,6,0
381538,381543,381547,4,5
381538,381543,381548,5,5
381538,381543,381548,5,5
381538,381543,381548,5,5
381538,381543,381548,5,5
381538,381543,381548,5,5
381538,381543,381548,5,5
381538,381543,381548,5,5
381538,381544,381548,4,6
381538,381543,381548,5,5
381538,381543,381548,5,5
381538,381543,381548,5,5
381538,381543,381548,5,5
381538,381543,381548,5,5
381538,381543,381548,5,5
381538,381543,381548,5,5
381538,381543,381548,5,5
381538,381543,381548,5,5
381538,381543,381548,5,5
381538,381543,381548,5,5
381538,381543,381548,5,5
381538,381543,381548,5,5
381538,381543,381548,5,5
381538,381543,381548,5,5
381538,381544,381548,4,6
381538,381543,381548,5,5
381538,381543,381548,5,5
381538,381543,381548,5,5
381538,381543,381548,5,5
381538,381543,381548,5,5
381538,381543,381548,5,5
381538,381543,381548,5,5
381538,381543,381548,5,5
381538,381543,381548,5,5
381538,381543,381548,5,5
381538,381543,381548,5,5
381538,381543,381548,5,5
381538,381543,381548,5,5
381538,381543,381548,5,5
381538,381543,381548,5,5
381538,381543,381548,5,5
381538,381543,381548,5,5
381538,381543,381548,5,5
381538,381543,381549,6,5
381538,381543,381548,5,5
381538,381543,381548,5,5
381538,381543,381548,5,5
381538,381543,381548,5,5
381538,381543,381548,5,5
381538,381543,381548,5,5
381538,381543,381548,5,5
381538,381543,381548,5,5
381538,381543,381548,5,5
381538,381543,381548,5,5
381538,381544,381548,4,6
381538,381544,381549,5,6
381538,381543,381549,6,5
381538,381543,381549,6,5
381538,381543,381549,6,5
381538,381543,381549,6,5
381538,381543,381549,6,5
381538,381543,381549,6,5
381538,381543,381550,7,5
381538,381543,381549,6,5
381538,381543,381549,6,5
381538,381543,381549,6,5
381538,381543,381549,6,5
381538,381545,381549,4,7
381538,381545,381550,5,7
381538,381545,381550,5,7
381538,381545,381549,4,7
381538,381548,381550,2,10
381538,381545,381549,4,7
381538,381545,381550,5,7
381538,381545,381550,5,7
381538,381544,381549,5,6
381538,381544,381549,5,6
381538,381544,381550,6,6
381538,381545,381550,5,7
381538,381545,381550,5,7
381538,381545,381550,5,7
381538,381549,381551,2,11
381538,381549,381551,2,11
381538,381549,381551,2,11
381538,381549,381551,2,11
381538,381549,381551,2,11
381538,381549,381551,2,11
381538,381549,381551,2,11
381538,381549,381551,2,11
381538,381549,381551,2,11
381538,381549,381551,2,11
381538,381549,381551,2,11
381538,381549,381551,2,11
381538,381549,381552,3,11
381538,381549,381552,3,11
381538,381549,381552,3,11
381538,381549,381551,2,11
381538,381549,381551,2,11
381538,381549,381551,2,11
381538,381549,381552,3,11
381538,381549,381551,2,11
381538,381549,381551,2,11
381538,381549,381552,3,11
381538,381549,381552,3,11
381538,381549,381552,3,11
381538,381549,381551,2,11
381538,381549,381552,3,11
381538,381549,381552,3,11
381538,381549,381552,3,11
381538,381549,381552,3,11
381538,381549,381552,3,11
381538,381549,381552,3,11
381538,381549,381552,3,11
381538,381549,381552,3,11
381538,381549,381552,3,11
381538,381549,381552,3,11
381538,381549,381552,3,11
381538,381549,381552,3,11
381538,381549,381552,3,11
381557,381558,381561,3,1
381557,381558,381562,4,1
381557,381558,381562,4,1
381557,381558,381562,4,1
381557,381558,381562,4,1
381557,381558,381562,4,1
381557,381558,381562,4,1
381557,381558,381562,4,1
381557,381558,381562,4,1
381557,381558,381562,4,1
381557,381558,381562,4,1
381557,381558,381562,4,1
381557,381558,381562,4,1
381557,381558,381563,5,1
381557,381558,381562,4,1
381557,381558,381562,4,1
381557,381558,381562,4,1
381557,381558,381562,4,1
381557,381558,381562,4,1
381557,381558,381562,4,1
381557,381558,381562,4,1
381557,381558,381562,4,1
381557,381558,381562,4,1
381557,381558,381562,4,1
381557,381558,381562,4,1
381557,381558,381562,4,1
381557,381558,381562,4,1
381557,381558,381562,4,1
381557,381558,381562,4,1
381557,381558,381562,4,1
381557,381558,381562,4,1
381557,381558,381563,5,1
381557,381558,381562,4,1
381557,381558,381562,4,1
381557,381558,381562,4,1
381557,381558,381562,4,1
381557,381558,381562,4,1
381557,381558,381563,5,1
381557,381558,381562,4,1
381557,381558,381562,4,1
381557,381558,381562,4,1
381557,381558,381562,4,1
381557,381558,381563,5,1
381557,381558,381563,5,1
381557,381558,381563,5,1
381557,381558,381563,5,1
381557,381558,381562,4,1
381557,381558,381562,4,1
381557,381558,381562,4,1
381557,381558,381562,4,1
381557,381558,381562,4,1
381557,381558,381563,5,1
381557,381558,381562,4,1
381557,381558,381562,4,1
381557,381558,381562,4,1
381557,381558,381562,4,1
381557,381558,381562,4,1
381557,381558,381563,5,1
381557,381558,381562,4,1
381557,381558,381562,4,1
381557,381558,381562,4,1
381557,381558,381562,4,1
381557,381558,381562,4,1
381557,381558,381562,4,1
381557,381558,381563,5,1
381557,381558,381563,5,1
381557,381558,381563,5,1
381557,381558,381563,5,1
381557,381558,381563,5,1
381557,381558,381563,5,1
381557,381558,381563,5,1
381557,381558,381563,5,1
381557,381558,381563,5,1
381557,381558,381563,5,1
381557,381562,381563,1,5
381557,381558,381563,5,1
381557,381558,381563,5,1
381557,381562,381563,1,5
381557,381558,381563,5,1
381557,381558,381563,5,1
381557,381558,381563,5,1
381557,381558,381563,5,1
381557,381563,381567,4,6
381557,381563,381567,4,6
381557,381563,381568,5,6
381557,381563,381567,4,6
381557,381563,381568,5,6
381557,381563,381568,5,6
381557,381563,381568,5,6
381557,381563,381567,4,6
381557,381563,381567,4,6
381557,381563,381568,5,6
381557,381563,381568,5,6
381557,381563,381568,5,6
381557,381563,381568,5,6
381557,381564,381568,4,7
381557,381563,381568,5,6
381557,381563,381567,4,6
381557,381563,381568,5,6
381557,381563,381568,5,6
381557,381563,381567,4,6
381557,381563,381567,4,6
381557,381563,381567,4,6
381557,381563,381567,4,6
381557,381563,381568,5,6
381557,381563,381568,5,6
381557,381563,381568,5,6
381557,381564,381568,4,7
381557,381563,381567,4,6
381557,381563,381568,5,6
381557,381563,381568,5,6
381557,381563,381568,5,6
381557,381563,381568,5,6
381557,381563,381568,5,6
381557,381563,381568,5,6
381557,381563,381567,4,6
381557,381563,381568,5,6
381557,381563,381567,4,6
381557,381563,381567,4,6
381557,381563,381567,4,6
381557,381563,381567,4,6
381557,381563,381567,4,6
381557,381563,381568,5,6
381557,381563,381567,4,6
381557,381563,381567,4,6
381557,381563,381568,5,6
381557,381563,381567,4,6
381557,381564,381568,4,7
381557,381563,381567,4,6
381557,381563,381567,4,6
381557,381563,381567,4,6
381557,381563,381568,5,6
381557,381563,381567,4,6
381557,381563,381568,5,6
381557,381564,381568,4,7
381557,381563,381567,4,6
381557,381563,381567,4,6
381557,381563,381568,5,6
381557,381563,381568,5,6
381557,381563,381568,5,6
381557,381563,381567,4,6
381557,381564,381568,4,7
381557,381564,381568,4,7
381557,381563,381567,4,6
381557,381563,381568,5,6
381557,381563,381568,5,6
381557,381563,381568,5,6
381557,381563,381567,4,6
381557,381563,381568,5,6
381557,381563,381568,5,6
381557,381563,381568,5,6
381557,381564,381568,4,7
381557,381564,381568,4,7
381557,381564,381568,4,7
381557,381564,381569,5,7
381557,381564,381569,5,7
381557,381564,381569,5,7
381557,381564,381569,5,7
381557,381564,381569,5,7
381557,381563,381569,6,6
381557,381564,381569,5,7
381557,381564,381569,5,7
381557,381568,381571,3,11
381557,381568,381571,3,11
381557,381569,381571,2,12
381557,381568,381571,3,11
381557,381568,381571,3,11
381557,381569,381571,2,12
381557,381568,381571,3,11
381557,381569,381571,2,12
381557,381569,381571,2,12
381557,381568,381571,3,11
381557,381569,381571,2,12
381557,381569,381571,2,12
381557,381569,381571,2,12
381557,381569,381571,2,12
381557,381569,381571,2,12
381557,381568,381571,3,11
381557,381569,381571,2,12
381557,381569,381571,2,12
381557,381568,381572,4,11
381557,381568,381572,4,11
381557,381569,381572,3,12
381557,381569,381572,3,12
381557,381569,381572,3,12
381557,381569,381572,3,12
381557,381569,381572,3,12
381557,381569,381572,3,12
381557,381569,381572,3,12
381557,381569,381572,3,12
381557,381569,381572,3,12
381557,381569,381572,3,12
381557,381569,381572,3,12
381557,381569,381572,3,12
381557,381569,381572,3,12
381557,381569,381572,3,12
381557,381569,381572,3,12
381557,381569,381572,3,12
381557,381569,381572,3,12
381557,381569,381572,3,12
381576,381577,381581,4,1
381576,381577,381581,4,1
381576,381577,381581,4,1
381576,381577,381581,4,1
381576,381577,381581,4,1
381576,381577,381581,4,1
381576,381577,381581,4,1
381576,381577,381581,4,1
381576,381577,381581,4,1
381576,381577,381581,4,1
381576,381577,381581,4,1
381576,381577,381581,4,1
381576,381577,381581,4,1
381576,381577,381581,4,1
381576,381577,381581,4,1
381576,381577,381581,4,1
381576,381577,381581,4,1
381576,381577,381581,4,1
381576,381577,381581,4,1
381576,381577,381581,4,1
381576,381577,381581,4,1
381576,381577,381581,4,1
381576,381577,381581,4,1
381576,381577,381581,4,1
381576,381577,381581,4,1
381576,381577,381581,4,1
381576,381577,381581,4,1
381576,381577,381581,4,1
381576,381577,381581,4,1
381576,381577,381582,5,1
381576,381577,381581,4,1
381576,381577,381581,4,1
381576,381577,381581,4,1
381576,381577,381581,4,1
381576,381577,381581,4,1
381576,381577,381581,4,1
381576,381577,381581,4,1
381576,381577,381581,4,1
381576,381577,381582,5,1
381576,381577,381581,4,1
381576,381577,381581,4,1
381576,381577,381581,4,1
381576,381577,381581,4,1
381576,381577,381581,4,1
381576,381577,381581,4,1
381576,381577,381581,4,1
381576,381577,381581,4,1
381576,381577,381581,4,1
381576,381577,381581,4,1
381576,381577,381581,4,1
381576,381577,381582,5,1
381576,381577,381581,4,1
381576,381577,381581,4,1
381576,381577,381581,4,1
381576,381577,381581,4,1
381576,381577,381581,4,1
381576,381577,381582,5,1
381576,381577,381582,5,1
381576,381577,381581,4,1
381576,381577,381581,4,1
381576,381577,381581,4,1
381576,381577,381581,4,1
381576,381577,381581,4,1
381576,381577,381581,4,1
381576,381577,381581,4,1
381576,381577,381582,5,1
381576,381577,381582,5,1
381576,381577,381582,5,1
381576,381577,381582,5,1
381576,381577,381582,5,1
381576,381577,381582,5,1
381576,381577,381582,5,1
381576,381577,381582,5,1
381576,381577,381582,5,1
381576,381577,381582,5,1
381576,381577,381582,5,1
381576,381581,381582,1,5
381576,381581,381582,1,5
381576,381581,381582,1,5
381576,381577,381582,5,1
381576,381577,381582,5,1
381576,381577,381582,5,1
381576,381581,381583,2,5
381576,381581,381583,2,5
381576,381581,381583,2,5
381576,381581,381582,1,5
381576,381581,381582,1,5
381576,381577,381582,5,1
381576,381581,381583,2,5
381576,381581,381583,2,5
381576,381582,381583,1,6
381576,381582,381584,2,6
381576,381582,381584,2,6
381576,381581,381583,2,5
381576,381581,381583,2,5
381576,381581,381583,2,5
381576,381581,381583,2,5
381576,381581,381583,2,5
381576,381581,381583,2,5
381576,381581,381583,2,5
381576,381582,381585,3,6
381576,381582,381585,3,6
381576,381582,381585,3,6
381576,381582,381585,3,6
381576,381582,381585,3,6
381576,381582,381585,3,6
381576,381582,381585,3,6
381576,381582,381584,2,6
381576,381582,381585,3,6
381576,381582,381585,3,6
381576,381582,381585,3,6
381576,381582,381585,3,6
381576,381582,381585,3,6
381576,381582,381585,3,6
381576,381582,381586,4,6
381576,381582,381585,3,6
381576,381582,381586,4,6
381576,381582,381585,3,6
381576,381582,381585,3,6
381576,381582,381586,4,6
381576,381582,381586,4,6
381576,381582,381586,4,6
381576,381583,381585,2,7
381576,381583,381586,3,7
381576,381582,381585,3,6
381576,381582,381586,4,6
381576,381582,381585,3,6
381576,381582,381586,4,6
381576,381582,381585,3,6
381576,381582,381585,3,6
381576,381582,381585,3,6
381576,381582,381586,4,6
381576,381582,381586,4,6
381576,381582,381585,3,6
381576,381582,381586,4,6
381576,381582,381586,4,6
381576,381582,381586,4,6
381576,381582,381585,3,6
381576,381582,381586,4,6
381576,381582,381586,4,6
381576,381582,381586,4,6
381576,381582,381586,4,6
381576,381582,381586,4,6
381576,381582,381585,3,6
381576,381582,381585,3,6
381576,381582,381585,3,6
381576,381583,381585,2,7
381576,381583,381586,3,7
381576,381582,381586,4,6
381576,381582,381586,4,6
381576,381582,381586,4,6
381576,381583,381586,3,7
381576,381583,381586,3,7
381576,381583,381587,4,7
381576,381583,381587,4,7
381576,381584,381587,3,8
381576,381583,381586,3,7
381576,381583,381587,4,7
381576,381583,381587,4,7
381576,381584,381587,3,8
381576,381584,381587,3,8
381576,381583,381586,3,7
381576,381585,381587,2,9
381576,381583,381586,3,7
381576,381583,381586,3,7
381576,381583,381586,3,7
381576,381583,381587,4,7
381576,381583,381587,4,7
381576,381583,381586,3,7
381576,381583,381587,4,7
381576,381583,381587,4,7
381576,381583,381587,4,7
381576,381583,381587,4,7
381576,381583,381587,4,7
381576,381584,381587,3,8
381576,381584,381587,3,8
381576,381584,381587,3,8
381576,381584,381587,3,8
381576,381584,381587,3,8
381576,381584,381587,3,8
381576,381584,381587,3,8
381576,381585,381587,2,9
381576,381585,381588,3,9
381576,381585,381587,2,9
381576,381585,381588,3,9
381576,381585,381588,3,9
381576,381585,381588,3,9
381576,381585,381588,3,9
381576,381585,381588,3,9
381576,381585,381587,2,9
381576,381586,381588,2,10
381576,381586,381588,2,10
381576,381586,381588,2,10
381576,381586,381588,2,10
381576,381585,381587,2,9
381576,381585,381587,2,9
381576,381585,381588,3,9
381576,381586,381588,2,10
381576,381586,381588,2,10
381576,381586,381588,2,10
381593,381593,381597,4,0
381593,381593,381597,4,0
381593,381593,381597,4,0
381593,381593,381597,4,0
381593,381593,381598,5,0
381593,381593,381598,5,0
381593,381593,381598,5,0
381593,381593,381598,5,0
381593,381593,381598,5,0
381593,381594,381598,4,1
381593,381594,381598,4,1
381593,381593,381598,5,0
381593,381593,381598,5,0
381593,381593,381598,5,0
381593,381593,381598,5,0
381593,381593,381598,5,0
381593,381594,381598,4,1
381593,381593,381598,5,0
381593,381593,381598,5,0
381593,381593,381598,5,0
381593,381593,381598,5,0
381593,381593,381598,5,0
381593,381594,381598,4,1
381593,381593,381598,5,0
381593,381593,381598,5,0
381593,381593,381598,5,0
381593,381593,381598,5,0
381593,381593,381598,5,0
381593,381594,381598,4,1
381593,381594,381598,4,1
381593,381593,381598,5,0
381593,381593,381598,5,0
381593,381593,381598,5,0
381593,381593,381598,5,0
381593,381594,381598,4,1
381593,381593,381598,5,0
381593,381593,381598,5,0
381593,381593,381598,5,0
381593,381593,381598,5,0
381593,381594,381598,4,1
381593,381594,381598,4,1
381593,381594,381598,4,1
381593,381593,381598,5,0
381593,381593,381598,5,0
381593,381593,381598,5,0
381593,381593,381598,5,0
381593,381593,381598,5,0
381593,381594,381598,4,1
381593,381594,381598,4,1
381593,381593,381598,5,0
381593,381593,381598,5,0
381593,381593,381598,5,0
381593,381594,381598,4,1
381593,381594,381598,4,1
381593,381594,381599,5,1
381593,381593,381598,5,0
381593,381593,381598,5,0
381593,381593,381598,5,0
381593,381594,381598,4,1
381593,381594,381599,5,1
381593,381594,381598,4,1
381593,381593,381598,5,0
381593,381593,381598,5,0
381593,381593,381598,5,0
381593,381594,381598,4,1
381593,381594,381599,5,1
381593,381594,381599,5,1
381593,381594,381599,5,1
381593,381594,381599,5,1
381593,381594,381599,5,1
381593,381594,381599,5,1
381593,381594,381599,5,1
381593,381594,381599,5,1
381593,381598,381599,1,5
381593,381594,381599,5,1
381593,381598,381599,1,5
381593,381594,381599,5,1
381593,381598,381599,1,5
381593,381594,381599,5,1
381593,381594,381599,5,1
381593,381594,381599,5,1
381593,381594,381599,5,1
381593,381598,381599,1,5
381593,381594,381599,5,1
381593,381599,381603,4,6
381593,381599,381604,5,6
381593,381599,381604,5,6
381593,381599,381604,5,6
381593,381599,381604,5,6
381593,381599,381603,4,6
381593,381599,381604,5,6
381593,381599,381604,5,6
381593,381599,381604,5,6
381593,381599,381604,5,6
381593,381599,381604,5,6
381593,381599,381604,5,6
381593,381599,381604,5,6
381593,381599,381604,5,6
381593,381599,381604,5,6
381593,381599,381604,5,6
381593,381599,381604,5,6
381593,381599,381604,5,6
381593,381599,381604,5,6
381593,381599,381604,5,6
381593,381599,381604,5,6
381593,381599,381604,5,6
381593,381599,381604,5,6
381593,381599,381604,5,6
381593,381599,381603,4,6
381593,381599,381604,5,6
381593,381599,381604,5,6
381593,381599,381604,5,6
381593,381599,381604,5,6
381593,381599,381604,5,6
381593,381599,381604,5,6
381593,381599,381604,5,6
381593,381599,381604,5,6
381593,381599,381604,5,6
381593,381599,381604,5,6
381593,381599,381604,5,6
381593,381599,381604,5,6
381593,381599,381604,5,6
381593,381599,381604,5,6
381593,381599,381604,5,6
381593,381599,381604,5,6
381593,381599,381604,5,6
381593,381599,381604,5,6
381593,381599,381604,5,6
381593,381599,381604,5,6
381593,381599,381604,5,6
381593,381599,381603,4,6
381593,381599,381604,5,6
381593,381599,381604,5,6
381593,381599,381604,5,6
381593,381599,381604,5,6
381593,381599,381604,5,6
381593,381599,381604,5,6
381593,381599,381604,5,6
381593,381599,381604,5,6
381593,381599,381604,5,6
381593,381599,381605,6,6
381593,381599,381605,6,6
381593,381599,381605,6,6
381593,381600,381605,5,7
381593,381600,381605,5,7
381593,381600,381604,4,7
381593,381599,381604,5,6
381593,381600,381605,5,7
381593,381599,381604,5,6
381593,381599,381604,5,6
381593,381600,381605,5,7
381593,381600,381605,5,7
381593,381600,381604,4,7
381593,381600,381605,5,7
381593,381600,381605,5,7
381593,381600,381604,4,7
381593,381600,381604,4,7
381593,381600,381605,5,7
381593,381600,381605,5,7
381593,381600,381605,5,7
381593,381600,381604,4,7
381593,381600,381605,5,7
381593,381599,381606,7,6
381593,381600,381606,6,7
381593,381604,381607,3,11
381593,381604,381607,3,11
381593,381604,381607,3,11
381593,381604,381607,3,11
381593,381604,381607,3,11
381593,381604,381607,3,11
381593,381604,381607,3,11
381593,381604,381607,3,11
381593,381604,381607,3,11
381593,381604,381607,3,11
381593,381604,381607,3,11
381593,381604,381607,3,11
381593,381604,381607,3,11
381593,381604,381607,3,11
381593,381604,381607,3,11
381593,381604,381607,3,11
381593,381604,381607,3,11
381593,381604,381607,3,11
381593,381604,381608,4,11
381593,381604,381608,4,11
381593,381604,381608,4,11
381593,381604,381608,4,11
381593,381604,381608,4,11
381593,381604,381608,4,11
381593,381604,381608,4,11
381593,381604,381608,4,11
381593,381604,381608,4,11
381593,381604,381608,4,11
381593,381604,381608,4,11
381593,381604,381608,4,11
381593,381604,381608,4,11
381593,381604,381608,4,11
381593,381604,381608,4,11
381593,381604,381608,4,11
381593,381604,381608,4,11
381593,381604,381608,4,11
381613,381613,381617,4,0
381613,381613,381618,5,0
381613,381613,381618,5,0
381613,381613,381618,5,0
381613,381613,381618,5,0
381613,381613,381618,5,0
381613,381613,381618,5,0
381613,381613,381618,5,0
381613,381613,381618,5,0
381613,381613,381618,5,0
381613,381613,381618,5,0
381613,381613,381618,5,0
381613,381613,381618,5,0
381613,381613,381618,5,0
381613,381613,381618,5,0
381613,381613,381617,4,0
381613,381613,381618,5,0
381613,381613,381618,5,0
381613,381613,381618,5,0
381613,381613,381618,5,0
381613,381613,381618,5,0
381613,381613,381618,5,0
381613,381613,381618,5,0
381613,381613,381618,5,0
381613,381613,381618,5,0
381613,381613,381618,5,0
381613,381613,381618,5,0
381613,381613,381618,5,0
381613,381613,381617,4,0
381613,381613,381618,5,0
381613,381613,381618,5,0
381613,381613,381618,5,0
381613,381613,381618,5,0
381613,381613,381618,5,0
381613,381613,381618,5,0
381613,381613,381618,5,0
381613,381613,381618,5,0
381613,381613,381618,5,0
381613,381613,381618,5,0
381613,381613,381618,5,0
381613,381613,381618,5,0
381613,381613,381617,4,0
381613,381613,381618,5,0
381613,381613,381618,5,0
381613,381613,381618,5,0
381613,381613,381618,5,0
381613,381613,381618,5,0
381613,381613,381618,5,0
381613,381613,381618,5,0
381613,381613,381618,5,0
381613,381613,381618,5,0
381613,381613,381618,5,0
381613,381613,381618,5,0
381613,381613,381618,5,0
381613,381613,381618,5,0
381613,381613,381618,5,0
381613,381613,381618,5,0
381613,381613,381618,5,0
381613,381613,381618,5,0
381613,381613,381618,5,0
381613,381613,381618,5,0
381613,381613,381618,5,0
381613,381613,381618,5,0
381613,381613,381618,5,0
381613,381613,381618,5,0
381613,381613,381618,5,0
381613,381613,381618,5,0
381613,381613,381618,5,0
381613,381613,381618,5,0
381613,381613,381618,5,0
381613,381613,381618,5,0
381613,381613,381618,5,0
381613,381613,381618,5,0
381613,381613,381618,5,0
381613,381613,381619,6,0
381613,381613,381618,5,0
381613,381613,381619,6,0
381613,381613,381619,6,0
381613,381613,381619,6,0
381613,381613,381619,6,0
381613,381617,381619,2,4
381613,381619,381622,3,6
381613,381619,381623,4,6
381613,381619,381623,4,6
381613,381619,381623,4,6
381613,381619,381623,4,6
381613,381619,381623,4,6
381613,381619,381623,4,6
381613,381619,381623,4,6
381613,381619,381623,4,6
381613,381619,381623,4,6
381613,381619,381623,4,6
381613,381619,381623,4,6
381613,381619,381623,4,6
381613,381619,381623,4,6
381613,381619,381623,4,6
381613,381619,381623,4,6
381613,381619,381623,4,6
381613,381619,381623,4,6
381613,381619,381623,4,6
381613,381619,381623,4,6
381613,381619,381623,4,6
381613,381619,381623,4,6
381613,381619,381623,4,6
381613,381619,381623,4,6
381613,381619,381623,4,6
381613,381619,381623,4,6
381613,381619,381623,4,6
381613,381619,381623,4,6
381613,381619,381623,4,6
381613,381619,381623,4,6
381613,381619,381623,4,6
381613,381619,381623,4,6
381613,381619,381623,4,6
381613,381619,381623,4,6
381613,381619,381623,4,6
381613,381619,381623,4,6
381613,381619,381623,4,6
381613,381619,381623,4,6
381613,381619,381623,4,6
381613,381619,381623,4,6
381613,381619,381624,5,6
381613,381619,381624,5,6
381613,381619,381623,4,6
381613,381619,381623,4,6
381613,381619,381623,4,6
381613,381619,381623,4,6
381613,381619,381623,4,6
381613,381619,381623,4,6
381613,381619,381623,4,6
381613,381619,381624,5,6
381613,381619,381623,4,6
381613,381619,381623,4,6
381613,381619,381623,4,6
381613,381619,381623,4,6
381613,381619,381623,4,6
381613,381619,381624,5,6
381613,381619,381623,4,6
381613,381619,381623,4,6
381613,381619,381623,4,6
381613,381619,381623,4,6
381613,381619,381623,4,6
381613,381619,381624,5,6
381613,381620,381624,4,7
381613,381619,381623,4,6
381613,381619,381623,4,6
381613,381619,381623,4,6
381613,381619,381623,4,6
381613,381619,381624,5,6
381613,381619,381624,5,6
381613,381619,381624,5,6
381613,381619,381624,5,6
381613,381619,381624,5,6
381613,381623,381624,1,10
381613,381620,381624,4,7
381613,381620,381624,4,7
381613,381620,381624,4,7
381613,381620,381624,4,7
381613,381622,381624,2,9
381613,381619,381624,5,6
381613,381619,381624,5,6
381613,381619,381624,5,6
381613,381619,381624,5,6
381613,381623,381625,2,10
381613,381623,381625,2,10
381613,381624,381626,2,11
381613,381624,381626,2,11
381613,381624,381626,2,11
381613,381624,381626,2,11
381613,381624,381627,3,11
381613,381624,381626,2,11
381613,381624,381626,2,11
381613,381624,381626,2,11
381613,381624,381627,3,11
381613,381624,381627,3,11
381613,381624,381626,2,11
381613,381624,381627,3,11
381613,381624,381627,3,11
381613,381624,381627,3,11
381613,381624,381627,3,11
381613,381624,381626,2,11
381613,381624,381627,3,11
381613,381624,381627,3,11
381613,381624,381627,3,11
381613,381624,381627,3,11
381613,381624,381626,2,11
381613,381624,381627,3,11
381613,381624,381627,3,11
381613,381624,381627,3,11
381613,381624,381627,3,11
381613,381624,381627,3,11
381613,381624,381627,3,11
381613,381624,381626,2,11
381613,381624,381627,3,11
381613,381624,381627,3,11
381613,381624,381627,3,11
381613,381624,381627,3,11
381613,381624,381627,3,11
381613,381624,381627,3,11
381613,381624,381627,3,11
381632,381632,381637,5,0
381632,381632,381637,5,0
381632,381632,381637,5,0
381632,381632,381637,5,0
381632,381632,381637,5,0
381632,381632,381637,5,0
381632,381632,381637,5,0
381632,381632,381637,5,0
381632,381632,381637,5,0
381632,381632,381637,5,0
381632,381632,381637,5,0
381632,381632,381637,5,0
381632,381632,381637,5,0
381632,381632,381637,5,0
381632,381632,381637,5,0
381632,381632,381637,5,0
381632,381632,381637,5,0
381632,381632,381637,5,0
381632,381632,381637,5,0
381632,381632,381637,5,0
381632,381632,381637,5,0
381632,381632,381637,5,0
381632,381632,381637,5,0
381632,381632,381637,5,0
381632,381632,381637,5,0
381632,381632,381637,5,0
381632,381632,381637,5,0
381632,381632,381637,5,0
381632,381632,381637,5,0
381632,381632,381637,5,0
381632,381632,381637,5,0
381632,381632,381637,5,0
381632,381632,381637,5,0
381632,381632,381637,5,0
381632,381632,381637,5,0
381632,381632,381637,5,0
381632,381632,381637,5,0
381632,381632,381637,5,0
381632,381632,381637,5,0
381632,381632,381637,5,0
381632,381632,381637,5,0
381632,381632,381637,5,0
381632,381632,381637,5,0
381632,381632,381637,5,0
381632,381632,381637,5,0
381632,381632,381637,5,0
381632,381632,381637,5,0
381632,381632,381637,5,0
381632,381632,381637,5,0
381632,381632,381637,5,0
381632,381632,381637,5,0
381632,381632,381637,5,0
381632,381632,381637,5,0
381632,381632,381637,5,0
381632,381632,381637,5,0
381632,381632,381637,5,0
381632,381632,381637,5,0
381632,381632,381637,5,0
381632,381632,381637,5,0
381632,381632,381637,5,0
381632,381632,381637,5,0
381632,381632,381637,5,0
381632,381632,381638,6,0
381632,381632,381637,5,0
381632,381632,381638,6,0
381632,381632,381638,6,0
381632,381632,381638,6,0
381632,381632,381638,6,0
381632,381632,381638,6,0
381632,381632,381638,6,0
381632,381632,381638,6,0
381632,381632,381638,6,0
381632,381632,381638,6,0
381632,381632,381638,6,0
381632,381632,381638,6,0
381632,381632,381638,6,0
381632,381632,381638,6,0
381632,381632,381638,6,0
381632,381632,381638,6,0
381632,381632,381638,6,0
381632,381638,381641,3,6
381632,381638,381642,4,6
381632,381638,381642,4,6
381632,381638,381642,4,6
381632,381638,381642,4,6
381632,381638,381642,4,6
381632,381638,381642,4,6
381632,381638,381642,4,6
381632,381638,381642,4,6
381632,381638,381642,4,6
381632,381638,381643,5,6
381632,381638,381643,5,6
381632,381638,381642,4,6
381632,381638,381642,4,6
381632,381638,381642,4,6
381632,381638,381642,4,6
381632,381638,381643,5,6
381632,381638,381642,4,6
381632,381638,381642,4,6
381632,381638,381642,4,6
381632,381638,381642,4,6
381632,381638,381642,4,6
381632,381638,381642,4,6
381632,381638,381642,4,6
381632,381638,381642,4,6
381632,381638,381642,4,6
381632,381638,381642,4,6
381632,381638,381642,4,6
381632,381638,381642,4,6
381632,381638,381642,4,6
381632,381638,381642,4,6
381632,381638,381642,4,6
381632,381638,381642,4,6
381632,381638,381642,4,6
381632,381638,381642,4,6
381632,381638,381642,4,6
381632,381638,381642,4,6
381632,381638,381643,5,6
381632,381638,381643,5,6
381632,381638,381643,5,6
381632,381638,381642,4,6
381632,381638,381642,4,6
381632,381638,381642,4,6
381632,381638,381642,4,6
381632,381638,381642,4,6
381632,381638,381643,5,6
381632,381638,381643,5,6
381632,381638,381642,4,6
381632,381638,381642,4,6
381632,381638,381642,4,6
381632,381638,381643,5,6
381632,381638,381643,5,6
381632,381638,381642,4,6
381632,381638,381642,4,6
381632,381638,381642,4,6
381632,381638,381642,4,6
381632,381638,381642,4,6
381632,381638,381642,4,6
381632,381638,381642,4,6
381632,381638,381643,5,6
381632,381638,381643,5,6
381632,381638,381643,5,6
381632,381638,381643,5,6
381632,381638,381643,5,6
381632,381638,381643,5,6
381632,381639,381643,4,7
381632,381639,381643,4,7
381632,381639,381643,4,7
381632,381641,381643,2,9
381632,381639,381643,4,7
381632,381639,381643,4,7
381632,381639,381643,4,7
381632,381639,381643,4,7
381632,381639,381643,4,7
381632,381639,381643,4,7
381632,381639,381643,4,7
381632,381642,381643,1,10
381632,381639,381643,4,7
381632,381639,381643,4,7
381632,381639,381643,4,7
381632,381639,381643,4,7
381632,381639,381643,4,7
381632,381643,381645,2,11
381632,381643,381645,2,11
381632,381643,381645,2,11
381632,381643,381645,2,11
381632,381643,381645,2,11
381632,381643,381645,2,11
381632,381643,381645,2,11
381632,381643,381645,2,11
381632,381643,381645,2,11
381632,381643,381645,2,11
381632,381643,381645,2,11
381632,381643,381645,2,11
381632,381643,381645,2,11
381632,381643,381645,2,11
381632,381643,381645,2,11
381632,381643,381646,3,11
381632,381643,381646,3,11
381632,381643,381646,3,11
381632,381643,381645,2,11
381632,381643,381645,2,11
381632,381643,381646,3,11
381632,381643,381646,3,11
381632,381643,381646,3,11
381632,381643,381646,3,11
381632,381643,381646,3,11
381632,381643,381645,2,11
381632,381643,381645,2,11
381632,381643,381646,3,11
381632,381643,381646,3,11
381632,381643,381646,3,11
381632,381643,381646,3,11
381632,381643,381646,3,11
381632,381643,381646,3,11
381632,381643,381646,3,11
381632,381643,381646,3,11
381632,381643,381646,3,11
381632,381643,381646,3,11
381632,381643,381646,3,11
381650,381650,381654,4,0
381650,381650,381654,4,0
381650,381650,381654,4,0
381650,381650,381654,4,0
381650,381650,381654,4,0
381650,381650,381654,4,0
381650,381650,381654,4,0
381650,381650,381654,4,0
381650,381650,381654,4,0
381650,381650,381654,4,0
381650,381650,381654,4,0
381650,381650,381654,4,0
381650,381650,381654,4,0
381650,381650,381654,4,0
381650,381650,381654,4,0
381650,381650,381654,4,0
381650,381650,381654,4,0
381650,381650,381655,5,0
381650,381650,381655,5,0
381650,381650,381655,5,0
381650,381650,381655,5,0
381650,381650,381654,4,0
381650,381650,381655,5,0
381650,381650,381654,4,0
381650,381650,381655,5,0
381650,381650,381654,4,0
381650,381650,381655,5,0
381650,381650,381655,5,0
381650,381650,381655,5,0
381650,381650,381654,4,0
381650,381650,381654,4,0
381650,381650,381654,4,0
381650,381650,381654,4,0
381650,381650,381655,5,0
381650,381650,381654,4,0
381650,381650,381654,4,0
381650,381650,381655,5,0
381650,381650,381655,5,0
381650,381650,381654,4,0
381650,381650,381654,4,0
381650,381650,381654,4,0
381650,381650,381655,5,0
381650,381650,381654,4,0
381650,381650,381654,4,0
381650,381650,381654,4,0
381650,381650,381655,5,0
381650,381650,381655,5,0
381650,381650,381655,5,0
381650,381650,381654,4,0
381650,381650,381654,4,0
381650,381650,381654,4,0
381650,381650,381655,5,0
381650,381650,381655,5,0
381650,381650,381655,5,0
381650,381650,381654,4,0
381650,381650,381654,4,0
381650,381650,381654,4,0
381650,381650,381654,4,0
381650,381650,381655,5,0
381650,381650,381655,5,0
381650,381650,381654,4,0
381650,381650,381654,4,0
381650,381650,381655,5,0
381650,381650,381654,4,0
381650,381650,381655,5,0
381650,381650,381656,6,0
381650,381650,381656,6,0
381650,381650,381656,6,0
381650,381650,381656,6,0
381650,381650,381656,6,0
381650,381650,381656,6,0
381650,381650,381656,6,0
381650,381650,381656,6,0
381650,381650,381656,6,0
381650,381650,381656,6,0
381650,381650,381656,6,0
381650,381650,381656,6,0
381650,381650,381656,6,0
381650,381650,381656,6,0
381650,381650,381656,6,0
381650,381654,381656,2,4
381650,381654,381657,3,4
381650,381654,381657,3,4
381650,381654,381657,3,4
381650,381654,381657,3,4
381650,381654,381657,3,4
381650,381654,381657,3,4
381650,381654,381656,2,4
381650,381654,381657,3,4
381650,381654,381656,2,4
381650,381654,381657,3,4
381650,381654,381656,2,4
381650,381654,381657,3,4
381650,381654,381657,3,4
381650,381654,381657,3,4
381650,381654,381657,3,4
381650,381655,381658,3,5
381650,381655,381657,2,5
381650,381654,381657,3,4
381650,381655,381658,3,5
381650,381655,381658,3,5
381650,381655,381658,3,5
381650,381656,381659,3,6
381650,381655,381660,5,5
381650,381655,381659,4,5
381650,381655,381659,4,5
381650,381656,381660,4,6
381650,381656,381660,4,6
381650,381656,381660,4,6
381650,381656,381660,4,6
381650,381656,381659,3,6
381650,381656,381660,4,6
381650,381656,381660,4,6
381650,381656,381660,4,6
381650,381656,381659,3,6
381650,381656,381660,4,6
381650,381656,381660,4,6
381650,381656,381660,4,6
381650,381656,381660,4,6
381650,381656,381659,3,6
381650,381656,381659,3,6
381650,381656,381659,3,6
381650,381656,381659,3,6
381650,381656,381660,4,6
381650,381656,381660,4,6
381650,381656,381659,3,6
381650,381656,381659,3,6
381650,381656,381659,3,6
381650,381656,381660,4,6
381650,381656,381660,4,6
381650,381657,381660,3,7
381650,381657,381660,3,7
381650,381656,381659,3,6
381650,381656,381659,3,6
381650,381656,381659,3,6
381650,381656,381659,3,6
381650,381656,381660,4,6
381650,381656,381660,4,6
381650,381657,381660,3,7
381650,381657,381660,3,7
381650,381656,381659,3,6
381650,381656,381659,3,6
381650,381656,381659,3,6
381650,381656,381660,4,6
381650,381656,381660,4,6
381650,381656,381660,4,6
381650,381656,381659,3,6
381650,381656,381659,3,6
381650,381656,381659,3,6
381650,381656,381659,3,6
381650,381657,381660,3,7
381650,381656,381659,3,6
381650,381656,381659,3,6
381650,381656,381659,3,6
381650,381656,381659,3,6
381650,381656,381660,4,6
381650,381656,381659,3,6
381650,381657,381660,3,7
381650,381657,381660,3,7
381650,381657,381660,3,7
381650,381657,381660,3,7
381650,381657,381660,3,7
381650,381659,381661,2,9
381650,381657,381660,3,7
381650,381657,381661,4,7
381650,381657,381661,4,7
381650,381657,381661,4,7
381650,381658,381661,3,8
381650,381659,381661,2,9
381650,381659,381661,2,9
381650,381657,381660,3,7
381650,381658,381661,3,8
381650,381657,381660,3,7
381650,381657,381661,4,7
381650,381657,381660,3,7
381650,381657,381660,3,7
381650,381659,381661,2,9
381650,381657,381660,3,7
381650,381657,381660,3,7
381650,381657,381660,3,7
381650,381657,381661,4,7
381650,381657,381660,3,7
381650,381658,381661,3,8
381650,381660,381661,1,10
381650,381660,381661,1,10
381650,381660,381661,1,10
381650,381660,381661,1,10
381650,381660,381662,2,10
381650,381660,381662,2,10
381650,381660,381662,2,10
381650,381660,381662,2,10
381650,381660,381662,2,10
381650,381660,381662,2,10
381650,381660,381662,2,10
381650,381660,381662,2,10
381650,381660,381662,2,10
381650,381660,381662,2,10
381650,381660,381662,2,10
381650,381660,381662,2,10
381650,381660,381662,2,10
381667,381667,381671,4,0
381667,381667,381671,4,0
381667,381667,381672,5,0
381667,381667,381671,4,0
381667,381667,381672,5,0
381667,381667,381671,4,0
381667,381667,381671,4,0
381667,381667,381672,5,0
381667,381667,381671,4,0
381667,381667,381671,4,0
381667,381667,381672,5,0
381667,381667,381672,5,0
381667,381667,381672,5,0
381667,381667,381671,4,0
381667,381667,381671,4,0
381667,381667,381672,5,0
381667,381667,381672,5,0
381667,381667,381671,4,0
381667,381667,381672,5,0
381667,381667,381671,4,0
381667,381667,381672,5,0
381667,381667,381672,5,0
381667,381667,381671,4,0
381667,381667,381672,5,0
381667,381667,381672,5,0
381667,381667,381672,5,0
381667,381667,381672,5,0
381667,381667,381671,4,0
381667,381667,381672,5,0
381667,381667,381671,4,0
381667,381667,381672,5,0
381667,381667,381672,5,0
381667,381667,381672,5,0
381667,381667,381672,5,0
381667,381667,381671,4,0
381667,381667,381672,5,0
381667,381667,381672,5,0
381667,381667,381672,5,0
381667,381667,381672,5,0
381667,381667,381672,5,0
381667,381667,381672,5,0
381667,381667,381671,4,0
381667,381667,381672,5,0
381667,381667,381672,5,0
381667,381667,381672,5,0
381667,381667,381672,5,0
381667,381667,381672,5,0
381667,381667,381671,4,0
381667,381667,381672,5,0
381667,381667,381672,5,0
381667,381667,381672,5,0
381667,381667,381672,5,0
381667,381667,381672,5,0
381667,381667,381671,4,0
381667,381667,381672,5,0
381667,381667,381672,5,0
381667,381667,381672,5,0
381667,381667,381672,5,0
381667,381667,381672,5,0
381667,381667,381672,5,0
381667,381667,381672,5,0
381667,381667,381672,5,0
381667,381667,381672,5,0
381667,381667,381672,5,0
381667,381667,381672,5,0
381667,381667,381672,5,0
381667,381667,381672,5,0
381667,381667,381672,5,0
381667,381667,381672,5,0
381667,381667,381672,5,0
381667,381667,381672,5,0
381667,381667,381672,5,0
381667,381667,381672,5,0
381667,381667,381672,5,0
381667,381667,381672,5,0
381667,381667,381672,5,0
381667,381667,381672,5,0
381667,381667,381672,5,0
381667,381667,381672,5,0
381667,381667,381672,5,0
381667,381671,381673,2,4
381667,381672,381673,1,5
381667,381672,381673,1,5
381667,381672,381673,1,5
381667,381673,381676,3,6
381667,381673,381677,4,6
381667,381673,381677,4,6
381667,381673,381677,4,6
381667,381673,381677,4,6
381667,381673,381677,4,6
381667,381673,381677,4,6
381667,381673,381678,5,6
381667,381673,381677,4,6
381667,381673,381677,4,6
381667,381673,381677,4,6
381667,381673,381677,4,6
381667,381673,381677,4,6
381667,381673,381678,5,6
381667,381673,381677,4,6
381667,381673,381678,5,6
381667,381673,381677,4,6
381667,381673,381677,4,6
381667,381673,381677,4,6
381667,381673,381677,4,6
381667,381673,381677,4,6
381667,381673,381677,4,6
381667,381673,381677,4,6
381667,381673,381677,4,6
381667,381673,381678,5,6
381667,381673,381677,4,6
381667,381673,381677,4,6
381667,381673,381677,4,6
381667,381673,381677,4,6
381667,381673,381677,4,6
381667,381673,381678,5,6
381667,381673,381677,4,6
381667,381673,381677,4,6
381667,381673,381677,4,6
381667,381673,381677,4,6
381667,381673,381677,4,6
381667,381673,381677,4,6
381667,381673,381677,4,6
381667,381673,381677,4,6
381667,381673,381677,4,6
381667,381673,381677,4,6
381667,381673,381677,4,6
381667,381673,381677,4,6
381667,381673,381677,4,6
381667,381673,381677,4,6
381667,381674,381678,4,7
381667,381673,381677,4,6
381667,381673,381677,4,6
381667,381673,381677,4,6
381667,381673,381677,4,6
381667,381673,381677,4,6
381667,381673,381677,4,6
381667,381673,381677,4,6
381667,381673,381677,4,6
381667,381673,381678,5,6
381667,381673,381678,5,6
381667,381673,381677,4,6
381667,381673,381678,5,6
381667,381673,381678,5,6
381667,381673,381678,5,6
381667,381673,381678,5,6
381667,381673,381678,5,6
381667,381673,381678,5,6
381667,381673,381679,6,6
381667,381673,381678,5,6
381667,381673,381678,5,6
381667,381673,381678,5,6
381667,381673,381678,5,6
381667,381673,381678,5,6
381667,381673,381678,5,6
381667,381673,381678,5,6
381667,381673,381678,5,6
381667,381673,381678,5,6
381667,381673,381678,5,6
381667,381673,381678,5,6
381667,381673,381678,5,6
381667,381673,381679,6,6
381667,381677,381679,2,10
381667,381674,381679,5,7
381667,381674,381679,5,7
381667,381674,381679,5,7
381667,381678,381680,2,11
381667,381678,381681,3,11
381667,381678,381681,3,11
381667,381678,381681,3,11
381667,381678,381681,3,11
381667,381678,381681,3,11
381667,381678,381680,2,11
381667,381678,381681,3,11
381667,381678,381681,3,11
381667,381678,381681,3,11
381667,381678,381681,3,11
381667,381678,381680,2,11
381667,381678,381680,2,11
381667,381678,381680,2,11
381667,381678,381681,3,11
381667,381678,381681,3,11
381667,381678,381681,3,11
381667,381678,381681,3,11
381667,381678,381682,4,11
381667,381678,381681,3,11
381667,381678,381681,3,11
381667,381678,381681,3,11
381667,381678,381681,3,11
381667,381678,381682,4,11
381667,381678,381682,4,11
381667,381678,381682,4,11
381667,381678,381682,4,11
381667,381678,381681,3,11
381667,381678,381682,4,11
381667,381678,381681,3,11
381667,381678,381681,3,11
381667,381678,381681,3,11
381667,381678,381681,3,11
381667,381678,381681,3,11
381667,381678,381682,4,11
381687,381687,381692,5,0
381687,381687,381692,5,0
381687,381687,381692,5,0
381687,381687,381692,5,0
381687,381687,381692,5,0
381687,381687,381692,5,0
381687,381687,381692,5,0
381687,381687,381692,5,0
381687,381687,381692,5,0
381687,381687,381692,5,0
381687,381687,381692,5,0
381687,381687,381692,5,0
381687,381687,381692,5,0
381687,381687,381692,5,0
381687,381687,381692,5,0
381687,381687,381692,5,0
381687,381687,381692,5,0
381687,381687,381692,5,0
381687,381687,381692,5,0
381687,381687,381692,5,0
381687,381687,381692,5,0
381687,381687,381692,5,0
381687,381687,381691,4,0
381687,381687,381692,5,0
381687,381687,381692,5,0
381687,381687,381692,5,0
381687,381687,381692,5,0
381687,381687,381692,5,0
381687,381687,381692,5,0
381687,381687,381692,5,0
381687,381687,381692,5,0
381687,381687,381692,5,0
381687,381687,381692,5,0
381687,381687,381692,5,0
381687,381687,381692,5,0
381687,381687,381692,5,0
381687,381687,381692,5,0
381687,381687,381692,5,0
381687,381687,381692,5,0
381687,381687,381692,5,0
381687,381687,381692,5,0
381687,381687,381692,5,0
381687,381687,381692,5,0
381687,381687,381692,5,0
381687,381687,381692,5,0
381687,381687,381692,5,0
381687,381687,381692,5,0
381687,381687,381692,5,0
381687,381687,381692,5,0
381687,381687,381692,5,0
381687,381687,381692,5,0
381687,381687,381692,5,0
381687,381687,381692,5,0
381687,381687,381692,5,0
381687,381687,381692,5,0
381687,381687,381692,5,0
381687,381687,381692,5,0
381687,381687,381692,5,0
381687,381687,381692,5,0
381687,381687,381692,5,0
381687,381687,381692,5,0
381687,381687,381692,5,0
381687,381687,381692,5,0
381687,381687,381692,5,0
381687,381687,381693,6,0
381687,381687,381693,6,0
381687,381687,381693,6,0
381687,381687,381694,7,0
381687,381687,381693,6,0
381687,381687,381693,6,0
381687,381687,381693,6,0
381687,381687,381693,6,0
381687,381687,381693,6,0
381687,381687,381693,6,0
381687,381687,381693,6,0
381687,381687,381693,6,0
381687,381687,381693,6,0
381687,381687,381693,6,0
381687,381687,381693,6,0
381687,381687,381694,7,0
381687,381692,381697,5,5
381687,381693,381697,4,6
381687,381693,381697,4,6
381687,381693,381697,4,6
381687,381693,381697,4,6
381687,381693,381697,4,6
381687,381693,381697,4,6
381687,381693,381697,4,6
381687,381693,381697,4,6
381687,381693,381697,4,6
381687,381693,381697,4,6
381687,381693,381697,4,6
381687,381693,381697,4,6
381687,381693,381697,4,6
381687,381693,381697,4,6
381687,381693,381697,4,6
381687,381693,381697,4,6
381687,381693,381697,4,6
381687,381693,381697,4,6
381687,381693,381697,4,6
381687,381693,381697,4,6
381687,381693,381697,4,6
381687,381693,381697,4,6
381687,381693,381697,4,6
381687,381693,381698,5,6
381687,381693,381698,5,6
381687,381693,381697,4,6
381687,381693,381697,4,6
381687,381693,381697,4,6
381687,381693,381697,4,6
381687,381693,381697,4,6
381687,381694,381697,3,7
381687,381694,381698,4,7
381687,381693,381697,4,6
381687,381693,381697,4,6
381687,381693,381697,4,6
381687,381693,381697,4,6
381687,381693,381698,5,6
381687,381693,381697,4,6
381687,381693,381698,5,6
381687,381693,381697,4,6
381687,381693,381697,4,6
381687,381693,381697,4,6
381687,381693,381697,4,6
381687,381693,381697,4,6
381687,381693,381697,4,6
381687,381693,381697,4,6
381687,381693,381697,4,6
381687,381694,381698,4,7
381687,381693,381697,4,6
381687,381693,381697,4,6
381687,381693,381697,4,6
381687,381694,381697,3,7
381687,381694,381697,3,7
381687,381694,381697,3,7
381687,381693,381697,4,6
381687,381693,381698,5,6
381687,381693,381698,5,6
381687,381693,381698,5,6
381687,381693,381697,4,6
381687,381693,381697,4,6
381687,381693,381697,4,6
381687,381693,381697,4,6
381687,381694,381698,4,7
381687,381694,381698,4,7
381687,381694,381698,4,7
381687,381693,381698,5,6
381687,381693,381698,5,6
381687,381693,381698,5,6
381687,381693,381698,5,6
381687,381693,381698,5,6
381687,381694,381698,4,7
381687,381694,381698,4,7
381687,381694,381698,4,7
381687,381694,381698,4,7
381687,381694,381698,4,7
381687,381697,381698,1,10
381687,381694,381698,4,7
381687,381695,381698,3,8
381687,381693,381698,5,6
381687,381693,381698,5,6
381687,381698,381700,2,11
381687,381698,381700,2,11
381687,381698,381701,3,11
381687,381698,381701,3,11
381687,381698,381700,2,11
381687,381698,381701,3,11
381687,381698,381700,2,11
381687,381698,381701,3,11
381687,381698,381701,3,11
381687,381698,381701,3,11
381687,381698,381701,3,11
381687,381698,381700,2,11
381687,381698,381700,2,11
381687,381698,381700,2,11
381687,381698,381700,2,11
381687,381698,381700,2,11
381687,381698,381701,3,11
381687,381698,381701,3,11
381687,381698,381701,3,11
381687,381698,381701,3,11
381687,381698,381700,2,11
381687,381698,381701,3,11
381687,381698,381701,3,11
381687,381698,381701,3,11
381687,381698,381701,3,11
381687,381698,381700,2,11
381687,381698,381700,2,11
381687,381698,381700,2,11
381687,381698,381701,3,11
381687,381698,381701,3,11
381687,381698,381701,3,11
381687,381698,381701,3,11
381687,381698,381701,3,11
381687,381698,381701,3,11
381687,381698,381701,3,11
381687,381698,381701,3,11
381687,381698,381701,3,11
381687,381698,381701,3,11
381687,381698,381701,3,11
381706,381706,381710,4,0
381706,381706,381710,4,0
381706,381706,381710,4,0
381706,381706,381710,4,0
381706,381706,381710,4,0
381706,381706,381710,4,0
381706,381706,381710,4,0
381706,381706,381710,4,0
381706,381706,381710,4,0
381706,381706,381710,4,0
381706,381706,381710,4,0
381706,381706,381710,4,0
381706,381706,381710,4,0
381706,381706,381710,4,0
381706,381706,381710,4,0
381706,381706,381710,4,0
381706,381706,381710,4,0
381706,381706,381710,4,0
381706,381706,381710,4,0
381706,381706,381710,4,0
381706,381706,381710,4,0
381706,381706,381710,4,0
381706,381706,381710,4,0
381706,381706,381710,4,0
381706,381706,381710,4,0
381706,381706,381710,4,0
381706,381706,381710,4,0
381706,381706,381710,4,0
381706,381706,381710,4,0
381706,381706,381710,4,0
381706,381706,381710,4,0
381706,381706,381711,5,0
381706,381706,381710,4,0
381706,381706,381711,5,0
381706,381706,381711,5,0
381706,381706,381711,5,0
381706,381706,381711,5,0
381706,381706,381710,4,0
381706,381706,381710,4,0
381706,381706,381710,4,0
381706,381706,381711,5,0
381706,381706,381710,4,0
381706,381706,381710,4,0
381706,381706,381711,5,0
381706,381706,381711,5,0
381706,381706,381710,4,0
381706,381706,381711,5,0
381706,381706,381710,4,0
381706,381706,381710,4,0
381706,381706,381711,5,0
381706,381706,381710,4,0
381706,381706,381710,4,0
381706,381706,381710,4,0
381706,381706,381710,4,0
381706,381706,381710,4,0
381706,381706,381711,5,0
381706,381706,381711,5,0
381706,381706,381711,5,0
381706,381706,381710,4,0
381706,381706,381710,4,0
381706,381706,381711,5,0
381706,381706,381711,5,0
381706,381706,381711,5,0
381706,381706,381711,5,0
381706,381706,381711,5,0
381706,381706,381711,5,0
381706,381706,381711,5,0
381706,381706,381712,6,0
381706,381706,381712,6,0
381706,381706,381712,6,0
381706,381706,381711,5,0
381706,381706,381712,6,0
381706,381706,381712,6,0
381706,381706,381711,5,0
381706,381706,381712,6,0
381706,381706,381713,7,0
381706,381706,381712,6,0
381706,381706,381712,6,0
381706,381706,381712,6,0
381706,381710,381712,2,4
381706,381706,381713,7,0
381706,381711,381714,3,5
381706,381711,381715,4,5
381706,381710,381714,4,4
381706,381710,381714,4,4
381706,381710,381715,5,4
381706,381710,381714,4,4
381706,381710,381715,5,4
381706,381711,381715,4,5
381706,381711,381715,4,5
381706,381711,381715,4,5
381706,381711,381715,4,5
381706,381710,381715,5,4
381706,381710,381715,5,4
381706,381710,381714,4,4
381706,381710,381715,5,4
381706,381712,381715,3,6
381706,381710,381715,5,4
381706,381710,381715,5,4
381706,381710,381715,5,4
381706,381710,381715,5,4
381706,381710,381715,5,4
381706,381712,381715,3,6
381706,381712,381715,3,6
381706,381712,381715,3,6
381706,381710,381715,5,4
381706,381710,381715,5,4
381706,381711,381715,4,5
381706,381711,381715,4,5
381706,381710,381715,5,4
381706,381710,381715,5,4
381706,381710,381715,5,4
381706,381710,381715,5,4
381706,381712,381715,3,6
381706,381712,381715,3,6
381706,381712,381715,3,6
381706,381711,381715,4,5
381706,381711,381715,4,5
381706,381711,381715,4,5
381706,381713,381716,3,7
381706,381713,381716,3,7
381706,381713,381716,3,7
381706,381711,381715,4,5
381706,381713,381716,3,7
381706,381713,381716,3,7
381706,381710,381715,5,4
381706,381712,381715,3,6
381706,381712,381715,3,6
381706,381712,381715,3,6
381706,381710,381715,5,4
381706,381710,381715,5,4
381706,381712,381715,3,6
381706,381712,381716,4,6
381706,381712,381716,4,6
381706,381712,381716,4,6
381706,381710,381715,5,4
381706,381710,381715,5,4
381706,381712,381715,3,6
381706,381712,381716,4,6
381706,381712,381715,3,6
381706,381712,381716,4,6
381706,381710,381715,5,4
381706,381710,381715,5,4
381706,381710,381715,5,4
381706,381712,381715,3,6
381706,381712,381715,3,6
381706,381712,381715,3,6
381706,381712,381715,3,6
381706,381712,381716,4,6
381706,381712,381716,4,6
381706,381712,381715,3,6
381706,381712,381716,4,6
381706,381713,381717,4,7
381706,381713,381717,4,7
381706,381713,381717,4,7
381706,381713,381717,4,7
381706,381713,381716,3,7
381706,381714,381716,2,8
381706,381715,381716,1,9
381706,381715,381717,2,9
381706,381715,381717,2,9
381706,381715,381716,1,9
381706,381715,381717,2,9
381706,381715,381716,1,9
381706,381715,381717,2,9
381706,381712,381716,4,6
381706,381715,381717,2,9
381706,381715,381716,1,9
381706,381713,381717,4,7
381706,381713,381716,3,7
381706,381716,381717,1,10
381706,381716,381717,1,10
381706,381715,381717,2,9
381706,381715,381717,2,9
381706,381715,381717,2,9
381706,381715,381717,2,9
381706,381715,381717,2,9
381706,381715,381717,2,9
381706,381715,381717,2,9
381706,381715,381717,2,9
381706,381715,381717,2,9
381706,381715,381717,2,9
381706,381715,381717,2,9
381706,381715,381718,3,9
381706,381715,381718,3,9
381706,381715,381718,3,9
381706,381715,381718,3,9
381706,381716,381718,2,10
381706,381716,381718,2,10
381706,381716,381718,2,10
381706,381716,381718,2,10
381706,381716,381718,2,10
381706,381715,381717,2,9
381706,381715,381717,2,9
381706,381716,381718,2,10
381706,381716,381718,2,10
381706,381716,381718,2,10
381706,381716,381718,2,10
381706,381716,381718,2,10
381706,381716,381718,2,10
381723,381723,381728,5,0
381723,381723,381728,5,0
381723,381723,381728,5,0
381723,381723,381728,5,0
381723,381723,381728,5,0
381723,381723,381728,5,0
381723,381723,381728,5,0
381723,381723,381728,5,0
381723,381723,381728,5,0
381723,381723,381728,5,0
381723,381723,381727,4,0
381723,381723,381728,5,0
381723,381723,381728,5,0
381723,381723,381727,4,0
381723,381723,381728,5,0
381723,381723,381728,5,0
381723,381723,381728,5,0
381723,381723,381727,4,0
381723,381723,381728,5,0
381723,381723,381727,4,0
381723,381723,381728,5,0
381723,381723,381728,5,0
381723,381723,381728,5,0
381723,381723,381727,4,0
381723,381723,381728,5,0
381723,381723,381728,5,0
381723,381723,381727,4,0
381723,381723,381728,5,0
381723,381723,381728,5,0
381723,381723,381727,4,0
381723,381723,381727,4,0
381723,381723,381728,5,0
381723,381723,381728,5,0
381723,381723,381728,5,0
381723,381723,381728,5,0
381723,381723,381728,5,0
381723,381723,381728,5,0
381723,381723,381728,5,0
381723,381723,381727,4,0
381723,381723,381728,5,0
381723,381723,381728,5,0
381723,381723,381728,5,0
381723,381723,381727,4,0
381723,381723,381728,5,0
381723,381723,381728,5,0
381723,381723,381728,5,0
381723,381723,381727,4,0
381723,381723,381727,4,0
381723,381723,381728,5,0
381723,381723,381727,4,0
381723,381723,381728,5,0
381723,381723,381728,5,0
381723,381723,381727,4,0
381723,381723,381727,4,0
381723,381723,381727,4,0
381723,381723,381727,4,0
381723,381723,381728,5,0
381723,381723,381728,5,0
381723,381723,381729,6,0
381723,381723,381728,5,0
381723,381723,381728,5,0
381723,381723,381729,6,0
381723,381723,381728,5,0
381723,381723,381728,5,0
381723,381723,381729,6,0
381723,381723,381728,5,0
381723,381723,381728,5,0
381723,381723,381729,6,0
381723,381723,381729,6,0
381723,381723,381728,5,0
381723,381723,381728,5,0
381723,381723,381729,6,0
381723,381723,381728,5,0
381723,381723,381728,5,0
381723,381723,381728,5,0
381723,381723,381728,5,0
381723,381723,381728,5,0
381723,381723,381728,5,0
381723,381723,381729,6,0
381723,381723,381728,5,0
381723,381728,381733,5,5
381723,381728,381734,6,5
381723,381728,381734,6,5
381723,381728,381734,6,5
381723,381728,381734,6,5
381723,381728,381734,6,5
381723,381728,381734,6,5
381723,381728,381734,6,5
381723,381728,381734,6,5
381723,381728,381734,6,5
381723,381728,381734,6,5
381723,381728,381734,6,5
381723,381728,381734,6,5
381723,381728,381734,6,5
381723,381728,381734,6,5
381723,381728,381734,6,5
381723,381728,381734,6,5
381723,381728,381734,6,5
381723,381728,381734,6,5
381723,381728,381734,6,5
381723,381728,381734,6,5
381723,381729,381734,5,6
381723,381729,381734,5,6
381723,381728,381734,6,5
381723,381728,381734,6,5
381723,381728,381734,6,5
381723,381728,381734,6,5
381723,381728,381734,6,5
381723,381728,381734,6,5
381723,381729,381734,5,6
381723,381729,381734,5,6
381723,381728,381734,6,5
381723,381728,381734,6,5
381723,381728,381734,6,5
381723,381728,381734,6,5
381723,381728,381734,6,5
381723,381729,381734,5,6
381723,381728,381734,6,5
381723,381728,381734,6,5
381723,381728,381734,6,5
381723,381728,381734,6,5
381723,381728,381734,6,5
381723,381729,381734,5,6
381723,381729,381734,5,6
381723,381729,381734,5,6
381723,381728,381734,6,5
381723,381728,381734,6,5
381723,381728,381734,6,5
381723,381728,381734,6,5
381723,381728,381734,6,5
381723,381728,381734,6,5
381723,381728,381734,6,5
381723,381728,381734,6,5
381723,381728,381734,6,5
381723,381728,381734,6,5
381723,381728,381734,6,5
381723,381728,381734,6,5
381723,381728,381734,6,5
381723,381728,381734,6,5
381723,381728,381734,6,5
381723,381729,381734,5,6
381723,381729,381734,5,6
381723,381729,381734,5,6
381723,381728,381734,6,5
381723,381729,381734,5,6
381723,381728,381734,6,5
381723,381728,381734,6,5
381723,381729,381734,5,6
381723,381729,381734,5,6
381723,381729,381734,5,6
381723,381729,381734,5,6
381723,381729,381734,5,6
381723,381729,381735,6,6
381723,381729,381734,5,6
381723,381729,381735,6,6
381723,381729,381734,5,6
381723,381729,381734,5,6
381723,381729,381735,6,6
381723,381729,381735,6,6
381723,381729,381735,6,6
381723,381734,381735,1,11
381723,381735,381736,1,12
381723,381734,381737,3,11
381723,381734,381737,3,11
381723,381734,381737,3,11
381723,381734,381737,3,11
381723,381734,381737,3,11
381723,381734,381737,3,11
381723,381734,381737,3,11
381723,381734,381737,3,11
381723,381734,381737,3,11
381723,381734,381736,2,11
381723,381734,381737,3,11
381723,381734,381737,3,11
381723,381734,381737,3,11
381723,381734,381738,4,11
381723,381735,381737,2,12
381723,381735,381738,3,12
381723,381735,381737,2,12
381723,381735,381737,2,12
381723,381735,381737,2,12
381723,381735,381737,2,12
381723,381735,381737,2,12
381723,381735,381737,2,12
381723,381735,381737,2,12
381723,381735,381737,2,12
381723,381735,381737,2,12
381723,381735,381737,2,12
381723,381735,381738,3,12
381723,381735,381737,2,12
381723,381735,381737,2,12
381723,381735,381737,2,12
381723,381735,381737,2,12
381723,381735,381738,3,12
381723,381735,381737,2,12
381723,381735,381737,2,12
381723,381735,381737,2,12
381723,381735,381738,3,12
381723,381735,381738,3,12
381723,381735,381738,3,12
381742,381742,381746,4,0
381742,381742,381746,4,0
381742,381742,381746,4,0
381742,381742,381747,5,0
381742,381742,381746,4,0
381742,381742,381746,4,0
381742,381743,381746,3,1
381742,381743,381746,3,1
381742,381743,381746,3,1
381742,381743,381746,3,1
381742,381742,381746,4,0
381742,381742,381746,4,0
381742,381742,381746,4,0
381742,381743,381746,3,1
381742,381743,381747,4,1
381742,381742,381746,4,0
381742,381742,381746,4,0
381742,381742,381747,5,0
381742,381742,381746,4,0
381742,381742,381746,4,0
381742,381743,381746,3,1
381742,381743,381747,4,1
381742,381743,381747,4,1
381742,381742,381747,5,0
381742,381742,381747,5,0
381742,381742,381746,4,0
381742,381743,381746,3,1
381742,381743,381746,3,1
381742,381742,381746,4,0
381742,381742,381747,5,0
381742,381742,381746,4,0
381742,381742,381746,4,0
381742,381743,381746,3,1
381742,381743,381747,4,1
381742,381742,381747,5,0
381742,381742,381746,4,0
381742,381742,381746,4,0
381742,381743,381747,4,1
381742,381743,381747,4,1
381742,381742,381746,4,0
381742,381742,381747,5,0
381742,381742,381746,4,0
381742,381743,381746,3,1
381742,381743,381746,3,1
381742,381742,381747,5,0
381742,381742,381747,5,0
381742,381742,381747,5,0
381742,381742,381747,5,0
381742,381743,381747,4,1
381742,381743,381747,4,1
381742,381743,381747,4,1
381742,381743,381747,4,1
381742,381742,381747,5,0
381742,381742,381747,5,0
381742,381743,381747,4,1
381742,381743,381748,5,1
381742,381743,381747,4,1
381742,381743,381747,4,1
381742,381742,381747,5,0
381742,381743,381747,4,1
381742,381743,381747,4,1
381742,381743,381748,5,1
381742,381743,381747,4,1
381742,381743,381747,4,1
381742,381743,381747,4,1
381742,381743,381748,5,1
381742,381742,381747,5,0
381742,381743,381747,4,1
381742,381743,381747,4,1
381742,381742,381747,5,0
381742,381743,381747,4,1
381742,381743,381747,4,1
381742,381743,381747,4,1
381742,381743,381747,4,1
381742,381743,381747,4,1
381742,381743,381747,4,1
381742,381743,381747,4,1
381742,381743,381747,4,1
381742,381743,381747,4,1
381742,381743,381747,4,1
381742,381747,381749,2,5
381742,381747,381750,3,5
381742,381747,381751,4,5
381742,381747,381751,4,5
381742,381747,381751,4,5
381742,381747,381751,4,5
381742,381747,381750,3,5
381742,381747,381751,4,5
381742,381747,381751,4,5
381742,381747,381751,4,5
381742,381747,381751,4,5
381742,381747,381751,4,5
381742,381747,381751,4,5
381742,381747,381751,4,5
381742,381747,381751,4,5
381742,381747,381751,4,5
381742,381748,381751,3,6
381742,381747,381751,4,5
381742,381748,381751,3,6
381742,381747,381751,4,5
381742,381747,381750,3,5
381742,381747,381751,4,5
381742,381747,381751,4,5
381742,381748,381751,3,6
381742,381748,381751,3,6
381742,381748,381752,4,6
381742,381748,381752,4,6
381742,381747,381751,4,5
381742,381747,381751,4,5
381742,381747,381751,4,5
381742,381747,381751,4,5
381742,381747,381751,4,5
381742,381747,381751,4,5
381742,381747,381751,4,5
381742,381747,381751,4,5
381742,381747,381751,4,5
381742,381747,381751,4,5
381742,381747,381751,4,5
381742,381747,381751,4,5
381742,381748,381751,3,6
381742,381748,381751,3,6
381742,381748,381752,4,6
381742,381748,381752,4,6
381742,381747,381751,4,5
381742,381747,381751,4,5
381742,381747,381751,4,5
381742,381747,381751,4,5
381742,381747,381751,4,5
381742,381748,381751,3,6
381742,381748,381752,4,6
381742,381748,381752,4,6
381742,381747,381751,4,5
381742,381747,381751,4,5
381742,381747,381751,4,5
381742,381748,381752,4,6
381742,381748,381751,3,6
381742,381747,381751,4,5
381742,381747,381751,4,5
381742,381748,381751,3,6
381742,381748,381752,4,6
381742,381748,381751,3,6
381742,381748,381751,3,6
381742,381747,381751,4,5
381742,381748,381751,3,6
381742,381748,381752,4,6
381742,381748,381752,4,6
381742,381748,381752,4,6
381742,381748,381753,5,6
381742,381748,381752,4,6
381742,381748,381753,5,6
381742,381748,381753,5,6
381742,381748,381753,5,6
381742,381748,381752,4,6
381742,381748,381752,4,6
381742,381748,381752,4,6
381742,381751,381753,2,9
381742,381751,381753,2,9
381742,381748,381753,5,6
381742,381749,381752,3,7
381742,381751,381753,2,9
381742,381748,381753,5,6
381742,381748,381752,4,6
381742,381748,381752,4,6
381742,381751,381753,2,9
381742,381751,381753,2,9
381742,381752,381754,2,10
381742,381748,381753,5,6
381742,381752,381754,2,10
381742,381751,381753,2,9
381742,381751,381754,3,9
381742,381751,381754,3,9
381742,381751,381754,3,9
381742,381751,381754,3,9
381742,381751,381753,2,9
381742,381751,381754,3,9
381742,381752,381754,2,10
381742,381751,381753,2,9
381742,381752,381754,2,10
381742,381750,381754,4,8
381742,381751,381754,3,9
381742,381751,381754,3,9
381742,381751,381754,3,9
381742,381751,381755,4,9
381742,381751,381754,3,9
381742,381751,381754,3,9
381742,381751,381754,3,9
381742,381751,381754,3,9
381742,381752,381754,2,10
381742,381752,381755,3,10
381742,381752,381755,3,10
381742,381752,381754,2,10
381742,381752,381755,3,10
381742,381752,381754,2,10
381742,381752,381754,2,10
381742,381752,381755,3,10
381742,381752,381755,3,10
381742,381752,381755,3,10
381742,381752,381755,3,10
381742,381751,381755,4,9
381742,381751,381755,4,9
381760,381760,381764,4,0
381760,381760,381764,4,0
381760,381760,381764,4,0
381760,381760,381764,4,0
381760,381760,381765,5,0
381760,381760,381764,4,0
381760,381760,381765,5,0
381760,381760,381764,4,0
381760,381760,381765,5,0
381760,381760,381765,5,0
381760,381760,381765,5,0
381760,381760,381764,4,0
381760,381760,381765,5,0
381760,381760,381764,4,0
381760,381760,381765,5,0
381760,381760,381765,5,0
381760,381760,381765,5,0
381760,381760,381765,5,0
381760,381760,381765,5,0
381760,381760,381764,4,0
381760,381760,381764,4,0
381760,381760,381765,5,0
381760,381760,381765,5,0
381760,381760,381765,5,0
381760,381760,381764,4,0
381760,381760,381764,4,0
381760,381760,381765,5,0
381760,381760,381764,4,0
381760,381760,381764,4,0
381760,381760,381765,5,0
381760,381760,381765,5,0
381760,381760,381765,5,0
381760,381760,381765,5,0
381760,381760,381765,5,0
381760,381760,381764,4,0
381760,381760,381765,5,0
381760,381760,381764,4,0
381760,381760,381765,5,0
381760,381760,381765,5,0
381760,381760,381764,4,0
381760,381760,381764,4,0
381760,381760,381765,5,0
381760,381760,381765,5,0
381760,381760,381765,5,0
381760,381760,381765,5,0
381760,381760,381765,5,0
381760,381760,381764,4,0
381760,381760,381765,5,0
381760,381760,381764,4,0
381760,381760,381764,4,0
381760,381760,381765,5,0
381760,381760,381765,5,0
381760,381760,381764,4,0
381760,381760,381764,4,0
381760,381760,381765,5,0
381760,381760,381765,5,0
381760,381760,381765,5,0
381760,381760,381765,5,0
381760,381760,381765,5,0
381760,381760,381765,5,0
381760,381760,381766,6,0
381760,381760,381766,6,0
381760,381760,381766,6,0
381760,381760,381766,6,0
381760,381760,381765,5,0
381760,381760,381766,6,0
381760,381760,381766,6,0
381760,381760,381766,6,0
381760,381760,381765,5,0
381760,381760,381765,5,0
381760,381760,381765,5,0
381760,381760,381765,5,0
381760,381760,381766,6,0
381760,381760,381766,6,0
381760,381760,381765,5,0
381760,381760,381765,5,0
381760,381760,381766,6,0
381760,381760,381766,6,0
381760,381760,381766,6,0
381760,381761,381766,5,1
381760,381765,381770,5,5
381760,381765,381770,5,5
381760,381765,381770,5,5
381760,381765,381770,5,5
381760,381765,381770,5,5
381760,381765,381770,5,5
381760,381765,381770,5,5
381760,381765,381770,5,5
381760,381765,381770,5,5
381760,381765,381770,5,5
381760,381765,381770,5,5
381760,381765,381770,5,5
381760,381765,381770,5,5
381760,381765,381770,5,5
381760,381765,381770,5,5
381760,381766,381771,5,6
381760,381766,381770,4,6
381760,381765,381770,5,5
381760,381765,381770,5,5
381760,381765,381770,5,5
381760,381765,381770,5,5
381760,381767,381770,3,7
381760,381767,381770,3,7
381760,381767,381770,3,7
381760,381765,381770,5,5
381760,381765,381770,5,5
381760,381765,381770,5,5
381760,381765,381770,5,5
381760,381765,381770,5,5
381760,381767,381770,3,7
381760,381765,381770,5,5
381760,381765,381770,5,5
381760,381765,381770,5,5
381760,381765,381770,5,5
381760,381765,381770,5,5
381760,381765,381771,6,5
381760,381766,381770,4,6
381760,381765,381770,5,5
381760,381765,381770,5,5
381760,381765,381770,5,5
381760,381765,381770,5,5
381760,381765,381770,5,5
381760,381765,381771,6,5
381760,381766,381770,4,6
381760,381765,381770,5,5
381760,381765,381770,5,5
381760,381765,381770,5,5
381760,381765,381770,5,5
381760,381767,381770,3,7
381760,381767,381770,3,7
381760,381767,381770,3,7
381760,381767,381770,3,7
381760,381765,381770,5,5
381760,381765,381771,6,5
381760,381765,381770,5,5
381760,381765,381770,5,5
381760,381765,381771,6,5
381760,381767,381770,3,7
381760,381767,381770,3,7
381760,381767,381770,3,7
381760,381766,381770,4,6
381760,381766,381770,4,6
381760,381766,381770,4,6
381760,381766,381770,4,6
381760,381766,381771,5,6
381760,381766,381771,5,6
381760,381766,381771,5,6
381760,381766,381771,5,6
381760,381766,381771,5,6
381760,381766,381771,5,6
381760,381765,381771,6,5
381760,381767,381771,4,7
381760,381767,381771,4,7
381760,381767,381771,4,7
381760,381767,381771,4,7
381760,381767,381771,4,7
381760,381767,381771,4,7
381760,381767,381771,4,7
381760,381767,381771,4,7
381760,381767,381771,4,7
381760,381771,381773,2,11
381760,381771,381773,2,11
381760,381771,381773,2,11
381760,381771,381773,2,11
381760,381771,381773,2,11
381760,381771,381773,2,11
381760,381771,381773,2,11
381760,381771,381773,2,11
381760,381771,381774,3,11
381760,381771,381773,2,11
381760,381771,381773,2,11
381760,381771,381773,2,11
381760,381771,381773,2,11
381760,381771,381773,2,11
381760,381771,381773,2,11
381760,381771,381773,2,11
381760,381771,381773,2,11
381760,381771,381774,3,11
381760,381771,381773,2,11
381760,381771,381773,2,11
381760,381771,381773,2,11
381760,381771,381774,3,11
381760,381771,381774,3,11
381760,381771,381773,2,11
381760,381771,381773,2,11
381760,381771,381774,3,11
381760,381771,381774,3,11
381760,381771,381774,3,11
381760,381771,381773,2,11
381760,381771,381774,3,11
381760,381771,381774,3,11
381760,381771,381774,3,11
381760,381771,381774,3,11
381760,381771,381774,3,11
381760,381771,381774,3,11
381760,381771,381774,3,11
381760,381771,381774,3,11
381760,381771,381774,3,11
381760,381771,381774,3,11
381760,381771,381774,3,11
381779,381779,381783,4,0
381779,381779,381783,4,0
381779,381779,381783,4,0
381779,381779,381783,4,0
381779,381779,381783,4,0
381779,381779,381783,4,0
381779,381779,381783,4,0
381779,381779,381783,4,0
381779,381779,381783,4,0
381779,381779,381783,4,0
381779,381779,381783,4,0
381779,381779,381783,4,0
381779,381779,381783,4,0
381779,381779,381783,4,0
381779,381779,381783,4,0
381779,381779,381783,4,0
381779,381779,381783,4,0
381779,381779,381783,4,0
381779,381779,381783,4,0
381779,381779,381783,4,0
381779,381779,381783,4,0
381779,381779,381783,4,0
381779,381779,381783,4,0
381779,381779,381783,4,0
381779,381779,381783,4,0
381779,381779,381783,4,0
381779,381779,381783,4,0
381779,381779,381783,4,0
381779,381779,381783,4,0
381779,381779,381784,5,0
381779,381779,381784,5,0
381779,381779,381784,5,0
381779,381779,381783,4,0
381779,381779,381783,4,0
381779,381779,381783,4,0
381779,381779,381783,4,0
381779,381779,381784,5,0
381779,381779,381783,4,0
381779,381779,381783,4,0
381779,381779,381783,4,0
381779,381779,381783,4,0
381779,381779,381784,5,0
381779,381779,381784,5,0
381779,381779,381784,5,0
381779,381779,381783,4,0
381779,381779,381783,4,0
381779,381779,381783,4,0
381779,381779,381784,5,0
381779,381779,381784,5,0
381779,381779,381783,4,0
381779,381779,381783,4,0
381779,381779,381783,4,0
381779,381779,381783,4,0
381779,381779,381784,5,0
381779,381779,381783,4,0
381779,381779,381783,4,0
381779,381779,381783,4,0
381779,381779,381783,4,0
381779,381779,381784,5,0
381779,381779,381784,5,0
381779,381779,381783,4,0
381779,381779,381784,5,0
381779,381779,381784,5,0
381779,381779,381783,4,0
381779,381779,381784,5,0
381779,381779,381783,4,0
381779,381779,381783,4,0
381779,381779,381783,4,0
381779,381779,381784,5,0
381779,381779,381783,4,0
381779,381779,381783,4,0
381779,381779,381783,4,0
381779,381779,381784,5,0
381779,381779,381784,5,0
381779,381779,381784,5,0
381779,381779,381783,4,0
381779,381779,381783,4,0
381779,381779,381784,5,0
381779,381783,381785,2,4
381779,381779,381785,6,0
381779,381779,381785,6,0
381779,381783,381786,3,4
381779,381783,381787,4,4
381779,381783,381786,3,4
381779,381783,381786,3,4
381779,381783,381787,4,4
381779,381783,381787,4,4
381779,381783,381787,4,4
381779,381783,381787,4,4
381779,381783,381788,5,4
381779,381784,381788,4,5
381779,381784,381788,4,5
381779,381784,381788,4,5
381779,381784,381788,4,5
381779,381784,381788,4,5
381779,381784,381788,4,5
381779,381785,381788,3,6
381779,381786,381788,2,7
381779,381783,381788,5,4
381779,381783,381788,5,4
381779,381783,381788,5,4
381779,381785,381788,3,6
381779,381785,381788,3,6
381779,381785,381788,3,6
381779,381783,381788,5,4
381779,381783,381788,5,4
381779,381785,381788,3,6
381779,381785,381788,3,6
381779,381785,381788,3,6
381779,381785,381788,3,6
381779,381783,381788,5,4
381779,381783,381788,5,4
381779,381783,381788,5,4
381779,381785,381788,3,6
381779,381783,381788,5,4
381779,381783,381788,5,4
381779,381783,381788,5,4
381779,381785,381788,3,6
381779,381785,381788,3,6
381779,381785,381788,3,6
381779,381783,381788,5,4
381779,381783,381788,5,4
381779,381785,381788,3,6
381779,381785,381788,3,6
381779,381785,381788,3,6
381779,381785,381788,3,6
381779,381783,381788,5,4
381779,381785,381788,3,6
381779,381785,381788,3,6
381779,381785,381788,3,6
381779,381785,381789,4,6
381779,381785,381788,3,6
381779,381785,381788,3,6
381779,381785,381788,3,6
381779,381785,381789,4,6
381779,381783,381788,5,4
381779,381785,381788,3,6
381779,381785,381788,3,6
381779,381785,381788,3,6
381779,381785,381788,3,6
381779,381785,381788,3,6
381779,381786,381789,3,7
381779,381785,381788,3,6
381779,381785,381788,3,6
381779,381785,381788,3,6
381779,381785,381789,4,6
381779,381785,381789,4,6
381779,381787,381790,3,8
381779,381788,381790,2,9
381779,381788,381790,2,9
381779,381788,381790,2,9
381779,381788,381790,2,9
381779,381785,381789,4,6
381779,381785,381789,4,6
381779,381785,381789,4,6
381779,381787,381790,3,8
381779,381785,381789,4,6
381779,381785,381789,4,6
381779,381788,381790,2,9
381779,381786,381789,3,7
381779,381785,381789,4,6
381779,381785,381789,4,6
381779,381787,381790,3,8
381779,381787,381790,3,8
381779,381785,381790,5,6
381779,381785,381790,5,6
381779,381785,381789,4,6
381779,381785,381789,4,6
381779,381785,381789,4,6
381779,381789,381791,2,10
381779,381789,381791,2,10
381779,381789,381791,2,10
381779,381785,381790,5,6
381779,381789,381791,2,10
381779,381789,381792,3,10
381779,381789,381792,3,10
381779,381789,381791,2,10
381779,381789,381792,3,10
381779,381789,381791,2,10
381779,381789,381791,2,10
381779,381789,381791,2,10
381779,381789,381792,3,10
381779,381789,381791,2,10
381779,381789,381792,3,10
381779,381789,381792,3,10
381779,381789,381791,2,10
381779,381789,381792,3,10
381779,381789,381791,2,10
381779,381789,381792,3,10
381779,381789,381791,2,10
381779,381789,381791,2,10
381779,381789,381792,3,10
381779,381789,381791,2,10
381779,381789,381792,3,10
381779,381789,381792,3,10
381779,381789,381792,3,10
381779,381789,381792,3,10
381779,381789,381792,3,10
381779,381789,381792,3,10
381779,381789,381792,3,10
381797,381797,381801,4,0
381797,381797,381801,4,0
381797,381797,381801,4,0
381797,381797,381801,4,0
381797,381797,381801,4,0
381797,381797,381801,4,0
381797,381797,381801,4,0
381797,381797,381801,4,0
381797,381797,381801,4,0
381797,381797,381801,4,0
381797,381797,381801,4,0
381797,381797,381801,4,0
381797,381797,381801,4,0
381797,381797,381801,4,0
381797,381797,381801,4,0
381797,381797,381801,4,0
381797,381797,381801,4,0
381797,381797,381801,4,0
381797,381797,381801,4,0
381797,381797,381802,5,0
381797,381797,381802,5,0
381797,381797,381801,4,0
381797,381797,381801,4,0
381797,381797,381801,4,0
381797,381797,381801,4,0
381797,381797,381802,5,0
381797,381797,381802,5,0
381797,381797,381801,4,0
381797,381797,381801,4,0
381797,381797,381801,4,0
381797,381797,381801,4,0
381797,381797,381801,4,0
381797,381797,381802,5,0
381797,381797,381802,5,0
381797,381797,381802,5,0
381797,381797,381801,4,0
381797,381797,381802,5,0
381797,381797,381801,4,0
381797,381797,381801,4,0
381797,381797,381802,5,0
381797,381797,381802,5,0
381797,381797,381802,5,0
381797,381797,381801,4,0
381797,381797,381802,5,0
381797,381797,381801,4,0
381797,381797,381801,4,0
381797,381797,381802,5,0
381797,381797,381801,4,0
381797,381797,381801,4,0
381797,381797,381801,4,0
381797,381797,381801,4,0
381797,381797,381802,5,0
381797,381797,381802,5,0
381797,381797,381802,5,0
381797,381797,381801,4,0
381797,381797,381802,5,0
381797,381797,381801,4,0
381797,381797,381802,5,0
381797,381797,381802,5,0
381797,381797,381801,4,0
381797,381797,381801,4,0
381797,381797,381801,4,0
381797,381797,381802,5,0
381797,381797,381801,4,0
381797,381797,381801,4,0
381797,381797,381802,5,0
381797,381797,381801,4,0
381797,381797,381801,4,0
381797,381797,381801,4,0
381797,381797,381802,5,0
381797,381797,381801,4,0
381797,381797,381802,5,0
381797,381797,381802,5,0
381797,381797,381802,5,0
381797,381797,381802,5,0
381797,381797,381802,5,0
381797,381797,381802,5,0
381797,381801,381802,1,4
381797,381801,381803,2,4
381797,381797,381802,5,0
381797,381797,381802,5,0
381797,381801,381803,2,4
381797,381797,381802,5,0
381797,381801,381803,2,4
381797,381801,381803,2,4
381797,381801,381803,2,4
381797,381801,381803,2,4
381797,381801,381803,2,4
381797,381801,381803,2,4
381797,381801,381803,2,4
381797,381801,381804,3,4
381797,381801,381804,3,4
381797,381801,381804,3,4
381797,381801,381804,3,4
381797,381802,381804,2,5
381797,381802,381804,2,5
381797,381802,381804,2,5
381797,381802,381805,3,5
381797,381801,381805,4,4
381797,381801,381805,4,4
381797,381802,381806,4,5
381797,381802,381806,4,5
381797,381802,381806,4,5
381797,381802,381806,4,5
381797,381802,381806,4,5
381797,381802,381806,4,5
381797,381802,381806,4,5
381797,381802,381806,4,5
381797,381802,381806,4,5
381797,381802,381806,4,5
381797,381802,381806,4,5
381797,381802,381806,4,5
381797,381802,381806,4,5
381797,381802,381806,4,5
381797,381802,381806,4,5
381797,381802,381806,4,5
381797,381802,381806,4,5
381797,381802,381806,4,5
381797,381802,381805,3,5
381797,381802,381806,4,5
381797,381802,381806,4,5
381797,381802,381806,4,5
381797,381802,381806,4,5
381797,381802,381806,4,5
381797,381802,381806,4,5
381797,381802,381807,5,5
381797,381802,381807,5,5
381797,381802,381806,4,5
381797,381802,381806,4,5
381797,381802,381806,4,5
381797,381802,381806,4,5
381797,381802,381807,5,5
381797,381802,381806,4,5
381797,381802,381806,4,5
381797,381802,381806,4,5
381797,381802,381807,5,5
381797,381802,381807,5,5
381797,381802,381806,4,5
381797,381802,381806,4,5
381797,381802,381806,4,5
381797,381802,381806,4,5
381797,381802,381806,4,5
381797,381802,381806,4,5
381797,381802,381806,4,5
381797,381802,381806,4,5
381797,381802,381806,4,5
381797,381802,381806,4,5
381797,381802,381806,4,5
381797,381802,381807,5,5
381797,381804,381807,3,7
381797,381803,381807,4,6
381797,381803,381807,4,6
381797,381803,381807,4,6
381797,381803,381807,4,6
381797,381803,381807,4,6
381797,381803,381808,5,6
381797,381804,381807,3,7
381797,381804,381807,3,7
381797,381804,381807,3,7
381797,381802,381807,5,5
381797,381802,381807,5,5
381797,381804,381807,3,7
381797,381804,381807,3,7
381797,381804,381807,3,7
381797,381804,381807,3,7
381797,381803,381807,4,6
381797,381805,381807,2,8
381797,381806,381807,1,9
381797,381806,381808,2,9
381797,381804,381807,3,7
381797,381804,381807,3,7
381797,381805,381808,3,8
381797,381802,381807,5,5
381797,381804,381807,3,7
381797,381805,381807,2,8
381797,381805,381808,3,8
381797,381805,381808,3,8
381797,381806,381808,2,9
381797,381807,381808,1,10
381797,381807,381808,1,10
381797,381807,381808,1,10
381797,381807,381809,2,10
381797,381805,381808,3,8
381797,381805,381808,3,8
381797,381805,381808,3,8
381797,381807,381809,2,10
381797,381807,381809,2,10
381797,381807,381808,1,10
381797,381807,381808,1,10
381797,381807,381809,2,10
381797,381807,381808,1,10
381797,381807,381809,2,10
381797,381807,381809,2,10
381797,381807,381809,2,10
381797,381807,381809,2,10
381797,381807,381809,2,10
381797,381807,381809,2,10
381797,381807,381809,2,10
381797,381807,381809,2,10
381797,381807,381809,2,10
381814,381814,381818,4,0
381814,381814,381818,4,0
381814,381814,381818,4,0
381814,381814,381818,4,0
381814,381814,381818,4,0
381814,381814,381818,4,0
381814,381814,381818,4,0
381814,381814,381818,4,0
381814,381814,381818,4,0
381814,381814,381818,4,0
381814,381814,381818,4,0
381814,381814,381818,4,0
381814,381814,381818,4,0
381814,381814,381818,4,0
381814,381814,381818,4,0
381814,381814,381818,4,0
381814,381814,381818,4,0
381814,381814,381818,4,0
381814,381814,381818,4,0
381814,381814,381818,4,0
381814,381814,381818,4,0
381814,381814,381818,4,0
381814,381814,381818,4,0
381814,381814,381818,4,0
381814,381814,381818,4,0
381814,381814,381818,4,0
381814,381814,381818,4,0
381814,381814,381818,4,0
381814,381814,381818,4,0
381814,381814,381818,4,0
381814,381814,381818,4,0
381814,381814,381818,4,0
381814,381814,381818,4,0
381814,381814,381818,4,0
381814,381814,381818,4,0
381814,381814,381818,4,0
381814,381814,381818,4,0
381814,381814,381818,4,0
381814,381814,381818,4,0
381814,381814,381818,4,0
381814,381814,381818,4,0
381814,381814,381818,4,0
381814,381814,381818,4,0
381814,381814,381818,4,0
381814,381814,381818,4,0
381814,381814,381818,4,0
381814,381814,381818,4,0
381814,381814,381819,5,0
381814,381814,381819,5,0
381814,381814,381819,5,0
381814,381814,381819,5,0
381814,381814,381819,5,0
381814,381814,381819,5,0
381814,381814,381819,5,0
381814,381814,381819,5,0
381814,381814,381819,5,0
381814,381814,381819,5,0
381814,381814,381819,5,0
381814,381814,381819,5,0
381814,381814,381819,5,0
381814,381814,381819,5,0
381814,381814,381819,5,0
381814,381814,381819,5,0
381814,381814,381820,6,0
381814,381814,381820,6,0
381814,381814,381819,5,0
381814,381814,381819,5,0
381814,381814,381819,5,0
381814,381814,381819,5,0
381814,381814,381819,5,0
381814,381814,381819,5,0
381814,381814,381820,6,0
381814,381814,381819,5,0
381814,381814,381819,5,0
381814,381814,381819,5,0
381814,381814,381819,5,0
381814,381814,381819,5,0
381814,381814,381819,5,0
381814,381814,381819,5,0
381814,381814,381821,7,0
381814,381819,381824,5,5
381814,381819,381824,5,5
381814,381819,381824,5,5
381814,381819,381824,5,5
381814,381819,381824,5,5
381814,381819,381824,5,5
381814,381819,381824,5,5
381814,381819,381824,5,5
381814,381819,381824,5,5
381814,381819,381824,5,5
381814,381819,381824,5,5
381814,381819,381823,4,5
381814,381819,381824,5,5
381814,381819,381824,5,5
381814,381819,381824,5,5
381814,381818,381823,5,4
381814,381819,381824,5,5
381814,381819,381824,5,5
381814,381819,381824,5,5
381814,381819,381824,5,5
381814,381820,381824,4,6
381814,381819,381824,5,5
381814,381819,381824,5,5
381814,381819,381824,5,5
381814,381819,381824,5,5
381814,381819,381824,5,5
381814,381819,381824,5,5
381814,381819,381824,5,5
381814,381819,381824,5,5
381814,381819,381824,5,5
381814,381819,381824,5,5
381814,381819,381824,5,5
381814,381819,381824,5,5
381814,381819,381824,5,5
381814,381819,381824,5,5
381814,381819,381824,5,5
381814,381819,381824,5,5
381814,381819,381824,5,5
381814,381819,381824,5,5
381814,381819,381824,5,5
381814,381819,381824,5,5
381814,381819,381824,5,5
381814,381819,381824,5,5
381814,381819,381824,5,5
381814,381819,381824,5,5
381814,381819,381824,5,5
381814,381820,381824,4,6
381814,381820,381824,4,6
381814,381820,381825,5,6
381814,381820,381825,5,6
381814,381820,381825,5,6
381814,381820,381825,5,6
381814,381819,381824,5,5
381814,381819,381825,6,5
381814,381820,381825,5,6
381814,381820,381824,4,6
381814,381820,381825,5,6
381814,381820,381824,4,6
381814,381820,381825,5,6
381814,381820,381825,5,6
381814,381820,381824,4,6
381814,381820,381825,5,6
381814,381820,381824,4,6
381814,381820,381824,4,6
381814,381820,381824,4,6
381814,381820,381824,4,6
381814,381820,381824,4,6
381814,381820,381824,4,6
381814,381820,381824,4,6
381814,381820,381824,4,6
381814,381820,381824,4,6
381814,381820,381824,4,6
381814,381820,381825,5,6
381814,381820,381825,5,6
381814,381820,381824,4,6
381814,381819,381825,6,5
381814,381819,381824,5,5
381814,381822,381826,4,8
381814,381824,381826,2,10
381814,381820,381825,5,6
381814,381819,381825,6,5
381814,381824,381826,2,10
381814,381824,381826,2,10
381814,381824,381826,2,10
381814,381824,381826,2,10
381814,381824,381827,3,10
381814,381824,381827,3,10
381814,381824,381827,3,10
381814,381824,381827,3,10
381814,381824,381826,2,10
381814,381824,381827,3,10
381814,381824,381827,3,10
381814,381824,381827,3,10
381814,381824,381827,3,10
381814,381824,381827,3,10
381814,381824,381827,3,10
381814,381824,381826,2,10
381814,381824,381827,3,10
381814,381824,381827,3,10
381814,381824,381827,3,10
381814,381824,381826,2,10
381814,381824,381827,3,10
381814,381824,381827,3,10
381814,381824,381827,3,10
381814,381824,381827,3,10
381814,381824,381827,3,10
381814,381824,381827,3,10
381814,381824,381827,3,10
381814,381824,381828,4,10
381814,381824,381827,3,10
381814,381824,381827,3,10
381814,381824,381827,3,10
381814,381824,381828,4,10
381814,381824,381827,3,10
381814,381824,381828,4,10
381814,381824,381827,3,10
381814,381824,381827,3,10
381814,381824,381828,4,10
381814,381824,381827,3,10
381814,381825,381828,3,11
381832,381832,381837,5,0
381832,381832,381837,5,0
381832,381832,381837,5,0
381832,381832,381837,5,0
381832,381832,381837,5,0
381832,381832,381837,5,0
381832,381832,381837,5,0
381832,381832,381837,5,0
381832,381832,381837,5,0
381832,381832,381837,5,0
381832,381832,381837,5,0
381832,381832,381837,5,0
381832,381832,381837,5,0
381832,381832,381837,5,0
381832,381832,381837,5,0
381832,381832,381837,5,0
381832,381832,381837,5,0
381832,381832,381837,5,0
381832,381832,381837,5,0
381832,381832,381837,5,0
381832,381832,381837,5,0
381832,381832,381837,5,0
381832,381832,381837,5,0
381832,381832,381837,5,0
381832,381832,381837,5,0
381832,381832,381837,5,0
381832,381832,381837,5,0
381832,381832,381837,5,0
381832,381832,381837,5,0
381832,381832,381837,5,0
381832,381832,381837,5,0
381832,381832,381837,5,0
381832,381832,381837,5,0
381832,381832,381837,5,0
381832,381832,381837,5,0
381832,381832,381837,5,0
381832,381832,381837,5,0
381832,381832,381837,5,0
381832,381832,381837,5,0
381832,381832,381837,5,0
381832,381832,381837,5,0
381832,381832,381837,5,0
381832,381832,381837,5,0
381832,381832,381837,5,0
381832,381832,381837,5,0
381832,381832,381837,5,0
381832,381832,381837,5,0
381832,381832,381837,5,0
381832,381832,381837,5,0
381832,381832,381837,5,0
381832,381832,381837,5,0
381832,381832,381837,5,0
381832,381832,381837,5,0
381832,381832,381837,5,0
381832,381832,381837,5,0
381832,381832,381837,5,0
381832,381832,381837,5,0
381832,381832,381837,5,0
381832,381832,381837,5,0
381832,381832,381837,5,0
381832,381832,381837,5,0
381832,381832,381837,5,0
381832,381832,381837,5,0
381832,381832,381837,5,0
381832,381833,381837,4,1
381832,381832,381837,5,0
381832,381832,381837,5,0
381832,381832,381838,6,0
381832,381832,381838,6,0
381832,381832,381838,6,0
381832,381832,381838,6,0
381832,381832,381838,6,0
381832,381832,381838,6,0
381832,381832,381838,6,0
381832,381832,381838,6,0
381832,381832,381838,6,0
381832,381832,381838,6,0
381832,381832,381838,6,0
381832,381832,381838,6,0
381832,381832,381838,6,0
381832,381838,381841,3,6
381832,381838,381842,4,6
381832,381838,381842,4,6
381832,381838,381842,4,6
381832,381838,381843,5,6
381832,381838,381842,4,6
381832,381838,381842,4,6
381832,381838,381843,5,6
381832,381838,381843,5,6
381832,381838,381842,4,6
381832,381838,381843,5,6
381832,381838,381842,4,6
381832,381838,381842,4,6
381832,381838,381842,4,6
381832,381838,381843,5,6
381832,381838,381843,5,6
381832,381838,381843,5,6
381832,381838,381843,5,6
381832,381838,381842,4,6
381832,381838,381843,5,6
381832,381838,381843,5,6
381832,381838,381843,5,6
381832,381838,381842,4,6
381832,381838,381842,4,6
381832,381838,381842,4,6
381832,381838,381842,4,6
381832,381838,381843,5,6
381832,381838,381843,5,6
381832,381838,381843,5,6
381832,381838,381843,5,6
381832,381838,381842,4,6
381832,381838,381842,4,6
381832,381838,381842,4,6
381832,381838,381843,5,6
381832,381838,381842,4,6
381832,381838,381842,4,6
381832,381838,381843,5,6
381832,381838,381843,5,6
381832,381838,381843,5,6
381832,381838,381843,5,6
381832,381838,381842,4,6
381832,381838,381842,4,6
381832,381838,381842,4,6
381832,381838,381843,5,6
381832,381838,381842,4,6
381832,381838,381843,5,6
381832,381838,381842,4,6
381832,381838,381843,5,6
381832,381838,381843,5,6
381832,381838,381842,4,6
381832,381838,381842,4,6
381832,381838,381843,5,6
381832,381838,381842,4,6
381832,381838,381843,5,6
381832,381838,381842,4,6
381832,381838,381843,5,6
381832,381838,381843,5,6
381832,381838,381842,4,6
381832,381838,381842,4,6
381832,381838,381842,4,6
381832,381838,381842,4,6
381832,381838,381842,4,6
381832,381838,381842,4,6
381832,381838,381843,5,6
381832,381839,381843,4,7
381832,381838,381843,5,6
381832,381838,381843,5,6
381832,381838,381843,5,6
381832,381838,381843,5,6
381832,381839,381843,4,7
381832,381839,381843,4,7
381832,381839,381843,4,7
381832,381839,381843,4,7
381832,381838,381843,5,6
381832,381838,381843,5,6
381832,381838,381843,5,6
381832,381838,381843,5,6
381832,381838,381843,5,6
381832,381842,381843,1,10
381832,381839,381843,4,7
381832,381838,381843,5,6
381832,381843,381845,2,11
381832,381843,381845,2,11
381832,381843,381845,2,11
381832,381843,381845,2,11
381832,381843,381845,2,11
381832,381843,381845,2,11
381832,381843,381845,2,11
381832,381843,381845,2,11
381832,381843,381846,3,11
381832,381843,381846,3,11
381832,381843,381846,3,11
381832,381843,381846,3,11
381832,381843,381845,2,11
381832,381843,381846,3,11
381832,381843,381846,3,11
381832,381843,381845,2,11
381832,381843,381845,2,11
381832,381843,381846,3,11
381832,381843,381846,3,11
381832,381843,381846,3,11
381832,381843,381846,3,11
381832,381843,381846,3,11
381832,381843,381846,3,11
381832,381843,381846,3,11
381832,381843,381846,3,11
381832,381843,381846,3,11
381832,381843,381846,3,11
381832,381843,381846,3,11
381832,381843,381846,3,11
381832,381843,381846,3,11
381832,381843,381846,3,11
381832,381843,381845,2,11
381832,381843,381846,3,11
381832,381843,381846,3,11
381832,381843,381846,3,11
381832,381843,381846,3,11
381832,381843,381846,3,11
381832,381843,381846,3,11
381832,381843,381846,3,11
381851,381851,381854,3,0
381851,381851,381855,4,0
381851,381851,381854,3,0
381851,381851,381855,4,0
381851,381851,381855,4,0
381851,381851,381855,4,0
381851,381851,381855,4,0
381851,381851,381855,4,0
381851,381851,381855,4,0
381851,381851,381855,4,0
381851,381851,381855,4,0
381851,381851,381855,4,0
381851,381851,381855,4,0
381851,381851,381855,4,0
381851,381851,381855,4,0
381851,381851,381855,4,0
381851,381851,381855,4,0
381851,381851,381855,4,0
381851,381851,381855,4,0
381851,381851,381855,4,0
381851,381851,381855,4,0
381851,381851,381855,4,0
381851,381851,381855,4,0
381851,381851,381855,4,0
381851,381851,381855,4,0
381851,381851,381855,4,0
381851,381851,381855,4,0
381851,381851,381855,4,0
381851,381851,381855,4,0
381851,381851,381855,4,0
381851,381851,381855,4,0
381851,381851,381855,4,0
381851,381851,381855,4,0
381851,381851,381855,4,0
381851,381851,381855,4,0
381851,381851,381855,4,0
381851,381851,381855,4,0
381851,381851,381855,4,0
381851,381851,381855,4,0
381851,381851,381855,4,0
381851,381851,381855,4,0
381851,381851,381855,4,0
381851,381851,381855,4,0
381851,381851,381855,4,0
381851,381851,381855,4,0
381851,381851,381855,4,0
381851,381851,381855,4,0
381851,381851,381856,5,0
381851,381851,381855,4,0
381851,381851,381856,5,0
381851,381851,381855,4,0
381851,381851,381855,4,0
381851,381851,381856,5,0
381851,381851,381856,5,0
381851,381851,381856,5,0
381851,381851,381855,4,0
381851,381851,381856,5,0
381851,381851,381855,4,0
381851,381851,381856,5,0
381851,381851,381855,4,0
381851,381851,381855,4,0
381851,381851,381855,4,0
381851,381851,381855,4,0
381851,381851,381856,5,0
381851,381851,381855,4,0
381851,381851,381856,5,0
381851,381851,381856,5,0
381851,381851,381855,4,0
381851,381851,381855,4,0
381851,381854,381856,2,3
381851,381851,381855,4,0
381851,381851,381855,4,0
381851,381851,381856,5,0
381851,381851,381857,6,0
381851,381851,381856,5,0
381851,381851,381857,6,0
381851,381851,381856,5,0
381851,381851,381857,6,0
381851,381851,381857,6,0
381851,381851,381857,6,0
381851,381851,381857,6,0
381851,381855,381859,4,4
381851,381855,381859,4,4
381851,381855,381859,4,4
381851,381855,381859,4,4
381851,381855,381859,4,4
381851,381856,381859,3,5
381851,381855,381860,5,4
381851,381855,381860,5,4
381851,381855,381859,4,4
381851,381855,381860,5,4
381851,381855,381860,5,4
381851,381855,381860,5,4
381851,381855,381860,5,4
381851,381855,381859,4,4
381851,381856,381860,4,5
381851,381856,381860,4,5
381851,381856,381860,4,5
381851,381856,381860,4,5
381851,381856,381860,4,5
381851,381855,381860,5,4
381851,381855,381860,5,4
381851,381855,381860,5,4
381851,381855,381860,5,4
381851,381855,381860,5,4
381851,381856,381860,4,5
381851,381855,381860,5,4
381851,381855,381860,5,4
381851,381856,381860,4,5
381851,381856,381860,4,5
381851,381856,381860,4,5
381851,381856,381860,4,5
381851,381855,381860,5,4
381851,381855,381860,5,4
381851,381855,381860,5,4
381851,381855,381860,5,4
381851,381855,381860,5,4
381851,381856,381860,4,5
381851,381856,381860,4,5
381851,381855,381860,5,4
381851,381855,381860,5,4
381851,381855,381860,5,4
381851,381856,381860,4,5
381851,381856,381860,4,5
381851,381856,381860,4,5
381851,381856,381860,4,5
381851,381855,381860,5,4
381851,381855,381859,4,4
381851,381855,381859,4,4
381851,381855,381860,5,4
381851,381855,381860,5,4
381851,381856,381860,4,5
381851,381856,381860,4,5
381851,381855,381860,5,4
381851,381855,381860,5,4
381851,381855,381860,5,4
381851,381855,381860,5,4
381851,381856,381860,4,5
381851,381856,381860,4,5
381851,381856,381860,4,5
381851,381856,381860,4,5
381851,381856,381861,5,5
381851,381856,381860,4,5
381851,381855,381860,5,4
381851,381855,381860,5,4
381851,381855,381860,5,4
381851,381855,381860,5,4
381851,381856,381860,4,5
381851,381856,381860,4,5
381851,381857,381860,3,6
381851,381858,381860,2,7
381851,381855,381860,5,4
381851,381855,381860,5,4
381851,381856,381861,5,5
381851,381856,381860,4,5
381851,381858,381861,3,7
381851,381858,381861,3,7
381851,381857,381861,4,6
381851,381857,381861,4,6
381851,381860,381861,1,9
381851,381857,381861,4,6
381851,381857,381861,4,6
381851,381860,381861,1,9
381851,381859,381861,2,8
381851,381859,381861,2,8
381851,381860,381861,1,9
381851,381860,381861,1,9
381851,381860,381862,2,9
381851,381860,381862,2,9
381851,381860,381862,2,9
381851,381860,381863,3,9
381851,381860,381862,2,9
381851,381861,381863,2,10
381851,381860,381862,2,9
381851,381860,381863,3,9
381851,381860,381862,2,9
381851,381861,381863,2,10
381851,381861,381863,2,10
381851,381861,381863,2,10
381851,381861,381863,2,10
381851,381861,381863,2,10
381851,381861,381863,2,10
381851,381861,381863,2,10
381851,381860,381863,3,9
381851,381861,381863,2,10
381851,381861,381863,2,10
381851,381861,381863,2,10
381851,381861,381863,2,10
381851,381861,381863,2,10
381851,381861,381863,2,10
381851,381861,381863,2,10
381851,381861,381863,2,10
381851,381861,381863,2,10
381851,381861,381863,2,10
381851,381861,381863,2,10
381851,381861,381863,2,10
381851,381861,381863,2,10
381851,381861,381863,2,10
381851,381861,381863,2,10
381851,381861,381863,2,10
381868,381868,381872,4,0
381868,381868,381872,4,0
381868,381868,381872,4,0
381868,381868,381872,4,0
381868,381868,381872,4,0
381868,381868,381872,4,0
381868,381868,381873,5,0
381868,381868,381872,4,0
381868,381868,381872,4,0
381868,381868,381872,4,0
381868,381868,381872,4,0
381868,381868,381872,4,0
381868,381868,381872,4,0
381868,381868,381872,4,0
381868,381868,381872,4,0
381868,381868,381873,5,0
381868,381868,381872,4,0
381868,381868,381872,4,0
381868,381868,381872,4,0
381868,381868,381872,4,0
381868,381868,381873,5,0
381868,381868,381872,4,0
381868,381868,381872,4,0
381868,381868,381872,4,0
381868,381868,381872,4,0
381868,381868,381872,4,0
381868,381868,381872,4,0
381868,381868,381873,5,0
381868,381868,381872,4,0
381868,381868,381872,4,0
381868,381868,381872,4,0
381868,381868,381872,4,0
381868,381868,381872,4,0
381868,381868,381872,4,0
381868,381868,381872,4,0
381868,381868,381872,4,0
381868,381868,381872,4,0
381868,381868,381872,4,0
381868,381868,381872,4,0
381868,381868,381873,5,0
381868,381868,381872,4,0
381868,381868,381872,4,0
381868,381868,381873,5,0
381868,381868,381872,4,0
381868,381868,381872,4,0
381868,381868,381872,4,0
381868,381868,381872,4,0
381868,381868,381872,4,0
381868,381868,381872,4,0
381868,381868,381872,4,0
381868,381868,381873,5,0
381868,381868,381872,4,0
381868,381868,381873,5,0
381868,381868,381873,5,0
381868,381868,381873,5,0
381868,381868,381873,5,0
381868,381868,381874,6,0
381868,381868,381874,6,0
381868,381868,381874,6,0
381868,381868,381874,6,0
381868,381868,381873,5,0
381868,381868,381873,5,0
381868,381868,381873,5,0
381868,381868,381873,5,0
381868,381868,381874,6,0
381868,381868,381874,6,0
381868,381868,381873,5,0
381868,381868,381874,6,0
381868,381868,381873,5,0
381868,381868,381873,5,0
381868,381868,381873,5,0
381868,381868,381873,5,0
381868,381868,381874,6,0
381868,381868,381873,5,0
381868,381868,381873,5,0
381868,381868,381874,6,0
381868,381868,381873,5,0
381868,381868,381873,5,0
381868,381868,381874,6,0
381868,381868,381874,6,0
381868,381873,381876,3,5
381868,381873,381879,6,5
381868,381873,381879,6,5
381868,381873,381879,6,5
381868,381873,381879,6,5
381868,381874,381879,5,6
381868,381873,381879,6,5
381868,381873,381879,6,5
381868,381873,381879,6,5
381868,381873,381879,6,5
381868,381873,381879,6,5
381868,381873,381879,6,5
381868,381873,381879,6,5
381868,381873,381879,6,5
381868,381873,381879,6,5
381868,381873,381879,6,5
381868,381873,381879,6,5
381868,381873,381879,6,5
381868,381873,381879,6,5
381868,381873,381879,6,5
381868,381873,381879,6,5
381868,381873,381879,6,5
381868,381873,381879,6,5
381868,381873,381879,6,5
381868,381873,381879,6,5
381868,381873,381879,6,5
381868,381873,381879,6,5
381868,381873,381879,6,5
381868,381873,381879,6,5
381868,381873,381879,6,5
381868,381873,381879,6,5
381868,381873,381879,6,5
381868,381873,381879,6,5
381868,381874,381879,5,6
381868,381873,381879,6,5
381868,381873,381879,6,5
381868,381873,381879,6,5
381868,381873,381879,6,5
381868,381873,381879,6,5
381868,381874,381879,5,6
381868,381874,381879,5,6
381868,381873,381879,6,5
381868,381873,381879,6,5
381868,381873,381879,6,5
381868,381873,381879,6,5
381868,381873,381879,6,5
381868,381874,381879,5,6
381868,381874,381879,5,6
381868,381873,381879,6,5
381868,381873,381879,6,5
381868,381873,381879,6,5
381868,381873,381879,6,5
381868,381874,381879,5,6
381868,381874,381879,5,6
381868,381874,381879,5,6
381868,381873,381879,6,5
381868,381873,381879,6,5
381868,381873,381879,6,5
381868,381873,381879,6,5
381868,381873,381879,6,5
381868,381874,381879,5,6
381868,381874,381879,5,6
381868,381874,381879,5,6
381868,381874,381879,5,6
381868,381875,381879,4,7
381868,381874,381880,6,6
381868,381874,381880,6,6
381868,381873,381879,6,5
381868,381873,381879,6,5
381868,381875,381879,4,7
381868,381875,381880,5,7
381868,381875,381880,5,7
381868,381874,381880,6,6
381868,381874,381880,6,6
381868,381874,381880,6,6
381868,381874,381880,6,6
381868,381874,381880,6,6
381868,381876,381880,4,8
381868,381874,381880,6,6
381868,381874,381880,6,6
381868,381874,381880,6,6
381868,381879,381880,1,11
381868,381879,381880,1,11
381868,381879,381881,2,11
381868,381880,381882,2,12
381868,381880,381882,2,12
381868,381879,381881,2,11
381868,381880,381882,2,12
381868,381880,381882,2,12
381868,381880,381883,3,12
381868,381880,381882,2,12
381868,381880,381882,2,12
381868,381880,381882,2,12
381868,381880,381882,2,12
381868,381880,381882,2,12
381868,381880,381882,2,12
381868,381880,381882,2,12
381868,381880,381882,2,12
381868,381880,381882,2,12
381868,381880,381882,2,12
381868,381880,381882,2,12
381868,381880,381882,2,12
381868,381880,381882,2,12
381868,381880,381882,2,12
381868,381880,381883,3,12
381868,381880,381882,2,12
381868,381880,381883,3,12
381868,381880,381882,2,12
381868,381880,381882,2,12
381868,381880,381883,3,12
381868,381880,381882,2,12
381868,381880,381883,3,12
381868,381880,381883,3,12
381868,381880,381883,3,12
381868,381880,381882,2,12
381868,381880,381882,2,12
381868,381880,381882,2,12
381868,381880,381883,3,12
381868,381880,381883,3,12
381868,381880,381883,3,12
381887,381887,381891,4,0
381887,381887,381892,5,0
381887,381887,381892,5,0
381887,381887,381892,5,0
381887,381887,381892,5,0
381887,381887,381892,5,0
381887,381887,381892,5,0
381887,381887,381892,5,0
381887,381887,381892,5,0
381887,381887,381892,5,0
381887,381887,381892,5,0
381887,381887,381892,5,0
381887,381887,381892,5,0
381887,381887,381892,5,0
381887,381887,381892,5,0
381887,381887,381892,5,0
381887,381887,381892,5,0
381887,381887,381892,5,0
381887,381887,381892,5,0
381887,381887,381892,5,0
381887,381887,381892,5,0
381887,381887,381892,5,0
381887,381887,381892,5,0
381887,381887,381892,5,0
381887,381887,381892,5,0
381887,381887,381892,5,0
381887,381887,381892,5,0
381887,381887,381892,5,0
381887,381887,381892,5,0
381887,381887,381892,5,0
381887,381887,381892,5,0
381887,381887,381892,5,0
381887,381887,381892,5,0
381887,381887,381892,5,0
381887,381887,381892,5,0
381887,381887,381892,5,0
381887,381887,381892,5,0
381887,381887,381892,5,0
381887,381887,381892,5,0
381887,381887,381892,5,0
381887,381887,381892,5,0
381887,381887,381892,5,0
381887,381887,381892,5,0
381887,381887,381892,5,0
381887,381887,381892,5,0
381887,381887,381892,5,0
381887,381887,381892,5,0
381887,381887,381892,5,0
381887,381887,381892,5,0
381887,381888,381892,4,1
381887,381887,381892,5,0
381887,381887,381892,5,0
381887,381887,381892,5,0
381887,381887,381892,5,0
381887,381887,381892,5,0
381887,381887,381892,5,0
381887,381887,381892,5,0
381887,381887,381892,5,0
381887,381887,381892,5,0
381887,381887,381892,5,0
381887,381887,381892,5,0
381887,381887,381892,5,0
381887,381887,381892,5,0
381887,381887,381892,5,0
381887,381888,381892,4,1
381887,381887,381893,6,0
381887,381887,381893,6,0
381887,381887,381893,6,0
381887,381887,381893,6,0
381887,381887,381893,6,0
381887,381887,381893,6,0
381887,381888,381893,5,1
381887,381887,381893,6,0
381887,381887,381893,6,0
381887,381887,381893,6,0
381887,381887,381893,6,0
381887,381892,381893,1,5
381887,381888,381893,5,1
381887,381887,381893,6,0
381887,381887,381893,6,0
381887,381887,381893,6,0
381887,381893,381898,5,6
381887,381893,381898,5,6
381887,381893,381898,5,6
381887,381893,381897,4,6
381887,381893,381898,5,6
381887,381893,381898,5,6
381887,381893,381898,5,6
381887,381893,381898,5,6
381887,381894,381898,4,7
381887,381894,381898,4,7
381887,381893,381898,5,6
381887,381893,381898,5,6
381887,381893,381898,5,6
381887,381893,381898,5,6
381887,381893,381898,5,6
381887,381894,381898,4,7
381887,381893,381898,5,6
381887,381893,381898,5,6
381887,381893,381898,5,6
381887,381893,381898,5,6
381887,381893,381898,5,6
381887,381893,381898,5,6
381887,381893,381898,5,6
381887,381893,381898,5,6
381887,381893,381898,5,6
381887,381893,381898,5,6
381887,381893,381898,5,6
381887,381893,381898,5,6
381887,381893,381898,5,6
381887,381893,381898,5,6
381887,381893,381898,5,6
381887,381893,381898,5,6
381887,381893,381898,5,6
381887,381893,381898,5,6
381887,381893,381898,5,6
381887,381893,381898,5,6
381887,381893,381898,5,6
381887,381894,381898,4,7
381887,381894,381898,4,7
381887,381893,381898,5,6
381887,381893,381898,5,6
381887,381893,381898,5,6
381887,381893,381898,5,6
381887,381893,381898,5,6
381887,381893,381898,5,6
381887,381893,381898,5,6
381887,381894,381898,4,7
381887,381894,381898,4,7
381887,381893,381898,5,6
381887,381893,381898,5,6
381887,381893,381898,5,6
381887,381893,381898,5,6
381887,381893,381899,6,6
381887,381893,381899,6,6
381887,381893,381898,5,6
381887,381893,381899,6,6
381887,381893,381899,6,6
381887,381893,381899,6,6
381887,381893,381898,5,6
381887,381893,381899,6,6
381887,381893,381899,6,6
381887,381893,381899,6,6
381887,381893,381899,6,6
381887,381894,381899,5,7
381887,381893,381899,6,6
381887,381893,381899,6,6
381887,381894,381899,5,7
381887,381893,381899,6,6
381887,381894,381899,5,7
381887,381894,381898,4,7
381887,381894,381898,4,7
381887,381894,381898,4,7
381887,381894,381899,5,7
381887,381893,381899,6,6
381887,381893,381899,6,6
381887,381894,381899,5,7
381887,381893,381899,6,6
381887,381893,381899,6,6
381887,381893,381899,6,6
381887,381893,381899,6,6
381887,381898,381900,2,11
381887,381898,381900,2,11
381887,381898,381900,2,11
381887,381898,381900,2,11
381887,381898,381900,2,11
381887,381898,381900,2,11
381887,381898,381900,2,11
381887,381898,381900,2,11
381887,381898,381901,3,11
381887,381898,381901,3,11
381887,381898,381901,3,11
381887,381898,381901,3,11
381887,381898,381901,3,11
381887,381898,381901,3,11
381887,381898,381901,3,11
381887,381898,381901,3,11
381887,381898,381901,3,11
381887,381898,381901,3,11
381887,381898,381901,3,11
381887,381898,381901,3,11
381887,381898,381901,3,11
381887,381898,381901,3,11
381887,381898,381901,3,11
381887,381898,381901,3,11
381887,381898,381901,3,11
381887,381898,381901,3,11
381887,381898,381901,3,11
381887,381898,381901,3,11
381887,381898,381901,3,11
381887,381898,381901,3,11
381887,381898,381901,3,11
381887,381898,381901,3,11
381887,381898,381902,4,11
381887,381898,381901,3,11
381887,381898,381902,4,11
381887,381898,381901,3,11
381887,381898,381901,3,11
381887,381898,381901,3,11
381887,381898,381901,3,11
381907,381907,381911,4,0
381907,381907,381911,4,0
381907,381907,381911,4,0
381907,381907,381911,4,0
381907,381907,381911,4,0
381907,381907,381911,4,0
381907,381907,381911,4,0
381907,381907,381911,4,0
381907,381907,381911,4,0
381907,381907,381911,4,0
381907,381907,381911,4,0
381907,381907,381911,4,0
381907,381907,381911,4,0
381907,381907,381911,4,0
381907,381907,381911,4,0
381907,381907,381911,4,0
381907,381907,381912,5,0
381907,381907,381911,4,0
381907,381907,381911,4,0
381907,381907,381911,4,0
381907,381907,381911,4,0
381907,381907,381911,4,0
381907,381907,381911,4,0
381907,381907,381911,4,0
381907,381907,381911,4,0
381907,381907,381911,4,0
381907,381907,381911,4,0
381907,381907,381912,5,0
381907,381907,381911,4,0
381907,381907,381911,4,0
381907,381907,381911,4,0
381907,381907,381912,5,0
381907,381907,381912,5,0
381907,381907,381912,5,0
381907,381907,381911,4,0
381907,381907,381911,4,0
381907,381907,381911,4,0
381907,381907,381911,4,0
381907,381907,381912,5,0
381907,381907,381911,4,0
381907,381907,381911,4,0
381907,381907,381911,4,0
381907,381907,381911,4,0
381907,381907,381911,4,0
381907,381907,381911,4,0
381907,381907,381911,4,0
381907,381907,381911,4,0
381907,381907,381912,5,0
381907,381907,381911,4,0
381907,381907,381911,4,0
381907,381907,381911,4,0
381907,381907,381911,4,0
381907,381907,381911,4,0
381907,381907,381911,4,0
381907,381907,381912,5,0
381907,381907,381911,4,0
381907,381907,381911,4,0
381907,381907,381911,4,0
381907,381907,381911,4,0
381907,381907,381911,4,0
381907,381907,381911,4,0
381907,381907,381911,4,0
381907,381907,381911,4,0
381907,381907,381911,4,0
381907,381907,381911,4,0
381907,381907,381912,5,0
381907,381907,381912,5,0
381907,381907,381912,5,0
381907,381907,381912,5,0
381907,381907,381912,5,0
381907,381907,381912,5,0
381907,381907,381912,5,0
381907,381907,381912,5,0
381907,381907,381912,5,0
381907,381911,381912,1,4
381907,381907,381912,5,0
381907,381907,381912,5,0
381907,381911,381912,1,4
381907,381907,381912,5,0
381907,381907,381912,5,0
381907,381907,381912,5,0
381907,381907,381912,5,0
381907,381912,381917,5,5
381907,381912,381917,5,5
381907,381912,381917,5,5
381907,381912,381917,5,5
381907,381912,381917,5,5
381907,381912,381917,5,5
381907,381912,381917,5,5
381907,381912,381917,5,5
381907,381912,381917,5,5
381907,381912,381917,5,5
381907,381912,381917,5,5
381907,381912,381917,5,5
381907,381912,381917,5,5
381907,381912,381917,5,5
381907,381912,381917,5,5
381907,381912,381917,5,5
381907,381912,381917,5,5
381907,381912,381917,5,5
381907,381912,381917,5,5
381907,381912,381917,5,5
381907,381912,381917,5,5
381907,381912,381917,5,5
381907,381912,381917,5,5
381907,381912,381917,5,5
381907,381912,381917,5,5
381907,381912,381917,5,5
381907,381912,381917,5,5
381907,381912,381917,5,5
381907,381912,381917,5,5
381907,381913,381917,4,6
381907,381912,381917,5,5
381907,381912,381917,5,5
381907,381912,381917,5,5
381907,381912,381917,5,5
381907,381912,381917,5,5
381907,381912,381917,5,5
381907,381913,381917,4,6
381907,381912,381917,5,5
381907,381912,381917,5,5
381907,381912,381917,5,5
381907,381912,381917,5,5
381907,381912,381917,5,5
381907,381912,381917,5,5
381907,381912,381917,5,5
381907,381912,381917,5,5
381907,381912,381917,5,5
381907,381912,381917,5,5
381907,381912,381917,5,5
381907,381912,381917,5,5
381907,381912,381917,5,5
381907,381913,381917,4,6
381907,381913,381917,4,6
381907,381913,381917,4,6
381907,381912,381917,5,5
381907,381912,381917,5,5
381907,381913,381917,4,6
381907,381912,381917,5,5
381907,381913,381917,4,6
381907,381912,381917,5,5
381907,381912,381918,6,5
381907,381912,381917,5,5
381907,381912,381918,6,5
381907,381912,381918,6,5
381907,381912,381918,6,5
381907,381913,381918,5,6
381907,381912,381918,6,5
381907,381913,381918,5,6
381907,381912,381918,6,5
381907,381912,381918,6,5
381907,381912,381918,6,5
381907,381912,381918,6,5
381907,381913,381918,5,6
381907,381913,381918,5,6
381907,381913,381918,5,6
381907,381913,381918,5,6
381907,381913,381918,5,6
381907,381913,381918,5,6
381907,381913,381918,5,6
381907,381917,381919,2,10
381907,381912,381919,7,5
381907,381913,381919,6,6
381907,381917,381920,3,10
381907,381917,381920,3,10
381907,381917,381920,3,10
381907,381917,381920,3,10
381907,381917,381920,3,10
381907,381918,381920,2,11
381907,381918,381920,2,11
381907,381918,381920,2,11
381907,381918,381920,2,11
381907,381918,381921,3,11
381907,381918,381920,2,11
381907,381918,381920,2,11
381907,381918,381920,2,11
381907,381918,381920,2,11
381907,381918,381920,2,11
381907,381918,381921,3,11
381907,381918,381920,2,11
381907,381918,381920,2,11
381907,381918,381920,2,11
381907,381918,381920,2,11
381907,381918,381920,2,11
381907,381918,381921,3,11
381907,381918,381920,2,11
381907,381918,381921,3,11
381907,381918,381921,3,11
381907,381918,381920,2,11
381907,381918,381920,2,11
381907,381918,381920,2,11
381907,381918,381920,2,11
381907,381918,381920,2,11
381907,381918,381920,2,11
381907,381918,381920,2,11
381907,381918,381920,2,11
381907,381918,381921,3,11
381907,381918,381921,3,11
381907,381918,381921,3,11
381907,381918,381921,3,11
381926,381926,381930,4,0
381926,381926,381930,4,0
381926,381926,381930,4,0
381926,381926,381931,5,0
381926,381926,381931,5,0
381926,381926,381930,4,0
381926,381926,381930,4,0
381926,381926,381930,4,0
381926,381926,381930,4,0
381926,381926,381931,5,0
381926,381926,381931,5,0
381926,381926,381930,4,0
381926,381926,381930,4,0
381926,381926,381930,4,0
381926,381926,381930,4,0
381926,381926,381930,4,0
381926,381926,381931,5,0
381926,381926,381930,4,0
381926,381926,381930,4,0
381926,381926,381930,4,0
381926,381926,381930,4,0
381926,381926,381930,4,0
381926,381926,381930,4,0
381926,381926,381931,5,0
381926,381926,381931,5,0
381926,381926,381930,4,0
381926,381926,381930,4,0
381926,381926,381930,4,0
381926,381926,381930,4,0
381926,381926,381930,4,0
381926,381926,381930,4,0
381926,381926,381930,4,0
381926,381926,381930,4,0
381926,381926,381930,4,0
381926,381926,381931,5,0
381926,381926,381930,4,0
381926,381926,381931,5,0
381926,381926,381931,5,0
381926,381926,381930,4,0
381926,381926,381930,4,0
381926,381926,381930,4,0
381926,381926,381930,4,0
381926,381926,381930,4,0
381926,381926,381931,5,0
381926,381926,381930,4,0
381926,381926,381930,4,0
381926,381926,381930,4,0
381926,381926,381930,4,0
381926,381926,381930,4,0
381926,381926,381931,5,0
381926,381926,381931,5,0
381926,381926,381930,4,0
381926,381926,381930,4,0
381926,381926,381930,4,0
381926,381926,381930,4,0
381926,381926,381931,5,0
381926,381926,381930,4,0
381926,381926,381930,4,0
381926,381926,381931,5,0
381926,381926,381930,4,0
381926,381926,381930,4,0
381926,381926,381930,4,0
381926,381926,381931,5,0
381926,381926,381930,4,0
381926,381926,381930,4,0
381926,381926,381931,5,0
381926,381926,381931,5,0
381926,381926,381931,5,0
381926,381926,381931,5,0
381926,381926,381931,5,0
381926,381926,381931,5,0
381926,381926,381931,5,0
381926,381926,381931,5,0
381926,381926,381931,5,0
381926,381926,381931,5,0
381926,381926,381931,5,0
381926,381926,381931,5,0
381926,381926,381931,5,0
381926,381926,381931,5,0
381926,381926,381931,5,0
381926,381931,381935,4,5
381926,381931,381935,4,5
381926,381931,381936,5,5
381926,381931,381936,5,5
381926,381931,381936,5,5
381926,381931,381936,5,5
381926,381931,381936,5,5
381926,381931,381936,5,5
381926,381931,381936,5,5
381926,381931,381936,5,5
381926,381931,381936,5,5
381926,381931,381936,5,5
381926,381931,381936,5,5
381926,381931,381936,5,5
381926,381931,381936,5,5
381926,381931,381936,5,5
381926,381931,381936,5,5
381926,381931,381936,5,5
381926,381931,381936,5,5
381926,381931,381936,5,5
381926,381931,381936,5,5
381926,381931,381936,5,5
381926,381931,381936,5,5
381926,381931,381936,5,5
381926,381931,381936,5,5
381926,381931,381936,5,5
381926,381931,381936,5,5
381926,381931,381936,5,5
381926,381931,381936,5,5
381926,381931,381936,5,5
381926,381931,381936,5,5
381926,381931,381936,5,5
381926,381933,381936,3,7
381926,381931,381936,5,5
381926,381931,381936,5,5
381926,381931,381936,5,5
381926,381931,381936,5,5
381926,381931,381936,5,5
381926,381931,381936,5,5
381926,381931,381936,5,5
381926,381931,381936,5,5
381926,381931,381936,5,5
381926,381931,381936,5,5
381926,381931,381936,5,5
381926,381931,381936,5,5
381926,381933,381936,3,7
381926,381931,381936,5,5
381926,381931,381936,5,5
381926,381931,381936,5,5
381926,381931,381936,5,5
381926,381931,381936,5,5
381926,381931,381936,5,5
381926,381933,381936,3,7
381926,381931,381937,6,5
381926,381931,381936,5,5
381926,381931,381936,5,5
381926,381931,381936,5,5
381926,381931,381936,5,5
381926,381931,381936,5,5
381926,381931,381936,5,5
381926,381931,381936,5,5
381926,381931,381936,5,5
381926,381931,381936,5,5
381926,381931,381936,5,5
381926,381931,381936,5,5
381926,381933,381936,3,7
381926,381933,381936,3,7
381926,381931,381937,6,5
381926,381931,381937,6,5
381926,381931,381937,6,5
381926,381931,381937,6,5
381926,381931,381937,6,5
381926,381933,381937,4,7
381926,381936,381937,1,10
381926,381936,381937,1,10
381926,381933,381937,4,7
381926,381933,381937,4,7
381926,381932,381937,5,6
381926,381933,381937,4,7
381926,381933,381937,4,7
381926,381933,381937,4,7
381926,381933,381937,4,7
381926,381937,381938,1,11
381926,381937,381938,1,11
381926,381937,381939,2,11
381926,381937,381939,2,11
381926,381937,381938,1,11
381926,381937,381939,2,11
381926,381937,381939,2,11
381926,381937,381939,2,11
381926,381937,381939,2,11
381926,381937,381939,2,11
381926,381937,381939,2,11
381926,381937,381940,3,11
381926,381937,381940,3,11
381926,381937,381939,2,11
381926,381937,381940,3,11
381926,381937,381939,2,11
381926,381937,381939,2,11
381926,381937,381940,3,11
381926,381937,381939,2,11
381926,381937,381939,2,11
381926,381937,381939,2,11
381926,381937,381939,2,11
381926,381937,381939,2,11
381926,381937,381940,3,11
381926,381937,381940,3,11
381926,381937,381939,2,11
381926,381937,381939,2,11
381926,381937,381939,2,11
381926,381937,381939,2,11
381926,381937,381939,2,11
381926,381937,381939,2,11
381926,381937,381939,2,11
381926,381937,381939,2,11
381926,381937,381939,2,11
381926,381937,381939,2,11
381926,381937,381939,2,11
381926,381937,381939,2,11
381926,381937,381939,2,11
381943,381943,381947,4,0
381943,381943,381948,5,0
381943,381943,381948,5,0
381943,381943,381948,5,0
381943,381943,381948,5,0
381943,381944,381948,4,1
381943,381943,381948,5,0
381943,381943,381948,5,0
381943,381943,381948,5,0
381943,381944,381948,4,1
381943,381943,381948,5,0
381943,381943,381948,5,0
381943,381943,381948,5,0
381943,381944,381948,4,1
381943,381944,381948,4,1
381943,381943,381948,5,0
381943,381943,381948,5,0
381943,381943,381948,5,0
381943,381943,381948,5,0
381943,381943,381948,5,0
381943,381943,381948,5,0
381943,381943,381948,5,0
381943,381943,381948,5,0
381943,381943,381948,5,0
381943,381943,381948,5,0
381943,381943,381948,5,0
381943,381943,381948,5,0
381943,381943,381948,5,0
381943,381943,381948,5,0
381943,381943,381948,5,0
381943,381943,381948,5,0
381943,381944,381948,4,1
381943,381944,381949,5,1
381943,381943,381948,5,0
381943,381943,381948,5,0
381943,381943,381948,5,0
381943,381944,381948,4,1
381943,381944,381948,4,1
381943,381944,381948,4,1
381943,381944,381948,4,1
381943,381944,381948,4,1
381943,381943,381948,5,0
381943,381943,381948,5,0
381943,381943,381948,5,0
381943,381944,381948,4,1
381943,381944,381948,4,1
381943,381944,381948,4,1
381943,381944,381948,4,1
381943,381943,381948,5,0
381943,381943,381948,5,0
381943,381943,381948,5,0
381943,381944,381948,4,1
381943,381944,381948,4,1
381943,381944,381948,4,1
381943,381944,381948,4,1
381943,381943,381948,5,0
381943,381944,381948,4,1
381943,381944,381948,4,1
381943,381944,381948,4,1
381943,381944,381948,4,1
381943,381944,381948,4,1
381943,381944,381948,4,1
381943,381944,381949,5,1
381943,381944,381949,5,1
381943,381944,381948,4,1
381943,381944,381948,4,1
381943,381944,381949,5,1
381943,381944,381949,5,1
381943,381944,381949,5,1
381943,381944,381949,5,1
381943,381943,381949,6,0
381943,381944,381949,5,1
381943,381944,381949,5,1
381943,381944,381949,5,1
381943,381948,381949,1,5
381943,381948,381949,1,5
381943,381944,381949,5,1
381943,381944,381949,5,1
381943,381948,381949,1,5
381943,381948,381949,1,5
381943,381948,381949,1,5
381943,381948,381949,1,5
381943,381944,381949,5,1
381943,381944,381949,5,1
381943,381944,381949,5,1
381943,381944,381949,5,1
381943,381948,381950,2,5
381943,381948,381950,2,5
381943,381948,381949,1,5
381943,381948,381950,2,5
381943,381948,381950,2,5
381943,381948,381950,2,5
381943,381949,381951,2,6
381943,381948,381951,3,5
381943,381948,381951,3,5
381943,381948,381951,3,5
381943,381949,381953,4,6
381943,381949,381953,4,6
381943,381949,381953,4,6
381943,381949,381953,4,6
381943,381949,381953,4,6
381943,381949,381953,4,6
381943,381949,381953,4,6
381943,381949,381953,4,6
381943,381949,381953,4,6
381943,381949,381953,4,6
381943,381949,381953,4,6
381943,381949,381953,4,6
381943,381949,381953,4,6
381943,381949,381953,4,6
381943,381949,381953,4,6
381943,381949,381953,4,6
381943,381949,381953,4,6
381943,381949,381953,4,6
381943,381949,381953,4,6
381943,381949,381953,4,6
381943,381949,381953,4,6
381943,381949,381953,4,6
381943,381949,381953,4,6
381943,381949,381953,4,6
381943,381949,381953,4,6
381943,381949,381953,4,6
381943,381949,381953,4,6
381943,381949,381953,4,6
381943,381949,381953,4,6
381943,381949,381953,4,6
381943,381949,381953,4,6
381943,381949,381953,4,6
381943,381949,381953,4,6
381943,381949,381953,4,6
381943,381949,381953,4,6
381943,381949,381953,4,6
381943,381949,381953,4,6
381943,381949,381953,4,6
381943,381949,381953,4,6
381943,381949,381953,4,6
381943,381949,381953,4,6
381943,381949,381953,4,6
381943,381950,381953,3,7
381943,381951,381953,2,8
381943,381949,381953,4,6
381943,381949,381953,4,6
381943,381949,381953,4,6
381943,381949,381953,4,6
381943,381949,381953,4,6
381943,381949,381954,5,6
381943,381950,381953,3,7
381943,381950,381954,4,7
381943,381950,381954,4,7
381943,381950,381954,4,7
381943,381949,381953,4,6
381943,381950,381953,3,7
381943,381950,381954,4,7
381943,381950,381954,4,7
381943,381950,381954,4,7
381943,381949,381953,4,6
381943,381950,381953,3,7
381943,381950,381953,3,7
381943,381950,381954,4,7
381943,381950,381954,4,7
381943,381950,381954,4,7
381943,381950,381954,4,7
381943,381950,381954,4,7
381943,381950,381954,4,7
381943,381950,381954,4,7
381943,381950,381954,4,7
381943,381950,381954,4,7
381943,381950,381953,3,7
381943,381950,381954,4,7
381943,381950,381954,4,7
381943,381951,381954,3,8
381943,381951,381954,3,8
381943,381952,381954,2,9
381943,381952,381954,2,9
381943,381952,381954,2,9
381943,381953,381955,2,10
381943,381953,381954,1,10
381943,381953,381955,2,10
381943,381953,381955,2,10
381943,381953,381955,2,10
381943,381953,381955,2,10
381943,381953,381955,2,10
381943,381953,381955,2,10
381943,381953,381955,2,10
381943,381953,381955,2,10
381943,381951,381954,3,8
381943,381953,381956,3,10
381943,381953,381955,2,10
381943,381953,381955,2,10
381943,381953,381956,3,10
381943,381953,381955,2,10
381943,381953,381956,3,10
381943,381953,381956,3,10
381943,381953,381956,3,10
381943,381953,381955,2,10
381943,381953,381956,3,10
381943,381953,381956,3,10
381943,381953,381956,3,10
381943,381953,381956,3,10
381943,381953,381956,3,10
381960,381960,381964,4,0
381960,381960,381964,4,0
381960,381960,381964,4,0
381960,381960,381964,4,0
381960,381960,381964,4,0
381960,381960,381964,4,0
381960,381960,381964,4,0
381960,381960,381964,4,0
381960,381960,381964,4,0
381960,381960,381964,4,0
381960,381960,381964,4,0
381960,381960,381964,4,0
381960,381960,381964,4,0
381960,381960,381964,4,0
381960,381960,381964,4,0
381960,381960,381964,4,0
381960,381960,381964,4,0
381960,381960,381964,4,0
381960,381960,381964,4,0
381960,381960,381965,5,0
381960,381960,381965,5,0
381960,381960,381965,5,0
381960,381960,381965,5,0
381960,381960,381965,5,0
381960,381960,381964,4,0
381960,381960,381965,5,0
381960,381960,381965,5,0
381960,381960,381964,4,0
381960,381960,381965,5,0
381960,381960,381964,4,0
381960,381960,381964,4,0
381960,381960,381964,4,0
381960,381960,381965,5,0
381960,381960,381965,5,0
381960,381960,381965,5,0
381960,381960,381965,5,0
381960,381960,381964,4,0
381960,381960,381965,5,0
381960,381960,381964,4,0
381960,381960,381965,5,0
381960,381960,381965,5,0
381960,381960,381964,4,0
381960,381960,381965,5,0
381960,381960,381965,5,0
381960,381960,381965,5,0
381960,381960,381964,4,0
381960,381960,381964,4,0
381960,381960,381964,4,0
381960,381960,381964,4,0
381960,381960,381965,5,0
381960,381960,381965,5,0
381960,381960,381964,4,0
381960,381960,381964,4,0
381960,381960,381965,5,0
381960,381960,381965,5,0
381960,381960,381964,4,0
381960,381960,381964,4,0
381960,381960,381964,4,0
381960,381960,381964,4,0
381960,381960,381965,5,0
381960,381960,381964,4,0
381960,381960,381965,5,0
381960,381960,381965,5,0
381960,381960,381965,5,0
381960,381960,381965,5,0
381960,381960,381964,4,0
381960,381960,381964,4,0
381960,381960,381964,4,0
381960,381960,381964,4,0
381960,381960,381966,6,0
381960,381960,381966,6,0
381960,381960,381966,6,0
381960,381960,381966,6,0
381960,381960,381966,6,0
381960,381960,381966,6,0
381960,381960,381966,6,0
381960,381960,381966,6,0
381960,381960,381966,6,0
381960,381960,381966,6,0
381960,381960,381966,6,0
381960,381964,381967,3,4
381960,381964,381966,2,4
381960,381964,381966,2,4
381960,381964,381966,2,4
381960,381964,381967,3,4
381960,381965,381967,2,5
381960,381964,381967,3,4
381960,381964,381967,3,4
381960,381964,381967,3,4
381960,381964,381968,4,4
381960,381964,381969,5,4
381960,381964,381968,4,4
381960,381964,381968,4,4
381960,381964,381969,5,4
381960,381965,381969,4,5
381960,381964,381969,5,4
381960,381964,381969,5,4
381960,381965,381969,4,5
381960,381965,381969,4,5
381960,381965,381969,4,5
381960,381965,381969,4,5
381960,381965,381969,4,5
381960,381965,381969,4,5
381960,381965,381969,4,5
381960,381965,381969,4,5
381960,381965,381969,4,5
381960,381966,381969,3,6
381960,381967,381970,3,7
381960,381967,381970,3,7
381960,381967,381969,2,7
381960,381966,381969,3,6
381960,381966,381969,3,6
381960,381966,381969,3,6
381960,381966,381969,3,6
381960,381966,381969,3,6
381960,381966,381969,3,6
381960,381966,381970,4,6
381960,381965,381969,4,5
381960,381966,381969,3,6
381960,381966,381969,3,6
381960,381966,381969,3,6
381960,381966,381969,3,6
381960,381966,381969,3,6
381960,381964,381969,5,4
381960,381966,381969,3,6
381960,381966,381969,3,6
381960,381966,381969,3,6
381960,381966,381969,3,6
381960,381966,381969,3,6
381960,381966,381969,3,6
381960,381966,381969,3,6
381960,381966,381970,4,6
381960,381966,381970,4,6
381960,381966,381969,3,6
381960,381966,381969,3,6
381960,381966,381969,3,6
381960,381966,381969,3,6
381960,381966,381970,4,6
381960,381966,381969,3,6
381960,381967,381970,3,7
381960,381966,381969,3,6
381960,381966,381969,3,6
381960,381966,381969,3,6
381960,381966,381969,3,6
381960,381966,381970,4,6
381960,381966,381969,3,6
381960,381967,381970,3,7
381960,381966,381969,3,6
381960,381966,381969,3,6
381960,381966,381969,3,6
381960,381966,381969,3,6
381960,381966,381970,4,6
381960,381966,381970,4,6
381960,381966,381969,3,6
381960,381966,381969,3,6
381960,381966,381969,3,6
381960,381966,381969,3,6
381960,381966,381970,4,6
381960,381968,381970,2,8
381960,381967,381970,3,7
381960,381967,381970,3,7
381960,381967,381970,3,7
381960,381967,381970,3,7
381960,381969,381971,2,9
381960,381969,381971,2,9
381960,381966,381970,4,6
381960,381969,381971,2,9
381960,381969,381971,2,9
381960,381967,381970,3,7
381960,381968,381970,2,8
381960,381968,381970,2,8
381960,381968,381970,2,8
381960,381969,381971,2,9
381960,381969,381971,2,9
381960,381969,381971,2,9
381960,381968,381970,2,8
381960,381969,381971,2,9
381960,381970,381971,1,10
381960,381970,381971,1,10
381960,381970,381971,1,10
381960,381970,381972,2,10
381960,381970,381971,1,10
381960,381970,381971,1,10
381960,381970,381972,2,10
381960,381970,381972,2,10
381960,381970,381972,2,10
381960,381970,381972,2,10
381960,381970,381972,2,10
381960,381970,381972,2,10
381960,381970,381972,2,10
381960,381970,381972,2,10
381960,381970,381972,2,10
381960,381970,381972,2,10
381960,381970,381972,2,10
381960,381970,381972,2,10
381960,381970,381972,2,10
381960,381970,381972,2,10
381960,381970,381972,2,10
381960,381970,381972,2,10
381960,381970,381972,2,10
381978,381978,381982,4,0
381978,381978,381982,4,0
381978,381978,381982,4,0
381978,381978,381982,4,0
381978,381978,381982,4,0
381978,381978,381983,5,0
381978,381978,381983,5,0
381978,381978,381982,4,0
381978,381978,381982,4,0
381978,381978,381982,4,0
381978,381978,381982,4,0
381978,381978,381982,4,0
381978,381978,381982,4,0
381978,381978,381982,4,0
381978,381978,381982,4,0
381978,381978,381982,4,0
381978,381978,381982,4,0
381978,381978,381982,4,0
381978,381978,381982,4,0
381978,381978,381983,5,0
381978,381978,381982,4,0
381978,381978,381982,4,0
381978,381978,381982,4,0
381978,381978,381983,5,0
381978,381978,381982,4,0
381978,381978,381982,4,0
381978,381978,381982,4,0
381978,381978,381982,4,0
381978,381978,381982,4,0
381978,381978,381982,4,0
381978,381978,381983,5,0
381978,381978,381982,4,0
381978,381978,381982,4,0
381978,381978,381982,4,0
381978,381978,381982,4,0
381978,381978,381982,4,0
381978,381978,381982,4,0
381978,381978,381983,5,0
381978,381978,381982,4,0
381978,381978,381982,4,0
381978,381978,381982,4,0
381978,381978,381982,4,0
381978,381978,381982,4,0
381978,381978,381983,5,0
381978,381978,381982,4,0
381978,381978,381982,4,0
381978,381978,381982,4,0
381978,381978,381982,4,0
381978,381978,381982,4,0
381978,381978,381983,5,0
381978,381978,381983,5,0
381978,381978,381982,4,0
381978,381978,381982,4,0
381978,381978,381982,4,0
381978,381978,381982,4,0
381978,381978,381982,4,0
381978,381978,381982,4,0
381978,381978,381982,4,0
381978,381978,381982,4,0
381978,381978,381982,4,0
381978,381978,381983,5,0
381978,381978,381983,5,0
381978,381978,381983,5,0
381978,381978,381983,5,0
381978,381978,381983,5,0
381978,381978,381983,5,0
381978,381978,381983,5,0
381978,381978,381983,5,0
381978,381978,381983,5,0
381978,381978,381983,5,0
381978,381978,381983,5,0
381978,381978,381983,5,0
381978,381978,381983,5,0
381978,381978,381983,5,0
381978,381978,381983,5,0
381978,381978,381983,5,0
381978,381978,381983,5,0
381978,381978,381983,5,0
381978,381978,381983,5,0
381978,381978,381983,5,0
381978,381983,381987,4,5
381978,381983,381988,5,5
381978,381983,381988,5,5
381978,381983,381988,5,5
381978,381983,381988,5,5
381978,381983,381988,5,5
381978,381983,381988,5,5
381978,381983,381988,5,5
381978,381983,381988,5,5
381978,381983,381988,5,5
381978,381983,381988,5,5
381978,381983,381988,5,5
381978,381983,381988,5,5
381978,381983,381988,5,5
381978,381983,381988,5,5
381978,381983,381988,5,5
381978,381983,381988,5,5
381978,381983,381988,5,5
381978,381983,381988,5,5
381978,381983,381988,5,5
381978,381983,381988,5,5
381978,381983,381988,5,5
381978,381983,381988,5,5
381978,381983,381988,5,5
381978,381983,381988,5,5
381978,381983,381988,5,5
381978,381983,381988,5,5
381978,381983,381988,5,5
381978,381983,381988,5,5
381978,381983,381988,5,5
381978,381983,381988,5,5
381978,381984,381988,4,6
381978,381983,381988,5,5
381978,381983,381988,5,5
381978,381983,381988,5,5
381978,381983,381988,5,5
381978,381983,381988,5,5
381978,381983,381988,5,5
381978,381983,381988,5,5
381978,381983,381988,5,5
381978,381983,381988,5,5
381978,381983,381988,5,5
381978,381983,381988,5,5
381978,381983,381988,5,5
381978,381983,381988,5,5
381978,381983,381988,5,5
381978,381983,381988,5,5
381978,381983,381988,5,5
381978,381983,381988,5,5
381978,381983,381988,5,5
381978,381983,381988,5,5
381978,381983,381988,5,5
381978,381983,381988,5,5
381978,381983,381988,5,5
381978,381983,381988,5,5
381978,381983,381988,5,5
381978,381983,381988,5,5
381978,381983,381988,5,5
381978,381983,381988,5,5
381978,381983,381988,5,5
381978,381983,381989,6,5
381978,381983,381989,6,5
381978,381983,381988,5,5
381978,381983,381989,6,5
381978,381983,381989,6,5
381978,381984,381989,5,6
381978,381984,381989,5,6
381978,381984,381989,5,6
381978,381984,381989,5,6
381978,381984,381989,5,6
381978,381984,381989,5,6
381978,381984,381989,5,6
381978,381984,381989,5,6
381978,381984,381989,5,6
381978,381984,381989,5,6
381978,381984,381989,5,6
381978,381984,381989,5,6
381978,381984,381989,5,6
381978,381984,381989,5,6
381978,381984,381989,5,6
381978,381989,381991,2,11
381978,381988,381990,2,10
381978,381988,381991,3,10
381978,381988,381991,3,10
381978,381988,381991,3,10
381978,381988,381991,3,10
381978,381988,381991,3,10
381978,381989,381991,2,11
381978,381989,381991,2,11
381978,381989,381992,3,11
381978,381989,381991,2,11
381978,381989,381991,2,11
381978,381989,381991,2,11
381978,381989,381992,3,11
381978,381989,381991,2,11
381978,381989,381991,2,11
381978,381989,381991,2,11
381978,381989,381991,2,11
381978,381989,381991,2,11
381978,381989,381991,2,11
381978,381989,381991,2,11
381978,381989,381991,2,11
381978,381989,381992,3,11
381978,381989,381991,2,11
381978,381989,381991,2,11
381978,381989,381992,3,11
381978,381989,381991,2,11
381978,381989,381991,2,11
381978,381989,381991,2,11
381978,381989,381992,3,11
381978,381989,381991,2,11
381978,381989,381992,3,11
381978,381989,381992,3,11
381978,381989,381992,3,11
381978,381989,381992,3,11
381978,381989,381992,3,11
381978,381989,381992,3,11
381978,381989,381992,3,11
381978,381989,381992,3,11
381978,381989,381992,3,11
381997,381997,382001,4,0
381997,381997,382001,4,0
381997,381997,382001,4,0
381997,381997,382001,4,0
381997,381997,382001,4,0
381997,381997,382002,5,0
381997,381997,382002,5,0
381997,381997,382002,5,0
381997,381997,382001,4,0
381997,381997,382002,5,0
381997,381997,382001,4,0
381997,381997,382001,4,0
381997,381997,382001,4,0
381997,381997,382001,4,0
381997,381997,382001,4,0
381997,381997,382001,4,0
381997,381997,382001,4,0
381997,381997,382001,4,0
381997,381997,382001,4,0
381997,381997,382001,4,0
381997,381997,382002,5,0
381997,381997,382002,5,0
381997,381997,382001,4,0
381997,381997,382001,4,0
381997,381997,382001,4,0
381997,381997,382001,4,0
381997,381997,382002,5,0
381997,381997,382001,4,0
381997,381997,382001,4,0
381997,381997,382001,4,0
381997,381997,382001,4,0
381997,381997,382002,5,0
381997,381997,382002,5,0
381997,381997,382001,4,0
381997,381997,382001,4,0
381997,381997,382001,4,0
381997,381997,382001,4,0
381997,381997,382001,4,0
381997,381997,382001,4,0
381997,381997,382002,5,0
381997,381997,382001,4,0
381997,381997,382001,4,0
381997,381997,382001,4,0
381997,381997,382002,5,0
381997,381997,382001,4,0
381997,381997,382002,5,0
381997,381997,382001,4,0
381997,381997,382001,4,0
381997,381997,382001,4,0
381997,381997,382001,4,0
381997,381997,382001,4,0
381997,381997,382001,4,0
381997,381997,382001,4,0
381997,381997,382001,4,0
381997,381997,382001,4,0
381997,381997,382001,4,0
381997,381997,382002,5,0
381997,381997,382002,5,0
381997,381997,382002,5,0
381997,381997,382002,5,0
381997,381997,382003,6,0
381997,381997,382002,5,0
381997,381997,382003,6,0
381997,381997,382002,5,0
381997,381997,382002,5,0
381997,381997,382002,5,0
381997,381997,382003,6,0
381997,381997,382003,6,0
381997,381997,382002,5,0
381997,381997,382002,5,0
381997,381997,382003,6,0
381997,381997,382002,5,0
381997,381997,382003,6,0
381997,381997,382003,6,0
381997,381997,382003,6,0
381997,381997,382002,5,0
381997,381997,382003,6,0
381997,381997,382002,5,0
381997,381997,382003,6,0
381997,382001,382003,2,4
381997,381997,382003,6,0
381997,382002,382007,5,5
381997,382002,382007,5,5
381997,382002,382007,5,5
381997,382002,382007,5,5
381997,382002,382007,5,5
381997,382002,382007,5,5
381997,382002,382007,5,5
381997,382002,382007,5,5
381997,382002,382007,5,5
381997,382002,382007,5,5
381997,382002,382007,5,5
381997,382002,382007,5,5
381997,382002,382007,5,5
381997,382002,382007,5,5
381997,382002,382007,5,5
381997,382002,382007,5,5
381997,382002,382007,5,5
381997,382002,382007,5,5
381997,382002,382007,5,5
381997,382002,382007,5,5
381997,382002,382007,5,5
381997,382002,382007,5,5
381997,382002,382007,5,5
381997,382002,382007,5,5
381997,382002,382007,5,5
381997,382002,382007,5,5
381997,382002,382007,5,5
381997,382002,382007,5,5
381997,382002,382007,5,5
381997,382002,382007,5,5
381997,382002,382007,5,5
381997,382003,382007,4,6
381997,382002,382007,5,5
381997,382002,382007,5,5
381997,382002,382007,5,5
381997,382002,382007,5,5
381997,382002,382007,5,5
381997,382003,382007,4,6
381997,382002,382007,5,5
381997,382002,382007,5,5
381997,382002,382007,5,5
381997,382002,382007,5,5
381997,382002,382007,5,5
381997,382003,382007,4,6
381997,382002,382007,5,5
381997,382002,382007,5,5
381997,382002,382007,5,5
381997,382002,382007,5,5
381997,382002,382007,5,5
381997,382002,382007,5,5
381997,382002,382007,5,5
381997,382002,382007,5,5
381997,382002,382007,5,5
381997,382003,382007,4,6
381997,382003,382007,4,6
381997,382003,382007,4,6
381997,382003,382007,4,6
381997,382002,382007,5,5
381997,382002,382008,6,5
381997,382003,382008,5,6
381997,382002,382008,6,5
381997,382002,382008,6,5
381997,382002,382008,6,5
381997,382003,382008,5,6
381997,382002,382008,6,5
381997,382003,382009,6,6
381997,382003,382008,5,6
381997,382003,382008,5,6
381997,382003,382008,5,6
381997,382003,382008,5,6
381997,382003,382008,5,6
381997,382003,382009,6,6
381997,382002,382008,6,5
381997,382003,382009,6,6
381997,382003,382009,6,6
381997,382003,382008,5,6
381997,382003,382009,6,6
381997,382003,382008,5,6
381997,382003,382008,5,6
381997,382003,382009,6,6
381997,382008,382010,2,11
381997,382008,382010,2,11
381997,382008,382011,3,11
381997,382008,382010,2,11
381997,382008,382010,2,11
381997,382008,382010,2,11
381997,382008,382010,2,11
381997,382008,382010,2,11
381997,382008,382011,3,11
381997,382008,382011,3,11
381997,382008,382010,2,11
381997,382008,382010,2,11
381997,382008,382010,2,11
381997,382008,382010,2,11
381997,382008,382010,2,11
381997,382008,382011,3,11
381997,382008,382011,3,11
381997,382008,382010,2,11
381997,382008,382011,3,11
381997,382008,382010,2,11
381997,382008,382010,2,11
381997,382008,382010,2,11
381997,382008,382010,2,11
381997,382008,382010,2,11
381997,382008,382011,3,11
381997,382008,382011,3,11
381997,382008,382010,2,11
381997,382008,382011,3,11
381997,382008,382011,3,11
381997,382008,382011,3,11
381997,382008,382011,3,11
381997,382008,382011,3,11
381997,382008,382011,3,11
381997,382008,382011,3,11
381997,382008,382011,3,11
381997,382008,382011,3,11
381997,382008,382011,3,11
381997,382008,382011,3,11
381997,382008,382011,3,11
382016,382016,382020,4,0
382016,382016,382020,4,0
382016,382016,382020,4,0
382016,382016,382021,5,0
382016,382016,382021,5,0
382016,382016,382021,5,0
382016,382016,382020,4,0
382016,382016,382020,4,0
382016,382016,382021,5,0
382016,382016,382021,5,0
382016,382016,382021,5,0
382016,382016,382021,5,0
382016,382016,382020,4,0
382016,382016,382021,5,0
382016,382016,382020,4,0
382016,382016,382020,4,0
382016,382016,382020,4,0
382016,382016,382021,5,0
382016,382016,382021,5,0
382016,382016,382021,5,0
382016,382016,382021,5,0
382016,382016,382021,5,0
382016,382016,382020,4,0
382016,382016,382021,5,0
382016,382016,382021,5,0
382016,382016,382021,5,0
382016,382016,382021,5,0
382016,382016,382021,5,0
382016,382016,382020,4,0
382016,382016,382021,5,0
382016,382016,382021,5,0
382016,382016,382020,4,0
382016,382016,382021,5,0
382016,382016,382021,5,0
382016,382016,382020,4,0
382016,382016,382020,4,0
382016,382016,382021,5,0
382016,382016,382021,5,0
382016,382016,382021,5,0
382016,382016,382021,5,0
382016,382016,382020,4,0
382016,382016,382020,4,0
382016,382016,382021,5,0
382016,382016,382020,4,0
382016,382016,382021,5,0
382016,382016,382021,5,0
382016,382016,382021,5,0
382016,382016,382021,5,0
382016,382016,382020,4,0
382016,382016,382020,4,0
382016,382016,382021,5,0
382016,382016,382021,5,0
382016,382016,382021,5,0
382016,382016,382020,4,0
382016,382016,382021,5,0
382016,382016,382021,5,0
382016,382016,382021,5,0
382016,382016,382021,5,0
382016,382016,382021,5,0
382016,382016,382020,4,0
382016,382016,382020,4,0
382016,382016,382021,5,0
382016,382016,382021,5,0
382016,382016,382022,6,0
382016,382016,382022,6,0
382016,382016,382022,6,0
382016,382016,382022,6,0
382016,382016,382021,5,0
382016,382016,382022,6,0
382016,382016,382021,5,0
382016,382016,382021,5,0
382016,382016,382021,5,0
382016,382016,382021,5,0
382016,382016,382021,5,0
382016,382016,382021,5,0
382016,382016,382021,5,0
382016,382016,382022,6,0
382016,382016,382022,6,0
382016,382016,382022,6,0
382016,382020,382022,2,4
382016,382020,382022,2,4
382016,382016,382022,6,0
382016,382021,382026,5,5
382016,382021,382026,5,5
382016,382021,382026,5,5
382016,382021,382026,5,5
382016,382021,382026,5,5
382016,382021,382026,5,5
382016,382021,382026,5,5
382016,382021,382027,6,5
382016,382021,382026,5,5
382016,382021,382027,6,5
382016,382021,382027,6,5
382016,382021,382027,6,5
382016,382021,382027,6,5
382016,382021,382027,6,5
382016,382021,382027,6,5
382016,382021,382027,6,5
382016,382021,382028,7,5
382016,382021,382027,6,5
382016,382021,382027,6,5
382016,382021,382027,6,5
382016,382021,382027,6,5
382016,382021,382027,6,5
382016,382021,382027,6,5
382016,382021,382027,6,5
382016,382021,382027,6,5
382016,382021,382027,6,5
382016,382021,382027,6,5
382016,382021,382027,6,5
382016,382021,382027,6,5
382016,382023,382028,5,7
382016,382021,382027,6,5
382016,382021,382027,6,5
382016,382021,382027,6,5
382016,382021,382027,6,5
382016,382021,382027,6,5
382016,382021,382027,6,5
382016,382021,382027,6,5
382016,382021,382027,6,5
382016,382021,382027,6,5
382016,382023,382028,5,7
382016,382023,382027,4,7
382016,382023,382027,4,7
382016,382021,382027,6,5
382016,382021,382027,6,5
382016,382021,382027,6,5
382016,382021,382027,6,5
382016,382023,382027,4,7
382016,382023,382027,4,7
382016,382023,382028,5,7
382016,382021,382027,6,5
382016,382021,382027,6,5
382016,382021,382027,6,5
382016,382021,382027,6,5
382016,382021,382027,6,5
382016,382023,382027,4,7
382016,382021,382027,6,5
382016,382021,382027,6,5
382016,382021,382027,6,5
382016,382021,382027,6,5
382016,382021,382027,6,5
382016,382023,382027,4,7
382016,382023,382028,5,7
382016,382021,382027,6,5
382016,382021,382027,6,5
382016,382021,382027,6,5
382016,382021,382027,6,5
382016,382023,382027,4,7
382016,382023,382027,4,7
382016,382021,382027,6,5
382016,382021,382027,6,5
382016,382021,382027,6,5
382016,382023,382027,4,7
382016,382023,382027,4,7
382016,382027,382029,2,11
382016,382027,382028,1,11
382016,382027,382029,2,11
382016,382027,382028,1,11
382016,382027,382028,1,11
382016,382027,382029,2,11
382016,382021,382028,7,5
382016,382023,382028,5,7
382016,382023,382028,5,7
382016,382027,382028,1,11
382016,382027,382029,2,11
382016,382027,382029,2,11
382016,382023,382028,5,7
382016,382023,382028,5,7
382016,382023,382028,5,7
382016,382023,382028,5,7
382016,382028,382029,1,12
382016,382028,382030,2,12
382016,382028,382030,2,12
382016,382028,382029,1,12
382016,382028,382029,1,12
382016,382028,382029,1,12
382016,382028,382030,2,12
382016,382028,382029,1,12
382016,382028,382030,2,12
382016,382028,382030,2,12
382016,382028,382030,2,12
382016,382028,382030,2,12
382016,382028,382030,2,12
382016,382028,382030,2,12
382016,382028,382030,2,12
382016,382028,382030,2,12
382016,382028,382030,2,12
382016,382028,382030,2,12
382016,382028,382030,2,12
382016,382028,382030,2,12
382016,382028,382030,2,12
382016,382028,382030,2,12
382016,382028,382030,2,12
382016,382028,382030,2,12
382016,382028,382030,2,12
382016,382028,382030,2,12
382016,382028,382030,2,12
382016,382028,382030,2,12
382016,382028,382030,2,12
382035,382035,382039,4,0
382035,382035,382039,4,0
382035,382035,382039,4,0
382035,382035,382039,4,0
382035,382035,382039,4,0
382035,382035,382039,4,0
382035,382035,382039,4,0
382035,382035,382039,4,0
382035,382035,382039,4,0
382035,382035,382039,4,0
382035,382035,382039,4,0
382035,382035,382040,5,0
382035,382035,382040,5,0
382035,382035,382039,4,0
382035,382035,382039,4,0
382035,382035,382039,4,0
382035,382035,382039,4,0
382035,382035,382039,4,0
382035,382035,382040,5,0
382035,382035,382040,5,0
382035,382035,382039,4,0
382035,382035,382039,4,0
382035,382035,382039,4,0
382035,382035,382039,4,0
382035,382035,382039,4,0
382035,382035,382040,5,0
382035,382035,382040,5,0
382035,382035,382039,4,0
382035,382035,382039,4,0
382035,382035,382039,4,0
382035,382035,382039,4,0
382035,382035,382039,4,0
382035,382035,382039,4,0
382035,382035,382040,5,0
382035,382035,382040,5,0
382035,382035,382039,4,0
382035,382035,382039,4,0
382035,382035,382039,4,0
382035,382035,382039,4,0
382035,382035,382039,4,0
382035,382035,382040,5,0
382035,382035,382040,5,0
382035,382035,382040,5,0
382035,382035,382039,4,0
382035,382035,382039,4,0
382035,382035,382039,4,0
382035,382035,382039,4,0
382035,382035,382040,5,0
382035,382035,382040,5,0
382035,382035,382039,4,0
382035,382035,382039,4,0
382035,382035,382039,4,0
382035,382035,382039,4,0
382035,382035,382040,5,0
382035,382035,382040,5,0
382035,382035,382040,5,0
382035,382035,382039,4,0
382035,382035,382039,4,0
382035,382035,382039,4,0
382035,382035,382039,4,0
382035,382035,382039,4,0
382035,382035,382040,5,0
382035,382035,382040,5,0
382035,382035,382039,4,0
382035,382035,382039,4,0
382035,382035,382039,4,0
382035,382035,382039,4,0
382035,382035,382040,5,0
382035,382035,382040,5,0
382035,382035,382040,5,0
382035,382035,382039,4,0
382035,382035,382039,4,0
382035,382035,382039,4,0
382035,382035,382039,4,0
382035,382035,382040,5,0
382035,382035,382040,5,0
382035,382035,382040,5,0
382035,382035,382040,5,0
382035,382035,382040,5,0
382035,382035,382040,5,0
382035,382039,382041,2,4
382035,382039,382041,2,4
382035,382039,382041,2,4
382035,382039,382041,2,4
382035,382039,382041,2,4
382035,382039,382041,2,4
382035,382039,382041,2,4
382035,382039,382041,2,4
382035,382040,382043,3,5
382035,382040,382044,4,5
382035,382040,382044,4,5
382035,382040,382045,5,5
382035,382041,382045,4,6
382035,382040,382045,5,5
382035,382040,382045,5,5
382035,382040,382045,5,5
382035,382040,382045,5,5
382035,382040,382045,5,5
382035,382041,382045,4,6
382035,382041,382045,4,6
382035,382040,382045,5,5
382035,382040,382045,5,5
382035,382040,382045,5,5
382035,382040,382045,5,5
382035,382041,382045,4,6
382035,382041,382045,4,6
382035,382041,382045,4,6
382035,382040,382045,5,5
382035,382040,382045,5,5
382035,382040,382045,5,5
382035,382040,382045,5,5
382035,382040,382045,5,5
382035,382041,382045,4,6
382035,382041,382045,4,6
382035,382041,382045,4,6
382035,382041,382045,4,6
382035,382041,382045,4,6
382035,382041,382045,4,6
382035,382041,382045,4,6
382035,382041,382045,4,6
382035,382041,382045,4,6
382035,382041,382045,4,6
382035,382041,382045,4,6
382035,382041,382045,4,6
382035,382041,382045,4,6
382035,382042,382046,4,7
382035,382041,382045,4,6
382035,382041,382045,4,6
382035,382041,382045,4,6
382035,382041,382045,4,6
382035,382041,382045,4,6
382035,382042,382045,3,7
382035,382041,382045,4,6
382035,382041,382045,4,6
382035,382041,382045,4,6
382035,382041,382045,4,6
382035,382041,382045,4,6
382035,382041,382045,4,6
382035,382041,382045,4,6
382035,382042,382046,4,7
382035,382041,382045,4,6
382035,382041,382045,4,6
382035,382041,382045,4,6
382035,382041,382045,4,6
382035,382041,382045,4,6
382035,382041,382045,4,6
382035,382040,382045,5,5
382035,382040,382045,5,5
382035,382040,382045,5,5
382035,382040,382045,5,5
382035,382040,382045,5,5
382035,382041,382045,4,6
382035,382042,382045,3,7
382035,382041,382045,4,6
382035,382041,382045,4,6
382035,382041,382045,4,6
382035,382041,382046,5,6
382035,382041,382046,5,6
382035,382043,382046,3,8
382035,382042,382046,4,7
382035,382042,382046,4,7
382035,382042,382046,4,7
382035,382041,382046,5,6
382035,382042,382046,4,7
382035,382041,382046,5,6
382035,382042,382046,4,7
382035,382041,382046,5,6
382035,382041,382046,5,6
382035,382042,382046,4,7
382035,382045,382046,1,10
382035,382045,382046,1,10
382035,382045,382047,2,10
382035,382045,382047,2,10
382035,382046,382047,1,11
382035,382046,382048,2,11
382035,382046,382048,2,11
382035,382046,382048,2,11
382035,382046,382048,2,11
382035,382046,382048,2,11
382035,382046,382048,2,11
382035,382046,382048,2,11
382035,382046,382048,2,11
382035,382046,382049,3,11
382035,382046,382048,2,11
382035,382046,382049,3,11
382035,382046,382049,3,11
382035,382046,382048,2,11
382035,382046,382049,3,11
382035,382046,382048,2,11
382035,382046,382048,2,11
382035,382046,382048,2,11
382035,382046,382049,3,11
382035,382046,382048,2,11
382035,382046,382048,2,11
382035,382046,382049,3,11
382035,382046,382048,2,11
382035,382046,382049,3,11
382035,382046,382048,2,11
382035,382046,382049,3,11
382035,382046,382049,3,11
382054,382054,382058,4,0
382054,382054,382058,4,0
382054,382054,382058,4,0
382054,382054,382058,4,0
382054,382054,382058,4,0
382054,382054,382058,4,0
382054,382054,382058,4,0
382054,382054,382058,4,0
382054,382054,382058,4,0
382054,382054,382058,4,0
382054,382054,382058,4,0
382054,382054,382058,4,0
382054,382054,382059,5,0
382054,382054,382059,5,0
382054,382054,382059,5,0
382054,382054,382058,4,0
382054,382054,382058,4,0
382054,382054,382058,4,0
382054,382054,382058,4,0
382054,382054,382058,4,0
382054,382054,382058,4,0
382054,382054,382059,5,0
382054,382054,382059,5,0
382054,382054,382059,5,0
382054,382054,382058,4,0
382054,382054,382059,5,0
382054,382054,382059,5,0
382054,382054,382059,5,0
382054,382054,382059,5,0
382054,382054,382059,5,0
382054,382054,382059,5,0
382054,382054,382058,4,0
382054,382054,382058,4,0
382054,382054,382058,4,0
382054,382054,382058,4,0
382054,382054,382058,4,0
382054,382054,382058,4,0
382054,382054,382059,5,0
382054,382054,382059,5,0
382054,382054,382058,4,0
382054,382054,382058,4,0
382054,382054,382058,4,0
382054,382054,382058,4,0
382054,382054,382058,4,0
382054,382054,382058,4,0
382054,382054,382058,4,0
382054,382054,382059,5,0
382054,382054,382058,4,0
382054,382054,382058,4,0
382054,382054,382058,4,0
382054,382054,382058,4,0
382054,382054,382058,4,0
382054,382054,382059,5,0
382054,382054,382058,4,0
382054,382054,382058,4,0
382054,382054,382058,4,0
382054,382054,382059,5,0
382054,382054,382059,5,0
382054,382054,382059,5,0
382054,382054,382058,4,0
382054,382054,382058,4,0
382054,382054,382058,4,0
382054,382054,382058,4,0
382054,382054,382059,5,0
382054,382054,382058,4,0
382054,382054,382058,4,0
382054,382054,382058,4,0
382054,382054,382059,5,0
382054,382054,382059,5,0
382054,382054,382059,5,0
382054,382054,382059,5,0
382054,382054,382059,5,0
382054,382054,382060,6,0
382054,382054,382059,5,0
382054,382054,382060,6,0
382054,382054,382060,6,0
382054,382054,382060,6,0
382054,382054,382060,6,0
382054,382054,382059,5,0
382054,382054,382060,6,0
382054,382058,382060,2,4
382054,382058,382060,2,4
382054,382058,382060,2,4
382054,382058,382060,2,4
382054,382058,382060,2,4
382054,382058,382060,2,4
382054,382058,382060,2,4
382054,382059,382064,5,5
382054,382060,382064,4,6
382054,382060,382064,4,6
382054,382060,382064,4,6
382054,382060,382064,4,6
382054,382059,382063,4,5
382054,382060,382064,4,6
382054,382060,382064,4,6
382054,382060,382064,4,6
382054,382060,382064,4,6
382054,382060,382064,4,6
382054,382059,382064,5,5
382054,382060,382064,4,6
382054,382060,382064,4,6
382054,382060,382064,4,6
382054,382059,382064,5,5
382054,382059,382064,5,5
382054,382060,382064,4,6
382054,382060,382064,4,6
382054,382060,382064,4,6
382054,382060,382064,4,6
382054,382060,382064,4,6
382054,382060,382064,4,6
382054,382059,382064,5,5
382054,382059,382064,5,5
382054,382060,382064,4,6
382054,382060,382064,4,6
382054,382060,382064,4,6
382054,382060,382064,4,6
382054,382060,382064,4,6
382054,382060,382064,4,6
382054,382059,382064,5,5
382054,382060,382064,4,6
382054,382060,382064,4,6
382054,382060,382064,4,6
382054,382060,382064,4,6
382054,382060,382064,4,6
382054,382060,382064,4,6
382054,382059,382064,5,5
382054,382059,382064,5,5
382054,382059,382064,5,5
382054,382060,382064,4,6
382054,382060,382064,4,6
382054,382061,382064,3,7
382054,382061,382064,3,7
382054,382059,382064,5,5
382054,382059,382064,5,5
382054,382060,382064,4,6
382054,382060,382064,4,6
382054,382061,382064,3,7
382054,382060,382064,4,6
382054,382060,382064,4,6
382054,382060,382064,4,6
382054,382060,382064,4,6
382054,382061,382065,4,7
382054,382061,382065,4,7
382054,382060,382064,4,6
382054,382060,382064,4,6
382054,382060,382064,4,6
382054,382061,382065,4,7
382054,382060,382064,4,6
382054,382061,382065,4,7
382054,382059,382064,5,5
382054,382059,382064,5,5
382054,382060,382064,4,6
382054,382060,382064,4,6
382054,382060,382064,4,6
382054,382060,382065,5,6
382054,382060,382065,5,6
382054,382059,382064,5,5
382054,382060,382064,4,6
382054,382060,382064,4,6
382054,382061,382065,4,7
382054,382064,382065,1,10
382054,382061,382065,4,7
382054,382061,382065,4,7
382054,382061,382065,4,7
382054,382061,382065,4,7
382054,382064,382065,1,10
382054,382064,382066,2,10
382054,382061,382065,4,7
382054,382061,382065,4,7
382054,382064,382065,1,10
382054,382064,382066,2,10
382054,382064,382066,2,10
382054,382064,382066,2,10
382054,382064,382066,2,10
382054,382064,382066,2,10
382054,382064,382066,2,10
382054,382064,382066,2,10
382054,382060,382065,5,6
382054,382065,382066,1,11
382054,382065,382067,2,11
382054,382065,382067,2,11
382054,382065,382067,2,11
382054,382065,382067,2,11
382054,382064,382066,2,10
382054,382064,382066,2,10
382054,382064,382066,2,10
382054,382064,382066,2,10
382054,382065,382067,2,11
382054,382065,382067,2,11
382054,382065,382067,2,11
382054,382065,382067,2,11
382054,382065,382067,2,11
382054,382065,382067,2,11
382054,382065,382067,2,11
382054,382065,382067,2,11
382054,382065,382067,2,11
382054,382065,382067,2,11
382054,382065,382067,2,11
382054,382065,382067,2,11
382054,382065,382067,2,11
382072,382072,382077,5,0
382072,382072,382077,5,0
382072,382072,382077,5,0
382072,382072,382077,5,0
382072,382072,382077,5,0
382072,382072,382077,5,0
382072,382072,382077,5,0
382072,382072,382077,5,0
382072,382072,382077,5,0
382072,382072,382077,5,0
382072,382072,382077,5,0
382072,382072,382077,5,0
382072,382072,382077,5,0
382072,382072,382077,5,0
382072,382072,382077,5,0
382072,382072,382077,5,0
382072,382072,382077,5,0
382072,382072,382077,5,0
382072,382072,382077,5,0
382072,382072,382077,5,0
382072,382072,382077,5,0
382072,382072,382077,5,0
382072,382072,382077,5,0
382072,382072,382077,5,0
382072,382072,382077,5,0
382072,382072,382077,5,0
382072,382072,382077,5,0
382072,382072,382077,5,0
382072,382072,382077,5,0
382072,382072,382077,5,0
382072,382072,382077,5,0
382072,382072,382077,5,0
382072,382072,382077,5,0
382072,382072,382077,5,0
382072,382072,382077,5,0
382072,382072,382077,5,0
382072,382072,382077,5,0
382072,382072,382077,5,0
382072,382072,382077,5,0
382072,382072,382077,5,0
382072,382072,382077,5,0
382072,382072,382077,5,0
382072,382072,382077,5,0
382072,382072,382077,5,0
382072,382072,382077,5,0
382072,382072,382077,5,0
382072,382072,382077,5,0
382072,382072,382077,5,0
382072,382072,382077,5,0
382072,382072,382077,5,0
382072,382072,382077,5,0
382072,382072,382077,5,0
382072,382072,382077,5,0
382072,382072,382077,5,0
382072,382072,382077,5,0
382072,382072,382077,5,0
382072,382072,382077,5,0
382072,382072,382078,6,0
382072,382072,382077,5,0
382072,382072,382078,6,0
382072,382072,382077,5,0
382072,382072,382077,5,0
382072,382072,382078,6,0
382072,382072,382078,6,0
382072,382072,382078,6,0
382072,382072,382078,6,0
382072,382072,382078,6,0
382072,382072,382078,6,0
382072,382072,382078,6,0
382072,382072,382078,6,0
382072,382072,382078,6,0
382072,382072,382078,6,0
382072,382072,382078,6,0
382072,382072,382078,6,0
382072,382072,382078,6,0
382072,382072,382078,6,0
382072,382072,382078,6,0
382072,382072,382078,6,0
382072,382072,382078,6,0
382072,382072,382078,6,0
382072,382078,382082,4,6
382072,382078,382083,5,6
382072,382078,382083,5,6
382072,382078,382083,5,6
382072,382078,382083,5,6
382072,382078,382082,4,6
382072,382078,382083,5,6
382072,382078,382083,5,6
382072,382078,382083,5,6
382072,382078,382083,5,6
382072,382078,382083,5,6
382072,382078,382083,5,6
382072,382078,382083,5,6
382072,382078,382083,5,6
382072,382078,382083,5,6
382072,382078,382083,5,6
382072,382078,382083,5,6
382072,382078,382083,5,6
382072,382078,382083,5,6
382072,382078,382082,4,6
382072,382078,382083,5,6
382072,382078,382083,5,6
382072,382078,382083,5,6
382072,382078,382083,5,6
382072,382078,382083,5,6
382072,382079,382083,4,7
382072,382078,382083,5,6
382072,382078,382083,5,6
382072,382078,382083,5,6
382072,382078,382083,5,6
382072,382078,382083,5,6
382072,382078,382083,5,6
382072,382078,382083,5,6
382072,382078,382083,5,6
382072,382078,382083,5,6
382072,382078,382083,5,6
382072,382078,382083,5,6
382072,382078,382083,5,6
382072,382078,382083,5,6
382072,382078,382083,5,6
382072,382078,382083,5,6
382072,382078,382082,4,6
382072,382078,382083,5,6
382072,382078,382083,5,6
382072,382078,382083,5,6
382072,382078,382083,5,6
382072,382078,382083,5,6
382072,382078,382083,5,6
382072,382078,382083,5,6
382072,382078,382083,5,6
382072,382078,382083,5,6
382072,382078,382083,5,6
382072,382078,382083,5,6
382072,382078,382083,5,6
382072,382078,382083,5,6
382072,382078,382083,5,6
382072,382078,382083,5,6
382072,382079,382083,4,7
382072,382078,382083,5,6
382072,382078,382083,5,6
382072,382078,382083,5,6
382072,382078,382083,5,6
382072,382079,382084,5,7
382072,382079,382083,4,7
382072,382079,382083,4,7
382072,382078,382083,5,6
382072,382078,382083,5,6
382072,382079,382084,5,7
382072,382079,382084,5,7
382072,382079,382084,5,7
382072,382079,382084,5,7
382072,382079,382083,4,7
382072,382079,382083,4,7
382072,382079,382084,5,7
382072,382082,382084,2,10
382072,382079,382083,4,7
382072,382079,382083,4,7
382072,382079,382084,5,7
382072,382079,382083,4,7
382072,382079,382084,5,7
382072,382079,382083,4,7
382072,382083,382085,2,11
382072,382083,382085,2,11
382072,382083,382085,2,11
382072,382083,382085,2,11
382072,382083,382085,2,11
382072,382083,382085,2,11
382072,382083,382085,2,11
382072,382083,382086,3,11
382072,382083,382086,3,11
382072,382083,382086,3,11
382072,382083,382086,3,11
382072,382083,382086,3,11
382072,382083,382086,3,11
382072,382083,382086,3,11
382072,382083,382086,3,11
382072,382083,382086,3,11
382072,382083,382086,3,11
382072,382083,382086,3,11
382072,382083,382086,3,11
382072,382083,382086,3,11
382072,382083,382086,3,11
382072,382083,382086,3,11
382072,382083,382086,3,11
382072,382083,382086,3,11
382072,382083,382086,3,11
382072,382083,382086,3,11
382072,382083,382085,2,11
382072,382083,382086,3,11
382072,382083,382086,3,11
382072,382083,382086,3,11
382072,382083,382086,3,11
382072,382083,382086,3,11
382072,382083,382086,3,11
382072,382083,382086,3,11
382072,382083,382086,3,11
382072,382083,382086,3,11
382072,382083,382086,3,11
382072,382083,382086,3,11
382072,382083,382086,3,11
382091,382091,382095,4,0
382091,382091,382096,5,0
382091,382091,382096,5,0
382091,382091,382096,5,0
382091,382091,382096,5,0
382091,382091,382096,5,0
382091,382091,382095,4,0
382091,382091,382096,5,0
382091,382091,382096,5,0
382091,382091,382096,5,0
382091,382091,382095,4,0
382091,382091,382095,4,0
382091,382091,382096,5,0
382091,382091,382096,5,0
382091,382091,382096,5,0
382091,382091,382096,5,0
382091,382091,382096,5,0
382091,382091,382096,5,0
382091,382091,382096,5,0
382091,382091,382096,5,0
382091,382091,382096,5,0
382091,382091,382096,5,0
382091,382091,382095,4,0
382091,382091,382095,4,0
382091,382091,382096,5,0
382091,382091,382096,5,0
382091,382091,382096,5,0
382091,382091,382096,5,0
382091,382091,382096,5,0
382091,382091,382096,5,0
382091,382091,382096,5,0
382091,382091,382096,5,0
382091,382091,382095,4,0
382091,382091,382096,5,0
382091,382091,382096,5,0
382091,382091,382096,5,0
382091,382091,382096,5,0
382091,382091,382096,5,0
382091,382091,382096,5,0
382091,382091,382095,4,0
382091,382091,382096,5,0
382091,382091,382096,5,0
382091,382091,382096,5,0
382091,382091,382096,5,0
382091,382091,382096,5,0
382091,382091,382095,4,0
382091,382091,382096,5,0
382091,382091,382096,5,0
382091,382091,382096,5,0
382091,382091,382096,5,0
382091,382091,382095,4,0
382091,382091,382096,5,0
382091,382091,382095,4,0
382091,382091,382096,5,0
382091,382091,382096,5,0
382091,382091,382096,5,0
382091,382091,382097,6,0
382091,382091,382097,6,0
382091,382091,382097,6,0
382091,382091,382097,6,0
382091,382091,382097,6,0
382091,382091,382096,5,0
382091,382091,382096,5,0
382091,382091,382097,6,0
382091,382091,382097,6,0
382091,382091,382097,6,0
382091,382091,382096,5,0
382091,382091,382096,5,0
382091,382091,382096,5,0
382091,382091,382096,5,0
382091,382091,382096,5,0
382091,382091,382096,5,0
382091,382091,382096,5,0
382091,382091,382096,5,0
382091,382091,382097,6,0
382091,382091,382096,5,0
382091,382091,382097,6,0
382091,382091,382096,5,0
382091,382091,382096,5,0
382091,382091,382096,5,0
382091,382096,382100,4,5
382091,382096,382100,4,5
382091,382096,382101,5,5
382091,382096,382100,4,5
382091,382096,382100,4,5
382091,382096,382101,5,5
382091,382096,382101,5,5
382091,382096,382101,5,5
382091,382096,382100,4,5
382091,382097,382100,3,6
382091,382096,382100,4,5
382091,382097,382100,3,6
382091,382096,382101,5,5
382091,382096,382101,5,5
382091,382096,382101,5,5
382091,382096,382101,5,5
382091,382096,382101,5,5
382091,382096,382101,5,5
382091,382096,382101,5,5
382091,382096,382102,6,5
382091,382096,382101,5,5
382091,382096,382101,5,5
382091,382096,382101,5,5
382091,382096,382101,5,5
382091,382096,382101,5,5
382091,382096,382101,5,5
382091,382096,382101,5,5
382091,382096,382101,5,5
382091,382096,382101,5,5
382091,382096,382101,5,5
382091,382096,382101,5,5
382091,382096,382101,5,5
382091,382096,382101,5,5
382091,382096,382101,5,5
382091,382096,382101,5,5
382091,382098,382101,3,7
382091,382096,382101,5,5
382091,382096,382101,5,5
382091,382096,382101,5,5
382091,382096,382101,5,5
382091,382098,382101,3,7
382091,382098,382101,3,7
382091,382098,382101,3,7
382091,382096,382101,5,5
382091,382096,382101,5,5
382091,382096,382101,5,5
382091,382098,382101,3,7
382091,382098,382101,3,7
382091,382098,382102,4,7
382091,382098,382102,4,7
382091,382096,382101,5,5
382091,382096,382101,5,5
382091,382096,382101,5,5
382091,382096,382101,5,5
382091,382098,382101,3,7
382091,382096,382101,5,5
382091,382096,382101,5,5
382091,382096,382101,5,5
382091,382096,382101,5,5
382091,382096,382101,5,5
382091,382098,382102,4,7
382091,382096,382101,5,5
382091,382096,382101,5,5
382091,382096,382101,5,5
382091,382098,382101,3,7
382091,382096,382101,5,5
382091,382096,382101,5,5
382091,382098,382102,4,7
382091,382098,382101,3,7
382091,382098,382101,3,7
382091,382098,382102,4,7
382091,382101,382103,2,10
382091,382098,382102,4,7
382091,382096,382102,6,5
382091,382098,382102,4,7
382091,382098,382102,4,7
382091,382101,382103,2,10
382091,382098,382102,4,7
382091,382098,382102,4,7
382091,382098,382102,4,7
382091,382098,382102,4,7
382091,382098,382102,4,7
382091,382101,382102,1,10
382091,382101,382102,1,10
382091,382102,382104,2,11
382091,382102,382104,2,11
382091,382102,382103,1,11
382091,382101,382103,2,10
382091,382101,382103,2,10
382091,382101,382103,2,10
382091,382101,382103,2,10
382091,382101,382103,2,10
382091,382101,382103,2,10
382091,382102,382103,1,11
382091,382102,382103,1,11
382091,382102,382104,2,11
382091,382102,382103,1,11
382091,382102,382104,2,11
382091,382102,382104,2,11
382091,382101,382103,2,10
382091,382101,382103,2,10
382091,382102,382104,2,11
382091,382102,382104,2,11
382091,382102,382103,1,11
382091,382102,382104,2,11
382091,382102,382104,2,11
382091,382102,382104,2,11
382091,382102,382104,2,11
382091,382102,382104,2,11
382091,382102,382104,2,11
382091,382102,382104,2,11
382091,382102,382104,2,11
382091,382102,382104,2,11
382091,382102,382104,2,11
382091,382102,382104,2,11
382091,382102,382105,3,11
382091,382102,382104,2,11
382091,382102,382104,2,11
382091,382102,382105,3,11
382091,382102,382105,3,11
382109,382109,382113,4,0
382109,382109,382113,4,0
382109,382109,382113,4,0
382109,382109,382113,4,0
382109,382109,382113,4,0
382109,382109,382113,4,0
382109,382109,382113,4,0
382109,382109,382113,4,0
382109,382109,382113,4,0
382109,382109,382113,4,0
382109,382109,382113,4,0
382109,382109,382113,4,0
382109,382109,382113,4,0
382109,382109,382113,4,0
382109,382109,382113,4,0
382109,382109,382113,4,0
382109,382109,382113,4,0
382109,382109,382113,4,0
382109,382109,382113,4,0
382109,382109,382113,4,0
382109,382109,382113,4,0
382109,382109,382113,4,0
382109,382109,382113,4,0
382109,382109,382113,4,0
382109,382109,382113,4,0
382109,382109,382113,4,0
382109,382109,382113,4,0
382109,382109,382113,4,0
382109,382109,382113,4,0
382109,382109,382113,4,0
382109,382109,382113,4,0
382109,382109,382113,4,0
382109,382109,382113,4,0
382109,382109,382113,4,0
382109,382109,382113,4,0
382109,382109,382113,4,0
382109,382109,382113,4,0
382109,382109,382113,4,0
382109,382109,382113,4,0
382109,382109,382113,4,0
382109,382109,382114,5,0
382109,382109,382113,4,0
382109,382109,382114,5,0
382109,382109,382114,5,0
382109,382109,382114,5,0
382109,382109,382114,5,0
382109,382109,382114,5,0
382109,382109,382114,5,0
382109,382109,382114,5,0
382109,382109,382114,5,0
382109,382109,382114,5,0
382109,382109,382114,5,0
382109,382109,382114,5,0
382109,382109,382114,5,0
382109,382109,382114,5,0
382109,382109,382114,5,0
382109,382109,382114,5,0
382109,382109,382114,5,0
382109,382109,382114,5,0
382109,382109,382114,5,0
382109,382109,382114,5,0
382109,382109,382114,5,0
382109,382109,382114,5,0
382109,382109,382114,5,0
382109,382109,382114,5,0
382109,382109,382114,5,0
382109,382109,382114,5,0
382109,382109,382114,5,0
382109,382109,382114,5,0
382109,382109,382114,5,0
382109,382109,382114,5,0
382109,382109,382114,5,0
382109,382109,382114,5,0
382109,382109,382114,5,0
382109,382109,382114,5,0
382109,382109,382114,5,0
382109,382109,382115,6,0
382109,382109,382115,6,0
382109,382110,382115,5,1
382109,382109,382115,6,0
382109,382114,382117,3,5
382109,382114,382119,5,5
382109,382114,382119,5,5
382109,382114,382119,5,5
382109,382114,382119,5,5
382109,382114,382119,5,5
382109,382114,382119,5,5
382109,382114,382119,5,5
382109,382114,382119,5,5
382109,382114,382119,5,5
382109,382114,382119,5,5
382109,382114,382119,5,5
382109,382114,382119,5,5
382109,382116,382120,4,7
382109,382114,382119,5,5
382109,382114,382119,5,5
382109,382114,382119,5,5
382109,382114,382119,5,5
382109,382114,382119,5,5
382109,382114,382119,5,5
382109,382115,382120,5,6
382109,382114,382119,5,5
382109,382114,382119,5,5
382109,382114,382119,5,5
382109,382114,382119,5,5
382109,382114,382119,5,5
382109,382114,382119,5,5
382109,382115,382120,5,6
382109,382114,382119,5,5
382109,382114,382119,5,5
382109,382114,382119,5,5
382109,382114,382119,5,5
382109,382114,382119,5,5
382109,382115,382120,5,6
382109,382115,382120,5,6
382109,382115,382120,5,6
382109,382114,382119,5,5
382109,382114,382119,5,5
382109,382114,382119,5,5
382109,382114,382119,5,5
382109,382114,382119,5,5
382109,382115,382120,5,6
382109,382115,382120,5,6
382109,382115,382120,5,6
382109,382114,382119,5,5
382109,382114,382119,5,5
382109,382114,382119,5,5
382109,382114,382119,5,5
382109,382114,382119,5,5
382109,382114,382119,5,5
382109,382114,382119,5,5
382109,382114,382119,5,5
382109,382114,382119,5,5
382109,382114,382119,5,5
382109,382115,382119,4,6
382109,382115,382120,5,6
382109,382115,382119,4,6
382109,382114,382119,5,5
382109,382114,382119,5,5
382109,382114,382119,5,5
382109,382115,382119,4,6
382109,382115,382120,5,6
382109,382115,382120,5,6
382109,382115,382119,4,6
382109,382114,382119,5,5
382109,382114,382119,5,5
382109,382114,382119,5,5
382109,382114,382119,5,5
382109,382115,382119,4,6
382109,382115,382120,5,6
382109,382115,382119,4,6
382109,382114,382120,6,5
382109,382114,382120,6,5
382109,382114,382120,6,5
382109,382116,382120,4,7
382109,382116,382120,4,7
382109,382119,382121,2,10
382109,382118,382120,2,9
382109,382119,382121,2,10
382109,382115,382120,5,6
382109,382115,382120,5,6
382109,382116,382120,4,7
382109,382115,382120,5,6
382109,382120,382122,2,11
382109,382120,382122,2,11
382109,382120,382122,2,11
382109,382120,382122,2,11
382109,382120,382122,2,11
382109,382120,382122,2,11
382109,382120,382122,2,11
382109,382120,382122,2,11
382109,382120,382122,2,11
382109,382120,382122,2,11
382109,382120,382122,2,11
382109,382120,382123,3,11
382109,382120,382123,3,11
382109,382120,382123,3,11
382109,382120,382123,3,11
382109,382120,382123,3,11
382109,382120,382123,3,11
382109,382120,382123,3,11
382109,382120,382123,3,11
382109,382120,382123,3,11
382109,382120,382122,2,11
382109,382120,382123,3,11
382109,382120,382123,3,11
382109,382120,382122,2,11
382109,382120,382123,3,11
382109,382120,382123,3,11
382109,382120,382123,3,11
382109,382120,382123,3,11
382109,382120,382123,3,11
382109,382120,382123,3,11
382109,382120,382123,3,11
382109,382120,382123,3,11
382109,382120,382123,3,11
382109,382120,382123,3,11
382109,382120,382123,3,11
382109,382120,382123,3,11
382109,382120,382123,3,11
382127,382127,382132,5,0
382127,382127,382132,5,0
382127,382127,382132,5,0
382127,382127,382132,5,0
382127,382127,382132,5,0
382127,382127,382132,5,0
382127,382127,382132,5,0
382127,382127,382132,5,0
382127,382127,382131,4,0
382127,382127,382132,5,0
382127,382127,382132,5,0
382127,382127,382132,5,0
382127,382127,382132,5,0
382127,382127,382132,5,0
382127,382127,382132,5,0
382127,382127,382132,5,0
382127,382127,382132,5,0
382127,382127,382132,5,0
382127,382127,382132,5,0
382127,382127,382132,5,0
382127,382127,382132,5,0
382127,382127,382132,5,0
382127,382127,382132,5,0
382127,382127,382132,5,0
382127,382127,382132,5,0
382127,382127,382132,5,0
382127,382127,382132,5,0
382127,382127,382132,5,0
382127,382127,382132,5,0
382127,382127,382132,5,0
382127,382127,382132,5,0
382127,382127,382132,5,0
382127,382127,382132,5,0
382127,382127,382132,5,0
382127,382127,382132,5,0
382127,382127,382132,5,0
382127,382127,382132,5,0
382127,382127,382132,5,0
382127,382127,382132,5,0
382127,382127,382132,5,0
382127,382127,382132,5,0
382127,382127,382132,5,0
382127,382127,382132,5,0
382127,382127,382132,5,0
382127,382127,382132,5,0
382127,382127,382132,5,0
382127,382127,382132,5,0
382127,382127,382132,5,0
382127,382127,382132,5,0
382127,382127,382132,5,0
382127,382127,382132,5,0
382127,382127,382132,5,0
382127,382127,382132,5,0
382127,382127,382132,5,0
382127,382127,382132,5,0
382127,382127,382132,5,0
382127,382127,382132,5,0
382127,382127,382132,5,0
382127,382127,382132,5,0
382127,382127,382132,5,0
382127,382127,382132,5,0
382127,382127,382133,6,0
382127,382127,382133,6,0
382127,382127,382133,6,0
382127,382127,382133,6,0
382127,382127,382133,6,0
382127,382127,382133,6,0
382127,382127,382133,6,0
382127,382127,382133,6,0
382127,382127,382133,6,0
382127,382127,382133,6,0
382127,382127,382133,6,0
382127,382127,382133,6,0
382127,382127,382133,6,0
382127,382127,382133,6,0
382127,382127,382133,6,0
382127,382127,382133,6,0
382127,382127,382133,6,0
382127,382127,382133,6,0
382127,382127,382133,6,0
382127,382133,382138,5,6
382127,382133,382138,5,6
382127,382133,382138,5,6
382127,382133,382138,5,6
382127,382133,382138,5,6
382127,382133,382138,5,6
382127,382133,382138,5,6
382127,382133,382138,5,6
382127,382133,382138,5,6
382127,382133,382138,5,6
382127,382133,382138,5,6
382127,382133,382137,4,6
382127,382133,382138,5,6
382127,382133,382138,5,6
382127,382133,382138,5,6
382127,382133,382138,5,6
382127,382133,382138,5,6
382127,382133,382138,5,6
382127,382133,382138,5,6
382127,382133,382138,5,6
382127,382133,382138,5,6
382127,382133,382138,5,6
382127,382133,382138,5,6
382127,382133,382138,5,6
382127,382133,382138,5,6
382127,382133,382138,5,6
382127,382133,382138,5,6
382127,382133,382138,5,6
382127,382133,382138,5,6
382127,382133,382138,5,6
382127,382133,382138,5,6
382127,382133,382138,5,6
382127,382133,382138,5,6
382127,382133,382138,5,6
382127,382133,382138,5,6
382127,382133,382138,5,6
382127,382133,382138,5,6
382127,382133,382138,5,6
382127,382133,382138,5,6
382127,382133,382138,5,6
382127,382133,382138,5,6
382127,382133,382138,5,6
382127,382133,382138,5,6
382127,382133,382138,5,6
382127,382133,382138,5,6
382127,382133,382138,5,6
382127,382133,382138,5,6
382127,382133,382138,5,6
382127,382133,382138,5,6
382127,382133,382138,5,6
382127,382133,382138,5,6
382127,382133,382138,5,6
382127,382133,382138,5,6
382127,382133,382138,5,6
382127,382133,382138,5,6
382127,382133,382138,5,6
382127,382133,382138,5,6
382127,382133,382138,5,6
382127,382134,382138,4,7
382127,382134,382138,4,7
382127,382133,382138,5,6
382127,382133,382138,5,6
382127,382133,382138,5,6
382127,382133,382138,5,6
382127,382133,382138,5,6
382127,382133,382138,5,6
382127,382134,382139,5,7
382127,382134,382139,5,7
382127,382134,382139,5,7
382127,382134,382139,5,7
382127,382134,382139,5,7
382127,382134,382139,5,7
382127,382134,382139,5,7
382127,382134,382139,5,7
382127,382134,382138,4,7
382127,382134,382138,4,7
382127,382134,382138,4,7
382127,382134,382138,4,7
382127,382134,382138,4,7
382127,382134,382138,4,7
382127,382138,382140,2,11
382127,382138,382140,2,11
382127,382138,382140,2,11
382127,382138,382140,2,11
382127,382138,382140,2,11
382127,382138,382140,2,11
382127,382138,382140,2,11
382127,382138,382140,2,11
382127,382138,382140,2,11
382127,382138,382140,2,11
382127,382138,382140,2,11
382127,382138,382141,3,11
382127,382138,382141,3,11
382127,382138,382141,3,11
382127,382138,382141,3,11
382127,382138,382141,3,11
382127,382138,382141,3,11
382127,382138,382141,3,11
382127,382138,382141,3,11
382127,382138,382140,2,11
382127,382138,382141,3,11
382127,382138,382141,3,11
382127,382138,382141,3,11
382127,382138,382141,3,11
382127,382138,382141,3,11
382127,382138,382141,3,11
382127,382138,382141,3,11
382127,382138,382141,3,11
382127,382138,382141,3,11
382127,382138,382141,3,11
382127,382138,382141,3,11
382127,382138,382141,3,11
382127,382138,382141,3,11
382127,382138,382141,3,11
382127,382138,382141,3,11
382127,382138,382141,3,11
382127,382138,382141,3,11
382127,382138,382141,3,11
382127,382138,382141,3,11
382127,382138,382141,3,11
382146,382147,382150,3,1
382146,382147,382151,4,1
382146,382147,382150,3,1
382146,382147,382151,4,1
382146,382147,382151,4,1
382146,382147,382150,3,1
382146,382147,382150,3,1
382146,382147,382150,3,1
382146,382147,382151,4,1
382146,382147,382150,3,1
382146,382147,382150,3,1
382146,382147,382150,3,1
382146,382147,382151,4,1
382146,382147,382151,4,1
382146,382147,382151,4,1
382146,382147,382150,3,1
382146,382147,382150,3,1
382146,382147,382151,4,1
382146,382147,382151,4,1
382146,382147,382151,4,1
382146,382147,382150,3,1
382146,382147,382151,4,1
382146,382147,382150,3,1
382146,382147,382151,4,1
382146,382147,382150,3,1
382146,382147,382151,4,1
382146,382147,382151,4,1
382146,382147,382151,4,1
382146,382147,382151,4,1
382146,382147,382150,3,1
382146,382147,382150,3,1
382146,382147,382151,4,1
382146,382147,382151,4,1
382146,382147,382150,3,1
382146,382147,382151,4,1
382146,382147,382150,3,1
382146,382147,382150,3,1
382146,382147,382151,4,1
382146,382147,382150,3,1
382146,382147,382151,4,1
382146,382147,382150,3,1
382146,382147,382151,4,1
382146,382147,382151,4,1
382146,382147,382151,4,1
382146,382147,382151,4,1
382146,382147,382151,4,1
382146,382147,382152,5,1
382146,382147,382152,5,1
382146,382147,382151,4,1
382146,382147,382152,5,1
382146,382147,382151,4,1
382146,382147,382151,4,1
382146,382147,382151,4,1
382146,382147,382151,4,1
382146,382147,382151,4,1
382146,382147,382151,4,1
382146,382147,382152,5,1
382146,382147,382152,5,1
382146,382147,382151,4,1
382146,382147,382151,4,1
382146,382147,382151,4,1
382146,382147,382151,4,1
382146,382147,382151,4,1
382146,382147,382151,4,1
382146,382147,382151,4,1
382146,382147,382151,4,1
382146,382147,382152,5,1
382146,382147,382151,4,1
382146,382147,382151,4,1
382146,382147,382151,4,1
382146,382147,382151,4,1
382146,382147,382151,4,1
382146,382147,382151,4,1
382146,382147,382151,4,1
382146,382147,382152,5,1
382146,382147,382152,5,1
382146,382147,382152,5,1
382146,382147,382152,5,1
382146,382147,382152,5,1
382146,382147,382152,5,1
382146,382151,382154,3,5
382146,382151,382155,4,5
382146,382151,382155,4,5
382146,382151,382155,4,5
382146,382151,382155,4,5
382146,382151,382155,4,5
382146,382151,382155,4,5
382146,382151,382155,4,5
382146,382152,382156,4,6
382146,382152,382156,4,6
382146,382152,382156,4,6
382146,382151,382155,4,5
382146,382151,382155,4,5
382146,382151,382155,4,5
382146,382151,382155,4,5
382146,382152,382156,4,6
382146,382152,382156,4,6
382146,382152,382156,4,6
382146,382152,382155,3,6
382146,382151,382155,4,5
382146,382151,382155,4,5
382146,382151,382155,4,5
382146,382151,382155,4,5
382146,382152,382155,3,6
382146,382152,382156,4,6
382146,382152,382155,3,6
382146,382151,382155,4,5
382146,382151,382155,4,5
382146,382151,382155,4,5
382146,382151,382155,4,5
382146,382151,382155,4,5
382146,382152,382156,4,6
382146,382152,382156,4,6
382146,382152,382156,4,6
382146,382151,382155,4,5
382146,382151,382155,4,5
382146,382151,382155,4,5
382146,382151,382155,4,5
382146,382151,382155,4,5
382146,382151,382155,4,5
382146,382152,382155,3,6
382146,382151,382155,4,5
382146,382151,382155,4,5
382146,382151,382155,4,5
382146,382152,382155,3,6
382146,382152,382155,3,6
382146,382152,382156,4,6
382146,382151,382155,4,5
382146,382151,382155,4,5
382146,382151,382155,4,5
382146,382151,382155,4,5
382146,382152,382156,4,6
382146,382152,382155,3,6
382146,382152,382155,3,6
382146,382151,382155,4,5
382146,382151,382155,4,5
382146,382151,382155,4,5
382146,382151,382155,4,5
382146,382152,382156,4,6
382146,382152,382156,4,6
382146,382151,382156,5,5
382146,382151,382156,5,5
382146,382151,382156,5,5
382146,382152,382156,4,6
382146,382152,382156,4,6
382146,382152,382156,4,6
382146,382152,382156,4,6
382146,382152,382156,4,6
382146,382153,382156,3,7
382146,382152,382157,5,6
382146,382153,382156,3,7
382146,382153,382156,3,7
382146,382153,382156,3,7
382146,382153,382157,4,7
382146,382153,382156,3,7
382146,382155,382157,2,9
382146,382155,382157,2,9
382146,382152,382156,4,6
382146,382152,382156,4,6
382146,382152,382156,4,6
382146,382152,382156,4,6
382146,382152,382157,5,6
382146,382155,382157,2,9
382146,382155,382157,2,9
382146,382154,382156,2,8
382146,382155,382157,2,9
382146,382155,382157,2,9
382146,382156,382157,1,10
382146,382156,382158,2,10
382146,382156,382158,2,10
382146,382156,382158,2,10
382146,382156,382158,2,10
382146,382156,382158,2,10
382146,382156,382158,2,10
382146,382156,382158,2,10
382146,382156,382158,2,10
382146,382156,382158,2,10
382146,382156,382158,2,10
382146,382156,382159,3,10
382146,382156,382159,3,10
382146,382157,382159,2,11
382146,382157,382159,2,11
382146,382156,382159,3,10
382146,382156,382159,3,10
382146,382156,382159,3,10
382146,382156,382159,3,10
382146,382157,382159,2,11
382146,382156,382159,3,10
382146,382156,382159,3,10
382146,382156,382159,3,10
382146,382156,382159,3,10
382146,382156,382159,3,10
382146,382156,382159,3,10
382146,382156,382159,3,10
382146,382157,382159,2,11
382146,382156,382159,3,10
382146,382157,382159,2,11
382146,382157,382159,2,11
382146,382157,382159,2,11
382146,382157,382159,2,11
382163,382164,382168,4,1
382163,382164,382168,4,1
382163,382164,382168,4,1
382163,382164,382168,4,1
382163,382164,382168,4,1
382163,382164,382168,4,1
382163,382164,382168,4,1
382163,382164,382168,4,1
382163,382164,382168,4,1
382163,382164,382168,4,1
382163,382164,382169,5,1
382163,382164,382168,4,1
382163,382164,382168,4,1
382163,382164,382168,4,1
382163,382164,382169,5,1
382163,382164,382168,4,1
382163,382164,382168,4,1
382163,382164,382168,4,1
382163,382164,382168,4,1
382163,382164,382168,4,1
382163,382164,382168,4,1
382163,382164,382168,4,1
382163,382164,382168,4,1
382163,382164,382168,4,1
382163,382164,382168,4,1
382163,382164,382168,4,1
382163,382164,382168,4,1
382163,382164,382168,4,1
382163,382164,382169,5,1
382163,382164,382168,4,1
382163,382164,382169,5,1
382163,382164,382168,4,1
382163,382164,382168,4,1
382163,382164,382168,4,1
382163,382164,382168,4,1
382163,382164,382168,4,1
382163,382164,382168,4,1
382163,382164,382168,4,1
382163,382164,382168,4,1
382163,382164,382168,4,1
382163,382164,382168,4,1
382163,382164,382168,4,1
382163,382164,382168,4,1
382163,382164,382168,4,1
382163,382164,382168,4,1
382163,382164,382168,4,1
382163,382164,382168,4,1
382163,382164,382168,4,1
382163,382164,382168,4,1
382163,382164,382168,4,1
382163,382164,382168,4,1
382163,382164,382168,4,1
382163,382164,382168,4,1
382163,382164,382168,4,1
382163,382164,382168,4,1
382163,382164,382168,4,1
382163,382164,382168,4,1
382163,382164,382168,4,1
382163,382164,382168,4,1
382163,382164,382168,4,1
382163,382164,382168,4,1
382163,382164,382168,4,1
382163,382164,382168,4,1
382163,382164,382168,4,1
382163,382164,382168,4,1
382163,382164,382168,4,1
382163,382164,382168,4,1
382163,382164,382169,5,1
382163,382164,382168,4,1
382163,382164,382169,5,1
382163,382164,382169,5,1
382163,382164,382169,5,1
382163,382164,382169,5,1
382163,382164,382169,5,1
382163,382164,382169,5,1
382163,382164,382169,5,1
382163,382164,382169,5,1
382163,382164,382169,5,1
382163,382164,382169,5,1
382163,382164,382169,5,1
382163,382168,382169,1,5
382163,382168,382169,1,5
382163,382169,382173,4,6
382163,382169,382173,4,6
382163,382169,382173,4,6
382163,382169,382173,4,6
382163,382169,382173,4,6
382163,382169,382174,5,6
382163,382169,382174,5,6
382163,382169,382173,4,6
382163,382169,382173,4,6
382163,382169,382173,4,6
382163,382169,382174,5,6
382163,382169,382174,5,6
382163,382169,382174,5,6
382163,382169,382173,4,6
382163,382169,382173,4,6
382163,382169,382173,4,6
382163,382169,382174,5,6
382163,382169,382174,5,6
382163,382169,382173,4,6
382163,382169,382173,4,6
382163,382169,382173,4,6
382163,382169,382173,4,6
382163,382169,382173,4,6
382163,382169,382174,5,6
382163,382169,382174,5,6
382163,382169,382174,5,6
382163,382169,382174,5,6
382163,382169,382174,5,6
382163,382169,382173,4,6
382163,382169,382174,5,6
382163,382169,382174,5,6
382163,382169,382173,4,6
382163,382169,382173,4,6
382163,382169,382173,4,6
382163,382169,382173,4,6
382163,382169,382173,4,6
382163,382169,382173,4,6
382163,382169,382173,4,6
382163,382169,382173,4,6
382163,382169,382174,5,6
382163,382169,382173,4,6
382163,382169,382173,4,6
382163,382169,382173,4,6
382163,382169,382174,5,6
382163,382169,382174,5,6
382163,382170,382174,4,7
382163,382169,382173,4,6
382163,382169,382173,4,6
382163,382169,382174,5,6
382163,382169,382173,4,6
382163,382169,382173,4,6
382163,382170,382174,4,7
382163,382170,382174,4,7
382163,382170,382174,4,7
382163,382169,382173,4,6
382163,382169,382173,4,6
382163,382169,382174,5,6
382163,382169,382173,4,6
382163,382170,382174,4,7
382163,382170,382174,4,7
382163,382170,382174,4,7
382163,382169,382173,4,6
382163,382169,382173,4,6
382163,382169,382173,4,6
382163,382170,382174,4,7
382163,382170,382174,4,7
382163,382170,382174,4,7
382163,382170,382174,4,7
382163,382170,382174,4,7
382163,382173,382175,2,10
382163,382169,382174,5,6
382163,382169,382174,5,6
382163,382169,382174,5,6
382163,382169,382174,5,6
382163,382169,382174,5,6
382163,382169,382174,5,6
382163,382169,382174,5,6
382163,382170,382174,4,7
382163,382169,382174,5,6
382163,382169,382174,5,6
382163,382169,382174,5,6
382163,382174,382176,2,11
382163,382174,382176,2,11
382163,382174,382176,2,11
382163,382174,382176,2,11
382163,382174,382176,2,11
382163,382174,382176,2,11
382163,382174,382176,2,11
382163,382174,382177,3,11
382163,382174,382177,3,11
382163,382174,382177,3,11
382163,382174,382177,3,11
382163,382174,382177,3,11
382163,382174,382177,3,11
382163,382174,382177,3,11
382163,382174,382177,3,11
382163,382174,382177,3,11
382163,382174,382177,3,11
382163,382174,382177,3,11
382163,382174,382177,3,11
382163,382174,382177,3,11
382163,382174,382177,3,11
382163,382174,382177,3,11
382163,382174,382177,3,11
382163,382174,382177,3,11
382163,382174,382177,3,11
382163,382174,382177,3,11
382163,382174,382177,3,11
382163,382174,382177,3,11
382163,382175,382178,3,12
382163,382175,382178,3,12
382163,382175,382178,3,12
382163,382175,382178,3,12
382163,382175,382178,3,12
382163,382175,382178,3,12
382163,382175,382178,3,12
382163,382174,382178,4,11
382163,382174,382178,4,11
382182,382183,382188,5,1
382182,382183,382188,5,1
382182,382182,382187,5,0
382182,382182,382187,5,0
382182,382182,382187,5,0
382182,382182,382187,5,0
382182,382183,382187,4,1
382182,382183,382187,4,1
382182,382183,382187,4,1
382182,382183,382187,4,1
382182,382182,382187,5,0
382182,382182,382187,5,0
382182,382182,382187,5,0
382182,382182,382187,5,0
382182,382183,382187,4,1
382182,382183,382187,4,1
382182,382183,382187,4,1
382182,382183,382188,5,1
382182,382182,382187,5,0
382182,382182,382187,5,0
382182,382182,382187,5,0
382182,382182,382187,5,0
382182,382183,382187,4,1
382182,382183,382187,4,1
382182,382183,382187,4,1
382182,382183,382187,4,1
382182,382182,382187,5,0
382182,382182,382187,5,0
382182,382182,382187,5,0
382182,382183,382187,4,1
382182,382183,382187,4,1
382182,382183,382187,4,1
382182,382183,382188,5,1
382182,382183,382188,5,1
382182,382182,382187,5,0
382182,382182,382187,5,0
382182,382182,382187,5,0
382182,382183,382187,4,1
382182,382183,382187,4,1
382182,382183,382187,4,1
382182,382183,382187,4,1
382182,382183,382188,5,1
382182,382182,382187,5,0
382182,382182,382187,5,0
382182,382183,382187,4,1
382182,382183,382187,4,1
382182,382183,382187,4,1
382182,382183,382187,4,1
382182,382183,382188,5,1
382182,382182,382187,5,0
382182,382182,382187,5,0
382182,382183,382187,4,1
382182,382183,382187,4,1
382182,382183,382187,4,1
382182,382183,382187,4,1
382182,382183,382187,4,1
382182,382183,382188,5,1
382182,382182,382187,5,0
382182,382182,382187,5,0
382182,382182,382187,5,0
382182,382183,382187,4,1
382182,382183,382187,4,1
382182,382183,382187,4,1
382182,382183,382187,4,1
382182,382183,382188,5,1
382182,382182,382187,5,0
382182,382182,382187,5,0
382182,382182,382187,5,0
382182,382183,382187,4,1
382182,382183,382187,4,1
382182,382183,382187,4,1
382182,382183,382188,5,1
382182,382183,382188,5,1
382182,382183,382188,5,1
382182,382183,382188,5,1
382182,382183,382188,5,1
382182,382183,382188,5,1
382182,382183,382188,5,1
382182,382183,382188,5,1
382182,382183,382188,5,1
382182,382188,382190,2,6
382182,382188,382193,5,6
382182,382188,382193,5,6
382182,382188,382193,5,6
382182,382188,382193,5,6
382182,382188,382193,5,6
382182,382188,382193,5,6
382182,382188,382193,5,6
382182,382188,382193,5,6
382182,382188,382193,5,6
382182,382188,382193,5,6
382182,382188,382193,5,6
382182,382188,382193,5,6
382182,382188,382193,5,6
382182,382188,382194,6,6
382182,382188,382194,6,6
382182,382188,382193,5,6
382182,382188,382193,5,6
382182,382188,382194,6,6
382182,382188,382194,6,6
382182,382188,382194,6,6
382182,382188,382194,6,6
382182,382188,382193,5,6
382182,382188,382193,5,6
382182,382189,382193,4,7
382182,382189,382193,4,7
382182,382189,382194,5,7
382182,382189,382194,5,7
382182,382188,382193,5,6
382182,382188,382193,5,6
382182,382188,382194,6,6
382182,382188,382193,5,6
382182,382188,382194,6,6
382182,382188,382194,6,6
382182,382188,382194,6,6
382182,382189,382194,5,7
382182,382188,382193,5,6
382182,382188,382193,5,6
382182,382188,382194,6,6
382182,382188,382194,6,6
382182,382188,382194,6,6
382182,382188,382194,6,6
382182,382188,382194,6,6
382182,382188,382193,5,6
382182,382188,382193,5,6
382182,382188,382194,6,6
382182,382188,382194,6,6
382182,382188,382194,6,6
382182,382188,382194,6,6
382182,382188,382194,6,6
382182,382188,382193,5,6
382182,382188,382194,6,6
382182,382188,382194,6,6
382182,382188,382194,6,6
382182,382188,382194,6,6
382182,382188,382194,6,6
382182,382188,382193,5,6
382182,382188,382193,5,6
382182,382188,382193,5,6
382182,382188,382194,6,6
382182,382188,382194,6,6
382182,382188,382194,6,6
382182,382188,382194,6,6
382182,382188,382193,5,6
382182,382188,382193,5,6
382182,382188,382194,6,6
382182,382188,382194,6,6
382182,382188,382194,6,6
382182,382188,382194,6,6
382182,382188,382194,6,6
382182,382188,382194,6,6
382182,382188,382194,6,6
382182,382188,382193,5,6
382182,382188,382194,6,6
382182,382188,382194,6,6
382182,382188,382194,6,6
382182,382188,382194,6,6
382182,382188,382194,6,6
382182,382193,382194,1,11
382182,382193,382195,2,11
382182,382193,382195,2,11
382182,382189,382194,5,7
382182,382189,382194,5,7
382182,382190,382194,4,8
382182,382194,382196,2,12
382182,382194,382196,2,12
382182,382194,382196,2,12
382182,382193,382195,2,11
382182,382193,382195,2,11
382182,382193,382195,2,11
382182,382193,382196,3,11
382182,382193,382195,2,11
382182,382194,382196,2,12
382182,382194,382196,2,12
382182,382194,382196,2,12
382182,382193,382195,2,11
382182,382193,382195,2,11
382182,382194,382197,3,12
382182,382194,382197,3,12
382182,382194,382197,3,12
382182,382194,382197,3,12
382182,382194,382197,3,12
382182,382194,382197,3,12
382182,382194,382197,3,12
382182,382194,382197,3,12
382182,382194,382197,3,12
382182,382194,382197,3,12
382182,382194,382197,3,12
382182,382194,382197,3,12
382182,382194,382197,3,12
382182,382194,382197,3,12
382182,382194,382197,3,12
382182,382194,382197,3,12
382182,382194,382197,3,12
382182,382194,382197,3,12
382182,382194,382197,3,12
382182,382195,382197,2,13
382182,382195,382197,2,13
382182,382195,382197,2,13
382182,382195,382197,2,13
382201,382201,382205,4,0
382201,382201,382206,5,0
382201,382201,382206,5,0
382201,382202,382206,4,1
382201,382202,382206,4,1
382201,382201,382206,5,0
382201,382202,382206,4,1
382201,382202,382206,4,1
382201,382202,382206,4,1
382201,382201,382206,5,0
382201,382201,382206,5,0
382201,382201,382206,5,0
382201,382201,382206,5,0
382201,382201,382206,5,0
382201,382201,382206,5,0
382201,382201,382206,5,0
382201,382202,382206,4,1
382201,382202,382206,4,1
382201,382201,382206,5,0
382201,382201,382206,5,0
382201,382201,382206,5,0
382201,382201,382206,5,0
382201,382201,382206,5,0
382201,382201,382206,5,0
382201,382201,382206,5,0
382201,382201,382206,5,0
382201,382202,382206,4,1
382201,382202,382206,4,1
382201,382202,382206,4,1
382201,382202,382207,5,1
382201,382201,382206,5,0
382201,382201,382206,5,0
382201,382201,382206,5,0
382201,382201,382206,5,0
382201,382202,382206,4,1
382201,382202,382206,4,1
382201,382202,382206,4,1
382201,382202,382207,5,1
382201,382201,382206,5,0
382201,382201,382206,5,0
382201,382201,382206,5,0
382201,382201,382206,5,0
382201,382202,382206,4,1
382201,382202,382207,5,1
382201,382202,382206,4,1
382201,382202,382206,4,1
382201,382201,382206,5,0
382201,382201,382206,5,0
382201,382201,382206,5,0
382201,382201,382206,5,0
382201,382202,382206,4,1
382201,382202,382206,4,1
382201,382201,382206,5,0
382201,382201,382206,5,0
382201,382201,382206,5,0
382201,382202,382206,4,1
382201,382202,382206,4,1
382201,382202,382206,4,1
382201,382202,382206,4,1
382201,382201,382206,5,0
382201,382202,382206,4,1
382201,382202,382207,5,1
382201,382201,382206,5,0
382201,382201,382206,5,0
382201,382202,382206,4,1
382201,382202,382206,4,1
382201,382201,382206,5,0
382201,382202,382206,4,1
382201,382202,382206,4,1
382201,382202,382207,5,1
382201,382202,382206,4,1
382201,382202,382207,5,1
382201,382202,382207,5,1
382201,382202,382207,5,1
382201,382202,382207,5,1
382201,382202,382207,5,1
382201,382202,382207,5,1
382201,382202,382207,5,1
382201,382202,382207,5,1
382201,382206,382207,1,5
382201,382202,382207,5,1
382201,382206,382207,1,5
382201,382206,382208,2,5
382201,382206,382207,1,5
382201,382206,382207,1,5
382201,382206,382208,2,5
382201,382206,382208,2,5
382201,382206,382208,2,5
382201,382206,382208,2,5
382201,382206,382207,1,5
382201,382206,382208,2,5
382201,382206,382208,2,5
382201,382207,382210,3,6
382201,382207,382210,3,6
382201,382207,382211,4,6
382201,382207,382211,4,6
382201,382207,382211,4,6
382201,382207,382211,4,6
382201,382207,382211,4,6
382201,382207,382210,3,6
382201,382207,382211,4,6
382201,382207,382211,4,6
382201,382207,382211,4,6
382201,382207,382211,4,6
382201,382207,382211,4,6
382201,382207,382210,3,6
382201,382207,382211,4,6
382201,382207,382211,4,6
382201,382207,382210,3,6
382201,382207,382211,4,6
382201,382207,382211,4,6
382201,382207,382211,4,6
382201,382207,382211,4,6
382201,382207,382210,3,6
382201,382207,382210,3,6
382201,382207,382210,3,6
382201,382207,382210,3,6
382201,382207,382210,3,6
382201,382207,382211,4,6
382201,382207,382211,4,6
382201,382207,382211,4,6
382201,382207,382211,4,6
382201,382207,382211,4,6
382201,382207,382210,3,6
382201,382207,382211,4,6
382201,382207,382211,4,6
382201,382207,382211,4,6
382201,382207,382211,4,6
382201,382207,382211,4,6
382201,382207,382211,4,6
382201,382207,382211,4,6
382201,382207,382211,4,6
382201,382207,382211,4,6
382201,382207,382211,4,6
382201,382207,382211,4,6
382201,382208,382211,3,7
382201,382207,382211,4,6
382201,382207,382211,4,6
382201,382207,382211,4,6
382201,382207,382211,4,6
382201,382207,382211,4,6
382201,382207,382211,4,6
382201,382207,382211,4,6
382201,382207,382211,4,6
382201,382207,382211,4,6
382201,382207,382211,4,6
382201,382207,382211,4,6
382201,382207,382211,4,6
382201,382207,382211,4,6
382201,382208,382211,3,7
382201,382207,382211,4,6
382201,382207,382211,4,6
382201,382207,382211,4,6
382201,382208,382212,4,7
382201,382208,382212,4,7
382201,382208,382212,4,7
382201,382208,382212,4,7
382201,382208,382211,3,7
382201,382208,382211,3,7
382201,382208,382211,3,7
382201,382208,382212,4,7
382201,382208,382211,3,7
382201,382208,382211,3,7
382201,382208,382211,3,7
382201,382209,382212,3,8
382201,382209,382212,3,8
382201,382208,382212,4,7
382201,382208,382211,3,7
382201,382208,382212,4,7
382201,382208,382212,4,7
382201,382208,382212,4,7
382201,382211,382213,2,10
382201,382211,382213,2,10
382201,382211,382213,2,10
382201,382211,382213,2,10
382201,382211,382213,2,10
382201,382211,382213,2,10
382201,382211,382213,2,10
382201,382211,382213,2,10
382201,382211,382213,2,10
382201,382208,382212,4,7
382201,382211,382214,3,10
382201,382211,382214,3,10
382201,382211,382213,2,10
382201,382211,382213,2,10
382201,382211,382214,3,10
382201,382211,382214,3,10
382201,382211,382214,3,10
382201,382211,382213,2,10
382201,382211,382213,2,10
382201,382211,382214,3,10
382201,382211,382214,3,10
382201,382211,382214,3,10
382201,382211,382213,2,10
382201,382211,382214,3,10
382201,382211,382213,2,10
382201,382211,382214,3,10
382201,382211,382214,3,10
382201,382211,382213,2,10
382201,382211,382214,3,10
382219,382219,382223,4,0
382219,382219,382223,4,0
382219,382219,382223,4,0
382219,382219,382223,4,0
382219,382219,382223,4,0
382219,382219,382223,4,0
382219,382219,382223,4,0
382219,382219,382223,4,0
382219,382219,382223,4,0
382219,382219,382223,4,0
382219,382219,382223,4,0
382219,382219,382224,5,0
382219,382219,382224,5,0
382219,382219,382223,4,0
382219,382219,382223,4,0
382219,382219,382223,4,0
382219,382219,382223,4,0
382219,382219,382223,4,0
382219,382219,382223,4,0
382219,382219,382223,4,0
382219,382219,382223,4,0
382219,382219,382223,4,0
382219,382219,382223,4,0
382219,382219,382223,4,0
382219,382219,382223,4,0
382219,382219,382224,5,0
382219,382219,382223,4,0
382219,382219,382223,4,0
382219,382219,382223,4,0
382219,382219,382223,4,0
382219,382219,382224,5,0
382219,382219,382224,5,0
382219,382219,382223,4,0
382219,382219,382223,4,0
382219,382219,382223,4,0
382219,382219,382223,4,0
382219,382219,382224,5,0
382219,382219,382224,5,0
382219,382219,382223,4,0
382219,382219,382223,4,0
382219,382219,382223,4,0
382219,382219,382223,4,0
382219,382219,382224,5,0
382219,382219,382223,4,0
382219,382219,382223,4,0
382219,382219,382223,4,0
382219,382219,382223,4,0
382219,382219,382224,5,0
382219,382219,382223,4,0
382219,382219,382223,4,0
382219,382219,382223,4,0
382219,382219,382223,4,0
382219,382219,382223,4,0
382219,382219,382223,4,0
382219,382219,382223,4,0
382219,382219,382223,4,0
382219,382219,382223,4,0
382219,382219,382223,4,0
382219,382219,382224,5,0
382219,382219,382224,5,0
382219,382219,382224,5,0
382219,382219,382224,5,0
382219,382219,382225,6,0
382219,382219,382224,5,0
382219,382219,382224,5,0
382219,382219,382224,5,0
382219,382219,382224,5,0
382219,382219,382224,5,0
382219,382219,382224,5,0
382219,382219,382224,5,0
382219,382219,382224,5,0
382219,382219,382224,5,0
382219,382219,382224,5,0
382219,382219,382224,5,0
382219,382219,382224,5,0
382219,382219,382224,5,0
382219,382219,382224,5,0
382219,382219,382224,5,0
382219,382219,382224,5,0
382219,382219,382224,5,0
382219,382224,382228,4,5
382219,382224,382228,4,5
382219,382224,382228,4,5
382219,382224,382228,4,5
382219,382224,382229,5,5
382219,382224,382229,5,5
382219,382224,382229,5,5
382219,382224,382229,5,5
382219,382224,382229,5,5
382219,382224,382229,5,5
382219,382224,382229,5,5
382219,382224,382229,5,5
382219,382224,382229,5,5
382219,382224,382229,5,5
382219,382224,382229,5,5
382219,382224,382229,5,5
382219,382224,382229,5,5
382219,382224,382229,5,5
382219,382224,382229,5,5
382219,382224,382229,5,5
382219,382224,382229,5,5
382219,382224,382229,5,5
382219,382224,382229,5,5
382219,382224,382229,5,5
382219,382224,382229,5,5
382219,382224,382229,5,5
382219,382224,382229,5,5
382219,382224,382229,5,5
382219,382224,382229,5,5
382219,382225,382229,4,6
382219,382225,382229,4,6
382219,382224,382229,5,5
382219,382224,382229,5,5
382219,382224,382229,5,5
382219,382224,382229,5,5
382219,382225,382229,4,6
382219,382224,382229,5,5
382219,382224,382229,5,5
382219,382224,382229,5,5
382219,382224,382229,5,5
382219,382224,382229,5,5
382219,382225,382229,4,6
382219,382225,382229,4,6
382219,382225,382229,4,6
382219,382224,382229,5,5
382219,382224,382229,5,5
382219,382224,382229,5,5
382219,382224,382229,5,5
382219,382224,382229,5,5
382219,382224,382229,5,5
382219,382224,382229,5,5
382219,382225,382229,4,6
382219,382224,382229,5,5
382219,382225,382229,4,6
382219,382225,382229,4,6
382219,382225,382229,4,6
382219,382225,382229,4,6
382219,382225,382230,5,6
382219,382224,382229,5,5
382219,382224,382229,5,5
382219,382224,382229,5,5
382219,382224,382229,5,5
382219,382225,382229,4,6
382219,382225,382229,4,6
382219,382224,382230,6,5
382219,382224,382230,6,5
382219,382224,382230,6,5
382219,382224,382230,6,5
382219,382225,382230,5,6
382219,382224,382230,6,5
382219,382224,382230,6,5
382219,382224,382230,6,5
382219,382225,382230,5,6
382219,382225,382230,5,6
382219,382229,382230,1,10
382219,382224,382230,6,5
382219,382225,382230,5,6
382219,382225,382230,5,6
382219,382228,382230,2,9
382219,382225,382230,5,6
382219,382225,382230,5,6
382219,382225,382230,5,6
382219,382229,382230,1,10
382219,382229,382230,1,10
382219,382229,382231,2,10
382219,382229,382232,3,10
382219,382229,382232,3,10
382219,382230,382232,2,11
382219,382230,382232,2,11
382219,382230,382233,3,11
382219,382230,382233,3,11
382219,382230,382232,2,11
382219,382230,382232,2,11
382219,382230,382232,2,11
382219,382230,382233,3,11
382219,382230,382233,3,11
382219,382230,382232,2,11
382219,382230,382232,2,11
382219,382230,382232,2,11
382219,382230,382232,2,11
382219,382230,382232,2,11
382219,382230,382232,2,11
382219,382230,382233,3,11
382219,382230,382232,2,11
382219,382230,382232,2,11
382219,382230,382233,3,11
382219,382230,382232,2,11
382219,382230,382232,2,11
382219,382230,382232,2,11
382219,382230,382232,2,11
382219,382230,382233,3,11
382219,382230,382233,3,11
382219,382230,382233,3,11
382219,382230,382233,3,11
382219,382230,382232,2,11
382219,382230,382233,3,11
382219,382230,382233,3,11
382219,382230,382233,3,11
382219,382230,382233,3,11
382219,382230,382233,3,11
382238,382238,382242,4,0
382238,382238,382242,4,0
382238,382238,382242,4,0
382238,382238,382242,4,0
382238,382238,382243,5,0
382238,382238,382243,5,0
382238,382238,382243,5,0
382238,382238,382243,5,0
382238,382238,382242,4,0
382238,382238,382242,4,0
382238,382238,382242,4,0
382238,382238,382243,5,0
382238,382238,382242,4,0
382238,382238,382242,4,0
382238,382239,382243,4,1
382238,382238,382242,4,0
382238,382238,382242,4,0
382238,382238,382242,4,0
382238,382238,382242,4,0
382238,382238,382242,4,0
382238,382239,382242,3,1
382238,382238,382242,4,0
382238,382238,382242,4,0
382238,382238,382242,4,0
382238,382238,382242,4,0
382238,382239,382243,4,1
382238,382238,382242,4,0
382238,382238,382242,4,0
382238,382238,382242,4,0
382238,382239,382242,3,1
382238,382239,382243,4,1
382238,382239,382242,3,1
382238,382238,382242,4,0
382238,382238,382242,4,0
382238,382238,382242,4,0
382238,382238,382243,5,0
382238,382239,382243,4,1
382238,382238,382242,4,0
382238,382238,382242,4,0
382238,382238,382242,4,0
382238,382239,382242,3,1
382238,382239,382242,3,1
382238,382239,382243,4,1
382238,382239,382242,3,1
382238,382238,382243,5,0
382238,382238,382243,5,0
382238,382238,382243,5,0
382238,382238,382243,5,0
382238,382238,382243,5,0
382238,382239,382243,4,1
382238,382239,382243,4,1
382238,382239,382243,4,1
382238,382239,382244,5,1
382238,382239,382243,4,1
382238,382239,382243,4,1
382238,382239,382243,4,1
382238,382239,382243,4,1
382238,382238,382243,5,0
382238,382239,382243,4,1
382238,382239,382243,4,1
382238,382239,382243,4,1
382238,382239,382243,4,1
382238,382239,382243,4,1
382238,382239,382243,4,1
382238,382239,382243,4,1
382238,382239,382243,4,1
382238,382239,382244,5,1
382238,382239,382244,5,1
382238,382239,382244,5,1
382238,382239,382243,4,1
382238,382239,382244,5,1
382238,382239,382243,4,1
382238,382239,382244,5,1
382238,382239,382244,5,1
382238,382239,382244,5,1
382238,382239,382244,5,1
382238,382239,382245,6,1
382238,382239,382244,5,1
382238,382239,382244,5,1
382238,382243,382245,2,5
382238,382239,382245,6,1
382238,382243,382247,4,5
382238,382243,382247,4,5
382238,382243,382247,4,5
382238,382243,382247,4,5
382238,382243,382247,4,5
382238,382243,382247,4,5
382238,382243,382247,4,5
382238,382243,382247,4,5
382238,382243,382247,4,5
382238,382243,382247,4,5
382238,382243,382247,4,5
382238,382243,382247,4,5
382238,382243,382247,4,5
382238,382243,382247,4,5
382238,382243,382247,4,5
382238,382243,382247,4,5
382238,382243,382247,4,5
382238,382243,382247,4,5
382238,382244,382247,3,6
382238,382243,382247,4,5
382238,382243,382247,4,5
382238,382243,382247,4,5
382238,382244,382247,3,6
382238,382243,382247,4,5
382238,382243,382247,4,5
382238,382243,382247,4,5
382238,382243,382247,4,5
382238,382243,382247,4,5
382238,382243,382247,4,5
382238,382243,382247,4,5
382238,382244,382247,3,6
382238,382244,382247,3,6
382238,382244,382248,4,6
382238,382244,382248,4,6
382238,382244,382248,4,6
382238,382243,382247,4,5
382238,382243,382247,4,5
382238,382243,382247,4,5
382238,382243,382247,4,5
382238,382243,382247,4,5
382238,382243,382248,5,5
382238,382243,382247,4,5
382238,382243,382247,4,5
382238,382243,382247,4,5
382238,382243,382247,4,5
382238,382244,382248,4,6
382238,382244,382248,4,6
382238,382244,382248,4,6
382238,382243,382247,4,5
382238,382243,382247,4,5
382238,382243,382247,4,5
382238,382244,382248,4,6
382238,382244,382248,4,6
382238,382244,382248,4,6
382238,382244,382248,4,6
382238,382244,382248,4,6
382238,382244,382247,3,6
382238,382244,382247,3,6
382238,382243,382248,5,5
382238,382243,382247,4,5
382238,382244,382248,4,6
382238,382244,382247,3,6
382238,382244,382248,4,6
382238,382244,382248,4,6
382238,382244,382247,3,6
382238,382244,382248,4,6
382238,382244,382248,4,6
382238,382244,382248,4,6
382238,382245,382248,3,7
382238,382245,382248,3,7
382238,382245,382248,3,7
382238,382246,382249,3,8
382238,382247,382249,2,9
382238,382247,382249,2,9
382238,382247,382249,2,9
382238,382244,382248,4,6
382238,382247,382249,2,9
382238,382247,382249,2,9
382238,382247,382249,2,9
382238,382244,382249,5,6
382238,382245,382249,4,7
382238,382247,382249,2,9
382238,382244,382248,4,6
382238,382245,382248,3,7
382238,382245,382248,3,7
382238,382247,382249,2,9
382238,382247,382249,2,9
382238,382247,382250,3,9
382238,382247,382249,2,9
382238,382247,382250,3,9
382238,382247,382250,3,9
382238,382247,382250,3,9
382238,382247,382250,3,9
382238,382247,382250,3,9
382238,382247,382250,3,9
382238,382247,382250,3,9
382238,382245,382249,4,7
382238,382245,382249,4,7
382238,382247,382250,3,9
382238,382247,382249,2,9
382238,382247,382250,3,9
382238,382247,382250,3,9
382238,382247,382250,3,9
382238,382247,382250,3,9
382238,382247,382250,3,9
382238,382247,382250,3,9
382238,382247,382250,3,9
382238,382247,382250,3,9
382238,382247,382250,3,9
382238,382247,382250,3,9
382238,382247,382250,3,9
382238,382247,382250,3,9
382238,382248,382250,2,10
382238,382248,382250,2,10
382238,382248,382250,2,10
382238,382248,382251,3,10
382238,382248,382250,2,10
382238,382248,382250,2,10
382238,382248,382251,3,10
382255,382255,382258,3,0
382255,382255,382259,4,0
382255,382255,382260,5,0
382255,382255,382260,5,0
382255,382255,382260,5,0
382255,382255,382260,5,0
382255,382255,382260,5,0
382255,382255,382260,5,0
382255,382255,382260,5,0
382255,382255,382260,5,0
382255,382255,382260,5,0
382255,382255,382260,5,0
382255,382255,382260,5,0
382255,382255,382260,5,0
382255,382255,382260,5,0
382255,382255,382260,5,0
382255,382255,382260,5,0
382255,382255,382260,5,0
382255,382255,382260,5,0
382255,382255,382260,5,0
382255,382255,382260,5,0
382255,382255,382260,5,0
382255,382255,382260,5,0
382255,382255,382260,5,0
382255,382255,382260,5,0
382255,382255,382260,5,0
382255,382255,382260,5,0
382255,382255,382260,5,0
382255,382255,382260,5,0
382255,382255,382260,5,0
382255,382255,382260,5,0
382255,382255,382260,5,0
382255,382255,382260,5,0
382255,382255,382260,5,0
382255,382255,382260,5,0
382255,382255,382260,5,0
382255,382255,382260,5,0
382255,382255,382260,5,0
382255,382255,382260,5,0
382255,382255,382260,5,0
382255,382255,382260,5,0
382255,382255,382260,5,0
382255,382255,382260,5,0
382255,382255,382260,5,0
382255,382255,382260,5,0
382255,382255,382260,5,0
382255,382255,382260,5,0
382255,382255,382260,5,0
382255,382255,382260,5,0
382255,382255,382260,5,0
382255,382255,382260,5,0
382255,382255,382260,5,0
382255,382255,382260,5,0
382255,382255,382260,5,0
382255,382255,382260,5,0
382255,382255,382260,5,0
382255,382255,382260,5,0
382255,382255,382260,5,0
382255,382255,382260,5,0
382255,382255,382260,5,0
382255,382255,382260,5,0
382255,382255,382260,5,0
382255,382255,382260,5,0
382255,382255,382260,5,0
382255,382255,382260,5,0
382255,382255,382260,5,0
382255,382255,382260,5,0
382255,382255,382260,5,0
382255,382255,382261,6,0
382255,382255,382261,6,0
382255,382255,382261,6,0
382255,382255,382261,6,0
382255,382259,382261,2,4
382255,382255,382261,6,0
382255,382255,382261,6,0
382255,382255,382261,6,0
382255,382255,382261,6,0
382255,382255,382261,6,0
382255,382255,382261,6,0
382255,382258,382261,3,3
382255,382255,382261,6,0
382255,382255,382261,6,0
382255,382260,382265,5,5
382255,382261,382266,5,6
382255,382261,382266,5,6
382255,382261,382266,5,6
382255,382261,382266,5,6
382255,382261,382266,5,6
382255,382262,382266,4,7
382255,382262,382266,4,7
382255,382261,382266,5,6
382255,382261,382266,5,6
382255,382261,382266,5,6
382255,382261,382266,5,6
382255,382261,382266,5,6
382255,382261,382266,5,6
382255,382261,382265,4,6
382255,382261,382266,5,6
382255,382261,382266,5,6
382255,382261,382266,5,6
382255,382261,382266,5,6
382255,382261,382266,5,6
382255,382261,382266,5,6
382255,382261,382266,5,6
382255,382261,382265,4,6
382255,382261,382266,5,6
382255,382261,382266,5,6
382255,382261,382266,5,6
382255,382261,382266,5,6
382255,382261,382266,5,6
382255,382261,382266,5,6
382255,382261,382266,5,6
382255,382261,382266,5,6
382255,382261,382266,5,6
382255,382261,382266,5,6
382255,382261,382266,5,6
382255,382261,382267,6,6
382255,382261,382266,5,6
382255,382261,382266,5,6
382255,382261,382266,5,6
382255,382261,382266,5,6
382255,382261,382266,5,6
382255,382261,382266,5,6
382255,382261,382266,5,6
382255,382262,382266,4,7
382255,382261,382266,5,6
382255,382261,382266,5,6
382255,382261,382266,5,6
382255,382261,382266,5,6
382255,382261,382266,5,6
382255,382261,382267,6,6
382255,382261,382266,5,6
382255,382261,382266,5,6
382255,382262,382267,5,7
382255,382262,382267,5,7
382255,382262,382267,5,7
382255,382262,382267,5,7
382255,382261,382266,5,6
382255,382261,382266,5,6
382255,382261,382266,5,6
382255,382261,382266,5,6
382255,382262,382266,4,7
382255,382261,382266,5,6
382255,382261,382266,5,6
382255,382261,382266,5,6
382255,382261,382266,5,6
382255,382262,382266,4,7
382255,382261,382266,5,6
382255,382261,382266,5,6
382255,382262,382266,4,7
382255,382262,382266,4,7
382255,382261,382266,5,6
382255,382261,382266,5,6
382255,382261,382266,5,6
382255,382262,382266,4,7
382255,382261,382266,5,6
382255,382261,382266,5,6
382255,382261,382266,5,6
382255,382261,382266,5,6
382255,382262,382267,5,7
382255,382265,382267,2,10
382255,382261,382266,5,6
382255,382262,382267,5,7
382255,382266,382267,1,11
382255,382266,382267,1,11
382255,382266,382268,2,11
382255,382266,382268,2,11
382255,382266,382268,2,11
382255,382266,382268,2,11
382255,382266,382268,2,11
382255,382266,382268,2,11
382255,382266,382268,2,11
382255,382266,382268,2,11
382255,382267,382269,2,12
382255,382267,382269,2,12
382255,382267,382269,2,12
382255,382267,382269,2,12
382255,382267,382269,2,12
382255,382267,382269,2,12
382255,382267,382269,2,12
382255,382267,382269,2,12
382255,382267,382269,2,12
382255,382266,382268,2,11
382255,382266,382268,2,11
382255,382266,382268,2,11
382255,382266,382268,2,11
382255,382266,382268,2,11
382255,382266,382269,3,11
382255,382266,382268,2,11
382255,382266,382268,2,11
382255,382266,382269,3,11
382255,382266,382268,2,11
382255,382266,382269,3,11
382255,382266,382268,2,11
382255,382266,382269,3,11
382255,382266,382268,2,11
382255,382266,382269,3,11
382255,382266,382269,3,11
382255,382266,382269,3,11
382255,382267,382269,2,12
382274,382274,382279,5,0
382274,382274,382279,5,0
382274,382274,382279,5,0
382274,382274,382279,5,0
382274,382274,382279,5,0
382274,382274,382279,5,0
382274,382274,382279,5,0
382274,382274,382279,5,0
382274,382274,382279,5,0
382274,382274,382279,5,0
382274,382274,382279,5,0
382274,382274,382279,5,0
382274,382274,382279,5,0
382274,382274,382279,5,0
382274,382274,382279,5,0
382274,382274,382279,5,0
382274,382274,382279,5,0
382274,382274,382279,5,0
382274,382274,382279,5,0
382274,382274,382279,5,0
382274,382274,382279,5,0
382274,382274,382279,5,0
382274,382274,382279,5,0
382274,382274,382279,5,0
382274,382274,382279,5,0
382274,382274,382279,5,0
382274,382274,382279,5,0
382274,382274,382279,5,0
382274,382274,382279,5,0
382274,382274,382279,5,0
382274,382274,382279,5,0
382274,382274,382279,5,0
382274,382274,382279,5,0
382274,382274,382279,5,0
382274,382274,382279,5,0
382274,382274,382278,4,0
382274,382274,382279,5,0
382274,382274,382279,5,0
382274,382274,382279,5,0
382274,382274,382279,5,0
382274,382274,382279,5,0
382274,382274,382279,5,0
382274,382274,382279,5,0
382274,382274,382279,5,0
382274,382274,382279,5,0
382274,382274,382279,5,0
382274,382274,382279,5,0
382274,382274,382279,5,0
382274,382274,382279,5,0
382274,382274,382279,5,0
382274,382274,382279,5,0
382274,382274,382279,5,0
382274,382274,382279,5,0
382274,382274,382278,4,0
382274,382274,382279,5,0
382274,382274,382279,5,0
382274,382274,382279,5,0
382274,382274,382279,5,0
382274,382274,382279,5,0
382274,382274,382279,5,0
382274,382274,382279,5,0
382274,382274,382279,5,0
382274,382274,382279,5,0
382274,382274,382279,5,0
382274,382274,382279,5,0
382274,382274,382280,6,0
382274,382274,382280,6,0
382274,382274,382280,6,0
382274,382274,382279,5,0
382274,382274,382279,5,0
382274,382274,382279,5,0
382274,382274,382280,6,0
382274,382274,382279,5,0
382274,382274,382279,5,0
382274,382274,382279,5,0
382274,382274,382279,5,0
382274,382274,382280,6,0
382274,382274,382279,5,0
382274,382274,382279,5,0
382274,382274,382279,5,0
382274,382279,382284,5,5
382274,382279,382284,5,5
382274,382279,382284,5,5
382274,382279,382284,5,5
382274,382279,382284,5,5
382274,382279,382284,5,5
382274,382279,382284,5,5
382274,382279,382284,5,5
382274,382279,382284,5,5
382274,382280,382284,4,6
382274,382279,382284,5,5
382274,382279,382284,5,5
382274,382279,382284,5,5
382274,382280,382284,4,6
382274,382279,382284,5,5
382274,382279,382284,5,5
382274,382279,382284,5,5
382274,382279,382284,5,5
382274,382279,382284,5,5
382274,382279,382284,5,5
382274,382279,382284,5,5
382274,382279,382284,5,5
382274,382279,382284,5,5
382274,382279,382284,5,5
382274,382279,382284,5,5
382274,382279,382284,5,5
382274,382279,382284,5,5
382274,382279,382284,5,5
382274,382279,382284,5,5
382274,382279,382284,5,5
382274,382279,382284,5,5
382274,382279,382284,5,5
382274,382279,382284,5,5
382274,382279,382284,5,5
382274,382279,382284,5,5
382274,382279,382284,5,5
382274,382279,382284,5,5
382274,382279,382284,5,5
382274,382279,382284,5,5
382274,382279,382284,5,5
382274,382279,382284,5,5
382274,382279,382284,5,5
382274,382279,382284,5,5
382274,382279,382284,5,5
382274,382279,382284,5,5
382274,382279,382284,5,5
382274,382279,382284,5,5
382274,382279,382284,5,5
382274,382279,382284,5,5
382274,382279,382284,5,5
382274,382279,382284,5,5
382274,382279,382284,5,5
382274,382279,382284,5,5
382274,382279,382284,5,5
382274,382280,382284,4,6
382274,382279,382285,6,5
382274,382280,382285,5,6
382274,382280,382285,5,6
382274,382280,382285,5,6
382274,382279,382284,5,5
382274,382279,382285,6,5
382274,382279,382285,6,5
382274,382279,382285,6,5
382274,382279,382285,6,5
382274,382280,382285,5,6
382274,382280,382285,5,6
382274,382280,382285,5,6
382274,382280,382285,5,6
382274,382280,382285,5,6
382274,382279,382285,6,5
382274,382280,382285,5,6
382274,382280,382285,5,6
382274,382280,382285,5,6
382274,382281,382285,4,7
382274,382280,382285,5,6
382274,382280,382285,5,6
382274,382280,382285,5,6
382274,382280,382285,5,6
382274,382280,382285,5,6
382274,382280,382285,5,6
382274,382284,382287,3,10
382274,382284,382287,3,10
382274,382284,382287,3,10
382274,382285,382287,2,11
382274,382285,382287,2,11
382274,382285,382287,2,11
382274,382285,382287,2,11
382274,382285,382288,3,11
382274,382285,382287,2,11
382274,382285,382288,3,11
382274,382285,382287,2,11
382274,382285,382287,2,11
382274,382285,382287,2,11
382274,382285,382287,2,11
382274,382285,382287,2,11
382274,382285,382287,2,11
382274,382285,382287,2,11
382274,382285,382288,3,11
382274,382285,382288,3,11
382274,382285,382288,3,11
382274,382285,382288,3,11
382274,382285,382287,2,11
382274,382285,382287,2,11
382274,382285,382287,2,11
382274,382285,382287,2,11
382274,382285,382287,2,11
382274,382285,382288,3,11
382274,382285,382288,3,11
382274,382285,382287,2,11
382274,382285,382288,3,11
382274,382285,382288,3,11
382274,382285,382288,3,11
382274,382285,382288,3,11
382274,382285,382288,3,11
382274,382285,382288,3,11
382274,382285,382288,3,11
382274,382285,382288,3,11
382274,382285,382288,3,11
382274,382285,382288,3,11
382274,382285,382288,3,11
382294,382294,382298,4,0
382294,382294,382298,4,0
382294,382294,382298,4,0
382294,382294,382298,4,0
382294,382294,382298,4,0
382294,382294,382298,4,0
382294,382294,382298,4,0
382294,382294,382298,4,0
382294,382294,382298,4,0
382294,382294,382298,4,0
382294,382294,382298,4,0
382294,382294,382298,4,0
382294,382294,382298,4,0
382294,382294,382298,4,0
382294,382294,382298,4,0
382294,382294,382298,4,0
382294,382294,382299,5,0
382294,382294,382298,4,0
382294,382294,382298,4,0
382294,382294,382298,4,0
382294,382294,382298,4,0
382294,382294,382298,4,0
382294,382294,382298,4,0
382294,382294,382298,4,0
382294,382294,382298,4,0
382294,382294,382298,4,0
382294,382294,382298,4,0
382294,382294,382298,4,0
382294,382294,382298,4,0
382294,382294,382299,5,0
382294,382294,382298,4,0
382294,382294,382298,4,0
382294,382294,382298,4,0
382294,382294,382299,5,0
382294,382294,382298,4,0
382294,382294,382299,5,0
382294,382294,382298,4,0
382294,382294,382298,4,0
382294,382294,382298,4,0
382294,382294,382298,4,0
382294,382294,382298,4,0
382294,382294,382298,4,0
382294,382294,382298,4,0
382294,382294,382299,5,0
382294,382294,382298,4,0
382294,382294,382298,4,0
382294,382294,382298,4,0
382294,382294,382299,5,0
382294,382294,382298,4,0
382294,382294,382298,4,0
382294,382294,382298,4,0
382294,382294,382298,4,0
382294,382294,382298,4,0
382294,382294,382298,4,0
382294,382294,382298,4,0
382294,382294,382299,5,0
382294,382294,382298,4,0
382294,382294,382299,5,0
382294,382294,382298,4,0
382294,382294,382298,4,0
382294,382294,382298,4,0
382294,382294,382298,4,0
382294,382294,382298,4,0
382294,382294,382298,4,0
382294,382294,382299,5,0
382294,382294,382299,5,0
382294,382294,382299,5,0
382294,382294,382299,5,0
382294,382294,382299,5,0
382294,382294,382299,5,0
382294,382294,382299,5,0
382294,382294,382299,5,0
382294,382294,382299,5,0
382294,382294,382299,5,0
382294,382294,382299,5,0
382294,382294,382299,5,0
382294,382294,382299,5,0
382294,382298,382300,2,4
382294,382294,382299,5,0
382294,382298,382300,2,4
382294,382298,382300,2,4
382294,382294,382299,5,0
382294,382298,382300,2,4
382294,382298,382300,2,4
382294,382294,382299,5,0
382294,382298,382300,2,4
382294,382298,382300,2,4
382294,382298,382300,2,4
382294,382298,382300,2,4
382294,382299,382301,2,5
382294,382299,382303,4,5
382294,382299,382303,4,5
382294,382299,382303,4,5
382294,382299,382303,4,5
382294,382299,382303,4,5
382294,382299,382303,4,5
382294,382299,382303,4,5
382294,382299,382303,4,5
382294,382299,382303,4,5
382294,382299,382303,4,5
382294,382299,382303,4,5
382294,382299,382303,4,5
382294,382299,382303,4,5
382294,382299,382303,4,5
382294,382299,382303,4,5
382294,382299,382303,4,5
382294,382299,382303,4,5
382294,382299,382303,4,5
382294,382299,382303,4,5
382294,382301,382303,2,7
382294,382299,382303,4,5
382294,382299,382303,4,5
382294,382299,382304,5,5
382294,382299,382304,5,5
382294,382299,382304,5,5
382294,382299,382303,4,5
382294,382299,382303,4,5
382294,382299,382304,5,5
382294,382300,382304,4,6
382294,382300,382303,3,6
382294,382300,382304,4,6
382294,382299,382304,5,5
382294,382299,382303,4,5
382294,382299,382303,4,5
382294,382300,382304,4,6
382294,382300,382304,4,6
382294,382300,382304,4,6
382294,382299,382304,5,5
382294,382299,382304,5,5
382294,382299,382304,5,5
382294,382299,382304,5,5
382294,382299,382304,5,5
382294,382300,382304,4,6
382294,382299,382304,5,5
382294,382299,382304,5,5
382294,382299,382303,4,5
382294,382299,382304,5,5
382294,382299,382304,5,5
382294,382299,382304,5,5
382294,382299,382304,5,5
382294,382299,382304,5,5
382294,382299,382304,5,5
382294,382299,382304,5,5
382294,382299,382303,4,5
382294,382299,382303,4,5
382294,382299,382304,5,5
382294,382300,382303,3,6
382294,382300,382304,4,6
382294,382300,382304,4,6
382294,382299,382303,4,5
382294,382300,382304,4,6
382294,382300,382304,4,6
382294,382300,382304,4,6
382294,382300,382304,4,6
382294,382299,382304,5,5
382294,382299,382304,5,5
382294,382299,382304,5,5
382294,382299,382304,5,5
382294,382300,382304,4,6
382294,382300,382305,5,6
382294,382302,382305,3,8
382294,382299,382304,5,5
382294,382300,382304,4,6
382294,382301,382304,3,7
382294,382303,382305,2,9
382294,382303,382305,2,9
382294,382303,382305,2,9
382294,382300,382304,4,6
382294,382303,382305,2,9
382294,382300,382305,5,6
382294,382300,382304,4,6
382294,382303,382305,2,9
382294,382303,382305,2,9
382294,382300,382305,5,6
382294,382300,382305,5,6
382294,382303,382305,2,9
382294,382300,382305,5,6
382294,382303,382305,2,9
382294,382303,382305,2,9
382294,382303,382305,2,9
382294,382303,382305,2,9
382294,382303,382305,2,9
382294,382303,382305,2,9
382294,382303,382305,2,9
382294,382304,382305,1,10
382294,382304,382305,1,10
382294,382304,382305,1,10
382294,382304,382306,2,10
382294,382304,382306,2,10
382294,382304,382305,1,10
382294,382304,382306,2,10
382294,382304,382306,2,10
382294,382304,382306,2,10
382294,382304,382306,2,10
382294,382304,382306,2,10
382294,382304,382306,2,10
382294,382304,382306,2,10
382294,382304,382306,2,10
382294,382304,382306,2,10
382294,382304,382306,2,10
382310,382310,382315,5,0
382310,382310,382315,5,0
382310,382310,382315,5,0
382310,382310,382315,5,0
382310,382310,382315,5,0
382310,382311,382315,4,1
382310,382310,382315,5,0
382310,382310,382315,5,0
382310,382310,382315,5,0
382310,382310,382315,5,0
382310,382310,382315,5,0
382310,382310,382315,5,0
382310,382311,382315,4,1
382310,382310,382315,5,0
382310,382310,382315,5,0
382310,382310,382315,5,0
382310,382310,382315,5,0
382310,382310,382315,5,0
382310,382311,382316,5,1
382310,382310,382315,5,0
382310,382310,382315,5,0
382310,382311,382315,4,1
382310,382310,382315,5,0
382310,382310,382315,5,0
382310,382310,382315,5,0
382310,382310,382315,5,0
382310,382310,382315,5,0
382310,382310,382315,5,0
382310,382310,382315,5,0
382310,382311,382315,4,1
382310,382311,382315,4,1
382310,382310,382315,5,0
382310,382310,382315,5,0
382310,382310,382315,5,0
382310,382310,382315,5,0
382310,382310,382315,5,0
382310,382311,382315,4,1
382310,382311,382315,4,1
382310,382310,382315,5,0
382310,382310,382315,5,0
382310,382310,382315,5,0
382310,382310,382315,5,0
382310,382311,382316,5,1
382310,382310,382315,5,0
382310,382310,382315,5,0
382310,382310,382315,5,0
382310,382310,382315,5,0
382310,382310,382315,5,0
382310,382311,382315,4,1
382310,382311,382316,5,1
382310,382310,382315,5,0
382310,382310,382315,5,0
382310,382310,382315,5,0
382310,382311,382315,4,1
382310,382311,382315,4,1
382310,382311,382315,4,1
382310,382311,382316,5,1
382310,382311,382315,4,1
382310,382310,382316,6,0
382310,382311,382316,5,1
382310,382311,382316,5,1
382310,382311,382316,5,1
382310,382311,382316,5,1
382310,382310,382316,6,0
382310,382310,382316,6,0
382310,382310,382316,6,0
382310,382311,382316,5,1
382310,382311,382316,5,1
382310,382311,382316,5,1
382310,382311,382316,5,1
382310,382311,382316,5,1
382310,382311,382316,5,1
382310,382311,382316,5,1
382310,382311,382316,5,1
382310,382311,382316,5,1
382310,382311,382316,5,1
382310,382311,382316,5,1
382310,382311,382316,5,1
382310,382311,382316,5,1
382310,382311,382316,5,1
382310,382316,382321,5,6
382310,382316,382321,5,6
382310,382316,382321,5,6
382310,382316,382321,5,6
382310,382316,382321,5,6
382310,382316,382321,5,6
382310,382316,382321,5,6
382310,382316,382320,4,6
382310,382316,382320,4,6
382310,382316,382321,5,6
382310,382316,382321,5,6
382310,382316,382321,5,6
382310,382316,382321,5,6
382310,382316,382321,5,6
382310,382316,382321,5,6
382310,382316,382321,5,6
382310,382316,382321,5,6
382310,382316,382321,5,6
382310,382316,382322,6,6
382310,382316,382321,5,6
382310,382316,382321,5,6
382310,382316,382322,6,6
382310,382316,382322,6,6
382310,382316,382321,5,6
382310,382316,382321,5,6
382310,382316,382321,5,6
382310,382316,382321,5,6
382310,382316,382321,5,6
382310,382316,382321,5,6
382310,382316,382321,5,6
382310,382317,382321,4,7
382310,382316,382321,5,6
382310,382316,382321,5,6
382310,382316,382321,5,6
382310,382316,382321,5,6
382310,382316,382321,5,6
382310,382317,382322,5,7
382310,382317,382322,5,7
382310,382317,382322,5,7
382310,382316,382321,5,6
382310,382316,382321,5,6
382310,382316,382321,5,6
382310,382317,382322,5,7
382310,382317,382322,5,7
382310,382317,382322,5,7
382310,382316,382321,5,6
382310,382316,382321,5,6
382310,382316,382321,5,6
382310,382316,382322,6,6
382310,382316,382321,5,6
382310,382317,382322,5,7
382310,382316,382321,5,6
382310,382316,382321,5,6
382310,382316,382321,5,6
382310,382316,382321,5,6
382310,382316,382321,5,6
382310,382317,382322,5,7
382310,382317,382321,4,7
382310,382316,382321,5,6
382310,382316,382321,5,6
382310,382316,382321,5,6
382310,382316,382321,5,6
382310,382316,382321,5,6
382310,382317,382322,5,7
382310,382317,382322,5,7
382310,382316,382321,5,6
382310,382316,382321,5,6
382310,382317,382322,5,7
382310,382317,382322,5,7
382310,382317,382321,4,7
382310,382317,382321,4,7
382310,382317,382322,5,7
382310,382317,382322,5,7
382310,382317,382321,4,7
382310,382316,382321,5,6
382310,382316,382321,5,6
382310,382316,382321,5,6
382310,382317,382321,4,7
382310,382321,382323,2,11
382310,382321,382323,2,11
382310,382321,382323,2,11
382310,382321,382323,2,11
382310,382321,382323,2,11
382310,382321,382323,2,11
382310,382321,382323,2,11
382310,382317,382322,5,7
382310,382317,382322,5,7
382310,382321,382323,2,11
382310,382321,382323,2,11
382310,382321,382323,2,11
382310,382321,382323,2,11
382310,382321,382323,2,11
382310,382321,382323,2,11
382310,382321,382323,2,11
382310,382322,382324,2,12
382310,382322,382324,2,12
382310,382322,382324,2,12
382310,382322,382324,2,12
382310,382322,382324,2,12
382310,382322,382324,2,12
382310,382322,382324,2,12
382310,382322,382324,2,12
382310,382322,382324,2,12
382310,382321,382323,2,11
382310,382322,382324,2,12
382310,382322,382324,2,12
382310,382322,382325,3,12
382310,382322,382324,2,12
382310,382322,382324,2,12
382310,382322,382325,3,12
382310,382322,382325,3,12
382310,382322,382325,3,12
382310,382322,382325,3,12
382310,382322,382324,2,12
382310,382322,382325,3,12
382310,382322,382325,3,12
382310,382322,382324,2,12
382310,382322,382324,2,12
382310,382322,382325,3,12
382310,382322,382324,2,12
382329,382330,382333,3,1
382329,382330,382334,4,1
382329,382330,382333,3,1
382329,382330,382334,4,1
382329,382330,382334,4,1
382329,382330,382333,3,1
382329,382330,382334,4,1
382329,382330,382333,3,1
382329,382330,382333,3,1
382329,382330,382333,3,1
382329,382330,382333,3,1
382329,382330,382334,4,1
382329,382330,382334,4,1
382329,382330,382334,4,1
382329,382330,382334,4,1
382329,382330,382334,4,1
382329,382330,382334,4,1
382329,382330,382333,3,1
382329,382330,382334,4,1
382329,382330,382334,4,1
382329,382330,382334,4,1
382329,382330,382334,4,1
382329,382330,382334,4,1
382329,382330,382333,3,1
382329,382330,382333,3,1
382329,382330,382333,3,1
382329,382330,382334,4,1
382329,382330,382333,3,1
382329,382330,382333,3,1
382329,382330,382333,3,1
382329,382330,382333,3,1
382329,382330,382333,3,1
382329,382330,382334,4,1
382329,382330,382333,3,1
382329,382330,382334,4,1
382329,382330,382333,3,1
382329,382330,382333,3,1
382329,382330,382334,4,1
382329,382330,382334,4,1
382329,382330,382333,3,1
382329,382330,382334,4,1
382329,382330,382333,3,1
382329,382330,382334,4,1
382329,382330,382334,4,1
382329,382330,382334,4,1
382329,382330,382333,3,1
382329,382330,382334,4,1
382329,382330,382333,3,1
382329,382330,382333,3,1
382329,382330,382334,4,1
382329,382330,382334,4,1
382329,382330,382334,4,1
382329,382330,382334,4,1
382329,382330,382335,5,1
382329,382330,382335,5,1
382329,382330,382335,5,1
382329,382330,382334,4,1
382329,382330,382334,4,1
382329,382330,382334,4,1
382329,382330,382334,4,1
382329,382330,382334,4,1
382329,382330,382334,4,1
382329,382330,382335,5,1
382329,382330,382334,4,1
382329,382330,382334,4,1
382329,382330,382334,4,1
382329,382330,382334,4,1
382329,382330,382334,4,1
382329,382330,382334,4,1
382329,382330,382334,4,1
382329,382330,382335,5,1
382329,382330,382334,4,1
382329,382330,382334,4,1
382329,382330,382334,4,1
382329,382330,382334,4,1
382329,382330,382334,4,1
382329,382330,382334,4,1
382329,382330,382335,5,1
382329,382330,382334,4,1
382329,382330,382335,5,1
382329,382334,382338,4,5
382329,382334,382338,4,5
382329,382334,382338,4,5
382329,382334,382338,4,5
382329,382334,382338,4,5
382329,382334,382338,4,5
382329,382334,382338,4,5
382329,382334,382338,4,5
382329,382334,382338,4,5
382329,382334,382338,4,5
382329,382334,382338,4,5
382329,382334,382338,4,5
382329,382334,382338,4,5
382329,382334,382338,4,5
382329,382334,382338,4,5
382329,382334,382338,4,5
382329,382334,382338,4,5
382329,382334,382338,4,5
382329,382334,382338,4,5
382329,382335,382338,3,6
382329,382334,382338,4,5
382329,382334,382338,4,5
382329,382334,382338,4,5
382329,382334,382338,4,5
382329,382334,382338,4,5
382329,382334,382338,4,5
382329,382334,382338,4,5
382329,382334,382338,4,5
382329,382334,382338,4,5
382329,382334,382338,4,5
382329,382334,382338,4,5
382329,382334,382338,4,5
382329,382334,382338,4,5
382329,382334,382338,4,5
382329,382334,382338,4,5
382329,382334,382338,4,5
382329,382334,382338,4,5
382329,382334,382338,4,5
382329,382334,382338,4,5
382329,382334,382338,4,5
382329,382334,382338,4,5
382329,382334,382338,4,5
382329,382334,382338,4,5
382329,382334,382338,4,5
382329,382334,382338,4,5
382329,382334,382338,4,5
382329,382334,382338,4,5
382329,382334,382338,4,5
382329,382335,382338,3,6
382329,382335,382338,3,6
382329,382335,382338,3,6
382329,382335,382338,3,6
382329,382335,382339,4,6
382329,382335,382339,4,6
382329,382335,382339,4,6
382329,382335,382339,4,6
382329,382335,382339,4,6
382329,382335,382339,4,6
382329,382335,382339,4,6
382329,382335,382339,4,6
382329,382334,382339,5,5
382329,382334,382339,5,5
382329,382335,382339,4,6
382329,382335,382339,4,6
382329,382335,382339,4,6
382329,382335,382339,4,6
382329,382335,382339,4,6
382329,382335,382339,4,6
382329,382335,382339,4,6
382329,382335,382339,4,6
382329,382335,382340,5,6
382329,382335,382339,4,6
382329,382335,382339,4,6
382329,382335,382340,5,6
382329,382335,382340,5,6
382329,382336,382340,4,7
382329,382335,382340,5,6
382329,382335,382340,5,6
382329,382335,382340,5,6
382329,382338,382341,3,9
382329,382338,382341,3,9
382329,382338,382341,3,9
382329,382339,382341,2,10
382329,382335,382341,6,6
382329,382338,382342,4,9
382329,382339,382341,2,10
382329,382338,382341,3,9
382329,382338,382341,3,9
382329,382339,382341,2,10
382329,382338,382341,3,9
382329,382339,382342,3,10
382329,382338,382341,3,9
382329,382339,382341,2,10
382329,382339,382341,2,10
382329,382339,382342,3,10
382336,382336,382340,4,0
382329,382339,382342,3,10
382329,382339,382342,3,10
382329,382339,382342,3,10
382329,382338,382342,4,9
382329,382338,382342,4,9
382329,382339,382342,3,10
382329,382339,382342,3,10
382329,382339,382342,3,10
382329,382339,382342,3,10
382329,382339,382342,3,10
382329,382339,382342,3,10
382329,382338,382342,4,9
382329,382339,382342,3,10
382329,382339,382342,3,10
382329,382339,382342,3,10
382329,382339,382342,3,10
382329,382339,382342,3,10
382329,382338,382342,4,9
382329,382339,382342,3,10
382329,382339,382342,3,10
382329,382338,382342,4,9
382329,382339,382342,3,10
382329,382339,382342,3,10
382329,382339,382342,3,10
382329,382339,382342,3,10
382347,382347,382351,4,0
382347,382347,382351,4,0
382347,382347,382351,4,0
382347,382347,382352,5,0
382347,382347,382352,5,0
382347,382347,382352,5,0
382347,382347,382352,5,0
382347,382347,382352,5,0
382347,382347,382352,5,0
382347,382347,382352,5,0
382347,382347,382352,5,0
382347,382347,382352,5,0
382347,382347,382352,5,0
382347,382347,382352,5,0
382347,382347,382352,5,0
382347,382347,382352,5,0
382347,382347,382352,5,0
382347,382347,382352,5,0
382347,382347,382352,5,0
382347,382347,382352,5,0
382347,382347,382352,5,0
382347,382347,382352,5,0
382347,382347,382352,5,0
382347,382347,382352,5,0
382347,382347,382352,5,0
382347,382347,382352,5,0
382347,382347,382352,5,0
382347,382347,382352,5,0
382347,382347,382352,5,0
382347,382347,382352,5,0
382347,382347,382352,5,0
382347,382347,382352,5,0
382347,382347,382352,5,0
382347,382347,382352,5,0
382347,382347,382352,5,0
382347,382347,382352,5,0
382347,382347,382352,5,0
382347,382347,382352,5,0
382347,382347,382352,5,0
382347,382347,382352,5,0
382347,382347,382352,5,0
382347,382347,382352,5,0
382347,382347,382352,5,0
382347,382347,382352,5,0
382347,382347,382352,5,0
382347,382347,382352,5,0
382347,382347,382352,5,0
382347,382347,382352,5,0
382347,382347,382352,5,0
382347,382347,382352,5,0
382347,382347,382352,5,0
382347,382347,382352,5,0
382347,382347,382352,5,0
382347,382347,382352,5,0
382347,382347,382352,5,0
382347,382347,382352,5,0
382347,382347,382352,5,0
382347,382347,382352,5,0
382347,382347,382352,5,0
382347,382347,382352,5,0
382347,382347,382352,5,0
382347,382347,382352,5,0
382347,382347,382352,5,0
382347,382347,382352,5,0
382347,382347,382352,5,0
382347,382347,382352,5,0
382347,382347,382352,5,0
382347,382347,382353,6,0
382347,382347,382353,6,0
382347,382347,382353,6,0
382347,382347,382353,6,0
382347,382351,382353,2,4
382347,382351,382353,2,4
382347,382347,382353,6,0
382347,382347,382353,6,0
382347,382347,382353,6,0
382347,382347,382353,6,0
382347,382347,382353,6,0
382347,382351,382353,2,4
382347,382347,382353,6,0
382347,382347,382353,6,0
382347,382347,382353,6,0
382347,382347,382353,6,0
382347,382352,382355,3,5
382347,382352,382357,5,5
382347,382352,382357,5,5
382347,382353,382358,5,6
382347,382353,382357,4,6
382347,382353,382357,4,6
382347,382353,382357,4,6
382347,382353,382357,4,6
382347,382352,382358,6,5
382347,382352,382358,6,5
382347,382353,382357,4,6
382347,382353,382358,5,6
382347,382353,382358,5,6
382347,382352,382357,5,5
382347,382352,382358,6,5
382347,382353,382357,4,6
382347,382353,382358,5,6
382347,382353,382357,4,6
382347,382354,382357,3,7
382347,382352,382357,5,5
382347,382353,382357,4,6
382347,382353,382358,5,6
382347,382353,382357,4,6
382347,382353,382358,5,6
382347,382352,382357,5,5
382347,382352,382357,5,5
382347,382353,382357,4,6
382347,382353,382358,5,6
382347,382353,382358,5,6
382347,382353,382358,5,6
382347,382353,382358,5,6
382347,382353,382358,5,6
382347,382353,382358,5,6
382347,382353,382358,5,6
382347,382353,382358,5,6
382347,382353,382358,5,6
382347,382353,382358,5,6
382347,382352,382357,5,5
382347,382353,382357,4,6
382347,382353,382357,4,6
382347,382353,382357,4,6
382347,382353,382357,4,6
382347,382353,382358,5,6
382347,382353,382357,4,6
382347,382352,382357,5,5
382347,382353,382358,5,6
382347,382353,382357,4,6
382347,382353,382357,4,6
382347,382353,382357,4,6
382347,382353,382358,5,6
382347,382353,382358,5,6
382347,382352,382357,5,5
382347,382352,382357,5,5
382347,382353,382358,5,6
382347,382353,382357,4,6
382347,382353,382358,5,6
382347,382353,382358,5,6
382347,382353,382357,4,6
382347,382352,382358,6,5
382347,382353,382357,4,6
382347,382353,382358,5,6
382347,382353,382358,5,6
382347,382353,382358,5,6
382347,382353,382357,4,6
382347,382353,382358,5,6
382347,382354,382358,4,7
382347,382354,382358,4,7
382347,382356,382358,2,9
382347,382354,382358,4,7
382347,382354,382358,4,7
382347,382354,382358,4,7
382347,382354,382358,4,7
382347,382354,382358,4,7
382347,382354,382358,4,7
382347,382354,382358,4,7
382347,382354,382358,4,7
382347,382354,382358,4,7
382347,382354,382358,4,7
382347,382354,382358,4,7
382347,382354,382358,4,7
382347,382354,382358,4,7
382347,382358,382360,2,11
382347,382358,382360,2,11
382347,382358,382360,2,11
382347,382358,382360,2,11
382347,382358,382360,2,11
382347,382358,382360,2,11
382347,382358,382360,2,11
382347,382358,382360,2,11
382347,382358,382360,2,11
382347,382358,382360,2,11
382347,382358,382360,2,11
382347,382358,382361,3,11
382347,382358,382361,3,11
382347,382358,382360,2,11
382347,382358,382360,2,11
382347,382358,382360,2,11
382347,382358,382361,3,11
382347,382358,382361,3,11
382347,382358,382361,3,11
382347,382358,382361,3,11
382347,382358,382360,2,11
382347,382358,382361,3,11
382347,382358,382360,2,11
382347,382358,382361,3,11
382347,382358,382361,3,11
382347,382358,382361,3,11
382347,382358,382361,3,11
382347,382358,382361,3,11
382347,382358,382361,3,11
382347,382358,382360,2,11
382347,382358,382360,2,11
382347,382358,382361,3,11
382347,382358,382361,3,11
382347,382358,382361,3,11
382347,382358,382361,3,11
382347,382358,382361,3,11
382363,382363,382367,4,0
382366,382366,382370,4,0
382366,382366,382370,4,0
382366,382366,382370,4,0
382366,382366,382371,5,0
382366,382366,382371,5,0
382366,382366,382371,5,0
382366,382366,382370,4,0
382366,382366,382370,4,0
382366,382366,382370,4,0
382366,382366,382370,4,0
382366,382366,382371,5,0
382366,382366,382370,4,0
382366,382366,382370,4,0
382366,382366,382370,4,0
382366,382366,382370,4,0
382366,382366,382370,4,0
382366,382366,382371,5,0
382366,382366,382370,4,0
382366,382366,382371,5,0
382366,382366,382370,4,0
382366,382366,382370,4,0
382366,382366,382370,4,0
382366,382366,382370,4,0
382366,382366,382370,4,0
382366,382366,382371,5,0
382366,382366,382370,4,0
382366,382366,382370,4,0
382366,382366,382370,4,0
382366,382366,382370,4,0
382366,382366,382370,4,0
382366,382366,382370,4,0
382366,382366,382370,4,0
382366,382366,382370,4,0
382366,382366,382370,4,0
382366,382366,382370,4,0
382366,382366,382370,4,0
382366,382366,382371,5,0
382366,382366,382370,4,0
382366,382366,382370,4,0
382366,382366,382370,4,0
382366,382366,382370,4,0
382366,382366,382370,4,0
382366,382366,382371,5,0
382366,382366,382371,5,0
382366,382366,382370,4,0
382366,382366,382371,5,0
382366,382366,382371,5,0
382366,382366,382371,5,0
382366,382366,382370,4,0
382366,382366,382370,4,0
382366,382366,382370,4,0
382366,382366,382370,4,0
382366,382366,382370,4,0
382366,382366,382370,4,0
382366,382366,382371,5,0
382366,382366,382371,5,0
382366,382366,382370,4,0
382366,382366,382370,4,0
382366,382366,382370,4,0
382366,382366,382370,4,0
382366,382366,382370,4,0
382366,382366,382370,4,0
382366,382366,382371,5,0
382366,382366,382371,5,0
382366,382366,382372,6,0
382366,382366,382371,5,0
382366,382366,382371,5,0
382366,382366,382371,5,0
382366,382366,382371,5,0
382366,382366,382371,5,0
382366,382366,382371,5,0
382366,382366,382371,5,0
382366,382366,382371,5,0
382366,382366,382371,5,0
382366,382366,382371,5,0
382366,382366,382371,5,0
382366,382366,382371,5,0
382366,382366,382371,5,0
382366,382366,382371,5,0
382366,382366,382371,5,0
382366,382371,382375,4,5
382366,382371,382375,4,5
382366,382371,382375,4,5
382366,382371,382375,4,5
382366,382371,382375,4,5
382366,382371,382375,4,5
382366,382371,382375,4,5
382366,382371,382375,4,5
382366,382371,382375,4,5
382366,382372,382375,3,6
382366,382371,382375,4,5
382366,382371,382375,4,5
382366,382371,382375,4,5
382366,382371,382375,4,5
382366,382371,382375,4,5
382366,382371,382376,5,5
382366,382371,382376,5,5
382366,382371,382376,5,5
382366,382371,382376,5,5
382366,382371,382376,5,5
382366,382371,382376,5,5
382366,382371,382376,5,5
382366,382371,382376,5,5
382366,382371,382376,5,5
382366,382371,382375,4,5
382366,382371,382376,5,5
382366,382371,382376,5,5
382366,382371,382376,5,5
382366,382371,382376,5,5
382366,382371,382375,4,5
382366,382371,382376,5,5
382366,382371,382376,5,5
382366,382371,382376,5,5
382366,382371,382376,5,5
382366,382371,382375,4,5
382366,382371,382376,5,5
382366,382371,382376,5,5
382366,382371,382376,5,5
382366,382371,382376,5,5
382366,382372,382376,4,6
382366,382371,382376,5,5
382366,382371,382376,5,5
382366,382371,382376,5,5
382366,382371,382376,5,5
382366,382371,382376,5,5
382366,382371,382376,5,5
382366,382371,382376,5,5
382366,382371,382376,5,5
382366,382371,382376,5,5
382366,382371,382376,5,5
382366,382372,382376,4,6
382366,382371,382376,5,5
382366,382371,382376,5,5
382366,382371,382376,5,5
382366,382372,382376,4,6
382366,382371,382376,5,5
382366,382371,382376,5,5
382366,382372,382376,4,6
382366,382371,382376,5,5
382366,382372,382376,4,6
382366,382372,382376,4,6
382366,382371,382377,6,5
382366,382371,382376,5,5
382366,382371,382376,5,5
382366,382372,382376,4,6
382366,382371,382376,5,5
382366,382372,382377,5,6
382366,382372,382377,5,6
382366,382372,382377,5,6
382366,382376,382377,1,10
382366,382376,382377,1,10
382366,382371,382377,6,5
382366,382372,382377,5,6
382366,382372,382377,5,6
382366,382372,382377,5,6
382366,382372,382377,5,6
382366,382376,382378,2,10
382366,382376,382378,2,10
382366,382372,382377,5,6
382366,382372,382377,5,6
382366,382372,382377,5,6
382366,382372,382377,5,6
382366,382372,382377,5,6
382366,382372,382377,5,6
382366,382376,382378,2,10
382366,382376,382378,2,10
382366,382376,382378,2,10
382366,382377,382379,2,11
382366,382377,382378,1,11
382366,382377,382379,2,11
382366,382377,382378,1,11
382366,382376,382378,2,10
382366,382376,382378,2,10
382366,382376,382378,2,10
382366,382376,382378,2,10
382366,382376,382378,2,10
382366,382376,382378,2,10
382366,382376,382378,2,10
382366,382376,382378,2,10
382366,382376,382378,2,10
382366,382376,382378,2,10
382366,382376,382378,2,10
382366,382376,382378,2,10
382366,382376,382378,2,10
382366,382376,382378,2,10
382366,382376,382379,3,10
382366,382376,382378,2,10
382366,382376,382378,2,10
382366,382377,382379,2,11
382366,382377,382379,2,11
382366,382377,382379,2,11
382366,382377,382379,2,11
382366,382377,382379,2,11
382366,382377,382379,2,11
382366,382377,382379,2,11
382366,382377,382379,2,11
382366,382377,382379,2,11
382366,382377,382379,2,11
382366,382377,382379,2,11
382366,382377,382379,2,11
382383,382383,382388,5,0
382383,382383,382388,5,0
382383,382383,382388,5,0
382383,382383,382388,5,0
382383,382383,382388,5,0
382383,382383,382388,5,0
382383,382384,382388,4,1
382383,382384,382388,4,1
382383,382383,382388,5,0
382383,382383,382388,5,0
382383,382383,382388,5,0
382383,382384,382388,4,1
382383,382384,382388,4,1
382383,382384,382388,4,1
382383,382384,382388,4,1
382383,382383,382388,5,0
382383,382383,382388,5,0
382383,382383,382388,5,0
382383,382384,382388,4,1
382383,382384,382388,4,1
382383,382384,382389,5,1
382383,382383,382388,5,0
382383,382383,382388,5,0
382383,382383,382388,5,0
382383,382384,382388,4,1
382383,382384,382388,4,1
382383,382383,382389,6,0
382383,382383,382389,6,0
382383,382383,382388,5,0
382383,382383,382388,5,0
382383,382383,382388,5,0
382383,382383,382388,5,0
382383,382384,382388,4,1
382383,382384,382388,4,1
382383,382384,382388,4,1
382383,382383,382388,5,0
382383,382383,382388,5,0
382383,382383,382388,5,0
382383,382383,382388,5,0
382383,382383,382388,5,0
382383,382383,382388,5,0
382383,382384,382388,4,1
382383,382384,382388,4,1
382383,382384,382389,5,1
382383,382384,382388,4,1
382383,382383,382388,5,0
382383,382383,382388,5,0
382383,382383,382388,5,0
382383,382384,382388,4,1
382383,382384,382389,5,1
382383,382384,382389,5,1
382383,382384,382389,5,1
382383,382384,382389,5,1
382383,382384,382389,5,1
382383,382384,382389,5,1
382383,382384,382389,5,1
382383,382384,382389,5,1
382383,382384,382389,5,1
382383,382384,382389,5,1
382383,382384,382389,5,1
382383,382384,382389,5,1
382383,382384,382389,5,1
382383,382384,382389,5,1
382383,382384,382389,5,1
382383,382384,382389,5,1
382383,382384,382389,5,1
382383,382384,382389,5,1
382383,382384,382389,5,1
382383,382384,382389,5,1
382383,382384,382389,5,1
382383,382384,382389,5,1
382383,382384,382389,5,1
382383,382384,382389,5,1
382383,382384,382389,5,1
382383,382384,382389,5,1
382383,382384,382389,5,1
382383,382384,382389,5,1
382383,382384,382389,5,1
382383,382384,382389,5,1
382383,382384,382389,5,1
382383,382389,382391,2,6
382383,382389,382394,5,6
382383,382389,382394,5,6
382383,382389,382394,5,6
382383,382389,382394,5,6
382383,382389,382394,5,6
382383,382389,382394,5,6
382383,382389,382394,5,6
382383,382389,382394,5,6
382383,382389,382394,5,6
382383,382389,382394,5,6
382383,382389,382394,5,6
382383,382389,382394,5,6
382383,382389,382394,5,6
382383,382389,382394,5,6
382383,382389,382394,5,6
382383,382389,382394,5,6
382383,382389,382394,5,6
382383,382389,382394,5,6
382383,382389,382394,5,6
382383,382389,382394,5,6
382383,382389,382394,5,6
382383,382389,382394,5,6
382383,382389,382394,5,6
382383,382389,382394,5,6
382383,382389,382394,5,6
382383,382389,382394,5,6
382383,382389,382394,5,6
382383,382389,382394,5,6
382383,382389,382394,5,6
382383,382389,382394,5,6
382383,382389,382394,5,6
382383,382390,382394,4,7
382383,382390,382394,4,7
382383,382389,382394,5,6
382383,382389,382394,5,6
382383,382389,382394,5,6
382383,382389,382394,5,6
382383,382389,382394,5,6
382383,382389,382394,5,6
382383,382389,382394,5,6
382383,382389,382394,5,6
382383,382389,382394,5,6
382383,382389,382394,5,6
382383,382390,382394,4,7
382383,382390,382394,4,7
382383,382389,382394,5,6
382383,382389,382394,5,6
382383,382389,382394,5,6
382383,382389,382394,5,6
382383,382389,382394,5,6
382383,382389,382394,5,6
382383,382389,382394,5,6
382383,382389,382394,5,6
382383,382389,382394,5,6
382383,382390,382394,4,7
382383,382390,382395,5,7
382383,382390,382395,5,7
382383,382390,382395,5,7
382383,382390,382395,5,7
382383,382390,382394,4,7
382383,382390,382395,5,7
382383,382390,382395,5,7
382383,382390,382395,5,7
382383,382389,382394,5,6
382383,382390,382395,5,7
382383,382390,382395,5,7
382383,382390,382395,5,7
382383,382390,382394,4,7
382383,382390,382394,4,7
382383,382390,382394,4,7
382383,382390,382395,5,7
382383,382390,382395,5,7
382383,382390,382395,5,7
382383,382390,382395,5,7
382383,382390,382395,5,7
382383,382390,382395,5,7
382383,382389,382395,6,6
382383,382390,382395,5,7
382383,382391,382395,4,8
382383,382390,382396,6,7
382383,382394,382397,3,11
382383,382394,382397,3,11
382383,382394,382397,3,11
382383,382394,382396,2,11
382383,382394,382397,3,11
382383,382394,382397,3,11
382383,382394,382397,3,11
382383,382394,382397,3,11
382383,382394,382397,3,11
382383,382394,382397,3,11
382383,382394,382397,3,11
382383,382394,382397,3,11
382383,382394,382397,3,11
382383,382394,382397,3,11
382383,382394,382397,3,11
382383,382394,382397,3,11
382383,382394,382397,3,11
382383,382394,382397,3,11
382383,382394,382397,3,11
382383,382394,382397,3,11
382383,382394,382397,3,11
382383,382394,382397,3,11
382383,382394,382397,3,11
382383,382394,382397,3,11
382383,382394,382397,3,11
382383,382394,382397,3,11
382383,382394,382397,3,11
382383,382394,382398,4,11
382383,382394,382398,4,11
382383,382394,382398,4,11
382383,382394,382398,4,11
382383,382394,382398,4,11
382383,382394,382398,4,11
382383,382394,382398,4,11
382383,382394,382398,4,11
382383,382394,382398,4,11
382383,382394,382398,4,11
382383,382394,382398,4,11
382383,382394,382398,4,11
382403,382403,382407,4,0
382403,382403,382407,4,0
382403,382403,382407,4,0
382403,382403,382407,4,0
382403,382403,382407,4,0
382403,382403,382407,4,0
382403,382403,382408,5,0
382403,382403,382407,4,0
382403,382403,382407,4,0
382403,382403,382407,4,0
382403,382403,382407,4,0
382403,382403,382408,5,0
382403,382403,382407,4,0
382403,382403,382408,5,0
382403,382403,382408,5,0
382403,382403,382408,5,0
382403,382403,382408,5,0
382403,382403,382408,5,0
382403,382403,382407,4,0
382403,382403,382407,4,0
382403,382403,382407,4,0
382403,382403,382407,4,0
382403,382403,382407,4,0
382403,382403,382408,5,0
382403,382403,382408,5,0
382403,382403,382408,5,0
382403,382403,382407,4,0
382403,382403,382407,4,0
382403,382403,382407,4,0
382403,382403,382407,4,0
382403,382403,382407,4,0
382403,382403,382408,5,0
382403,382403,382408,5,0
382403,382403,382407,4,0
382403,382403,382407,4,0
382403,382403,382407,4,0
382403,382403,382407,4,0
382403,382403,382407,4,0
382403,382403,382407,4,0
382403,382403,382408,5,0
382403,382403,382407,4,0
382403,382403,382407,4,0
382403,382403,382407,4,0
382403,382403,382407,4,0
382403,382403,382407,4,0
382403,382403,382408,5,0
382403,382403,382407,4,0
382403,382403,382407,4,0
382403,382403,382407,4,0
382403,382403,382407,4,0
382403,382403,382407,4,0
382403,382403,382408,5,0
382403,382403,382408,5,0
382403,382403,382408,5,0
382403,382403,382407,4,0
382403,382403,382407,4,0
382403,382403,382407,4,0
382403,382403,382408,5,0
382403,382403,382407,4,0
382403,382403,382407,4,0
382403,382403,382408,5,0
382403,382403,382407,4,0
382403,382403,382407,4,0
382403,382403,382407,4,0
382403,382403,382407,4,0
382403,382403,382407,4,0
382403,382403,382408,5,0
382403,382403,382408,5,0
382403,382403,382408,5,0
382403,382403,382408,5,0
382403,382403,382408,5,0
382403,382403,382408,5,0
382403,382403,382408,5,0
382403,382403,382408,5,0
382403,382403,382408,5,0
382403,382403,382408,5,0
382403,382403,382408,5,0
382403,382403,382408,5,0
382403,382403,382408,5,0
382403,382403,382408,5,0
382404,382404,382408,4,0
382403,382408,382412,4,5
382403,382408,382413,5,5
382403,382408,382413,5,5
382403,382408,382413,5,5
382403,382408,382413,5,5
382403,382408,382414,6,5
382403,382408,382413,5,5
382403,382408,382413,5,5
382403,382408,382413,5,5
382403,382408,382413,5,5
382403,382408,382413,5,5
382403,382408,382414,6,5
382403,382409,382413,4,6
382403,382409,382414,5,6
382403,382408,382413,5,5
382403,382408,382413,5,5
382403,382408,382413,5,5
382403,382408,382413,5,5
382403,382408,382414,6,5
382403,382408,382413,5,5
382403,382408,382413,5,5
382403,382408,382413,5,5
382403,382408,382413,5,5
382403,382408,382413,5,5
382403,382408,382413,5,5
382403,382408,382414,6,5
382403,382408,382414,6,5
382403,382408,382414,6,5
382403,382408,382413,5,5
382403,382408,382413,5,5
382403,382408,382413,5,5
382403,382408,382413,5,5
382403,382408,382414,6,5
382403,382408,382414,6,5
382403,382410,382414,4,7
382403,382408,382414,6,5
382403,382408,382413,5,5
382403,382408,382413,5,5
382403,382408,382413,5,5
382403,382408,382414,6,5
382403,382409,382413,4,6
382403,382408,382413,5,5
382403,382408,382413,5,5
382403,382408,382413,5,5
382403,382408,382413,5,5
382403,382408,382413,5,5
382403,382409,382414,5,6
382403,382409,382413,4,6
382403,382408,382413,5,5
382403,382408,382413,5,5
382403,382408,382413,5,5
382403,382408,382413,5,5
382403,382410,382413,3,7
382403,382408,382413,5,5
382403,382408,382413,5,5
382403,382408,382413,5,5
382403,382408,382413,5,5
382403,382409,382413,4,6
382403,382409,382414,5,6
382403,382408,382414,6,5
382403,382408,382414,6,5
382403,382409,382414,5,6
382403,382408,382414,6,5
382403,382408,382414,6,5
382403,382408,382414,6,5
382403,382408,382414,6,5
382403,382410,382414,4,7
382403,382408,382414,6,5
382403,382408,382414,6,5
382403,382408,382414,6,5
382403,382410,382414,4,7
382403,382410,382414,4,7
382403,382410,382414,4,7
382403,382410,382414,4,7
382403,382410,382414,4,7
382403,382410,382414,4,7
382403,382410,382414,4,7
382403,382413,382414,1,10
382403,382410,382414,4,7
382403,382410,382414,4,7
382403,382414,382416,2,11
382403,382414,382416,2,11
382403,382414,382416,2,11
382403,382410,382415,5,7
382403,382414,382416,2,11
382403,382414,382416,2,11
382403,382414,382416,2,11
382403,382414,382416,2,11
382403,382414,382416,2,11
382403,382414,382416,2,11
382403,382414,382416,2,11
382403,382414,382417,3,11
382403,382414,382416,2,11
382403,382414,382416,2,11
382403,382414,382416,2,11
382403,382414,382416,2,11
382403,382414,382417,3,11
382403,382414,382416,2,11
382403,382414,382416,2,11
382403,382414,382417,3,11
382403,382414,382416,2,11
382403,382414,382416,2,11
382403,382414,382416,2,11
382403,382414,382417,3,11
382403,382414,382417,3,11
382403,382414,382417,3,11
382403,382414,382417,3,11
382403,382414,382417,3,11
382403,382414,382417,3,11
382403,382414,382417,3,11
382403,382414,382417,3,11
382403,382414,382417,3,11
382403,382414,382417,3,11
382403,382414,382417,3,11
382403,382414,382417,3,11
382403,382414,382417,3,11
382403,382414,382417,3,11
382403,382414,382417,3,11
382403,382414,382417,3,11
382403,382414,382417,3,11
382422,382422,382427,5,0
382422,382422,382427,5,0
382422,382422,382427,5,0
382422,382422,382427,5,0
382422,382422,382427,5,0
382422,382422,382427,5,0
382422,382422,382427,5,0
382422,382422,382427,5,0
382422,382422,382427,5,0
382422,382422,382427,5,0
382422,382422,382427,5,0
382422,382422,382427,5,0
382422,382422,382427,5,0
382422,382422,382427,5,0
382422,382422,382427,5,0
382422,382422,382427,5,0
382422,382422,382427,5,0
382422,382422,382427,5,0
382422,382422,382427,5,0
382422,382422,382427,5,0
382422,382422,382427,5,0
382422,382422,382427,5,0
382422,382422,382427,5,0
382422,382422,382427,5,0
382422,382422,382427,5,0
382422,382422,382427,5,0
382422,382422,382427,5,0
382422,382422,382427,5,0
382422,382422,382427,5,0
382422,382422,382427,5,0
382422,382422,382427,5,0
382422,382422,382427,5,0
382422,382422,382427,5,0
382422,382422,382427,5,0
382422,382422,382427,5,0
382422,382422,382427,5,0
382422,382422,382427,5,0
382422,382422,382427,5,0
382422,382422,382427,5,0
382422,382422,382427,5,0
382422,382422,382427,5,0
382422,382422,382427,5,0
382422,382422,382427,5,0
382422,382422,382427,5,0
382422,382422,382427,5,0
382422,382422,382427,5,0
382422,382422,382427,5,0
382422,382422,382427,5,0
382422,382422,382427,5,0
382422,382422,382427,5,0
382422,382422,382427,5,0
382422,382422,382427,5,0
382422,382422,382427,5,0
382422,382422,382427,5,0
382422,382422,382427,5,0
382422,382422,382427,5,0
382422,382422,382427,5,0
382422,382422,382427,5,0
382422,382422,382427,5,0
382422,382422,382427,5,0
382422,382422,382427,5,0
382422,382422,382427,5,0
382422,382422,382427,5,0
382422,382422,382427,5,0
382422,382422,382427,5,0
382422,382422,382428,6,0
382422,382422,382428,6,0
382422,382422,382428,6,0
382422,382422,382428,6,0
382422,382422,382428,6,0
382422,382422,382428,6,0
382422,382422,382428,6,0
382422,382422,382428,6,0
382422,382422,382428,6,0
382422,382422,382428,6,0
382422,382422,382428,6,0
382422,382422,382428,6,0
382422,382422,382428,6,0
382422,382422,382428,6,0
382422,382422,382428,6,0
382422,382428,382431,3,6
382422,382428,382432,4,6
382422,382428,382432,4,6
382422,382428,382432,4,6
382422,382428,382432,4,6
382422,382428,382431,3,6
382422,382428,382432,4,6
382422,382428,382432,4,6
382422,382428,382432,4,6
382422,382428,382432,4,6
382422,382428,382432,4,6
382422,382428,382432,4,6
382422,382428,382432,4,6
382422,382428,382432,4,6
382422,382428,382432,4,6
382422,382428,382432,4,6
382422,382428,382432,4,6
382422,382428,382432,4,6
382422,382428,382432,4,6
382422,382428,382432,4,6
382422,382428,382432,4,6
382422,382428,382432,4,6
382422,382428,382432,4,6
382422,382428,382432,4,6
382422,382428,382432,4,6
382422,382428,382432,4,6
382422,382428,382432,4,6
382422,382428,382432,4,6
382422,382428,382432,4,6
382422,382428,382432,4,6
382422,382428,382432,4,6
382422,382428,382432,4,6
382422,382428,382432,4,6
382422,382429,382433,4,7
382422,382428,382432,4,6
382422,382428,382432,4,6
382422,382428,382432,4,6
382422,382428,382432,4,6
382422,382428,382433,5,6
382422,382429,382433,4,7
382422,382428,382432,4,6
382422,382428,382432,4,6
382422,382428,382432,4,6
382422,382428,382432,4,6
382422,382428,382433,5,6
382422,382428,382432,4,6
382422,382428,382432,4,6
382422,382428,382432,4,6
382422,382428,382432,4,6
382422,382429,382433,4,7
382422,382428,382432,4,6
382422,382428,382432,4,6
382422,382428,382432,4,6
382422,382428,382432,4,6
382422,382428,382432,4,6
382422,382429,382433,4,7
382422,382429,382433,4,7
382422,382428,382432,4,6
382422,382428,382432,4,6
382422,382428,382432,4,6
382422,382428,382432,4,6
382422,382429,382433,4,7
382422,382429,382433,4,7
382422,382428,382432,4,6
382422,382428,382432,4,6
382422,382428,382432,4,6
382422,382428,382432,4,6
382422,382428,382433,5,6
382422,382428,382433,5,6
382422,382428,382433,5,6
382422,382428,382433,5,6
382422,382428,382433,5,6
382422,382429,382433,4,7
382422,382429,382433,4,7
382422,382429,382433,4,7
382422,382432,382433,1,10
382422,382432,382433,1,10
382422,382432,382433,1,10
382422,382431,382433,2,9
382422,382432,382434,2,10
382422,382429,382433,4,7
382422,382429,382433,4,7
382422,382432,382433,1,10
382422,382429,382433,4,7
382422,382429,382433,4,7
382422,382429,382433,4,7
382422,382433,382434,1,11
382422,382433,382434,1,11
382422,382433,382434,1,11
382422,382433,382435,2,11
382422,382433,382435,2,11
382422,382433,382435,2,11
382422,382433,382435,2,11
382422,382433,382435,2,11
382422,382433,382435,2,11
382422,382433,382436,3,11
382422,382433,382435,2,11
382422,382433,382436,3,11
382422,382433,382436,3,11
382422,382433,382436,3,11
382422,382433,382436,3,11
382422,382433,382436,3,11
382422,382433,382435,2,11
382422,382433,382435,2,11
382422,382433,382435,2,11
382422,382433,382435,2,11
382422,382433,382435,2,11
382422,382433,382436,3,11
382422,382433,382436,3,11
382422,382433,382436,3,11
382422,382433,382436,3,11
382422,382433,382436,3,11
382422,382433,382436,3,11
382422,382433,382436,3,11
382422,382433,382436,3,11
382422,382433,382435,2,11
382422,382433,382436,3,11
382422,382433,382435,2,11
382422,382433,382436,3,11
382422,382433,382436,3,11
382440,382440,382444,4,0
382440,382440,382444,4,0
382440,382440,382444,4,0
382440,382440,382444,4,0
382440,382440,382444,4,0
382440,382440,382444,4,0
382440,382440,382444,4,0
382440,382440,382444,4,0
382440,382440,382444,4,0
382440,382440,382444,4,0
382440,382440,382444,4,0
382440,382440,382444,4,0
382440,382440,382444,4,0
382440,382440,382444,4,0
382440,382440,382444,4,0
382440,382440,382444,4,0
382440,382440,382444,4,0
382440,382440,382444,4,0
382440,382440,382444,4,0
382440,382440,382444,4,0
382440,382440,382444,4,0
382440,382440,382444,4,0
382440,382440,382444,4,0
382440,382440,382444,4,0
382440,382440,382444,4,0
382440,382440,382444,4,0
382440,382440,382444,4,0
382440,382440,382444,4,0
382440,382440,382444,4,0
382440,382440,382444,4,0
382440,382440,382444,4,0
382440,382440,382444,4,0
382440,382440,382444,4,0
382440,382440,382444,4,0
382440,382440,382444,4,0
382440,382440,382444,4,0
382440,382440,382444,4,0
382440,382440,382444,4,0
382440,382440,382444,4,0
382440,382440,382444,4,0
382440,382440,382445,5,0
382440,382440,382444,4,0
382440,382440,382444,4,0
382440,382440,382445,5,0
382440,382440,382445,5,0
382440,382440,382445,5,0
382440,382440,382444,4,0
382440,382440,382445,5,0
382440,382440,382444,4,0
382440,382440,382445,5,0
382440,382440,382445,5,0
382440,382440,382445,5,0
382440,382440,382445,5,0
382440,382440,382445,5,0
382440,382440,382445,5,0
382440,382440,382445,5,0
382440,382440,382445,5,0
382440,382440,382445,5,0
382440,382440,382445,5,0
382440,382440,382445,5,0
382440,382440,382445,5,0
382440,382440,382445,5,0
382440,382440,382445,5,0
382440,382440,382445,5,0
382440,382440,382445,5,0
382440,382440,382445,5,0
382440,382440,382446,6,0
382440,382440,382446,6,0
382440,382440,382446,6,0
382440,382440,382446,6,0
382440,382440,382446,6,0
382440,382440,382446,6,0
382440,382440,382446,6,0
382440,382440,382446,6,0
382440,382440,382446,6,0
382440,382440,382446,6,0
382440,382440,382446,6,0
382440,382440,382446,6,0
382440,382440,382446,6,0
382440,382440,382446,6,0
382440,382445,382449,4,5
382440,382445,382448,3,5
382440,382445,382449,4,5
382440,382445,382449,4,5
382440,382445,382449,4,5
382440,382445,382449,4,5
382440,382445,382449,4,5
382440,382445,382449,4,5
382440,382446,382449,3,6
382440,382447,382450,3,7
382440,382447,382450,3,7
382440,382445,382449,4,5
382440,382445,382449,4,5
382440,382446,382449,3,6
382440,382446,382449,3,6
382440,382445,382449,4,5
382440,382445,382449,4,5
382440,382445,382449,4,5
382440,382445,382449,4,5
382440,382445,382449,4,5
382440,382445,382449,4,5
382440,382445,382449,4,5
382440,382445,382449,4,5
382440,382445,382449,4,5
382440,382445,382449,4,5
382440,382445,382449,4,5
382440,382445,382449,4,5
382440,382446,382450,4,6
382440,382446,382449,3,6
382440,382446,382449,3,6
382440,382445,382449,4,5
382440,382445,382449,4,5
382440,382445,382449,4,5
382440,382445,382449,4,5
382440,382445,382449,4,5
382440,382445,382449,4,5
382440,382446,382449,3,6
382440,382445,382449,4,5
382440,382445,382449,4,5
382440,382445,382449,4,5
382440,382445,382449,4,5
382440,382446,382449,3,6
382440,382446,382450,4,6
382440,382446,382450,4,6
382440,382445,382449,4,5
382440,382445,382449,4,5
382440,382445,382449,4,5
382440,382445,382449,4,5
382440,382445,382449,4,5
382440,382446,382449,3,6
382440,382446,382449,3,6
382440,382445,382449,4,5
382440,382445,382449,4,5
382440,382445,382449,4,5
382440,382445,382449,4,5
382440,382446,382449,3,6
382440,382446,382449,3,6
382440,382445,382449,4,5
382440,382445,382449,4,5
382440,382445,382449,4,5
382440,382446,382449,3,6
382440,382447,382450,3,7
382440,382445,382449,4,5
382440,382445,382449,4,5
382440,382445,382449,4,5
382440,382446,382449,3,6
382440,382446,382449,3,6
382440,382447,382450,3,7
382440,382447,382450,3,7
382440,382447,382450,3,7
382440,382447,382450,3,7
382440,382447,382450,3,7
382440,382447,382450,3,7
382440,382447,382450,3,7
382440,382447,382450,3,7
382440,382446,382450,4,6
382440,382449,382450,1,9
382440,382447,382450,3,7
382440,382447,382450,3,7
382440,382449,382450,1,9
382440,382447,382450,3,7
382440,382449,382451,2,9
382440,382449,382451,2,9
382440,382449,382450,1,9
382440,382447,382450,3,7
382440,382449,382450,1,9
382440,382450,382451,1,10
382440,382450,382451,1,10
382440,382450,382451,1,10
382440,382450,382451,1,10
382440,382450,382451,1,10
382440,382450,382451,1,10
382440,382450,382452,2,10
382440,382450,382452,2,10
382440,382450,382452,2,10
382440,382450,382452,2,10
382440,382450,382452,2,10
382440,382450,382452,2,10
382440,382450,382452,2,10
382440,382450,382452,2,10
382440,382450,382452,2,10
382440,382450,382452,2,10
382440,382450,382453,3,10
382440,382450,382452,2,10
382440,382450,382453,3,10
382440,382450,382453,3,10
382440,382450,382452,2,10
382440,382450,382452,2,10
382440,382450,382453,3,10
382440,382450,382453,3,10
382440,382450,382453,3,10
382440,382450,382453,3,10
382440,382450,382452,2,10
382440,382450,382452,2,10
382440,382450,382452,2,10
382440,382450,382452,2,10
382440,382450,382453,3,10
382440,382450,382453,3,10
382440,382450,382453,3,10
382440,382450,382453,3,10
382457,382457,382461,4,0
382457,382457,382461,4,0
382457,382457,382461,4,0
382457,382457,382461,4,0
382457,382457,382461,4,0
382457,382457,382462,5,0
382457,382457,382462,5,0
382457,382457,382462,5,0
382457,382457,382461,4,0
382457,382457,382461,4,0
382457,382457,382461,4,0
382457,382457,382462,5,0
382457,382457,382461,4,0
382457,382457,382462,5,0
382457,382457,382462,5,0
382457,382457,382462,5,0
382457,382457,382461,4,0
382457,382457,382461,4,0
382457,382457,382462,5,0
382457,382457,382461,4,0
382457,382457,382462,5,0
382457,382457,382461,4,0
382457,382457,382462,5,0
382457,382457,382462,5,0
382457,382457,382462,5,0
382457,382457,382462,5,0
382457,382457,382462,5,0
382457,382457,382462,5,0
382457,382457,382462,5,0
382457,382457,382461,4,0
382457,382457,382461,4,0
382457,382457,382462,5,0
382457,382457,382461,4,0
382457,382457,382461,4,0
382457,382457,382462,5,0
382457,382457,382461,4,0
382457,382457,382462,5,0
382457,382457,382461,4,0
382457,382457,382462,5,0
382457,382457,382461,4,0
382457,382457,382462,5,0
382457,382457,382461,4,0
382457,382457,382462,5,0
382457,382457,382462,5,0
382457,382457,382461,4,0
382457,382457,382462,5,0
382457,382457,382461,4,0
382457,382457,382461,4,0
382457,382457,382461,4,0
382457,382457,382461,4,0
382457,382457,382461,4,0
382457,382457,382462,5,0
382457,382457,382462,5,0
382457,382457,382462,5,0
382457,382457,382462,5,0
382457,382457,382462,5,0
382457,382457,382462,5,0
382457,382457,382462,5,0
382457,382457,382462,5,0
382457,382457,382462,5,0
382457,382457,382463,6,0
382457,382457,382463,6,0
382457,382457,382462,5,0
382457,382457,382462,5,0
382457,382457,382463,6,0
382457,382457,382462,5,0
382457,382457,382462,5,0
382457,382457,382463,6,0
382457,382457,382463,6,0
382457,382457,382463,6,0
382457,382457,382462,5,0
382457,382457,382462,5,0
382457,382457,382463,6,0
382457,382457,382462,5,0
382457,382457,382463,6,0
382457,382457,382462,5,0
382457,382457,382462,5,0
382457,382457,382463,6,0
382457,382457,382463,6,0
382457,382457,382463,6,0
382457,382462,382466,4,5
382457,382462,382466,4,5
382457,382462,382466,4,5
382457,382462,382466,4,5
382457,382462,382466,4,5
382457,382462,382466,4,5
382457,382463,382467,4,6
382457,382463,382467,4,6
382457,382463,382467,4,6
382457,382463,382466,3,6
382457,382462,382466,4,5
382457,382462,382467,5,5
382457,382462,382467,5,5
382457,382462,382467,5,5
382457,382462,382467,5,5
382457,382462,382467,5,5
382457,382462,382467,5,5
382457,382462,382467,5,5
382457,382462,382467,5,5
382457,382462,382467,5,5
382457,382462,382467,5,5
382457,382462,382467,5,5
382457,382462,382467,5,5
382457,382463,382467,4,6
382457,382463,382467,4,6
382457,382462,382467,5,5
382457,382462,382467,5,5
382457,382462,382467,5,5
382457,382462,382467,5,5
382457,382462,382467,5,5
382457,382462,382467,5,5
382457,382463,382467,4,6
382457,382462,382467,5,5
382457,382462,382467,5,5
382457,382462,382467,5,5
382457,382462,382467,5,5
382457,382463,382467,4,6
382457,382463,382467,4,6
382457,382463,382467,4,6
382457,382463,382467,4,6
382457,382462,382466,4,5
382457,382462,382467,5,5
382457,382462,382466,4,5
382457,382462,382467,5,5
382457,382462,382467,5,5
382457,382462,382467,5,5
382457,382463,382467,4,6
382457,382462,382467,5,5
382457,382462,382467,5,5
382457,382463,382467,4,6
382457,382462,382466,4,5
382457,382462,382466,4,5
382457,382462,382467,5,5
382457,382463,382467,4,6
382457,382463,382467,4,6
382457,382463,382468,5,6
382457,382462,382467,5,5
382457,382462,382467,5,5
382457,382462,382467,5,5
382457,382463,382467,4,6
382457,382464,382467,3,7
382457,382463,382467,4,6
382457,382463,382467,4,6
382457,382463,382467,4,6
382457,382463,382467,4,6
382457,382463,382467,4,6
382457,382463,382467,4,6
382457,382463,382468,5,6
382457,382463,382468,5,6
382457,382463,382468,5,6
382457,382463,382468,5,6
382457,382466,382468,2,9
382457,382463,382468,5,6
382457,382463,382468,5,6
382457,382464,382468,4,7
382457,382463,382468,5,6
382457,382463,382468,5,6
382457,382463,382468,5,6
382457,382466,382469,3,9
382457,382466,382468,2,9
382457,382466,382468,2,9
382457,382463,382468,5,6
382457,382463,382468,5,6
382457,382463,382468,5,6
382457,382467,382468,1,10
382457,382467,382469,2,10
382457,382467,382468,1,10
382457,382467,382468,1,10
382457,382468,382469,1,11
382457,382468,382469,1,11
382457,382467,382469,2,10
382457,382467,382469,2,10
382457,382467,382469,2,10
382457,382468,382470,2,11
382457,382468,382470,2,11
382457,382468,382470,2,11
382457,382468,382470,2,11
382457,382468,382471,3,11
382457,382468,382470,2,11
382457,382468,382470,2,11
382457,382468,382470,2,11
382457,382468,382470,2,11
382457,382468,382470,2,11
382457,382468,382470,2,11
382457,382468,382470,2,11
382457,382468,382470,2,11
382457,382468,382470,2,11
382457,382468,382470,2,11
382457,382468,382470,2,11
382457,382468,382470,2,11
382457,382468,382471,3,11
382457,382468,382470,2,11
382457,382468,382470,2,11
382457,382468,382470,2,11
382457,382468,382470,2,11
382457,382468,382470,2,11
382457,382468,382470,2,11
382457,382468,382471,3,11
382457,382468,382471,3,11
382457,382468,382470,2,11
382471,382471,382475,4,0
382475,382475,382479,4,0
382475,382475,382479,4,0
382475,382475,382479,4,0
382475,382475,382479,4,0
382475,382475,382479,4,0
382475,382475,382479,4,0
382475,382475,382479,4,0
382475,382475,382480,5,0
382475,382475,382479,4,0
382475,382475,382479,4,0
382475,382475,382479,4,0
382475,382475,382479,4,0
382475,382475,382479,4,0
382475,382475,382480,5,0
382475,382475,382479,4,0
382475,382475,382479,4,0
382475,382475,382479,4,0
382475,382475,382479,4,0
382475,382475,382480,5,0
382475,382475,382479,4,0
382475,382475,382480,5,0
382475,382475,382479,4,0
382475,382475,382479,4,0
382475,382475,382479,4,0
382475,382475,382479,4,0
382475,382475,382479,4,0
382475,382475,382479,4,0
382475,382475,382479,4,0
382475,382475,382479,4,0
382475,382475,382479,4,0
382475,382475,382479,4,0
382475,382475,382479,4,0
382475,382475,382479,4,0
382475,382475,382479,4,0
382475,382475,382479,4,0
382475,382475,382479,4,0
382475,382475,382479,4,0
382475,382475,382479,4,0
382475,382475,382479,4,0
382475,382475,382480,5,0
382475,382475,382479,4,0
382475,382475,382479,4,0
382475,382475,382479,4,0
382475,382475,382479,4,0
382475,382475,382479,4,0
382475,382475,382480,5,0
382475,382475,382480,5,0
382475,382475,382480,5,0
382475,382475,382479,4,0
382475,382475,382479,4,0
382475,382475,382479,4,0
382475,382475,382479,4,0
382475,382475,382479,4,0
382475,382475,382479,4,0
382475,382475,382480,5,0
382475,382475,382479,4,0
382475,382475,382479,4,0
382475,382475,382479,4,0
382475,382475,382479,4,0
382475,382475,382479,4,0
382475,382475,382479,4,0
382475,382475,382479,4,0
382475,382475,382480,5,0
382475,382475,382479,4,0
382475,382475,382479,4,0
382475,382475,382479,4,0
382475,382475,382479,4,0
382475,382475,382479,4,0
382475,382475,382480,5,0
382475,382475,382480,5,0
382475,382475,382480,5,0
382475,382475,382480,5,0
382475,382475,382480,5,0
382475,382475,382480,5,0
382475,382475,382480,5,0
382475,382475,382480,5,0
382475,382475,382480,5,0
382475,382479,382480,1,4
382475,382475,382480,5,0
382475,382475,382480,5,0
382475,382475,382480,5,0
382475,382480,382485,5,5
382475,382480,382485,5,5
382475,382480,382485,5,5
382475,382480,382485,5,5
382475,382480,382485,5,5
382475,382480,382485,5,5
382475,382480,382485,5,5
382475,382480,382485,5,5
382475,382480,382485,5,5
382475,382480,382485,5,5
382475,382480,382485,5,5
382475,382480,382485,5,5
382475,382480,382485,5,5
382475,382480,382485,5,5
382475,382480,382485,5,5
382475,382480,382485,5,5
382475,382480,382485,5,5
382475,382480,382485,5,5
382475,382480,382485,5,5
382475,382480,382485,5,5
382475,382480,382485,5,5
382475,382480,382485,5,5
382475,382480,382485,5,5
382475,382480,382485,5,5
382475,382480,382485,5,5
382475,382480,382485,5,5
382475,382480,382485,5,5
382475,382481,382485,4,6
382475,382481,382485,4,6
382475,382480,382485,5,5
382475,382480,382485,5,5
382475,382480,382485,5,5
382475,382480,382485,5,5
382475,382480,382485,5,5
382475,382480,382485,5,5
382475,382480,382485,5,5
382475,382480,382485,5,5
382475,382480,382485,5,5
382475,382480,382485,5,5
382475,382480,382485,5,5
382475,382481,382485,4,6
382475,382480,382486,6,5
382475,382480,382486,6,5
382475,382481,382486,5,6
382475,382480,382486,6,5
382475,382480,382485,5,5
382475,382480,382486,6,5
382475,382480,382486,6,5
382475,382480,382486,6,5
382475,382480,382486,6,5
382475,382480,382486,6,5
382475,382480,382486,6,5
382475,382480,382486,6,5
382475,382480,382486,6,5
382475,382480,382486,6,5
382475,382480,382486,6,5
382475,382480,382486,6,5
382475,382481,382486,5,6
382475,382480,382486,6,5
382475,382480,382486,6,5
382475,382480,382486,6,5
382475,382480,382486,6,5
382475,382480,382486,6,5
382475,382480,382486,6,5
382475,382480,382486,6,5
382475,382480,382486,6,5
382475,382481,382486,5,6
382475,382480,382486,6,5
382475,382480,382486,6,5
382475,382481,382486,5,6
382475,382481,382486,5,6
382475,382480,382486,6,5
382475,382480,382486,6,5
382475,382480,382486,6,5
382475,382480,382486,6,5
382475,382480,382487,7,5
382475,382482,382486,4,7
382475,382482,382486,4,7
382475,382480,382486,6,5
382475,382481,382486,5,6
382475,382485,382487,2,10
382475,382485,382487,2,10
382475,382485,382487,2,10
382475,382485,382487,2,10
382475,382485,382487,2,10
382475,382485,382487,2,10
382475,382485,382487,2,10
382475,382485,382487,2,10
382475,382485,382487,2,10
382475,382486,382487,1,11
382475,382486,382487,1,11
382475,382486,382488,2,11
382475,382486,382488,2,11
382475,382486,382488,2,11
382475,382486,382489,3,11
382475,382486,382488,2,11
382475,382486,382488,2,11
382475,382486,382488,2,11
382475,382486,382488,2,11
382475,382486,382488,2,11
382475,382486,382488,2,11
382475,382486,382488,2,11
382475,382486,382488,2,11
382475,382486,382488,2,11
382475,382486,382488,2,11
382475,382486,382488,2,11
382475,382486,382489,3,11
382475,382486,382488,2,11
382475,382486,382488,2,11
382475,382486,382488,2,11
382475,382486,382489,3,11
382475,382486,382488,2,11
382475,382486,382489,3,11
382475,382486,382489,3,11
382475,382486,382488,2,11
382475,382486,382488,2,11
382475,382486,382488,2,11
382475,382486,382488,2,11
382475,382486,382488,2,11
382493,382493,382498,5,0
382493,382493,382498,5,0
382493,382493,382498,5,0
382493,382493,382498,5,0
382493,382493,382498,5,0
382493,382493,382498,5,0
382493,382493,382498,5,0
382493,382493,382498,5,0
382493,382493,382498,5,0
382493,382493,382498,5,0
382493,382493,382498,5,0
382493,382493,382498,5,0
382493,382493,382498,5,0
382493,382493,382498,5,0
382493,382493,382498,5,0
382493,382493,382498,5,0
382493,382493,382498,5,0
382493,382493,382498,5,0
382493,382493,382498,5,0
382493,382493,382498,5,0
382493,382493,382498,5,0
382493,382493,382498,5,0
382493,382493,382498,5,0
382493,382493,382498,5,0
382493,382493,382498,5,0
382493,382493,382498,5,0
382493,382493,382498,5,0
382493,382493,382498,5,0
382493,382493,382498,5,0
382493,382493,382498,5,0
382493,382493,382498,5,0
382493,382493,382498,5,0
382493,382493,382498,5,0
382493,382493,382498,5,0
382493,382493,382498,5,0
382493,382493,382498,5,0
382493,382493,382498,5,0
382493,382493,382498,5,0
382493,382493,382498,5,0
382493,382493,382498,5,0
382493,382493,382498,5,0
382493,382493,382498,5,0
382493,382493,382498,5,0
382493,382493,382498,5,0
382493,382493,382498,5,0
382493,382493,382498,5,0
382493,382493,382498,5,0
382493,382493,382498,5,0
382493,382493,382498,5,0
382493,382493,382498,5,0
382493,382493,382498,5,0
382493,382493,382498,5,0
382493,382493,382498,5,0
382493,382493,382498,5,0
382493,382493,382498,5,0
382493,382493,382498,5,0
382493,382493,382498,5,0
382493,382493,382499,6,0
382493,382493,382498,5,0
382493,382493,382499,6,0
382493,382493,382499,6,0
382493,382493,382499,6,0
382493,382493,382499,6,0
382493,382493,382499,6,0
382493,382493,382498,5,0
382493,382493,382499,6,0
382493,382493,382499,6,0
382493,382493,382498,5,0
382493,382493,382499,6,0
382493,382493,382499,6,0
382493,382493,382498,5,0
382493,382493,382499,6,0
382493,382493,382499,6,0
382493,382493,382498,5,0
382493,382493,382498,5,0
382493,382493,382499,6,0
382493,382493,382499,6,0
382493,382493,382499,6,0
382493,382493,382499,6,0
382493,382493,382499,6,0
382493,382498,382501,3,5
382493,382498,382502,4,5
382493,382498,382502,4,5
382493,382498,382503,5,5
382493,382498,382503,5,5
382493,382498,382503,5,5
382493,382498,382503,5,5
382493,382498,382503,5,5
382493,382498,382503,5,5
382493,382498,382503,5,5
382493,382498,382503,5,5
382493,382498,382503,5,5
382493,382498,382503,5,5
382493,382498,382503,5,5
382493,382498,382503,5,5
382493,382498,382503,5,5
382493,382498,382503,5,5
382493,382498,382503,5,5
382493,382498,382503,5,5
382493,382498,382503,5,5
382493,382498,382503,5,5
382493,382499,382503,4,6
382493,382498,382503,5,5
382493,382498,382503,5,5
382493,382498,382503,5,5
382493,382498,382503,5,5
382493,382498,382503,5,5
382493,382498,382503,5,5
382493,382500,382504,4,7
382493,382500,382504,4,7
382493,382498,382503,5,5
382493,382498,382503,5,5
382493,382498,382503,5,5
382493,382500,382504,4,7
382493,382500,382504,4,7
382493,382498,382503,5,5
382493,382498,382503,5,5
382493,382498,382503,5,5
382493,382498,382503,5,5
382493,382498,382503,5,5
382493,382500,382503,3,7
382493,382500,382503,3,7
382493,382500,382503,3,7
382493,382498,382503,5,5
382493,382498,382503,5,5
382493,382498,382503,5,5
382493,382498,382503,5,5
382493,382498,382503,5,5
382493,382498,382503,5,5
382493,382500,382503,3,7
382493,382498,382503,5,5
382493,382498,382503,5,5
382493,382498,382503,5,5
382493,382500,382504,4,7
382493,382500,382504,4,7
382493,382498,382503,5,5
382493,382498,382503,5,5
382493,382498,382503,5,5
382493,382498,382503,5,5
382493,382500,382503,3,7
382493,382500,382503,3,7
382493,382498,382503,5,5
382493,382498,382503,5,5
382493,382498,382503,5,5
382493,382498,382503,5,5
382493,382500,382504,4,7
382493,382500,382504,4,7
382493,382500,382503,3,7
382493,382498,382503,5,5
382493,382498,382503,5,5
382493,382498,382503,5,5
382493,382498,382503,5,5
382493,382500,382504,4,7
382493,382500,382503,3,7
382493,382503,382504,1,10
382493,382503,382504,1,10
382493,382500,382504,4,7
382493,382500,382504,4,7
382493,382502,382504,2,9
382493,382503,382505,2,10
382493,382500,382504,4,7
382493,382503,382504,1,10
382493,382500,382504,4,7
382493,382500,382504,4,7
382493,382500,382504,4,7
382493,382503,382504,1,10
382493,382504,382505,1,11
382493,382504,382505,1,11
382493,382504,382505,1,11
382493,382504,382506,2,11
382493,382504,382506,2,11
382493,382504,382505,1,11
382493,382504,382505,1,11
382493,382504,382506,2,11
382493,382504,382506,2,11
382493,382504,382506,2,11
382493,382504,382506,2,11
382493,382504,382506,2,11
382493,382504,382506,2,11
382493,382504,382506,2,11
382493,382504,382506,2,11
382493,382504,382506,2,11
382493,382504,382506,2,11
382493,382504,382507,3,11
382493,382504,382507,3,11
382493,382504,382507,3,11
382493,382504,382506,2,11
382493,382504,382506,2,11
382493,382504,382506,2,11
382493,382504,382506,2,11
382493,382504,382506,2,11
382493,382504,382506,2,11
382493,382504,382506,2,11
382493,382504,382506,2,11
382493,382504,382506,2,11
382493,382504,382506,2,11
382493,382504,382506,2,11
382493,382504,382506,2,11
382493,382504,382506,2,11
382493,382504,382506,2,11
382511,382511,382515,4,0
382511,382511,382516,5,0
382511,382511,382516,5,0
382511,382511,382516,5,0
382511,382511,382516,5,0
382511,382511,382516,5,0
382511,382511,382516,5,0
382511,382511,382516,5,0
382511,382511,382516,5,0
382511,382511,382516,5,0
382511,382511,382516,5,0
382511,382511,382516,5,0
382511,382511,382516,5,0
382511,382511,382516,5,0
382511,382511,382516,5,0
382511,382511,382516,5,0
382511,382511,382516,5,0
382511,382511,382515,4,0
382511,382511,382516,5,0
382511,382511,382516,5,0
382511,382511,382516,5,0
382511,382511,382516,5,0
382511,382511,382516,5,0
382511,382511,382516,5,0
382511,382511,382516,5,0
382511,382511,382516,5,0
382511,382511,382516,5,0
382511,382511,382516,5,0
382511,382511,382516,5,0
382511,382511,382516,5,0
382511,382511,382516,5,0
382511,382511,382516,5,0
382511,382511,382516,5,0
382511,382511,382516,5,0
382511,382511,382516,5,0
382511,382511,382516,5,0
382511,382511,382516,5,0
382511,382511,382516,5,0
382511,382511,382516,5,0
382511,382511,382516,5,0
382511,382511,382516,5,0
382511,382511,382516,5,0
382511,382511,382516,5,0
382511,382511,382516,5,0
382511,382511,382516,5,0
382511,382511,382516,5,0
382511,382511,382516,5,0
382511,382511,382516,5,0
382511,382511,382516,5,0
382511,382511,382516,5,0
382511,382511,382516,5,0
382511,382511,382516,5,0
382511,382511,382516,5,0
382511,382511,382516,5,0
382511,382511,382516,5,0
382511,382511,382516,5,0
382511,382511,382516,5,0
382511,382511,382516,5,0
382511,382511,382516,5,0
382511,382511,382516,5,0
382511,382511,382516,5,0
382511,382511,382516,5,0
382511,382511,382516,5,0
382511,382511,382516,5,0
382511,382511,382517,6,0
382511,382511,382517,6,0
382511,382511,382517,6,0
382511,382511,382517,6,0
382511,382511,382517,6,0
382511,382511,382517,6,0
382511,382511,382517,6,0
382511,382511,382517,6,0
382511,382511,382517,6,0
382511,382511,382517,6,0
382511,382511,382517,6,0
382511,382511,382517,6,0
382511,382511,382517,6,0
382511,382511,382517,6,0
382511,382511,382517,6,0
382511,382511,382517,6,0
382511,382516,382517,1,5
382511,382517,382521,4,6
382511,382517,382522,5,6
382511,382517,382522,5,6
382511,382517,382522,5,6
382511,382517,382522,5,6
382511,382517,382522,5,6
382511,382517,382522,5,6
382511,382517,382522,5,6
382511,382517,382522,5,6
382511,382517,382522,5,6
382511,382517,382522,5,6
382511,382517,382522,5,6
382511,382517,382521,4,6
382511,382517,382522,5,6
382511,382517,382522,5,6
382511,382517,382522,5,6
382511,382517,382522,5,6
382511,382517,382521,4,6
382511,382517,382522,5,6
382511,382517,382522,5,6
382511,382517,382522,5,6
382511,382517,382522,5,6
382511,382517,382522,5,6
382511,382517,382522,5,6
382511,382517,382521,4,6
382511,382517,382522,5,6
382511,382517,382522,5,6
382511,382517,382522,5,6
382511,382517,382522,5,6
382511,382517,382522,5,6
382511,382517,382522,5,6
382511,382517,382521,4,6
382511,382517,382522,5,6
382511,382517,382522,5,6
382511,382517,382522,5,6
382511,382517,382522,5,6
382511,382517,382522,5,6
382511,382517,382522,5,6
382511,382517,382522,5,6
382511,382517,382522,5,6
382511,382517,382522,5,6
382511,382517,382522,5,6
382511,382517,382522,5,6
382511,382517,382522,5,6
382511,382518,382522,4,7
382511,382517,382522,5,6
382511,382517,382522,5,6
382511,382517,382522,5,6
382511,382517,382522,5,6
382511,382517,382522,5,6
382511,382517,382522,5,6
382511,382517,382522,5,6
382511,382517,382522,5,6
382511,382517,382522,5,6
382511,382517,382522,5,6
382511,382517,382522,5,6
382511,382517,382522,5,6
382511,382517,382522,5,6
382511,382517,382522,5,6
382511,382517,382522,5,6
382511,382517,382522,5,6
382511,382517,382522,5,6
382511,382517,382522,5,6
382511,382517,382522,5,6
382511,382517,382523,6,6
382511,382517,382522,5,6
382511,382517,382522,5,6
382511,382518,382523,5,7
382511,382518,382522,4,7
382511,382521,382523,2,10
382511,382518,382523,5,7
382511,382518,382522,4,7
382511,382518,382523,5,7
382511,382518,382523,5,7
382511,382517,382522,5,6
382511,382517,382522,5,6
382511,382518,382523,5,7
382511,382518,382522,4,7
382511,382518,382523,5,7
382511,382518,382523,5,7
382511,382518,382523,5,7
382511,382522,382524,2,11
382511,382522,382524,2,11
382511,382522,382524,2,11
382511,382522,382524,2,11
382511,382522,382524,2,11
382511,382522,382524,2,11
382511,382522,382524,2,11
382511,382522,382524,2,11
382511,382522,382525,3,11
382511,382522,382525,3,11
382511,382522,382525,3,11
382511,382522,382524,2,11
382511,382522,382525,3,11
382511,382522,382524,2,11
382511,382522,382525,3,11
382511,382522,382524,2,11
382511,382522,382525,3,11
382511,382522,382525,3,11
382511,382522,382525,3,11
382511,382522,382524,2,11
382511,382522,382524,2,11
382511,382522,382525,3,11
382511,382522,382525,3,11
382511,382522,382525,3,11
382511,382522,382524,2,11
382511,382522,382525,3,11
382511,382522,382525,3,11
382511,382522,382525,3,11
382511,382522,382525,3,11
382511,382522,382525,3,11
382511,382522,382525,3,11
382511,382522,382525,3,11
382511,382522,382525,3,11
382511,382522,382525,3,11
382511,382522,382525,3,11
382511,382522,382524,2,11
382511,382522,382525,3,11
382511,382522,382525,3,11
382530,382530,382534,4,0
382530,382530,382534,4,0
382530,382530,382534,4,0
382530,382530,382535,5,0
382530,382530,382534,4,0
382530,382530,382534,4,0
382530,382530,382534,4,0
382530,382530,382534,4,0
382530,382530,382534,4,0
382530,382530,382534,4,0
382530,382530,382535,5,0
382530,382530,382535,5,0
382530,382530,382535,5,0
382530,382530,382534,4,0
382530,382530,382534,4,0
382530,382530,382534,4,0
382530,382530,382534,4,0
382530,382530,382534,4,0
382530,382530,382534,4,0
382530,382530,382534,4,0
382530,382530,382534,4,0
382530,382530,382534,4,0
382530,382530,382534,4,0
382530,382530,382535,5,0
382530,382530,382534,4,0
382530,382530,382534,4,0
382530,382530,382534,4,0
382530,382530,382534,4,0
382530,382530,382534,4,0
382530,382530,382534,4,0
382530,382530,382535,5,0
382530,382530,382535,5,0
382530,382530,382534,4,0
382530,382530,382534,4,0
382530,382530,382534,4,0
382530,382530,382534,4,0
382530,382530,382535,5,0
382530,382530,382534,4,0
382530,382530,382535,5,0
382530,382530,382535,5,0
382530,382530,382534,4,0
382530,382530,382534,4,0
382530,382530,382535,5,0
382530,382530,382535,5,0
382530,382530,382535,5,0
382530,382530,382534,4,0
382530,382530,382534,4,0
382530,382530,382535,5,0
382530,382530,382534,4,0
382530,382530,382534,4,0
382530,382530,382534,4,0
382530,382530,382534,4,0
382530,382530,382535,5,0
382530,382530,382534,4,0
382530,382530,382534,4,0
382530,382530,382534,4,0
382530,382530,382534,4,0
382530,382530,382534,4,0
382530,382530,382534,4,0
382530,382530,382534,4,0
382530,382530,382535,5,0
382530,382530,382535,5,0
382530,382530,382536,6,0
382530,382530,382536,6,0
382530,382530,382536,6,0
382530,382530,382535,5,0
382530,382530,382535,5,0
382530,382530,382536,6,0
382530,382530,382535,5,0
382530,382530,382535,5,0
382530,382530,382536,6,0
382530,382530,382535,5,0
382530,382530,382535,5,0
382530,382530,382536,6,0
382530,382530,382535,5,0
382530,382530,382535,5,0
382530,382530,382535,5,0
382530,382530,382535,5,0
382530,382530,382535,5,0
382530,382530,382535,5,0
382530,382535,382539,4,5
382530,382535,382540,5,5
382530,382535,382540,5,5
382530,382535,382540,5,5
382530,382535,382540,5,5
382530,382535,382540,5,5
382530,382535,382540,5,5
382530,382535,382540,5,5
382530,382535,382540,5,5
382530,382536,382540,4,6
382530,382535,382540,5,5
382530,382535,382540,5,5
382530,382535,382540,5,5
382530,382535,382540,5,5
382530,382535,382540,5,5
382530,382535,382540,5,5
382530,382535,382540,5,5
382530,382536,382540,4,6
382530,382535,382540,5,5
382530,382535,382540,5,5
382530,382535,382540,5,5
382530,382535,382540,5,5
382530,382535,382540,5,5
382530,382535,382540,5,5
382530,382536,382540,4,6
382530,382536,382540,4,6
382530,382535,382540,5,5
382530,382535,382540,5,5
382530,382535,382540,5,5
382530,382535,382540,5,5
382530,382535,382540,5,5
382530,382535,382540,5,5
382530,382535,382540,5,5
382530,382535,382540,5,5
382530,382535,382540,5,5
382530,382535,382540,5,5
382530,382535,382540,5,5
382530,382535,382540,5,5
382530,382535,382540,5,5
382530,382537,382541,4,7
382530,382535,382540,5,5
382530,382535,382540,5,5
382530,382535,382540,5,5
382530,382535,382540,5,5
382530,382535,382540,5,5
382530,382535,382540,5,5
382530,382535,382540,5,5
382530,382535,382540,5,5
382530,382535,382540,5,5
382530,382535,382540,5,5
382530,382535,382540,5,5
382530,382537,382540,3,7
382530,382537,382540,3,7
382530,382535,382540,5,5
382530,382535,382540,5,5
382530,382535,382540,5,5
382530,382535,382540,5,5
382530,382535,382540,5,5
382530,382535,382540,5,5
382530,382535,382540,5,5
382530,382535,382540,5,5
382530,382537,382540,3,7
382530,382537,382541,4,7
382530,382535,382540,5,5
382530,382535,382540,5,5
382530,382535,382540,5,5
382530,382537,382540,3,7
382530,382537,382541,4,7
382530,382537,382541,4,7
382530,382537,382541,4,7
382530,382537,382541,4,7
382530,382537,382541,4,7
382530,382540,382541,1,10
382530,382537,382541,4,7
382530,382537,382541,4,7
382530,382537,382541,4,7
382530,382540,382541,1,10
382530,382537,382541,4,7
382530,382537,382541,4,7
382530,382537,382541,4,7
382530,382537,382541,4,7
382530,382537,382541,4,7
382530,382541,382543,2,11
382530,382541,382543,2,11
382530,382541,382544,3,11
382530,382541,382543,2,11
382530,382541,382543,2,11
382530,382541,382543,2,11
382530,382541,382544,3,11
382530,382541,382543,2,11
382530,382541,382544,3,11
382530,382541,382543,2,11
382530,382541,382543,2,11
382530,382541,382544,3,11
382530,382541,382544,3,11
382530,382541,382543,2,11
382530,382541,382543,2,11
382530,382541,382543,2,11
382530,382541,382543,2,11
382530,382541,382544,3,11
382530,382541,382543,2,11
382530,382541,382543,2,11
382530,382541,382543,2,11
382530,382541,382544,3,11
382530,382541,382544,3,11
382530,382541,382544,3,11
382530,382541,382543,2,11
382530,382541,382543,2,11
382530,382541,382543,2,11
382530,382541,382544,3,11
382530,382541,382543,2,11
382530,382541,382543,2,11
382530,382541,382543,2,11
382530,382541,382543,2,11
382530,382541,382544,3,11
382530,382541,382544,3,11
382530,382541,382544,3,11
382530,382541,382544,3,11
382530,382541,382544,3,11
382530,382541,382544,3,11
382549,382549,382553,4,0
382549,382549,382553,4,0
382549,382549,382553,4,0
382549,382549,382553,4,0
382549,382549,382553,4,0
382549,382549,382554,5,0
382549,382549,382553,4,0
382549,382549,382553,4,0
382549,382549,382553,4,0
382549,382549,382553,4,0
382549,382549,382553,4,0
382549,382549,382554,5,0
382549,382549,382553,4,0
382549,382549,382553,4,0
382549,382549,382553,4,0
382549,382549,382553,4,0
382549,382549,382554,5,0
382549,382549,382554,5,0
382549,382549,382553,4,0
382549,382549,382553,4,0
382549,382549,382553,4,0
382549,382549,382553,4,0
382549,382549,382553,4,0
382549,382549,382553,4,0
382549,382549,382553,4,0
382549,382549,382553,4,0
382549,382549,382553,4,0
382549,382549,382553,4,0
382549,382549,382553,4,0
382549,382549,382554,5,0
382549,382549,382553,4,0
382549,382549,382553,4,0
382549,382549,382553,4,0
382549,382549,382553,4,0
382549,382549,382553,4,0
382549,382549,382553,4,0
382549,382549,382553,4,0
382549,382549,382553,4,0
382549,382549,382553,4,0
382549,382549,382553,4,0
382549,382549,382553,4,0
382549,382549,382553,4,0
382549,382549,382553,4,0
382549,382549,382554,5,0
382549,382549,382554,5,0
382549,382549,382553,4,0
382549,382549,382553,4,0
382549,382549,382553,4,0
382549,382549,382553,4,0
382549,382549,382553,4,0
382549,382549,382553,4,0
382549,382549,382554,5,0
382549,382549,382553,4,0
382549,382549,382553,4,0
382549,382549,382553,4,0
382549,382549,382553,4,0
382549,382549,382553,4,0
382549,382549,382554,5,0
382549,382549,382554,5,0
382549,382549,382553,4,0
382549,382549,382553,4,0
382549,382549,382553,4,0
382549,382549,382553,4,0
382549,382549,382553,4,0
382549,382549,382553,4,0
382549,382549,382554,5,0
382549,382549,382554,5,0
382549,382549,382554,5,0
382549,382549,382554,5,0
382549,382549,382554,5,0
382549,382549,382554,5,0
382549,382549,382554,5,0
382549,382549,382554,5,0
382549,382549,382554,5,0
382549,382549,382554,5,0
382549,382549,382554,5,0
382549,382549,382554,5,0
382549,382549,382554,5,0
382549,382553,382554,1,4
382549,382549,382554,5,0
382549,382549,382554,5,0
382549,382554,382558,4,5
382549,382554,382559,5,5
382549,382555,382559,4,6
382549,382554,382559,5,5
382549,382554,382559,5,5
382549,382554,382559,5,5
382549,382554,382559,5,5
382549,382554,382559,5,5
382549,382554,382559,5,5
382549,382554,382559,5,5
382549,382554,382559,5,5
382549,382554,382560,6,5
382549,382554,382559,5,5
382549,382554,382560,6,5
382549,382554,382559,5,5
382549,382554,382559,5,5
382549,382554,382559,5,5
382549,382554,382560,6,5
382549,382554,382560,6,5
382549,382554,382560,6,5
382549,382554,382560,6,5
382549,382554,382559,5,5
382549,382554,382560,6,5
382549,382554,382559,5,5
382549,382554,382560,6,5
382549,382554,382559,5,5
382549,382554,382559,5,5
382549,382554,382560,6,5
382549,382554,382560,6,5
382549,382554,382559,5,5
382549,382554,382559,5,5
382549,382554,382560,6,5
382549,382555,382560,5,6
382549,382554,382560,6,5
382549,382554,382560,6,5
382549,382554,382560,6,5
382549,382554,382559,5,5
382549,382554,382560,6,5
382549,382554,382559,5,5
382549,382555,382560,5,6
382549,382555,382560,5,6
382549,382554,382560,6,5
382549,382554,382560,6,5
382549,382554,382559,5,5
382549,382554,382560,6,5
382549,382554,382560,6,5
382549,382554,382559,5,5
382549,382555,382560,5,6
382549,382555,382560,5,6
382549,382554,382559,5,5
382549,382554,382559,5,5
382549,382554,382560,6,5
382549,382554,382560,6,5
382549,382554,382560,6,5
382549,382554,382560,6,5
382549,382554,382560,6,5
382549,382555,382560,5,6
382549,382554,382560,6,5
382549,382554,382559,5,5
382549,382554,382560,6,5
382549,382554,382560,6,5
382549,382554,382559,5,5
382549,382554,382559,5,5
382549,382554,382560,6,5
382549,382554,382560,6,5
382549,382554,382560,6,5
382549,382554,382559,5,5
382549,382555,382560,5,6
382549,382555,382560,5,6
382549,382554,382559,5,5
382549,382554,382559,5,5
382549,382554,382559,5,5
382549,382554,382559,5,5
382549,382555,382560,5,6
382549,382555,382560,5,6
382549,382555,382560,5,6
382549,382554,382560,6,5
382549,382555,382560,5,6
382549,382555,382561,6,6
382549,382555,382560,5,6
382549,382558,382560,2,9
382549,382560,382561,1,11
382549,382560,382561,1,11
382549,382560,382561,1,11
382549,382559,382561,2,10
382549,382560,382561,1,11
382549,382559,382561,2,10
382549,382560,382561,1,11
382549,382559,382561,2,10
382549,382559,382561,2,10
382549,382561,382563,2,12
382549,382561,382562,1,12
382549,382561,382563,2,12
382549,382561,382563,2,12
382549,382561,382563,2,12
382549,382561,382563,2,12
382549,382561,382563,2,12
382549,382561,382563,2,12
382549,382561,382562,1,12
382549,382561,382562,1,12
382549,382561,382562,1,12
382549,382561,382562,1,12
382549,382561,382563,2,12
382549,382560,382563,3,11
382549,382561,382563,2,12
382549,382561,382563,2,12
382549,382561,382563,2,12
382549,382561,382563,2,12
382549,382561,382563,2,12
382549,382561,382563,2,12
382549,382561,382563,2,12
382549,382561,382563,2,12
382549,382561,382563,2,12
382549,382561,382563,2,12
382549,382561,382563,2,12
382549,382561,382563,2,12
382549,382561,382563,2,12
382549,382561,382563,2,12
382549,382561,382564,3,12
382569,382569,382573,4,0
382569,382569,382573,4,0
382569,382569,382573,4,0
382569,382569,382573,4,0
382569,382569,382573,4,0
382569,382569,382573,4,0
382569,382569,382573,4,0
382569,382569,382573,4,0
382569,382569,382573,4,0
382569,382569,382573,4,0
382569,382569,382573,4,0
382569,382569,382573,4,0
382569,382569,382573,4,0
382569,382569,382573,4,0
382569,382569,382573,4,0
382569,382569,382573,4,0
382569,382569,382573,4,0
382569,382569,382573,4,0
382569,382569,382574,5,0
382569,382569,382574,5,0
382569,382569,382573,4,0
382569,382569,382573,4,0
382569,382569,382573,4,0
382569,382569,382573,4,0
382569,382569,382573,4,0
382569,382569,382574,5,0
382569,382569,382573,4,0
382569,382569,382573,4,0
382569,382569,382573,4,0
382569,382569,382573,4,0
382569,382569,382573,4,0
382569,382569,382573,4,0
382569,382569,382573,4,0
382569,382569,382573,4,0
382569,382569,382573,4,0
382569,382569,382573,4,0
382569,382569,382573,4,0
382569,382569,382573,4,0
382569,382569,382573,4,0
382569,382569,382573,4,0
382569,382569,382573,4,0
382569,382569,382573,4,0
382569,382569,382573,4,0
382569,382569,382573,4,0
382569,382569,382573,4,0
382569,382569,382574,5,0
382569,382569,382573,4,0
382569,382569,382573,4,0
382569,382569,382573,4,0
382569,382569,382573,4,0
382569,382569,382573,4,0
382569,382569,382573,4,0
382569,382569,382573,4,0
382569,382569,382573,4,0
382569,382569,382573,4,0
382569,382569,382573,4,0
382569,382569,382573,4,0
382569,382569,382573,4,0
382569,382569,382573,4,0
382569,382569,382573,4,0
382569,382569,382573,4,0
382569,382569,382573,4,0
382569,382569,382573,4,0
382569,382569,382573,4,0
382569,382569,382573,4,0
382569,382569,382573,4,0
382569,382569,382573,4,0
382569,382569,382573,4,0
382569,382569,382574,5,0
382569,382569,382574,5,0
382569,382569,382574,5,0
382569,382569,382574,5,0
382569,382569,382574,5,0
382569,382569,382574,5,0
382569,382569,382574,5,0
382569,382569,382574,5,0
382569,382569,382574,5,0
382569,382569,382574,5,0
382569,382573,382574,1,4
382569,382569,382574,5,0
382569,382569,382574,5,0
382569,382574,382576,2,5
382569,382574,382578,4,5
382569,382574,382578,4,5
382569,382574,382578,4,5
382569,382574,382578,4,5
382569,382574,382578,4,5
382569,382574,382579,5,5
382569,382574,382578,4,5
382569,382574,382579,5,5
382569,382574,382579,5,5
382569,382574,382579,5,5
382569,382574,382579,5,5
382569,382574,382579,5,5
382569,382574,382578,4,5
382569,382574,382578,4,5
382569,382574,382579,5,5
382569,382574,382579,5,5
382569,382574,382578,4,5
382569,382574,382578,4,5
382569,382574,382579,5,5
382569,382574,382579,5,5
382569,382574,382578,4,5
382569,382574,382578,4,5
382569,382574,382579,5,5
382569,382574,382579,5,5
382569,382574,382578,4,5
382569,382574,382579,5,5
382569,382574,382579,5,5
382569,382574,382579,5,5
382569,382574,382579,5,5
382569,382574,382578,4,5
382569,382574,382579,5,5
382569,382574,382578,4,5
382569,382574,382579,5,5
382569,382574,382579,5,5
382569,382574,382579,5,5
382569,382574,382578,4,5
382569,382574,382579,5,5
382569,382574,382579,5,5
382569,382574,382579,5,5
382569,382574,382579,5,5
382569,382574,382578,4,5
382569,382574,382579,5,5
382569,382574,382579,5,5
382569,382574,382578,4,5
382569,382574,382578,4,5
382569,382574,382579,5,5
382569,382574,382579,5,5
382569,382575,382579,4,6
382569,382575,382579,4,6
382569,382574,382579,5,5
382569,382574,382578,4,5
382569,382574,382578,4,5
382569,382574,382578,4,5
382569,382574,382579,5,5
382569,382575,382579,4,6
382569,382574,382579,5,5
382569,382574,382579,5,5
382569,382574,382578,4,5
382569,382574,382579,5,5
382569,382575,382579,4,6
382569,382575,382579,4,6
382569,382574,382579,5,5
382569,382574,382578,4,5
382569,382574,382578,4,5
382569,382574,382579,5,5
382569,382574,382579,5,5
382569,382575,382579,4,6
382569,382575,382579,4,6
382569,382575,382579,4,6
382569,382575,382579,4,6
382569,382575,382579,4,6
382569,382575,382579,4,6
382569,382576,382579,3,7
382569,382575,382579,4,6
382569,382575,382579,4,6
382569,382574,382579,5,5
382569,382574,382579,5,5
382569,382574,382579,5,5
382569,382574,382579,5,5
382569,382574,382579,5,5
382569,382578,382580,2,9
382569,382578,382580,2,9
382569,382578,382580,2,9
382569,382578,382580,2,9
382569,382578,382580,2,9
382569,382579,382581,2,10
382569,382579,382581,2,10
382569,382579,382581,2,10
382569,382579,382581,2,10
382569,382579,382581,2,10
382569,382579,382581,2,10
382569,382579,382581,2,10
382569,382580,382581,1,11
382569,382580,382581,1,11
382569,382579,382582,3,10
382569,382579,382581,2,10
382569,382579,382582,3,10
382569,382579,382582,3,10
382569,382579,382582,3,10
382569,382579,382582,3,10
382569,382579,382582,3,10
382569,382579,382582,3,10
382569,382579,382581,2,10
382569,382579,382582,3,10
382569,382579,382582,3,10
382569,382580,382582,2,11
382569,382580,382582,2,11
382569,382580,382582,2,11
382569,382580,382582,2,11
382569,382580,382582,2,11
382569,382580,382582,2,11
382569,382580,382582,2,11
382569,382580,382582,2,11
382569,382580,382582,2,11
382569,382580,382582,2,11
382569,382580,382582,2,11
382569,382580,382582,2,11
382569,382580,382582,2,11
382587,382587,382591,4,0
382587,382587,382591,4,0
382587,382587,382591,4,0
382587,382587,382591,4,0
382587,382587,382591,4,0
382587,382587,382591,4,0
382587,382587,382591,4,0
382587,382587,382591,4,0
382587,382587,382591,4,0
382587,382587,382591,4,0
382587,382587,382591,4,0
382587,382587,382591,4,0
382587,382587,382591,4,0
382587,382587,382591,4,0
382587,382587,382591,4,0
382587,382587,382591,4,0
382587,382587,382591,4,0
382587,382587,382591,4,0
382587,382587,382591,4,0
382587,382587,382591,4,0
382587,382587,382591,4,0
382587,382587,382591,4,0
382587,382587,382591,4,0
382587,382587,382591,4,0
382587,382587,382591,4,0
382587,382587,382591,4,0
382587,382587,382591,4,0
382587,382587,382591,4,0
382587,382587,382591,4,0
382587,382587,382592,5,0
382587,382587,382592,5,0
382587,382587,382591,4,0
382587,382587,382591,4,0
382587,382587,382591,4,0
382587,382587,382591,4,0
382587,382587,382591,4,0
382587,382587,382591,4,0
382587,382587,382591,4,0
382587,382587,382591,4,0
382587,382587,382591,4,0
382587,382587,382591,4,0
382587,382587,382591,4,0
382587,382587,382591,4,0
382587,382587,382591,4,0
382587,382587,382591,4,0
382587,382587,382591,4,0
382587,382587,382591,4,0
382587,382587,382592,5,0
382587,382587,382592,5,0
382587,382587,382592,5,0
382587,382587,382592,5,0
382587,382587,382592,5,0
382587,382587,382592,5,0
382587,382587,382592,5,0
382587,382587,382592,5,0
382587,382587,382592,5,0
382587,382587,382592,5,0
382587,382587,382593,6,0
382587,382587,382592,5,0
382587,382587,382592,5,0
382587,382587,382592,5,0
382587,382587,382592,5,0
382587,382587,382592,5,0
382587,382587,382592,5,0
382587,382587,382592,5,0
382587,382587,382592,5,0
382587,382587,382592,5,0
382587,382587,382592,5,0
382587,382587,382592,5,0
382587,382587,382592,5,0
382587,382587,382592,5,0
382587,382587,382593,6,0
382587,382587,382593,6,0
382587,382587,382593,6,0
382587,382587,382593,6,0
382587,382588,382593,5,1
382587,382587,382593,6,0
382587,382587,382594,7,0
382587,382587,382594,7,0
382587,382587,382594,7,0
382587,382592,382596,4,5
382587,382592,382596,4,5
382587,382592,382596,4,5
382587,382592,382596,4,5
382587,382592,382596,4,5
382587,382592,382597,5,5
382587,382592,382597,5,5
382587,382592,382597,5,5
382587,382592,382597,5,5
382587,382592,382596,4,5
382587,382592,382596,4,5
382587,382592,382596,4,5
382587,382592,382597,5,5
382587,382592,382597,5,5
382587,382593,382597,4,6
382587,382592,382596,4,5
382587,382592,382596,4,5
382587,382592,382596,4,5
382587,382592,382597,5,5
382587,382593,382597,4,6
382587,382593,382597,4,6
382587,382592,382596,4,5
382587,382592,382596,4,5
382587,382592,382597,5,5
382587,382592,382596,4,5
382587,382593,382597,4,6
382587,382593,382597,4,6
382587,382592,382596,4,5
382587,382592,382596,4,5
382587,382592,382596,4,5
382587,382592,382596,4,5
382587,382592,382597,5,5
382587,382592,382596,4,5
382587,382592,382596,4,5
382587,382592,382596,4,5
382587,382592,382596,4,5
382587,382592,382597,5,5
382587,382593,382597,4,6
382587,382592,382597,5,5
382587,382592,382596,4,5
382587,382592,382597,5,5
382587,382592,382597,5,5
382587,382593,382597,4,6
382587,382593,382597,4,6
382587,382593,382597,4,6
382587,382592,382597,5,5
382587,382592,382596,4,5
382587,382592,382596,4,5
382587,382592,382597,5,5
382587,382592,382597,5,5
382587,382592,382597,5,5
382587,382592,382597,5,5
382587,382592,382597,5,5
382587,382592,382597,5,5
382587,382592,382597,5,5
382587,382592,382597,5,5
382587,382592,382597,5,5
382587,382592,382597,5,5
382587,382593,382597,4,6
382587,382593,382597,4,6
382587,382593,382597,4,6
382587,382593,382597,4,6
382587,382593,382598,5,6
382587,382593,382597,4,6
382587,382593,382597,4,6
382587,382593,382598,5,6
382587,382594,382598,4,7
382587,382594,382597,3,7
382587,382593,382597,4,6
382587,382594,382597,3,7
382587,382593,382597,4,6
382587,382593,382597,4,6
382587,382593,382597,4,6
382587,382594,382597,3,7
382587,382596,382598,2,9
382587,382593,382597,4,6
382587,382593,382598,5,6
382587,382593,382598,5,6
382587,382595,382598,3,8
382587,382595,382598,3,8
382587,382595,382598,3,8
382587,382596,382598,2,9
382587,382596,382598,2,9
382587,382597,382599,2,10
382587,382597,382599,2,10
382587,382597,382599,2,10
382587,382597,382599,2,10
382587,382597,382599,2,10
382587,382597,382600,3,10
382587,382597,382600,3,10
382587,382597,382599,2,10
382587,382597,382599,2,10
382587,382597,382599,2,10
382587,382597,382600,3,10
382587,382597,382599,2,10
382587,382597,382600,3,10
382587,382597,382599,2,10
382587,382597,382600,3,10
382587,382597,382599,2,10
382587,382597,382599,2,10
382587,382597,382600,3,10
382587,382597,382600,3,10
382587,382597,382599,2,10
382587,382597,382599,2,10
382587,382597,382600,3,10
382587,382597,382599,2,10
382587,382597,382600,3,10
382587,382597,382600,3,10
382587,382597,382600,3,10
382587,382597,382600,3,10
382587,382597,382600,3,10
382587,382597,382600,3,10
382587,382597,382600,3,10
382587,382597,382600,3,10
382587,382597,382600,3,10
382587,382597,382600,3,10
382587,382597,382600,3,10
382587,382597,382600,3,10
382587,382597,382600,3,10
382587,382597,382600,3,10
382606,382606,382610,4,0
382606,382606,382610,4,0
382606,382606,382610,4,0
382606,382606,382610,4,0
382606,382606,382610,4,0
382606,382606,382610,4,0
382606,382606,382610,4,0
382606,382606,382610,4,0
382606,382606,382610,4,0
382606,382606,382610,4,0
382606,382606,382610,4,0
382606,382606,382610,4,0
382606,382606,382609,3,0
382606,382606,382610,4,0
382606,382606,382610,4,0
382606,382606,382610,4,0
382606,382606,382610,4,0
382606,382606,382610,4,0
382606,382606,382610,4,0
382606,382606,382610,4,0
382606,382606,382610,4,0
382606,382606,382610,4,0
382606,382606,382610,4,0
382606,382606,382610,4,0
382606,382606,382610,4,0
382606,382606,382610,4,0
382606,382606,382610,4,0
382606,382606,382610,4,0
382606,382606,382610,4,0
382606,382606,382610,4,0
382606,382606,382610,4,0
382606,382606,382610,4,0
382606,382606,382610,4,0
382606,382606,382610,4,0
382606,382606,382610,4,0
382606,382606,382610,4,0
382606,382606,382610,4,0
382606,382606,382610,4,0
382606,382606,382610,4,0
382606,382606,382610,4,0
382606,382606,382610,4,0
382606,382606,382611,5,0
382606,382606,382610,4,0
382606,382606,382610,4,0
382606,382606,382610,4,0
382606,382606,382610,4,0
382606,382606,382610,4,0
382606,382606,382610,4,0
382606,382606,382610,4,0
382606,382606,382610,4,0
382606,382606,382610,4,0
382606,382606,382610,4,0
382606,382606,382610,4,0
382606,382606,382610,4,0
382606,382606,382610,4,0
382606,382606,382610,4,0
382606,382606,382610,4,0
382606,382606,382610,4,0
382606,382606,382610,4,0
382606,382606,382610,4,0
382606,382606,382611,5,0
382606,382606,382610,4,0
382606,382606,382610,4,0
382606,382606,382610,4,0
382606,382606,382611,5,0
382606,382606,382611,5,0
382606,382606,382611,5,0
382606,382606,382611,5,0
382606,382606,382611,5,0
382606,382606,382611,5,0
382606,382606,382611,5,0
382606,382606,382612,6,0
382606,382610,382612,2,4
382606,382606,382613,7,0
382606,382606,382613,7,0
382606,382606,382612,6,0
382606,382606,382612,6,0
382606,382606,382612,6,0
382606,382606,382612,6,0
382606,382606,382612,6,0
382606,382606,382612,6,0
382606,382610,382614,4,4
382606,382610,382614,4,4
382606,382610,382614,4,4
382606,382610,382614,4,4
382606,382610,382614,4,4
382606,382611,382615,4,5
382606,382611,382615,4,5
382606,382611,382614,3,5
382606,382611,382614,3,5
382606,382611,382615,4,5
382606,382612,382615,3,6
382606,382611,382615,4,5
382606,382611,382615,4,5
382606,382611,382614,3,5
382606,382612,382615,3,6
382606,382612,382615,3,6
382606,382612,382615,3,6
382606,382610,382614,4,4
382606,382610,382614,4,4
382606,382610,382614,4,4
382606,382610,382614,4,4
382606,382610,382614,4,4
382606,382611,382615,4,5
382606,382611,382615,4,5
382606,382611,382615,4,5
382606,382610,382615,5,4
382606,382610,382615,5,4
382606,382610,382614,4,4
382606,382610,382615,5,4
382606,382610,382615,5,4
382606,382610,382615,5,4
382606,382610,382614,4,4
382606,382610,382614,4,4
382606,382610,382614,4,4
382606,382611,382615,4,5
382606,382611,382615,4,5
382606,382611,382615,4,5
382606,382611,382615,4,5
382606,382610,382614,4,4
382606,382610,382615,5,4
382606,382610,382615,5,4
382606,382610,382615,5,4
382606,382610,382615,5,4
382606,382610,382615,5,4
382606,382610,382615,5,4
382606,382611,382615,4,5
382606,382611,382615,4,5
382606,382611,382615,4,5
382606,382611,382615,4,5
382606,382612,382615,3,6
382606,382610,382614,4,4
382606,382611,382614,3,5
382606,382611,382615,4,5
382606,382611,382615,4,5
382606,382611,382615,4,5
382606,382611,382615,4,5
382606,382611,382615,4,5
382606,382611,382615,4,5
382606,382613,382616,3,7
382606,382613,382616,3,7
382606,382613,382616,3,7
382606,382613,382616,3,7
382606,382612,382615,3,6
382606,382612,382616,4,6
382606,382612,382616,4,6
382606,382611,382615,4,5
382606,382611,382616,5,5
382606,382611,382616,5,5
382606,382611,382615,4,5
382606,382612,382616,4,6
382606,382613,382616,3,7
382606,382613,382616,3,7
382606,382611,382616,5,5
382606,382611,382616,5,5
382606,382611,382616,5,5
382606,382613,382616,3,7
382606,382613,382616,3,7
382606,382611,382615,4,5
382606,382611,382615,4,5
382606,382611,382615,4,5
382606,382614,382616,2,8
382606,382614,382616,2,8
382606,382614,382616,2,8
382606,382614,382616,2,8
382606,382615,382616,1,9
382606,382615,382617,2,9
382606,382615,382617,2,9
382606,382615,382618,3,9
382606,382615,382618,3,9
382606,382615,382618,3,9
382606,382615,382618,3,9
382606,382615,382618,3,9
382606,382615,382618,3,9
382606,382615,382618,3,9
382606,382615,382618,3,9
382606,382615,382618,3,9
382606,382615,382618,3,9
382606,382615,382618,3,9
382606,382615,382618,3,9
382606,382615,382618,3,9
382606,382615,382618,3,9
382606,382615,382618,3,9
382606,382615,382618,3,9
382606,382616,382619,3,10
382606,382615,382619,4,9
382606,382615,382618,3,9
382606,382615,382618,3,9
382606,382616,382618,2,10
382606,382616,382619,3,10
382606,382616,382619,3,10
382606,382616,382619,3,10
382606,382615,382619,4,9
382606,382615,382619,4,9
382606,382615,382619,4,9
382606,382615,382619,4,9
382606,382616,382619,3,10
382606,382616,382619,3,10
382606,382615,382619,4,9
382606,382615,382619,4,9
382623,382623,382628,5,0
382623,382623,382628,5,0
382623,382624,382628,4,1
382623,382624,382628,4,1
382623,382624,382628,4,1
382623,382624,382628,4,1
382623,382624,382629,5,1
382623,382623,382628,5,0
382623,382624,382628,4,1
382623,382624,382628,4,1
382623,382624,382629,5,1
382623,382624,382628,4,1
382623,382623,382628,5,0
382623,382624,382628,4,1
382623,382624,382628,4,1
382623,382624,382628,4,1
382623,382624,382629,5,1
382623,382624,382629,5,1
382623,382623,382628,5,0
382623,382624,382628,4,1
382623,382624,382628,4,1
382623,382624,382628,4,1
382623,382624,382628,4,1
382623,382624,382628,4,1
382623,382623,382628,5,0
382623,382623,382628,5,0
382623,382624,382628,4,1
382623,382624,382628,4,1
382623,382624,382628,4,1
382623,382624,382628,4,1
382623,382623,382628,5,0
382623,382623,382628,5,0
382623,382624,382628,4,1
382623,382624,382628,4,1
382623,382624,382628,4,1
382623,382624,382628,4,1
382623,382624,382629,5,1
382623,382623,382628,5,0
382623,382623,382628,5,0
382623,382624,382628,4,1
382623,382624,382628,4,1
382623,382624,382628,4,1
382623,382624,382628,4,1
382623,382623,382628,5,0
382623,382623,382628,5,0
382623,382624,382628,4,1
382623,382624,382628,4,1
382623,382624,382628,4,1
382623,382624,382628,4,1
382623,382624,382628,4,1
382623,382624,382628,4,1
382623,382623,382628,5,0
382623,382623,382628,5,0
382623,382624,382628,4,1
382623,382624,382628,4,1
382623,382624,382628,4,1
382623,382624,382629,5,1
382623,382624,382629,5,1
382623,382624,382628,4,1
382623,382623,382628,5,0
382623,382624,382628,4,1
382623,382624,382628,4,1
382623,382624,382628,4,1
382623,382624,382628,4,1
382623,382624,382629,5,1
382623,382624,382628,4,1
382623,382624,382629,5,1
382623,382624,382629,5,1
382623,382624,382629,5,1
382623,382624,382629,5,1
382623,382624,382629,5,1
382623,382624,382629,5,1
382623,382624,382629,5,1
382623,382624,382629,5,1
382623,382624,382629,5,1
382623,382624,382629,5,1
382623,382624,382629,5,1
382623,382624,382629,5,1
382623,382624,382629,5,1
382623,382624,382629,5,1
382623,382629,382634,5,6
382623,382629,382634,5,6
382623,382629,382634,5,6
382623,382629,382634,5,6
382623,382629,382634,5,6
382623,382629,382634,5,6
382623,382629,382635,6,6
382623,382629,382634,5,6
382623,382629,382634,5,6
382623,382629,382634,5,6
382623,382629,382634,5,6
382623,382629,382635,6,6
382623,382629,382635,6,6
382623,382629,382634,5,6
382623,382629,382634,5,6
382623,382629,382634,5,6
382623,382629,382634,5,6
382623,382629,382634,5,6
382623,382629,382634,5,6
382623,382629,382634,5,6
382623,382630,382635,5,7
382623,382629,382634,5,6
382623,382629,382634,5,6
382623,382629,382634,5,6
382623,382629,382634,5,6
382623,382629,382634,5,6
382623,382629,382634,5,6
382623,382630,382635,5,7
382623,382630,382635,5,7
382623,382629,382634,5,6
382623,382629,382634,5,6
382623,382629,382634,5,6
382623,382629,382634,5,6
382623,382629,382634,5,6
382623,382629,382634,5,6
382623,382630,382635,5,7
382623,382629,382634,5,6
382623,382629,382634,5,6
382623,382629,382634,5,6
382623,382629,382634,5,6
382623,382629,382634,5,6
382623,382629,382634,5,6
382623,382630,382635,5,7
382623,382630,382635,5,7
382623,382629,382634,5,6
382623,382629,382634,5,6
382623,382629,382634,5,6
382623,382629,382634,5,6
382623,382629,382634,5,6
382623,382629,382635,6,6
382623,382629,382634,5,6
382623,382630,382635,5,7
382623,382629,382634,5,6
382623,382629,382634,5,6
382623,382629,382634,5,6
382623,382629,382634,5,6
382623,382629,382634,5,6
382623,382629,382634,5,6
382623,382629,382634,5,6
382623,382630,382635,5,7
382623,382629,382634,5,6
382623,382629,382634,5,6
382623,382629,382634,5,6
382623,382629,382634,5,6
382623,382630,382635,5,7
382623,382630,382635,5,7
382623,382630,382635,5,7
382623,382629,382634,5,6
382623,382629,382634,5,6
382623,382629,382635,6,6
382623,382629,382635,6,6
382623,382629,382635,6,6
382623,382629,382635,6,6
382623,382630,382635,5,7
382623,382629,382635,6,6
382623,382629,382635,6,6
382623,382629,382635,6,6
382623,382629,382635,6,6
382623,382630,382635,5,7
382623,382634,382636,2,11
382623,382630,382635,5,7
382623,382634,382636,2,11
382623,382635,382637,2,12
382623,382635,382637,2,12
382623,382635,382637,2,12
382623,382635,382638,3,12
382623,382635,382637,2,12
382623,382635,382638,3,12
382623,382635,382638,3,12
382623,382635,382638,3,12
382623,382635,382638,3,12
382623,382635,382638,3,12
382623,382635,382638,3,12
382623,382635,382638,3,12
382623,382635,382638,3,12
382623,382635,382638,3,12
382623,382635,382637,2,12
382623,382635,382638,3,12
382623,382635,382638,3,12
382623,382635,382638,3,12
382623,382635,382638,3,12
382623,382635,382638,3,12
382623,382635,382638,3,12
382623,382635,382638,3,12
382623,382635,382638,3,12
382623,382635,382638,3,12
382623,382635,382638,3,12
382623,382635,382638,3,12
382623,382635,382638,3,12
382623,382635,382638,3,12
382623,382635,382638,3,12
382623,382635,382638,3,12
382623,382635,382638,3,12
382623,382635,382638,3,12
382623,382635,382638,3,12
382623,382635,382638,3,12
382623,382635,382638,3,12
382623,382635,382638,3,12
382623,382635,382638,3,12
382623,382635,382639,4,12
382643,382643,382647,4,0
382643,382643,382648,5,0
382643,382643,382648,5,0
382643,382643,382648,5,0
382643,382643,382648,5,0
382643,382643,382648,5,0
382643,382643,382648,5,0
382643,382643,382648,5,0
382643,382643,382648,5,0
382643,382643,382648,5,0
382643,382643,382648,5,0
382643,382643,382648,5,0
382643,382643,382648,5,0
382643,382643,382648,5,0
382643,382643,382648,5,0
382643,382643,382648,5,0
382643,382643,382648,5,0
382643,382643,382648,5,0
382643,382643,382648,5,0
382643,382643,382648,5,0
382643,382643,382648,5,0
382643,382643,382648,5,0
382643,382643,382648,5,0
382643,382643,382648,5,0
382643,382643,382648,5,0
382643,382643,382648,5,0
382643,382643,382648,5,0
382643,382643,382648,5,0
382643,382643,382648,5,0
382643,382643,382648,5,0
382643,382643,382648,5,0
382643,382643,382648,5,0
382643,382643,382648,5,0
382643,382643,382648,5,0
382643,382643,382648,5,0
382643,382643,382648,5,0
382643,382643,382648,5,0
382643,382643,382648,5,0
382643,382643,382648,5,0
382643,382643,382648,5,0
382643,382643,382648,5,0
382643,382643,382648,5,0
382643,382643,382648,5,0
382643,382643,382648,5,0
382643,382643,382648,5,0
382643,382643,382648,5,0
382643,382643,382648,5,0
382643,382643,382648,5,0
382643,382643,382648,5,0
382643,382643,382648,5,0
382643,382643,382648,5,0
382643,382643,382648,5,0
382643,382643,382648,5,0
382643,382643,382649,6,0
382643,382643,382648,5,0
382643,382643,382648,5,0
382643,382643,382648,5,0
382643,382643,382648,5,0
382643,382643,382648,5,0
382643,382643,382648,5,0
382643,382643,382648,5,0
382643,382643,382649,6,0
382643,382643,382649,6,0
382643,382643,382649,6,0
382643,382643,382649,6,0
382643,382643,382649,6,0
382643,382643,382649,6,0
382643,382643,382649,6,0
382643,382643,382649,6,0
382643,382643,382649,6,0
382643,382643,382649,6,0
382643,382643,382649,6,0
382643,382643,382649,6,0
382643,382643,382649,6,0
382643,382643,382649,6,0
382643,382643,382649,6,0
382643,382643,382649,6,0
382643,382643,382649,6,0
382643,382643,382649,6,0
382643,382648,382649,1,5
382643,382643,382650,7,0
382643,382648,382651,3,5
382643,382649,382653,4,6
382643,382649,382654,5,6
382643,382649,382654,5,6
382643,382649,382654,5,6
382643,382649,382654,5,6
382643,382649,382654,5,6
382643,382649,382654,5,6
382643,382649,382654,5,6
382643,382649,382655,6,6
382643,382649,382655,6,6
382643,382649,382654,5,6
382643,382649,382654,5,6
382643,382649,382654,5,6
382643,382649,382654,5,6
382643,382649,382654,5,6
382643,382649,382654,5,6
382643,382650,382654,4,7
382643,382649,382654,5,6
382643,382649,382654,5,6
382643,382649,382654,5,6
382643,382649,382654,5,6
382643,382649,382654,5,6
382643,382649,382654,5,6
382643,382649,382655,6,6
382643,382649,382654,5,6
382643,382649,382654,5,6
382643,382649,382654,5,6
382643,382649,382654,5,6
382643,382649,382654,5,6
382643,382649,382654,5,6
382643,382649,382654,5,6
382643,382649,382654,5,6
382643,382649,382654,5,6
382643,382649,382654,5,6
382643,382650,382654,4,7
382643,382649,382654,5,6
382643,382649,382654,5,6
382643,382649,382654,5,6
382643,382649,382654,5,6
382643,382649,382654,5,6
382643,382650,382655,5,7
382643,382649,382654,5,6
382643,382649,382654,5,6
382643,382649,382654,5,6
382643,382650,382654,4,7
382643,382650,382655,5,7
382643,382649,382654,5,6
382643,382649,382654,5,6
382643,382649,382654,5,6
382643,382649,382654,5,6
382643,382649,382654,5,6
382643,382649,382654,5,6
382643,382650,382655,5,7
382643,382649,382654,5,6
382643,382649,382654,5,6
382643,382649,382654,5,6
382643,382649,382654,5,6
382643,382649,382654,5,6
382643,382649,382654,5,6
382643,382650,382655,5,7
382643,382649,382654,5,6
382643,382649,382654,5,6
382643,382649,382655,6,6
382643,382649,382654,5,6
382643,382649,382654,5,6
382643,382649,382654,5,6
382643,382650,382655,5,7
382643,382654,382655,1,11
382643,382650,382655,5,7
382643,382650,382655,5,7
382643,382654,382655,1,11
382643,382650,382655,5,7
382643,382650,382655,5,7
382643,382650,382655,5,7
382643,382650,382655,5,7
382643,382650,382655,5,7
382643,382652,382655,3,9
382643,382650,382655,5,7
382643,382650,382655,5,7
382643,382650,382655,5,7
382643,382651,382655,4,8
382643,382650,382655,5,7
382643,382654,382656,2,11
382643,382655,382657,2,12
382643,382655,382657,2,12
382643,382655,382657,2,12
382643,382655,382657,2,12
382643,382655,382658,3,12
382643,382655,382658,3,12
382643,382655,382657,2,12
382643,382655,382658,3,12
382643,382655,382658,3,12
382643,382655,382657,2,12
382643,382655,382658,3,12
382643,382655,382658,3,12
382643,382655,382657,2,12
382643,382655,382657,2,12
382643,382655,382657,2,12
382643,382655,382657,2,12
382643,382655,382657,2,12
382643,382655,382658,3,12
382643,382655,382657,2,12
382643,382655,382658,3,12
382643,382655,382658,3,12
382643,382655,382658,3,12
382643,382655,382658,3,12
382643,382655,382658,3,12
382643,382655,382658,3,12
382643,382655,382657,2,12
382643,382655,382657,2,12
382643,382655,382658,3,12
382643,382655,382658,3,12
382643,382655,382658,3,12
382643,382655,382657,2,12
382643,382655,382658,3,12
382643,382655,382658,3,12
382643,382655,382658,3,12
382643,382655,382658,3,12
382663,382663,382667,4,0
382663,382663,382667,4,0
382663,382663,382667,4,0
382663,382663,382667,4,0
382663,382663,382668,5,0
382663,382663,382668,5,0
382663,382663,382667,4,0
382663,382663,382667,4,0
382663,382663,382667,4,0
382663,382663,382667,4,0
382663,382663,382668,5,0
382663,382663,382667,4,0
382663,382663,382668,5,0
382663,382663,382668,5,0
382663,382663,382667,4,0
382663,382663,382667,4,0
382663,382663,382667,4,0
382663,382663,382667,4,0
382663,382663,382668,5,0
382663,382663,382668,5,0
382663,382663,382667,4,0
382663,382663,382667,4,0
382663,382663,382667,4,0
382663,382663,382667,4,0
382663,382663,382667,4,0
382663,382663,382668,5,0
382663,382663,382667,4,0
382663,382663,382667,4,0
382663,382663,382667,4,0
382663,382663,382667,4,0
382663,382663,382668,5,0
382663,382663,382667,4,0
382663,382663,382667,4,0
382663,382663,382667,4,0
382663,382663,382668,5,0
382663,382663,382667,4,0
382663,382663,382668,5,0
382663,382663,382667,4,0
382663,382663,382667,4,0
382663,382663,382667,4,0
382663,382663,382667,4,0
382663,382663,382668,5,0
382663,382663,382668,5,0
382663,382663,382667,4,0
382663,382663,382668,5,0
382663,382663,382667,4,0
382663,382663,382667,4,0
382663,382663,382668,5,0
382663,382663,382668,5,0
382663,382663,382667,4,0
382663,382663,382667,4,0
382663,382663,382668,5,0
382663,382663,382667,4,0
382663,382663,382667,4,0
382663,382663,382668,5,0
382663,382663,382668,5,0
382663,382663,382668,5,0
382663,382663,382667,4,0
382663,382663,382667,4,0
382663,382663,382668,5,0
382663,382663,382668,5,0
382663,382663,382668,5,0
382663,382663,382668,5,0
382663,382663,382669,6,0
382663,382663,382668,5,0
382663,382663,382669,6,0
382663,382663,382668,5,0
382663,382663,382668,5,0
382663,382663,382669,6,0
382663,382663,382669,6,0
382663,382663,382669,6,0
382663,382663,382669,6,0
382663,382663,382668,5,0
382663,382663,382668,5,0
382663,382663,382668,5,0
382663,382663,382669,6,0
382663,382663,382669,6,0
382663,382663,382668,5,0
382663,382663,382669,6,0
382663,382663,382669,6,0
382663,382668,382673,5,5
382663,382668,382673,5,5
382663,382668,382673,5,5
382663,382668,382673,5,5
382663,382668,382673,5,5
382663,382668,382673,5,5
382663,382668,382673,5,5
382663,382668,382673,5,5
382663,382668,382674,6,5
382663,382668,382673,5,5
382663,382668,382673,5,5
382663,382668,382673,5,5
382663,382668,382674,6,5
382663,382668,382674,6,5
382663,382668,382673,5,5
382663,382668,382673,5,5
382663,382668,382673,5,5
382663,382668,382673,5,5
382663,382668,382673,5,5
382663,382668,382674,6,5
382663,382668,382673,5,5
382663,382668,382674,6,5
382663,382668,382673,5,5
382663,382668,382673,5,5
382663,382668,382674,6,5
382663,382668,382673,5,5
382663,382668,382674,6,5
382663,382668,382674,6,5
382663,382668,382673,5,5
382663,382668,382674,6,5
382663,382668,382674,6,5
382663,382668,382674,6,5
382663,382668,382674,6,5
382663,382668,382674,6,5
382663,382668,382674,6,5
382663,382668,382674,6,5
382663,382668,382674,6,5
382663,382668,382674,6,5
382663,382668,382674,6,5
382663,382668,382674,6,5
382663,382668,382674,6,5
382663,382668,382674,6,5
382663,382668,382674,6,5
382663,382668,382674,6,5
382663,382668,382674,6,5
382663,382668,382674,6,5
382663,382668,382674,6,5
382663,382668,382674,6,5
382663,382668,382674,6,5
382663,382670,382675,5,7
382663,382670,382674,4,7
382663,382668,382674,6,5
382663,382668,382674,6,5
382663,382668,382674,6,5
382663,382668,382674,6,5
382663,382670,382675,5,7
382663,382668,382674,6,5
382663,382668,382674,6,5
382663,382668,382674,6,5
382663,382670,382674,4,7
382663,382668,382674,6,5
382663,382668,382674,6,5
382663,382669,382674,5,6
382663,382670,382674,4,7
382663,382668,382674,6,5
382663,382668,382674,6,5
382663,382668,382674,6,5
382663,382670,382675,5,7
382663,382668,382674,6,5
382663,382670,382674,4,7
382663,382670,382675,5,7
382663,382670,382674,4,7
382663,382674,382675,1,11
382663,382674,382675,1,11
382663,382674,382675,1,11
382663,382674,382675,1,11
382663,382674,382675,1,11
382663,382670,382675,5,7
382663,382670,382675,5,7
382663,382670,382675,5,7
382663,382670,382675,5,7
382663,382674,382676,2,11
382663,382670,382675,5,7
382663,382674,382675,1,11
382663,382674,382676,2,11
382663,382674,382676,2,11
382663,382674,382676,2,11
382663,382670,382675,5,7
382663,382670,382675,5,7
382663,382674,382676,2,11
382663,382674,382676,2,11
382663,382673,382675,2,10
382663,382674,382676,2,11
382663,382670,382676,6,7
382663,382675,382676,1,12
382663,382675,382676,1,12
382663,382675,382676,1,12
382663,382674,382676,2,11
382663,382675,382676,1,12
382663,382675,382676,1,12
382663,382675,382677,2,12
382663,382675,382677,2,12
382663,382675,382677,2,12
382663,382674,382676,2,11
382663,382674,382676,2,11
382663,382674,382676,2,11
382663,382674,382676,2,11
382663,382674,382676,2,11
382663,382674,382676,2,11
382663,382674,382676,2,11
382663,382674,382677,3,11
382663,382674,382676,2,11
382663,382674,382676,2,11
382663,382674,382676,2,11
382663,382674,382676,2,11
382663,382674,382677,3,11
382663,382675,382677,2,12
382663,382675,382677,2,12
382663,382675,382677,2,12
382663,382675,382677,2,12
382533,382533,382681,148,0
382681,382682,382685,3,1
382681,382682,382685,3,1
382681,382682,382686,4,1
382681,382682,382686,4,1
382681,382682,382686,4,1
382681,382682,382686,4,1
382681,382682,382686,4,1
382681,382682,382686,4,1
382681,382681,382685,4,0
382681,382682,382686,4,1
382681,382682,382686,4,1
382681,382682,382686,4,1
382681,382682,382686,4,1
382681,382682,382686,4,1
382681,382682,382686,4,1
382681,382682,382686,4,1
382681,382682,382686,4,1
382681,382682,382686,4,1
382681,382682,382686,4,1
382681,382682,382686,4,1
382681,382682,382686,4,1
382681,382682,382686,4,1
382681,382682,382686,4,1
382681,382682,382686,4,1
382681,382682,382686,4,1
382681,382682,382686,4,1
382681,382682,382686,4,1
382681,382682,382686,4,1
382681,382682,382686,4,1
382681,382682,382686,4,1
382681,382682,382686,4,1
382681,382682,382686,4,1
382681,382682,382686,4,1
382681,382682,382686,4,1
382681,382682,382686,4,1
382681,382682,382686,4,1
382681,382682,382686,4,1
382681,382682,382686,4,1
382681,382682,382686,4,1
382681,382682,382686,4,1
382681,382682,382687,5,1
382681,382682,382686,4,1
382681,382682,382686,4,1
382681,382682,382686,4,1
382681,382682,382686,4,1
382681,382682,382686,4,1
382681,382682,382686,4,1
382681,382682,382686,4,1
382681,382682,382686,4,1
382681,382682,382686,4,1
382681,382682,382686,4,1
382681,382682,382686,4,1
382681,382682,382686,4,1
382681,382682,382686,4,1
382681,382682,382686,4,1
382681,382682,382686,4,1
382681,382682,382686,4,1
382681,382682,382686,4,1
382681,382682,382686,4,1
382681,382682,382686,4,1
382681,382682,382686,4,1
382681,382682,382686,4,1
382681,382682,382686,4,1
382681,382682,382686,4,1
382681,382682,382687,5,1
382681,382682,382686,4,1
382681,382682,382687,5,1
382681,382682,382686,4,1
382681,382682,382686,4,1
382681,382682,382687,5,1
382681,382682,382687,5,1
382681,382682,382687,5,1
382681,382686,382688,2,5
382681,382686,382688,2,5
382681,382682,382687,5,1
382681,382682,382687,5,1
382681,382682,382687,5,1
382681,382682,382687,5,1
382681,382682,382687,5,1
382681,382686,382687,1,5
382681,382686,382687,1,5
382681,382686,382688,2,5
382681,382682,382687,5,1
382681,382682,382687,5,1
382681,382682,382687,5,1
382681,382686,382688,2,5
382681,382686,382688,2,5
382681,382686,382688,2,5
382681,382686,382688,2,5
382681,382686,382688,2,5
382681,382686,382688,2,5
382681,382686,382689,3,5
382681,382686,382688,2,5
382681,382686,382689,3,5
382681,382686,382689,3,5
382681,382687,382691,4,6
382681,382687,382691,4,6
382681,382687,382691,4,6
382681,382687,382691,4,6
382681,382687,382691,4,6
382681,382687,382691,4,6
382681,382687,382691,4,6
382681,382687,382691,4,6
382681,382687,382691,4,6
382681,382687,382691,4,6
382681,382687,382691,4,6
382681,382687,382691,4,6
382681,382687,382691,4,6
382681,382687,382691,4,6
382681,382687,382691,4,6
382681,382687,382691,4,6
382681,382687,382691,4,6
382681,382687,382691,4,6
382681,382687,382691,4,6
382681,382687,382691,4,6
382681,382687,382691,4,6
382681,382687,382692,5,6
382681,382687,382691,4,6
382681,382687,382692,5,6
382681,382687,382691,4,6
382681,382687,382691,4,6
382681,382687,382691,4,6
382681,382687,382691,4,6
382681,382687,382691,4,6
382681,382687,382691,4,6
382681,382687,382691,4,6
382681,382687,382691,4,6
382681,382687,382692,5,6
382681,382687,382692,5,6
382681,382687,382691,4,6
382681,382687,382692,5,6
382681,382687,382692,5,6
382681,382687,382692,5,6
382681,382687,382691,4,6
382681,382687,382692,5,6
382681,382687,382691,4,6
382681,382687,382691,4,6
382681,382687,382691,4,6
382681,382687,382691,4,6
382681,382688,382691,3,7
382681,382688,382692,4,7
382681,382687,382692,5,6
382681,382687,382692,5,6
382681,382688,382692,4,7
382681,382688,382692,4,7
382681,382687,382691,4,6
382681,382687,382691,4,6
382681,382687,382691,4,6
382681,382687,382691,4,6
382681,382688,382692,4,7
382681,382688,382692,4,7
382681,382687,382691,4,6
382681,382687,382691,4,6
382681,382687,382692,5,6
382681,382688,382692,4,7
382681,382688,382692,4,7
382681,382688,382692,4,7
382681,382687,382691,4,6
382681,382688,382691,3,7
382681,382688,382692,4,7
382681,382688,382692,4,7
382681,382687,382692,5,6
382681,382691,382693,2,10
382681,382688,382692,4,7
382681,382688,382692,4,7
382681,382688,382692,4,7
382681,382688,382693,5,7
382681,382688,382692,4,7
382681,382688,382693,5,7
382681,382691,382693,2,10
382681,382691,382693,2,10
382681,382688,382692,4,7
382681,382691,382693,2,10
382681,382691,382693,2,10
382681,382689,382693,4,8
382681,382689,382693,4,8
382681,382689,382693,4,8
382681,382689,382693,4,8
382681,382689,382693,4,8
382681,382689,382693,4,8
382681,382691,382694,3,10
382681,382692,382694,2,11
382681,382692,382694,2,11
382681,382692,382694,2,11
382681,382692,382694,2,11
382681,382692,382694,2,11
382681,382692,382694,2,11
382681,382692,382694,2,11
382681,382692,382694,2,11
382681,382692,382694,2,11
382681,382691,382694,3,10
382681,382691,382694,3,10
382681,382691,382694,3,10
382681,382691,382694,3,10
382681,382691,382694,3,10
382681,382691,382693,2,10
382681,382691,382694,3,10
382681,382692,382694,2,11
382681,382692,382694,2,11
382681,382692,382694,2,11
382699,382699,382704,5,0
382699,382699,382704,5,0
382699,382699,382704,5,0
382699,382699,382704,5,0
382699,382699,382704,5,0
382699,382699,382704,5,0
382699,382699,382704,5,0
382699,382699,382704,5,0
382699,382699,382704,5,0
382699,382699,382704,5,0
382699,382699,382704,5,0
382699,382699,382704,5,0
382699,382699,382704,5,0
382699,382699,382704,5,0
382699,382699,382704,5,0
382699,382699,382704,5,0
382699,382699,382704,5,0
382699,382699,382704,5,0
382699,382699,382704,5,0
382699,382699,382704,5,0
382699,382699,382704,5,0
382699,382699,382704,5,0
382699,382699,382704,5,0
382699,382699,382704,5,0
382699,382699,382704,5,0
382699,382699,382704,5,0
382699,382699,382704,5,0
382699,382699,382704,5,0
382699,382699,382704,5,0
382699,382699,382704,5,0
382699,382699,382704,5,0
382699,382699,382704,5,0
382699,382699,382704,5,0
382699,382699,382704,5,0
382699,382699,382704,5,0
382699,382699,382704,5,0
382699,382699,382704,5,0
382699,382699,382704,5,0
382699,382699,382704,5,0
382699,382699,382704,5,0
382699,382699,382704,5,0
382699,382699,382704,5,0
382699,382699,382704,5,0
382699,382699,382704,5,0
382699,382699,382704,5,0
382699,382699,382704,5,0
382699,382699,382704,5,0
382699,382699,382704,5,0
382699,382699,382704,5,0
382699,382699,382704,5,0
382699,382699,382704,5,0
382699,382699,382704,5,0
382699,382699,382704,5,0
382699,382699,382704,5,0
382699,382699,382704,5,0
382699,382699,382704,5,0
382699,382699,382704,5,0
382699,382699,382704,5,0
382699,382699,382704,5,0
382699,382699,382704,5,0
382699,382699,382704,5,0
382699,382699,382704,5,0
382699,382699,382704,5,0
382699,382699,382704,5,0
382699,382699,382704,5,0
382699,382699,382704,5,0
382699,382699,382704,5,0
382699,382699,382704,5,0
382699,382699,382705,6,0
382699,382699,382705,6,0
382699,382699,382705,6,0
382699,382699,382705,6,0
382699,382699,382705,6,0
382699,382699,382705,6,0
382699,382699,382705,6,0
382699,382699,382705,6,0
382699,382699,382705,6,0
382699,382699,382705,6,0
382699,382699,382705,6,0
382699,382699,382705,6,0
382699,382705,382710,5,6
382699,382705,382710,5,6
382699,382705,382710,5,6
382699,382705,382710,5,6
382699,382705,382709,4,6
382699,382705,382709,4,6
382699,382705,382709,4,6
382699,382705,382710,5,6
382699,382705,382710,5,6
382699,382705,382710,5,6
382699,382705,382710,5,6
382699,382705,382709,4,6
382699,382705,382710,5,6
382699,382705,382709,4,6
382699,382705,382709,4,6
382699,382705,382710,5,6
382699,382705,382710,5,6
382699,382705,382710,5,6
382699,382705,382709,4,6
382699,382705,382710,5,6
382699,382705,382710,5,6
382699,382705,382710,5,6
382699,382705,382710,5,6
382699,382705,382710,5,6
382699,382705,382710,5,6
382699,382705,382710,5,6
382699,382705,382709,4,6
382699,382705,382710,5,6
382699,382705,382710,5,6
382699,382705,382710,5,6
382699,382705,382710,5,6
382699,382705,382710,5,6
382699,382705,382710,5,6
382699,382705,382710,5,6
382699,382705,382709,4,6
382699,382705,382710,5,6
382699,382705,382710,5,6
382699,382705,382709,4,6
382699,382705,382710,5,6
382699,382705,382709,4,6
382699,382705,382710,5,6
382699,382705,382710,5,6
382699,382705,382709,4,6
382699,382705,382710,5,6
382699,382705,382709,4,6
382699,382705,382710,5,6
382699,382705,382710,5,6
382699,382705,382709,4,6
382699,382705,382710,5,6
382699,382705,382710,5,6
382699,382705,382710,5,6
382699,382705,382710,5,6
382699,382705,382710,5,6
382699,382705,382710,5,6
382699,382705,382710,5,6
382699,382705,382710,5,6
382699,382705,382710,5,6
382699,382705,382710,5,6
382699,382705,382710,5,6
382699,382705,382710,5,6
382699,382705,382710,5,6
382699,382705,382710,5,6
382699,382705,382710,5,6
382699,382705,382710,5,6
382699,382705,382710,5,6
382699,382705,382710,5,6
382699,382705,382710,5,6
382699,382705,382710,5,6
382699,382705,382710,5,6
382699,382706,382710,4,7
382699,382705,382710,5,6
382699,382706,382710,4,7
382699,382706,382710,4,7
382699,382706,382710,4,7
382699,382706,382710,4,7
382699,382706,382711,5,7
382699,382706,382711,5,7
382699,382706,382711,5,7
382699,382705,382710,5,6
382699,382706,382710,4,7
382699,382710,382712,2,11
382699,382710,382712,2,11
382699,382710,382712,2,11
382699,382710,382713,3,11
382699,382710,382712,2,11
382699,382710,382712,2,11
382699,382710,382713,3,11
382699,382710,382713,3,11
382699,382710,382712,2,11
382699,382710,382713,3,11
382699,382710,382712,2,11
382699,382710,382712,2,11
382699,382710,382713,3,11
382699,382710,382713,3,11
382699,382710,382712,2,11
382699,382710,382712,2,11
382699,382710,382713,3,11
382699,382710,382713,3,11
382699,382710,382713,3,11
382699,382710,382713,3,11
382699,382710,382713,3,11
382699,382710,382713,3,11
382699,382710,382713,3,11
382699,382710,382713,3,11
382699,382710,382713,3,11
382699,382710,382714,4,11
382699,382710,382714,4,11
382699,382710,382714,4,11
382699,382710,382714,4,11
382699,382710,382714,4,11
382699,382710,382713,3,11
382699,382710,382713,3,11
382699,382710,382714,4,11
382699,382710,382713,3,11
382699,382710,382713,3,11
382699,382710,382713,3,11
382699,382710,382714,4,11
382699,382710,382714,4,11
382699,382710,382713,3,11
382699,382710,382713,3,11
382718,382718,382723,5,0
382718,382718,382723,5,0
382718,382718,382723,5,0
382718,382718,382723,5,0
382718,382718,382723,5,0
382718,382718,382723,5,0
382718,382718,382723,5,0
382718,382718,382723,5,0
382718,382718,382723,5,0
382718,382718,382723,5,0
382718,382718,382723,5,0
382718,382718,382723,5,0
382718,382718,382723,5,0
382718,382718,382723,5,0
382718,382718,382723,5,0
382718,382718,382723,5,0
382718,382718,382723,5,0
382718,382718,382723,5,0
382718,382718,382723,5,0
382718,382718,382723,5,0
382718,382718,382723,5,0
382718,382718,382723,5,0
382718,382718,382723,5,0
382718,382718,382723,5,0
382718,382718,382723,5,0
382718,382718,382723,5,0
382718,382718,382723,5,0
382718,382718,382723,5,0
382718,382718,382723,5,0
382718,382718,382723,5,0
382718,382718,382723,5,0
382718,382718,382723,5,0
382718,382718,382723,5,0
382718,382718,382723,5,0
382718,382718,382723,5,0
382718,382718,382723,5,0
382718,382718,382723,5,0
382718,382718,382723,5,0
382718,382718,382723,5,0
382718,382718,382723,5,0
382718,382718,382723,5,0
382718,382718,382723,5,0
382718,382718,382723,5,0
382718,382718,382723,5,0
382718,382718,382723,5,0
382718,382718,382723,5,0
382718,382718,382723,5,0
382718,382718,382724,6,0
382718,382718,382724,6,0
382718,382718,382724,6,0
382718,382718,382724,6,0
382718,382718,382724,6,0
382718,382718,382724,6,0
382718,382718,382723,5,0
382718,382718,382723,5,0
382718,382718,382723,5,0
382718,382718,382723,5,0
382718,382718,382723,5,0
382718,382718,382724,6,0
382718,382718,382724,6,0
382718,382718,382724,6,0
382718,382718,382724,6,0
382718,382718,382724,6,0
382718,382718,382724,6,0
382718,382718,382724,6,0
382718,382718,382724,6,0
382718,382718,382724,6,0
382718,382718,382724,6,0
382718,382718,382724,6,0
382718,382718,382724,6,0
382718,382718,382724,6,0
382718,382718,382724,6,0
382718,382718,382724,6,0
382718,382718,382724,6,0
382718,382718,382724,6,0
382718,382718,382724,6,0
382718,382718,382724,6,0
382718,382718,382724,6,0
382718,382718,382724,6,0
382718,382718,382724,6,0
382718,382724,382728,4,6
382718,382724,382727,3,6
382718,382724,382729,5,6
382718,382724,382728,4,6
382718,382724,382728,4,6
382718,382724,382729,5,6
382718,382724,382728,4,6
382718,382724,382729,5,6
382718,382724,382729,5,6
382718,382724,382728,4,6
382718,382724,382728,4,6
382718,382724,382728,4,6
382718,382724,382728,4,6
382718,382724,382728,4,6
382718,382724,382729,5,6
382718,382724,382729,5,6
382718,382724,382728,4,6
382718,382724,382729,5,6
382718,382724,382728,4,6
382718,382724,382728,4,6
382718,382724,382729,5,6
382718,382724,382729,5,6
382718,382724,382729,5,6
382718,382724,382728,4,6
382718,382725,382729,4,7
382718,382724,382728,4,6
382718,382724,382729,5,6
382718,382724,382729,5,6
382718,382724,382728,4,6
382718,382724,382729,5,6
382718,382725,382729,4,7
382718,382724,382728,4,6
382718,382724,382728,4,6
382718,382724,382729,5,6
382718,382724,382728,4,6
382718,382724,382729,5,6
382718,382724,382728,4,6
382718,382725,382728,3,7
382718,382724,382728,4,6
382718,382724,382729,5,6
382718,382724,382729,5,6
382718,382724,382728,4,6
382718,382724,382729,5,6
382718,382724,382728,4,6
382718,382725,382729,4,7
382718,382725,382729,4,7
382718,382724,382728,4,6
382718,382724,382729,5,6
382718,382724,382729,5,6
382718,382724,382728,4,6
382718,382724,382728,4,6
382718,382725,382729,4,7
382718,382725,382729,4,7
382718,382724,382729,5,6
382718,382724,382729,5,6
382718,382724,382728,4,6
382718,382724,382729,5,6
382718,382724,382729,5,6
382718,382724,382728,4,6
382718,382724,382728,4,6
382718,382724,382729,5,6
382718,382724,382728,4,6
382718,382724,382728,4,6
382718,382724,382729,5,6
382718,382724,382729,5,6
382718,382724,382730,6,6
382718,382725,382730,5,7
382718,382725,382730,5,7
382718,382725,382730,5,7
382718,382728,382730,2,10
382718,382725,382729,4,7
382718,382725,382730,5,7
382718,382725,382729,4,7
382718,382725,382730,5,7
382718,382725,382729,4,7
382718,382725,382729,4,7
382718,382725,382730,5,7
382718,382725,382730,5,7
382718,382725,382730,5,7
382718,382725,382730,5,7
382718,382725,382730,5,7
382718,382728,382731,3,10
382718,382729,382732,3,11
382718,382729,382732,3,11
382718,382729,382732,3,11
382718,382729,382731,2,11
382718,382729,382732,3,11
382718,382729,382732,3,11
382718,382729,382731,2,11
382718,382729,382732,3,11
382718,382729,382732,3,11
382718,382729,382732,3,11
382718,382729,382732,3,11
382718,382729,382732,3,11
382718,382729,382732,3,11
382718,382729,382732,3,11
382718,382729,382732,3,11
382718,382729,382732,3,11
382718,382729,382732,3,11
382718,382729,382732,3,11
382718,382729,382732,3,11
382718,382729,382732,3,11
382718,382729,382732,3,11
382718,382729,382733,4,11
382718,382729,382732,3,11
382718,382729,382733,4,11
382718,382729,382733,4,11
382718,382729,382733,4,11
382718,382729,382732,3,11
382718,382729,382733,4,11
382718,382729,382732,3,11
382718,382729,382733,4,11
382718,382729,382733,4,11
382718,382729,382732,3,11
382718,382729,382732,3,11
382718,382729,382733,4,11
382718,382729,382732,3,11
382718,382729,382733,4,11
382718,382729,382733,4,11
382718,382729,382732,3,11
382737,382737,382741,4,0
382737,382737,382741,4,0
382737,382737,382741,4,0
382737,382737,382741,4,0
382737,382737,382742,5,0
382737,382737,382742,5,0
382737,382737,382742,5,0
382737,382737,382742,5,0
382737,382737,382742,5,0
382737,382737,382741,4,0
382737,382737,382741,4,0
382737,382737,382741,4,0
382737,382737,382741,4,0
382737,382737,382741,4,0
382737,382737,382741,4,0
382737,382737,382742,5,0
382737,382737,382742,5,0
382737,382737,382742,5,0
382737,382737,382742,5,0
382737,382737,382742,5,0
382737,382737,382741,4,0
382737,382737,382741,4,0
382737,382737,382741,4,0
382737,382737,382742,5,0
382737,382737,382742,5,0
382737,382737,382741,4,0
382737,382737,382741,4,0
382737,382737,382741,4,0
382737,382737,382741,4,0
382737,382737,382741,4,0
382737,382737,382741,4,0
382737,382737,382741,4,0
382737,382737,382741,4,0
382737,382737,382741,4,0
382737,382737,382742,5,0
382737,382737,382742,5,0
382737,382737,382741,4,0
382737,382737,382741,4,0
382737,382737,382741,4,0
382737,382737,382741,4,0
382737,382737,382742,5,0
382737,382737,382742,5,0
382737,382737,382741,4,0
382737,382737,382742,5,0
382737,382737,382741,4,0
382737,382737,382741,4,0
382737,382737,382741,4,0
382737,382737,382741,4,0
382737,382737,382741,4,0
382737,382737,382741,4,0
382737,382737,382741,4,0
382737,382737,382742,5,0
382737,382737,382741,4,0
382737,382737,382741,4,0
382737,382737,382741,4,0
382737,382737,382741,4,0
382737,382737,382741,4,0
382737,382737,382741,4,0
382737,382737,382742,5,0
382737,382737,382741,4,0
382737,382737,382741,4,0
382737,382737,382741,4,0
382737,382737,382741,4,0
382737,382737,382742,5,0
382737,382737,382741,4,0
382737,382737,382741,4,0
382737,382737,382742,5,0
382737,382737,382742,5,0
382737,382737,382742,5,0
382737,382737,382742,5,0
382737,382737,382742,5,0
382737,382737,382742,5,0
382737,382737,382742,5,0
382737,382737,382742,5,0
382737,382737,382742,5,0
382737,382737,382742,5,0
382737,382737,382742,5,0
382737,382737,382742,5,0
382737,382737,382742,5,0
382737,382737,382742,5,0
382737,382742,382746,4,5
382737,382742,382747,5,5
382737,382742,382747,5,5
382737,382742,382747,5,5
382737,382742,382747,5,5
382737,382742,382747,5,5
382737,382742,382747,5,5
382737,382742,382747,5,5
382737,382742,382747,5,5
382737,382742,382747,5,5
382737,382742,382747,5,5
382737,382742,382747,5,5
382737,382742,382747,5,5
382737,382742,382747,5,5
382737,382742,382747,5,5
382737,382742,382747,5,5
382737,382742,382747,5,5
382737,382742,382747,5,5
382737,382742,382747,5,5
382737,382742,382747,5,5
382737,382742,382747,5,5
382737,382742,382747,5,5
382737,382742,382747,5,5
382737,382742,382747,5,5
382737,382742,382747,5,5
382737,382742,382747,5,5
382737,382742,382747,5,5
382737,382742,382747,5,5
382737,382742,382747,5,5
382737,382742,382747,5,5
382737,382742,382747,5,5
382737,382742,382747,5,5
382737,382742,382747,5,5
382737,382742,382747,5,5
382737,382742,382747,5,5
382737,382742,382747,5,5
382737,382742,382747,5,5
382737,382742,382747,5,5
382737,382742,382747,5,5
382737,382743,382747,4,6
382737,382742,382747,5,5
382737,382742,382747,5,5
382737,382742,382747,5,5
382737,382743,382747,4,6
382737,382743,382747,4,6
382737,382743,382747,4,6
382737,382742,382747,5,5
382737,382742,382747,5,5
382737,382742,382747,5,5
382737,382742,382747,5,5
382737,382742,382747,5,5
382737,382742,382747,5,5
382737,382742,382747,5,5
382737,382743,382747,4,6
382737,382742,382747,5,5
382737,382742,382747,5,5
382737,382742,382747,5,5
382737,382742,382747,5,5
382737,382742,382747,5,5
382737,382743,382747,4,6
382737,382743,382747,4,6
382737,382742,382748,6,5
382737,382742,382747,5,5
382737,382742,382748,6,5
382737,382742,382748,6,5
382737,382742,382747,5,5
382737,382742,382747,5,5
382737,382742,382747,5,5
382737,382742,382748,6,5
382737,382743,382748,5,6
382737,382746,382748,2,9
382737,382743,382748,5,6
382737,382743,382748,5,6
382737,382743,382748,5,6
382737,382743,382748,5,6
382737,382743,382748,5,6
382737,382742,382748,6,5
382737,382742,382748,6,5
382737,382743,382748,5,6
382737,382743,382748,5,6
382737,382743,382748,5,6
382737,382748,382750,2,11
382737,382748,382750,2,11
382737,382748,382750,2,11
382737,382748,382750,2,11
382737,382748,382750,2,11
382737,382748,382751,3,11
382737,382748,382750,2,11
382737,382748,382750,2,11
382737,382748,382751,3,11
382737,382748,382751,3,11
382737,382748,382750,2,11
382737,382748,382751,3,11
382737,382748,382751,3,11
382737,382748,382750,2,11
382737,382748,382751,3,11
382737,382748,382750,2,11
382737,382748,382750,2,11
382737,382748,382750,2,11
382737,382748,382750,2,11
382737,382748,382751,3,11
382737,382748,382751,3,11
382737,382748,382750,2,11
382737,382748,382751,3,11
382737,382748,382750,2,11
382737,382748,382751,3,11
382737,382748,382750,2,11
382737,382748,382750,2,11
382737,382748,382751,3,11
382737,382748,382751,3,11
382737,382748,382751,3,11
382737,382748,382751,3,11
382737,382748,382751,3,11
382737,382748,382751,3,11
382737,382748,382751,3,11
382737,382748,382751,3,11
382737,382748,382751,3,11
382737,382748,382751,3,11
382737,382748,382751,3,11
382737,382748,382751,3,11
382756,382756,382761,5,0
382756,382756,382761,5,0
382756,382756,382761,5,0
382756,382756,382761,5,0
382756,382756,382761,5,0
382756,382756,382761,5,0
382756,382756,382761,5,0
382756,382756,382761,5,0
382756,382756,382761,5,0
382756,382756,382761,5,0
382756,382756,382761,5,0
382756,382756,382761,5,0
382756,382756,382761,5,0
382756,382756,382761,5,0
382756,382756,382761,5,0
382756,382756,382761,5,0
382756,382756,382762,6,0
382756,382756,382761,5,0
382756,382756,382761,5,0
382756,382756,382761,5,0
382756,382756,382761,5,0
382756,382756,382761,5,0
382756,382756,382761,5,0
382756,382756,382761,5,0
382756,382756,382761,5,0
382756,382756,382761,5,0
382756,382756,382761,5,0
382756,382756,382761,5,0
382756,382756,382761,5,0
382756,382756,382761,5,0
382756,382756,382761,5,0
382756,382756,382761,5,0
382756,382756,382761,5,0
382756,382757,382761,4,1
382756,382756,382761,5,0
382756,382756,382761,5,0
382756,382756,382761,5,0
382756,382756,382761,5,0
382756,382756,382761,5,0
382756,382756,382761,5,0
382756,382756,382761,5,0
382756,382756,382761,5,0
382756,382756,382761,5,0
382756,382756,382761,5,0
382756,382756,382761,5,0
382756,382756,382761,5,0
382756,382756,382761,5,0
382756,382756,382761,5,0
382756,382756,382761,5,0
382756,382756,382761,5,0
382756,382756,382761,5,0
382756,382756,382762,6,0
382756,382756,382761,5,0
382756,382756,382761,5,0
382756,382756,382761,5,0
382756,382756,382761,5,0
382756,382756,382761,5,0
382756,382756,382761,5,0
382756,382757,382762,5,1
382756,382756,382762,6,0
382756,382756,382762,6,0
382756,382756,382762,6,0
382756,382756,382762,6,0
382756,382756,382762,6,0
382756,382756,382762,6,0
382756,382756,382762,6,0
382756,382756,382762,6,0
382756,382756,382762,6,0
382756,382756,382762,6,0
382756,382756,382762,6,0
382756,382756,382762,6,0
382756,382756,382762,6,0
382756,382757,382762,5,1
382756,382756,382762,6,0
382756,382756,382762,6,0
382756,382757,382762,5,1
382756,382756,382762,6,0
382756,382756,382762,6,0
382756,382756,382762,6,0
382756,382756,382762,6,0
382756,382762,382765,3,6
382756,382762,382766,4,6
382756,382762,382766,4,6
382756,382762,382766,4,6
382756,382762,382766,4,6
382756,382762,382766,4,6
382756,382762,382766,4,6
382756,382762,382766,4,6
382756,382762,382766,4,6
382756,382762,382766,4,6
382756,382762,382766,4,6
382756,382762,382766,4,6
382756,382762,382766,4,6
382756,382762,382766,4,6
382756,382762,382766,4,6
382756,382762,382766,4,6
382756,382762,382766,4,6
382756,382762,382766,4,6
382756,382762,382766,4,6
382756,382762,382766,4,6
382756,382762,382766,4,6
382756,382762,382766,4,6
382756,382762,382766,4,6
382756,382763,382766,3,7
382756,382763,382767,4,7
382756,382762,382766,4,6
382756,382762,382766,4,6
382756,382762,382766,4,6
382756,382762,382766,4,6
382756,382762,382766,4,6
382756,382763,382767,4,7
382756,382763,382767,4,7
382756,382763,382767,4,7
382756,382762,382766,4,6
382756,382762,382766,4,6
382756,382762,382766,4,6
382756,382762,382767,5,6
382756,382762,382766,4,6
382756,382762,382766,4,6
382756,382762,382766,4,6
382756,382763,382767,4,7
382756,382762,382766,4,6
382756,382762,382766,4,6
382756,382762,382766,4,6
382756,382762,382766,4,6
382756,382763,382766,3,7
382756,382763,382767,4,7
382756,382763,382767,4,7
382756,382763,382767,4,7
382756,382762,382766,4,6
382756,382762,382766,4,6
382756,382762,382766,4,6
382756,382762,382766,4,6
382756,382763,382766,3,7
382756,382763,382767,4,7
382756,382763,382767,4,7
382756,382762,382766,4,6
382756,382762,382766,4,6
382756,382762,382766,4,6
382756,382762,382767,5,6
382756,382763,382767,4,7
382756,382762,382766,4,6
382756,382763,382766,3,7
382756,382763,382766,3,7
382756,382762,382766,4,6
382756,382762,382766,4,6
382756,382762,382766,4,6
382756,382762,382766,4,6
382756,382762,382766,4,6
382756,382763,382767,4,7
382756,382762,382766,4,6
382756,382762,382766,4,6
382756,382762,382766,4,6
382756,382762,382766,4,6
382756,382763,382767,4,7
382756,382762,382766,4,6
382756,382762,382766,4,6
382756,382762,382766,4,6
382756,382763,382766,3,7
382756,382766,382768,2,10
382756,382766,382768,2,10
382756,382766,382768,2,10
382756,382763,382767,4,7
382756,382766,382768,2,10
382756,382766,382768,2,10
382756,382766,382767,1,10
382756,382766,382767,1,10
382756,382765,382767,2,9
382756,382766,382767,1,10
382756,382766,382768,2,10
382756,382766,382768,2,10
382756,382766,382768,2,10
382756,382766,382768,2,10
382756,382766,382768,2,10
382756,382766,382768,2,10
382756,382766,382768,2,10
382756,382766,382768,2,10
382756,382766,382768,2,10
382756,382767,382769,2,11
382756,382767,382769,2,11
382756,382767,382769,2,11
382756,382767,382769,2,11
382756,382766,382769,3,10
382756,382767,382769,2,11
382756,382767,382770,3,11
382756,382767,382769,2,11
382756,382767,382769,2,11
382756,382767,382769,2,11
382756,382767,382769,2,11
382756,382767,382770,3,11
382756,382767,382770,3,11
382756,382767,382770,3,11
382756,382767,382770,3,11
382756,382767,382769,2,11
382756,382767,382769,2,11
382756,382767,382769,2,11
382756,382767,382770,3,11
382756,382767,382770,3,11
382756,382767,382770,3,11
382756,382767,382770,3,11
382774,382774,382779,5,0
382774,382774,382779,5,0
382774,382774,382779,5,0
382774,382775,382779,4,1
382774,382775,382779,4,1
382774,382775,382779,4,1
382774,382775,382779,4,1
382774,382774,382779,5,0
382774,382775,382779,4,1
382774,382775,382779,4,1
382774,382775,382779,4,1
382774,382775,382779,4,1
382774,382775,382779,4,1
382774,382775,382780,5,1
382774,382774,382779,5,0
382774,382775,382779,4,1
382774,382775,382779,4,1
382774,382775,382779,4,1
382774,382775,382779,4,1
382774,382775,382779,4,1
382774,382774,382779,5,0
382774,382775,382779,4,1
382774,382775,382779,4,1
382774,382774,382779,5,0
382774,382775,382779,4,1
382774,382775,382779,4,1
382774,382775,382779,4,1
382774,382775,382779,4,1
382774,382775,382780,5,1
382774,382775,382779,4,1
382774,382775,382780,5,1
382774,382774,382779,5,0
382774,382775,382779,4,1
382774,382775,382779,4,1
382774,382775,382779,4,1
382774,382775,382779,4,1
382774,382775,382779,4,1
382774,382775,382779,4,1
382774,382774,382779,5,0
382774,382775,382779,4,1
382774,382775,382779,4,1
382774,382775,382779,4,1
382774,382775,382779,4,1
382774,382775,382779,4,1
382774,382774,382779,5,0
382774,382775,382779,4,1
382774,382775,382779,4,1
382774,382775,382779,4,1
382774,382775,382779,4,1
382774,382775,382779,4,1
382774,382775,382779,4,1
382774,382775,382779,4,1
382774,382775,382779,4,1
382774,382775,382779,4,1
382774,382775,382779,4,1
382774,382775,382779,4,1
382774,382775,382779,4,1
382774,382775,382779,4,1
382774,382775,382779,4,1
382774,382774,382779,5,0
382774,382775,382779,4,1
382774,382775,382779,4,1
382774,382775,382779,4,1
382774,382775,382779,4,1
382774,382775,382779,4,1
382774,382775,382779,4,1
382774,382775,382779,4,1
382774,382775,382780,5,1
382774,382775,382780,5,1
382774,382775,382780,5,1
382774,382775,382780,5,1
382774,382775,382780,5,1
382774,382775,382780,5,1
382774,382775,382780,5,1
382774,382779,382780,1,5
382774,382775,382780,5,1
382774,382775,382780,5,1
382774,382775,382780,5,1
382774,382775,382780,5,1
382774,382779,382780,1,5
382774,382775,382780,5,1
382774,382775,382780,5,1
382774,382779,382781,2,5
382774,382779,382781,2,5
382774,382779,382781,2,5
382774,382779,382781,2,5
382774,382779,382781,2,5
382774,382780,382784,4,6
382774,382780,382784,4,6
382774,382780,382785,5,6
382774,382780,382785,5,6
382774,382780,382785,5,6
382774,382780,382784,4,6
382774,382780,382784,4,6
382774,382780,382785,5,6
382774,382780,382784,4,6
382774,382780,382784,4,6
382774,382780,382784,4,6
382774,382780,382785,5,6
382774,382780,382785,5,6
382774,382780,382785,5,6
382774,382780,382785,5,6
382774,382780,382785,5,6
382774,382780,382784,4,6
382774,382780,382785,5,6
382774,382780,382785,5,6
382774,382780,382785,5,6
382774,382780,382785,5,6
382774,382780,382784,4,6
382774,382780,382784,4,6
382774,382780,382784,4,6
382774,382780,382785,5,6
382774,382780,382785,5,6
382774,382780,382784,4,6
382774,382780,382785,5,6
382774,382780,382784,4,6
382774,382780,382785,5,6
382774,382780,382784,4,6
382774,382780,382785,5,6
382774,382780,382785,5,6
382774,382780,382785,5,6
382774,382780,382784,4,6
382774,382781,382785,4,7
382774,382780,382785,5,6
382774,382780,382784,4,6
382774,382780,382784,4,6
382774,382780,382784,4,6
382774,382780,382784,4,6
382774,382780,382785,5,6
382774,382781,382785,4,7
382774,382781,382784,3,7
382774,382780,382784,4,6
382774,382780,382784,4,6
382774,382780,382784,4,6
382774,382780,382784,4,6
382774,382780,382785,5,6
382774,382780,382785,5,6
382774,382781,382785,4,7
382774,382781,382785,4,7
382774,382780,382785,5,6
382774,382780,382785,5,6
382774,382781,382785,4,7
382774,382780,382784,4,6
382774,382780,382785,5,6
382774,382780,382784,4,6
382774,382780,382785,5,6
382774,382780,382785,5,6
382774,382781,382785,4,7
382774,382781,382785,4,7
382774,382782,382785,3,8
382774,382782,382785,3,8
382774,382780,382785,5,6
382774,382781,382785,4,7
382774,382781,382786,5,7
382774,382781,382785,4,7
382774,382781,382785,4,7
382774,382781,382786,5,7
382774,382784,382786,2,10
382774,382781,382785,4,7
382774,382780,382785,5,6
382774,382780,382785,5,6
382774,382780,382785,5,6
382774,382781,382785,4,7
382774,382784,382786,2,10
382774,382780,382785,5,6
382774,382780,382785,5,6
382774,382780,382785,5,6
382774,382780,382785,5,6
382774,382782,382786,4,8
382774,382785,382786,1,11
382774,382785,382787,2,11
382774,382785,382787,2,11
382774,382785,382787,2,11
382774,382785,382787,2,11
382774,382785,382787,2,11
382774,382785,382787,2,11
382774,382785,382787,2,11
382774,382785,382787,2,11
382774,382785,382787,2,11
382774,382785,382787,2,11
382774,382786,382788,2,12
382774,382785,382787,2,11
382774,382785,382787,2,11
382774,382785,382788,3,11
382774,382785,382788,3,11
382774,382785,382788,3,11
382774,382785,382787,2,11
382774,382785,382788,3,11
382774,382785,382788,3,11
382774,382785,382788,3,11
382774,382785,382788,3,11
382774,382785,382788,3,11
382774,382785,382788,3,11
382774,382785,382788,3,11
382774,382785,382788,3,11
382774,382785,382788,3,11
382774,382785,382788,3,11
382774,382785,382788,3,11
382774,382785,382788,3,11
382774,382785,382788,3,11
382793,382793,382797,4,0
382793,382793,382798,5,0
382793,382793,382798,5,0
382793,382793,382798,5,0
382793,382793,382798,5,0
382793,382793,382798,5,0
382793,382793,382798,5,0
382793,382793,382798,5,0
382793,382793,382798,5,0
382793,382793,382798,5,0
382793,382793,382798,5,0
382793,382793,382798,5,0
382793,382793,382798,5,0
382793,382793,382797,4,0
382793,382793,382798,5,0
382793,382793,382798,5,0
382793,382793,382798,5,0
382793,382793,382798,5,0
382793,382793,382798,5,0
382793,382793,382798,5,0
382793,382793,382797,4,0
382793,382793,382798,5,0
382793,382793,382798,5,0
382793,382793,382798,5,0
382793,382793,382798,5,0
382793,382793,382798,5,0
382793,382793,382798,5,0
382793,382793,382798,5,0
382793,382793,382798,5,0
382793,382793,382798,5,0
382793,382793,382797,4,0
382793,382793,382797,4,0
382793,382793,382798,5,0
382793,382793,382798,5,0
382793,382793,382798,5,0
382793,382793,382798,5,0
382793,382793,382798,5,0
382793,382793,382797,4,0
382793,382793,382797,4,0
382793,382793,382798,5,0
382793,382793,382798,5,0
382793,382793,382798,5,0
382793,382793,382798,5,0
382793,382793,382798,5,0
382793,382793,382797,4,0
382793,382793,382798,5,0
382793,382793,382798,5,0
382793,382793,382798,5,0
382793,382793,382798,5,0
382793,382793,382797,4,0
382793,382793,382798,5,0
382793,382793,382798,5,0
382793,382793,382798,5,0
382793,382793,382798,5,0
382793,382793,382798,5,0
382793,382793,382798,5,0
382793,382793,382797,4,0
382793,382793,382798,5,0
382793,382793,382798,5,0
382793,382793,382798,5,0
382793,382793,382798,5,0
382793,382793,382798,5,0
382793,382793,382798,5,0
382793,382793,382798,5,0
382793,382793,382798,5,0
382793,382793,382798,5,0
382793,382793,382798,5,0
382793,382793,382798,5,0
382793,382793,382799,6,0
382793,382793,382799,6,0
382793,382793,382799,6,0
382793,382793,382799,6,0
382793,382793,382799,6,0
382793,382793,382799,6,0
382793,382793,382799,6,0
382793,382793,382799,6,0
382793,382793,382799,6,0
382793,382793,382799,6,0
382793,382793,382799,6,0
382793,382793,382799,6,0
382793,382799,382803,4,6
382793,382799,382803,4,6
382793,382799,382803,4,6
382793,382799,382804,5,6
382793,382799,382803,4,6
382793,382799,382804,5,6
382793,382798,382803,5,5
382793,382799,382803,4,6
382793,382799,382803,4,6
382793,382799,382803,4,6
382793,382799,382803,4,6
382793,382799,382804,5,6
382793,382799,382804,5,6
382793,382799,382804,5,6
382793,382799,382804,5,6
382793,382799,382804,5,6
382793,382799,382804,5,6
382793,382799,382804,5,6
382793,382799,382803,4,6
382793,382799,382803,4,6
382793,382799,382803,4,6
382793,382799,382803,4,6
382793,382799,382804,5,6
382793,382799,382804,5,6
382793,382799,382803,4,6
382793,382799,382803,4,6
382793,382799,382803,4,6
382793,382799,382803,4,6
382793,382799,382803,4,6
382793,382799,382803,4,6
382793,382799,382803,4,6
382793,382799,382803,4,6
382793,382800,382803,3,7
382793,382799,382803,4,6
382793,382799,382803,4,6
382793,382799,382803,4,6
382793,382799,382803,4,6
382793,382799,382804,5,6
382793,382799,382803,4,6
382793,382799,382803,4,6
382793,382800,382803,3,7
382793,382799,382803,4,6
382793,382799,382803,4,6
382793,382799,382803,4,6
382793,382799,382804,5,6
382793,382799,382803,4,6
382793,382799,382803,4,6
382793,382800,382804,4,7
382793,382800,382804,4,7
382793,382799,382804,5,6
382793,382799,382804,5,6
382793,382799,382804,5,6
382793,382799,382805,6,6
382793,382799,382805,6,6
382793,382799,382804,5,6
382793,382799,382804,5,6
382793,382799,382804,5,6
382793,382799,382804,5,6
382793,382799,382804,5,6
382793,382800,382804,4,7
382793,382800,382805,5,7
382793,382800,382805,5,7
382793,382799,382804,5,6
382793,382799,382804,5,6
382793,382799,382804,5,6
382793,382799,382804,5,6
382793,382799,382805,6,6
382793,382800,382805,5,7
382793,382799,382804,5,6
382793,382799,382804,5,6
382793,382799,382805,6,6
382793,382800,382805,5,7
382793,382800,382805,5,7
382793,382799,382804,5,6
382793,382799,382804,5,6
382793,382799,382804,5,6
382793,382800,382804,4,7
382793,382799,382805,6,6
382793,382799,382805,6,6
382793,382800,382805,5,7
382793,382804,382805,1,11
382793,382804,382805,1,11
382793,382804,382806,2,11
382793,382804,382806,2,11
382793,382804,382806,2,11
382793,382804,382806,2,11
382793,382804,382806,2,11
382793,382804,382807,3,11
382793,382804,382806,2,11
382793,382804,382807,3,11
382793,382804,382807,3,11
382793,382804,382806,2,11
382793,382804,382806,2,11
382793,382804,382807,3,11
382793,382804,382806,2,11
382793,382804,382807,3,11
382793,382804,382806,2,11
382793,382804,382806,2,11
382793,382804,382806,2,11
382793,382804,382806,2,11
382793,382804,382807,3,11
382793,382804,382807,3,11
382793,382804,382806,2,11
382793,382804,382807,3,11
382793,382804,382807,3,11
382793,382804,382807,3,11
382793,382804,382807,3,11
382793,382804,382807,3,11
382793,382804,382807,3,11
382793,382804,382807,3,11
382793,382804,382807,3,11
382793,382804,382807,3,11
382793,382804,382807,3,11
382793,382804,382807,3,11
382793,382804,382807,3,11
382793,382804,382807,3,11
382793,382804,382807,3,11
382793,382804,382807,3,11
382793,382804,382807,3,11
382793,382804,382807,3,11
382812,382812,382816,4,0
382812,382812,382816,4,0
382812,382812,382817,5,0
382812,382812,382816,4,0
382812,382812,382817,5,0
382812,382812,382817,5,0
382812,382812,382817,5,0
382812,382812,382816,4,0
382812,382812,382816,4,0
382812,382812,382817,5,0
382812,382812,382816,4,0
382812,382812,382816,4,0
382812,382812,382817,5,0
382812,382812,382817,5,0
382812,382812,382816,4,0
382812,382812,382816,4,0
382812,382812,382816,4,0
382812,382812,382817,5,0
382812,382812,382816,4,0
382812,382812,382817,5,0
382812,382812,382816,4,0
382812,382812,382816,4,0
382812,382812,382816,4,0
382812,382812,382816,4,0
382812,382812,382817,5,0
382812,382812,382817,5,0
382812,382812,382816,4,0
382812,382812,382816,4,0
382812,382812,382816,4,0
382812,382812,382816,4,0
382812,382812,382816,4,0
382812,382812,382817,5,0
382812,382812,382817,5,0
382812,382812,382816,4,0
382812,382812,382817,5,0
382812,382812,382816,4,0
382812,382812,382817,5,0
382812,382812,382817,5,0
382812,382812,382817,5,0
382812,382812,382817,5,0
382812,382812,382816,4,0
382812,382812,382816,4,0
382812,382812,382816,4,0
382812,382812,382816,4,0
382812,382812,382817,5,0
382812,382812,382817,5,0
382812,382812,382817,5,0
382812,382812,382816,4,0
382812,382812,382816,4,0
382812,382812,382816,4,0
382812,382812,382816,4,0
382812,382812,382816,4,0
382812,382812,382817,5,0
382812,382812,382817,5,0
382812,382812,382817,5,0
382812,382812,382816,4,0
382812,382812,382816,4,0
382812,382812,382817,5,0
382812,382812,382816,4,0
382812,382812,382817,5,0
382812,382812,382817,5,0
382812,382812,382816,4,0
382812,382812,382816,4,0
382812,382812,382817,5,0
382812,382812,382817,5,0
382812,382812,382816,4,0
382812,382812,382817,5,0
382812,382812,382817,5,0
382812,382812,382817,5,0
382812,382812,382817,5,0
382812,382812,382817,5,0
382812,382812,382817,5,0
382812,382812,382817,5,0
382812,382812,382817,5,0
382812,382812,382817,5,0
382812,382812,382817,5,0
382812,382812,382817,5,0
382812,382812,382817,5,0
382812,382812,382817,5,0
382812,382812,382817,5,0
382812,382817,382822,5,5
382812,382817,382822,5,5
382812,382817,382822,5,5
382812,382817,382822,5,5
382812,382817,382822,5,5
382812,382817,382822,5,5
382812,382817,382822,5,5
382812,382817,382822,5,5
382812,382817,382822,5,5
382812,382817,382822,5,5
382812,382817,382822,5,5
382812,382817,382822,5,5
382812,382817,382822,5,5
382812,382817,382822,5,5
382812,382817,382822,5,5
382812,382817,382822,5,5
382812,382817,382822,5,5
382812,382817,382822,5,5
382812,382817,382822,5,5
382812,382817,382822,5,5
382812,382817,382822,5,5
382812,382817,382822,5,5
382812,382817,382822,5,5
382812,382817,382822,5,5
382812,382817,382822,5,5
382812,382817,382822,5,5
382812,382817,382822,5,5
382812,382817,382822,5,5
382812,382817,382822,5,5
382812,382817,382822,5,5
382812,382817,382822,5,5
382812,382817,382822,5,5
382812,382817,382822,5,5
382812,382817,382822,5,5
382812,382817,382822,5,5
382812,382817,382822,5,5
382812,382819,382822,3,7
382812,382817,382822,5,5
382812,382817,382822,5,5
382812,382817,382822,5,5
382812,382817,382822,5,5
382812,382817,382822,5,5
382812,382817,382822,5,5
382812,382819,382822,3,7
382812,382817,382822,5,5
382812,382817,382822,5,5
382812,382817,382822,5,5
382812,382817,382822,5,5
382812,382817,382822,5,5
382812,382817,382822,5,5
382812,382819,382822,3,7
382812,382819,382822,3,7
382812,382817,382823,6,5
382812,382817,382823,6,5
382812,382817,382823,6,5
382812,382817,382823,6,5
382812,382818,382823,5,6
382812,382817,382823,6,5
382812,382817,382823,6,5
382812,382817,382823,6,5
382812,382817,382823,6,5
382812,382817,382823,6,5
382812,382817,382823,6,5
382812,382817,382823,6,5
382812,382817,382823,6,5
382812,382819,382823,4,7
382812,382817,382823,6,5
382812,382817,382823,6,5
382812,382817,382823,6,5
382812,382819,382823,4,7
382812,382817,382823,6,5
382812,382817,382823,6,5
382812,382819,382823,4,7
382812,382819,382823,4,7
382812,382817,382823,6,5
382812,382819,382823,4,7
382812,382817,382823,6,5
382812,382817,382823,6,5
382812,382819,382823,4,7
382812,382819,382823,4,7
382812,382823,382824,1,11
382812,382823,382824,1,11
382812,382823,382825,2,11
382812,382823,382825,2,11
382812,382823,382825,2,11
382812,382823,382825,2,11
382812,382823,382825,2,11
382812,382823,382825,2,11
382812,382823,382825,2,11
382812,382823,382825,2,11
382812,382823,382825,2,11
382812,382823,382825,2,11
382812,382823,382825,2,11
382812,382823,382825,2,11
382812,382823,382826,3,11
382812,382823,382825,2,11
382812,382823,382825,2,11
382812,382823,382826,3,11
382812,382823,382826,3,11
382812,382823,382826,3,11
382812,382823,382826,3,11
382812,382823,382826,3,11
382812,382823,382826,3,11
382812,382823,382826,3,11
382812,382823,382826,3,11
382812,382823,382825,2,11
382812,382823,382825,2,11
382812,382823,382826,3,11
382812,382823,382826,3,11
382812,382823,382825,2,11
382812,382823,382826,3,11
382812,382823,382825,2,11
382812,382823,382825,2,11
382812,382823,382825,2,11
382812,382823,382825,2,11
382812,382823,382826,3,11
382812,382823,382825,2,11
382812,382823,382825,2,11
382812,382823,382825,2,11
382812,382823,382826,3,11
382830,382830,382834,4,0
382830,382830,382835,5,0
382830,382830,382834,4,0
382830,382830,382834,4,0
382830,382830,382834,4,0
382830,382830,382835,5,0
382830,382830,382834,4,0
382830,382830,382835,5,0
382830,382830,382834,4,0
382830,382830,382834,4,0
382830,382830,382834,4,0
382830,382830,382834,4,0
382830,382830,382834,4,0
382830,382830,382834,4,0
382830,382830,382835,5,0
382830,382830,382834,4,0
382830,382830,382834,4,0
382830,382830,382834,4,0
382830,382830,382834,4,0
382830,382830,382834,4,0
382830,382830,382834,4,0
382830,382830,382835,5,0
382830,382830,382834,4,0
382830,382830,382835,5,0
382830,382830,382834,4,0
382830,382830,382834,4,0
382830,382830,382834,4,0
382830,382830,382834,4,0
382830,382830,382834,4,0
382830,382830,382834,4,0
382830,382830,382835,5,0
382830,382830,382834,4,0
382830,382830,382834,4,0
382830,382830,382834,4,0
382830,382830,382834,4,0
382830,382830,382835,5,0
382830,382830,382835,5,0
382830,382830,382835,5,0
382830,382830,382834,4,0
382830,382830,382834,4,0
382830,382830,382835,5,0
382830,382830,382834,4,0
382830,382830,382834,4,0
382830,382830,382835,5,0
382830,382830,382834,4,0
382830,382830,382834,4,0
382830,382830,382834,4,0
382830,382830,382834,4,0
382830,382830,382834,4,0
382830,382830,382834,4,0
382830,382830,382834,4,0
382830,382830,382834,4,0
382830,382830,382834,4,0
382830,382830,382834,4,0
382830,382830,382834,4,0
382830,382830,382835,5,0
382830,382830,382834,4,0
382830,382830,382834,4,0
382830,382830,382835,5,0
382830,382830,382834,4,0
382830,382830,382835,5,0
382830,382830,382835,5,0
382830,382830,382835,5,0
382830,382830,382835,5,0
382830,382830,382835,5,0
382830,382830,382835,5,0
382830,382830,382835,5,0
382830,382830,382835,5,0
382830,382830,382835,5,0
382830,382830,382835,5,0
382830,382830,382835,5,0
382830,382830,382835,5,0
382830,382830,382835,5,0
382830,382830,382835,5,0
382830,382830,382836,6,0
382830,382830,382835,5,0
382830,382830,382835,5,0
382830,382830,382835,5,0
382830,382830,382835,5,0
382830,382830,382835,5,0
382830,382835,382839,4,5
382830,382835,382840,5,5
382830,382835,382840,5,5
382830,382835,382840,5,5
382830,382835,382840,5,5
382830,382835,382840,5,5
382830,382835,382840,5,5
382830,382835,382840,5,5
382830,382835,382840,5,5
382830,382835,382840,5,5
382830,382835,382840,5,5
382830,382835,382840,5,5
382830,382835,382840,5,5
382830,382835,382840,5,5
382830,382835,382840,5,5
382830,382835,382840,5,5
382830,382835,382840,5,5
382830,382835,382840,5,5
382830,382835,382840,5,5
382830,382835,382840,5,5
382830,382835,382840,5,5
382830,382835,382840,5,5
382830,382835,382840,5,5
382830,382835,382840,5,5
382830,382835,382840,5,5
382830,382835,382840,5,5
382830,382835,382840,5,5
382830,382835,382840,5,5
382830,382835,382840,5,5
382830,382835,382840,5,5
382830,382835,382840,5,5
382830,382835,382840,5,5
382830,382836,382840,4,6
382830,382835,382840,5,5
382830,382835,382840,5,5
382830,382835,382840,5,5
382830,382835,382840,5,5
382830,382835,382840,5,5
382830,382835,382840,5,5
382830,382835,382840,5,5
382830,382835,382840,5,5
382830,382835,382840,5,5
382830,382835,382840,5,5
382830,382835,382840,5,5
382830,382835,382840,5,5
382830,382835,382840,5,5
382830,382836,382840,4,6
382830,382835,382840,5,5
382830,382835,382840,5,5
382830,382835,382840,5,5
382830,382835,382840,5,5
382830,382835,382840,5,5
382830,382835,382840,5,5
382830,382835,382840,5,5
382830,382835,382840,5,5
382830,382835,382841,6,5
382830,382835,382841,6,5
382830,382835,382840,5,5
382830,382835,382840,5,5
382830,382835,382840,5,5
382830,382835,382841,6,5
382830,382836,382841,5,6
382830,382836,382841,5,6
382830,382836,382841,5,6
382830,382836,382841,5,6
382830,382836,382841,5,6
382830,382836,382841,5,6
382830,382839,382841,2,9
382830,382836,382841,5,6
382830,382835,382841,6,5
382830,382835,382841,6,5
382830,382836,382841,5,6
382830,382836,382841,5,6
382830,382836,382841,5,6
382830,382836,382841,5,6
382830,382836,382841,5,6
382830,382836,382841,5,6
382830,382836,382841,5,6
382830,382836,382841,5,6
382830,382836,382841,5,6
382830,382836,382841,5,6
382830,382840,382842,2,10
382830,382840,382843,3,10
382830,382840,382843,3,10
382830,382841,382843,2,11
382830,382841,382843,2,11
382830,382841,382843,2,11
382830,382841,382843,2,11
382830,382841,382843,2,11
382830,382841,382843,2,11
382830,382841,382843,2,11
382830,382841,382844,3,11
382830,382841,382843,2,11
382830,382841,382843,2,11
382830,382841,382843,2,11
382830,382841,382843,2,11
382830,382841,382843,2,11
382830,382841,382844,3,11
382830,382841,382843,2,11
382830,382841,382843,2,11
382830,382841,382844,3,11
382830,382841,382843,2,11
382830,382841,382844,3,11
382830,382841,382843,2,11
382830,382841,382843,2,11
382830,382841,382844,3,11
382830,382841,382843,2,11
382830,382841,382843,2,11
382830,382841,382844,3,11
382830,382841,382844,3,11
382830,382841,382844,3,11
382830,382841,382844,3,11
382830,382841,382844,3,11
382830,382841,382844,3,11
382830,382841,382844,3,11
382830,382841,382844,3,11
382830,382841,382844,3,11
382830,382841,382844,3,11
382830,382841,382844,3,11
382830,382841,382844,3,11
382848,382848,382852,4,0
382848,382848,382852,4,0
382848,382848,382853,5,0
382848,382848,382852,4,0
382848,382848,382852,4,0
382848,382848,382853,5,0
382848,382848,382853,5,0
382848,382848,382853,5,0
382848,382848,382853,5,0
382848,382848,382853,5,0
382848,382848,382853,5,0
382848,382848,382853,5,0
382848,382848,382853,5,0
382848,382848,382853,5,0
382848,382848,382853,5,0
382848,382848,382853,5,0
382848,382848,382853,5,0
382848,382848,382853,5,0
382848,382848,382853,5,0
382848,382848,382853,5,0
382848,382848,382853,5,0
382848,382848,382853,5,0
382848,382848,382853,5,0
382848,382848,382853,5,0
382848,382848,382853,5,0
382848,382848,382853,5,0
382848,382848,382854,6,0
382848,382848,382853,5,0
382848,382848,382853,5,0
382848,382848,382853,5,0
382848,382848,382853,5,0
382848,382848,382853,5,0
382848,382848,382853,5,0
382848,382848,382853,5,0
382848,382848,382853,5,0
382848,382848,382853,5,0
382848,382848,382853,5,0
382848,382848,382853,5,0
382848,382849,382853,4,1
382848,382848,382853,5,0
382848,382848,382853,5,0
382848,382848,382853,5,0
382848,382848,382853,5,0
382848,382848,382853,5,0
382848,382848,382853,5,0
382848,382848,382853,5,0
382848,382848,382853,5,0
382848,382848,382853,5,0
382848,382848,382853,5,0
382848,382848,382853,5,0
382848,382848,382853,5,0
382848,382848,382853,5,0
382848,382848,382853,5,0
382848,382848,382853,5,0
382848,382848,382853,5,0
382848,382848,382853,5,0
382848,382848,382853,5,0
382848,382848,382853,5,0
382848,382848,382853,5,0
382848,382848,382853,5,0
382848,382849,382854,5,1
382848,382848,382854,6,0
382848,382848,382854,6,0
382848,382848,382854,6,0
382848,382849,382854,5,1
382848,382849,382854,5,1
382848,382848,382854,6,0
382848,382849,382854,5,1
382848,382848,382854,6,0
382848,382849,382854,5,1
382848,382849,382854,5,1
382848,382849,382854,5,1
382848,382849,382854,5,1
382848,382849,382854,5,1
382848,382849,382854,5,1
382848,382849,382854,5,1
382848,382853,382854,1,5
382848,382849,382854,5,1
382848,382849,382854,5,1
382848,382853,382854,1,5
382848,382849,382854,5,1
382848,382853,382854,1,5
382848,382853,382854,1,5
382848,382853,382854,1,5
382848,382849,382854,5,1
382848,382854,382857,3,6
382848,382854,382858,4,6
382848,382854,382859,5,6
382848,382854,382858,4,6
382848,382854,382859,5,6
382848,382854,382859,5,6
382848,382854,382859,5,6
382848,382855,382859,4,7
382848,382854,382859,5,6
382848,382854,382858,4,6
382848,382854,382858,4,6
382848,382854,382859,5,6
382848,382854,382859,5,6
382848,382854,382858,4,6
382848,382854,382858,4,6
382848,382854,382859,5,6
382848,382854,382859,5,6
382848,382854,382859,5,6
382848,382854,382859,5,6
382848,382854,382859,5,6
382848,382854,382859,5,6
382848,382854,382859,5,6
382848,382854,382859,5,6
382848,382855,382859,4,7
382848,382854,382859,5,6
382848,382854,382859,5,6
382848,382854,382859,5,6
382848,382854,382859,5,6
382848,382854,382859,5,6
382848,382854,382858,4,6
382848,382854,382859,5,6
382848,382854,382859,5,6
382848,382854,382859,5,6
382848,382854,382858,4,6
382848,382854,382859,5,6
382848,382855,382859,4,7
382848,382855,382859,4,7
382848,382854,382859,5,6
382848,382854,382859,5,6
382848,382854,382859,5,6
382848,382854,382859,5,6
382848,382854,382859,5,6
382848,382854,382859,5,6
382848,382854,382859,5,6
382848,382854,382859,5,6
382848,382854,382859,5,6
382848,382854,382859,5,6
382848,382854,382859,5,6
382848,382854,382859,5,6
382848,382854,382859,5,6
382848,382854,382859,5,6
382848,382854,382859,5,6
382848,382854,382859,5,6
382848,382854,382859,5,6
382848,382854,382859,5,6
382848,382854,382859,5,6
382848,382854,382859,5,6
382848,382854,382859,5,6
382848,382854,382859,5,6
382848,382854,382859,5,6
382848,382855,382859,4,7
382848,382855,382859,4,7
382848,382855,382859,4,7
382848,382855,382859,4,7
382848,382855,382859,4,7
382848,382855,382859,4,7
382848,382855,382859,4,7
382848,382855,382859,4,7
382848,382855,382859,4,7
382848,382855,382860,5,7
382848,382855,382860,5,7
382848,382855,382859,4,7
382848,382855,382859,4,7
382848,382855,382860,5,7
382848,382855,382859,4,7
382848,382855,382859,4,7
382848,382855,382859,4,7
382848,382855,382859,4,7
382848,382855,382859,4,7
382848,382855,382860,5,7
382848,382857,382860,3,9
382848,382859,382861,2,11
382848,382859,382861,2,11
382848,382859,382861,2,11
382848,382859,382861,2,11
382848,382859,382861,2,11
382848,382859,382861,2,11
382848,382859,382861,2,11
382848,382859,382861,2,11
382848,382859,382862,3,11
382848,382859,382862,3,11
382848,382859,382861,2,11
382848,382859,382862,3,11
382848,382859,382862,3,11
382848,382859,382862,3,11
382848,382859,382862,3,11
382848,382859,382861,2,11
382848,382859,382861,2,11
382848,382859,382862,3,11
382848,382859,382861,2,11
382848,382859,382862,3,11
382848,382859,382861,2,11
382848,382859,382862,3,11
382848,382859,382862,3,11
382848,382859,382862,3,11
382848,382859,382862,3,11
382848,382859,382862,3,11
382848,382859,382862,3,11
382848,382859,382862,3,11
382848,382859,382862,3,11
382848,382859,382862,3,11
382848,382859,382862,3,11
382848,382859,382862,3,11
382848,382859,382862,3,11
382848,382859,382862,3,11
382866,382866,382870,4,0
382866,382866,382871,5,0
382866,382866,382871,5,0
382866,382866,382871,5,0
382866,382866,382871,5,0
382866,382866,382871,5,0
382866,382866,382871,5,0
382866,382866,382871,5,0
382866,382866,382871,5,0
382866,382866,382871,5,0
382866,382866,382871,5,0
382866,382866,382871,5,0
382866,382866,382871,5,0
382866,382866,382871,5,0
382866,382866,382871,5,0
382866,382866,382871,5,0
382866,382866,382871,5,0
382866,382866,382871,5,0
382866,382866,382871,5,0
382866,382866,382871,5,0
382866,382866,382871,5,0
382866,382866,382871,5,0
382866,382866,382871,5,0
382866,382866,382871,5,0
382866,382866,382871,5,0
382866,382866,382871,5,0
382866,382866,382871,5,0
382866,382866,382871,5,0
382866,382866,382871,5,0
382866,382866,382871,5,0
382866,382866,382871,5,0
382866,382866,382871,5,0
382866,382866,382871,5,0
382866,382866,382871,5,0
382866,382866,382871,5,0
382866,382866,382871,5,0
382866,382866,382871,5,0
382866,382866,382871,5,0
382866,382866,382871,5,0
382866,382866,382871,5,0
382866,382866,382871,5,0
382866,382866,382871,5,0
382866,382866,382871,5,0
382866,382866,382871,5,0
382866,382866,382871,5,0
382866,382866,382871,5,0
382866,382866,382871,5,0
382866,382866,382872,6,0
382866,382866,382872,6,0
382866,382866,382872,6,0
382866,382866,382872,6,0
382866,382866,382872,6,0
382866,382866,382872,6,0
382866,382866,382872,6,0
382866,382866,382872,6,0
382866,382866,382872,6,0
382866,382866,382872,6,0
382866,382866,382872,6,0
382866,382866,382872,6,0
382866,382866,382872,6,0
382866,382866,382872,6,0
382866,382866,382872,6,0
382866,382866,382872,6,0
382866,382866,382872,6,0
382866,382866,382872,6,0
382866,382866,382872,6,0
382866,382866,382872,6,0
382866,382866,382872,6,0
382866,382866,382872,6,0
382866,382866,382872,6,0
382866,382866,382873,7,0
382866,382866,382873,7,0
382866,382866,382873,7,0
382866,382866,382873,7,0
382866,382866,382873,7,0
382866,382870,382873,3,4
382866,382866,382873,7,0
382866,382866,382873,7,0
382866,382866,382873,7,0
382866,382866,382873,7,0
382866,382866,382873,7,0
382866,382872,382875,3,6
382866,382872,382876,4,6
382866,382872,382876,4,6
382866,382872,382876,4,6
382866,382872,382876,4,6
382866,382872,382876,4,6
382866,382872,382876,4,6
382866,382872,382876,4,6
382866,382872,382876,4,6
382866,382872,382876,4,6
382866,382872,382876,4,6
382866,382872,382876,4,6
382866,382872,382876,4,6
382866,382872,382876,4,6
382866,382872,382876,4,6
382866,382872,382876,4,6
382866,382872,382876,4,6
382866,382872,382876,4,6
382866,382872,382876,4,6
382866,382872,382876,4,6
382866,382873,382877,4,7
382866,382873,382877,4,7
382866,382873,382877,4,7
382866,382872,382876,4,6
382866,382872,382876,4,6
382866,382872,382876,4,6
382866,382872,382876,4,6
382866,382872,382876,4,6
382866,382873,382877,4,7
382866,382873,382877,4,7
382866,382872,382876,4,6
382866,382872,382876,4,6
382866,382872,382876,4,6
382866,382872,382876,4,6
382866,382872,382876,4,6
382866,382873,382877,4,7
382866,382874,382877,3,8
382866,382872,382876,4,6
382866,382872,382876,4,6
382866,382872,382876,4,6
382866,382872,382876,4,6
382866,382872,382876,4,6
382866,382873,382877,4,7
382866,382873,382877,4,7
382866,382872,382876,4,6
382866,382872,382876,4,6
382866,382872,382876,4,6
382866,382872,382876,4,6
382866,382872,382876,4,6
382866,382873,382877,4,7
382866,382873,382877,4,7
382866,382872,382876,4,6
382866,382872,382876,4,6
382866,382873,382876,3,7
382866,382873,382876,3,7
382866,382873,382876,3,7
382866,382872,382876,4,6
382866,382872,382876,4,6
382866,382872,382876,4,6
382866,382872,382876,4,6
382866,382873,382876,3,7
382866,382873,382876,3,7
382866,382872,382876,4,6
382866,382872,382876,4,6
382866,382873,382876,3,7
382866,382874,382877,3,8
382866,382874,382877,3,8
382866,382872,382876,4,6
382866,382873,382876,3,7
382866,382873,382876,3,7
382866,382873,382876,3,7
382866,382873,382877,4,7
382866,382874,382877,3,8
382866,382874,382877,3,8
382866,382874,382878,4,8
382866,382874,382877,3,8
382866,382874,382877,3,8
382866,382874,382877,3,8
382866,382876,382878,2,10
382866,382874,382877,3,8
382866,382876,382878,2,10
382866,382876,382878,2,10
382866,382876,382878,2,10
382866,382876,382878,2,10
382866,382876,382878,2,10
382866,382874,382877,3,8
382866,382875,382877,2,9
382866,382876,382878,2,10
382866,382876,382878,2,10
382866,382876,382878,2,10
382866,382876,382878,2,10
382866,382876,382878,2,10
382866,382877,382878,1,11
382866,382877,382878,1,11
382866,382877,382878,1,11
382866,382877,382879,2,11
382866,382877,382879,2,11
382866,382877,382879,2,11
382866,382877,382879,2,11
382866,382877,382879,2,11
382866,382877,382879,2,11
382866,382877,382879,2,11
382866,382877,382879,2,11
382866,382877,382880,3,11
382866,382877,382880,3,11
382866,382877,382879,2,11
382866,382877,382880,3,11
382866,382877,382880,3,11
382866,382877,382880,3,11
382866,382877,382879,2,11
382866,382877,382880,3,11
382866,382877,382879,2,11
382866,382877,382880,3,11
382866,382877,382880,3,11
382866,382877,382879,2,11
382866,382877,382880,3,11
382866,382877,382879,2,11
382866,382877,382880,3,11
382866,382877,382880,3,11
382885,382885,382889,4,0
382885,382885,382889,4,0
382885,382885,382889,4,0
382885,382885,382889,4,0
382885,382885,382889,4,0
382885,382885,382890,5,0
382885,382885,382890,5,0
382885,382885,382889,4,0
382885,382885,382890,5,0
382885,382885,382889,4,0
382885,382885,382889,4,0
382885,382885,382889,4,0
382885,382885,382889,4,0
382885,382885,382889,4,0
382885,382885,382889,4,0
382885,382885,382889,4,0
382885,382885,382890,5,0
382885,382885,382890,5,0
382885,382885,382889,4,0
382885,382885,382889,4,0
382885,382885,382889,4,0
382885,382885,382889,4,0
382885,382885,382889,4,0
382885,382885,382889,4,0
382885,382885,382889,4,0
382885,382885,382889,4,0
382885,382885,382889,4,0
382885,382885,382889,4,0
382885,382885,382889,4,0
382885,382885,382889,4,0
382885,382885,382889,4,0
382885,382885,382889,4,0
382885,382885,382889,4,0
382885,382885,382889,4,0
382885,382885,382889,4,0
382885,382885,382889,4,0
382885,382885,382889,4,0
382885,382885,382889,4,0
382885,382885,382889,4,0
382885,382885,382889,4,0
382885,382885,382889,4,0
382885,382885,382889,4,0
382885,382885,382889,4,0
382885,382885,382889,4,0
382885,382885,382889,4,0
382885,382885,382890,5,0
382885,382885,382890,5,0
382885,382885,382889,4,0
382885,382885,382889,4,0
382885,382885,382889,4,0
382885,382885,382890,5,0
382885,382885,382889,4,0
382885,382885,382890,5,0
382885,382885,382890,5,0
382885,382885,382889,4,0
382885,382885,382889,4,0
382885,382885,382889,4,0
382885,382885,382889,4,0
382885,382885,382889,4,0
382885,382885,382890,5,0
382885,382885,382890,5,0
382885,382885,382890,5,0
382885,382885,382889,4,0
382885,382885,382889,4,0
382885,382885,382889,4,0
382885,382885,382889,4,0
382885,382885,382889,4,0
382885,382885,382890,5,0
382885,382885,382889,4,0
382885,382885,382890,5,0
382885,382885,382890,5,0
382885,382885,382890,5,0
382885,382885,382890,5,0
382885,382885,382890,5,0
382885,382885,382890,5,0
382885,382885,382890,5,0
382885,382885,382890,5,0
382885,382885,382890,5,0
382885,382885,382890,5,0
382885,382885,382890,5,0
382885,382890,382895,5,5
382885,382890,382895,5,5
382885,382890,382895,5,5
382885,382890,382895,5,5
382885,382890,382895,5,5
382885,382890,382895,5,5
382885,382890,382895,5,5
382885,382890,382895,5,5
382885,382890,382895,5,5
382885,382890,382895,5,5
382885,382890,382895,5,5
382885,382890,382895,5,5
382885,382890,382895,5,5
382885,382890,382895,5,5
382885,382890,382895,5,5
382885,382890,382895,5,5
382885,382890,382895,5,5
382885,382890,382895,5,5
382885,382890,382895,5,5
382885,382890,382895,5,5
382885,382890,382895,5,5
382885,382890,382895,5,5
382885,382890,382895,5,5
382885,382890,382895,5,5
382885,382890,382895,5,5
382885,382890,382895,5,5
382885,382890,382895,5,5
382885,382890,382895,5,5
382885,382890,382895,5,5
382885,382890,382895,5,5
382885,382890,382895,5,5
382885,382890,382895,5,5
382885,382890,382895,5,5
382885,382890,382895,5,5
382885,382890,382895,5,5
382885,382890,382895,5,5
382885,382890,382895,5,5
382885,382890,382895,5,5
382885,382890,382895,5,5
382885,382890,382895,5,5
382885,382890,382895,5,5
382885,382890,382895,5,5
382885,382890,382895,5,5
382885,382890,382895,5,5
382885,382890,382895,5,5
382885,382890,382895,5,5
382885,382890,382896,6,5
382885,382890,382895,5,5
382885,382890,382896,6,5
382885,382890,382896,6,5
382885,382890,382896,6,5
382885,382890,382896,6,5
382885,382890,382896,6,5
382885,382890,382896,6,5
382885,382892,382896,4,7
382885,382890,382896,6,5
382885,382890,382896,6,5
382885,382890,382896,6,5
382885,382891,382896,5,6
382885,382892,382896,4,7
382885,382892,382896,4,7
382885,382892,382897,5,7
382885,382890,382896,6,5
382885,382890,382896,6,5
382885,382890,382896,6,5
382885,382890,382896,6,5
382885,382890,382896,6,5
382885,382890,382896,6,5
382885,382890,382896,6,5
382885,382890,382896,6,5
382885,382892,382896,4,7
382885,382890,382896,6,5
382885,382890,382896,6,5
382885,382890,382896,6,5
382885,382890,382896,6,5
382885,382890,382896,6,5
382885,382892,382897,5,7
382885,382892,382897,5,7
382885,382892,382897,5,7
382885,382896,382898,2,11
382885,382896,382898,2,11
382885,382892,382897,5,7
382885,382896,382898,2,11
382885,382896,382898,2,11
382885,382896,382898,2,11
382885,382896,382898,2,11
382885,382896,382898,2,11
382885,382896,382898,2,11
382885,382896,382898,2,11
382885,382896,382899,3,11
382885,382896,382899,3,11
382885,382896,382898,2,11
382885,382896,382899,3,11
382885,382896,382898,2,11
382885,382896,382898,2,11
382885,382896,382898,2,11
382885,382896,382899,3,11
382885,382896,382898,2,11
382885,382896,382898,2,11
382885,382896,382898,2,11
382885,382896,382898,2,11
382885,382896,382898,2,11
382885,382896,382898,2,11
382885,382896,382898,2,11
382885,382896,382898,2,11
382885,382896,382898,2,11
382885,382896,382898,2,11
382885,382896,382898,2,11
382885,382896,382899,3,11
382885,382896,382898,2,11
382885,382896,382898,2,11
382885,382896,382898,2,11
382885,382896,382898,2,11
382885,382896,382899,3,11
382885,382896,382899,3,11
382885,382896,382899,3,11
382885,382896,382899,3,11
382885,382896,382899,3,11
382885,382896,382899,3,11
382885,382896,382899,3,11
382904,382904,382908,4,0
382904,382904,382908,4,0
382904,382904,382908,4,0
382904,382904,382908,4,0
382904,382904,382908,4,0
382904,382904,382908,4,0
382904,382904,382908,4,0
382904,382904,382908,4,0
382904,382904,382908,4,0
382904,382904,382908,4,0
382904,382904,382908,4,0
382904,382904,382908,4,0
382904,382904,382908,4,0
382904,382904,382908,4,0
382904,382904,382908,4,0
382904,382904,382908,4,0
382904,382904,382908,4,0
382904,382904,382908,4,0
382904,382904,382908,4,0
382904,382904,382908,4,0
382904,382904,382908,4,0
382904,382904,382908,4,0
382904,382904,382908,4,0
382904,382904,382908,4,0
382904,382904,382908,4,0
382904,382904,382908,4,0
382904,382904,382908,4,0
382904,382904,382908,4,0
382904,382904,382908,4,0
382904,382904,382908,4,0
382904,382904,382908,4,0
382904,382904,382908,4,0
382904,382904,382908,4,0
382904,382904,382908,4,0
382904,382904,382909,5,0
382904,382904,382909,5,0
382904,382904,382909,5,0
382904,382904,382909,5,0
382904,382904,382909,5,0
382904,382904,382909,5,0
382904,382904,382909,5,0
382904,382904,382909,5,0
382904,382904,382909,5,0
382904,382904,382909,5,0
382904,382904,382909,5,0
382904,382904,382909,5,0
382904,382904,382909,5,0
382904,382904,382909,5,0
382904,382904,382909,5,0
382904,382904,382909,5,0
382904,382904,382909,5,0
382904,382904,382909,5,0
382904,382904,382909,5,0
382904,382904,382909,5,0
382904,382904,382909,5,0
382904,382904,382909,5,0
382904,382904,382909,5,0
382904,382904,382909,5,0
382904,382904,382909,5,0
382904,382904,382909,5,0
382904,382904,382909,5,0
382904,382904,382909,5,0
382904,382904,382909,5,0
382904,382904,382909,5,0
382904,382904,382909,5,0
382904,382904,382909,5,0
382904,382904,382910,6,0
382904,382904,382910,6,0
382904,382904,382910,6,0
382904,382904,382910,6,0
382904,382904,382910,6,0
382904,382904,382910,6,0
382904,382904,382910,6,0
382904,382904,382910,6,0
382904,382904,382910,6,0
382904,382904,382910,6,0
382904,382904,382910,6,0
382904,382904,382911,7,0
382904,382904,382911,7,0
382904,382904,382911,7,0
382904,382909,382911,2,5
382904,382908,382912,4,4
382904,382909,382912,3,5
382904,382910,382913,3,6
382904,382910,382913,3,6
382904,382910,382913,3,6
382904,382910,382913,3,6
382904,382909,382912,3,5
382904,382909,382912,3,5
382904,382909,382912,3,5
382904,382909,382913,4,5
382904,382909,382912,3,5
382904,382909,382912,3,5
382904,382909,382913,4,5
382904,382909,382912,3,5
382904,382909,382912,3,5
382904,382909,382912,3,5
382904,382909,382912,3,5
382904,382909,382912,3,5
382904,382909,382912,3,5
382904,382910,382913,3,6
382904,382909,382912,3,5
382904,382909,382912,3,5
382904,382909,382913,4,5
382904,382909,382912,3,5
382904,382909,382912,3,5
382904,382909,382913,4,5
382904,382909,382912,3,5
382904,382909,382912,3,5
382904,382909,382912,3,5
382904,382909,382912,3,5
382904,382910,382913,3,6
382904,382910,382913,3,6
382904,382909,382912,3,5
382904,382909,382912,3,5
382904,382909,382913,4,5
382904,382909,382912,3,5
382904,382909,382912,3,5
382904,382910,382912,2,6
382904,382910,382912,2,6
382904,382909,382912,3,5
382904,382909,382912,3,5
382904,382909,382912,3,5
382904,382910,382913,3,6
382904,382910,382913,3,6
382904,382910,382913,3,6
382904,382910,382913,3,6
382904,382910,382913,3,6
382904,382910,382913,3,6
382904,382910,382913,3,6
382904,382911,382913,2,7
382904,382911,382914,3,7
382904,382910,382913,3,6
382904,382910,382913,3,6
382904,382910,382913,3,6
382904,382910,382913,3,6
382904,382910,382913,3,6
382904,382910,382913,3,6
382904,382910,382913,3,6
382904,382911,382913,2,7
382904,382911,382913,2,7
382904,382912,382914,2,8
382904,382912,382914,2,8
382904,382909,382913,4,5
382904,382910,382913,3,6
382904,382911,382914,3,7
382904,382911,382914,3,7
382904,382911,382914,3,7
382904,382911,382914,3,7
382904,382912,382914,2,8
382904,382910,382913,3,6
382904,382910,382913,3,6
382904,382910,382913,3,6
382904,382910,382913,3,6
382904,382912,382914,2,8
382904,382910,382913,3,6
382904,382910,382913,3,6
382904,382912,382914,2,8
382904,382912,382914,2,8
382904,382910,382913,3,6
382904,382911,382914,3,7
382904,382913,382915,2,9
382904,382911,382914,3,7
382904,382911,382914,3,7
382904,382913,382915,2,9
382904,382913,382915,2,9
382904,382913,382915,2,9
382904,382913,382915,2,9
382904,382913,382915,2,9
382904,382913,382915,2,9
382904,382913,382915,2,9
382904,382913,382916,3,9
382904,382913,382915,2,9
382904,382913,382916,3,9
382904,382913,382916,3,9
382904,382913,382915,2,9
382904,382913,382916,3,9
382904,382913,382916,3,9
382904,382913,382916,3,9
382904,382913,382915,2,9
382904,382913,382915,2,9
382904,382913,382915,2,9
382904,382913,382916,3,9
382904,382913,382916,3,9
382904,382913,382916,3,9
382904,382913,382916,3,9
382904,382913,382916,3,9
382904,382913,382916,3,9
382904,382913,382916,3,9
382904,382913,382916,3,9
382904,382913,382915,2,9
382904,382913,382915,2,9
382904,382913,382915,2,9
382904,382913,382916,3,9
382904,382913,382916,3,9
382904,382913,382916,3,9
382904,382913,382916,3,9
382904,382913,382916,3,9
382904,382913,382916,3,9
382904,382913,382916,3,9
382921,382921,382925,4,0
382921,382921,382925,4,0
382921,382921,382925,4,0
382921,382921,382925,4,0
382921,382921,382925,4,0
382921,382921,382925,4,0
382921,382921,382925,4,0
382921,382921,382925,4,0
382921,382921,382925,4,0
382921,382921,382925,4,0
382921,382921,382925,4,0
382921,382921,382925,4,0
382921,382921,382925,4,0
382921,382921,382925,4,0
382921,382921,382925,4,0
382921,382921,382925,4,0
382921,382921,382925,4,0
382921,382921,382925,4,0
382921,382921,382925,4,0
382921,382921,382925,4,0
382921,382921,382925,4,0
382921,382921,382926,5,0
382921,382921,382925,4,0
382921,382921,382925,4,0
382921,382921,382925,4,0
382921,382921,382926,5,0
382921,382921,382925,4,0
382921,382921,382925,4,0
382921,382921,382925,4,0
382921,382921,382925,4,0
382921,382921,382926,5,0
382921,382921,382926,5,0
382921,382921,382926,5,0
382921,382921,382925,4,0
382921,382921,382925,4,0
382921,382921,382925,4,0
382921,382921,382925,4,0
382921,382921,382925,4,0
382921,382921,382926,5,0
382921,382921,382926,5,0
382921,382921,382925,4,0
382921,382921,382926,5,0
382921,382921,382925,4,0
382921,382921,382926,5,0
382921,382921,382925,4,0
382921,382921,382925,4,0
382921,382921,382926,5,0
382921,382921,382926,5,0
382921,382921,382925,4,0
382921,382921,382925,4,0
382921,382921,382925,4,0
382921,382921,382926,5,0
382921,382921,382926,5,0
382921,382921,382925,4,0
382921,382921,382926,5,0
382921,382921,382926,5,0
382921,382921,382925,4,0
382921,382921,382926,5,0
382921,382921,382926,5,0
382921,382921,382925,4,0
382921,382921,382925,4,0
382921,382921,382925,4,0
382921,382921,382925,4,0
382921,382921,382925,4,0
382921,382921,382925,4,0
382921,382921,382926,5,0
382921,382921,382927,6,0
382921,382921,382927,6,0
382921,382921,382927,6,0
382921,382921,382927,6,0
382921,382921,382926,5,0
382921,382921,382927,6,0
382921,382921,382927,6,0
382921,382921,382927,6,0
382921,382921,382927,6,0
382921,382921,382927,6,0
382921,382921,382926,5,0
382921,382921,382927,6,0
382921,382921,382927,6,0
382921,382925,382928,3,4
382921,382925,382928,3,4
382921,382925,382927,2,4
382921,382925,382928,3,4
382921,382925,382928,3,4
382921,382925,382928,3,4
382921,382921,382927,6,0
382921,382925,382928,3,4
382921,382925,382928,3,4
382921,382925,382928,3,4
382921,382925,382928,3,4
382921,382925,382928,3,4
382921,382925,382928,3,4
382921,382925,382928,3,4
382921,382925,382928,3,4
382921,382926,382929,3,5
382921,382926,382929,3,5
382921,382926,382929,3,5
382921,382926,382929,3,5
382921,382927,382930,3,6
382921,382926,382930,4,5
382921,382926,382930,4,5
382921,382926,382930,4,5
382921,382927,382930,3,6
382921,382926,382930,4,5
382921,382928,382931,3,7
382921,382927,382931,4,6
382921,382927,382930,3,6
382921,382927,382930,3,6
382921,382927,382931,4,6
382921,382927,382930,3,6
382921,382927,382930,3,6
382921,382927,382930,3,6
382921,382927,382930,3,6
382921,382927,382930,3,6
382921,382927,382930,3,6
382921,382927,382930,3,6
382921,382927,382930,3,6
382921,382927,382930,3,6
382921,382927,382930,3,6
382921,382927,382930,3,6
382921,382927,382930,3,6
382921,382927,382930,3,6
382921,382927,382931,4,6
382921,382927,382930,3,6
382921,382927,382930,3,6
382921,382927,382930,3,6
382921,382927,382931,4,6
382921,382927,382930,3,6
382921,382927,382930,3,6
382921,382927,382930,3,6
382921,382927,382930,3,6
382921,382927,382930,3,6
382921,382927,382930,3,6
382921,382927,382930,3,6
382921,382927,382930,3,6
382921,382927,382930,3,6
382921,382927,382931,4,6
382921,382927,382931,4,6
382921,382927,382931,4,6
382921,382927,382930,3,6
382921,382927,382930,3,6
382921,382927,382930,3,6
382921,382927,382930,3,6
382921,382927,382930,3,6
382921,382928,382931,3,7
382921,382927,382930,3,6
382921,382927,382930,3,6
382921,382927,382930,3,6
382921,382927,382931,4,6
382921,382928,382931,3,7
382921,382928,382931,3,7
382921,382928,382932,4,7
382921,382928,382931,3,7
382921,382928,382931,3,7
382921,382928,382931,3,7
382921,382928,382931,3,7
382921,382928,382932,4,7
382921,382929,382932,3,8
382921,382930,382932,2,9
382921,382929,382932,3,8
382921,382929,382932,3,8
382921,382928,382931,3,7
382921,382928,382931,3,7
382921,382928,382931,3,7
382921,382928,382931,3,7
382921,382927,382931,4,6
382921,382927,382931,4,6
382921,382927,382931,4,6
382921,382929,382932,3,8
382921,382928,382932,4,7
382921,382928,382931,3,7
382921,382928,382932,4,7
382921,382928,382932,4,7
382921,382928,382931,3,7
382921,382928,382932,4,7
382921,382931,382932,1,10
382921,382931,382932,1,10
382921,382931,382932,1,10
382921,382931,382932,1,10
382921,382930,382932,2,9
382921,382930,382932,2,9
382921,382930,382932,2,9
382921,382930,382932,2,9
382921,382931,382932,1,10
382921,382931,382932,1,10
382921,382931,382933,2,10
382921,382931,382933,2,10
382921,382931,382933,2,10
382921,382931,382933,2,10
382921,382931,382933,2,10
382921,382931,382933,2,10
382921,382931,382933,2,10
382921,382931,382932,1,10
382921,382931,382933,2,10
382921,382931,382933,2,10
382921,382931,382933,2,10
382921,382931,382933,2,10
382921,382931,382933,2,10
382921,382931,382933,2,10
382921,382931,382933,2,10
382938,382938,382943,5,0
382938,382938,382943,5,0
382938,382938,382943,5,0
382938,382938,382943,5,0
382938,382938,382943,5,0
382938,382938,382943,5,0
382938,382938,382943,5,0
382938,382938,382943,5,0
382938,382938,382943,5,0
382938,382938,382943,5,0
382938,382938,382943,5,0
382938,382938,382943,5,0
382938,382938,382943,5,0
382938,382938,382943,5,0
382938,382938,382943,5,0
382938,382938,382943,5,0
382938,382938,382943,5,0
382938,382938,382943,5,0
382938,382938,382943,5,0
382938,382938,382943,5,0
382938,382938,382943,5,0
382938,382938,382943,5,0
382938,382938,382943,5,0
382938,382938,382943,5,0
382938,382938,382943,5,0
382938,382938,382943,5,0
382938,382938,382943,5,0
382938,382938,382943,5,0
382938,382938,382943,5,0
382938,382938,382943,5,0
382938,382938,382943,5,0
382938,382938,382943,5,0
382938,382938,382943,5,0
382938,382938,382943,5,0
382938,382938,382943,5,0
382938,382938,382943,5,0
382938,382938,382943,5,0
382938,382938,382943,5,0
382938,382938,382943,5,0
382938,382938,382943,5,0
382938,382938,382943,5,0
382938,382938,382943,5,0
382938,382938,382943,5,0
382938,382938,382943,5,0
382938,382938,382943,5,0
382938,382938,382943,5,0
382938,382938,382943,5,0
382938,382938,382943,5,0
382938,382938,382943,5,0
382938,382938,382943,5,0
382938,382938,382943,5,0
382938,382938,382943,5,0
382938,382938,382943,5,0
382938,382938,382943,5,0
382938,382938,382943,5,0
382938,382938,382943,5,0
382938,382938,382943,5,0
382938,382938,382944,6,0
382938,382938,382944,6,0
382938,382938,382944,6,0
382938,382938,382944,6,0
382938,382938,382943,5,0
382938,382938,382943,5,0
382938,382938,382944,6,0
382938,382938,382944,6,0
382938,382938,382943,5,0
382938,382938,382943,5,0
382938,382938,382943,5,0
382938,382938,382944,6,0
382938,382938,382944,6,0
382938,382938,382944,6,0
382938,382938,382943,5,0
382938,382938,382944,6,0
382938,382938,382944,6,0
382938,382938,382943,5,0
382938,382938,382944,6,0
382938,382938,382944,6,0
382938,382938,382944,6,0
382938,382938,382944,6,0
382938,382938,382944,6,0
382938,382943,382948,5,5
382938,382943,382948,5,5
382938,382943,382948,5,5
382938,382943,382948,5,5
382938,382943,382948,5,5
382938,382943,382948,5,5
382938,382943,382947,4,5
382938,382943,382948,5,5
382938,382943,382948,5,5
382938,382943,382947,4,5
382938,382945,382947,2,7
382938,382943,382948,5,5
382938,382943,382948,5,5
382938,382943,382948,5,5
382938,382943,382947,4,5
382938,382943,382948,5,5
382938,382943,382948,5,5
382938,382943,382948,5,5
382938,382943,382947,4,5
382938,382943,382948,5,5
382938,382943,382948,5,5
382938,382943,382947,4,5
382938,382943,382947,4,5
382938,382943,382947,4,5
382938,382945,382948,3,7
382938,382945,382948,3,7
382938,382945,382948,3,7
382938,382943,382948,5,5
382938,382943,382948,5,5
382938,382943,382948,5,5
382938,382943,382948,5,5
382938,382943,382947,4,5
382938,382943,382948,5,5
382938,382943,382947,4,5
382938,382943,382948,5,5
382938,382943,382948,5,5
382938,382943,382948,5,5
382938,382943,382948,5,5
382938,382943,382949,6,5
382938,382943,382948,5,5
382938,382943,382948,5,5
382938,382943,382948,5,5
382938,382945,382948,3,7
382938,382945,382948,3,7
382938,382943,382948,5,5
382938,382943,382949,6,5
382938,382943,382949,6,5
382938,382943,382948,5,5
382938,382945,382949,4,7
382938,382945,382949,4,7
382938,382943,382948,5,5
382938,382943,382948,5,5
382938,382943,382948,5,5
382938,382945,382948,3,7
382938,382945,382948,3,7
382938,382943,382948,5,5
382938,382945,382948,3,7
382938,382945,382949,4,7
382938,382945,382949,4,7
382938,382945,382949,4,7
382938,382943,382948,5,5
382938,382943,382948,5,5
382938,382943,382948,5,5
382938,382944,382948,4,6
382938,382945,382948,3,7
382938,382943,382948,5,5
382938,382943,382948,5,5
382938,382945,382949,4,7
382938,382945,382949,4,7
382938,382943,382948,5,5
382938,382945,382948,3,7
382938,382945,382949,4,7
382938,382945,382948,3,7
382938,382945,382948,3,7
382938,382943,382949,6,5
382938,382943,382949,6,5
382938,382945,382949,4,7
382938,382943,382949,6,5
382938,382945,382949,4,7
382938,382945,382949,4,7
382938,382948,382950,2,10
382938,382948,382950,2,10
382938,382948,382951,3,10
382938,382948,382951,3,10
382938,382948,382950,2,10
382938,382948,382951,3,10
382938,382948,382950,2,10
382938,382948,382951,3,10
382938,382948,382950,2,10
382938,382948,382951,3,10
382938,382948,382951,3,10
382938,382948,382950,2,10
382938,382948,382950,2,10
382938,382948,382950,2,10
382938,382948,382950,2,10
382938,382948,382951,3,10
382938,382948,382951,3,10
382938,382948,382950,2,10
382938,382948,382950,2,10
382938,382948,382951,3,10
382938,382948,382951,3,10
382938,382948,382951,3,10
382938,382948,382950,2,10
382938,382948,382950,2,10
382938,382948,382951,3,10
382938,382948,382950,2,10
382938,382948,382951,3,10
382938,382948,382951,3,10
382938,382948,382951,3,10
382938,382948,382951,3,10
382938,382948,382951,3,10
382938,382948,382951,3,10
382938,382948,382951,3,10
382938,382948,382951,3,10
382938,382949,382951,2,11
382938,382949,382951,2,11
382938,382949,382951,2,11
382938,382949,382951,2,11
382938,382949,382951,2,11
382938,382949,382951,2,11
382956,382956,382960,4,0
382956,382956,382961,5,0
382956,382956,382961,5,0
382956,382956,382961,5,0
382956,382956,382961,5,0
382956,382956,382961,5,0
382956,382956,382961,5,0
382956,382956,382961,5,0
382956,382956,382961,5,0
382956,382956,382961,5,0
382956,382956,382961,5,0
382956,382956,382961,5,0
382956,382956,382961,5,0
382956,382956,382961,5,0
382956,382956,382961,5,0
382956,382956,382961,5,0
382956,382956,382961,5,0
382956,382956,382961,5,0
382956,382956,382961,5,0
382956,382956,382961,5,0
382956,382956,382961,5,0
382956,382956,382961,5,0
382956,382956,382961,5,0
382956,382956,382961,5,0
382956,382956,382961,5,0
382956,382956,382961,5,0
382956,382956,382961,5,0
382956,382956,382961,5,0
382956,382956,382961,5,0
382956,382956,382961,5,0
382956,382956,382961,5,0
382956,382956,382961,5,0
382956,382956,382961,5,0
382956,382956,382961,5,0
382956,382956,382961,5,0
382956,382956,382961,5,0
382956,382956,382961,5,0
382956,382956,382961,5,0
382956,382956,382961,5,0
382956,382956,382961,5,0
382956,382956,382961,5,0
382956,382956,382961,5,0
382956,382956,382961,5,0
382956,382956,382961,5,0
382956,382956,382961,5,0
382956,382956,382961,5,0
382956,382956,382961,5,0
382956,382956,382961,5,0
382956,382956,382961,5,0
382956,382956,382961,5,0
382956,382956,382961,5,0
382956,382956,382961,5,0
382956,382956,382962,6,0
382956,382956,382962,6,0
382956,382956,382962,6,0
382956,382956,382961,5,0
382956,382956,382962,6,0
382956,382956,382961,5,0
382956,382956,382962,6,0
382956,382956,382962,6,0
382956,382956,382962,6,0
382956,382956,382961,5,0
382956,382956,382961,5,0
382956,382956,382962,6,0
382956,382956,382961,5,0
382956,382956,382961,5,0
382956,382956,382961,5,0
382956,382956,382961,5,0
382956,382956,382961,5,0
382956,382956,382961,5,0
382956,382956,382961,5,0
382956,382956,382961,5,0
382956,382956,382961,5,0
382956,382956,382961,5,0
382956,382956,382962,6,0
382956,382956,382962,6,0
382956,382956,382962,6,0
382956,382956,382962,6,0
382956,382956,382962,6,0
382956,382956,382962,6,0
382956,382961,382964,3,5
382956,382963,382966,3,7
382956,382961,382966,5,5
382956,382961,382966,5,5
382956,382961,382966,5,5
382956,382961,382966,5,5
382956,382961,382966,5,5
382956,382961,382966,5,5
382956,382961,382966,5,5
382956,382961,382966,5,5
382956,382961,382966,5,5
382956,382961,382966,5,5
382956,382961,382966,5,5
382956,382961,382966,5,5
382956,382961,382966,5,5
382956,382961,382966,5,5
382956,382961,382966,5,5
382956,382961,382966,5,5
382956,382961,382966,5,5
382956,382961,382966,5,5
382956,382961,382966,5,5
382956,382961,382966,5,5
382956,382961,382966,5,5
382956,382961,382966,5,5
382956,382961,382966,5,5
382956,382962,382966,4,6
382956,382962,382966,4,6
382956,382961,382966,5,5
382956,382961,382966,5,5
382956,382961,382966,5,5
382956,382961,382966,5,5
382956,382961,382966,5,5
382956,382961,382966,5,5
382956,382961,382966,5,5
382956,382961,382966,5,5
382956,382961,382966,5,5
382956,382961,382966,5,5
382956,382961,382967,6,5
382956,382962,382967,5,6
382956,382961,382966,5,5
382956,382961,382966,5,5
382956,382962,382966,4,6
382956,382962,382966,4,6
382956,382963,382967,4,7
382956,382963,382966,3,7
382956,382963,382966,3,7
382956,382961,382966,5,5
382956,382961,382966,5,5
382956,382961,382966,5,5
382956,382961,382966,5,5
382956,382961,382966,5,5
382956,382962,382967,5,6
382956,382962,382966,4,6
382956,382962,382967,5,6
382956,382962,382967,5,6
382956,382962,382966,4,6
382956,382962,382967,5,6
382956,382963,382967,4,7
382956,382963,382967,4,7
382956,382961,382967,6,5
382956,382961,382967,6,5
382956,382961,382967,6,5
382956,382961,382967,6,5
382956,382961,382967,6,5
382956,382962,382967,5,6
382956,382962,382967,5,6
382956,382962,382968,6,6
382956,382963,382967,4,7
382956,382963,382967,4,7
382956,382963,382967,4,7
382956,382962,382967,5,6
382956,382962,382967,5,6
382956,382962,382967,5,6
382956,382962,382967,5,6
382956,382962,382967,5,6
382956,382965,382967,2,9
382956,382962,382967,5,6
382956,382962,382967,5,6
382956,382962,382967,5,6
382956,382962,382967,5,6
382956,382962,382967,5,6
382956,382966,382968,2,10
382956,382967,382969,2,11
382956,382967,382969,2,11
382956,382967,382969,2,11
382956,382967,382969,2,11
382956,382967,382969,2,11
382956,382967,382969,2,11
382956,382967,382969,2,11
382956,382967,382970,3,11
382956,382967,382969,2,11
382956,382967,382969,2,11
382956,382967,382969,2,11
382956,382967,382969,2,11
382956,382967,382969,2,11
382956,382967,382970,3,11
382956,382967,382969,2,11
382956,382967,382969,2,11
382956,382967,382969,2,11
382956,382967,382970,3,11
382956,382967,382970,3,11
382956,382967,382970,3,11
382956,382967,382970,3,11
382956,382967,382969,2,11
382956,382967,382970,3,11
382956,382967,382970,3,11
382956,382967,382970,3,11
382956,382967,382970,3,11
382956,382967,382970,3,11
382956,382967,382970,3,11
382956,382967,382970,3,11
382956,382967,382969,2,11
382956,382967,382970,3,11
382956,382967,382970,3,11
382956,382967,382970,3,11
382956,382967,382970,3,11
382956,382967,382970,3,11
382956,382967,382970,3,11
382956,382967,382970,3,11
382956,382967,382970,3,11
382975,382975,382979,4,0
382975,382975,382979,4,0
382975,382975,382979,4,0
382975,382975,382980,5,0
382975,382975,382979,4,0
382975,382975,382980,5,0
382975,382975,382979,4,0
382975,382975,382979,4,0
382975,382975,382979,4,0
382975,382975,382980,5,0
382975,382975,382980,5,0
382975,382975,382979,4,0
382975,382975,382979,4,0
382975,382975,382979,4,0
382975,382975,382979,4,0
382975,382975,382979,4,0
382975,382975,382979,4,0
382975,382975,382979,4,0
382975,382975,382979,4,0
382975,382975,382979,4,0
382975,382975,382979,4,0
382975,382975,382979,4,0
382975,382975,382979,4,0
382975,382975,382979,4,0
382975,382975,382979,4,0
382975,382975,382979,4,0
382975,382975,382979,4,0
382975,382975,382979,4,0
382975,382975,382979,4,0
382975,382975,382979,4,0
382975,382975,382979,4,0
382975,382975,382979,4,0
382975,382975,382979,4,0
382975,382975,382980,5,0
382975,382975,382980,5,0
382975,382975,382980,5,0
382975,382975,382979,4,0
382975,382975,382979,4,0
382975,382975,382979,4,0
382975,382975,382979,4,0
382975,382975,382980,5,0
382975,382975,382979,4,0
382975,382975,382979,4,0
382975,382975,382980,5,0
382975,382975,382979,4,0
382975,382975,382979,4,0
382975,382975,382979,4,0
382975,382975,382979,4,0
382975,382975,382979,4,0
382975,382975,382979,4,0
382975,382975,382979,4,0
382975,382975,382979,4,0
382975,382975,382979,4,0
382975,382975,382980,5,0
382975,382975,382979,4,0
382975,382975,382979,4,0
382975,382975,382979,4,0
382975,382975,382979,4,0
382975,382975,382979,4,0
382975,382975,382979,4,0
382975,382975,382979,4,0
382975,382975,382979,4,0
382975,382975,382979,4,0
382975,382975,382979,4,0
382975,382975,382979,4,0
382975,382975,382979,4,0
382975,382975,382980,5,0
382975,382975,382980,5,0
382975,382975,382980,5,0
382975,382975,382980,5,0
382975,382975,382980,5,0
382975,382975,382980,5,0
382975,382975,382980,5,0
382975,382975,382980,5,0
382975,382975,382980,5,0
382975,382975,382980,5,0
382975,382975,382980,5,0
382975,382975,382980,5,0
382975,382975,382980,5,0
382975,382975,382980,5,0
382975,382980,382983,3,5
382975,382980,382985,5,5
382975,382980,382985,5,5
382975,382980,382985,5,5
382975,382980,382985,5,5
382975,382980,382985,5,5
382975,382980,382985,5,5
382975,382980,382985,5,5
382975,382980,382985,5,5
382975,382980,382985,5,5
382975,382980,382985,5,5
382975,382980,382985,5,5
382975,382980,382985,5,5
382975,382980,382985,5,5
382975,382980,382985,5,5
382975,382980,382985,5,5
382975,382980,382985,5,5
382975,382980,382985,5,5
382975,382980,382985,5,5
382975,382980,382985,5,5
382975,382980,382985,5,5
382975,382980,382985,5,5
382975,382980,382985,5,5
382975,382980,382985,5,5
382975,382980,382985,5,5
382975,382980,382985,5,5
382975,382980,382985,5,5
382975,382980,382985,5,5
382975,382980,382985,5,5
382975,382980,382985,5,5
382975,382980,382985,5,5
382975,382980,382985,5,5
382975,382980,382985,5,5
382975,382980,382985,5,5
382975,382980,382985,5,5
382975,382980,382985,5,5
382975,382980,382985,5,5
382975,382980,382985,5,5
382975,382980,382985,5,5
382975,382980,382985,5,5
382975,382980,382985,5,5
382975,382980,382985,5,5
382975,382981,382985,4,6
382975,382980,382985,5,5
382975,382980,382985,5,5
382975,382980,382985,5,5
382975,382980,382985,5,5
382975,382980,382985,5,5
382975,382980,382985,5,5
382975,382980,382985,5,5
382975,382980,382985,5,5
382975,382980,382985,5,5
382975,382980,382985,5,5
382975,382980,382985,5,5
382975,382980,382985,5,5
382975,382980,382985,5,5
382975,382980,382985,5,5
382975,382981,382985,4,6
382975,382981,382985,4,6
382975,382980,382985,5,5
382975,382980,382985,5,5
382975,382980,382985,5,5
382975,382980,382985,5,5
382975,382980,382985,5,5
382975,382980,382986,6,5
382975,382980,382986,6,5
382975,382980,382986,6,5
382975,382980,382986,6,5
382975,382980,382986,6,5
382975,382981,382985,4,6
382975,382984,382986,2,9
382975,382981,382986,5,6
382975,382980,382986,6,5
382975,382981,382986,5,6
382975,382981,382986,5,6
382975,382981,382986,5,6
382975,382981,382986,5,6
382975,382981,382986,5,6
382975,382981,382986,5,6
382975,382980,382986,6,5
382975,382980,382986,6,5
382975,382986,382988,2,11
382975,382986,382988,2,11
382975,382985,382988,3,10
382975,382986,382988,2,11
382975,382986,382988,2,11
382975,382986,382988,2,11
382975,382986,382988,2,11
382975,382986,382988,2,11
382975,382986,382988,2,11
382975,382986,382988,2,11
382975,382986,382988,2,11
382975,382986,382988,2,11
382975,382986,382988,2,11
382975,382986,382988,2,11
382975,382986,382988,2,11
382975,382986,382988,2,11
382975,382986,382988,2,11
382975,382986,382988,2,11
382975,382986,382988,2,11
382975,382986,382989,3,11
382975,382986,382988,2,11
382975,382986,382988,2,11
382975,382986,382988,2,11
382975,382986,382989,3,11
382975,382986,382988,2,11
382975,382986,382988,2,11
382975,382986,382988,2,11
382975,382986,382988,2,11
382975,382986,382988,2,11
382975,382986,382989,3,11
382975,382986,382989,3,11
382975,382986,382989,3,11
382975,382986,382989,3,11
382975,382986,382989,3,11
382975,382986,382989,3,11
382975,382986,382989,3,11
382975,382986,382989,3,11
382975,382986,382989,3,11
382975,382986,382989,3,11
382994,382994,382998,4,0
382994,382994,382998,4,0
382994,382994,382998,4,0
382994,382994,382998,4,0
382994,382994,382998,4,0
382994,382994,382998,4,0
382994,382994,382998,4,0
382994,382994,382998,4,0
382994,382994,382998,4,0
382994,382994,382999,5,0
382994,382994,382999,5,0
382994,382994,382999,5,0
382994,382994,382999,5,0
382994,382994,382999,5,0
382994,382994,382999,5,0
382994,382994,382999,5,0
382994,382994,382998,4,0
382994,382994,382999,5,0
382994,382994,382999,5,0
382994,382994,382999,5,0
382994,382994,382999,5,0
382994,382994,382999,5,0
382994,382994,382998,4,0
382994,382994,382998,4,0
382994,382994,382999,5,0
382994,382994,382999,5,0
382994,382994,382999,5,0
382994,382994,382999,5,0
382994,382994,382998,4,0
382994,382994,382998,4,0
382994,382994,382998,4,0
382994,382994,382998,4,0
382994,382994,382999,5,0
382994,382994,382999,5,0
382994,382994,382999,5,0
382994,382994,382999,5,0
382994,382994,382998,4,0
382994,382994,382999,5,0
382994,382994,382999,5,0
382994,382994,382998,4,0
382994,382994,382999,5,0
382994,382994,382999,5,0
382994,382994,382999,5,0
382994,382994,382998,4,0
382994,382994,382999,5,0
382994,382994,382999,5,0
382994,382994,382998,4,0
382994,382994,382998,4,0
382994,382994,382998,4,0
382994,382994,382998,4,0
382994,382994,382999,5,0
382994,382994,382999,5,0
382994,382994,382999,5,0
382994,382994,382998,4,0
382994,382994,382998,4,0
382994,382994,382998,4,0
382994,382994,382999,5,0
382994,382994,382999,5,0
382994,382994,382999,5,0
382994,382994,382999,5,0
382994,382994,382999,5,0
382994,382994,382999,5,0
382994,382994,382999,5,0
382994,382994,382999,5,0
382994,382994,382999,5,0
382994,382994,382999,5,0
382994,382994,382999,5,0
382994,382994,383000,6,0
382994,382994,383000,6,0
382994,382994,383000,6,0
382994,382994,382999,5,0
382994,382994,382999,5,0
382994,382994,383000,6,0
382994,382994,383000,6,0
382994,382994,383000,6,0
382994,382994,383000,6,0
382994,382994,383000,6,0
382994,382994,382999,5,0
382994,382994,382999,5,0
382994,382994,382999,5,0
382994,382998,383000,2,4
382994,382998,383000,2,4
382994,382998,383000,2,4
382994,382998,383000,2,4
382994,382998,383000,2,4
382994,382999,383000,1,5
382994,382999,383000,1,5
382994,382999,383000,1,5
382994,382999,383000,1,5
382994,382999,383001,2,5
382994,382999,383003,4,5
382994,382999,383004,5,5
382994,382999,383004,5,5
382994,382999,383004,5,5
382994,382999,383004,5,5
382994,382999,383003,4,5
382994,382999,383003,4,5
382994,382999,383004,5,5
382994,383000,383004,4,6
382994,383000,383004,4,6
382994,382999,383003,4,5
382994,382999,383004,5,5
382994,382999,383003,4,5
382994,382999,383004,5,5
382994,382999,383004,5,5
382994,383000,383004,4,6
382994,383000,383004,4,6
382994,382999,383003,4,5
382994,382999,383004,5,5
382994,383000,383004,4,6
382994,383000,383004,4,6
382994,383000,383004,4,6
382994,383000,383004,4,6
382994,383000,383004,4,6
382994,383000,383004,4,6
382994,383000,383004,4,6
382994,383000,383004,4,6
382994,383001,383004,3,7
382994,382999,383004,5,5
382994,382999,383004,5,5
382994,383001,383004,3,7
382994,383001,383005,4,7
382994,382999,383004,5,5
382994,382999,383004,5,5
382994,382999,383004,5,5
382994,383000,383004,4,6
382994,383000,383004,4,6
382994,383000,383004,4,6
382994,382999,383004,5,5
382994,382999,383004,5,5
382994,383000,383004,4,6
382994,383000,383004,4,6
382994,383000,383004,4,6
382994,383000,383004,4,6
382994,383001,383004,3,7
382994,383000,383004,4,6
382994,383000,383004,4,6
382994,383000,383004,4,6
382994,383000,383004,4,6
382994,383000,383004,4,6
382994,382999,383004,5,5
382994,382999,383004,5,5
382994,383001,383004,3,7
382994,383001,383005,4,7
382994,383001,383005,4,7
382994,383000,383004,4,6
382994,383001,383005,4,7
382994,383001,383005,4,7
382994,383000,383004,4,6
382994,383000,383004,4,6
382994,383001,383005,4,7
382994,382999,383004,5,5
382994,382999,383004,5,5
382994,383000,383004,4,6
382994,383001,383005,4,7
382994,383001,383005,4,7
382994,383001,383005,4,7
382994,383004,383005,1,10
382994,383004,383005,1,10
382994,383004,383005,1,10
382994,383004,383005,1,10
382994,383001,383005,4,7
382994,383001,383005,4,7
382994,383001,383005,4,7
382994,383001,383005,4,7
382994,383001,383005,4,7
382994,383001,383005,4,7
382994,383002,383005,3,8
382994,383001,383005,4,7
382994,383001,383005,4,7
382994,383004,383005,1,10
382994,383004,383006,2,10
382994,383004,383006,2,10
382994,383001,383005,4,7
382994,383001,383005,4,7
382994,383004,383005,1,10
382994,383001,383005,4,7
382994,383004,383006,2,10
382994,383004,383006,2,10
382994,383001,383006,5,7
382994,383004,383006,2,10
382994,383005,383006,1,11
382994,383004,383006,2,10
382994,383004,383006,2,10
382994,383004,383006,2,10
382994,383004,383006,2,10
382994,383004,383006,2,10
382994,383005,383006,1,11
382994,383004,383006,2,10
382994,383004,383006,2,10
382994,383004,383006,2,10
382994,383004,383007,3,10
382994,383004,383007,3,10
382994,383004,383007,3,10
382994,383004,383006,2,10
382994,383004,383006,2,10
382994,383004,383007,3,10
382994,383004,383007,3,10
382994,383004,383006,2,10
382994,383004,383007,3,10
383011,383012,383016,4,1
383011,383012,383016,4,1
383011,383012,383017,5,1
383011,383012,383017,5,1
383011,383012,383016,4,1
383011,383012,383016,4,1
383011,383012,383017,5,1
383011,383012,383017,5,1
383011,383012,383017,5,1
383011,383012,383016,4,1
383011,383012,383016,4,1
383011,383012,383016,4,1
383011,383012,383016,4,1
383011,383012,383016,4,1
383011,383012,383016,4,1
383011,383012,383016,4,1
383011,383012,383016,4,1
383011,383012,383017,5,1
383011,383012,383017,5,1
383011,383012,383016,4,1
383011,383012,383017,5,1
383011,383012,383016,4,1
383011,383012,383016,4,1
383011,383012,383016,4,1
383011,383012,383017,5,1
383011,383012,383017,5,1
383011,383012,383016,4,1
383011,383012,383016,4,1
383011,383012,383016,4,1
383011,383012,383016,4,1
383011,383012,383016,4,1
383011,383012,383017,5,1
383011,383012,383016,4,1
383011,383012,383016,4,1
383011,383012,383016,4,1
383011,383012,383016,4,1
383011,383012,383016,4,1
383011,383012,383017,5,1
383011,383012,383016,4,1
383011,383012,383016,4,1
383011,383012,383017,5,1
383011,383012,383017,5,1
383011,383012,383016,4,1
383011,383012,383016,4,1
383011,383012,383016,4,1
383011,383012,383016,4,1
383011,383012,383016,4,1
383011,383012,383016,4,1
383011,383012,383017,5,1
383011,383012,383016,4,1
383011,383012,383017,5,1
383011,383012,383016,4,1
383011,383012,383017,5,1
383011,383012,383017,5,1
383011,383012,383018,6,1
383011,383012,383018,6,1
383011,383012,383018,6,1
383011,383012,383018,6,1
383011,383012,383017,5,1
383011,383012,383017,5,1
383011,383012,383017,5,1
383011,383012,383017,5,1
383011,383012,383017,5,1
383011,383012,383017,5,1
383011,383012,383017,5,1
383011,383012,383017,5,1
383011,383012,383017,5,1
383011,383012,383017,5,1
383011,383012,383017,5,1
383011,383012,383017,5,1
383011,383012,383017,5,1
383011,383012,383018,6,1
383011,383012,383018,6,1
383011,383012,383017,5,1
383011,383012,383017,5,1
383011,383012,383017,5,1
383011,383012,383018,6,1
383011,383012,383018,6,1
383011,383012,383017,5,1
383011,383012,383017,5,1
383011,383017,383022,5,6
383011,383017,383022,5,6
383011,383017,383022,5,6
383011,383017,383022,5,6
383011,383017,383022,5,6
383011,383017,383022,5,6
383011,383017,383022,5,6
383011,383017,383022,5,6
383011,383017,383022,5,6
383011,383017,383022,5,6
383011,383017,383022,5,6
383011,383017,383023,6,6
383011,383017,383023,6,6
383011,383017,383022,5,6
383011,383017,383023,6,6
383011,383018,383023,5,7
383011,383017,383023,6,6
383011,383017,383023,6,6
383011,383017,383023,6,6
383011,383017,383022,5,6
383011,383017,383023,6,6
383011,383017,383023,6,6
383011,383017,383022,5,6
383011,383017,383022,5,6
383011,383017,383022,5,6
383011,383017,383023,6,6
383011,383017,383022,5,6
383011,383017,383023,6,6
383011,383018,383023,5,7
383011,383017,383022,5,6
383011,383017,383022,5,6
383011,383017,383023,6,6
383011,383017,383022,5,6
383011,383017,383022,5,6
383011,383017,383023,6,6
383011,383018,383023,5,7
383011,383018,383023,5,7
383011,383017,383022,5,6
383011,383017,383022,5,6
383011,383017,383022,5,6
383011,383018,383023,5,7
383011,383018,383023,5,7
383011,383018,383023,5,7
383011,383018,383023,5,7
383011,383017,383022,5,6
383011,383017,383022,5,6
383011,383017,383023,6,6
383011,383017,383022,5,6
383011,383017,383022,5,6
383011,383018,383023,5,7
383011,383018,383023,5,7
383011,383017,383022,5,6
383011,383017,383022,5,6
383011,383017,383023,6,6
383011,383018,383022,4,7
383011,383018,383022,4,7
383011,383018,383023,5,7
383011,383017,383022,5,6
383011,383017,383022,5,6
383011,383018,383023,5,7
383011,383018,383023,5,7
383011,383018,383023,5,7
383011,383017,383022,5,6
383011,383017,383022,5,6
383011,383017,383022,5,6
383011,383018,383022,4,7
383011,383018,383022,4,7
383011,383018,383022,4,7
383011,383017,383022,5,6
383011,383017,383022,5,6
383011,383017,383023,6,6
383011,383018,383023,5,7
383011,383018,383023,5,7
383011,383018,383023,5,7
383011,383018,383023,5,7
383011,383018,383023,5,7
383011,383018,383023,5,7
383011,383018,383023,5,7
383011,383018,383023,5,7
383011,383022,383024,2,11
383011,383022,383024,2,11
383011,383018,383023,5,7
383011,383022,383024,2,11
383011,383022,383024,2,11
383011,383022,383024,2,11
383011,383022,383024,2,11
383011,383022,383024,2,11
383011,383022,383024,2,11
383011,383024,383025,1,13
383011,383023,383026,3,12
383011,383024,383025,1,13
383011,383023,383025,2,12
383011,383024,383026,2,13
383011,383024,383026,2,13
383011,383024,383026,2,13
383011,383024,383026,2,13
383011,383024,383026,2,13
383011,383024,383026,2,13
383011,383024,383027,3,13
383011,383024,383026,2,13
383011,383024,383026,2,13
383011,383024,383026,2,13
383011,383024,383026,2,13
383011,383024,383026,2,13
383011,383024,383026,2,13
383011,383024,383026,2,13
383011,383024,383026,2,13
383011,383024,383026,2,13
383011,383024,383026,2,13
383011,383024,383026,2,13
383011,383024,383026,2,13
383011,383024,383026,2,13
383011,383024,383026,2,13
383011,383024,383027,3,13
383011,383024,383026,2,13
383011,383024,383026,2,13
383011,383024,383026,2,13
383011,383024,383026,2,13
383011,383024,383026,2,13
383011,383024,383027,3,13
383032,383032,383036,4,0
383032,383032,383036,4,0
383032,383032,383036,4,0
383032,383032,383036,4,0
383032,383032,383036,4,0
383032,383032,383036,4,0
383032,383032,383036,4,0
383032,383032,383037,5,0
383032,383032,383037,5,0
383032,383032,383036,4,0
383032,383032,383036,4,0
383032,383032,383036,4,0
383032,383032,383036,4,0
383032,383032,383037,5,0
383032,383032,383037,5,0
383032,383032,383037,5,0
383032,383032,383037,5,0
383032,383032,383036,4,0
383032,383032,383036,4,0
383032,383032,383036,4,0
383032,383032,383036,4,0
383032,383032,383036,4,0
383032,383032,383036,4,0
383032,383032,383036,4,0
383032,383032,383036,4,0
383032,383032,383036,4,0
383032,383032,383036,4,0
383032,383032,383036,4,0
383032,383032,383036,4,0
383032,383032,383036,4,0
383032,383032,383036,4,0
383032,383032,383036,4,0
383032,383032,383036,4,0
383032,383032,383037,5,0
383032,383032,383037,5,0
383032,383032,383036,4,0
383032,383032,383036,4,0
383032,383032,383036,4,0
383032,383032,383036,4,0
383032,383032,383037,5,0
383032,383032,383037,5,0
383032,383032,383037,5,0
383032,383032,383036,4,0
383032,383032,383036,4,0
383032,383032,383036,4,0
383032,383032,383036,4,0
383032,383032,383036,4,0
383032,383032,383037,5,0
383032,383032,383036,4,0
383032,383032,383036,4,0
383032,383032,383036,4,0
383032,383032,383036,4,0
383032,383032,383037,5,0
383032,383032,383037,5,0
383032,383032,383037,5,0
383032,383032,383036,4,0
383032,383032,383036,4,0
383032,383032,383036,4,0
383032,383032,383037,5,0
383032,383032,383036,4,0
383032,383032,383037,5,0
383032,383032,383037,5,0
383032,383032,383037,5,0
383032,383032,383036,4,0
383032,383032,383036,4,0
383032,383032,383036,4,0
383032,383032,383036,4,0
383032,383032,383037,5,0
383032,383032,383037,5,0
383032,383032,383037,5,0
383032,383032,383037,5,0
383032,383032,383038,6,0
383032,383036,383038,2,4
383032,383032,383038,6,0
383032,383032,383038,6,0
383032,383032,383037,5,0
383032,383032,383037,5,0
383032,383032,383037,5,0
383032,383032,383038,6,0
383032,383032,383037,5,0
383032,383032,383037,5,0
383032,383037,383040,3,5
383032,383037,383040,3,5
383032,383037,383041,4,5
383032,383037,383041,4,5
383032,383037,383041,4,5
383032,383037,383041,4,5
383032,383037,383041,4,5
383032,383037,383041,4,5
383032,383037,383041,4,5
383032,383037,383041,4,5
383032,383037,383041,4,5
383032,383037,383041,4,5
383032,383037,383041,4,5
383032,383037,383041,4,5
383032,383037,383042,5,5
383032,383037,383042,5,5
383032,383037,383042,5,5
383032,383037,383042,5,5
383032,383037,383042,5,5
383032,383037,383042,5,5
383032,383037,383042,5,5
383032,383037,383042,5,5
383032,383037,383042,5,5
383032,383037,383042,5,5
383032,383037,383042,5,5
383032,383037,383042,5,5
383032,383037,383042,5,5
383032,383037,383042,5,5
383032,383037,383042,5,5
383032,383037,383042,5,5
383032,383037,383042,5,5
383032,383037,383042,5,5
383032,383037,383042,5,5
383032,383037,383042,5,5
383032,383037,383042,5,5
383032,383037,383042,5,5
383032,383037,383042,5,5
383032,383037,383042,5,5
383032,383037,383042,5,5
383032,383037,383042,5,5
383032,383037,383042,5,5
383032,383037,383042,5,5
383032,383037,383042,5,5
383032,383037,383042,5,5
383032,383037,383042,5,5
383032,383037,383042,5,5
383032,383037,383042,5,5
383032,383038,383042,4,6
383032,383037,383042,5,5
383032,383037,383042,5,5
383032,383037,383042,5,5
383032,383037,383042,5,5
383032,383037,383042,5,5
383032,383039,383042,3,7
383032,383037,383042,5,5
383032,383037,383042,5,5
383032,383037,383042,5,5
383032,383037,383042,5,5
383032,383037,383042,5,5
383032,383039,383042,3,7
383032,383037,383042,5,5
383032,383037,383042,5,5
383032,383038,383042,4,6
383032,383039,383042,3,7
383032,383037,383042,5,5
383032,383037,383042,5,5
383032,383039,383042,3,7
383032,383039,383042,3,7
383032,383037,383043,6,5
383032,383037,383043,6,5
383032,383037,383043,6,5
383032,383037,383043,6,5
383032,383037,383043,6,5
383032,383039,383043,4,7
383032,383039,383043,4,7
383032,383039,383043,4,7
383032,383039,383043,4,7
383032,383039,383043,4,7
383032,383039,383043,4,7
383032,383039,383043,4,7
383032,383041,383043,2,9
383032,383042,383043,1,10
383032,383042,383043,1,10
383032,383042,383043,1,10
383032,383041,383043,2,9
383032,383042,383043,1,10
383032,383042,383044,2,10
383032,383042,383044,2,10
383032,383042,383043,1,10
383032,383042,383044,2,10
383032,383042,383044,2,10
383032,383042,383044,2,10
383032,383042,383044,2,10
383032,383043,383044,1,11
383032,383043,383044,1,11
383032,383043,383044,1,11
383032,383043,383044,1,11
383032,383043,383044,1,11
383032,383043,383044,1,11
383032,383043,383045,2,11
383032,383043,383045,2,11
383032,383043,383045,2,11
383032,383043,383044,1,11
383032,383043,383045,2,11
383032,383042,383044,2,10
383032,383043,383045,2,11
383032,383043,383045,2,11
383032,383043,383045,2,11
383032,383043,383045,2,11
383032,383043,383045,2,11
383032,383043,383045,2,11
383032,383043,383045,2,11
383032,383043,383045,2,11
383032,383043,383045,2,11
383032,383043,383045,2,11
383032,383043,383045,2,11
383032,383043,383045,2,11
383032,383043,383045,2,11
383032,383043,383045,2,11
383049,383050,383054,4,1
383049,383049,383054,5,0
383049,383049,383054,5,0
383049,383049,383054,5,0
383049,383049,383054,5,0
383049,383049,383054,5,0
383049,383050,383054,4,1
383049,383050,383054,4,1
383049,383050,383054,4,1
383049,383049,383054,5,0
383049,383050,383054,4,1
383049,383050,383054,4,1
383049,383049,383054,5,0
383049,383049,383054,5,0
383049,383049,383054,5,0
383049,383050,383054,4,1
383049,383050,383054,4,1
383049,383050,383054,4,1
383049,383050,383054,4,1
383049,383049,383054,5,0
383049,383049,383054,5,0
383049,383049,383054,5,0
383049,383049,383054,5,0
383049,383049,383054,5,0
383049,383049,383054,5,0
383049,383049,383054,5,0
383049,383050,383054,4,1
383049,383049,383054,5,0
383049,383049,383054,5,0
383049,383049,383054,5,0
383049,383050,383054,4,1
383049,383049,383054,5,0
383049,383049,383054,5,0
383049,383049,383054,5,0
383049,383050,383054,4,1
383049,383050,383054,4,1
383049,383049,383054,5,0
383049,383049,383054,5,0
383049,383049,383054,5,0
383049,383050,383054,4,1
383049,383050,383054,4,1
383049,383050,383054,4,1
383049,383050,383054,4,1
383049,383049,383054,5,0
383049,383049,383054,5,0
383049,383050,383054,4,1
383049,383050,383055,5,1
383049,383050,383054,4,1
383049,383049,383054,5,0
383049,383050,383054,4,1
383049,383050,383055,5,1
383049,383050,383055,5,1
383049,383050,383055,5,1
383049,383049,383054,5,0
383049,383050,383054,4,1
383049,383050,383054,4,1
383049,383050,383055,5,1
383049,383049,383055,6,0
383049,383049,383055,6,0
383049,383049,383055,6,0
383049,383050,383055,5,1
383049,383050,383055,5,1
383049,383050,383055,5,1
383049,383050,383055,5,1
383049,383050,383055,5,1
383049,383050,383055,5,1
383049,383050,383055,5,1
383049,383050,383055,5,1
383049,383050,383055,5,1
383049,383050,383055,5,1
383049,383050,383055,5,1
383049,383050,383055,5,1
383049,383050,383055,5,1
383049,383050,383055,5,1
383049,383050,383055,5,1
383049,383050,383055,5,1
383049,383050,383055,5,1
383049,383050,383055,5,1
383049,383050,383055,5,1
383049,383054,383055,1,5
383049,383054,383055,1,5
383049,383050,383056,6,1
383049,383055,383057,2,6
383049,383055,383057,2,6
383049,383054,383056,2,5
383049,383054,383057,3,5
383049,383054,383057,3,5
383049,383054,383057,3,5
383049,383054,383057,3,5
383049,383054,383056,2,5
383049,383054,383057,3,5
383049,383054,383057,3,5
383049,383054,383057,3,5
383049,383054,383057,3,5
383049,383054,383057,3,5
383049,383055,383057,2,6
383049,383054,383057,3,5
383049,383054,383057,3,5
383049,383054,383057,3,5
383049,383054,383057,3,5
383049,383055,383058,3,6
383049,383055,383058,3,6
383049,383055,383058,3,6
383049,383055,383058,3,6
383049,383055,383057,2,6
383049,383055,383058,3,6
383049,383055,383058,3,6
383049,383055,383057,2,6
383049,383055,383057,2,6
383049,383055,383058,3,6
383049,383055,383058,3,6
383049,383055,383058,3,6
383049,383055,383057,2,6
383049,383055,383058,3,6
383049,383055,383058,3,6
383049,383055,383058,3,6
383049,383055,383058,3,6
383049,383055,383058,3,6
383049,383054,383057,3,5
383049,383055,383058,3,6
383049,383055,383058,3,6
383049,383055,383058,3,6
383049,383055,383058,3,6
383049,383055,383058,3,6
383049,383055,383058,3,6
383049,383055,383058,3,6
383049,383055,383058,3,6
383049,383055,383058,3,6
383049,383055,383058,3,6
383049,383054,383057,3,5
383049,383056,383058,2,7
383049,383055,383058,3,6
383049,383055,383058,3,6
383049,383055,383058,3,6
383049,383056,383058,2,7
383049,383056,383058,2,7
383049,383056,383059,3,7
383049,383056,383058,2,7
383049,383056,383058,2,7
383049,383056,383059,3,7
383049,383056,383059,3,7
383049,383056,383058,2,7
383049,383056,383059,3,7
383049,383056,383059,3,7
383049,383056,383059,3,7
383049,383055,383058,3,6
383049,383055,383058,3,6
383049,383055,383059,4,6
383049,383055,383058,3,6
383049,383056,383059,3,7
383049,383056,383059,3,7
383049,383056,383059,3,7
383049,383057,383059,2,8
383049,383056,383059,3,7
383049,383056,383059,3,7
383049,383056,383059,3,7
383049,383056,383059,3,7
383049,383056,383059,3,7
383049,383056,383059,3,7
383049,383056,383060,4,7
383049,383056,383060,4,7
383049,383056,383059,3,7
383049,383058,383059,1,9
383049,383057,383059,2,8
383049,383058,383060,2,9
383049,383058,383060,2,9
383049,383058,383060,2,9
383049,383058,383060,2,9
383049,383058,383060,2,9
383049,383057,383059,2,8
383049,383057,383059,2,8
383049,383057,383059,2,8
383049,383057,383059,2,8
383049,383058,383060,2,9
383049,383056,383059,3,7
383049,383057,383060,3,8
383049,383058,383060,2,9
383049,383058,383060,2,9
383049,383057,383060,3,8
383049,383057,383060,3,8
383049,383057,383060,3,8
383049,383057,383060,3,8
383049,383057,383060,3,8
383049,383057,383060,3,8
383049,383058,383060,2,9
383049,383058,383060,2,9
383049,383058,383060,2,9
383049,383058,383061,3,9
383049,383058,383061,3,9
383049,383058,383061,3,9
383049,383058,383061,3,9
383049,383058,383061,3,9
383049,383058,383061,3,9
383049,383058,383060,2,9
383049,383058,383061,3,9
383049,383058,383061,3,9
383049,383058,383060,2,9
383049,383058,383061,3,9
383049,383058,383061,3,9
383049,383058,383060,2,9
383065,383065,383070,5,0
383065,383065,383070,5,0
383065,383065,383070,5,0
383065,383065,383070,5,0
383065,383065,383070,5,0
383065,383065,383070,5,0
383065,383065,383069,4,0
383065,383065,383070,5,0
383065,383065,383070,5,0
383065,383065,383070,5,0
383065,383065,383070,5,0
383065,383065,383069,4,0
383065,383065,383070,5,0
383065,383065,383070,5,0
383065,383065,383070,5,0
383065,383065,383070,5,0
383065,383065,383070,5,0
383065,383065,383070,5,0
383065,383065,383070,5,0
383065,383065,383070,5,0
383065,383065,383070,5,0
383065,383065,383070,5,0
383065,383065,383070,5,0
383065,383065,383070,5,0
383065,383065,383070,5,0
383065,383065,383070,5,0
383065,383065,383070,5,0
383065,383065,383070,5,0
383065,383065,383070,5,0
383065,383065,383070,5,0
383065,383065,383070,5,0
383065,383065,383070,5,0
383065,383065,383070,5,0
383065,383065,383070,5,0
383065,383065,383070,5,0
383065,383065,383070,5,0
383065,383065,383070,5,0
383065,383065,383070,5,0
383065,383065,383070,5,0
383065,383065,383070,5,0
383065,383065,383070,5,0
383065,383065,383070,5,0
383065,383065,383070,5,0
383065,383065,383070,5,0
383065,383065,383070,5,0
383065,383065,383070,5,0
383065,383065,383070,5,0
383065,383065,383070,5,0
383065,383065,383070,5,0
383065,383065,383070,5,0
383065,383065,383070,5,0
383065,383065,383070,5,0
383065,383065,383070,5,0
383065,383065,383070,5,0
383065,383065,383070,5,0
383065,383065,383070,5,0
383065,383065,383070,5,0
383065,383065,383071,6,0
383065,383065,383070,5,0
383065,383065,383071,6,0
383065,383065,383071,6,0
383065,383065,383071,6,0
383065,383065,383071,6,0
383065,383065,383071,6,0
383065,383065,383071,6,0
383065,383065,383071,6,0
383065,383065,383070,5,0
383065,383065,383071,6,0
383065,383065,383071,6,0
383065,383065,383070,5,0
383065,383065,383071,6,0
383065,383065,383071,6,0
383065,383065,383070,5,0
383065,383065,383071,6,0
383065,383065,383071,6,0
383065,383065,383070,5,0
383065,383065,383070,5,0
383065,383065,383071,6,0
383065,383065,383071,6,0
383065,383065,383070,5,0
383065,383070,383072,2,5
383065,383070,383074,4,5
383065,383070,383075,5,5
383065,383070,383074,4,5
383065,383070,383075,5,5
383065,383070,383074,4,5
383065,383070,383075,5,5
383065,383070,383075,5,5
383065,383070,383075,5,5
383065,383070,383075,5,5
383065,383070,383075,5,5
383065,383070,383075,5,5
383065,383070,383075,5,5
383065,383070,383075,5,5
383065,383070,383075,5,5
383065,383070,383075,5,5
383065,383070,383075,5,5
383065,383072,383075,3,7
383065,383072,383075,3,7
383065,383070,383075,5,5
383065,383070,383075,5,5
383065,383070,383075,5,5
383065,383070,383075,5,5
383065,383070,383075,5,5
383065,383070,383075,5,5
383065,383070,383075,5,5
383065,383070,383075,5,5
383065,383070,383075,5,5
383065,383072,383076,4,7
383065,383070,383075,5,5
383065,383070,383075,5,5
383065,383070,383075,5,5
383065,383070,383075,5,5
383065,383070,383075,5,5
383065,383070,383075,5,5
383065,383072,383075,3,7
383065,383072,383075,3,7
383065,383070,383075,5,5
383065,383070,383075,5,5
383065,383070,383075,5,5
383065,383070,383075,5,5
383065,383070,383075,5,5
383065,383070,383075,5,5
383065,383072,383075,3,7
383065,383072,383075,3,7
383065,383070,383075,5,5
383065,383070,383075,5,5
383065,383072,383075,3,7
383065,383070,383075,5,5
383065,383070,383075,5,5
383065,383070,383075,5,5
383065,383070,383075,5,5
383065,383070,383075,5,5
383065,383072,383075,3,7
383065,383072,383076,4,7
383065,383070,383075,5,5
383065,383070,383075,5,5
383065,383070,383075,5,5
383065,383070,383075,5,5
383065,383070,383075,5,5
383065,383070,383075,5,5
383065,383072,383076,4,7
383065,383070,383075,5,5
383065,383070,383075,5,5
383065,383070,383075,5,5
383065,383070,383075,5,5
383065,383072,383076,4,7
383065,383072,383075,3,7
383065,383072,383075,3,7
383065,383070,383076,6,5
383065,383070,383076,6,5
383065,383072,383076,4,7
383065,383075,383076,1,10
383065,383075,383076,1,10
383065,383075,383076,1,10
383065,383072,383076,4,7
383065,383072,383076,4,7
383065,383072,383076,4,7
383065,383072,383076,4,7
383065,383072,383076,4,7
383065,383075,383076,1,10
383065,383072,383076,4,7
383065,383072,383076,4,7
383065,383072,383076,4,7
383065,383073,383076,3,8
383065,383076,383078,2,11
383065,383076,383077,1,11
383065,383076,383078,2,11
383065,383076,383077,1,11
383065,383076,383077,1,11
383065,383076,383077,1,11
383065,383076,383078,2,11
383065,383076,383077,1,11
383065,383076,383078,2,11
383065,383076,383077,1,11
383065,383076,383078,2,11
383065,383076,383078,2,11
383065,383075,383077,2,10
383065,383076,383078,2,11
383065,383076,383079,3,11
383065,383076,383079,3,11
383065,383076,383078,2,11
383065,383076,383078,2,11
383065,383076,383078,2,11
383065,383076,383078,2,11
383065,383076,383078,2,11
383065,383076,383078,2,11
383065,383076,383079,3,11
383065,383076,383078,2,11
383065,383076,383079,3,11
383065,383076,383078,2,11
383065,383076,383078,2,11
383065,383076,383078,2,11
383065,383076,383078,2,11
383065,383076,383078,2,11
383065,383076,383078,2,11
383065,383076,383078,2,11
383065,383076,383079,3,11
383065,383076,383078,2,11
383065,383076,383078,2,11
382898,382898,383078,180,0
383083,383083,383087,4,0
383083,383083,383087,4,0
383083,383083,383087,4,0
383083,383083,383087,4,0
383083,383083,383087,4,0
383083,383083,383087,4,0
383083,383083,383087,4,0
383083,383083,383087,4,0
383083,383083,383087,4,0
383083,383083,383087,4,0
383083,383083,383087,4,0
383083,383083,383087,4,0
383083,383083,383087,4,0
383083,383083,383087,4,0
383083,383083,383087,4,0
383083,383083,383087,4,0
383083,383083,383087,4,0
383083,383083,383087,4,0
383083,383083,383087,4,0
383083,383083,383088,5,0
383083,383083,383087,4,0
383083,383083,383088,5,0
383083,383083,383088,5,0
383083,383083,383088,5,0
383083,383083,383088,5,0
383083,383083,383088,5,0
383083,383083,383088,5,0
383083,383083,383088,5,0
383083,383083,383088,5,0
383083,383083,383088,5,0
383083,383083,383088,5,0
383083,383083,383088,5,0
383083,383083,383088,5,0
383083,383083,383087,4,0
383083,383083,383088,5,0
383083,383083,383088,5,0
383083,383083,383088,5,0
383083,383083,383088,5,0
383083,383083,383088,5,0
383083,383083,383088,5,0
383083,383083,383089,6,0
383083,383083,383089,6,0
383083,383083,383088,5,0
383083,383083,383088,5,0
383083,383083,383088,5,0
383083,383083,383088,5,0
383083,383083,383088,5,0
383083,383083,383088,5,0
383083,383083,383088,5,0
383083,383083,383088,5,0
383083,383083,383088,5,0
383083,383083,383088,5,0
383083,383083,383088,5,0
383083,383083,383088,5,0
383083,383083,383088,5,0
383083,383083,383088,5,0
383083,383083,383088,5,0
383083,383083,383088,5,0
383083,383083,383088,5,0
383083,383083,383088,5,0
383083,383083,383088,5,0
383083,383083,383088,5,0
383083,383083,383088,5,0
383083,383083,383088,5,0
383083,383083,383088,5,0
383083,383083,383088,5,0
383083,383083,383089,6,0
383083,383083,383088,5,0
383083,383083,383088,5,0
383083,383083,383089,6,0
383083,383083,383089,6,0
383083,383083,383089,6,0
383083,383083,383089,6,0
383083,383083,383089,6,0
383083,383088,383090,2,5
383083,383083,383089,6,0
383083,383083,383089,6,0
383083,383083,383090,7,0
383083,383083,383091,8,0
383083,383083,383091,8,0
383083,383083,383091,8,0
383083,383088,383092,4,5
383083,383088,383091,3,5
383083,383088,383092,4,5
383083,383088,383092,4,5
383083,383088,383092,4,5
383083,383088,383091,3,5
383083,383089,383092,3,6
383083,383089,383092,3,6
383083,383089,383092,3,6
383083,383089,383092,3,6
383083,383089,383093,4,6
383083,383089,383092,3,6
383083,383089,383093,4,6
383083,383089,383092,3,6
383083,383089,383092,3,6
383083,383089,383092,3,6
383083,383088,383093,5,5
383083,383089,383093,4,6
383083,383088,383092,4,5
383083,383089,383093,4,6
383083,383088,383092,4,5
383083,383088,383092,4,5
383083,383088,383092,4,5
383083,383088,383092,4,5
383083,383089,383093,4,6
383083,383089,383093,4,6
383083,383089,383093,4,6
383083,383088,383092,4,5
383083,383088,383092,4,5
383083,383088,383092,4,5
383083,383089,383092,3,6
383083,383089,383092,3,6
383083,383089,383093,4,6
383083,383088,383092,4,5
383083,383088,383092,4,5
383083,383088,383092,4,5
383083,383088,383092,4,5
383083,383088,383092,4,5
383083,383089,383092,3,6
383083,383089,383092,3,6
383083,383088,383093,5,5
383083,383089,383093,4,6
383083,383089,383093,4,6
383083,383089,383093,4,6
383083,383089,383093,4,6
383083,383088,383093,5,5
383083,383088,383093,5,5
383083,383089,383093,4,6
383083,383089,383093,4,6
383083,383089,383093,4,6
383083,383089,383093,4,6
383083,383088,383092,4,5
383083,383088,383092,4,5
383083,383089,383093,4,6
383083,383089,383092,3,6
383083,383089,383093,4,6
383083,383090,383093,3,7
383083,383091,383093,2,8
383083,383090,383094,4,7
383083,383090,383093,3,7
383083,383091,383093,2,8
383083,383089,383093,4,6
383083,383089,383094,5,6
383083,383089,383094,5,6
383083,383089,383094,5,6
383083,383089,383093,4,6
383083,383089,383094,5,6
383083,383089,383094,5,6
383083,383089,383093,4,6
383083,383089,383093,4,6
383083,383089,383093,4,6
383083,383089,383093,4,6
383083,383089,383094,5,6
383083,383090,383094,4,7
383083,383090,383094,4,7
383083,383092,383094,2,9
383083,383090,383093,3,7
383083,383092,383094,2,9
383083,383090,383094,4,7
383083,383092,383094,2,9
383083,383092,383094,2,9
383083,383092,383094,2,9
383083,383090,383093,3,7
383083,383092,383094,2,9
383083,383093,383094,1,10
383083,383093,383095,2,10
383083,383093,383095,2,10
383083,383093,383095,2,10
383083,383093,383095,2,10
383083,383093,383095,2,10
383083,383093,383095,2,10
383083,383093,383095,2,10
383083,383093,383095,2,10
383083,383093,383095,2,10
383083,383093,383095,2,10
383083,383091,383094,3,8
383083,383092,383094,2,9
383083,383093,383095,2,10
383083,383093,383096,3,10
383083,383093,383095,2,10
383083,383093,383096,3,10
383083,383093,383096,3,10
383083,383093,383096,3,10
383083,383093,383096,3,10
383083,383093,383096,3,10
383083,383093,383096,3,10
383083,383093,383096,3,10
383083,383093,383096,3,10
383083,383093,383096,3,10
383083,383093,383096,3,10
383083,383093,383096,3,10
383083,383093,383095,2,10
383083,383093,383096,3,10
383083,383093,383096,3,10
383083,383093,383096,3,10
383083,383093,383096,3,10
383083,383093,383096,3,10
383083,383093,383096,3,10
383083,383093,383096,3,10
383101,383101,383106,5,0
383101,383101,383106,5,0
383101,383101,383106,5,0
383101,383101,383106,5,0
383101,383101,383106,5,0
383101,383101,383106,5,0
383101,383101,383106,5,0
383101,383101,383106,5,0
383101,383101,383106,5,0
383101,383101,383106,5,0
383101,383101,383106,5,0
383101,383101,383106,5,0
383101,383101,383106,5,0
383101,383101,383106,5,0
383101,383101,383106,5,0
383101,383101,383106,5,0
383101,383101,383106,5,0
383101,383101,383106,5,0
383101,383101,383106,5,0
383101,383101,383106,5,0
383101,383101,383106,5,0
383101,383101,383106,5,0
383101,383101,383106,5,0
383101,383101,383106,5,0
383101,383101,383106,5,0
383101,383101,383106,5,0
383101,383101,383106,5,0
383101,383101,383106,5,0
383101,383101,383106,5,0
383101,383101,383106,5,0
383101,383101,383106,5,0
383101,383101,383107,6,0
383101,383101,383106,5,0
383101,383101,383106,5,0
383101,383101,383106,5,0
383101,383101,383106,5,0
383101,383101,383106,5,0
383101,383101,383106,5,0
383101,383101,383106,5,0
383101,383101,383106,5,0
383101,383101,383106,5,0
383101,383101,383106,5,0
383101,383101,383106,5,0
383101,383101,383106,5,0
383101,383101,383106,5,0
383101,383101,383106,5,0
383101,383102,383106,4,1
383101,383101,383107,6,0
383101,383101,383107,6,0
383101,383101,383107,6,0
383101,383101,383107,6,0
383101,383101,383107,6,0
383101,383101,383107,6,0
383101,383101,383107,6,0
383101,383101,383107,6,0
383101,383102,383107,5,1
383101,383101,383107,6,0
383101,383101,383107,6,0
383101,383101,383108,7,0
383101,383101,383108,7,0
383101,383101,383107,6,0
383101,383101,383107,6,0
383101,383101,383107,6,0
383101,383101,383107,6,0
383101,383101,383107,6,0
383101,383101,383107,6,0
383101,383101,383107,6,0
383101,383101,383107,6,0
383101,383101,383107,6,0
383101,383101,383107,6,0
383101,383101,383107,6,0
383101,383102,383107,5,1
383101,383101,383107,6,0
383101,383101,383107,6,0
383101,383101,383107,6,0
383101,383101,383107,6,0
383101,383101,383107,6,0
383101,383101,383108,7,0
383101,383101,383107,6,0
383101,383101,383107,6,0
383101,383107,383111,4,6
383101,383107,383110,3,6
383101,383107,383111,4,6
383101,383107,383111,4,6
383101,383107,383111,4,6
383101,383107,383111,4,6
383101,383107,383112,5,6
383101,383107,383112,5,6
383101,383107,383112,5,6
383101,383107,383112,5,6
383101,383107,383112,5,6
383101,383107,383112,5,6
383101,383107,383112,5,6
383101,383107,383112,5,6
383101,383107,383112,5,6
383101,383107,383112,5,6
383101,383107,383112,5,6
383101,383107,383112,5,6
383101,383107,383111,4,6
383101,383107,383111,4,6
383101,383107,383111,4,6
383101,383107,383112,5,6
383101,383107,383112,5,6
383101,383107,383112,5,6
383101,383108,383112,4,7
383101,383108,383112,4,7
383101,383107,383112,5,6
383101,383107,383112,5,6
383101,383107,383112,5,6
383101,383107,383112,5,6
383101,383107,383112,5,6
383101,383107,383111,4,6
383101,383107,383112,5,6
383101,383107,383112,5,6
383101,383107,383112,5,6
383101,383107,383112,5,6
383101,383107,383112,5,6
383101,383108,383112,4,7
383101,383108,383112,4,7
383101,383107,383112,5,6
383101,383107,383112,5,6
383101,383107,383112,5,6
383101,383107,383112,5,6
383101,383107,383111,4,6
383101,383107,383112,5,6
383101,383107,383112,5,6
383101,383107,383112,5,6
383101,383108,383112,4,7
383101,383108,383112,4,7
383101,383108,383112,4,7
383101,383107,383112,5,6
383101,383107,383112,5,6
383101,383107,383112,5,6
383101,383108,383112,4,7
383101,383108,383112,4,7
383101,383108,383112,4,7
383101,383108,383112,4,7
383101,383107,383112,5,6
383101,383107,383112,5,6
383101,383107,383112,5,6
383101,383107,383112,5,6
383101,383108,383112,4,7
383101,383108,383112,4,7
383101,383111,383113,2,10
383101,383108,383113,5,7
383101,383108,383113,5,7
383101,383108,383113,5,7
383101,383111,383113,2,10
383101,383111,383113,2,10
383101,383108,383112,4,7
383101,383108,383112,4,7
383101,383108,383112,4,7
383101,383108,383112,4,7
383101,383108,383113,5,7
383101,383108,383113,5,7
383101,383108,383113,5,7
383101,383108,383113,5,7
383101,383108,383112,4,7
383101,383108,383112,4,7
383101,383108,383113,5,7
383101,383108,383113,5,7
383101,383108,383112,4,7
383101,383111,383113,2,10
383101,383111,383113,2,10
383101,383107,383114,7,6
383101,383112,383114,2,11
383101,383112,383115,3,11
383101,383112,383115,3,11
383101,383112,383115,3,11
383101,383112,383115,3,11
383101,383112,383115,3,11
383101,383112,383115,3,11
383101,383112,383114,2,11
383101,383112,383115,3,11
383101,383112,383115,3,11
383101,383112,383115,3,11
383101,383112,383115,3,11
383101,383112,383115,3,11
383101,383112,383115,3,11
383101,383112,383115,3,11
383101,383112,383115,3,11
383101,383112,383115,3,11
383101,383112,383115,3,11
383101,383112,383115,3,11
383101,383112,383115,3,11
383101,383112,383115,3,11
383101,383112,383115,3,11
383101,383112,383115,3,11
383101,383112,383115,3,11
383101,383112,383115,3,11
383101,383112,383116,4,11
383101,383112,383116,4,11
383101,383112,383116,4,11
383101,383112,383116,4,11
383101,383112,383116,4,11
383101,383112,383116,4,11
383101,383112,383116,4,11
383101,383112,383116,4,11
383101,383112,383116,4,11
383101,383112,383116,4,11
383120,383120,383124,4,0
383120,383120,383124,4,0
383120,383120,383124,4,0
383120,383120,383124,4,0
383120,383120,383124,4,0
383120,383120,383124,4,0
383120,383120,383124,4,0
383120,383120,383124,4,0
383120,383120,383124,4,0
383120,383120,383124,4,0
383120,383120,383124,4,0
383120,383120,383124,4,0
383120,383120,383124,4,0
383120,383120,383124,4,0
383120,383120,383124,4,0
383120,383120,383124,4,0
383120,383120,383124,4,0
383120,383120,383124,4,0
383120,383120,383124,4,0
383120,383120,383124,4,0
383120,383120,383124,4,0
383120,383120,383124,4,0
383120,383120,383124,4,0
383120,383120,383124,4,0
383120,383120,383124,4,0
383120,383120,383124,4,0
383120,383120,383124,4,0
383120,383120,383124,4,0
383120,383120,383124,4,0
383120,383120,383124,4,0
383120,383120,383124,4,0
383120,383120,383124,4,0
383120,383120,383124,4,0
383120,383120,383124,4,0
383120,383120,383124,4,0
383120,383120,383125,5,0
383120,383120,383125,5,0
383120,383120,383124,4,0
383120,383120,383124,4,0
383120,383120,383124,4,0
383120,383120,383125,5,0
383120,383120,383125,5,0
383120,383120,383125,5,0
383120,383120,383125,5,0
383120,383120,383125,5,0
383120,383120,383125,5,0
383120,383120,383125,5,0
383120,383120,383125,5,0
383120,383120,383125,5,0
383120,383120,383125,5,0
383120,383120,383125,5,0
383120,383120,383125,5,0
383120,383120,383125,5,0
383120,383120,383125,5,0
383120,383120,383125,5,0
383120,383120,383125,5,0
383120,383120,383125,5,0
383120,383120,383126,6,0
383120,383120,383125,5,0
383120,383120,383126,6,0
383120,383120,383125,5,0
383120,383120,383125,5,0
383120,383120,383125,5,0
383120,383120,383125,5,0
383120,383120,383125,5,0
383120,383120,383125,5,0
383120,383120,383125,5,0
383120,383120,383125,5,0
383120,383120,383126,6,0
383120,383120,383125,5,0
383120,383120,383125,5,0
383120,383120,383125,5,0
383120,383120,383125,5,0
383120,383120,383125,5,0
383120,383120,383125,5,0
383120,383120,383125,5,0
383120,383120,383125,5,0
383120,383120,383125,5,0
383120,383120,383126,6,0
383120,383120,383126,6,0
383120,383125,383129,4,5
383120,383125,383129,4,5
383120,383125,383129,4,5
383120,383125,383129,4,5
383120,383125,383129,4,5
383120,383125,383129,4,5
383120,383125,383129,4,5
383120,383126,383129,3,6
383120,383125,383128,3,5
383120,383125,383129,4,5
383120,383125,383129,4,5
383120,383126,383129,3,6
383120,383126,383129,3,6
383120,383126,383130,4,6
383120,383126,383130,4,6
383120,383125,383129,4,5
383120,383125,383129,4,5
383120,383125,383129,4,5
383120,383125,383129,4,5
383120,383125,383129,4,5
383120,383126,383130,4,6
383120,383126,383130,4,6
383120,383125,383129,4,5
383120,383125,383129,4,5
383120,383125,383129,4,5
383120,383125,383129,4,5
383120,383125,383129,4,5
383120,383125,383129,4,5
383120,383125,383129,4,5
383120,383125,383129,4,5
383120,383125,383129,4,5
383120,383125,383129,4,5
383120,383126,383130,4,6
383120,383125,383129,4,5
383120,383126,383129,3,6
383120,383126,383129,3,6
383120,383126,383130,4,6
383120,383126,383129,3,6
383120,383125,383129,4,5
383120,383125,383129,4,5
383120,383125,383129,4,5
383120,383125,383129,4,5
383120,383125,383129,4,5
383120,383125,383129,4,5
383120,383125,383129,4,5
383120,383125,383129,4,5
383120,383126,383129,3,6
383120,383126,383129,3,6
383120,383126,383129,3,6
383120,383126,383129,3,6
383120,383125,383129,4,5
383120,383125,383129,4,5
383120,383125,383129,4,5
383120,383126,383129,3,6
383120,383126,383129,3,6
383120,383126,383129,3,6
383120,383125,383129,4,5
383120,383125,383129,4,5
383120,383126,383129,3,6
383120,383126,383129,3,6
383120,383125,383129,4,5
383120,383126,383129,3,6
383120,383126,383129,3,6
383120,383126,383130,4,6
383120,383126,383130,4,6
383120,383126,383130,4,6
383120,383126,383130,4,6
383120,383126,383130,4,6
383120,383127,383130,3,7
383120,383126,383130,4,6
383120,383126,383130,4,6
383120,383126,383130,4,6
383120,383129,383130,1,9
383120,383129,383131,2,9
383120,383129,383131,2,9
383120,383127,383130,3,7
383120,383129,383131,2,9
383120,383129,383131,2,9
383120,383129,383131,2,9
383120,383126,383130,4,6
383120,383126,383130,4,6
383120,383129,383130,1,9
383120,383129,383130,1,9
383120,383129,383131,2,9
383120,383129,383131,2,9
383120,383129,383131,2,9
383120,383126,383130,4,6
383120,383126,383130,4,6
383120,383126,383130,4,6
383120,383126,383130,4,6
383120,383126,383130,4,6
383120,383130,383131,1,10
383120,383130,383132,2,10
383120,383130,383132,2,10
383120,383130,383131,1,10
383120,383130,383131,1,10
383120,383130,383132,2,10
383120,383130,383132,2,10
383120,383130,383132,2,10
383120,383130,383132,2,10
383120,383130,383132,2,10
383120,383130,383132,2,10
383120,383130,383132,2,10
383120,383130,383132,2,10
383120,383130,383133,3,10
383120,383130,383133,3,10
383120,383130,383133,3,10
383120,383130,383133,3,10
383120,383130,383133,3,10
383120,383130,383133,3,10
383120,383130,383133,3,10
383120,383130,383133,3,10
383120,383130,383133,3,10
383120,383130,383133,3,10
383120,383130,383133,3,10
383120,383130,383133,3,10
383120,383130,383133,3,10
383120,383130,383133,3,10
383120,383130,383133,3,10
383120,383130,383133,3,10
383137,383138,383142,4,1
383137,383138,383142,4,1
383137,383138,383142,4,1
383137,383138,383142,4,1
383137,383138,383142,4,1
383137,383138,383142,4,1
383137,383138,383142,4,1
383137,383138,383142,4,1
383137,383138,383142,4,1
383137,383138,383142,4,1
383137,383138,383142,4,1
383137,383138,383142,4,1
383137,383138,383142,4,1
383137,383138,383142,4,1
383137,383138,383142,4,1
383137,383138,383142,4,1
383137,383138,383142,4,1
383137,383138,383142,4,1
383137,383138,383142,4,1
383137,383138,383142,4,1
383137,383138,383142,4,1
383137,383138,383142,4,1
383137,383138,383142,4,1
383137,383138,383142,4,1
383137,383138,383142,4,1
383137,383138,383142,4,1
383137,383138,383142,4,1
383137,383138,383142,4,1
383137,383138,383142,4,1
383137,383138,383142,4,1
383137,383138,383142,4,1
383137,383138,383142,4,1
383137,383138,383142,4,1
383137,383138,383142,4,1
383137,383138,383142,4,1
383137,383138,383142,4,1
383137,383138,383142,4,1
383137,383138,383142,4,1
383137,383138,383142,4,1
383137,383138,383142,4,1
383137,383138,383142,4,1
383137,383138,383142,4,1
383137,383138,383142,4,1
383137,383138,383142,4,1
383137,383138,383142,4,1
383137,383138,383142,4,1
383137,383138,383142,4,1
383137,383138,383142,4,1
383137,383138,383142,4,1
383137,383138,383142,4,1
383137,383138,383142,4,1
383137,383138,383142,4,1
383137,383138,383142,4,1
383137,383138,383142,4,1
383137,383138,383142,4,1
383137,383138,383142,4,1
383137,383138,383142,4,1
383137,383138,383143,5,1
383137,383138,383143,5,1
383137,383138,383143,5,1
383137,383138,383143,5,1
383137,383138,383143,5,1
383137,383138,383143,5,1
383137,383138,383143,5,1
383137,383138,383143,5,1
383137,383138,383143,5,1
383137,383138,383143,5,1
383137,383138,383143,5,1
383137,383138,383143,5,1
383137,383138,383143,5,1
383137,383138,383143,5,1
383137,383138,383143,5,1
383137,383138,383143,5,1
383137,383138,383143,5,1
383137,383138,383143,5,1
383137,383138,383143,5,1
383137,383138,383143,5,1
383137,383138,383143,5,1
383137,383138,383143,5,1
383137,383138,383143,5,1
383137,383143,383147,4,6
383137,383143,383147,4,6
383137,383143,383147,4,6
383137,383143,383147,4,6
383137,383143,383147,4,6
383137,383143,383148,5,6
383137,383143,383148,5,6
383137,383143,383148,5,6
383137,383143,383147,4,6
383137,383143,383147,4,6
383137,383143,383147,4,6
383137,383143,383148,5,6
383137,383143,383147,4,6
383137,383143,383148,5,6
383137,383143,383148,5,6
383137,383143,383147,4,6
383137,383143,383148,5,6
383137,383143,383148,5,6
383137,383143,383147,4,6
383137,383143,383147,4,6
383137,383143,383147,4,6
383137,383143,383147,4,6
383137,383143,383147,4,6
383137,383144,383147,3,7
383137,383144,383148,4,7
383137,383144,383148,4,7
383137,383143,383147,4,6
383137,383143,383147,4,6
383137,383143,383147,4,6
383137,383143,383147,4,6
383137,383143,383148,5,6
383137,383143,383147,4,6
383137,383144,383148,4,7
383137,383143,383147,4,6
383137,383143,383147,4,6
383137,383143,383148,5,6
383137,383143,383147,4,6
383137,383143,383148,5,6
383137,383143,383148,5,6
383137,383143,383147,4,6
383137,383143,383147,4,6
383137,383143,383147,4,6
383137,383143,383147,4,6
383137,383143,383147,4,6
383137,383144,383148,4,7
383137,383144,383148,4,7
383137,383143,383147,4,6
383137,383143,383147,4,6
383137,383143,383147,4,6
383137,383143,383147,4,6
383137,383143,383147,4,6
383137,383143,383147,4,6
383137,383144,383147,3,7
383137,383144,383147,3,7
383137,383143,383147,4,6
383137,383143,383147,4,6
383137,383143,383147,4,6
383137,383143,383147,4,6
383137,383143,383147,4,6
383137,383144,383147,3,7
383137,383144,383148,4,7
383137,383144,383147,3,7
383137,383143,383147,4,6
383137,383143,383147,4,6
383137,383143,383148,5,6
383137,383143,383147,4,6
383137,383144,383148,4,7
383137,383144,383148,4,7
383137,383144,383148,4,7
383137,383144,383148,4,7
383137,383144,383148,4,7
383137,383144,383148,4,7
383137,383143,383148,5,6
383137,383143,383148,5,6
383137,383144,383148,4,7
383137,383144,383149,5,7
383137,383143,383149,6,6
383137,383144,383149,5,7
383137,383144,383149,5,7
383137,383144,383148,4,7
383137,383147,383149,2,10
383137,383148,383150,2,11
383137,383148,383150,2,11
383137,383148,383150,2,11
383137,383148,383150,2,11
383137,383148,383150,2,11
383137,383148,383150,2,11
383137,383148,383150,2,11
383137,383148,383150,2,11
383137,383148,383150,2,11
383137,383148,383150,2,11
383137,383148,383150,2,11
383137,383148,383151,3,11
383137,383148,383151,3,11
383137,383148,383151,3,11
383137,383149,383151,2,12
383137,383149,383151,2,12
383137,383149,383151,2,12
383137,383149,383151,2,12
383137,383149,383151,2,12
383137,383149,383151,2,12
383137,383149,383151,2,12
383137,383149,383151,2,12
383137,383149,383151,2,12
383137,383149,383152,3,12
383137,383149,383151,2,12
383137,383148,383151,3,11
383137,383148,383151,3,11
383137,383148,383151,3,11
383137,383149,383151,2,12
383137,383149,383151,2,12
383137,383149,383152,3,12
383137,383149,383151,2,12
383137,383149,383151,2,12
383137,383149,383151,2,12
383137,383149,383151,2,12
383137,383149,383151,2,12
383137,383149,383152,3,12
383137,383149,383152,3,12
383137,383149,383152,3,12
383156,383156,383161,5,0
383156,383156,383161,5,0
383156,383156,383161,5,0
383156,383156,383161,5,0
383156,383156,383161,5,0
383156,383157,383161,4,1
383156,383156,383161,5,0
383156,383156,383161,5,0
383156,383156,383161,5,0
383156,383156,383161,5,0
383156,383156,383161,5,0
383156,383156,383161,5,0
383156,383157,383161,4,1
383156,383156,383161,5,0
383156,383156,383161,5,0
383156,383156,383161,5,0
383156,383156,383161,5,0
383156,383156,383161,5,0
383156,383156,383161,5,0
383156,383156,383161,5,0
383156,383156,383161,5,0
383156,383156,383161,5,0
383156,383156,383161,5,0
383156,383156,383161,5,0
383156,383156,383161,5,0
383156,383157,383161,4,1
383156,383156,383161,5,0
383156,383156,383161,5,0
383156,383156,383161,5,0
383156,383156,383161,5,0
383156,383156,383161,5,0
383156,383156,383161,5,0
383156,383157,383161,4,1
383156,383157,383162,5,1
383156,383156,383161,5,0
383156,383156,383161,5,0
383156,383156,383161,5,0
383156,383156,383161,5,0
383156,383156,383161,5,0
383156,383156,383161,5,0
383156,383157,383162,5,1
383156,383156,383161,5,0
383156,383156,383161,5,0
383156,383156,383161,5,0
383156,383156,383161,5,0
383156,383156,383161,5,0
383156,383157,383162,5,1
383156,383156,383161,5,0
383156,383156,383161,5,0
383156,383156,383161,5,0
383156,383156,383161,5,0
383156,383156,383161,5,0
383156,383156,383162,6,0
383156,383156,383161,5,0
383156,383156,383161,5,0
383156,383156,383161,5,0
383156,383156,383161,5,0
383156,383156,383161,5,0
383156,383157,383161,4,1
383156,383157,383161,4,1
383156,383156,383161,5,0
383156,383156,383161,5,0
383156,383156,383161,5,0
383156,383156,383161,5,0
383156,383157,383161,4,1
383156,383157,383161,4,1
383156,383157,383162,5,1
383156,383157,383162,5,1
383156,383157,383162,5,1
383156,383157,383162,5,1
383156,383157,383162,5,1
383156,383157,383162,5,1
383156,383157,383162,5,1
383156,383157,383162,5,1
383156,383157,383162,5,1
383156,383157,383162,5,1
383156,383157,383162,5,1
383156,383157,383162,5,1
383156,383157,383162,5,1
383156,383156,383162,6,0
383156,383162,383165,3,6
383156,383162,383166,4,6
383156,383162,383166,4,6
383156,383162,383166,4,6
383156,383162,383166,4,6
383156,383162,383166,4,6
383156,383162,383166,4,6
383156,383162,383166,4,6
383156,383162,383166,4,6
383156,383162,383166,4,6
383156,383162,383166,4,6
383156,383162,383166,4,6
383156,383162,383166,4,6
383156,383162,383166,4,6
383156,383162,383166,4,6
383156,383162,383166,4,6
383156,383162,383166,4,6
383156,383162,383166,4,6
383156,383162,383166,4,6
383156,383162,383166,4,6
383156,383162,383166,4,6
383156,383162,383166,4,6
383156,383162,383166,4,6
383156,383162,383166,4,6
383156,383162,383166,4,6
383156,383162,383166,4,6
383156,383162,383166,4,6
383156,383162,383166,4,6
383156,383162,383166,4,6
383156,383162,383167,5,6
383156,383163,383167,4,7
383156,383162,383166,4,6
383156,383162,383166,4,6
383156,383162,383166,4,6
383156,383162,383166,4,6
383156,383162,383166,4,6
383156,383162,383166,4,6
383156,383162,383166,4,6
383156,383162,383166,4,6
383156,383162,383166,4,6
383156,383162,383167,5,6
383156,383162,383167,5,6
383156,383162,383166,4,6
383156,383162,383166,4,6
383156,383162,383166,4,6
383156,383163,383166,3,7
383156,383162,383166,4,6
383156,383162,383166,4,6
383156,383162,383167,5,6
383156,383162,383167,5,6
383156,383162,383167,5,6
383156,383162,383166,4,6
383156,383162,383166,4,6
383156,383162,383166,4,6
383156,383162,383166,4,6
383156,383163,383167,4,7
383156,383162,383166,4,6
383156,383162,383166,4,6
383156,383162,383167,5,6
383156,383162,383166,4,6
383156,383163,383167,4,7
383156,383162,383166,4,6
383156,383162,383166,4,6
383156,383162,383166,4,6
383156,383163,383167,4,7
383156,383162,383167,5,6
383156,383162,383168,6,6
383156,383162,383167,5,6
383156,383162,383168,6,6
383156,383166,383168,2,10
383156,383166,383168,2,10
383156,383163,383168,5,7
383156,383163,383168,5,7
383156,383162,383167,5,6
383156,383163,383168,5,7
383156,383165,383168,3,9
383156,383163,383168,5,7
383156,383162,383167,5,6
383156,383162,383167,5,6
383156,383163,383167,4,7
383156,383166,383168,2,10
383156,383166,383168,2,10
383156,383163,383167,4,7
383156,383166,383168,2,10
383156,383163,383168,5,7
383156,383166,383168,2,10
383156,383166,383168,2,10
383156,383163,383168,5,7
383156,383167,383169,2,11
383156,383167,383169,2,11
383156,383166,383168,2,10
383156,383166,383169,3,10
383156,383166,383169,3,10
383156,383166,383168,2,10
383156,383167,383169,2,11
383156,383167,383169,2,11
383156,383166,383168,2,10
383156,383167,383169,2,11
383156,383167,383169,2,11
383156,383167,383169,2,11
383156,383166,383168,2,10
383156,383167,383169,2,11
383156,383167,383169,2,11
383156,383166,383169,3,10
383156,383166,383169,3,10
383156,383167,383169,2,11
383156,383167,383169,2,11
383156,383166,383169,3,10
383156,383166,383169,3,10
383156,383167,383169,2,11
383156,383166,383169,3,10
383156,383166,383169,3,10
383156,383167,383169,2,11
383156,383166,383169,3,10
383156,383167,383169,2,11
383156,383168,383169,1,12
383156,383166,383169,3,10
383156,383166,383169,3,10
383156,383168,383169,1,12
383156,383168,383169,1,12
383173,383173,383176,3,0
383173,383173,383177,4,0
383173,383173,383177,4,0
383173,383173,383178,5,0
383173,383173,383178,5,0
383173,383173,383178,5,0
383173,383173,383178,5,0
383173,383173,383178,5,0
383173,383173,383178,5,0
383173,383173,383178,5,0
383173,383173,383178,5,0
383173,383173,383178,5,0
383173,383173,383178,5,0
383173,383173,383178,5,0
383173,383173,383178,5,0
383173,383173,383178,5,0
383173,383173,383178,5,0
383173,383173,383178,5,0
383173,383173,383178,5,0
383173,383173,383178,5,0
383173,383173,383178,5,0
383173,383173,383178,5,0
383173,383173,383178,5,0
383173,383173,383178,5,0
383173,383173,383178,5,0
383173,383173,383178,5,0
383173,383173,383178,5,0
383173,383173,383178,5,0
383173,383173,383178,5,0
383173,383173,383178,5,0
383173,383173,383178,5,0
383173,383173,383178,5,0
383173,383173,383178,5,0
383173,383173,383178,5,0
383173,383173,383178,5,0
383173,383173,383178,5,0
383173,383173,383178,5,0
383173,383173,383178,5,0
383173,383173,383178,5,0
383173,383173,383178,5,0
383173,383173,383178,5,0
383173,383173,383178,5,0
383173,383173,383178,5,0
383173,383173,383178,5,0
383173,383173,383178,5,0
383173,383173,383178,5,0
383173,383173,383178,5,0
383173,383173,383178,5,0
383173,383173,383178,5,0
383173,383173,383178,5,0
383173,383173,383178,5,0
383173,383173,383178,5,0
383173,383173,383178,5,0
383173,383173,383178,5,0
383173,383173,383178,5,0
383173,383173,383178,5,0
383173,383173,383178,5,0
383173,383173,383178,5,0
383173,383173,383178,5,0
383173,383173,383178,5,0
383173,383173,383178,5,0
383173,383173,383178,5,0
383173,383173,383178,5,0
383173,383173,383178,5,0
383173,383173,383178,5,0
383173,383173,383178,5,0
383173,383173,383178,5,0
383173,383173,383178,5,0
383173,383173,383178,5,0
383173,383173,383179,6,0
383173,383173,383179,6,0
383173,383173,383179,6,0
383173,383173,383179,6,0
383173,383173,383179,6,0
383173,383173,383179,6,0
383173,383177,383179,2,4
383173,383178,383179,1,5
383173,383178,383179,1,5
383173,383173,383179,6,0
383173,383173,383179,6,0
383173,383173,383179,6,0
383173,383173,383179,6,0
383173,383174,383179,5,1
383173,383179,383183,4,6
383173,383179,383183,4,6
383173,383179,383182,3,6
383173,383179,383183,4,6
383173,383179,383183,4,6
383173,383179,383183,4,6
383173,383179,383183,4,6
383173,383179,383183,4,6
383173,383179,383183,4,6
383173,383179,383183,4,6
383173,383179,383184,5,6
383173,383179,383183,4,6
383173,383179,383183,4,6
383173,383179,383183,4,6
383173,383179,383183,4,6
383173,383179,383184,5,6
383173,383179,383184,5,6
383173,383179,383183,4,6
383173,383179,383183,4,6
383173,383179,383183,4,6
383173,383179,383183,4,6
383173,383179,383183,4,6
383173,383179,383183,4,6
383173,383179,383183,4,6
383173,383179,383183,4,6
383173,383179,383183,4,6
383173,383179,383183,4,6
383173,383179,383183,4,6
383173,383179,383183,4,6
383173,383179,383184,5,6
383173,383179,383183,4,6
383173,383179,383183,4,6
383173,383179,383183,4,6
383173,383179,383183,4,6
383173,383179,383183,4,6
383173,383179,383183,4,6
383173,383180,383184,4,7
383173,383179,383183,4,6
383173,383179,383183,4,6
383173,383179,383183,4,6
383173,383179,383183,4,6
383173,383180,383184,4,7
383173,383179,383183,4,6
383173,383179,383183,4,6
383173,383179,383183,4,6
383173,383179,383183,4,6
383173,383179,383183,4,6
383173,383179,383184,5,6
383173,383179,383183,4,6
383173,383179,383183,4,6
383173,383179,383183,4,6
383173,383179,383183,4,6
383173,383179,383183,4,6
383173,383179,383183,4,6
383173,383179,383183,4,6
383173,383179,383183,4,6
383173,383179,383183,4,6
383173,383179,383183,4,6
383173,383179,383183,4,6
383173,383179,383183,4,6
383173,383179,383183,4,6
383173,383179,383184,5,6
383173,383179,383183,4,6
383173,383179,383184,5,6
383173,383179,383184,5,6
383173,383179,383184,5,6
383173,383180,383184,4,7
383173,383180,383184,4,7
383173,383180,383184,4,7
383173,383183,383184,1,10
383173,383183,383185,2,10
383173,383180,383185,5,7
383173,383183,383185,2,10
383173,383183,383185,2,10
383173,383179,383184,5,6
383173,383179,383184,5,6
383173,383179,383184,5,6
383173,383179,383184,5,6
383173,383179,383184,5,6
383173,383180,383184,4,7
383173,383179,383184,5,6
383173,383180,383184,4,7
383173,383180,383185,5,7
383173,383180,383184,4,7
383173,383184,383186,2,11
383173,383184,383187,3,11
383173,383184,383187,3,11
383173,383184,383187,3,11
383173,383184,383187,3,11
383173,383184,383186,2,11
383173,383184,383187,3,11
383173,383184,383187,3,11
383173,383184,383187,3,11
383173,383184,383187,3,11
383173,383184,383186,2,11
383173,383184,383187,3,11
383173,383184,383187,3,11
383173,383184,383187,3,11
383173,383184,383187,3,11
383173,383184,383186,2,11
383173,383184,383187,3,11
383173,383184,383187,3,11
383173,383184,383187,3,11
383173,383184,383187,3,11
383173,383184,383187,3,11
383173,383184,383187,3,11
383173,383184,383187,3,11
383173,383184,383187,3,11
383173,383184,383187,3,11
383173,383184,383187,3,11
383173,383184,383187,3,11
383173,383184,383187,3,11
383173,383184,383187,3,11
383173,383184,383187,3,11
383173,383184,383187,3,11
383173,383184,383187,3,11
383173,383184,383187,3,11
383192,383192,383197,5,0
383192,383192,383197,5,0
383192,383192,383197,5,0
383192,383192,383197,5,0
383192,383192,383197,5,0
383192,383192,383197,5,0
383192,383192,383196,4,0
383192,383192,383197,5,0
383192,383192,383197,5,0
383192,383192,383197,5,0
383192,383192,383197,5,0
383192,383192,383197,5,0
383192,383192,383197,5,0
383192,383192,383197,5,0
383192,383192,383197,5,0
383192,383192,383197,5,0
383192,383192,383197,5,0
383192,383192,383197,5,0
383192,383192,383197,5,0
383192,383192,383197,5,0
383192,383192,383197,5,0
383192,383192,383197,5,0
383192,383192,383197,5,0
383192,383192,383197,5,0
383192,383192,383197,5,0
383192,383192,383197,5,0
383192,383192,383197,5,0
383192,383192,383197,5,0
383192,383192,383197,5,0
383192,383192,383197,5,0
383192,383192,383197,5,0
383192,383192,383197,5,0
383192,383192,383197,5,0
383192,383192,383197,5,0
383192,383192,383197,5,0
383192,383192,383197,5,0
383192,383192,383197,5,0
383192,383192,383197,5,0
383192,383192,383197,5,0
383192,383192,383197,5,0
383192,383192,383197,5,0
383192,383192,383197,5,0
383192,383192,383197,5,0
383192,383192,383197,5,0
383192,383192,383197,5,0
383192,383192,383197,5,0
383192,383192,383197,5,0
383192,383192,383197,5,0
383192,383192,383197,5,0
383192,383192,383197,5,0
383192,383192,383197,5,0
383192,383192,383197,5,0
383192,383192,383198,6,0
383192,383192,383197,5,0
383192,383192,383197,5,0
383192,383192,383197,5,0
383192,383192,383197,5,0
383192,383192,383197,5,0
383192,383192,383197,5,0
383192,383192,383197,5,0
383192,383192,383198,6,0
383192,383192,383198,6,0
383192,383192,383198,6,0
383192,383192,383198,6,0
383192,383192,383198,6,0
383192,383192,383198,6,0
383192,383192,383198,6,0
383192,383192,383198,6,0
383192,383192,383198,6,0
383192,383192,383198,6,0
383192,383192,383198,6,0
383192,383192,383198,6,0
383192,383192,383198,6,0
383192,383192,383198,6,0
383192,383192,383198,6,0
383192,383192,383198,6,0
383192,383192,383198,6,0
383192,383192,383198,6,0
383192,383192,383198,6,0
383192,383192,383199,7,0
383192,383198,383202,4,6
383192,383198,383202,4,6
383192,383198,383202,4,6
383192,383198,383202,4,6
383192,383198,383202,4,6
383192,383198,383202,4,6
383192,383198,383203,5,6
383192,383198,383203,5,6
383192,383198,383202,4,6
383192,383198,383202,4,6
383192,383198,383202,4,6
383192,383198,383203,5,6
383192,383198,383203,5,6
383192,383198,383202,4,6
383192,383198,383202,4,6
383192,383198,383202,4,6
383192,383198,383202,4,6
383192,383198,383202,4,6
383192,383198,383203,5,6
383192,383198,383202,4,6
383192,383198,383202,4,6
383192,383198,383202,4,6
383192,383198,383202,4,6
383192,383198,383202,4,6
383192,383198,383202,4,6
383192,383198,383202,4,6
383192,383198,383202,4,6
383192,383199,383202,3,7
383192,383198,383202,4,6
383192,383198,383202,4,6
383192,383198,383202,4,6
383192,383198,383203,5,6
383192,383198,383202,4,6
383192,383198,383202,4,6
383192,383198,383202,4,6
383192,383198,383202,4,6
383192,383198,383203,5,6
383192,383198,383202,4,6
383192,383198,383202,4,6
383192,383198,383202,4,6
383192,383198,383202,4,6
383192,383198,383202,4,6
383192,383198,383202,4,6
383192,383198,383202,4,6
383192,383198,383202,4,6
383192,383198,383202,4,6
383192,383198,383202,4,6
383192,383198,383202,4,6
383192,383198,383203,5,6
383192,383198,383203,5,6
383192,383198,383202,4,6
383192,383198,383203,5,6
383192,383198,383202,4,6
383192,383198,383202,4,6
383192,383198,383202,4,6
383192,383198,383203,5,6
383192,383198,383203,5,6
383192,383198,383202,4,6
383192,383198,383203,5,6
383192,383198,383203,5,6
383192,383198,383203,5,6
383192,383199,383203,4,7
383192,383199,383203,4,7
383192,383199,383203,4,7
383192,383199,383203,4,7
383192,383199,383203,4,7
383192,383199,383203,4,7
383192,383200,383203,3,8
383192,383199,383203,4,7
383192,383199,383203,4,7
383192,383199,383203,4,7
383192,383199,383203,4,7
383192,383199,383203,4,7
383192,383199,383203,4,7
383192,383199,383203,4,7
383192,383199,383204,5,7
383192,383199,383203,4,7
383192,383202,383204,2,10
383192,383199,383203,4,7
383192,383199,383203,4,7
383192,383199,383204,5,7
383192,383203,383206,3,11
383192,383203,383206,3,11
383192,383203,383206,3,11
383192,383203,383206,3,11
383192,383203,383206,3,11
383192,383203,383206,3,11
383192,383203,383206,3,11
383192,383203,383206,3,11
383192,383203,383206,3,11
383192,383203,383206,3,11
383192,383203,383206,3,11
383192,383203,383206,3,11
383192,383203,383206,3,11
383192,383203,383206,3,11
383192,383203,383206,3,11
383192,383203,383206,3,11
383192,383203,383206,3,11
383192,383203,383206,3,11
383192,383203,383206,3,11
383192,383203,383206,3,11
383192,383203,383206,3,11
383192,383203,383206,3,11
383192,383203,383207,4,11
383192,383203,383206,3,11
383192,383203,383206,3,11
383192,383203,383206,3,11
383192,383203,383207,4,11
383192,383203,383207,4,11
383192,383203,383207,4,11
383192,383203,383207,4,11
383192,383203,383207,4,11
383192,383203,383207,4,11
383192,383203,383206,3,11
383192,383203,383206,3,11
383192,383203,383207,4,11
383192,383203,383207,4,11
383192,383203,383207,4,11
383192,383203,383207,4,11
383192,383203,383206,3,11
383211,383211,383215,4,0
383211,383211,383215,4,0
383211,383211,383215,4,0
383211,383211,383215,4,0
383211,383211,383215,4,0
383211,383211,383215,4,0
383211,383211,383215,4,0
383211,383211,383215,4,0
383211,383211,383215,4,0
383211,383211,383215,4,0
383211,383211,383215,4,0
383211,383211,383215,4,0
383211,383211,383215,4,0
383211,383211,383215,4,0
383211,383211,383215,4,0
383211,383211,383215,4,0
383211,383211,383215,4,0
383211,383211,383215,4,0
383211,383211,383215,4,0
383211,383211,383215,4,0
383211,383211,383215,4,0
383211,383211,383215,4,0
383211,383211,383215,4,0
383211,383211,383215,4,0
383211,383211,383215,4,0
383211,383211,383215,4,0
383211,383211,383215,4,0
383211,383211,383216,5,0
383211,383211,383215,4,0
383211,383211,383215,4,0
383211,383211,383216,5,0
383211,383211,383216,5,0
383211,383211,383216,5,0
383211,383211,383216,5,0
383211,383211,383215,4,0
383211,383211,383215,4,0
383211,383211,383216,5,0
383211,383211,383215,4,0
383211,383211,383215,4,0
383211,383211,383215,4,0
383211,383211,383215,4,0
383211,383211,383215,4,0
383211,383211,383215,4,0
383211,383211,383216,5,0
383211,383211,383216,5,0
383211,383211,383215,4,0
383211,383211,383215,4,0
383211,383211,383215,4,0
383211,383211,383215,4,0
383211,383211,383215,4,0
383211,383211,383216,5,0
383211,383211,383215,4,0
383211,383211,383215,4,0
383211,383211,383215,4,0
383211,383211,383215,4,0
383211,383211,383216,5,0
383211,383211,383215,4,0
383211,383211,383215,4,0
383211,383211,383215,4,0
383211,383211,383216,5,0
383211,383211,383215,4,0
383211,383211,383216,5,0
383211,383211,383216,5,0
383211,383211,383216,5,0
383211,383211,383215,4,0
383211,383211,383215,4,0
383211,383211,383215,4,0
383211,383211,383215,4,0
383211,383211,383215,4,0
383211,383211,383215,4,0
383211,383211,383216,5,0
383211,383211,383216,5,0
383211,383211,383216,5,0
383211,383211,383216,5,0
383211,383211,383216,5,0
383211,383211,383216,5,0
383211,383211,383216,5,0
383211,383215,383217,2,4
383211,383215,383217,2,4
383211,383215,383217,2,4
383211,383215,383217,2,4
383211,383211,383216,5,0
383211,383211,383216,5,0
383211,383215,383217,2,4
383211,383211,383216,5,0
383211,383215,383217,2,4
383211,383216,383218,2,5
383211,383216,383218,2,5
383211,383215,383218,3,4
383211,383215,383218,3,4
383211,383215,383218,3,4
383211,383216,383219,3,5
383211,383216,383219,3,5
383211,383216,383219,3,5
383211,383216,383219,3,5
383211,383216,383219,3,5
383211,383216,383219,3,5
383211,383216,383219,3,5
383211,383216,383220,4,5
383211,383215,383219,4,4
383211,383215,383219,4,4
383211,383215,383219,4,4
383211,383215,383219,4,4
383211,383216,383219,3,5
383211,383216,383220,4,5
383211,383216,383219,3,5
383211,383215,383219,4,4
383211,383215,383219,4,4
383211,383215,383219,4,4
383211,383216,383219,3,5
383211,383216,383220,4,5
383211,383216,383220,4,5
383211,383215,383219,4,4
383211,383215,383219,4,4
383211,383215,383219,4,4
383211,383216,383220,4,5
383211,383217,383219,2,6
383211,383215,383219,4,4
383211,383215,383219,4,4
383211,383216,383219,3,5
383211,383216,383220,4,5
383211,383217,383220,3,6
383211,383216,383220,4,5
383211,383216,383219,3,5
383211,383216,383220,4,5
383211,383216,383220,4,5
383211,383216,383220,4,5
383211,383217,383220,3,6
383211,383216,383220,4,5
383211,383216,383220,4,5
383211,383217,383220,3,6
383211,383217,383220,3,6
383211,383217,383220,3,6
383211,383217,383220,3,6
383211,383219,383221,2,8
383211,383216,383220,4,5
383211,383216,383221,5,5
383211,383216,383221,5,5
383211,383216,383220,4,5
383211,383216,383220,4,5
383211,383216,383220,4,5
383211,383216,383220,4,5
383211,383217,383221,4,6
383211,383217,383220,3,6
383211,383218,383221,3,7
383211,383216,383220,4,5
383211,383216,383220,4,5
383211,383216,383220,4,5
383211,383216,383220,4,5
383211,383218,383221,3,7
383211,383218,383221,3,7
383211,383216,383220,4,5
383211,383218,383221,3,7
383211,383216,383220,4,5
383211,383216,383220,4,5
383211,383217,383220,3,6
383211,383218,383221,3,7
383211,383218,383221,3,7
383211,383216,383220,4,5
383211,383218,383221,3,7
383211,383217,383221,4,6
383211,383217,383221,4,6
383211,383217,383221,4,6
383211,383217,383221,4,6
383211,383217,383221,4,6
383211,383219,383221,2,8
383211,383220,383221,1,9
383211,383220,383221,1,9
383211,383219,383221,2,8
383211,383220,383221,1,9
383211,383220,383221,1,9
383211,383220,383221,1,9
383211,383220,383222,2,9
383211,383220,383222,2,9
383211,383218,383221,3,7
383211,383220,383222,2,9
383211,383220,383222,2,9
383211,383218,383221,3,7
383211,383219,383221,2,8
383211,383220,383222,2,9
383211,383220,383222,2,9
383211,383219,383221,2,8
383211,383220,383222,2,9
383211,383220,383222,2,9
383211,383220,383222,2,9
383211,383220,383222,2,9
383211,383220,383222,2,9
383211,383220,383222,2,9
383211,383220,383222,2,9
383211,383220,383222,2,9
383211,383220,383222,2,9
383211,383220,383222,2,9
383211,383220,383222,2,9
383211,383220,383222,2,9
383211,383220,383222,2,9
383211,383220,383222,2,9
383211,383220,383222,2,9
383211,383220,383222,2,9
383211,383220,383222,2,9
383211,383220,383222,2,9
383227,383227,383231,4,0
383227,383227,383231,4,0
383227,383227,383231,4,0
383227,383227,383232,5,0
383227,383227,383231,4,0
383227,383227,383232,5,0
383227,383227,383232,5,0
383227,383227,383231,4,0
383227,383227,383231,4,0
383227,383227,383232,5,0
383227,383227,383231,4,0
383227,383227,383231,4,0
383227,383227,383231,4,0
383227,383227,383232,5,0
383227,383227,383232,5,0
383227,383227,383231,4,0
383227,383227,383231,4,0
383227,383227,383231,4,0
383227,383227,383231,4,0
383227,383227,383231,4,0
383227,383227,383231,4,0
383227,383227,383231,4,0
383227,383227,383231,4,0
383227,383227,383231,4,0
383227,383227,383231,4,0
383227,383227,383231,4,0
383227,383227,383232,5,0
383227,383227,383232,5,0
383227,383227,383232,5,0
383227,383227,383231,4,0
383227,383227,383231,4,0
383227,383227,383231,4,0
383227,383227,383231,4,0
383227,383227,383231,4,0
383227,383227,383231,4,0
383227,383227,383232,5,0
383227,383227,383232,5,0
383227,383227,383231,4,0
383227,383227,383231,4,0
383227,383227,383231,4,0
383227,383227,383232,5,0
383227,383227,383231,4,0
383227,383227,383231,4,0
383227,383227,383231,4,0
383227,383227,383231,4,0
383227,383227,383231,4,0
383227,383227,383231,4,0
383227,383227,383232,5,0
383227,383227,383232,5,0
383227,383227,383231,4,0
383227,383227,383231,4,0
383227,383227,383231,4,0
383227,383227,383232,5,0
383227,383227,383232,5,0
383227,383227,383231,4,0
383227,383227,383232,5,0
383227,383227,383232,5,0
383227,383227,383232,5,0
383227,383227,383232,5,0
383227,383227,383232,5,0
383227,383227,383231,4,0
383227,383227,383231,4,0
383227,383227,383231,4,0
383227,383227,383231,4,0
383227,383227,383231,4,0
383227,383227,383231,4,0
383227,383227,383231,4,0
383227,383227,383232,5,0
383227,383227,383232,5,0
383227,383227,383232,5,0
383227,383227,383232,5,0
383227,383227,383232,5,0
383227,383227,383232,5,0
383227,383227,383232,5,0
383227,383227,383232,5,0
383227,383227,383232,5,0
383227,383227,383232,5,0
383227,383227,383232,5,0
383227,383227,383232,5,0
383227,383227,383232,5,0
383227,383232,383236,4,5
383227,383232,383236,4,5
383227,383232,383237,5,5
383227,383232,383237,5,5
383227,383232,383237,5,5
383227,383232,383237,5,5
383227,383232,383237,5,5
383227,383232,383237,5,5
383227,383232,383237,5,5
383227,383232,383237,5,5
383227,383232,383237,5,5
383227,383232,383237,5,5
383227,383232,383237,5,5
383227,383232,383237,5,5
383227,383232,383237,5,5
383227,383232,383237,5,5
383227,383232,383237,5,5
383227,383232,383237,5,5
383227,383232,383237,5,5
383227,383232,383237,5,5
383227,383232,383237,5,5
383227,383232,383237,5,5
383227,383232,383237,5,5
383227,383232,383237,5,5
383227,383232,383237,5,5
383227,383232,383237,5,5
383227,383232,383237,5,5
383227,383232,383237,5,5
383227,383232,383237,5,5
383227,383232,383237,5,5
383227,383232,383237,5,5
383227,383232,383237,5,5
383227,383232,383237,5,5
383227,383232,383237,5,5
383227,383234,383237,3,7
383227,383234,383238,4,7
383227,383232,383237,5,5
383227,383232,383237,5,5
383227,383232,383237,5,5
383227,383232,383237,5,5
383227,383234,383237,3,7
383227,383234,383238,4,7
383227,383232,383237,5,5
383227,383232,383237,5,5
383227,383232,383237,5,5
383227,383232,383237,5,5
383227,383234,383237,3,7
383227,383234,383237,3,7
383227,383234,383237,3,7
383227,383232,383237,5,5
383227,383232,383237,5,5
383227,383232,383237,5,5
383227,383232,383237,5,5
383227,383232,383237,5,5
383227,383232,383237,5,5
383227,383234,383237,3,7
383227,383232,383237,5,5
383227,383232,383237,5,5
383227,383232,383237,5,5
383227,383232,383237,5,5
383227,383232,383237,5,5
383227,383233,383237,4,6
383227,383232,383238,6,5
383227,383232,383238,6,5
383227,383232,383238,6,5
383227,383233,383238,5,6
383227,383233,383238,5,6
383227,383234,383238,4,7
383227,383237,383238,1,10
383227,383232,383238,6,5
383227,383232,383238,6,5
383227,383232,383238,6,5
383227,383232,383238,6,5
383227,383232,383238,6,5
383227,383232,383238,6,5
383227,383232,383238,6,5
383227,383234,383238,4,7
383227,383237,383238,1,10
383227,383232,383238,6,5
383227,383232,383238,6,5
383227,383234,383238,4,7
383227,383234,383238,4,7
383227,383238,383240,2,11
383227,383238,383240,2,11
383227,383238,383240,2,11
383227,383238,383240,2,11
383227,383238,383240,2,11
383227,383238,383240,2,11
383227,383238,383240,2,11
383227,383238,383240,2,11
383227,383238,383240,2,11
383227,383238,383241,3,11
383227,383238,383241,3,11
383227,383238,383240,2,11
383227,383238,383240,2,11
383227,383238,383240,2,11
383227,383238,383241,3,11
383227,383238,383240,2,11
383227,383238,383240,2,11
383227,383238,383241,3,11
383227,383238,383240,2,11
383227,383238,383240,2,11
383227,383238,383240,2,11
383227,383238,383241,3,11
383227,383238,383241,3,11
383227,383238,383240,2,11
383227,383238,383241,3,11
383227,383238,383241,3,11
383227,383238,383241,3,11
383227,383238,383241,3,11
383227,383238,383241,3,11
383227,383238,383241,3,11
383227,383238,383241,3,11
383227,383238,383241,3,11
383227,383238,383241,3,11
383227,383238,383241,3,11
383227,383238,383241,3,11
383227,383238,383241,3,11
383227,383238,383241,3,11
383227,383238,383241,3,11
383246,383247,383251,4,1
383246,383247,383251,4,1
383246,383247,383251,4,1
383246,383247,383251,4,1
383246,383247,383251,4,1
383246,383247,383251,4,1
383246,383247,383251,4,1
383246,383247,383251,4,1
383246,383247,383251,4,1
383246,383247,383251,4,1
383246,383247,383251,4,1
383246,383247,383251,4,1
383246,383247,383252,5,1
383246,383247,383251,4,1
383246,383247,383251,4,1
383246,383247,383251,4,1
383246,383247,383251,4,1
383246,383247,383252,5,1
383246,383247,383251,4,1
383246,383247,383252,5,1
383246,383247,383251,4,1
383246,383247,383251,4,1
383246,383247,383251,4,1
383246,383247,383251,4,1
383246,383247,383251,4,1
383246,383247,383251,4,1
383246,383247,383251,4,1
383246,383247,383251,4,1
383246,383247,383251,4,1
383246,383247,383251,4,1
383246,383247,383251,4,1
383246,383247,383252,5,1
383246,383247,383251,4,1
383246,383247,383251,4,1
383246,383247,383251,4,1
383246,383247,383251,4,1
383246,383247,383251,4,1
383246,383247,383251,4,1
383246,383247,383252,5,1
383246,383247,383252,5,1
383246,383247,383251,4,1
383246,383247,383251,4,1
383246,383247,383251,4,1
383246,383247,383251,4,1
383246,383247,383252,5,1
383246,383247,383251,4,1
383246,383247,383252,5,1
383246,383247,383252,5,1
383246,383247,383251,4,1
383246,383247,383251,4,1
383246,383247,383251,4,1
383246,383247,383251,4,1
383246,383247,383251,4,1
383246,383247,383252,5,1
383246,383247,383252,5,1
383246,383247,383252,5,1
383246,383247,383251,4,1
383246,383247,383251,4,1
383246,383247,383251,4,1
383246,383247,383251,4,1
383246,383247,383251,4,1
383246,383247,383251,4,1
383246,383247,383252,5,1
383246,383247,383252,5,1
383246,383247,383252,5,1
383246,383247,383252,5,1
383246,383247,383252,5,1
383246,383247,383252,5,1
383246,383247,383252,5,1
383246,383247,383252,5,1
383246,383247,383252,5,1
383246,383247,383252,5,1
383246,383247,383252,5,1
383246,383247,383252,5,1
383246,383247,383252,5,1
383246,383247,383252,5,1
383246,383247,383252,5,1
383246,383247,383252,5,1
383246,383247,383252,5,1
383246,383247,383252,5,1
383246,383252,383257,5,6
383246,383252,383257,5,6
383246,383252,383257,5,6
383246,383252,383257,5,6
383246,383252,383257,5,6
383246,383252,383257,5,6
383246,383252,383257,5,6
383246,383252,383257,5,6
383246,383252,383257,5,6
383246,383252,383257,5,6
383246,383252,383257,5,6
383246,383252,383257,5,6
383246,383252,383257,5,6
383246,383252,383257,5,6
383246,383252,383257,5,6
383246,383252,383257,5,6
383246,383252,383257,5,6
383246,383252,383257,5,6
383246,383252,383257,5,6
383246,383252,383257,5,6
383246,383252,383257,5,6
383246,383252,383257,5,6
383246,383252,383257,5,6
383246,383252,383257,5,6
383246,383252,383257,5,6
383246,383252,383257,5,6
383246,383252,383257,5,6
383246,383252,383257,5,6
383246,383252,383257,5,6
383246,383252,383257,5,6
383246,383252,383257,5,6
383246,383252,383257,5,6
383246,383252,383257,5,6
383246,383252,383257,5,6
383246,383252,383257,5,6
383246,383252,383257,5,6
383246,383252,383257,5,6
383246,383252,383258,6,6
383246,383252,383257,5,6
383246,383252,383258,6,6
383246,383252,383257,5,6
383246,383252,383257,5,6
383246,383252,383258,6,6
383246,383252,383257,5,6
383246,383252,383258,6,6
383246,383252,383257,5,6
383246,383252,383257,5,6
383246,383252,383257,5,6
383246,383253,383257,4,7
383246,383253,383258,5,7
383246,383253,383258,5,7
383246,383252,383257,5,6
383246,383252,383257,5,6
383246,383252,383257,5,6
383246,383252,383258,6,6
383246,383252,383258,6,6
383246,383252,383257,5,6
383246,383252,383257,5,6
383246,383252,383257,5,6
383246,383252,383258,6,6
383246,383253,383258,5,7
383246,383253,383258,5,7
383246,383252,383257,5,6
383246,383253,383258,5,7
383246,383253,383258,5,7
383246,383253,383258,5,7
383246,383252,383257,5,6
383246,383252,383258,6,6
383246,383253,383258,5,7
383246,383253,383258,5,7
383246,383252,383257,5,6
383246,383252,383258,6,6
383246,383253,383258,5,7
383246,383253,383258,5,7
383246,383253,383258,5,7
383246,383253,383258,5,7
383246,383253,383258,5,7
383246,383253,383258,5,7
383246,383257,383259,2,11
383246,383257,383259,2,11
383246,383257,383259,2,11
383246,383257,383259,2,11
383246,383257,383259,2,11
383246,383257,383259,2,11
383246,383257,383259,2,11
383246,383257,383259,2,11
383246,383253,383258,5,7
383246,383253,383258,5,7
383246,383257,383259,2,11
383246,383257,383259,2,11
383246,383257,383259,2,11
383246,383257,383259,2,11
383246,383257,383260,3,11
383246,383257,383260,3,11
383246,383257,383260,3,11
383246,383257,383260,3,11
383246,383257,383260,3,11
383246,383257,383260,3,11
383246,383257,383260,3,11
383246,383257,383260,3,11
383246,383257,383260,3,11
383246,383257,383260,3,11
383246,383257,383260,3,11
383246,383258,383260,2,12
383246,383258,383261,3,12
383246,383257,383260,3,11
383246,383257,383260,3,11
383246,383258,383260,2,12
383246,383258,383260,2,12
383246,383257,383260,3,11
383246,383257,383260,3,11
383246,383258,383260,2,12
383246,383258,383260,2,12
383246,383258,383260,2,12
383246,383258,383261,3,12
383246,383258,383261,3,12
383246,383258,383261,3,12
383246,383258,383261,3,12
383246,383258,383261,3,12
383246,383258,383261,3,12
383265,383265,383270,5,0
383265,383265,383270,5,0
383265,383265,383270,5,0
383265,383265,383270,5,0
383265,383265,383270,5,0
383265,383265,383270,5,0
383265,383265,383270,5,0
383265,383265,383270,5,0
383265,383266,383270,4,1
383265,383266,383270,4,1
383265,383265,383270,5,0
383265,383265,383270,5,0
383265,383265,383270,5,0
383265,383265,383270,5,0
383265,383266,383270,4,1
383265,383266,383270,4,1
383265,383266,383270,4,1
383265,383265,383270,5,0
383265,383265,383270,5,0
383265,383265,383270,5,0
383265,383265,383270,5,0
383265,383265,383270,5,0
383265,383265,383271,6,0
383265,383265,383271,6,0
383265,383265,383270,5,0
383265,383265,383270,5,0
383265,383265,383270,5,0
383265,383265,383270,5,0
383265,383265,383270,5,0
383265,383266,383271,5,1
383265,383266,383270,4,1
383265,383265,383270,5,0
383265,383265,383270,5,0
383265,383265,383270,5,0
383265,383265,383270,5,0
383265,383266,383270,4,1
383265,383265,383270,5,0
383265,383265,383270,5,0
383265,383265,383270,5,0
383265,383265,383270,5,0
383265,383266,383270,4,1
383265,383266,383270,4,1
383265,383265,383270,5,0
383265,383265,383270,5,0
383265,383265,383270,5,0
383265,383265,383270,5,0
383265,383266,383270,4,1
383265,383266,383270,4,1
383265,383265,383270,5,0
383265,383265,383270,5,0
383265,383265,383270,5,0
383265,383265,383270,5,0
383265,383266,383270,4,1
383265,383265,383271,6,0
383265,383265,383271,6,0
383265,383266,383271,5,1
383265,383266,383271,5,1
383265,383266,383271,5,1
383265,383265,383271,6,0
383265,383265,383271,6,0
383265,383266,383272,6,1
383265,383266,383271,5,1
383265,383266,383272,6,1
383265,383265,383271,6,0
383265,383266,383271,5,1
383265,383266,383271,5,1
383265,383266,383271,5,1
383265,383266,383271,5,1
383265,383266,383271,5,1
383265,383266,383271,5,1
383265,383266,383271,5,1
383265,383266,383271,5,1
383265,383266,383271,5,1
383265,383266,383271,5,1
383265,383266,383271,5,1
383265,383266,383271,5,1
383265,383266,383271,5,1
383265,383266,383271,5,1
383265,383266,383271,5,1
383265,383266,383271,5,1
383265,383271,383274,3,6
383265,383271,383276,5,6
383265,383271,383276,5,6
383265,383271,383276,5,6
383265,383271,383276,5,6
383265,383271,383276,5,6
383265,383271,383275,4,6
383265,383271,383275,4,6
383265,383271,383276,5,6
383265,383271,383276,5,6
383265,383271,383276,5,6
383265,383271,383276,5,6
383265,383271,383275,4,6
383265,383271,383276,5,6
383265,383271,383275,4,6
383265,383271,383276,5,6
383265,383271,383276,5,6
383265,383271,383276,5,6
383265,383271,383276,5,6
383265,383271,383276,5,6
383265,383271,383276,5,6
383265,383271,383276,5,6
383265,383271,383276,5,6
383265,383271,383276,5,6
383265,383271,383276,5,6
383265,383271,383276,5,6
383265,383271,383276,5,6
383265,383271,383276,5,6
383265,383271,383276,5,6
383265,383271,383276,5,6
383265,383272,383276,4,7
383265,383272,383276,4,7
383265,383271,383275,4,6
383265,383271,383276,5,6
383265,383271,383276,5,6
383265,383271,383275,4,6
383265,383271,383276,5,6
383265,383271,383276,5,6
383265,383272,383276,4,7
383265,383271,383276,5,6
383265,383271,383276,5,6
383265,383271,383276,5,6
383265,383271,383276,5,6
383265,383271,383276,5,6
383265,383271,383276,5,6
383265,383271,383276,5,6
383265,383271,383276,5,6
383265,383272,383276,4,7
383265,383271,383276,5,6
383265,383271,383275,4,6
383265,383271,383275,4,6
383265,383271,383275,4,6
383265,383271,383276,5,6
383265,383271,383276,5,6
383265,383272,383276,4,7
383265,383272,383276,4,7
383265,383272,383276,4,7
383265,383272,383277,5,7
383265,383272,383277,5,7
383265,383272,383277,5,7
383265,383272,383277,5,7
383265,383272,383276,4,7
383265,383272,383276,4,7
383265,383272,383277,5,7
383265,383272,383276,4,7
383265,383272,383276,4,7
383265,383272,383277,5,7
383265,383271,383277,6,6
383265,383271,383277,6,6
383265,383271,383277,6,6
383265,383272,383277,5,7
383265,383272,383276,4,7
383265,383272,383277,5,7
383265,383272,383277,5,7
383265,383272,383276,4,7
383265,383272,383277,5,7
383265,383272,383277,5,7
383265,383272,383277,5,7
383265,383272,383276,4,7
383265,383272,383276,4,7
383265,383274,383277,3,9
383265,383276,383279,3,11
383265,383276,383279,3,11
383265,383276,383279,3,11
383265,383276,383279,3,11
383265,383276,383279,3,11
383265,383276,383279,3,11
383265,383276,383279,3,11
383265,383276,383279,3,11
383265,383276,383279,3,11
383265,383276,383279,3,11
383265,383276,383279,3,11
383265,383276,383279,3,11
383265,383276,383279,3,11
383265,383276,383279,3,11
383265,383276,383279,3,11
383265,383276,383279,3,11
383265,383276,383280,4,11
383265,383276,383280,4,11
383265,383276,383280,4,11
383265,383276,383280,4,11
383265,383276,383280,4,11
383265,383276,383280,4,11
383265,383276,383280,4,11
383265,383276,383280,4,11
383265,383276,383280,4,11
383265,383276,383280,4,11
383265,383276,383280,4,11
383265,383276,383280,4,11
383265,383276,383280,4,11
383265,383276,383280,4,11
383265,383276,383280,4,11
383265,383276,383280,4,11
383265,383276,383280,4,11
383265,383276,383280,4,11
383265,383276,383280,4,11
383265,383276,383280,4,11
383265,383276,383280,4,11
383265,383276,383280,4,11
383265,383276,383280,4,11
383284,383284,383288,4,0
383284,383284,383288,4,0
383284,383284,383288,4,0
383284,383284,383288,4,0
383284,383284,383288,4,0
383284,383284,383288,4,0
383284,383284,383288,4,0
383284,383284,383288,4,0
383284,383284,383288,4,0
383284,383284,383288,4,0
383284,383284,383288,4,0
383284,383284,383288,4,0
383284,383284,383288,4,0
383284,383284,383289,5,0
383284,383284,383289,5,0
383284,383284,383288,4,0
383284,383284,383288,4,0
383284,383284,383288,4,0
383284,383284,383289,5,0
383284,383284,383289,5,0
383284,383284,383289,5,0
383284,383284,383288,4,0
383284,383284,383288,4,0
383284,383284,383288,4,0
383284,383284,383288,4,0
383284,383284,383288,4,0
383284,383284,383289,5,0
383284,383284,383289,5,0
383284,383284,383288,4,0
383284,383284,383288,4,0
383284,383284,383288,4,0
383284,383284,383288,4,0
383284,383284,383288,4,0
383284,383284,383289,5,0
383284,383284,383289,5,0
383284,383284,383288,4,0
383284,383284,383288,4,0
383284,383284,383288,4,0
383284,383284,383288,4,0
383284,383284,383289,5,0
383284,383284,383288,4,0
383284,383284,383289,5,0
383284,383284,383289,5,0
383284,383284,383288,4,0
383284,383284,383288,4,0
383284,383284,383288,4,0
383284,383284,383288,4,0
383284,383284,383289,5,0
383284,383284,383289,5,0
383284,383284,383289,5,0
383284,383284,383288,4,0
383284,383284,383288,4,0
383284,383284,383288,4,0
383284,383284,383288,4,0
383284,383284,383289,5,0
383284,383284,383289,5,0
383284,383284,383288,4,0
383284,383284,383288,4,0
383284,383284,383288,4,0
383284,383284,383288,4,0
383284,383284,383289,5,0
383284,383284,383288,4,0
383284,383284,383289,5,0
383284,383284,383288,4,0
383284,383284,383288,4,0
383284,383284,383288,4,0
383284,383284,383288,4,0
383284,383284,383288,4,0
383284,383284,383289,5,0
383284,383284,383288,4,0
383284,383284,383288,4,0
383284,383284,383288,4,0
383284,383284,383288,4,0
383284,383284,383289,5,0
383284,383284,383289,5,0
383284,383284,383289,5,0
383284,383284,383289,5,0
383284,383284,383289,5,0
383284,383284,383289,5,0
383284,383284,383289,5,0
383284,383288,383290,2,4
383284,383288,383290,2,4
383284,383288,383290,2,4
383284,383288,383290,2,4
383284,383288,383290,2,4
383284,383288,383290,2,4
383284,383288,383290,2,4
383284,383288,383290,2,4
383284,383290,383294,4,6
383284,383290,383294,4,6
383284,383290,383294,4,6
383284,383290,383293,3,6
383284,383290,383294,4,6
383284,383290,383294,4,6
383284,383290,383294,4,6
383284,383290,383294,4,6
383284,383290,383294,4,6
383284,383290,383293,3,6
383284,383290,383293,3,6
383284,383290,383293,3,6
383284,383290,383294,4,6
383284,383290,383294,4,6
383284,383290,383294,4,6
383284,383290,383294,4,6
383284,383290,383293,3,6
383284,383290,383294,4,6
383284,383290,383294,4,6
383284,383290,383294,4,6
383284,383290,383294,4,6
383284,383290,383293,3,6
383284,383290,383294,4,6
383284,383290,383293,3,6
383284,383290,383294,4,6
383284,383290,383294,4,6
383284,383290,383294,4,6
383284,383290,383293,3,6
383284,383290,383293,3,6
383284,383290,383294,4,6
383284,383290,383293,3,6
383284,383290,383294,4,6
383284,383290,383294,4,6
383284,383289,383293,4,5
383284,383290,383293,3,6
383284,383290,383293,3,6
383284,383290,383293,3,6
383284,383290,383294,4,6
383284,383290,383294,4,6
383284,383290,383293,3,6
383284,383290,383294,4,6
383284,383289,383294,5,5
383284,383290,383293,3,6
383284,383290,383294,4,6
383284,383290,383294,4,6
383284,383290,383294,4,6
383284,383289,383294,5,5
383284,383290,383294,4,6
383284,383290,383294,4,6
383284,383290,383294,4,6
383284,383290,383294,4,6
383284,383290,383294,4,6
383284,383290,383294,4,6
383284,383290,383294,4,6
383284,383290,383294,4,6
383284,383290,383294,4,6
383284,383290,383295,5,6
383284,383291,383295,4,7
383284,383291,383295,4,7
383284,383290,383294,4,6
383284,383290,383294,4,6
383284,383290,383294,4,6
383284,383290,383294,4,6
383284,383290,383294,4,6
383284,383290,383294,4,6
383284,383290,383295,5,6
383284,383291,383295,4,7
383284,383290,383294,4,6
383284,383290,383294,4,6
383284,383290,383294,4,6
383284,383290,383294,4,6
383284,383290,383294,4,6
383284,383290,383294,4,6
383284,383290,383295,5,6
383284,383290,383295,5,6
383284,383294,383295,1,10
383284,383294,383296,2,10
383284,383294,383296,2,10
383284,383291,383295,4,7
383284,383294,383296,2,10
383284,383291,383295,4,7
383284,383291,383295,4,7
383284,383291,383296,5,7
383284,383291,383295,4,7
383284,383294,383296,2,10
383284,383294,383296,2,10
383284,383294,383297,3,10
383284,383294,383296,2,10
383284,383294,383297,3,10
383284,383294,383296,2,10
383284,383294,383296,2,10
383284,383294,383297,3,10
383284,383294,383297,3,10
383284,383294,383297,3,10
383284,383294,383297,3,10
383284,383294,383297,3,10
383284,383294,383297,3,10
383284,383294,383297,3,10
383284,383294,383297,3,10
383284,383294,383297,3,10
383284,383294,383296,2,10
383284,383294,383297,3,10
383284,383294,383297,3,10
383284,383294,383296,2,10
383284,383294,383297,3,10
383284,383294,383297,3,10
383284,383294,383297,3,10
383284,383294,383297,3,10
383284,383294,383297,3,10
383284,383294,383297,3,10
383284,383294,383297,3,10
383284,383294,383297,3,10
383303,383303,383307,4,0
383303,383303,383307,4,0
383303,383303,383307,4,0
383303,383303,383307,4,0
383303,383303,383307,4,0
383303,383303,383307,4,0
383303,383303,383307,4,0
383303,383303,383307,4,0
383303,383303,383307,4,0
383303,383303,383307,4,0
383303,383303,383307,4,0
383303,383303,383307,4,0
383303,383303,383307,4,0
383303,383303,383307,4,0
383303,383303,383307,4,0
383303,383303,383307,4,0
383303,383303,383308,5,0
383303,383303,383307,4,0
383303,383303,383307,4,0
383303,383303,383307,4,0
383303,383303,383307,4,0
383303,383303,383307,4,0
383303,383303,383307,4,0
383303,383303,383307,4,0
383303,383303,383307,4,0
383303,383303,383307,4,0
383303,383303,383307,4,0
383303,383303,383307,4,0
383303,383303,383307,4,0
383303,383303,383307,4,0
383303,383303,383307,4,0
383303,383303,383307,4,0
383303,383303,383307,4,0
383303,383303,383308,5,0
383303,383303,383308,5,0
383303,383303,383307,4,0
383303,383303,383307,4,0
383303,383303,383307,4,0
383303,383303,383307,4,0
383303,383303,383308,5,0
383303,383303,383307,4,0
383303,383303,383308,5,0
383303,383303,383307,4,0
383303,383303,383307,4,0
383303,383303,383307,4,0
383303,383303,383307,4,0
383303,383303,383307,4,0
383303,383303,383307,4,0
383303,383303,383308,5,0
383303,383303,383307,4,0
383303,383303,383307,4,0
383303,383303,383307,4,0
383303,383303,383308,5,0
383303,383303,383307,4,0
383303,383303,383307,4,0
383303,383303,383307,4,0
383303,383303,383307,4,0
383303,383303,383307,4,0
383303,383303,383307,4,0
383303,383303,383307,4,0
383303,383303,383308,5,0
383303,383303,383307,4,0
383303,383303,383307,4,0
383303,383303,383307,4,0
383303,383303,383307,4,0
383303,383303,383307,4,0
383303,383303,383307,4,0
383303,383303,383308,5,0
383303,383303,383308,5,0
383303,383307,383308,1,4
383303,383303,383308,5,0
383303,383303,383308,5,0
383303,383303,383308,5,0
383303,383303,383308,5,0
383303,383303,383308,5,0
383303,383303,383308,5,0
383303,383303,383308,5,0
383303,383307,383308,1,4
383303,383303,383308,5,0
383303,383303,383308,5,0
383303,383303,383308,5,0
383303,383303,383308,5,0
383303,383308,383312,4,5
383303,383308,383312,4,5
383303,383308,383313,5,5
383303,383308,383313,5,5
383303,383308,383313,5,5
383303,383308,383313,5,5
383303,383308,383313,5,5
383303,383308,383313,5,5
383303,383308,383313,5,5
383303,383308,383313,5,5
383303,383308,383313,5,5
383303,383308,383313,5,5
383303,383308,383313,5,5
383303,383308,383313,5,5
383303,383308,383313,5,5
383303,383308,383313,5,5
383303,383308,383313,5,5
383303,383308,383313,5,5
383303,383308,383314,6,5
383303,383308,383313,5,5
383303,383308,383313,5,5
383303,383308,383313,5,5
383303,383308,383313,5,5
383303,383308,383313,5,5
383303,383308,383313,5,5
383303,383308,383313,5,5
383303,383308,383313,5,5
383303,383308,383313,5,5
383303,383308,383313,5,5
383303,383308,383313,5,5
383303,383308,383313,5,5
383303,383308,383313,5,5
383303,383308,383313,5,5
383303,383308,383313,5,5
383303,383308,383314,6,5
383303,383308,383313,5,5
383303,383308,383313,5,5
383303,383308,383313,5,5
383303,383308,383313,5,5
383303,383308,383313,5,5
383303,383308,383313,5,5
383303,383308,383313,5,5
383303,383308,383313,5,5
383303,383308,383313,5,5
383303,383308,383313,5,5
383303,383308,383313,5,5
383303,383308,383313,5,5
383303,383308,383313,5,5
383303,383310,383313,3,7
383303,383310,383313,3,7
383303,383308,383313,5,5
383303,383308,383313,5,5
383303,383308,383313,5,5
383303,383308,383313,5,5
383303,383308,383313,5,5
383303,383308,383313,5,5
383303,383310,383313,3,7
383303,383308,383313,5,5
383303,383308,383313,5,5
383303,383308,383313,5,5
383303,383308,383313,5,5
383303,383308,383313,5,5
383303,383310,383313,3,7
383303,383310,383313,3,7
383303,383308,383313,5,5
383303,383308,383314,6,5
383303,383308,383314,6,5
383303,383310,383314,4,7
383303,383313,383314,1,10
383303,383313,383314,1,10
383303,383310,383314,4,7
383303,383310,383314,4,7
383303,383310,383314,4,7
383303,383308,383314,6,5
383303,383308,383314,6,5
383303,383310,383314,4,7
383303,383308,383314,6,5
383303,383308,383314,6,5
383303,383309,383314,5,6
383303,383310,383314,4,7
383303,383310,383314,4,7
383303,383310,383314,4,7
383303,383314,383316,2,11
383303,383314,383316,2,11
383303,383314,383316,2,11
383303,383314,383316,2,11
383303,383314,383316,2,11
383303,383314,383316,2,11
383303,383314,383316,2,11
383303,383314,383316,2,11
383303,383314,383316,2,11
383303,383314,383316,2,11
383303,383314,383316,2,11
383303,383314,383316,2,11
383303,383314,383316,2,11
383303,383314,383316,2,11
383303,383314,383316,2,11
383303,383314,383316,2,11
383303,383314,383316,2,11
383303,383314,383317,3,11
383303,383314,383316,2,11
383303,383314,383316,2,11
383303,383314,383316,2,11
383303,383314,383317,3,11
383303,383314,383316,2,11
383303,383314,383316,2,11
383303,383314,383316,2,11
383303,383314,383316,2,11
383303,383314,383316,2,11
383303,383314,383316,2,11
383303,383314,383316,2,11
383303,383314,383316,2,11
383303,383314,383316,2,11
383303,383314,383316,2,11
383303,383314,383317,3,11
383303,383314,383316,2,11
383303,383314,383316,2,11
383303,383314,383316,2,11
383321,383321,383326,5,0
383321,383321,383326,5,0
383321,383321,383326,5,0
383321,383321,383326,5,0
383321,383321,383326,5,0
383321,383321,383326,5,0
383321,383321,383326,5,0
383321,383321,383326,5,0
383321,383321,383326,5,0
383321,383321,383326,5,0
383321,383321,383326,5,0
383321,383321,383326,5,0
383321,383321,383326,5,0
383321,383321,383326,5,0
383321,383321,383326,5,0
383321,383321,383326,5,0
383321,383321,383326,5,0
383321,383321,383326,5,0
383321,383321,383326,5,0
383321,383321,383326,5,0
383321,383321,383326,5,0
383321,383321,383326,5,0
383321,383321,383326,5,0
383321,383321,383326,5,0
383321,383321,383326,5,0
383321,383321,383326,5,0
383321,383321,383326,5,0
383321,383321,383326,5,0
383321,383321,383326,5,0
383321,383321,383326,5,0
383321,383321,383326,5,0
383321,383321,383326,5,0
383321,383321,383326,5,0
383321,383321,383326,5,0
383321,383321,383326,5,0
383321,383321,383326,5,0
383321,383321,383326,5,0
383321,383321,383326,5,0
383321,383321,383326,5,0
383321,383321,383326,5,0
383321,383321,383326,5,0
383321,383321,383326,5,0
383321,383321,383326,5,0
383321,383321,383326,5,0
383321,383321,383326,5,0
383321,383321,383326,5,0
383321,383321,383326,5,0
383321,383321,383326,5,0
383321,383321,383326,5,0
383321,383321,383326,5,0
383321,383321,383326,5,0
383321,383321,383326,5,0
383321,383321,383326,5,0
383321,383321,383326,5,0
383321,383321,383326,5,0
383321,383321,383326,5,0
383321,383321,383326,5,0
383321,383321,383326,5,0
383321,383321,383326,5,0
383321,383321,383326,5,0
383321,383321,383326,5,0
383321,383321,383326,5,0
383321,383321,383327,6,0
383321,383321,383327,6,0
383321,383321,383327,6,0
383321,383321,383327,6,0
383321,383321,383327,6,0
383321,383321,383327,6,0
383321,383321,383327,6,0
383321,383321,383327,6,0
383321,383321,383327,6,0
383321,383321,383327,6,0
383321,383321,383327,6,0
383321,383321,383327,6,0
383321,383321,383327,6,0
383321,383321,383327,6,0
383321,383321,383327,6,0
383321,383321,383327,6,0
383321,383321,383327,6,0
383321,383321,383327,6,0
383321,383326,383329,3,5
383321,383327,383331,4,6
383321,383327,383331,4,6
383321,383327,383331,4,6
383321,383327,383331,4,6
383321,383327,383330,3,6
383321,383327,383330,3,6
383321,383327,383330,3,6
383321,383327,383331,4,6
383321,383327,383331,4,6
383321,383327,383330,3,6
383321,383327,383331,4,6
383321,383327,383331,4,6
383321,383327,383331,4,6
383321,383327,383331,4,6
383321,383327,383330,3,6
383321,383327,383331,4,6
383321,383327,383331,4,6
383321,383327,383331,4,6
383321,383327,383331,4,6
383321,383327,383331,4,6
383321,383327,383330,3,6
383321,383327,383331,4,6
383321,383327,383331,4,6
383321,383327,383331,4,6
383321,383327,383331,4,6
383321,383327,383331,4,6
383321,383327,383331,4,6
383321,383327,383330,3,6
383321,383327,383331,4,6
383321,383327,383330,3,6
383321,383327,383331,4,6
383321,383327,383331,4,6
383321,383327,383331,4,6
383321,383327,383331,4,6
383321,383327,383331,4,6
383321,383327,383331,4,6
383321,383327,383331,4,6
383321,383327,383331,4,6
383321,383327,383331,4,6
383321,383327,383331,4,6
383321,383327,383331,4,6
383321,383328,383332,4,7
383321,383328,383332,4,7
383321,383327,383331,4,6
383321,383327,383331,4,6
383321,383327,383331,4,6
383321,383327,383331,4,6
383321,383327,383332,5,6
383321,383328,383332,4,7
383321,383327,383331,4,6
383321,383327,383331,4,6
383321,383327,383331,4,6
383321,383328,383331,3,7
383321,383328,383331,3,7
383321,383327,383331,4,6
383321,383327,383331,4,6
383321,383327,383331,4,6
383321,383327,383331,4,6
383321,383328,383332,4,7
383321,383328,383332,4,7
383321,383327,383331,4,6
383321,383327,383331,4,6
383321,383327,383331,4,6
383321,383327,383331,4,6
383321,383327,383331,4,6
383321,383328,383332,4,7
383321,383327,383331,4,6
383321,383328,383331,3,7
383321,383328,383332,4,7
383321,383328,383332,4,7
383321,383327,383331,4,6
383321,383327,383331,4,6
383321,383328,383331,3,7
383321,383328,383331,3,7
383321,383328,383332,4,7
383321,383328,383332,4,7
383321,383328,383331,3,7
383321,383328,383331,3,7
383321,383330,383332,2,9
383321,383328,383332,4,7
383321,383331,383333,2,10
383321,383331,383333,2,10
383321,383331,383334,3,10
383321,383331,383334,3,10
383321,383331,383334,3,10
383321,383331,383334,3,10
383321,383331,383334,3,10
383321,383331,383334,3,10
383321,383331,383334,3,10
383321,383331,383334,3,10
383321,383331,383333,2,10
383321,383331,383333,2,10
383321,383331,383334,3,10
383321,383331,383333,2,10
383321,383331,383334,3,10
383321,383331,383334,3,10
383321,383331,383334,3,10
383321,383331,383333,2,10
383321,383331,383334,3,10
383321,383331,383333,2,10
383321,383331,383334,3,10
383321,383331,383334,3,10
383321,383331,383335,4,10
383321,383331,383334,3,10
383321,383331,383335,4,10
383321,383331,383334,3,10
383321,383331,383335,4,10
383321,383331,383335,4,10
383321,383331,383334,3,10
383321,383331,383335,4,10
383321,383332,383335,3,11
383321,383331,383334,3,10
383321,383331,383334,3,10
383321,383331,383335,4,10
383321,383331,383334,3,10
383321,383331,383334,3,10
383321,383331,383335,4,10
383321,383331,383335,4,10
383321,383332,383335,3,11
383339,383339,383343,4,0
383339,383339,383344,5,0
383339,383339,383343,4,0
383339,383339,383344,5,0
383339,383339,383344,5,0
383339,383339,383343,4,0
383339,383339,383343,4,0
383339,383339,383344,5,0
383339,383339,383343,4,0
383339,383339,383343,4,0
383339,383339,383343,4,0
383339,383339,383343,4,0
383339,383339,383343,4,0
383339,383339,383344,5,0
383339,383339,383344,5,0
383339,383339,383343,4,0
383339,383339,383343,4,0
383339,383339,383344,5,0
383339,383339,383343,4,0
383339,383339,383343,4,0
383339,383339,383344,5,0
383339,383339,383343,4,0
383339,383339,383344,5,0
383339,383339,383344,5,0
383339,383339,383344,5,0
383339,383339,383344,5,0
383339,383339,383344,5,0
383339,383339,383344,5,0
383339,383339,383344,5,0
383339,383339,383344,5,0
383339,383339,383344,5,0
383339,383339,383344,5,0
383339,383339,383344,5,0
383339,383339,383343,4,0
383339,383339,383344,5,0
383339,383339,383343,4,0
383339,383339,383344,5,0
383339,383339,383343,4,0
383339,383339,383343,4,0
383339,383339,383344,5,0
383339,383339,383343,4,0
383339,383339,383343,4,0
383339,383339,383343,4,0
383339,383339,383344,5,0
383339,383339,383344,5,0
383339,383339,383344,5,0
383339,383339,383343,4,0
383339,383339,383344,5,0
383339,383339,383343,4,0
383339,383339,383343,4,0
383339,383339,383343,4,0
383339,383339,383344,5,0
383339,383339,383344,5,0
383339,383339,383344,5,0
383339,383339,383344,5,0
383339,383339,383343,4,0
383339,383339,383344,5,0
383339,383339,383344,5,0
383339,383339,383344,5,0
383339,383339,383343,4,0
383339,383339,383343,4,0
383339,383339,383344,5,0
383339,383339,383344,5,0
383339,383339,383344,5,0
383339,383339,383343,4,0
383339,383339,383344,5,0
383339,383339,383344,5,0
383339,383339,383344,5,0
383339,383339,383345,6,0
383339,383339,383345,6,0
383339,383339,383345,6,0
383339,383339,383344,5,0
383339,383339,383344,5,0
383339,383339,383344,5,0
383339,383339,383344,5,0
383339,383339,383344,5,0
383339,383339,383345,6,0
383339,383339,383344,5,0
383339,383339,383344,5,0
383339,383339,383344,5,0
383339,383343,383345,2,4
383339,383344,383348,4,5
383339,383344,383349,5,5
383339,383344,383348,4,5
383339,383345,383349,4,6
383339,383344,383348,4,5
383339,383344,383348,4,5
383339,383344,383348,4,5
383339,383345,383349,4,6
383339,383344,383349,5,5
383339,383344,383349,5,5
383339,383345,383349,4,6
383339,383344,383349,5,5
383339,383344,383348,4,5
383339,383345,383349,4,6
383339,383345,383349,4,6
383339,383344,383349,5,5
383339,383344,383349,5,5
383339,383344,383349,5,5
383339,383345,383349,4,6
383339,383345,383349,4,6
383339,383345,383349,4,6
383339,383344,383349,5,5
383339,383344,383349,5,5
383339,383344,383349,5,5
383339,383345,383349,4,6
383339,383345,383349,4,6
383339,383345,383349,4,6
383339,383344,383349,5,5
383339,383344,383349,5,5
383339,383344,383349,5,5
383339,383345,383349,4,6
383339,383345,383349,4,6
383339,383344,383349,5,5
383339,383344,383349,5,5
383339,383344,383349,5,5
383339,383345,383349,4,6
383339,383345,383349,4,6
383339,383346,383349,3,7
383339,383346,383349,3,7
383339,383344,383349,5,5
383339,383344,383349,5,5
383339,383344,383349,5,5
383339,383345,383349,4,6
383339,383345,383349,4,6
383339,383345,383349,4,6
383339,383345,383349,4,6
383339,383345,383349,4,6
383339,383345,383349,4,6
383339,383344,383349,5,5
383339,383344,383349,5,5
383339,383345,383349,4,6
383339,383345,383349,4,6
383339,383346,383350,4,7
383339,383344,383349,5,5
383339,383344,383349,5,5
383339,383345,383349,4,6
383339,383345,383349,4,6
383339,383345,383349,4,6
383339,383345,383349,4,6
383339,383345,383350,5,6
383339,383345,383350,5,6
383339,383344,383349,5,5
383339,383345,383349,4,6
383339,383345,383349,4,6
383339,383345,383349,4,6
383339,383344,383349,5,5
383339,383345,383349,4,6
383339,383346,383350,4,7
383339,383346,383350,4,7
383339,383346,383350,4,7
383339,383349,383350,1,10
383339,383349,383350,1,10
383339,383346,383350,4,7
383339,383346,383350,4,7
383339,383349,383351,2,10
383339,383345,383350,5,6
383339,383345,383350,5,6
383339,383349,383351,2,10
383339,383346,383350,4,7
383339,383346,383350,4,7
383339,383346,383350,4,7
383339,383346,383350,4,7
383339,383345,383350,5,6
383339,383346,383350,4,7
383339,383349,383351,2,10
383339,383349,383351,2,10
383339,383349,383351,2,10
383339,383349,383351,2,10
383339,383349,383351,2,10
383339,383349,383351,2,10
383339,383349,383351,2,10
383339,383350,383351,1,11
383339,383350,383352,2,11
383339,383349,383351,2,10
383339,383349,383351,2,10
383339,383349,383351,2,10
383339,383350,383352,2,11
383339,383350,383352,2,11
383339,383350,383352,2,11
383339,383350,383352,2,11
383339,383350,383352,2,11
383339,383349,383351,2,10
383339,383349,383351,2,10
383339,383349,383352,3,10
383339,383349,383352,3,10
383339,383349,383351,2,10
383339,383349,383351,2,10
383339,383349,383352,3,10
383339,383350,383352,2,11
383339,383350,383352,2,11
383339,383350,383352,2,11
383339,383350,383352,2,11
383339,383350,383352,2,11
383339,383350,383352,2,11
383339,383350,383352,2,11
383339,383350,383352,2,11
383339,383350,383352,2,11
383339,383350,383352,2,11
383339,383350,383352,2,11
383357,383357,383361,4,0
383357,383357,383361,4,0
383357,383357,383361,4,0
383357,383357,383361,4,0
383357,383357,383362,5,0
383357,383357,383361,4,0
383357,383357,383361,4,0
383357,383357,383361,4,0
383357,383357,383361,4,0
383357,383357,383361,4,0
383357,383357,383361,4,0
383357,383357,383361,4,0
383357,383357,383361,4,0
383357,383357,383361,4,0
383357,383357,383361,4,0
383357,383357,383361,4,0
383357,383357,383361,4,0
383357,383357,383362,5,0
383357,383357,383361,4,0
383357,383357,383362,5,0
383357,383357,383362,5,0
383357,383357,383361,4,0
383357,383357,383361,4,0
383357,383357,383361,4,0
383357,383357,383361,4,0
383357,383357,383361,4,0
383357,383357,383361,4,0
383357,383357,383361,4,0
383357,383357,383361,4,0
383357,383357,383361,4,0
383357,383357,383361,4,0
383357,383357,383362,5,0
383357,383357,383361,4,0
383357,383357,383361,4,0
383357,383357,383362,5,0
383357,383357,383362,5,0
383357,383357,383361,4,0
383357,383357,383361,4,0
383357,383357,383361,4,0
383357,383357,383361,4,0
383357,383357,383361,4,0
383357,383357,383361,4,0
383357,383357,383361,4,0
383357,383357,383362,5,0
383357,383357,383361,4,0
383357,383357,383361,4,0
383357,383357,383361,4,0
383357,383357,383361,4,0
383357,383357,383361,4,0
383357,383357,383362,5,0
383357,383357,383361,4,0
383357,383357,383362,5,0
383357,383357,383361,4,0
383357,383357,383361,4,0
383357,383357,383361,4,0
383357,383357,383361,4,0
383357,383357,383361,4,0
383357,383357,383361,4,0
383357,383357,383362,5,0
383357,383357,383362,5,0
383357,383357,383361,4,0
383357,383357,383361,4,0
383357,383357,383361,4,0
383357,383357,383361,4,0
383357,383357,383362,5,0
383357,383357,383362,5,0
383357,383357,383362,5,0
383357,383357,383362,5,0
383357,383357,383362,5,0
383357,383357,383362,5,0
383357,383357,383362,5,0
383357,383357,383362,5,0
383357,383357,383362,5,0
383357,383357,383362,5,0
383357,383357,383362,5,0
383357,383357,383362,5,0
383357,383357,383362,5,0
383357,383357,383362,5,0
383357,383357,383362,5,0
383357,383357,383362,5,0
383357,383362,383367,5,5
383357,383362,383367,5,5
383357,383362,383367,5,5
383357,383362,383367,5,5
383357,383362,383367,5,5
383357,383362,383367,5,5
383357,383362,383367,5,5
383357,383362,383367,5,5
383357,383362,383367,5,5
383357,383362,383367,5,5
383357,383362,383367,5,5
383357,383362,383367,5,5
383357,383362,383367,5,5
383357,383362,383367,5,5
383357,383362,383367,5,5
383357,383362,383367,5,5
383357,383362,383367,5,5
383357,383362,383367,5,5
383357,383362,383367,5,5
383357,383362,383367,5,5
383357,383362,383367,5,5
383357,383362,383367,5,5
383357,383363,383367,4,6
383357,383363,383367,4,6
383357,383363,383367,4,6
383357,383362,383366,4,5
383357,383362,383367,5,5
383357,383362,383367,5,5
383357,383362,383367,5,5
383357,383363,383367,4,6
383357,383363,383367,4,6
383357,383363,383367,4,6
383357,383362,383367,5,5
383357,383362,383367,5,5
383357,383362,383367,5,5
383357,383362,383367,5,5
383357,383362,383367,5,5
383357,383363,383367,4,6
383357,383362,383367,5,5
383357,383362,383367,5,5
383357,383362,383367,5,5
383357,383362,383367,5,5
383357,383362,383367,5,5
383357,383362,383368,6,5
383357,383362,383367,5,5
383357,383362,383368,6,5
383357,383362,383367,5,5
383357,383362,383368,6,5
383357,383362,383368,6,5
383357,383362,383368,6,5
383357,383362,383368,6,5
383357,383362,383368,6,5
383357,383362,383368,6,5
383357,383362,383368,6,5
383357,383362,383368,6,5
383357,383362,383368,6,5
383357,383362,383368,6,5
383357,383362,383368,6,5
383357,383362,383367,5,5
383357,383362,383368,6,5
383357,383362,383368,6,5
383357,383363,383369,6,6
383357,383362,383367,5,5
383357,383362,383368,6,5
383357,383362,383367,5,5
383357,383362,383368,6,5
383357,383362,383368,6,5
383357,383362,383368,6,5
383357,383363,383368,5,6
383357,383363,383368,5,6
383357,383363,383368,5,6
383357,383363,383368,5,6
383357,383362,383368,6,5
383357,383363,383368,5,6
383357,383362,383369,7,5
383357,383362,383369,7,5
383357,383362,383369,7,5
383357,383367,383369,2,10
383357,383367,383369,2,10
383357,383367,383370,3,10
383357,383363,383369,6,6
383357,383363,383369,6,6
383357,383362,383369,7,5
383357,383367,383369,2,10
383357,383367,383370,3,10
383357,383367,383369,2,10
383357,383367,383369,2,10
383357,383368,383370,2,11
383357,383367,383370,3,10
383357,383368,383370,2,11
383357,383368,383370,2,11
383357,383367,383370,3,10
383357,383368,383370,2,11
383357,383368,383370,2,11
383357,383368,383370,2,11
383357,383368,383370,2,11
383357,383368,383371,3,11
383357,383368,383370,2,11
383357,383368,383370,2,11
383357,383368,383370,2,11
383357,383368,383370,2,11
383357,383368,383370,2,11
383357,383368,383371,3,11
383357,383368,383370,2,11
383357,383368,383371,3,11
383357,383368,383370,2,11
383357,383368,383370,2,11
383357,383368,383370,2,11
383357,383368,383370,2,11
383357,383368,383371,3,11
383357,383368,383370,2,11
383357,383368,383371,3,11
383357,383368,383370,2,11
383357,383368,383370,2,11
383357,383368,383370,2,11
383357,383368,383370,2,11
383357,383368,383371,3,11
383357,383368,383370,2,11
383357,383368,383371,3,11
383357,383368,383371,3,11
383376,383376,383380,4,0
383376,383376,383380,4,0
383376,383376,383380,4,0
383376,383376,383380,4,0
383376,383376,383381,5,0
383376,383376,383381,5,0
383376,383376,383381,5,0
383376,383376,383381,5,0
383376,383376,383381,5,0
383376,383376,383381,5,0
383376,383376,383380,4,0
383376,383376,383380,4,0
383376,383376,383380,4,0
383376,383376,383381,5,0
383376,383376,383381,5,0
383376,383376,383381,5,0
383376,383376,383381,5,0
383376,383376,383381,5,0
383376,383376,383380,4,0
383376,383376,383380,4,0
383376,383376,383381,5,0
383376,383376,383380,4,0
383376,383376,383381,5,0
383376,383376,383381,5,0
383376,383376,383381,5,0
383376,383376,383380,4,0
383376,383376,383381,5,0
383376,383376,383381,5,0
383376,383376,383381,5,0
383376,383376,383381,5,0
383376,383376,383381,5,0
383376,383376,383381,5,0
383376,383376,383380,4,0
383376,383376,383381,5,0
383376,383376,383381,5,0
383376,383376,383380,4,0
383376,383376,383381,5,0
383376,383376,383381,5,0
383376,383376,383381,5,0
383376,383376,383381,5,0
383376,383376,383380,4,0
383376,383376,383380,4,0
383376,383376,383381,5,0
383376,383376,383381,5,0
383376,383376,383381,5,0
383376,383376,383380,4,0
383376,383376,383381,5,0
383376,383376,383381,5,0
383376,383376,383380,4,0
383376,383376,383380,4,0
383376,383376,383381,5,0
383376,383376,383380,4,0
383376,383376,383381,5,0
383376,383376,383381,5,0
383376,383376,383381,5,0
383376,383376,383381,5,0
383376,383376,383380,4,0
383376,383376,383381,5,0
383376,383376,383380,4,0
383376,383376,383380,4,0
383376,383376,383381,5,0
383376,383376,383381,5,0
383376,383376,383381,5,0
383376,383376,383381,5,0
383376,383376,383381,5,0
383376,383376,383381,5,0
383376,383376,383381,5,0
383376,383376,383380,4,0
383376,383376,383381,5,0
383376,383376,383381,5,0
383376,383376,383381,5,0
383376,383376,383381,5,0
383376,383376,383381,5,0
383376,383376,383380,4,0
383376,383376,383380,4,0
383376,383376,383381,5,0
383376,383376,383381,5,0
383376,383376,383381,5,0
383376,383376,383381,5,0
383376,383376,383381,5,0
383376,383380,383382,2,4
383376,383380,383382,2,4
383376,383382,383386,4,6
383376,383382,383386,4,6
383376,383382,383386,4,6
383376,383382,383386,4,6
383376,383382,383386,4,6
383376,383382,383386,4,6
383376,383382,383386,4,6
383376,383382,383386,4,6
383376,383382,383386,4,6
383376,383382,383386,4,6
383376,383382,383386,4,6
383376,383382,383386,4,6
383376,383382,383386,4,6
383376,383382,383387,5,6
383376,383382,383386,4,6
383376,383382,383386,4,6
383376,383382,383386,4,6
383376,383382,383386,4,6
383376,383382,383386,4,6
383376,383382,383387,5,6
383376,383382,383386,4,6
383376,383382,383386,4,6
383376,383382,383386,4,6
383376,383382,383386,4,6
383376,383382,383386,4,6
383376,383382,383386,4,6
383376,383382,383387,5,6
383376,383382,383387,5,6
383376,383382,383387,5,6
383376,383382,383386,4,6
383376,383382,383386,4,6
383376,383382,383386,4,6
383376,383382,383386,4,6
383376,383382,383387,5,6
383376,383382,383387,5,6
383376,383382,383386,4,6
383376,383382,383386,4,6
383376,383382,383386,4,6
383376,383382,383386,4,6
383376,383382,383386,4,6
383376,383382,383386,4,6
383376,383382,383386,4,6
383376,383383,383386,3,7
383376,383382,383386,4,6
383376,383382,383386,4,6
383376,383382,383386,4,6
383376,383382,383386,4,6
383376,383382,383387,5,6
383376,383382,383387,5,6
383376,383382,383386,4,6
383376,383382,383386,4,6
383376,383382,383386,4,6
383376,383382,383386,4,6
383376,383382,383386,4,6
383376,383382,383387,5,6
383376,383382,383387,5,6
383376,383382,383386,4,6
383376,383382,383386,4,6
383376,383382,383386,4,6
383376,383382,383386,4,6
383376,383382,383387,5,6
383376,383382,383386,4,6
383376,383382,383386,4,6
383376,383382,383386,4,6
383376,383382,383386,4,6
383376,383382,383386,4,6
383376,383382,383386,4,6
383376,383382,383386,4,6
383376,383382,383386,4,6
383376,383382,383387,5,6
383376,383386,383387,1,10
383376,383382,383387,5,6
383376,383383,383387,4,7
383376,383382,383387,5,6
383376,383382,383387,5,6
383376,383382,383387,5,6
383376,383382,383387,5,6
383376,383386,383387,1,10
383376,383382,383387,5,6
383376,383382,383387,5,6
383376,383382,383387,5,6
383376,383382,383387,5,6
383376,383387,383390,3,11
383376,383387,383390,3,11
383376,383387,383389,2,11
383376,383387,383390,3,11
383376,383387,383390,3,11
383376,383387,383390,3,11
383376,383387,383390,3,11
383376,383387,383390,3,11
383376,383387,383390,3,11
383376,383387,383390,3,11
383376,383387,383389,2,11
383376,383387,383390,3,11
383376,383387,383389,2,11
383376,383387,383390,3,11
383376,383387,383390,3,11
383376,383387,383389,2,11
383376,383387,383390,3,11
383376,383387,383390,3,11
383376,383387,383390,3,11
383376,383387,383389,2,11
383376,383387,383390,3,11
383376,383387,383390,3,11
383376,383387,383391,4,11
383376,383387,383391,4,11
383376,383387,383391,4,11
383376,383388,383391,3,12
383376,383387,383390,3,11
383376,383387,383390,3,11
383376,383387,383390,3,11
383376,383387,383391,4,11
383376,383387,383391,4,11
383376,383387,383390,3,11
383376,383387,383390,3,11
383376,383387,383390,3,11
383376,383387,383390,3,11
383376,383387,383390,3,11
383395,383395,383401,6,0
383395,383395,383400,5,0
383395,383396,383400,4,1
383395,383395,383400,5,0
383395,383395,383400,5,0
383395,383395,383401,6,0
383395,383395,383400,5,0
383395,383396,383401,5,1
383395,383396,383400,4,1
383395,383396,383400,4,1
383395,383395,383400,5,0
383395,383395,383401,6,0
383395,383395,383400,5,0
383395,383395,383401,6,0
383395,383396,383401,5,1
383395,383396,383400,4,1
383395,383396,383400,4,1
383395,383395,383400,5,0
383395,383395,383400,5,0
383395,383395,383401,6,0
383395,383395,383400,5,0
383395,383396,383400,4,1
383395,383395,383401,6,0
383395,383395,383400,5,0
383395,383395,383400,5,0
383395,383395,383400,5,0
383395,383396,383401,5,1
383395,383396,383401,5,1
383395,383396,383400,4,1
383395,383395,383400,5,0
383395,383395,383400,5,0
383395,383395,383400,5,0
383395,383396,383401,5,1
383395,383396,383401,5,1
383395,383396,383401,5,1
383395,383395,383400,5,0
383395,383395,383400,5,0
383395,383395,383400,5,0
383395,383395,383400,5,0
383395,383395,383400,5,0
383395,383395,383401,6,0
383395,383395,383400,5,0
383395,383395,383400,5,0
383395,383395,383401,6,0
383395,383396,383401,5,1
383395,383395,383401,6,0
383395,383395,383401,6,0
383395,383395,383401,6,0
383395,383395,383401,6,0
383395,383396,383401,5,1
383395,383395,383401,6,0
383395,383395,383401,6,0
383395,383396,383402,6,1
383395,383396,383402,6,1
383395,383396,383402,6,1
383395,383396,383401,5,1
383395,383396,383401,5,1
383395,383396,383401,5,1
383395,383396,383401,5,1
383395,383396,383401,5,1
383395,383396,383401,5,1
383395,383396,383401,5,1
383395,383396,383401,5,1
383395,383396,383402,6,1
383395,383396,383402,6,1
383395,383396,383401,5,1
383395,383396,383401,5,1
383395,383396,383401,5,1
383395,383396,383401,5,1
383395,383396,383401,5,1
383395,383396,383402,6,1
383395,383396,383401,5,1
383395,383396,383401,5,1
383395,383396,383401,5,1
383395,383396,383401,5,1
383395,383396,383401,5,1
383395,383395,383401,6,0
383395,383396,383402,6,1
383395,383396,383402,6,1
383395,383396,383402,6,1
383395,383401,383403,2,6
383395,383401,383405,4,6
383395,383402,383406,4,7
383395,383402,383406,4,7
383395,383401,383405,4,6
383395,383401,383406,5,6
383395,383401,383406,5,6
383395,383401,383406,5,6
383395,383401,383406,5,6
383395,383401,383405,4,6
383395,383401,383406,5,6
383395,383401,383405,4,6
383395,383401,383405,4,6
383395,383401,383406,5,6
383395,383401,383406,5,6
383395,383401,383406,5,6
383395,383401,383405,4,6
383395,383401,383406,5,6
383395,383401,383405,4,6
383395,383401,383406,5,6
383395,383401,383406,5,6
383395,383401,383406,5,6
383395,383401,383406,5,6
383395,383401,383406,5,6
383395,383401,383406,5,6
383395,383401,383406,5,6
383395,383401,383406,5,6
383395,383401,383406,5,6
383395,383402,383406,4,7
383395,383401,383405,4,6
383395,383401,383406,5,6
383395,383401,383406,5,6
383395,383401,383406,5,6
383395,383401,383406,5,6
383395,383401,383406,5,6
383395,383401,383406,5,6
383395,383401,383406,5,6
383395,383402,383405,3,7
383395,383401,383405,4,6
383395,383401,383406,5,6
383395,383402,383405,3,7
383395,383402,383406,4,7
383395,383402,383406,4,7
383395,383402,383406,4,7
383395,383401,383406,5,6
383395,383401,383406,5,6
383395,383401,383406,5,6
383395,383401,383406,5,6
383395,383401,383406,5,6
383395,383402,383406,4,7
383395,383401,383406,5,6
383395,383401,383406,5,6
383395,383401,383406,5,6
383395,383401,383406,5,6
383395,383402,383405,3,7
383395,383402,383406,4,7
383395,383402,383406,4,7
383395,383402,383406,4,7
383395,383402,383407,5,7
383395,383402,383406,4,7
383395,383403,383407,4,8
383395,383402,383407,5,7
383395,383404,383407,3,9
383395,383402,383407,5,7
383395,383405,383407,2,10
383395,383402,383406,4,7
383395,383402,383407,5,7
383395,383402,383407,5,7
383395,383402,383407,5,7
383395,383402,383407,5,7
383395,383402,383406,4,7
383395,383402,383406,4,7
383395,383402,383407,5,7
383395,383402,383407,5,7
383395,383402,383407,5,7
383395,383402,383407,5,7
383395,383402,383407,5,7
383395,383402,383406,4,7
383395,383402,383406,4,7
383395,383403,383407,4,8
383395,383403,383407,4,8
383395,383406,383408,2,11
383395,383402,383408,6,7
383395,383406,383408,2,11
383395,383406,383408,2,11
383395,383406,383408,2,11
383395,383406,383408,2,11
383395,383406,383408,2,11
383395,383406,383409,3,11
383395,383406,383409,3,11
383395,383406,383409,3,11
383395,383406,383409,3,11
383395,383406,383409,3,11
383395,383406,383409,3,11
383395,383406,383409,3,11
383395,383406,383409,3,11
383395,383406,383409,3,11
383395,383406,383408,2,11
383395,383406,383409,3,11
383395,383406,383409,3,11
383395,383406,383409,3,11
383395,383406,383409,3,11
383395,383406,383409,3,11
383395,383406,383409,3,11
383395,383406,383409,3,11
383395,383406,383409,3,11
383395,383406,383409,3,11
383395,383406,383409,3,11
383395,383406,383409,3,11
383395,383406,383409,3,11
383395,383406,383409,3,11
383395,383406,383409,3,11
383395,383406,383409,3,11
383395,383406,383409,3,11
383395,383406,383409,3,11
383395,383406,383409,3,11
383395,383406,383409,3,11
383395,383406,383409,3,11
383395,383406,383410,4,11
383395,383406,383409,3,11
383414,383414,383418,4,0
383414,383414,383418,4,0
383414,383414,383419,5,0
383414,383414,383419,5,0
383414,383414,383419,5,0
383414,383414,383419,5,0
383414,383414,383419,5,0
383414,383414,383419,5,0
383414,383414,383419,5,0
383414,383414,383419,5,0
383414,383414,383419,5,0
383414,383414,383419,5,0
383414,383414,383419,5,0
383414,383414,383419,5,0
383414,383414,383419,5,0
383414,383414,383419,5,0
383414,383414,383419,5,0
383414,383414,383419,5,0
383414,383414,383419,5,0
383414,383414,383419,5,0
383414,383414,383419,5,0
383414,383414,383419,5,0
383414,383414,383419,5,0
383414,383414,383419,5,0
383414,383414,383419,5,0
383414,383414,383419,5,0
383414,383414,383419,5,0
383414,383414,383419,5,0
383414,383414,383419,5,0
383414,383414,383419,5,0
383414,383414,383419,5,0
383414,383414,383419,5,0
383414,383414,383419,5,0
383414,383414,383419,5,0
383414,383414,383419,5,0
383414,383414,383419,5,0
383414,383414,383419,5,0
383414,383414,383419,5,0
383414,383414,383419,5,0
383414,383414,383419,5,0
383414,383414,383419,5,0
383414,383414,383420,6,0
383414,383414,383419,5,0
383414,383414,383419,5,0
383414,383414,383419,5,0
383414,383414,383419,5,0
383414,383414,383419,5,0
383414,383414,383419,5,0
383414,383414,383419,5,0
383414,383414,383420,6,0
383414,383414,383419,5,0
383414,383414,383419,5,0
383414,383414,383419,5,0
383414,383414,383419,5,0
383414,383414,383419,5,0
383414,383414,383419,5,0
383414,383414,383419,5,0
383414,383414,383420,6,0
383414,383414,383420,6,0
383414,383414,383420,6,0
383414,383414,383420,6,0
383414,383414,383420,6,0
383414,383414,383420,6,0
383414,383414,383420,6,0
383414,383414,383421,7,0
383414,383414,383420,6,0
383414,383414,383420,6,0
383414,383415,383420,5,1
383414,383414,383420,6,0
383414,383414,383420,6,0
383414,383414,383420,6,0
383414,383419,383420,1,5
383414,383414,383420,6,0
383414,383414,383420,6,0
383414,383414,383420,6,0
383414,383414,383420,6,0
383414,383414,383420,6,0
383414,383414,383420,6,0
383414,383419,383420,1,5
383414,383414,383420,6,0
383414,383414,383420,6,0
383414,383414,383421,7,0
383414,383420,383423,3,6
383414,383420,383424,4,6
383414,383420,383424,4,6
383414,383420,383424,4,6
383414,383420,383425,5,6
383414,383420,383425,5,6
383414,383420,383424,4,6
383414,383420,383424,4,6
383414,383420,383425,5,6
383414,383420,383425,5,6
383414,383420,383425,5,6
383414,383420,383425,5,6
383414,383420,383425,5,6
383414,383420,383424,4,6
383414,383420,383424,4,6
383414,383420,383424,4,6
383414,383420,383424,4,6
383414,383420,383425,5,6
383414,383421,383425,4,7
383414,383420,383424,4,6
383414,383420,383425,5,6
383414,383420,383424,4,6
383414,383420,383425,5,6
383414,383420,383425,5,6
383414,383420,383424,4,6
383414,383420,383425,5,6
383414,383420,383424,4,6
383414,383420,383425,5,6
383414,383420,383425,5,6
383414,383420,383425,5,6
383414,383420,383424,4,6
383414,383420,383425,5,6
383414,383420,383424,4,6
383414,383420,383425,5,6
383414,383420,383424,4,6
383414,383420,383425,5,6
383414,383420,383425,5,6
383414,383420,383425,5,6
383414,383420,383425,5,6
383414,383420,383424,4,6
383414,383420,383424,4,6
383414,383420,383425,5,6
383414,383420,383425,5,6
383414,383420,383425,5,6
383414,383420,383425,5,6
383414,383420,383425,5,6
383414,383420,383424,4,6
383414,383420,383424,4,6
383414,383420,383424,4,6
383414,383420,383425,5,6
383414,383420,383425,5,6
383414,383421,383424,3,7
383414,383421,383424,3,7
383414,383421,383424,3,7
383414,383421,383425,4,7
383414,383421,383425,4,7
383414,383420,383426,6,6
383414,383420,383425,5,6
383414,383420,383425,5,6
383414,383420,383425,5,6
383414,383420,383426,6,6
383414,383420,383425,5,6
383414,383420,383425,5,6
383414,383421,383425,4,7
383414,383421,383426,5,7
383414,383421,383426,5,7
383414,383421,383426,5,7
383414,383421,383426,5,7
383414,383421,383426,5,7
383414,383421,383425,4,7
383414,383421,383426,5,7
383414,383422,383425,3,8
383414,383421,383425,4,7
383414,383421,383426,5,7
383414,383421,383426,5,7
383414,383421,383425,4,7
383414,383421,383426,5,7
383414,383420,383426,6,6
383414,383425,383427,2,11
383414,383424,383426,2,10
383414,383424,383426,2,10
383414,383421,383426,5,7
383414,383421,383426,5,7
383414,383423,383426,3,9
383414,383424,383427,3,10
383414,383425,383427,2,11
383414,383425,383427,2,11
383414,383425,383427,2,11
383414,383425,383427,2,11
383414,383425,383428,3,11
383414,383425,383428,3,11
383414,383425,383427,2,11
383414,383425,383428,3,11
383414,383425,383428,3,11
383414,383425,383428,3,11
383414,383425,383428,3,11
383414,383425,383428,3,11
383414,383425,383427,2,11
383414,383425,383428,3,11
383414,383425,383428,3,11
383414,383425,383428,3,11
383414,383425,383428,3,11
383414,383425,383428,3,11
383414,383425,383428,3,11
383414,383425,383427,2,11
383414,383425,383428,3,11
383414,383425,383428,3,11
383414,383425,383428,3,11
383414,383425,383428,3,11
383414,383425,383428,3,11
383414,383425,383428,3,11
383414,383425,383428,3,11
383414,383425,383428,3,11
383414,383425,383428,3,11
383414,383425,383428,3,11
383414,383425,383428,3,11
383414,383425,383428,3,11
383414,383425,383428,3,11
383433,383433,383438,5,0
383433,383433,383438,5,0
383433,383433,383438,5,0
383433,383433,383438,5,0
383433,383433,383438,5,0
383433,383433,383438,5,0
383433,383433,383438,5,0
383433,383433,383439,6,0
383433,383433,383438,5,0
383433,383433,383438,5,0
383433,383433,383438,5,0
383433,383433,383438,5,0
383433,383433,383438,5,0
383433,383433,383438,5,0
383433,383433,383438,5,0
383433,383433,383438,5,0
383433,383433,383438,5,0
383433,383433,383439,6,0
383433,383433,383439,6,0
383433,383433,383438,5,0
383433,383433,383438,5,0
383433,383433,383438,5,0
383433,383433,383438,5,0
383433,383433,383438,5,0
383433,383433,383439,6,0
383433,383433,383438,5,0
383433,383433,383438,5,0
383433,383433,383438,5,0
383433,383433,383438,5,0
383433,383433,383438,5,0
383433,383433,383439,6,0
383433,383433,383438,5,0
383433,383433,383438,5,0
383433,383433,383438,5,0
383433,383433,383438,5,0
383433,383433,383438,5,0
383433,383433,383438,5,0
383433,383433,383438,5,0
383433,383433,383438,5,0
383433,383433,383438,5,0
383433,383433,383438,5,0
383433,383433,383438,5,0
383433,383433,383438,5,0
383433,383433,383439,6,0
383433,383433,383438,5,0
383433,383433,383438,5,0
383433,383433,383438,5,0
383433,383433,383438,5,0
383433,383433,383438,5,0
383433,383433,383438,5,0
383433,383433,383438,5,0
383433,383433,383438,5,0
383433,383433,383438,5,0
383433,383433,383438,5,0
383433,383433,383438,5,0
383433,383433,383438,5,0
383433,383433,383439,6,0
383433,383433,383438,5,0
383433,383433,383438,5,0
383433,383433,383438,5,0
383433,383433,383438,5,0
383433,383433,383438,5,0
383433,383433,383439,6,0
383433,383433,383439,6,0
383433,383433,383439,6,0
383433,383433,383439,6,0
383433,383433,383439,6,0
383433,383433,383439,6,0
383433,383433,383439,6,0
383433,383433,383439,6,0
383433,383433,383439,6,0
383433,383433,383439,6,0
383433,383433,383439,6,0
383433,383433,383439,6,0
383433,383433,383439,6,0
383433,383433,383439,6,0
383433,383433,383439,6,0
383433,383433,383439,6,0
383433,383433,383439,6,0
383433,383438,383440,2,5
383433,383433,383439,6,0
383433,383439,383443,4,6
383433,383439,383443,4,6
383433,383439,383444,5,6
383433,383439,383444,5,6
383433,383439,383444,5,6
383433,383439,383444,5,6
383433,383439,383444,5,6
383433,383439,383444,5,6
383433,383439,383444,5,6
383433,383439,383444,5,6
383433,383439,383444,5,6
383433,383439,383444,5,6
383433,383439,383444,5,6
383433,383439,383444,5,6
383433,383439,383444,5,6
383433,383439,383444,5,6
383433,383439,383444,5,6
383433,383439,383444,5,6
383433,383439,383444,5,6
383433,383439,383444,5,6
383433,383439,383444,5,6
383433,383439,383444,5,6
383433,383439,383444,5,6
383433,383439,383444,5,6
383433,383439,383444,5,6
383433,383439,383444,5,6
383433,383439,383444,5,6
383433,383439,383444,5,6
383433,383439,383444,5,6
383433,383439,383444,5,6
383433,383439,383444,5,6
383433,383439,383444,5,6
383433,383439,383444,5,6
383433,383441,383445,4,8
383433,383439,383444,5,6
383433,383439,383444,5,6
383433,383439,383444,5,6
383433,383439,383444,5,6
383433,383439,383444,5,6
383433,383439,383444,5,6
383433,383439,383444,5,6
383433,383439,383444,5,6
383433,383439,383444,5,6
383433,383439,383444,5,6
383433,383439,383444,5,6
383433,383439,383444,5,6
383433,383441,383444,3,8
383433,383439,383444,5,6
383433,383439,383444,5,6
383433,383439,383444,5,6
383433,383439,383444,5,6
383433,383439,383444,5,6
383433,383439,383444,5,6
383433,383439,383444,5,6
383433,383439,383444,5,6
383433,383439,383444,5,6
383433,383439,383445,6,6
383433,383439,383444,5,6
383433,383439,383444,5,6
383433,383439,383444,5,6
383433,383439,383444,5,6
383433,383439,383444,5,6
383433,383441,383445,4,8
383433,383441,383445,4,8
383433,383441,383445,4,8
383433,383441,383445,4,8
383433,383441,383445,4,8
383433,383444,383445,1,11
383433,383444,383445,1,11
383433,383441,383445,4,8
383433,383441,383445,4,8
383433,383441,383445,4,8
383433,383441,383445,4,8
383433,383441,383445,4,8
383433,383441,383445,4,8
383433,383441,383445,4,8
383433,383439,383445,6,6
383433,383439,383445,6,6
383433,383441,383445,4,8
383433,383443,383445,2,10
383433,383439,383445,6,6
383433,383441,383445,4,8
383433,383441,383445,4,8
383433,383445,383447,2,12
383433,383445,383447,2,12
383433,383445,383448,3,12
383433,383445,383447,2,12
383433,383445,383448,3,12
383433,383445,383447,2,12
383433,383445,383448,3,12
383433,383445,383448,3,12
383433,383445,383448,3,12
383433,383445,383447,2,12
383433,383445,383447,2,12
383433,383445,383447,2,12
383433,383445,383448,3,12
383433,383445,383448,3,12
383433,383445,383448,3,12
383433,383445,383448,3,12
383433,383445,383448,3,12
383433,383445,383449,4,12
383433,383445,383448,3,12
383433,383445,383449,4,12
383433,383445,383449,4,12
383433,383445,383449,4,12
383433,383445,383449,4,12
383433,383445,383448,3,12
383433,383445,383448,3,12
383433,383445,383448,3,12
383433,383445,383448,3,12
383433,383445,383448,3,12
383433,383445,383449,4,12
383433,383445,383449,4,12
383433,383445,383449,4,12
383433,383445,383448,3,12
383433,383445,383448,3,12
383433,383445,383449,4,12
383433,383445,383449,4,12
383433,383445,383449,4,12
383452,383453,383456,3,1
383452,383453,383457,4,1
383452,383453,383457,4,1
383452,383453,383457,4,1
383452,383453,383457,4,1
383452,383453,383457,4,1
383452,383453,383457,4,1
383452,383453,383457,4,1
383452,383453,383457,4,1
383452,383453,383457,4,1
383452,383453,383457,4,1
383452,383453,383457,4,1
383452,383453,383457,4,1
383452,383453,383457,4,1
383452,383453,383457,4,1
383452,383453,383457,4,1
383452,383453,383457,4,1
383452,383453,383457,4,1
383452,383453,383457,4,1
383452,383453,383457,4,1
383452,383453,383457,4,1
383452,383453,383457,4,1
383452,383453,383457,4,1
383452,383453,383457,4,1
383452,383453,383457,4,1
383452,383453,383457,4,1
383452,383453,383457,4,1
383452,383453,383457,4,1
383452,383453,383457,4,1
383452,383453,383457,4,1
383452,383453,383457,4,1
383452,383453,383457,4,1
383452,383453,383457,4,1
383452,383453,383457,4,1
383452,383453,383457,4,1
383452,383453,383457,4,1
383452,383453,383457,4,1
383452,383453,383458,5,1
383452,383453,383457,4,1
383452,383453,383457,4,1
383452,383453,383457,4,1
383452,383453,383457,4,1
383452,383453,383458,5,1
383452,383453,383457,4,1
383452,383453,383457,4,1
383452,383453,383457,4,1
383452,383453,383457,4,1
383452,383453,383457,4,1
383452,383453,383458,5,1
383452,383453,383457,4,1
383452,383453,383457,4,1
383452,383453,383457,4,1
383452,383453,383457,4,1
383452,383453,383457,4,1
383452,383453,383458,5,1
383452,383453,383457,4,1
383452,383453,383457,4,1
383452,383453,383457,4,1
383452,383453,383457,4,1
383452,383453,383457,4,1
383452,383453,383458,5,1
383452,383453,383457,4,1
383452,383453,383458,5,1
383452,383453,383458,5,1
383452,383453,383458,5,1
383452,383453,383458,5,1
383452,383453,383458,5,1
383452,383453,383458,5,1
383452,383453,383458,5,1
383452,383453,383458,5,1
383452,383453,383458,5,1
383452,383453,383458,5,1
383452,383453,383458,5,1
383452,383453,383458,5,1
383452,383457,383458,1,5
383452,383453,383458,5,1
383452,383453,383458,5,1
383452,383453,383458,5,1
383452,383453,383458,5,1
383452,383453,383458,5,1
383452,383453,383458,5,1
383452,383458,383461,3,6
383452,383458,383462,4,6
383452,383458,383463,5,6
383452,383458,383463,5,6
383452,383458,383463,5,6
383452,383458,383463,5,6
383452,383458,383463,5,6
383452,383458,383463,5,6
383452,383458,383463,5,6
383452,383458,383463,5,6
383452,383458,383463,5,6
383452,383458,383463,5,6
383452,383458,383463,5,6
383452,383458,383463,5,6
383452,383458,383463,5,6
383452,383458,383463,5,6
383452,383458,383463,5,6
383452,383458,383463,5,6
383452,383458,383463,5,6
383452,383458,383463,5,6
383452,383458,383463,5,6
383452,383458,383463,5,6
383452,383458,383463,5,6
383452,383458,383463,5,6
383452,383458,383463,5,6
383452,383458,383463,5,6
383452,383458,383463,5,6
383452,383458,383463,5,6
383452,383458,383463,5,6
383452,383458,383463,5,6
383452,383458,383463,5,6
383452,383458,383463,5,6
383452,383458,383463,5,6
383452,383458,383463,5,6
383452,383458,383463,5,6
383452,383458,383463,5,6
383452,383458,383463,5,6
383452,383458,383463,5,6
383452,383458,383463,5,6
383452,383458,383463,5,6
383452,383458,383463,5,6
383452,383458,383463,5,6
383452,383458,383463,5,6
383452,383458,383463,5,6
383452,383458,383463,5,6
383452,383458,383463,5,6
383452,383458,383463,5,6
383452,383458,383463,5,6
383452,383458,383463,5,6
383452,383458,383463,5,6
383452,383458,383463,5,6
383452,383458,383463,5,6
383452,383458,383463,5,6
383452,383458,383463,5,6
383452,383458,383463,5,6
383452,383458,383463,5,6
383452,383458,383463,5,6
383452,383458,383463,5,6
383452,383458,383463,5,6
383452,383458,383463,5,6
383452,383458,383463,5,6
383452,383459,383464,5,7
383452,383459,383464,5,7
383452,383459,383464,5,7
383452,383459,383464,5,7
383452,383459,383464,5,7
383452,383459,383464,5,7
383452,383459,383464,5,7
383452,383459,383464,5,7
383452,383459,383464,5,7
383452,383459,383464,5,7
383452,383459,383464,5,7
383452,383459,383463,4,7
383452,383459,383464,5,7
383452,383459,383464,5,7
383452,383460,383464,4,8
383452,383463,383465,2,11
383452,383463,383465,2,11
383452,383462,383464,2,10
383452,383459,383464,5,7
383452,383463,383465,2,11
383452,383459,383464,5,7
383452,383459,383464,5,7
383452,383459,383465,6,7
383452,383463,383465,2,11
383452,383463,383465,2,11
383452,383463,383465,2,11
383452,383463,383465,2,11
383452,383463,383465,2,11
383452,383463,383465,2,11
383452,383463,383465,2,11
383452,383463,383466,3,11
383452,383463,383465,2,11
383452,383463,383466,3,11
383452,383463,383466,3,11
383452,383463,383466,3,11
383452,383463,383466,3,11
383452,383463,383466,3,11
383452,383463,383466,3,11
383452,383463,383466,3,11
383452,383463,383466,3,11
383452,383463,383465,2,11
383452,383463,383466,3,11
383452,383463,383466,3,11
383452,383463,383466,3,11
383452,383463,383466,3,11
383452,383463,383466,3,11
383452,383463,383466,3,11
383452,383463,383466,3,11
383452,383463,383466,3,11
383452,383463,383466,3,11
383452,383463,383466,3,11
383452,383463,383466,3,11
383452,383463,383466,3,11
383452,383463,383466,3,11
383452,383463,383466,3,11
383452,383463,383466,3,11
383452,383463,383466,3,11
383452,383463,383467,4,11
383471,383471,383475,4,0
383471,383471,383476,5,0
383471,383471,383476,5,0
383471,383471,383476,5,0
383471,383471,383476,5,0
383471,383471,383476,5,0
383471,383471,383476,5,0
383471,383471,383476,5,0
383471,383471,383476,5,0
383471,383471,383476,5,0
383471,383471,383476,5,0
383471,383471,383476,5,0
383471,383471,383476,5,0
383471,383471,383476,5,0
383471,383471,383476,5,0
383471,383471,383476,5,0
383471,383471,383476,5,0
383471,383471,383476,5,0
383471,383471,383476,5,0
383471,383471,383476,5,0
383471,383471,383476,5,0
383471,383471,383476,5,0
383471,383471,383476,5,0
383471,383471,383476,5,0
383471,383471,383476,5,0
383471,383471,383476,5,0
383471,383471,383476,5,0
383471,383471,383476,5,0
383471,383471,383476,5,0
383471,383471,383476,5,0
383471,383471,383476,5,0
383471,383471,383476,5,0
383471,383471,383476,5,0
383471,383471,383476,5,0
383471,383471,383476,5,0
383471,383471,383476,5,0
383471,383471,383476,5,0
383471,383471,383476,5,0
383471,383471,383476,5,0
383471,383471,383476,5,0
383471,383471,383476,5,0
383471,383471,383476,5,0
383471,383471,383476,5,0
383471,383471,383476,5,0
383471,383471,383476,5,0
383471,383471,383476,5,0
383471,383471,383476,5,0
383471,383471,383476,5,0
383471,383471,383476,5,0
383471,383471,383476,5,0
383471,383471,383476,5,0
383471,383471,383476,5,0
383471,383471,383476,5,0
383471,383471,383476,5,0
383471,383471,383476,5,0
383471,383471,383476,5,0
383471,383471,383476,5,0
383471,383471,383476,5,0
383471,383471,383476,5,0
383471,383471,383476,5,0
383471,383471,383476,5,0
383471,383471,383476,5,0
383471,383471,383476,5,0
383471,383471,383477,6,0
383471,383471,383476,5,0
383471,383471,383477,6,0
383471,383471,383476,5,0
383471,383471,383477,6,0
383471,383471,383477,6,0
383471,383471,383477,6,0
383471,383471,383476,5,0
383471,383471,383477,6,0
383471,383471,383477,6,0
383471,383471,383477,6,0
383471,383471,383477,6,0
383471,383471,383477,6,0
383471,383475,383477,2,4
383471,383471,383477,6,0
383471,383471,383477,6,0
383471,383471,383477,6,0
383471,383471,383477,6,0
383471,383477,383480,3,6
383471,383477,383481,4,6
383471,383477,383482,5,6
383471,383477,383482,5,6
383471,383477,383482,5,6
383471,383477,383482,5,6
383471,383477,383482,5,6
383471,383477,383482,5,6
383471,383477,383482,5,6
383471,383477,383482,5,6
383471,383477,383481,4,6
383471,383477,383481,4,6
383471,383477,383481,4,6
383471,383477,383482,5,6
383471,383477,383482,5,6
383471,383477,383482,5,6
383471,383477,383481,4,6
383471,383477,383482,5,6
383471,383477,383481,4,6
383471,383477,383482,5,6
383471,383477,383481,4,6
383471,383477,383482,5,6
383471,383477,383481,4,6
383471,383477,383481,4,6
383471,383477,383481,4,6
383471,383477,383481,4,6
383471,383477,383481,4,6
383471,383477,383481,4,6
383471,383477,383481,4,6
383471,383477,383482,5,6
383471,383477,383481,4,6
383471,383477,383482,5,6
383471,383477,383481,4,6
383471,383477,383481,4,6
383471,383477,383481,4,6
383471,383477,383481,4,6
383471,383477,383481,4,6
383471,383477,383481,4,6
383471,383477,383481,4,6
383471,383477,383482,5,6
383471,383477,383481,4,6
383471,383477,383481,4,6
383471,383477,383481,4,6
383471,383477,383482,5,6
383471,383477,383482,5,6
383471,383477,383482,5,6
383471,383477,383481,4,6
383471,383477,383481,4,6
383471,383477,383481,4,6
383471,383477,383482,5,6
383471,383477,383482,5,6
383471,383477,383482,5,6
383471,383477,383481,4,6
383471,383477,383481,4,6
383471,383477,383481,4,6
383471,383477,383481,4,6
383471,383477,383481,4,6
383471,383477,383481,4,6
383471,383477,383481,4,6
383471,383478,383482,4,7
383471,383477,383482,5,6
383471,383477,383482,5,6
383471,383478,383482,4,7
383471,383478,383482,4,7
383471,383478,383483,5,7
383471,383477,383482,5,6
383471,383477,383482,5,6
383471,383477,383482,5,6
383471,383477,383482,5,6
383471,383477,383482,5,6
383471,383477,383482,5,6
383471,383477,383482,5,6
383471,383478,383483,5,7
383471,383478,383483,5,7
383471,383478,383483,5,7
383471,383478,383483,5,7
383471,383478,383483,5,7
383471,383481,383483,2,10
383471,383477,383483,6,6
383471,383478,383483,5,7
383471,383480,383483,3,9
383471,383477,383483,6,6
383471,383482,383485,3,11
383471,383482,383485,3,11
383471,383482,383485,3,11
383471,383482,383485,3,11
383471,383482,383484,2,11
383471,383482,383485,3,11
383471,383482,383485,3,11
383471,383482,383485,3,11
383471,383482,383485,3,11
383471,383482,383485,3,11
383471,383482,383484,2,11
383471,383482,383485,3,11
383471,383482,383485,3,11
383471,383482,383485,3,11
383471,383482,383485,3,11
383471,383482,383485,3,11
383471,383482,383485,3,11
383471,383482,383485,3,11
383471,383482,383485,3,11
383471,383482,383485,3,11
383471,383482,383485,3,11
383471,383482,383485,3,11
383471,383482,383485,3,11
383471,383482,383485,3,11
383471,383482,383486,4,11
383471,383482,383486,4,11
383471,383482,383485,3,11
383471,383482,383485,3,11
383471,383482,383485,3,11
383471,383482,383485,3,11
383471,383482,383485,3,11
383471,383482,383485,3,11
383471,383482,383485,3,11
383471,383482,383485,3,11
383471,383482,383486,4,11
383471,383482,383486,4,11
383471,383482,383486,4,11
383490,383490,383495,5,0
383490,383490,383495,5,0
383490,383491,383495,4,1
383490,383491,383496,5,1
383490,383491,383495,4,1
383490,383490,383495,5,0
383490,383490,383495,5,0
383490,383490,383495,5,0
383490,383491,383495,4,1
383490,383491,383495,4,1
383490,383491,383495,4,1
383490,383490,383495,5,0
383490,383490,383495,5,0
383490,383490,383495,5,0
383490,383491,383495,4,1
383490,383490,383495,5,0
383490,383490,383495,5,0
383490,383490,383495,5,0
383490,383491,383495,4,1
383490,383491,383495,4,1
383490,383490,383495,5,0
383490,383490,383495,5,0
383490,383490,383495,5,0
383490,383491,383495,4,1
383490,383491,383496,5,1
383490,383491,383495,4,1
383490,383491,383495,4,1
383490,383491,383495,4,1
383490,383490,383495,5,0
383490,383490,383495,5,0
383490,383490,383495,5,0
383490,383491,383495,4,1
383490,383490,383495,5,0
383490,383490,383496,6,0
383490,383490,383496,6,0
383490,383491,383496,5,1
383490,383491,383495,4,1
383490,383491,383495,4,1
383490,383491,383496,5,1
383490,383490,383495,5,0
383490,383491,383495,4,1
383490,383491,383495,4,1
383490,383491,383495,4,1
383490,383490,383495,5,0
383490,383490,383495,5,0
383490,383491,383495,4,1
383490,383491,383495,4,1
383490,383491,383495,4,1
383490,383491,383495,4,1
383490,383491,383496,5,1
383490,383491,383496,5,1
383490,383490,383495,5,0
383490,383490,383495,5,0
383490,383491,383495,4,1
383490,383491,383495,4,1
383490,383491,383495,4,1
383490,383491,383495,4,1
383490,383491,383496,5,1
383490,383491,383496,5,1
383490,383491,383496,5,1
383490,383491,383496,5,1
383490,383491,383496,5,1
383490,383491,383496,5,1
383490,383491,383496,5,1
383490,383491,383496,5,1
383490,383491,383496,5,1
383490,383491,383496,5,1
383490,383491,383496,5,1
383490,383491,383496,5,1
383490,383491,383496,5,1
383490,383491,383496,5,1
383490,383491,383496,5,1
383490,383491,383496,5,1
383490,383491,383496,5,1
383490,383491,383496,5,1
383490,383491,383496,5,1
383490,383491,383496,5,1
383490,383491,383496,5,1
383490,383491,383496,5,1
383490,383491,383496,5,1
383490,383496,383499,3,6
383490,383496,383501,5,6
383490,383496,383501,5,6
383490,383496,383501,5,6
383490,383496,383501,5,6
383490,383496,383501,5,6
383490,383496,383501,5,6
383490,383496,383501,5,6
383490,383496,383501,5,6
383490,383496,383501,5,6
383490,383496,383501,5,6
383490,383496,383501,5,6
383490,383496,383501,5,6
383490,383496,383501,5,6
383490,383496,383501,5,6
383490,383496,383501,5,6
383490,383496,383501,5,6
383490,383497,383501,4,7
383490,383497,383501,4,7
383490,383496,383501,5,6
383490,383496,383501,5,6
383490,383496,383501,5,6
383490,383496,383501,5,6
383490,383496,383501,5,6
383490,383496,383500,4,6
383490,383496,383501,5,6
383490,383496,383500,4,6
383490,383496,383501,5,6
383490,383496,383500,4,6
383490,383496,383501,5,6
383490,383497,383501,4,7
383490,383496,383501,5,6
383490,383496,383500,4,6
383490,383496,383501,5,6
383490,383496,383501,5,6
383490,383497,383501,4,7
383490,383497,383501,4,7
383490,383496,383501,5,6
383490,383496,383501,5,6
383490,383496,383501,5,6
383490,383496,383500,4,6
383490,383497,383501,4,7
383490,383497,383501,4,7
383490,383497,383501,4,7
383490,383496,383501,5,6
383490,383496,383500,4,6
383490,383496,383501,5,6
383490,383496,383501,5,6
383490,383497,383501,4,7
383490,383497,383501,4,7
383490,383497,383501,4,7
383490,383497,383501,4,7
383490,383496,383501,5,6
383490,383496,383501,5,6
383490,383496,383501,5,6
383490,383496,383501,5,6
383490,383497,383501,4,7
383490,383496,383502,6,6
383490,383496,383502,6,6
383490,383496,383501,5,6
383490,383496,383501,5,6
383490,383496,383502,6,6
383490,383496,383502,6,6
383490,383496,383502,6,6
383490,383496,383502,6,6
383490,383496,383502,6,6
383490,383496,383502,6,6
383490,383497,383502,5,7
383490,383497,383501,4,7
383490,383497,383501,4,7
383490,383496,383502,6,6
383490,383496,383502,6,6
383490,383496,383502,6,6
383490,383497,383502,5,7
383490,383497,383502,5,7
383490,383497,383502,5,7
383490,383497,383502,5,7
383490,383500,383502,2,10
383490,383497,383501,4,7
383490,383497,383501,4,7
383490,383497,383501,4,7
383490,383501,383503,2,11
383490,383501,383503,2,11
383490,383501,383503,2,11
383490,383501,383503,2,11
383490,383501,383504,3,11
383490,383501,383503,2,11
383490,383501,383503,2,11
383490,383501,383503,2,11
383490,383501,383503,2,11
383490,383501,383504,3,11
383490,383501,383504,3,11
383490,383501,383504,3,11
383490,383501,383504,3,11
383490,383501,383504,3,11
383490,383502,383504,2,12
383490,383502,383504,2,12
383490,383501,383504,3,11
383490,383501,383504,3,11
383490,383502,383504,2,12
383490,383501,383504,3,11
383490,383502,383504,2,12
383490,383502,383504,2,12
383490,383502,383504,2,12
383490,383501,383504,3,11
383490,383501,383504,3,11
383490,383502,383504,2,12
383490,383501,383504,3,11
383490,383501,383504,3,11
383490,383501,383504,3,11
383490,383501,383504,3,11
383490,383501,383505,4,11
383490,383501,383505,4,11
383490,383502,383505,3,12
383490,383502,383505,3,12
383490,383501,383505,4,11
383490,383501,383505,4,11
383490,383502,383505,3,12
383490,383502,383505,3,12
383490,383502,383505,3,12
383510,383510,383514,4,0
383510,383510,383515,5,0
383510,383510,383515,5,0
383510,383510,383515,5,0
383510,383510,383515,5,0
383510,383510,383515,5,0
383510,383510,383515,5,0
383510,383510,383515,5,0
383510,383510,383515,5,0
383510,383510,383515,5,0
383510,383510,383515,5,0
383510,383510,383515,5,0
383510,383510,383515,5,0
383510,383510,383515,5,0
383510,383510,383515,5,0
383510,383510,383515,5,0
383510,383510,383515,5,0
383510,383510,383515,5,0
383510,383510,383515,5,0
383510,383510,383515,5,0
383510,383510,383515,5,0
383510,383510,383515,5,0
383510,383510,383515,5,0
383510,383510,383515,5,0
383510,383510,383515,5,0
383510,383510,383515,5,0
383510,383510,383515,5,0
383510,383510,383515,5,0
383510,383510,383515,5,0
383510,383510,383515,5,0
383510,383510,383515,5,0
383510,383510,383515,5,0
383510,383510,383515,5,0
383510,383510,383515,5,0
383510,383510,383515,5,0
383510,383510,383515,5,0
383510,383510,383515,5,0
383510,383510,383515,5,0
383510,383510,383515,5,0
383510,383510,383515,5,0
383510,383510,383515,5,0
383510,383510,383515,5,0
383510,383510,383515,5,0
383510,383510,383515,5,0
383510,383510,383515,5,0
383510,383510,383515,5,0
383510,383510,383515,5,0
383510,383510,383515,5,0
383510,383510,383515,5,0
383510,383510,383515,5,0
383510,383510,383515,5,0
383510,383511,383515,4,1
383510,383510,383515,5,0
383510,383510,383516,6,0
383510,383510,383515,5,0
383510,383510,383516,6,0
383510,383510,383515,5,0
383510,383510,383516,6,0
383510,383510,383516,6,0
383510,383510,383516,6,0
383510,383510,383516,6,0
383510,383510,383516,6,0
383510,383510,383516,6,0
383510,383510,383516,6,0
383510,383510,383516,6,0
383510,383510,383516,6,0
383510,383510,383517,7,0
383510,383510,383517,7,0
383510,383510,383516,6,0
383510,383510,383516,6,0
383510,383510,383516,6,0
383510,383510,383516,6,0
383510,383514,383517,3,4
383510,383510,383517,7,0
383510,383510,383516,6,0
383510,383510,383516,6,0
383510,383510,383516,6,0
383510,383510,383517,7,0
383510,383510,383517,7,0
383510,383510,383517,7,0
383510,383510,383517,7,0
383510,383516,383520,4,6
383510,383516,383520,4,6
383510,383516,383520,4,6
383510,383516,383520,4,6
383510,383516,383520,4,6
383510,383516,383521,5,6
383510,383517,383521,4,7
383510,383517,383521,4,7
383510,383517,383521,4,7
383510,383516,383520,4,6
383510,383516,383520,4,6
383510,383516,383520,4,6
383510,383516,383520,4,6
383510,383516,383521,5,6
383510,383516,383521,5,6
383510,383516,383520,4,6
383510,383516,383520,4,6
383510,383516,383520,4,6
383510,383516,383520,4,6
383510,383516,383520,4,6
383510,383516,383520,4,6
383510,383516,383520,4,6
383510,383516,383521,5,6
383510,383516,383520,4,6
383510,383516,383520,4,6
383510,383516,383520,4,6
383510,383516,383520,4,6
383510,383516,383520,4,6
383510,383516,383520,4,6
383510,383516,383520,4,6
383510,383516,383520,4,6
383510,383516,383520,4,6
383510,383516,383520,4,6
383510,383516,383520,4,6
383510,383516,383520,4,6
383510,383516,383520,4,6
383510,383516,383520,4,6
383510,383516,383520,4,6
383510,383516,383520,4,6
383510,383516,383520,4,6
383510,383516,383520,4,6
383510,383516,383520,4,6
383510,383516,383520,4,6
383510,383517,383521,4,7
383510,383516,383520,4,6
383510,383516,383520,4,6
383510,383516,383520,4,6
383510,383516,383520,4,6
383510,383516,383520,4,6
383510,383517,383521,4,7
383510,383516,383520,4,6
383510,383516,383520,4,6
383510,383516,383520,4,6
383510,383516,383520,4,6
383510,383516,383520,4,6
383510,383517,383520,3,7
383510,383516,383520,4,6
383510,383516,383520,4,6
383510,383516,383520,4,6
383510,383516,383520,4,6
383510,383517,383521,4,7
383510,383517,383521,4,7
383510,383516,383520,4,6
383510,383516,383520,4,6
383510,383516,383520,4,6
383510,383516,383520,4,6
383510,383517,383521,4,7
383510,383517,383521,4,7
383510,383517,383521,4,7
383510,383517,383521,4,7
383510,383518,383521,3,8
383510,383518,383521,3,8
383510,383518,383521,3,8
383510,383518,383521,3,8
383510,383516,383521,5,6
383510,383516,383521,5,6
383510,383520,383521,1,10
383510,383520,383522,2,10
383510,383517,383521,4,7
383510,383517,383521,4,7
383510,383520,383521,1,10
383510,383520,383521,1,10
383510,383520,383521,1,10
383510,383517,383521,4,7
383510,383517,383521,4,7
383510,383521,383522,1,11
383510,383521,383522,1,11
383510,383521,383522,1,11
383510,383521,383522,1,11
383510,383521,383523,2,11
383510,383521,383523,2,11
383510,383521,383523,2,11
383510,383521,383523,2,11
383510,383521,383523,2,11
383510,383521,383523,2,11
383510,383521,383523,2,11
383510,383521,383523,2,11
383510,383521,383523,2,11
383510,383521,383524,3,11
383510,383521,383524,3,11
383510,383521,383524,3,11
383510,383521,383524,3,11
383510,383521,383524,3,11
383510,383521,383523,2,11
383510,383521,383523,2,11
383510,383521,383523,2,11
383510,383521,383524,3,11
383510,383521,383524,3,11
383510,383521,383524,3,11
383510,383521,383524,3,11
383510,383521,383523,2,11
383510,383521,383523,2,11
383510,383521,383524,3,11
383510,383521,383523,2,11
383510,383521,383523,2,11
383510,383521,383524,3,11
383510,383521,383524,3,11
383510,383521,383524,3,11
383510,383521,383524,3,11
383529,383529,383533,4,0
383529,383529,383533,4,0
383529,383529,383533,4,0
383529,383529,383533,4,0
383529,383529,383533,4,0
383529,383529,383533,4,0
383529,383529,383533,4,0
383529,383529,383533,4,0
383529,383529,383533,4,0
383529,383529,383533,4,0
383529,383529,383533,4,0
383529,383529,383533,4,0
383529,383529,383532,3,0
383529,383529,383533,4,0
383529,383529,383533,4,0
383529,383529,383533,4,0
383529,383529,383533,4,0
383529,383529,383533,4,0
383529,383529,383533,4,0
383529,383529,383533,4,0
383529,383529,383533,4,0
383529,383529,383533,4,0
383529,383529,383533,4,0
383529,383529,383533,4,0
383529,383529,383533,4,0
383529,383529,383533,4,0
383529,383529,383533,4,0
383529,383529,383533,4,0
383529,383529,383533,4,0
383529,383529,383533,4,0
383529,383529,383533,4,0
383529,383529,383533,4,0
383529,383529,383533,4,0
383529,383529,383533,4,0
383529,383529,383533,4,0
383529,383529,383533,4,0
383529,383529,383533,4,0
383529,383529,383533,4,0
383529,383529,383533,4,0
383529,383529,383533,4,0
383529,383529,383533,4,0
383529,383529,383533,4,0
383529,383529,383533,4,0
383529,383529,383533,4,0
383529,383529,383533,4,0
383529,383529,383533,4,0
383529,383529,383533,4,0
383529,383529,383533,4,0
383529,383529,383533,4,0
383529,383529,383533,4,0
383529,383529,383533,4,0
383529,383529,383534,5,0
383529,383529,383533,4,0
383529,383529,383534,5,0
383529,383529,383534,5,0
383529,383529,383534,5,0
383529,383529,383534,5,0
383529,383529,383534,5,0
383529,383529,383534,5,0
383529,383529,383533,4,0
383529,383529,383534,5,0
383529,383529,383534,5,0
383529,383529,383533,4,0
383529,383529,383534,5,0
383529,383529,383534,5,0
383529,383529,383534,5,0
383529,383529,383534,5,0
383529,383529,383534,5,0
383529,383529,383534,5,0
383529,383529,383534,5,0
383529,383529,383534,5,0
383529,383529,383533,4,0
383529,383529,383534,5,0
383529,383529,383535,6,0
383529,383529,383535,6,0
383529,383529,383535,6,0
383529,383529,383535,6,0
383529,383529,383535,6,0
383529,383529,383535,6,0
383529,383529,383535,6,0
383529,383533,383537,4,4
383529,383533,383537,4,4
383529,383533,383537,4,4
383529,383533,383537,4,4
383529,383533,383538,5,4
383529,383533,383538,5,4
383529,383533,383538,5,4
383529,383533,383538,5,4
383529,383533,383538,5,4
383529,383534,383538,4,5
383529,383533,383538,5,4
383529,383533,383538,5,4
383529,383533,383538,5,4
383529,383533,383538,5,4
383529,383533,383538,5,4
383529,383534,383538,4,5
383529,383533,383538,5,4
383529,383533,383538,5,4
383529,383533,383538,5,4
383529,383533,383538,5,4
383529,383533,383538,5,4
383529,383535,383538,3,6
383529,383535,383538,3,6
383529,383533,383538,5,4
383529,383533,383538,5,4
383529,383533,383538,5,4
383529,383533,383538,5,4
383529,383533,383538,5,4
383529,383533,383538,5,4
383529,383535,383538,3,6
383529,383535,383538,3,6
383529,383533,383538,5,4
383529,383533,383538,5,4
383529,383533,383538,5,4
383529,383533,383538,5,4
383529,383533,383538,5,4
383529,383533,383538,5,4
383529,383535,383539,4,6
383529,383533,383538,5,4
383529,383533,383538,5,4
383529,383533,383538,5,4
383529,383533,383538,5,4
383529,383535,383539,4,6
383529,383533,383538,5,4
383529,383533,383538,5,4
383529,383533,383538,5,4
383529,383533,383538,5,4
383529,383533,383538,5,4
383529,383534,383538,4,5
383529,383534,383538,4,5
383529,383534,383538,4,5
383529,383534,383538,4,5
383529,383533,383538,5,4
383529,383533,383538,5,4
383529,383535,383538,3,6
383529,383535,383538,3,6
383529,383535,383538,3,6
383529,383535,383539,4,6
383529,383533,383538,5,4
383529,383533,383538,5,4
383529,383535,383538,3,6
383529,383535,383538,3,6
383529,383535,383539,4,6
383529,383536,383540,4,7
383529,383536,383539,3,7
383529,383538,383540,2,9
383529,383535,383539,4,6
383529,383538,383540,2,9
383529,383538,383539,1,9
383529,383536,383540,4,7
383529,383536,383540,4,7
383529,383536,383539,3,7
383529,383536,383539,3,7
383529,383536,383539,3,7
383529,383535,383539,4,6
383529,383535,383539,4,6
383529,383535,383539,4,6
383529,383535,383540,5,6
383529,383535,383539,4,6
383529,383535,383539,4,6
383529,383538,383540,2,9
383529,383535,383539,4,6
383529,383535,383539,4,6
383529,383535,383540,5,6
383529,383539,383542,3,10
383529,383539,383541,2,10
383529,383539,383541,2,10
383529,383539,383541,2,10
383529,383539,383542,3,10
383529,383539,383541,2,10
383529,383539,383542,3,10
383529,383539,383541,2,10
383529,383539,383541,2,10
383529,383539,383542,3,10
383529,383539,383541,2,10
383529,383539,383541,2,10
383529,383539,383541,2,10
383529,383539,383542,3,10
383529,383539,383542,3,10
383529,383539,383541,2,10
383529,383539,383541,2,10
383529,383539,383541,2,10
383529,383539,383541,2,10
383529,383539,383542,3,10
383529,383539,383542,3,10
383529,383539,383542,3,10
383529,383539,383542,3,10
383529,383539,383542,3,10
383529,383539,383542,3,10
383529,383539,383542,3,10
383529,383539,383542,3,10
383529,383539,383542,3,10
383529,383539,383542,3,10
383529,383539,383542,3,10
383529,383539,383542,3,10
383529,383539,383542,3,10
383529,383539,383542,3,10
383529,383539,383542,3,10
383529,383539,383542,3,10
383529,383539,383542,3,10
383547,383547,383551,4,0
383547,383547,383551,4,0
383547,383547,383551,4,0
383547,383547,383551,4,0
383547,383547,383551,4,0
383547,383547,383552,5,0
383547,383547,383552,5,0
383547,383547,383551,4,0
383547,383547,383551,4,0
383547,383547,383551,4,0
383547,383547,383551,4,0
383547,383547,383551,4,0
383547,383547,383552,5,0
383547,383547,383552,5,0
383547,383547,383551,4,0
383547,383547,383551,4,0
383547,383547,383551,4,0
383547,383547,383551,4,0
383547,383547,383552,5,0
383547,383547,383552,5,0
383547,383547,383552,5,0
383547,383547,383551,4,0
383547,383547,383551,4,0
383547,383547,383551,4,0
383547,383547,383552,5,0
383547,383547,383551,4,0
383547,383547,383551,4,0
383547,383547,383551,4,0
383547,383547,383551,4,0
383547,383547,383552,5,0
383547,383547,383552,5,0
383547,383547,383551,4,0
383547,383547,383551,4,0
383547,383547,383551,4,0
383547,383547,383552,5,0
383547,383547,383552,5,0
383547,383547,383551,4,0
383547,383547,383551,4,0
383547,383547,383551,4,0
383547,383547,383551,4,0
383547,383547,383552,5,0
383547,383547,383552,5,0
383547,383547,383552,5,0
383547,383547,383551,4,0
383547,383547,383551,4,0
383547,383547,383551,4,0
383547,383547,383552,5,0
383547,383547,383552,5,0
383547,383547,383551,4,0
383547,383547,383551,4,0
383547,383547,383551,4,0
383547,383547,383551,4,0
383547,383547,383552,5,0
383547,383547,383551,4,0
383547,383547,383552,5,0
383547,383547,383552,5,0
383547,383547,383551,4,0
383547,383547,383552,5,0
383547,383547,383551,4,0
383547,383547,383552,5,0
383547,383547,383552,5,0
383547,383547,383553,6,0
383547,383547,383552,5,0
383547,383547,383553,6,0
383547,383547,383552,5,0
383547,383547,383553,6,0
383547,383547,383552,5,0
383547,383547,383552,5,0
383547,383547,383553,6,0
383547,383547,383552,5,0
383547,383547,383553,6,0
383547,383547,383553,6,0
383547,383547,383553,6,0
383547,383547,383552,5,0
383547,383547,383552,5,0
383547,383547,383552,5,0
383547,383547,383552,5,0
383547,383547,383552,5,0
383547,383547,383553,6,0
383547,383547,383553,6,0
383547,383552,383556,4,5
383547,383552,383557,5,5
383547,383552,383557,5,5
383547,383552,383557,5,5
383547,383552,383557,5,5
383547,383552,383557,5,5
383547,383552,383557,5,5
383547,383552,383557,5,5
383547,383552,383557,5,5
383547,383552,383557,5,5
383547,383552,383557,5,5
383547,383552,383557,5,5
383547,383552,383557,5,5
383547,383552,383557,5,5
383547,383552,383557,5,5
383547,383552,383557,5,5
383547,383552,383557,5,5
383547,383552,383557,5,5
383547,383552,383557,5,5
383547,383552,383557,5,5
383547,383552,383557,5,5
383547,383553,383557,4,6
383547,383552,383557,5,5
383547,383552,383557,5,5
383547,383552,383557,5,5
383547,383552,383557,5,5
383547,383552,383557,5,5
383547,383552,383557,5,5
383547,383552,383557,5,5
383547,383553,383557,4,6
383547,383552,383557,5,5
383547,383552,383557,5,5
383547,383552,383557,5,5
383547,383552,383557,5,5
383547,383552,383557,5,5
383547,383552,383557,5,5
383547,383552,383557,5,5
383547,383552,383557,5,5
383547,383552,383557,5,5
383547,383552,383557,5,5
383547,383552,383558,6,5
383547,383552,383557,5,5
383547,383552,383557,5,5
383547,383552,383557,5,5
383547,383552,383557,5,5
383547,383552,383557,5,5
383547,383552,383557,5,5
383547,383552,383557,5,5
383547,383552,383557,5,5
383547,383554,383557,3,7
383547,383552,383557,5,5
383547,383552,383557,5,5
383547,383552,383557,5,5
383547,383552,383558,6,5
383547,383553,383558,5,6
383547,383552,383557,5,5
383547,383552,383557,5,5
383547,383552,383557,5,5
383547,383552,383558,6,5
383547,383552,383557,5,5
383547,383552,383558,6,5
383547,383553,383558,5,6
383547,383552,383558,6,5
383547,383552,383558,6,5
383547,383553,383558,5,6
383547,383553,383558,5,6
383547,383553,383558,5,6
383547,383552,383558,6,5
383547,383554,383558,4,7
383547,383554,383558,4,7
383547,383554,383559,5,7
383547,383554,383558,4,7
383547,383554,383558,4,7
383547,383553,383558,5,6
383547,383554,383558,4,7
383547,383557,383560,3,10
383547,383558,383560,2,11
383547,383558,383560,2,11
383547,383558,383560,2,11
383547,383553,383559,6,6
383547,383553,383559,6,6
383547,383558,383560,2,11
383547,383558,383560,2,11
383547,383557,383559,2,10
383547,383554,383559,5,7
383547,383554,383559,5,7
383547,383554,383559,5,7
383547,383558,383560,2,11
383547,383558,383560,2,11
383547,383558,383560,2,11
383547,383558,383561,3,11
383547,383558,383560,2,11
383547,383558,383560,2,11
383547,383558,383561,3,11
383547,383558,383560,2,11
383547,383558,383560,2,11
383547,383558,383560,2,11
383547,383558,383561,3,11
383547,383558,383560,2,11
383547,383558,383561,3,11
383547,383558,383561,3,11
383547,383558,383560,2,11
383547,383558,383560,2,11
383547,383558,383561,3,11
383547,383558,383561,3,11
383547,383558,383561,3,11
383547,383558,383561,3,11
383547,383558,383561,3,11
383547,383558,383560,2,11
383547,383558,383560,2,11
383547,383558,383560,2,11
383547,383558,383561,3,11
383547,383558,383561,3,11
383547,383558,383560,2,11
383547,383558,383560,2,11
383547,383558,383561,3,11
383547,383558,383561,3,11
383547,383558,383560,2,11
383547,383558,383560,2,11
383547,383558,383561,3,11
383565,383565,383569,4,0
383565,383565,383570,5,0
383565,383565,383570,5,0
383565,383565,383570,5,0
383565,383565,383570,5,0
383565,383565,383569,4,0
383565,383565,383569,4,0
383565,383565,383569,4,0
383565,383565,383569,4,0
383565,383565,383570,5,0
383565,383565,383569,4,0
383565,383565,383570,5,0
383565,383565,383570,5,0
383565,383565,383569,4,0
383565,383565,383569,4,0
383565,383565,383569,4,0
383565,383565,383569,4,0
383565,383565,383569,4,0
383565,383565,383570,5,0
383565,383565,383570,5,0
383565,383565,383569,4,0
383565,383565,383569,4,0
383565,383565,383569,4,0
383565,383565,383569,4,0
383565,383565,383569,4,0
383565,383565,383569,4,0
383565,383565,383570,5,0
383565,383565,383570,5,0
383565,383565,383569,4,0
383565,383565,383569,4,0
383565,383565,383569,4,0
383565,383565,383569,4,0
383565,383565,383569,4,0
383565,383565,383569,4,0
383565,383565,383569,4,0
383565,383565,383569,4,0
383565,383565,383569,4,0
383565,383565,383569,4,0
383565,383565,383570,5,0
383565,383565,383569,4,0
383565,383565,383569,4,0
383565,383565,383569,4,0
383565,383565,383569,4,0
383565,383565,383569,4,0
383565,383565,383569,4,0
383565,383565,383569,4,0
383565,383565,383570,5,0
383565,383565,383570,5,0
383565,383565,383569,4,0
383565,383565,383569,4,0
383565,383565,383569,4,0
383565,383565,383569,4,0
383565,383565,383569,4,0
383565,383565,383570,5,0
383565,383565,383570,5,0
383565,383565,383569,4,0
383565,383565,383569,4,0
383565,383565,383569,4,0
383565,383565,383569,4,0
383565,383565,383569,4,0
383565,383565,383569,4,0
383565,383565,383569,4,0
383565,383565,383570,5,0
383565,383565,383570,5,0
383565,383565,383570,5,0
383565,383565,383570,5,0
383565,383565,383571,6,0
383565,383565,383570,5,0
383565,383565,383570,5,0
383565,383565,383570,5,0
383565,383565,383570,5,0
383565,383565,383570,5,0
383565,383565,383570,5,0
383565,383565,383570,5,0
383565,383565,383570,5,0
383565,383565,383570,5,0
383565,383565,383570,5,0
383565,383565,383570,5,0
383565,383565,383570,5,0
383565,383565,383570,5,0
383565,383569,383570,1,4
383565,383570,383575,5,5
383565,383570,383575,5,5
383565,383570,383575,5,5
383565,383570,383575,5,5
383565,383570,383575,5,5
383565,383570,383575,5,5
383565,383570,383575,5,5
383565,383570,383575,5,5
383565,383570,383575,5,5
383565,383570,383575,5,5
383565,383570,383575,5,5
383565,383570,383575,5,5
383565,383570,383575,5,5
383565,383570,383575,5,5
383565,383570,383575,5,5
383565,383570,383575,5,5
383565,383570,383575,5,5
383565,383571,383575,4,6
383565,383570,383575,5,5
383565,383570,383575,5,5
383565,383570,383575,5,5
383565,383570,383575,5,5
383565,383570,383575,5,5
383565,383570,383575,5,5
383565,383570,383575,5,5
383565,383570,383575,5,5
383565,383570,383575,5,5
383565,383570,383575,5,5
383565,383570,383575,5,5
383565,383570,383575,5,5
383565,383570,383575,5,5
383565,383570,383575,5,5
383565,383570,383575,5,5
383565,383570,383575,5,5
383565,383570,383575,5,5
383565,383571,383575,4,6
383565,383571,383575,4,6
383565,383571,383575,4,6
383565,383570,383575,5,5
383565,383570,383575,5,5
383565,383570,383575,5,5
383565,383570,383575,5,5
383565,383570,383575,5,5
383565,383570,383575,5,5
383565,383570,383575,5,5
383565,383571,383575,4,6
383565,383571,383575,4,6
383565,383570,383575,5,5
383565,383570,383576,6,5
383565,383570,383576,6,5
383565,383570,383576,6,5
383565,383570,383575,5,5
383565,383570,383575,5,5
383565,383570,383575,5,5
383565,383572,383575,3,7
383565,383572,383575,3,7
383565,383572,383575,3,7
383565,383572,383575,3,7
383565,383572,383575,3,7
383565,383570,383576,6,5
383565,383570,383576,6,5
383565,383570,383576,6,5
383565,383570,383576,6,5
383565,383570,383576,6,5
383565,383570,383576,6,5
383565,383570,383576,6,5
383565,383570,383576,6,5
383565,383570,383576,6,5
383565,383570,383576,6,5
383565,383570,383576,6,5
383565,383570,383576,6,5
383565,383570,383576,6,5
383565,383571,383576,5,6
383565,383571,383576,5,6
383565,383571,383576,5,6
383565,383571,383576,5,6
383565,383571,383576,5,6
383565,383571,383576,5,6
383565,383571,383576,5,6
383565,383571,383576,5,6
383565,383575,383577,2,10
383565,383576,383578,2,11
383565,383576,383578,2,11
383565,383576,383578,2,11
383565,383576,383578,2,11
383565,383576,383578,2,11
383565,383576,383578,2,11
383565,383576,383578,2,11
383565,383576,383578,2,11
383565,383576,383578,2,11
383565,383576,383578,2,11
383565,383576,383578,2,11
383565,383576,383578,2,11
383565,383576,383578,2,11
383565,383576,383578,2,11
383565,383576,383579,3,11
383565,383576,383578,2,11
383565,383576,383578,2,11
383565,383576,383578,2,11
383565,383576,383579,3,11
383565,383576,383578,2,11
383565,383576,383579,3,11
383565,383576,383579,3,11
383565,383576,383579,3,11
383565,383576,383579,3,11
383565,383576,383579,3,11
383565,383576,383579,3,11
383565,383576,383579,3,11
383565,383576,383579,3,11
383565,383576,383579,3,11
383565,383576,383579,3,11
383565,383576,383579,3,11
383565,383576,383579,3,11
383565,383576,383579,3,11
383565,383576,383579,3,11
383565,383576,383579,3,11
383565,383576,383579,3,11
383565,383576,383579,3,11
383565,383576,383579,3,11
383584,383584,383588,4,0
383584,383584,383588,4,0
383584,383584,383588,4,0
383584,383584,383588,4,0
383584,383584,383588,4,0
383584,383584,383588,4,0
383584,383584,383588,4,0
383584,383584,383588,4,0
383584,383584,383588,4,0
383584,383584,383588,4,0
383584,383584,383588,4,0
383584,383584,383588,4,0
383584,383584,383588,4,0
383584,383584,383589,5,0
383584,383584,383588,4,0
383584,383584,383588,4,0
383584,383584,383588,4,0
383584,383584,383588,4,0
383584,383584,383588,4,0
383584,383584,383588,4,0
383584,383584,383588,4,0
383584,383584,383588,4,0
383584,383584,383588,4,0
383584,383584,383588,4,0
383584,383584,383588,4,0
383584,383584,383589,5,0
383584,383584,383588,4,0
383584,383584,383588,4,0
383584,383584,383588,4,0
383584,383584,383588,4,0
383584,383584,383588,4,0
383584,383584,383588,4,0
383584,383584,383588,4,0
383584,383584,383588,4,0
383584,383584,383588,4,0
383584,383584,383588,4,0
383584,383584,383589,5,0
383584,383584,383588,4,0
383584,383584,383589,5,0
383584,383584,383588,4,0
383584,383584,383588,4,0
383584,383584,383588,4,0
383584,383584,383588,4,0
383584,383584,383588,4,0
383584,383584,383588,4,0
383584,383584,383588,4,0
383584,383584,383588,4,0
383584,383584,383588,4,0
383584,383584,383588,4,0
383584,383584,383588,4,0
383584,383584,383588,4,0
383584,383584,383588,4,0
383584,383584,383588,4,0
383584,383584,383588,4,0
383584,383584,383588,4,0
383584,383584,383588,4,0
383584,383584,383589,5,0
383584,383584,383589,5,0
383584,383584,383588,4,0
383584,383584,383588,4,0
383584,383584,383588,4,0
383584,383584,383589,5,0
383584,383584,383589,5,0
383584,383584,383589,5,0
383584,383584,383589,5,0
383584,383584,383589,5,0
383584,383584,383589,5,0
383584,383584,383589,5,0
383584,383584,383589,5,0
383584,383584,383589,5,0
383584,383584,383589,5,0
383584,383584,383589,5,0
383584,383584,383589,5,0
383584,383584,383589,5,0
383584,383584,383589,5,0
383584,383584,383589,5,0
383584,383584,383589,5,0
383584,383584,383589,5,0
383584,383584,383589,5,0
383584,383584,383589,5,0
383584,383589,383593,4,5
383584,383589,383593,4,5
383584,383589,383594,5,5
383584,383589,383594,5,5
383584,383589,383594,5,5
383584,383589,383593,4,5
383584,383589,383594,5,5
383584,383589,383594,5,5
383584,383589,383593,4,5
383584,383589,383593,4,5
383584,383589,383594,5,5
383584,383589,383594,5,5
383584,383589,383594,5,5
383584,383590,383594,4,6
383584,383590,383594,4,6
383584,383589,383593,4,5
383584,383589,383594,5,5
383584,383589,383593,4,5
383584,383589,383593,4,5
383584,383590,383594,4,6
383584,383590,383594,4,6
383584,383589,383594,5,5
383584,383589,383594,5,5
383584,383589,383594,5,5
383584,383589,383594,5,5
383584,383589,383594,5,5
383584,383589,383593,4,5
383584,383589,383593,4,5
383584,383589,383593,4,5
383584,383589,383594,5,5
383584,383589,383594,5,5
383584,383590,383593,3,6
383584,383590,383594,4,6
383584,383590,383594,4,6
383584,383589,383593,4,5
383584,383589,383593,4,5
383584,383589,383593,4,5
383584,383589,383593,4,5
383584,383589,383594,5,5
383584,383589,383594,5,5
383584,383590,383594,4,6
383584,383589,383593,4,5
383584,383589,383593,4,5
383584,383589,383593,4,5
383584,383589,383594,5,5
383584,383589,383594,5,5
383584,383589,383594,5,5
383584,383589,383594,5,5
383584,383589,383593,4,5
383584,383589,383594,5,5
383584,383589,383593,4,5
383584,383589,383593,4,5
383584,383589,383594,5,5
383584,383589,383594,5,5
383584,383589,383594,5,5
383584,383589,383594,5,5
383584,383589,383594,5,5
383584,383589,383594,5,5
383584,383589,383594,5,5
383584,383589,383594,5,5
383584,383589,383593,4,5
383584,383589,383593,4,5
383584,383589,383593,4,5
383584,383589,383594,5,5
383584,383589,383594,5,5
383584,383589,383594,5,5
383584,383589,383594,5,5
383584,383590,383594,4,6
383584,383590,383594,4,6
383584,383590,383594,4,6
383584,383590,383595,5,6
383584,383589,383595,6,5
383584,383590,383595,5,6
383584,383589,383595,6,5
383584,383590,383595,5,6
383584,383590,383595,5,6
383584,383590,383595,5,6
383584,383590,383595,5,6
383584,383590,383595,5,6
383584,383589,383595,6,5
383584,383595,383597,2,11
383584,383595,383597,2,11
383584,383595,383597,2,11
383584,383595,383596,1,11
383584,383595,383597,2,11
383584,383595,383597,2,11
383584,383595,383597,2,11
383584,383595,383597,2,11
383584,383595,383597,2,11
383584,383595,383597,2,11
383584,383595,383597,2,11
383584,383595,383597,2,11
383584,383595,383597,2,11
383584,383595,383597,2,11
383584,383595,383597,2,11
383584,383595,383597,2,11
383584,383595,383597,2,11
383584,383595,383597,2,11
383584,383595,383597,2,11
383584,383595,383597,2,11
383584,383595,383597,2,11
383584,383595,383598,3,11
383584,383595,383597,2,11
383584,383595,383598,3,11
383584,383595,383597,2,11
383584,383595,383597,2,11
383584,383595,383597,2,11
383584,383595,383597,2,11
383584,383595,383597,2,11
383584,383595,383597,2,11
383584,383594,383597,3,10
383584,383595,383597,2,11
383584,383595,383597,2,11
383584,383595,383597,2,11
383584,383595,383597,2,11
383584,383595,383598,3,11
383584,383595,383598,3,11
383584,383595,383598,3,11
383584,383595,383598,3,11
383584,383595,383598,3,11
383603,383603,383607,4,0
383603,383603,383607,4,0
383603,383603,383607,4,0
383603,383603,383607,4,0
383603,383603,383607,4,0
383603,383603,383607,4,0
383603,383603,383607,4,0
383603,383603,383607,4,0
383603,383603,383607,4,0
383603,383603,383607,4,0
383603,383603,383607,4,0
383603,383603,383608,5,0
383603,383603,383608,5,0
383603,383603,383608,5,0
383603,383603,383608,5,0
383603,383603,383608,5,0
383603,383603,383607,4,0
383603,383603,383607,4,0
383603,383603,383607,4,0
383603,383603,383607,4,0
383603,383603,383607,4,0
383603,383603,383608,5,0
383603,383603,383607,4,0
383603,383603,383607,4,0
383603,383603,383607,4,0
383603,383603,383607,4,0
383603,383603,383607,4,0
383603,383603,383607,4,0
383603,383603,383608,5,0
383603,383603,383607,4,0
383603,383603,383607,4,0
383603,383603,383607,4,0
383603,383603,383607,4,0
383603,383603,383607,4,0
383603,383603,383607,4,0
383603,383603,383607,4,0
383603,383603,383607,4,0
383603,383603,383607,4,0
383603,383603,383607,4,0
383603,383603,383607,4,0
383603,383603,383607,4,0
383603,383603,383607,4,0
383603,383603,383607,4,0
383603,383603,383608,5,0
383603,383603,383607,4,0
383603,383603,383607,4,0
383603,383603,383607,4,0
383603,383603,383607,4,0
383603,383603,383607,4,0
383603,383603,383607,4,0
383603,383603,383607,4,0
383603,383603,383607,4,0
383603,383603,383607,4,0
383603,383603,383607,4,0
383603,383603,383607,4,0
383603,383603,383607,4,0
383603,383603,383607,4,0
383603,383603,383607,4,0
383603,383603,383607,4,0
383603,383603,383608,5,0
383603,383603,383607,4,0
383603,383603,383608,5,0
383603,383603,383608,5,0
383603,383603,383607,4,0
383603,383603,383607,4,0
383603,383603,383607,4,0
383603,383603,383608,5,0
383603,383603,383608,5,0
383603,383603,383608,5,0
383603,383603,383608,5,0
383603,383603,383608,5,0
383603,383603,383608,5,0
383603,383603,383608,5,0
383603,383603,383608,5,0
383603,383603,383608,5,0
383603,383603,383608,5,0
383603,383607,383608,1,4
383603,383603,383608,5,0
383603,383603,383608,5,0
383603,383603,383608,5,0
383603,383603,383608,5,0
383603,383607,383609,2,4
383603,383607,383609,2,4
383603,383607,383608,1,4
383603,383607,383609,2,4
383603,383607,383609,2,4
383603,383607,383609,2,4
383603,383607,383609,2,4
383603,383608,383612,4,5
383603,383608,383612,4,5
383603,383608,383612,4,5
383603,383608,383612,4,5
383603,383609,383613,4,6
383603,383609,383613,4,6
383603,383609,383613,4,6
383603,383609,383613,4,6
383603,383608,383613,5,5
383603,383608,383613,5,5
383603,383608,383613,5,5
383603,383608,383613,5,5
383603,383608,383613,5,5
383603,383608,383613,5,5
383603,383608,383613,5,5
383603,383608,383613,5,5
383603,383608,383613,5,5
383603,383608,383613,5,5
383603,383608,383613,5,5
383603,383608,383613,5,5
383603,383608,383613,5,5
383603,383608,383613,5,5
383603,383608,383613,5,5
383603,383608,383613,5,5
383603,383608,383613,5,5
383603,383609,383613,4,6
383603,383609,383613,4,6
383603,383609,383613,4,6
383603,383609,383613,4,6
383603,383608,383613,5,5
383603,383608,383613,5,5
383603,383608,383613,5,5
383603,383608,383613,5,5
383603,383608,383613,5,5
383603,383608,383613,5,5
383603,383608,383613,5,5
383603,383609,383613,4,6
383603,383608,383613,5,5
383603,383608,383613,5,5
383603,383608,383613,5,5
383603,383608,383613,5,5
383603,383608,383613,5,5
383603,383608,383613,5,5
383603,383608,383613,5,5
383603,383608,383613,5,5
383603,383608,383613,5,5
383603,383608,383613,5,5
383603,383608,383613,5,5
383603,383608,383613,5,5
383603,383608,383613,5,5
383603,383608,383613,5,5
383603,383608,383613,5,5
383603,383608,383613,5,5
383603,383608,383613,5,5
383603,383609,383613,4,6
383603,383609,383613,4,6
383603,383608,383613,5,5
383603,383608,383613,5,5
383603,383608,383613,5,5
383603,383608,383613,5,5
383603,383608,383613,5,5
383603,383609,383613,4,6
383603,383609,383613,4,6
383603,383608,383613,5,5
383603,383608,383613,5,5
383603,383608,383613,5,5
383603,383608,383613,5,5
383603,383609,383613,4,6
383603,383609,383613,4,6
383603,383609,383613,4,6
383603,383608,383613,5,5
383603,383609,383614,5,6
383603,383610,383613,3,7
383603,383610,383614,4,7
383603,383610,383614,4,7
383603,383610,383614,4,7
383603,383613,383614,1,10
383603,383609,383614,5,6
383603,383613,383614,1,10
383603,383612,383614,2,9
383603,383609,383614,5,6
383603,383609,383614,5,6
383603,383609,383614,5,6
383603,383612,383614,2,9
383603,383613,383614,1,10
383603,383613,383615,2,10
383603,383613,383615,2,10
383603,383613,383615,2,10
383603,383614,383615,1,11
383603,383614,383615,1,11
383603,383614,383615,1,11
383603,383614,383615,1,11
383603,383614,383616,2,11
383603,383614,383616,2,11
383603,383614,383615,1,11
383603,383613,383615,2,10
383603,383614,383615,1,11
383603,383614,383615,1,11
383603,383614,383616,2,11
383603,383614,383616,2,11
383603,383614,383616,2,11
383603,383614,383616,2,11
383603,383614,383616,2,11
383603,383614,383616,2,11
383603,383614,383616,2,11
383603,383614,383616,2,11
383603,383614,383616,2,11
383603,383614,383616,2,11
383603,383614,383616,2,11
383603,383614,383616,2,11
383603,383614,383616,2,11
383603,383614,383616,2,11
383622,383622,383626,4,0
383622,383622,383626,4,0
383622,383622,383626,4,0
383622,383622,383626,4,0
383622,383622,383626,4,0
383622,383622,383626,4,0
383622,383622,383626,4,0
383622,383622,383626,4,0
383622,383622,383626,4,0
383622,383622,383626,4,0
383622,383622,383626,4,0
383622,383622,383626,4,0
383622,383622,383626,4,0
383622,383622,383626,4,0
383622,383622,383626,4,0
383622,383622,383626,4,0
383622,383622,383626,4,0
383622,383622,383626,4,0
383622,383622,383626,4,0
383622,383622,383626,4,0
383622,383622,383626,4,0
383622,383622,383627,5,0
383622,383622,383627,5,0
383622,383622,383626,4,0
383622,383622,383626,4,0
383622,383622,383626,4,0
383622,383622,383626,4,0
383622,383622,383626,4,0
383622,383622,383626,4,0
383622,383622,383627,5,0
383622,383622,383626,4,0
383622,383622,383626,4,0
383622,383622,383626,4,0
383622,383622,383626,4,0
383622,383622,383626,4,0
383622,383622,383627,5,0
383622,383622,383627,5,0
383622,383622,383626,4,0
383622,383622,383626,4,0
383622,383622,383626,4,0
383622,383622,383626,4,0
383622,383622,383626,4,0
383622,383622,383627,5,0
383622,383622,383626,4,0
383622,383622,383626,4,0
383622,383622,383626,4,0
383622,383622,383626,4,0
383622,383622,383626,4,0
383622,383622,383627,5,0
383622,383622,383627,5,0
383622,383622,383626,4,0
383622,383622,383626,4,0
383622,383622,383626,4,0
383622,383622,383626,4,0
383622,383622,383626,4,0
383622,383622,383626,4,0
383622,383622,383627,5,0
383622,383622,383626,4,0
383622,383622,383626,4,0
383622,383622,383626,4,0
383622,383622,383626,4,0
383622,383622,383626,4,0
383622,383622,383626,4,0
383622,383622,383627,5,0
383622,383622,383626,4,0
383622,383622,383626,4,0
383622,383622,383626,4,0
383622,383622,383626,4,0
383622,383622,383627,5,0
383622,383622,383626,4,0
383622,383622,383627,5,0
383622,383622,383626,4,0
383622,383622,383626,4,0
383622,383622,383626,4,0
383622,383622,383626,4,0
383622,383622,383627,5,0
383622,383622,383627,5,0
383622,383622,383627,5,0
383622,383622,383627,5,0
383622,383622,383627,5,0
383622,383626,383628,2,4
383622,383626,383628,2,4
383622,383626,383628,2,4
383622,383626,383628,2,4
383622,383626,383628,2,4
383622,383626,383628,2,4
383622,383626,383628,2,4
383622,383626,383627,1,4
383622,383626,383628,2,4
383622,383626,383628,2,4
383622,383626,383628,2,4
383622,383627,383630,3,5
383622,383627,383629,2,5
383622,383627,383631,4,5
383622,383627,383631,4,5
383622,383627,383631,4,5
383622,383627,383631,4,5
383622,383627,383631,4,5
383622,383627,383630,3,5
383622,383627,383631,4,5
383622,383627,383631,4,5
383622,383627,383631,4,5
383622,383627,383631,4,5
383622,383628,383631,3,6
383622,383627,383631,4,5
383622,383627,383631,4,5
383622,383627,383631,4,5
383622,383627,383631,4,5
383622,383627,383631,4,5
383622,383627,383631,4,5
383622,383627,383631,4,5
383622,383627,383631,4,5
383622,383627,383631,4,5
383622,383627,383631,4,5
383622,383627,383631,4,5
383622,383627,383631,4,5
383622,383627,383631,4,5
383622,383627,383631,4,5
383622,383627,383631,4,5
383622,383627,383631,4,5
383622,383627,383631,4,5
383622,383627,383631,4,5
383622,383627,383631,4,5
383622,383627,383631,4,5
383622,383627,383631,4,5
383622,383627,383631,4,5
383622,383627,383631,4,5
383622,383627,383631,4,5
383622,383627,383631,4,5
383622,383627,383631,4,5
383622,383627,383631,4,5
383622,383627,383631,4,5
383622,383627,383631,4,5
383622,383627,383631,4,5
383622,383627,383631,4,5
383622,383627,383631,4,5
383622,383627,383631,4,5
383622,383627,383631,4,5
383622,383627,383631,4,5
383622,383627,383631,4,5
383622,383627,383631,4,5
383622,383627,383631,4,5
383622,383627,383631,4,5
383622,383627,383631,4,5
383622,383627,383631,4,5
383622,383627,383631,4,5
383622,383627,383631,4,5
383622,383627,383631,4,5
383622,383627,383632,5,5
383622,383627,383632,5,5
383622,383627,383632,5,5
383622,383627,383632,5,5
383622,383627,383632,5,5
383622,383629,383632,3,7
383622,383628,383632,4,6
383622,383628,383632,4,6
383622,383630,383633,3,8
383622,383627,383632,5,5
383622,383629,383632,3,7
383622,383628,383632,4,6
383622,383629,383632,3,7
383622,383629,383632,3,7
383622,383629,383632,3,7
383622,383627,383632,5,5
383622,383627,383632,5,5
383622,383629,383632,3,7
383622,383629,383632,3,7
383622,383627,383632,5,5
383622,383629,383633,4,7
383622,383628,383632,4,6
383622,383632,383633,1,10
383622,383632,383633,1,10
383622,383632,383633,1,10
383622,383632,383633,1,10
383622,383632,383633,1,10
383622,383632,383634,2,10
383622,383630,383633,3,8
383622,383628,383633,5,6
383622,383628,383633,5,6
383622,383632,383634,2,10
383622,383632,383634,2,10
383622,383632,383634,2,10
383622,383632,383634,2,10
383622,383632,383634,2,10
383622,383632,383634,2,10
383622,383632,383634,2,10
383622,383632,383635,3,10
383622,383632,383634,2,10
383622,383632,383634,2,10
383622,383632,383634,2,10
383622,383632,383634,2,10
383622,383632,383634,2,10
383622,383632,383634,2,10
383622,383632,383634,2,10
383622,383632,383634,2,10
383622,383632,383634,2,10
383622,383632,383634,2,10
383622,383632,383634,2,10
383622,383632,383634,2,10
383622,383632,383634,2,10
383639,383639,383643,4,0
383639,383639,383643,4,0
383639,383639,383643,4,0
383639,383639,383643,4,0
383639,383639,383643,4,0
383639,383639,383643,4,0
383639,383639,383643,4,0
383639,383639,383643,4,0
383639,383639,383643,4,0
383639,383639,383643,4,0
383639,383639,383643,4,0
383639,383639,383643,4,0
383639,383639,383643,4,0
383639,383639,383644,5,0
383639,383639,383644,5,0
383639,383639,383643,4,0
383639,383639,383643,4,0
383639,383639,383643,4,0
383639,383639,383643,4,0
383639,383639,383644,5,0
383639,383639,383643,4,0
383639,383639,383644,5,0
383639,383639,383643,4,0
383639,383639,383643,4,0
383639,383639,383643,4,0
383639,383639,383643,4,0
383639,383639,383643,4,0
383639,383639,383644,5,0
383639,383639,383644,5,0
383639,383639,383644,5,0
383639,383639,383643,4,0
383639,383639,383643,4,0
383639,383639,383643,4,0
383639,383639,383643,4,0
383639,383639,383643,4,0
383639,383639,383643,4,0
383639,383639,383643,4,0
383639,383639,383644,5,0
383639,383639,383643,4,0
383639,383639,383643,4,0
383639,383639,383643,4,0
383639,383639,383643,4,0
383639,383639,383643,4,0
383639,383639,383643,4,0
383639,383639,383643,4,0
383639,383639,383643,4,0
383639,383639,383643,4,0
383639,383639,383643,4,0
383639,383639,383644,5,0
383639,383639,383644,5,0
383639,383639,383644,5,0
383639,383639,383643,4,0
383639,383639,383643,4,0
383639,383639,383643,4,0
383639,383639,383643,4,0
383639,383639,383643,4,0
383639,383639,383644,5,0
383639,383639,383644,5,0
383639,383639,383643,4,0
383639,383639,383643,4,0
383639,383639,383643,4,0
383639,383639,383643,4,0
383639,383639,383644,5,0
383639,383639,383644,5,0
383639,383639,383644,5,0
383639,383639,383643,4,0
383639,383639,383643,4,0
383639,383639,383643,4,0
383639,383639,383644,5,0
383639,383639,383643,4,0
383639,383639,383643,4,0
383639,383639,383643,4,0
383639,383639,383643,4,0
383639,383639,383643,4,0
383639,383639,383644,5,0
383639,383639,383644,5,0
383639,383639,383644,5,0
383639,383643,383645,2,4
383639,383643,383645,2,4
383639,383639,383644,5,0
383639,383643,383645,2,4
383639,383643,383645,2,4
383639,383643,383645,2,4
383639,383643,383645,2,4
383639,383643,383645,2,4
383639,383643,383645,2,4
383639,383639,383644,5,0
383639,383639,383644,5,0
383639,383644,383646,2,5
383639,383644,383646,2,5
383639,383644,383646,2,5
383639,383644,383646,2,5
383639,383644,383647,3,5
383639,383644,383647,3,5
383639,383644,383647,3,5
383639,383644,383647,3,5
383639,383644,383647,3,5
383639,383644,383647,3,5
383639,383644,383647,3,5
383639,383644,383647,3,5
383639,383644,383647,3,5
383639,383644,383647,3,5
383639,383644,383647,3,5
383639,383644,383647,3,5
383639,383644,383647,3,5
383639,383644,383647,3,5
383639,383644,383647,3,5
383639,383644,383647,3,5
383639,383644,383647,3,5
383639,383644,383647,3,5
383639,383644,383647,3,5
383639,383644,383647,3,5
383639,383644,383647,3,5
383639,383644,383648,4,5
383639,383644,383648,4,5
383639,383644,383647,3,5
383639,383644,383648,4,5
383639,383644,383648,4,5
383639,383644,383647,3,5
383639,383644,383647,3,5
383639,383644,383648,4,5
317970,317970,385610,67640,0
385241,385241,385717,476,0
385773,385774,386103,329,1
386420,386420,387846,1426,0
387921,387921,388546,625,0
317966,317966,389202,71236,0
317969,317969,389202,71233,0
317978,317978,389202,71224,0
317978,317978,389202,71224,0
317973,317973,389202,71229,0
317975,317975,389202,71227,0
317977,317977,389202,71225,0
317978,317978,389202,71224,0
317971,317971,389202,71231,0
317973,317973,389202,71229,0
317975,317975,389202,71227,0
317976,317976,389202,71226,0
317977,317977,389202,71225,0
317978,317978,389202,71224,0
317969,317969,389202,71233,0
317971,317971,389202,71231,0
317974,317974,389202,71228,0
317975,317975,389202,71227,0
317976,317976,389202,71226,0
317977,317977,389202,71225,0
317978,317978,389202,71224,0
317970,317970,389202,71232,0
317972,317972,389202,71230,0
317974,317974,389202,71228,0
317976,317976,389202,71226,0
317977,317977,389202,71225,0
317978,317978,389202,71224,0
317972,317972,389202,71230,0
317975,317975,389202,71227,0
317976,317976,389202,71226,0
317977,317978,389202,71224,1
317970,317970,389202,71232,0
317972,317972,389202,71230,0
317975,317975,389202,71227,0
317976,317976,389202,71226,0
317977,317977,389202,71225,0
317969,317969,389202,71233,0
317970,317970,389202,71232,0
317971,317971,389202,71231,0
317973,317973,389202,71229,0
317974,317974,389202,71228,0
317975,317975,389202,71227,0
317976,317977,389202,71225,1
317967,317967,389202,71235,0
317967,317967,389202,71235,0
317967,317968,389202,71234,1
317968,317968,389202,71234,0
317968,317968,389202,71234,0
317969,317969,389202,71233,0
317965,317965,389202,71237,0
317965,317966,389202,71236,1
317966,317966,389202,71236,0
317967,317967,389202,71235,0
317968,317968,389202,71234,0
317969,317969,389202,71233,0
317969,317969,389202,71233,0
317971,317971,389202,71231,0
317971,317971,389202,71231,0
317972,317972,389202,71230,0
317965,317965,389202,71237,0
317966,317966,389202,71236,0
317966,317966,389202,71236,0
317967,317967,389202,71235,0
317968,317968,389202,71234,0
317968,317968,389202,71234,0
317969,317969,389202,71233,0
317970,317970,389202,71232,0
317970,317970,389202,71232,0
317971,317971,389202,71231,0
317965,317965,389202,71237,0
317965,317965,389202,71237,0
317966,317966,389202,71236,0
317966,317966,389202,71236,0
317967,317967,389202,71235,0
317967,317967,389202,71235,0
317967,317967,389202,71235,0
317968,317968,389202,71234,0
317970,317971,389202,71231,1
317972,317972,389202,71230,0
317973,317973,389202,71229,0
317974,317974,389202,71228,0
317975,317975,389202,71227,0
317976,317976,389202,71226,0
317977,317977,389202,71225,0
317972,317972,389202,71230,0
317973,317973,389202,71229,0
317973,317974,389202,71228,1
317974,317974,389202,71228,0
317971,317971,389202,71231,0
317972,317972,389202,71230,0
317973,317973,389202,71229,0
317973,317973,389202,71229,0
317974,317974,389202,71228,0
317974,317974,389202,71228,0
388583,388583,389202,619,0
389939,389939,389940,1,0
390168,390168,390169,1,0
390168,390168,390169,1,0
390235,390235,392184,1949,0
390235,390235,392184,1949,0
390235,390235,392184,1949,0
390235,390235,392184,1949,0
390235,390235,392184,1949,0
392513,392514,392627,113,1
392214,392214,393009,795,0
393148,393148,393258,110,0
393837,393838,393950,112,1
392205,392205,395884,3679,0
392206,392206,395884,3678,0
392206,392206,395884,3678,0
392208,392208,395884,3676,0
392205,392205,395884,3679,0
392207,392207,395884,3677,0
392209,392210,395884,3674,1
392206,392206,395884,3678,0
392204,392204,395884,3680,0
392204,392204,395884,3680,0
392205,392205,395884,3679,0
392207,392207,395884,3677,0
392207,392207,395884,3677,0
392208,392208,395884,3676,0
392205,392205,395884,3679,0
392207,392207,395884,3677,0
392209,392209,395884,3675,0
392211,392211,395884,3673,0
392204,392204,395884,3680,0
392204,392205,395884,3679,1
392205,392205,395884,3679,0
392207,392207,395884,3677,0
392207,392207,395884,3677,0
392208,392208,395884,3676,0
392209,392209,395884,3675,0
392210,392210,395884,3674,0
392205,392206,395884,3678,1
392208,392208,395884,3676,0
392210,392210,395884,3674,0
392211,392211,395884,3673,0
392204,392204,395884,3680,0
392204,392204,395884,3680,0
392205,392205,395884,3679,0
392206,392206,395884,3678,0
392207,392207,395884,3677,0
392208,392208,395884,3676,0
392209,392209,395884,3675,0
392210,392210,395884,3674,0
392216,392216,395884,3668,0
392217,392217,395884,3667,0
392216,392216,395884,3668,0
392217,392217,395884,3667,0
392216,392216,395884,3668,0
392217,392217,395884,3667,0
392216,392216,395884,3668,0
392217,392217,395884,3667,0
392218,392218,395884,3666,0
392214,392215,395884,3669,1
392216,392217,395884,3667,1
392218,392218,395884,3666,0
392215,392216,395884,3668,1
392217,392217,395884,3667,0
392218,392218,395884,3666,0
392210,392210,395884,3674,0
392211,392211,395884,3673,0
392212,392212,395884,3672,0
392213,392213,395884,3671,0
392214,392214,395884,3670,0
392215,392215,395884,3669,0
392209,392209,395884,3675,0
392211,392211,395884,3673,0
392211,392211,395884,3673,0
392213,392213,395884,3671,0
392215,392215,395884,3669,0
392216,392216,395884,3668,0
392216,392216,395884,3668,0
392217,392217,395884,3667,0
392218,392218,395884,3666,0
392218,392218,395884,3666,0
392218,392218,395884,3666,0
392208,392208,395884,3676,0
392210,392210,395884,3674,0
392211,392211,395884,3673,0
392212,392212,395884,3672,0
392213,392213,395884,3671,0
392214,392214,395884,3670,0
392215,392215,395884,3669,0
392211,392211,395884,3673,0
392212,392212,395884,3672,0
392213,392213,395884,3671,0
392214,392214,395884,3670,0
392215,392215,395884,3669,0
392206,392206,395884,3678,0
392208,392208,395884,3676,0
392209,392209,395884,3675,0
392210,392210,395884,3674,0
392211,392211,395884,3673,0
392212,392212,395884,3672,0
392212,392213,395884,3671,1
392209,392209,395884,3675,0
392210,392210,395884,3674,0
392212,392212,395884,3672,0
392213,392213,395884,3671,0
392214,392214,395884,3670,0
392215,392215,395884,3669,0
392212,392212,395884,3672,0
392213,392213,395884,3671,0
392214,392214,395884,3670,0
392215,392215,395884,3669,0
395921,395921,396942,1021,0
407631,407632,408631,999,1
408636,408637,409647,1010,1
409649,409650,409980,330,1
422011,422012,422130,118,1
422157,422158,423165,1007,1
423172,423173,424172,999,1
424176,424176,424515,339,0
467360,467360,467365,5,0
467360,467360,467365,5,0
467360,467360,467365,5,0
467360,467360,467365,5,0
467360,467360,467365,5,0
467360,467360,467365,5,0
467360,467360,467365,5,0
467360,467360,467365,5,0
467360,467360,467365,5,0
467360,467360,467365,5,0
467360,467360,467365,5,0
467360,467360,467365,5,0
467360,467360,467365,5,0
467360,467360,467365,5,0
467360,467360,467365,5,0
467360,467360,467365,5,0
467360,467360,467365,5,0
467360,467360,467365,5,0
467360,467360,467366,6,0
467360,467360,467366,6,0
467360,467360,467365,5,0
467360,467360,467365,5,0
467360,467360,467365,5,0
467360,467360,467366,6,0
467360,467360,467366,6,0
467360,467360,467365,5,0
467360,467360,467365,5,0
467360,467360,467365,5,0
467360,467360,467365,5,0
467360,467360,467365,5,0
467360,467360,467365,5,0
467360,467360,467366,6,0
467360,467360,467365,5,0
467360,467360,467365,5,0
467360,467360,467365,5,0
467360,467360,467365,5,0
467360,467360,467365,5,0
467360,467360,467365,5,0
467360,467360,467365,5,0
467360,467360,467365,5,0
467360,467360,467366,6,0
467360,467360,467365,5,0
467360,467360,467365,5,0
467360,467360,467365,5,0
467360,467360,467365,5,0
467360,467360,467365,5,0
467360,467360,467365,5,0
467360,467360,467366,6,0
467360,467360,467365,5,0
467360,467360,467365,5,0
467360,467360,467365,5,0
467360,467360,467366,6,0
467360,467360,467366,6,0
467360,467360,467365,5,0
467360,467360,467365,5,0
467360,467360,467365,5,0
467360,467360,467366,6,0
467360,467360,467366,6,0
467360,467360,467365,5,0
467360,467360,467365,5,0
467360,467360,467365,5,0
467360,467360,467365,5,0
467360,467360,467366,6,0
467360,467360,467366,6,0
467360,467360,467365,5,0
467360,467360,467365,5,0
467360,467360,467365,5,0
467360,467360,467365,5,0
467360,467360,467366,6,0
467360,467360,467366,6,0
467360,467360,467365,5,0
467360,467360,467365,5,0
467360,467360,467365,5,0
467360,467360,467366,6,0
467360,467360,467366,6,0
467360,467360,467366,6,0
467360,467360,467366,6,0
467360,467365,467367,2,5
467360,467360,467366,6,0
467360,467360,467366,6,0
467360,467360,467367,7,0
467360,467365,467368,3,5
467360,467365,467368,3,5
467360,467365,467368,3,5
467360,467365,467368,3,5
467360,467365,467368,3,5
467360,467365,467368,3,5
467360,467365,467368,3,5
467360,467365,467368,3,5
467360,467365,467368,3,5
467360,467366,467369,3,6
467360,467365,467369,4,5
467360,467366,467369,3,6
467360,467365,467369,4,5
467360,467366,467369,3,6
467360,467365,467369,4,5
467360,467365,467369,4,5
467360,467366,467369,3,6
467360,467366,467369,3,6
467360,467366,467369,3,6
467360,467366,467369,3,6
467360,467366,467369,3,6
467360,467366,467369,3,6
467360,467366,467369,3,6
467360,467366,467369,3,6
467360,467366,467369,3,6
467360,467366,467369,3,6
467360,467366,467369,3,6
467360,467366,467369,3,6
467360,467366,467369,3,6
467360,467366,467369,3,6
467360,467366,467370,4,6
467360,467366,467370,4,6
467360,467366,467369,3,6
467360,467366,467369,3,6
467360,467366,467369,3,6
467360,467366,467369,3,6
467360,467366,467370,4,6
467360,467366,467370,4,6
467360,467366,467369,3,6
467360,467366,467369,3,6
467360,467366,467369,3,6
467360,467366,467370,4,6
467360,467366,467370,4,6
467360,467366,467370,4,6
467360,467365,467369,4,5
467360,467366,467370,4,6
467360,467366,467370,4,6
467360,467366,467370,4,6
467360,467366,467370,4,6
467360,467366,467370,4,6
467360,467366,467370,4,6
467360,467366,467370,4,6
467360,467366,467370,4,6
467360,467366,467370,4,6
467360,467366,467369,3,6
467360,467366,467369,3,6
467360,467366,467370,4,6
467360,467366,467370,4,6
467360,467366,467370,4,6
467360,467366,467369,3,6
467360,467366,467370,4,6
467360,467366,467370,4,6
467360,467366,467370,4,6
467360,467366,467370,4,6
467360,467366,467370,4,6
467360,467366,467369,3,6
467360,467367,467370,3,7
467360,467367,467371,4,7
467360,467366,467370,4,6
467360,467367,467370,3,7
467360,467367,467371,4,7
467360,467367,467371,4,7
467360,467367,467371,4,7
467360,467367,467371,4,7
467360,467369,467371,2,9
467360,467367,467371,4,7
467360,467366,467370,4,6
467360,467368,467371,3,8
467360,467366,467370,4,6
467360,467366,467371,5,6
467360,467369,467371,2,9
467360,467366,467371,5,6
467360,467368,467371,3,8
467360,467368,467371,3,8
467360,467366,467371,5,6
467360,467368,467371,3,8
467360,467369,467371,2,9
467360,467368,467371,3,8
467360,467368,467371,3,8
467360,467369,467371,2,9
467360,467369,467371,2,9
467360,467368,467371,3,8
467360,467369,467371,2,9
467360,467369,467371,2,9
467360,467368,467371,3,8
467360,467368,467371,3,8
467360,467370,467372,2,10
467360,467370,467372,2,10
467360,467370,467372,2,10
467360,467370,467372,2,10
467360,467370,467372,2,10
467360,467370,467372,2,10
467360,467370,467372,2,10
467360,467370,467372,2,10
467360,467370,467372,2,10
467360,467370,467372,2,10
467360,467370,467372,2,10
467360,467370,467372,2,10
467360,467370,467372,2,10
467360,467370,467372,2,10
467360,467370,467373,3,10
467360,467370,467373,3,10
467360,467370,467373,3,10
467360,467370,467373,3,10
467360,467370,467373,3,10
467360,467370,467373,3,10
467360,467370,467372,2,10
467360,467370,467373,3,10
467360,467370,467373,3,10
467377,467377,467382,5,0
467377,467377,467382,5,0
467377,467377,467382,5,0
467377,467377,467382,5,0
467377,467377,467382,5,0
467377,467377,467382,5,0
467377,467377,467381,4,0
467377,467377,467382,5,0
467377,467377,467382,5,0
467377,467377,467382,5,0
467377,467377,467382,5,0
467377,467377,467381,4,0
467377,467377,467381,4,0
467377,467377,467382,5,0
467377,467377,467382,5,0
467377,467377,467382,5,0
467377,467377,467382,5,0
467377,467377,467382,5,0
467377,467377,467382,5,0
467377,467377,467382,5,0
467377,467377,467382,5,0
467377,467377,467382,5,0
467377,467377,467382,5,0
467377,467377,467382,5,0
467377,467377,467382,5,0
467377,467377,467382,5,0
467377,467377,467382,5,0
467377,467377,467382,5,0
467377,467377,467382,5,0
467377,467377,467382,5,0
467377,467377,467382,5,0
467377,467377,467382,5,0
467377,467377,467382,5,0
467377,467377,467382,5,0
467377,467377,467381,4,0
467377,467377,467382,5,0
467377,467377,467382,5,0
467377,467377,467381,4,0
467377,467377,467382,5,0
467377,467377,467382,5,0
467377,467377,467382,5,0
467377,467377,467382,5,0
467377,467377,467382,5,0
467377,467377,467382,5,0
467377,467377,467382,5,0
467377,467377,467382,5,0
467377,467377,467382,5,0
467377,467377,467381,4,0
467377,467377,467382,5,0
467377,467377,467382,5,0
467377,467377,467382,5,0
467377,467377,467381,4,0
467377,467377,467382,5,0
467377,467377,467382,5,0
467377,467377,467382,5,0
467377,467377,467382,5,0
467377,467377,467382,5,0
467377,467377,467382,5,0
467377,467377,467382,5,0
467377,467377,467382,5,0
467377,467377,467382,5,0
467377,467377,467382,5,0
467377,467377,467382,5,0
467377,467377,467382,5,0
467377,467377,467383,6,0
467377,467377,467383,6,0
467377,467377,467383,6,0
467377,467377,467382,5,0
467377,467377,467383,6,0
467377,467377,467383,6,0
467377,467377,467383,6,0
467377,467377,467382,5,0
467377,467377,467383,6,0
467377,467377,467382,5,0
467377,467377,467383,6,0
467377,467377,467383,6,0
467377,467377,467383,6,0
467377,467377,467382,5,0
467377,467377,467382,5,0
467377,467377,467383,6,0
467377,467382,467387,5,5
467377,467382,467388,6,5
467377,467382,467388,6,5
467377,467382,467388,6,5
467377,467382,467388,6,5
467377,467383,467387,4,6
467377,467382,467388,6,5
467377,467382,467387,5,5
467377,467382,467387,5,5
467377,467382,467387,5,5
467377,467383,467387,4,6
467377,467383,467387,4,6
467377,467383,467387,4,6
467377,467382,467387,5,5
467377,467382,467388,6,5
467377,467382,467387,5,5
467377,467382,467387,5,5
467377,467382,467387,5,5
467377,467382,467387,5,5
467377,467382,467388,6,5
467377,467382,467388,6,5
467377,467382,467388,6,5
467377,467384,467388,4,7
467377,467382,467387,5,5
467377,467382,467388,6,5
467377,467382,467388,6,5
467377,467382,467388,6,5
467377,467382,467387,5,5
467377,467382,467388,6,5
467377,467382,467388,6,5
467377,467382,467388,6,5
467377,467382,467388,6,5
467377,467382,467388,6,5
467377,467382,467387,5,5
467377,467382,467387,5,5
467377,467382,467388,6,5
467377,467382,467387,5,5
467377,467383,467387,4,6
467377,467383,467388,5,6
467377,467383,467387,4,6
467377,467382,467387,5,5
467377,467382,467387,5,5
467377,467383,467387,4,6
467377,467383,467387,4,6
467377,467383,467388,5,6
467377,467382,467387,5,5
467377,467382,467387,5,5
467377,467382,467387,5,5
467377,467382,467388,6,5
467377,467383,467387,4,6
467377,467383,467387,4,6
467377,467383,467388,5,6
467377,467383,467388,5,6
467377,467382,467388,6,5
467377,467382,467387,5,5
467377,467382,467388,6,5
467377,467382,467387,5,5
467377,467382,467387,5,5
467377,467382,467388,6,5
467377,467383,467388,5,6
467377,467383,467388,5,6
467377,467383,467388,5,6
467377,467383,467388,5,6
467377,467383,467388,5,6
467377,467384,467389,5,7
467377,467384,467389,5,7
467377,467384,467389,5,7
467377,467384,467388,4,7
467377,467384,467389,5,7
467377,467384,467388,4,7
467377,467384,467389,5,7
467377,467384,467389,5,7
467377,467384,467388,4,7
467377,467384,467389,5,7
467377,467384,467388,4,7
467377,467384,467388,4,7
467377,467384,467388,4,7
467377,467387,467389,2,10
467377,467384,467388,4,7
467377,467388,467390,2,11
467377,467384,467389,5,7
467377,467384,467389,5,7
467377,467388,467390,2,11
467377,467388,467390,2,11
467377,467388,467391,3,11
467377,467388,467391,3,11
467377,467388,467390,2,11
467377,467388,467390,2,11
467377,467388,467390,2,11
467377,467388,467390,2,11
467377,467388,467390,2,11
467377,467388,467390,2,11
467377,467388,467390,2,11
467377,467388,467391,3,11
467377,467388,467390,2,11
467377,467388,467391,3,11
467377,467388,467390,2,11
467377,467388,467390,2,11
467377,467388,467391,3,11
467377,467388,467391,3,11
467377,467388,467391,3,11
467377,467388,467390,2,11
467377,467388,467391,3,11
467377,467388,467391,3,11
467377,467388,467391,3,11
467377,467388,467391,3,11
467377,467388,467391,3,11
467377,467388,467390,2,11
467377,467388,467391,3,11
467377,467388,467391,3,11
467377,467388,467391,3,11
467377,467388,467391,3,11
467377,467388,467391,3,11
467377,467388,467391,3,11
467377,467388,467391,3,11
467377,467388,467391,3,11
467377,467388,467391,3,11
467377,467388,467391,3,11
467377,467388,467391,3,11
467377,467388,467391,3,11
467396,467396,467400,4,0
467396,467396,467400,4,0
467396,467396,467401,5,0
467396,467396,467401,5,0
467396,467396,467401,5,0
467396,467396,467401,5,0
467396,467396,467401,5,0
467396,467396,467401,5,0
467396,467396,467401,5,0
467396,467396,467401,5,0
467396,467396,467401,5,0
467396,467396,467401,5,0
467396,467396,467401,5,0
467396,467396,467401,5,0
467396,467396,467401,5,0
467396,467396,467401,5,0
467396,467396,467401,5,0
467396,467396,467401,5,0
467396,467396,467401,5,0
467396,467396,467401,5,0
467396,467396,467401,5,0
467396,467396,467401,5,0
467396,467396,467401,5,0
467396,467396,467401,5,0
467396,467396,467401,5,0
467396,467396,467401,5,0
467396,467396,467401,5,0
467396,467396,467401,5,0
467396,467396,467401,5,0
467396,467396,467401,5,0
467396,467396,467401,5,0
467396,467396,467401,5,0
467396,467396,467401,5,0
467396,467396,467401,5,0
467396,467396,467401,5,0
467396,467396,467401,5,0
467396,467396,467401,5,0
467396,467396,467401,5,0
467396,467396,467401,5,0
467396,467396,467401,5,0
467396,467396,467401,5,0
467396,467396,467401,5,0
467396,467396,467401,5,0
467396,467396,467401,5,0
467396,467396,467401,5,0
467396,467396,467401,5,0
467396,467396,467401,5,0
467396,467396,467401,5,0
467396,467396,467401,5,0
467396,467396,467401,5,0
467396,467396,467401,5,0
467396,467396,467401,5,0
467396,467396,467401,5,0
467396,467396,467401,5,0
467396,467396,467401,5,0
467396,467396,467402,6,0
467396,467396,467402,6,0
467396,467396,467402,6,0
467396,467396,467402,6,0
467396,467396,467402,6,0
467396,467396,467402,6,0
467396,467396,467402,6,0
467396,467396,467402,6,0
467396,467396,467401,5,0
467396,467396,467402,6,0
467396,467396,467401,5,0
467396,467396,467402,6,0
467396,467396,467401,5,0
467396,467396,467402,6,0
467396,467396,467401,5,0
467396,467396,467402,6,0
467396,467396,467402,6,0
467396,467396,467401,5,0
467396,467396,467402,6,0
467396,467396,467401,5,0
467396,467396,467402,6,0
467396,467396,467401,5,0
467396,467396,467402,6,0
467396,467400,467403,3,4
467396,467396,467402,6,0
467396,467396,467403,7,0
467396,467401,467405,4,5
467396,467401,467405,4,5
467396,467401,467405,4,5
467396,467401,467405,4,5
467396,467401,467405,4,5
467396,467401,467405,4,5
467396,467401,467406,5,5
467396,467401,467406,5,5
467396,467401,467406,5,5
467396,467401,467406,5,5
467396,467401,467406,5,5
467396,467401,467406,5,5
467396,467401,467406,5,5
467396,467401,467406,5,5
467396,467401,467406,5,5
467396,467401,467406,5,5
467396,467401,467406,5,5
467396,467401,467406,5,5
467396,467401,467406,5,5
467396,467401,467406,5,5
467396,467401,467406,5,5
467396,467401,467406,5,5
467396,467401,467406,5,5
467396,467401,467406,5,5
467396,467401,467406,5,5
467396,467401,467406,5,5
467396,467401,467406,5,5
467396,467401,467406,5,5
467396,467401,467406,5,5
467396,467401,467406,5,5
467396,467402,467406,4,6
467396,467402,467406,4,6
467396,467403,467406,3,7
467396,467401,467406,5,5
467396,467401,467406,5,5
467396,467401,467406,5,5
467396,467401,467406,5,5
467396,467401,467406,5,5
467396,467402,467407,5,6
467396,467401,467406,5,5
467396,467401,467406,5,5
467396,467401,467406,5,5
467396,467402,467406,4,6
467396,467403,467406,3,7
467396,467403,467406,3,7
467396,467403,467407,4,7
467396,467401,467406,5,5
467396,467401,467406,5,5
467396,467401,467406,5,5
467396,467402,467406,4,6
467396,467402,467407,5,6
467396,467402,467406,4,6
467396,467402,467407,5,6
467396,467401,467406,5,5
467396,467401,467406,5,5
467396,467401,467406,5,5
467396,467401,467406,5,5
467396,467401,467406,5,5
467396,467402,467406,4,6
467396,467403,467406,3,7
467396,467401,467406,5,5
467396,467401,467406,5,5
467396,467401,467406,5,5
467396,467401,467406,5,5
467396,467401,467406,5,5
467396,467402,467406,4,6
467396,467402,467406,4,6
467396,467401,467406,5,5
467396,467402,467406,4,6
467396,467402,467406,4,6
467396,467402,467407,5,6
467396,467404,467407,3,8
467396,467404,467407,3,8
467396,467406,467408,2,10
467396,467406,467408,2,10
467396,467406,467408,2,10
467396,467402,467407,5,6
467396,467402,467407,5,6
467396,467406,467408,2,10
467396,467406,467408,2,10
467396,467406,467408,2,10
467396,467402,467407,5,6
467396,467402,467407,5,6
467396,467402,467407,5,6
467396,467403,467407,4,7
467396,467403,467407,4,7
467396,467406,467408,2,10
467396,467407,467409,2,11
467396,467407,467409,2,11
467396,467407,467409,2,11
467396,467407,467409,2,11
467396,467407,467409,2,11
467396,467407,467409,2,11
467396,467407,467409,2,11
467396,467407,467409,2,11
467396,467407,467409,2,11
467396,467407,467409,2,11
467396,467407,467410,3,11
467396,467407,467410,3,11
467396,467407,467410,3,11
467396,467407,467409,2,11
467396,467407,467410,3,11
467396,467407,467409,2,11
467396,467407,467409,2,11
467396,467407,467409,2,11
467396,467407,467409,2,11
467396,467407,467410,3,11
467396,467407,467410,3,11
467396,467407,467410,3,11
467396,467407,467410,3,11
467396,467407,467410,3,11
467396,467407,467410,3,11
467396,467407,467410,3,11
467396,467407,467410,3,11
467396,467407,467410,3,11
467396,467407,467410,3,11
467396,467407,467410,3,11
467396,467407,467410,3,11
467396,467407,467410,3,11
467414,467415,467420,5,1
467414,467415,467420,5,1
467414,467415,467420,5,1
467414,467415,467420,5,1
467414,467415,467421,6,1
467414,467415,467420,5,1
467414,467415,467421,6,1
467414,467415,467421,6,1
467414,467415,467421,6,1
467414,467415,467421,6,1
467414,467415,467421,6,1
467414,467415,467420,5,1
467414,467415,467420,5,1
467414,467415,467420,5,1
467414,467415,467420,5,1
467414,467415,467420,5,1
467414,467415,467421,6,1
467414,467415,467421,6,1
467414,467415,467420,5,1
467414,467415,467420,5,1
467414,467415,467420,5,1
467414,467415,467420,5,1
467414,467415,467420,5,1
467414,467415,467420,5,1
467414,467415,467420,5,1
467414,467415,467421,6,1
467414,467415,467420,5,1
467414,467415,467420,5,1
467414,467415,467420,5,1
467414,467415,467420,5,1
467414,467415,467420,5,1
467414,467415,467420,5,1
467414,467415,467420,5,1
467414,467415,467420,5,1
467414,467415,467420,5,1
467414,467415,467420,5,1
467414,467415,467420,5,1
467414,467415,467420,5,1
467414,467415,467420,5,1
467414,467415,467420,5,1
467414,467415,467421,6,1
467414,467415,467421,6,1
467414,467415,467421,6,1
467414,467415,467420,5,1
467414,467415,467420,5,1
467414,467415,467420,5,1
467414,467415,467420,5,1
467414,467415,467420,5,1
467414,467415,467421,6,1
467414,467415,467421,6,1
467414,467415,467420,5,1
467414,467415,467421,6,1
467414,467415,467421,6,1
467414,467415,467421,6,1
467414,467415,467421,6,1
467414,467415,467421,6,1
467414,467415,467420,5,1
467414,467415,467420,5,1
467414,467415,467420,5,1
467414,467415,467420,5,1
467414,467415,467420,5,1
467414,467415,467420,5,1
467414,467415,467421,6,1
467414,467415,467421,6,1
467414,467415,467421,6,1
467414,467415,467421,6,1
467414,467415,467421,6,1
467414,467415,467421,6,1
467414,467415,467421,6,1
467414,467415,467421,6,1
467414,467415,467421,6,1
467414,467415,467421,6,1
467414,467415,467421,6,1
467414,467415,467421,6,1
467414,467415,467421,6,1
467414,467415,467421,6,1
467414,467415,467421,6,1
467414,467415,467421,6,1
467414,467415,467421,6,1
467414,467415,467421,6,1
467414,467421,467426,5,7
467414,467421,467426,5,7
467414,467421,467426,5,7
467414,467421,467426,5,7
467414,467421,467426,5,7
467414,467421,467426,5,7
467414,467421,467426,5,7
467414,467421,467426,5,7
467414,467421,467426,5,7
467414,467421,467426,5,7
467414,467421,467426,5,7
467414,467421,467426,5,7
467414,467421,467426,5,7
467414,467421,467426,5,7
467414,467421,467426,5,7
467414,467421,467426,5,7
467414,467421,467426,5,7
467414,467421,467426,5,7
467414,467421,467426,5,7
467414,467421,467426,5,7
467414,467421,467426,5,7
467414,467421,467426,5,7
467414,467421,467426,5,7
467414,467421,467426,5,7
467414,467421,467426,5,7
467414,467421,467426,5,7
467414,467421,467426,5,7
467414,467421,467426,5,7
467414,467421,467426,5,7
467414,467421,467426,5,7
467414,467421,467426,5,7
467414,467421,467426,5,7
467414,467421,467426,5,7
467414,467421,467426,5,7
467414,467421,467426,5,7
467414,467421,467426,5,7
467414,467421,467426,5,7
467414,467421,467426,5,7
467414,467421,467426,5,7
467414,467421,467426,5,7
467414,467421,467426,5,7
467414,467421,467426,5,7
467414,467421,467426,5,7
467414,467421,467426,5,7
467414,467422,467426,4,8
467414,467421,467426,5,7
467414,467421,467426,5,7
467414,467421,467426,5,7
467414,467421,467427,6,7
467414,467421,467427,6,7
467414,467421,467427,6,7
467414,467421,467427,6,7
467414,467421,467426,5,7
467414,467421,467426,5,7
467414,467421,467426,5,7
467414,467421,467426,5,7
467414,467421,467427,6,7
467414,467421,467427,6,7
467414,467421,467427,6,7
467414,467421,467427,6,7
467414,467421,467427,6,7
467414,467421,467427,6,7
467414,467421,467427,6,7
467414,467421,467427,6,7
467414,467422,467427,5,8
467414,467422,467427,5,8
467414,467422,467427,5,8
467414,467422,467427,5,8
467414,467421,467427,6,7
467414,467422,467427,5,8
467414,467422,467427,5,8
467414,467422,467427,5,8
467414,467422,467427,5,8
467414,467422,467427,5,8
467414,467422,467427,5,8
467414,467422,467427,5,8
467414,467422,467427,5,8
467414,467426,467428,2,12
467414,467426,467429,3,12
467414,467422,467428,6,8
467414,467422,467428,6,8
467414,467423,467428,5,9
467414,467427,467429,2,13
467414,467426,467428,2,12
467414,467426,467428,2,12
467414,467426,467429,3,12
467414,467426,467429,3,12
467414,467426,467429,3,12
467414,467427,467429,2,13
467414,467427,467429,2,13
467414,467427,467429,2,13
467414,467427,467429,2,13
467414,467427,467429,2,13
467414,467427,467429,2,13
467414,467427,467429,2,13
467414,467427,467429,2,13
467414,467427,467429,2,13
467414,467427,467430,3,13
467414,467427,467429,2,13
467414,467427,467429,2,13
467414,467427,467429,2,13
467414,467427,467430,3,13
467414,467427,467429,2,13
467414,467427,467429,2,13
467414,467427,467429,2,13
467414,467427,467429,2,13
467414,467427,467429,2,13
467414,467427,467429,2,13
467414,467427,467429,2,13
467414,467427,467429,2,13
467414,467427,467430,3,13
467414,467427,467429,2,13
467414,467427,467430,3,13
467414,467427,467430,3,13
467414,467427,467430,3,13
467414,467427,467430,3,13
467414,467427,467430,3,13
467414,467427,467430,3,13
467414,467427,467430,3,13
467414,467427,467430,3,13
467435,467435,467439,4,0
467435,467435,467440,5,0
467435,467435,467440,5,0
467435,467435,467440,5,0
467435,467435,467440,5,0
467435,467435,467440,5,0
467435,467435,467439,4,0
467435,467435,467440,5,0
467435,467435,467440,5,0
467435,467435,467440,5,0
467435,467435,467440,5,0
467435,467435,467440,5,0
467435,467435,467440,5,0
467435,467435,467440,5,0
467435,467435,467440,5,0
467435,467435,467440,5,0
467435,467435,467440,5,0
467435,467435,467440,5,0
467435,467435,467440,5,0
467435,467435,467440,5,0
467435,467435,467440,5,0
467435,467435,467440,5,0
467435,467435,467440,5,0
467435,467435,467440,5,0
467435,467435,467440,5,0
467435,467435,467440,5,0
467435,467435,467440,5,0
467435,467435,467440,5,0
467435,467435,467440,5,0
467435,467435,467440,5,0
467435,467435,467440,5,0
467435,467435,467440,5,0
467435,467435,467440,5,0
467435,467435,467440,5,0
467435,467435,467440,5,0
467435,467435,467440,5,0
467435,467435,467439,4,0
467435,467435,467440,5,0
467435,467435,467440,5,0
467435,467435,467440,5,0
467435,467435,467440,5,0
467435,467435,467440,5,0
467435,467435,467440,5,0
467435,467435,467440,5,0
467435,467435,467440,5,0
467435,467435,467440,5,0
467435,467435,467440,5,0
467435,467435,467440,5,0
467435,467435,467440,5,0
467435,467435,467440,5,0
467435,467435,467440,5,0
467435,467435,467440,5,0
467435,467435,467440,5,0
467435,467435,467440,5,0
467435,467435,467440,5,0
467435,467435,467440,5,0
467435,467435,467440,5,0
467435,467435,467441,6,0
467435,467435,467441,6,0
467435,467435,467441,6,0
467435,467435,467440,5,0
467435,467435,467441,6,0
467435,467435,467440,5,0
467435,467435,467440,5,0
467435,467435,467440,5,0
467435,467435,467441,6,0
467435,467435,467440,5,0
467435,467435,467440,5,0
467435,467435,467440,5,0
467435,467435,467441,6,0
467435,467435,467441,6,0
467435,467435,467441,6,0
467435,467435,467440,5,0
467435,467435,467440,5,0
467435,467435,467441,6,0
467435,467435,467441,6,0
467435,467435,467441,6,0
467435,467435,467441,6,0
467435,467435,467441,6,0
467435,467435,467441,6,0
467435,467440,467444,4,5
467435,467440,467444,4,5
467435,467440,467444,4,5
467435,467440,467444,4,5
467435,467440,467444,4,5
467435,467440,467445,5,5
467435,467440,467444,4,5
467435,467440,467445,5,5
467435,467440,467445,5,5
467435,467440,467445,5,5
467435,467440,467445,5,5
467435,467440,467445,5,5
467435,467440,467445,5,5
467435,467440,467445,5,5
467435,467441,467445,4,6
467435,467440,467445,5,5
467435,467440,467445,5,5
467435,467440,467445,5,5
467435,467440,467445,5,5
467435,467440,467445,5,5
467435,467440,467445,5,5
467435,467440,467445,5,5
467435,467440,467445,5,5
467435,467440,467445,5,5
467435,467440,467445,5,5
467435,467440,467445,5,5
467435,467440,467445,5,5
467435,467440,467445,5,5
467435,467440,467445,5,5
467435,467440,467445,5,5
467435,467440,467445,5,5
467435,467440,467445,5,5
467435,467440,467445,5,5
467435,467440,467445,5,5
467435,467440,467445,5,5
467435,467441,467445,4,6
467435,467440,467445,5,5
467435,467440,467444,4,5
467435,467440,467445,5,5
467435,467440,467445,5,5
467435,467440,467445,5,5
467435,467441,467445,4,6
467435,467441,467445,4,6
467435,467440,467444,4,5
467435,467440,467445,5,5
467435,467440,467445,5,5
467435,467440,467445,5,5
467435,467441,467445,4,6
467435,467441,467445,4,6
467435,467440,467445,5,5
467435,467440,467445,5,5
467435,467440,467445,5,5
467435,467440,467445,5,5
467435,467441,467445,4,6
467435,467440,467445,5,5
467435,467440,467445,5,5
467435,467440,467445,5,5
467435,467440,467445,5,5
467435,467441,467445,4,6
467435,467441,467446,5,6
467435,467441,467445,4,6
467435,467441,467445,4,6
467435,467441,467445,4,6
467435,467442,467445,3,7
467435,467441,467445,4,6
467435,467441,467445,4,6
467435,467441,467445,4,6
467435,467441,467445,4,6
467435,467444,467446,2,9
467435,467442,467446,4,7
467435,467442,467446,4,7
467435,467441,467446,5,6
467435,467441,467446,5,6
467435,467441,467446,5,6
467435,467441,467446,5,6
467435,467442,467446,4,7
467435,467444,467446,2,9
467435,467441,467446,5,6
467435,467441,467446,5,6
467435,467441,467446,5,6
467435,467442,467446,4,7
467435,467442,467446,4,7
467435,467445,467447,2,10
467435,467445,467447,2,10
467435,467445,467447,2,10
467435,467444,467447,3,9
467435,467444,467447,3,9
467435,467444,467447,3,9
467435,467446,467448,2,11
467435,467446,467448,2,11
467435,467446,467448,2,11
467435,467445,467448,3,10
467435,467446,467448,2,11
467435,467446,467448,2,11
467435,467446,467448,2,11
467435,467446,467448,2,11
467435,467446,467449,3,11
467435,467446,467449,3,11
467435,467446,467448,2,11
467435,467446,467448,2,11
467435,467446,467448,2,11
467435,467446,467448,2,11
467435,467446,467449,3,11
467435,467446,467448,2,11
467435,467446,467449,3,11
467435,467446,467449,3,11
467435,467446,467449,3,11
467435,467446,467449,3,11
467435,467446,467449,3,11
467435,467446,467449,3,11
467435,467446,467449,3,11
467435,467446,467449,3,11
467435,467446,467449,3,11
467435,467446,467449,3,11
467435,467446,467449,3,11
467435,467446,467449,3,11
467435,467446,467449,3,11
467435,467446,467449,3,11
467435,467446,467449,3,11
467435,467446,467449,3,11
468438,468438,468443,5,0
468438,468438,468443,5,0
468438,468438,468443,5,0
468438,468438,468443,5,0
468438,468438,468443,5,0
468438,468439,468443,4,1
468438,468439,468444,5,1
468438,468438,468443,5,0
468438,468438,468443,5,0
468438,468438,468443,5,0
468438,468438,468443,5,0
468438,468438,468443,5,0
468438,468439,468443,4,1
468438,468439,468443,4,1
468438,468438,468443,5,0
468438,468438,468443,5,0
468438,468438,468443,5,0
468438,468438,468444,6,0
468438,468439,468443,4,1
468438,468439,468443,4,1
468438,468439,468443,4,1
468438,468439,468444,5,1
468438,468438,468443,5,0
468438,468438,468443,5,0
468438,468438,468443,5,0
468438,468438,468443,5,0
468438,468439,468443,4,1
468438,468438,468443,5,0
468438,468438,468443,5,0
468438,468438,468443,5,0
468438,468438,468444,6,0
468438,468438,468443,5,0
468438,468439,468443,4,1
468438,468439,468443,4,1
468438,468439,468443,4,1
468438,468438,468443,5,0
468438,468438,468443,5,0
468438,468438,468443,5,0
468438,468438,468443,5,0
468438,468438,468443,5,0
468438,468438,468443,5,0
468438,468438,468443,5,0
468438,468438,468443,5,0
468438,468438,468443,5,0
468438,468438,468443,5,0
468438,468438,468443,5,0
468438,468439,468443,4,1
468438,468439,468443,4,1
468438,468439,468444,5,1
468438,468438,468443,5,0
468438,468438,468443,5,0
468438,468438,468443,5,0
468438,468439,468443,4,1
468438,468439,468443,4,1
468438,468439,468444,5,1
468438,468438,468443,5,0
468438,468438,468443,5,0
468438,468438,468443,5,0
468438,468439,468443,4,1
468438,468439,468443,4,1
468438,468439,468443,4,1
468438,468439,468444,5,1
468438,468439,468444,5,1
468438,468439,468444,5,1
468438,468439,468444,5,1
468438,468439,468444,5,1
468438,468439,468444,5,1
468438,468439,468444,5,1
468438,468439,468444,5,1
468438,468439,468444,5,1
468438,468439,468444,5,1
468438,468439,468444,5,1
468438,468439,468444,5,1
468438,468439,468444,5,1
468438,468439,468444,5,1
468438,468439,468444,5,1
468438,468439,468444,5,1
468438,468439,468444,5,1
468438,468439,468444,5,1
468438,468439,468445,6,1
468438,468444,468448,4,6
468438,468444,468448,4,6
468438,468444,468448,4,6
468438,468444,468448,4,6
468438,468444,468448,4,6
468438,468444,468448,4,6
468438,468444,468448,4,6
468438,468444,468448,4,6
468438,468444,468448,4,6
468438,468444,468448,4,6
468438,468444,468448,4,6
468438,468444,468448,4,6
468438,468444,468448,4,6
468438,468444,468448,4,6
468438,468444,468448,4,6
468438,468444,468448,4,6
468438,468444,468448,4,6
468438,468444,468448,4,6
468438,468444,468448,4,6
468438,468444,468448,4,6
468438,468444,468448,4,6
468438,468444,468448,4,6
468438,468444,468448,4,6
468438,468444,468448,4,6
468438,468444,468448,4,6
468438,468444,468448,4,6
468438,468444,468448,4,6
468438,468444,468448,4,6
468438,468444,468448,4,6
468438,468444,468448,4,6
468438,468444,468448,4,6
468438,468444,468448,4,6
468438,468444,468448,4,6
468438,468444,468448,4,6
468438,468444,468448,4,6
468438,468444,468448,4,6
468438,468444,468448,4,6
468438,468444,468449,5,6
468438,468444,468448,4,6
468438,468444,468449,5,6
468438,468444,468449,5,6
468438,468444,468448,4,6
468438,468444,468448,4,6
468438,468444,468448,4,6
468438,468445,468448,3,7
468438,468445,468449,4,7
468438,468444,468448,4,6
468438,468444,468448,4,6
468438,468444,468448,4,6
468438,468444,468448,4,6
468438,468445,468449,4,7
468438,468445,468449,4,7
468438,468445,468448,3,7
468438,468444,468448,4,6
468438,468444,468448,4,6
468438,468444,468448,4,6
468438,468445,468448,3,7
468438,468444,468450,6,6
468438,468444,468449,5,6
468438,468444,468450,6,6
468438,468444,468450,6,6
468438,468444,468449,5,6
468438,468444,468449,5,6
468438,468445,468449,4,7
468438,468445,468449,4,7
468438,468445,468450,5,7
468438,468445,468449,4,7
468438,468445,468449,4,7
468438,468444,468449,5,6
468438,468445,468449,4,7
468438,468448,468450,2,10
468438,468445,468449,4,7
468438,468445,468450,5,7
468438,468445,468450,5,7
468438,468445,468450,5,7
468438,468445,468449,4,7
468438,468445,468450,5,7
468438,468444,468449,5,6
468438,468444,468449,5,6
468438,468444,468449,5,6
468438,468445,468450,5,7
468438,468448,468450,2,10
468438,468448,468451,3,10
468438,468448,468451,3,10
468438,468448,468451,3,10
468438,468448,468451,3,10
468438,468448,468451,3,10
468438,468448,468451,3,10
468438,468448,468451,3,10
468438,468448,468451,3,10
468438,468448,468451,3,10
468438,468448,468451,3,10
468438,468448,468451,3,10
468438,468448,468451,3,10
468438,468448,468451,3,10
468438,468448,468451,3,10
468438,468448,468451,3,10
468438,468448,468451,3,10
468438,468448,468451,3,10
468438,468448,468451,3,10
468438,468448,468451,3,10
468438,468448,468451,3,10
468438,468448,468451,3,10
468438,468448,468451,3,10
468438,468448,468451,3,10
468438,468449,468451,2,11
468438,468449,468452,3,11
468438,468449,468452,3,11
468438,468449,468452,3,11
468438,468449,468452,3,11
468438,468449,468452,3,11
468438,468449,468452,3,11
468438,468448,468451,3,10
468438,468448,468452,4,10
468438,468448,468452,4,10
468438,468449,468452,3,11
468438,468449,468452,3,11
468438,468448,468451,3,10
468438,468448,468451,3,10
468438,468448,468451,3,10
468456,468456,468460,4,0
468456,468456,468460,4,0
468456,468456,468460,4,0
468456,468456,468460,4,0
468456,468456,468460,4,0
468456,468456,468460,4,0
468456,468456,468460,4,0
468456,468456,468460,4,0
468456,468456,468460,4,0
468456,468456,468460,4,0
468456,468456,468460,4,0
468456,468456,468460,4,0
468456,468456,468460,4,0
468456,468456,468460,4,0
468456,468456,468460,4,0
468456,468456,468460,4,0
468456,468456,468460,4,0
468456,468456,468460,4,0
468456,468456,468460,4,0
468456,468456,468460,4,0
468456,468456,468460,4,0
468456,468456,468460,4,0
468456,468456,468461,5,0
468456,468456,468460,4,0
468456,468456,468460,4,0
468456,468456,468461,5,0
468456,468456,468461,5,0
468456,468456,468461,5,0
468456,468456,468461,5,0
468456,468456,468461,5,0
468456,468456,468460,4,0
468456,468456,468461,5,0
468456,468456,468461,5,0
468456,468456,468460,4,0
468456,468456,468460,4,0
468456,468456,468460,4,0
468456,468456,468460,4,0
468456,468456,468461,5,0
468456,468456,468461,5,0
468456,468456,468460,4,0
468456,468456,468460,4,0
468456,468456,468461,5,0
468456,468456,468461,5,0
468456,468456,468460,4,0
468456,468456,468460,4,0
468456,468456,468461,5,0
468456,468456,468460,4,0
468456,468456,468460,4,0
468456,468456,468460,4,0
468456,468456,468461,5,0
468456,468456,468460,4,0
468456,468456,468460,4,0
468456,468456,468460,4,0
468456,468456,468461,5,0
468456,468456,468460,4,0
468456,468456,468461,5,0
468456,468456,468461,5,0
468456,468456,468462,6,0
468456,468456,468462,6,0
468456,468456,468462,6,0
468456,468456,468462,6,0
468456,468456,468463,7,0
468456,468456,468462,6,0
468456,468456,468462,6,0
468456,468456,468462,6,0
468456,468456,468462,6,0
468456,468456,468462,6,0
468456,468456,468462,6,0
468456,468456,468462,6,0
468456,468456,468462,6,0
468456,468456,468462,6,0
468456,468456,468463,7,0
468456,468456,468463,7,0
468456,468456,468463,7,0
468456,468460,468463,3,4
468456,468456,468463,7,0
468456,468456,468463,7,0
468456,468456,468463,7,0
468456,468456,468463,7,0
468456,468456,468463,7,0
468456,468460,468464,4,4
468456,468460,468464,4,4
468456,468456,468463,7,0
468456,468460,468463,3,4
468456,468460,468464,4,4
468456,468461,468464,3,5
468456,468460,468464,4,4
468456,468460,468464,4,4
468456,468460,468464,4,4
468456,468460,468464,4,4
468456,468460,468464,4,4
468456,468462,468465,3,6
468456,468460,468464,4,4
468456,468460,468464,4,4
468456,468460,468464,4,4
468456,468460,468464,4,4
468456,468460,468464,4,4
468456,468462,468465,3,6
468456,468460,468464,4,4
468456,468460,468464,4,4
468456,468460,468465,5,4
468456,468462,468465,3,6
468456,468462,468465,3,6
468456,468460,468465,5,4
468456,468460,468465,5,4
468456,468460,468465,5,4
468456,468460,468465,5,4
468456,468461,468465,4,5
468456,468461,468466,5,5
468456,468461,468465,4,5
468456,468461,468465,4,5
468456,468461,468465,4,5
468456,468461,468465,4,5
468456,468461,468465,4,5
468456,468463,468465,2,7
468456,468463,468466,3,7
468456,468462,468465,3,6
468456,468462,468465,3,6
468456,468462,468465,3,6
468456,468463,468466,3,7
468456,468462,468465,3,6
468456,468462,468466,4,6
468456,468462,468466,4,6
468456,468462,468465,3,6
468456,468462,468465,3,6
468456,468462,468465,3,6
468456,468462,468465,3,6
468456,468463,468466,3,7
468456,468462,468465,3,6
468456,468462,468465,3,6
468456,468462,468465,3,6
468456,468462,468465,3,6
468456,468462,468466,4,6
468456,468462,468465,3,6
468456,468463,468465,2,7
468456,468463,468466,3,7
468456,468462,468465,3,6
468456,468462,468465,3,6
468456,468462,468466,4,6
468456,468462,468466,4,6
468456,468462,468465,3,6
468456,468462,468466,4,6
468456,468462,468465,3,6
468456,468463,468465,2,7
468456,468463,468466,3,7
468456,468465,468467,2,9
468456,468465,468467,2,9
468456,468463,468467,4,7
468456,468463,468467,4,7
468456,468463,468466,3,7
468456,468465,468467,2,9
468456,468465,468467,2,9
468456,468463,468466,3,7
468456,468463,468467,4,7
468456,468463,468466,3,7
468456,468463,468466,3,7
468456,468464,468467,3,8
468456,468464,468467,3,8
468456,468463,468466,3,7
468456,468464,468467,3,8
468456,468464,468467,3,8
468456,468464,468467,3,8
468456,468463,468467,4,7
468456,468463,468467,4,7
468456,468463,468467,4,7
468456,468464,468467,3,8
468456,468464,468467,3,8
468456,468464,468467,3,8
468456,468465,468467,2,9
468456,468465,468467,2,9
468456,468466,468468,2,10
468456,468465,468467,2,9
468456,468465,468467,2,9
468456,468465,468467,2,9
468456,468465,468467,2,9
468456,468465,468467,2,9
468456,468465,468467,2,9
468456,468465,468467,2,9
468456,468464,468467,3,8
468456,468465,468468,3,9
468456,468465,468467,2,9
468456,468465,468467,2,9
468456,468465,468467,2,9
468456,468465,468468,3,9
468456,468465,468468,3,9
468456,468466,468468,2,10
468456,468466,468468,2,10
468456,468466,468468,2,10
468456,468466,468468,2,10
468456,468466,468469,3,10
468456,468466,468468,2,10
468456,468466,468469,3,10
468456,468466,468469,3,10
468456,468466,468468,2,10
468456,468466,468468,2,10
468456,468466,468468,2,10
468456,468466,468468,2,10
468456,468465,468468,3,9
468456,468465,468468,3,9
468456,468465,468468,3,9
468473,468473,468477,4,0
468473,468473,468477,4,0
468473,468473,468477,4,0
468473,468473,468477,4,0
468473,468473,468477,4,0
468473,468473,468477,4,0
468473,468473,468478,5,0
468473,468473,468477,4,0
468473,468473,468477,4,0
468473,468473,468477,4,0
468473,468473,468478,5,0
468473,468473,468477,4,0
468473,468473,468477,4,0
468473,468473,468477,4,0
468473,468473,468477,4,0
468473,468473,468477,4,0
468473,468473,468477,4,0
468473,468473,468477,4,0
468473,468473,468477,4,0
468473,468473,468478,5,0
468473,468473,468477,4,0
468473,468473,468477,4,0
468473,468473,468477,4,0
468473,468473,468477,4,0
468473,468473,468477,4,0
468473,468473,468477,4,0
468473,468473,468478,5,0
468473,468473,468477,4,0
468473,468473,468477,4,0
468473,468473,468477,4,0
468473,468473,468477,4,0
468473,468473,468477,4,0
468473,468473,468477,4,0
468473,468473,468477,4,0
468473,468473,468477,4,0
468473,468473,468477,4,0
468473,468473,468477,4,0
468473,468473,468477,4,0
468473,468473,468477,4,0
468473,468473,468477,4,0
468473,468473,468477,4,0
468473,468473,468477,4,0
468473,468473,468477,4,0
468473,468473,468477,4,0
468473,468473,468477,4,0
468473,468473,468478,5,0
468473,468473,468478,5,0
468473,468473,468477,4,0
468473,468473,468477,4,0
468473,468473,468477,4,0
468473,468473,468477,4,0
468473,468473,468478,5,0
468473,468473,468478,5,0
468473,468473,468478,5,0
468473,468473,468478,5,0
468473,468473,468479,6,0
468473,468473,468479,6,0
468473,468473,468479,6,0
468473,468473,468478,5,0
468473,468473,468479,6,0
468473,468473,468479,6,0
468473,468473,468479,6,0
468473,468473,468478,5,0
468473,468473,468478,5,0
468473,468473,468478,5,0
468473,468473,468478,5,0
468473,468473,468478,5,0
468473,468473,468478,5,0
468473,468473,468478,5,0
468473,468473,468478,5,0
468473,468473,468478,5,0
468473,468473,468479,6,0
468473,468473,468478,5,0
468473,468473,468478,5,0
468473,468473,468478,5,0
468473,468473,468478,5,0
468473,468473,468478,5,0
468473,468473,468478,5,0
468473,468473,468479,6,0
468473,468473,468479,6,0
468473,468478,468480,2,5
468473,468478,468480,2,5
468473,468478,468482,4,5
468473,468478,468482,4,5
468473,468478,468482,4,5
468473,468479,468483,4,6
468473,468478,468482,4,5
468473,468478,468483,5,5
468473,468478,468483,5,5
468473,468478,468483,5,5
468473,468478,468483,5,5
468473,468478,468483,5,5
468473,468478,468483,5,5
468473,468478,468483,5,5
468473,468478,468483,5,5
468473,468478,468483,5,5
468473,468478,468483,5,5
468473,468478,468483,5,5
468473,468478,468483,5,5
468473,468478,468483,5,5
468473,468478,468483,5,5
468473,468478,468483,5,5
468473,468478,468483,5,5
468473,468478,468483,5,5
468473,468479,468483,4,6
468473,468478,468483,5,5
468473,468478,468483,5,5
468473,468478,468483,5,5
468473,468478,468483,5,5
468473,468478,468483,5,5
468473,468478,468483,5,5
468473,468478,468483,5,5
468473,468478,468483,5,5
468473,468478,468483,5,5
468473,468478,468483,5,5
468473,468479,468483,4,6
468473,468479,468483,4,6
468473,468478,468483,5,5
468473,468478,468483,5,5
468473,468478,468482,4,5
468473,468478,468483,5,5
468473,468479,468483,4,6
468473,468479,468483,4,6
468473,468478,468483,5,5
468473,468478,468483,5,5
468473,468479,468483,4,6
468473,468479,468483,4,6
468473,468479,468483,4,6
468473,468479,468483,4,6
468473,468479,468483,4,6
468473,468478,468483,5,5
468473,468478,468483,5,5
468473,468478,468483,5,5
468473,468478,468483,5,5
468473,468478,468483,5,5
468473,468479,468483,4,6
468473,468479,468483,4,6
468473,468479,468483,4,6
468473,468479,468484,5,6
468473,468479,468483,4,6
468473,468479,468484,5,6
468473,468478,468483,5,5
468473,468478,468483,5,5
468473,468478,468483,5,5
468473,468479,468483,4,6
468473,468479,468483,4,6
468473,468479,468483,4,6
468473,468478,468483,5,5
468473,468478,468483,5,5
468473,468478,468483,5,5
468473,468479,468483,4,6
468473,468479,468483,4,6
468473,468480,468484,4,7
468473,468480,468484,4,7
468473,468482,468484,2,9
468473,468479,468484,5,6
468473,468482,468485,3,9
468473,468479,468484,5,6
468473,468479,468484,5,6
468473,468482,468484,2,9
468473,468479,468484,5,6
468473,468479,468484,5,6
468473,468481,468484,3,8
468473,468479,468484,5,6
468473,468483,468484,1,10
468473,468482,468484,2,9
468473,468484,468486,2,11
468473,468484,468486,2,11
468473,468484,468487,3,11
468473,468484,468486,2,11
468473,468484,468486,2,11
468473,468484,468486,2,11
468473,468484,468486,2,11
468473,468484,468486,2,11
468473,468484,468487,3,11
468473,468484,468486,2,11
468473,468484,468486,2,11
468473,468484,468487,3,11
468473,468484,468486,2,11
468473,468484,468486,2,11
468473,468484,468487,3,11
468473,468484,468487,3,11
468473,468484,468486,2,11
468473,468484,468487,3,11
468473,468484,468487,3,11
468473,468484,468487,3,11
468473,468484,468486,2,11
468473,468484,468487,3,11
468473,468484,468487,3,11
468473,468484,468486,2,11
468473,468484,468487,3,11
468473,468484,468487,3,11
468473,468484,468487,3,11
468473,468484,468487,3,11
468473,468484,468487,3,11
468473,468484,468487,3,11
468473,468484,468487,3,11
468473,468484,468487,3,11
468473,468484,468487,3,11
468473,468484,468487,3,11
468491,468492,468497,5,1
468491,468492,468497,5,1
468491,468492,468497,5,1
468491,468492,468497,5,1
468491,468492,468497,5,1
468491,468492,468497,5,1
468491,468492,468497,5,1
468491,468492,468497,5,1
468491,468492,468497,5,1
468491,468492,468497,5,1
468491,468492,468497,5,1
468491,468492,468497,5,1
468491,468492,468497,5,1
468491,468492,468497,5,1
468491,468492,468497,5,1
468491,468492,468497,5,1
468491,468492,468497,5,1
468491,468492,468497,5,1
468491,468492,468497,5,1
468491,468492,468497,5,1
468491,468492,468497,5,1
468491,468492,468497,5,1
468491,468492,468498,6,1
468491,468492,468497,5,1
468491,468492,468497,5,1
468491,468492,468497,5,1
468491,468492,468497,5,1
468491,468492,468497,5,1
468491,468492,468498,6,1
468491,468492,468497,5,1
468491,468492,468497,5,1
468491,468492,468497,5,1
468491,468492,468497,5,1
468491,468492,468497,5,1
468491,468492,468497,5,1
468491,468492,468497,5,1
468491,468492,468497,5,1
468491,468492,468497,5,1
468491,468492,468497,5,1
468491,468492,468497,5,1
468491,468492,468497,5,1
468491,468492,468497,5,1
468491,468492,468497,5,1
468491,468492,468497,5,1
468491,468492,468497,5,1
468491,468492,468497,5,1
468491,468492,468497,5,1
468491,468492,468497,5,1
468491,468492,468497,5,1
468491,468492,468498,6,1
468491,468492,468498,6,1
468491,468492,468497,5,1
468491,468492,468497,5,1
468491,468492,468498,6,1
468491,468492,468497,5,1
468491,468492,468497,5,1
468491,468492,468497,5,1
468491,468492,468497,5,1
468491,468492,468497,5,1
468491,468492,468497,5,1
468491,468492,468497,5,1
468491,468492,468497,5,1
468491,468492,468497,5,1
468491,468492,468497,5,1
468491,468492,468497,5,1
468491,468492,468497,5,1
468491,468492,468497,5,1
468491,468492,468498,6,1
468491,468492,468497,5,1
468491,468492,468497,5,1
468491,468492,468497,5,1
468491,468492,468497,5,1
468491,468492,468497,5,1
468491,468492,468498,6,1
468491,468492,468498,6,1
468491,468492,468498,6,1
468491,468492,468498,6,1
468491,468492,468498,6,1
468491,468492,468498,6,1
468491,468492,468498,6,1
468491,468497,468499,2,6
468491,468497,468499,2,6
468491,468497,468499,2,6
468491,468497,468499,2,6
468491,468497,468499,2,6
468491,468498,468502,4,7
468491,468498,468503,5,7
468491,468498,468502,4,7
468491,468498,468502,4,7
468491,468498,468502,4,7
468491,468498,468503,5,7
468491,468498,468502,4,7
468491,468498,468503,5,7
468491,468498,468502,4,7
468491,468498,468503,5,7
468491,468498,468502,4,7
468491,468498,468502,4,7
468491,468498,468502,4,7
468491,468498,468502,4,7
468491,468498,468503,5,7
468491,468498,468503,5,7
468491,468498,468503,5,7
468491,468498,468503,5,7
468491,468498,468503,5,7
468491,468498,468503,5,7
468491,468498,468503,5,7
468491,468498,468503,5,7
468491,468498,468503,5,7
468491,468498,468503,5,7
468491,468498,468503,5,7
468491,468498,468502,4,7
468491,468498,468502,4,7
468491,468498,468502,4,7
468491,468498,468502,4,7
468491,468498,468503,5,7
468491,468498,468503,5,7
468491,468498,468503,5,7
468491,468498,468503,5,7
468491,468498,468503,5,7
468491,468498,468503,5,7
468491,468498,468503,5,7
468491,468498,468503,5,7
468491,468498,468502,4,7
468491,468498,468503,5,7
468491,468498,468503,5,7
468491,468498,468502,4,7
468491,468498,468502,4,7
468491,468498,468502,4,7
468491,468498,468502,4,7
468491,468499,468503,4,8
468491,468498,468503,5,7
468491,468498,468503,5,7
468491,468498,468503,5,7
468491,468498,468503,5,7
468491,468498,468503,5,7
468491,468499,468503,4,8
468491,468498,468502,4,7
468491,468498,468502,4,7
468491,468498,468503,5,7
468491,468498,468502,4,7
468491,468498,468502,4,7
468491,468498,468503,5,7
468491,468498,468502,4,7
468491,468499,468503,4,8
468491,468498,468503,5,7
468491,468498,468503,5,7
468491,468498,468503,5,7
468491,468498,468503,5,7
468491,468500,468504,4,9
468491,468499,468504,5,8
468491,468499,468504,5,8
468491,468499,468503,4,8
468491,468499,468503,4,8
468491,468502,468504,2,11
468491,468498,468503,5,7
468491,468498,468503,5,7
468491,468498,468504,6,7
468491,468498,468504,6,7
468491,468499,468504,5,8
468491,468498,468503,5,7
468491,468498,468504,6,7
468491,468499,468504,5,8
468491,468498,468503,5,7
468491,468498,468503,5,7
468491,468500,468504,4,9
468491,468500,468504,4,9
468491,468503,468504,1,12
468491,468503,468506,3,12
468491,468503,468506,3,12
468491,468503,468506,3,12
468491,468503,468506,3,12
468491,468503,468506,3,12
468491,468503,468506,3,12
468491,468503,468506,3,12
468491,468503,468506,3,12
468491,468503,468506,3,12
468491,468503,468506,3,12
468491,468503,468506,3,12
468491,468503,468506,3,12
468491,468503,468506,3,12
468491,468503,468506,3,12
468491,468503,468506,3,12
468491,468503,468507,4,12
468491,468503,468506,3,12
468491,468503,468507,4,12
468491,468503,468507,4,12
468491,468503,468507,4,12
468491,468503,468507,4,12
468491,468503,468507,4,12
468491,468503,468507,4,12
468491,468503,468507,4,12
468491,468503,468507,4,12
468491,468503,468506,3,12
468491,468503,468506,3,12
468491,468503,468507,4,12
468491,468503,468507,4,12
468491,468503,468507,4,12
468491,468503,468507,4,12
468491,468503,468507,4,12
468491,468503,468507,4,12
468511,468511,468515,4,0
468511,468511,468516,5,0
468511,468511,468516,5,0
468511,468511,468516,5,0
468511,468511,468516,5,0
468511,468511,468516,5,0
468511,468511,468516,5,0
468511,468511,468516,5,0
468511,468511,468516,5,0
468511,468511,468516,5,0
468511,468511,468516,5,0
468511,468511,468516,5,0
468511,468511,468516,5,0
468511,468512,468516,4,1
468511,468511,468516,5,0
468511,468511,468516,5,0
468511,468511,468516,5,0
468511,468511,468516,5,0
468511,468511,468516,5,0
468511,468511,468516,5,0
468511,468512,468516,4,1
468511,468511,468516,5,0
468511,468511,468516,5,0
468511,468511,468516,5,0
468511,468511,468516,5,0
468511,468511,468516,5,0
468511,468511,468516,5,0
468511,468511,468516,5,0
468511,468511,468516,5,0
468511,468511,468516,5,0
468511,468511,468516,5,0
468511,468511,468516,5,0
468511,468511,468516,5,0
468511,468511,468516,5,0
468511,468511,468516,5,0
468511,468511,468516,5,0
468511,468511,468516,5,0
468511,468511,468516,5,0
468511,468512,468516,4,1
468511,468512,468516,4,1
468511,468511,468516,5,0
468511,468511,468516,5,0
468511,468511,468516,5,0
468511,468511,468516,5,0
468511,468511,468516,5,0
468511,468511,468516,5,0
468511,468511,468516,5,0
468511,468511,468516,5,0
468511,468511,468516,5,0
468511,468511,468516,5,0
468511,468511,468516,5,0
468511,468512,468516,4,1
468511,468511,468516,5,0
468511,468511,468516,5,0
468511,468511,468516,5,0
468511,468511,468516,5,0
468511,468511,468516,5,0
468511,468511,468516,5,0
468511,468511,468516,5,0
468511,468511,468516,5,0
468511,468511,468516,5,0
468511,468511,468516,5,0
468511,468511,468517,6,0
468511,468511,468516,5,0
468511,468511,468517,6,0
468511,468511,468517,6,0
468511,468511,468517,6,0
468511,468511,468517,6,0
468511,468512,468517,5,1
468511,468512,468517,5,1
468511,468511,468517,6,0
468511,468511,468517,6,0
468511,468512,468517,5,1
468511,468512,468517,5,1
468511,468512,468517,5,1
468511,468512,468517,5,1
468511,468511,468517,6,0
468511,468511,468517,6,0
468511,468512,468517,5,1
468511,468512,468517,5,1
468511,468516,468517,1,5
468511,468517,468521,4,6
468511,468517,468521,4,6
468511,468517,468520,3,6
468511,468517,468522,5,6
468511,468517,468522,5,6
468511,468517,468521,4,6
468511,468517,468521,4,6
468511,468517,468522,5,6
468511,468517,468522,5,6
468511,468517,468522,5,6
468511,468517,468522,5,6
468511,468517,468522,5,6
468511,468517,468522,5,6
468511,468517,468521,4,6
468511,468517,468522,5,6
468511,468517,468522,5,6
468511,468517,468522,5,6
468511,468517,468522,5,6
468511,468517,468521,4,6
468511,468517,468522,5,6
468511,468517,468522,5,6
468511,468517,468522,5,6
468511,468517,468522,5,6
468511,468517,468522,5,6
468511,468517,468522,5,6
468511,468517,468522,5,6
468511,468517,468522,5,6
468511,468517,468521,4,6
468511,468517,468521,4,6
468511,468517,468522,5,6
468511,468517,468522,5,6
468511,468518,468522,4,7
468511,468517,468521,4,6
468511,468517,468522,5,6
468511,468517,468521,4,6
468511,468517,468522,5,6
468511,468517,468522,5,6
468511,468517,468522,5,6
468511,468517,468522,5,6
468511,468517,468522,5,6
468511,468517,468522,5,6
468511,468517,468522,5,6
468511,468517,468522,5,6
468511,468517,468522,5,6
468511,468517,468522,5,6
468511,468517,468522,5,6
468511,468517,468522,5,6
468511,468517,468522,5,6
468511,468517,468521,4,6
468511,468517,468522,5,6
468511,468517,468522,5,6
468511,468517,468522,5,6
468511,468518,468522,4,7
468511,468517,468522,5,6
468511,468517,468522,5,6
468511,468517,468521,4,6
468511,468517,468522,5,6
468511,468518,468521,3,7
468511,468518,468521,3,7
468511,468518,468522,4,7
468511,468518,468522,4,7
468511,468518,468522,4,7
468511,468521,468523,2,10
468511,468517,468522,5,6
468511,468517,468523,6,6
468511,468517,468523,6,6
468511,468517,468522,5,6
468511,468517,468523,6,6
468511,468517,468522,5,6
468511,468518,468523,5,7
468511,468521,468523,2,10
468511,468517,468522,5,6
468511,468518,468523,5,7
468511,468518,468523,5,7
468511,468518,468523,5,7
468511,468517,468522,5,6
468511,468518,468522,4,7
468511,468518,468522,4,7
468511,468518,468522,4,7
468511,468518,468522,4,7
468511,468518,468523,5,7
468511,468522,468524,2,11
468511,468518,468523,5,7
468511,468521,468523,2,10
468511,468522,468524,2,11
468511,468522,468524,2,11
468511,468522,468524,2,11
468511,468522,468525,3,11
468511,468522,468524,2,11
468511,468522,468525,3,11
468511,468522,468525,3,11
468511,468522,468525,3,11
468511,468522,468524,2,11
468511,468522,468525,3,11
468511,468522,468525,3,11
468511,468522,468525,3,11
468511,468522,468525,3,11
468511,468522,468525,3,11
468511,468522,468525,3,11
468511,468522,468525,3,11
468511,468522,468525,3,11
468511,468522,468525,3,11
468511,468522,468525,3,11
468511,468522,468525,3,11
468511,468522,468525,3,11
468511,468522,468525,3,11
468511,468522,468525,3,11
468511,468522,468525,3,11
468511,468522,468525,3,11
468511,468522,468525,3,11
468511,468522,468525,3,11
468511,468522,468525,3,11
468511,468522,468525,3,11
468511,468522,468525,3,11
468511,468522,468526,4,11
468511,468522,468526,4,11
468511,468522,468526,4,11
468511,468522,468526,4,11
468511,468522,468526,4,11
395919,395919,469249,73330,0
470644,470644,470649,5,0
470644,470644,470650,6,0
470644,470644,470650,6,0
470644,470644,470650,6,0
470644,470644,470650,6,0
470644,470644,470650,6,0
470644,470644,470650,6,0
470644,470644,470650,6,0
470644,470644,470650,6,0
470644,470644,470650,6,0
470644,470644,470650,6,0
470644,470644,470650,6,0
470644,470644,470650,6,0
470644,470644,470650,6,0
470644,470644,470649,5,0
470644,470644,470650,6,0
470644,470644,470650,6,0
470644,470644,470650,6,0
470644,470644,470650,6,0
470644,470644,470650,6,0
470644,470644,470650,6,0
470644,470644,470650,6,0
470644,470644,470650,6,0
470644,470644,470650,6,0
470644,470644,470650,6,0
470644,470644,470650,6,0
470644,470644,470650,6,0
470644,470644,470650,6,0
470644,470644,470650,6,0
470644,470644,470650,6,0
470644,470644,470650,6,0
470644,470644,470650,6,0
470644,470644,470650,6,0
470644,470644,470650,6,0
470644,470644,470650,6,0
470644,470644,470650,6,0
470644,470644,470650,6,0
470644,470644,470650,6,0
470644,470644,470650,6,0
470644,470644,470650,6,0
470644,470644,470650,6,0
470644,470644,470650,6,0
470644,470644,470650,6,0
470644,470644,470650,6,0
470644,470644,470650,6,0
470644,470644,470650,6,0
470644,470644,470650,6,0
470644,470644,470650,6,0
470644,470644,470650,6,0
470644,470644,470650,6,0
470644,470644,470650,6,0
470644,470644,470650,6,0
470644,470644,470650,6,0
470644,470644,470650,6,0
470644,470644,470650,6,0
470644,470644,470650,6,0
470644,470644,470650,6,0
470644,470644,470650,6,0
470644,470644,470650,6,0
470644,470644,470650,6,0
470644,470644,470650,6,0
470644,470644,470650,6,0
470644,470644,470650,6,0
470644,470644,470650,6,0
470644,470644,470650,6,0
470644,470644,470650,6,0
470644,470644,470650,6,0
470644,470644,470650,6,0
470644,470644,470650,6,0
470644,470644,470650,6,0
470644,470644,470651,7,0
470644,470644,470651,7,0
470644,470644,470651,7,0
470644,470644,470651,7,0
470644,470644,470651,7,0
470644,470644,470651,7,0
470644,470644,470651,7,0
470644,470644,470651,7,0
470644,470644,470651,7,0
470644,470644,470651,7,0
470644,470651,470655,4,7
470644,470651,470656,5,7
470644,470651,470656,5,7
470644,470651,470656,5,7
470644,470651,470656,5,7
470644,470651,470656,5,7
470644,470651,470656,5,7
470644,470651,470656,5,7
470644,470651,470656,5,7
470644,470651,470656,5,7
470644,470651,470656,5,7
470644,470651,470655,4,7
470644,470651,470656,5,7
470644,470651,470656,5,7
470644,470651,470656,5,7
470644,470651,470656,5,7
470644,470651,470656,5,7
470644,470651,470656,5,7
470644,470651,470656,5,7
470644,470651,470656,5,7
470644,470651,470656,5,7
470644,470651,470655,4,7
470644,470651,470656,5,7
470644,470651,470656,5,7
470644,470651,470656,5,7
470644,470651,470656,5,7
470644,470651,470656,5,7
470644,470651,470656,5,7
470644,470651,470656,5,7
470644,470651,470656,5,7
470644,470651,470656,5,7
470644,470651,470656,5,7
470644,470651,470656,5,7
470644,470651,470656,5,7
470644,470651,470656,5,7
470644,470651,470656,5,7
470644,470651,470656,5,7
470644,470651,470656,5,7
470644,470651,470656,5,7
470644,470651,470656,5,7
470644,470651,470656,5,7
470644,470651,470656,5,7
470644,470651,470656,5,7
470644,470651,470656,5,7
470644,470651,470656,5,7
470644,470651,470656,5,7
470644,470651,470656,5,7
470644,470651,470656,5,7
470644,470651,470656,5,7
470644,470651,470657,6,7
470644,470651,470657,6,7
470644,470651,470656,5,7
470644,470651,470657,6,7
470644,470651,470657,6,7
470644,470651,470656,5,7
470644,470651,470657,6,7
470644,470651,470657,6,7
470644,470651,470656,5,7
470644,470651,470656,5,7
470644,470651,470657,6,7
470644,470651,470657,6,7
470644,470651,470656,5,7
470644,470651,470656,5,7
470644,470651,470657,6,7
470644,470651,470656,5,7
470644,470651,470657,6,7
470644,470651,470656,5,7
470644,470651,470657,6,7
470644,470652,470657,5,8
470644,470651,470657,6,7
470644,470651,470656,5,7
470644,470651,470656,5,7
470644,470651,470656,5,7
470644,470651,470656,5,7
470644,470651,470656,5,7
470644,470651,470656,5,7
470644,470651,470656,5,7
470644,470651,470656,5,7
470644,470651,470657,6,7
470644,470655,470658,3,11
470644,470656,470659,3,12
470644,470656,470659,3,12
470644,470656,470659,3,12
470644,470656,470659,3,12
470644,470656,470659,3,12
470644,470656,470659,3,12
470644,470656,470659,3,12
470644,470656,470659,3,12
470644,470656,470659,3,12
470644,470656,470659,3,12
470644,470656,470659,3,12
470644,470656,470659,3,12
470644,470656,470659,3,12
470644,470656,470659,3,12
470644,470656,470659,3,12
470644,470656,470659,3,12
470644,470652,470658,6,8
470644,470656,470659,3,12
470644,470656,470659,3,12
470644,470656,470660,4,12
470644,470656,470660,4,12
470644,470656,470660,4,12
470644,470656,470659,3,12
470644,470656,470660,4,12
470644,470656,470660,4,12
470644,470656,470660,4,12
470644,470656,470659,3,12
470644,470656,470660,4,12
470644,470656,470660,4,12
470644,470656,470659,3,12
470644,470656,470660,4,12
470644,470656,470660,4,12
470644,470656,470660,4,12
470644,470656,470660,4,12
470644,470656,470660,4,12
470644,470656,470660,4,12
470644,470656,470660,4,12
470644,470656,470660,4,12
470644,470656,470660,4,12
470644,470656,470660,4,12
470664,470665,470669,4,1
470664,470665,470669,4,1
470664,470665,470669,4,1
470664,470665,470669,4,1
470664,470665,470669,4,1
470664,470665,470669,4,1
470664,470665,470669,4,1
470664,470665,470669,4,1
470664,470665,470669,4,1
470664,470665,470669,4,1
470664,470665,470669,4,1
470664,470665,470669,4,1
470664,470665,470669,4,1
470664,470665,470670,5,1
470664,470665,470669,4,1
470664,470665,470669,4,1
470664,470665,470669,4,1
470664,470665,470669,4,1
470664,470665,470669,4,1
470664,470665,470669,4,1
470664,470665,470669,4,1
470664,470665,470669,4,1
470664,470665,470669,4,1
470664,470665,470669,4,1
470664,470665,470670,5,1
470664,470665,470669,4,1
470664,470665,470669,4,1
470664,470665,470669,4,1
470664,470665,470669,4,1
470664,470665,470669,4,1
470664,470665,470669,4,1
470664,470665,470670,5,1
470664,470665,470669,4,1
470664,470665,470669,4,1
470664,470665,470669,4,1
470664,470665,470669,4,1
470664,470665,470669,4,1
470664,470665,470669,4,1
470664,470665,470669,4,1
470664,470665,470669,4,1
470664,470665,470669,4,1
470664,470665,470669,4,1
470664,470665,470669,4,1
470664,470665,470669,4,1
470664,470665,470669,4,1
470664,470665,470669,4,1
470664,470665,470669,4,1
470664,470665,470669,4,1
470664,470665,470669,4,1
470664,470665,470669,4,1
470664,470665,470669,4,1
470664,470665,470669,4,1
470664,470665,470669,4,1
470664,470665,470669,4,1
470664,470665,470669,4,1
470664,470665,470670,5,1
470664,470665,470670,5,1
470664,470665,470670,5,1
470664,470665,470670,5,1
470664,470665,470670,5,1
470664,470665,470670,5,1
470664,470665,470670,5,1
470664,470665,470671,6,1
470664,470665,470670,5,1
470664,470665,470670,5,1
470664,470665,470670,5,1
470664,470665,470670,5,1
470664,470665,470670,5,1
470664,470665,470671,6,1
470664,470665,470670,5,1
470664,470665,470670,5,1
470664,470665,470670,5,1
470664,470665,470670,5,1
470664,470665,470670,5,1
470664,470665,470670,5,1
470664,470665,470670,5,1
470664,470665,470670,5,1
470664,470665,470670,5,1
470664,470665,470670,5,1
470664,470665,470670,5,1
470664,470670,470673,3,6
470664,470670,470675,5,6
470664,470670,470675,5,6
470664,470670,470676,6,6
470664,470670,470676,6,6
470664,470670,470676,6,6
470664,470670,470676,6,6
470664,470670,470676,6,6
470664,470671,470676,5,7
470664,470670,470675,5,6
470664,470670,470675,5,6
470664,470670,470676,6,6
470664,470670,470675,5,6
470664,470670,470675,5,6
470664,470670,470676,6,6
470664,470670,470676,6,6
470664,470670,470675,5,6
470664,470670,470676,6,6
470664,470670,470676,6,6
470664,470670,470676,6,6
470664,470671,470676,5,7
470664,470670,470676,6,6
470664,470670,470675,5,6
470664,470670,470676,6,6
470664,470670,470676,6,6
470664,470670,470676,6,6
470664,470670,470676,6,6
470664,470670,470676,6,6
470664,470670,470675,5,6
470664,470670,470676,6,6
470664,470670,470676,6,6
470664,470670,470676,6,6
470664,470671,470676,5,7
470664,470671,470676,5,7
470664,470671,470676,5,7
470664,470670,470676,6,6
470664,470670,470676,6,6
470664,470670,470676,6,6
470664,470670,470676,6,6
470664,470670,470675,5,6
470664,470670,470676,6,6
470664,470670,470676,6,6
470664,470670,470676,6,6
470664,470670,470675,5,6
470664,470670,470675,5,6
470664,470670,470675,5,6
470664,470670,470676,6,6
470664,470670,470676,6,6
470664,470670,470675,5,6
470664,470670,470676,6,6
470664,470670,470675,5,6
470664,470670,470676,6,6
470664,470670,470676,6,6
470664,470670,470676,6,6
470664,470670,470676,6,6
470664,470671,470675,4,7
470664,470671,470676,5,7
470664,470671,470676,5,7
470664,470671,470676,5,7
470664,470670,470676,6,6
470664,470670,470675,5,6
470664,470670,470676,6,6
470664,470670,470676,6,6
470664,470670,470676,6,6
470664,470670,470676,6,6
470664,470670,470676,6,6
470664,470670,470676,6,6
470664,470671,470676,5,7
470664,470671,470677,6,7
470664,470671,470676,5,7
470664,470674,470677,3,10
470664,470671,470677,6,7
470664,470671,470677,6,7
470664,470671,470676,5,7
470664,470671,470676,5,7
470664,470675,470677,2,11
470664,470671,470676,5,7
470664,470671,470677,6,7
470664,470671,470676,5,7
470664,470671,470676,5,7
470664,470671,470676,5,7
470664,470671,470676,5,7
470664,470676,470679,3,12
470664,470676,470679,3,12
470664,470676,470679,3,12
470664,470676,470679,3,12
470664,470676,470679,3,12
470664,470676,470679,3,12
470664,470676,470679,3,12
470664,470676,470679,3,12
470664,470676,470679,3,12
470664,470677,470679,2,13
470664,470676,470679,3,12
470664,470676,470679,3,12
470664,470676,470679,3,12
470664,470676,470679,3,12
470664,470676,470679,3,12
470664,470676,470679,3,12
470664,470676,470680,4,12
470664,470676,470680,4,12
470664,470677,470680,3,13
470664,470676,470680,4,12
470664,470676,470680,4,12
470664,470676,470680,4,12
470664,470677,470680,3,13
470664,470677,470680,3,13
470664,470676,470680,4,12
470664,470677,470680,3,13
470664,470677,470680,3,13
470664,470676,470680,4,12
470664,470677,470680,3,13
470664,470677,470680,3,13
470664,470677,470680,3,13
470664,470677,470680,3,13
470664,470676,470680,4,12
470664,470677,470680,3,13
470664,470677,470680,3,13
470664,470676,470680,4,12
470664,470677,470680,3,13
470664,470677,470680,3,13
470685,470685,470689,4,0
470685,470685,470690,5,0
470685,470685,470690,5,0
470685,470685,470690,5,0
470685,470685,470690,5,0
470685,470685,470690,5,0
470685,470685,470690,5,0
470685,470685,470690,5,0
470685,470685,470690,5,0
470685,470685,470690,5,0
470685,470685,470690,5,0
470685,470685,470690,5,0
470685,470685,470690,5,0
470685,470685,470690,5,0
470685,470685,470690,5,0
470685,470685,470690,5,0
470685,470685,470690,5,0
470685,470685,470690,5,0
470685,470685,470690,5,0
470685,470685,470690,5,0
470685,470685,470690,5,0
470685,470685,470690,5,0
470685,470685,470690,5,0
470685,470685,470690,5,0
470685,470685,470690,5,0
470685,470685,470690,5,0
470685,470685,470690,5,0
470685,470685,470690,5,0
470685,470685,470690,5,0
470685,470685,470690,5,0
470685,470685,470690,5,0
470685,470685,470690,5,0
470685,470685,470690,5,0
470685,470685,470690,5,0
470685,470685,470690,5,0
470685,470685,470690,5,0
470685,470685,470690,5,0
470685,470685,470690,5,0
470685,470685,470690,5,0
470685,470685,470690,5,0
470685,470685,470690,5,0
470685,470685,470690,5,0
470685,470685,470690,5,0
470685,470685,470690,5,0
470685,470685,470690,5,0
470685,470685,470690,5,0
470685,470685,470690,5,0
470685,470685,470690,5,0
470685,470685,470690,5,0
470685,470685,470690,5,0
470685,470685,470690,5,0
470685,470685,470690,5,0
470685,470685,470690,5,0
470685,470685,470691,6,0
470685,470685,470690,5,0
470685,470685,470690,5,0
470685,470685,470690,5,0
470685,470685,470690,5,0
470685,470685,470690,5,0
470685,470685,470690,5,0
470685,470685,470690,5,0
470685,470685,470690,5,0
470685,470685,470691,6,0
470685,470685,470690,5,0
470685,470685,470690,5,0
470685,470685,470691,6,0
470685,470685,470691,6,0
470685,470685,470690,5,0
470685,470685,470690,5,0
470685,470685,470691,6,0
470685,470685,470691,6,0
470685,470685,470691,6,0
470685,470685,470691,6,0
470685,470685,470691,6,0
470685,470685,470691,6,0
470685,470685,470691,6,0
470685,470685,470691,6,0
470685,470685,470691,6,0
470685,470685,470691,6,0
470685,470685,470691,6,0
470685,470689,470692,3,4
470685,470691,470695,4,6
470685,470691,470696,5,6
470685,470691,470695,4,6
470685,470691,470696,5,6
470685,470691,470696,5,6
470685,470691,470696,5,6
470685,470691,470696,5,6
470685,470691,470696,5,6
470685,470691,470696,5,6
470685,470691,470696,5,6
470685,470691,470695,4,6
470685,470691,470696,5,6
470685,470691,470696,5,6
470685,470691,470696,5,6
470685,470691,470696,5,6
470685,470691,470696,5,6
470685,470691,470696,5,6
470685,470691,470696,5,6
470685,470691,470696,5,6
470685,470691,470696,5,6
470685,470691,470696,5,6
470685,470691,470696,5,6
470685,470691,470696,5,6
470685,470691,470696,5,6
470685,470691,470696,5,6
470685,470691,470696,5,6
470685,470691,470696,5,6
470685,470691,470696,5,6
470685,470691,470696,5,6
470685,470691,470696,5,6
470685,470691,470696,5,6
470685,470691,470696,5,6
470685,470691,470696,5,6
470685,470691,470696,5,6
470685,470691,470696,5,6
470685,470691,470696,5,6
470685,470691,470696,5,6
470685,470691,470696,5,6
470685,470691,470696,5,6
470685,470691,470696,5,6
470685,470691,470696,5,6
470685,470691,470696,5,6
470685,470691,470696,5,6
470685,470691,470696,5,6
470685,470691,470696,5,6
470685,470691,470696,5,6
470685,470691,470696,5,6
470685,470691,470696,5,6
470685,470691,470696,5,6
470685,470691,470696,5,6
470685,470691,470696,5,6
470685,470691,470696,5,6
470685,470691,470696,5,6
470685,470691,470696,5,6
470685,470691,470696,5,6
470685,470691,470696,5,6
470685,470691,470696,5,6
470685,470691,470696,5,6
470685,470691,470696,5,6
470685,470691,470696,5,6
470685,470691,470697,6,6
470685,470691,470697,6,6
470685,470693,470697,4,8
470685,470692,470697,5,7
470685,470692,470697,5,7
470685,470692,470696,4,7
470685,470691,470696,5,6
470685,470691,470696,5,6
470685,470692,470697,5,7
470685,470691,470696,5,6
470685,470692,470697,5,7
470685,470692,470697,5,7
470685,470692,470696,4,7
470685,470692,470697,5,7
470685,470692,470697,5,7
470685,470695,470697,2,10
470685,470692,470697,5,7
470685,470691,470697,6,6
470685,470691,470696,5,6
470685,470691,470697,6,6
470685,470692,470697,5,7
470685,470696,470698,2,11
470685,470696,470698,2,11
470685,470696,470698,2,11
470685,470696,470698,2,11
470685,470696,470698,2,11
470685,470696,470698,2,11
470685,470696,470698,2,11
470685,470696,470698,2,11
470685,470696,470698,2,11
470685,470696,470698,2,11
470685,470696,470698,2,11
470685,470696,470699,3,11
470685,470696,470699,3,11
470685,470696,470699,3,11
470685,470696,470698,2,11
470685,470696,470699,3,11
470685,470696,470699,3,11
470685,470696,470699,3,11
470685,470696,470698,2,11
470685,470696,470698,2,11
470685,470696,470699,3,11
470685,470696,470699,3,11
470685,470696,470699,3,11
470685,470696,470699,3,11
470685,470696,470699,3,11
470685,470696,470699,3,11
470685,470696,470699,3,11
470685,470696,470699,3,11
470685,470696,470699,3,11
470685,470696,470699,3,11
470685,470696,470699,3,11
470685,470696,470699,3,11
470685,470696,470699,3,11
470685,470696,470699,3,11
470685,470696,470699,3,11
470685,470696,470699,3,11
470685,470696,470699,3,11
470685,470696,470699,3,11
470705,470705,470710,5,0
470705,470705,470710,5,0
470705,470705,470710,5,0
470705,470705,470710,5,0
470705,470705,470710,5,0
470705,470705,470710,5,0
470705,470705,470710,5,0
470705,470705,470710,5,0
470705,470705,470710,5,0
470705,470705,470710,5,0
470705,470705,470710,5,0
470705,470705,470710,5,0
470705,470705,470710,5,0
470705,470705,470710,5,0
470705,470705,470710,5,0
470705,470705,470710,5,0
470705,470705,470710,5,0
470705,470705,470710,5,0
470705,470705,470709,4,0
470705,470705,470710,5,0
470705,470705,470710,5,0
470705,470705,470710,5,0
470705,470705,470710,5,0
470705,470705,470710,5,0
470705,470705,470710,5,0
470705,470705,470710,5,0
470705,470705,470710,5,0
470705,470705,470710,5,0
470705,470705,470710,5,0
470705,470705,470710,5,0
470705,470705,470710,5,0
470705,470705,470710,5,0
470705,470705,470710,5,0
470705,470705,470710,5,0
470705,470705,470710,5,0
470705,470705,470710,5,0
470705,470705,470710,5,0
470705,470705,470710,5,0
470705,470705,470710,5,0
470705,470705,470709,4,0
470705,470705,470710,5,0
470705,470705,470710,5,0
470705,470705,470710,5,0
470705,470705,470710,5,0
470705,470705,470710,5,0
470705,470705,470710,5,0
470705,470705,470710,5,0
470705,470705,470710,5,0
470705,470705,470710,5,0
470705,470705,470710,5,0
470705,470705,470710,5,0
470705,470705,470710,5,0
470705,470705,470710,5,0
470705,470705,470710,5,0
470705,470705,470710,5,0
470705,470705,470710,5,0
470705,470705,470710,5,0
470705,470705,470710,5,0
470705,470705,470710,5,0
470705,470705,470710,5,0
470705,470705,470710,5,0
470705,470705,470710,5,0
470705,470705,470710,5,0
470705,470705,470710,5,0
470705,470705,470710,5,0
470705,470705,470710,5,0
470705,470705,470710,5,0
470705,470705,470710,5,0
470705,470705,470710,5,0
470705,470705,470710,5,0
470705,470705,470710,5,0
470705,470705,470711,6,0
470705,470705,470710,5,0
470705,470705,470711,6,0
470705,470705,470711,6,0
470705,470705,470711,6,0
470705,470705,470711,6,0
470705,470705,470711,6,0
470705,470705,470711,6,0
470705,470705,470711,6,0
470705,470711,470716,5,6
470705,470711,470716,5,6
470705,470711,470716,5,6
470705,470711,470716,5,6
470705,470710,470716,6,5
470705,470711,470716,5,6
470705,470711,470716,5,6
470705,470711,470716,5,6
470705,470711,470716,5,6
470705,470711,470716,5,6
470705,470711,470716,5,6
470705,470711,470716,5,6
470705,470711,470716,5,6
470705,470711,470716,5,6
470705,470711,470716,5,6
470705,470711,470716,5,6
470705,470711,470716,5,6
470705,470711,470716,5,6
470705,470711,470716,5,6
470705,470711,470716,5,6
470705,470711,470716,5,6
470705,470711,470716,5,6
470705,470711,470716,5,6
470705,470711,470716,5,6
470705,470711,470716,5,6
470705,470711,470716,5,6
470705,470711,470716,5,6
470705,470711,470716,5,6
470705,470711,470716,5,6
470705,470711,470716,5,6
470705,470711,470716,5,6
470705,470711,470716,5,6
470705,470711,470716,5,6
470705,470711,470716,5,6
470705,470711,470716,5,6
470705,470711,470716,5,6
470705,470711,470716,5,6
470705,470712,470716,4,7
470705,470711,470716,5,6
470705,470711,470716,5,6
470705,470711,470716,5,6
470705,470711,470716,5,6
470705,470711,470716,5,6
470705,470711,470717,6,6
470705,470711,470716,5,6
470705,470711,470717,6,6
470705,470711,470716,5,6
470705,470711,470716,5,6
470705,470711,470716,5,6
470705,470711,470716,5,6
470705,470711,470717,6,6
470705,470711,470717,6,6
470705,470711,470717,6,6
470705,470711,470717,6,6
470705,470711,470716,5,6
470705,470711,470716,5,6
470705,470711,470716,5,6
470705,470711,470717,6,6
470705,470711,470717,6,6
470705,470711,470717,6,6
470705,470712,470717,5,7
470705,470711,470716,5,6
470705,470711,470716,5,6
470705,470711,470716,5,6
470705,470711,470717,6,6
470705,470711,470716,5,6
470705,470711,470717,6,6
470705,470712,470717,5,7
470705,470711,470716,5,6
470705,470711,470717,6,6
470705,470712,470717,5,7
470705,470711,470716,5,6
470705,470711,470716,5,6
470705,470712,470717,5,7
470705,470711,470717,6,6
470705,470711,470717,6,6
470705,470711,470717,6,6
470705,470711,470717,6,6
470705,470712,470717,5,7
470705,470712,470717,5,7
470705,470716,470718,2,11
470705,470716,470718,2,11
470705,470716,470718,2,11
470705,470716,470718,2,11
470705,470716,470718,2,11
470705,470716,470718,2,11
470705,470716,470719,3,11
470705,470716,470719,3,11
470705,470716,470719,3,11
470705,470716,470719,3,11
470705,470716,470718,2,11
470705,470716,470719,3,11
470705,470716,470719,3,11
470705,470716,470719,3,11
470705,470716,470719,3,11
470705,470716,470719,3,11
470705,470716,470719,3,11
470705,470716,470719,3,11
470705,470716,470719,3,11
470705,470716,470719,3,11
470705,470717,470719,2,12
470705,470717,470720,3,12
470705,470717,470720,3,12
470705,470717,470719,2,12
470705,470717,470719,2,12
470705,470717,470719,2,12
470705,470717,470719,2,12
470705,470717,470719,2,12
470705,470717,470720,3,12
470705,470717,470720,3,12
470705,470717,470719,2,12
470705,470717,470720,3,12
470705,470717,470720,3,12
470705,470717,470720,3,12
470705,470717,470720,3,12
470705,470717,470720,3,12
470705,470717,470720,3,12
470705,470717,470720,3,12
470705,470717,470719,2,12
470705,470717,470719,2,12
470725,470725,470730,5,0
470725,470725,470730,5,0
470725,470725,470730,5,0
470725,470725,470730,5,0
470725,470725,470730,5,0
470725,470725,470730,5,0
470725,470725,470730,5,0
470725,470725,470730,5,0
470725,470725,470730,5,0
470725,470725,470730,5,0
470725,470725,470730,5,0
470725,470725,470730,5,0
470725,470725,470730,5,0
470725,470725,470729,4,0
470725,470725,470730,5,0
470725,470725,470730,5,0
470725,470725,470730,5,0
470725,470725,470730,5,0
470725,470725,470730,5,0
470725,470725,470730,5,0
470725,470725,470730,5,0
470725,470725,470730,5,0
470725,470725,470730,5,0
470725,470725,470730,5,0
470725,470725,470730,5,0
470725,470725,470730,5,0
470725,470725,470730,5,0
470725,470725,470730,5,0
470725,470725,470730,5,0
470725,470725,470730,5,0
470725,470725,470730,5,0
470725,470725,470730,5,0
470725,470725,470730,5,0
470725,470725,470730,5,0
470725,470725,470730,5,0
470725,470725,470730,5,0
470725,470725,470730,5,0
470725,470725,470730,5,0
470725,470725,470730,5,0
470725,470725,470730,5,0
470725,470725,470730,5,0
470725,470725,470730,5,0
470725,470725,470730,5,0
470725,470725,470730,5,0
470725,470725,470730,5,0
470725,470725,470730,5,0
470725,470725,470730,5,0
470725,470725,470730,5,0
470725,470725,470730,5,0
470725,470725,470730,5,0
470725,470725,470730,5,0
470725,470725,470730,5,0
470725,470725,470730,5,0
470725,470725,470730,5,0
470725,470725,470730,5,0
470725,470725,470730,5,0
470725,470725,470730,5,0
470725,470725,470730,5,0
470725,470725,470730,5,0
470725,470725,470730,5,0
470725,470725,470730,5,0
470725,470725,470730,5,0
470725,470725,470730,5,0
470725,470725,470731,6,0
470725,470725,470730,5,0
470725,470725,470730,5,0
470725,470725,470731,6,0
470725,470725,470730,5,0
470725,470725,470731,6,0
470725,470725,470731,6,0
470725,470725,470731,6,0
470725,470725,470731,6,0
470725,470725,470731,6,0
470725,470725,470731,6,0
470725,470725,470731,6,0
470725,470725,470731,6,0
470725,470725,470730,5,0
470725,470725,470730,5,0
470725,470725,470730,5,0
470725,470725,470731,6,0
470725,470730,470733,3,5
470725,470730,470735,5,5
470725,470730,470735,5,5
470725,470730,470735,5,5
470725,470730,470735,5,5
470725,470730,470735,5,5
470725,470730,470735,5,5
470725,470730,470735,5,5
470725,470730,470735,5,5
470725,470730,470735,5,5
470725,470730,470735,5,5
470725,470730,470735,5,5
470725,470730,470735,5,5
470725,470730,470735,5,5
470725,470730,470735,5,5
470725,470730,470735,5,5
470725,470730,470735,5,5
470725,470730,470736,6,5
470725,470730,470735,5,5
470725,470730,470735,5,5
470725,470730,470735,5,5
470725,470730,470735,5,5
470725,470730,470735,5,5
470725,470730,470735,5,5
470725,470730,470735,5,5
470725,470730,470735,5,5
470725,470730,470735,5,5
470725,470730,470735,5,5
470725,470730,470735,5,5
470725,470730,470735,5,5
470725,470730,470735,5,5
470725,470730,470735,5,5
470725,470730,470735,5,5
470725,470730,470735,5,5
470725,470730,470735,5,5
470725,470730,470735,5,5
470725,470730,470735,5,5
470725,470730,470735,5,5
470725,470730,470735,5,5
470725,470730,470735,5,5
470725,470730,470735,5,5
470725,470730,470735,5,5
470725,470730,470735,5,5
470725,470730,470735,5,5
470725,470730,470735,5,5
470725,470730,470736,6,5
470725,470730,470735,5,5
470725,470730,470736,6,5
470725,470730,470735,5,5
470725,470730,470735,5,5
470725,470730,470735,5,5
470725,470730,470735,5,5
470725,470732,470736,4,7
470725,470730,470736,6,5
470725,470730,470735,5,5
470725,470730,470735,5,5
470725,470730,470735,5,5
470725,470730,470735,5,5
470725,470732,470736,4,7
470725,470730,470736,6,5
470725,470730,470736,6,5
470725,470730,470736,6,5
470725,470731,470736,5,6
470725,470731,470736,5,6
470725,470730,470736,6,5
470725,470732,470736,4,7
470725,470732,470736,4,7
470725,470732,470736,4,7
470725,470732,470737,5,7
470725,470734,470737,3,9
470725,470732,470736,4,7
470725,470732,470736,4,7
470725,470732,470737,5,7
470725,470732,470737,5,7
470725,470732,470736,4,7
470725,470732,470736,4,7
470725,470732,470736,4,7
470725,470732,470737,5,7
470725,470732,470736,4,7
470725,470732,470736,4,7
470725,470732,470737,5,7
470725,470736,470738,2,11
470725,470736,470738,2,11
470725,470736,470738,2,11
470725,470736,470738,2,11
470725,470736,470738,2,11
470725,470736,470739,3,11
470725,470736,470738,2,11
470725,470736,470739,3,11
470725,470736,470738,2,11
470725,470736,470739,3,11
470725,470736,470739,3,11
470725,470736,470739,3,11
470725,470736,470739,3,11
470725,470736,470738,2,11
470725,470736,470739,3,11
470725,470736,470738,2,11
470725,470736,470739,3,11
470725,470736,470739,3,11
470725,470736,470739,3,11
470725,470736,470739,3,11
470725,470736,470738,2,11
470725,470736,470739,3,11
470725,470736,470739,3,11
470725,470736,470739,3,11
470725,470736,470739,3,11
470725,470736,470739,3,11
470725,470736,470739,3,11
470725,470736,470739,3,11
470725,470736,470739,3,11
470725,470736,470739,3,11
470725,470736,470739,3,11
470725,470736,470739,3,11
470725,470736,470739,3,11
470725,470736,470739,3,11
470725,470736,470739,3,11
470725,470736,470739,3,11
470725,470736,470740,4,11
470725,470736,470739,3,11
470725,470736,470739,3,11
472133,472133,472138,5,0
472133,472133,472138,5,0
472133,472133,472138,5,0
472133,472133,472138,5,0
472133,472133,472138,5,0
472133,472133,472138,5,0
472133,472133,472138,5,0
472133,472133,472138,5,0
472133,472133,472138,5,0
472133,472133,472138,5,0
472133,472133,472138,5,0
472133,472133,472138,5,0
472133,472133,472138,5,0
472133,472133,472138,5,0
472133,472133,472138,5,0
472133,472133,472138,5,0
472133,472133,472138,5,0
472133,472133,472138,5,0
472133,472133,472138,5,0
472133,472133,472138,5,0
472133,472133,472138,5,0
472133,472133,472138,5,0
472133,472133,472138,5,0
472133,472133,472138,5,0
472133,472133,472138,5,0
472133,472133,472138,5,0
472133,472133,472138,5,0
472133,472133,472138,5,0
472133,472133,472138,5,0
472133,472133,472138,5,0
472133,472133,472138,5,0
472133,472133,472138,5,0
472133,472133,472138,5,0
472133,472133,472138,5,0
472133,472133,472138,5,0
472133,472133,472138,5,0
472133,472133,472138,5,0
472133,472133,472138,5,0
472133,472133,472138,5,0
472133,472133,472138,5,0
472133,472133,472138,5,0
472133,472133,472138,5,0
472133,472133,472138,5,0
472133,472133,472138,5,0
472133,472133,472138,5,0
472133,472133,472138,5,0
472133,472133,472138,5,0
472133,472133,472138,5,0
472133,472133,472138,5,0
472133,472133,472138,5,0
472133,472133,472138,5,0
472133,472133,472138,5,0
472133,472133,472138,5,0
472133,472133,472138,5,0
472133,472134,472138,4,1
472133,472133,472138,5,0
472133,472133,472138,5,0
472133,472133,472138,5,0
472133,472134,472138,4,1
472133,472133,472138,5,0
472133,472133,472139,6,0
472133,472133,472139,6,0
472133,472133,472139,6,0
472133,472133,472139,6,0
472133,472133,472139,6,0
472133,472133,472139,6,0
472133,472133,472139,6,0
472133,472133,472139,6,0
472133,472133,472139,6,0
472133,472133,472140,7,0
472133,472133,472139,6,0
472133,472133,472139,6,0
472133,472133,472139,6,0
472133,472133,472140,7,0
472133,472133,472139,6,0
472133,472133,472139,6,0
472133,472133,472139,6,0
472133,472133,472139,6,0
472133,472133,472139,6,0
472133,472133,472139,6,0
472133,472138,472142,4,5
472133,472139,472142,3,6
472133,472139,472143,4,6
472133,472139,472143,4,6
472133,472139,472143,4,6
472133,472139,472143,4,6
472133,472139,472143,4,6
472133,472139,472144,5,6
472133,472139,472143,4,6
472133,472139,472143,4,6
472133,472139,472143,4,6
472133,472139,472143,4,6
472133,472139,472143,4,6
472133,472139,472144,5,6
472133,472139,472143,4,6
472133,472139,472143,4,6
472133,472139,472143,4,6
472133,472139,472143,4,6
472133,472139,472143,4,6
472133,472139,472143,4,6
472133,472139,472143,4,6
472133,472139,472144,5,6
472133,472139,472144,5,6
472133,472139,472144,5,6
472133,472139,472143,4,6
472133,472139,472143,4,6
472133,472139,472143,4,6
472133,472139,472143,4,6
472133,472139,472143,4,6
472133,472139,472143,4,6
472133,472139,472143,4,6
472133,472139,472143,4,6
472133,472139,472143,4,6
472133,472139,472143,4,6
472133,472140,472143,3,7
472133,472139,472143,4,6
472133,472139,472143,4,6
472133,472139,472143,4,6
472133,472140,472144,4,7
472133,472139,472143,4,6
472133,472139,472143,4,6
472133,472139,472143,4,6
472133,472139,472143,4,6
472133,472139,472143,4,6
472133,472139,472143,4,6
472133,472139,472143,4,6
472133,472139,472143,4,6
472133,472140,472144,4,7
472133,472139,472143,4,6
472133,472139,472143,4,6
472133,472139,472143,4,6
472133,472139,472143,4,6
472133,472139,472143,4,6
472133,472139,472143,4,6
472133,472139,472143,4,6
472133,472139,472143,4,6
472133,472139,472143,4,6
472133,472139,472144,5,6
472133,472139,472143,4,6
472133,472139,472143,4,6
472133,472139,472144,5,6
472133,472140,472144,4,7
472133,472140,472144,4,7
472133,472140,472145,5,7
472133,472140,472145,5,7
472133,472140,472145,5,7
472133,472140,472145,5,7
472133,472140,472144,4,7
472133,472140,472144,4,7
472133,472140,472145,5,7
472133,472140,472145,5,7
472133,472140,472144,4,7
472133,472140,472144,4,7
472133,472142,472145,3,9
472133,472140,472144,4,7
472133,472140,472144,4,7
472133,472140,472144,4,7
472133,472140,472145,5,7
472133,472140,472144,4,7
472133,472140,472144,4,7
472133,472143,472145,2,10
472133,472139,472144,5,6
472133,472144,472146,2,11
472133,472144,472146,2,11
472133,472144,472146,2,11
472133,472144,472146,2,11
472133,472144,472146,2,11
472133,472144,472147,3,11
472133,472144,472146,2,11
472133,472144,472147,3,11
472133,472144,472146,2,11
472133,472144,472147,3,11
472133,472144,472147,3,11
472133,472144,472147,3,11
472133,472144,472147,3,11
472133,472144,472146,2,11
472133,472144,472146,2,11
472133,472144,472146,2,11
472133,472144,472147,3,11
472133,472144,472147,3,11
472133,472144,472147,3,11
472133,472144,472147,3,11
472133,472144,472147,3,11
472133,472144,472147,3,11
472133,472144,472148,4,11
472133,472144,472147,3,11
472133,472144,472148,4,11
472133,472144,472147,3,11
472133,472144,472148,4,11
472133,472144,472148,4,11
472133,472144,472147,3,11
472133,472144,472148,4,11
472133,472144,472148,4,11
472133,472144,472147,3,11
472133,472144,472147,3,11
472133,472144,472148,4,11
472133,472144,472147,3,11
472133,472144,472148,4,11
472133,472144,472147,3,11
472133,472144,472147,3,11
472152,472152,472157,5,0
472152,472152,472157,5,0
472152,472152,472157,5,0
472152,472152,472158,6,0
472152,472152,472158,6,0
472152,472152,472158,6,0
472152,472152,472157,5,0
472152,472152,472157,5,0
472152,472152,472157,5,0
472152,472152,472157,5,0
472152,472152,472157,5,0
472152,472152,472157,5,0
472152,472152,472157,5,0
472152,472152,472157,5,0
472152,472152,472157,5,0
472152,472152,472158,6,0
472152,472152,472157,5,0
472152,472152,472157,5,0
472152,472152,472157,5,0
472152,472152,472157,5,0
472152,472152,472157,5,0
472152,472152,472157,5,0
472152,472152,472157,5,0
472152,472152,472158,6,0
472152,472152,472157,5,0
472152,472152,472157,5,0
472152,472152,472157,5,0
472152,472152,472157,5,0
472152,472152,472157,5,0
472152,472152,472157,5,0
472152,472152,472158,6,0
472152,472152,472158,6,0
472152,472152,472157,5,0
472152,472152,472157,5,0
472152,472152,472157,5,0
472152,472152,472157,5,0
472152,472152,472157,5,0
472152,472152,472157,5,0
472152,472152,472157,5,0
472152,472152,472158,6,0
472152,472152,472157,5,0
472152,472152,472157,5,0
472152,472152,472157,5,0
472152,472152,472157,5,0
472152,472152,472157,5,0
472152,472152,472158,6,0
472152,472152,472157,5,0
472152,472152,472158,6,0
472152,472152,472157,5,0
472152,472152,472157,5,0
472152,472152,472157,5,0
472152,472152,472157,5,0
472152,472152,472158,6,0
472152,472152,472158,6,0
472152,472152,472158,6,0
472152,472152,472158,6,0
472152,472152,472157,5,0
472152,472152,472157,5,0
472152,472152,472157,5,0
472152,472152,472157,5,0
472152,472152,472157,5,0
472152,472152,472158,6,0
472152,472152,472158,6,0
472152,472152,472157,5,0
472152,472152,472157,5,0
472152,472152,472157,5,0
472152,472152,472157,5,0
472152,472152,472157,5,0
472152,472152,472157,5,0
472152,472152,472157,5,0
472152,472152,472158,6,0
472152,472152,472157,5,0
472152,472152,472157,5,0
472152,472152,472157,5,0
472152,472152,472157,5,0
472152,472152,472157,5,0
472152,472152,472157,5,0
472152,472152,472158,6,0
472152,472157,472159,2,5
472152,472157,472159,2,5
472152,472152,472158,6,0
472152,472152,472158,6,0
472152,472158,472163,5,6
472152,472158,472163,5,6
472152,472158,472163,5,6
472152,472158,472163,5,6
472152,472158,472163,5,6
472152,472158,472163,5,6
472152,472159,472163,4,7
472152,472158,472163,5,6
472152,472158,472163,5,6
472152,472158,472163,5,6
472152,472158,472163,5,6
472152,472158,472163,5,6
472152,472158,472163,5,6
472152,472159,472163,4,7
472152,472158,472163,5,6
472152,472158,472163,5,6
472152,472158,472163,5,6
472152,472158,472163,5,6
472152,472158,472163,5,6
472152,472158,472163,5,6
472152,472158,472163,5,6
472152,472158,472163,5,6
472152,472158,472163,5,6
472152,472158,472163,5,6
472152,472158,472163,5,6
472152,472158,472163,5,6
472152,472158,472163,5,6
472152,472158,472163,5,6
472152,472159,472163,4,7
472152,472158,472163,5,6
472152,472158,472163,5,6
472152,472158,472163,5,6
472152,472158,472163,5,6
472152,472159,472163,4,7
472152,472159,472163,4,7
472152,472158,472163,5,6
472152,472158,472163,5,6
472152,472158,472163,5,6
472152,472158,472163,5,6
472152,472158,472163,5,6
472152,472159,472163,4,7
472152,472158,472163,5,6
472152,472158,472163,5,6
472152,472158,472163,5,6
472152,472158,472163,5,6
472152,472158,472163,5,6
472152,472158,472163,5,6
472152,472158,472163,5,6
472152,472158,472163,5,6
472152,472158,472163,5,6
472152,472158,472163,5,6
472152,472159,472163,4,7
472152,472158,472163,5,6
472152,472158,472163,5,6
472152,472159,472163,4,7
472152,472159,472163,4,7
472152,472159,472163,4,7
472152,472159,472164,5,7
472152,472160,472164,4,8
472152,472159,472164,5,7
472152,472159,472164,5,7
472152,472158,472164,6,6
472152,472159,472164,5,7
472152,472159,472164,5,7
472152,472159,472164,5,7
472152,472160,472164,4,8
472152,472160,472164,4,8
472152,472163,472165,2,11
472152,472159,472164,5,7
472152,472160,472164,4,8
472152,472159,472164,5,7
472152,472159,472164,5,7
472152,472159,472164,5,7
472152,472159,472164,5,7
472152,472159,472164,5,7
472152,472159,472164,5,7
472152,472159,472164,5,7
472152,472159,472164,5,7
472152,472159,472164,5,7
472152,472159,472164,5,7
472152,472159,472164,5,7
472152,472164,472167,3,12
472152,472164,472166,2,12
472152,472164,472167,3,12
472152,472164,472167,3,12
472152,472164,472167,3,12
472152,472164,472166,2,12
472152,472164,472167,3,12
472152,472164,472167,3,12
472152,472164,472167,3,12
472152,472164,472166,2,12
472152,472164,472167,3,12
472152,472164,472167,3,12
472152,472164,472166,2,12
472152,472164,472167,3,12
472152,472164,472166,2,12
472152,472164,472166,2,12
472152,472164,472166,2,12
472152,472164,472167,3,12
472152,472164,472167,3,12
472152,472164,472168,4,12
472152,472164,472168,4,12
472152,472164,472168,4,12
472152,472164,472167,3,12
472152,472164,472167,3,12
472152,472164,472167,3,12
472152,472164,472167,3,12
472152,472164,472168,4,12
472152,472164,472167,3,12
472152,472164,472167,3,12
472152,472164,472167,3,12
472152,472164,472167,3,12
472152,472164,472168,4,12
472152,472164,472167,3,12
472152,472164,472167,3,12
472152,472164,472167,3,12
472152,472164,472167,3,12
472152,472164,472167,3,12
472172,472172,472177,5,0
472172,472172,472177,5,0
472172,472172,472177,5,0
472172,472172,472177,5,0
472172,472172,472177,5,0
472172,472172,472177,5,0
472172,472172,472177,5,0
472172,472172,472177,5,0
472172,472172,472177,5,0
472172,472172,472177,5,0
472172,472172,472177,5,0
472172,472172,472177,5,0
472172,472172,472177,5,0
472172,472172,472177,5,0
472172,472172,472177,5,0
472172,472172,472177,5,0
472172,472172,472177,5,0
472172,472172,472177,5,0
472172,472172,472177,5,0
472172,472172,472177,5,0
472172,472172,472177,5,0
472172,472172,472177,5,0
472172,472172,472177,5,0
472172,472172,472177,5,0
472172,472172,472177,5,0
472172,472172,472177,5,0
472172,472172,472177,5,0
472172,472172,472177,5,0
472172,472172,472177,5,0
472172,472172,472177,5,0
472172,472172,472177,5,0
472172,472172,472177,5,0
472172,472172,472177,5,0
472172,472172,472177,5,0
472172,472172,472177,5,0
472172,472172,472177,5,0
472172,472172,472177,5,0
472172,472172,472177,5,0
472172,472172,472177,5,0
472172,472172,472177,5,0
472172,472172,472177,5,0
472172,472172,472177,5,0
472172,472172,472177,5,0
472172,472172,472177,5,0
472172,472172,472177,5,0
472172,472172,472177,5,0
472172,472172,472177,5,0
472172,472172,472177,5,0
472172,472172,472177,5,0
472172,472172,472177,5,0
472172,472172,472177,5,0
472172,472172,472177,5,0
472172,472172,472177,5,0
472172,472172,472177,5,0
472172,472172,472177,5,0
472172,472172,472178,6,0
472172,472172,472178,6,0
472172,472172,472178,6,0
472172,472172,472178,6,0
472172,472172,472178,6,0
472172,472172,472178,6,0
472172,472172,472177,5,0
472172,472172,472177,5,0
472172,472172,472178,6,0
472172,472172,472178,6,0
472172,472172,472178,6,0
472172,472172,472178,6,0
472172,472172,472178,6,0
472172,472172,472177,5,0
472172,472172,472178,6,0
472172,472172,472178,6,0
472172,472172,472178,6,0
472172,472172,472178,6,0
472172,472172,472178,6,0
472172,472172,472178,6,0
472172,472172,472178,6,0
472172,472172,472178,6,0
472172,472172,472178,6,0
472172,472172,472178,6,0
472172,472172,472178,6,0
472172,472177,472181,4,5
472172,472177,472181,4,5
472172,472177,472182,5,5
472172,472177,472182,5,5
472172,472177,472181,4,5
472172,472177,472182,5,5
472172,472177,472182,5,5
472172,472177,472182,5,5
472172,472178,472182,4,6
472172,472179,472183,4,7
472172,472177,472182,5,5
472172,472177,472182,5,5
472172,472177,472182,5,5
472172,472177,472182,5,5
472172,472179,472183,4,7
472172,472179,472182,3,7
472172,472177,472182,5,5
472172,472177,472182,5,5
472172,472177,472182,5,5
472172,472177,472182,5,5
472172,472177,472182,5,5
472172,472177,472182,5,5
472172,472177,472182,5,5
472172,472177,472182,5,5
472172,472177,472182,5,5
472172,472177,472182,5,5
472172,472177,472182,5,5
472172,472177,472182,5,5
472172,472177,472182,5,5
472172,472177,472182,5,5
472172,472177,472182,5,5
472172,472177,472182,5,5
472172,472177,472182,5,5
472172,472179,472182,3,7
472172,472179,472182,3,7
472172,472177,472182,5,5
472172,472177,472182,5,5
472172,472177,472182,5,5
472172,472177,472182,5,5
472172,472177,472182,5,5
472172,472177,472182,5,5
472172,472179,472182,3,7
472172,472179,472183,4,7
472172,472177,472182,5,5
472172,472177,472182,5,5
472172,472177,472182,5,5
472172,472177,472182,5,5
472172,472177,472182,5,5
472172,472179,472182,3,7
472172,472179,472183,4,7
472172,472179,472182,3,7
472172,472177,472182,5,5
472172,472177,472182,5,5
472172,472177,472182,5,5
472172,472177,472182,5,5
472172,472177,472182,5,5
472172,472177,472182,5,5
472172,472177,472182,5,5
472172,472177,472182,5,5
472172,472177,472182,5,5
472172,472177,472182,5,5
472172,472177,472182,5,5
472172,472179,472183,4,7
472172,472179,472182,3,7
472172,472177,472182,5,5
472172,472177,472182,5,5
472172,472177,472182,5,5
472172,472179,472183,4,7
472172,472179,472182,3,7
472172,472179,472182,3,7
472172,472179,472183,4,7
472172,472182,472183,1,10
472172,472182,472184,2,10
472172,472182,472184,2,10
472172,472182,472183,1,10
472172,472179,472183,4,7
472172,472179,472183,4,7
472172,472179,472183,4,7
472172,472182,472183,1,10
472172,472179,472183,4,7
472172,472179,472183,4,7
472172,472179,472183,4,7
472172,472179,472183,4,7
472172,472179,472184,5,7
472172,472179,472183,4,7
472172,472183,472185,2,11
472172,472183,472186,3,11
472172,472183,472185,2,11
472172,472183,472185,2,11
472172,472183,472186,3,11
472172,472183,472185,2,11
472172,472183,472186,3,11
472172,472183,472186,3,11
472172,472183,472186,3,11
472172,472183,472186,3,11
472172,472183,472186,3,11
472172,472183,472185,2,11
472172,472183,472185,2,11
472172,472183,472186,3,11
472172,472183,472186,3,11
472172,472183,472186,3,11
472172,472183,472185,2,11
472172,472183,472186,3,11
472172,472183,472186,3,11
472172,472183,472186,3,11
472172,472183,472186,3,11
472172,472183,472186,3,11
472172,472183,472186,3,11
472172,472183,472186,3,11
472172,472183,472186,3,11
472172,472183,472186,3,11
472172,472183,472186,3,11
472172,472183,472186,3,11
472172,472183,472186,3,11
472172,472183,472187,4,11
472172,472183,472186,3,11
472172,472183,472187,4,11
472172,472183,472186,3,11
472172,472183,472186,3,11
472172,472183,472186,3,11
472191,472191,472196,5,0
472191,472191,472196,5,0
472191,472191,472196,5,0
472191,472191,472196,5,0
472191,472191,472196,5,0
472191,472191,472196,5,0
472191,472191,472196,5,0
472191,472191,472196,5,0
472191,472191,472196,5,0
472191,472191,472196,5,0
472191,472191,472196,5,0
472191,472191,472196,5,0
472191,472191,472196,5,0
472191,472191,472196,5,0
472191,472191,472196,5,0
472191,472191,472196,5,0
472191,472191,472196,5,0
472191,472191,472196,5,0
472191,472191,472196,5,0
472191,472191,472196,5,0
472191,472191,472196,5,0
472191,472191,472196,5,0
472191,472191,472196,5,0
472191,472191,472196,5,0
472191,472191,472196,5,0
472191,472191,472196,5,0
472191,472191,472196,5,0
472191,472191,472196,5,0
472191,472191,472196,5,0
472191,472191,472196,5,0
472191,472191,472196,5,0
472191,472191,472196,5,0
472191,472191,472196,5,0
472191,472191,472196,5,0
472191,472191,472196,5,0
472191,472191,472196,5,0
472191,472191,472196,5,0
472191,472191,472196,5,0
472191,472191,472196,5,0
472191,472191,472196,5,0
472191,472191,472196,5,0
472191,472191,472196,5,0
472191,472191,472196,5,0
472191,472191,472196,5,0
472191,472191,472196,5,0
472191,472191,472196,5,0
472191,472191,472196,5,0
472191,472191,472196,5,0
472191,472191,472196,5,0
472191,472191,472196,5,0
472191,472191,472196,5,0
472191,472191,472196,5,0
472191,472191,472196,5,0
472191,472191,472196,5,0
472191,472191,472196,5,0
472191,472191,472197,6,0
472191,472191,472197,6,0
472191,472191,472197,6,0
472191,472191,472197,6,0
472191,472191,472197,6,0
472191,472191,472197,6,0
472191,472191,472197,6,0
472191,472191,472197,6,0
472191,472191,472197,6,0
472191,472191,472197,6,0
472191,472191,472197,6,0
472191,472191,472196,5,0
472191,472191,472197,6,0
472191,472191,472197,6,0
472191,472191,472197,6,0
472191,472191,472197,6,0
472191,472191,472197,6,0
472191,472191,472197,6,0
472191,472191,472197,6,0
472191,472191,472197,6,0
472191,472191,472197,6,0
472191,472191,472198,7,0
472191,472191,472198,7,0
472191,472191,472198,7,0
472191,472191,472198,7,0
472191,472196,472200,4,5
472191,472196,472200,4,5
472191,472196,472200,4,5
472191,472197,472201,4,6
472191,472196,472200,4,5
472191,472197,472201,4,6
472191,472197,472201,4,6
472191,472197,472201,4,6
472191,472196,472200,4,5
472191,472197,472201,4,6
472191,472196,472201,5,5
472191,472197,472201,4,6
472191,472197,472201,4,6
472191,472197,472201,4,6
472191,472197,472201,4,6
472191,472197,472201,4,6
472191,472196,472201,5,5
472191,472196,472201,5,5
472191,472197,472201,4,6
472191,472197,472201,4,6
472191,472197,472201,4,6
472191,472197,472201,4,6
472191,472197,472201,4,6
472191,472197,472201,4,6
472191,472197,472201,4,6
472191,472198,472201,3,7
472191,472198,472202,4,7
472191,472196,472201,5,5
472191,472197,472201,4,6
472191,472197,472201,4,6
472191,472197,472201,4,6
472191,472198,472201,3,7
472191,472198,472201,3,7
472191,472198,472201,3,7
472191,472196,472201,5,5
472191,472197,472201,4,6
472191,472197,472201,4,6
472191,472197,472201,4,6
472191,472197,472201,4,6
472191,472197,472201,4,6
472191,472197,472201,4,6
472191,472197,472201,4,6
472191,472198,472202,4,7
472191,472197,472201,4,6
472191,472197,472201,4,6
472191,472197,472201,4,6
472191,472197,472201,4,6
472191,472197,472201,4,6
472191,472197,472201,4,6
472191,472197,472201,4,6
472191,472197,472201,4,6
472191,472197,472201,4,6
472191,472197,472201,4,6
472191,472197,472201,4,6
472191,472198,472202,4,7
472191,472198,472202,4,7
472191,472197,472202,5,6
472191,472198,472202,4,7
472191,472198,472203,5,7
472191,472198,472202,4,7
472191,472198,472202,4,7
472191,472197,472203,6,6
472191,472197,472203,6,6
472191,472198,472203,5,7
472191,472198,472202,4,7
472191,472198,472203,5,7
472191,472198,472202,4,7
472191,472198,472202,4,7
472191,472199,472203,4,8
472191,472201,472203,2,10
472191,472201,472203,2,10
472191,472198,472202,4,7
472191,472198,472203,5,7
472191,472198,472202,4,7
472191,472201,472203,2,10
472191,472198,472202,4,7
472191,472201,472203,2,10
472191,472198,472202,4,7
472191,472201,472203,2,10
472191,472199,472203,4,8
472191,472199,472203,4,8
472191,472199,472203,4,8
472191,472201,472203,2,10
472191,472198,472203,5,7
472191,472198,472203,5,7
472191,472198,472203,5,7
472191,472202,472204,2,11
472191,472202,472204,2,11
472191,472202,472204,2,11
472191,472201,472203,2,10
472191,472202,472204,2,11
472191,472201,472204,3,10
472191,472201,472203,2,10
472191,472201,472203,2,10
472191,472202,472204,2,11
472191,472202,472205,3,11
472191,472202,472204,2,11
472191,472202,472204,2,11
472191,472202,472204,2,11
472191,472202,472204,2,11
472191,472202,472204,2,11
472191,472202,472204,2,11
472191,472202,472204,2,11
472191,472202,472204,2,11
472191,472202,472204,2,11
472191,472202,472205,3,11
472191,472202,472205,3,11
472191,472202,472205,3,11
472191,472202,472205,3,11
472191,472202,472204,2,11
472191,472202,472204,2,11
472191,472202,472205,3,11
472191,472202,472204,2,11
472191,472202,472205,3,11
472191,472202,472205,3,11
472191,472202,472205,3,11
472191,472202,472205,3,11
472191,472202,472205,3,11
472191,472202,472204,2,11
472191,472202,472204,2,11
472209,472210,472213,3,1
472209,472210,472213,3,1
472209,472210,472213,3,1
472209,472210,472214,4,1
472209,472210,472214,4,1
472209,472210,472214,4,1
472209,472210,472214,4,1
472209,472210,472214,4,1
472209,472210,472214,4,1
472209,472210,472214,4,1
472209,472210,472214,4,1
472209,472210,472214,4,1
472209,472210,472214,4,1
472209,472210,472214,4,1
472209,472210,472214,4,1
472209,472210,472214,4,1
472209,472210,472214,4,1
472209,472210,472214,4,1
472209,472210,472214,4,1
472209,472210,472214,4,1
472209,472210,472214,4,1
472209,472210,472214,4,1
472209,472210,472214,4,1
472209,472210,472214,4,1
472209,472210,472214,4,1
472209,472210,472214,4,1
472209,472210,472214,4,1
472209,472210,472214,4,1
472209,472210,472214,4,1
472209,472210,472214,4,1
472209,472210,472214,4,1
472209,472210,472214,4,1
472209,472210,472214,4,1
472209,472210,472214,4,1
472209,472210,472214,4,1
472209,472210,472214,4,1
472209,472210,472215,5,1
472209,472210,472214,4,1
472209,472210,472214,4,1
472209,472210,472214,4,1
472209,472210,472214,4,1
472209,472210,472214,4,1
472209,472210,472215,5,1
472209,472210,472214,4,1
472209,472210,472214,4,1
472209,472210,472214,4,1
472209,472210,472214,4,1
472209,472210,472214,4,1
472209,472210,472214,4,1
472209,472210,472214,4,1
472209,472210,472214,4,1
472209,472210,472214,4,1
472209,472210,472214,4,1
472209,472210,472214,4,1
472209,472210,472215,5,1
472209,472210,472214,4,1
472209,472210,472214,4,1
472209,472210,472214,4,1
472209,472210,472214,4,1
472209,472210,472214,4,1
472209,472210,472215,5,1
472209,472210,472215,5,1
472209,472210,472215,5,1
472209,472210,472215,5,1
472209,472210,472215,5,1
472209,472210,472215,5,1
472209,472210,472215,5,1
472209,472210,472215,5,1
472209,472210,472215,5,1
472209,472210,472215,5,1
472209,472214,472215,1,5
472209,472210,472215,5,1
472209,472214,472215,1,5
472209,472210,472215,5,1
472209,472210,472215,5,1
472209,472210,472215,5,1
472209,472210,472215,5,1
472209,472210,472215,5,1
472209,472214,472215,1,5
472209,472210,472215,5,1
472209,472210,472215,5,1
472209,472210,472215,5,1
472209,472210,472215,5,1
472209,472215,472219,4,6
472209,472215,472219,4,6
472209,472215,472219,4,6
472209,472215,472220,5,6
472209,472215,472220,5,6
472209,472215,472220,5,6
472209,472215,472220,5,6
472209,472215,472220,5,6
472209,472215,472220,5,6
472209,472215,472220,5,6
472209,472215,472220,5,6
472209,472215,472220,5,6
472209,472215,472220,5,6
472209,472215,472220,5,6
472209,472215,472220,5,6
472209,472215,472220,5,6
472209,472215,472220,5,6
472209,472215,472220,5,6
472209,472215,472220,5,6
472209,472215,472220,5,6
472209,472215,472220,5,6
472209,472215,472220,5,6
472209,472215,472220,5,6
472209,472215,472220,5,6
472209,472215,472220,5,6
472209,472215,472220,5,6
472209,472215,472220,5,6
472209,472215,472220,5,6
472209,472215,472220,5,6
472209,472215,472220,5,6
472209,472215,472220,5,6
472209,472216,472220,4,7
472209,472215,472220,5,6
472209,472215,472220,5,6
472209,472215,472220,5,6
472209,472215,472220,5,6
472209,472215,472220,5,6
472209,472215,472220,5,6
472209,472216,472220,4,7
472209,472215,472220,5,6
472209,472215,472220,5,6
472209,472215,472220,5,6
472209,472215,472220,5,6
472209,472215,472220,5,6
472209,472215,472220,5,6
472209,472216,472220,4,7
472209,472215,472220,5,6
472209,472215,472220,5,6
472209,472215,472220,5,6
472209,472215,472220,5,6
472209,472215,472220,5,6
472209,472215,472220,5,6
472209,472215,472220,5,6
472209,472215,472220,5,6
472209,472215,472220,5,6
472209,472216,472220,4,7
472209,472215,472220,5,6
472209,472215,472220,5,6
472209,472215,472220,5,6
472209,472215,472220,5,6
472209,472216,472220,4,7
472209,472216,472220,4,7
472209,472216,472220,4,7
472209,472216,472220,4,7
472209,472215,472220,5,6
472209,472216,472220,4,7
472209,472216,472221,5,7
472209,472216,472221,5,7
472209,472216,472221,5,7
472209,472216,472221,5,7
472209,472216,472221,5,7
472209,472216,472221,5,7
472209,472216,472221,5,7
472209,472216,472221,5,7
472209,472216,472221,5,7
472209,472216,472221,5,7
472209,472216,472221,5,7
472209,472219,472221,2,10
472209,472216,472221,5,7
472209,472216,472221,5,7
472209,472216,472221,5,7
472209,472219,472221,2,10
472209,472219,472222,3,10
472209,472221,472223,2,12
472209,472221,472223,2,12
472209,472221,472223,2,12
472209,472220,472223,3,11
472209,472221,472223,2,12
472209,472221,472224,3,12
472209,472221,472223,2,12
472209,472221,472223,2,12
472209,472221,472223,2,12
472209,472221,472223,2,12
472209,472221,472223,2,12
472209,472221,472223,2,12
472209,472221,472224,3,12
472209,472221,472223,2,12
472209,472221,472223,2,12
472209,472221,472223,2,12
472209,472221,472223,2,12
472209,472221,472223,2,12
472209,472221,472223,2,12
472209,472221,472223,2,12
472209,472221,472224,3,12
472209,472221,472224,3,12
472209,472221,472224,3,12
472209,472221,472224,3,12
472209,472221,472224,3,12
472209,472221,472224,3,12
472209,472221,472224,3,12
472209,472221,472224,3,12
472209,472221,472224,3,12
472209,472221,472224,3,12
472209,472221,472224,3,12
472209,472221,472224,3,12
472209,472221,472224,3,12
472209,472221,472224,3,12
472768,472768,472772,4,0
472768,472768,472773,5,0
472768,472768,472773,5,0
472768,472768,472773,5,0
472768,472768,472773,5,0
472768,472768,472773,5,0
472768,472768,472773,5,0
472768,472768,472773,5,0
472768,472768,472773,5,0
472768,472768,472773,5,0
472768,472768,472773,5,0
472768,472768,472773,5,0
472768,472768,472773,5,0
472768,472768,472773,5,0
472768,472768,472773,5,0
472768,472768,472773,5,0
472768,472768,472773,5,0
472768,472768,472773,5,0
472768,472768,472773,5,0
472768,472768,472773,5,0
472768,472768,472773,5,0
472768,472768,472773,5,0
472768,472768,472773,5,0
472768,472768,472773,5,0
472768,472768,472773,5,0
472768,472768,472773,5,0
472768,472768,472773,5,0
472768,472768,472773,5,0
472768,472768,472773,5,0
472768,472768,472773,5,0
472768,472768,472773,5,0
472768,472768,472773,5,0
472768,472768,472773,5,0
472768,472768,472773,5,0
472768,472768,472773,5,0
472768,472768,472773,5,0
472768,472768,472773,5,0
472768,472768,472773,5,0
472768,472768,472773,5,0
472768,472768,472773,5,0
472768,472768,472773,5,0
472768,472768,472773,5,0
472768,472768,472773,5,0
472768,472768,472773,5,0
472768,472768,472773,5,0
472768,472768,472773,5,0
472768,472768,472773,5,0
472768,472768,472773,5,0
472768,472768,472773,5,0
472768,472768,472773,5,0
472768,472768,472773,5,0
472768,472768,472773,5,0
472768,472768,472773,5,0
472768,472768,472773,5,0
472768,472768,472773,5,0
472768,472768,472773,5,0
472768,472768,472773,5,0
472768,472768,472773,5,0
472768,472768,472773,5,0
472768,472768,472773,5,0
472768,472768,472773,5,0
472768,472768,472773,5,0
472768,472768,472773,5,0
472768,472768,472774,6,0
472768,472768,472774,6,0
472768,472768,472774,6,0
472768,472768,472774,6,0
472768,472768,472774,6,0
472768,472768,472774,6,0
472768,472768,472774,6,0
472768,472768,472774,6,0
472768,472768,472774,6,0
472768,472768,472774,6,0
472768,472768,472774,6,0
472768,472768,472774,6,0
472768,472768,472774,6,0
472768,472768,472774,6,0
472768,472768,472774,6,0
472768,472772,472774,2,4
472768,472768,472774,6,0
472768,472768,472774,6,0
472768,472774,472777,3,6
472768,472774,472778,4,6
472768,472774,472778,4,6
472768,472774,472778,4,6
472768,472774,472778,4,6
472768,472774,472778,4,6
472768,472774,472778,4,6
472768,472774,472779,5,6
472768,472774,472778,4,6
472768,472774,472778,4,6
472768,472774,472778,4,6
472768,472774,472778,4,6
472768,472774,472778,4,6
472768,472774,472778,4,6
472768,472774,472779,5,6
472768,472774,472778,4,6
472768,472774,472778,4,6
472768,472774,472778,4,6
472768,472774,472778,4,6
472768,472774,472778,4,6
472768,472774,472778,4,6
472768,472774,472778,4,6
472768,472774,472778,4,6
472768,472774,472778,4,6
472768,472774,472778,4,6
472768,472774,472778,4,6
472768,472774,472778,4,6
472768,472774,472779,5,6
472768,472774,472779,5,6
472768,472774,472778,4,6
472768,472774,472778,4,6
472768,472774,472778,4,6
472768,472774,472778,4,6
472768,472774,472778,4,6
472768,472774,472778,4,6
472768,472774,472778,4,6
472768,472774,472778,4,6
472768,472774,472778,4,6
472768,472774,472778,4,6
472768,472774,472778,4,6
472768,472774,472779,5,6
472768,472774,472778,4,6
472768,472774,472778,4,6
472768,472774,472778,4,6
472768,472774,472778,4,6
472768,472774,472778,4,6
472768,472774,472778,4,6
472768,472775,472779,4,7
472768,472774,472778,4,6
472768,472774,472778,4,6
472768,472774,472778,4,6
472768,472774,472778,4,6
472768,472774,472778,4,6
472768,472774,472778,4,6
472768,472774,472778,4,6
472768,472774,472778,4,6
472768,472774,472778,4,6
472768,472774,472778,4,6
472768,472774,472778,4,6
472768,472774,472778,4,6
472768,472775,472779,4,7
472768,472774,472778,4,6
472768,472774,472778,4,6
472768,472774,472778,4,6
472768,472774,472778,4,6
472768,472775,472779,4,7
472768,472775,472779,4,7
472768,472774,472779,5,6
472768,472775,472779,4,7
472768,472774,472779,5,6
472768,472775,472779,4,7
472768,472775,472779,4,7
472768,472778,472780,2,10
472768,472774,472779,5,6
472768,472775,472779,4,7
472768,472775,472779,4,7
472768,472775,472779,4,7
472768,472774,472779,5,6
472768,472775,472779,4,7
472768,472774,472779,5,6
472768,472775,472779,4,7
472768,472779,472782,3,11
472768,472779,472781,2,11
472768,472779,472782,3,11
472768,472779,472782,3,11
472768,472779,472782,3,11
472768,472779,472782,3,11
472768,472779,472782,3,11
472768,472779,472782,3,11
472768,472779,472781,2,11
472768,472779,472782,3,11
472768,472779,472782,3,11
472768,472779,472782,3,11
472768,472779,472782,3,11
472768,472779,472782,3,11
472768,472779,472782,3,11
472768,472779,472782,3,11
472768,472779,472782,3,11
472768,472779,472782,3,11
472768,472779,472782,3,11
472768,472779,472782,3,11
472768,472779,472782,3,11
472768,472779,472782,3,11
472768,472779,472783,4,11
472768,472779,472783,4,11
472768,472779,472783,4,11
472768,472779,472783,4,11
472768,472779,472783,4,11
472768,472779,472782,3,11
472768,472779,472783,4,11
472768,472779,472783,4,11
472768,472779,472783,4,11
472768,472779,472783,4,11
472768,472779,472783,4,11
472768,472779,472782,3,11
472768,472779,472782,3,11
472768,472779,472783,4,11
472768,472779,472783,4,11
472768,472779,472783,4,11
472788,472788,472793,5,0
472788,472788,472793,5,0
472788,472788,472793,5,0
472788,472788,472793,5,0
472788,472788,472793,5,0
472788,472788,472793,5,0
472788,472788,472793,5,0
472788,472788,472793,5,0
472788,472788,472792,4,0
472788,472788,472793,5,0
472788,472788,472793,5,0
472788,472788,472793,5,0
472788,472788,472793,5,0
472788,472788,472793,5,0
472788,472788,472793,5,0
472788,472788,472793,5,0
472788,472788,472793,5,0
472788,472788,472793,5,0
472788,472788,472793,5,0
472788,472788,472793,5,0
472788,472788,472793,5,0
472788,472788,472793,5,0
472788,472788,472793,5,0
472788,472788,472793,5,0
472788,472788,472793,5,0
472788,472788,472793,5,0
472788,472788,472793,5,0
472788,472788,472793,5,0
472788,472788,472793,5,0
472788,472788,472793,5,0
472788,472788,472793,5,0
472788,472788,472793,5,0
472788,472788,472793,5,0
472788,472788,472793,5,0
472788,472788,472793,5,0
472788,472788,472793,5,0
472788,472788,472793,5,0
472788,472788,472793,5,0
472788,472788,472793,5,0
472788,472788,472793,5,0
472788,472788,472793,5,0
472788,472788,472793,5,0
472788,472788,472792,4,0
472788,472788,472793,5,0
472788,472788,472793,5,0
472788,472788,472793,5,0
472788,472788,472793,5,0
472788,472788,472793,5,0
472788,472788,472793,5,0
472788,472788,472793,5,0
472788,472788,472793,5,0
472788,472788,472793,5,0
472788,472788,472794,6,0
472788,472788,472794,6,0
472788,472788,472793,5,0
472788,472788,472793,5,0
472788,472788,472794,6,0
472788,472788,472794,6,0
472788,472788,472793,5,0
472788,472788,472793,5,0
472788,472788,472794,6,0
472788,472788,472793,5,0
472788,472788,472794,6,0
472788,472788,472793,5,0
472788,472788,472794,6,0
472788,472788,472793,5,0
472788,472788,472794,6,0
472788,472788,472794,6,0
472788,472788,472793,5,0
472788,472788,472793,5,0
472788,472788,472794,6,0
472788,472788,472793,5,0
472788,472788,472793,5,0
472788,472788,472793,5,0
472788,472788,472794,6,0
472788,472788,472793,5,0
472788,472788,472793,5,0
472788,472788,472793,5,0
472788,472788,472795,7,0
472788,472788,472794,6,0
472788,472793,472796,3,5
472788,472793,472797,4,5
472788,472793,472797,4,5
472788,472793,472798,5,5
472788,472793,472798,5,5
472788,472793,472798,5,5
472788,472793,472798,5,5
472788,472793,472798,5,5
472788,472793,472798,5,5
472788,472793,472798,5,5
472788,472793,472798,5,5
472788,472793,472798,5,5
472788,472793,472798,5,5
472788,472793,472798,5,5
472788,472793,472798,5,5
472788,472793,472798,5,5
472788,472793,472798,5,5
472788,472793,472798,5,5
472788,472793,472798,5,5
472788,472793,472798,5,5
472788,472793,472798,5,5
472788,472793,472798,5,5
472788,472793,472798,5,5
472788,472793,472798,5,5
472788,472793,472798,5,5
472788,472793,472798,5,5
472788,472793,472798,5,5
472788,472793,472798,5,5
472788,472793,472798,5,5
472788,472794,472798,4,6
472788,472793,472798,5,5
472788,472793,472798,5,5
472788,472793,472798,5,5
472788,472793,472798,5,5
472788,472793,472798,5,5
472788,472793,472798,5,5
472788,472793,472798,5,5
472788,472794,472798,4,6
472788,472793,472798,5,5
472788,472793,472798,5,5
472788,472793,472798,5,5
472788,472793,472798,5,5
472788,472793,472798,5,5
472788,472793,472798,5,5
472788,472793,472798,5,5
472788,472793,472798,5,5
472788,472793,472798,5,5
472788,472793,472798,5,5
472788,472793,472798,5,5
472788,472794,472798,4,6
472788,472794,472798,4,6
472788,472794,472798,4,6
472788,472794,472798,4,6
472788,472794,472799,5,6
472788,472794,472798,4,6
472788,472793,472798,5,5
472788,472793,472798,5,5
472788,472794,472798,4,6
472788,472794,472798,4,6
472788,472794,472798,4,6
472788,472795,472798,3,7
472788,472795,472799,4,7
472788,472794,472799,5,6
472788,472794,472799,5,6
472788,472794,472800,6,6
472788,472794,472799,5,6
472788,472794,472799,5,6
472788,472794,472799,5,6
472788,472797,472799,2,9
472788,472794,472800,6,6
472788,472794,472800,6,6
472788,472794,472799,5,6
472788,472794,472799,5,6
472788,472794,472799,5,6
472788,472794,472799,5,6
472788,472794,472799,5,6
472788,472797,472800,3,9
472788,472794,472799,5,6
472788,472794,472799,5,6
472788,472794,472799,5,6
472788,472794,472799,5,6
472788,472794,472799,5,6
472788,472798,472800,2,10
472788,472799,472800,1,11
472788,472799,472800,1,11
472788,472799,472801,2,11
472788,472796,472800,4,8
472788,472798,472800,2,10
472788,472798,472801,3,10
472788,472798,472800,2,10
472788,472798,472801,3,10
472788,472798,472801,3,10
472788,472799,472801,2,11
472788,472799,472801,2,11
472788,472799,472801,2,11
472788,472799,472801,2,11
472788,472799,472801,2,11
472788,472799,472801,2,11
472788,472799,472801,2,11
472788,472799,472801,2,11
472788,472799,472801,2,11
472788,472799,472801,2,11
472788,472799,472801,2,11
472788,472799,472801,2,11
472788,472799,472801,2,11
472788,472799,472801,2,11
472788,472799,472801,2,11
472788,472799,472801,2,11
472788,472799,472801,2,11
472788,472799,472801,2,11
472788,472799,472802,3,11
472788,472799,472801,2,11
472788,472799,472801,2,11
472788,472799,472802,3,11
472788,472799,472802,3,11
472788,472799,472802,3,11
472788,472799,472802,3,11
472788,472799,472802,3,11
472788,472799,472802,3,11
472788,472799,472802,3,11
472807,472807,472811,4,0
472807,472807,472812,5,0
472807,472807,472812,5,0
472807,472807,472812,5,0
472807,472807,472812,5,0
472807,472807,472812,5,0
472807,472807,472812,5,0
472807,472807,472812,5,0
472807,472807,472811,4,0
472807,472807,472811,4,0
472807,472807,472812,5,0
472807,472807,472812,5,0
472807,472807,472812,5,0
472807,472807,472812,5,0
472807,472807,472812,5,0
472807,472807,472812,5,0
472807,472807,472812,5,0
472807,472807,472812,5,0
472807,472807,472812,5,0
472807,472807,472812,5,0
472807,472807,472812,5,0
472807,472807,472812,5,0
472807,472807,472812,5,0
472807,472807,472812,5,0
472807,472807,472812,5,0
472807,472807,472812,5,0
472807,472807,472812,5,0
472807,472807,472812,5,0
472807,472807,472812,5,0
472807,472807,472812,5,0
472807,472807,472812,5,0
472807,472807,472812,5,0
472807,472807,472811,4,0
472807,472807,472812,5,0
472807,472807,472812,5,0
472807,472807,472812,5,0
472807,472807,472812,5,0
472807,472807,472812,5,0
472807,472807,472812,5,0
472807,472807,472812,5,0
472807,472807,472812,5,0
472807,472807,472811,4,0
472807,472807,472811,4,0
472807,472807,472812,5,0
472807,472807,472812,5,0
472807,472807,472812,5,0
472807,472807,472812,5,0
472807,472807,472812,5,0
472807,472807,472812,5,0
472807,472807,472812,5,0
472807,472807,472812,5,0
472807,472807,472812,5,0
472807,472807,472812,5,0
472807,472807,472812,5,0
472807,472807,472812,5,0
472807,472807,472812,5,0
472807,472807,472812,5,0
472807,472807,472812,5,0
472807,472807,472812,5,0
472807,472807,472812,5,0
472807,472807,472812,5,0
472807,472807,472812,5,0
472807,472807,472812,5,0
472807,472807,472812,5,0
472807,472807,472812,5,0
472807,472807,472813,6,0
472807,472807,472812,5,0
472807,472807,472813,6,0
472807,472807,472813,6,0
472807,472807,472813,6,0
472807,472807,472813,6,0
472807,472807,472813,6,0
472807,472807,472813,6,0
472807,472807,472813,6,0
472807,472807,472813,6,0
472807,472807,472813,6,0
472807,472807,472813,6,0
472807,472807,472813,6,0
472807,472807,472813,6,0
472807,472807,472813,6,0
472807,472813,472817,4,6
472807,472813,472818,5,6
472807,472813,472818,5,6
472807,472813,472818,5,6
472807,472813,472818,5,6
472807,472813,472818,5,6
472807,472813,472818,5,6
472807,472813,472818,5,6
472807,472813,472818,5,6
472807,472813,472818,5,6
472807,472813,472818,5,6
472807,472813,472818,5,6
472807,472813,472818,5,6
472807,472813,472818,5,6
472807,472813,472818,5,6
472807,472813,472818,5,6
472807,472813,472818,5,6
472807,472813,472818,5,6
472807,472813,472818,5,6
472807,472813,472818,5,6
472807,472813,472818,5,6
472807,472813,472818,5,6
472807,472813,472818,5,6
472807,472813,472818,5,6
472807,472813,472818,5,6
472807,472813,472818,5,6
472807,472813,472818,5,6
472807,472813,472818,5,6
472807,472813,472818,5,6
472807,472813,472818,5,6
472807,472813,472818,5,6
472807,472813,472818,5,6
472807,472813,472818,5,6
472807,472813,472818,5,6
472807,472813,472818,5,6
472807,472813,472818,5,6
472807,472813,472818,5,6
472807,472813,472818,5,6
472807,472813,472818,5,6
472807,472813,472818,5,6
472807,472813,472818,5,6
472807,472813,472818,5,6
472807,472813,472818,5,6
472807,472813,472818,5,6
472807,472813,472818,5,6
472807,472813,472818,5,6
472807,472813,472818,5,6
472807,472813,472818,5,6
472807,472813,472818,5,6
472807,472813,472818,5,6
472807,472813,472818,5,6
472807,472813,472818,5,6
472807,472813,472818,5,6
472807,472813,472818,5,6
472807,472813,472818,5,6
472807,472813,472818,5,6
472807,472814,472819,5,7
472807,472814,472818,4,7
472807,472814,472818,4,7
472807,472814,472818,4,7
472807,472814,472818,4,7
472807,472814,472818,4,7
472807,472814,472819,5,7
472807,472814,472819,5,7
472807,472813,472818,5,6
472807,472813,472818,5,6
472807,472814,472819,5,7
472807,472813,472818,5,6
472807,472813,472818,5,6
472807,472813,472818,5,6
472807,472813,472818,5,6
472807,472813,472818,5,6
472807,472813,472818,5,6
472807,472813,472818,5,6
472807,472814,472818,4,7
472807,472813,472818,5,6
472807,472813,472818,5,6
472807,472817,472819,2,10
472807,472813,472819,6,6
472807,472813,472818,5,6
472807,472813,472819,6,6
472807,472818,472821,3,11
472807,472818,472821,3,11
472807,472818,472821,3,11
472807,472818,472821,3,11
472807,472818,472821,3,11
472807,472818,472821,3,11
472807,472818,472821,3,11
472807,472818,472821,3,11
472807,472818,472821,3,11
472807,472818,472821,3,11
472807,472818,472821,3,11
472807,472818,472821,3,11
472807,472818,472821,3,11
472807,472818,472821,3,11
472807,472818,472821,3,11
472807,472818,472821,3,11
472807,472818,472822,4,11
472807,472818,472821,3,11
472807,472818,472822,4,11
472807,472818,472822,4,11
472807,472818,472822,4,11
472807,472818,472822,4,11
472807,472818,472822,4,11
472807,472818,472822,4,11
472807,472818,472821,3,11
472807,472818,472821,3,11
472807,472818,472822,4,11
472807,472818,472821,3,11
472807,472818,472822,4,11
472807,472818,472821,3,11
472807,472818,472822,4,11
472807,472818,472822,4,11
472807,472818,472822,4,11
472807,472818,472822,4,11
472807,472818,472822,4,11
472807,472818,472822,4,11
472807,472818,472821,3,11
472807,472818,472821,3,11
472807,472818,472822,4,11
472827,472827,472832,5,0
472827,472827,472832,5,0
472827,472827,472832,5,0
472827,472827,472832,5,0
472827,472827,472831,4,0
472827,472827,472832,5,0
472827,472827,472832,5,0
472827,472827,472832,5,0
472827,472827,472832,5,0
472827,472827,472832,5,0
472827,472827,472832,5,0
472827,472827,472832,5,0
472827,472827,472832,5,0
472827,472827,472832,5,0
472827,472827,472832,5,0
472827,472827,472832,5,0
472827,472827,472832,5,0
472827,472827,472832,5,0
472827,472827,472832,5,0
472827,472827,472832,5,0
472827,472827,472831,4,0
472827,472827,472832,5,0
472827,472827,472832,5,0
472827,472827,472832,5,0
472827,472827,472832,5,0
472827,472827,472832,5,0
472827,472827,472832,5,0
472827,472827,472832,5,0
472827,472827,472832,5,0
472827,472827,472832,5,0
472827,472827,472832,5,0
472827,472827,472832,5,0
472827,472827,472832,5,0
472827,472827,472832,5,0
472827,472827,472832,5,0
472827,472827,472832,5,0
472827,472827,472832,5,0
472827,472827,472832,5,0
472827,472827,472832,5,0
472827,472827,472832,5,0
472827,472827,472832,5,0
472827,472827,472832,5,0
472827,472827,472832,5,0
472827,472827,472832,5,0
472827,472827,472832,5,0
472827,472827,472832,5,0
472827,472827,472832,5,0
472827,472827,472832,5,0
472827,472827,472832,5,0
472827,472827,472832,5,0
472827,472827,472832,5,0
472827,472827,472833,6,0
472827,472827,472832,5,0
472827,472827,472832,5,0
472827,472827,472832,5,0
472827,472827,472832,5,0
472827,472827,472833,6,0
472827,472827,472832,5,0
472827,472827,472833,6,0
472827,472827,472832,5,0
472827,472827,472832,5,0
472827,472827,472832,5,0
472827,472827,472833,6,0
472827,472827,472832,5,0
472827,472827,472832,5,0
472827,472827,472832,5,0
472827,472827,472833,6,0
472827,472827,472833,6,0
472827,472827,472833,6,0
472827,472827,472833,6,0
472827,472827,472832,5,0
472827,472827,472832,5,0
472827,472827,472832,5,0
472827,472827,472832,5,0
472827,472827,472832,5,0
472827,472827,472832,5,0
472827,472827,472832,5,0
472827,472827,472834,7,0
472827,472827,472833,6,0
472827,472827,472834,7,0
472827,472832,472836,4,5
472827,472832,472837,5,5
472827,472832,472837,5,5
472827,472832,472837,5,5
472827,472832,472837,5,5
472827,472832,472837,5,5
472827,472832,472837,5,5
472827,472832,472837,5,5
472827,472832,472837,5,5
472827,472832,472837,5,5
472827,472832,472837,5,5
472827,472832,472837,5,5
472827,472832,472837,5,5
472827,472832,472837,5,5
472827,472832,472837,5,5
472827,472832,472837,5,5
472827,472832,472837,5,5
472827,472832,472837,5,5
472827,472832,472837,5,5
472827,472832,472837,5,5
472827,472832,472837,5,5
472827,472832,472837,5,5
472827,472832,472837,5,5
472827,472833,472837,4,6
472827,472832,472837,5,5
472827,472832,472837,5,5
472827,472832,472837,5,5
472827,472832,472837,5,5
472827,472832,472837,5,5
472827,472833,472837,4,6
472827,472832,472837,5,5
472827,472832,472837,5,5
472827,472832,472837,5,5
472827,472832,472837,5,5
472827,472832,472837,5,5
472827,472833,472837,4,6
472827,472832,472837,5,5
472827,472832,472837,5,5
472827,472832,472837,5,5
472827,472833,472837,4,6
472827,472832,472837,5,5
472827,472832,472837,5,5
472827,472832,472837,5,5
472827,472832,472837,5,5
472827,472832,472837,5,5
472827,472832,472837,5,5
472827,472832,472837,5,5
472827,472832,472837,5,5
472827,472832,472837,5,5
472827,472833,472837,4,6
472827,472833,472838,5,6
472827,472833,472838,5,6
472827,472833,472838,5,6
472827,472832,472837,5,5
472827,472832,472837,5,5
472827,472832,472837,5,5
472827,472832,472837,5,5
472827,472832,472838,6,5
472827,472833,472838,5,6
472827,472834,472838,4,7
472827,472833,472838,5,6
472827,472833,472838,5,6
472827,472833,472838,5,6
472827,472833,472838,5,6
472827,472833,472838,5,6
472827,472833,472838,5,6
472827,472833,472838,5,6
472827,472833,472838,5,6
472827,472833,472838,5,6
472827,472833,472839,6,6
472827,472833,472838,5,6
472827,472834,472838,4,7
472827,472834,472838,4,7
472827,472833,472838,5,6
472827,472833,472838,5,6
472827,472833,472838,5,6
472827,472833,472838,5,6
472827,472836,472839,3,9
472827,472833,472838,5,6
472827,472833,472838,5,6
472827,472833,472838,5,6
472827,472838,472841,3,11
472827,472838,472841,3,11
472827,472838,472841,3,11
472827,472838,472840,2,11
472827,472838,472840,2,11
472827,472838,472841,3,11
472827,472838,472840,2,11
472827,472838,472840,2,11
472827,472838,472840,2,11
472827,472838,472841,3,11
472827,472838,472841,3,11
472827,472838,472841,3,11
472827,472838,472841,3,11
472827,472838,472841,3,11
472827,472838,472840,2,11
472827,472838,472840,2,11
472827,472838,472841,3,11
472827,472838,472841,3,11
472827,472838,472842,4,11
472827,472838,472842,4,11
472827,472838,472842,4,11
472827,472838,472841,3,11
472827,472838,472841,3,11
472827,472838,472841,3,11
472827,472838,472842,4,11
472827,472838,472841,3,11
472827,472838,472842,4,11
472827,472838,472841,3,11
472827,472838,472841,3,11
472827,472838,472842,4,11
472827,472838,472842,4,11
472827,472838,472841,3,11
472827,472838,472841,3,11
472827,472838,472841,3,11
472827,472838,472842,4,11
472827,472838,472841,3,11
472827,472838,472841,3,11
472827,472838,472841,3,11
472827,472838,472842,4,11
472846,472846,472851,5,0
472846,472846,472851,5,0
472846,472846,472851,5,0
472846,472846,472851,5,0
472846,472846,472851,5,0
472846,472846,472851,5,0
472846,472846,472851,5,0
472846,472846,472851,5,0
472846,472846,472852,6,0
472846,472846,472851,5,0
472846,472846,472851,5,0
472846,472846,472851,5,0
472846,472846,472851,5,0
472846,472846,472851,5,0
472846,472846,472851,5,0
472846,472846,472852,6,0
472846,472846,472852,6,0
472846,472846,472851,5,0
472846,472846,472851,5,0
472846,472846,472851,5,0
472846,472846,472851,5,0
472846,472846,472851,5,0
472846,472846,472851,5,0
472846,472846,472851,5,0
472846,472846,472851,5,0
472846,472846,472851,5,0
472846,472846,472851,5,0
472846,472846,472851,5,0
472846,472846,472851,5,0
472846,472846,472851,5,0
472846,472846,472851,5,0
472846,472846,472851,5,0
472846,472846,472852,6,0
472846,472846,472851,5,0
472846,472846,472851,5,0
472846,472846,472851,5,0
472846,472846,472851,5,0
472846,472846,472851,5,0
472846,472846,472852,6,0
472846,472846,472852,6,0
472846,472846,472851,5,0
472846,472846,472851,5,0
472846,472846,472851,5,0
472846,472846,472851,5,0
472846,472846,472851,5,0
472846,472846,472852,6,0
472846,472846,472852,6,0
472846,472846,472852,6,0
472846,472846,472851,5,0
472846,472846,472851,5,0
472846,472846,472851,5,0
472846,472846,472851,5,0
472846,472846,472851,5,0
472846,472846,472852,6,0
472846,472846,472852,6,0
472846,472846,472851,5,0
472846,472846,472851,5,0
472846,472846,472851,5,0
472846,472846,472851,5,0
472846,472846,472851,5,0
472846,472846,472852,6,0
472846,472846,472852,6,0
472846,472846,472851,5,0
472846,472846,472851,5,0
472846,472846,472851,5,0
472846,472846,472851,5,0
472846,472846,472851,5,0
472846,472846,472852,6,0
472846,472846,472852,6,0
472846,472846,472851,5,0
472846,472846,472851,5,0
472846,472846,472851,5,0
472846,472846,472851,5,0
472846,472846,472851,5,0
472846,472846,472852,6,0
472846,472846,472852,6,0
472846,472851,472853,2,5
472846,472846,472852,6,0
472846,472846,472852,6,0
472846,472851,472853,2,5
472846,472846,472852,6,0
472846,472846,472852,6,0
472846,472852,472857,5,6
472846,472852,472858,6,6
472846,472852,472858,6,6
472846,472852,472858,6,6
472846,472852,472858,6,6
472846,472852,472858,6,6
472846,472852,472858,6,6
472846,472852,472858,6,6
472846,472852,472858,6,6
472846,472852,472858,6,6
472846,472852,472858,6,6
472846,472852,472858,6,6
472846,472852,472858,6,6
472846,472852,472858,6,6
472846,472852,472858,6,6
472846,472852,472858,6,6
472846,472852,472858,6,6
472846,472852,472858,6,6
472846,472852,472858,6,6
472846,472852,472858,6,6
472846,472852,472858,6,6
472846,472852,472858,6,6
472846,472852,472858,6,6
472846,472852,472858,6,6
472846,472852,472858,6,6
472846,472852,472858,6,6
472846,472852,472858,6,6
472846,472852,472858,6,6
472846,472852,472858,6,6
472846,472852,472858,6,6
472846,472852,472858,6,6
472846,472852,472858,6,6
472846,472852,472858,6,6
472846,472852,472858,6,6
472846,472852,472858,6,6
472846,472852,472858,6,6
472846,472852,472858,6,6
472846,472852,472858,6,6
472846,472852,472858,6,6
472846,472852,472858,6,6
472846,472852,472858,6,6
472846,472852,472858,6,6
472846,472854,472858,4,8
472846,472852,472858,6,6
472846,472852,472858,6,6
472846,472852,472858,6,6
472846,472852,472858,6,6
472846,472852,472858,6,6
472846,472852,472858,6,6
472846,472852,472858,6,6
472846,472854,472858,4,8
472846,472852,472858,6,6
472846,472852,472858,6,6
472846,472852,472858,6,6
472846,472852,472858,6,6
472846,472852,472858,6,6
472846,472852,472858,6,6
472846,472854,472858,4,8
472846,472854,472859,5,8
472846,472852,472858,6,6
472846,472852,472858,6,6
472846,472852,472858,6,6
472846,472852,472858,6,6
472846,472852,472858,6,6
472846,472852,472858,6,6
472846,472852,472858,6,6
472846,472854,472858,4,8
472846,472852,472858,6,6
472846,472852,472858,6,6
472846,472852,472858,6,6
472846,472852,472858,6,6
472846,472852,472858,6,6
472846,472852,472859,7,6
472846,472852,472859,7,6
472846,472852,472859,7,6
472846,472852,472859,7,6
472846,472854,472859,5,8
472846,472858,472859,1,12
472846,472852,472859,7,6
472846,472852,472859,7,6
472846,472854,472859,5,8
472846,472859,472862,3,13
472846,472859,472862,3,13
472846,472859,472861,2,13
472846,472859,472861,2,13
472846,472859,472861,2,13
472846,472859,472862,3,13
472846,472859,472861,2,13
472846,472859,472862,3,13
472846,472859,472862,3,13
472846,472859,472862,3,13
472846,472859,472862,3,13
472846,472859,472861,2,13
472846,472859,472862,3,13
472846,472859,472862,3,13
472846,472859,472863,4,13
472846,472859,472862,3,13
472846,472859,472862,3,13
472846,472859,472862,3,13
472846,472859,472862,3,13
472846,472859,472862,3,13
472846,472859,472862,3,13
472846,472859,472863,4,13
472846,472859,472862,3,13
472846,472859,472862,3,13
472846,472859,472863,4,13
472846,472859,472862,3,13
472846,472859,472862,3,13
472846,472859,472863,4,13
472846,472859,472862,3,13
472846,472859,472863,4,13
472846,472859,472863,4,13
472846,472859,472863,4,13
472846,472859,472863,4,13
472846,472859,472863,4,13
472846,472859,472862,3,13
472846,472859,472863,4,13
472846,472859,472863,4,13
473753,473753,473758,5,0
473753,473753,473758,5,0
473753,473753,473758,5,0
473753,473753,473758,5,0
473753,473753,473758,5,0
473753,473753,473758,5,0
473753,473753,473758,5,0
473753,473753,473758,5,0
473753,473753,473758,5,0
473753,473753,473758,5,0
473753,473753,473758,5,0
473753,473753,473758,5,0
473753,473753,473758,5,0
473753,473753,473758,5,0
473753,473753,473758,5,0
473753,473753,473758,5,0
473753,473753,473758,5,0
473753,473753,473758,5,0
473753,473753,473758,5,0
473753,473753,473758,5,0
473753,473753,473758,5,0
473753,473753,473758,5,0
473753,473753,473758,5,0
473753,473753,473758,5,0
473753,473753,473758,5,0
473753,473753,473758,5,0
473753,473753,473758,5,0
473753,473753,473758,5,0
473753,473753,473758,5,0
473753,473753,473758,5,0
473753,473753,473758,5,0
473753,473753,473758,5,0
473753,473753,473758,5,0
473753,473753,473758,5,0
473753,473753,473758,5,0
473753,473753,473758,5,0
473753,473753,473758,5,0
473753,473753,473758,5,0
473753,473753,473758,5,0
473753,473753,473758,5,0
473753,473753,473758,5,0
473753,473753,473758,5,0
473753,473753,473758,5,0
473753,473753,473758,5,0
473753,473753,473758,5,0
473753,473753,473758,5,0
473753,473753,473758,5,0
473753,473753,473758,5,0
473753,473753,473758,5,0
473753,473753,473758,5,0
473753,473753,473758,5,0
473753,473753,473758,5,0
473753,473753,473758,5,0
473753,473753,473758,5,0
473753,473753,473758,5,0
473753,473753,473758,5,0
473753,473753,473759,6,0
473753,473753,473759,6,0
473753,473753,473759,6,0
473753,473754,473760,6,1
473753,473753,473759,6,0
473753,473753,473760,7,0
473753,473753,473760,7,0
473753,473753,473760,7,0
473753,473753,473759,6,0
473753,473753,473760,7,0
473753,473753,473760,7,0
473753,473753,473759,6,0
473753,473753,473759,6,0
473753,473753,473759,6,0
473753,473753,473759,6,0
473753,473753,473759,6,0
473753,473753,473759,6,0
473753,473753,473759,6,0
473753,473753,473760,7,0
473753,473753,473759,6,0
473753,473753,473759,6,0
473753,473753,473760,7,0
473753,473753,473760,7,0
473753,473754,473760,6,1
473753,473759,473763,4,6
473753,473759,473763,4,6
473753,473759,473763,4,6
473753,473759,473763,4,6
473753,473759,473763,4,6
473753,473759,473763,4,6
473753,473759,473763,4,6
473753,473759,473763,4,6
473753,473759,473763,4,6
473753,473759,473763,4,6
473753,473759,473763,4,6
473753,473759,473763,4,6
473753,473759,473763,4,6
473753,473759,473763,4,6
473753,473759,473763,4,6
473753,473759,473763,4,6
473753,473759,473763,4,6
473753,473759,473763,4,6
473753,473760,473764,4,7
473753,473759,473763,4,6
473753,473759,473763,4,6
473753,473759,473763,4,6
473753,473759,473763,4,6
473753,473759,473763,4,6
473753,473759,473763,4,6
473753,473760,473764,4,7
473753,473759,473763,4,6
473753,473759,473763,4,6
473753,473759,473763,4,6
473753,473759,473763,4,6
473753,473759,473763,4,6
473753,473759,473763,4,6
473753,473759,473763,4,6
473753,473759,473763,4,6
473753,473759,473763,4,6
473753,473759,473763,4,6
473753,473760,473764,4,7
473753,473759,473763,4,6
473753,473759,473763,4,6
473753,473759,473763,4,6
473753,473759,473763,4,6
473753,473759,473763,4,6
473753,473760,473764,4,7
473753,473760,473764,4,7
473753,473759,473763,4,6
473753,473759,473763,4,6
473753,473759,473763,4,6
473753,473759,473764,5,6
473753,473759,473763,4,6
473753,473760,473764,4,7
473753,473759,473763,4,6
473753,473759,473763,4,6
473753,473759,473763,4,6
473753,473759,473763,4,6
473753,473760,473763,3,7
473753,473760,473764,4,7
473753,473759,473763,4,6
473753,473759,473763,4,6
473753,473759,473764,5,6
473753,473759,473763,4,6
473753,473759,473764,5,6
473753,473759,473764,5,6
473753,473759,473764,5,6
473753,473759,473764,5,6
473753,473759,473764,5,6
473753,473760,473764,4,7
473753,473760,473764,4,7
473753,473760,473764,4,7
473753,473763,473765,2,10
473753,473760,473764,4,7
473753,473760,473764,4,7
473753,473763,473765,2,10
473753,473760,473764,4,7
473753,473760,473764,4,7
473753,473760,473764,4,7
473753,473760,473764,4,7
473753,473760,473764,4,7
473753,473760,473764,4,7
473753,473760,473764,4,7
473753,473760,473764,4,7
473753,473761,473765,4,8
473753,473761,473765,4,8
473753,473764,473766,2,11
473753,473764,473766,2,11
473753,473764,473766,2,11
473753,473764,473766,2,11
473753,473764,473766,2,11
473753,473764,473766,2,11
473753,473764,473766,2,11
473753,473764,473766,2,11
473753,473764,473767,3,11
473753,473764,473767,3,11
473753,473764,473766,2,11
473753,473764,473767,3,11
473753,473764,473767,3,11
473753,473764,473767,3,11
473753,473764,473767,3,11
473753,473764,473767,3,11
473753,473764,473767,3,11
473753,473764,473767,3,11
473753,473764,473766,2,11
473753,473764,473767,3,11
473753,473764,473767,3,11
473753,473764,473767,3,11
473753,473764,473767,3,11
473753,473764,473767,3,11
473753,473764,473767,3,11
473753,473764,473767,3,11
473753,473764,473768,4,11
473753,473764,473767,3,11
473753,473764,473767,3,11
473753,473764,473767,3,11
473753,473764,473767,3,11
473753,473764,473767,3,11
473753,473764,473768,4,11
473753,473764,473767,3,11
473753,473764,473768,4,11
473753,473764,473768,4,11
473753,473764,473767,3,11
473753,473764,473768,4,11
473772,473773,473777,4,1
473772,473773,473777,4,1
473772,473773,473777,4,1
473772,473773,473777,4,1
473772,473773,473778,5,1
473772,473773,473777,4,1
473772,473773,473777,4,1
473772,473773,473777,4,1
473772,473773,473777,4,1
473772,473773,473777,4,1
473772,473773,473777,4,1
473772,473773,473777,4,1
473772,473773,473777,4,1
473772,473773,473777,4,1
473772,473773,473777,4,1
473772,473773,473777,4,1
473772,473773,473777,4,1
473772,473773,473777,4,1
473772,473773,473777,4,1
473772,473773,473777,4,1
473772,473773,473777,4,1
473772,473773,473777,4,1
473772,473773,473777,4,1
473772,473773,473777,4,1
473772,473773,473777,4,1
473772,473773,473777,4,1
473772,473773,473777,4,1
473772,473773,473778,5,1
473772,473773,473777,4,1
473772,473773,473777,4,1
473772,473773,473777,4,1
473772,473773,473777,4,1
473772,473773,473777,4,1
473772,473773,473777,4,1
473772,473773,473777,4,1
473772,473773,473777,4,1
473772,473773,473777,4,1
473772,473773,473778,5,1
473772,473773,473778,5,1
473772,473773,473777,4,1
473772,473773,473777,4,1
473772,473773,473777,4,1
473772,473773,473777,4,1
473772,473773,473777,4,1
473772,473773,473777,4,1
473772,473773,473777,4,1
473772,473773,473777,4,1
473772,473773,473777,4,1
473772,473773,473777,4,1
473772,473773,473777,4,1
473772,473773,473777,4,1
473772,473773,473777,4,1
473772,473773,473777,4,1
473772,473773,473777,4,1
473772,473773,473777,4,1
473772,473773,473777,4,1
473772,473773,473777,4,1
473772,473773,473777,4,1
473772,473773,473777,4,1
473772,473773,473777,4,1
473772,473773,473777,4,1
473772,473773,473777,4,1
473772,473773,473777,4,1
473772,473773,473777,4,1
473772,473773,473777,4,1
473772,473773,473777,4,1
473772,473773,473777,4,1
473772,473773,473777,4,1
473772,473773,473777,4,1
473772,473773,473777,4,1
473772,473773,473777,4,1
473772,473773,473778,5,1
473772,473773,473778,5,1
473772,473773,473778,5,1
473772,473773,473778,5,1
473772,473773,473778,5,1
473772,473773,473778,5,1
473772,473773,473778,5,1
473772,473773,473778,5,1
473772,473773,473778,5,1
473772,473778,473783,5,6
473772,473778,473783,5,6
473772,473778,473783,5,6
473772,473778,473783,5,6
473772,473778,473783,5,6
473772,473778,473783,5,6
473772,473778,473783,5,6
473772,473778,473783,5,6
473772,473778,473783,5,6
473772,473778,473783,5,6
473772,473778,473783,5,6
473772,473778,473783,5,6
473772,473778,473783,5,6
473772,473778,473783,5,6
473772,473778,473783,5,6
473772,473778,473782,4,6
473772,473778,473783,5,6
473772,473778,473783,5,6
473772,473778,473783,5,6
473772,473778,473783,5,6
473772,473778,473783,5,6
473772,473778,473783,5,6
473772,473778,473782,4,6
473772,473778,473783,5,6
473772,473778,473783,5,6
473772,473778,473783,5,6
473772,473778,473783,5,6
473772,473779,473783,4,7
473772,473778,473783,5,6
473772,473778,473783,5,6
473772,473778,473783,5,6
473772,473778,473782,4,6
473772,473779,473783,4,7
473772,473779,473783,4,7
473772,473779,473783,4,7
473772,473779,473783,4,7
473772,473778,473783,5,6
473772,473778,473783,5,6
473772,473778,473783,5,6
473772,473778,473783,5,6
473772,473778,473783,5,6
473772,473778,473783,5,6
473772,473778,473783,5,6
473772,473778,473783,5,6
473772,473778,473783,5,6
473772,473778,473783,5,6
473772,473778,473783,5,6
473772,473778,473783,5,6
473772,473778,473783,5,6
473772,473778,473783,5,6
473772,473778,473784,6,6
473772,473778,473784,6,6
473772,473778,473784,6,6
473772,473778,473784,6,6
473772,473778,473784,6,6
473772,473778,473783,5,6
473772,473779,473784,5,7
473772,473778,473783,5,6
473772,473778,473783,5,6
473772,473778,473784,6,6
473772,473778,473784,6,6
473772,473778,473784,6,6
473772,473778,473784,6,6
473772,473778,473783,5,6
473772,473778,473784,6,6
473772,473778,473784,6,6
473772,473778,473784,6,6
473772,473778,473784,6,6
473772,473778,473784,6,6
473772,473778,473784,6,6
473772,473779,473784,5,7
473772,473778,473784,6,6
473772,473778,473784,6,6
473772,473778,473784,6,6
473772,473779,473784,5,7
473772,473779,473784,5,7
473772,473778,473784,6,6
473772,473778,473784,6,6
473772,473778,473784,6,6
473772,473778,473784,6,6
473772,473783,473786,3,11
473772,473783,473786,3,11
473772,473783,473786,3,11
473772,473783,473786,3,11
473772,473783,473786,3,11
473772,473783,473786,3,11
473772,473783,473786,3,11
473772,473783,473786,3,11
473772,473783,473786,3,11
473772,473783,473786,3,11
473772,473783,473786,3,11
473772,473783,473786,3,11
473772,473783,473786,3,11
473772,473783,473786,3,11
473772,473783,473786,3,11
473772,473783,473786,3,11
473772,473783,473786,3,11
473772,473783,473786,3,11
473772,473783,473786,3,11
473772,473783,473786,3,11
473772,473783,473786,3,11
473772,473783,473786,3,11
473772,473783,473786,3,11
473772,473783,473786,3,11
473772,473783,473787,4,11
473772,473784,473786,2,12
473772,473784,473786,2,12
473772,473783,473787,4,11
473772,473783,473787,4,11
473772,473783,473787,4,11
473772,473783,473787,4,11
473772,473783,473787,4,11
473772,473783,473787,4,11
473772,473783,473787,4,11
473772,473783,473787,4,11
473772,473783,473787,4,11
473772,473783,473787,4,11
473772,473783,473787,4,11
473772,473783,473787,4,11
473772,473783,473787,4,11
473791,473791,473796,5,0
473791,473791,473796,5,0
473791,473791,473796,5,0
473791,473791,473796,5,0
473791,473791,473796,5,0
473791,473791,473796,5,0
473791,473791,473796,5,0
473791,473791,473796,5,0
473791,473791,473796,5,0
473791,473791,473796,5,0
473791,473791,473796,5,0
473791,473791,473796,5,0
473791,473791,473796,5,0
473791,473791,473796,5,0
473791,473791,473796,5,0
473791,473791,473796,5,0
473791,473791,473796,5,0
473791,473791,473796,5,0
473791,473791,473796,5,0
473791,473791,473796,5,0
473791,473791,473796,5,0
473791,473791,473796,5,0
473791,473791,473796,5,0
473791,473791,473796,5,0
473791,473791,473796,5,0
473791,473791,473796,5,0
473791,473791,473796,5,0
473791,473791,473796,5,0
473791,473791,473796,5,0
473791,473791,473796,5,0
473791,473791,473796,5,0
473791,473791,473796,5,0
473791,473791,473796,5,0
473791,473791,473796,5,0
473791,473791,473796,5,0
473791,473791,473796,5,0
473791,473791,473796,5,0
473791,473791,473796,5,0
473791,473791,473796,5,0
473791,473791,473796,5,0
473791,473791,473796,5,0
473791,473791,473796,5,0
473791,473791,473796,5,0
473791,473791,473796,5,0
473791,473791,473796,5,0
473791,473791,473796,5,0
473791,473791,473796,5,0
473791,473791,473796,5,0
473791,473791,473796,5,0
473791,473791,473796,5,0
473791,473791,473796,5,0
473791,473791,473796,5,0
473791,473791,473796,5,0
473791,473791,473796,5,0
473791,473791,473797,6,0
473791,473791,473797,6,0
473791,473792,473797,5,1
473791,473792,473797,5,1
473791,473792,473797,5,1
473791,473791,473797,6,0
473791,473791,473798,7,0
473791,473792,473797,5,1
473791,473792,473797,5,1
473791,473791,473797,6,0
473791,473791,473797,6,0
473791,473791,473797,6,0
473791,473791,473797,6,0
473791,473791,473797,6,0
473791,473791,473797,6,0
473791,473791,473797,6,0
473791,473791,473797,6,0
473791,473792,473797,5,1
473791,473792,473797,5,1
473791,473791,473797,6,0
473791,473792,473797,5,1
473791,473791,473797,6,0
473791,473792,473797,5,1
473791,473792,473797,5,1
473791,473791,473797,6,0
473791,473791,473797,6,0
473791,473797,473801,4,6
473791,473797,473801,4,6
473791,473797,473801,4,6
473791,473797,473800,3,6
473791,473797,473801,4,6
473791,473797,473801,4,6
473791,473797,473801,4,6
473791,473797,473802,5,6
473791,473797,473801,4,6
473791,473797,473801,4,6
473791,473797,473801,4,6
473791,473797,473801,4,6
473791,473797,473801,4,6
473791,473797,473801,4,6
473791,473797,473802,5,6
473791,473797,473802,5,6
473791,473797,473802,5,6
473791,473797,473802,5,6
473791,473797,473801,4,6
473791,473797,473801,4,6
473791,473797,473801,4,6
473791,473797,473801,4,6
473791,473798,473802,4,7
473791,473797,473801,4,6
473791,473797,473801,4,6
473791,473797,473801,4,6
473791,473797,473801,4,6
473791,473797,473801,4,6
473791,473798,473802,4,7
473791,473798,473802,4,7
473791,473798,473802,4,7
473791,473797,473801,4,6
473791,473797,473801,4,6
473791,473797,473801,4,6
473791,473798,473802,4,7
473791,473798,473802,4,7
473791,473797,473801,4,6
473791,473797,473801,4,6
473791,473797,473801,4,6
473791,473797,473801,4,6
473791,473797,473801,4,6
473791,473798,473802,4,7
473791,473798,473802,4,7
473791,473798,473801,3,7
473791,473797,473801,4,6
473791,473797,473802,5,6
473791,473797,473801,4,6
473791,473797,473801,4,6
473791,473797,473801,4,6
473791,473797,473801,4,6
473791,473797,473801,4,6
473791,473797,473801,4,6
473791,473798,473802,4,7
473791,473797,473801,4,6
473791,473797,473801,4,6
473791,473797,473801,4,6
473791,473797,473802,5,6
473791,473798,473801,3,7
473791,473798,473802,4,7
473791,473797,473801,4,6
473791,473797,473801,4,6
473791,473797,473802,5,6
473791,473797,473802,5,6
473791,473797,473802,5,6
473791,473797,473802,5,6
473791,473797,473802,5,6
473791,473798,473802,4,7
473791,473801,473803,2,10
473791,473801,473803,2,10
473791,473801,473803,2,10
473791,473798,473802,4,7
473791,473798,473802,4,7
473791,473798,473802,4,7
473791,473798,473803,5,7
473791,473798,473802,4,7
473791,473798,473802,4,7
473791,473798,473803,5,7
473791,473798,473803,5,7
473791,473798,473802,4,7
473791,473798,473803,5,7
473791,473798,473802,4,7
473791,473798,473803,5,7
473791,473801,473803,2,10
473791,473798,473803,5,7
473791,473802,473805,3,11
473791,473802,473805,3,11
473791,473802,473805,3,11
473791,473802,473805,3,11
473791,473802,473805,3,11
473791,473802,473805,3,11
473791,473802,473805,3,11
473791,473802,473805,3,11
473791,473802,473805,3,11
473791,473802,473805,3,11
473791,473802,473805,3,11
473791,473802,473805,3,11
473791,473802,473805,3,11
473791,473802,473805,3,11
473791,473802,473805,3,11
473791,473802,473805,3,11
473791,473802,473805,3,11
473791,473802,473805,3,11
473791,473802,473805,3,11
473791,473802,473805,3,11
473791,473802,473805,3,11
473791,473802,473805,3,11
473791,473802,473805,3,11
473791,473802,473805,3,11
473791,473802,473805,3,11
473791,473802,473805,3,11
473791,473802,473806,4,11
473791,473802,473806,4,11
473791,473802,473806,4,11
473791,473802,473806,4,11
473791,473802,473806,4,11
473791,473802,473806,4,11
473791,473802,473806,4,11
473791,473802,473806,4,11
473791,473802,473806,4,11
473791,473802,473806,4,11
473811,473811,473816,5,0
473811,473811,473816,5,0
473811,473811,473816,5,0
473811,473811,473816,5,0
473811,473811,473816,5,0
473811,473811,473816,5,0
473811,473811,473816,5,0
473811,473811,473816,5,0
473811,473811,473816,5,0
473811,473811,473816,5,0
473811,473811,473816,5,0
473811,473811,473816,5,0
473811,473811,473816,5,0
473811,473811,473816,5,0
473811,473811,473816,5,0
473811,473811,473816,5,0
473811,473811,473816,5,0
473811,473811,473816,5,0
473811,473811,473816,5,0
473811,473811,473816,5,0
473811,473811,473816,5,0
473811,473811,473816,5,0
473811,473811,473816,5,0
473811,473811,473816,5,0
473811,473811,473816,5,0
473811,473811,473816,5,0
473811,473811,473816,5,0
473811,473811,473816,5,0
473811,473811,473816,5,0
473811,473811,473816,5,0
473811,473811,473816,5,0
473811,473811,473816,5,0
473811,473811,473816,5,0
473811,473811,473816,5,0
473811,473811,473816,5,0
473811,473811,473816,5,0
473811,473811,473816,5,0
473811,473811,473816,5,0
473811,473811,473816,5,0
473811,473811,473816,5,0
473811,473811,473816,5,0
473811,473811,473816,5,0
473811,473811,473816,5,0
473811,473811,473816,5,0
473811,473811,473816,5,0
473811,473811,473816,5,0
473811,473811,473817,6,0
473811,473811,473817,6,0
473811,473811,473816,5,0
473811,473811,473816,5,0
473811,473811,473816,5,0
473811,473811,473817,6,0
473811,473811,473817,6,0
473811,473811,473816,5,0
473811,473811,473816,5,0
473811,473811,473816,5,0
473811,473811,473816,5,0
473811,473811,473817,6,0
473811,473811,473816,5,0
473811,473811,473817,6,0
473811,473811,473817,6,0
473811,473811,473817,6,0
473811,473811,473816,5,0
473811,473811,473816,5,0
473811,473811,473816,5,0
473811,473811,473817,6,0
473811,473811,473816,5,0
473811,473811,473817,6,0
473811,473811,473817,6,0
473811,473811,473816,5,0
473811,473811,473817,6,0
473811,473811,473817,6,0
473811,473811,473816,5,0
473811,473811,473817,6,0
473811,473811,473816,5,0
473811,473811,473816,5,0
473811,473811,473816,5,0
473811,473811,473817,6,0
473811,473811,473816,5,0
473811,473811,473816,5,0
473811,473816,473820,4,5
473811,473816,473820,4,5
473811,473816,473820,4,5
473811,473816,473821,5,5
473811,473816,473821,5,5
473811,473816,473821,5,5
473811,473816,473821,5,5
473811,473816,473821,5,5
473811,473816,473821,5,5
473811,473816,473821,5,5
473811,473816,473821,5,5
473811,473816,473821,5,5
473811,473816,473821,5,5
473811,473816,473821,5,5
473811,473816,473821,5,5
473811,473816,473821,5,5
473811,473816,473821,5,5
473811,473816,473821,5,5
473811,473816,473821,5,5
473811,473817,473821,4,6
473811,473816,473820,4,5
473811,473816,473821,5,5
473811,473816,473821,5,5
473811,473816,473821,5,5
473811,473816,473821,5,5
473811,473816,473821,5,5
473811,473816,473821,5,5
473811,473817,473821,4,6
473811,473816,473821,5,5
473811,473816,473821,5,5
473811,473816,473821,5,5
473811,473816,473821,5,5
473811,473816,473821,5,5
473811,473816,473821,5,5
473811,473817,473821,4,6
473811,473817,473821,4,6
473811,473817,473821,4,6
473811,473816,473821,5,5
473811,473816,473821,5,5
473811,473816,473821,5,5
473811,473817,473821,4,6
473811,473817,473821,4,6
473811,473816,473822,6,5
473811,473816,473822,6,5
473811,473817,473822,5,6
473811,473816,473821,5,5
473811,473816,473821,5,5
473811,473817,473822,5,6
473811,473816,473821,5,5
473811,473816,473821,5,5
473811,473816,473821,5,5
473811,473818,473821,3,7
473811,473818,473821,3,7
473811,473818,473821,3,7
473811,473817,473822,5,6
473811,473817,473822,5,6
473811,473817,473822,5,6
473811,473817,473822,5,6
473811,473816,473822,6,5
473811,473817,473822,5,6
473811,473817,473822,5,6
473811,473817,473822,5,6
473811,473817,473822,5,6
473811,473817,473823,6,6
473811,473817,473822,5,6
473811,473817,473822,5,6
473811,473817,473822,5,6
473811,473817,473822,5,6
473811,473817,473822,5,6
473811,473817,473822,5,6
473811,473817,473822,5,6
473811,473817,473822,5,6
473811,473817,473822,5,6
473811,473821,473823,2,10
473811,473817,473823,6,6
473811,473817,473823,6,6
473811,473817,473823,6,6
473811,473817,473823,6,6
473811,473817,473823,6,6
473811,473817,473823,6,6
473811,473817,473823,6,6
473811,473820,473823,3,9
473811,473821,473823,2,10
473811,473821,473823,2,10
473811,473822,473825,3,11
473811,473822,473825,3,11
473811,473822,473824,2,11
473811,473822,473824,2,11
473811,473822,473824,2,11
473811,473822,473825,3,11
473811,473822,473824,2,11
473811,473822,473824,2,11
473811,473822,473824,2,11
473811,473822,473824,2,11
473811,473822,473824,2,11
473811,473822,473824,2,11
473811,473822,473825,3,11
473811,473822,473824,2,11
473811,473822,473824,2,11
473811,473822,473824,2,11
473811,473822,473824,2,11
473811,473822,473825,3,11
473811,473822,473825,3,11
473811,473822,473824,2,11
473811,473822,473825,3,11
473811,473822,473825,3,11
473811,473822,473825,3,11
473811,473822,473825,3,11
473811,473822,473825,3,11
473811,473822,473825,3,11
473811,473822,473825,3,11
473811,473822,473825,3,11
473811,473822,473825,3,11
473811,473822,473825,3,11
473811,473822,473825,3,11
473811,473822,473825,3,11
473811,473822,473825,3,11
473811,473822,473825,3,11
473811,473822,473825,3,11
473811,473822,473825,3,11
473830,473830,473835,5,0
473830,473830,473835,5,0
473830,473830,473835,5,0
473830,473830,473835,5,0
473830,473830,473835,5,0
473830,473830,473835,5,0
473830,473830,473835,5,0
473830,473830,473835,5,0
473830,473830,473835,5,0
473830,473830,473835,5,0
473830,473830,473835,5,0
473830,473830,473835,5,0
473830,473830,473835,5,0
473830,473830,473835,5,0
473830,473830,473835,5,0
473830,473830,473834,4,0
473830,473830,473835,5,0
473830,473830,473835,5,0
473830,473830,473835,5,0
473830,473830,473835,5,0
473830,473830,473835,5,0
473830,473830,473834,4,0
473830,473830,473835,5,0
473830,473830,473835,5,0
473830,473830,473835,5,0
473830,473830,473835,5,0
473830,473830,473835,5,0
473830,473830,473835,5,0
473830,473830,473835,5,0
473830,473830,473835,5,0
473830,473830,473835,5,0
473830,473830,473835,5,0
473830,473830,473835,5,0
473830,473830,473835,5,0
473830,473830,473835,5,0
473830,473830,473835,5,0
473830,473830,473835,5,0
473830,473830,473835,5,0
473830,473830,473835,5,0
473830,473830,473835,5,0
473830,473830,473835,5,0
473830,473830,473835,5,0
473830,473830,473835,5,0
473830,473830,473835,5,0
473830,473830,473835,5,0
473830,473830,473835,5,0
473830,473830,473835,5,0
473830,473830,473835,5,0
473830,473830,473835,5,0
473830,473830,473835,5,0
473830,473830,473835,5,0
473830,473830,473835,5,0
473830,473830,473836,6,0
473830,473830,473836,6,0
473830,473830,473836,6,0
473830,473830,473836,6,0
473830,473830,473836,6,0
473830,473830,473835,5,0
473830,473830,473836,6,0
473830,473830,473836,6,0
473830,473830,473836,6,0
473830,473830,473835,5,0
473830,473830,473836,6,0
473830,473830,473836,6,0
473830,473830,473835,5,0
473830,473830,473836,6,0
473830,473830,473836,6,0
473830,473830,473835,5,0
473830,473830,473836,6,0
473830,473830,473835,5,0
473830,473830,473836,6,0
473830,473830,473836,6,0
473830,473830,473836,6,0
473830,473830,473836,6,0
473830,473830,473836,6,0
473830,473830,473835,5,0
473830,473830,473836,6,0
473830,473830,473835,5,0
473830,473830,473836,6,0
473830,473830,473835,5,0
473830,473835,473839,4,5
473830,473835,473839,4,5
473830,473835,473839,4,5
473830,473835,473840,5,5
473830,473835,473840,5,5
473830,473835,473841,6,5
473830,473835,473840,5,5
473830,473835,473841,6,5
473830,473835,473840,5,5
473830,473835,473840,5,5
473830,473835,473840,5,5
473830,473835,473840,5,5
473830,473835,473840,5,5
473830,473835,473840,5,5
473830,473835,473840,5,5
473830,473835,473840,5,5
473830,473835,473840,5,5
473830,473835,473840,5,5
473830,473835,473840,5,5
473830,473835,473840,5,5
473830,473835,473840,5,5
473830,473835,473840,5,5
473830,473835,473840,5,5
473830,473835,473840,5,5
473830,473835,473840,5,5
473830,473835,473840,5,5
473830,473835,473840,5,5
473830,473835,473840,5,5
473830,473835,473840,5,5
473830,473837,473841,4,7
473830,473835,473840,5,5
473830,473835,473840,5,5
473830,473835,473840,5,5
473830,473835,473840,5,5
473830,473835,473840,5,5
473830,473835,473840,5,5
473830,473835,473840,5,5
473830,473835,473840,5,5
473830,473837,473840,3,7
473830,473837,473841,4,7
473830,473835,473840,5,5
473830,473835,473840,5,5
473830,473835,473840,5,5
473830,473835,473840,5,5
473830,473837,473841,4,7
473830,473837,473841,4,7
473830,473835,473840,5,5
473830,473835,473840,5,5
473830,473835,473840,5,5
473830,473835,473840,5,5
473830,473835,473840,5,5
473830,473835,473840,5,5
473830,473835,473840,5,5
473830,473835,473840,5,5
473830,473835,473840,5,5
473830,473837,473840,3,7
473830,473837,473840,3,7
473830,473837,473840,3,7
473830,473837,473841,4,7
473830,473837,473841,4,7
473830,473837,473841,4,7
473830,473840,473841,1,10
473830,473837,473841,4,7
473830,473837,473841,4,7
473830,473837,473841,4,7
473830,473837,473841,4,7
473830,473837,473841,4,7
473830,473837,473841,4,7
473830,473837,473841,4,7
473830,473837,473841,4,7
473830,473840,473841,1,10
473830,473835,473841,6,5
473830,473837,473841,4,7
473830,473837,473841,4,7
473830,473837,473841,4,7
473830,473837,473841,4,7
473830,473837,473841,4,7
473830,473837,473841,4,7
473830,473837,473841,4,7
473830,473840,473841,1,10
473830,473837,473841,4,7
473830,473837,473841,4,7
473830,473837,473841,4,7
473830,473841,473844,3,11
473830,473841,473844,3,11
473830,473841,473844,3,11
473830,473841,473843,2,11
473830,473841,473844,3,11
473830,473841,473843,2,11
473830,473841,473843,2,11
473830,473841,473844,3,11
473830,473841,473843,2,11
473830,473841,473844,3,11
473830,473841,473843,2,11
473830,473841,473844,3,11
473830,473841,473844,3,11
473830,473841,473844,3,11
473830,473841,473843,2,11
473830,473841,473843,2,11
473830,473841,473843,2,11
473830,473841,473843,2,11
473830,473841,473844,3,11
473830,473841,473844,3,11
473830,473841,473843,2,11
473830,473841,473844,3,11
473830,473841,473844,3,11
473830,473841,473844,3,11
473830,473841,473844,3,11
473830,473841,473844,3,11
473830,473841,473844,3,11
473830,473841,473844,3,11
473830,473841,473844,3,11
473830,473841,473844,3,11
473830,473841,473844,3,11
473830,473841,473844,3,11
473830,473841,473844,3,11
473830,473841,473844,3,11
473830,473841,473844,3,11
473830,473841,473844,3,11
473830,473841,473844,3,11
473772,473772,474780,1008,0
475179,475179,475184,5,0
475179,475179,475184,5,0
475179,475179,475184,5,0
475179,475179,475184,5,0
475179,475179,475184,5,0
475179,475179,475184,5,0
475179,475179,475184,5,0
475179,475179,475184,5,0
475179,475179,475184,5,0
475179,475179,475184,5,0
475179,475179,475184,5,0
475179,475179,475183,4,0
475179,475179,475184,5,0
475179,475179,475184,5,0
475179,475179,475184,5,0
475179,475179,475184,5,0
475179,475179,475184,5,0
475179,475179,475184,5,0
475179,475179,475184,5,0
475179,475179,475184,5,0
475179,475179,475184,5,0
475179,475179,475184,5,0
475179,475179,475184,5,0
475179,475179,475184,5,0
475179,475179,475184,5,0
475179,475179,475184,5,0
475179,475179,475184,5,0
475179,475179,475184,5,0
475179,475179,475184,5,0
475179,475179,475184,5,0
475179,475179,475184,5,0
475179,475179,475184,5,0
475179,475179,475184,5,0
475179,475179,475184,5,0
475179,475179,475184,5,0
475179,475179,475184,5,0
475179,475179,475184,5,0
475179,475179,475184,5,0
475179,475179,475184,5,0
475179,475179,475184,5,0
475179,475179,475184,5,0
475179,475179,475184,5,0
475179,475179,475184,5,0
475179,475179,475184,5,0
475179,475179,475184,5,0
475179,475179,475184,5,0
475179,475179,475184,5,0
475179,475179,475184,5,0
475179,475179,475184,5,0
475179,475179,475184,5,0
475179,475179,475184,5,0
475179,475179,475184,5,0
475179,475179,475185,6,0
475179,475179,475184,5,0
475179,475179,475184,5,0
475179,475179,475184,5,0
475179,475179,475184,5,0
475179,475179,475184,5,0
475179,475179,475185,6,0
475179,475179,475184,5,0
475179,475179,475184,5,0
475179,475179,475185,6,0
475179,475179,475185,6,0
475179,475179,475185,6,0
475179,475179,475184,5,0
475179,475179,475185,6,0
475179,475179,475184,5,0
475179,475179,475185,6,0
475179,475179,475185,6,0
475179,475179,475185,6,0
475179,475179,475185,6,0
475179,475179,475186,7,0
475179,475179,475186,7,0
475179,475179,475186,7,0
475179,475179,475186,7,0
475179,475179,475186,7,0
475179,475179,475186,7,0
475179,475179,475186,7,0
475179,475179,475186,7,0
475179,475179,475186,7,0
475179,475184,475188,4,5
475179,475184,475188,4,5
475179,475184,475189,5,5
475179,475184,475188,4,5
475179,475184,475189,5,5
475179,475184,475189,5,5
475179,475184,475188,4,5
475179,475184,475188,4,5
475179,475184,475189,5,5
475179,475184,475189,5,5
475179,475184,475189,5,5
475179,475184,475189,5,5
475179,475184,475189,5,5
475179,475184,475189,5,5
475179,475184,475189,5,5
475179,475184,475189,5,5
475179,475184,475189,5,5
475179,475184,475189,5,5
475179,475184,475189,5,5
475179,475184,475189,5,5
475179,475186,475189,3,7
475179,475184,475189,5,5
475179,475184,475189,5,5
475179,475184,475189,5,5
475179,475184,475189,5,5
475179,475184,475189,5,5
475179,475184,475189,5,5
475179,475186,475190,4,7
475179,475186,475189,3,7
475179,475184,475189,5,5
475179,475185,475189,4,6
475179,475186,475189,3,7
475179,475186,475190,4,7
475179,475184,475189,5,5
475179,475184,475189,5,5
475179,475184,475189,5,5
475179,475184,475189,5,5
475179,475186,475189,3,7
475179,475184,475189,5,5
475179,475184,475189,5,5
475179,475184,475189,5,5
475179,475184,475189,5,5
475179,475184,475189,5,5
475179,475186,475189,3,7
475179,475184,475189,5,5
475179,475184,475189,5,5
475179,475184,475189,5,5
475179,475184,475189,5,5
475179,475184,475189,5,5
475179,475187,475189,2,8
475179,475184,475189,5,5
475179,475186,475190,4,7
475179,475186,475190,4,7
475179,475186,475190,4,7
475179,475184,475189,5,5
475179,475186,475189,3,7
475179,475186,475189,3,7
475179,475186,475190,4,7
475179,475184,475189,5,5
475179,475186,475189,3,7
475179,475186,475189,3,7
475179,475184,475189,5,5
475179,475184,475189,5,5
475179,475184,475189,5,5
475179,475187,475190,3,8
475179,475189,475191,2,10
475179,475189,475190,1,10
475179,475186,475191,5,7
475179,475186,475190,4,7
475179,475186,475190,4,7
475179,475186,475190,4,7
475179,475186,475190,4,7
475179,475186,475190,4,7
475179,475187,475190,3,8
475179,475189,475191,2,10
475179,475186,475190,4,7
475179,475186,475190,4,7
475179,475187,475190,3,8
475179,475187,475190,3,8
475179,475186,475190,4,7
475179,475187,475190,3,8
475179,475189,475191,2,10
475179,475189,475191,2,10
475179,475187,475190,3,8
475179,475187,475190,3,8
475179,475189,475191,2,10
475179,475189,475191,2,10
475179,475189,475191,2,10
475179,475190,475192,2,11
475179,475189,475191,2,10
475179,475189,475191,2,10
475179,475189,475191,2,10
475179,475189,475191,2,10
475179,475189,475191,2,10
475179,475190,475192,2,11
475179,475190,475192,2,11
475179,475190,475192,2,11
475179,475190,475192,2,11
475179,475190,475192,2,11
475179,475190,475192,2,11
475179,475190,475193,3,11
475179,475190,475192,2,11
475179,475190,475193,3,11
475179,475190,475193,3,11
475179,475190,475193,3,11
475179,475190,475193,3,11
475179,475190,475192,2,11
475179,475190,475192,2,11
475179,475190,475192,2,11
475179,475190,475193,3,11
475179,475190,475192,2,11
475179,475190,475193,3,11
475179,475190,475192,2,11
475179,475190,475192,2,11
475179,475190,475193,3,11
475179,475190,475193,3,11
475179,475190,475193,3,11
475179,475190,475193,3,11
475179,475190,475193,3,11
475179,475190,475193,3,11
475198,475198,475203,5,0
475198,475198,475203,5,0
475198,475198,475203,5,0
475198,475198,475204,6,0
475198,475198,475204,6,0
475198,475198,475204,6,0
475198,475198,475204,6,0
475198,475198,475204,6,0
475198,475198,475203,5,0
475198,475198,475204,6,0
475198,475198,475204,6,0
475198,475198,475204,6,0
475198,475198,475204,6,0
475198,475198,475204,6,0
475198,475198,475204,6,0
475198,475198,475204,6,0
475198,475198,475203,5,0
475198,475198,475203,5,0
475198,475198,475203,5,0
475198,475198,475203,5,0
475198,475198,475204,6,0
475198,475198,475204,6,0
475198,475198,475204,6,0
475198,475198,475203,5,0
475198,475198,475203,5,0
475198,475198,475203,5,0
475198,475198,475203,5,0
475198,475198,475203,5,0
475198,475198,475204,6,0
475198,475198,475203,5,0
475198,475198,475204,6,0
475198,475198,475204,6,0
475198,475198,475204,6,0
475198,475198,475204,6,0
475198,475198,475204,6,0
475198,475198,475204,6,0
475198,475198,475203,5,0
475198,475198,475203,5,0
475198,475198,475203,5,0
475198,475198,475203,5,0
475198,475198,475203,5,0
475198,475198,475203,5,0
475198,475198,475203,5,0
475198,475198,475203,5,0
475198,475198,475203,5,0
475198,475198,475203,5,0
475198,475198,475203,5,0
475198,475198,475203,5,0
475198,475198,475203,5,0
475198,475198,475203,5,0
475198,475198,475203,5,0
475198,475198,475204,6,0
475198,475198,475203,5,0
475198,475198,475203,5,0
475198,475198,475203,5,0
475198,475198,475204,6,0
475198,475198,475204,6,0
475198,475198,475204,6,0
475198,475198,475204,6,0
475198,475198,475204,6,0
475198,475198,475203,5,0
475198,475198,475203,5,0
475198,475198,475204,6,0
475198,475198,475204,6,0
475198,475198,475204,6,0
475198,475198,475205,7,0
475198,475198,475205,7,0
475198,475198,475205,7,0
475198,475198,475205,7,0
475198,475198,475205,7,0
475198,475198,475204,6,0
475198,475198,475204,6,0
475198,475198,475204,6,0
475198,475198,475204,6,0
475198,475198,475204,6,0
475198,475198,475205,7,0
475198,475198,475205,7,0
475198,475198,475204,6,0
475198,475198,475205,7,0
475198,475198,475204,6,0
475198,475203,475206,3,5
475198,475203,475206,3,5
475198,475203,475206,3,5
475198,475204,475209,5,6
475198,475204,475209,5,6
475198,475204,475209,5,6
475198,475204,475209,5,6
475198,475204,475209,5,6
475198,475204,475209,5,6
475198,475205,475209,4,7
475198,475204,475209,5,6
475198,475204,475209,5,6
475198,475204,475209,5,6
475198,475204,475209,5,6
475198,475205,475209,4,7
475198,475205,475209,4,7
475198,475205,475209,4,7
475198,475204,475209,5,6
475198,475204,475209,5,6
475198,475204,475209,5,6
475198,475204,475209,5,6
475198,475204,475209,5,6
475198,475204,475209,5,6
475198,475205,475209,4,7
475198,475205,475209,4,7
475198,475204,475209,5,6
475198,475204,475209,5,6
475198,475204,475209,5,6
475198,475204,475209,5,6
475198,475205,475209,4,7
475198,475204,475209,5,6
475198,475204,475209,5,6
475198,475204,475209,5,6
475198,475204,475210,6,6
475198,475204,475209,5,6
475198,475205,475209,4,7
475198,475205,475210,5,7
475198,475204,475209,5,6
475198,475204,475209,5,6
475198,475204,475209,5,6
475198,475204,475209,5,6
475198,475204,475209,5,6
475198,475206,475209,3,8
475198,475204,475209,5,6
475198,475204,475209,5,6
475198,475204,475209,5,6
475198,475206,475209,3,8
475198,475204,475209,5,6
475198,475204,475209,5,6
475198,475204,475209,5,6
475198,475204,475209,5,6
475198,475206,475210,4,8
475198,475204,475210,6,6
475198,475204,475210,6,6
475198,475204,475210,6,6
475198,475204,475210,6,6
475198,475204,475210,6,6
475198,475207,475211,4,9
475198,475206,475211,5,8
475198,475206,475210,4,8
475198,475206,475210,4,8
475198,475206,475211,5,8
475198,475206,475210,4,8
475198,475206,475210,4,8
475198,475205,475210,5,7
475198,475205,475210,5,7
475198,475205,475210,5,7
475198,475206,475210,4,8
475198,475206,475211,5,8
475198,475206,475211,5,8
475198,475206,475211,5,8
475198,475204,475210,6,6
475198,475205,475210,5,7
475198,475205,475210,5,7
475198,475205,475210,5,7
475198,475205,475210,5,7
475198,475206,475210,4,8
475198,475206,475210,4,8
475198,475209,475211,2,11
475198,475204,475210,6,6
475198,475204,475210,6,6
475198,475205,475210,5,7
475198,475207,475211,4,9
475198,475207,475211,4,9
475198,475210,475212,2,12
475198,475210,475212,2,12
475198,475210,475212,2,12
475198,475210,475212,2,12
475198,475210,475213,3,12
475198,475210,475213,3,12
475198,475210,475213,3,12
475198,475210,475212,2,12
475198,475210,475213,3,12
475198,475210,475213,3,12
475198,475210,475213,3,12
475198,475210,475213,3,12
475198,475210,475213,3,12
475198,475210,475213,3,12
475198,475210,475213,3,12
475198,475210,475213,3,12
475198,475210,475213,3,12
475198,475210,475213,3,12
475198,475210,475213,3,12
475198,475210,475214,4,12
475198,475210,475214,4,12
475198,475210,475214,4,12
475198,475210,475213,3,12
475198,475210,475213,3,12
475198,475210,475213,3,12
475198,475210,475213,3,12
475198,475210,475214,4,12
475198,475210,475213,3,12
475198,475210,475214,4,12
475198,475210,475214,4,12
475198,475210,475214,4,12
475198,475210,475214,4,12
475198,475210,475214,4,12
475198,475210,475214,4,12
475198,475210,475214,4,12
475198,475210,475214,4,12
475219,475219,475224,5,0
475219,475219,475224,5,0
475219,475219,475224,5,0
475219,475219,475224,5,0
475219,475219,475224,5,0
475219,475219,475224,5,0
475219,475219,475224,5,0
475219,475219,475224,5,0
475219,475219,475225,6,0
475219,475219,475224,5,0
475219,475219,475224,5,0
475219,475219,475224,5,0
475219,475219,475224,5,0
475219,475219,475224,5,0
475219,475219,475224,5,0
475219,475219,475224,5,0
475219,475219,475225,6,0
475219,475219,475224,5,0
475219,475219,475225,6,0
475219,475219,475224,5,0
475219,475219,475224,5,0
475219,475219,475224,5,0
475219,475219,475224,5,0
475219,475219,475224,5,0
475219,475219,475224,5,0
475219,475219,475225,6,0
475219,475219,475225,6,0
475219,475219,475224,5,0
475219,475219,475224,5,0
475219,475219,475224,5,0
475219,475219,475224,5,0
475219,475219,475224,5,0
475219,475219,475224,5,0
475219,475219,475224,5,0
475219,475219,475224,5,0
475219,475219,475224,5,0
475219,475219,475224,5,0
475219,475219,475224,5,0
475219,475219,475224,5,0
475219,475219,475225,6,0
475219,475219,475224,5,0
475219,475219,475224,5,0
475219,475219,475225,6,0
475219,475219,475224,5,0
475219,475219,475224,5,0
475219,475219,475224,5,0
475219,475219,475224,5,0
475219,475219,475224,5,0
475219,475219,475224,5,0
475219,475219,475225,6,0
475219,475219,475224,5,0
475219,475219,475224,5,0
475219,475219,475224,5,0
475219,475219,475224,5,0
475219,475219,475224,5,0
475219,475219,475224,5,0
475219,475219,475224,5,0
475219,475219,475224,5,0
475219,475219,475224,5,0
475219,475219,475224,5,0
475219,475219,475224,5,0
475219,475219,475224,5,0
475219,475219,475224,5,0
475219,475219,475225,6,0
475219,475219,475224,5,0
475219,475219,475224,5,0
475219,475219,475224,5,0
475219,475219,475224,5,0
475219,475219,475224,5,0
475219,475219,475224,5,0
475219,475219,475225,6,0
475219,475219,475225,6,0
475219,475219,475225,6,0
475219,475219,475225,6,0
475219,475219,475225,6,0
475219,475219,475225,6,0
475219,475219,475225,6,0
475219,475219,475225,6,0
475219,475219,475225,6,0
475219,475219,475225,6,0
475219,475225,475230,5,6
475219,475225,475230,5,6
475219,475225,475230,5,6
475219,475225,475230,5,6
475219,475225,475230,5,6
475219,475225,475230,5,6
475219,475225,475230,5,6
475219,475225,475230,5,6
475219,475225,475230,5,6
475219,475225,475230,5,6
475219,475225,475230,5,6
475219,475225,475230,5,6
475219,475225,475230,5,6
475219,475225,475230,5,6
475219,475225,475230,5,6
475219,475225,475230,5,6
475219,475225,475230,5,6
475219,475225,475230,5,6
475219,475225,475230,5,6
475219,475225,475230,5,6
475219,475225,475230,5,6
475219,475225,475230,5,6
475219,475225,475230,5,6
475219,475225,475230,5,6
475219,475225,475230,5,6
475219,475225,475230,5,6
475219,475225,475230,5,6
475219,475225,475230,5,6
475219,475225,475230,5,6
475219,475225,475230,5,6
475219,475225,475230,5,6
475219,475225,475230,5,6
475219,475225,475230,5,6
475219,475225,475230,5,6
475219,475225,475230,5,6
475219,475225,475230,5,6
475219,475225,475230,5,6
475219,475225,475230,5,6
475219,475225,475230,5,6
475219,475225,475230,5,6
475219,475225,475230,5,6
475219,475225,475230,5,6
475219,475226,475230,4,7
475219,475226,475230,4,7
475219,475225,475230,5,6
475219,475225,475230,5,6
475219,475225,475230,5,6
475219,475225,475230,5,6
475219,475225,475230,5,6
475219,475225,475230,5,6
475219,475225,475230,5,6
475219,475225,475230,5,6
475219,475225,475230,5,6
475219,475225,475230,5,6
475219,475225,475230,5,6
475219,475225,475230,5,6
475219,475226,475230,4,7
475219,475226,475230,4,7
475219,475225,475230,5,6
475219,475225,475230,5,6
475219,475225,475230,5,6
475219,475225,475230,5,6
475219,475225,475230,5,6
475219,475225,475230,5,6
475219,475225,475230,5,6
475219,475226,475231,5,7
475219,475226,475231,5,7
475219,475226,475231,5,7
475219,475226,475231,5,7
475219,475225,475231,6,6
475219,475225,475231,6,6
475219,475225,475231,6,6
475219,475225,475231,6,6
475219,475225,475231,6,6
475219,475225,475231,6,6
475219,475226,475232,6,7
475219,475225,475231,6,6
475219,475225,475231,6,6
475219,475225,475231,6,6
475219,475225,475231,6,6
475219,475231,475234,3,12
475219,475231,475233,2,12
475219,475231,475233,2,12
475219,475231,475233,2,12
475219,475231,475234,3,12
475219,475231,475234,3,12
475219,475231,475234,3,12
475219,475231,475234,3,12
475219,475231,475233,2,12
475219,475231,475234,3,12
475219,475231,475233,2,12
475219,475231,475234,3,12
475219,475231,475234,3,12
475219,475231,475234,3,12
475219,475231,475234,3,12
475219,475231,475234,3,12
475219,475231,475234,3,12
475219,475231,475234,3,12
475219,475231,475234,3,12
475219,475231,475235,4,12
475219,475231,475234,3,12
475219,475231,475234,3,12
475219,475231,475235,4,12
475219,475231,475235,4,12
475219,475231,475234,3,12
475219,475231,475234,3,12
475219,475231,475234,3,12
475219,475231,475234,3,12
475219,475231,475234,3,12
475219,475231,475235,4,12
475219,475231,475234,3,12
475219,475231,475234,3,12
475219,475231,475235,4,12
475219,475231,475235,4,12
475219,475231,475234,3,12
475219,475231,475235,4,12
475219,475231,475234,3,12
475219,475231,475235,4,12
475219,475231,475234,3,12
475219,475231,475234,3,12
475239,475239,475244,5,0
475239,475239,475244,5,0
475239,475239,475244,5,0
475239,475239,475244,5,0
475239,475239,475244,5,0
475239,475239,475244,5,0
475239,475239,475244,5,0
475239,475239,475244,5,0
475239,475239,475244,5,0
475239,475239,475244,5,0
475239,475239,475244,5,0
475239,475239,475244,5,0
475239,475239,475244,5,0
475239,475239,475244,5,0
475239,475239,475244,5,0
475239,475239,475244,5,0
475239,475239,475244,5,0
475239,475239,475244,5,0
475239,475239,475244,5,0
475239,475239,475244,5,0
475239,475239,475244,5,0
475239,475239,475244,5,0
475239,475239,475244,5,0
475239,475239,475244,5,0
475239,475239,475244,5,0
475239,475239,475244,5,0
475239,475239,475244,5,0
475239,475239,475244,5,0
475239,475239,475244,5,0
475239,475239,475244,5,0
475239,475239,475244,5,0
475239,475239,475244,5,0
475239,475239,475244,5,0
475239,475239,475244,5,0
475239,475239,475244,5,0
475239,475239,475244,5,0
475239,475239,475244,5,0
475239,475239,475244,5,0
475239,475239,475244,5,0
475239,475239,475244,5,0
475239,475239,475244,5,0
475239,475239,475244,5,0
475239,475239,475244,5,0
475239,475239,475244,5,0
475239,475239,475244,5,0
475239,475239,475244,5,0
475239,475239,475244,5,0
475239,475239,475244,5,0
475239,475239,475244,5,0
475239,475239,475244,5,0
475239,475239,475244,5,0
475239,475239,475244,5,0
475239,475239,475244,5,0
475239,475239,475244,5,0
475239,475239,475244,5,0
475239,475239,475244,5,0
475239,475239,475245,6,0
475239,475239,475244,5,0
475239,475239,475244,5,0
475239,475239,475244,5,0
475239,475239,475245,6,0
475239,475239,475244,5,0
475239,475239,475245,6,0
475239,475239,475245,6,0
475239,475239,475244,5,0
475239,475239,475244,5,0
475239,475239,475244,5,0
475239,475239,475244,5,0
475239,475239,475244,5,0
475239,475239,475244,5,0
475239,475239,475244,5,0
475239,475239,475244,5,0
475239,475239,475245,6,0
475239,475239,475245,6,0
475239,475239,475245,6,0
475239,475239,475246,7,0
475239,475239,475245,6,0
475239,475239,475245,6,0
475239,475239,475245,6,0
475239,475239,475245,6,0
475239,475244,475248,4,5
475239,475244,475248,4,5
475239,475244,475248,4,5
475239,475244,475249,5,5
475239,475244,475249,5,5
475239,475244,475249,5,5
475239,475244,475249,5,5
475239,475244,475249,5,5
475239,475244,475249,5,5
475239,475244,475249,5,5
475239,475244,475249,5,5
475239,475244,475249,5,5
475239,475244,475249,5,5
475239,475244,475249,5,5
475239,475244,475249,5,5
475239,475244,475249,5,5
475239,475244,475249,5,5
475239,475244,475249,5,5
475239,475244,475249,5,5
475239,475244,475249,5,5
475239,475244,475249,5,5
475239,475244,475249,5,5
475239,475244,475249,5,5
475239,475244,475249,5,5
475239,475244,475249,5,5
475239,475244,475249,5,5
475239,475244,475249,5,5
475239,475244,475249,5,5
475239,475244,475249,5,5
475239,475245,475249,4,6
475239,475244,475249,5,5
475239,475244,475249,5,5
475239,475244,475249,5,5
475239,475245,475249,4,6
475239,475244,475249,5,5
475239,475244,475249,5,5
475239,475244,475249,5,5
475239,475244,475249,5,5
475239,475244,475249,5,5
475239,475244,475249,5,5
475239,475244,475249,5,5
475239,475244,475249,5,5
475239,475245,475249,4,6
475239,475245,475249,4,6
475239,475244,475249,5,5
475239,475244,475249,5,5
475239,475244,475249,5,5
475239,475245,475249,4,6
475239,475245,475249,4,6
475239,475244,475249,5,5
475239,475244,475249,5,5
475239,475244,475249,5,5
475239,475245,475249,4,6
475239,475245,475249,4,6
475239,475244,475249,5,5
475239,475244,475249,5,5
475239,475245,475249,4,6
475239,475245,475249,4,6
475239,475245,475249,4,6
475239,475245,475250,5,6
475239,475245,475249,4,6
475239,475246,475250,4,7
475239,475246,475250,4,7
475239,475249,475251,2,10
475239,475245,475250,5,6
475239,475245,475250,5,6
475239,475245,475250,5,6
475239,475245,475250,5,6
475239,475246,475250,4,7
475239,475246,475250,4,7
475239,475246,475250,4,7
475239,475246,475250,4,7
475239,475245,475250,5,6
475239,475245,475250,5,6
475239,475248,475251,3,9
475239,475245,475250,5,6
475239,475245,475250,5,6
475239,475248,475250,2,9
475239,475246,475250,4,7
475239,475245,475250,5,6
475239,475245,475250,5,6
475239,475245,475250,5,6
475239,475246,475250,4,7
475239,475249,475251,2,10
475239,475249,475251,2,10
475239,475249,475251,2,10
475239,475250,475252,2,11
475239,475250,475252,2,11
475239,475250,475252,2,11
475239,475250,475252,2,11
475239,475249,475252,3,10
475239,475249,475252,3,10
475239,475249,475251,2,10
475239,475249,475252,3,10
475239,475249,475252,3,10
475239,475250,475252,2,11
475239,475250,475252,2,11
475239,475250,475252,2,11
475239,475250,475253,3,11
475239,475250,475253,3,11
475239,475250,475253,3,11
475239,475250,475253,3,11
475239,475250,475252,2,11
475239,475250,475252,2,11
475239,475250,475252,2,11
475239,475250,475252,2,11
475239,475250,475252,2,11
475239,475250,475252,2,11
475239,475250,475252,2,11
475239,475250,475252,2,11
475239,475250,475252,2,11
475239,475250,475252,2,11
475239,475250,475252,2,11
475239,475250,475252,2,11
475239,475250,475252,2,11
475239,475250,475252,2,11
475239,475250,475252,2,11
475239,475250,475252,2,11
475239,475250,475252,2,11
475239,475250,475252,2,11
475257,475257,475262,5,0
475257,475257,475262,5,0
475257,475257,475262,5,0
475257,475257,475262,5,0
475257,475257,475262,5,0
475257,475257,475262,5,0
475257,475257,475262,5,0
475257,475257,475262,5,0
475257,475257,475262,5,0
475257,475257,475262,5,0
475257,475257,475262,5,0
475257,475257,475262,5,0
475257,475257,475262,5,0
475257,475257,475262,5,0
475257,475257,475262,5,0
475257,475257,475262,5,0
475257,475257,475262,5,0
475257,475257,475262,5,0
475257,475257,475262,5,0
475257,475257,475262,5,0
475257,475257,475262,5,0
475257,475257,475262,5,0
475257,475257,475262,5,0
475257,475257,475262,5,0
475257,475257,475262,5,0
475257,475257,475262,5,0
475257,475257,475262,5,0
475257,475257,475262,5,0
475257,475257,475262,5,0
475257,475257,475262,5,0
475257,475257,475262,5,0
475257,475257,475262,5,0
475257,475257,475262,5,0
475257,475257,475262,5,0
475257,475257,475262,5,0
475257,475257,475262,5,0
475257,475257,475262,5,0
475257,475257,475262,5,0
475257,475257,475262,5,0
475257,475257,475262,5,0
475257,475257,475262,5,0
475257,475257,475262,5,0
475257,475257,475262,5,0
475257,475257,475262,5,0
475257,475257,475262,5,0
475257,475257,475262,5,0
475257,475257,475262,5,0
475257,475257,475262,5,0
475257,475257,475262,5,0
475257,475257,475262,5,0
475257,475257,475262,5,0
475257,475257,475262,5,0
475257,475257,475262,5,0
475257,475257,475262,5,0
475257,475257,475262,5,0
475257,475257,475262,5,0
475257,475257,475262,5,0
475257,475257,475262,5,0
475257,475257,475262,5,0
475257,475257,475262,5,0
475257,475257,475263,6,0
475257,475257,475263,6,0
475257,475257,475263,6,0
475257,475257,475263,6,0
475257,475257,475263,6,0
475257,475257,475263,6,0
475257,475257,475263,6,0
475257,475257,475263,6,0
475257,475257,475263,6,0
475257,475257,475263,6,0
475257,475257,475263,6,0
475257,475257,475263,6,0
475257,475257,475263,6,0
475257,475257,475263,6,0
475257,475257,475263,6,0
475257,475257,475263,6,0
475257,475257,475263,6,0
475257,475257,475263,6,0
475257,475257,475264,7,0
475257,475257,475264,7,0
475257,475263,475267,4,6
475257,475263,475268,5,6
475257,475263,475268,5,6
475257,475263,475267,4,6
475257,475263,475267,4,6
475257,475263,475267,4,6
475257,475263,475267,4,6
475257,475263,475267,4,6
475257,475263,475267,4,6
475257,475263,475267,4,6
475257,475263,475267,4,6
475257,475263,475267,4,6
475257,475263,475268,5,6
475257,475263,475268,5,6
475257,475264,475267,3,7
475257,475263,475267,4,6
475257,475263,475267,4,6
475257,475263,475268,5,6
475257,475263,475268,5,6
475257,475263,475268,5,6
475257,475263,475267,4,6
475257,475263,475267,4,6
475257,475263,475267,4,6
475257,475263,475267,4,6
475257,475263,475268,5,6
475257,475263,475267,4,6
475257,475263,475267,4,6
475257,475263,475267,4,6
475257,475263,475267,4,6
475257,475263,475267,4,6
475257,475263,475268,5,6
475257,475263,475267,4,6
475257,475263,475267,4,6
475257,475263,475267,4,6
475257,475263,475267,4,6
475257,475264,475268,4,7
475257,475264,475268,4,7
475257,475264,475267,3,7
475257,475263,475267,4,6
475257,475263,475267,4,6
475257,475263,475267,4,6
475257,475263,475267,4,6
475257,475263,475267,4,6
475257,475263,475268,5,6
475257,475264,475268,4,7
475257,475263,475267,4,6
475257,475263,475267,4,6
475257,475263,475267,4,6
475257,475263,475267,4,6
475257,475264,475267,3,7
475257,475264,475267,3,7
475257,475262,475268,6,5
475257,475263,475268,5,6
475257,475263,475268,5,6
475257,475263,475269,6,6
475257,475263,475268,5,6
475257,475263,475268,5,6
475257,475263,475269,6,6
475257,475263,475269,6,6
475257,475263,475268,5,6
475257,475263,475268,5,6
475257,475263,475268,5,6
475257,475263,475268,5,6
475257,475264,475268,4,7
475257,475263,475268,5,6
475257,475264,475268,4,7
475257,475264,475268,4,7
475257,475264,475268,4,7
475257,475264,475268,4,7
475257,475264,475268,4,7
475257,475263,475268,5,6
475257,475264,475268,4,7
475257,475264,475268,4,7
475257,475265,475269,4,8
475257,475265,475269,4,8
475257,475263,475268,5,6
475257,475263,475269,6,6
475257,475263,475268,5,6
475257,475264,475268,4,7
475257,475264,475269,5,7
475257,475268,475270,2,11
475257,475268,475270,2,11
475257,475267,475269,2,10
475257,475268,475271,3,11
475257,475268,475271,3,11
475257,475268,475271,3,11
475257,475268,475271,3,11
475257,475268,475271,3,11
475257,475268,475271,3,11
475257,475268,475271,3,11
475257,475268,475271,3,11
475257,475268,475271,3,11
475257,475268,475271,3,11
475257,475268,475271,3,11
475257,475268,475271,3,11
475257,475268,475271,3,11
475257,475268,475271,3,11
475257,475268,475271,3,11
475257,475268,475271,3,11
475257,475268,475271,3,11
475257,475268,475271,3,11
475257,475268,475271,3,11
475257,475268,475271,3,11
475257,475268,475272,4,11
475257,475268,475272,4,11
475257,475268,475271,3,11
475257,475268,475272,4,11
475257,475268,475272,4,11
475257,475268,475272,4,11
475257,475268,475272,4,11
475257,475268,475272,4,11
475257,475268,475272,4,11
475257,475268,475271,3,11
475257,475268,475272,4,11
475257,475268,475272,4,11
475257,475268,475271,3,11
475257,475268,475272,4,11
475257,475268,475272,4,11
475257,475268,475272,4,11
475257,475268,475272,4,11
475472,475473,475478,5,1
475472,475473,475478,5,1
475472,475473,475478,5,1
475472,475473,475478,5,1
475472,475473,475478,5,1
475472,475473,475478,5,1
475472,475473,475478,5,1
475472,475473,475478,5,1
475472,475473,475478,5,1
475472,475473,475478,5,1
475472,475473,475478,5,1
475472,475473,475478,5,1
475472,475473,475478,5,1
475472,475473,475478,5,1
475472,475473,475478,5,1
475472,475473,475478,5,1
475472,475473,475478,5,1
475472,475473,475478,5,1
475472,475473,475478,5,1
475472,475473,475478,5,1
475472,475473,475478,5,1
475472,475473,475478,5,1
475472,475473,475478,5,1
475472,475473,475478,5,1
475472,475473,475478,5,1
475472,475473,475478,5,1
475472,475473,475478,5,1
475472,475473,475478,5,1
475472,475473,475478,5,1
475472,475473,475478,5,1
475472,475473,475478,5,1
475472,475473,475479,6,1
475472,475473,475479,6,1
475472,475473,475478,5,1
475472,475473,475478,5,1
475472,475473,475478,5,1
475472,475473,475478,5,1
475472,475473,475478,5,1
475472,475473,475479,6,1
475472,475473,475478,5,1
475472,475473,475478,5,1
475472,475473,475478,5,1
475472,475473,475478,5,1
475472,475473,475478,5,1
475472,475473,475479,6,1
475472,475473,475478,5,1
475472,475473,475478,5,1
475472,475473,475478,5,1
475472,475473,475478,5,1
475472,475473,475478,5,1
475472,475473,475478,5,1
475472,475473,475478,5,1
475472,475473,475479,6,1
475472,475473,475478,5,1
475472,475473,475478,5,1
475472,475473,475478,5,1
475472,475473,475478,5,1
475472,475473,475478,5,1
475472,475473,475478,5,1
475472,475473,475478,5,1
475472,475473,475478,5,1
475472,475473,475478,5,1
475472,475473,475478,5,1
475472,475473,475478,5,1
475472,475473,475478,5,1
475472,475473,475478,5,1
475472,475473,475479,6,1
475472,475473,475479,6,1
475472,475473,475479,6,1
475472,475473,475479,6,1
475472,475473,475479,6,1
475472,475473,475479,6,1
475472,475473,475479,6,1
475472,475473,475479,6,1
475472,475473,475479,6,1
475472,475473,475479,6,1
475472,475478,475479,1,6
475472,475473,475479,6,1
475472,475473,475479,6,1
475472,475478,475479,1,6
475472,475473,475479,6,1
475472,475473,475479,6,1
475472,475479,475482,3,7
475472,475479,475483,4,7
475472,475479,475483,4,7
475472,475479,475483,4,7
475472,475479,475484,5,7
475472,475479,475484,5,7
475472,475479,475484,5,7
475472,475479,475483,4,7
475472,475479,475483,4,7
475472,475479,475483,4,7
475472,475479,475484,5,7
475472,475479,475483,4,7
475472,475479,475484,5,7
475472,475479,475484,5,7
475472,475479,475484,5,7
475472,475479,475484,5,7
475472,475479,475484,5,7
475472,475479,475484,5,7
475472,475479,475484,5,7
475472,475479,475483,4,7
475472,475479,475483,4,7
475472,475479,475483,4,7
475472,475479,475483,4,7
475472,475479,475484,5,7
475472,475479,475484,5,7
475472,475479,475484,5,7
475472,475479,475484,5,7
475472,475479,475484,5,7
475472,475479,475484,5,7
475472,475479,475484,5,7
475472,475479,475484,5,7
475472,475479,475483,4,7
475472,475479,475483,4,7
475472,475479,475483,4,7
475472,475479,475483,4,7
475472,475479,475483,4,7
475472,475479,475483,4,7
475472,475480,475484,4,8
475472,475479,475483,4,7
475472,475479,475483,4,7
475472,475479,475483,4,7
475472,475479,475483,4,7
475472,475479,475483,4,7
475472,475480,475483,3,8
475472,475480,475484,4,8
475472,475480,475484,4,8
475472,475479,475483,4,7
475472,475479,475483,4,7
475472,475479,475483,4,7
475472,475479,475483,4,7
475472,475479,475483,4,7
475472,475479,475483,4,7
475472,475480,475484,4,8
475472,475480,475484,4,8
475472,475479,475483,4,7
475472,475479,475483,4,7
475472,475479,475483,4,7
475472,475479,475483,4,7
475472,475479,475484,5,7
475472,475479,475483,4,7
475472,475479,475484,5,7
475472,475480,475484,4,8
475472,475479,475484,5,7
475472,475479,475484,5,7
475472,475479,475484,5,7
475472,475479,475484,5,7
475472,475479,475484,5,7
475472,475479,475484,5,7
475472,475479,475484,5,7
475472,475479,475484,5,7
475472,475479,475484,5,7
475472,475480,475484,4,8
475472,475480,475484,4,8
475472,475480,475484,4,8
475472,475479,475484,5,7
475472,475480,475484,4,8
475472,475480,475485,5,8
475472,475480,475484,4,8
475472,475480,475485,5,8
475472,475480,475485,5,8
475472,475482,475485,3,10
475472,475484,475487,3,12
475472,475484,475487,3,12
475472,475484,475487,3,12
475472,475484,475487,3,12
475472,475484,475487,3,12
475472,475484,475487,3,12
475472,475484,475487,3,12
475472,475484,475487,3,12
475472,475484,475487,3,12
475472,475484,475487,3,12
475472,475484,475487,3,12
475472,475484,475487,3,12
475472,475484,475487,3,12
475472,475484,475487,3,12
475472,475484,475487,3,12
475472,475484,475487,3,12
475472,475484,475487,3,12
475472,475484,475488,4,12
475472,475484,475488,4,12
475472,475484,475488,4,12
475472,475484,475488,4,12
475472,475484,475488,4,12
475472,475484,475488,4,12
475472,475484,475488,4,12
475472,475484,475488,4,12
475472,475484,475488,4,12
475472,475484,475488,4,12
475472,475484,475488,4,12
475472,475484,475488,4,12
475472,475484,475488,4,12
475472,475484,475488,4,12
475472,475485,475488,3,13
475472,475484,475488,4,12
475472,475484,475488,4,12
475472,475484,475488,4,12
475472,475484,475488,4,12
475472,475484,475488,4,12
475493,475493,475497,4,0
475493,475493,475498,5,0
475493,475493,475498,5,0
475493,475493,475498,5,0
475493,475493,475498,5,0
475493,475493,475498,5,0
475493,475493,475498,5,0
475493,475493,475498,5,0
475493,475493,475498,5,0
475493,475493,475498,5,0
475493,475493,475498,5,0
475493,475493,475498,5,0
475493,475493,475498,5,0
475493,475493,475498,5,0
475493,475493,475498,5,0
475493,475493,475498,5,0
475493,475493,475498,5,0
475493,475493,475498,5,0
475493,475493,475498,5,0
475493,475493,475498,5,0
475493,475493,475498,5,0
475493,475493,475498,5,0
475493,475493,475498,5,0
475493,475493,475498,5,0
475493,475493,475498,5,0
475493,475493,475498,5,0
475493,475493,475498,5,0
475493,475493,475498,5,0
475493,475493,475497,4,0
475493,475493,475498,5,0
475493,475493,475498,5,0
475493,475493,475498,5,0
475493,475493,475498,5,0
475493,475493,475498,5,0
475493,475493,475498,5,0
475493,475493,475498,5,0
475493,475493,475498,5,0
475493,475493,475498,5,0
475493,475493,475498,5,0
475493,475493,475498,5,0
475493,475493,475498,5,0
475493,475493,475498,5,0
475493,475493,475498,5,0
475493,475493,475498,5,0
475493,475493,475498,5,0
475493,475493,475498,5,0
475493,475493,475498,5,0
475493,475493,475498,5,0
475493,475493,475498,5,0
475493,475493,475498,5,0
475493,475493,475498,5,0
475493,475493,475498,5,0
475493,475493,475498,5,0
475493,475493,475498,5,0
475493,475493,475498,5,0
475493,475493,475498,5,0
475493,475493,475498,5,0
475493,475493,475498,5,0
475493,475493,475499,6,0
475493,475493,475498,5,0
475493,475493,475498,5,0
475493,475493,475498,5,0
475493,475493,475499,6,0
475493,475493,475499,6,0
475493,475493,475499,6,0
475493,475493,475499,6,0
475493,475493,475499,6,0
475493,475493,475499,6,0
475493,475493,475499,6,0
475493,475493,475499,6,0
475493,475493,475499,6,0
475493,475493,475499,6,0
475493,475493,475499,6,0
475493,475493,475499,6,0
475493,475493,475499,6,0
475493,475493,475499,6,0
475493,475493,475499,6,0
475493,475493,475500,7,0
475493,475493,475500,7,0
475493,475493,475500,7,0
475493,475499,475504,5,6
475493,475499,475504,5,6
475493,475499,475504,5,6
475493,475499,475504,5,6
475493,475499,475504,5,6
475493,475499,475504,5,6
475493,475499,475504,5,6
475493,475499,475504,5,6
475493,475499,475504,5,6
475493,475499,475504,5,6
475493,475499,475504,5,6
475493,475499,475504,5,6
475493,475499,475504,5,6
475493,475499,475504,5,6
475493,475499,475504,5,6
475493,475499,475504,5,6
475493,475499,475505,6,6
475493,475499,475504,5,6
475493,475499,475504,5,6
475493,475499,475504,5,6
475493,475498,475504,6,5
475493,475499,475504,5,6
475493,475499,475504,5,6
475493,475499,475504,5,6
475493,475499,475505,6,6
475493,475499,475504,5,6
475493,475498,475504,6,5
475493,475499,475504,5,6
475493,475499,475504,5,6
475493,475499,475504,5,6
475493,475500,475504,4,7
475493,475500,475504,4,7
475493,475500,475504,4,7
475493,475499,475504,5,6
475493,475499,475504,5,6
475493,475499,475504,5,6
475493,475499,475504,5,6
475493,475499,475504,5,6
475493,475499,475505,6,6
475493,475500,475505,5,7
475493,475500,475505,5,7
475493,475499,475504,5,6
475493,475499,475504,5,6
475493,475499,475504,5,6
475493,475499,475504,5,6
475493,475500,475504,4,7
475493,475500,475504,4,7
475493,475500,475504,4,7
475493,475499,475504,5,6
475493,475499,475504,5,6
475493,475499,475504,5,6
475493,475499,475504,5,6
475493,475500,475504,4,7
475493,475500,475504,4,7
475493,475500,475504,4,7
475493,475499,475504,5,6
475493,475499,475504,5,6
475493,475499,475504,5,6
475493,475499,475504,5,6
475493,475499,475504,5,6
475493,475499,475504,5,6
475493,475500,475505,5,7
475493,475500,475505,5,7
475493,475499,475504,5,6
475493,475499,475504,5,6
475493,475499,475504,5,6
475493,475499,475504,5,6
475493,475499,475504,5,6
475493,475499,475504,5,6
475493,475500,475504,4,7
475493,475500,475504,4,7
475493,475501,475505,4,8
475493,475501,475505,4,8
475493,475499,475505,6,6
475493,475499,475505,6,6
475493,475499,475505,6,6
475493,475499,475505,6,6
475493,475501,475505,4,8
475493,475499,475505,6,6
475493,475499,475505,6,6
475493,475505,475507,2,12
475493,475505,475508,3,12
475493,475505,475508,3,12
475493,475505,475508,3,12
475493,475505,475507,2,12
475493,475505,475507,2,12
475493,475505,475507,2,12
475493,475505,475508,3,12
475493,475505,475507,2,12
475493,475505,475507,2,12
475493,475505,475508,3,12
475493,475505,475508,3,12
475493,475505,475508,3,12
475493,475505,475508,3,12
475493,475505,475508,3,12
475493,475505,475508,3,12
475493,475505,475508,3,12
475493,475505,475508,3,12
475493,475505,475508,3,12
475493,475505,475508,3,12
475493,475505,475508,3,12
475493,475505,475508,3,12
475493,475505,475508,3,12
475493,475505,475508,3,12
475493,475505,475508,3,12
475493,475505,475508,3,12
475493,475505,475508,3,12
475493,475505,475508,3,12
475493,475505,475508,3,12
475493,475505,475508,3,12
475493,475505,475509,4,12
475493,475505,475509,4,12
475493,475505,475509,4,12
475493,475505,475509,4,12
475493,475505,475509,4,12
475493,475505,475509,4,12
475493,475505,475509,4,12
475493,475505,475508,3,12
475493,475505,475509,4,12
475493,475505,475509,4,12
475513,475514,475519,5,1
475513,475514,475519,5,1
475513,475514,475519,5,1
475513,475514,475519,5,1
475513,475514,475519,5,1
475513,475514,475519,5,1
475513,475514,475519,5,1
475513,475514,475519,5,1
475513,475514,475519,5,1
475513,475514,475519,5,1
475513,475514,475519,5,1
475513,475514,475519,5,1
475513,475514,475520,6,1
475513,475514,475519,5,1
475513,475514,475519,5,1
475513,475514,475519,5,1
475513,475514,475519,5,1
475513,475514,475519,5,1
475513,475514,475520,6,1
475513,475514,475519,5,1
475513,475514,475519,5,1
475513,475514,475519,5,1
475513,475514,475519,5,1
475513,475514,475519,5,1
475513,475514,475519,5,1
475513,475514,475519,5,1
475513,475514,475519,5,1
475513,475514,475519,5,1
475513,475514,475519,5,1
475513,475514,475519,5,1
475513,475514,475520,6,1
475513,475514,475520,6,1
475513,475514,475519,5,1
475513,475514,475519,5,1
475513,475514,475519,5,1
475513,475514,475519,5,1
475513,475514,475519,5,1
475513,475514,475519,5,1
475513,475514,475519,5,1
475513,475514,475519,5,1
475513,475514,475519,5,1
475513,475514,475519,5,1
475513,475514,475519,5,1
475513,475514,475519,5,1
475513,475514,475519,5,1
475513,475514,475520,6,1
475513,475514,475520,6,1
475513,475514,475519,5,1
475513,475514,475519,5,1
475513,475514,475519,5,1
475513,475514,475520,6,1
475513,475514,475520,6,1
475513,475514,475519,5,1
475513,475514,475519,5,1
475513,475514,475519,5,1
475513,475514,475519,5,1
475513,475514,475519,5,1
475513,475514,475519,5,1
475513,475514,475520,6,1
475513,475514,475519,5,1
475513,475514,475519,5,1
475513,475514,475519,5,1
475513,475514,475519,5,1
475513,475514,475519,5,1
475513,475514,475519,5,1
475513,475514,475519,5,1
475513,475514,475520,6,1
475513,475514,475520,6,1
475513,475514,475520,6,1
475513,475514,475520,6,1
475513,475514,475520,6,1
475513,475514,475520,6,1
475513,475514,475520,6,1
475513,475514,475520,6,1
475513,475514,475520,6,1
475513,475514,475520,6,1
475513,475514,475520,6,1
475513,475514,475520,6,1
475513,475514,475520,6,1
475513,475514,475520,6,1
475513,475520,475524,4,7
475513,475520,475523,3,7
475513,475520,475525,5,7
475513,475520,475524,4,7
475513,475520,475525,5,7
475513,475520,475525,5,7
475513,475520,475525,5,7
475513,475520,475525,5,7
475513,475520,475525,5,7
475513,475520,475525,5,7
475513,475520,475525,5,7
475513,475520,475525,5,7
475513,475520,475525,5,7
475513,475520,475525,5,7
475513,475520,475525,5,7
475513,475520,475525,5,7
475513,475520,475525,5,7
475513,475520,475525,5,7
475513,475520,475525,5,7
475513,475520,475525,5,7
475513,475520,475525,5,7
475513,475520,475525,5,7
475513,475520,475525,5,7
475513,475520,475525,5,7
475513,475520,475525,5,7
475513,475520,475525,5,7
475513,475520,475525,5,7
475513,475520,475525,5,7
475513,475520,475525,5,7
475513,475520,475525,5,7
475513,475520,475524,4,7
475513,475520,475525,5,7
475513,475520,475525,5,7
475513,475520,475525,5,7
475513,475520,475525,5,7
475513,475520,475525,5,7
475513,475520,475525,5,7
475513,475520,475524,4,7
475513,475520,475524,4,7
475513,475520,475525,5,7
475513,475520,475525,5,7
475513,475520,475525,5,7
475513,475520,475525,5,7
475513,475520,475525,5,7
475513,475520,475525,5,7
475513,475520,475525,5,7
475513,475520,475525,5,7
475513,475520,475525,5,7
475513,475520,475525,5,7
475513,475520,475525,5,7
475513,475520,475525,5,7
475513,475520,475525,5,7
475513,475520,475525,5,7
475513,475520,475525,5,7
475513,475520,475525,5,7
475513,475520,475525,5,7
475513,475520,475525,5,7
475513,475520,475525,5,7
475513,475520,475525,5,7
475513,475520,475525,5,7
475513,475520,475525,5,7
475513,475520,475525,5,7
475513,475521,475525,4,8
475513,475520,475525,5,7
475513,475520,475525,5,7
475513,475521,475526,5,8
475513,475520,475525,5,7
475513,475520,475525,5,7
475513,475521,475526,5,8
475513,475521,475526,5,8
475513,475521,475525,4,8
475513,475521,475526,5,8
475513,475521,475526,5,8
475513,475521,475526,5,8
475513,475521,475526,5,8
475513,475520,475526,6,7
475513,475521,475526,5,8
475513,475521,475526,5,8
475513,475521,475526,5,8
475513,475525,475527,2,12
475513,475524,475527,3,11
475513,475521,475527,6,8
475513,475524,475527,3,11
475513,475525,475528,3,12
475513,475525,475528,3,12
475513,475525,475527,2,12
475513,475525,475528,3,12
475513,475525,475527,2,12
475513,475525,475528,3,12
475513,475525,475528,3,12
475513,475525,475528,3,12
475513,475525,475528,3,12
475513,475525,475528,3,12
475513,475525,475528,3,12
475513,475525,475528,3,12
475513,475525,475528,3,12
475513,475525,475528,3,12
475513,475525,475528,3,12
475513,475525,475528,3,12
475513,475525,475528,3,12
475513,475525,475528,3,12
475513,475525,475528,3,12
475513,475525,475528,3,12
475513,475525,475528,3,12
475513,475525,475528,3,12
475513,475525,475528,3,12
475513,475525,475528,3,12
475513,475525,475528,3,12
475513,475525,475528,3,12
475513,475525,475529,4,12
475513,475525,475529,4,12
475513,475525,475528,3,12
475513,475525,475529,4,12
475513,475525,475529,4,12
475513,475525,475529,4,12
475513,475525,475529,4,12
475513,475525,475529,4,12
475513,475525,475529,4,12
475513,475525,475529,4,12
475513,475525,475529,4,12
475534,475534,475539,5,0
475534,475534,475539,5,0
475534,475534,475539,5,0
475534,475534,475539,5,0
475534,475534,475539,5,0
475534,475534,475539,5,0
475534,475534,475539,5,0
475534,475534,475539,5,0
475534,475534,475539,5,0
475534,475534,475539,5,0
475534,475534,475539,5,0
475534,475534,475539,5,0
475534,475534,475539,5,0
475534,475534,475539,5,0
475534,475534,475539,5,0
475534,475534,475539,5,0
475534,475534,475539,5,0
475534,475534,475539,5,0
475534,475534,475539,5,0
475534,475534,475539,5,0
475534,475534,475539,5,0
475534,475534,475539,5,0
475534,475534,475539,5,0
475534,475534,475539,5,0
475534,475534,475539,5,0
475534,475534,475539,5,0
475534,475534,475539,5,0
475534,475534,475539,5,0
475534,475534,475539,5,0
475534,475534,475539,5,0
475534,475534,475539,5,0
475534,475534,475539,5,0
475534,475534,475539,5,0
475534,475534,475539,5,0
475534,475534,475539,5,0
475534,475534,475539,5,0
475534,475534,475539,5,0
475534,475534,475539,5,0
475534,475534,475539,5,0
475534,475534,475539,5,0
475534,475534,475539,5,0
475534,475534,475539,5,0
475534,475534,475540,6,0
475534,475534,475539,5,0
475534,475534,475539,5,0
475534,475534,475540,6,0
475534,475534,475539,5,0
475534,475534,475540,6,0
475534,475534,475540,6,0
475534,475534,475540,6,0
475534,475534,475539,5,0
475534,475534,475539,5,0
475534,475534,475539,5,0
475534,475534,475539,5,0
475534,475534,475539,5,0
475534,475534,475540,6,0
475534,475534,475539,5,0
475534,475534,475540,6,0
475534,475534,475540,6,0
475534,475534,475540,6,0
475534,475534,475540,6,0
475534,475534,475540,6,0
475534,475534,475540,6,0
475534,475534,475540,6,0
475534,475534,475540,6,0
475534,475534,475540,6,0
475534,475534,475540,6,0
475534,475534,475540,6,0
475534,475534,475540,6,0
475534,475534,475540,6,0
475534,475534,475540,6,0
475534,475534,475541,7,0
475534,475534,475541,7,0
475534,475534,475541,7,0
475534,475534,475541,7,0
475534,475534,475541,7,0
475534,475534,475541,7,0
475534,475534,475541,7,0
475534,475534,475541,7,0
475534,475534,475541,7,0
475534,475539,475543,4,5
475534,475539,475543,4,5
475534,475540,475544,4,6
475534,475540,475544,4,6
475534,475539,475544,5,5
475534,475540,475544,4,6
475534,475540,475544,4,6
475534,475540,475544,4,6
475534,475540,475544,4,6
475534,475540,475545,5,6
475534,475540,475544,4,6
475534,475540,475544,4,6
475534,475540,475545,5,6
475534,475541,475545,4,7
475534,475540,475545,5,6
475534,475540,475545,5,6
475534,475541,475545,4,7
475534,475539,475544,5,5
475534,475540,475544,4,6
475534,475540,475544,4,6
475534,475541,475544,3,7
475534,475541,475545,4,7
475534,475541,475545,4,7
475534,475539,475544,5,5
475534,475539,475544,5,5
475534,475540,475544,4,6
475534,475540,475544,4,6
475534,475540,475544,4,6
475534,475540,475544,4,6
475534,475540,475544,4,6
475534,475541,475545,4,7
475534,475539,475544,5,5
475534,475540,475544,4,6
475534,475540,475544,4,6
475534,475540,475544,4,6
475534,475540,475544,4,6
475534,475539,475544,5,5
475534,475540,475544,4,6
475534,475540,475544,4,6
475534,475540,475544,4,6
475534,475540,475544,4,6
475534,475541,475545,4,7
475534,475540,475545,5,6
475534,475540,475545,5,6
475534,475541,475545,4,7
475534,475541,475545,4,7
475534,475541,475545,4,7
475534,475540,475544,4,6
475534,475540,475544,4,6
475534,475540,475544,4,6
475534,475540,475544,4,6
475534,475541,475545,4,7
475534,475540,475544,4,6
475534,475540,475544,4,6
475534,475540,475544,4,6
475534,475540,475545,5,6
475534,475540,475545,5,6
475534,475541,475545,4,7
475534,475540,475545,5,6
475534,475541,475545,4,7
475534,475542,475545,3,8
475534,475542,475545,3,8
475534,475542,475545,3,8
475534,475541,475545,4,7
475534,475542,475545,3,8
475534,475542,475545,3,8
475534,475542,475545,3,8
475534,475542,475545,3,8
475534,475541,475545,4,7
475534,475542,475545,3,8
475534,475544,475546,2,10
475534,475540,475545,5,6
475534,475541,475545,4,7
475534,475544,475546,2,10
475534,475541,475545,4,7
475534,475542,475545,3,8
475534,475542,475546,4,8
475534,475541,475545,4,7
475534,475541,475545,4,7
475534,475541,475545,4,7
475534,475541,475545,4,7
475534,475541,475545,4,7
475534,475544,475546,2,10
475534,475544,475546,2,10
475534,475545,475547,2,11
475534,475545,475547,2,11
475534,475545,475547,2,11
475534,475545,475547,2,11
475534,475545,475547,2,11
475534,475545,475547,2,11
475534,475545,475547,2,11
475534,475545,475547,2,11
475534,475545,475547,2,11
475534,475545,475548,3,11
475534,475545,475548,3,11
475534,475545,475547,2,11
475534,475545,475548,3,11
475534,475545,475547,2,11
475534,475545,475547,2,11
475534,475545,475548,3,11
475534,475545,475547,2,11
475534,475545,475547,2,11
475534,475545,475547,2,11
475534,475545,475547,2,11
475534,475545,475548,3,11
475534,475545,475548,3,11
475534,475545,475547,2,11
475534,475545,475547,2,11
475534,475545,475548,3,11
475534,475545,475548,3,11
475534,475545,475548,3,11
475534,475545,475548,3,11
475534,475545,475548,3,11
475534,475545,475548,3,11
475534,475545,475548,3,11
475534,475545,475548,3,11
475534,475545,475548,3,11
475534,475545,475548,3,11
475534,475545,475548,3,11
475534,475545,475548,3,11
475553,475553,475558,5,0
475553,475553,475558,5,0
475553,475553,475558,5,0
475553,475553,475558,5,0
475553,475553,475558,5,0
475553,475553,475558,5,0
475553,475553,475558,5,0
475553,475553,475558,5,0
475553,475553,475558,5,0
475553,475553,475558,5,0
475553,475553,475558,5,0
475553,475553,475558,5,0
475553,475553,475558,5,0
475553,475553,475558,5,0
475553,475553,475558,5,0
475553,475553,475558,5,0
475553,475553,475558,5,0
475553,475553,475558,5,0
475553,475553,475558,5,0
475553,475553,475558,5,0
475553,475553,475558,5,0
475553,475553,475558,5,0
475553,475553,475558,5,0
475553,475553,475558,5,0
475553,475553,475558,5,0
475553,475553,475558,5,0
475553,475553,475558,5,0
475553,475553,475558,5,0
475553,475553,475558,5,0
475553,475553,475558,5,0
475553,475553,475558,5,0
475553,475553,475558,5,0
475553,475553,475558,5,0
475553,475553,475558,5,0
475553,475553,475558,5,0
475553,475553,475558,5,0
475553,475553,475558,5,0
475553,475553,475558,5,0
475553,475553,475558,5,0
475553,475553,475558,5,0
475553,475553,475558,5,0
475553,475553,475558,5,0
475553,475553,475558,5,0
475553,475553,475558,5,0
475553,475553,475558,5,0
475553,475553,475558,5,0
475553,475553,475558,5,0
475553,475553,475558,5,0
475553,475553,475558,5,0
475553,475553,475558,5,0
475553,475553,475558,5,0
475553,475553,475558,5,0
475553,475553,475558,5,0
475553,475553,475558,5,0
475553,475553,475558,5,0
475553,475553,475558,5,0
475553,475553,475558,5,0
475553,475553,475558,5,0
475553,475553,475558,5,0
475553,475553,475558,5,0
475553,475553,475558,5,0
475553,475553,475558,5,0
475553,475553,475558,5,0
475553,475553,475558,5,0
475553,475553,475558,5,0
475553,475553,475558,5,0
475553,475553,475558,5,0
475553,475553,475558,5,0
475553,475553,475559,6,0
475553,475553,475559,6,0
475553,475553,475559,6,0
475553,475553,475559,6,0
475553,475553,475559,6,0
475553,475553,475559,6,0
475553,475553,475559,6,0
475553,475553,475559,6,0
475553,475553,475559,6,0
475553,475553,475559,6,0
475553,475553,475559,6,0
475553,475553,475559,6,0
475553,475559,475563,4,6
475553,475559,475563,4,6
475553,475559,475563,4,6
475553,475559,475563,4,6
475553,475559,475563,4,6
475553,475559,475563,4,6
475553,475559,475563,4,6
475553,475560,475564,4,7
475553,475559,475564,5,6
475553,475559,475564,5,6
475553,475559,475564,5,6
475553,475558,475563,5,5
475553,475559,475563,4,6
475553,475559,475564,5,6
475553,475559,475564,5,6
475553,475559,475563,4,6
475553,475559,475563,4,6
475553,475559,475563,4,6
475553,475559,475563,4,6
475553,475560,475564,4,7
475553,475560,475563,3,7
475553,475560,475564,4,7
475553,475559,475563,4,6
475553,475559,475563,4,6
475553,475559,475564,5,6
475553,475559,475563,4,6
475553,475559,475563,4,6
475553,475559,475564,5,6
475553,475559,475564,5,6
475553,475559,475563,4,6
475553,475559,475563,4,6
475553,475559,475563,4,6
475553,475559,475564,5,6
475553,475559,475564,5,6
475553,475559,475564,5,6
475553,475559,475564,5,6
475553,475559,475564,5,6
475553,475559,475563,4,6
475553,475559,475563,4,6
475553,475559,475564,5,6
475553,475559,475563,4,6
475553,475559,475564,5,6
475553,475559,475564,5,6
475553,475560,475564,4,7
475553,475559,475564,5,6
475553,475559,475564,5,6
475553,475559,475564,5,6
475553,475559,475564,5,6
475553,475559,475563,4,6
475553,475559,475563,4,6
475553,475559,475563,4,6
475553,475559,475564,5,6
475553,475559,475563,4,6
475553,475559,475564,5,6
475553,475559,475564,5,6
475553,475559,475563,4,6
475553,475559,475563,4,6
475553,475559,475563,4,6
475553,475559,475563,4,6
475553,475559,475563,4,6
475553,475559,475564,5,6
475553,475559,475563,4,6
475553,475559,475564,5,6
475553,475559,475564,5,6
475553,475559,475564,5,6
475553,475560,475565,5,7
475553,475560,475565,5,7
475553,475559,475564,5,6
475553,475559,475564,5,6
475553,475559,475565,6,6
475553,475559,475564,5,6
475553,475560,475564,4,7
475553,475560,475565,5,7
475553,475560,475565,5,7
475553,475560,475565,5,7
475553,475559,475565,6,6
475553,475559,475564,5,6
475553,475559,475564,5,6
475553,475559,475565,6,6
475553,475560,475564,4,7
475553,475564,475566,2,11
475553,475564,475566,2,11
475553,475564,475567,3,11
475553,475564,475566,2,11
475553,475564,475567,3,11
475553,475564,475567,3,11
475553,475564,475567,3,11
475553,475564,475567,3,11
475553,475564,475566,2,11
475553,475564,475566,2,11
475553,475564,475567,3,11
475553,475564,475566,2,11
475553,475564,475566,2,11
475553,475564,475567,3,11
475553,475564,475567,3,11
475553,475564,475567,3,11
475553,475564,475567,3,11
475553,475564,475567,3,11
475553,475564,475567,3,11
475553,475564,475567,3,11
475553,475564,475567,3,11
475553,475564,475567,3,11
475553,475564,475567,3,11
475553,475564,475567,3,11
475553,475564,475567,3,11
475553,475564,475568,4,11
475553,475564,475567,3,11
475553,475564,475567,3,11
475553,475564,475567,3,11
475553,475564,475568,4,11
475553,475564,475568,4,11
475553,475564,475568,4,11
475553,475564,475568,4,11
475553,475564,475568,4,11
475553,475564,475568,4,11
475553,475564,475568,4,11
475553,475564,475568,4,11
475553,475564,475568,4,11
475553,475564,475568,4,11
475553,475564,475568,4,11
475756,475756,475758,2,0
475756,475756,475758,2,0
475756,475756,475758,2,0
475756,475756,475758,2,0
475756,475756,475758,2,0
475756,475756,475758,2,0
475756,475756,475758,2,0
475756,475756,475758,2,0
475756,475756,475759,3,0
475756,475756,475759,3,0
475756,475756,475759,3,0
475756,475756,475759,3,0
475756,475756,475759,3,0
475756,475756,475759,3,0
475756,475756,475759,3,0
475756,475756,475758,2,0
475756,475756,475758,2,0
475756,475756,475758,2,0
475756,475756,475758,2,0
475756,475756,475759,3,0
475756,475756,475759,3,0
475756,475756,475759,3,0
475756,475756,475759,3,0
475756,475756,475758,2,0
475756,475756,475758,2,0
475756,475756,475758,2,0
475756,475756,475758,2,0
475756,475756,475758,2,0
475756,475756,475758,2,0
475756,475756,475758,2,0
475756,475756,475759,3,0
475756,475756,475758,2,0
475756,475756,475758,2,0
475756,475756,475759,3,0
475756,475756,475759,3,0
475756,475756,475759,3,0
475756,475756,475759,3,0
475756,475756,475759,3,0
475756,475756,475758,2,0
475756,475756,475758,2,0
475756,475756,475758,2,0
475756,475756,475759,3,0
475756,475756,475759,3,0
475756,475756,475759,3,0
475756,475756,475759,3,0
475756,475756,475759,3,0
475756,475756,475758,2,0
475756,475756,475758,2,0
475756,475756,475758,2,0
475756,475756,475758,2,0
475756,475756,475759,3,0
475756,475756,475759,3,0
475756,475756,475759,3,0
475756,475756,475758,2,0
475756,475756,475758,2,0
475756,475756,475758,2,0
475756,475756,475758,2,0
475756,475756,475759,3,0
475756,475756,475758,2,0
475756,475756,475759,3,0
475756,475756,475758,2,0
475756,475756,475759,3,0
475756,475756,475759,3,0
475756,475756,475759,3,0
475756,475756,475759,3,0
475756,475756,475758,2,0
475756,475756,475759,3,0
475756,475756,475759,3,0
475756,475756,475759,3,0
475756,475756,475759,3,0
475756,475756,475759,3,0
475756,475756,475759,3,0
475756,475756,475759,3,0
475756,475756,475758,2,0
475756,475756,475759,3,0
475756,475756,475759,3,0
475756,475756,475759,3,0
475756,475756,475759,3,0
475756,475756,475759,3,0
475756,475756,475759,3,0
475756,475758,475760,2,2
475756,475758,475760,2,2
475756,475758,475760,2,2
475756,475758,475760,2,2
475756,475758,475760,2,2
475756,475758,475760,2,2
475756,475758,475760,2,2
475756,475759,475761,2,3
475756,475759,475761,2,3
475756,475759,475761,2,3
475756,475759,475761,2,3
475756,475759,475762,3,3
475756,475759,475761,2,3
475756,475759,475761,2,3
475756,475759,475762,3,3
475756,475759,475762,3,3
475756,475759,475762,3,3
475756,475759,475762,3,3
475756,475759,475762,3,3
475756,475759,475762,3,3
475756,475759,475762,3,3
475756,475759,475762,3,3
475756,475759,475761,2,3
475756,475760,475762,2,4
475756,475760,475762,2,4
475756,475759,475762,3,3
475756,475759,475762,3,3
475756,475759,475761,2,3
475756,475759,475762,3,3
475756,475759,475762,3,3
475756,475759,475762,3,3
475756,475759,475762,3,3
475756,475759,475762,3,3
475756,475759,475762,3,3
475756,475759,475762,3,3
475756,475759,475762,3,3
475756,475759,475762,3,3
475756,475759,475762,3,3
475756,475761,475762,1,5
475756,475761,475762,1,5
475756,475761,475762,1,5
475756,475759,475762,3,3
475756,475759,475762,3,3
475756,475759,475762,3,3
475756,475759,475762,3,3
475756,475759,475762,3,3
475756,475759,475762,3,3
475756,475759,475762,3,3
475756,475759,475762,3,3
475756,475759,475762,3,3
475756,475759,475762,3,3
475756,475759,475762,3,3
475756,475759,475762,3,3
475756,475761,475762,1,5
475756,475759,475762,3,3
475756,475759,475762,3,3
475756,475759,475762,3,3
475756,475761,475762,1,5
475756,475759,475762,3,3
475756,475759,475762,3,3
475756,475760,475762,2,4
475756,475760,475762,2,4
475756,475760,475762,2,4
475756,475761,475762,1,5
475756,475759,475762,3,3
475756,475759,475762,3,3
475756,475759,475762,3,3
475756,475759,475762,3,3
475756,475759,475762,3,3
475756,475760,475762,2,4
475756,475760,475763,3,4
475756,475760,475762,2,4
475756,475760,475762,2,4
475756,475760,475762,2,4
475756,475760,475762,2,4
475756,475760,475762,2,4
475756,475760,475762,2,4
475756,475760,475762,2,4
475756,475760,475762,2,4
475756,475760,475762,2,4
475756,475760,475762,2,4
475756,475760,475762,2,4
475756,475760,475762,2,4
475756,475760,475762,2,4
475756,475760,475762,2,4
475756,475760,475762,2,4
475756,475761,475763,2,5
475756,475762,475763,1,6
475756,475762,475763,1,6
475756,475762,475763,1,6
475756,475762,475763,1,6
475756,475762,475764,2,6
475756,475762,475764,2,6
475756,475762,475764,2,6
475756,475762,475763,1,6
475756,475762,475763,1,6
475756,475762,475763,1,6
475756,475762,475763,1,6
475756,475762,475764,2,6
475756,475762,475764,2,6
475756,475762,475764,2,6
475756,475762,475763,1,6
475756,475762,475764,2,6
475756,475762,475764,2,6
475756,475762,475764,2,6
475756,475763,475764,1,7
475756,475763,475765,2,7
475756,475763,475764,1,7
475756,475763,475764,1,7
475756,475763,475764,1,7
475756,475763,475765,2,7
475756,475763,475764,1,7
475756,475763,475765,2,7
475756,475763,475765,2,7
475756,475763,475765,2,7
475756,475763,475765,2,7
475756,475763,475765,2,7
475756,475763,475765,2,7
475756,475763,475765,2,7
475756,475763,475765,2,7
475770,475770,475772,2,0
475770,475770,475772,2,0
475770,475770,475772,2,0
475770,475770,475772,2,0
475770,475770,475772,2,0
475770,475770,475772,2,0
475770,475770,475772,2,0
475770,475770,475772,2,0
475770,475770,475772,2,0
475770,475770,475772,2,0
475770,475770,475773,3,0
475770,475770,475773,3,0
475770,475770,475773,3,0
475770,475770,475773,3,0
475770,475770,475772,2,0
475770,475770,475772,2,0
475770,475770,475772,2,0
475770,475770,475772,2,0
475770,475770,475772,2,0
475770,475770,475773,3,0
475770,475770,475773,3,0
475770,475770,475773,3,0
475770,475770,475772,2,0
475770,475770,475772,2,0
475770,475770,475772,2,0
475770,475770,475772,2,0
475770,475770,475772,2,0
475770,475770,475773,3,0
475770,475770,475773,3,0
475770,475770,475773,3,0
475770,475770,475772,2,0
475770,475770,475772,2,0
475770,475770,475773,3,0
475770,475770,475773,3,0
475770,475770,475773,3,0
475770,475770,475773,3,0
475770,475770,475773,3,0
475770,475770,475772,2,0
475770,475770,475772,2,0
475770,475770,475772,2,0
475770,475770,475772,2,0
475770,475770,475772,2,0
475770,475770,475772,2,0
475770,475770,475773,3,0
475770,475770,475773,3,0
475770,475770,475772,2,0
475770,475770,475772,2,0
475770,475770,475772,2,0
475770,475770,475772,2,0
475770,475770,475772,2,0
475770,475770,475772,2,0
475770,475770,475773,3,0
475770,475770,475772,2,0
475770,475770,475772,2,0
475770,475770,475772,2,0
475770,475770,475772,2,0
475770,475770,475772,2,0
475770,475770,475772,2,0
475770,475770,475773,3,0
475770,475770,475772,2,0
475770,475770,475772,2,0
475770,475770,475772,2,0
475770,475770,475772,2,0
475770,475770,475772,2,0
475770,475770,475773,3,0
475770,475770,475773,3,0
475770,475770,475772,2,0
475770,475770,475772,2,0
475770,475770,475772,2,0
475770,475770,475773,3,0
475770,475770,475772,2,0
475770,475770,475773,3,0
475770,475770,475773,3,0
475770,475770,475773,3,0
475770,475770,475772,2,0
475770,475770,475773,3,0
475770,475770,475773,3,0
475770,475770,475773,3,0
475770,475770,475773,3,0
475770,475770,475773,3,0
475770,475772,475774,2,2
475770,475772,475774,2,2
475770,475772,475774,2,2
475770,475772,475774,2,2
475770,475772,475774,2,2
475770,475772,475774,2,2
475770,475773,475775,2,3
475770,475773,475775,2,3
475770,475773,475775,2,3
475770,475773,475775,2,3
475770,475773,475775,2,3
475770,475773,475775,2,3
475770,475773,475775,2,3
475770,475773,475775,2,3
475770,475773,475775,2,3
475770,475773,475775,2,3
475770,475773,475776,3,3
475770,475773,475776,3,3
475770,475773,475776,3,3
475770,475773,475776,3,3
475770,475773,475776,3,3
475770,475773,475776,3,3
475770,475773,475776,3,3
475770,475773,475776,3,3
475770,475773,475776,3,3
475770,475773,475775,2,3
475770,475773,475776,3,3
475770,475773,475775,2,3
475770,475773,475776,3,3
475770,475773,475776,3,3
475770,475773,475776,3,3
475770,475773,475776,3,3
475770,475774,475776,2,4
475770,475773,475775,2,3
475770,475773,475776,3,3
475770,475773,475776,3,3
475770,475773,475776,3,3
475770,475773,475776,3,3
475770,475773,475776,3,3
475770,475773,475776,3,3
475770,475774,475776,2,4
475770,475773,475776,3,3
475770,475773,475776,3,3
475770,475773,475776,3,3
475770,475773,475776,3,3
475770,475773,475776,3,3
475770,475773,475776,3,3
475770,475773,475776,3,3
475770,475773,475776,3,3
475770,475773,475776,3,3
475770,475773,475776,3,3
475770,475773,475776,3,3
475770,475773,475776,3,3
475770,475773,475776,3,3
475770,475773,475776,3,3
475770,475775,475776,1,5
475770,475773,475776,3,3
475770,475773,475776,3,3
475770,475773,475776,3,3
475770,475773,475776,3,3
475770,475773,475776,3,3
475770,475774,475776,2,4
475770,475773,475776,3,3
475770,475773,475776,3,3
475770,475773,475776,3,3
475770,475773,475776,3,3
475770,475773,475776,3,3
475770,475773,475776,3,3
475770,475773,475776,3,3
475770,475773,475776,3,3
475770,475773,475776,3,3
475770,475774,475776,2,4
475770,475773,475776,3,3
475770,475773,475776,3,3
475770,475773,475776,3,3
475770,475773,475776,3,3
475770,475773,475776,3,3
475770,475774,475776,2,4
475770,475775,475776,1,5
475770,475775,475776,1,5
475770,475773,475776,3,3
475770,475773,475776,3,3
475770,475773,475776,3,3
475770,475773,475776,3,3
475770,475773,475776,3,3
475770,475773,475776,3,3
475770,475776,475777,1,6
475770,475776,475777,1,6
475770,475776,475777,1,6
475770,475776,475777,1,6
475770,475776,475777,1,6
475770,475776,475777,1,6
475770,475776,475777,1,6
475770,475776,475777,1,6
475770,475775,475777,2,5
475770,475776,475777,1,6
475770,475776,475777,1,6
475770,475777,475778,1,7
475770,475777,475779,2,7
475770,475777,475779,2,7
475770,475777,475779,2,7
475770,475777,475778,1,7
475770,475777,475779,2,7
475770,475777,475779,2,7
475770,475777,475779,2,7
475770,475777,475779,2,7
475770,475777,475779,2,7
475770,475777,475779,2,7
475770,475777,475779,2,7
475770,475777,475779,2,7
475770,475777,475779,2,7
475770,475777,475779,2,7
475770,475777,475779,2,7
475770,475777,475779,2,7
475770,475777,475779,2,7
475770,475777,475779,2,7
475770,475777,475779,2,7
475770,475777,475779,2,7
475770,475777,475779,2,7
475770,475777,475779,2,7
475784,475784,475786,2,0
475784,475784,475786,2,0
475784,475784,475786,2,0
475784,475784,475786,2,0
475784,475784,475786,2,0
475784,475784,475786,2,0
475784,475784,475786,2,0
475784,475784,475786,2,0
475784,475784,475786,2,0
475784,475784,475787,3,0
475784,475784,475787,3,0
475784,475784,475787,3,0
475784,475784,475787,3,0
475784,475784,475786,2,0
475784,475784,475786,2,0
475784,475784,475786,2,0
475784,475784,475786,2,0
475784,475784,475787,3,0
475784,475784,475787,3,0
475784,475784,475787,3,0
475784,475784,475787,3,0
475784,475784,475786,2,0
475784,475784,475787,3,0
475784,475784,475786,2,0
475784,475784,475787,3,0
475784,475784,475787,3,0
475784,475784,475787,3,0
475784,475784,475787,3,0
475784,475784,475787,3,0
475784,475784,475786,2,0
475784,475784,475786,2,0
475784,475784,475786,2,0
475784,475784,475786,2,0
475784,475784,475786,2,0
475784,475784,475786,2,0
475784,475784,475787,3,0
475784,475784,475787,3,0
475784,475784,475786,2,0
475784,475784,475786,2,0
475784,475784,475786,2,0
475784,475784,475787,3,0
475784,475784,475787,3,0
475784,475784,475787,3,0
475784,475784,475787,3,0
475784,475784,475787,3,0
475784,475784,475786,2,0
475784,475784,475786,2,0
475784,475784,475786,2,0
475784,475784,475786,2,0
475784,475784,475786,2,0
475784,475784,475786,2,0
475784,475784,475787,3,0
475784,475784,475787,3,0
475784,475784,475786,2,0
475784,475784,475786,2,0
475784,475784,475786,2,0
475784,475784,475787,3,0
475784,475784,475787,3,0
475784,475784,475786,2,0
475784,475784,475786,2,0
475784,475784,475787,3,0
475784,475784,475786,2,0
475784,475784,475787,3,0
475784,475784,475787,3,0
475784,475784,475787,3,0
475784,475784,475786,2,0
475784,475784,475786,2,0
475784,475784,475786,2,0
475784,475784,475786,2,0
475784,475784,475786,2,0
475784,475784,475786,2,0
475784,475784,475787,3,0
475784,475784,475786,2,0
475784,475784,475786,2,0
475784,475784,475786,2,0
475784,475784,475786,2,0
475784,475784,475787,3,0
475784,475784,475787,3,0
475784,475784,475787,3,0
475784,475784,475787,3,0
474787,474788,475787,999,1
475784,475786,475788,2,2
475784,475786,475788,2,2
475784,475786,475788,2,2
475784,475786,475788,2,2
475784,475786,475788,2,2
475784,475787,475789,2,3
475784,475787,475789,2,3
475784,475787,475789,2,3
475784,475787,475789,2,3
475784,475787,475789,2,3
475784,475787,475789,2,3
475784,475787,475789,2,3
475784,475787,475789,2,3
475784,475787,475789,2,3
475784,475787,475789,2,3
475784,475787,475789,2,3
475784,475787,475790,3,3
475784,475787,475789,2,3
475784,475787,475790,3,3
475784,475787,475790,3,3
475784,475787,475790,3,3
475784,475787,475790,3,3
475784,475787,475790,3,3
475784,475787,475790,3,3
475784,475787,475790,3,3
475784,475787,475790,3,3
475784,475787,475790,3,3
475784,475787,475790,3,3
475784,475787,475790,3,3
475784,475787,475790,3,3
475784,475787,475790,3,3
475784,475787,475790,3,3
475784,475787,475790,3,3
475784,475787,475789,2,3
475784,475787,475790,3,3
475784,475787,475789,2,3
475784,475787,475790,3,3
475784,475787,475790,3,3
475784,475787,475790,3,3
475784,475787,475790,3,3
475784,475787,475790,3,3
475784,475787,475789,2,3
475784,475787,475790,3,3
475784,475787,475790,3,3
475784,475787,475790,3,3
475784,475787,475790,3,3
475784,475787,475790,3,3
475784,475787,475790,3,3
475784,475787,475790,3,3
475784,475787,475790,3,3
475784,475787,475790,3,3
475784,475787,475790,3,3
475784,475787,475790,3,3
475784,475788,475790,2,4
475784,475787,475790,3,3
475784,475787,475790,3,3
475784,475787,475790,3,3
475784,475787,475790,3,3
475784,475787,475790,3,3
475784,475787,475790,3,3
475784,475787,475789,2,3
475784,475787,475789,2,3
475784,475787,475790,3,3
475784,475788,475790,2,4
475784,475788,475790,2,4
475784,475788,475790,2,4
475784,475787,475790,3,3
475784,475787,475790,3,3
475784,475787,475790,3,3
475784,475787,475790,3,3
475784,475787,475790,3,3
475784,475787,475790,3,3
475784,475787,475790,3,3
475784,475787,475790,3,3
475784,475787,475790,3,3
475784,475787,475790,3,3
475784,475787,475790,3,3
475784,475789,475790,1,5
475784,475787,475790,3,3
475784,475787,475790,3,3
475784,475787,475790,3,3
475784,475788,475790,2,4
475784,475788,475790,2,4
475784,475788,475790,2,4
475784,475788,475790,2,4
475784,475789,475791,2,5
475784,475789,475791,2,5
475784,475789,475791,2,5
475784,475790,475791,1,6
475784,475789,475791,2,5
475784,475789,475791,2,5
475784,475789,475791,2,5
475784,475790,475791,1,6
475784,475790,475791,1,6
475784,475790,475791,1,6
475784,475790,475791,1,6
475784,475790,475791,1,6
475784,475791,475792,1,7
475784,475791,475792,1,7
475784,475791,475792,1,7
475784,475791,475792,1,7
475784,475791,475792,1,7
475784,475791,475793,2,7
475784,475791,475793,2,7
475784,475791,475792,1,7
475784,475791,475793,2,7
475784,475791,475792,1,7
475784,475791,475793,2,7
475784,475791,475793,2,7
475784,475791,475793,2,7
475784,475791,475793,2,7
475784,475791,475793,2,7
475784,475791,475793,2,7
475784,475791,475793,2,7
475784,475791,475793,2,7
475784,475791,475793,2,7
475784,475791,475793,2,7
475784,475791,475793,2,7
475784,475791,475793,2,7
475784,475791,475793,2,7
475797,475798,475800,2,1
475797,475798,475800,2,1
475797,475798,475800,2,1
475797,475798,475800,2,1
475797,475798,475800,2,1
475797,475798,475800,2,1
475797,475798,475800,2,1
475797,475798,475800,2,1
475797,475798,475800,2,1
475797,475798,475800,2,1
475797,475798,475801,3,1
475797,475798,475801,3,1
475797,475798,475801,3,1
475797,475798,475800,2,1
475797,475798,475800,2,1
475797,475798,475800,2,1
475797,475798,475800,2,1
475797,475798,475800,2,1
475797,475798,475800,2,1
475797,475798,475800,2,1
475797,475798,475800,2,1
475797,475798,475800,2,1
475797,475798,475800,2,1
475797,475798,475800,2,1
475797,475798,475800,2,1
475797,475798,475800,2,1
475797,475798,475800,2,1
475797,475798,475801,3,1
475797,475798,475800,2,1
475797,475798,475800,2,1
475797,475798,475800,2,1
475797,475798,475800,2,1
475797,475798,475800,2,1
475797,475798,475800,2,1
475797,475798,475801,3,1
475797,475798,475801,3,1
475797,475798,475800,2,1
475797,475798,475800,2,1
475797,475798,475800,2,1
475797,475798,475800,2,1
475797,475798,475800,2,1
475797,475798,475800,2,1
475797,475798,475800,2,1
475797,475798,475801,3,1
475797,475798,475801,3,1
475797,475798,475800,2,1
475797,475798,475800,2,1
475797,475798,475800,2,1
475797,475798,475800,2,1
475797,475798,475800,2,1
475797,475798,475800,2,1
475797,475798,475800,2,1
475797,475798,475800,2,1
475797,475798,475800,2,1
475797,475798,475800,2,1
475797,475798,475800,2,1
475797,475798,475800,2,1
475797,475798,475800,2,1
475797,475798,475800,2,1
475797,475798,475800,2,1
475797,475798,475800,2,1
475797,475798,475800,2,1
475797,475798,475800,2,1
475797,475798,475800,2,1
475797,475798,475800,2,1
475797,475798,475800,2,1
475797,475798,475800,2,1
475797,475798,475800,2,1
475797,475798,475800,2,1
475797,475798,475800,2,1
475797,475798,475800,2,1
475797,475798,475800,2,1
475797,475798,475800,2,1
475797,475798,475801,3,1
475797,475798,475800,2,1
475797,475798,475800,2,1
475797,475798,475800,2,1
475797,475798,475801,3,1
475797,475798,475800,2,1
475797,475798,475800,2,1
475797,475800,475801,1,3
475797,475800,475801,1,3
475797,475800,475802,2,3
475797,475800,475802,2,3
475797,475800,475802,2,3
475797,475801,475803,2,4
475797,475801,475803,2,4
475797,475801,475803,2,4
475797,475801,475803,2,4
475797,475801,475803,2,4
475797,475801,475803,2,4
475797,475801,475803,2,4
475797,475801,475803,2,4
475797,475801,475803,2,4
475797,475801,475803,2,4
475797,475801,475803,2,4
475797,475801,475803,2,4
475797,475801,475804,3,4
475797,475801,475803,2,4
475797,475801,475803,2,4
475797,475801,475803,2,4
475797,475801,475804,3,4
475797,475801,475804,3,4
475797,475801,475804,3,4
475797,475801,475804,3,4
475797,475801,475804,3,4
475797,475801,475803,2,4
475797,475801,475803,2,4
475797,475801,475803,2,4
475797,475801,475803,2,4
475797,475801,475804,3,4
475797,475801,475804,3,4
475797,475801,475804,3,4
475797,475801,475803,2,4
475797,475801,475803,2,4
475797,475801,475803,2,4
475797,475801,475804,3,4
475797,475801,475803,2,4
475797,475801,475804,3,4
475797,475801,475804,3,4
475797,475801,475803,2,4
475797,475801,475803,2,4
475797,475801,475803,2,4
475797,475801,475803,2,4
475797,475801,475804,3,4
475797,475801,475804,3,4
475797,475801,475804,3,4
475797,475801,475803,2,4
475797,475801,475803,2,4
475797,475801,475803,2,4
475797,475801,475804,3,4
475797,475801,475804,3,4
475797,475801,475804,3,4
475797,475801,475804,3,4
475797,475801,475803,2,4
475797,475801,475803,2,4
475797,475801,475803,2,4
475797,475801,475803,2,4
475797,475801,475804,3,4
475797,475801,475804,3,4
475797,475802,475804,2,5
475797,475801,475803,2,4
475797,475801,475804,3,4
475797,475801,475804,3,4
475797,475802,475804,2,5
475797,475801,475803,2,4
475797,475801,475803,2,4
475797,475801,475804,3,4
475797,475801,475804,3,4
475797,475801,475804,3,4
475797,475801,475804,3,4
475797,475801,475804,3,4
475797,475801,475804,3,4
475797,475801,475804,3,4
475797,475801,475804,3,4
475797,475801,475804,3,4
475797,475801,475804,3,4
475797,475803,475804,1,6
475797,475801,475804,3,4
475797,475801,475804,3,4
475797,475802,475804,2,5
475797,475802,475804,2,5
475797,475802,475804,2,5
475797,475803,475804,1,6
475797,475803,475804,1,6
475797,475803,475805,2,6
475797,475803,475805,2,6
475797,475803,475805,2,6
475797,475803,475805,2,6
475797,475803,475805,2,6
475797,475803,475805,2,6
475797,475803,475805,2,6
475797,475803,475805,2,6
475797,475803,475805,2,6
475797,475803,475805,2,6
475797,475803,475805,2,6
475797,475804,475805,1,7
475797,475804,475805,1,7
475797,475804,475806,2,7
475797,475804,475806,2,7
475797,475804,475806,2,7
475797,475804,475806,2,7
475797,475804,475806,2,7
475797,475804,475806,2,7
475797,475804,475806,2,7
475797,475804,475806,2,7
475797,475804,475806,2,7
475797,475804,475806,2,7
475797,475804,475806,2,7
475797,475804,475806,2,7
475797,475804,475806,2,7
475797,475804,475807,3,7
475797,475804,475807,3,7
475797,475804,475807,3,7
475797,475804,475807,3,7
475797,475804,475807,3,7
475797,475804,475807,3,7
475797,475804,475807,3,7
475797,475804,475807,3,7
475797,475804,475807,3,7
475811,475811,475814,3,0
475811,475811,475814,3,0
475811,475811,475814,3,0
475811,475811,475814,3,0
475811,475811,475814,3,0
475811,475811,475814,3,0
475811,475811,475814,3,0
475811,475811,475814,3,0
475811,475811,475814,3,0
475811,475811,475814,3,0
475811,475811,475814,3,0
475811,475812,475814,2,1
475811,475811,475814,3,0
475811,475811,475814,3,0
475811,475811,475814,3,0
475811,475811,475814,3,0
475811,475811,475814,3,0
475811,475811,475814,3,0
475811,475812,475814,2,1
475811,475812,475814,2,1
475811,475811,475814,3,0
475811,475811,475814,3,0
475811,475811,475814,3,0
475811,475811,475814,3,0
475811,475811,475814,3,0
475811,475811,475814,3,0
475811,475812,475815,3,1
475811,475812,475814,2,1
475811,475811,475814,3,0
475811,475811,475814,3,0
475811,475811,475814,3,0
475811,475811,475814,3,0
475811,475811,475814,3,0
475811,475811,475814,3,0
475811,475812,475815,3,1
475811,475812,475814,2,1
475811,475811,475814,3,0
475811,475811,475814,3,0
475811,475811,475814,3,0
475811,475811,475814,3,0
475811,475811,475814,3,0
475811,475811,475814,3,0
475811,475812,475814,2,1
475811,475812,475814,2,1
475811,475811,475814,3,0
475811,475811,475814,3,0
475811,475811,475814,3,0
475811,475811,475814,3,0
475811,475811,475814,3,0
475811,475811,475814,3,0
475811,475812,475814,2,1
475811,475812,475814,2,1
475811,475811,475814,3,0
475811,475811,475814,3,0
475811,475811,475814,3,0
475811,475811,475814,3,0
475811,475811,475814,3,0
475811,475811,475814,3,0
475811,475812,475814,2,1
475811,475811,475814,3,0
475811,475811,475814,3,0
475811,475811,475814,3,0
475811,475811,475814,3,0
475811,475812,475814,2,1
475811,475812,475814,2,1
475811,475812,475814,2,1
475811,475811,475814,3,0
475811,475811,475814,3,0
475811,475811,475814,3,0
475811,475811,475814,3,0
475811,475811,475814,3,0
475811,475812,475814,2,1
475811,475812,475814,2,1
475811,475811,475814,3,0
475811,475811,475814,3,0
475811,475811,475814,3,0
475811,475811,475814,3,0
475811,475811,475814,3,0
475811,475812,475815,3,1
475811,475812,475815,3,1
475811,475814,475815,1,3
475811,475814,475816,2,3
475811,475814,475815,1,3
475811,475814,475816,2,3
475811,475815,475816,1,4
475811,475815,475817,2,4
475811,475815,475817,2,4
475811,475815,475817,2,4
475811,475815,475817,2,4
475811,475815,475817,2,4
475811,475815,475817,2,4
475811,475815,475817,2,4
475811,475815,475817,2,4
475811,475815,475817,2,4
475811,475815,475817,2,4
475811,475815,475817,2,4
475811,475815,475817,2,4
475811,475815,475817,2,4
475811,475815,475817,2,4
475811,475815,475817,2,4
475811,475815,475817,2,4
475811,475815,475817,2,4
475811,475815,475817,2,4
475811,475815,475817,2,4
475811,475815,475817,2,4
475811,475815,475817,2,4
475811,475815,475817,2,4
475811,475815,475817,2,4
475811,475815,475817,2,4
475811,475815,475817,2,4
475811,475815,475818,3,4
475811,475815,475818,3,4
475811,475815,475818,3,4
475811,475815,475818,3,4
475811,475815,475817,2,4
475811,475815,475817,2,4
475811,475815,475817,2,4
475811,475815,475817,2,4
475811,475815,475818,3,4
475811,475815,475818,3,4
475811,475815,475817,2,4
475811,475815,475817,2,4
475811,475815,475817,2,4
475811,475815,475817,2,4
475811,475815,475818,3,4
475811,475815,475817,2,4
475811,475815,475817,2,4
475811,475815,475817,2,4
475811,475815,475818,3,4
475811,475815,475817,2,4
475811,475815,475818,3,4
475811,475815,475818,3,4
475811,475815,475818,3,4
475811,475815,475817,2,4
475811,475815,475817,2,4
475811,475815,475817,2,4
475811,475815,475818,3,4
475811,475815,475818,3,4
475811,475815,475818,3,4
475811,475815,475818,3,4
475811,475816,475818,2,5
475811,475815,475818,3,4
475811,475815,475817,2,4
475811,475815,475817,2,4
475811,475815,475817,2,4
475811,475815,475818,3,4
475811,475815,475818,3,4
475811,475815,475818,3,4
475811,475816,475818,2,5
475811,475815,475818,3,4
475811,475815,475817,2,4
475811,475815,475818,3,4
475811,475815,475818,3,4
475811,475815,475818,3,4
475811,475815,475818,3,4
475811,475816,475818,2,5
475811,475815,475818,3,4
475811,475815,475818,3,4
475811,475815,475818,3,4
475811,475815,475818,3,4
475811,475815,475818,3,4
475811,475815,475818,3,4
475811,475816,475818,2,5
475811,475817,475818,1,6
475811,475817,475819,2,6
475811,475817,475819,2,6
475811,475817,475819,2,6
475811,475817,475819,2,6
475811,475817,475819,2,6
475811,475817,475819,2,6
475811,475817,475819,2,6
475811,475817,475819,2,6
475811,475817,475819,2,6
475811,475818,475820,2,7
475811,475818,475820,2,7
475811,475818,475820,2,7
475811,475818,475820,2,7
475811,475818,475820,2,7
475811,475818,475820,2,7
475811,475818,475820,2,7
475811,475818,475820,2,7
475811,475818,475820,2,7
475811,475818,475820,2,7
475811,475818,475820,2,7
475811,475818,475820,2,7
475811,475818,475820,2,7
475811,475818,475820,2,7
475811,475818,475820,2,7
475811,475818,475820,2,7
475811,475818,475821,3,7
475811,475818,475821,3,7
475811,475818,475820,2,7
475811,475818,475820,2,7
475811,475818,475821,3,7
475811,475818,475821,3,7
475811,475818,475821,3,7
475811,475818,475820,2,7
475811,475818,475821,3,7
475811,475818,475820,2,7
475811,475818,475821,3,7
475791,475792,476110,318,1
484940,484940,484946,6,0
484940,484940,484946,6,0
484940,484940,484946,6,0
484940,484940,484946,6,0
484940,484940,484946,6,0
484940,484940,484946,6,0
484940,484940,484946,6,0
484940,484940,484946,6,0
484940,484940,484946,6,0
484940,484940,484946,6,0
484940,484940,484946,6,0
484940,484940,484946,6,0
484940,484940,484946,6,0
484940,484940,484946,6,0
484940,484940,484946,6,0
484940,484940,484946,6,0
484940,484940,484946,6,0
484940,484940,484946,6,0
484940,484940,484946,6,0
484940,484940,484946,6,0
484940,484940,484946,6,0
484940,484940,484946,6,0
484940,484940,484946,6,0
484940,484940,484946,6,0
484940,484940,484946,6,0
484940,484940,484946,6,0
484940,484940,484946,6,0
484940,484941,484946,5,1
484940,484940,484946,6,0
484940,484940,484946,6,0
484940,484940,484946,6,0
484940,484940,484946,6,0
484940,484940,484946,6,0
484940,484940,484946,6,0
484940,484941,484946,5,1
484940,484941,484946,5,1
484940,484940,484946,6,0
484940,484940,484946,6,0
484940,484940,484946,6,0
484940,484940,484946,6,0
484940,484940,484946,6,0
484940,484940,484946,6,0
484940,484941,484946,5,1
484940,484941,484946,5,1
484940,484940,484946,6,0
484940,484940,484946,6,0
484940,484940,484946,6,0
484940,484940,484946,6,0
484940,484940,484946,6,0
484940,484940,484946,6,0
484940,484940,484946,6,0
484940,484940,484946,6,0
484940,484940,484946,6,0
484940,484940,484946,6,0
484940,484940,484946,6,0
484940,484940,484946,6,0
484940,484940,484946,6,0
484940,484940,484946,6,0
484940,484940,484946,6,0
484940,484940,484946,6,0
484940,484941,484946,5,1
484940,484941,484946,5,1
484940,484940,484947,7,0
484940,484940,484947,7,0
484940,484940,484947,7,0
484940,484941,484947,6,1
484940,484941,484947,6,1
484940,484940,484947,7,0
484940,484940,484947,7,0
484940,484941,484947,6,1
484940,484941,484947,6,1
484940,484940,484947,7,0
484940,484940,484947,7,0
484940,484941,484947,6,1
484940,484941,484947,6,1
484940,484940,484947,7,0
484940,484941,484947,6,1
484940,484940,484947,7,0
484940,484946,484947,1,6
484940,484941,484947,6,1
484940,484940,484948,8,0
484940,484947,484951,4,7
484940,484947,484952,5,7
484940,484947,484952,5,7
484940,484947,484952,5,7
484940,484947,484953,6,7
484940,484947,484953,6,7
484940,484947,484953,6,7
484940,484947,484953,6,7
484940,484947,484952,5,7
484940,484947,484952,5,7
484940,484947,484952,5,7
484940,484947,484952,5,7
484940,484947,484952,5,7
484940,484947,484953,6,7
484940,484947,484953,6,7
484940,484947,484952,5,7
484940,484947,484952,5,7
484940,484947,484952,5,7
484940,484947,484952,5,7
484940,484947,484952,5,7
484940,484947,484952,5,7
484940,484947,484953,6,7
484940,484947,484952,5,7
484940,484947,484952,5,7
484940,484947,484952,5,7
484940,484947,484952,5,7
484940,484947,484952,5,7
484940,484947,484953,6,7
484940,484947,484953,6,7
484940,484947,484952,5,7
484940,484947,484952,5,7
484940,484947,484952,5,7
484940,484947,484952,5,7
484940,484947,484952,5,7
484940,484947,484952,5,7
484940,484947,484952,5,7
484940,484947,484952,5,7
484940,484947,484952,5,7
484940,484947,484952,5,7
484940,484947,484952,5,7
484940,484947,484952,5,7
484940,484947,484952,5,7
484940,484947,484953,6,7
484940,484947,484952,5,7
484940,484948,484953,5,8
484940,484947,484952,5,7
484940,484947,484953,6,7
484940,484947,484952,5,7
484940,484948,484953,5,8
484940,484948,484953,5,8
484940,484948,484953,5,8
484940,484947,484952,5,7
484940,484947,484952,5,7
484940,484947,484952,5,7
484940,484947,484952,5,7
484940,484947,484953,6,7
484940,484947,484952,5,7
484940,484947,484952,5,7
484940,484947,484953,6,7
484940,484947,484953,6,7
484940,484948,484953,5,8
484940,484952,484954,2,12
484940,484948,484953,5,8
484940,484948,484953,5,8
484940,484948,484953,5,8
484940,484948,484953,5,8
484940,484948,484953,5,8
484940,484947,484953,6,7
484940,484947,484953,6,7
484940,484947,484953,6,7
484940,484948,484953,5,8
484940,484948,484953,5,8
484940,484948,484953,5,8
484940,484948,484953,5,8
484940,484948,484953,5,8
484940,484948,484953,5,8
484940,484948,484953,5,8
484940,484947,484953,6,7
484940,484948,484953,5,8
484940,484949,484953,4,9
484940,484947,484953,6,7
484940,484953,484956,3,13
484940,484953,484956,3,13
484940,484953,484956,3,13
484940,484953,484956,3,13
484940,484953,484956,3,13
484940,484953,484956,3,13
484940,484953,484956,3,13
484940,484953,484956,3,13
484940,484953,484956,3,13
484940,484953,484956,3,13
484940,484953,484956,3,13
484940,484953,484957,4,13
484940,484953,484957,4,13
484940,484953,484957,4,13
484940,484953,484957,4,13
484940,484953,484956,3,13
484940,484953,484956,3,13
484940,484953,484957,4,13
484940,484953,484957,4,13
484940,484953,484957,4,13
484940,484953,484957,4,13
484940,484953,484957,4,13
484940,484953,484956,3,13
484940,484953,484956,3,13
484940,484953,484957,4,13
484940,484953,484957,4,13
484940,484953,484957,4,13
484940,484953,484957,4,13
484940,484953,484957,4,13
484940,484953,484957,4,13
484940,484953,484957,4,13
484940,484953,484957,4,13
484940,484953,484957,4,13
484940,484953,484957,4,13
484940,484953,484957,4,13
484940,484953,484957,4,13
484940,484953,484957,4,13
484940,484953,484957,4,13
484963,484963,484967,4,0
484963,484963,484968,5,0
484963,484963,484968,5,0
484963,484963,484968,5,0
484963,484963,484968,5,0
484963,484963,484968,5,0
484963,484963,484968,5,0
484963,484963,484968,5,0
484963,484963,484968,5,0
484963,484963,484968,5,0
484963,484963,484968,5,0
484963,484963,484968,5,0
484963,484963,484968,5,0
484963,484963,484968,5,0
484963,484963,484968,5,0
484963,484963,484968,5,0
484963,484963,484968,5,0
484963,484963,484968,5,0
484963,484963,484968,5,0
484963,484963,484968,5,0
484963,484963,484968,5,0
484963,484963,484968,5,0
484963,484963,484968,5,0
484963,484963,484968,5,0
484963,484963,484968,5,0
484963,484963,484968,5,0
484963,484963,484968,5,0
484963,484963,484968,5,0
484963,484963,484968,5,0
484963,484963,484968,5,0
484963,484963,484968,5,0
484963,484963,484969,6,0
484963,484963,484969,6,0
484963,484963,484968,5,0
484963,484963,484968,5,0
484963,484963,484968,5,0
484963,484963,484968,5,0
484963,484963,484968,5,0
484963,484963,484968,5,0
484963,484963,484968,5,0
484963,484963,484969,6,0
484963,484963,484968,5,0
484963,484963,484968,5,0
484963,484963,484968,5,0
484963,484963,484968,5,0
484963,484963,484968,5,0
484963,484963,484968,5,0
484963,484963,484968,5,0
484963,484963,484968,5,0
484963,484963,484968,5,0
484963,484963,484968,5,0
484963,484963,484968,5,0
484963,484963,484968,5,0
484963,484963,484969,6,0
484963,484963,484968,5,0
484963,484963,484968,5,0
484963,484963,484968,5,0
484963,484963,484968,5,0
484963,484963,484968,5,0
484963,484963,484968,5,0
484963,484963,484968,5,0
484963,484963,484968,5,0
484963,484963,484968,5,0
484963,484963,484968,5,0
484963,484963,484968,5,0
484963,484963,484969,6,0
484963,484963,484969,6,0
484963,484963,484969,6,0
484963,484968,484970,2,5
484963,484963,484969,6,0
484963,484963,484969,6,0
484963,484963,484969,6,0
484963,484963,484969,6,0
484963,484963,484969,6,0
484963,484963,484969,6,0
484963,484963,484969,6,0
484963,484963,484969,6,0
484963,484963,484969,6,0
484963,484963,484969,6,0
484963,484968,484969,1,5
484963,484963,484969,6,0
484963,484963,484969,6,0
484963,484969,484973,4,6
484963,484969,484974,5,6
484963,484969,484974,5,6
484963,484969,484974,5,6
484963,484969,484974,5,6
484963,484969,484974,5,6
484963,484969,484974,5,6
484963,484969,484974,5,6
484963,484969,484974,5,6
484963,484969,484974,5,6
484963,484969,484974,5,6
484963,484969,484974,5,6
484963,484969,484974,5,6
484963,484969,484974,5,6
484963,484969,484974,5,6
484963,484969,484974,5,6
484963,484969,484974,5,6
484963,484969,484974,5,6
484963,484969,484974,5,6
484963,484969,484974,5,6
484963,484969,484974,5,6
484963,484969,484974,5,6
484963,484969,484974,5,6
484963,484969,484974,5,6
484963,484969,484974,5,6
484963,484969,484974,5,6
484963,484970,484974,4,7
484963,484969,484974,5,6
484963,484969,484974,5,6
484963,484969,484974,5,6
484963,484969,484974,5,6
484963,484969,484974,5,6
484963,484969,484974,5,6
484963,484969,484974,5,6
484963,484969,484974,5,6
484963,484969,484974,5,6
484963,484969,484974,5,6
484963,484969,484974,5,6
484963,484969,484974,5,6
484963,484969,484974,5,6
484963,484969,484974,5,6
484963,484969,484974,5,6
484963,484969,484974,5,6
484963,484969,484974,5,6
484963,484969,484974,5,6
484963,484970,484974,4,7
484963,484969,484974,5,6
484963,484969,484974,5,6
484963,484969,484974,5,6
484963,484969,484974,5,6
484963,484969,484974,5,6
484963,484969,484974,5,6
484963,484969,484974,5,6
484963,484969,484974,5,6
484963,484969,484974,5,6
484963,484969,484974,5,6
484963,484970,484974,4,7
484963,484969,484974,5,6
484963,484969,484974,5,6
484963,484969,484974,5,6
484963,484969,484974,5,6
484963,484969,484974,5,6
484963,484969,484974,5,6
484963,484970,484974,4,7
484963,484969,484975,6,6
484963,484969,484975,6,6
484963,484969,484975,6,6
484963,484970,484975,5,7
484963,484969,484975,6,6
484963,484971,484975,4,8
484963,484970,484975,5,7
484963,484970,484975,5,7
484963,484970,484975,5,7
484963,484970,484975,5,7
484963,484970,484975,5,7
484963,484970,484975,5,7
484963,484970,484975,5,7
484963,484970,484975,5,7
484963,484973,484975,2,10
484963,484970,484975,5,7
484963,484970,484975,5,7
484963,484975,484977,2,12
484963,484975,484977,2,12
484963,484974,484977,3,11
484963,484974,484977,3,11
484963,484974,484977,3,11
484963,484974,484977,3,11
484963,484974,484977,3,11
484963,484974,484976,2,11
484963,484975,484977,2,12
484963,484975,484977,2,12
484963,484975,484977,2,12
484963,484975,484977,2,12
484963,484975,484977,2,12
484963,484975,484977,2,12
484963,484975,484977,2,12
484963,484975,484977,2,12
484963,484975,484977,2,12
484963,484975,484977,2,12
484963,484975,484977,2,12
484963,484975,484977,2,12
484963,484975,484977,2,12
484963,484975,484977,2,12
484963,484975,484978,3,12
484963,484975,484977,2,12
484963,484975,484977,2,12
484963,484975,484978,3,12
484963,484975,484978,3,12
484963,484975,484977,2,12
484963,484975,484978,3,12
484963,484975,484978,3,12
484963,484975,484978,3,12
484963,484975,484977,2,12
484963,484975,484978,3,12
484963,484975,484978,3,12
484963,484975,484978,3,12
484963,484975,484978,3,12
484963,484975,484978,3,12
484983,484983,484988,5,0
484983,484983,484988,5,0
484983,484983,484988,5,0
484983,484983,484988,5,0
484983,484983,484988,5,0
484983,484983,484988,5,0
484983,484983,484988,5,0
484983,484983,484988,5,0
484983,484983,484989,6,0
484983,484983,484988,5,0
484983,484983,484988,5,0
484983,484983,484988,5,0
484983,484983,484988,5,0
484983,484983,484988,5,0
484983,484983,484988,5,0
484983,484983,484988,5,0
484983,484983,484988,5,0
484983,484983,484988,5,0
484983,484983,484988,5,0
484983,484983,484988,5,0
484983,484983,484988,5,0
484983,484983,484989,6,0
484983,484983,484989,6,0
484983,484983,484988,5,0
484983,484983,484988,5,0
484983,484983,484988,5,0
484983,484983,484988,5,0
484983,484983,484988,5,0
484983,484983,484989,6,0
484983,484983,484989,6,0
484983,484983,484988,5,0
484983,484983,484988,5,0
484983,484983,484988,5,0
484983,484983,484988,5,0
484983,484983,484989,6,0
484983,484983,484988,5,0
484983,484983,484988,5,0
484983,484983,484988,5,0
484983,484983,484988,5,0
484983,484983,484988,5,0
484983,484983,484988,5,0
484983,484983,484988,5,0
484983,484983,484988,5,0
484983,484983,484988,5,0
484983,484983,484988,5,0
484983,484983,484988,5,0
484983,484983,484988,5,0
484983,484983,484988,5,0
484983,484983,484989,6,0
484983,484983,484988,5,0
484983,484983,484988,5,0
484983,484983,484988,5,0
484983,484983,484988,5,0
484983,484983,484988,5,0
484983,484983,484988,5,0
484983,484983,484988,5,0
484983,484983,484988,5,0
484983,484983,484988,5,0
484983,484983,484988,5,0
484983,484983,484988,5,0
484983,484983,484988,5,0
484983,484983,484989,6,0
484983,484983,484989,6,0
484983,484983,484988,5,0
484983,484983,484988,5,0
484983,484983,484988,5,0
484983,484983,484988,5,0
484983,484983,484989,6,0
484983,484983,484989,6,0
484983,484983,484989,6,0
484983,484983,484989,6,0
484983,484983,484989,6,0
484983,484983,484989,6,0
484983,484983,484989,6,0
484983,484983,484989,6,0
484983,484983,484989,6,0
484983,484988,484990,2,5
484983,484988,484990,2,5
484983,484983,484989,6,0
484983,484983,484989,6,0
484983,484983,484989,6,0
484983,484983,484989,6,0
484983,484989,484993,4,6
484983,484989,484994,5,6
484983,484989,484994,5,6
484983,484989,484994,5,6
484983,484989,484994,5,6
484983,484989,484994,5,6
484983,484989,484994,5,6
484983,484989,484994,5,6
484983,484989,484994,5,6
484983,484989,484994,5,6
484983,484989,484994,5,6
484983,484989,484994,5,6
484983,484989,484994,5,6
484983,484989,484994,5,6
484983,484989,484994,5,6
484983,484989,484995,6,6
484983,484989,484994,5,6
484983,484989,484994,5,6
484983,484989,484994,5,6
484983,484989,484994,5,6
484983,484989,484994,5,6
484983,484989,484994,5,6
484983,484989,484994,5,6
484983,484989,484994,5,6
484983,484989,484994,5,6
484983,484989,484994,5,6
484983,484989,484994,5,6
484983,484989,484994,5,6
484983,484989,484994,5,6
484983,484989,484994,5,6
484983,484989,484994,5,6
484983,484989,484994,5,6
484983,484989,484994,5,6
484983,484989,484994,5,6
484983,484989,484994,5,6
484983,484989,484994,5,6
484983,484989,484994,5,6
484983,484989,484994,5,6
484983,484989,484994,5,6
484983,484989,484994,5,6
484983,484989,484994,5,6
484983,484989,484994,5,6
484983,484989,484994,5,6
484983,484989,484994,5,6
484983,484989,484994,5,6
484983,484989,484994,5,6
484983,484989,484994,5,6
484983,484989,484994,5,6
484983,484989,484994,5,6
484983,484989,484994,5,6
484983,484989,484994,5,6
484983,484989,484994,5,6
484983,484989,484994,5,6
484983,484989,484994,5,6
484983,484989,484994,5,6
484983,484989,484994,5,6
484983,484989,484994,5,6
484983,484989,484994,5,6
484983,484989,484994,5,6
484983,484989,484995,6,6
484983,484989,484995,6,6
484983,484991,484995,4,8
484983,484991,484995,4,8
484983,484991,484995,4,8
484983,484991,484995,4,8
484983,484994,484996,2,11
484983,484991,484995,4,8
484983,484991,484995,4,8
484983,484991,484995,4,8
484983,484989,484995,6,6
484983,484989,484995,6,6
484983,484989,484995,6,6
484983,484991,484995,4,8
484983,484991,484995,4,8
484983,484991,484995,4,8
484983,484991,484995,4,8
484983,484991,484995,4,8
484983,484989,484995,6,6
484983,484989,484995,6,6
484983,484989,484995,6,6
484983,484991,484995,4,8
484983,484994,484996,2,11
484983,484995,484997,2,12
484983,484995,484997,2,12
484983,484995,484997,2,12
484983,484995,484998,3,12
484983,484995,484997,2,12
484983,484995,484997,2,12
484983,484995,484997,2,12
484983,484995,484997,2,12
484983,484995,484998,3,12
484983,484995,484998,3,12
484983,484995,484997,2,12
484983,484995,484997,2,12
484983,484995,484998,3,12
484983,484995,484997,2,12
484983,484995,484998,3,12
484983,484995,484998,3,12
484983,484995,484998,3,12
484983,484995,484998,3,12
484983,484995,484998,3,12
484983,484995,484997,2,12
484983,484995,484998,3,12
484983,484995,484998,3,12
484983,484995,484998,3,12
484983,484995,484998,3,12
484983,484995,484997,2,12
484983,484995,484998,3,12
484983,484995,484998,3,12
484983,484995,484998,3,12
484983,484995,484997,2,12
484983,484995,484998,3,12
484983,484995,484998,3,12
484983,484995,484998,3,12
484983,484995,484998,3,12
484983,484995,484998,3,12
484983,484995,484998,3,12
484983,484995,484998,3,12
485003,485003,485009,6,0
485003,485003,485009,6,0
485003,485003,485009,6,0
485003,485003,485009,6,0
485003,485003,485009,6,0
485003,485003,485009,6,0
485003,485003,485009,6,0
485003,485003,485009,6,0
485003,485003,485009,6,0
485003,485003,485009,6,0
485003,485003,485009,6,0
485003,485003,485009,6,0
485003,485003,485009,6,0
485003,485003,485009,6,0
485003,485003,485009,6,0
485003,485003,485009,6,0
485003,485003,485009,6,0
485003,485003,485009,6,0
485003,485003,485009,6,0
485003,485003,485009,6,0
485003,485003,485009,6,0
485003,485003,485009,6,0
485003,485003,485009,6,0
485003,485003,485009,6,0
485003,485003,485009,6,0
485003,485003,485009,6,0
485003,485003,485009,6,0
485003,485003,485009,6,0
485003,485003,485009,6,0
485003,485003,485009,6,0
485003,485003,485009,6,0
485003,485003,485009,6,0
485003,485003,485009,6,0
485003,485003,485009,6,0
485003,485003,485009,6,0
485003,485003,485009,6,0
485003,485003,485009,6,0
485003,485003,485009,6,0
485003,485003,485009,6,0
485003,485003,485009,6,0
485003,485003,485009,6,0
485003,485003,485009,6,0
485003,485003,485009,6,0
485003,485003,485009,6,0
485003,485003,485009,6,0
485003,485003,485009,6,0
485003,485003,485009,6,0
485003,485003,485009,6,0
485003,485003,485009,6,0
485003,485003,485009,6,0
485003,485003,485009,6,0
485003,485003,485009,6,0
485003,485003,485009,6,0
485003,485003,485009,6,0
485003,485003,485009,6,0
485003,485003,485009,6,0
485003,485003,485009,6,0
485003,485003,485009,6,0
485003,485003,485009,6,0
485003,485003,485009,6,0
485003,485003,485009,6,0
485003,485003,485009,6,0
485003,485003,485009,6,0
485003,485003,485009,6,0
485003,485003,485009,6,0
485003,485003,485010,7,0
485003,485003,485010,7,0
485003,485003,485009,6,0
485003,485003,485009,6,0
485003,485003,485010,7,0
485003,485003,485009,6,0
485003,485003,485009,6,0
485003,485003,485009,6,0
485003,485003,485010,7,0
485003,485003,485010,7,0
485003,485003,485010,7,0
485003,485003,485010,7,0
485003,485003,485010,7,0
485003,485003,485010,7,0
485003,485003,485010,7,0
485003,485010,485013,3,7
485003,485010,485015,5,7
485003,485010,485015,5,7
485003,485010,485015,5,7
485003,485010,485015,5,7
485003,485010,485015,5,7
485003,485010,485015,5,7
485003,485010,485015,5,7
485003,485010,485015,5,7
485003,485010,485015,5,7
485003,485010,485015,5,7
485003,485010,485015,5,7
485003,485010,485015,5,7
485003,485010,485015,5,7
485003,485010,485015,5,7
485003,485010,485015,5,7
485003,485010,485015,5,7
485003,485010,485015,5,7
485003,485010,485015,5,7
485003,485010,485015,5,7
485003,485010,485015,5,7
485003,485010,485015,5,7
485003,485010,485015,5,7
485003,485010,485015,5,7
485003,485010,485015,5,7
485003,485010,485015,5,7
485003,485010,485015,5,7
485003,485010,485015,5,7
485003,485010,485015,5,7
485003,485010,485015,5,7
485003,485010,485015,5,7
485003,485010,485015,5,7
485003,485010,485015,5,7
485003,485010,485015,5,7
485003,485010,485015,5,7
485003,485010,485015,5,7
485003,485010,485015,5,7
485003,485010,485015,5,7
485003,485010,485015,5,7
485003,485010,485015,5,7
485003,485010,485015,5,7
485003,485010,485015,5,7
485003,485010,485015,5,7
485003,485010,485015,5,7
485003,485010,485015,5,7
485003,485010,485016,6,7
485003,485010,485015,5,7
485003,485010,485015,5,7
485003,485010,485016,6,7
485003,485010,485015,5,7
485003,485010,485015,5,7
485003,485010,485015,5,7
485003,485010,485016,6,7
485003,485010,485015,5,7
485003,485010,485015,5,7
485003,485010,485015,5,7
485003,485010,485015,5,7
485003,485010,485015,5,7
485003,485010,485015,5,7
485003,485010,485016,6,7
485003,485010,485015,5,7
485003,485010,485015,5,7
485003,485010,485015,5,7
485003,485010,485015,5,7
485003,485010,485015,5,7
485003,485011,485016,5,8
485003,485010,485015,5,7
485003,485010,485015,5,7
485003,485010,485016,6,7
485003,485011,485015,4,8
485003,485011,485015,4,8
485003,485011,485015,4,8
485003,485010,485016,6,7
485003,485014,485016,2,11
485003,485010,485016,6,7
485003,485010,485016,6,7
485003,485010,485016,6,7
485003,485011,485016,5,8
485003,485011,485016,5,8
485003,485011,485016,5,8
485003,485010,485016,6,7
485003,485015,485017,2,12
485003,485015,485018,3,12
485003,485015,485018,3,12
485003,485015,485018,3,12
485003,485015,485018,3,12
485003,485015,485018,3,12
485003,485015,485018,3,12
485003,485015,485018,3,12
485003,485015,485018,3,12
485003,485015,485018,3,12
485003,485015,485018,3,12
485003,485015,485018,3,12
485003,485015,485018,3,12
485003,485015,485018,3,12
485003,485015,485018,3,12
485003,485015,485018,3,12
485003,485015,485018,3,12
485003,485015,485018,3,12
485003,485015,485018,3,12
485003,485015,485018,3,12
485003,485015,485019,4,12
485003,485015,485018,3,12
485003,485015,485019,4,12
485003,485015,485018,3,12
485003,485015,485018,3,12
485003,485015,485018,3,12
485003,485015,485019,4,12
485003,485015,485018,3,12
485003,485015,485018,3,12
485003,485015,485019,4,12
485003,485015,485019,4,12
485003,485015,485019,4,12
485003,485015,485019,4,12
485003,485015,485019,4,12
485003,485015,485019,4,12
485003,485015,485019,4,12
485003,485015,485019,4,12
485003,485015,485019,4,12
485003,485015,485019,4,12
485023,485024,485028,4,1
485023,485024,485028,4,1
485023,485024,485028,4,1
485023,485024,485029,5,1
485023,485024,485028,4,1
485023,485024,485029,5,1
485023,485024,485029,5,1
485023,485024,485029,5,1
485023,485024,485029,5,1
485023,485024,485029,5,1
485023,485024,485029,5,1
485023,485024,485029,5,1
485023,485024,485029,5,1
485023,485024,485029,5,1
485023,485024,485029,5,1
485023,485024,485029,5,1
485023,485024,485029,5,1
485023,485024,485029,5,1
485023,485024,485029,5,1
485023,485024,485030,6,1
485023,485024,485029,5,1
485023,485024,485029,5,1
485023,485024,485029,5,1
485023,485024,485029,5,1
485023,485024,485029,5,1
485023,485024,485029,5,1
485023,485024,485029,5,1
485023,485024,485029,5,1
485023,485024,485029,5,1
485023,485024,485029,5,1
485023,485024,485029,5,1
485023,485024,485030,6,1
485023,485024,485030,6,1
485023,485024,485029,5,1
485023,485024,485029,5,1
485023,485024,485029,5,1
485023,485024,485029,5,1
485023,485024,485029,5,1
485023,485024,485029,5,1
485023,485024,485029,5,1
485023,485024,485029,5,1
485023,485024,485029,5,1
485023,485024,485029,5,1
485023,485024,485030,6,1
485023,485024,485029,5,1
485023,485024,485029,5,1
485023,485024,485029,5,1
485023,485024,485029,5,1
485023,485024,485029,5,1
485023,485024,485029,5,1
485023,485024,485029,5,1
485023,485024,485029,5,1
485023,485024,485029,5,1
485023,485024,485029,5,1
485023,485024,485029,5,1
485023,485024,485029,5,1
485023,485024,485030,6,1
485023,485024,485029,5,1
485023,485024,485029,5,1
485023,485024,485029,5,1
485023,485024,485029,5,1
485023,485024,485029,5,1
485023,485024,485030,6,1
485023,485024,485029,5,1
485023,485024,485029,5,1
485023,485024,485029,5,1
485023,485024,485029,5,1
485023,485024,485029,5,1
485023,485024,485029,5,1
485023,485024,485029,5,1
485023,485024,485030,6,1
485023,485024,485030,6,1
485023,485029,485030,1,6
485023,485024,485030,6,1
485023,485024,485030,6,1
485023,485024,485030,6,1
485023,485024,485030,6,1
485023,485024,485030,6,1
485023,485029,485031,2,6
485023,485029,485031,2,6
485023,485024,485030,6,1
485023,485029,485031,2,6
485023,485029,485031,2,6
485023,485029,485031,2,6
485023,485024,485030,6,1
485023,485024,485030,6,1
485023,485029,485031,2,6
485023,485030,485033,3,7
485023,485030,485034,4,7
485023,485030,485034,4,7
485023,485030,485034,4,7
485023,485030,485034,4,7
485023,485030,485035,5,7
485023,485031,485035,4,8
485023,485030,485034,4,7
485023,485030,485034,4,7
485023,485030,485034,4,7
485023,485030,485034,4,7
485023,485030,485034,4,7
485023,485030,485035,5,7
485023,485030,485035,5,7
485023,485031,485035,4,8
485023,485030,485034,4,7
485023,485030,485034,4,7
485023,485030,485034,4,7
485023,485030,485034,4,7
485023,485030,485035,5,7
485023,485030,485034,4,7
485023,485030,485035,5,7
485023,485031,485035,4,8
485023,485030,485034,4,7
485023,485030,485034,4,7
485023,485030,485034,4,7
485023,485030,485034,4,7
485023,485030,485034,4,7
485023,485030,485035,5,7
485023,485031,485035,4,8
485023,485031,485035,4,8
485023,485030,485034,4,7
485023,485030,485034,4,7
485023,485030,485035,5,7
485023,485030,485035,5,7
485023,485030,485035,5,7
485023,485031,485034,3,8
485023,485031,485035,4,8
485023,485031,485035,4,8
485023,485030,485034,4,7
485023,485030,485035,5,7
485023,485030,485035,5,7
485023,485030,485035,5,7
485023,485030,485035,5,7
485023,485030,485035,5,7
485023,485030,485035,5,7
485023,485030,485035,5,7
485023,485030,485035,5,7
485023,485030,485035,5,7
485023,485030,485035,5,7
485023,485030,485035,5,7
485023,485030,485035,5,7
485023,485030,485035,5,7
485023,485030,485035,5,7
485023,485030,485035,5,7
485023,485030,485035,5,7
485023,485030,485034,4,7
485023,485030,485035,5,7
485023,485030,485035,5,7
485023,485030,485035,5,7
485023,485030,485035,5,7
485023,485030,485034,4,7
485023,485030,485034,4,7
485023,485030,485035,5,7
485023,485030,485034,4,7
485023,485030,485035,5,7
485023,485030,485035,5,7
485023,485031,485035,4,8
485023,485032,485035,3,9
485023,485030,485036,6,7
485023,485030,485035,5,7
485023,485031,485036,5,8
485023,485030,485035,5,7
485023,485032,485036,4,9
485023,485034,485036,2,11
485023,485031,485036,5,8
485023,485031,485036,5,8
485023,485031,485036,5,8
485023,485034,485036,2,11
485023,485034,485036,2,11
485023,485031,485036,5,8
485023,485031,485036,5,8
485023,485032,485036,4,9
485023,485035,485037,2,12
485023,485036,485037,1,13
485023,485036,485037,1,13
485023,485035,485038,3,12
485023,485035,485038,3,12
485023,485035,485038,3,12
485023,485036,485038,2,13
485023,485036,485038,2,13
485023,485036,485038,2,13
485023,485035,485038,3,12
485023,485036,485038,2,13
485023,485036,485039,3,13
485023,485036,485038,2,13
485023,485036,485038,2,13
485023,485036,485038,2,13
485023,485036,485038,2,13
485023,485036,485038,2,13
485023,485036,485038,2,13
485023,485036,485038,2,13
485023,485036,485039,3,13
485023,485036,485038,2,13
485023,485036,485038,2,13
485023,485036,485038,2,13
485023,485036,485038,2,13
485023,485036,485038,2,13
485023,485036,485038,2,13
485023,485036,485038,2,13
485023,485036,485038,2,13
485023,485036,485038,2,13
485023,485036,485038,2,13
485042,485043,485047,4,1
485042,485043,485048,5,1
485042,485043,485048,5,1
485042,485043,485047,4,1
485042,485043,485048,5,1
485042,485043,485048,5,1
485042,485043,485048,5,1
485042,485043,485047,4,1
485042,485043,485048,5,1
485042,485043,485048,5,1
485042,485043,485048,5,1
485042,485043,485048,5,1
485042,485043,485048,5,1
485042,485043,485048,5,1
485042,485043,485048,5,1
485042,485043,485048,5,1
485042,485043,485048,5,1
485042,485043,485048,5,1
485042,485043,485048,5,1
485042,485043,485048,5,1
485042,485043,485048,5,1
485042,485043,485048,5,1
485042,485043,485048,5,1
485042,485043,485048,5,1
485042,485043,485048,5,1
485042,485043,485048,5,1
485042,485043,485048,5,1
485042,485043,485048,5,1
485042,485043,485049,6,1
485042,485043,485048,5,1
485042,485043,485048,5,1
485042,485043,485048,5,1
485042,485043,485049,6,1
485042,485043,485048,5,1
485042,485043,485048,5,1
485042,485043,485048,5,1
485042,485043,485048,5,1
485042,485043,485048,5,1
485042,485043,485049,6,1
485042,485043,485049,6,1
485042,485043,485048,5,1
485042,485043,485048,5,1
485042,485043,485048,5,1
485042,485043,485049,6,1
485042,485043,485049,6,1
485042,485043,485049,6,1
485042,485043,485049,6,1
485042,485043,485048,5,1
485042,485043,485048,5,1
485042,485043,485049,6,1
485042,485043,485048,5,1
485042,485043,485049,6,1
485042,485043,485049,6,1
485042,485043,485048,5,1
485042,485043,485048,5,1
485042,485043,485048,5,1
485042,485043,485048,5,1
485042,485043,485048,5,1
485042,485043,485048,5,1
485042,485043,485048,5,1
485042,485043,485048,5,1
485042,485043,485048,5,1
485042,485043,485048,5,1
485042,485043,485048,5,1
485042,485043,485048,5,1
485042,485043,485048,5,1
485042,485043,485048,5,1
485042,485043,485048,5,1
485042,485043,485048,5,1
485042,485043,485048,5,1
485042,485043,485048,5,1
485042,485043,485049,6,1
485042,485043,485049,6,1
485042,485043,485049,6,1
485042,485043,485049,6,1
485042,485043,485049,6,1
485042,485043,485049,6,1
485042,485043,485049,6,1
485042,485043,485049,6,1
485042,485048,485050,2,6
485042,485048,485050,2,6
485042,485043,485050,7,1
485042,485048,485053,5,6
485042,485048,485053,5,6
485042,485048,485053,5,6
485042,485048,485053,5,6
485042,485048,485053,5,6
485042,485048,485053,5,6
485042,485048,485053,5,6
485042,485048,485053,5,6
485042,485048,485053,5,6
485042,485049,485053,4,7
485042,485048,485053,5,6
485042,485048,485053,5,6
485042,485048,485053,5,6
485042,485049,485053,4,7
485042,485049,485053,4,7
485042,485049,485053,4,7
485042,485049,485053,4,7
485042,485049,485053,4,7
485042,485049,485053,4,7
485042,485049,485053,4,7
485042,485049,485053,4,7
485042,485049,485054,5,7
485042,485049,485053,4,7
485042,485049,485054,5,7
485042,485049,485053,4,7
485042,485049,485053,4,7
485042,485050,485054,4,8
485042,485048,485053,5,6
485042,485049,485053,4,7
485042,485049,485054,5,7
485042,485049,485053,4,7
485042,485049,485053,4,7
485042,485049,485054,5,7
485042,485049,485054,5,7
485042,485048,485053,5,6
485042,485048,485053,5,6
485042,485049,485054,5,7
485042,485049,485053,4,7
485042,485049,485054,5,7
485042,485049,485054,5,7
485042,485049,485054,5,7
485042,485048,485053,5,6
485042,485048,485053,5,6
485042,485048,485053,5,6
485042,485049,485053,4,7
485042,485049,485053,4,7
485042,485049,485053,4,7
485042,485049,485054,5,7
485042,485049,485053,4,7
485042,485049,485054,5,7
485042,485049,485054,5,7
485042,485049,485054,5,7
485042,485049,485054,5,7
485042,485049,485054,5,7
485042,485049,485053,4,7
485042,485049,485054,5,7
485042,485049,485054,5,7
485042,485048,485053,5,6
485042,485049,485054,5,7
485042,485049,485054,5,7
485042,485049,485053,4,7
485042,485049,485054,5,7
485042,485049,485054,5,7
485042,485048,485053,5,6
485042,485049,485053,4,7
485042,485049,485053,4,7
485042,485049,485054,5,7
485042,485049,485054,5,7
485042,485049,485054,5,7
485042,485050,485055,5,8
485042,485050,485054,4,8
485042,485050,485054,4,8
485042,485051,485055,4,9
485042,485050,485055,5,8
485042,485053,485055,2,11
485042,485053,485055,2,11
485042,485053,485055,2,11
485042,485049,485054,5,7
485042,485049,485054,5,7
485042,485049,485054,5,7
485042,485050,485054,4,8
485042,485050,485054,4,8
485042,485053,485055,2,11
485042,485050,485054,4,8
485042,485053,485055,2,11
485042,485053,485055,2,11
485042,485053,485055,2,11
485042,485053,485055,2,11
485042,485054,485056,2,12
485042,485054,485056,2,12
485042,485054,485056,2,12
485042,485054,485056,2,12
485042,485054,485056,2,12
485042,485053,485056,3,11
485042,485053,485056,3,11
485042,485054,485056,2,12
485042,485053,485056,3,11
485042,485054,485056,2,12
485042,485054,485056,2,12
485042,485054,485056,2,12
485042,485054,485056,2,12
485042,485054,485057,3,12
485042,485054,485057,3,12
485042,485054,485057,3,12
485042,485054,485056,2,12
485042,485054,485057,3,12
485042,485054,485056,2,12
485042,485054,485056,2,12
485042,485054,485057,3,12
485042,485054,485057,3,12
485042,485054,485057,3,12
485042,485054,485057,3,12
485042,485054,485057,3,12
485042,485054,485057,3,12
485042,485054,485057,3,12
485042,485054,485057,3,12
485042,485054,485057,3,12
485042,485054,485057,3,12
485061,485061,485066,5,0
485061,485061,485066,5,0
485061,485061,485066,5,0
485061,485061,485066,5,0
485061,485061,485066,5,0
485061,485061,485066,5,0
485061,485061,485066,5,0
485061,485061,485066,5,0
485061,485061,485066,5,0
485061,485061,485066,5,0
485061,485061,485066,5,0
485061,485062,485066,4,1
485061,485062,485067,5,1
485061,485061,485066,5,0
485061,485061,485066,5,0
485061,485061,485066,5,0
485061,485061,485066,5,0
485061,485061,485066,5,0
485061,485061,485066,5,0
485061,485062,485067,5,1
485061,485062,485066,4,1
485061,485061,485066,5,0
485061,485061,485066,5,0
485061,485061,485066,5,0
485061,485061,485066,5,0
485061,485061,485066,5,0
485061,485062,485066,4,1
485061,485061,485066,5,0
485061,485061,485066,5,0
485061,485061,485066,5,0
485061,485061,485066,5,0
485061,485061,485066,5,0
485061,485062,485066,4,1
485061,485061,485066,5,0
485061,485061,485066,5,0
485061,485061,485066,5,0
485061,485061,485066,5,0
485061,485062,485066,4,1
485061,485062,485066,4,1
485061,485061,485066,5,0
485061,485061,485066,5,0
485061,485061,485066,5,0
485061,485061,485066,5,0
485061,485061,485066,5,0
485061,485061,485066,5,0
485061,485062,485066,4,1
485061,485062,485066,4,1
485061,485061,485066,5,0
485061,485061,485066,5,0
485061,485061,485066,5,0
485061,485061,485066,5,0
485061,485061,485066,5,0
485061,485061,485066,5,0
485061,485061,485066,5,0
485061,485061,485066,5,0
485061,485061,485066,5,0
485061,485061,485066,5,0
485061,485061,485066,5,0
485061,485061,485066,5,0
485061,485061,485066,5,0
485061,485062,485066,4,1
485061,485062,485066,4,1
485061,485062,485067,5,1
485061,485062,485067,5,1
485061,485062,485067,5,1
485061,485062,485067,5,1
485061,485062,485067,5,1
485061,485062,485067,5,1
485061,485062,485067,5,1
485061,485062,485067,5,1
485061,485062,485067,5,1
485061,485062,485067,5,1
485061,485062,485067,5,1
485061,485062,485067,5,1
485061,485062,485067,5,1
485061,485062,485067,5,1
485061,485062,485067,5,1
485061,485062,485067,5,1
485061,485062,485067,5,1
485061,485061,485067,6,0
485061,485067,485070,3,6
485061,485067,485072,5,6
485061,485067,485072,5,6
485061,485067,485071,4,6
485061,485067,485072,5,6
485061,485067,485072,5,6
485061,485067,485072,5,6
485061,485067,485072,5,6
485061,485067,485072,5,6
485061,485067,485072,5,6
485061,485067,485072,5,6
485061,485067,485072,5,6
485061,485067,485072,5,6
485061,485067,485072,5,6
485061,485067,485072,5,6
485061,485067,485072,5,6
485061,485067,485072,5,6
485061,485067,485072,5,6
485061,485067,485072,5,6
485061,485067,485072,5,6
485061,485067,485072,5,6
485061,485067,485072,5,6
485061,485067,485072,5,6
485061,485067,485072,5,6
485061,485067,485072,5,6
485061,485067,485072,5,6
485061,485067,485072,5,6
485061,485067,485072,5,6
485061,485067,485072,5,6
485061,485067,485072,5,6
485061,485067,485072,5,6
485061,485067,485072,5,6
485061,485067,485072,5,6
485061,485067,485072,5,6
485061,485067,485072,5,6
485061,485067,485072,5,6
485061,485068,485072,4,7
485061,485067,485072,5,6
485061,485067,485071,4,6
485061,485067,485072,5,6
485061,485067,485072,5,6
485061,485067,485072,5,6
485061,485067,485072,5,6
485061,485067,485072,5,6
485061,485067,485072,5,6
485061,485067,485072,5,6
485061,485067,485072,5,6
485061,485068,485072,4,7
485061,485067,485071,4,6
485061,485067,485072,5,6
485061,485067,485072,5,6
485061,485067,485072,5,6
485061,485067,485072,5,6
485061,485068,485072,4,7
485061,485068,485072,4,7
485061,485067,485071,4,6
485061,485067,485071,4,6
485061,485067,485071,4,6
485061,485067,485072,5,6
485061,485067,485072,5,6
485061,485067,485072,5,6
485061,485067,485072,5,6
485061,485067,485073,6,6
485061,485067,485073,6,6
485061,485067,485072,5,6
485061,485067,485073,6,6
485061,485068,485072,4,7
485061,485068,485072,4,7
485061,485068,485072,4,7
485061,485068,485073,5,7
485061,485068,485073,5,7
485061,485068,485072,4,7
485061,485068,485073,5,7
485061,485068,485073,5,7
485061,485068,485072,4,7
485061,485068,485073,5,7
485061,485068,485072,4,7
485061,485068,485072,4,7
485061,485071,485073,2,10
485061,485068,485073,5,7
485061,485068,485074,6,7
485061,485072,485074,2,11
485061,485072,485074,2,11
485061,485072,485074,2,11
485061,485072,485074,2,11
485061,485072,485074,2,11
485061,485072,485074,2,11
485061,485072,485074,2,11
485061,485072,485075,3,11
485061,485072,485075,3,11
485061,485072,485075,3,11
485061,485072,485075,3,11
485061,485072,485075,3,11
485061,485072,485075,3,11
485061,485072,485075,3,11
485061,485072,485075,3,11
485061,485072,485075,3,11
485061,485072,485075,3,11
485061,485072,485075,3,11
485061,485072,485075,3,11
485061,485072,485075,3,11
485061,485072,485075,3,11
485061,485072,485075,3,11
485061,485072,485075,3,11
485061,485072,485075,3,11
485061,485072,485075,3,11
485061,485072,485075,3,11
485061,485072,485076,4,11
485061,485072,485076,4,11
485061,485072,485076,4,11
485061,485072,485075,3,11
485061,485072,485076,4,11
485061,485072,485075,3,11
485061,485072,485075,3,11
485061,485072,485076,4,11
485061,485072,485076,4,11
485061,485072,485076,4,11
485061,485072,485076,4,11
485061,485072,485076,4,11
485061,485072,485076,4,11
485080,485080,485085,5,0
485080,485080,485085,5,0
485080,485080,485085,5,0
485080,485080,485085,5,0
485080,485080,485085,5,0
485080,485080,485085,5,0
485080,485080,485085,5,0
485080,485080,485085,5,0
485080,485080,485085,5,0
485080,485080,485085,5,0
485080,485080,485085,5,0
485080,485080,485085,5,0
485080,485080,485085,5,0
485080,485080,485085,5,0
485080,485080,485085,5,0
485080,485080,485085,5,0
485080,485080,485085,5,0
485080,485080,485085,5,0
485080,485080,485085,5,0
485080,485080,485085,5,0
485080,485080,485085,5,0
485080,485080,485085,5,0
485080,485080,485085,5,0
485080,485080,485085,5,0
485080,485080,485085,5,0
485080,485080,485085,5,0
485080,485080,485085,5,0
485080,485080,485085,5,0
485080,485080,485085,5,0
485080,485080,485085,5,0
485080,485080,485085,5,0
485080,485080,485085,5,0
485080,485080,485085,5,0
485080,485080,485085,5,0
485080,485080,485085,5,0
485080,485080,485085,5,0
485080,485080,485085,5,0
485080,485080,485085,5,0
485080,485080,485085,5,0
485080,485080,485085,5,0
485080,485080,485085,5,0
485080,485080,485085,5,0
485080,485080,485085,5,0
485080,485080,485085,5,0
485080,485080,485085,5,0
485080,485080,485085,5,0
485080,485080,485085,5,0
485080,485080,485085,5,0
485080,485080,485085,5,0
485080,485080,485085,5,0
485080,485080,485085,5,0
485080,485080,485085,5,0
485080,485080,485085,5,0
485080,485080,485086,6,0
485080,485080,485086,6,0
485080,485080,485086,6,0
485080,485080,485086,6,0
485080,485080,485086,6,0
485080,485080,485086,6,0
485080,485080,485086,6,0
485080,485080,485086,6,0
485080,485080,485087,7,0
485080,485080,485086,6,0
485080,485080,485086,6,0
485080,485080,485086,6,0
485080,485080,485086,6,0
485080,485080,485086,6,0
485080,485080,485086,6,0
485080,485080,485086,6,0
485080,485080,485086,6,0
485080,485080,485086,6,0
485080,485080,485086,6,0
485080,485080,485086,6,0
485080,485080,485086,6,0
485080,485080,485086,6,0
485080,485080,485086,6,0
485080,485080,485086,6,0
485080,485080,485086,6,0
485080,485080,485086,6,0
485080,485080,485086,6,0
485080,485086,485090,4,6
485080,485086,485090,4,6
485080,485086,485090,4,6
485080,485086,485090,4,6
485080,485086,485090,4,6
485080,485086,485090,4,6
485080,485086,485090,4,6
485080,485086,485091,5,6
485080,485086,485091,5,6
485080,485086,485091,5,6
485080,485086,485090,4,6
485080,485086,485090,4,6
485080,485086,485090,4,6
485080,485086,485090,4,6
485080,485086,485090,4,6
485080,485086,485091,5,6
485080,485086,485091,5,6
485080,485086,485091,5,6
485080,485086,485091,5,6
485080,485086,485090,4,6
485080,485086,485090,4,6
485080,485086,485090,4,6
485080,485086,485091,5,6
485080,485086,485091,5,6
485080,485086,485091,5,6
485080,485086,485090,4,6
485080,485086,485090,4,6
485080,485086,485090,4,6
485080,485086,485091,5,6
485080,485086,485091,5,6
485080,485086,485090,4,6
485080,485086,485090,4,6
485080,485086,485090,4,6
485080,485086,485091,5,6
485080,485086,485091,5,6
485080,485087,485091,4,7
485080,485087,485091,4,7
485080,485086,485090,4,6
485080,485086,485090,4,6
485080,485086,485090,4,6
485080,485086,485091,5,6
485080,485086,485091,5,6
485080,485086,485090,4,6
485080,485086,485091,5,6
485080,485086,485090,4,6
485080,485086,485091,5,6
485080,485086,485090,4,6
485080,485086,485090,4,6
485080,485086,485090,4,6
485080,485086,485091,5,6
485080,485087,485090,3,7
485080,485086,485091,5,6
485080,485086,485091,5,6
485080,485086,485090,4,6
485080,485086,485091,5,6
485080,485086,485091,5,6
485080,485086,485091,5,6
485080,485087,485091,4,7
485080,485087,485091,4,7
485080,485087,485092,5,7
485080,485090,485092,2,10
485080,485087,485092,5,7
485080,485087,485091,4,7
485080,485090,485092,2,10
485080,485087,485092,5,7
485080,485087,485092,5,7
485080,485086,485091,5,6
485080,485087,485092,5,7
485080,485087,485091,4,7
485080,485087,485091,4,7
485080,485087,485092,5,7
485080,485087,485091,4,7
485080,485087,485091,4,7
485080,485087,485091,4,7
485080,485087,485091,4,7
485080,485087,485091,4,7
485080,485090,485092,2,10
485080,485086,485092,6,6
485080,485086,485091,5,6
485080,485086,485091,5,6
485080,485087,485092,5,7
485080,485087,485092,5,7
485080,485091,485093,2,11
485080,485091,485093,2,11
485080,485087,485092,5,7
485080,485090,485092,2,10
485080,485091,485093,2,11
485080,485091,485093,2,11
485080,485091,485093,2,11
485080,485091,485093,2,11
485080,485091,485093,2,11
485080,485091,485094,3,11
485080,485091,485093,2,11
485080,485091,485094,3,11
485080,485091,485093,2,11
485080,485091,485094,3,11
485080,485091,485094,3,11
485080,485091,485094,3,11
485080,485091,485094,3,11
485080,485091,485094,3,11
485080,485091,485094,3,11
485080,485091,485094,3,11
485080,485091,485094,3,11
485080,485091,485094,3,11
485080,485091,485094,3,11
485080,485091,485093,2,11
485080,485091,485094,3,11
485080,485091,485094,3,11
485080,485091,485094,3,11
485080,485091,485094,3,11
485080,485091,485094,3,11
485080,485091,485094,3,11
485080,485091,485094,3,11
485080,485091,485094,3,11
485080,485091,485094,3,11
485080,485091,485094,3,11
485080,485091,485094,3,11
485080,485091,485094,3,11
485080,485091,485094,3,11
485080,485091,485094,3,11
485099,485099,485104,5,0
485099,485099,485104,5,0
485099,485099,485104,5,0
485099,485099,485104,5,0
485099,485099,485104,5,0
485099,485099,485104,5,0
485099,485099,485104,5,0
485099,485099,485104,5,0
485099,485099,485104,5,0
485099,485099,485104,5,0
485099,485099,485104,5,0
485099,485099,485104,5,0
485099,485099,485104,5,0
485099,485099,485104,5,0
485099,485099,485104,5,0
485099,485099,485104,5,0
485099,485099,485104,5,0
485099,485099,485104,5,0
485099,485099,485104,5,0
485099,485099,485104,5,0
485099,485099,485104,5,0
485099,485099,485104,5,0
485099,485099,485104,5,0
485099,485099,485104,5,0
485099,485099,485104,5,0
485099,485099,485104,5,0
485099,485099,485104,5,0
485099,485099,485104,5,0
485099,485099,485104,5,0
485099,485099,485104,5,0
485099,485099,485104,5,0
485099,485099,485104,5,0
485099,485099,485104,5,0
485099,485099,485104,5,0
485099,485099,485104,5,0
485099,485099,485104,5,0
485099,485099,485104,5,0
485099,485099,485104,5,0
485099,485099,485104,5,0
485099,485099,485104,5,0
485099,485099,485104,5,0
485099,485099,485104,5,0
485099,485099,485104,5,0
485099,485099,485104,5,0
485099,485099,485104,5,0
485099,485099,485104,5,0
485099,485099,485104,5,0
485099,485099,485104,5,0
485099,485099,485104,5,0
485099,485099,485104,5,0
485099,485099,485105,6,0
485099,485099,485105,6,0
485099,485099,485105,6,0
485099,485099,485105,6,0
485099,485099,485105,6,0
485099,485099,485105,6,0
485099,485099,485105,6,0
485099,485099,485105,6,0
485099,485099,485105,6,0
485099,485099,485105,6,0
485099,485099,485104,5,0
485099,485099,485105,6,0
485099,485099,485105,6,0
485099,485099,485104,5,0
485099,485099,485104,5,0
485099,485099,485104,5,0
485099,485099,485104,5,0
485099,485099,485104,5,0
485099,485099,485105,6,0
485099,485099,485104,5,0
485099,485099,485105,6,0
485099,485099,485105,6,0
485099,485099,485104,5,0
485099,485099,485104,5,0
485099,485099,485104,5,0
485099,485099,485105,6,0
485099,485099,485106,7,0
485099,485099,485105,6,0
485099,485099,485105,6,0
485099,485099,485105,6,0
485099,485104,485108,4,5
485099,485104,485108,4,5
485099,485104,485108,4,5
485099,485104,485109,5,5
485099,485104,485109,5,5
485099,485104,485109,5,5
485099,485104,485109,5,5
485099,485104,485109,5,5
485099,485104,485109,5,5
485099,485104,485109,5,5
485099,485104,485109,5,5
485099,485104,485109,5,5
485099,485104,485109,5,5
485099,485104,485109,5,5
485099,485104,485109,5,5
485099,485105,485109,4,6
485099,485105,485109,4,6
485099,485105,485109,4,6
485099,485105,485110,5,6
485099,485105,485110,5,6
485099,485104,485109,5,5
485099,485104,485109,5,5
485099,485104,485109,5,5
485099,485104,485109,5,5
485099,485106,485109,3,7
485099,485104,485109,5,5
485099,485104,485109,5,5
485099,485104,485109,5,5
485099,485104,485109,5,5
485099,485104,485109,5,5
485099,485106,485109,3,7
485099,485104,485109,5,5
485099,485104,485109,5,5
485099,485104,485109,5,5
485099,485104,485109,5,5
485099,485105,485109,4,6
485099,485104,485109,5,5
485099,485104,485109,5,5
485099,485104,485109,5,5
485099,485104,485109,5,5
485099,485104,485109,5,5
485099,485104,485109,5,5
485099,485104,485109,5,5
485099,485104,485109,5,5
485099,485104,485109,5,5
485099,485104,485109,5,5
485099,485104,485109,5,5
485099,485106,485110,4,7
485099,485106,485109,3,7
485099,485106,485110,4,7
485099,485104,485109,5,5
485099,485104,485109,5,5
485099,485104,485109,5,5
485099,485106,485110,4,7
485099,485106,485109,3,7
485099,485106,485110,4,7
485099,485109,485111,2,10
485099,485109,485111,2,10
485099,485106,485110,4,7
485099,485109,485111,2,10
485099,485106,485110,4,7
485099,485106,485110,4,7
485099,485106,485110,4,7
485099,485106,485110,4,7
485099,485109,485111,2,10
485099,485106,485110,4,7
485099,485106,485110,4,7
485099,485106,485110,4,7
485099,485106,485110,4,7
485099,485106,485111,5,7
485099,485106,485110,4,7
485099,485106,485110,4,7
485099,485106,485110,4,7
485099,485106,485110,4,7
485099,485106,485110,4,7
485099,485106,485111,5,7
485099,485105,485110,5,6
485099,485106,485111,5,7
485099,485106,485110,4,7
485099,485106,485111,5,7
485099,485106,485110,4,7
485099,485106,485111,5,7
485099,485106,485111,5,7
485099,485106,485111,5,7
485099,485110,485113,3,11
485099,485110,485113,3,11
485099,485110,485113,3,11
485099,485110,485113,3,11
485099,485110,485113,3,11
485099,485110,485113,3,11
485099,485110,485113,3,11
485099,485110,485113,3,11
485099,485110,485113,3,11
485099,485110,485113,3,11
485099,485110,485113,3,11
485099,485110,485113,3,11
485099,485110,485113,3,11
485099,485110,485113,3,11
485099,485110,485113,3,11
485099,485110,485113,3,11
485099,485110,485113,3,11
485099,485110,485113,3,11
485099,485110,485113,3,11
485099,485110,485113,3,11
485099,485110,485113,3,11
485099,485110,485113,3,11
485099,485110,485113,3,11
485099,485110,485113,3,11
485099,485110,485114,4,11
485099,485110,485113,3,11
485099,485110,485113,3,11
485099,485110,485114,4,11
485099,485110,485114,4,11
485099,485110,485113,3,11
485099,485110,485113,3,11
485099,485110,485113,3,11
485099,485110,485114,4,11
485099,485110,485114,4,11
485099,485110,485114,4,11
485099,485110,485114,4,11
485118,485118,485122,4,0
485118,485118,485123,5,0
485118,485118,485123,5,0
485118,485118,485123,5,0
485118,485118,485123,5,0
485118,485118,485123,5,0
485118,485118,485123,5,0
485118,485118,485123,5,0
485118,485118,485123,5,0
485118,485118,485123,5,0
485118,485118,485123,5,0
485118,485118,485123,5,0
485118,485118,485123,5,0
485118,485118,485123,5,0
485118,485118,485123,5,0
485118,485118,485123,5,0
485118,485118,485123,5,0
485118,485118,485123,5,0
485118,485118,485123,5,0
485118,485118,485123,5,0
485118,485118,485123,5,0
485118,485118,485123,5,0
485118,485118,485123,5,0
485118,485118,485123,5,0
485118,485118,485123,5,0
485118,485118,485123,5,0
485118,485118,485123,5,0
485118,485118,485122,4,0
485118,485118,485123,5,0
485118,485118,485123,5,0
485118,485118,485123,5,0
485118,485118,485123,5,0
485118,485118,485123,5,0
485118,485118,485123,5,0
485118,485118,485123,5,0
485118,485118,485123,5,0
485118,485118,485123,5,0
485118,485118,485123,5,0
485118,485118,485123,5,0
485118,485118,485123,5,0
485118,485118,485123,5,0
485118,485118,485123,5,0
485118,485118,485123,5,0
485118,485118,485123,5,0
485118,485118,485123,5,0
485118,485118,485123,5,0
485118,485118,485123,5,0
485118,485118,485123,5,0
485118,485118,485123,5,0
485118,485118,485123,5,0
485118,485118,485123,5,0
485118,485118,485123,5,0
485118,485118,485123,5,0
485118,485118,485124,6,0
485118,485118,485124,6,0
485118,485118,485124,6,0
485118,485118,485124,6,0
485118,485118,485124,6,0
485118,485118,485124,6,0
485118,485118,485124,6,0
485118,485118,485124,6,0
485118,485118,485123,5,0
485118,485118,485123,5,0
485118,485118,485124,6,0
485118,485118,485124,6,0
485118,485118,485124,6,0
485118,485118,485124,6,0
485118,485118,485123,5,0
485118,485118,485123,5,0
485118,485118,485124,6,0
485118,485118,485124,6,0
485118,485118,485124,6,0
485118,485118,485123,5,0
485118,485118,485124,6,0
485118,485118,485123,5,0
485118,485118,485124,6,0
485118,485118,485123,5,0
485118,485118,485124,6,0
485118,485118,485124,6,0
485118,485118,485125,7,0
485118,485122,485125,3,4
485118,485123,485126,3,5
485118,485123,485127,4,5
485118,485123,485127,4,5
485118,485123,485126,3,5
485118,485123,485126,3,5
485118,485123,485127,4,5
485118,485123,485126,3,5
485118,485123,485126,3,5
485118,485123,485127,4,5
485118,485123,485127,4,5
485118,485123,485127,4,5
485118,485123,485127,4,5
485118,485124,485128,4,6
485118,485125,485128,3,7
485118,485123,485127,4,5
485118,485123,485127,4,5
485118,485123,485127,4,5
485118,485123,485127,4,5
485118,485123,485127,4,5
485118,485123,485127,4,5
485118,485123,485127,4,5
485118,485123,485127,4,5
485118,485123,485127,4,5
485118,485123,485127,4,5
485118,485123,485127,4,5
485118,485125,485127,2,7
485118,485125,485127,2,7
485118,485125,485127,2,7
485118,485123,485127,4,5
485118,485123,485127,4,5
485118,485123,485127,4,5
485118,485123,485127,4,5
485118,485123,485127,4,5
485118,485123,485128,5,5
485118,485125,485128,3,7
485118,485125,485128,3,7
485118,485123,485127,4,5
485118,485123,485127,4,5
485118,485123,485127,4,5
485118,485123,485127,4,5
485118,485125,485128,3,7
485118,485125,485128,3,7
485118,485123,485127,4,5
485118,485123,485127,4,5
485118,485123,485127,4,5
485118,485125,485128,3,7
485118,485125,485128,3,7
485118,485125,485127,2,7
485118,485123,485127,4,5
485118,485123,485127,4,5
485118,485123,485127,4,5
485118,485123,485127,4,5
485118,485125,485128,3,7
485118,485123,485127,4,5
485118,485123,485127,4,5
485118,485125,485127,2,7
485118,485126,485128,2,8
485118,485123,485127,4,5
485118,485123,485127,4,5
485118,485123,485127,4,5
485118,485123,485127,4,5
485118,485125,485128,3,7
485118,485125,485127,2,7
485118,485125,485128,3,7
485118,485125,485128,3,7
485118,485127,485128,1,9
485118,485127,485129,2,9
485118,485127,485129,2,9
485118,485126,485128,2,8
485118,485127,485128,1,9
485118,485127,485129,2,9
485118,485127,485129,2,9
485118,485123,485128,5,5
485118,485123,485128,5,5
485118,485123,485128,5,5
485118,485125,485128,3,7
485118,485125,485128,3,7
485118,485125,485128,3,7
485118,485125,485128,3,7
485118,485127,485128,1,9
485118,485127,485128,1,9
485118,485125,485128,3,7
485118,485127,485128,1,9
485118,485123,485128,5,5
485118,485125,485128,3,7
485118,485125,485128,3,7
485118,485125,485128,3,7
485118,485125,485128,3,7
485118,485125,485128,3,7
485118,485128,485130,2,10
485118,485128,485130,2,10
485118,485128,485130,2,10
485118,485128,485130,2,10
485118,485128,485130,2,10
485118,485128,485130,2,10
485118,485128,485130,2,10
485118,485128,485130,2,10
485118,485128,485130,2,10
485118,485128,485130,2,10
485118,485128,485130,2,10
485118,485128,485130,2,10
485118,485128,485130,2,10
485118,485128,485130,2,10
485118,485128,485130,2,10
485118,485128,485130,2,10
485118,485128,485130,2,10
485118,485128,485130,2,10
485118,485128,485130,2,10
485118,485128,485131,3,10
485118,485128,485130,2,10
485118,485128,485130,2,10
485118,485128,485130,2,10
485118,485128,485130,2,10
485118,485128,485130,2,10
485118,485128,485130,2,10
485118,485128,485130,2,10
485118,485128,485130,2,10
485118,485128,485131,3,10
485118,485128,485130,2,10
485135,485135,485137,2,0
485135,485135,485137,2,0
485135,485135,485137,2,0
485135,485135,485138,3,0
485135,485135,485138,3,0
485135,485135,485138,3,0
485135,485135,485137,2,0
485135,485135,485138,3,0
485135,485135,485138,3,0
485135,485135,485138,3,0
485135,485135,485138,3,0
485135,485135,485138,3,0
485135,485135,485138,3,0
485135,485135,485138,3,0
485135,485135,485138,3,0
485135,485135,485138,3,0
485135,485135,485138,3,0
485135,485135,485138,3,0
485135,485135,485137,2,0
485135,485135,485137,2,0
485135,485135,485137,2,0
485135,485135,485138,3,0
485135,485135,485138,3,0
485135,485135,485138,3,0
485135,485135,485138,3,0
485135,485135,485138,3,0
485135,485135,485138,3,0
485135,485135,485138,3,0
485135,485135,485137,2,0
485135,485135,485138,3,0
485135,485135,485138,3,0
485135,485135,485138,3,0
485135,485135,485138,3,0
485135,485135,485138,3,0
485135,485135,485138,3,0
485135,485135,485137,2,0
485135,485135,485137,2,0
485135,485135,485138,3,0
485135,485135,485138,3,0
485135,485135,485138,3,0
485135,485135,485138,3,0
485135,485135,485138,3,0
485135,485135,485139,4,0
485135,485135,485138,3,0
485135,485135,485138,3,0
485135,485135,485138,3,0
485135,485135,485138,3,0
485135,485135,485138,3,0
485135,485135,485138,3,0
485135,485135,485138,3,0
485135,485135,485138,3,0
485135,485135,485138,3,0
485135,485135,485138,3,0
485135,485135,485138,3,0
485135,485135,485138,3,0
485135,485135,485138,3,0
485135,485135,485138,3,0
485135,485135,485138,3,0
485135,485135,485138,3,0
485135,485135,485138,3,0
485135,485135,485138,3,0
485135,485135,485138,3,0
485135,485135,485138,3,0
485135,485135,485138,3,0
485135,485135,485138,3,0
485135,485135,485138,3,0
485135,485135,485138,3,0
485135,485135,485138,3,0
485135,485135,485138,3,0
485135,485135,485138,3,0
485135,485135,485138,3,0
485135,485135,485138,3,0
485135,485135,485138,3,0
485135,485135,485138,3,0
485135,485135,485138,3,0
485135,485135,485138,3,0
485135,485135,485138,3,0
485135,485135,485138,3,0
485135,485135,485138,3,0
485135,485135,485138,3,0
485135,485137,485139,2,2
485135,485137,485139,2,2
485135,485137,485139,2,2
485135,485138,485140,2,3
485135,485138,485140,2,3
485135,485138,485140,2,3
485135,485138,485140,2,3
485135,485138,485140,2,3
485135,485138,485140,2,3
485135,485138,485140,2,3
485135,485138,485140,2,3
485135,485138,485140,2,3
485135,485138,485140,2,3
485135,485138,485140,2,3
485135,485138,485140,2,3
485135,485138,485140,2,3
485135,485138,485140,2,3
485135,485138,485140,2,3
485135,485138,485140,2,3
485135,485138,485140,2,3
485135,485138,485140,2,3
485135,485138,485140,2,3
485135,485138,485141,3,3
485135,485138,485141,3,3
485135,485138,485140,2,3
485135,485138,485140,2,3
485135,485138,485141,3,3
485135,485138,485141,3,3
485135,485138,485140,2,3
485135,485138,485140,2,3
485135,485138,485141,3,3
485135,485138,485141,3,3
485135,485138,485140,2,3
485135,485138,485140,2,3
485135,485138,485140,2,3
485135,485138,485141,3,3
485135,485138,485141,3,3
485135,485138,485141,3,3
485135,485139,485141,2,4
485135,485139,485141,2,4
485135,485139,485141,2,4
485135,485139,485141,2,4
485135,485138,485141,3,3
485135,485138,485141,3,3
485135,485138,485141,3,3
485135,485139,485142,3,4
485135,485139,485142,3,4
485135,485139,485142,3,4
485135,485139,485142,3,4
485135,485139,485142,3,4
485135,485140,485142,2,5
485135,485140,485142,2,5
485135,485140,485142,2,5
485135,485139,485142,3,4
485135,485139,485142,3,4
485135,485139,485142,3,4
485135,485139,485142,3,4
485135,485139,485142,3,4
485135,485141,485143,2,6
485135,485141,485143,2,6
485135,485139,485142,3,4
485135,485139,485142,3,4
485135,485139,485142,3,4
485135,485139,485142,3,4
485135,485139,485142,3,4
485135,485139,485142,3,4
485135,485141,485142,1,6
485135,485141,485143,2,6
485135,485139,485142,3,4
485135,485139,485142,3,4
485135,485139,485142,3,4
485135,485139,485142,3,4
485135,485139,485142,3,4
485135,485139,485142,3,4
485135,485139,485142,3,4
485135,485139,485142,3,4
485135,485139,485142,3,4
485135,485139,485142,3,4
485135,485141,485142,1,6
485135,485141,485142,1,6
485135,485141,485143,2,6
485135,485139,485142,3,4
485135,485139,485142,3,4
485135,485139,485142,3,4
485135,485139,485142,3,4
485135,485139,485142,3,4
485135,485141,485143,2,6
485135,485141,485142,1,6
485135,485139,485142,3,4
485135,485141,485142,1,6
485135,485141,485143,2,6
485135,485141,485143,2,6
485135,485139,485142,3,4
485135,485139,485142,3,4
485135,485139,485142,3,4
485135,485139,485142,3,4
485135,485141,485142,1,6
485135,485141,485143,2,6
485135,485141,485143,2,6
485135,485141,485142,1,6
485135,485141,485143,2,6
485135,485141,485143,2,6
485135,485141,485143,2,6
485135,485141,485143,2,6
485135,485141,485143,2,6
485135,485141,485143,2,6
485135,485141,485143,2,6
485135,485141,485143,2,6
485135,485141,485143,2,6
485135,485141,485143,2,6
485135,485141,485143,2,6
485135,485141,485143,2,6
485135,485142,485143,1,7
485135,485141,485143,2,6
485135,485142,485143,1,7
485135,485141,485143,2,6
485135,485141,485143,2,6
485135,485141,485143,2,6
485135,485141,485144,3,6
485135,485141,485144,3,6
485148,485148,485150,2,0
485148,485148,485151,3,0
485148,485148,485151,3,0
485148,485148,485151,3,0
485148,485148,485151,3,0
485148,485148,485151,3,0
485148,485148,485151,3,0
485148,485148,485151,3,0
485148,485148,485151,3,0
485148,485148,485151,3,0
485148,485148,485151,3,0
485148,485148,485151,3,0
485148,485148,485151,3,0
485148,485148,485151,3,0
485148,485148,485151,3,0
485148,485148,485151,3,0
485148,485148,485151,3,0
485148,485148,485151,3,0
485148,485148,485151,3,0
485148,485148,485151,3,0
485148,485148,485151,3,0
485148,485148,485151,3,0
485148,485148,485151,3,0
485148,485148,485151,3,0
485148,485148,485151,3,0
485148,485148,485151,3,0
485148,485148,485151,3,0
485148,485148,485151,3,0
485148,485148,485151,3,0
485148,485148,485151,3,0
485148,485148,485151,3,0
485148,485148,485151,3,0
485148,485148,485151,3,0
485148,485148,485151,3,0
485148,485148,485151,3,0
485148,485148,485151,3,0
485148,485148,485151,3,0
485148,485148,485151,3,0
485148,485148,485151,3,0
485148,485148,485151,3,0
485148,485148,485151,3,0
485148,485148,485151,3,0
485148,485148,485151,3,0
485148,485148,485151,3,0
485148,485148,485151,3,0
485148,485148,485151,3,0
485148,485148,485151,3,0
485148,485148,485151,3,0
485148,485148,485151,3,0
485148,485148,485151,3,0
485148,485148,485151,3,0
485148,485148,485151,3,0
485148,485148,485151,3,0
485148,485148,485151,3,0
485148,485148,485151,3,0
485148,485148,485151,3,0
485148,485148,485151,3,0
485148,485148,485151,3,0
485148,485148,485151,3,0
485148,485148,485151,3,0
485148,485148,485151,3,0
485148,485148,485151,3,0
485148,485148,485151,3,0
485148,485148,485151,3,0
485148,485148,485152,4,0
485148,485148,485151,3,0
485148,485148,485151,3,0
485148,485148,485151,3,0
485148,485148,485151,3,0
485148,485148,485151,3,0
485148,485148,485151,3,0
485148,485148,485151,3,0
485148,485148,485151,3,0
485148,485148,485151,3,0
485148,485148,485151,3,0
485148,485148,485151,3,0
485148,485148,485151,3,0
485148,485148,485151,3,0
485148,485148,485151,3,0
485148,485148,485151,3,0
485148,485151,485152,1,3
485148,485151,485152,1,3
485148,485152,485153,1,4
485148,485152,485154,2,4
485148,485152,485154,2,4
485148,485152,485154,2,4
485148,485152,485154,2,4
485148,485152,485154,2,4
485148,485152,485154,2,4
485148,485152,485154,2,4
485148,485152,485154,2,4
485148,485152,485154,2,4
485148,485152,485154,2,4
485148,485152,485154,2,4
485148,485152,485154,2,4
485148,485152,485154,2,4
485148,485152,485154,2,4
485148,485152,485154,2,4
485148,485152,485154,2,4
485148,485152,485154,2,4
485148,485152,485154,2,4
485148,485152,485154,2,4
485148,485152,485155,3,4
485148,485152,485154,2,4
485148,485152,485154,2,4
485148,485152,485154,2,4
485148,485152,485154,2,4
485148,485152,485154,2,4
485148,485152,485154,2,4
485148,485152,485154,2,4
485148,485152,485154,2,4
485148,485152,485154,2,4
485148,485152,485154,2,4
485148,485152,485154,2,4
485148,485152,485154,2,4
485148,485152,485154,2,4
485148,485152,485154,2,4
485148,485152,485154,2,4
485148,485152,485154,2,4
485148,485152,485155,3,4
485148,485152,485154,2,4
485148,485152,485154,2,4
485148,485152,485154,2,4
485148,485152,485154,2,4
485148,485152,485154,2,4
485148,485152,485154,2,4
485148,485152,485155,3,4
485148,485152,485155,3,4
485148,485152,485154,2,4
485148,485152,485154,2,4
485148,485152,485154,2,4
485148,485152,485154,2,4
485148,485152,485154,2,4
485148,485152,485154,2,4
485148,485152,485154,2,4
485148,485152,485154,2,4
485148,485152,485154,2,4
485148,485152,485154,2,4
485148,485152,485154,2,4
485148,485152,485154,2,4
485148,485152,485154,2,4
485148,485152,485154,2,4
485148,485152,485154,2,4
485148,485152,485154,2,4
485148,485152,485154,2,4
485148,485152,485155,3,4
485148,485152,485155,3,4
485148,485152,485154,2,4
485148,485153,485155,2,5
485148,485152,485154,2,4
485148,485152,485154,2,4
485148,485152,485154,2,4
485148,485152,485154,2,4
485148,485152,485155,3,4
485148,485152,485155,3,4
485148,485152,485155,3,4
485148,485152,485155,3,4
485148,485152,485155,3,4
485148,485152,485155,3,4
485148,485152,485154,2,4
485148,485152,485155,3,4
485148,485153,485155,2,5
485148,485154,485155,1,6
485148,485154,485156,2,6
485148,485154,485156,2,6
485148,485154,485156,2,6
485148,485154,485156,2,6
485148,485154,485156,2,6
485148,485155,485157,2,7
485148,485155,485157,2,7
485148,485155,485157,2,7
485148,485155,485157,2,7
485148,485155,485157,2,7
485148,485155,485158,3,7
485148,485155,485158,3,7
485148,485155,485157,2,7
485148,485155,485157,2,7
485148,485155,485157,2,7
485148,485155,485157,2,7
485148,485155,485157,2,7
485148,485155,485157,2,7
485148,485155,485158,3,7
485148,485155,485158,3,7
485148,485155,485157,2,7
485148,485155,485157,2,7
485148,485155,485157,2,7
485148,485155,485157,2,7
485148,485155,485158,3,7
485148,485155,485157,2,7
485148,485155,485157,2,7
485148,485155,485157,2,7
485148,485155,485157,2,7
485148,485155,485157,2,7
485148,485155,485158,3,7
485148,485155,485157,2,7
485148,485155,485157,2,7
485148,485155,485157,2,7
485148,485155,485157,2,7
485148,485155,485158,3,7
485148,485155,485158,3,7
485162,485162,485164,2,0
485162,485162,485164,2,0
485162,485162,485164,2,0
485162,485162,485164,2,0
485162,485162,485164,2,0
485162,485162,485164,2,0
485162,485162,485164,2,0
485162,485162,485164,2,0
485162,485162,485164,2,0
485162,485162,485165,3,0
485162,485162,485165,3,0
485162,485162,485165,3,0
485162,485162,485165,3,0
485162,485162,485165,3,0
485162,485162,485164,2,0
485162,485162,485165,3,0
485162,485162,485165,3,0
485162,485162,485165,3,0
485162,485162,485165,3,0
485162,485162,485165,3,0
485162,485162,485165,3,0
485162,485162,485164,2,0
485162,485162,485164,2,0
485162,485162,485164,2,0
485162,485162,485164,2,0
485162,485162,485165,3,0
485162,485162,485165,3,0
485162,485162,485165,3,0
485162,485162,485165,3,0
485162,485162,485164,2,0
485162,485162,485165,3,0
485162,485162,485165,3,0
485162,485162,485164,2,0
485162,485162,485165,3,0
485162,485162,485165,3,0
485162,485162,485165,3,0
485162,485162,485165,3,0
485162,485162,485165,3,0
485162,485162,485165,3,0
485162,485162,485165,3,0
485162,485162,485165,3,0
485162,485162,485165,3,0
485162,485162,485165,3,0
485162,485162,485165,3,0
485162,485162,485165,3,0
485162,485162,485164,2,0
485162,485162,485164,2,0
485162,485162,485164,2,0
485162,485162,485164,2,0
485162,485162,485165,3,0
485162,485162,485165,3,0
485162,485162,485165,3,0
485162,485162,485165,3,0
485162,485162,485164,2,0
485162,485162,485164,2,0
485162,485162,485165,3,0
485162,485162,485164,2,0
485162,485162,485165,3,0
485162,485162,485165,3,0
485162,485162,485165,3,0
485162,485162,485165,3,0
485162,485162,485164,2,0
485162,485162,485164,2,0
485162,485162,485165,3,0
485162,485162,485165,3,0
485162,485162,485165,3,0
485162,485162,485165,3,0
485162,485162,485165,3,0
485162,485162,485165,3,0
485162,485162,485165,3,0
485162,485162,485165,3,0
485162,485162,485165,3,0
485162,485162,485165,3,0
485162,485162,485165,3,0
485162,485162,485165,3,0
485162,485162,485165,3,0
485162,485162,485165,3,0
485162,485162,485165,3,0
485162,485162,485165,3,0
485162,485162,485165,3,0
485162,485164,485166,2,2
485162,485164,485166,2,2
485162,485164,485166,2,2
485162,485165,485166,1,3
485162,485165,485166,1,3
485162,485166,485168,2,4
485162,485165,485168,3,3
485162,485166,485168,2,4
485162,485166,485168,2,4
485162,485166,485168,2,4
485162,485166,485168,2,4
485162,485166,485168,2,4
485162,485166,485168,2,4
485162,485166,485168,2,4
485162,485166,485168,2,4
485162,485166,485168,2,4
485162,485166,485168,2,4
485162,485166,485168,2,4
485162,485166,485168,2,4
485162,485166,485168,2,4
485162,485166,485168,2,4
485162,485166,485168,2,4
485162,485166,485168,2,4
485162,485166,485168,2,4
485162,485166,485168,2,4
485162,485166,485168,2,4
485162,485166,485168,2,4
485162,485166,485168,2,4
485162,485166,485168,2,4
485162,485166,485168,2,4
485162,485166,485168,2,4
485162,485166,485168,2,4
485162,485166,485168,2,4
485162,485166,485169,3,4
485162,485166,485168,2,4
485162,485166,485168,2,4
485162,485166,485168,2,4
485162,485166,485168,2,4
485162,485166,485168,2,4
485162,485166,485169,3,4
485162,485166,485168,2,4
485162,485166,485169,3,4
485162,485166,485168,2,4
485162,485166,485168,2,4
485162,485166,485168,2,4
485162,485166,485168,2,4
485162,485166,485168,2,4
485162,485166,485168,2,4
485162,485166,485169,3,4
485162,485166,485169,3,4
485162,485166,485168,2,4
485162,485166,485168,2,4
485162,485166,485168,2,4
485162,485166,485168,2,4
485162,485166,485168,2,4
485162,485166,485168,2,4
485162,485166,485168,2,4
485162,485166,485168,2,4
485162,485166,485168,2,4
485162,485166,485168,2,4
485162,485166,485168,2,4
485162,485166,485168,2,4
485162,485166,485168,2,4
485162,485166,485168,2,4
485162,485166,485168,2,4
485162,485166,485168,2,4
485162,485166,485168,2,4
485162,485166,485168,2,4
485162,485166,485168,2,4
485162,485167,485168,1,5
485162,485167,485168,1,5
485162,485166,485168,2,4
485162,485166,485168,2,4
485162,485166,485168,2,4
485162,485166,485168,2,4
485162,485166,485168,2,4
485162,485166,485169,3,4
485162,485166,485168,2,4
485162,485166,485168,2,4
485162,485166,485169,3,4
485162,485166,485168,2,4
485162,485166,485169,3,4
485162,485167,485169,2,5
485162,485167,485169,2,5
485162,485167,485169,2,5
485162,485168,485169,1,6
485162,485168,485169,1,6
485162,485168,485170,2,6
485162,485168,485170,2,6
485162,485168,485170,2,6
485162,485169,485171,2,7
485162,485169,485171,2,7
485162,485169,485171,2,7
485162,485169,485171,2,7
485162,485169,485171,2,7
485162,485169,485171,2,7
485162,485169,485171,2,7
485162,485169,485171,2,7
485162,485169,485171,2,7
485162,485169,485171,2,7
485162,485169,485171,2,7
485162,485169,485171,2,7
485162,485169,485171,2,7
485162,485169,485171,2,7
485162,485169,485171,2,7
485162,485169,485171,2,7
485162,485169,485171,2,7
485162,485169,485171,2,7
485162,485169,485171,2,7
485162,485169,485171,2,7
485162,485169,485171,2,7
485162,485169,485171,2,7
485162,485169,485172,3,7
485162,485169,485171,2,7
485162,485169,485172,3,7
485162,485169,485171,2,7
485162,485169,485171,2,7
485162,485169,485171,2,7
485162,485169,485171,2,7
485162,485169,485171,2,7
485176,485176,485177,1,0
485176,485176,485177,1,0
485176,485176,485177,1,0
485176,485176,485177,1,0
485176,485176,485177,1,0
485176,485176,485177,1,0
485176,485176,485177,1,0
485176,485176,485177,1,0
485176,485176,485177,1,0
485176,485176,485177,1,0
485176,485176,485177,1,0
485176,485176,485177,1,0
485176,485176,485177,1,0
485176,485176,485177,1,0
485176,485176,485177,1,0
485176,485176,485177,1,0
485176,485176,485177,1,0
485176,485176,485177,1,0
485176,485176,485177,1,0
485176,485176,485177,1,0
485176,485176,485177,1,0
485176,485176,485177,1,0
485176,485176,485177,1,0
485176,485176,485177,1,0
485176,485176,485177,1,0
485176,485176,485177,1,0
485176,485176,485177,1,0
485176,485176,485177,1,0
485176,485176,485177,1,0
485176,485176,485177,1,0
485176,485176,485178,2,0
485176,485176,485177,1,0
485176,485177,485178,1,1
485176,485177,485178,1,1
485176,485177,485178,1,1
485176,485177,485178,1,1
485176,485176,485177,1,0
485176,485176,485177,1,0
485176,485176,485177,1,0
485176,485177,485178,1,1
485176,485177,485178,1,1
485176,485177,485178,1,1
485176,485177,485178,1,1
485176,485177,485178,1,1
485176,485176,485177,1,0
485176,485176,485177,1,0
485176,485176,485177,1,0
485176,485177,485178,1,1
485176,485177,485178,1,1
485176,485177,485178,1,1
485176,485177,485178,1,1
485176,485177,485178,1,1
485176,485176,485177,1,0
485176,485176,485177,1,0
485176,485177,485178,1,1
485176,485177,485178,1,1
485176,485177,485178,1,1
485176,485177,485178,1,1
485176,485177,485178,1,1
485176,485176,485177,1,0
485176,485176,485177,1,0
485176,485177,485178,1,1
485176,485177,485178,1,1
485176,485177,485178,1,1
485176,485177,485178,1,1
485176,485177,485178,1,1
485176,485177,485178,1,1
485176,485176,485177,1,0
485176,485176,485177,1,0
485176,485177,485178,1,1
485176,485177,485178,1,1
485176,485177,485178,1,1
485176,485177,485178,1,1
485176,485177,485178,1,1
485176,485177,485178,1,1
485176,485176,485177,1,0
485176,485176,485177,1,0
485176,485177,485178,1,1
485176,485177,485178,1,1
485176,485177,485178,1,1
485176,485177,485178,1,1
485176,485177,485178,1,1
485176,485177,485178,1,1
485176,485176,485177,1,0
485176,485177,485178,1,1
485176,485177,485178,1,1
485176,485177,485178,1,1
485176,485177,485178,1,1
485176,485177,485178,1,1
485176,485177,485178,1,1
485176,485177,485178,1,1
485176,485176,485177,1,0
485176,485176,485177,1,0
485176,485177,485178,1,1
485176,485177,485178,1,1
485176,485177,485178,1,1
485176,485177,485178,1,1
485176,485177,485178,1,1
485176,485177,485178,1,1
485176,485176,485177,1,0
485176,485176,485177,1,0
485176,485177,485178,1,1
485176,485177,485178,1,1
485176,485177,485178,1,1
485176,485177,485178,1,1
485176,485177,485178,1,1
485176,485177,485178,1,1
485176,485178,485179,1,2
395923,395923,485488,89565,0
395913,395913,486137,90224,0
395915,395915,489058,93143,0
395918,395918,490224,94306,0
395921,395921,495989,100068,0
395922,395922,497475,101553,0
395922,395923,502984,107061,1
395924,395924,503036,107112,0
395923,395923,508556,112633,0
395914,395914,508883,112969,0
395919,395919,511657,115738,0
395917,395917,513026,117109,0
395923,395923,513624,117701,0
395920,395920,514719,118799,0
395915,395915,522803,126888,0
395916,395916,523592,127676,0
395913,395913,524702,128789,0
395922,395922,529597,133675,0
395915,395915,532742,136827,0
395921,395921,532888,136967,0
395925,395925,533271,137346,0
395921,395922,534453,138531,1
395924,395924,540246,144322,0
395915,395916,541788,145872,1
395921,395921,542831,146910,0
395926,395926,548505,152579,0
395919,395919,551352,155433,0
395923,395923,553900,157977,0
395913,395913,554520,158607,0
395922,395922,554785,158863,0
395913,395913,556330,160417,0
395919,395920,558150,162230,1
395917,395917,559177,163260,0
395922,395922,561510,165588,0
395914,395915,562572,166657,1
395918,395918,563357,167439,0
395920,395920,566920,171000,0
395919,395919,569922,174003,0
395918,395918,570213,174295,0
395917,395917,570418,174501,0
395926,395926,576900,180974,0
395913,395913,578496,182583,0
395919,395919,580955,185036,0
395920,395920,581479,185559,0
395923,395923,581671,185748,0
395916,395916,582537,186621,0
395916,395916,585128,189212,0
395925,395925,586631,190706,0
395924,395924,587365,191441,0
395924,395924,588892,192968,0
395926,395926,589509,193583,0
395914,395914,589577,193663,0
395919,395919,591240,195321,0
395913,395913,592409,196496,0
395924,395924,592742,196818,0
395921,395921,592821,196900,0
395918,395918,593066,197148,0
395914,395914,593163,197249,0
395916,395917,593418,197501,1
395914,395914,597294,201380,0
395921,395921,602660,206739,0
395917,395918,602769,206851,1
395912,395912,605311,209399,0
395925,395925,610658,214733,0
395917,395917,611082,215165,0
395920,395920,615693,219773,0
395919,395919,616473,220554,0
395916,395916,617606,221690,0
395915,395915,620135,224220,0
395914,395914,621462,225548,0
395922,395922,626844,230922,0
395913,395913,638652,242739,0
395925,395925,639787,243862,0
395912,395912,639878,243966,0
395918,395918,647642,251724,0
395913,395913,647962,252049,0
395914,395914,661378,265464,0
395924,395924,662481,266557,0
395914,395914,667638,271724,0
395918,395918,672839,276921,0
395921,395921,675373,279452,0
395918,395918,677746,281828,0
395916,395916,680808,284892,0
395917,395917,688281,292364,0
395925,395925,727677,331752,0
395915,395915,738346,342431,0
395920,395920,751455,355535,0
395925,395925,752808,356883,0
395920,395920,777485,381565,0
395917,395917,788037,392120,0
395923,395923,835014,439091,0
395924,395924,837596,441672,0
395916,395916,842555,446639,0
395915,395915,842555,446640,0
395922,395922,842555,446633,0
395925,395925,842555,446630,0
395920,395920,842555,446635,0
395923,395923,842555,446632,0
