submit_time,start_time,end_time,run_time,wait_time
121165,121166,122427,1261,1
125606,125607,126547,940,1
120012,120015,127063,7048,3
127061,127064,127075,11,3
138668,138668,138803,135,0
127462,127465,232910,105445,3
134646,232913,237039,4126,98267
298272,298273,298468,195,1
298606,298606,299069,463,0
232922,237042,303995,66953,4120
303993,303996,304198,202,3
298180,303995,304402,407,5815
296689,303995,304406,411,7306
312237,312237,312685,448,0
386415,386415,386659,244,0
386926,386927,387677,750,1
394369,394369,394628,259,0
394985,394985,395750,765,0
399382,399382,399693,311,0
402613,402613,403386,773,0
465213,465213,465564,351,0
466044,466045,466802,757,1
