submit_time,start_time,end_time,run_time,wait_time
134269,134269,134285,16,0
134269,134269,134285,16,0
134269,134269,134285,16,0
134269,134269,134285,16,0
134269,134269,134285,16,0
134351,134351,135134,783,0
134351,134351,135134,783,0
134352,134352,135134,782,0
134352,134352,135134,782,0
134352,134352,135134,782,0
135158,135158,135167,9,0
135157,135157,135188,31,0
135162,135163,135500,337,1
135161,135161,135594,433,0
135156,135156,135637,481,0
135160,135160,135674,514,0
135152,135152,135679,527,0
135161,135161,135808,647,0
135156,135156,135849,693,0
135157,135157,135852,695,0
135151,135151,135860,709,0
135159,135159,135883,724,0
135160,135160,135884,724,0
135154,135154,135953,799,0
135159,135159,136022,863,0
135150,135150,136027,877,0
135162,135162,136028,866,0
135158,135158,136033,875,0
135158,135158,136070,912,0
135153,135153,136108,955,0
135153,135154,136117,963,1
135158,135158,136129,971,0
135150,135150,136154,1004,0
135152,135152,136164,1012,0
135152,135152,136165,1013,0
135157,135157,136166,1009,0
135158,135158,136178,1020,0
135154,135154,136184,1030,0
135154,135154,136188,1034,0
135162,135162,136189,1027,0
135152,135152,136190,1038,0
135156,135156,136192,1036,0
135161,135161,136198,1037,0
135152,135152,136206,1054,0
135151,135152,136213,1061,1
135155,135155,136241,1086,0
135160,135160,136243,1083,0
135153,135153,136250,1097,0
135891,135894,136257,363,3
136256,136258,136260,2,2
135158,135158,136276,1118,0
135161,135161,136294,1133,0
135150,135150,136298,1148,0
135161,135161,136321,1160,0
135155,135155,136322,1167,0
135162,135162,136356,1194,0
135162,135162,136389,1227,0
135162,135162,136399,1237,0
135155,135155,136399,1244,0
135156,135156,136403,1247,0
135157,135157,136403,1246,0
135150,135150,136417,1267,0
135160,135160,136420,1260,0
135158,135158,136464,1306,0
135154,135154,136498,1344,0
135155,135155,136502,1347,0
135162,135162,136530,1368,0
135153,135153,136575,1422,0
135151,135151,136610,1459,0
135152,135152,136614,1462,0
135156,135156,136614,1458,0
135151,135151,136614,1463,0
135156,135156,136614,1458,0
135159,135159,136614,1455,0
135160,135160,136614,1454,0
135156,135156,136614,1458,0
135157,135157,136614,1457,0
135159,135159,136614,1455,0
135153,135153,136614,1461,0
135155,135155,136614,1459,0
135157,135157,136614,1457,0
135158,135158,136614,1456,0
135160,135160,136614,1454,0
135151,135151,136614,1463,0
135152,135152,136614,1462,0
135155,135155,136614,1459,0
135156,135156,136614,1458,0
135159,135159,136614,1455,0
135152,135152,136614,1462,0
135153,135153,136614,1461,0
135157,135157,136614,1457,0
135159,135159,136614,1455,0
135161,135161,136614,1453,0
135150,135150,136614,1464,0
135150,135150,136614,1464,0
135151,135151,136614,1463,0
135153,135153,136614,1461,0
135154,135154,136614,1460,0
135150,135150,136614,1464,0
135151,135151,136614,1463,0
135154,135154,136614,1460,0
135154,135154,136615,1461,0
135159,135159,136615,1456,0
135160,135160,136615,1455,0
135160,135161,136615,1454,1
135161,135161,136615,1454,0
135162,135162,136615,1453,0
135150,135150,136615,1465,0
135151,135151,136615,1464,0
135153,135153,136615,1462,0
135155,135155,136615,1460,0
135155,135155,136615,1460,0
136638,136638,136659,21,0
136637,136637,136672,35,0
136636,136636,137910,1274,0
136633,136633,137911,1278,0
136638,136638,137970,1332,0
136641,136641,138031,1390,0
136632,136632,138126,1494,0
136633,136633,138159,1526,0
136642,136642,138167,1525,0
136631,136631,138213,1582,0
136637,136637,138220,1583,0
136638,136639,138242,1603,1
136641,136641,138257,1616,0
136635,136635,138260,1625,0
136633,136633,138294,1661,0
136636,136636,138318,1682,0
136637,136637,138318,1681,0
136641,136642,138318,1676,1
136640,136640,138318,1678,0
136631,136631,138319,1688,0
136639,136639,138320,1681,0
136632,136632,138374,1742,0
136637,136637,138374,1737,0
136634,136634,138374,1740,0
136640,136641,138374,1733,1
136634,136634,138423,1789,0
136631,136631,138428,1797,0
136639,136639,138428,1789,0
136630,136630,138443,1813,0
136632,136632,138443,1811,0
136631,136631,138446,1815,0
136642,136642,138447,1805,0
136636,136636,138452,1816,0
136636,136636,138463,1827,0
136639,136639,138463,1824,0
136638,136638,138464,1826,0
136634,136634,138464,1830,0
136642,136642,138465,1823,0
136640,136640,138466,1826,0
136630,136630,138564,1934,0
136640,136640,138642,2002,0
136630,136631,138842,2211,1
136642,136642,138844,2202,0
136634,136634,138852,2218,0
136629,136629,138861,2232,0
136632,136632,138861,2229,0
136633,136633,138862,2229,0
136635,136635,138861,2226,0
136638,136638,138861,2223,0
136634,136635,138862,2227,1
136630,136630,138864,2234,0
136631,136631,138881,2250,0
136636,136636,138882,2246,0
136641,136642,138882,2240,1
136639,136639,138883,2244,0
136640,136640,138884,2244,0
136630,136630,138892,2262,0
136631,136631,138893,2262,0
136637,136637,138900,2263,0
136641,136642,138906,2264,1
136636,136637,138916,2279,1
136636,136636,138919,2283,0
136642,136642,138919,2277,0
136632,136632,138920,2288,0
136633,136633,138920,2287,0
136629,136629,138923,2294,0
136634,136634,138923,2289,0
136635,136635,138923,2288,0
136640,136640,138936,2296,0
136639,136639,138955,2316,0
136641,136641,138957,2316,0
136638,136638,138959,2321,0
136639,136639,138973,2334,0
136637,136637,139012,2375,0
136631,136632,139034,2402,1
136630,136631,139064,2433,1
136634,136634,139069,2435,0
136635,136635,139072,2437,0
136633,136633,139116,2483,0
136635,136635,139165,2530,0
136633,136633,139166,2533,0
136632,136632,139248,2616,0
136638,136638,139258,2620,0
136629,136629,139366,2737,0
136630,136630,139365,2735,0
136631,136631,139367,2736,0
136630,136630,139398,2768,0
136632,136632,139398,2766,0
136634,136634,139398,2764,0
136638,136638,139398,2760,0
136639,136639,139398,2759,0
136641,136641,139398,2757,0
136635,136635,139399,2764,0
136640,136640,139399,2759,0
136642,136642,139400,2758,0
136636,136636,139401,2765,0
136640,136640,139466,2826,0
136637,136637,139485,2848,0
136635,136635,139491,2856,0
136339,136341,139703,3362,2
136633,136633,139799,3166,0
146166,146166,146167,1,0
146168,146168,146169,1,0
146169,146169,147344,1175,0
146163,146163,147577,1414,0
146161,146161,147722,1561,0
146159,146159,148833,2674,0
146160,146160,148833,2673,0
146161,146162,148833,2671,1
146162,146162,148833,2671,0
146163,146163,148833,2670,0
146160,146160,148833,2673,0
146159,146159,148833,2674,0
146160,146160,148833,2673,0
146161,146161,148833,2672,0
146162,146162,148833,2671,0
146164,146164,148833,2669,0
146165,146165,148833,2668,0
146159,146159,148833,2674,0
146162,146162,148833,2671,0
146163,146163,148833,2670,0
146164,146164,148833,2669,0
146165,146165,148833,2668,0
146166,146166,148833,2667,0
146167,146167,148833,2666,0
146160,146160,148833,2673,0
146161,146161,148833,2672,0
146162,146162,148833,2671,0
146163,146163,148833,2670,0
146164,146164,148833,2669,0
146165,146165,148833,2668,0
146160,146160,148833,2673,0
146161,146161,148833,2672,0
146162,146162,148833,2671,0
146164,146164,148833,2669,0
146165,146165,148833,2668,0
146166,146166,148833,2667,0
146160,146160,148833,2673,0
146161,146161,148833,2672,0
146162,146162,148833,2671,0
146163,146163,148833,2670,0
146165,146165,148833,2668,0
146166,146166,148833,2667,0
146160,146160,148833,2673,0
146161,146161,148833,2672,0
146163,146163,148833,2670,0
146164,146165,148833,2668,1
146166,146166,148833,2667,0
146167,146167,148833,2666,0
146168,146168,148833,2665,0
146168,146169,148833,2664,1
146169,146169,148833,2664,0
146170,146170,148833,2663,0
146171,146171,148833,2662,0
146170,146170,148833,2663,0
146171,146171,148833,2662,0
146169,146169,148833,2664,0
146170,146170,148833,2663,0
146172,146172,148833,2661,0
146169,146169,148833,2664,0
146170,146170,148833,2663,0
146171,146171,148833,2662,0
146170,146170,148833,2663,0
146171,146171,148833,2662,0
146169,146169,148833,2664,0
146170,146170,148833,2663,0
146171,146171,148833,2662,0
146163,146164,148833,2669,1
146167,146167,148833,2666,0
146168,146168,148833,2665,0
146169,146169,148833,2664,0
146169,146170,148833,2663,1
146170,146170,148833,2663,0
146171,146171,148833,2662,0
146171,146171,148833,2662,0
146171,146172,148833,2661,1
146160,146160,148833,2673,0
146161,146161,148833,2672,0
146163,146163,148833,2670,0
146164,146164,148833,2669,0
146165,146165,148833,2668,0
146167,146167,148833,2666,0
146168,146168,148833,2665,0
146168,146168,148833,2665,0
146164,146164,148833,2669,0
146165,146165,148833,2668,0
146166,146166,148833,2667,0
146161,146161,148833,2672,0
146162,146162,148833,2671,0
146163,146163,148833,2670,0
146164,146164,148833,2669,0
146165,146166,148833,2667,1
146166,146167,148833,2666,1
146169,146169,148833,2664,0
146166,146166,148833,2667,0
146167,146167,148833,2666,0
146168,146168,148833,2665,0
146167,146167,148833,2666,0
146168,146168,148833,2665,0
146167,146167,148833,2666,0
146168,146168,148833,2665,0
149228,149228,149244,16,0
149227,149227,149259,32,0
149228,149228,150059,831,0
149231,149231,150165,934,0
149229,149229,150300,1071,0
149229,149229,150378,1149,0
149231,149231,150395,1164,0
149231,149231,150400,1169,0
149232,149232,150425,1193,0
149230,149230,150427,1197,0
149225,149225,150438,1213,0
149229,149229,150446,1217,0
149231,149231,150464,1233,0
149226,149226,150476,1250,0
149232,149232,150484,1252,0
149227,149227,150486,1259,0
149230,149231,150486,1255,1
149223,149223,150489,1266,0
149232,149232,150492,1260,0
149232,149232,150500,1268,0
149225,149225,150510,1285,0
149222,149223,150526,1303,1
149232,149232,150529,1297,0
149231,149231,150536,1305,0
149231,149231,150537,1306,0
149231,149231,150538,1307,0
149226,149226,150540,1314,0
149225,149225,150555,1330,0
149230,149230,150571,1341,0
149232,149232,150571,1339,0
149230,149230,150575,1345,0
149229,149229,150595,1366,0
149230,149230,150608,1378,0
149222,149222,150636,1414,0
149222,149222,150729,1507,0
149223,149223,150832,1609,0
149221,149221,150882,1661,0
149228,149228,150889,1661,0
149223,149223,150911,1688,0
149224,149224,150919,1695,0
149222,149222,150921,1699,0
149220,149220,150932,1712,0
149222,149222,150936,1714,0
149224,149224,150936,1712,0
149221,149221,150948,1727,0
149220,149220,150962,1742,0
149220,149220,150964,1744,0
149224,149224,150964,1740,0
149224,149224,150971,1747,0
149227,149227,150972,1745,0
149222,149222,150974,1752,0
149225,149225,150991,1766,0
149225,149226,151013,1787,1
149220,149220,151015,1795,0
149221,149221,151029,1808,0
149220,149221,151124,1903,1
149221,149221,151150,1929,0
149229,149230,151150,1920,1
149223,149223,151150,1927,0
149226,149226,151150,1924,0
149223,149223,151150,1927,0
149225,149225,151150,1925,0
149226,149226,151150,1924,0
149228,149228,151150,1922,0
149229,149229,151150,1921,0
149220,149220,151150,1930,0
149221,149221,151150,1929,0
149223,149224,151150,1926,1
149225,149225,151150,1925,0
149226,149226,151150,1924,0
149227,149227,151150,1923,0
149220,149220,151150,1930,0
149221,149221,151150,1929,0
149222,149222,151150,1928,0
149223,149223,151150,1927,0
149226,149226,151150,1924,0
149227,149227,151150,1923,0
149220,149220,151150,1930,0
149223,149223,151150,1927,0
149224,149224,151150,1926,0
149225,149225,151150,1925,0
149227,149227,151150,1923,0
149228,149228,151150,1922,0
149228,149229,151150,1921,1
149221,149221,151150,1929,0
149222,149222,151150,1928,0
149224,149224,151150,1926,0
149226,149226,151150,1924,0
149227,149227,151150,1923,0
149228,149228,151150,1922,0
149229,149229,151150,1921,0
149230,149230,151150,1920,0
149221,149222,151150,1928,1
149224,149224,151150,1926,0
149225,149225,151150,1925,0
149227,149227,151150,1923,0
149228,149228,151150,1922,0
149229,149229,151150,1921,0
149230,149230,151150,1920,0
149230,149230,151150,1920,0
151174,151174,151193,19,0
151172,151172,151193,21,0
151174,151174,152021,847,0
151170,151170,152094,924,0
151177,151177,152125,948,0
151170,151170,152126,956,0
151167,151167,152228,1061,0
151167,151167,152248,1081,0
151175,151175,152711,1536,0
151178,151178,152862,1684,0
151169,151169,152948,1779,0
151170,151170,152955,1785,0
151166,151166,153151,1985,0
151166,151166,153158,1992,0
151171,151171,153160,1989,0
151174,151174,153260,2086,0
151177,151177,153286,2109,0
151170,151170,153327,2157,0
151176,151177,153395,2218,1
151175,151175,153433,2258,0
151173,151173,153492,2319,0
151168,151168,153710,2542,0
151170,151170,154017,2847,0
151166,151166,159296,8130,0
151169,151169,160290,9121,0
151165,151165,161164,9999,0
151168,151168,161584,10416,0
151176,151176,164297,13121,0
151174,151174,164426,13252,0
151166,151166,164480,13314,0
151176,151176,164510,13334,0
151170,151171,165335,14164,1
151173,151173,165369,14196,0
151168,151168,165372,14204,0
151171,151171,165836,14665,0
151172,151172,166214,15042,0
151175,151175,166331,15156,0
151169,151169,166658,15489,0
166497,166498,166685,187,1
166683,166686,166689,3,3
151179,151179,166753,15574,0
151173,151173,167322,16149,0
151175,151175,167557,16382,0
151177,151177,167720,16543,0
151167,151167,167810,16643,0
151171,151172,167831,16659,1
151168,151168,168289,17121,0
151168,151168,168596,17428,0
151173,151173,168728,17555,0
151171,151171,168934,17763,0
151167,151167,169289,18122,0
151165,151165,169305,18140,0
151172,151172,169411,18239,0
151175,151176,169425,18249,1
166762,166765,169465,2700,3
151168,151169,169489,18320,1
169462,169467,169495,28,5
151171,151171,169724,18553,0
151172,151172,169742,18570,0
151165,151165,169744,18579,0
151170,151170,169762,18592,0
151178,151178,169772,18594,0
151177,151177,169801,18624,0
151177,151177,169871,18694,0
151174,151174,169879,18705,0
151166,151166,169893,18727,0
151178,151178,169912,18734,0
151175,151175,170212,19037,0
151167,151167,170436,19269,0
151168,151168,170484,19316,0
151176,151176,170590,19414,0
151166,151166,170918,19752,0
151172,151172,171089,19917,0
151174,151174,171145,19971,0
151169,151169,171176,20007,0
151165,151165,171179,20014,0
151166,151166,171306,20140,0
151178,151178,171324,20146,0
151170,151170,171363,20193,0
151176,151176,171453,20277,0
151167,151167,171566,20399,0
151165,151165,172094,20929,0
151171,151171,172300,21129,0
151173,151173,172680,21507,0
151178,151178,172714,21536,0
151171,151171,172745,21574,0
151173,151173,173171,21998,0
151168,151168,173405,22237,0
151179,151179,173686,22507,0
151172,151172,174018,22846,0
151169,151169,174099,22930,0
151169,151169,174237,23068,0
151177,151177,174463,23286,0
151166,151166,174486,23320,0
151165,151165,174489,23324,0
151175,151175,174623,23448,0
151167,151167,175257,24090,0
151167,151167,175260,24093,0
151168,151168,175476,24308,0
151178,151178,175687,24509,0
151165,151165,175969,24804,0
151170,151170,177213,26043,0
151169,151169,177821,26652,0
151176,151176,182242,31066,0
203126,203130,203287,157,4
203286,203289,203291,2,3
203340,203342,203495,153,2
203558,203561,203567,6,3
203636,203638,203790,152,2
203859,203861,204020,159,2
204019,204021,204023,2,2
204093,204096,205884,1788,3
205846,205887,207542,1655,41
207541,207544,207552,8,3
211876,211876,212160,284,0
212576,212577,212792,215,1
213336,213337,213559,222,1
215636,215637,216035,398,1
216204,216205,216893,688,1
217657,217657,218426,769,0
217657,217657,218426,769,0
217657,217658,218426,768,1
217657,217658,218426,768,1
217657,217658,218426,768,1
218438,218438,218448,10,0
218438,218438,218531,93,0
218437,218438,218582,144,1
218438,218438,218588,150,0
218438,218438,218619,181,0
218732,218732,218742,10,0
218732,218732,218742,10,0
218733,218733,218744,11,0
218737,218737,218744,7,0
218734,218734,218744,10,0
218734,218734,218745,11,0
218745,218745,218746,1,0
218738,218738,218746,8,0
218736,218736,218746,10,0
218739,218739,218747,8,0
218744,218744,218747,3,0
218740,218740,218748,8,0
218737,218737,218748,11,0
218738,218738,218748,10,0
218739,218739,218749,10,0
218744,218744,218751,7,0
218736,218736,218751,15,0
218746,218746,218752,6,0
218746,218746,218752,6,0
218747,218747,218754,7,0
218749,218749,218755,6,0
218748,218748,218756,8,0
218750,218750,218757,7,0
218748,218748,218758,10,0
218750,218750,218759,9,0
218755,218755,218761,6,0
218753,218753,218762,9,0
218752,218752,218762,10,0
218753,218754,218763,9,1
218759,218759,218765,6,0
218757,218757,218765,8,0
218759,218759,218765,6,0
218759,218759,218765,6,0
218759,218759,218766,7,0
218756,218756,218766,10,0
218759,218759,218767,8,0
218757,218757,218768,11,0
218758,218758,218769,11,0
218756,218756,218773,17,0
218754,218754,218790,36,0
218732,218732,218802,70,0
218742,218743,218803,60,1
218733,218733,218809,76,0
218742,218742,218815,73,0
218748,218748,218816,68,0
218736,218736,218815,79,0
218745,218745,218817,72,0
218747,218747,218818,71,0
218754,218754,218818,64,0
218752,218752,218819,67,0
218739,218739,218820,81,0
218741,218741,218822,81,0
218747,218747,218822,75,0
218745,218745,218823,78,0
218752,218752,218823,71,0
218751,218751,218824,73,0
218732,218732,218825,93,0
218752,218752,218825,73,0
218732,218732,218826,94,0
218743,218743,218826,83,0
218745,218745,218830,85,0
218747,218747,218831,84,0
218737,218737,218832,95,0
218737,218737,218833,96,0
218738,218738,218834,96,0
218748,218749,218834,85,1
218749,218749,218837,88,0
218734,218735,218838,103,1
218750,218750,218838,88,0
218735,218735,218840,105,0
218740,218740,218840,100,0
218757,218757,218840,83,0
218736,218736,218841,105,0
218738,218738,218842,104,0
218753,218753,218842,89,0
218741,218741,218842,101,0
218742,218742,218844,102,0
218748,218748,218845,97,0
218748,218748,218845,97,0
218735,218735,218846,111,0
218756,218756,218846,90,0
218741,218741,218846,105,0
218743,218743,218846,103,0
218744,218744,218846,102,0
218732,218732,218847,115,0
218735,218735,218847,112,0
218745,218745,218848,103,0
218742,218742,218848,106,0
218746,218746,218848,102,0
218751,218751,218847,96,0
218742,218742,218847,105,0
218744,218744,218848,104,0
218743,218743,218851,108,0
218750,218750,218851,101,0
218755,218756,218851,95,1
218751,218751,218852,101,0
218756,218756,218852,96,0
218745,218745,218852,107,0
218737,218737,218852,115,0
218746,218746,218852,106,0
218743,218743,218853,110,0
218751,218751,218853,102,0
218744,218744,218853,109,0
218758,218758,218854,96,0
218745,218746,218855,109,1
218743,218743,218855,112,0
218753,218753,218855,102,0
218741,218741,218856,115,0
218734,218734,218856,122,0
218740,218740,218856,116,0
218755,218755,218857,102,0
218751,218752,218857,105,1
218747,218747,218858,111,0
218753,218753,218858,105,0
218737,218737,218859,122,0
218755,218755,218860,105,0
218749,218749,218860,111,0
218741,218741,218860,119,0
218744,218744,218860,116,0
218734,218734,218861,127,0
218754,218754,218862,108,0
218750,218750,218863,113,0
218741,218741,218862,121,0
218754,218754,218862,108,0
218758,218758,218862,104,0
218751,218751,218863,112,0
218758,218758,218864,106,0
218758,218758,218863,105,0
218756,218756,218865,109,0
218739,218739,218866,127,0
218742,218742,218867,125,0
218744,218744,218868,124,0
218735,218735,218869,134,0
218746,218746,218869,123,0
218747,218747,218869,122,0
218732,218732,218869,137,0
218733,218733,218870,137,0
218733,218733,218870,137,0
218755,218755,218870,115,0
218742,218742,218871,129,0
218750,218750,218871,121,0
218742,218742,218872,130,0
218739,218739,218872,133,0
218752,218752,218872,120,0
218737,218737,218874,137,0
218754,218755,218874,119,1
218748,218748,218875,127,0
218735,218735,218876,141,0
218756,218756,218876,120,0
218753,218753,218876,123,0
218740,218740,218877,137,0
218757,218757,218878,121,0
218736,218736,218879,143,0
218734,218734,218880,146,0
218733,218733,218879,146,0
218733,218733,218880,147,0
218736,218736,218881,145,0
218733,218733,218882,149,0
218757,218757,218883,126,0
218731,218731,218884,153,0
218748,218748,218884,136,0
218735,218735,218888,153,0
218736,218736,218890,154,0
218738,218739,218891,152,1
218749,218749,218893,144,0
218749,218749,218894,145,0
218739,218739,218895,156,0
218747,218747,218895,148,0
218739,218739,218895,156,0
218752,218752,218895,143,0
218740,218740,218896,156,0
218735,218735,218897,162,0
218737,218738,218899,161,1
218757,218757,218899,142,0
218740,218740,218901,161,0
218743,218743,218900,157,0
218741,218741,218902,161,0
218749,218749,218903,154,0
218749,218749,218903,154,0
218753,218753,218904,151,0
218743,218743,218904,161,0
218746,218746,218905,159,0
218740,218740,218906,166,0
218754,218754,218906,152,0
218750,218751,218906,155,1
218732,218732,218911,179,0
218733,218733,218911,178,0
218745,218745,218912,167,0
218746,218746,218914,168,0
218752,218752,218915,163,0
218751,218751,218917,166,0
218755,218755,218918,163,0
218731,218731,218926,195,0
218750,218750,218929,179,0
218736,218736,218933,197,0
218734,218734,218957,223,0
218738,218738,218971,233,0
218740,218740,218998,258,0
218738,218738,218999,261,0
219823,219823,219824,1,0
219823,219823,219830,7,0
219822,219822,219832,10,0
219821,219821,219832,11,0
219823,219823,219833,10,0
219823,219823,219834,11,0
219827,219827,219834,7,0
219828,219828,219835,7,0
219825,219825,219836,11,0
219826,219826,219836,10,0
219826,219826,219837,11,0
219827,219827,219837,10,0
219828,219828,219838,10,0
219833,219833,219839,6,0
219832,219832,219839,7,0
219829,219829,219839,10,0
219834,219834,219840,6,0
219825,219825,219840,15,0
219835,219835,219842,7,0
219836,219836,219842,6,0
219835,219835,219844,9,0
219838,219838,219845,7,0
219837,219837,219846,9,0
219845,219845,219847,2,0
219836,219836,219847,11,0
219834,219834,219848,14,0
219844,219844,219849,5,0
219838,219838,219848,10,0
219840,219840,219851,11,0
219841,219841,219851,10,0
219842,219842,219852,10,0
219847,219847,219853,6,0
219847,219847,219853,6,0
219847,219848,219854,6,1
219847,219847,219854,7,0
219844,219844,219855,11,0
219847,219847,219855,8,0
219846,219846,219856,10,0
219845,219845,219857,12,0
219846,219846,219858,12,0
219842,219842,219874,32,0
219825,219825,219881,56,0
219821,219821,219890,69,0
219831,219831,219890,59,0
219826,219826,219897,71,0
219843,219843,219898,55,0
219833,219833,219901,68,0
219831,219831,219904,73,0
219833,219833,219905,72,0
219841,219841,219907,66,0
219835,219835,219908,73,0
219828,219828,219908,80,0
219837,219837,219909,72,0
219828,219828,219912,84,0
219839,219839,219911,72,0
219840,219840,219913,73,0
219830,219831,219913,82,1
219836,219836,219916,80,0
219822,219822,219916,94,0
219834,219834,219916,82,0
219837,219837,219917,80,0
219833,219833,219917,84,0
219841,219841,219918,77,0
219837,219837,219918,81,0
219841,219841,219921,80,0
219826,219826,219921,95,0
219831,219831,219921,90,0
219822,219822,219922,100,0
219822,219822,219922,100,0
219827,219827,219922,95,0
219822,219822,219923,101,0
219844,219844,219924,80,0
219836,219836,219924,88,0
219826,219826,219926,100,0
219838,219838,219927,89,0
219830,219830,219928,98,0
219846,219846,219928,82,0
219836,219836,219929,93,0
219833,219833,219929,96,0
219821,219821,219930,109,0
219825,219825,219930,105,0
219831,219831,219930,99,0
219830,219830,219930,100,0
219823,219823,219930,107,0
219823,219823,219931,108,0
219824,219824,219931,107,0
219831,219831,219931,100,0
219839,219839,219932,93,0
219839,219839,219933,94,0
219824,219824,219933,109,0
219824,219824,219934,110,0
219835,219835,219935,100,0
219832,219832,219936,104,0
219830,219830,219937,107,0
219830,219830,219939,109,0
219842,219842,219939,97,0
219844,219844,219939,95,0
219832,219832,219940,108,0
219838,219838,219939,101,0
219824,219824,219940,116,0
219839,219839,219941,102,0
219837,219837,219941,104,0
219834,219834,219942,108,0
219837,219837,219942,105,0
219844,219844,219942,98,0
219845,219845,219942,97,0
219829,219829,219943,114,0
219835,219835,219942,107,0
219832,219832,219943,111,0
219838,219838,219944,106,0
219840,219840,219944,104,0
219841,219841,219945,104,0
219835,219835,219946,111,0
219833,219833,219945,112,0
219836,219836,219946,110,0
219846,219846,219946,100,0
219829,219829,219948,119,0
219832,219832,219947,115,0
219844,219845,219948,103,1
219832,219833,219948,115,1
219834,219834,219950,116,0
219830,219830,219950,120,0
219824,219824,219950,126,0
219831,219831,219950,119,0
219821,219822,219951,129,1
219830,219830,219951,121,0
219847,219847,219953,106,0
219821,219821,219952,131,0
219846,219846,219952,106,0
219843,219843,219953,110,0
219835,219835,219955,120,0
219840,219840,219955,115,0
219826,219826,219955,129,0
219845,219845,219956,111,0
219825,219826,219956,130,1
219834,219834,219956,122,0
219830,219830,219957,127,0
219827,219827,219957,130,0
219843,219843,219957,114,0
219824,219825,219959,134,1
219841,219842,219962,120,1
219823,219823,219962,139,0
219831,219831,219962,131,0
219829,219829,219963,134,0
219834,219834,219963,129,0
219829,219829,219964,135,0
219846,219846,219964,118,0
219843,219843,219965,122,0
219832,219832,219965,133,0
219839,219839,219966,127,0
219843,219843,219966,123,0
219837,219837,219967,130,0
219831,219831,219968,137,0
219844,219844,219970,126,0
219825,219825,219970,145,0
219824,219824,219969,145,0
219840,219840,219970,130,0
219822,219822,219972,150,0
219842,219842,219971,129,0
219825,219825,219972,147,0
219836,219836,219973,137,0
219846,219847,219973,126,1
219827,219827,219976,149,0
219825,219825,219977,152,0
219827,219827,219978,151,0
219824,219824,219979,155,0
219826,219826,219978,152,0
219823,219823,219980,157,0
219842,219842,219983,141,0
219827,219828,219984,156,1
219826,219826,219984,158,0
219821,219821,219984,163,0
219829,219829,219985,156,0
219829,219830,219986,156,1
219828,219828,219987,159,0
219836,219836,219987,151,0
219832,219832,219988,156,0
219839,219839,219989,150,0
219828,219828,219989,161,0
219829,219829,219989,160,0
219827,219827,219990,163,0
219845,219845,219989,144,0
219834,219835,219990,155,1
219828,219828,219991,163,0
219837,219837,219997,160,0
219842,219843,220000,157,1
219824,219824,220000,176,0
219843,219843,220001,158,0
219822,219822,220010,188,0
219845,219845,220013,168,0
219825,219825,220015,190,0
219822,219822,220033,211,0
219833,219833,220062,229,0
219828,219829,220074,245,1
219838,219838,220075,237,0
219840,219840,220075,235,0
219822,219823,220078,255,1
219827,219827,220087,260,0
219838,219839,220101,262,1
219841,219841,220106,265,0
221331,221331,221332,1,0
221331,221331,221339,8,0
221332,221332,221339,7,0
221329,221329,221340,11,0
221329,221330,221340,10,1
221330,221330,221340,10,0
221334,221334,221341,7,0
221333,221333,221341,8,0
221330,221330,221341,11,0
221331,221331,221341,10,0
221330,221330,221341,11,0
221331,221331,221342,11,0
221335,221335,221343,8,0
221332,221332,221343,11,0
221333,221333,221344,11,0
221340,221340,221344,4,0
221336,221336,221343,7,0
221336,221336,221344,8,0
221342,221342,221343,1,0
221334,221334,221344,10,0
221333,221333,221345,12,0
221334,221334,221344,10,0
221339,221339,221345,6,0
221335,221335,221345,10,0
221334,221334,221345,11,0
221336,221336,221346,10,0
221339,221339,221345,6,0
221335,221335,221347,12,0
221341,221341,221347,6,0
221336,221337,221347,10,1
221337,221337,221347,10,0
221336,221336,221347,11,0
221337,221337,221347,10,0
221341,221341,221349,8,0
221342,221342,221348,6,0
221333,221333,221348,15,0
221344,221344,221351,7,0
221344,221344,221350,6,0
221346,221346,221352,6,0
221343,221343,221352,9,0
221346,221346,221352,6,0
221344,221344,221352,8,0
221344,221344,221352,8,0
221346,221346,221353,7,0
221346,221346,221352,6,0
221344,221344,221352,8,0
221341,221342,221353,11,1
221345,221345,221353,8,0
221347,221347,221354,7,0
221348,221349,221355,6,1
221344,221344,221354,10,0
221349,221349,221355,6,0
221345,221345,221355,10,0
221346,221346,221356,10,0
221349,221349,221356,7,0
221351,221352,221356,4,1
221350,221350,221357,7,0
221350,221350,221357,7,0
221349,221349,221358,9,0
221348,221348,221358,10,0
221348,221348,221358,10,0
221355,221355,221359,4,0
221352,221352,221360,8,0
221355,221355,221359,4,0
221355,221355,221360,5,0
221352,221352,221361,9,0
221355,221355,221361,6,0
221354,221354,221361,7,0
221354,221354,221362,8,0
221354,221354,221362,8,0
221354,221354,221361,7,0
221355,221355,221362,7,0
221353,221353,221362,9,0
221352,221352,221363,11,0
221353,221353,221363,10,0
221350,221350,221373,23,0
221344,221344,221390,46,0
221339,221340,221390,50,1
221329,221329,221390,61,0
221343,221343,221393,50,0
221334,221334,221394,60,0
221339,221339,221399,60,0
221339,221339,221398,59,0
221339,221339,221402,63,0
221330,221330,221403,73,0
221340,221340,221405,65,0
221338,221338,221406,68,0
221347,221347,221407,60,0
221330,221330,221407,77,0
221332,221332,221407,75,0
221331,221331,221408,77,0
221341,221341,221408,67,0
221350,221350,221410,60,0
221338,221338,221409,71,0
221345,221345,221410,65,0
221338,221338,221411,73,0
221329,221329,221412,83,0
221339,221339,221412,73,0
221334,221334,221414,80,0
221343,221343,221414,71,0
221345,221345,221414,69,0
221334,221334,221414,80,0
221348,221348,221416,68,0
221351,221351,221418,67,0
221339,221339,221418,79,0
221345,221345,221419,74,0
221351,221351,221419,68,0
221334,221335,221420,85,1
221343,221343,221422,79,0
221337,221337,221423,86,0
221336,221336,221422,86,0
221342,221342,221422,80,0
221338,221338,221423,85,0
221342,221342,221423,81,0
221331,221331,221424,93,0
221355,221355,221424,69,0
221338,221338,221424,86,0
221343,221343,221425,82,0
221333,221333,221427,94,0
221336,221336,221428,92,0
221351,221351,221429,78,0
221350,221350,221429,79,0
221342,221343,221430,87,1
221335,221335,221431,96,0
221353,221353,221432,79,0
221346,221346,221433,87,0
221350,221350,221434,84,0
221343,221343,221435,92,0
221331,221331,221435,104,0
221332,221332,221436,104,0
221332,221333,221437,104,1
221330,221331,221437,106,1
221349,221349,221438,89,0
221347,221347,221438,91,0
221330,221330,221438,108,0
221353,221353,221438,85,0
221338,221338,221439,101,0
221352,221352,221440,88,0
221329,221329,221440,111,0
221332,221332,221440,108,0
221346,221346,221441,95,0
221349,221349,221443,94,0
221352,221352,221444,92,0
221333,221333,221444,111,0
221335,221336,221444,108,1
221335,221335,221445,110,0
221354,221355,221446,91,1
221333,221333,221446,113,0
221353,221354,221446,92,1
221349,221349,221447,98,0
221340,221340,221447,107,0
221341,221341,221448,107,0
221335,221335,221451,116,0
221340,221340,221451,111,0
221342,221342,221451,109,0
221351,221351,221452,101,0
221342,221342,221452,110,0
221347,221347,221453,106,0
221339,221339,221453,114,0
221346,221346,221454,108,0
221353,221353,221453,100,0
221338,221338,221454,116,0
221340,221340,221455,115,0
221333,221333,221455,122,0
221332,221332,221456,124,0
221347,221347,221457,110,0
221337,221338,221457,119,1
221331,221331,221458,127,0
221337,221337,221458,121,0
221330,221330,221460,130,0
221340,221340,221461,121,0
221338,221338,221461,123,0
221347,221347,221463,116,0
221354,221354,221462,108,0
221348,221348,221465,117,0
221341,221341,221467,126,0
221345,221345,221467,122,0
221347,221347,221469,122,0
221347,221347,221471,124,0
221348,221348,221472,124,0
221342,221342,221475,133,0
221351,221351,221476,125,0
221334,221334,221478,144,0
221344,221344,221478,134,0
221329,221329,221480,151,0
221332,221332,221481,149,0
221343,221343,221482,139,0
221330,221330,221483,153,0
221332,221332,221486,154,0
221337,221337,221486,149,0
221335,221335,221488,153,0
221345,221345,221488,143,0
221337,221337,221488,151,0
221340,221341,221494,153,1
221348,221348,221499,151,0
221348,221348,221505,157,0
221336,221336,221518,182,0
221341,221342,221528,186,1
221337,221337,221536,199,0
207748,207750,228355,20605,2
228478,228480,228612,132,2
228611,228614,228620,6,3
228688,228690,232430,3740,2
232778,232780,233150,370,2
233291,233294,233494,200,3
233537,233539,233896,357,2
234432,234432,234449,17,0
234431,234431,234475,44,0
234435,234435,235293,858,0
234429,234429,235404,975,0
234435,234436,235480,1044,1
234433,234433,235504,1071,0
234426,234426,235506,1080,0
234428,234428,235702,1274,0
234434,234434,235721,1287,0
234428,234428,235766,1338,0
234429,234429,235770,1341,0
234426,234426,235772,1346,0
234429,234429,235779,1350,0
234430,234430,235832,1402,0
234432,234432,235932,1500,0
234435,234435,236015,1580,0
234429,234429,236065,1636,0
234431,234432,236072,1640,1
234432,234432,236146,1714,0
234424,234424,236375,1951,0
234425,234425,236408,1983,0
234019,234021,236644,2623,2
234425,234425,236687,2262,0
236231,236647,236696,49,416
236694,236697,236703,6,3
236643,236697,236795,98,54
234434,234434,237471,3037,0
234433,234433,237655,3222,0
234433,234433,237744,3311,0
234434,234434,237767,3333,0
234433,234433,237769,3336,0
234434,234434,237806,3372,0
234435,234435,237821,3386,0
234436,234436,237885,3449,0
237740,237740,237926,186,0
237927,237927,237928,1,0
237927,237927,237928,1,0
237927,237927,237929,2,0
237927,237927,237928,1,0
237927,237927,237929,2,0
237927,237927,237929,2,0
237927,237927,237928,1,0
237927,237927,237929,2,0
237927,237927,237929,2,0
237927,237927,237928,1,0
237927,237927,237929,2,0
237927,237927,237928,1,0
237927,237927,237929,2,0
237927,237927,237929,2,0
237927,237927,237929,2,0
237927,237927,237929,2,0
237927,237927,237928,1,0
237927,237927,237928,1,0
237927,237927,237928,1,0
237927,237927,237929,2,0
237927,237927,237929,2,0
237927,237927,237928,1,0
237927,237927,237929,2,0
237927,237927,237929,2,0
237927,237927,237929,2,0
237927,237927,237928,1,0
237927,237927,237929,2,0
237927,237927,237928,1,0
237927,237927,237928,1,0
237927,237927,237929,2,0
237927,237927,237929,2,0
237927,237927,237928,1,0
237927,237927,237928,1,0
237927,237927,237928,1,0
237927,237927,237929,2,0
237927,237927,237929,2,0
237927,237927,237929,2,0
237927,237927,237929,2,0
237927,237927,237929,2,0
237927,237927,237929,2,0
237927,237927,237929,2,0
237927,237927,237929,2,0
237927,237927,237929,2,0
237927,237927,237929,2,0
237927,237927,237929,2,0
237749,237749,237941,192,0
237736,237736,237942,206,0
237941,237942,237943,1,1
237941,237942,237943,1,1
237941,237942,237943,1,1
237941,237942,237943,1,1
237941,237942,237944,2,1
237941,237942,237943,1,1
237941,237942,237943,1,1
237941,237942,237943,1,1
237941,237942,237943,1,1
237941,237942,237943,1,1
237941,237942,237944,2,1
237941,237942,237943,1,1
237941,237942,237943,1,1
237941,237942,237943,1,1
237941,237942,237943,1,1
237941,237942,237944,2,1
237941,237942,237943,1,1
237941,237942,237943,1,1
237941,237942,237943,1,1
237941,237942,237944,2,1
237941,237942,237944,2,1
237943,237943,237944,1,0
237941,237942,237943,1,1
237941,237942,237943,1,1
237941,237942,237943,1,1
237941,237942,237943,1,1
237941,237942,237943,1,1
237941,237942,237943,1,1
237941,237942,237943,1,1
237941,237942,237944,2,1
237941,237942,237943,1,1
237941,237942,237943,1,1
237941,237942,237943,1,1
237941,237942,237943,1,1
237941,237942,237943,1,1
237941,237942,237943,1,1
237943,237943,237944,1,0
237941,237942,237944,2,1
237943,237943,237944,1,0
237943,237943,237944,1,0
237943,237943,237944,1,0
237941,237942,237944,2,1
237943,237944,237945,1,1
237943,237944,237945,1,1
237943,237944,237945,1,1
237943,237944,237945,1,1
237941,237942,237944,2,1
237943,237943,237944,1,0
237943,237943,237944,1,0
237943,237944,237945,1,1
237941,237942,237944,2,1
237943,237943,237944,1,0
237941,237942,237945,3,1
237941,237942,237944,2,1
237943,237943,237944,1,0
237941,237942,237944,2,1
237943,237943,237944,1,0
237943,237943,237944,1,0
237941,237942,237944,2,1
237941,237942,237944,2,1
237943,237943,237944,1,0
237943,237943,237944,1,0
237943,237943,237944,1,0
237941,237942,237945,3,1
237943,237943,237944,1,0
237943,237943,237944,1,0
237943,237944,237945,1,1
237943,237944,237945,1,1
237943,237944,237945,1,1
237943,237944,237945,1,1
237943,237944,237946,2,1
237943,237944,237946,2,1
237943,237944,237946,2,1
237943,237944,237945,1,1
237943,237944,237945,1,1
237943,237944,237946,2,1
237943,237944,237945,1,1
237943,237944,237946,2,1
237943,237944,237946,2,1
237943,237944,237945,1,1
237943,237944,237945,1,1
237943,237944,237946,2,1
237943,237944,237946,2,1
237943,237944,237946,2,1
237943,237944,237945,1,1
237943,237944,237945,1,1
237943,237944,237945,1,1
237943,237944,237946,2,1
237943,237944,237946,2,1
237943,237944,237946,2,1
237733,237733,237950,217,0
237732,237732,237951,219,0
237734,237734,237951,217,0
237754,237754,237954,200,0
237954,237954,237955,1,0
237954,237954,237956,2,0
237954,237954,237956,2,0
237954,237954,237956,2,0
237954,237954,237956,2,0
237954,237954,237956,2,0
237954,237955,237956,1,1
237954,237955,237956,1,1
237954,237954,237956,2,0
237954,237954,237956,2,0
237954,237954,237956,2,0
237954,237954,237956,2,0
237954,237954,237955,1,0
237954,237954,237956,2,0
237954,237954,237956,2,0
237954,237954,237956,2,0
237954,237954,237956,2,0
237954,237954,237956,2,0
237954,237954,237955,1,0
237954,237954,237956,2,0
237954,237954,237956,2,0
237954,237954,237956,2,0
237954,237954,237956,2,0
237954,237954,237956,2,0
237954,237954,237956,2,0
237954,237954,237956,2,0
237954,237954,237956,2,0
237954,237954,237956,2,0
237954,237954,237956,2,0
237954,237954,237956,2,0
237954,237954,237956,2,0
237954,237954,237956,2,0
237954,237954,237956,2,0
237954,237954,237956,2,0
237954,237954,237956,2,0
237954,237954,237956,2,0
237954,237954,237956,2,0
237954,237954,237956,2,0
237954,237955,237956,1,1
237954,237954,237956,2,0
237954,237954,237956,2,0
237954,237954,237956,2,0
237954,237954,237956,2,0
237954,237954,237956,2,0
237954,237954,237956,2,0
237954,237955,237956,1,1
237954,237955,237956,1,1
237954,237954,237956,2,0
237954,237954,237957,3,0
237954,237954,237957,3,0
237954,237954,237956,2,0
237954,237954,237956,2,0
237954,237954,237956,2,0
237954,237954,237956,2,0
237954,237954,237956,2,0
237954,237954,237956,2,0
237954,237955,237956,1,1
237954,237955,237956,1,1
237954,237955,237956,1,1
237738,237738,237957,219,0
237954,237954,237957,3,0
237954,237954,237957,3,0
237954,237954,237957,3,0
237954,237954,237957,3,0
237954,237956,237957,1,2
237954,237954,237957,3,0
237955,237957,237958,1,2
237955,237957,237958,1,2
237954,237957,237958,1,3
237954,237957,237958,1,3
237954,237957,237958,1,3
237954,237957,237959,2,3
237955,237957,237958,1,2
237955,237957,237958,1,2
237955,237957,237958,1,2
237954,237957,237958,1,3
237954,237957,237958,1,3
237954,237957,237958,1,3
237954,237957,237958,1,3
237955,237957,237958,1,2
237955,237957,237958,1,2
237954,237957,237958,1,3
237954,237957,237958,1,3
237954,237957,237958,1,3
237954,237957,237959,2,3
237955,237957,237958,1,2
237955,237957,237958,1,2
237954,237957,237958,1,3
237954,237957,237958,1,3
237954,237957,237959,2,3
237954,237957,237959,2,3
237955,237957,237958,1,2
237955,237957,237958,1,2
237954,237957,237958,1,3
237955,237957,237959,2,2
237955,237957,237959,2,2
237954,237957,237958,1,3
237954,237957,237958,1,3
237954,237957,237959,2,3
237954,237957,237958,1,3
237955,237957,237958,1,2
237955,237957,237958,1,2
237955,237957,237958,1,2
237955,237957,237958,1,2
237955,237957,237958,1,2
237955,237957,237958,1,2
237955,237957,237958,1,2
237955,237957,237958,1,2
237955,237957,237959,2,2
237955,237957,237958,1,2
237955,237957,237958,1,2
237955,237957,237958,1,2
237955,237957,237958,1,2
237955,237957,237959,2,2
237955,237957,237959,2,2
237955,237957,237959,2,2
237955,237957,237959,2,2
237955,237957,237959,2,2
237955,237958,237959,1,3
237955,237959,237960,1,4
237954,237957,237959,2,3
237955,237958,237960,2,3
237955,237958,237959,1,3
237954,237957,237959,2,3
237954,237957,237959,2,3
237954,237957,237959,2,3
237955,237958,237960,2,3
237955,237958,237959,1,3
237955,237958,237959,1,3
237955,237957,237959,2,2
237955,237959,237960,1,4
237955,237959,237960,1,4
237955,237959,237960,1,4
237955,237959,237960,1,4
237955,237958,237960,2,3
237955,237958,237962,4,3
234435,234435,237970,3535,0
237969,237970,237971,1,1
237969,237970,237971,1,1
237969,237970,237971,1,1
237969,237970,237971,1,1
237969,237970,237971,1,1
237970,237970,237971,1,0
237969,237970,237971,1,1
237969,237970,237971,1,1
237969,237970,237971,1,1
237969,237970,237971,1,1
237969,237970,237971,1,1
237969,237970,237971,1,1
237969,237970,237971,1,1
237969,237970,237971,1,1
237969,237970,237971,1,1
237969,237970,237972,2,1
237970,237970,237971,1,0
237970,237970,237971,1,0
237969,237970,237971,1,1
237969,237970,237971,1,1
237969,237970,237971,1,1
237969,237970,237971,1,1
237969,237970,237972,2,1
237969,237970,237972,2,1
237970,237970,237971,1,0
237970,237970,237971,1,0
237969,237970,237971,1,1
237969,237970,237971,1,1
237969,237970,237971,1,1
237969,237970,237971,1,1
237969,237970,237971,1,1
237969,237970,237972,2,1
237970,237970,237971,1,0
237970,237970,237971,1,0
237970,237970,237971,1,0
237970,237970,237971,1,0
237970,237970,237971,1,0
237969,237970,237971,1,1
237969,237970,237971,1,1
237969,237970,237971,1,1
237969,237970,237971,1,1
237969,237970,237972,2,1
237970,237970,237971,1,0
237970,237970,237971,1,0
237970,237970,237971,1,0
237969,237970,237971,1,1
237969,237970,237972,2,1
237969,237970,237971,1,1
237970,237970,237971,1,0
237970,237970,237971,1,0
237970,237970,237971,1,0
237970,237970,237971,1,0
237970,237970,237971,1,0
237969,237970,237972,2,1
237969,237970,237972,2,1
237969,237970,237972,2,1
237970,237972,237973,1,2
237969,237970,237972,2,1
237970,237972,237974,2,2
237970,237972,237973,1,2
237970,237972,237973,1,2
237970,237972,237973,1,2
237970,237972,237973,1,2
237970,237972,237974,2,2
237970,237972,237973,1,2
237970,237972,237973,1,2
237970,237972,237973,1,2
237970,237972,237973,1,2
237970,237972,237974,2,2
237970,237972,237974,2,2
237970,237972,237974,2,2
237970,237972,237974,2,2
237970,237972,237974,2,2
237970,237972,237974,2,2
237970,237972,237974,2,2
237970,237972,237974,2,2
237970,237972,237974,2,2
237970,237972,237974,2,2
237970,237972,237974,2,2
237970,237972,237974,2,2
237970,237972,237974,2,2
237970,237972,237974,2,2
237970,237972,237973,1,2
237970,237986,237987,1,16
237969,237986,237987,1,17
237969,237986,237987,1,17
237731,237732,238004,272,1
238005,238005,238007,2,0
238005,238005,238007,2,0
238005,238005,238007,2,0
238005,238006,238007,1,1
238005,238006,238007,1,1
238005,238006,238007,1,1
238005,238006,238007,1,1
238005,238005,238007,2,0
238005,238005,238007,2,0
238005,238005,238007,2,0
238005,238005,238007,2,0
238005,238005,238007,2,0
238005,238005,238007,2,0
238005,238005,238007,2,0
238005,238005,238007,2,0
238005,238005,238007,2,0
238005,238005,238007,2,0
238005,238005,238007,2,0
238005,238006,238007,1,1
238005,238006,238007,1,1
238005,238006,238007,1,1
238005,238006,238007,1,1
238005,238005,238007,2,0
238005,238005,238007,2,0
238005,238005,238007,2,0
238005,238005,238007,2,0
238005,238005,238007,2,0
238005,238005,238007,2,0
238005,238005,238007,2,0
238005,238005,238007,2,0
238005,238005,238007,2,0
238005,238005,238007,2,0
238005,238005,238007,2,0
238005,238005,238007,2,0
238005,238005,238007,2,0
238005,238005,238007,2,0
238005,238005,238007,2,0
238005,238005,238007,2,0
238005,238005,238008,3,0
238005,238006,238008,2,1
238005,238005,238008,3,0
238005,238006,238008,2,1
238005,238005,238008,3,0
238005,238005,238008,3,0
238005,238006,238008,2,1
237743,237743,238034,291,0
234433,234433,238036,3603,0
238035,238035,238037,2,0
238035,238035,238036,1,0
238035,238035,238036,1,0
238035,238035,238036,1,0
238035,238035,238036,1,0
238035,238035,238036,1,0
238035,238035,238037,2,0
238035,238035,238037,2,0
238035,238035,238037,2,0
238035,238035,238037,2,0
238035,238035,238037,2,0
238035,238035,238036,1,0
238035,238035,238037,2,0
238035,238035,238037,2,0
238035,238035,238037,2,0
238035,238035,238037,2,0
238035,238035,238036,1,0
238035,238035,238036,1,0
238035,238035,238036,1,0
238035,238035,238036,1,0
238035,238035,238036,1,0
238035,238035,238036,1,0
238035,238035,238037,2,0
238035,238035,238036,1,0
238035,238035,238037,2,0
238035,238035,238036,1,0
238035,238035,238036,1,0
238035,238035,238036,1,0
238035,238035,238037,2,0
238035,238035,238037,2,0
238035,238035,238036,1,0
238035,238035,238037,2,0
238035,238035,238038,3,0
238035,238035,238038,3,0
238035,238035,238037,2,0
238035,238035,238038,3,0
238035,238035,238037,2,0
238035,238035,238037,2,0
238035,238035,238037,2,0
238035,238035,238037,2,0
238035,238035,238037,2,0
238035,238035,238037,2,0
238035,238035,238037,2,0
238035,238035,238037,2,0
238035,238035,238037,2,0
237735,237735,238039,304,0
238047,238047,238049,2,0
238047,238047,238049,2,0
238047,238047,238049,2,0
238047,238047,238049,2,0
238047,238047,238048,1,0
238047,238047,238048,1,0
238047,238047,238049,2,0
238047,238047,238049,2,0
238047,238047,238049,2,0
238047,238047,238049,2,0
238047,238047,238049,2,0
238047,238047,238049,2,0
238047,238047,238049,2,0
238047,238047,238049,2,0
238047,238047,238049,2,0
238047,238047,238049,2,0
238047,238047,238049,2,0
238047,238047,238049,2,0
238047,238047,238049,2,0
238047,238047,238049,2,0
238047,238047,238049,2,0
238047,238047,238049,2,0
238047,238047,238049,2,0
238047,238047,238049,2,0
238047,238047,238049,2,0
238047,238047,238049,2,0
238047,238047,238049,2,0
238047,238047,238049,2,0
238047,238047,238049,2,0
238047,238047,238050,3,0
238047,238047,238050,3,0
238047,238047,238050,3,0
238047,238064,238065,1,17
238047,238064,238065,1,17
238047,238064,238065,1,17
238047,238064,238065,1,17
238047,238064,238065,1,17
238047,238064,238065,1,17
238047,238064,238065,1,17
238047,238064,238065,1,17
238047,238064,238065,1,17
238047,238064,238065,1,17
238047,238064,238065,1,17
238047,238064,238066,2,17
238047,238064,238066,2,17
237737,237737,238071,334,0
238073,238074,238075,1,1
238073,238074,238075,1,1
238073,238074,238075,1,1
238073,238074,238075,1,1
238073,238074,238075,1,1
238073,238074,238075,1,1
238073,238074,238075,1,1
238073,238074,238075,1,1
238073,238074,238075,1,1
238073,238074,238075,1,1
238073,238074,238075,1,1
238073,238074,238075,1,1
238073,238074,238075,1,1
238073,238074,238075,1,1
238073,238074,238075,1,1
238073,238074,238075,1,1
238073,238074,238075,1,1
238073,238074,238075,1,1
238073,238074,238075,1,1
238073,238074,238075,1,1
238073,238074,238075,1,1
238073,238074,238075,1,1
238073,238074,238075,1,1
238073,238074,238075,1,1
238073,238074,238075,1,1
238073,238074,238075,1,1
238073,238074,238075,1,1
238073,238074,238075,1,1
238073,238074,238075,1,1
238073,238074,238075,1,1
238073,238074,238075,1,1
238073,238074,238075,1,1
238073,238074,238075,1,1
238073,238074,238075,1,1
238073,238074,238075,1,1
237741,237741,238076,335,0
238073,238074,238076,2,1
238073,238074,238076,2,1
238073,238074,238076,2,1
238073,238074,238076,2,1
238073,238074,238076,2,1
238077,238077,238079,2,0
238077,238077,238079,2,0
238077,238078,238079,1,1
238077,238078,238079,1,1
238077,238077,238079,2,0
238077,238077,238079,2,0
238077,238078,238079,1,1
238077,238078,238079,1,1
238077,238077,238079,2,0
238077,238077,238079,2,0
238077,238078,238079,1,1
238077,238078,238079,1,1
238077,238078,238079,1,1
238077,238077,238079,2,0
238077,238077,238079,2,0
238077,238078,238079,1,1
238077,238078,238079,1,1
238077,238078,238080,2,1
238077,238077,238079,2,0
238077,238078,238079,1,1
238077,238078,238079,1,1
238077,238078,238080,2,1
238077,238078,238079,1,1
238077,238077,238079,2,0
238077,238077,238079,2,0
238077,238078,238079,1,1
238077,238078,238079,1,1
238077,238078,238080,2,1
238077,238077,238079,2,0
238077,238077,238079,2,0
238077,238078,238079,1,1
238077,238078,238079,1,1
238077,238078,238080,2,1
238077,238078,238080,2,1
238077,238078,238080,2,1
238077,238078,238080,2,1
238077,238078,238080,2,1
238077,238078,238080,2,1
238077,238078,238080,2,1
238077,238078,238080,2,1
238077,238078,238080,2,1
238077,238078,238080,2,1
238077,238078,238080,2,1
238077,238078,238080,2,1
238073,238090,238091,1,17
238073,238090,238092,2,17
238073,238090,238092,2,17
238077,238090,238092,2,13
238073,238090,238092,2,17
238073,238090,238093,3,17
234433,234434,238107,3673,1
237927,237928,238114,186,1
238116,238116,238118,2,0
238116,238116,238118,2,0
238116,238116,238118,2,0
238116,238116,238118,2,0
238116,238116,238118,2,0
238116,238116,238118,2,0
238116,238116,238118,2,0
238116,238117,238118,1,1
238116,238116,238118,2,0
238116,238116,238118,2,0
238116,238117,238118,1,1
238116,238116,238118,2,0
238116,238116,238118,2,0
238116,238116,238118,2,0
238116,238117,238118,1,1
238116,238117,238118,1,1
238116,238116,238118,2,0
238116,238116,238118,2,0
238116,238116,238118,2,0
238116,238117,238119,2,1
238116,238117,238118,1,1
238116,238116,238118,2,0
238116,238116,238118,2,0
238116,238116,238118,2,0
238116,238117,238118,1,1
238116,238117,238119,2,1
238116,238117,238119,2,1
238116,238117,238119,2,1
238116,238117,238119,2,1
238116,238117,238119,2,1
238116,238117,238119,2,1
238116,238117,238119,2,1
238116,238117,238119,2,1
238116,238117,238119,2,1
237750,237750,238126,376,0
238127,238127,238129,2,0
238127,238127,238129,2,0
238127,238127,238129,2,0
238127,238127,238129,2,0
238127,238127,238129,2,0
238127,238127,238129,2,0
238127,238127,238129,2,0
238127,238127,238129,2,0
237942,237942,238129,187,0
238127,238127,238129,2,0
238127,238127,238129,2,0
238127,238127,238129,2,0
238127,238127,238129,2,0
238127,238127,238129,2,0
238127,238127,238129,2,0
238127,238127,238129,2,0
238127,238127,238129,2,0
238127,238127,238129,2,0
238127,238127,238129,2,0
238127,238127,238129,2,0
238127,238127,238129,2,0
238127,238127,238129,2,0
238127,238127,238129,2,0
238127,238127,238129,2,0
238127,238127,238129,2,0
238127,238127,238129,2,0
238127,238127,238129,2,0
238127,238128,238129,1,1
238127,238128,238129,1,1
238127,238127,238129,2,0
238127,238127,238130,3,0
238127,238127,238130,3,0
238127,238127,238130,3,0
238127,238127,238130,3,0
238127,238127,238130,3,0
238127,238127,238130,3,0
238127,238127,238130,3,0
238127,238127,238130,3,0
238127,238127,238130,3,0
238127,238128,238130,2,1
238127,238128,238130,2,1
237747,237748,238131,383,1
238127,238127,238131,4,0
238127,238127,238131,4,0
238127,238128,238131,3,1
237752,237752,238132,380,0
238131,238132,238133,1,1
238131,238132,238133,1,1
238131,238132,238133,1,1
238131,238132,238133,1,1
238131,238132,238133,1,1
238131,238132,238133,1,1
238131,238132,238133,1,1
238131,238132,238133,1,1
238131,238132,238133,1,1
238131,238132,238133,1,1
238131,238132,238133,1,1
238131,238132,238133,1,1
238131,238132,238133,1,1
238131,238132,238133,1,1
238131,238132,238133,1,1
238131,238132,238133,1,1
238131,238132,238133,1,1
238131,238132,238133,1,1
238131,238132,238134,2,1
238131,238132,238133,1,1
238131,238132,238133,1,1
238131,238132,238133,1,1
238131,238132,238133,1,1
238131,238132,238133,1,1
238131,238132,238133,1,1
238131,238132,238133,1,1
238131,238132,238133,1,1
238131,238132,238133,1,1
238131,238132,238133,1,1
238131,238132,238134,2,1
238131,238132,238133,1,1
238131,238132,238133,1,1
238131,238132,238133,1,1
238131,238132,238133,1,1
238131,238132,238134,2,1
238133,238133,238134,1,0
238131,238132,238133,1,1
238131,238132,238133,1,1
238131,238132,238134,2,1
238131,238132,238133,1,1
238133,238133,238134,1,0
238133,238133,238134,1,0
238131,238132,238133,1,1
238131,238132,238135,3,1
238131,238132,238134,2,1
238131,238132,238134,2,1
238131,238132,238135,3,1
238131,238132,238134,2,1
238133,238133,238134,1,0
238133,238133,238134,1,0
238133,238133,238134,1,0
238133,238133,238135,2,0
238133,238133,238135,2,0
238133,238134,238135,1,1
238133,238134,238135,1,1
238133,238134,238135,1,1
238133,238134,238135,1,1
238133,238134,238135,1,1
238133,238134,238135,1,1
238133,238134,238136,2,1
238133,238134,238135,1,1
238133,238134,238135,1,1
238133,238134,238136,2,1
238133,238134,238135,1,1
238133,238134,238136,2,1
238133,238134,238136,2,1
238133,238134,238135,1,1
238133,238134,238135,1,1
238133,238134,238135,1,1
238133,238134,238135,1,1
238133,238134,238135,1,1
238133,238134,238136,2,1
234435,234435,238136,3701,0
238116,238135,238136,1,19
238116,238135,238136,1,19
238116,238135,238136,1,19
238116,238135,238136,1,19
238133,238134,238136,2,1
238133,238134,238136,2,1
238133,238134,238136,2,1
238133,238134,238136,2,1
238133,238134,238136,2,1
238133,238134,238136,2,1
238133,238134,238136,2,1
238133,238134,238136,2,1
238116,238135,238137,2,19
238116,238135,238136,1,19
238127,238136,238137,1,9
238133,238134,238136,2,1
238133,238134,238136,2,1
238116,238135,238136,1,19
238116,238135,238137,2,19
238133,238134,238137,3,1
238133,238134,238137,3,1
238133,238134,238137,3,1
238133,238134,238137,3,1
238133,238134,238137,3,1
238133,238134,238137,3,1
238133,238134,238137,3,1
238133,238134,238137,3,1
238116,238136,238137,1,20
238116,238136,238138,2,20
238116,238136,238137,1,20
238127,238136,238137,1,9
237756,237756,238139,383,0
237944,237944,238141,197,0
237746,237746,238142,396,0
238143,238143,238145,2,0
238143,238143,238145,2,0
238143,238143,238145,2,0
238143,238143,238145,2,0
238143,238143,238145,2,0
238143,238143,238145,2,0
238143,238143,238145,2,0
238143,238143,238145,2,0
238143,238143,238145,2,0
238143,238143,238144,1,0
238143,238143,238144,1,0
238143,238143,238145,2,0
238143,238143,238145,2,0
238143,238143,238145,2,0
238143,238143,238144,1,0
238143,238143,238144,1,0
238143,238143,238145,2,0
238143,238143,238145,2,0
238143,238143,238145,2,0
238143,238143,238144,1,0
238143,238143,238145,2,0
238143,238143,238145,2,0
238143,238143,238145,2,0
238143,238143,238145,2,0
238143,238143,238145,2,0
238143,238143,238145,2,0
238143,238143,238145,2,0
238143,238143,238145,2,0
238143,238143,238145,2,0
238143,238143,238145,2,0
238143,238143,238145,2,0
238143,238143,238145,2,0
238143,238143,238145,2,0
238143,238143,238145,2,0
238143,238143,238145,2,0
238143,238143,238145,2,0
238143,238143,238145,2,0
238143,238143,238145,2,0
238143,238143,238145,2,0
238143,238143,238145,2,0
234435,234435,238145,3710,0
238143,238144,238145,1,1
238143,238143,238145,2,0
238143,238143,238145,2,0
238143,238143,238145,2,0
238143,238143,238145,2,0
238143,238143,238145,2,0
238143,238143,238146,3,0
238143,238143,238146,3,0
238143,238143,238146,3,0
238143,238145,238146,1,2
238143,238143,238146,3,0
238143,238143,238145,2,0
238143,238143,238145,2,0
238143,238143,238146,3,0
238143,238143,238146,3,0
238143,238143,238146,3,0
238143,238143,238145,2,0
238143,238143,238146,3,0
238143,238143,238145,2,0
238143,238143,238145,2,0
238143,238143,238145,2,0
238143,238143,238146,3,0
238143,238145,238147,2,2
238143,238145,238147,2,2
238143,238145,238147,2,2
238143,238145,238147,2,2
238143,238145,238147,2,2
238143,238145,238147,2,2
238143,238145,238147,2,2
238143,238145,238147,2,2
238143,238145,238147,2,2
238143,238145,238147,2,2
238143,238145,238147,2,2
238143,238145,238147,2,2
238143,238145,238147,2,2
238143,238145,238147,2,2
238143,238145,238147,2,2
238143,238146,238147,1,3
238143,238146,238147,1,3
238143,238143,238147,4,0
238143,238145,238147,2,2
238143,238145,238147,2,2
238143,238146,238147,1,3
238143,238146,238147,1,3
238143,238145,238148,3,2
238143,238145,238148,3,2
238143,238145,238148,3,2
238143,238145,238148,3,2
237955,237959,238158,199,4
237971,237972,238159,187,1
237739,237739,238163,424,0
238168,238168,238170,2,0
237744,237745,238169,424,1
238168,238168,238170,2,0
238168,238168,238170,2,0
238168,238168,238170,2,0
238168,238168,238170,2,0
238168,238168,238170,2,0
238168,238168,238170,2,0
238168,238168,238170,2,0
238168,238168,238170,2,0
238168,238168,238170,2,0
238168,238168,238170,2,0
238168,238168,238170,2,0
238168,238168,238170,2,0
238168,238169,238170,1,1
238168,238168,238170,2,0
238168,238168,238170,2,0
238168,238168,238170,2,0
238168,238168,238170,2,0
238168,238169,238170,1,1
238168,238168,238170,2,0
238168,238168,238170,2,0
238168,238168,238170,2,0
238168,238168,238170,2,0
238168,238168,238170,2,0
238168,238168,238171,3,0
238168,238168,238170,2,0
238168,238168,238170,2,0
238168,238168,238170,2,0
238168,238168,238170,2,0
238168,238169,238170,1,1
238168,238169,238170,1,1
238168,238168,238171,3,0
238168,238169,238170,1,1
238168,238169,238170,1,1
238168,238169,238170,1,1
238168,238169,238171,2,1
238168,238168,238170,2,0
238168,238168,238170,2,0
238168,238168,238170,2,0
238168,238168,238171,3,0
238168,238169,238170,1,1
238168,238169,238170,1,1
238168,238170,238171,1,2
238168,238168,238170,2,0
238168,238169,238170,1,1
238168,238169,238170,1,1
238168,238169,238170,1,1
238168,238169,238170,1,1
238168,238169,238170,1,1
238168,238169,238170,1,1
238168,238170,238171,1,2
238168,238168,238171,3,0
238168,238168,238171,3,0
238168,238170,238171,1,2
238168,238168,238171,3,0
238168,238168,238172,4,0
238168,238171,238172,1,3
238168,238168,238171,3,0
238168,238168,238171,3,0
238168,238169,238171,2,1
238168,238168,238171,3,0
238168,238168,238171,3,0
238168,238168,238171,3,0
238168,238171,238172,1,3
238168,238171,238172,1,3
238168,238171,238172,1,3
238168,238171,238172,1,3
238168,238171,238172,1,3
238168,238171,238172,1,3
238168,238171,238172,1,3
238168,238171,238172,1,3
238168,238171,238172,1,3
238168,238171,238172,1,3
238168,238171,238172,1,3
238168,238171,238172,1,3
238168,238171,238172,1,3
238168,238171,238172,1,3
238168,238171,238172,1,3
238168,238171,238172,1,3
238168,238171,238173,2,3
238168,238171,238172,1,3
238168,238171,238172,1,3
238168,238171,238172,1,3
238168,238171,238172,1,3
238168,238171,238173,2,3
238168,238171,238173,2,3
238168,238171,238172,1,3
238168,238171,238173,2,3
238168,238171,238172,1,3
238168,238171,238172,1,3
238168,238171,238172,1,3
238168,238171,238172,1,3
238168,238171,238172,1,3
238168,238171,238172,1,3
238168,238171,238172,1,3
238168,238171,238172,1,3
238168,238171,238172,1,3
238168,238171,238172,1,3
238168,238171,238172,1,3
238168,238171,238173,2,3
238168,238171,238173,2,3
238172,238172,238173,1,0
238168,238172,238173,1,4
238168,238172,238174,2,4
238168,238172,238173,1,4
238172,238173,238174,1,1
238168,238171,238173,2,3
238168,238171,238173,2,3
238168,238172,238173,1,4
238168,238172,238174,2,4
238168,238172,238174,2,4
238168,238172,238173,1,4
238168,238172,238173,1,4
238168,238171,238173,2,3
238168,238171,238173,2,3
238168,238172,238173,1,4
238168,238171,238173,2,3
238168,238171,238173,2,3
238168,238172,238173,1,4
238168,238172,238173,1,4
238168,238172,238174,2,4
238168,238172,238174,2,4
238168,238172,238174,2,4
238168,238172,238174,2,4
238168,238172,238174,2,4
238168,238172,238174,2,4
238168,238172,238174,2,4
238168,238172,238173,1,4
238172,238173,238174,1,1
238172,238173,238175,2,1
238172,238173,238174,1,1
238172,238173,238174,1,1
238172,238173,238174,1,1
238172,238173,238174,1,1
238172,238173,238175,2,1
238172,238173,238174,1,1
238172,238173,238174,1,1
238172,238173,238174,1,1
238172,238173,238174,1,1
238172,238173,238174,1,1
238172,238173,238174,1,1
238172,238173,238174,1,1
238172,238173,238174,1,1
238172,238173,238174,1,1
238172,238174,238175,1,2
238172,238173,238174,1,1
238172,238173,238174,1,1
238172,238173,238174,1,1
238172,238173,238174,1,1
238172,238173,238174,1,1
238172,238173,238174,1,1
238172,238173,238174,1,1
238172,238173,238174,1,1
238143,238144,238175,31,1
238143,238143,238174,31,0
238172,238174,238175,1,2
238172,238174,238175,1,2
238172,238174,238175,1,2
238172,238174,238175,1,2
238172,238174,238176,2,2
238172,238173,238175,2,1
238172,238173,238175,2,1
238172,238173,238175,2,1
238172,238173,238175,2,1
238172,238173,238176,3,1
238172,238175,238176,1,3
238172,238174,238176,2,2
238172,238174,238176,2,2
238172,238174,238175,1,2
238172,238174,238176,2,2
238172,238174,238176,2,2
238172,238174,238176,2,2
238172,238174,238176,2,2
238172,238174,238176,2,2
238172,238174,238176,2,2
238172,238174,238176,2,2
238172,238175,238176,1,3
238172,238174,238176,2,2
238172,238174,238176,2,2
238172,238174,238175,1,2
238172,238174,238176,2,2
238172,238174,238175,1,2
238172,238174,238175,1,2
238172,238175,238176,1,3
238172,238175,238176,1,3
238172,238175,238176,1,3
238174,238176,238177,1,2
238174,238176,238177,1,2
238174,238176,238177,1,2
238174,238176,238177,1,2
238172,238175,238177,2,3
238172,238175,238177,2,3
238172,238175,238177,2,3
238172,238175,238177,2,3
238172,238175,238177,2,3
238172,238175,238177,2,3
238172,238175,238177,2,3
238172,238175,238177,2,3
238174,238177,238178,1,3
238174,238177,238178,1,3
238174,238177,238178,1,3
238174,238177,238178,1,3
238172,238175,238177,2,3
238172,238175,238177,2,3
238174,238177,238178,1,3
238174,238177,238178,1,3
238174,238177,238178,1,3
238174,238177,238178,1,3
238174,238177,238178,1,3
238172,238175,238177,2,3
238172,238175,238177,2,3
238172,238175,238177,2,3
238172,238175,238177,2,3
238174,238177,238178,1,3
238172,238175,238177,2,3
238172,238175,238177,2,3
238172,238175,238177,2,3
238174,238177,238178,1,3
238174,238177,238178,1,3
238174,238177,238178,1,3
238172,238174,238177,3,2
238172,238175,238177,2,3
238172,238175,238177,2,3
238174,238176,238178,2,2
238174,238177,238178,1,3
238174,238177,238178,1,3
238172,238176,238177,1,4
238172,238176,238177,1,4
238172,238176,238177,1,4
238172,238176,238177,1,4
238172,238176,238177,1,4
238172,238176,238177,1,4
238174,238176,238177,1,2
238168,238169,238177,8,1
238168,238169,238177,8,1
238174,238176,238177,1,2
238174,238176,238177,1,2
238174,238176,238177,1,2
238174,238177,238178,1,3
238174,238177,238178,1,3
238174,238177,238178,1,3
238174,238178,238179,1,4
238174,238177,238178,1,3
238174,238177,238178,1,3
238174,238177,238178,1,3
238174,238177,238179,2,3
238174,238178,238179,1,4
237983,237983,238180,197,0
238174,238178,238179,1,4
238174,238178,238179,1,4
238174,238178,238180,2,4
238174,238178,238179,1,4
238174,238178,238180,2,4
238174,238178,238179,1,4
238174,238178,238180,2,4
238174,238178,238179,1,4
238174,238178,238179,1,4
238174,238178,238179,1,4
238174,238178,238179,1,4
238172,238176,238180,4,4
238172,238176,238180,4,4
238168,238168,238171,3,0
238168,238169,238171,2,1
238168,238169,238171,2,1
238168,238188,238189,1,20
238168,238188,238189,1,20
238168,238188,238189,1,20
238168,238188,238189,1,20
237998,237998,238190,192,0
238006,238007,238195,188,1
238199,238199,238200,1,0
238199,238199,238201,2,0
238199,238199,238201,2,0
238199,238200,238201,1,1
238199,238199,238201,2,0
238199,238199,238201,2,0
238199,238199,238201,2,0
238199,238199,238201,2,0
238199,238199,238201,2,0
238199,238200,238201,1,1
238199,238199,238201,2,0
238199,238199,238201,2,0
238199,238199,238201,2,0
238199,238199,238201,2,0
238199,238199,238201,2,0
238199,238199,238201,2,0
238199,238199,238201,2,0
238199,238199,238201,2,0
238199,238199,238201,2,0
238199,238199,238201,2,0
238199,238199,238201,2,0
238199,238199,238201,2,0
238199,238199,238201,2,0
238199,238200,238201,1,1
238199,238199,238201,2,0
238199,238199,238201,2,0
238199,238199,238201,2,0
238199,238199,238201,2,0
238199,238199,238201,2,0
238199,238200,238201,1,1
238199,238199,238201,2,0
238199,238199,238201,2,0
238199,238199,238201,2,0
238199,238199,238201,2,0
238199,238199,238201,2,0
238199,238199,238201,2,0
238199,238199,238201,2,0
238199,238200,238201,1,1
238199,238199,238200,1,0
238199,238199,238201,2,0
238199,238199,238201,2,0
238199,238199,238201,2,0
238199,238200,238201,1,1
238199,238200,238201,1,1
238199,238200,238201,1,1
238199,238199,238202,3,0
238199,238199,238201,2,0
238199,238200,238201,1,1
238199,238200,238201,1,1
238199,238200,238201,1,1
238199,238199,238202,3,0
238199,238199,238201,2,0
238199,238200,238201,1,1
238199,238200,238201,1,1
238199,238200,238201,1,1
238199,238200,238202,2,1
238199,238200,238202,2,1
238199,238202,238203,1,3
238199,238201,238202,1,2
238199,238201,238202,1,2
238199,238201,238202,1,2
238199,238201,238202,1,2
238199,238201,238202,1,2
238199,238201,238202,1,2
238199,238201,238202,1,2
238199,238202,238203,1,3
238199,238202,238203,1,3
238199,238202,238203,1,3
238199,238202,238203,1,3
238199,238202,238203,1,3
238199,238202,238203,1,3
238199,238202,238203,1,3
238199,238202,238203,1,3
238199,238202,238203,1,3
238199,238202,238203,1,3
238199,238202,238203,1,3
238199,238202,238203,1,3
238199,238202,238203,1,3
238199,238202,238203,1,3
238199,238202,238203,1,3
238199,238202,238203,1,3
238199,238202,238204,2,3
238199,238202,238204,2,3
238209,238209,238210,1,0
238209,238209,238210,1,0
238209,238209,238210,1,0
238209,238209,238210,1,0
238209,238209,238210,1,0
238209,238209,238211,2,0
238209,238209,238211,2,0
238209,238209,238211,2,0
238209,238209,238211,2,0
238209,238209,238210,1,0
238209,238209,238210,1,0
238209,238209,238211,2,0
238209,238209,238210,1,0
238209,238209,238211,2,0
238209,238209,238210,1,0
238209,238209,238211,2,0
238209,238209,238211,2,0
238209,238209,238211,2,0
238209,238209,238210,1,0
238209,238209,238210,1,0
238209,238209,238210,1,0
238209,238209,238210,1,0
238209,238209,238211,2,0
238209,238209,238211,2,0
238209,238209,238210,1,0
238209,238209,238210,1,0
238209,238209,238210,1,0
238209,238209,238210,1,0
238209,238209,238211,2,0
238209,238209,238211,2,0
238209,238209,238210,1,0
238209,238209,238210,1,0
238209,238209,238210,1,0
238209,238209,238210,1,0
238209,238209,238211,2,0
238209,238209,238211,2,0
238209,238209,238211,2,0
238209,238209,238211,2,0
238209,238209,238210,1,0
238209,238209,238210,1,0
238209,238209,238211,2,0
238209,238209,238211,2,0
238008,238008,238212,204,0
238199,238211,238212,1,12
238199,238211,238212,1,12
238199,238211,238212,1,12
238199,238211,238212,1,12
238199,238211,238212,1,12
238209,238209,238212,3,0
238199,238211,238212,1,12
238199,238211,238213,2,12
238212,238213,238214,1,1
238212,238213,238214,1,1
238212,238213,238214,1,1
238212,238213,238214,1,1
238212,238213,238214,1,1
238212,238213,238214,1,1
238212,238213,238214,1,1
238212,238213,238214,1,1
238212,238213,238215,2,1
238212,238213,238214,1,1
238212,238213,238214,1,1
238212,238213,238214,1,1
238212,238213,238214,1,1
238212,238213,238215,2,1
238212,238213,238215,2,1
238212,238213,238214,1,1
238212,238213,238214,1,1
238212,238213,238214,1,1
238212,238213,238214,1,1
238212,238213,238215,2,1
238212,238213,238214,1,1
238212,238213,238214,1,1
238212,238213,238214,1,1
238212,238213,238214,1,1
238212,238213,238214,1,1
238212,238213,238214,1,1
238212,238213,238214,1,1
238212,238213,238214,1,1
238212,238213,238215,2,1
238212,238213,238214,1,1
238212,238213,238214,1,1
238212,238213,238214,1,1
238212,238213,238214,1,1
238212,238213,238214,1,1
238212,238213,238215,2,1
238212,238213,238215,2,1
238212,238213,238215,2,1
238212,238213,238215,2,1
238212,238213,238215,2,1
238212,238213,238215,2,1
238212,238213,238215,2,1
238212,238213,238215,2,1
238212,238213,238215,2,1
238048,238048,238231,183,0
238212,238213,238215,2,1
238209,238233,238234,1,24
238209,238233,238234,1,24
238212,238233,238234,1,21
238234,238234,238236,2,0
238234,238234,238235,1,0
238234,238234,238236,2,0
238234,238234,238235,1,0
238234,238234,238235,1,0
238234,238234,238235,1,0
238234,238234,238236,2,0
238234,238234,238235,1,0
238234,238234,238235,1,0
238234,238234,238236,2,0
238234,238234,238235,1,0
238234,238234,238235,1,0
238234,238234,238236,2,0
238234,238234,238236,2,0
238234,238234,238235,1,0
238234,238234,238235,1,0
238234,238234,238235,1,0
238234,238234,238236,2,0
238234,238234,238236,2,0
238234,238234,238236,2,0
238234,238234,238236,2,0
238234,238234,238235,1,0
238234,238234,238236,2,0
238234,238234,238235,1,0
238234,238234,238235,1,0
238234,238234,238236,2,0
238234,238234,238236,2,0
238234,238234,238236,2,0
238234,238234,238236,2,0
238234,238234,238236,2,0
238234,238234,238235,1,0
238234,238234,238235,1,0
238234,238234,238235,1,0
238234,238234,238235,1,0
238234,238234,238236,2,0
238234,238234,238237,3,0
238234,238234,238237,3,0
238234,238234,238236,2,0
238234,238234,238237,3,0
238234,238234,238236,2,0
238234,238234,238236,2,0
238234,238234,238237,3,0
238234,238234,238236,2,0
238234,238234,238236,2,0
238234,238234,238236,2,0
238036,238036,238257,221,0
238078,238079,238259,180,1
238259,238259,238261,2,0
238259,238259,238261,2,0
238259,238259,238261,2,0
238259,238259,238261,2,0
238259,238259,238261,2,0
238259,238259,238261,2,0
238259,238259,238261,2,0
238259,238259,238261,2,0
238259,238259,238261,2,0
238259,238259,238261,2,0
238259,238259,238261,2,0
238259,238259,238261,2,0
238259,238259,238261,2,0
238259,238259,238260,1,0
238259,238259,238260,1,0
238259,238259,238261,2,0
238259,238259,238261,2,0
238075,238075,238261,186,0
238259,238259,238261,2,0
238259,238259,238261,2,0
238259,238259,238261,2,0
238259,238259,238261,2,0
238259,238259,238261,2,0
238259,238259,238261,2,0
238259,238259,238261,2,0
238259,238259,238261,2,0
238259,238259,238260,1,0
238259,238259,238261,2,0
238259,238259,238261,2,0
238259,238259,238262,3,0
238259,238259,238261,2,0
238259,238259,238261,2,0
238259,238259,238262,3,0
238259,238259,238262,3,0
238259,238259,238261,2,0
238261,238261,238262,1,0
238259,238259,238262,3,0
238259,238259,238262,3,0
238259,238259,238262,3,0
238259,238259,238262,3,0
238259,238259,238261,2,0
238259,238259,238261,2,0
238259,238259,238261,2,0
238259,238259,238262,3,0
238261,238261,238263,2,0
238261,238261,238263,2,0
238261,238261,238263,2,0
238261,238261,238263,2,0
238261,238261,238263,2,0
238261,238261,238263,2,0
238261,238261,238262,1,0
238261,238261,238262,1,0
238261,238261,238263,2,0
238261,238261,238262,1,0
238261,238261,238262,1,0
238261,238261,238263,2,0
238261,238261,238262,1,0
238261,238261,238263,2,0
238261,238261,238263,2,0
238261,238261,238263,2,0
238261,238261,238263,2,0
238261,238261,238263,2,0
238261,238261,238263,2,0
238261,238261,238263,2,0
238261,238261,238263,2,0
238261,238261,238263,2,0
238261,238261,238263,2,0
238259,238261,238263,2,2
238259,238261,238263,2,2
238261,238261,238263,2,0
238261,238261,238263,2,0
238261,238261,238263,2,0
238261,238261,238263,2,0
238261,238261,238263,2,0
238261,238261,238264,3,0
238261,238261,238263,2,0
238261,238261,238264,3,0
238261,238261,238264,3,0
238263,238263,238265,2,0
238261,238261,238263,2,0
238261,238261,238264,3,0
238261,238261,238264,3,0
238261,238261,238264,3,0
238261,238261,238264,3,0
238263,238263,238264,1,0
238261,238261,238264,3,0
238261,238261,238264,3,0
238261,238261,238264,3,0
238261,238261,238264,3,0
238259,238261,238264,3,2
238263,238263,238265,2,0
238263,238263,238265,2,0
238263,238263,238265,2,0
238263,238263,238265,2,0
238263,238263,238265,2,0
238263,238263,238265,2,0
238263,238263,238265,2,0
238263,238263,238265,2,0
238263,238264,238265,1,1
238261,238261,238265,4,0
238263,238263,238265,2,0
238263,238264,238266,2,1
238263,238264,238265,1,1
238263,238263,238265,2,0
238263,238263,238265,2,0
238263,238263,238265,2,0
238263,238264,238265,1,1
238263,238264,238265,1,1
238263,238263,238265,2,0
238263,238263,238265,2,0
238263,238264,238265,1,1
238263,238264,238265,1,1
238263,238263,238265,2,0
238263,238263,238265,2,0
238263,238264,238265,1,1
238263,238264,238265,1,1
238263,238264,238265,1,1
238263,238264,238265,1,1
238261,238261,238265,4,0
238261,238261,238265,4,0
238263,238264,238265,1,1
238263,238264,238265,1,1
238263,238263,238265,2,0
238263,238263,238265,2,0
238263,238264,238265,1,1
238263,238264,238266,2,1
238263,238264,238265,1,1
238263,238264,238265,1,1
238263,238264,238266,2,1
238263,238264,238265,1,1
238263,238264,238266,2,1
238263,238264,238266,2,1
238263,238264,238266,2,1
238263,238264,238266,2,1
238263,238264,238267,3,1
238263,238264,238267,3,1
238117,238135,238309,174,18
238311,238311,238313,2,0
238311,238311,238313,2,0
238311,238311,238313,2,0
238311,238311,238313,2,0
238311,238311,238313,2,0
238311,238311,238313,2,0
238311,238311,238313,2,0
238311,238311,238313,2,0
238311,238311,238313,2,0
238311,238311,238313,2,0
238311,238311,238313,2,0
238311,238311,238313,2,0
238311,238311,238313,2,0
238311,238311,238313,2,0
238311,238311,238313,2,0
238311,238312,238313,1,1
238128,238128,238313,185,0
238311,238311,238313,2,0
238311,238311,238313,2,0
238311,238311,238313,2,0
238311,238311,238313,2,0
238311,238311,238313,2,0
238311,238311,238313,2,0
238311,238311,238313,2,0
238311,238312,238313,1,1
238311,238311,238313,2,0
238311,238311,238313,2,0
238311,238311,238313,2,0
238311,238311,238313,2,0
238311,238311,238313,2,0
238311,238312,238313,1,1
238311,238312,238314,2,1
238311,238311,238314,3,0
238311,238311,238314,3,0
238311,238311,238314,3,0
238311,238312,238314,2,1
238311,238312,238315,3,1
238315,238315,238316,1,0
238311,238312,238315,3,1
238315,238316,238317,1,1
238315,238315,238317,2,0
238315,238315,238317,2,0
238315,238315,238317,2,0
238315,238315,238317,2,0
238315,238315,238317,2,0
238315,238315,238317,2,0
238315,238315,238317,2,0
238315,238315,238317,2,0
238315,238315,238317,2,0
238315,238315,238317,2,0
238315,238315,238317,2,0
238315,238315,238317,2,0
238315,238315,238317,2,0
238315,238315,238317,2,0
238315,238315,238317,2,0
238315,238315,238317,2,0
238315,238315,238317,2,0
238315,238315,238317,2,0
238315,238315,238317,2,0
238315,238315,238317,2,0
238315,238315,238317,2,0
238315,238315,238317,2,0
238315,238315,238317,2,0
238315,238315,238317,2,0
238315,238315,238317,2,0
238315,238315,238317,2,0
238315,238315,238317,2,0
238315,238315,238317,2,0
238315,238315,238318,3,0
238315,238315,238317,2,0
238315,238315,238317,2,0
238315,238315,238317,2,0
238315,238315,238317,2,0
238315,238315,238318,3,0
238315,238315,238317,2,0
238315,238315,238318,3,0
238144,238146,238318,172,2
238315,238315,238318,3,0
238315,238315,238318,3,0
238315,238315,238318,3,0
238315,238315,238318,3,0
238311,238319,238320,1,8
238311,238319,238320,1,8
238315,238319,238320,1,4
238311,238319,238320,1,8
238311,238319,238320,1,8
238319,238320,238321,1,1
238311,238319,238321,2,8
238311,238319,238321,2,8
238319,238320,238321,1,1
238319,238320,238321,1,1
238319,238320,238321,1,1
238319,238320,238321,1,1
238319,238320,238321,1,1
238319,238320,238321,1,1
238319,238320,238321,1,1
238319,238320,238321,1,1
238319,238320,238321,1,1
238319,238320,238321,1,1
238319,238320,238321,1,1
238319,238320,238321,1,1
238319,238320,238321,1,1
238319,238320,238321,1,1
238319,238320,238321,1,1
238319,238320,238321,1,1
238319,238320,238321,1,1
238319,238320,238321,1,1
238319,238320,238321,1,1
238319,238320,238321,1,1
238319,238320,238321,1,1
238319,238320,238321,1,1
238319,238320,238321,1,1
238319,238320,238321,1,1
238319,238320,238321,1,1
238319,238320,238321,1,1
238319,238320,238321,1,1
238311,238312,238322,10,1
238311,238312,238322,10,1
238319,238320,238322,2,1
238319,238320,238322,2,1
238319,238320,238322,2,1
238319,238320,238322,2,1
238319,238320,238322,2,1
238319,238320,238322,2,1
238319,238320,238322,2,1
238319,238320,238322,2,1
238319,238320,238322,2,1
238319,238320,238323,3,1
238319,238320,238322,2,1
238319,238320,238322,2,1
238319,238320,238322,2,1
238319,238320,238322,2,1
238319,238320,238322,2,1
238132,238132,238323,191,0
238319,238320,238324,4,1
238315,238316,238323,7,1
238315,238316,238325,9,1
238319,238321,238328,7,2
238338,238338,238340,2,0
238338,238338,238340,2,0
238338,238338,238340,2,0
238338,238338,238339,1,0
238338,238338,238339,1,0
238338,238338,238340,2,0
238338,238338,238339,1,0
238338,238338,238340,2,0
238338,238338,238340,2,0
238338,238338,238339,1,0
238338,238338,238339,1,0
238338,238338,238340,2,0
238338,238338,238339,1,0
238338,238338,238339,1,0
238338,238338,238340,2,0
238338,238338,238340,2,0
238338,238338,238340,2,0
238338,238338,238340,2,0
238338,238338,238340,2,0
238338,238339,238340,1,1
238338,238339,238340,1,1
238338,238338,238339,1,0
238338,238338,238339,1,0
238338,238338,238339,1,0
238338,238338,238340,2,0
238338,238338,238340,2,0
238338,238338,238340,2,0
238338,238338,238339,1,0
238338,238338,238339,1,0
238338,238338,238339,1,0
238338,238338,238340,2,0
238338,238338,238340,2,0
238338,238338,238340,2,0
238338,238338,238339,1,0
238338,238338,238340,2,0
238338,238338,238340,2,0
238338,238338,238340,2,0
238338,238338,238340,2,0
238338,238338,238341,3,0
238338,238338,238340,2,0
238338,238338,238340,2,0
238338,238338,238340,2,0
238338,238338,238340,2,0
238338,238339,238341,2,1
238338,238338,238340,2,0
238175,238178,238350,172,3
238134,238134,238352,218,0
238169,238172,238357,185,3
238173,238176,238358,182,3
238360,238360,238362,2,0
238360,238360,238361,1,0
238360,238360,238362,2,0
238360,238360,238362,2,0
238360,238360,238362,2,0
238360,238360,238362,2,0
238360,238360,238362,2,0
238360,238360,238362,2,0
238360,238360,238361,1,0
238360,238360,238361,1,0
238360,238360,238362,2,0
238360,238360,238361,1,0
238360,238360,238361,1,0
238360,238360,238361,1,0
238360,238360,238361,1,0
238360,238360,238361,1,0
238360,238360,238361,1,0
238360,238360,238362,2,0
238360,238360,238362,2,0
238360,238360,238362,2,0
238360,238360,238361,1,0
238360,238360,238361,1,0
238360,238360,238361,1,0
238360,238360,238361,1,0
238360,238360,238362,2,0
238360,238360,238361,1,0
238360,238360,238361,1,0
238360,238360,238361,1,0
238360,238360,238361,1,0
238360,238360,238362,2,0
238360,238360,238361,1,0
238360,238360,238361,1,0
238360,238360,238362,2,0
238360,238360,238362,2,0
238360,238360,238363,3,0
238360,238362,238363,1,2
238360,238362,238363,1,2
238360,238360,238362,2,0
238360,238360,238363,3,0
238360,238362,238363,1,2
238360,238362,238363,1,2
238360,238360,238362,2,0
238360,238360,238362,2,0
238360,238360,238362,2,0
238360,238360,238362,2,0
238360,238360,238362,2,0
238360,238362,238363,1,2
238362,238363,238364,1,1
238360,238362,238363,1,2
238360,238362,238364,2,2
238362,238363,238364,1,1
238362,238363,238364,1,1
238360,238362,238364,2,2
238360,238362,238364,2,2
238362,238362,238364,2,0
238362,238362,238364,2,0
238362,238363,238364,1,1
238360,238362,238364,2,2
238360,238362,238364,2,2
238360,238362,238364,2,2
238362,238362,238364,2,0
238360,238362,238364,2,2
238360,238362,238364,2,2
238360,238362,238364,2,2
238362,238362,238364,2,0
238362,238362,238364,2,0
238360,238362,238364,2,2
238360,238362,238364,2,2
238362,238362,238363,1,0
238362,238362,238364,2,0
238362,238363,238364,1,1
238360,238362,238364,2,2
238360,238362,238364,2,2
238362,238363,238364,1,1
238362,238363,238365,2,1
238362,238363,238364,1,1
238362,238363,238364,1,1
238362,238364,238365,1,2
238360,238362,238364,2,2
238362,238363,238365,2,1
238362,238363,238364,1,1
238362,238364,238365,1,2
238362,238364,238365,1,2
238360,238362,238365,3,2
238360,238362,238365,3,2
238360,238362,238365,3,2
238364,238365,238366,1,1
238360,238362,238365,3,2
238360,238362,238365,3,2
238360,238362,238365,3,2
238362,238363,238365,2,1
238362,238364,238365,1,2
238364,238365,238366,1,1
238364,238365,238366,1,1
238364,238365,238366,1,1
238362,238364,238367,3,2
238362,238364,238366,2,2
238364,238366,238367,1,2
238364,238366,238367,1,2
238362,238365,238366,1,3
238362,238365,238367,2,3
238362,238365,238367,2,3
238362,238365,238366,1,3
238364,238366,238367,1,2
238362,238365,238367,2,3
238362,238365,238367,2,3
238362,238365,238367,2,3
238362,238365,238366,1,3
238364,238365,238366,1,1
238362,238365,238367,2,3
238362,238365,238367,2,3
238362,238365,238367,2,3
238364,238366,238367,1,2
238362,238365,238367,2,3
238362,238365,238367,2,3
238364,238366,238367,1,2
238364,238366,238367,1,2
238364,238366,238367,1,2
238364,238366,238367,1,2
238364,238367,238368,1,3
238362,238365,238367,2,3
238362,238365,238367,2,3
238362,238365,238367,2,3
238362,238365,238367,2,3
238364,238366,238367,1,2
238362,238365,238367,2,3
238362,238365,238367,2,3
238364,238366,238367,1,2
238364,238366,238367,1,2
238364,238366,238367,1,2
238364,238367,238368,1,3
238364,238367,238368,1,3
238364,238367,238368,1,3
238364,238367,238368,1,3
238364,238367,238368,1,3
238364,238367,238369,2,3
238364,238367,238369,2,3
238364,238367,238369,2,3
238364,238367,238369,2,3
238364,238367,238369,2,3
238364,238367,238369,2,3
238364,238367,238369,2,3
238364,238367,238369,2,3
238364,238367,238369,2,3
238362,238365,238368,3,3
238364,238367,238369,2,3
238364,238367,238369,2,3
238364,238367,238369,2,3
238364,238367,238369,2,3
238364,238367,238369,2,3
238364,238367,238369,2,3
238364,238367,238368,1,3
238364,238367,238368,1,3
238364,238367,238369,2,3
238364,238367,238370,3,3
238360,238362,238370,8,2
238360,238362,238371,9,2
238360,238362,238371,9,2
238360,238372,238373,1,12
238360,238372,238373,1,12
238360,238372,238373,1,12
238360,238372,238373,1,12
238360,238373,238374,1,13
238360,238373,238374,1,13
238360,238373,238374,1,13
238360,238373,238374,1,13
238360,238373,238375,2,13
238360,238373,238375,2,13
238360,238373,238374,1,13
238360,238373,238375,2,13
238360,238374,238375,1,14
238360,238374,238375,1,14
238200,238202,238385,183,2
238213,238213,238395,182,0
238395,238395,238396,1,0
238395,238395,238397,2,0
238395,238395,238397,2,0
238395,238395,238397,2,0
238395,238395,238397,2,0
238395,238395,238396,1,0
238395,238395,238397,2,0
238395,238395,238396,1,0
238395,238395,238397,2,0
238395,238395,238397,2,0
238395,238395,238397,2,0
238395,238395,238396,1,0
238395,238395,238396,1,0
238395,238395,238396,1,0
238395,238395,238397,2,0
238395,238395,238397,2,0
238395,238395,238397,2,0
238395,238395,238396,1,0
238395,238395,238397,2,0
238395,238395,238396,1,0
238395,238395,238396,1,0
238395,238395,238396,1,0
238395,238395,238396,1,0
238395,238395,238396,1,0
238395,238395,238397,2,0
238395,238395,238397,2,0
238395,238395,238397,2,0
238395,238395,238397,2,0
238395,238395,238397,2,0
238395,238396,238397,1,1
238395,238395,238397,2,0
238395,238395,238397,2,0
238395,238395,238397,2,0
238395,238395,238397,2,0
238395,238395,238397,2,0
238395,238395,238397,2,0
238395,238395,238398,3,0
238395,238395,238397,2,0
238395,238396,238397,1,1
238395,238396,238398,2,1
238395,238396,238398,2,1
238395,238395,238397,2,0
238395,238396,238399,3,1
238401,238401,238403,2,0
238401,238401,238403,2,0
238401,238401,238402,1,0
238401,238401,238402,1,0
238401,238401,238403,2,0
238401,238401,238403,2,0
238401,238402,238403,1,1
238401,238401,238403,2,0
238401,238401,238403,2,0
238401,238401,238403,2,0
238401,238401,238403,2,0
238401,238401,238402,1,0
238401,238401,238403,2,0
238401,238401,238403,2,0
238401,238401,238402,1,0
238401,238401,238402,1,0
238401,238401,238403,2,0
238401,238401,238403,2,0
238401,238401,238403,2,0
238401,238401,238403,2,0
238401,238401,238403,2,0
238401,238401,238402,1,0
238401,238401,238402,1,0
238401,238401,238403,2,0
238401,238401,238403,2,0
238401,238401,238403,2,0
238401,238401,238403,2,0
238401,238401,238403,2,0
238401,238401,238403,2,0
238401,238401,238403,2,0
238401,238401,238402,1,0
238401,238401,238403,2,0
238401,238401,238403,2,0
238401,238401,238403,2,0
238401,238401,238403,2,0
238210,238210,238403,193,0
238401,238401,238403,2,0
238401,238402,238404,2,1
238401,238402,238404,2,1
238401,238402,238404,2,1
238401,238402,238403,1,1
238401,238401,238404,3,0
238401,238401,238403,2,0
238401,238401,238404,3,0
238401,238401,238404,3,0
238401,238401,238404,3,0
238395,238395,238409,14,0
238412,238412,238413,1,0
238412,238412,238413,1,0
238412,238412,238414,2,0
238412,238412,238414,2,0
238412,238412,238414,2,0
238412,238412,238413,1,0
238412,238412,238414,2,0
238412,238412,238414,2,0
238412,238412,238414,2,0
238412,238412,238414,2,0
238412,238412,238413,1,0
238412,238412,238413,1,0
238412,238412,238413,1,0
238412,238412,238413,1,0
238412,238412,238413,1,0
238412,238412,238413,1,0
238412,238412,238414,2,0
238412,238412,238413,1,0
238412,238412,238413,1,0
238412,238412,238414,2,0
238412,238412,238413,1,0
238412,238412,238413,1,0
238412,238412,238413,1,0
238412,238412,238413,1,0
238412,238412,238414,2,0
238412,238412,238413,1,0
238412,238412,238413,1,0
238412,238412,238414,2,0
238412,238412,238413,1,0
238412,238412,238414,2,0
238412,238413,238414,1,1
238412,238413,238414,1,1
238412,238413,238414,1,1
238412,238412,238414,2,0
238412,238412,238414,2,0
238412,238412,238414,2,0
238412,238412,238414,2,0
238412,238412,238414,2,0
238412,238412,238414,2,0
238412,238412,238414,2,0
238412,238412,238414,2,0
238412,238412,238414,2,0
238412,238413,238414,1,1
238225,238225,238419,194,0
238419,238420,238421,1,1
238419,238420,238421,1,1
238419,238420,238421,1,1
238419,238420,238421,1,1
238419,238420,238421,1,1
238419,238420,238421,1,1
238419,238420,238421,1,1
238419,238420,238421,1,1
238419,238420,238421,1,1
238419,238420,238421,1,1
238419,238420,238422,2,1
238419,238420,238421,1,1
238419,238420,238421,1,1
238419,238420,238421,1,1
238419,238420,238422,2,1
238419,238420,238421,1,1
238419,238420,238421,1,1
238419,238420,238421,1,1
238419,238420,238421,1,1
238419,238420,238421,1,1
238419,238420,238422,2,1
238419,238420,238421,1,1
238419,238420,238422,2,1
238419,238420,238422,2,1
238419,238420,238422,2,1
238419,238420,238421,1,1
238419,238420,238421,1,1
238419,238420,238421,1,1
238419,238420,238421,1,1
238419,238420,238421,1,1
238419,238420,238421,1,1
238419,238420,238421,1,1
238419,238420,238421,1,1
238419,238420,238421,1,1
238419,238420,238421,1,1
238419,238420,238422,2,1
238419,238420,238422,2,1
238419,238420,238422,2,1
238395,238395,238411,16,0
238419,238420,238422,2,1
238419,238420,238422,2,1
238419,238420,238422,2,1
238419,238421,238422,1,2
238419,238421,238422,1,2
238419,238421,238422,1,2
238419,238421,238422,1,2
238412,238423,238424,1,11
238412,238423,238424,1,11
238235,238235,238430,195,0
238438,238438,238439,1,0
238262,238262,238439,177,0
238438,238438,238440,2,0
238438,238438,238441,3,0
238438,238438,238440,2,0
238438,238438,238440,2,0
238438,238438,238440,2,0
238438,238439,238440,1,1
238438,238438,238440,2,0
238438,238438,238440,2,0
238438,238438,238440,2,0
238438,238438,238440,2,0
238438,238439,238440,1,1
238438,238438,238440,2,0
238438,238438,238440,2,0
238438,238439,238440,1,1
238438,238439,238440,1,1
238438,238439,238441,2,1
238438,238439,238441,2,1
238438,238438,238440,2,0
238438,238438,238440,2,0
238438,238438,238440,2,0
238438,238438,238440,2,0
238438,238439,238441,2,1
238438,238438,238440,2,0
238438,238438,238440,2,0
238438,238438,238440,2,0
238438,238439,238440,1,1
238438,238439,238440,1,1
238438,238438,238440,2,0
238438,238438,238440,2,0
238438,238438,238440,2,0
238438,238439,238441,2,1
238438,238439,238440,1,1
238438,238438,238440,2,0
238438,238438,238440,2,0
238438,238438,238440,2,0
238438,238439,238441,2,1
238438,238439,238441,2,1
238438,238438,238442,4,0
238446,238447,238448,1,1
238446,238447,238448,1,1
238446,238447,238448,1,1
238446,238447,238448,1,1
238446,238447,238448,1,1
238446,238447,238449,2,1
238446,238447,238448,1,1
238446,238447,238448,1,1
238446,238447,238448,1,1
238446,238447,238448,1,1
238446,238447,238448,1,1
238446,238447,238448,1,1
238446,238447,238448,1,1
238446,238447,238448,1,1
238446,238447,238448,1,1
238446,238447,238448,1,1
238446,238447,238448,1,1
238446,238447,238448,1,1
238446,238447,238449,2,1
238446,238447,238448,1,1
238446,238447,238448,1,1
238446,238447,238448,1,1
238446,238447,238448,1,1
238446,238447,238448,1,1
238446,238447,238448,1,1
238446,238447,238448,1,1
238446,238447,238448,1,1
238446,238447,238448,1,1
238446,238447,238448,1,1
238446,238447,238448,1,1
238446,238447,238448,1,1
238446,238447,238448,1,1
238446,238447,238448,1,1
238446,238447,238448,1,1
238446,238447,238448,1,1
238446,238447,238449,2,1
238446,238447,238448,1,1
238446,238447,238449,2,1
238446,238447,238450,3,1
238446,238447,238449,2,1
238446,238448,238449,1,2
238446,238448,238449,1,2
238446,238448,238450,2,2
238446,238448,238450,2,2
238446,238448,238450,2,2
238438,238452,238453,1,14
238438,238452,238453,1,14
238438,238452,238453,1,14
238438,238452,238453,1,14
238438,238452,238453,1,14
238438,238452,238453,1,14
238256,238256,238454,198,0
238459,238460,238462,2,1
238459,238460,238461,1,1
238459,238460,238461,1,1
238459,238460,238461,1,1
238459,238460,238461,1,1
238459,238460,238461,1,1
238459,238460,238461,1,1
238459,238460,238461,1,1
238459,238460,238461,1,1
238459,238460,238461,1,1
238459,238460,238461,1,1
238459,238460,238461,1,1
238459,238460,238461,1,1
238459,238460,238461,1,1
238459,238460,238461,1,1
238459,238460,238461,1,1
238459,238460,238461,1,1
238459,238460,238461,1,1
238459,238460,238461,1,1
238459,238460,238461,1,1
238459,238460,238461,1,1
238459,238460,238461,1,1
238459,238460,238462,2,1
238459,238460,238461,1,1
238459,238460,238461,1,1
238459,238460,238461,1,1
238459,238460,238461,1,1
238459,238460,238461,1,1
238459,238460,238461,1,1
238459,238460,238461,1,1
238459,238460,238461,1,1
238459,238460,238461,1,1
238459,238460,238461,1,1
238459,238460,238461,1,1
238459,238460,238461,1,1
238459,238460,238462,2,1
238459,238460,238462,2,1
238459,238460,238462,2,1
238459,238460,238462,2,1
238260,238260,238471,211,0
238474,238474,238475,1,0
238474,238474,238475,1,0
238474,238474,238475,1,0
238474,238474,238475,1,0
238474,238474,238476,2,0
238474,238474,238475,1,0
238474,238474,238475,1,0
238474,238474,238475,1,0
238474,238474,238476,2,0
238474,238474,238476,2,0
238474,238474,238475,1,0
238474,238474,238475,1,0
238474,238474,238476,2,0
238474,238474,238475,1,0
238474,238474,238475,1,0
238474,238474,238476,2,0
238474,238474,238476,2,0
238474,238474,238476,2,0
238474,238474,238476,2,0
238474,238474,238475,1,0
238474,238474,238476,2,0
238474,238474,238475,1,0
238474,238474,238475,1,0
238474,238474,238475,1,0
238474,238474,238475,1,0
238474,238474,238476,2,0
238474,238474,238476,2,0
238474,238474,238475,1,0
238474,238474,238476,2,0
238474,238474,238476,2,0
238474,238474,238476,2,0
238474,238474,238475,1,0
238474,238474,238475,1,0
238474,238474,238475,1,0
238474,238474,238475,1,0
238474,238474,238476,2,0
238474,238474,238476,2,0
238474,238474,238476,2,0
238474,238474,238476,2,0
238474,238474,238476,2,0
238474,238474,238476,2,0
238474,238474,238476,2,0
238474,238474,238476,2,0
238474,238474,238476,2,0
238474,238474,238476,2,0
238254,238254,238479,225,0
238312,238313,238480,167,1
238459,238481,238482,1,22
238459,238481,238482,1,22
238459,238481,238482,1,22
238459,238481,238482,1,22
238459,238481,238483,2,22
238459,238481,238483,2,22
238485,238486,238487,1,1
238485,238486,238487,1,1
238485,238486,238487,1,1
238485,238486,238487,1,1
238485,238486,238487,1,1
238485,238486,238487,1,1
238485,238486,238487,1,1
238485,238486,238488,2,1
238485,238486,238487,1,1
238485,238486,238487,1,1
238485,238486,238487,1,1
238485,238486,238487,1,1
238485,238486,238488,2,1
238485,238486,238488,2,1
238485,238486,238488,2,1
238486,238486,238487,1,0
238485,238486,238487,1,1
238485,238486,238487,1,1
238485,238486,238487,1,1
238486,238486,238488,2,0
238486,238486,238488,2,0
238485,238486,238487,1,1
238485,238486,238487,1,1
238485,238486,238488,2,1
238486,238486,238487,1,0
238486,238486,238487,1,0
238485,238486,238487,1,1
238485,238486,238487,1,1
238485,238486,238487,1,1
238486,238486,238487,1,0
238486,238486,238487,1,0
238485,238486,238487,1,1
238485,238486,238487,1,1
238485,238486,238487,1,1
238485,238486,238487,1,1
238485,238486,238488,2,1
238486,238486,238487,1,0
238486,238486,238487,1,0
238485,238486,238488,2,1
238486,238486,238487,1,0
238486,238486,238487,1,0
238486,238486,238487,1,0
238486,238486,238487,1,0
238485,238486,238488,2,1
238485,238486,238487,1,1
238486,238486,238487,1,0
238486,238486,238487,1,0
238486,238486,238487,1,0
238486,238486,238487,1,0
238485,238486,238488,2,1
238485,238486,238489,3,1
238485,238486,238488,2,1
238485,238486,238488,2,1
238485,238486,238488,2,1
238486,238488,238489,1,2
238485,238486,238488,2,1
238485,238486,238488,2,1
238485,238486,238488,2,1
238485,238486,238489,3,1
238485,238486,238488,2,1
238485,238486,238488,2,1
238485,238486,238488,2,1
238485,238486,238488,2,1
238486,238488,238490,2,2
238486,238488,238490,2,2
238486,238488,238490,2,2
238486,238488,238490,2,2
238486,238488,238490,2,2
238486,238488,238489,1,2
238486,238488,238489,1,2
238486,238488,238490,2,2
238486,238488,238489,1,2
238486,238488,238490,2,2
238486,238488,238490,2,2
238486,238488,238489,1,2
238486,238488,238489,1,2
238486,238488,238490,2,2
238486,238488,238490,2,2
238486,238488,238490,2,2
238486,238488,238489,1,2
238486,238488,238490,2,2
238486,238488,238490,2,2
238486,238488,238490,2,2
238486,238488,238490,2,2
238486,238488,238489,1,2
238486,238488,238489,1,2
238486,238488,238490,2,2
238486,238488,238489,1,2
238486,238488,238490,2,2
238486,238488,238490,2,2
238316,238317,238493,176,1
238251,238252,238502,250,1
238501,238501,238502,1,0
238501,238501,238503,2,0
238501,238501,238503,2,0
238501,238501,238503,2,0
238501,238501,238503,2,0
238501,238501,238502,1,0
238501,238501,238502,1,0
238501,238501,238503,2,0
238501,238501,238503,2,0
238501,238501,238503,2,0
238501,238501,238503,2,0
238501,238501,238503,2,0
238501,238501,238503,2,0
238501,238501,238503,2,0
238501,238501,238503,2,0
238501,238501,238503,2,0
238501,238501,238503,2,0
238501,238501,238503,2,0
238501,238501,238503,2,0
238501,238501,238503,2,0
238501,238501,238502,1,0
238501,238501,238503,2,0
238501,238502,238503,1,1
238501,238502,238503,1,1
238501,238502,238503,1,1
238501,238502,238503,1,1
238501,238501,238503,2,0
238501,238501,238504,3,0
238501,238501,238503,2,0
238501,238501,238503,2,0
238501,238501,238504,3,0
238501,238501,238504,3,0
238501,238501,238504,3,0
238501,238501,238503,2,0
238501,238502,238503,1,1
238501,238501,238504,3,0
238501,238501,238505,4,0
238501,238501,238505,4,0
238501,238501,238505,4,0
238501,238501,238505,4,0
238320,238321,238505,184,1
238265,238265,238507,242,0
238339,238339,238511,172,0
238512,238513,238515,2,1
238512,238513,238515,2,1
238512,238513,238514,1,1
238512,238513,238514,1,1
238512,238513,238514,1,1
238512,238513,238514,1,1
238512,238513,238515,2,1
238512,238513,238515,2,1
238512,238513,238514,1,1
238512,238513,238514,1,1
238512,238513,238514,1,1
238512,238513,238514,1,1
238512,238513,238514,1,1
238512,238513,238514,1,1
238513,238513,238515,2,0
238512,238513,238514,1,1
238512,238513,238514,1,1
238512,238513,238514,1,1
238512,238513,238514,1,1
238513,238513,238515,2,0
238513,238513,238514,1,0
238512,238513,238514,1,1
238512,238513,238514,1,1
238513,238513,238514,1,0
238513,238513,238514,1,0
238513,238513,238514,1,0
238512,238513,238514,1,1
238512,238513,238514,1,1
238512,238513,238515,2,1
238512,238513,238515,2,1
238512,238513,238515,2,1
238513,238513,238514,1,0
238513,238513,238514,1,0
238513,238513,238515,2,0
238512,238513,238514,1,1
238512,238513,238515,2,1
238513,238513,238514,1,0
238513,238513,238514,1,0
238513,238513,238515,2,0
238513,238513,238515,2,0
238512,238513,238514,1,1
238512,238513,238514,1,1
238512,238513,238515,2,1
238512,238513,238515,2,1
238512,238513,238515,2,1
238513,238513,238515,2,0
238512,238513,238515,2,1
238512,238513,238515,2,1
238513,238513,238515,2,0
238512,238513,238515,2,1
238512,238513,238515,2,1
238512,238513,238515,2,1
238512,238513,238515,2,1
238513,238515,238516,1,2
238512,238513,238515,2,1
238512,238513,238515,2,1
238512,238513,238515,2,1
238512,238513,238515,2,1
238512,238513,238515,2,1
238512,238513,238515,2,1
238513,238515,238516,1,2
238501,238516,238517,1,15
238512,238516,238517,1,4
238513,238515,238517,2,2
238513,238515,238516,1,2
238513,238515,238517,2,2
238513,238515,238517,2,2
238513,238516,238517,1,3
238513,238516,238517,1,3
238513,238515,238516,1,2
238513,238515,238516,1,2
238513,238515,238517,2,2
238513,238516,238517,1,3
238513,238515,238516,1,2
238513,238515,238516,1,2
238513,238515,238516,1,2
238513,238516,238517,1,3
238513,238516,238517,1,3
238513,238515,238517,2,2
238513,238515,238516,1,2
238513,238515,238517,2,2
238513,238515,238517,2,2
238513,238515,238517,2,2
238513,238515,238516,1,2
238513,238515,238516,1,2
238513,238515,238516,1,2
238513,238515,238517,2,2
238513,238515,238516,1,2
238513,238515,238517,2,2
238513,238515,238517,2,2
238513,238515,238517,2,2
238513,238515,238516,1,2
238513,238515,238516,1,2
238513,238515,238516,1,2
238513,238516,238517,1,3
238513,238515,238517,2,2
238513,238515,238517,2,2
238513,238515,238516,1,2
238513,238515,238516,1,2
238513,238515,238516,1,2
238513,238515,238516,1,2
238513,238515,238516,1,2
238513,238515,238517,2,2
238513,238515,238517,2,2
238513,238515,238517,2,2
238513,238515,238516,1,2
238513,238515,238516,1,2
238513,238515,238516,1,2
238513,238515,238516,1,2
238513,238515,238516,1,2
238513,238515,238516,1,2
238513,238516,238517,1,3
238501,238516,238517,1,15
238501,238516,238517,1,15
238501,238516,238517,1,15
238501,238516,238518,2,15
238513,238516,238517,1,3
238513,238516,238517,1,3
238513,238516,238517,1,3
238513,238515,238517,2,2
238513,238515,238517,2,2
238513,238516,238518,2,3
238513,238516,238518,2,3
238513,238516,238517,1,3
238513,238516,238517,1,3
238513,238516,238518,2,3
238513,238517,238518,1,4
238513,238517,238519,2,4
238513,238517,238519,2,4
238513,238517,238519,2,4
238513,238517,238519,2,4
238513,238517,238519,2,4
238513,238517,238519,2,4
238515,238517,238519,2,2
238513,238517,238519,2,4
238513,238517,238519,2,4
238513,238517,238519,2,4
238513,238517,238519,2,4
238513,238517,238519,2,4
238513,238517,238519,2,4
238515,238517,238519,2,2
238515,238517,238519,2,2
238515,238517,238519,2,2
238515,238517,238519,2,2
238515,238517,238520,3,2
238515,238517,238519,2,2
238515,238517,238519,2,2
238515,238517,238519,2,2
238515,238517,238519,2,2
238515,238517,238519,2,2
238515,238518,238519,1,3
238515,238518,238519,1,3
238515,238517,238519,2,2
238515,238517,238519,2,2
238515,238517,238519,2,2
238515,238517,238519,2,2
238515,238517,238519,2,2
238515,238518,238519,1,3
238515,238518,238519,1,3
238515,238518,238519,1,3
238515,238517,238519,2,2
238515,238517,238519,2,2
238515,238517,238519,2,2
238515,238517,238519,2,2
238515,238517,238519,2,2
238515,238517,238519,2,2
238515,238517,238519,2,2
238515,238518,238519,1,3
238515,238518,238519,1,3
238515,238518,238519,1,3
238515,238518,238519,1,3
238515,238518,238520,2,3
238515,238518,238519,1,3
238515,238518,238520,2,3
238515,238518,238520,2,3
238515,238518,238520,2,3
238515,238518,238520,2,3
238515,238518,238520,2,3
238515,238518,238520,2,3
238513,238517,238520,3,4
238515,238519,238520,1,4
238515,238519,238520,1,4
238515,238518,238520,2,3
238515,238519,238520,1,4
238515,238519,238520,1,4
238258,238258,238542,284,0
238363,238365,238551,186,2
238550,238550,238552,2,0
238550,238550,238552,2,0
238550,238550,238552,2,0
238550,238550,238552,2,0
238550,238550,238552,2,0
238550,238550,238552,2,0
238550,238550,238552,2,0
238550,238550,238552,2,0
238550,238550,238552,2,0
238550,238550,238552,2,0
238550,238550,238552,2,0
238550,238551,238552,1,1
238550,238551,238552,1,1
238550,238551,238552,1,1
238550,238551,238552,1,1
238550,238550,238552,2,0
238550,238550,238552,2,0
238550,238550,238552,2,0
238550,238550,238552,2,0
238550,238550,238552,2,0
238550,238550,238552,2,0
238550,238550,238552,2,0
238550,238550,238552,2,0
238550,238550,238552,2,0
238550,238551,238552,1,1
238550,238550,238552,2,0
238550,238550,238552,2,0
238550,238550,238552,2,0
238550,238550,238552,2,0
238550,238550,238552,2,0
238550,238551,238552,1,1
238550,238551,238552,1,1
238550,238551,238552,1,1
238550,238551,238552,1,1
238550,238550,238552,2,0
238550,238550,238552,2,0
238550,238550,238552,2,0
238550,238550,238552,2,0
238550,238550,238553,3,0
238550,238550,238553,3,0
238550,238551,238553,2,1
238550,238553,238554,1,3
238550,238553,238554,1,3
238550,238553,238554,1,3
238550,238553,238554,1,3
238554,238555,238556,1,1
238554,238555,238556,1,1
238554,238555,238556,1,1
238554,238555,238557,2,1
238554,238555,238556,1,1
238554,238555,238556,1,1
238554,238555,238556,1,1
238554,238555,238556,1,1
238554,238555,238556,1,1
238554,238555,238556,1,1
238554,238555,238556,1,1
238554,238555,238556,1,1
238554,238555,238556,1,1
238554,238555,238556,1,1
238554,238555,238556,1,1
238554,238555,238556,1,1
238554,238555,238556,1,1
238554,238555,238556,1,1
238554,238555,238556,1,1
238554,238555,238556,1,1
238554,238555,238556,1,1
238554,238555,238556,1,1
238554,238555,238557,2,1
238554,238555,238556,1,1
238554,238555,238556,1,1
238554,238555,238556,1,1
238554,238555,238556,1,1
238554,238555,238557,2,1
238554,238555,238556,1,1
238554,238555,238556,1,1
238554,238555,238556,1,1
238554,238555,238557,2,1
238554,238555,238556,1,1
238554,238555,238557,2,1
238554,238555,238557,2,1
238554,238555,238557,2,1
238554,238555,238557,2,1
238554,238555,238557,2,1
238554,238556,238557,1,2
238554,238556,238557,1,2
238554,238556,238557,1,2
238554,238555,238557,2,1
238554,238555,238557,2,1
238554,238556,238558,2,2
238554,238556,238558,2,2
238396,238396,238564,168,0
238566,238566,238567,1,0
238566,238566,238567,1,0
238566,238566,238568,2,0
238566,238566,238567,1,0
238566,238566,238567,1,0
238566,238566,238567,1,0
238566,238566,238567,1,0
238566,238566,238568,2,0
238566,238566,238567,1,0
238566,238566,238567,1,0
238566,238566,238567,1,0
238566,238566,238568,2,0
238566,238566,238567,1,0
238566,238566,238567,1,0
238566,238566,238567,1,0
238566,238566,238567,1,0
238566,238566,238567,1,0
238566,238566,238567,1,0
238566,238566,238568,2,0
238566,238566,238567,1,0
238566,238566,238567,1,0
238566,238566,238567,1,0
238566,238566,238567,1,0
238566,238566,238567,1,0
238566,238566,238567,1,0
238566,238566,238567,1,0
238566,238566,238567,1,0
238566,238566,238567,1,0
238566,238566,238568,2,0
238566,238566,238568,2,0
238566,238567,238568,1,1
238566,238567,238568,1,1
238566,238567,238569,2,1
238566,238566,238568,2,0
238566,238566,238568,2,0
238566,238566,238568,2,0
238566,238566,238569,3,0
238566,238566,238568,2,0
238566,238566,238568,2,0
238566,238566,238568,2,0
238566,238566,238568,2,0
238566,238567,238569,2,1
238566,238566,238570,4,0
238566,238566,238570,4,0
238566,238566,238569,3,0
238402,238402,238579,177,0
238361,238362,238578,216,1
238365,238367,238578,211,2
238584,238584,238586,2,0
238584,238584,238586,2,0
238584,238584,238586,2,0
238584,238584,238586,2,0
238584,238584,238586,2,0
238584,238584,238586,2,0
238584,238584,238586,2,0
238584,238584,238586,2,0
238584,238584,238586,2,0
238584,238584,238586,2,0
238584,238584,238586,2,0
238584,238584,238586,2,0
238584,238584,238586,2,0
238584,238584,238586,2,0
238584,238584,238586,2,0
238584,238584,238586,2,0
238584,238584,238586,2,0
238584,238584,238586,2,0
238584,238584,238586,2,0
238584,238584,238586,2,0
238584,238584,238585,1,0
238584,238584,238586,2,0
238584,238584,238586,2,0
238584,238584,238586,2,0
238584,238584,238586,2,0
238584,238584,238586,2,0
238584,238584,238586,2,0
238584,238584,238586,2,0
238584,238584,238586,2,0
238584,238584,238586,2,0
238584,238584,238586,2,0
238584,238584,238586,2,0
238584,238584,238586,2,0
238584,238584,238586,2,0
238584,238584,238586,2,0
238584,238584,238586,2,0
238584,238584,238586,2,0
238584,238584,238586,2,0
238584,238584,238586,2,0
238584,238584,238586,2,0
238584,238584,238586,2,0
238584,238584,238586,2,0
238584,238584,238586,2,0
238584,238584,238586,2,0
238584,238584,238586,2,0
238584,238584,238587,3,0
238584,238584,238586,2,0
238584,238585,238586,1,1
238584,238585,238586,1,1
238584,238584,238587,3,0
238584,238584,238587,3,0
238584,238584,238587,3,0
238584,238586,238587,1,2
238584,238586,238587,1,2
238584,238586,238587,1,2
238584,238586,238588,2,2
238584,238587,238588,1,3
238584,238587,238588,1,3
238584,238587,238588,1,3
238584,238587,238588,1,3
238586,238587,238588,1,1
238586,238587,238588,1,1
238584,238587,238588,1,3
238584,238587,238588,1,3
238584,238587,238589,2,3
238584,238587,238589,2,3
238584,238587,238589,2,3
238586,238587,238588,1,1
238584,238587,238589,2,3
238584,238587,238589,2,3
238584,238587,238588,1,3
238586,238587,238588,1,1
238586,238587,238588,1,1
238586,238587,238588,1,1
238584,238587,238588,1,3
238584,238587,238589,2,3
238586,238587,238588,1,1
238586,238587,238588,1,1
238586,238587,238588,1,1
238584,238587,238589,2,3
238586,238587,238588,1,1
238586,238587,238588,1,1
238586,238587,238588,1,1
238584,238587,238588,1,3
238584,238587,238589,2,3
238586,238587,238588,1,1
238586,238587,238588,1,1
238586,238587,238588,1,1
238586,238587,238588,1,1
238586,238587,238588,1,1
238586,238587,238589,2,1
238586,238587,238588,1,1
238586,238587,238588,1,1
238586,238587,238588,1,1
238586,238587,238588,1,1
238586,238588,238589,1,2
238586,238588,238589,1,2
238586,238588,238589,1,2
238586,238588,238589,1,2
238586,238588,238590,2,2
238584,238587,238589,2,3
238584,238587,238589,2,3
238586,238588,238590,2,2
238584,238587,238589,2,3
238584,238587,238589,2,3
238584,238587,238589,2,3
238584,238587,238589,2,3
238584,238587,238589,2,3
238584,238587,238589,2,3
238584,238587,238589,2,3
238584,238587,238589,2,3
238586,238588,238590,2,2
238586,238589,238591,2,3
238586,238589,238591,2,3
238586,238589,238591,2,3
238586,238589,238591,2,3
238586,238589,238591,2,3
238586,238589,238590,1,3
238586,238589,238591,2,3
238586,238589,238591,2,3
238586,238589,238591,2,3
238586,238589,238591,2,3
238586,238589,238591,2,3
238586,238589,238591,2,3
238586,238589,238591,2,3
238586,238589,238591,2,3
238586,238589,238591,2,3
238586,238589,238591,2,3
238584,238584,238593,9,0
238584,238584,238595,11,0
238367,238368,238599,231,1
238584,238600,238601,1,16
238584,238600,238601,1,16
238584,238600,238601,1,16
238413,238413,238601,188,0
238584,238600,238602,2,16
238584,238600,238602,2,16
238610,238610,238611,1,0
238610,238610,238611,1,0
238610,238610,238612,2,0
238610,238610,238611,1,0
238610,238610,238611,1,0
238610,238610,238612,2,0
238610,238611,238612,1,1
238610,238610,238611,1,0
238610,238610,238611,1,0
238610,238610,238612,2,0
238610,238610,238611,1,0
238610,238610,238611,1,0
238610,238610,238611,1,0
238610,238610,238612,2,0
238610,238610,238612,2,0
238610,238610,238612,2,0
238610,238611,238612,1,1
238610,238611,238612,1,1
238610,238611,238612,1,1
238610,238611,238612,1,1
238610,238610,238611,1,0
238610,238610,238611,1,0
238610,238610,238611,1,0
238610,238610,238611,1,0
238610,238610,238612,2,0
238610,238610,238611,1,0
238610,238610,238611,1,0
238610,238610,238611,1,0
238610,238610,238613,3,0
238610,238611,238612,1,1
238610,238611,238613,2,1
238610,238610,238613,3,0
238610,238610,238613,3,0
238610,238610,238613,3,0
238610,238610,238612,2,0
238610,238610,238613,3,0
238610,238611,238613,2,1
238610,238610,238612,2,0
238610,238610,238613,3,0
238610,238610,238612,2,0
238421,238421,238616,195,0
238610,238611,238616,5,1
238610,238611,238617,6,1
238610,238611,238617,6,1
238610,238611,238618,7,1
238620,238620,238622,2,0
238620,238621,238622,1,1
238620,238621,238622,1,1
238620,238621,238623,2,1
238620,238621,238622,1,1
238620,238621,238622,1,1
238620,238621,238622,1,1
238620,238620,238622,2,0
238620,238621,238622,1,1
238620,238621,238622,1,1
238620,238621,238623,2,1
238620,238621,238622,1,1
238620,238621,238622,1,1
238620,238621,238622,1,1
238620,238621,238622,1,1
238620,238620,238622,2,0
238620,238621,238622,1,1
238620,238621,238622,1,1
238620,238621,238622,1,1
238620,238620,238622,2,0
238620,238621,238622,1,1
238620,238621,238622,1,1
238620,238621,238622,1,1
238620,238621,238622,1,1
238620,238620,238622,2,0
238620,238621,238622,1,1
238620,238621,238622,1,1
238620,238621,238622,1,1
238620,238621,238622,1,1
238620,238621,238623,2,1
238620,238621,238623,2,1
238620,238621,238623,2,1
238620,238621,238623,2,1
238620,238621,238623,2,1
238620,238621,238623,2,1
238620,238621,238623,2,1
238620,238621,238623,2,1
238620,238621,238623,2,1
238620,238621,238624,3,1
238620,238621,238624,3,1
238447,238447,238628,181,0
238440,238452,238631,179,12
238631,238632,238633,1,1
238631,238632,238633,1,1
238631,238632,238634,2,1
238631,238632,238634,2,1
238631,238632,238634,2,1
238631,238632,238633,1,1
238631,238632,238633,1,1
238631,238632,238633,1,1
238631,238632,238634,2,1
238631,238632,238633,1,1
238632,238632,238634,2,0
238631,238632,238633,1,1
238631,238632,238633,1,1
238631,238632,238633,1,1
238631,238632,238633,1,1
238631,238632,238634,2,1
238631,238632,238634,2,1
238632,238632,238633,1,0
238631,238632,238633,1,1
238631,238632,238633,1,1
238631,238632,238633,1,1
238631,238632,238634,2,1
238632,238632,238633,1,0
238632,238632,238634,2,0
238632,238632,238633,1,0
238631,238632,238633,1,1
238631,238632,238633,1,1
238631,238632,238633,1,1
238631,238632,238634,2,1
238632,238632,238633,1,0
238632,238632,238634,2,0
238632,238632,238633,1,0
238631,238632,238633,1,1
238631,238632,238633,1,1
238631,238632,238634,2,1
238631,238632,238633,1,1
238632,238632,238633,1,0
238632,238632,238633,1,0
238632,238632,238633,1,0
238631,238632,238633,1,1
238631,238632,238633,1,1
238631,238632,238633,1,1
238631,238632,238633,1,1
238631,238632,238634,2,1
238631,238632,238633,1,1
238632,238632,238633,1,0
238631,238632,238634,2,1
238631,238632,238634,2,1
238632,238632,238634,2,0
238631,238632,238634,2,1
238632,238634,238635,1,2
238632,238634,238635,1,2
238631,238632,238634,2,1
238631,238632,238634,2,1
238632,238635,238636,1,3
238632,238635,238636,1,3
238632,238634,238635,1,2
238632,238634,238636,2,2
238632,238634,238636,2,2
238634,238634,238636,2,0
238634,238634,238636,2,0
238632,238634,238635,1,2
238632,238634,238635,1,2
238632,238634,238636,2,2
238634,238634,238636,2,0
238632,238634,238636,2,2
238632,238634,238636,2,2
238632,238634,238636,2,2
238632,238634,238636,2,2
238634,238634,238636,2,0
238634,238634,238636,2,0
238634,238634,238636,2,0
238632,238634,238636,2,2
238632,238634,238636,2,2
238632,238634,238636,2,2
238632,238634,238636,2,2
238634,238634,238636,2,0
238634,238634,238636,2,0
238634,238634,238636,2,0
238632,238634,238636,2,2
238632,238634,238636,2,2
238632,238634,238636,2,2
238634,238634,238636,2,0
238634,238635,238636,1,1
238632,238634,238636,2,2
238632,238634,238636,2,2
238632,238634,238636,2,2
238632,238634,238636,2,2
238634,238634,238636,2,0
238634,238634,238636,2,0
238634,238634,238636,2,0
238634,238635,238636,1,1
238620,238635,238636,1,15
238620,238635,238636,1,15
238632,238634,238635,1,2
238620,238635,238636,1,15
238620,238635,238637,2,15
238632,238634,238636,2,2
238634,238636,238637,1,2
238634,238635,238637,2,1
238634,238635,238637,2,1
238634,238635,238637,2,1
238634,238635,238637,2,1
238634,238635,238637,2,1
238634,238636,238638,2,2
238632,238634,238636,2,2
238632,238634,238636,2,2
238632,238634,238636,2,2
238634,238636,238638,2,2
238634,238636,238638,2,2
238634,238636,238638,2,2
238632,238634,238637,3,2
238632,238634,238636,2,2
238634,238636,238638,2,2
238620,238635,238637,2,15
238634,238635,238638,3,1
238634,238637,238638,1,3
238634,238636,238638,2,2
238634,238636,238638,2,2
238634,238636,238638,2,2
238634,238636,238638,2,2
238634,238636,238638,2,2
238634,238636,238638,2,2
238634,238636,238638,2,2
238634,238636,238638,2,2
238634,238636,238638,2,2
238634,238636,238639,3,2
238634,238636,238638,2,2
238634,238636,238639,3,2
238634,238636,238638,2,2
238634,238636,238638,2,2
238634,238636,238638,2,2
238634,238636,238638,2,2
238634,238637,238639,2,3
238460,238461,238642,181,1
238631,238644,238645,1,13
238631,238644,238645,1,13
238631,238644,238645,1,13
238631,238644,238645,1,13
238631,238644,238646,2,13
238631,238644,238646,2,13
238475,238475,238647,172,0
238660,238660,238661,1,0
238660,238660,238661,1,0
238660,238660,238661,1,0
238660,238660,238662,2,0
238660,238660,238661,1,0
238660,238660,238661,1,0
238660,238660,238662,2,0
238660,238660,238662,2,0
238660,238660,238661,1,0
238660,238660,238662,2,0
238660,238660,238661,1,0
238660,238660,238661,1,0
238660,238660,238661,1,0
238660,238660,238661,1,0
238660,238660,238662,2,0
238660,238660,238662,2,0
238660,238660,238662,2,0
238660,238660,238662,2,0
238660,238660,238661,1,0
238660,238660,238662,2,0
238660,238660,238661,1,0
238660,238660,238661,1,0
238660,238660,238661,1,0
238660,238660,238661,1,0
238660,238660,238662,2,0
238660,238660,238661,1,0
238660,238661,238662,1,1
238660,238661,238662,1,1
238660,238660,238661,1,0
238660,238660,238661,1,0
238660,238660,238662,2,0
238660,238660,238662,2,0
238660,238660,238662,2,0
238660,238660,238662,2,0
238660,238660,238662,2,0
238660,238661,238662,1,1
238660,238660,238662,2,0
238660,238660,238664,4,0
238660,238660,238662,2,0
238667,238667,238669,2,0
238667,238667,238669,2,0
238667,238667,238669,2,0
238667,238667,238669,2,0
238667,238667,238669,2,0
238667,238667,238668,1,0
238667,238667,238668,1,0
238667,238667,238669,2,0
238667,238667,238669,2,0
238667,238667,238669,2,0
238667,238667,238668,1,0
238667,238667,238669,2,0
238667,238667,238669,2,0
238667,238667,238668,1,0
238667,238667,238668,1,0
238667,238667,238669,2,0
238667,238667,238669,2,0
238667,238667,238669,2,0
238667,238667,238668,1,0
238667,238667,238668,1,0
238667,238667,238668,1,0
238667,238667,238669,2,0
238667,238667,238669,2,0
238667,238667,238669,2,0
238667,238668,238669,1,1
238667,238668,238669,1,1
238667,238668,238669,1,1
238667,238668,238669,1,1
238667,238667,238668,1,0
238667,238667,238669,2,0
238667,238667,238668,1,0
238667,238667,238668,1,0
238667,238667,238669,2,0
238667,238667,238669,2,0
238667,238667,238669,2,0
238667,238667,238670,3,0
238667,238667,238669,2,0
238667,238667,238669,2,0
238667,238668,238669,1,1
238667,238670,238671,1,3
238667,238670,238672,2,3
238667,238670,238672,2,3
238667,238670,238671,1,3
238660,238672,238673,1,12
238660,238672,238674,2,12
238660,238672,238673,1,12
238660,238673,238674,1,13
238660,238673,238674,1,13
238667,238673,238674,1,6
238660,238660,238675,15,0
238502,238502,238690,188,0
238692,238692,238694,2,0
238692,238692,238694,2,0
238692,238692,238694,2,0
238692,238692,238693,1,0
238692,238692,238694,2,0
238692,238692,238693,1,0
238692,238692,238693,1,0
238692,238692,238693,1,0
238692,238692,238693,1,0
238692,238692,238693,1,0
238692,238692,238693,1,0
238692,238692,238694,2,0
238692,238692,238694,2,0
238692,238692,238693,1,0
238692,238692,238693,1,0
238692,238692,238694,2,0
238692,238692,238693,1,0
238692,238692,238693,1,0
238692,238692,238693,1,0
238692,238692,238693,1,0
238692,238692,238694,2,0
238692,238692,238694,2,0
238692,238692,238693,1,0
238692,238692,238693,1,0
238692,238692,238693,1,0
238692,238692,238694,2,0
238692,238692,238694,2,0
238692,238692,238693,1,0
238692,238692,238693,1,0
238692,238692,238694,2,0
238692,238692,238694,2,0
238692,238692,238694,2,0
238692,238692,238694,2,0
238692,238692,238694,2,0
238667,238667,238677,10,0
238516,238519,238695,176,3
238692,238692,238696,4,0
238518,238519,238695,176,1
238692,238696,238697,1,4
238692,238696,238697,1,4
238692,238696,238697,1,4
238692,238696,238697,1,4
238692,238696,238697,1,4
238692,238696,238697,1,4
238692,238696,238697,1,4
238692,238696,238697,1,4
238692,238692,238699,7,0
238692,238692,238701,9,0
238514,238517,238701,184,3
238701,238702,238703,1,1
238701,238702,238703,1,1
238701,238702,238703,1,1
238701,238702,238703,1,1
238701,238702,238703,1,1
238701,238702,238703,1,1
238701,238702,238703,1,1
238701,238702,238703,1,1
238701,238702,238703,1,1
238701,238702,238703,1,1
238701,238702,238703,1,1
238701,238702,238703,1,1
238701,238702,238703,1,1
238701,238702,238703,1,1
238701,238702,238703,1,1
238701,238702,238703,1,1
238701,238702,238703,1,1
238701,238702,238703,1,1
238701,238702,238703,1,1
238701,238702,238703,1,1
238701,238702,238703,1,1
238701,238702,238703,1,1
238701,238702,238703,1,1
238701,238702,238703,1,1
238701,238702,238703,1,1
238701,238702,238703,1,1
238701,238702,238703,1,1
238701,238702,238703,1,1
238701,238702,238703,1,1
238701,238702,238703,1,1
238701,238702,238703,1,1
238701,238702,238704,2,1
238701,238702,238704,2,1
238701,238702,238704,2,1
238701,238702,238704,2,1
238701,238702,238704,2,1
238701,238702,238704,2,1
238701,238702,238708,6,1
238543,238543,238711,168,0
238710,238711,238712,1,1
238710,238711,238712,1,1
238710,238711,238712,1,1
238710,238711,238713,2,1
238710,238711,238713,2,1
238710,238711,238712,1,1
238710,238711,238712,1,1
238710,238711,238712,1,1
238710,238711,238712,1,1
238710,238711,238712,1,1
238710,238711,238712,1,1
238710,238711,238712,1,1
238710,238711,238713,2,1
238710,238711,238712,1,1
238710,238711,238712,1,1
238710,238711,238712,1,1
238710,238711,238712,1,1
238710,238711,238713,2,1
238710,238711,238712,1,1
238710,238711,238712,1,1
238710,238711,238712,1,1
238710,238711,238712,1,1
238710,238711,238712,1,1
238710,238711,238712,1,1
238710,238711,238712,1,1
238710,238711,238712,1,1
238710,238711,238712,1,1
238710,238711,238712,1,1
238710,238711,238712,1,1
238710,238711,238712,1,1
238710,238711,238712,1,1
238710,238711,238712,1,1
238710,238711,238713,2,1
238710,238711,238713,2,1
238710,238711,238713,2,1
238713,238713,238714,1,0
238713,238713,238714,1,0
238713,238713,238714,1,0
238701,238702,238713,11,1
238710,238711,238713,2,1
238713,238713,238714,1,0
238713,238713,238714,1,0
238713,238713,238714,1,0
238710,238711,238713,2,1
238713,238713,238714,1,0
238710,238711,238713,2,1
238713,238713,238714,1,0
238713,238713,238714,1,0
238713,238713,238714,1,0
238713,238713,238714,1,0
238710,238711,238713,2,1
238710,238711,238713,2,1
238710,238711,238713,2,1
238710,238711,238713,2,1
238710,238711,238713,2,1
238713,238713,238715,2,0
238713,238713,238715,2,0
238713,238713,238715,2,0
238713,238713,238714,1,0
238713,238713,238714,1,0
238713,238713,238714,1,0
238713,238713,238714,1,0
238713,238713,238715,2,0
238713,238713,238714,1,0
238713,238713,238714,1,0
238713,238713,238714,1,0
238713,238713,238714,1,0
238713,238713,238714,1,0
238713,238713,238714,1,0
238713,238713,238714,1,0
238713,238713,238714,1,0
238713,238713,238714,1,0
238713,238713,238714,1,0
238713,238713,238714,1,0
238487,238488,238715,227,1
238701,238715,238716,1,14
238701,238715,238716,1,14
238701,238715,238716,1,14
238713,238713,238716,3,0
238713,238713,238715,2,0
238713,238713,238715,2,0
238713,238713,238715,2,0
238713,238714,238715,1,1
238713,238713,238715,2,0
238713,238713,238715,2,0
238713,238713,238715,2,0
238713,238713,238715,2,0
238713,238713,238715,2,0
238713,238713,238715,2,0
238713,238713,238715,2,0
238713,238713,238715,2,0
238713,238713,238715,2,0
238713,238714,238715,1,1
238715,238715,238716,1,0
238715,238715,238716,1,0
238715,238715,238716,1,0
238715,238715,238717,2,0
238715,238715,238717,2,0
238715,238715,238716,1,0
238715,238715,238717,2,0
238715,238715,238716,1,0
238715,238715,238717,2,0
238715,238715,238716,1,0
238715,238715,238717,2,0
238715,238715,238716,1,0
238715,238715,238717,2,0
238715,238715,238717,2,0
238715,238715,238717,2,0
238701,238715,238716,1,14
238701,238715,238716,1,14
238710,238715,238716,1,5
238715,238715,238717,2,0
238715,238715,238716,1,0
238715,238715,238716,1,0
238715,238715,238717,2,0
238715,238715,238716,1,0
238715,238715,238717,2,0
238715,238715,238717,2,0
238715,238715,238716,1,0
238710,238711,238717,6,1
238715,238716,238718,2,1
238715,238715,238717,2,0
238715,238715,238717,2,0
238715,238716,238718,2,1
238715,238716,238718,2,1
238715,238715,238717,2,0
238715,238715,238717,2,0
238715,238715,238717,2,0
238715,238716,238718,2,1
238715,238716,238718,2,1
238715,238716,238718,2,1
238715,238716,238717,1,1
238715,238715,238717,2,0
238715,238715,238718,3,0
238715,238715,238717,2,0
238715,238715,238717,2,0
238715,238715,238717,2,0
238715,238715,238717,2,0
238715,238715,238717,2,0
238701,238702,238718,16,1
238715,238715,238717,2,0
238715,238715,238718,3,0
238715,238715,238718,3,0
238555,238555,238721,166,0
238725,238725,238726,1,0
238725,238725,238727,2,0
238725,238725,238727,2,0
238725,238725,238727,2,0
238725,238725,238726,1,0
238725,238725,238727,2,0
238725,238725,238727,2,0
238725,238725,238727,2,0
238725,238725,238726,1,0
238725,238725,238727,2,0
238725,238725,238726,1,0
238725,238725,238727,2,0
238725,238725,238726,1,0
238725,238725,238727,2,0
238725,238725,238727,2,0
238725,238725,238727,2,0
238725,238725,238726,1,0
238725,238725,238726,1,0
238725,238725,238726,1,0
238725,238725,238727,2,0
238725,238725,238727,2,0
238725,238725,238726,1,0
238725,238725,238727,2,0
238725,238725,238727,2,0
238725,238725,238727,2,0
238725,238725,238727,2,0
238725,238725,238726,1,0
238725,238725,238726,1,0
238725,238725,238726,1,0
238725,238725,238727,2,0
238725,238725,238727,2,0
238725,238725,238727,2,0
238725,238725,238727,2,0
238725,238725,238726,1,0
238725,238725,238727,2,0
238725,238725,238727,2,0
238725,238725,238727,2,0
238725,238725,238727,2,0
238725,238725,238727,2,0
238725,238725,238726,1,0
238725,238725,238726,1,0
238725,238725,238726,1,0
238725,238725,238727,2,0
238725,238725,238727,2,0
238725,238725,238727,2,0
238725,238725,238727,2,0
238725,238725,238727,2,0
238725,238726,238727,1,1
238725,238725,238727,2,0
238725,238725,238727,2,0
238725,238725,238728,3,0
238725,238727,238728,1,2
238725,238727,238728,1,2
238725,238725,238727,2,0
238725,238727,238728,1,2
238725,238727,238728,1,2
238725,238725,238728,3,0
238725,238726,238727,1,1
238725,238725,238727,2,0
238725,238725,238728,3,0
238725,238725,238727,2,0
238725,238725,238727,2,0
238725,238725,238727,2,0
238725,238725,238727,2,0
238725,238725,238728,3,0
238725,238725,238727,2,0
238725,238727,238729,2,2
238725,238727,238729,2,2
238725,238727,238729,2,2
238725,238727,238729,2,2
238725,238727,238729,2,2
238725,238727,238729,2,2
238725,238727,238729,2,2
238552,238552,238729,177,0
238725,238727,238729,2,2
238725,238727,238729,2,2
238725,238727,238729,2,2
238725,238727,238729,2,2
238725,238727,238730,3,2
238725,238727,238729,2,2
238725,238727,238730,3,2
238725,238727,238730,3,2
238725,238727,238730,3,2
238725,238727,238730,3,2
238725,238727,238730,3,2
238725,238727,238730,3,2
238725,238727,238730,3,2
238725,238727,238730,3,2
238725,238727,238731,4,2
234427,234427,238734,4307,0
238725,238725,238728,3,0
238744,238745,238746,1,1
238744,238745,238746,1,1
238744,238745,238746,1,1
238744,238745,238746,1,1
238744,238745,238746,1,1
238744,238745,238746,1,1
238744,238745,238746,1,1
238744,238745,238746,1,1
238744,238745,238747,2,1
238744,238745,238746,1,1
238744,238745,238746,1,1
238744,238745,238747,2,1
238744,238745,238747,2,1
238744,238745,238746,1,1
238744,238745,238746,1,1
238744,238745,238746,1,1
238744,238745,238746,1,1
238744,238745,238746,1,1
238744,238745,238746,1,1
238744,238745,238746,1,1
238744,238745,238746,1,1
238744,238745,238746,1,1
238744,238745,238746,1,1
238744,238745,238746,1,1
238744,238745,238746,1,1
238744,238745,238746,1,1
238744,238745,238747,2,1
238744,238745,238747,2,1
238744,238745,238747,2,1
238744,238745,238747,2,1
238725,238727,238729,2,2
238744,238748,238749,1,4
238744,238748,238749,1,4
238744,238748,238749,1,4
238744,238748,238750,2,4
238744,238748,238750,2,4
238585,238587,238753,166,2
238590,238590,238757,167,0
238744,238760,238761,1,16
238744,238760,238761,1,16
238744,238760,238762,2,16
238744,238760,238762,2,16
238760,238761,238763,2,1
238760,238761,238762,1,1
238760,238761,238762,1,1
238760,238761,238763,2,1
238760,238761,238762,1,1
238760,238761,238762,1,1
238760,238761,238762,1,1
238760,238761,238762,1,1
238760,238761,238762,1,1
238760,238761,238763,2,1
238761,238761,238762,1,0
238760,238761,238762,1,1
238760,238761,238762,1,1
238760,238761,238762,1,1
238761,238761,238762,1,0
238761,238761,238762,1,0
238760,238761,238762,1,1
238760,238761,238762,1,1
238760,238761,238762,1,1
238760,238761,238763,2,1
238760,238761,238763,2,1
238761,238761,238762,1,0
238760,238761,238762,1,1
238760,238761,238762,1,1
238760,238761,238762,1,1
238760,238761,238762,1,1
238760,238761,238762,1,1
238760,238761,238763,2,1
238761,238761,238762,1,0
238760,238761,238762,1,1
238760,238761,238762,1,1
238760,238761,238763,2,1
238760,238761,238762,1,1
238761,238761,238762,1,0
238761,238761,238762,1,0
238760,238761,238762,1,1
238760,238761,238763,2,1
238761,238762,238763,1,1
238761,238762,238763,1,1
238744,238762,238763,1,18
238744,238762,238763,1,18
238744,238762,238763,1,18
238760,238762,238763,1,2
238744,238762,238764,2,18
238744,238762,238764,2,18
238744,238762,238764,2,18
238760,238761,238763,2,1
238760,238761,238763,2,1
238760,238761,238763,2,1
238761,238763,238764,1,2
238761,238763,238764,1,2
238761,238762,238763,1,1
238761,238762,238763,1,1
238761,238763,238765,2,2
238761,238763,238765,2,2
238760,238761,238763,2,1
238760,238761,238763,2,1
238760,238761,238763,2,1
238761,238763,238764,1,2
238761,238763,238764,1,2
238761,238763,238765,2,2
238761,238763,238765,2,2
238760,238761,238763,2,1
238761,238763,238765,2,2
238761,238763,238764,1,2
238761,238763,238764,1,2
238761,238763,238764,1,2
238761,238763,238764,1,2
238760,238761,238763,2,1
238761,238763,238764,1,2
238761,238763,238764,1,2
238761,238763,238765,2,2
238761,238763,238765,2,2
238761,238763,238765,2,2
238760,238761,238763,2,1
238761,238763,238764,1,2
238761,238763,238764,1,2
238761,238763,238765,2,2
238761,238763,238765,2,2
238761,238763,238765,2,2
238761,238763,238765,2,2
238761,238763,238765,2,2
238761,238763,238765,2,2
238761,238763,238765,2,2
238761,238763,238765,2,2
238761,238763,238765,2,2
238761,238763,238765,2,2
238761,238763,238766,3,2
238761,238763,238765,2,2
238761,238763,238765,2,2
238761,238763,238765,2,2
238760,238775,238776,1,15
238760,238775,238776,1,15
238760,238775,238776,1,15
238760,238775,238777,2,15
238760,238775,238776,1,15
238575,238575,238778,203,0
238611,238611,238779,168,0
238780,238781,238782,1,1
238780,238781,238782,1,1
238780,238781,238782,1,1
238780,238781,238782,1,1
238780,238781,238783,2,1
238780,238781,238783,2,1
238780,238781,238782,1,1
238780,238780,238782,2,0
238780,238781,238782,1,1
238780,238781,238782,1,1
238780,238781,238782,1,1
238780,238781,238782,1,1
238780,238781,238782,1,1
238780,238781,238782,1,1
238780,238781,238782,1,1
238780,238781,238782,1,1
238780,238781,238782,1,1
238780,238781,238782,1,1
238780,238781,238782,1,1
238780,238781,238782,1,1
238780,238781,238782,1,1
238780,238781,238782,1,1
238780,238781,238782,1,1
238780,238781,238783,2,1
238780,238781,238782,1,1
238780,238781,238782,1,1
238780,238781,238782,1,1
238780,238781,238783,2,1
238780,238781,238782,1,1
238780,238781,238782,1,1
238780,238781,238782,1,1
238780,238781,238782,1,1
238780,238781,238782,1,1
238780,238781,238782,1,1
238780,238781,238782,1,1
238780,238781,238782,1,1
238780,238781,238782,1,1
238780,238781,238782,1,1
238780,238781,238782,1,1
238780,238781,238782,1,1
238780,238781,238782,1,1
238780,238781,238783,2,1
238780,238781,238783,2,1
238780,238781,238782,1,1
238780,238781,238782,1,1
238780,238781,238782,1,1
238780,238781,238783,2,1
238780,238781,238782,1,1
238780,238781,238782,1,1
238780,238781,238783,2,1
238780,238781,238783,2,1
238780,238781,238783,2,1
238780,238781,238782,1,1
238780,238781,238783,2,1
238780,238781,238783,2,1
238780,238781,238782,1,1
238780,238781,238783,2,1
238780,238783,238784,1,3
238780,238783,238784,1,3
238780,238781,238783,2,1
238780,238781,238783,2,1
238780,238781,238783,2,1
238780,238783,238784,1,3
238780,238783,238784,1,3
238780,238783,238784,1,3
238780,238783,238784,1,3
238780,238783,238784,1,3
238780,238783,238785,2,3
238780,238783,238785,2,3
238780,238783,238785,2,3
238780,238783,238785,2,3
238780,238783,238785,2,3
238780,238783,238784,1,3
238780,238783,238785,2,3
238780,238783,238784,1,3
238780,238783,238784,1,3
238780,238783,238784,1,3
238780,238783,238785,2,3
238780,238783,238785,2,3
238780,238783,238785,2,3
238780,238783,238785,2,3
238780,238783,238785,2,3
238780,238783,238785,2,3
238780,238781,238785,4,1
238780,238783,238785,2,3
238780,238783,238785,2,3
238780,238783,238785,2,3
238622,238622,238787,165,0
238780,238783,238786,3,3
238567,238567,238786,219,0
238588,238589,238787,198,1
238780,238781,238787,6,1
238780,238783,238788,5,3
238635,238636,238796,160,1
238798,238798,238799,1,0
238798,238798,238799,1,0
238798,238798,238800,2,0
238798,238798,238800,2,0
238798,238798,238800,2,0
238798,238798,238799,1,0
238798,238798,238800,2,0
238798,238798,238799,1,0
238798,238798,238800,2,0
238798,238798,238799,1,0
238798,238798,238799,1,0
238798,238798,238799,1,0
238798,238798,238799,1,0
238798,238798,238799,1,0
238798,238798,238799,1,0
238798,238798,238799,1,0
238798,238798,238800,2,0
238798,238798,238799,1,0
238798,238798,238799,1,0
238798,238798,238799,1,0
238798,238798,238799,1,0
238798,238798,238800,2,0
238798,238798,238799,1,0
238798,238798,238799,1,0
238798,238798,238799,1,0
238798,238798,238799,1,0
238798,238798,238800,2,0
238798,238798,238799,1,0
238798,238798,238799,1,0
238798,238798,238800,2,0
238798,238798,238799,1,0
238798,238798,238799,1,0
238798,238798,238800,2,0
238798,238798,238800,2,0
238798,238798,238799,1,0
238798,238799,238800,1,1
238798,238798,238799,1,0
238798,238798,238799,1,0
238798,238798,238799,1,0
238798,238798,238800,2,0
238798,238798,238799,1,0
238798,238798,238799,1,0
238798,238798,238799,1,0
238798,238798,238799,1,0
238798,238798,238800,2,0
238798,238798,238800,2,0
238798,238798,238800,2,0
238798,238798,238799,1,0
238798,238798,238799,1,0
238798,238798,238800,2,0
238798,238800,238801,1,2
238798,238798,238800,2,0
238798,238798,238800,2,0
238798,238798,238800,2,0
238798,238798,238801,3,0
238798,238798,238800,2,0
234432,234432,238801,4369,0
238798,238800,238801,1,2
238798,238800,238802,2,2
238798,238800,238802,2,2
238798,238800,238802,2,2
238798,238800,238802,2,2
238798,238800,238802,2,2
238798,238800,238802,2,2
238798,238800,238802,2,2
238798,238800,238802,2,2
238798,238800,238802,2,2
238798,238800,238802,2,2
238798,238800,238802,2,2
238798,238800,238802,2,2
238798,238800,238802,2,2
238798,238800,238802,2,2
238798,238800,238802,2,2
238798,238800,238802,2,2
238798,238800,238802,2,2
238798,238800,238802,2,2
238798,238800,238802,2,2
238798,238800,238802,2,2
238798,238800,238802,2,2
238798,238800,238802,2,2
238798,238800,238802,2,2
238798,238800,238802,2,2
238798,238800,238802,2,2
238798,238800,238802,2,2
238798,238800,238802,2,2
238798,238800,238802,2,2
238798,238801,238802,1,3
238798,238800,238802,2,2
238798,238800,238802,2,2
238798,238800,238803,3,2
238798,238800,238802,2,2
238798,238800,238802,2,2
238798,238800,238802,2,2
238798,238800,238802,2,2
238798,238801,238802,1,3
238798,238800,238803,3,2
238798,238800,238802,2,2
238798,238798,238803,5,0
238798,238800,238803,3,2
238798,238800,238803,3,2
238798,238800,238803,3,2
238798,238801,238803,2,3
238798,238802,238803,1,4
238798,238800,238803,3,2
238798,238800,238803,3,2
238798,238801,238803,2,3
238798,238802,238803,1,4
238798,238800,238803,3,2
238798,238800,238803,3,2
238798,238801,238803,2,3
238798,238800,238803,3,2
238798,238802,238804,2,4
238798,238803,238804,1,5
238798,238803,238804,1,5
238798,238803,238804,1,5
238798,238803,238804,1,5
238798,238803,238805,2,5
238798,238803,238805,2,5
238798,238803,238805,2,5
238798,238803,238804,1,5
238798,238803,238804,1,5
238798,238803,238804,1,5
238798,238803,238805,2,5
238798,238803,238805,2,5
238798,238803,238805,2,5
238798,238803,238805,2,5
238633,238634,238809,175,1
238798,238798,238810,12,0
238798,238811,238812,1,13
238798,238811,238812,1,13
238798,238811,238812,1,13
238798,238811,238813,2,13
238798,238811,238813,2,13
238798,238811,238812,1,13
238798,238811,238813,2,13
238815,238815,238816,1,0
238815,238815,238816,1,0
238815,238815,238816,1,0
238815,238815,238816,1,0
238815,238815,238816,1,0
238815,238815,238816,1,0
238815,238815,238816,1,0
238815,238815,238816,1,0
238815,238815,238816,1,0
238815,238815,238816,1,0
238815,238815,238816,1,0
238815,238815,238816,1,0
238815,238815,238816,1,0
238815,238815,238816,1,0
238815,238815,238816,1,0
238815,238815,238816,1,0
238815,238815,238817,2,0
238815,238815,238816,1,0
238815,238815,238816,1,0
238815,238815,238817,2,0
238815,238815,238816,1,0
234427,234427,238817,4390,0
238815,238815,238817,2,0
238815,238815,238817,2,0
238815,238815,238817,2,0
238815,238815,238817,2,0
238815,238815,238817,2,0
238815,238815,238817,2,0
238815,238815,238816,1,0
238815,238815,238817,2,0
238815,238815,238816,1,0
238815,238815,238817,2,0
238815,238815,238817,2,0
238815,238815,238817,2,0
238815,238815,238817,2,0
238815,238815,238816,1,0
238815,238815,238817,2,0
238815,238815,238817,2,0
238815,238815,238816,1,0
238815,238815,238817,2,0
238815,238815,238817,2,0
238815,238815,238817,2,0
238815,238815,238818,3,0
238815,238815,238818,3,0
238815,238818,238819,1,3
238798,238798,238820,22,0
238798,238798,238822,24,0
234424,234424,238823,4399,0
238815,238818,238824,6,3
238826,238826,238828,2,0
238826,238826,238827,1,0
238826,238826,238827,1,0
238826,238826,238827,1,0
238826,238826,238828,2,0
238826,238826,238827,1,0
238826,238826,238827,1,0
238826,238826,238827,1,0
238826,238826,238828,2,0
238826,238826,238828,2,0
238826,238826,238827,1,0
238826,238826,238827,1,0
238826,238826,238828,2,0
238826,238826,238828,2,0
238826,238827,238828,1,1
238826,238827,238828,1,1
238826,238826,238827,1,0
238826,238826,238827,1,0
238826,238826,238828,2,0
238826,238826,238828,2,0
238826,238826,238827,1,0
238826,238826,238827,1,0
238826,238826,238827,1,0
238826,238826,238828,2,0
238826,238826,238827,1,0
238826,238826,238827,1,0
238826,238826,238828,2,0
238826,238826,238827,1,0
238826,238826,238828,2,0
234436,234436,238828,4392,0
238826,238826,238828,2,0
238826,238826,238828,2,0
238826,238826,238828,2,0
238826,238827,238829,2,1
238826,238827,238828,1,1
238826,238826,238828,2,0
238826,238826,238828,2,0
238826,238826,238829,3,0
238661,238661,238829,168,0
238826,238826,238832,6,0
238826,238826,238831,5,0
238826,238826,238832,6,0
238834,238835,238836,1,1
238834,238835,238836,1,1
238834,238835,238836,1,1
238637,238637,238836,199,0
238834,238835,238836,1,1
238834,238835,238836,1,1
238834,238835,238836,1,1
238834,238835,238836,1,1
238834,238835,238837,2,1
238834,238835,238836,1,1
238834,238835,238836,1,1
238834,238835,238836,1,1
238834,238835,238836,1,1
238834,238835,238836,1,1
238834,238835,238836,1,1
238834,238835,238836,1,1
238834,238835,238836,1,1
238834,238835,238837,2,1
238834,238835,238836,1,1
238834,238835,238836,1,1
238834,238835,238836,1,1
238834,238835,238836,1,1
238834,238835,238836,1,1
238834,238835,238836,1,1
238834,238835,238836,1,1
238834,238835,238836,1,1
238834,238835,238836,1,1
238834,238835,238836,1,1
238834,238835,238836,1,1
238834,238835,238836,1,1
238834,238835,238836,1,1
238834,238835,238836,1,1
238834,238835,238836,1,1
238834,238835,238836,1,1
238834,238835,238837,2,1
238834,238835,238836,1,1
238834,238835,238837,2,1
238834,238835,238837,2,1
238834,238835,238837,2,1
238834,238835,238837,2,1
238834,238835,238837,2,1
238834,238835,238837,2,1
238834,238835,238838,3,1
238834,238835,238838,3,1
238826,238841,238842,1,15
238826,238841,238842,1,15
238826,238841,238842,1,15
238826,238841,238843,2,15
238834,238841,238842,1,7
238826,238841,238843,2,15
238844,238844,238845,1,0
238844,238844,238845,1,0
238844,238844,238845,1,0
238844,238844,238845,1,0
238844,238844,238845,1,0
238844,238844,238846,2,0
238844,238844,238845,1,0
238844,238844,238845,1,0
238844,238844,238845,1,0
238844,238844,238845,1,0
238844,238844,238845,1,0
238844,238844,238845,1,0
238844,238844,238846,2,0
238844,238844,238845,1,0
238844,238844,238845,1,0
238844,238844,238845,1,0
238844,238844,238845,1,0
238844,238844,238846,2,0
238844,238844,238846,2,0
238844,238844,238846,2,0
238844,238844,238845,1,0
238844,238844,238845,1,0
238844,238844,238845,1,0
238844,238844,238845,1,0
238844,238844,238845,1,0
238844,238844,238845,1,0
238844,238844,238845,1,0
238844,238844,238846,2,0
238844,238844,238845,1,0
238844,238844,238845,1,0
238844,238844,238845,1,0
238844,238844,238845,1,0
238844,238844,238846,2,0
238844,238844,238846,2,0
238844,238844,238846,2,0
238844,238844,238846,2,0
238844,238844,238846,2,0
238844,238844,238846,2,0
238844,238844,238846,2,0
238844,238844,238847,3,0
238844,238844,238846,2,0
238844,238859,238860,1,15
238844,238859,238860,1,15
238844,238859,238861,2,15
238844,238859,238861,2,15
238693,238693,238873,180,0
238712,238712,238873,161,0
238702,238703,238875,172,1
238875,238875,238876,1,0
238875,238875,238876,1,0
238875,238875,238876,1,0
238875,238875,238876,1,0
238875,238875,238876,1,0
238875,238875,238876,1,0
238875,238875,238876,1,0
238875,238875,238876,1,0
238875,238875,238876,1,0
238875,238875,238876,1,0
238875,238875,238876,1,0
238875,238875,238876,1,0
238875,238875,238876,1,0
238875,238875,238876,1,0
238875,238875,238876,1,0
238875,238875,238877,2,0
238875,238875,238877,2,0
238875,238875,238876,1,0
238875,238875,238876,1,0
238875,238875,238876,1,0
238875,238875,238877,2,0
238875,238875,238877,2,0
238875,238875,238876,1,0
238875,238875,238876,1,0
238875,238875,238876,1,0
238875,238875,238876,1,0
238875,238875,238876,1,0
238875,238875,238876,1,0
238875,238875,238876,1,0
238875,238875,238877,2,0
238875,238875,238876,1,0
238875,238875,238876,1,0
238875,238875,238877,2,0
238875,238876,238877,1,1
238875,238875,238877,2,0
238875,238875,238877,2,0
238875,238875,238876,1,0
238875,238875,238876,1,0
238875,238875,238877,2,0
238875,238876,238877,1,1
238875,238875,238876,1,0
238875,238875,238876,1,0
238875,238875,238877,2,0
238875,238875,238876,1,0
238875,238875,238877,2,0
238875,238875,238876,1,0
238875,238876,238877,1,1
238875,238875,238877,2,0
238875,238875,238877,2,0
238875,238875,238876,1,0
238875,238875,238877,2,0
238875,238875,238876,1,0
238875,238876,238877,1,1
238875,238876,238877,1,1
238875,238875,238877,2,0
238875,238875,238877,2,0
238875,238875,238876,1,0
238875,238875,238876,1,0
238875,238876,238877,1,1
238875,238876,238877,1,1
238875,238876,238877,1,1
238875,238876,238878,2,1
238875,238875,238878,3,0
238875,238875,238877,2,0
238875,238875,238877,2,0
238875,238875,238878,3,0
238877,238877,238878,1,0
238875,238876,238878,2,1
234424,234424,238879,4455,0
238875,238877,238878,1,2
238875,238877,238879,2,2
238875,238877,238879,2,2
238875,238877,238879,2,2
238875,238877,238879,2,2
238875,238877,238879,2,2
238875,238877,238879,2,2
238875,238877,238879,2,2
238875,238877,238878,1,2
238875,238877,238879,2,2
238875,238877,238878,1,2
238875,238877,238879,2,2
238875,238877,238878,1,2
238877,238878,238879,1,1
238877,238878,238879,1,1
238877,238878,238879,1,1
238877,238878,238879,1,1
238877,238878,238879,1,1
238877,238878,238879,1,1
238877,238878,238879,1,1
238877,238878,238879,1,1
238877,238878,238879,1,1
238877,238878,238879,1,1
238877,238878,238879,1,1
238877,238878,238879,1,1
238877,238878,238879,1,1
238877,238878,238879,1,1
238877,238878,238879,1,1
238877,238878,238879,1,1
238877,238878,238879,1,1
238877,238878,238879,1,1
238877,238878,238879,1,1
238877,238878,238879,1,1
238877,238878,238879,1,1
238877,238878,238879,1,1
238877,238878,238879,1,1
238877,238878,238879,1,1
238877,238878,238880,2,1
238877,238878,238879,1,1
238877,238878,238879,1,1
238877,238878,238879,1,1
238877,238878,238879,1,1
238877,238878,238879,1,1
238877,238878,238880,2,1
238877,238878,238880,2,1
238875,238877,238879,2,2
238875,238877,238879,2,2
238877,238878,238880,2,1
238877,238879,238880,1,2
238875,238879,238880,1,4
238877,238879,238880,1,2
238877,238878,238880,2,1
238877,238879,238880,1,2
238877,238878,238880,2,1
238877,238879,238880,1,2
238877,238879,238880,1,2
238877,238879,238880,1,2
238877,238879,238880,1,2
238875,238879,238882,3,4
238877,238879,238882,3,2
238877,238879,238882,3,2
238668,238668,238883,215,0
238716,238716,238890,174,0
238726,238727,238890,163,1
238875,238890,238891,1,15
238875,238890,238892,2,15
238875,238890,238891,1,15
238875,238890,238892,2,15
238875,238890,238892,2,15
238891,238892,238893,1,1
238891,238892,238893,1,1
238891,238892,238893,1,1
238891,238892,238893,1,1
238891,238892,238893,1,1
238891,238891,238893,2,0
238891,238891,238893,2,0
238891,238891,238893,2,0
238891,238891,238892,1,0
238891,238891,238892,1,0
238891,238891,238893,2,0
238891,238891,238893,2,0
238891,238891,238893,2,0
238891,238891,238892,1,0
238891,238891,238893,2,0
238891,238891,238893,2,0
238891,238891,238893,2,0
238891,238891,238893,2,0
238891,238891,238893,2,0
238891,238891,238893,2,0
238891,238891,238892,1,0
238891,238891,238893,2,0
238891,238891,238893,2,0
238891,238891,238893,2,0
238891,238891,238893,2,0
238891,238891,238892,1,0
238891,238891,238892,1,0
238891,238891,238893,2,0
238891,238891,238893,2,0
238891,238891,238893,2,0
238891,238891,238893,2,0
238891,238891,238893,2,0
238891,238891,238893,2,0
238891,238891,238892,1,0
238891,238891,238892,1,0
238891,238891,238893,2,0
238891,238891,238893,2,0
238891,238891,238893,2,0
238891,238891,238893,2,0
238891,238891,238893,2,0
238891,238891,238893,2,0
238891,238891,238892,1,0
238891,238891,238893,2,0
238891,238891,238893,2,0
238891,238891,238893,2,0
238891,238891,238893,2,0
238891,238891,238893,2,0
238875,238890,238892,2,15
238891,238892,238893,1,1
238891,238892,238893,1,1
238891,238891,238893,2,0
238891,238891,238893,2,0
238891,238891,238893,2,0
238891,238892,238893,1,1
238891,238893,238894,1,2
238891,238892,238893,1,1
238891,238892,238893,1,1
238891,238891,238893,2,0
238891,238892,238894,2,1
238891,238892,238894,2,1
238891,238894,238895,1,3
238891,238894,238895,1,3
238891,238894,238895,1,3
238891,238893,238895,2,2
238891,238894,238895,1,3
238891,238894,238895,1,3
238891,238894,238895,1,3
238891,238894,238895,1,3
238891,238894,238895,1,3
238891,238894,238895,1,3
238891,238894,238896,2,3
238891,238894,238895,1,3
238891,238894,238895,1,3
238891,238894,238896,2,3
238891,238894,238895,1,3
238891,238894,238895,1,3
238891,238894,238895,1,3
238891,238894,238895,1,3
238891,238894,238895,1,3
238891,238894,238896,2,3
238891,238894,238895,1,3
238891,238894,238895,1,3
238891,238894,238895,1,3
234431,234431,238896,4465,0
238891,238894,238896,2,3
238891,238894,238896,2,3
238891,238892,238901,9,1
238891,238892,238901,9,1
238900,238900,238901,1,0
238900,238900,238901,1,0
238900,238900,238901,1,0
238900,238900,238901,1,0
238900,238900,238901,1,0
238900,238900,238901,1,0
238900,238900,238901,1,0
238900,238900,238901,1,0
238900,238900,238901,1,0
238900,238900,238901,1,0
238900,238900,238901,1,0
238900,238900,238902,2,0
238900,238900,238901,1,0
238900,238900,238901,1,0
238900,238900,238901,1,0
238900,238900,238902,2,0
238900,238900,238901,1,0
238900,238900,238901,1,0
238900,238900,238901,1,0
238900,238900,238901,1,0
238900,238900,238902,2,0
238900,238900,238901,1,0
238900,238900,238901,1,0
238900,238900,238902,2,0
238900,238900,238901,1,0
238900,238900,238902,2,0
238900,238900,238901,1,0
238900,238900,238901,1,0
238900,238900,238901,1,0
238900,238900,238901,1,0
238900,238900,238901,1,0
238900,238900,238902,2,0
238900,238900,238902,2,0
238900,238900,238902,2,0
238900,238900,238902,2,0
238900,238900,238902,2,0
238900,238900,238902,2,0
238900,238900,238902,2,0
238900,238900,238902,2,0
238900,238900,238902,2,0
238900,238900,238902,2,0
238900,238900,238902,2,0
238900,238900,238902,2,0
238900,238900,238902,2,0
238891,238893,238904,11,2
234425,234425,238907,4482,0
238900,238900,238910,10,0
238746,238746,238912,166,0
238714,238714,238915,201,0
238919,238919,238921,2,0
238919,238919,238921,2,0
238919,238920,238921,1,1
238919,238920,238921,1,1
238919,238920,238921,1,1
238919,238920,238921,1,1
238919,238920,238921,1,1
238919,238919,238921,2,0
238919,238919,238921,2,0
238919,238919,238921,2,0
238919,238919,238921,2,0
238919,238919,238920,1,0
238919,238919,238921,2,0
238919,238919,238921,2,0
238919,238920,238921,1,1
238919,238920,238921,1,1
238919,238920,238921,1,1
238919,238919,238921,2,0
238919,238919,238921,2,0
238919,238919,238921,2,0
238919,238919,238921,2,0
238919,238919,238921,2,0
238919,238919,238921,2,0
238919,238919,238921,2,0
238919,238919,238921,2,0
238919,238919,238921,2,0
238919,238919,238921,2,0
238919,238919,238921,2,0
238919,238919,238921,2,0
238919,238919,238921,2,0
238919,238919,238921,2,0
238919,238919,238921,2,0
238919,238919,238921,2,0
238919,238919,238922,3,0
238919,238920,238922,2,1
238919,238920,238922,2,1
238919,238919,238921,2,0
238919,238919,238922,3,0
238919,238920,238922,2,1
238919,238920,238922,2,1
238919,238919,238922,3,0
238919,238919,238922,3,0
238919,238919,238922,3,0
238919,238919,238922,3,0
238919,238920,238922,2,1
234430,234430,238926,4496,0
238891,238891,238894,3,0
238891,238891,238894,3,0
238750,238750,238931,181,0
238931,238931,238933,2,0
238931,238931,238933,2,0
238931,238931,238933,2,0
238931,238931,238932,1,0
238931,238931,238933,2,0
238931,238931,238933,2,0
238931,238931,238933,2,0
238931,238931,238933,2,0
238931,238931,238933,2,0
238931,238931,238933,2,0
238931,238931,238932,1,0
238931,238931,238932,1,0
238931,238931,238932,1,0
238931,238931,238933,2,0
238931,238931,238933,2,0
238931,238931,238933,2,0
238931,238931,238933,2,0
238931,238931,238933,2,0
238931,238931,238933,2,0
238931,238931,238932,1,0
238931,238931,238932,1,0
238931,238931,238933,2,0
238931,238931,238933,2,0
238931,238931,238932,1,0
238931,238931,238932,1,0
238931,238931,238932,1,0
238931,238931,238933,2,0
238931,238931,238933,2,0
238931,238931,238932,1,0
238931,238931,238932,1,0
238931,238931,238933,2,0
238931,238931,238933,2,0
238931,238931,238933,2,0
238931,238931,238933,2,0
238931,238931,238934,3,0
238931,238931,238933,2,0
238931,238931,238934,3,0
238931,238931,238933,2,0
238931,238931,238933,2,0
238935,238935,238937,2,0
238935,238935,238936,1,0
238935,238935,238937,2,0
238935,238935,238937,2,0
238935,238935,238937,2,0
238935,238935,238937,2,0
238935,238935,238936,1,0
238935,238935,238937,2,0
238935,238935,238936,1,0
238935,238935,238936,1,0
238935,238935,238937,2,0
238935,238935,238936,1,0
238935,238935,238936,1,0
238935,238935,238936,1,0
238935,238935,238937,2,0
238935,238935,238937,2,0
238935,238935,238936,1,0
238935,238935,238936,1,0
238935,238935,238937,2,0
238935,238935,238937,2,0
238935,238935,238936,1,0
238935,238935,238936,1,0
238935,238935,238936,1,0
238935,238935,238936,1,0
238935,238935,238937,2,0
238935,238935,238937,2,0
238935,238935,238937,2,0
238935,238935,238937,2,0
238935,238935,238938,3,0
238935,238935,238937,2,0
238935,238935,238938,3,0
238935,238935,238937,2,0
238935,238935,238937,2,0
238935,238935,238937,2,0
238935,238935,238937,2,0
238935,238935,238937,2,0
238935,238935,238938,3,0
238935,238935,238938,3,0
238935,238935,238937,2,0
238935,238935,238938,3,0
238935,238935,238937,2,0
238931,238931,238935,4,0
238931,238931,238934,3,0
238935,238946,238947,1,11
238782,238783,238947,164,1
238935,238946,238947,1,11
238949,238949,238951,2,0
238949,238949,238951,2,0
238949,238949,238951,2,0
238949,238949,238951,2,0
238949,238949,238951,2,0
238949,238949,238951,2,0
238949,238949,238951,2,0
238949,238949,238951,2,0
238949,238949,238951,2,0
238949,238949,238951,2,0
238949,238949,238951,2,0
238949,238949,238951,2,0
238949,238949,238951,2,0
238949,238949,238951,2,0
238949,238949,238951,2,0
238949,238949,238951,2,0
238949,238949,238951,2,0
238949,238949,238951,2,0
238949,238949,238951,2,0
238949,238949,238951,2,0
238949,238949,238951,2,0
238949,238949,238951,2,0
238949,238949,238951,2,0
238949,238949,238951,2,0
238949,238949,238951,2,0
238949,238949,238951,2,0
238949,238949,238951,2,0
238949,238949,238952,3,0
238949,238949,238952,3,0
238949,238949,238952,3,0
238949,238949,238951,2,0
238949,238949,238952,3,0
238949,238949,238952,3,0
238949,238949,238952,3,0
238949,238949,238952,3,0
238949,238949,238952,3,0
238949,238949,238952,3,0
238949,238949,238951,2,0
238949,238949,238951,2,0
238949,238949,238951,2,0
238949,238949,238952,3,0
238762,238763,238954,191,1
238949,238949,238955,6,0
238931,238954,238955,1,23
238931,238954,238955,1,23
238931,238954,238955,1,23
238931,238954,238955,1,23
238935,238954,238955,1,19
238935,238954,238956,2,19
238949,238949,238957,8,0
238949,238949,238957,8,0
238949,238949,238957,8,0
238766,238766,238966,200,0
234435,234435,238971,4536,0
238976,238976,238978,2,0
238976,238976,238978,2,0
238976,238976,238978,2,0
238976,238976,238978,2,0
238976,238976,238978,2,0
238976,238976,238978,2,0
238976,238976,238978,2,0
238976,238976,238978,2,0
238976,238976,238978,2,0
238976,238976,238978,2,0
238976,238976,238978,2,0
238976,238976,238978,2,0
238976,238976,238978,2,0
238976,238976,238978,2,0
238976,238976,238978,2,0
238976,238976,238978,2,0
238976,238976,238978,2,0
238976,238976,238978,2,0
238976,238976,238978,2,0
238976,238976,238978,2,0
238976,238976,238978,2,0
238976,238976,238977,1,0
238976,238976,238978,2,0
238976,238976,238978,2,0
238976,238976,238978,2,0
238976,238976,238979,3,0
238976,238976,238979,3,0
238976,238976,238979,3,0
238976,238976,238979,3,0
238799,238803,238978,175,4
238976,238978,238979,1,2
238976,238978,238979,1,2
238976,238976,238979,3,0
238976,238976,238979,3,0
238976,238976,238978,2,0
238976,238978,238979,1,2
238976,238976,238979,3,0
238976,238978,238980,2,2
238976,238978,238980,2,2
238981,238981,238982,1,0
238981,238981,238982,1,0
238981,238981,238982,1,0
238981,238981,238983,2,0
238981,238981,238983,2,0
238981,238981,238982,1,0
238981,238981,238982,1,0
238981,238981,238983,2,0
238981,238981,238983,2,0
238981,238981,238983,2,0
238981,238981,238983,2,0
238981,238981,238983,2,0
238981,238981,238983,2,0
238981,238981,238983,2,0
238981,238981,238982,1,0
238981,238981,238983,2,0
238981,238982,238983,1,1
238981,238981,238983,2,0
238981,238981,238983,2,0
238981,238981,238983,2,0
238981,238981,238983,2,0
238981,238981,238982,1,0
238981,238981,238982,1,0
238981,238981,238983,2,0
238981,238981,238983,2,0
238981,238981,238983,2,0
238983,238983,238984,1,0
238981,238981,238984,3,0
238981,238981,238983,2,0
238983,238983,238984,1,0
238981,238981,238984,3,0
238981,238981,238983,2,0
238981,238981,238983,2,0
238983,238983,238984,1,0
238983,238983,238984,1,0
238983,238983,238984,1,0
238981,238981,238983,2,0
238983,238983,238984,1,0
238983,238983,238984,1,0
238981,238981,238983,2,0
238981,238981,238983,2,0
238983,238983,238984,1,0
238981,238981,238984,3,0
238981,238982,238983,1,1
238981,238981,238984,3,0
238981,238981,238983,2,0
238983,238983,238984,1,0
238983,238983,238984,1,0
238983,238983,238984,1,0
238983,238983,238984,1,0
238983,238983,238984,1,0
238983,238983,238984,1,0
238983,238983,238984,1,0
238983,238983,238985,2,0
238983,238983,238985,2,0
238981,238981,238984,3,0
238983,238983,238984,1,0
238983,238983,238984,1,0
238983,238983,238984,1,0
238983,238983,238984,1,0
238983,238983,238984,1,0
238983,238983,238984,1,0
238983,238983,238984,1,0
238983,238983,238984,1,0
238983,238983,238984,1,0
238981,238981,238984,3,0
238983,238983,238985,2,0
238983,238984,238985,1,1
238983,238984,238986,2,1
238983,238984,238986,2,1
238983,238983,238986,3,0
238983,238984,238986,2,1
238983,238984,238986,2,1
238983,238984,238986,2,1
238983,238984,238986,2,1
238983,238984,238986,2,1
238983,238984,238986,2,1
238983,238984,238986,2,1
238983,238984,238986,2,1
238983,238984,238985,1,1
238983,238983,238985,2,0
238976,238991,238992,1,15
238981,238991,238992,1,10
238976,238991,238992,1,15
238816,238816,238993,177,0
238976,238991,238993,2,15
238981,238991,238993,2,10
238995,238995,238996,1,0
238995,238995,238996,1,0
238995,238995,238996,1,0
238995,238995,238997,2,0
238995,238995,238997,2,0
238995,238995,238996,1,0
238995,238995,238996,1,0
238995,238995,238997,2,0
238995,238995,238997,2,0
238995,238995,238996,1,0
238995,238995,238996,1,0
238995,238995,238996,1,0
238995,238995,238997,2,0
238995,238995,238997,2,0
238995,238995,238996,1,0
238995,238995,238996,1,0
238995,238995,238997,2,0
238995,238995,238997,2,0
238995,238995,238997,2,0
238995,238995,238996,1,0
238995,238995,238996,1,0
238995,238995,238996,1,0
238995,238995,238996,1,0
238995,238995,238996,1,0
238995,238995,238997,2,0
238995,238995,238997,2,0
238995,238995,238996,1,0
238995,238995,238996,1,0
238995,238995,238996,1,0
238995,238995,238996,1,0
238995,238995,238997,2,0
238995,238995,238997,2,0
238995,238995,238997,2,0
238995,238995,238998,3,0
238995,238995,238997,2,0
238995,238995,238997,2,0
238995,238995,238997,2,0
238995,238995,238999,4,0
238827,238827,239001,174,0
238976,239001,239002,1,25
238976,239001,239003,2,25
238981,239001,239003,2,20
238976,239001,239004,3,25
238976,239001,239004,3,25
238981,238981,238984,3,0
238981,238981,238984,3,0
239003,239003,239004,1,0
239003,239003,239004,1,0
239003,239003,239005,2,0
239003,239003,239004,1,0
239003,239003,239004,1,0
239003,239003,239004,1,0
239003,239003,239004,1,0
239003,239003,239004,1,0
239003,239003,239004,1,0
239003,239003,239004,1,0
239003,239003,239005,2,0
239003,239003,239004,1,0
239003,239003,239004,1,0
239003,239003,239004,1,0
239003,239003,239005,2,0
239003,239003,239005,2,0
239003,239003,239005,2,0
239003,239003,239004,1,0
239003,239003,239004,1,0
239003,239003,239004,1,0
239003,239003,239004,1,0
239003,239003,239005,2,0
239003,239003,239005,2,0
239003,239003,239004,1,0
239003,239003,239005,2,0
239003,239003,239005,2,0
239003,239003,239004,1,0
239003,239003,239005,2,0
239003,239003,239005,2,0
239003,239003,239005,2,0
239003,239003,239004,1,0
239003,239003,239004,1,0
239003,239003,239004,1,0
239003,239003,239005,2,0
239003,239003,239005,2,0
239003,239003,239005,2,0
239003,239003,239005,2,0
239003,239003,239004,1,0
239003,239003,239005,2,0
239003,239003,239005,2,0
239003,239003,239005,2,0
239003,239003,239005,2,0
239003,239003,239005,2,0
238983,239005,239006,1,22
238983,239005,239007,2,22
238983,239005,239007,2,22
238983,239005,239007,2,22
238995,239007,239008,1,12
238995,239007,239008,1,12
238995,239007,239008,1,12
238995,239007,239008,1,12
239003,239003,239008,5,0
238995,239007,239009,2,12
238995,239007,239009,2,12
238995,239007,239008,1,12
238835,238835,239008,173,0
238845,238845,239008,163,0
239003,239003,239013,10,0
239026,239026,239027,1,0
239026,239026,239027,1,0
239026,239026,239028,2,0
239026,239026,239027,1,0
239026,239026,239027,1,0
239026,239026,239027,1,0
239026,239026,239028,2,0
239026,239026,239028,2,0
239026,239026,239028,2,0
239026,239026,239027,1,0
239026,239026,239027,1,0
239026,239026,239027,1,0
239026,239026,239027,1,0
239026,239026,239028,2,0
239026,239026,239027,1,0
239026,239026,239027,1,0
239026,239026,239027,1,0
239026,239026,239028,2,0
239026,239026,239028,2,0
239026,239026,239027,1,0
239026,239026,239027,1,0
239026,239026,239027,1,0
239026,239026,239027,1,0
239026,239026,239028,2,0
239026,239026,239027,1,0
239026,239026,239027,1,0
239026,239026,239027,1,0
239026,239026,239027,1,0
239026,239026,239027,1,0
239026,239026,239028,2,0
238854,238854,239027,173,0
239026,239026,239027,1,0
239026,239026,239027,1,0
239026,239026,239028,2,0
234436,234436,239028,4592,0
239026,239026,239028,2,0
239026,239026,239029,3,0
239030,239030,239032,2,0
239030,239030,239031,1,0
239030,239030,239031,1,0
239030,239030,239032,2,0
239030,239030,239032,2,0
239030,239030,239032,2,0
239030,239030,239032,2,0
239030,239030,239032,2,0
239030,239030,239032,2,0
239030,239030,239032,2,0
239030,239030,239032,2,0
239030,239030,239031,1,0
239030,239030,239031,1,0
239030,239030,239031,1,0
239030,239030,239032,2,0
239030,239030,239032,2,0
239030,239030,239031,1,0
239030,239030,239032,2,0
239030,239030,239031,1,0
239030,239030,239031,1,0
239030,239030,239031,1,0
239030,239030,239032,2,0
239030,239030,239031,1,0
239030,239030,239032,2,0
239030,239030,239032,2,0
239030,239030,239032,2,0
239030,239030,239032,2,0
239030,239030,239032,2,0
239030,239030,239031,1,0
239030,239030,239032,2,0
239030,239030,239032,2,0
239030,239030,239033,3,0
239030,239030,239032,2,0
239030,239030,239032,2,0
239030,239030,239032,2,0
239030,239030,239033,3,0
239030,239030,239033,3,0
239030,239030,239032,2,0
239030,239030,239032,2,0
239030,239030,239032,2,0
239030,239030,239032,2,0
239030,239030,239032,2,0
239030,239030,239032,2,0
239034,239035,239037,2,1
239034,239035,239036,1,1
239034,239035,239036,1,1
239034,239035,239036,1,1
239034,239035,239036,1,1
239034,239035,239036,1,1
239034,239035,239036,1,1
239034,239035,239036,1,1
239034,239035,239036,1,1
239034,239035,239036,1,1
239034,239035,239036,1,1
239034,239035,239036,1,1
239034,239035,239037,2,1
239034,239035,239036,1,1
239034,239035,239036,1,1
239034,239035,239036,1,1
239034,239035,239037,2,1
239034,239035,239036,1,1
239034,239035,239036,1,1
239034,239035,239036,1,1
239034,239035,239036,1,1
239034,239035,239036,1,1
239034,239035,239037,2,1
239034,239035,239036,1,1
239034,239035,239036,1,1
239034,239035,239036,1,1
239034,239035,239036,1,1
239034,239035,239036,1,1
239034,239035,239037,2,1
239034,239035,239036,1,1
239034,239035,239036,1,1
239026,239036,239037,1,10
239026,239036,239037,1,10
239034,239035,239037,2,1
239034,239035,239037,2,1
239034,239035,239037,2,1
239034,239035,239037,2,1
239034,239035,239037,2,1
239034,239035,239037,2,1
239034,239035,239037,2,1
239034,239035,239037,2,1
239034,239035,239037,2,1
239034,239035,239038,3,1
239034,239035,239037,2,1
239034,239035,239037,2,1
239034,239035,239038,3,1
239034,239035,239038,3,1
239026,239037,239038,1,11
239026,239037,239038,1,11
239026,239038,239039,1,12
239030,239038,239039,1,8
239026,239038,239039,1,12
239026,239038,239040,2,12
239026,239038,239041,3,12
238864,238864,239042,178,0
238876,238877,239042,165,1
238878,238879,239046,167,1
239046,239047,239048,1,1
239046,239047,239048,1,1
239046,239047,239048,1,1
239046,239047,239048,1,1
239046,239047,239048,1,1
239046,239047,239048,1,1
239046,239047,239049,2,1
239046,239047,239048,1,1
239046,239047,239048,1,1
239046,239047,239048,1,1
239046,239047,239048,1,1
239046,239047,239048,1,1
239046,239047,239048,1,1
239046,239047,239048,1,1
239046,239047,239048,1,1
239046,239047,239048,1,1
239046,239047,239049,2,1
239046,239047,239048,1,1
239046,239047,239048,1,1
239046,239047,239048,1,1
239046,239047,239048,1,1
239046,239047,239048,1,1
239046,239047,239048,1,1
239046,239047,239048,1,1
239046,239047,239048,1,1
239046,239047,239048,1,1
239046,239047,239049,2,1
239046,239047,239048,1,1
238880,238880,239049,169,0
239046,239047,239048,1,1
239046,239047,239048,1,1
239046,239047,239048,1,1
239046,239047,239048,1,1
239046,239047,239048,1,1
239046,239047,239048,1,1
239046,239047,239048,1,1
239046,239047,239048,1,1
239046,239047,239048,1,1
239046,239047,239048,1,1
239046,239047,239048,1,1
239046,239047,239048,1,1
239046,239047,239048,1,1
239046,239047,239048,1,1
239046,239047,239048,1,1
239046,239047,239048,1,1
239046,239047,239049,2,1
239046,239047,239049,2,1
239046,239047,239049,2,1
239046,239047,239049,2,1
239046,239047,239049,2,1
239046,239047,239049,2,1
239046,239047,239049,2,1
239046,239047,239049,2,1
239046,239047,239049,2,1
239046,239047,239049,2,1
239046,239047,239049,2,1
239046,239047,239049,2,1
239046,239047,239049,2,1
239046,239049,239051,2,3
239046,239049,239050,1,3
239046,239049,239051,2,3
239046,239049,239050,1,3
239046,239049,239050,1,3
239046,239049,239050,1,3
239046,239049,239051,2,3
239046,239049,239050,1,3
239046,239049,239050,1,3
239046,239049,239050,1,3
239046,239049,239050,1,3
239046,239049,239051,2,3
239046,239049,239050,1,3
239046,239049,239050,1,3
239046,239049,239050,1,3
239046,239049,239050,1,3
239046,239049,239050,1,3
239046,239049,239050,1,3
239046,239049,239050,1,3
239046,239049,239051,2,3
239046,239049,239051,2,3
239046,239049,239051,2,3
239046,239049,239051,2,3
239046,239049,239051,2,3
239046,239049,239051,2,3
239046,239049,239051,2,3
239046,239049,239051,2,3
238892,238894,239055,161,2
239055,239055,239057,2,0
239055,239055,239057,2,0
239055,239055,239057,2,0
239055,239055,239057,2,0
239055,239055,239057,2,0
239055,239055,239056,1,0
239055,239055,239057,2,0
239055,239055,239057,2,0
239055,239055,239056,1,0
239055,239055,239057,2,0
239055,239055,239057,2,0
239055,239055,239057,2,0
239055,239055,239057,2,0
239055,239055,239057,2,0
239055,239055,239057,2,0
239055,239055,239057,2,0
239055,239055,239057,2,0
239055,239055,239057,2,0
239055,239055,239057,2,0
239055,239055,239057,2,0
239055,239055,239057,2,0
239055,239055,239057,2,0
239055,239055,239056,1,0
239055,239055,239057,2,0
239055,239055,239057,2,0
239055,239055,239056,1,0
239055,239055,239057,2,0
239055,239055,239057,2,0
239055,239055,239057,2,0
239055,239055,239057,2,0
239055,239055,239057,2,0
239055,239055,239057,2,0
239055,239055,239057,2,0
239055,239055,239057,2,0
239055,239055,239057,2,0
239055,239055,239058,3,0
239055,239055,239058,3,0
239055,239055,239058,3,0
239055,239055,239057,2,0
239055,239055,239058,3,0
239055,239055,239058,3,0
239055,239055,239057,2,0
239055,239055,239058,3,0
239055,239055,239058,3,0
239055,239055,239058,3,0
234434,234434,239063,4629,0
239046,239063,239064,1,17
239046,239063,239064,1,17
238874,238874,239065,191,0
239046,239063,239065,2,17
239046,239063,239065,2,17
239046,239063,239065,2,17
239046,239063,239065,2,17
239072,239072,239074,2,0
239072,239072,239074,2,0
239072,239072,239074,2,0
239072,239072,239074,2,0
239072,239072,239073,1,0
239072,239072,239073,1,0
239072,239072,239073,1,0
239072,239072,239073,1,0
239072,239072,239074,2,0
239072,239072,239074,2,0
239072,239072,239074,2,0
239072,239072,239074,2,0
239072,239072,239074,2,0
239072,239072,239074,2,0
239072,239072,239074,2,0
239072,239072,239074,2,0
239072,239072,239073,1,0
239072,239072,239074,2,0
239072,239072,239074,2,0
239072,239072,239074,2,0
239072,239072,239074,2,0
239072,239072,239073,1,0
239072,239072,239074,2,0
239072,239072,239074,2,0
239072,239072,239074,2,0
239072,239072,239074,2,0
239072,239072,239073,1,0
239072,239072,239074,2,0
239072,239072,239074,2,0
239072,239072,239074,2,0
239072,239072,239074,2,0
239072,239072,239074,2,0
239072,239073,239074,1,1
239072,239072,239073,1,0
239072,239072,239074,2,0
239072,239072,239074,2,0
239072,239072,239074,2,0
239072,239072,239074,2,0
239072,239072,239074,2,0
239072,239073,239074,1,1
239072,239072,239073,1,0
239072,239072,239073,1,0
239072,239072,239074,2,0
239072,239072,239074,2,0
239072,239072,239074,2,0
239072,239072,239074,2,0
239072,239073,239074,1,1
239072,239072,239074,2,0
239072,239072,239074,2,0
239072,239072,239075,3,0
239072,239072,239075,3,0
239072,239072,239074,2,0
239072,239074,239075,1,2
239072,239072,239074,2,0
239072,239072,239075,3,0
239072,239072,239075,3,0
239072,239072,239075,3,0
239072,239072,239075,3,0
239072,239072,239075,3,0
239072,239075,239076,1,3
239072,239075,239076,1,3
239072,239074,239076,2,2
239072,239074,239076,2,2
239072,239074,239076,2,2
239072,239074,239076,2,2
239072,239074,239076,2,2
239072,239074,239076,2,2
239072,239074,239076,2,2
239072,239074,239076,2,2
239072,239075,239076,1,3
239072,239075,239076,1,3
239072,239075,239076,1,3
239072,239075,239076,1,3
239072,239075,239076,1,3
238901,238901,239076,175,0
239072,239075,239076,1,3
239072,239075,239076,1,3
239072,239075,239076,1,3
239072,239075,239076,1,3
239072,239075,239077,2,3
239072,239075,239076,1,3
239072,239075,239077,2,3
239072,239075,239077,2,3
239072,239074,239077,3,2
239072,239075,239077,2,3
239082,239082,239084,2,0
239082,239082,239084,2,0
239082,239082,239084,2,0
239082,239082,239084,2,0
239082,239082,239084,2,0
239082,239082,239084,2,0
239082,239082,239084,2,0
239082,239082,239084,2,0
239082,239082,239084,2,0
239082,239082,239084,2,0
239082,239082,239084,2,0
239082,239082,239084,2,0
239082,239082,239084,2,0
239082,239082,239084,2,0
239082,239082,239084,2,0
239082,239082,239084,2,0
239082,239082,239084,2,0
239082,239082,239084,2,0
239082,239082,239084,2,0
239082,239082,239084,2,0
238920,238920,239084,164,0
239082,239082,239084,2,0
239082,239082,239084,2,0
239082,239082,239084,2,0
239082,239082,239084,2,0
239082,239082,239084,2,0
239082,239082,239084,2,0
239082,239082,239084,2,0
239082,239082,239084,2,0
239082,239082,239085,3,0
239082,239082,239084,2,0
239082,239082,239084,2,0
239082,239082,239084,2,0
239082,239082,239084,2,0
239082,239082,239085,3,0
239082,239082,239085,3,0
239082,239082,239085,3,0
239082,239082,239085,3,0
239082,239082,239085,3,0
239082,239082,239085,3,0
239072,239086,239087,1,14
239072,239086,239087,1,14
239072,239086,239087,1,14
239072,239086,239087,1,14
239072,239086,239087,1,14
239072,239086,239087,1,14
239086,239087,239088,1,1
239086,239087,239088,1,1
239086,239087,239088,1,1
239086,239087,239089,2,1
239086,239087,239088,1,1
239086,239087,239088,1,1
239086,239087,239088,1,1
239086,239087,239088,1,1
239086,239087,239089,2,1
239086,239087,239088,1,1
239086,239087,239088,1,1
239086,239087,239088,1,1
239086,239087,239088,1,1
239086,239087,239089,2,1
239086,239087,239088,1,1
239086,239087,239088,1,1
239086,239087,239088,1,1
239086,239087,239088,1,1
239086,239087,239088,1,1
239086,239087,239088,1,1
239086,239087,239088,1,1
239086,239087,239089,2,1
239086,239087,239089,2,1
239086,239087,239088,1,1
239086,239087,239088,1,1
239086,239087,239088,1,1
239086,239087,239088,1,1
239086,239087,239088,1,1
239086,239087,239088,1,1
239086,239087,239088,1,1
239086,239087,239089,2,1
239086,239087,239089,2,1
239086,239087,239088,1,1
239086,239087,239088,1,1
239086,239087,239088,1,1
239086,239087,239089,2,1
239086,239087,239089,2,1
239086,239087,239089,2,1
239086,239087,239089,2,1
239086,239087,239089,2,1
239086,239087,239089,2,1
239086,239087,239089,2,1
239086,239087,239089,2,1
239086,239087,239090,3,1
239086,239087,239089,2,1
238932,238932,239094,162,0
238950,238950,239106,156,0
239106,239106,239107,1,0
239106,239106,239107,1,0
239106,239106,239108,2,0
239106,239106,239107,1,0
239106,239106,239107,1,0
239106,239106,239108,2,0
239106,239106,239107,1,0
239106,239106,239107,1,0
239106,239106,239108,2,0
239106,239106,239108,2,0
239106,239106,239107,1,0
239106,239106,239108,2,0
239106,239106,239107,1,0
239106,239106,239108,2,0
239106,239106,239107,1,0
239106,239106,239107,1,0
239106,239106,239107,1,0
239106,239106,239108,2,0
239106,239106,239107,1,0
239106,239106,239107,1,0
239106,239106,239107,1,0
239106,239106,239108,2,0
239106,239106,239108,2,0
239106,239106,239107,1,0
239106,239106,239107,1,0
239106,239106,239107,1,0
239106,239106,239107,1,0
239106,239106,239108,2,0
239106,239106,239107,1,0
239106,239106,239107,1,0
239106,239106,239107,1,0
239106,239106,239107,1,0
239106,239106,239107,1,0
239082,239106,239107,1,24
239082,239106,239107,1,24
239082,239106,239108,2,24
239082,239106,239108,2,24
239082,239106,239108,2,24
239082,239106,239108,2,24
239106,239106,239108,2,0
238946,238946,239108,162,0
239106,239106,239108,2,0
239106,239106,239108,2,0
239106,239106,239108,2,0
239106,239106,239108,2,0
239106,239106,239108,2,0
234430,234430,239109,4679,0
239111,239111,239112,1,0
239111,239111,239112,1,0
239111,239112,239113,1,1
239111,239112,239113,1,1
239111,239112,239113,1,1
239111,239112,239113,1,1
239111,239112,239113,1,1
239111,239112,239113,1,1
239111,239112,239113,1,1
239111,239111,239113,2,0
239111,239111,239113,2,0
239111,239111,239113,2,0
239111,239111,239113,2,0
239111,239111,239113,2,0
239111,239111,239113,2,0
239111,239111,239113,2,0
239111,239111,239113,2,0
239111,239111,239113,2,0
239111,239111,239113,2,0
239111,239111,239113,2,0
239111,239111,239113,2,0
239111,239111,239113,2,0
239111,239111,239113,2,0
239111,239111,239113,2,0
239111,239111,239113,2,0
239111,239111,239113,2,0
239111,239111,239112,1,0
239111,239111,239113,2,0
239111,239111,239113,2,0
239111,239111,239113,2,0
239111,239111,239113,2,0
239111,239111,239113,2,0
239111,239111,239113,2,0
239111,239111,239113,2,0
239111,239111,239113,2,0
239111,239111,239113,2,0
239111,239111,239113,2,0
239111,239111,239113,2,0
239111,239112,239113,1,1
239111,239111,239113,2,0
239111,239111,239113,2,0
239111,239111,239113,2,0
239111,239111,239113,2,0
239111,239111,239113,2,0
239111,239112,239113,1,1
239111,239111,239113,2,0
239111,239111,239113,2,0
239111,239111,239113,2,0
239111,239111,239113,2,0
239111,239112,239114,2,1
239111,239112,239114,2,1
239111,239113,239114,1,2
239111,239113,239114,1,2
239111,239113,239114,1,2
239111,239113,239114,1,2
239111,239111,239114,3,0
239111,239111,239114,3,0
239111,239111,239114,3,0
239111,239111,239114,3,0
239111,239114,239116,2,3
239111,239114,239115,1,3
239111,239114,239115,1,3
239111,239114,239115,1,3
239111,239114,239115,1,3
239111,239114,239116,2,3
239111,239114,239115,1,3
239111,239114,239115,1,3
239111,239114,239116,2,3
239111,239114,239116,2,3
239111,239114,239115,1,3
239111,239114,239115,1,3
239111,239114,239115,1,3
239111,239114,239116,2,3
239111,239114,239116,2,3
239111,239114,239115,1,3
239111,239114,239116,2,3
239111,239114,239115,1,3
239106,239114,239115,1,8
239106,239114,239115,1,8
239106,239114,239115,1,8
239106,239114,239115,1,8
239106,239114,239116,2,8
239111,239114,239116,2,3
239111,239114,239116,2,3
239111,239114,239116,2,3
239111,239114,239116,2,3
239106,239114,239116,2,8
234431,234431,239119,4688,0
239119,239119,239121,2,0
239119,239119,239121,2,0
239119,239120,239121,1,1
239119,239120,239121,1,1
239119,239120,239121,1,1
239119,239120,239121,1,1
239119,239120,239121,1,1
239119,239119,239121,2,0
239119,239120,239121,1,1
239119,239120,239121,1,1
239119,239120,239121,1,1
239119,239119,239121,2,0
239119,239120,239121,1,1
239119,239120,239121,1,1
239119,239120,239122,2,1
239119,239120,239121,1,1
239119,239119,239121,2,0
239119,239120,239121,1,1
239119,239120,239121,1,1
239119,239120,239122,2,1
239119,239120,239121,1,1
239119,239120,239121,1,1
239119,239120,239121,1,1
239119,239120,239121,1,1
239119,239120,239121,1,1
239119,239120,239121,1,1
239119,239120,239121,1,1
239119,239119,239121,2,0
239119,239120,239121,1,1
239119,239120,239121,1,1
239119,239120,239121,1,1
239119,239120,239121,1,1
239119,239120,239121,1,1
239119,239120,239121,1,1
239119,239120,239121,1,1
239119,239120,239121,1,1
239119,239120,239122,2,1
239119,239120,239122,2,1
239119,239120,239122,2,1
239119,239120,239122,2,1
239119,239120,239122,2,1
239119,239120,239122,2,1
239119,239120,239122,2,1
239119,239120,239122,2,1
239119,239120,239122,2,1
238977,238978,239124,146,1
239111,239112,239113,1,1
239111,239112,239114,2,1
239111,239112,239114,2,1
239111,239112,239114,2,1
239138,239138,239139,1,0
239111,239137,239138,1,26
239111,239137,239139,2,26
239138,239138,239139,1,0
239138,239138,239139,1,0
239138,239138,239140,2,0
239138,239138,239139,1,0
239138,239138,239140,2,0
239138,239138,239139,1,0
239138,239138,239139,1,0
239138,239138,239139,1,0
239138,239138,239139,1,0
239138,239138,239140,2,0
239138,239138,239139,1,0
239138,239138,239139,1,0
239138,239138,239139,1,0
239138,239138,239139,1,0
239138,239138,239139,1,0
239138,239138,239139,1,0
239138,239138,239140,2,0
239138,239138,239139,1,0
239138,239138,239139,1,0
239138,239138,239139,1,0
239138,239138,239140,2,0
239111,239137,239140,3,26
239138,239138,239139,1,0
239138,239138,239140,2,0
239138,239138,239139,1,0
239138,239138,239140,2,0
239138,239138,239140,2,0
239138,239138,239140,2,0
239138,239138,239140,2,0
239138,239138,239140,2,0
239138,239138,239140,2,0
239138,239138,239141,3,0
239138,239138,239140,2,0
239138,239138,239140,2,0
239138,239138,239140,2,0
239138,239138,239140,2,0
239138,239140,239141,1,2
239138,239140,239141,1,2
239138,239140,239142,2,2
239138,239140,239142,2,2
239138,239145,239146,1,7
239138,239145,239146,1,7
239138,239145,239146,1,7
239138,239145,239146,1,7
239138,239145,239147,2,7
238982,238982,239151,169,0
238996,238996,239154,158,0
238984,238984,239156,172,0
239162,239162,239163,1,0
239162,239162,239163,1,0
239162,239162,239163,1,0
239162,239162,239164,2,0
239162,239162,239164,2,0
239162,239162,239164,2,0
239162,239162,239163,1,0
239162,239162,239163,1,0
239162,239162,239164,2,0
239162,239162,239163,1,0
239162,239162,239164,2,0
239162,239162,239163,1,0
239162,239162,239163,1,0
239162,239162,239163,1,0
239162,239162,239164,2,0
239162,239162,239164,2,0
239162,239162,239164,2,0
239162,239162,239163,1,0
239162,239162,239164,2,0
239162,239162,239163,1,0
239162,239162,239163,1,0
239162,239162,239164,2,0
239162,239162,239163,1,0
239162,239162,239164,2,0
239162,239162,239163,1,0
239162,239162,239164,2,0
239162,239162,239164,2,0
239162,239162,239163,1,0
239162,239162,239163,1,0
239162,239162,239163,1,0
239162,239162,239164,2,0
239162,239162,239164,2,0
239162,239162,239164,2,0
239162,239162,239165,3,0
239162,239162,239164,2,0
239162,239162,239164,2,0
239162,239162,239164,2,0
239162,239162,239164,2,0
239162,239164,239165,1,2
239162,239162,239164,2,0
239162,239162,239165,3,0
239162,239162,239164,2,0
239162,239164,239165,1,2
239162,239162,239164,2,0
239162,239162,239165,3,0
239162,239162,239164,2,0
239162,239162,239165,3,0
239162,239162,239165,3,0
239162,239162,239164,2,0
239162,239162,239164,2,0
239162,239162,239164,2,0
239164,239164,239165,1,0
239164,239165,239166,1,1
239164,239165,239166,1,1
239164,239165,239166,1,1
239164,239165,239166,1,1
239164,239165,239166,1,1
239164,239165,239166,1,1
239164,239165,239166,1,1
239164,239165,239166,1,1
239162,239162,239166,4,0
239162,239164,239166,2,2
239162,239164,239166,2,2
239164,239165,239166,1,1
239164,239165,239166,1,1
239164,239165,239166,1,1
239162,239164,239166,2,2
239162,239164,239166,2,2
239162,239164,239166,2,2
239162,239164,239166,2,2
239164,239165,239166,1,1
239162,239164,239166,2,2
239162,239164,239166,2,2
239162,239164,239166,2,2
239162,239164,239166,2,2
239162,239164,239166,2,2
239162,239164,239166,2,2
239162,239164,239166,2,2
239162,239164,239166,2,2
239162,239164,239166,2,2
239164,239164,239166,2,0
239164,239164,239166,2,0
239164,239164,239166,2,0
239164,239164,239166,2,0
239164,239164,239166,2,0
239162,239164,239167,3,2
239162,239164,239167,3,2
239164,239165,239167,2,1
239162,239164,239167,3,2
239162,239164,239167,3,2
239162,239164,239167,3,2
239164,239166,239167,1,2
239162,239164,239167,3,2
239162,239164,239167,3,2
239164,239166,239168,2,2
239164,239166,239168,2,2
239164,239166,239168,2,2
239164,239166,239168,2,2
239164,239166,239168,2,2
239164,239166,239168,2,2
239164,239166,239168,2,2
239164,239167,239168,1,3
239164,239167,239168,1,3
239164,239167,239168,1,3
239164,239167,239168,1,3
239164,239166,239168,2,2
239164,239166,239168,2,2
239164,239166,239168,2,2
239164,239166,239168,2,2
239164,239166,239169,3,2
239164,239166,239168,2,2
239164,239166,239168,2,2
239164,239166,239168,2,2
238936,238936,239177,241,0
239004,239004,239177,173,0
239162,239177,239178,1,15
239162,239177,239178,1,15
239162,239177,239179,2,15
239162,239177,239178,1,15
239162,239177,239180,3,15
239162,239162,239181,19,0
239162,239162,239181,19,0
239180,239180,239181,1,0
239180,239180,239182,2,0
239180,239180,239182,2,0
239180,239180,239181,1,0
239180,239180,239181,1,0
239180,239180,239182,2,0
239180,239180,239181,1,0
239180,239180,239182,2,0
239180,239180,239181,1,0
239180,239180,239181,1,0
239180,239180,239181,1,0
239180,239180,239181,1,0
239180,239180,239182,2,0
239180,239180,239181,1,0
239180,239180,239181,1,0
239180,239180,239181,1,0
239180,239180,239181,1,0
239180,239180,239182,2,0
239180,239180,239181,1,0
239180,239180,239181,1,0
239180,239180,239182,2,0
239180,239180,239181,1,0
239162,239181,239182,1,19
239162,239181,239182,1,19
239162,239181,239182,1,19
239180,239180,239182,2,0
239180,239180,239182,2,0
239180,239180,239182,2,0
239180,239180,239182,2,0
239180,239180,239182,2,0
239180,239180,239182,2,0
239180,239180,239182,2,0
239180,239180,239182,2,0
239182,239182,239183,1,0
239180,239180,239182,2,0
239180,239180,239183,3,0
239180,239180,239182,2,0
239180,239180,239182,2,0
239180,239180,239182,2,0
239180,239180,239182,2,0
239182,239182,239183,1,0
239182,239182,239183,1,0
239182,239182,239183,1,0
239180,239180,239182,2,0
239180,239180,239182,2,0
239180,239180,239182,2,0
239180,239180,239182,2,0
239182,239182,239183,1,0
239162,239162,239182,20,0
239162,239181,239182,1,19
239162,239181,239183,2,19
239182,239182,239183,1,0
239182,239182,239183,1,0
239182,239182,239183,1,0
239180,239180,239183,3,0
239182,239182,239184,2,0
239180,239180,239183,3,0
239180,239180,239184,4,0
239182,239182,239183,1,0
239182,239182,239183,1,0
239182,239182,239183,1,0
239182,239182,239183,1,0
239182,239182,239183,1,0
239182,239182,239184,2,0
239182,239182,239184,2,0
239180,239180,239184,4,0
239182,239182,239183,1,0
239182,239182,239183,1,0
239182,239182,239184,2,0
239180,239180,239184,4,0
239182,239182,239183,1,0
239182,239182,239183,1,0
239162,239181,239183,2,19
239182,239182,239184,2,0
239164,239166,239184,18,2
239164,239166,239183,17,2
239182,239182,239184,2,0
239182,239182,239185,3,0
239182,239182,239185,3,0
239182,239182,239184,2,0
239182,239182,239184,2,0
239182,239183,239185,2,1
239182,239183,239185,2,1
239182,239183,239184,1,1
239182,239183,239185,2,1
239182,239183,239185,2,1
239182,239183,239185,2,1
239182,239183,239185,2,1
239182,239182,239185,3,0
239182,239182,239185,3,0
239182,239183,239185,2,1
239182,239183,239185,2,1
239182,239183,239185,2,1
239182,239182,239184,2,0
239182,239183,239185,2,1
239182,239183,239185,2,1
239182,239183,239185,2,1
239036,239036,239187,151,0
239027,239027,239189,162,0
239182,239183,239190,7,1
239182,239183,239190,7,1
239031,239031,239192,161,0
239205,239205,239207,2,0
239205,239205,239207,2,0
239205,239205,239207,2,0
239205,239205,239206,1,0
239205,239205,239207,2,0
239205,239205,239206,1,0
239205,239205,239207,2,0
239205,239205,239207,2,0
239205,239205,239207,2,0
239205,239205,239206,1,0
239205,239205,239206,1,0
239205,239205,239207,2,0
239205,239205,239207,2,0
239205,239205,239207,2,0
239205,239205,239206,1,0
239205,239205,239206,1,0
239205,239205,239206,1,0
239205,239205,239207,2,0
239205,239205,239207,2,0
239205,239205,239207,2,0
239205,239205,239206,1,0
239205,239205,239206,1,0
239205,239205,239206,1,0
239205,239205,239207,2,0
239205,239205,239207,2,0
239205,239205,239207,2,0
239205,239205,239207,2,0
239205,239205,239207,2,0
239205,239205,239207,2,0
239205,239205,239206,1,0
239205,239205,239206,1,0
239205,239205,239207,2,0
239205,239205,239207,2,0
239205,239205,239207,2,0
239205,239205,239207,2,0
239205,239205,239206,1,0
239205,239205,239206,1,0
239205,239205,239206,1,0
239205,239205,239207,2,0
239205,239205,239207,2,0
239205,239205,239207,2,0
239205,239205,239206,1,0
239205,239205,239207,2,0
239205,239205,239207,2,0
239205,239205,239207,2,0
239205,239205,239207,2,0
239205,239205,239208,3,0
239205,239205,239208,3,0
239205,239205,239208,3,0
239205,239205,239207,2,0
239205,239205,239208,3,0
239205,239205,239207,2,0
239205,239205,239208,3,0
239205,239205,239208,3,0
239205,239205,239207,2,0
239205,239205,239207,2,0
239048,239049,239207,158,1
239205,239205,239208,3,0
239205,239205,239207,2,0
239205,239207,239209,2,2
239205,239207,239209,2,2
239205,239207,239209,2,2
239205,239208,239209,1,3
239205,239207,239208,1,2
239205,239207,239209,2,2
239205,239207,239209,2,2
239205,239207,239209,2,2
239205,239207,239209,2,2
239205,239207,239209,2,2
239205,239207,239209,2,2
239205,239207,239209,2,2
239205,239207,239209,2,2
239205,239207,239209,2,2
239205,239207,239210,3,2
239205,239207,239210,3,2
239205,239208,239210,2,3
239205,239207,239209,2,2
239205,239207,239210,3,2
239205,239207,239210,3,2
239205,239207,239210,3,2
239205,239207,239210,3,2
239205,239206,239213,7,1
239205,239206,239213,7,1
239205,239206,239213,7,1
239205,239206,239214,8,1
239205,239206,239215,9,1
234431,234431,239217,4786,0
239219,239219,239220,1,0
239219,239219,239220,1,0
239219,239219,239220,1,0
239219,239219,239221,2,0
239219,239219,239221,2,0
239219,239219,239220,1,0
239219,239219,239221,2,0
239219,239219,239220,1,0
239219,239219,239221,2,0
239219,239219,239220,1,0
239219,239219,239220,1,0
239219,239219,239221,2,0
239219,239219,239221,2,0
239219,239219,239220,1,0
239219,239219,239220,1,0
239219,239219,239220,1,0
239219,239219,239220,1,0
239219,239219,239221,2,0
239219,239219,239221,2,0
239219,239219,239220,1,0
239219,239219,239220,1,0
239219,239219,239221,2,0
239219,239219,239221,2,0
239219,239219,239221,2,0
239219,239219,239220,1,0
239219,239219,239220,1,0
239219,239219,239220,1,0
239219,239219,239220,1,0
239219,239219,239221,2,0
239219,239220,239221,1,1
239219,239220,239221,1,1
239219,239220,239221,1,1
239219,239220,239221,1,1
239219,239219,239221,2,0
239219,239219,239222,3,0
239219,239219,239221,2,0
239219,239219,239222,3,0
239219,239219,239222,3,0
239219,239220,239222,2,1
239219,239220,239222,2,1
239219,239220,239222,2,1
239219,239220,239222,2,1
239170,239172,239222,50,2
239056,239056,239223,167,0
239219,239220,239223,3,1
239223,239223,239225,2,0
239223,239223,239224,1,0
239223,239223,239224,1,0
239223,239223,239225,2,0
239223,239223,239225,2,0
239223,239223,239224,1,0
239223,239223,239224,1,0
239223,239223,239224,1,0
239223,239223,239224,1,0
239223,239223,239225,2,0
239223,239223,239224,1,0
239223,239223,239224,1,0
239223,239223,239225,2,0
239223,239223,239224,1,0
239223,239223,239224,1,0
239223,239223,239224,1,0
239223,239223,239225,2,0
239223,239223,239224,1,0
239223,239223,239224,1,0
239223,239223,239225,2,0
239223,239223,239225,2,0
239223,239223,239224,1,0
239223,239223,239224,1,0
239223,239223,239225,2,0
239223,239223,239225,2,0
239223,239223,239225,2,0
239223,239223,239225,2,0
239223,239223,239224,1,0
239223,239223,239224,1,0
239223,239223,239224,1,0
239223,239223,239225,2,0
239223,239223,239225,2,0
239223,239223,239225,2,0
239205,239224,239225,1,19
239205,239224,239225,1,19
239219,239224,239225,1,5
239219,239224,239225,1,5
239223,239223,239226,3,0
239223,239223,239225,2,0
239223,239223,239225,2,0
239223,239223,239225,2,0
239223,239223,239225,2,0
239205,239224,239226,2,19
239205,239224,239226,2,19
239205,239224,239225,1,19
239223,239223,239226,3,0
239223,239223,239229,6,0
239220,239223,239229,6,3
239238,239239,239240,1,1
239238,239239,239240,1,1
239238,239239,239241,2,1
239238,239239,239240,1,1
239238,239239,239240,1,1
239238,239239,239240,1,1
239238,239239,239240,1,1
239238,239239,239241,2,1
239238,239239,239240,1,1
239238,239239,239240,1,1
239238,239239,239240,1,1
239238,239239,239240,1,1
239238,239239,239241,2,1
239238,239239,239240,1,1
239238,239239,239240,1,1
239238,239239,239240,1,1
239238,239239,239240,1,1
239238,239239,239240,1,1
239088,239088,239241,153,0
239238,239239,239240,1,1
239238,239239,239240,1,1
239238,239239,239240,1,1
239238,239239,239241,2,1
239238,239239,239241,2,1
239238,239239,239240,1,1
239238,239239,239240,1,1
239238,239239,239240,1,1
239238,239239,239241,2,1
239238,239239,239240,1,1
239238,239239,239240,1,1
239238,239239,239240,1,1
239238,239239,239240,1,1
239238,239239,239240,1,1
239238,239239,239240,1,1
239238,239239,239240,1,1
239238,239239,239240,1,1
239238,239239,239240,1,1
239238,239239,239241,2,1
239238,239239,239242,3,1
239238,239239,239241,2,1
239238,239239,239241,2,1
239238,239239,239241,2,1
239238,239239,239241,2,1
239238,239239,239241,2,1
239223,239241,239242,1,18
239223,239241,239242,1,18
239223,239241,239242,1,18
239238,239241,239242,1,3
239238,239241,239242,1,3
239223,239241,239243,2,18
239223,239241,239243,2,18
239083,239083,239244,161,0
239073,239075,239248,173,2
239254,239254,239255,1,0
239254,239254,239255,1,0
239254,239254,239255,1,0
239254,239254,239255,1,0
239254,239254,239256,2,0
239254,239254,239255,1,0
239254,239254,239256,2,0
239254,239254,239255,1,0
239254,239254,239255,1,0
239254,239254,239256,2,0
239254,239254,239256,2,0
239254,239254,239256,2,0
239254,239255,239256,1,1
239254,239255,239256,1,1
239254,239255,239256,1,1
239254,239255,239256,1,1
239254,239254,239255,1,0
239254,239254,239255,1,0
239254,239254,239255,1,0
239254,239255,239256,1,1
239254,239255,239256,1,1
239254,239254,239255,1,0
239254,239254,239255,1,0
239254,239254,239255,1,0
239254,239254,239256,2,0
239254,239255,239256,1,1
239254,239255,239256,1,1
239254,239254,239255,1,0
239254,239254,239255,1,0
239254,239254,239256,2,0
239254,239254,239256,2,0
239254,239255,239256,1,1
239254,239255,239256,1,1
239254,239254,239255,1,0
239254,239254,239255,1,0
239254,239254,239256,2,0
239254,239254,239256,2,0
239254,239254,239256,2,0
239254,239255,239256,1,1
239254,239255,239256,1,1
239254,239254,239256,2,0
239254,239254,239256,2,0
239254,239254,239256,2,0
239254,239254,239256,2,0
239254,239255,239256,1,1
239254,239255,239256,1,1
239254,239254,239256,2,0
239254,239254,239256,2,0
239254,239254,239256,2,0
239254,239255,239256,1,1
239254,239255,239256,1,1
239254,239256,239257,1,2
239254,239254,239257,3,0
239254,239254,239256,2,0
239254,239256,239257,1,2
239254,239256,239257,1,2
239254,239255,239256,1,1
239254,239255,239257,2,1
239254,239254,239257,3,0
239254,239254,239257,3,0
239254,239254,239257,3,0
239254,239254,239256,2,0
239254,239254,239257,3,0
239254,239256,239257,1,2
239254,239256,239257,1,2
239254,239256,239257,1,2
239254,239256,239258,2,2
239254,239256,239258,2,2
239254,239256,239258,2,2
239254,239257,239258,1,3
239254,239256,239258,2,2
239254,239256,239258,2,2
239254,239256,239258,2,2
239254,239256,239258,2,2
239254,239256,239258,2,2
239254,239256,239258,2,2
239254,239256,239258,2,2
239254,239256,239258,2,2
239254,239256,239258,2,2
239254,239256,239259,3,2
239254,239256,239259,3,2
239254,239256,239259,3,2
239254,239256,239259,3,2
239254,239256,239259,3,2
239254,239256,239259,3,2
239260,239260,239261,1,0
239260,239260,239261,1,0
239260,239260,239261,1,0
239260,239260,239262,2,0
239260,239260,239261,1,0
239260,239260,239261,1,0
239260,239260,239262,2,0
239260,239260,239262,2,0
239260,239260,239261,1,0
239260,239260,239261,1,0
239260,239260,239261,1,0
239260,239260,239261,1,0
239260,239260,239261,1,0
239260,239260,239261,1,0
239260,239260,239261,1,0
239260,239260,239261,1,0
239260,239260,239261,1,0
239260,239260,239262,2,0
239260,239260,239261,1,0
239260,239260,239261,1,0
239260,239260,239262,2,0
239260,239260,239262,2,0
239260,239260,239262,2,0
239260,239260,239261,1,0
239260,239260,239261,1,0
239260,239260,239261,1,0
239260,239260,239262,2,0
239260,239260,239261,1,0
239260,239260,239261,1,0
239260,239260,239262,2,0
239260,239260,239261,1,0
239260,239260,239262,2,0
239260,239260,239262,2,0
239260,239260,239261,1,0
239260,239260,239262,2,0
239260,239260,239262,2,0
239260,239260,239262,2,0
239260,239260,239262,2,0
239260,239260,239262,2,0
239260,239260,239262,2,0
239260,239260,239262,2,0
239260,239260,239262,2,0
239260,239260,239263,3,0
239260,239260,239262,2,0
239260,239260,239262,2,0
239112,239114,239266,152,2
239254,239264,239266,2,10
239254,239264,239265,1,10
239254,239264,239266,2,10
239254,239264,239267,3,10
239120,239120,239267,147,0
239107,239107,239268,161,0
239270,239270,239271,1,0
239270,239270,239271,1,0
239270,239270,239271,1,0
239270,239270,239271,1,0
239270,239270,239271,1,0
239270,239270,239271,1,0
239270,239270,239272,2,0
239270,239270,239271,1,0
239270,239270,239272,2,0
239270,239270,239272,2,0
239270,239270,239271,1,0
239270,239270,239271,1,0
239270,239270,239271,1,0
239270,239270,239272,2,0
239270,239270,239272,2,0
239270,239270,239272,2,0
239270,239270,239271,1,0
239270,239270,239271,1,0
239270,239270,239271,1,0
239270,239270,239272,2,0
239270,239270,239272,2,0
239270,239270,239272,2,0
239270,239270,239271,1,0
239270,239270,239272,2,0
239270,239270,239271,1,0
239270,239270,239272,2,0
239270,239270,239271,1,0
239270,239270,239271,1,0
239270,239270,239271,1,0
239270,239270,239272,2,0
239270,239270,239272,2,0
239270,239270,239272,2,0
239270,239270,239271,1,0
239270,239270,239271,1,0
239270,239270,239272,2,0
239270,239270,239272,2,0
239270,239270,239272,2,0
239270,239270,239271,1,0
239270,239270,239271,1,0
239270,239270,239272,2,0
239270,239270,239272,2,0
239270,239270,239272,2,0
239270,239270,239272,2,0
239270,239270,239272,2,0
239270,239270,239272,2,0
239270,239270,239272,2,0
239270,239270,239272,2,0
239270,239270,239272,2,0
239270,239270,239271,1,0
239270,239270,239272,2,0
239270,239270,239272,2,0
239270,239271,239272,1,1
239270,239271,239272,1,1
239270,239271,239272,1,1
239270,239270,239272,2,0
239270,239270,239272,2,0
239270,239270,239272,2,0
239270,239270,239272,2,0
239270,239270,239272,2,0
239270,239270,239272,2,0
239270,239271,239272,1,1
239270,239271,239272,1,1
239270,239270,239272,2,0
239270,239270,239273,3,0
239270,239270,239272,2,0
239270,239270,239272,2,0
239270,239270,239272,2,0
239270,239270,239272,2,0
239270,239270,239273,3,0
239270,239270,239272,2,0
239270,239272,239274,2,2
239270,239272,239274,2,2
239270,239272,239274,2,2
239270,239272,239273,1,2
239270,239272,239274,2,2
239270,239272,239274,2,2
239270,239272,239274,2,2
239270,239272,239274,2,2
239270,239272,239274,2,2
239270,239272,239274,2,2
239270,239272,239274,2,2
239270,239272,239274,2,2
239270,239272,239274,2,2
239270,239272,239274,2,2
239270,239272,239274,2,2
239270,239272,239274,2,2
239270,239272,239274,2,2
239270,239272,239274,2,2
239270,239272,239274,2,2
239270,239272,239274,2,2
234434,234434,239282,4848,0
239291,239291,239293,2,0
239291,239291,239293,2,0
239291,239292,239293,1,1
239291,239291,239293,2,0
239291,239292,239293,1,1
239291,239291,239293,2,0
239291,239291,239293,2,0
239291,239291,239293,2,0
239291,239291,239293,2,0
239291,239291,239293,2,0
239291,239291,239293,2,0
239291,239291,239293,2,0
239291,239291,239293,2,0
239291,239292,239293,1,1
239291,239292,239293,1,1
239291,239291,239293,2,0
239291,239291,239293,2,0
239291,239291,239293,2,0
239291,239292,239293,1,1
239291,239291,239293,2,0
239291,239291,239293,2,0
239291,239292,239293,1,1
239291,239292,239293,1,1
239291,239291,239293,2,0
239291,239291,239293,2,0
239291,239292,239293,1,1
239291,239292,239293,1,1
239291,239291,239293,2,0
239291,239291,239293,2,0
239291,239292,239293,1,1
239291,239292,239293,1,1
239291,239292,239293,1,1
239291,239292,239293,1,1
239291,239292,239293,1,1
239291,239292,239294,2,1
239291,239291,239294,3,0
239291,239292,239294,2,1
239291,239292,239294,2,1
239291,239292,239294,2,1
239291,239292,239294,2,1
239291,239292,239294,2,1
239291,239292,239294,2,1
239291,239292,239294,2,1
239291,239292,239294,2,1
239291,239292,239294,2,1
239163,239164,239317,153,1
239147,239147,239318,171,0
239139,239145,239318,173,6
239169,239169,239319,150,0
239318,239318,239320,2,0
239318,239318,239320,2,0
239318,239318,239320,2,0
239318,239318,239320,2,0
239318,239318,239320,2,0
239318,239318,239319,1,0
239318,239318,239320,2,0
239318,239318,239320,2,0
239318,239318,239320,2,0
239318,239319,239320,1,1
239318,239319,239320,1,1
239318,239319,239320,1,1
239318,239318,239320,2,0
239318,239318,239319,1,0
239318,239318,239320,2,0
239318,239318,239320,2,0
239318,239318,239320,2,0
239318,239318,239321,3,0
239318,239318,239320,2,0
239318,239318,239320,2,0
239318,239318,239320,2,0
239318,239318,239321,3,0
239318,239318,239320,2,0
239318,239318,239320,2,0
239318,239318,239320,2,0
239318,239318,239321,3,0
239318,239318,239320,2,0
239318,239318,239320,2,0
239318,239318,239321,3,0
239318,239318,239320,2,0
239318,239318,239320,2,0
239318,239318,239321,3,0
239320,239320,239321,1,0
239320,239320,239321,1,0
239318,239318,239320,2,0
239318,239318,239320,2,0
239320,239320,239321,1,0
239320,239320,239321,1,0
239318,239319,239320,1,1
239318,239319,239320,1,1
239320,239320,239321,1,0
239320,239320,239321,1,0
239318,239318,239321,3,0
239318,239318,239320,2,0
239320,239320,239321,1,0
239318,239318,239321,3,0
239320,239320,239321,1,0
239320,239320,239321,1,0
239318,239318,239321,3,0
239320,239320,239321,1,0
239320,239320,239321,1,0
239320,239320,239321,1,0
239320,239320,239321,1,0
239320,239320,239321,1,0
239320,239320,239321,1,0
239320,239320,239321,1,0
239320,239320,239321,1,0
239320,239320,239321,1,0
239320,239320,239321,1,0
239320,239320,239321,1,0
239320,239320,239322,2,0
239320,239320,239321,1,0
239320,239320,239321,1,0
239320,239320,239322,2,0
239320,239320,239321,1,0
239320,239320,239321,1,0
239320,239320,239321,1,0
239320,239320,239321,1,0
239320,239320,239321,1,0
239320,239320,239322,2,0
239320,239320,239322,2,0
239320,239321,239323,2,1
239320,239321,239323,2,1
239320,239321,239323,2,1
239320,239321,239323,2,1
239320,239321,239323,2,1
239320,239321,239323,2,1
239320,239321,239323,2,1
239320,239321,239323,2,1
239320,239321,239323,2,1
239320,239322,239323,1,2
239320,239321,239323,2,1
239320,239321,239322,1,1
239320,239321,239322,1,1
239320,239321,239323,2,1
239320,239321,239323,2,1
239320,239321,239322,1,1
239320,239321,239322,1,1
239320,239321,239323,2,1
239320,239321,239322,1,1
239320,239321,239322,1,1
239320,239321,239323,2,1
239320,239321,239323,2,1
239320,239321,239322,1,1
239320,239321,239323,2,1
239320,239321,239323,2,1
239320,239321,239323,2,1
239320,239321,239323,2,1
239320,239321,239322,1,1
239320,239321,239322,1,1
239320,239321,239322,1,1
239320,239321,239322,1,1
239320,239322,239324,2,2
239320,239322,239324,2,2
239320,239322,239325,3,2
239320,239322,239324,2,2
239320,239322,239324,2,2
239320,239321,239324,3,1
239320,239322,239324,2,2
239320,239322,239325,3,2
239320,239322,239324,2,2
239320,239322,239324,2,2
239320,239322,239325,3,2
239320,239322,239324,2,2
239320,239322,239324,2,2
239320,239322,239324,2,2
239320,239322,239324,2,2
239320,239322,239324,2,2
239320,239322,239324,2,2
239320,239322,239324,2,2
239320,239322,239325,3,2
239322,239324,239325,1,2
239322,239324,239325,1,2
239320,239322,239325,3,2
239320,239322,239325,3,2
239322,239324,239325,1,2
239322,239324,239325,1,2
239322,239324,239325,1,2
239320,239322,239325,3,2
239322,239324,239325,1,2
239322,239324,239325,1,2
239322,239324,239325,1,2
239320,239322,239325,3,2
239322,239324,239325,1,2
239322,239324,239325,1,2
239322,239324,239325,1,2
239322,239324,239325,1,2
239322,239324,239325,1,2
239320,239322,239325,3,2
239320,239323,239325,2,3
239322,239324,239325,1,2
239322,239324,239325,1,2
239320,239322,239325,3,2
239322,239324,239325,1,2
239322,239324,239325,1,2
239322,239324,239325,1,2
239322,239324,239325,1,2
239320,239322,239325,3,2
239322,239324,239325,1,2
239322,239324,239325,1,2
239322,239324,239325,1,2
239322,239324,239325,1,2
239322,239324,239325,1,2
239322,239324,239325,1,2
239322,239324,239325,1,2
239322,239324,239325,1,2
239322,239324,239325,1,2
239322,239324,239326,2,2
239322,239325,239327,2,3
239322,239325,239327,2,3
239322,239325,239326,1,3
239322,239325,239327,2,3
239322,239325,239327,2,3
239322,239325,239327,2,3
239322,239325,239327,2,3
239322,239325,239327,2,3
239322,239325,239326,1,3
239322,239325,239326,1,3
239322,239325,239327,2,3
239322,239325,239326,1,3
239322,239325,239326,1,3
239322,239325,239326,1,3
239322,239325,239326,1,3
239322,239325,239327,2,3
239181,239181,239332,151,0
239167,239167,239332,165,0
239318,239332,239333,1,14
239318,239332,239333,1,14
239318,239332,239333,1,14
239320,239332,239333,1,12
239318,239332,239334,2,14
239318,239332,239334,2,14
239337,239337,239339,2,0
239337,239337,239339,2,0
239337,239337,239339,2,0
239337,239337,239339,2,0
239337,239337,239339,2,0
239337,239337,239339,2,0
239337,239337,239339,2,0
239337,239337,239338,1,0
239337,239337,239339,2,0
239337,239337,239339,2,0
239337,239337,239339,2,0
239337,239337,239339,2,0
239337,239338,239339,1,1
239337,239338,239339,1,1
239337,239338,239339,1,1
239337,239337,239338,1,0
239337,239337,239338,1,0
239337,239337,239339,2,0
239337,239337,239339,2,0
239337,239337,239339,2,0
239337,239337,239339,2,0
239337,239337,239339,2,0
239337,239337,239338,1,0
239337,239337,239338,1,0
239337,239337,239339,2,0
239337,239337,239339,2,0
239337,239337,239339,2,0
239337,239337,239339,2,0
239337,239337,239339,2,0
239337,239337,239339,2,0
239337,239337,239339,2,0
239337,239337,239340,3,0
239337,239337,239339,2,0
239337,239337,239340,3,0
239337,239338,239340,2,1
239337,239338,239340,2,1
239337,239337,239340,3,0
239337,239337,239339,2,0
239337,239337,239339,2,0
239337,239337,239339,2,0
239183,239183,239348,165,0
239337,239349,239350,1,12
239337,239349,239350,1,12
239337,239349,239351,2,12
239337,239349,239351,2,12
239337,239349,239351,2,12
239354,239355,239356,1,1
239354,239355,239356,1,1
239354,239355,239356,1,1
239354,239355,239356,1,1
239354,239355,239356,1,1
239354,239355,239356,1,1
239354,239355,239356,1,1
239354,239355,239357,2,1
239354,239355,239356,1,1
239354,239355,239356,1,1
239354,239355,239356,1,1
239354,239355,239356,1,1
239354,239355,239356,1,1
239354,239355,239356,1,1
239354,239355,239356,1,1
239354,239355,239357,2,1
239354,239355,239356,1,1
239354,239355,239356,1,1
239354,239355,239356,1,1
239354,239355,239356,1,1
239354,239355,239357,2,1
239354,239355,239356,1,1
239354,239355,239356,1,1
239354,239355,239356,1,1
239354,239355,239356,1,1
239354,239355,239357,2,1
239354,239355,239356,1,1
239354,239355,239357,2,1
239354,239355,239357,2,1
239354,239355,239357,2,1
239354,239355,239357,2,1
239354,239355,239357,2,1
239354,239355,239357,2,1
239354,239355,239357,2,1
239354,239355,239357,2,1
239354,239355,239357,2,1
239354,239355,239357,2,1
239354,239355,239357,2,1
239354,239355,239357,2,1
239354,239355,239358,3,1
239354,239357,239359,2,3
239354,239357,239359,2,3
239354,239357,239359,2,3
239152,239152,239359,207,0
239165,239167,239359,192,2
234433,234433,239359,4926,0
239358,239359,239360,1,1
239358,239359,239360,1,1
239354,239357,239360,3,3
239354,239357,239360,3,3
239358,239359,239360,1,1
239358,239359,239360,1,1
239358,239359,239360,1,1
239358,239359,239360,1,1
239358,239359,239360,1,1
239358,239359,239360,1,1
239358,239359,239360,1,1
239358,239359,239360,1,1
239358,239359,239360,1,1
239358,239359,239360,1,1
239358,239359,239361,2,1
239358,239359,239360,1,1
239358,239359,239360,1,1
239358,239359,239360,1,1
239358,239359,239360,1,1
239358,239359,239360,1,1
239358,239359,239360,1,1
239358,239359,239360,1,1
239358,239359,239360,1,1
239358,239359,239360,1,1
239358,239359,239360,1,1
239358,239359,239360,1,1
239358,239359,239360,1,1
239358,239359,239360,1,1
239358,239359,239361,2,1
239358,239359,239361,2,1
239358,239359,239361,2,1
239358,239359,239361,2,1
239358,239359,239361,2,1
239358,239359,239361,2,1
239358,239359,239361,2,1
239358,239359,239361,2,1
239358,239359,239361,2,1
239358,239359,239361,2,1
239358,239359,239361,2,1
239358,239359,239361,2,1
239358,239359,239362,3,1
239358,239359,239361,2,1
239358,239359,239362,3,1
239358,239359,239362,3,1
239358,239359,239362,3,1
239369,239369,239370,1,0
239369,239369,239370,1,0
239369,239369,239370,1,0
239369,239369,239370,1,0
239369,239369,239370,1,0
239369,239369,239371,2,0
239369,239369,239370,1,0
239369,239369,239370,1,0
239369,239369,239370,1,0
239369,239369,239371,2,0
239369,239369,239371,2,0
239369,239369,239370,1,0
239369,239369,239370,1,0
239369,239369,239370,1,0
239369,239369,239371,2,0
239369,239369,239371,2,0
239369,239369,239370,1,0
239369,239369,239370,1,0
239369,239369,239371,2,0
239369,239369,239370,1,0
239369,239369,239371,2,0
239369,239369,239370,1,0
239369,239369,239370,1,0
239369,239369,239371,2,0
239369,239369,239371,2,0
239369,239369,239371,2,0
239369,239369,239371,2,0
239369,239369,239372,3,0
239369,239369,239371,2,0
239369,239369,239371,2,0
239369,239369,239371,2,0
239369,239369,239371,2,0
239369,239371,239372,1,2
239369,239371,239373,2,2
239369,239371,239373,2,2
239369,239371,239373,2,2
239369,239371,239373,2,2
239380,239380,239381,1,0
239380,239380,239382,2,0
239380,239380,239382,2,0
239380,239380,239381,1,0
239380,239380,239381,1,0
239380,239380,239381,1,0
239380,239380,239382,2,0
239380,239380,239382,2,0
239380,239380,239381,1,0
239380,239380,239382,2,0
239380,239380,239382,2,0
239380,239380,239381,1,0
239380,239380,239382,2,0
239380,239380,239381,1,0
239380,239380,239382,2,0
239380,239380,239382,2,0
239380,239380,239382,2,0
239380,239380,239382,2,0
239380,239380,239381,1,0
239380,239380,239381,1,0
239380,239380,239381,1,0
239380,239380,239381,1,0
239380,239380,239382,2,0
239380,239380,239381,1,0
239380,239380,239381,1,0
239380,239380,239381,1,0
239380,239380,239382,2,0
239380,239380,239382,2,0
239380,239380,239381,1,0
239380,239380,239382,2,0
239380,239380,239382,2,0
239220,239220,239382,162,0
239358,239359,239362,3,1
239358,239359,239361,2,1
239380,239380,239382,2,0
239380,239380,239382,2,0
239380,239380,239382,2,0
239380,239380,239382,2,0
239380,239380,239382,2,0
239380,239380,239382,2,0
239380,239380,239382,2,0
239380,239380,239382,2,0
239380,239380,239382,2,0
239380,239380,239382,2,0
239380,239380,239382,2,0
239380,239380,239382,2,0
239224,239224,239382,158,0
239369,239382,239383,1,13
239369,239382,239383,1,13
239369,239382,239383,1,13
239206,239208,239383,175,2
239369,239390,239391,1,21
239369,239390,239391,1,21
239369,239390,239391,1,21
239380,239390,239391,1,10
239380,239390,239391,1,10
239369,239390,239392,2,21
239369,239390,239391,1,21
239240,239240,239393,153,0
234425,234425,239401,4976,0
239404,239404,239406,2,0
239404,239404,239406,2,0
239404,239405,239406,1,1
239404,239405,239407,2,1
239404,239404,239406,2,0
239404,239405,239406,1,1
239404,239405,239406,1,1
239404,239405,239407,2,1
239404,239405,239407,2,1
239404,239405,239406,1,1
239404,239404,239406,2,0
239404,239405,239406,1,1
239404,239405,239406,1,1
239404,239405,239406,1,1
239404,239404,239406,2,0
239404,239404,239406,2,0
239404,239405,239406,1,1
239404,239405,239406,1,1
239404,239405,239406,1,1
239404,239404,239406,2,0
239404,239405,239406,1,1
239404,239405,239406,1,1
239404,239405,239406,1,1
239404,239405,239406,1,1
239404,239404,239406,2,0
239404,239405,239406,1,1
239404,239405,239406,1,1
239404,239405,239406,1,1
239404,239405,239406,1,1
239404,239405,239406,1,1
239404,239404,239406,2,0
239404,239405,239406,1,1
239404,239405,239406,1,1
239404,239405,239406,1,1
239404,239405,239406,1,1
239404,239405,239407,2,1
239404,239405,239406,1,1
239404,239405,239406,1,1
239404,239405,239406,1,1
239404,239405,239406,1,1
239404,239406,239407,1,2
239404,239405,239406,1,1
239404,239405,239406,1,1
239404,239405,239406,1,1
239404,239405,239406,1,1
239404,239406,239407,1,2
239404,239406,239407,1,2
239404,239405,239407,2,1
239404,239405,239407,2,1
239404,239405,239407,2,1
239404,239405,239407,2,1
239404,239405,239407,2,1
239404,239405,239407,2,1
239404,239405,239407,2,1
239404,239405,239407,2,1
239404,239405,239407,2,1
239404,239405,239407,2,1
239404,239405,239407,2,1
239404,239405,239407,2,1
239404,239405,239407,2,1
239404,239405,239408,3,1
239404,239405,239407,2,1
239404,239405,239408,3,1
239404,239405,239407,2,1
239404,239405,239408,3,1
239404,239405,239407,2,1
239404,239407,239408,1,3
239404,239407,239408,1,3
239404,239407,239408,1,3
239404,239407,239408,1,3
239404,239405,239408,3,1
239404,239407,239409,2,3
239404,239407,239409,2,3
239404,239407,239409,2,3
239255,239257,239408,151,2
239404,239407,239409,2,3
239404,239407,239409,2,3
239404,239407,239408,1,3
239404,239407,239409,2,3
239404,239407,239409,2,3
239404,239407,239409,2,3
239404,239407,239409,2,3
239404,239407,239408,1,3
239404,239407,239408,1,3
239404,239407,239408,1,3
239404,239407,239409,2,3
239404,239407,239409,2,3
239404,239407,239409,2,3
239404,239407,239409,2,3
239404,239407,239409,2,3
239404,239407,239409,2,3
239409,239409,239411,2,0
239409,239409,239411,2,0
239409,239409,239411,2,0
239409,239409,239411,2,0
239409,239409,239411,2,0
239409,239409,239411,2,0
239409,239409,239411,2,0
239409,239409,239411,2,0
239409,239409,239411,2,0
239409,239409,239411,2,0
239409,239409,239411,2,0
239409,239410,239411,1,1
239409,239409,239411,2,0
239409,239409,239411,2,0
239409,239409,239411,2,0
239409,239409,239411,2,0
239409,239410,239411,1,1
239409,239409,239411,2,0
239409,239409,239411,2,0
239409,239410,239411,1,1
239409,239410,239411,1,1
239409,239410,239411,1,1
239409,239409,239411,2,0
239409,239409,239411,2,0
239409,239409,239411,2,0
239409,239410,239411,1,1
239409,239411,239412,1,2
239409,239409,239411,2,0
239409,239409,239411,2,0
239409,239409,239411,2,0
239409,239409,239411,2,0
239409,239410,239411,1,1
239409,239411,239412,1,2
239409,239409,239411,2,0
239409,239409,239412,3,0
239409,239409,239411,2,0
239409,239410,239411,1,1
239409,239409,239411,2,0
239409,239409,239411,2,0
239409,239409,239411,2,0
239409,239410,239411,1,1
239409,239410,239411,1,1
239409,239409,239412,3,0
239409,239409,239412,3,0
239409,239412,239413,1,3
239409,239409,239412,3,0
239409,239409,239412,3,0
239409,239409,239412,3,0
239409,239409,239412,3,0
239409,239409,239412,3,0
239409,239409,239412,3,0
239409,239409,239412,3,0
239409,239410,239412,2,1
239409,239409,239412,3,0
239409,239409,239412,3,0
239409,239409,239412,3,0
239409,239409,239412,3,0
239409,239409,239412,3,0
239409,239410,239411,1,1
239409,239410,239413,3,1
239409,239410,239412,2,1
239409,239412,239413,1,3
239409,239412,239413,1,3
239409,239412,239414,2,3
239409,239412,239413,1,3
239409,239412,239413,1,3
239409,239412,239413,1,3
239409,239412,239413,1,3
239409,239412,239413,1,3
239409,239412,239414,2,3
239409,239412,239413,1,3
239409,239412,239413,1,3
239409,239412,239413,1,3
239409,239412,239414,2,3
239409,239412,239413,1,3
239409,239412,239413,1,3
239409,239412,239413,1,3
239409,239412,239413,1,3
239409,239412,239414,2,3
239409,239412,239414,2,3
239409,239412,239414,2,3
239409,239412,239414,2,3
239409,239412,239414,2,3
239409,239412,239414,2,3
239409,239412,239414,2,3
239409,239413,239414,1,4
239409,239413,239414,1,4
239261,239261,239415,154,0
239271,239272,239420,148,1
239431,239431,239432,1,0
239431,239431,239432,1,0
239431,239431,239432,1,0
239431,239431,239432,1,0
239431,239431,239433,2,0
239431,239431,239433,2,0
239431,239431,239433,2,0
239431,239431,239432,1,0
239431,239431,239432,1,0
239431,239431,239433,2,0
239431,239431,239433,2,0
239431,239431,239432,1,0
239431,239431,239432,1,0
239431,239431,239433,2,0
239431,239431,239432,1,0
239431,239431,239432,1,0
239431,239431,239433,2,0
239431,239431,239433,2,0
239431,239431,239433,2,0
239431,239431,239432,1,0
239431,239431,239432,1,0
239431,239431,239433,2,0
239431,239431,239433,2,0
239431,239431,239432,1,0
239431,239431,239432,1,0
239431,239431,239432,1,0
239431,239431,239432,1,0
239431,239431,239433,2,0
239431,239431,239433,2,0
239431,239431,239432,1,0
239431,239431,239432,1,0
239431,239431,239433,2,0
239431,239431,239432,1,0
239431,239431,239432,1,0
239431,239431,239432,1,0
239431,239431,239432,1,0
239431,239431,239432,1,0
239431,239431,239433,2,0
239431,239431,239432,1,0
239431,239431,239432,1,0
239431,239431,239432,1,0
239431,239432,239433,1,1
239431,239431,239433,2,0
239431,239431,239433,2,0
239431,239431,239432,1,0
239431,239431,239432,1,0
239431,239431,239432,1,0
239431,239432,239433,1,1
239431,239432,239433,1,1
239431,239432,239433,1,1
239431,239431,239433,2,0
239431,239431,239433,2,0
239431,239431,239433,2,0
239431,239431,239433,2,0
239431,239431,239433,2,0
239431,239431,239433,2,0
239431,239431,239433,2,0
239431,239431,239434,3,0
239431,239431,239433,2,0
239431,239431,239433,2,0
239431,239431,239434,3,0
239431,239431,239433,2,0
239431,239433,239435,2,2
239431,239433,239435,2,2
239431,239433,239435,2,2
239431,239433,239434,1,2
239431,239433,239435,2,2
239431,239433,239435,2,2
239431,239433,239435,2,2
239431,239433,239435,2,2
239431,239433,239435,2,2
239431,239433,239435,2,2
239431,239433,239435,2,2
239431,239433,239434,1,2
239431,239433,239435,2,2
239431,239433,239434,1,2
239431,239433,239435,2,2
239431,239433,239435,2,2
239431,239433,239435,2,2
239431,239433,239435,2,2
239431,239433,239436,3,2
239431,239433,239436,3,2
239431,239433,239436,3,2
239431,239440,239441,1,9
239431,239440,239441,1,9
239431,239440,239441,1,9
239431,239440,239441,1,9
239431,239440,239441,1,9
239431,239440,239441,1,9
239431,239440,239442,2,9
239441,239441,239442,1,0
239441,239441,239442,1,0
239441,239441,239442,1,0
239441,239441,239443,2,0
239441,239441,239443,2,0
239441,239441,239442,1,0
239441,239441,239442,1,0
239441,239441,239442,1,0
239441,239441,239442,1,0
239441,239441,239442,1,0
239441,239441,239442,1,0
239441,239441,239442,1,0
239441,239441,239442,1,0
239441,239441,239442,1,0
239441,239441,239443,2,0
239441,239441,239442,1,0
239441,239441,239442,1,0
239441,239441,239442,1,0
239441,239441,239442,1,0
239441,239441,239442,1,0
239441,239441,239442,1,0
239441,239441,239442,1,0
239441,239441,239442,1,0
239441,239441,239442,1,0
239441,239441,239442,1,0
239441,239441,239442,1,0
239441,239441,239442,1,0
239441,239441,239443,2,0
239441,239441,239443,2,0
239441,239441,239443,2,0
239441,239441,239443,2,0
239441,239441,239443,2,0
239441,239441,239443,2,0
239441,239441,239443,2,0
239441,239441,239443,2,0
239441,239441,239443,2,0
239441,239441,239444,3,0
239441,239441,239443,2,0
239441,239441,239443,2,0
239441,239441,239444,3,0
239441,239441,239443,2,0
239441,239441,239443,2,0
239441,239441,239443,2,0
239441,239441,239444,3,0
239441,239441,239443,2,0
239292,239292,239446,154,0
239457,239457,239459,2,0
239457,239457,239458,1,0
239457,239457,239459,2,0
239457,239457,239459,2,0
239457,239457,239458,1,0
239457,239457,239459,2,0
239457,239457,239458,1,0
239457,239457,239458,1,0
239457,239457,239459,2,0
239457,239458,239459,1,1
239457,239458,239459,1,1
239457,239457,239459,2,0
239457,239457,239458,1,0
239457,239457,239459,2,0
239457,239457,239458,1,0
239457,239457,239458,1,0
239457,239457,239459,2,0
239457,239457,239459,2,0
239457,239457,239458,1,0
239457,239457,239458,1,0
239457,239457,239458,1,0
239457,239457,239458,1,0
239457,239457,239459,2,0
239457,239457,239459,2,0
239457,239457,239459,2,0
239457,239457,239458,1,0
239457,239457,239459,2,0
239457,239457,239458,1,0
239457,239457,239459,2,0
239457,239457,239459,2,0
239457,239457,239459,2,0
239457,239458,239459,1,1
239457,239458,239459,1,1
239457,239457,239459,2,0
239457,239457,239459,2,0
239457,239457,239459,2,0
239457,239457,239459,2,0
239457,239457,239460,3,0
239457,239457,239460,3,0
239457,239457,239459,2,0
239310,239310,239467,157,0
239312,239318,239470,152,6
234434,234434,239471,5037,0
239323,239325,239471,146,2
239457,239471,239472,1,14
239457,239471,239472,1,14
239457,239471,239472,1,14
239457,239471,239473,2,14
239457,239471,239473,2,14
239305,239318,239475,157,13
239321,239324,239476,152,3
239476,239476,239478,2,0
239476,239476,239477,1,0
239476,239476,239478,2,0
239476,239476,239478,2,0
239476,239476,239478,2,0
239476,239476,239478,2,0
239476,239476,239478,2,0
239476,239476,239478,2,0
239476,239476,239478,2,0
239476,239476,239478,2,0
239476,239476,239478,2,0
239476,239477,239478,1,1
239476,239476,239478,2,0
239476,239476,239478,2,0
239476,239476,239478,2,0
239476,239476,239478,2,0
239476,239476,239479,3,0
239476,239477,239479,2,1
239476,239477,239478,1,1
239476,239478,239479,1,2
239476,239476,239478,2,0
239476,239477,239478,1,1
239476,239477,239478,1,1
239476,239477,239479,2,1
239476,239476,239478,2,0
239476,239476,239478,2,0
239476,239477,239478,1,1
239476,239477,239478,1,1
239476,239477,239478,1,1
239476,239476,239478,2,0
239476,239477,239478,1,1
239476,239477,239478,1,1
239476,239477,239478,1,1
239476,239476,239478,2,0
239476,239476,239478,2,0
239476,239477,239478,1,1
239476,239477,239478,1,1
239476,239476,239479,3,0
239476,239477,239479,2,1
239476,239477,239478,1,1
239476,239477,239478,1,1
239476,239477,239478,1,1
239476,239477,239478,1,1
239476,239477,239478,1,1
239476,239477,239478,1,1
239476,239477,239478,1,1
239476,239477,239479,2,1
239476,239477,239478,1,1
239476,239477,239478,1,1
239476,239477,239478,1,1
239476,239477,239478,1,1
239476,239478,239480,2,2
239476,239478,239480,2,2
239476,239477,239479,2,1
239476,239478,239479,1,2
239476,239478,239480,2,2
239476,239478,239480,2,2
239476,239478,239480,2,2
239476,239478,239480,2,2
239476,239478,239480,2,2
239476,239477,239480,3,1
239476,239477,239479,2,1
239476,239478,239479,1,2
239476,239476,239479,3,0
239476,239477,239479,2,1
239476,239478,239479,1,2
239476,239478,239479,1,2
239476,239478,239480,2,2
239326,239326,239479,153,0
239476,239477,239479,2,1
239476,239478,239479,1,2
239476,239478,239479,1,2
239476,239479,239480,1,3
239476,239479,239481,2,3
239476,239479,239481,2,3
239476,239479,239481,2,3
239476,239479,239481,2,3
239476,239479,239480,1,3
239476,239479,239481,2,3
239476,239479,239481,2,3
239433,239436,239483,47,3
239319,239319,239484,165,0
239481,239484,239485,1,3
239488,239488,239490,2,0
239488,239488,239490,2,0
239488,239488,239490,2,0
239488,239488,239490,2,0
239488,239488,239490,2,0
239488,239488,239490,2,0
239488,239488,239490,2,0
239488,239488,239490,2,0
239488,239488,239489,1,0
239488,239488,239489,1,0
239488,239488,239490,2,0
239488,239488,239490,2,0
239488,239488,239490,2,0
239488,239488,239490,2,0
239488,239488,239490,2,0
239488,239488,239490,2,0
239488,239488,239490,2,0
239488,239488,239489,1,0
239488,239488,239489,1,0
239488,239488,239490,2,0
239488,239488,239490,2,0
239488,239488,239490,2,0
239488,239488,239489,1,0
239488,239488,239490,2,0
239488,239488,239489,1,0
239488,239488,239490,2,0
239488,239488,239490,2,0
239488,239488,239490,2,0
239488,239488,239490,2,0
239488,239488,239490,2,0
239488,239488,239490,2,0
239488,239488,239490,2,0
239488,239488,239490,2,0
239488,239488,239490,2,0
239488,239488,239489,1,0
239488,239488,239489,1,0
239488,239488,239490,2,0
239488,239488,239490,2,0
239488,239488,239490,2,0
239488,239488,239490,2,0
239488,239488,239490,2,0
239488,239488,239490,2,0
239488,239488,239490,2,0
239488,239488,239490,2,0
239488,239488,239491,3,0
239488,239488,239491,3,0
239488,239488,239490,2,0
239488,239488,239490,2,0
239488,239488,239491,3,0
239488,239488,239490,2,0
239488,239488,239491,3,0
239488,239488,239491,3,0
239488,239488,239491,3,0
239488,239488,239491,3,0
239488,239488,239491,3,0
239488,239490,239491,1,2
239488,239488,239491,3,0
239488,239488,239491,3,0
239488,239491,239492,1,3
239488,239491,239492,1,3
239488,239491,239492,1,3
239488,239491,239492,1,3
239488,239491,239492,1,3
239488,239491,239492,1,3
239488,239491,239492,1,3
239488,239491,239492,1,3
239488,239491,239492,1,3
239488,239491,239492,1,3
239488,239491,239492,1,3
239488,239491,239492,1,3
239488,239491,239493,2,3
239488,239491,239493,2,3
239488,239491,239493,2,3
239488,239491,239492,1,3
239488,239491,239492,1,3
239488,239491,239492,1,3
239488,239492,239493,1,4
239488,239491,239492,1,3
239488,239491,239492,1,3
239488,239491,239492,1,3
239488,239491,239492,1,3
239488,239491,239492,1,3
239488,239492,239493,1,4
239488,239492,239493,1,4
239488,239491,239492,1,3
239488,239491,239492,1,3
239488,239492,239493,1,4
239488,239492,239493,1,4
239488,239491,239492,1,3
239488,239491,239492,1,3
239488,239491,239492,1,3
239488,239491,239492,1,3
239488,239491,239492,1,3
239488,239492,239493,1,4
239488,239492,239493,1,4
239488,239491,239492,1,3
239488,239491,239492,1,3
239488,239491,239493,2,3
239488,239491,239492,1,3
239488,239491,239492,1,3
239488,239491,239492,1,3
239488,239491,239493,2,3
239488,239491,239493,2,3
239488,239491,239493,2,3
239488,239491,239492,1,3
239488,239491,239492,1,3
239488,239492,239493,1,4
239488,239492,239493,1,4
239488,239491,239493,2,3
239488,239491,239493,2,3
239488,239491,239493,2,3
239488,239491,239492,1,3
239488,239491,239493,2,3
239488,239491,239493,2,3
239488,239492,239493,1,4
239488,239491,239493,2,3
239488,239492,239493,1,4
239488,239492,239493,1,4
239488,239492,239494,2,4
239488,239492,239494,2,4
239488,239492,239494,2,4
239476,239494,239495,1,18
239476,239494,239495,1,18
239476,239494,239495,1,18
239488,239493,239495,2,5
239488,239493,239494,1,5
239488,239493,239495,2,5
239488,239493,239495,2,5
239488,239493,239494,1,5
239488,239493,239495,2,5
239490,239493,239495,2,3
239490,239493,239495,2,3
239490,239493,239494,1,3
239488,239493,239495,2,5
239488,239493,239495,2,5
239488,239493,239495,2,5
239490,239493,239494,1,3
239490,239493,239494,1,3
239490,239493,239495,2,3
239490,239493,239495,2,3
239488,239493,239495,2,5
239488,239493,239495,2,5
239490,239493,239494,1,3
239490,239493,239494,1,3
239490,239493,239494,1,3
239490,239493,239495,2,3
239490,239493,239495,2,3
239488,239493,239495,2,5
239488,239493,239495,2,5
239490,239493,239494,1,3
239490,239493,239494,1,3
239490,239493,239494,1,3
239490,239493,239495,2,3
239490,239493,239494,1,3
239490,239493,239495,2,3
239490,239493,239495,2,3
239490,239493,239494,1,3
239490,239493,239494,1,3
239490,239493,239495,2,3
239490,239493,239495,2,3
239490,239493,239495,2,3
239490,239493,239495,2,3
239490,239493,239495,2,3
239476,239494,239495,1,18
239476,239494,239495,1,18
239490,239494,239496,2,4
239490,239494,239496,2,4
239490,239494,239496,2,4
239490,239494,239496,2,4
239490,239493,239496,3,3
239490,239493,239496,3,3
239490,239494,239496,2,4
239490,239494,239496,2,4
239490,239494,239496,2,4
239490,239494,239496,2,4
239490,239495,239496,1,5
239490,239495,239496,1,5
239476,239476,239478,2,0
239476,239476,239478,2,0
239476,239476,239478,2,0
239476,239477,239479,2,1
234426,234426,239499,5073,0
239476,239498,239499,1,22
239476,239498,239499,1,22
239338,239338,239503,165,0
239355,239356,239508,152,1
239510,239510,239511,1,0
239510,239510,239511,1,0
239510,239510,239511,1,0
239510,239510,239512,2,0
239510,239510,239512,2,0
239510,239510,239512,2,0
239510,239510,239511,1,0
239510,239510,239512,2,0
239510,239510,239512,2,0
239510,239510,239512,2,0
239510,239510,239512,2,0
239510,239510,239512,2,0
239510,239510,239512,2,0
239510,239510,239512,2,0
239510,239510,239512,2,0
239510,239510,239512,2,0
239510,239510,239512,2,0
239510,239510,239512,2,0
239510,239510,239511,1,0
239510,239510,239512,2,0
239510,239510,239512,2,0
239510,239510,239512,2,0
239510,239510,239512,2,0
239510,239510,239512,2,0
239510,239510,239511,1,0
239510,239510,239512,2,0
239510,239510,239512,2,0
239510,239510,239512,2,0
239510,239510,239512,2,0
239510,239510,239512,2,0
239510,239510,239512,2,0
239510,239510,239512,2,0
239510,239510,239511,1,0
239510,239510,239512,2,0
239510,239510,239512,2,0
239510,239510,239512,2,0
239510,239510,239512,2,0
239510,239511,239512,1,1
239510,239510,239512,2,0
239510,239510,239512,2,0
239510,239510,239512,2,0
239510,239510,239512,2,0
239510,239510,239512,2,0
239510,239510,239512,2,0
239510,239510,239512,2,0
239510,239511,239512,1,1
239510,239510,239513,3,0
239510,239510,239513,3,0
239510,239510,239512,2,0
239510,239511,239512,1,1
239510,239511,239512,1,1
239510,239511,239513,2,1
239510,239511,239512,1,1
239510,239510,239513,3,0
239510,239510,239513,3,0
239510,239510,239513,3,0
239510,239510,239513,3,0
239510,239511,239513,2,1
239510,239513,239514,1,3
239510,239513,239514,1,3
239510,239513,239514,1,3
239510,239513,239514,1,3
239510,239513,239514,1,3
239510,239513,239514,1,3
239510,239513,239515,2,3
239510,239513,239514,1,3
239510,239513,239514,1,3
239510,239513,239514,1,3
239510,239513,239514,1,3
239510,239513,239514,1,3
239510,239513,239515,2,3
239510,239513,239514,1,3
239510,239513,239514,1,3
239510,239513,239515,2,3
239510,239513,239515,2,3
239510,239513,239515,2,3
239510,239513,239515,2,3
239510,239513,239515,2,3
239510,239513,239515,2,3
239510,239513,239515,2,3
239510,239513,239515,2,3
239510,239513,239515,2,3
239510,239513,239515,2,3
239510,239513,239515,2,3
239510,239513,239515,2,3
239490,239493,239494,1,3
239490,239493,239494,1,3
239490,239493,239495,2,3
239490,239493,239494,1,3
239490,239493,239495,2,3
239490,239493,239495,2,3
239490,239516,239518,2,26
239359,239360,239527,167,1
239510,239528,239529,1,18
239510,239528,239529,1,18
239510,239528,239529,1,18
239381,239381,239531,150,0
239533,239534,239535,1,1
239533,239534,239535,1,1
239533,239534,239535,1,1
239534,239534,239535,1,0
239534,239534,239535,1,0
239533,239534,239535,1,1
239533,239534,239535,1,1
239533,239534,239535,1,1
239533,239534,239536,2,1
239534,239534,239535,1,0
239534,239534,239535,1,0
239533,239534,239535,1,1
239533,239534,239535,1,1
239534,239534,239535,1,0
239534,239534,239536,2,0
239534,239534,239536,2,0
239533,239534,239535,1,1
239533,239534,239535,1,1
239533,239534,239535,1,1
239533,239534,239535,1,1
239534,239534,239536,2,0
239534,239534,239535,1,0
239534,239534,239535,1,0
239533,239534,239535,1,1
239533,239534,239535,1,1
239533,239534,239535,1,1
239533,239534,239536,2,1
239533,239534,239535,1,1
239534,239534,239535,1,0
239534,239534,239535,1,0
239533,239534,239535,1,1
239533,239534,239535,1,1
239533,239534,239535,1,1
239533,239534,239535,1,1
239534,239534,239536,2,0
239534,239534,239536,2,0
239533,239534,239535,1,1
239533,239534,239535,1,1
239533,239534,239536,2,1
239534,239534,239535,1,0
239534,239534,239535,1,0
239534,239534,239536,2,0
239534,239534,239536,2,0
239533,239534,239535,1,1
239533,239534,239535,1,1
239534,239534,239535,1,0
239534,239534,239535,1,0
239533,239534,239535,1,1
239533,239534,239535,1,1
239533,239534,239535,1,1
239534,239534,239535,1,0
239534,239534,239535,1,0
239534,239534,239536,2,0
239533,239534,239536,2,1
239533,239534,239536,2,1
239533,239534,239536,2,1
239534,239536,239537,1,2
239533,239534,239536,2,1
239533,239534,239536,2,1
239533,239534,239536,2,1
239533,239534,239536,2,1
239533,239534,239536,2,1
239533,239534,239536,2,1
239533,239534,239536,2,1
239534,239535,239536,1,1
239533,239534,239536,2,1
239533,239534,239536,2,1
239534,239536,239538,2,2
239534,239536,239538,2,2
239534,239536,239538,2,2
239534,239536,239537,1,2
239534,239536,239538,2,2
239534,239536,239538,2,2
239534,239536,239538,2,2
239534,239536,239538,2,2
239534,239536,239538,2,2
239534,239536,239538,2,2
239534,239536,239538,2,2
239534,239536,239538,2,2
239534,239536,239538,2,2
239534,239536,239538,2,2
239534,239536,239538,2,2
239534,239536,239538,2,2
239534,239536,239538,2,2
239534,239536,239538,2,2
239534,239536,239538,2,2
239537,239537,239539,2,0
239537,239537,239539,2,0
239537,239537,239539,2,0
239537,239537,239539,2,0
239537,239537,239539,2,0
239537,239537,239539,2,0
239537,239537,239539,2,0
239537,239537,239539,2,0
239537,239537,239539,2,0
239534,239536,239538,2,2
239537,239537,239539,2,0
239537,239537,239539,2,0
239537,239537,239539,2,0
239537,239537,239539,2,0
239537,239537,239539,2,0
239537,239537,239539,2,0
239537,239537,239539,2,0
239537,239537,239539,2,0
239537,239537,239539,2,0
239537,239537,239539,2,0
239537,239537,239539,2,0
239537,239537,239539,2,0
239537,239537,239539,2,0
239537,239537,239539,2,0
239537,239537,239539,2,0
239537,239537,239539,2,0
239537,239537,239539,2,0
239537,239537,239539,2,0
239537,239537,239539,2,0
239537,239537,239539,2,0
239537,239537,239539,2,0
239537,239537,239539,2,0
239537,239537,239539,2,0
239535,239536,239539,3,1
239537,239537,239539,2,0
239537,239537,239540,3,0
239537,239537,239540,3,0
239537,239537,239540,3,0
239537,239537,239540,3,0
239537,239537,239540,3,0
239537,239537,239540,3,0
239537,239537,239540,3,0
239537,239537,239540,3,0
239537,239537,239540,3,0
239537,239537,239540,3,0
239537,239537,239540,3,0
239537,239539,239540,1,2
239370,239370,239541,171,0
239549,239549,239551,2,0
239549,239550,239551,1,1
239549,239550,239551,1,1
239549,239550,239551,1,1
239549,239550,239551,1,1
239549,239550,239551,1,1
239549,239550,239551,1,1
239549,239550,239551,1,1
239549,239550,239551,1,1
239549,239550,239551,1,1
239549,239550,239551,1,1
239549,239550,239551,1,1
239549,239550,239551,1,1
239549,239550,239551,1,1
239549,239550,239551,1,1
239549,239550,239551,1,1
239549,239550,239551,1,1
239549,239550,239551,1,1
239549,239550,239551,1,1
239549,239550,239551,1,1
239549,239550,239552,2,1
239549,239550,239551,1,1
239549,239550,239551,1,1
239549,239550,239551,1,1
239549,239550,239551,1,1
239549,239550,239552,2,1
239549,239550,239551,1,1
239549,239550,239551,1,1
239549,239550,239551,1,1
239549,239550,239552,2,1
239549,239550,239551,1,1
239510,239528,239530,2,18
239549,239550,239552,2,1
239549,239550,239552,2,1
239549,239550,239552,2,1
239549,239550,239552,2,1
239549,239550,239552,2,1
239549,239550,239552,2,1
239549,239550,239552,2,1
239549,239550,239552,2,1
239549,239550,239552,2,1
239549,239550,239552,2,1
239549,239550,239552,2,1
239549,239550,239552,2,1
239549,239550,239552,2,1
239549,239550,239552,2,1
239533,239552,239554,2,19
239533,239552,239553,1,19
239533,239552,239553,1,19
239410,239412,239566,154,2
239406,239407,239571,164,1
239572,239572,239574,2,0
239572,239572,239574,2,0
239572,239572,239574,2,0
239572,239572,239574,2,0
239572,239572,239574,2,0
239572,239572,239574,2,0
239572,239572,239574,2,0
239572,239572,239574,2,0
239572,239572,239574,2,0
239572,239572,239574,2,0
239572,239572,239574,2,0
239572,239572,239574,2,0
239572,239572,239574,2,0
239572,239572,239574,2,0
239572,239572,239574,2,0
239572,239572,239574,2,0
239572,239572,239574,2,0
239572,239572,239574,2,0
239572,239572,239574,2,0
239572,239572,239574,2,0
239572,239572,239574,2,0
239572,239572,239574,2,0
239572,239572,239574,2,0
239572,239572,239574,2,0
239572,239572,239574,2,0
239572,239572,239574,2,0
239572,239572,239575,3,0
239572,239572,239575,3,0
239572,239572,239575,3,0
239572,239572,239575,3,0
239572,239572,239575,3,0
239572,239572,239575,3,0
239572,239572,239574,2,0
239572,239572,239575,3,0
239572,239572,239575,3,0
239572,239572,239575,3,0
239572,239572,239575,3,0
239572,239572,239575,3,0
239572,239572,239575,3,0
239572,239572,239575,3,0
239576,239576,239577,1,0
239576,239576,239578,2,0
239576,239576,239578,2,0
239576,239576,239578,2,0
239576,239576,239577,1,0
239576,239576,239577,1,0
239576,239576,239577,1,0
239576,239576,239578,2,0
239576,239576,239578,2,0
239576,239576,239577,1,0
239576,239576,239577,1,0
239576,239576,239578,2,0
239576,239576,239577,1,0
239576,239576,239578,2,0
239576,239576,239578,2,0
239576,239576,239578,2,0
239576,239576,239577,1,0
239576,239576,239578,2,0
239576,239576,239577,1,0
239576,239576,239577,1,0
239576,239576,239578,2,0
239576,239576,239577,1,0
239576,239576,239578,2,0
239576,239576,239578,2,0
239576,239576,239578,2,0
239576,239576,239578,2,0
239576,239576,239578,2,0
239576,239576,239578,2,0
239576,239576,239579,3,0
239576,239576,239578,2,0
234424,234424,239578,5154,0
239576,239576,239579,3,0
239576,239576,239578,2,0
239576,239576,239578,2,0
239576,239576,239579,3,0
239576,239576,239579,3,0
239576,239576,239579,3,0
239576,239576,239578,2,0
239576,239576,239579,3,0
239576,239576,239578,2,0
239576,239576,239579,3,0
239576,239576,239579,3,0
239432,239433,239580,147,1
239583,239583,239584,1,0
239583,239583,239584,1,0
239583,239583,239585,2,0
239583,239584,239585,1,1
239583,239584,239585,1,1
239583,239584,239585,1,1
239583,239583,239585,2,0
239583,239583,239585,2,0
239583,239583,239585,2,0
239583,239583,239585,2,0
239583,239583,239585,2,0
239583,239583,239585,2,0
239583,239583,239585,2,0
239583,239583,239585,2,0
239583,239583,239585,2,0
239583,239583,239585,2,0
239583,239583,239585,2,0
239583,239583,239584,1,0
239583,239583,239585,2,0
239583,239583,239585,2,0
239583,239583,239585,2,0
239572,239584,239585,1,12
239572,239584,239585,1,12
239572,239584,239585,1,12
239576,239584,239585,1,8
239583,239583,239585,2,0
239583,239583,239585,2,0
239583,239583,239585,2,0
239583,239583,239585,2,0
239583,239584,239585,1,1
239583,239584,239586,2,1
239583,239583,239585,2,0
239583,239583,239586,3,0
239583,239583,239586,3,0
239583,239583,239585,2,0
239583,239583,239585,2,0
239583,239583,239586,3,0
239583,239583,239585,2,0
239583,239583,239585,2,0
239583,239583,239586,3,0
239583,239583,239585,2,0
239583,239583,239586,3,0
239583,239583,239585,2,0
239583,239583,239586,3,0
239583,239583,239586,3,0
239572,239584,239586,2,12
239572,239584,239586,2,12
239442,239442,239594,152,0
239576,239576,239578,2,0
239576,239576,239578,2,0
239576,239576,239578,2,0
239583,239596,239597,1,13
239583,239596,239597,1,13
239583,239596,239597,1,13
239583,239596,239597,1,13
239597,239597,239599,2,0
239597,239597,239598,1,0
239597,239597,239599,2,0
239597,239597,239599,2,0
239597,239597,239599,2,0
239597,239597,239599,2,0
239597,239597,239599,2,0
239597,239597,239599,2,0
239597,239597,239599,2,0
239597,239597,239599,2,0
239597,239597,239599,2,0
239597,239597,239599,2,0
239458,239458,239599,141,0
239597,239597,239599,2,0
239597,239597,239599,2,0
239597,239597,239599,2,0
239597,239597,239599,2,0
239597,239597,239599,2,0
239597,239597,239599,2,0
239597,239597,239599,2,0
239597,239598,239599,1,1
239597,239598,239599,1,1
239597,239598,239599,1,1
239597,239597,239600,3,0
239597,239597,239600,3,0
239597,239597,239600,3,0
239597,239597,239600,3,0
239597,239597,239600,3,0
239597,239597,239600,3,0
239597,239597,239600,3,0
239597,239597,239600,3,0
239597,239597,239600,3,0
239597,239597,239600,3,0
239597,239597,239600,3,0
239597,239597,239600,3,0
239597,239598,239600,2,1
239597,239598,239600,2,1
239597,239599,239600,1,2
239597,239599,239600,1,2
239597,239599,239600,1,2
239597,239599,239600,1,2
239597,239600,239602,2,3
239597,239600,239602,2,3
239597,239600,239602,2,3
239597,239600,239603,3,3
239597,239600,239604,4,3
239617,239618,239619,1,1
239617,239618,239619,1,1
239617,239617,239619,2,0
239617,239617,239619,2,0
239617,239617,239619,2,0
239617,239617,239618,1,0
239617,239617,239619,2,0
239617,239617,239619,2,0
239617,239618,239619,1,1
239617,239618,239619,1,1
239617,239617,239619,2,0
239617,239617,239619,2,0
239617,239617,239619,2,0
239617,239617,239618,1,0
239617,239617,239619,2,0
239617,239617,239619,2,0
239617,239617,239619,2,0
239617,239617,239619,2,0
239617,239617,239619,2,0
239617,239617,239619,2,0
239617,239618,239619,1,1
239617,239618,239619,1,1
239617,239618,239619,1,1
239617,239617,239618,1,0
239617,239617,239618,1,0
239617,239617,239618,1,0
239617,239618,239619,1,1
239617,239618,239620,2,1
239617,239617,239620,3,0
239617,239617,239620,3,0
239617,239617,239620,3,0
239617,239617,239620,3,0
239617,239617,239620,3,0
239617,239617,239619,2,0
239617,239617,239620,3,0
239617,239617,239619,2,0
239617,239617,239620,3,0
239617,239617,239620,3,0
239617,239618,239620,2,1
239617,239618,239620,2,1
239617,239617,239620,3,0
239617,239617,239619,2,0
239617,239618,239628,10,1
239477,239479,239638,159,2
239617,239618,239638,20,1
239617,239618,239640,22,1
239468,239468,239641,173,0
239639,239640,239641,1,1
239639,239640,239641,1,1
239639,239640,239642,2,1
239639,239640,239641,1,1
239639,239640,239641,1,1
239639,239640,239641,1,1
239639,239640,239641,1,1
239639,239640,239641,1,1
239639,239640,239641,1,1
239639,239640,239641,1,1
239639,239640,239642,2,1
239639,239640,239641,1,1
239639,239640,239641,1,1
239639,239640,239642,2,1
239639,239640,239641,1,1
239639,239640,239641,1,1
239639,239640,239641,1,1
239639,239640,239641,1,1
239639,239640,239641,1,1
239639,239640,239641,1,1
239639,239640,239641,1,1
239639,239640,239641,1,1
239639,239640,239641,1,1
239639,239640,239642,2,1
239639,239640,239641,1,1
239639,239640,239641,1,1
239639,239640,239642,2,1
239639,239640,239641,1,1
239639,239640,239642,2,1
239639,239640,239642,2,1
239639,239641,239642,1,2
239639,239640,239642,2,1
239639,239640,239642,2,1
239639,239640,239642,2,1
239639,239640,239642,2,1
239639,239640,239642,2,1
239639,239641,239643,2,2
239639,239641,239642,1,2
239639,239640,239642,2,1
239639,239640,239643,3,1
239639,239641,239643,2,2
239639,239641,239643,2,2
239639,239640,239650,10,1
239639,239640,239650,10,1
239649,239650,239651,1,1
239649,239650,239651,1,1
239649,239650,239651,1,1
239489,239493,239651,158,4
239649,239650,239651,1,1
239649,239650,239651,1,1
239649,239650,239651,1,1
239649,239650,239652,2,1
239649,239650,239652,2,1
239649,239650,239651,1,1
239649,239650,239651,1,1
239649,239650,239651,1,1
239649,239650,239651,1,1
239649,239650,239651,1,1
239649,239650,239652,2,1
239649,239650,239651,1,1
239649,239650,239651,1,1
239649,239650,239651,1,1
239649,239650,239651,1,1
239649,239650,239651,1,1
239649,239650,239651,1,1
239649,239650,239652,2,1
239649,239650,239652,2,1
239649,239650,239652,2,1
239649,239650,239651,1,1
239649,239651,239652,1,2
239649,239651,239652,1,2
239649,239651,239652,1,2
239649,239650,239652,2,1
239649,239650,239652,2,1
239649,239650,239652,2,1
239649,239650,239652,2,1
239649,239650,239652,2,1
239649,239650,239652,2,1
239649,239650,239652,2,1
239649,239650,239652,2,1
239649,239650,239652,2,1
239649,239650,239652,2,1
239649,239650,239652,2,1
239491,239495,239654,159,4
239649,239650,239654,4,1
239649,239650,239654,4,1
239649,239659,239660,1,10
239649,239659,239660,1,10
239659,239659,239661,2,0
239659,239659,239661,2,0
239659,239659,239661,2,0
239659,239659,239661,2,0
239659,239659,239661,2,0
239659,239659,239661,2,0
239659,239659,239661,2,0
239659,239660,239661,1,1
239659,239659,239661,2,0
239659,239659,239661,2,0
239659,239659,239661,2,0
239659,239659,239661,2,0
239659,239660,239661,1,1
239659,239659,239661,2,0
239659,239659,239661,2,0
239659,239659,239661,2,0
239659,239660,239661,1,1
239659,239660,239661,1,1
239659,239660,239661,1,1
239659,239659,239661,2,0
239659,239659,239661,2,0
239659,239659,239661,2,0
239659,239659,239661,2,0
239659,239659,239661,2,0
239659,239659,239661,2,0
239659,239660,239661,1,1
239649,239659,239661,2,10
239649,239659,239662,3,10
239649,239659,239661,2,10
239659,239659,239662,3,0
239659,239660,239662,2,1
239661,239661,239662,1,0
239659,239659,239662,3,0
239659,239660,239662,2,1
239661,239661,239662,1,0
239661,239661,239663,2,0
239659,239659,239662,3,0
239661,239661,239662,1,0
239661,239661,239662,1,0
239659,239660,239662,2,1
239659,239660,239662,2,1
239661,239661,239662,1,0
239659,239660,239662,2,1
239659,239660,239662,2,1
239661,239661,239662,1,0
239661,239661,239662,1,0
239659,239660,239662,2,1
239659,239660,239662,2,1
239661,239661,239663,2,0
239661,239661,239663,2,0
239661,239661,239663,2,0
239661,239661,239663,2,0
239661,239661,239663,2,0
239661,239661,239663,2,0
239661,239661,239663,2,0
239661,239661,239663,2,0
239661,239662,239663,1,1
239661,239662,239663,1,1
239661,239662,239663,1,1
239661,239662,239663,1,1
239661,239662,239663,1,1
239661,239662,239663,1,1
239661,239662,239663,1,1
239661,239662,239663,1,1
239661,239662,239663,1,1
239661,239662,239664,2,1
239661,239662,239664,2,1
239661,239662,239663,1,1
239661,239662,239663,1,1
239661,239662,239663,1,1
239661,239662,239663,1,1
239661,239662,239664,2,1
239661,239662,239664,2,1
239661,239662,239664,2,1
239661,239662,239664,2,1
239661,239662,239664,2,1
239661,239663,239664,1,2
239661,239663,239664,1,2
239661,239663,239664,1,2
239661,239662,239664,2,1
239661,239662,239664,2,1
239661,239662,239664,2,1
239661,239662,239666,4,1
239659,239660,239667,7,1
239511,239513,239666,153,2
239661,239662,239666,4,1
239659,239659,239668,9,0
239673,239673,239675,2,0
239673,239673,239675,2,0
239673,239673,239675,2,0
239673,239673,239675,2,0
239673,239673,239675,2,0
239673,239673,239675,2,0
239673,239673,239675,2,0
239673,239673,239675,2,0
239673,239673,239675,2,0
239673,239673,239675,2,0
239673,239673,239675,2,0
239673,239673,239674,1,0
239673,239673,239675,2,0
239673,239673,239675,2,0
239673,239673,239675,2,0
239673,239673,239675,2,0
239673,239673,239674,1,0
239673,239673,239675,2,0
239673,239673,239674,1,0
239673,239673,239675,2,0
239673,239673,239675,2,0
239673,239673,239675,2,0
239673,239673,239675,2,0
239673,239673,239675,2,0
239673,239673,239675,2,0
239673,239673,239675,2,0
239673,239674,239675,1,1
239673,239674,239675,1,1
239673,239673,239675,2,0
239673,239673,239676,3,0
239673,239673,239676,3,0
239673,239673,239675,2,0
239673,239673,239676,3,0
239673,239673,239675,2,0
239673,239673,239676,3,0
239673,239673,239675,2,0
239673,239673,239675,2,0
239673,239673,239676,3,0
239673,239673,239676,3,0
239673,239673,239675,2,0
239673,239673,239676,3,0
239673,239673,239676,3,0
239659,239676,239677,1,17
239659,239676,239677,1,17
239659,239676,239677,1,17
239659,239676,239677,1,17
239661,239676,239677,1,15
239673,239673,239676,3,0
239659,239676,239678,2,17
239659,239676,239678,2,17
239534,239536,239682,146,2
239673,239674,239682,8,1
239685,239686,239687,1,1
239685,239686,239687,1,1
239685,239686,239687,1,1
239685,239686,239687,1,1
239685,239686,239687,1,1
239685,239686,239687,1,1
239685,239686,239687,1,1
239685,239686,239687,1,1
239685,239686,239688,2,1
239685,239686,239687,1,1
239685,239686,239687,1,1
239685,239686,239687,1,1
239685,239686,239687,1,1
239685,239686,239687,1,1
239685,239686,239687,1,1
239685,239686,239687,1,1
239685,239686,239687,1,1
239685,239686,239687,1,1
239685,239686,239687,1,1
239685,239686,239687,1,1
239685,239686,239687,1,1
239685,239686,239687,1,1
239685,239686,239687,1,1
239685,239686,239688,2,1
239685,239686,239687,1,1
239685,239686,239687,1,1
239685,239686,239687,1,1
239685,239686,239687,1,1
239685,239686,239688,2,1
239685,239686,239688,2,1
239685,239686,239688,2,1
239685,239686,239688,2,1
239685,239686,239688,2,1
239685,239686,239688,2,1
239685,239686,239688,2,1
239685,239686,239689,3,1
239685,239686,239688,2,1
239685,239686,239688,2,1
239685,239686,239688,2,1
239685,239686,239688,2,1
239673,239673,239690,17,0
239685,239686,239689,3,1
239538,239539,239690,151,1
239695,239695,239696,1,0
239695,239695,239697,2,0
239695,239695,239697,2,0
239695,239695,239696,1,0
239695,239695,239697,2,0
239695,239695,239697,2,0
239695,239695,239697,2,0
239695,239695,239697,2,0
239695,239695,239697,2,0
239695,239695,239697,2,0
239695,239695,239696,1,0
239695,239695,239697,2,0
239695,239695,239697,2,0
239695,239695,239697,2,0
239695,239695,239696,1,0
239695,239695,239697,2,0
239695,239695,239696,1,0
239695,239695,239697,2,0
239695,239695,239696,1,0
239695,239695,239697,2,0
239695,239695,239696,1,0
239695,239695,239697,2,0
239695,239695,239696,1,0
239695,239695,239697,2,0
239695,239695,239697,2,0
239695,239695,239697,2,0
239695,239695,239698,3,0
239695,239695,239697,2,0
239695,239695,239698,3,0
239695,239695,239698,3,0
239695,239695,239698,3,0
239695,239695,239698,3,0
239695,239695,239698,3,0
239695,239695,239698,3,0
239685,239698,239699,1,13
239685,239698,239699,1,13
239695,239695,239699,4,0
239685,239698,239700,2,13
239685,239698,239700,2,13
239695,239698,239699,1,3
239695,239698,239700,2,3
239695,239698,239700,2,3
239695,239707,239708,1,12
239695,239707,239709,2,12
239695,239707,239709,2,12
239695,239717,239719,2,22
239695,239717,239719,2,22
239695,239717,239720,3,22
239695,239717,239719,2,22
239550,239550,239721,171,0
239559,239559,239729,170,0
239729,239729,239730,1,0
239729,239729,239730,1,0
239729,239729,239730,1,0
239729,239729,239730,1,0
239729,239729,239730,1,0
239729,239729,239730,1,0
239729,239729,239730,1,0
239729,239729,239730,1,0
239729,239729,239730,1,0
239729,239729,239730,1,0
239729,239729,239730,1,0
239729,239729,239730,1,0
239729,239729,239730,1,0
239729,239729,239731,2,0
239729,239729,239731,2,0
239729,239729,239730,1,0
239729,239729,239730,1,0
239729,239729,239730,1,0
239729,239729,239730,1,0
239729,239729,239730,1,0
239729,239729,239731,2,0
239729,239729,239730,1,0
239729,239729,239730,1,0
239729,239729,239731,2,0
239729,239730,239731,1,1
239729,239730,239731,1,1
239729,239729,239731,2,0
239729,239729,239732,3,0
239729,239729,239731,2,0
239729,239729,239731,2,0
239729,239729,239731,2,0
239731,239731,239732,1,0
239731,239731,239732,1,0
239729,239729,239731,2,0
239729,239729,239731,2,0
239729,239729,239731,2,0
239729,239729,239731,2,0
239729,239729,239731,2,0
239729,239729,239731,2,0
239731,239731,239732,1,0
239731,239731,239732,1,0
239729,239729,239732,3,0
239729,239729,239731,2,0
239731,239731,239732,1,0
239729,239729,239731,2,0
239729,239729,239731,2,0
239729,239729,239731,2,0
239729,239730,239732,2,1
239731,239731,239732,1,0
239731,239731,239732,1,0
239731,239731,239732,1,0
239731,239731,239732,1,0
239731,239731,239732,1,0
239731,239731,239732,1,0
239731,239731,239732,1,0
239731,239731,239733,2,0
239731,239731,239732,1,0
239731,239731,239732,1,0
239731,239731,239733,2,0
239731,239731,239732,1,0
239731,239731,239733,2,0
239731,239731,239732,1,0
239731,239731,239732,1,0
239731,239731,239732,1,0
239731,239731,239732,1,0
239731,239731,239732,1,0
239731,239731,239732,1,0
239731,239731,239732,1,0
239731,239731,239732,1,0
239731,239731,239732,1,0
239731,239731,239733,2,0
239731,239731,239732,1,0
239731,239731,239732,1,0
239731,239731,239733,2,0
239731,239731,239733,2,0
239731,239731,239733,2,0
239731,239731,239733,2,0
239731,239732,239733,1,1
239731,239731,239733,2,0
239731,239731,239733,2,0
239731,239731,239733,2,0
239731,239731,239734,3,0
239731,239731,239733,2,0
239731,239731,239733,2,0
239731,239731,239733,2,0
239731,239731,239733,2,0
239731,239731,239733,2,0
239731,239731,239733,2,0
234426,234426,239735,5309,0
239579,239579,239737,158,0
239584,239584,239739,155,0
239573,239573,239741,168,0
239741,239741,239743,2,0
239741,239741,239743,2,0
239741,239741,239743,2,0
239741,239742,239743,1,1
239741,239742,239743,1,1
239741,239742,239743,1,1
239741,239742,239743,1,1
239741,239742,239743,1,1
239741,239742,239743,1,1
239741,239741,239743,2,0
239741,239741,239743,2,0
239741,239741,239743,2,0
239741,239741,239743,2,0
239741,239742,239743,1,1
239741,239741,239743,2,0
239741,239741,239743,2,0
239741,239741,239744,3,0
239741,239742,239743,1,1
239741,239741,239743,2,0
239741,239741,239743,2,0
239741,239741,239743,2,0
239741,239742,239743,1,1
239741,239741,239743,2,0
239741,239741,239743,2,0
239741,239741,239743,2,0
239741,239741,239743,2,0
239741,239741,239743,2,0
239741,239742,239743,1,1
239741,239742,239743,1,1
239741,239741,239743,2,0
239741,239741,239743,2,0
239741,239741,239743,2,0
239741,239741,239744,3,0
239741,239742,239743,1,1
239741,239742,239743,1,1
239741,239741,239743,2,0
239741,239741,239743,2,0
239741,239741,239744,3,0
239741,239741,239743,2,0
239741,239741,239743,2,0
239741,239743,239744,1,2
239741,239741,239743,2,0
239741,239741,239743,2,0
239741,239741,239744,3,0
239741,239742,239743,1,1
239741,239742,239743,1,1
239741,239741,239743,2,0
239741,239741,239744,3,0
239741,239742,239743,1,1
239741,239742,239743,1,1
239741,239742,239743,1,1
239741,239742,239743,1,1
239741,239743,239744,1,2
239741,239743,239744,1,2
239741,239742,239744,2,1
239741,239742,239744,2,1
239741,239742,239744,2,1
239741,239741,239744,3,0
239741,239741,239744,3,0
239741,239744,239745,1,3
239741,239742,239744,2,1
239741,239741,239744,3,0
239741,239741,239744,3,0
239741,239741,239744,3,0
239741,239741,239744,3,0
239741,239741,239744,3,0
239586,239588,239744,156,2
239741,239741,239744,3,0
239741,239744,239745,1,3
239741,239744,239745,1,3
239741,239744,239745,1,3
239741,239744,239745,1,3
239741,239744,239745,1,3
239741,239744,239746,2,3
239741,239744,239746,2,3
239741,239744,239745,1,3
239741,239744,239746,2,3
239741,239744,239746,2,3
239741,239744,239745,1,3
239741,239744,239746,2,3
239741,239744,239745,1,3
239741,239744,239746,2,3
239741,239744,239745,1,3
239741,239744,239746,2,3
239741,239744,239746,2,3
239741,239744,239746,2,3
239741,239744,239746,2,3
239741,239744,239746,2,3
239741,239744,239746,2,3
239741,239744,239747,3,3
239582,239582,239748,166,0
239741,239744,239750,6,3
239577,239577,239754,177,0
234424,234424,239755,5331,0
239598,239598,239755,157,0
239757,239758,239759,1,1
239757,239758,239759,1,1
239757,239758,239759,1,1
239757,239758,239759,1,1
239757,239758,239759,1,1
239757,239758,239759,1,1
239757,239758,239759,1,1
239757,239758,239759,1,1
239757,239758,239759,1,1
239757,239758,239759,1,1
239757,239758,239759,1,1
239757,239758,239759,1,1
239757,239758,239759,1,1
239757,239758,239759,1,1
239757,239758,239759,1,1
239757,239758,239759,1,1
239757,239758,239759,1,1
239757,239758,239759,1,1
239757,239758,239759,1,1
239757,239758,239759,1,1
239757,239758,239759,1,1
239757,239758,239759,1,1
239758,239758,239759,1,0
239758,239758,239759,1,0
239757,239758,239759,1,1
239757,239758,239759,1,1
239757,239758,239760,2,1
239758,239758,239759,1,0
239758,239758,239759,1,0
239758,239758,239759,1,0
239757,239758,239760,2,1
239758,239758,239759,1,0
239758,239758,239759,1,0
239758,239758,239759,1,0
239758,239759,239760,1,1
239757,239758,239759,1,1
239757,239758,239760,2,1
239758,239758,239759,1,0
239758,239758,239760,2,0
239758,239758,239760,2,0
239758,239759,239760,1,1
239757,239758,239759,1,1
239758,239758,239759,1,0
239758,239758,239759,1,0
239758,239758,239759,1,0
239758,239759,239760,1,1
239758,239759,239760,1,1
239757,239758,239760,2,1
239758,239758,239759,1,0
239758,239758,239759,1,0
239758,239758,239759,1,0
239758,239759,239760,1,1
239758,239759,239760,1,1
239757,239758,239759,1,1
239757,239758,239760,2,1
239758,239758,239759,1,0
239758,239758,239759,1,0
239758,239758,239759,1,0
239757,239758,239761,3,1
239757,239758,239760,2,1
239757,239758,239760,2,1
239757,239758,239760,2,1
239757,239758,239760,2,1
239758,239760,239761,1,2
239758,239760,239761,1,2
239758,239760,239761,1,2
239757,239758,239760,2,1
239757,239758,239760,2,1
239757,239758,239760,2,1
239758,239760,239761,1,2
239757,239758,239760,2,1
239757,239758,239760,2,1
239758,239759,239760,1,1
239757,239758,239760,2,1
239758,239759,239760,1,1
239758,239759,239761,2,1
239758,239759,239760,1,1
239758,239760,239762,2,2
239758,239760,239762,2,2
239758,239760,239762,2,2
239758,239760,239762,2,2
239758,239760,239762,2,2
239758,239760,239762,2,2
239758,239760,239762,2,2
239758,239760,239761,1,2
239758,239760,239762,2,2
239758,239760,239761,1,2
239758,239760,239761,1,2
239758,239760,239761,1,2
239758,239760,239761,1,2
239758,239760,239762,2,2
239758,239760,239762,2,2
239758,239760,239762,2,2
239758,239760,239762,2,2
239758,239760,239762,2,2
239758,239760,239762,2,2
239758,239760,239762,2,2
239758,239760,239761,1,2
239758,239760,239762,2,2
239758,239760,239762,2,2
239758,239760,239761,1,2
239758,239760,239761,1,2
239758,239760,239761,1,2
239758,239760,239761,1,2
239758,239760,239761,1,2
239758,239760,239762,2,2
239758,239760,239762,2,2
239758,239760,239762,2,2
239758,239760,239762,2,2
239758,239760,239762,2,2
239758,239760,239762,2,2
239758,239760,239762,2,2
239758,239760,239762,2,2
239758,239760,239762,2,2
239758,239760,239762,2,2
239758,239761,239763,2,3
239758,239761,239763,2,3
239758,239760,239762,2,2
239758,239760,239762,2,2
239758,239761,239763,2,3
239758,239761,239763,2,3
239758,239761,239763,2,3
239758,239761,239763,2,3
239758,239761,239763,2,3
239758,239761,239762,1,3
239758,239761,239762,1,3
239758,239761,239763,2,3
239758,239760,239763,3,2
239758,239760,239763,3,2
239758,239760,239762,2,2
239758,239760,239763,3,2
239757,239758,239764,6,1
239758,239761,239764,3,3
239758,239758,239765,7,0
239757,239758,239766,8,1
239580,239580,239777,197,0
239778,239778,239779,1,0
239778,239778,239779,1,0
239778,239778,239779,1,0
239778,239778,239780,2,0
239778,239778,239779,1,0
239778,239778,239779,1,0
239778,239778,239780,2,0
239778,239778,239780,2,0
239778,239778,239780,2,0
239778,239778,239780,2,0
239778,239778,239780,2,0
239778,239778,239780,2,0
239778,239778,239780,2,0
239778,239778,239780,2,0
239778,239778,239779,1,0
239778,239778,239779,1,0
239778,239778,239780,2,0
239778,239778,239779,1,0
239778,239778,239779,1,0
239778,239778,239779,1,0
239778,239778,239779,1,0
239778,239778,239779,1,0
239778,239778,239779,1,0
239778,239778,239780,2,0
239778,239778,239779,1,0
239778,239778,239779,1,0
239778,239778,239779,1,0
239778,239778,239779,1,0
239778,239778,239779,1,0
239778,239778,239779,1,0
239778,239778,239779,1,0
239778,239778,239779,1,0
239778,239778,239779,1,0
239778,239778,239779,1,0
239778,239778,239780,2,0
239778,239778,239780,2,0
239778,239778,239780,2,0
239778,239778,239780,2,0
239778,239778,239779,1,0
239778,239778,239779,1,0
239778,239778,239780,2,0
239778,239778,239779,1,0
239778,239778,239779,1,0
239778,239778,239779,1,0
239778,239778,239779,1,0
239778,239778,239780,2,0
239778,239778,239780,2,0
239778,239778,239779,1,0
239778,239778,239779,1,0
239778,239778,239779,1,0
239778,239779,239780,1,1
239778,239779,239780,1,1
239778,239779,239780,1,1
239778,239778,239780,2,0
239778,239778,239780,2,0
239778,239778,239781,3,0
239778,239778,239780,2,0
239778,239778,239780,2,0
239778,239780,239781,1,2
239778,239780,239782,2,2
239778,239780,239782,2,2
239778,239780,239781,1,2
239778,239780,239781,1,2
239778,239780,239782,2,2
239778,239780,239782,2,2
239778,239780,239782,2,2
239778,239780,239782,2,2
239778,239780,239782,2,2
239778,239780,239782,2,2
239778,239780,239782,2,2
239778,239780,239782,2,2
239778,239780,239782,2,2
239778,239780,239781,1,2
239778,239780,239782,2,2
239778,239780,239783,3,2
239778,239780,239783,3,2
239778,239780,239783,3,2
239778,239780,239782,2,2
239778,239780,239782,2,2
239787,239788,239789,1,1
239787,239788,239789,1,1
239787,239788,239789,1,1
239787,239788,239789,1,1
239787,239788,239789,1,1
239787,239788,239789,1,1
239787,239788,239789,1,1
239787,239788,239789,1,1
239787,239788,239789,1,1
239787,239788,239790,2,1
239787,239788,239789,1,1
239787,239788,239789,1,1
239787,239788,239789,1,1
239787,239788,239789,1,1
239787,239788,239789,1,1
239787,239788,239789,1,1
239787,239788,239789,1,1
239787,239788,239789,1,1
239787,239788,239789,1,1
239787,239788,239789,1,1
239787,239788,239789,1,1
239787,239788,239789,1,1
239787,239788,239789,1,1
239787,239788,239789,1,1
239787,239788,239789,1,1
239787,239788,239790,2,1
239787,239788,239789,1,1
239787,239788,239789,1,1
239787,239788,239789,1,1
239787,239788,239789,1,1
239787,239788,239789,1,1
239618,239618,239790,172,0
239641,239641,239790,149,0
239787,239788,239790,2,1
239787,239788,239790,2,1
239787,239788,239790,2,1
239787,239788,239790,2,1
239787,239788,239790,2,1
239787,239788,239790,2,1
239787,239788,239790,2,1
239787,239788,239790,2,1
239778,239790,239791,1,12
239778,239790,239791,1,12
239778,239790,239791,1,12
239778,239790,239791,1,12
239778,239790,239791,1,12
239778,239790,239791,1,12
239778,239790,239792,2,12
239778,239790,239791,1,12
239778,239790,239791,1,12
239778,239790,239792,2,12
239778,239790,239793,3,12
239588,239588,239801,213,0
239787,239804,239805,1,17
239787,239804,239805,1,17
239787,239804,239805,1,17
239787,239804,239805,1,17
239787,239804,239805,1,17
239804,239805,239806,1,1
239804,239805,239806,1,1
239804,239805,239806,1,1
239804,239805,239807,2,1
239804,239805,239806,1,1
239804,239805,239806,1,1
239805,239805,239807,2,0
239804,239805,239806,1,1
239804,239805,239806,1,1
239805,239805,239807,2,0
239804,239805,239807,2,1
239804,239805,239806,1,1
239805,239805,239806,1,0
239804,239805,239806,1,1
239804,239805,239806,1,1
239804,239805,239806,1,1
239805,239805,239807,2,0
239805,239805,239806,1,0
239804,239805,239806,1,1
239804,239805,239806,1,1
239804,239805,239807,2,1
239804,239805,239807,2,1
239805,239805,239806,1,0
239805,239805,239806,1,0
239805,239805,239807,2,0
239804,239805,239806,1,1
239804,239805,239806,1,1
239804,239805,239807,2,1
239805,239805,239806,1,0
239805,239805,239807,2,0
239805,239805,239806,1,0
239805,239805,239806,1,0
239804,239805,239806,1,1
239804,239805,239806,1,1
239804,239805,239806,1,1
239804,239805,239806,1,1
239805,239805,239807,2,0
239805,239805,239806,1,0
239805,239805,239806,1,0
239787,239804,239806,2,17
239804,239805,239806,1,1
239805,239806,239807,1,1
239805,239806,239807,1,1
239805,239806,239807,1,1
239805,239806,239807,1,1
239804,239805,239807,2,1
239804,239805,239807,2,1
239804,239805,239807,2,1
239804,239805,239808,3,1
239804,239805,239807,2,1
239804,239805,239807,2,1
239804,239805,239808,3,1
239804,239805,239807,2,1
239804,239805,239808,3,1
239804,239805,239807,2,1
239804,239805,239807,2,1
239805,239806,239807,1,1
239804,239805,239808,3,1
239804,239805,239807,2,1
239804,239805,239807,2,1
239805,239807,239809,2,2
239805,239807,239808,1,2
239805,239807,239809,2,2
239805,239807,239808,1,2
239805,239807,239809,2,2
239805,239807,239809,2,2
239805,239807,239809,2,2
239805,239807,239809,2,2
239805,239807,239809,2,2
239805,239807,239809,2,2
239805,239807,239809,2,2
239805,239807,239809,2,2
239805,239807,239809,2,2
239805,239807,239809,2,2
239805,239807,239808,1,2
239805,239807,239809,2,2
239805,239807,239810,3,2
239805,239807,239809,2,2
239805,239807,239809,2,2
239805,239807,239809,2,2
239805,239807,239809,2,2
239805,239807,239809,2,2
239805,239807,239810,3,2
239805,239807,239810,3,2
239661,239661,239810,149,0
239813,239814,239815,1,1
239813,239814,239815,1,1
239813,239814,239815,1,1
239813,239814,239816,2,1
239813,239814,239815,1,1
239813,239814,239815,1,1
239813,239814,239815,1,1
239814,239814,239816,2,0
239813,239814,239815,1,1
239813,239814,239815,1,1
239813,239814,239816,2,1
239814,239814,239815,1,0
239813,239814,239815,1,1
239813,239814,239815,1,1
239813,239814,239816,2,1
239813,239814,239816,2,1
239814,239814,239816,2,0
239813,239814,239815,1,1
239813,239814,239815,1,1
239813,239814,239815,1,1
239814,239814,239815,1,0
239814,239814,239815,1,0
239813,239814,239815,1,1
239814,239814,239815,1,0
239814,239814,239815,1,0
239814,239814,239816,2,0
239813,239814,239815,1,1
239813,239814,239815,1,1
239813,239814,239816,2,1
239814,239814,239815,1,0
239814,239814,239815,1,0
239813,239814,239815,1,1
239813,239814,239815,1,1
239813,239814,239815,1,1
239813,239814,239816,2,1
239814,239814,239815,1,0
239814,239814,239815,1,0
239813,239814,239815,1,1
239813,239814,239815,1,1
239813,239814,239815,1,1
239814,239814,239815,1,0
239814,239814,239815,1,0
239814,239814,239815,1,0
239813,239814,239816,2,1
239813,239814,239816,2,1
239814,239816,239817,1,2
239813,239814,239816,2,1
239813,239814,239816,2,1
239814,239816,239817,1,2
239813,239814,239816,2,1
239813,239814,239816,2,1
239813,239814,239816,2,1
239813,239814,239816,2,1
239813,239814,239816,2,1
239813,239814,239816,2,1
239813,239814,239816,2,1
239813,239814,239816,2,1
239813,239814,239816,2,1
239813,239814,239817,3,1
239813,239814,239816,2,1
239663,239663,239817,154,0
239814,239816,239817,1,2
239814,239816,239817,1,2
239814,239816,239818,2,2
239814,239816,239817,1,2
239814,239816,239817,1,2
239814,239816,239818,2,2
239814,239816,239818,2,2
239814,239816,239818,2,2
239814,239816,239818,2,2
239814,239816,239818,2,2
239814,239816,239818,2,2
239814,239816,239818,2,2
239814,239816,239818,2,2
239814,239816,239818,2,2
239814,239816,239818,2,2
239814,239816,239819,3,2
239814,239816,239818,2,2
239814,239816,239818,2,2
239814,239816,239819,3,2
239814,239816,239819,3,2
239814,239816,239819,3,2
239814,239816,239818,2,2
239814,239816,239818,2,2
239814,239816,239818,2,2
239814,239816,239819,3,2
239813,239814,239816,2,1
239813,239814,239816,2,1
239814,239821,239822,1,7
239804,239820,239821,1,16
239804,239820,239821,1,16
239804,239820,239821,1,16
239804,239820,239822,2,16
239804,239820,239822,2,16
239804,239820,239822,2,16
239805,239820,239821,1,15
239814,239821,239823,2,7
239814,239821,239823,2,7
239674,239674,239829,155,0
239839,239839,239841,2,0
239839,239839,239841,2,0
239839,239839,239841,2,0
239839,239839,239841,2,0
239839,239840,239841,1,1
239839,239840,239841,1,1
239839,239839,239841,2,0
239839,239839,239841,2,0
239839,239839,239841,2,0
239839,239839,239841,2,0
239839,239839,239841,2,0
239839,239839,239841,2,0
239839,239839,239841,2,0
239839,239839,239841,2,0
239839,239839,239841,2,0
239839,239839,239841,2,0
239839,239839,239841,2,0
239839,239839,239841,2,0
239839,239839,239841,2,0
239839,239839,239841,2,0
239839,239839,239840,1,0
239839,239839,239841,2,0
239839,239839,239841,2,0
239839,239839,239841,2,0
239839,239839,239841,2,0
239839,239839,239841,2,0
239839,239839,239841,2,0
239839,239839,239841,2,0
239839,239839,239842,3,0
239839,239839,239842,3,0
239839,239839,239842,3,0
239839,239839,239841,2,0
239839,239839,239842,3,0
239839,239839,239842,3,0
239839,239840,239842,2,1
239839,239839,239841,2,0
239839,239839,239842,3,0
239839,239839,239842,3,0
239839,239839,239841,2,0
239839,239839,239842,3,0
239839,239839,239842,3,0
239839,239839,239842,3,0
239839,239839,239842,3,0
239839,239839,239842,3,0
239839,239840,239843,3,1
239622,239623,239845,222,1
239696,239696,239847,151,0
239687,239687,239847,160,0
239853,239853,239854,1,0
239853,239853,239854,1,0
239853,239853,239854,1,0
239853,239853,239854,1,0
239853,239853,239854,1,0
239853,239853,239855,2,0
239853,239854,239855,1,1
239853,239854,239855,1,1
239853,239854,239855,1,1
239853,239853,239854,1,0
239853,239853,239855,2,0
239853,239853,239855,2,0
239853,239854,239855,1,1
239853,239853,239854,1,0
239853,239853,239855,2,0
239853,239853,239855,2,0
239853,239853,239855,2,0
239853,239854,239855,1,1
239853,239853,239854,1,0
239853,239853,239854,1,0
239853,239853,239855,2,0
239853,239854,239855,1,1
239853,239854,239855,1,1
239853,239853,239854,1,0
239853,239853,239854,1,0
239853,239853,239855,2,0
239853,239853,239855,2,0
239853,239853,239855,2,0
239853,239854,239855,1,1
239853,239853,239854,1,0
239853,239853,239855,2,0
239853,239853,239855,2,0
239853,239853,239855,2,0
239853,239854,239855,1,1
239853,239854,239855,1,1
239853,239853,239854,1,0
239853,239853,239854,1,0
239853,239853,239854,1,0
239853,239853,239855,2,0
239853,239854,239855,1,1
239853,239854,239855,1,1
239853,239853,239855,2,0
239853,239853,239855,2,0
239853,239853,239855,2,0
239853,239853,239855,2,0
239853,239853,239856,3,0
239853,239853,239855,2,0
239853,239853,239856,3,0
239853,239854,239855,1,1
239853,239854,239855,1,1
239853,239854,239855,1,1
239853,239853,239856,3,0
239853,239854,239855,1,1
239853,239854,239855,1,1
239853,239854,239855,1,1
239853,239853,239856,3,0
239853,239853,239856,3,0
239853,239853,239856,3,0
239853,239853,239856,3,0
239853,239853,239856,3,0
239853,239855,239856,1,2
239853,239855,239856,1,2
239853,239855,239857,2,2
239853,239853,239856,3,0
239853,239855,239856,1,2
239853,239855,239856,1,2
239853,239855,239856,1,2
239853,239856,239857,1,3
239853,239856,239857,1,3
239853,239856,239857,1,3
239853,239856,239857,1,3
239853,239856,239857,1,3
239853,239856,239857,1,3
239853,239856,239857,1,3
239853,239856,239858,2,3
239853,239856,239858,2,3
239853,239856,239858,2,3
239853,239856,239857,1,3
239853,239856,239857,1,3
239853,239856,239857,1,3
239853,239856,239857,1,3
239853,239856,239857,1,3
239853,239856,239857,1,3
239853,239856,239857,1,3
239853,239856,239857,1,3
239853,239856,239857,1,3
239853,239856,239857,1,3
239853,239856,239858,2,3
239853,239856,239857,1,3
239853,239856,239858,2,3
239853,239856,239857,1,3
239853,239856,239858,2,3
239853,239856,239857,1,3
239853,239856,239857,1,3
239853,239856,239857,1,3
239857,239857,239858,1,0
239853,239856,239857,1,3
239853,239856,239857,1,3
239853,239856,239857,1,3
239853,239856,239858,2,3
239853,239856,239857,1,3
239853,239856,239857,1,3
239853,239856,239858,2,3
239857,239857,239858,1,0
239857,239857,239858,1,0
239853,239856,239858,2,3
239853,239856,239858,2,3
239853,239856,239857,1,3
239853,239856,239858,2,3
239857,239857,239858,1,0
239857,239857,239858,1,0
239857,239857,239858,1,0
239853,239856,239858,2,3
239853,239856,239858,2,3
239853,239857,239858,1,4
239857,239858,239859,1,1
239857,239858,239859,1,1
239853,239857,239858,1,4
239857,239858,239859,1,1
239857,239858,239859,1,1
239857,239858,239859,1,1
239857,239858,239859,1,1
239857,239858,239859,1,1
239853,239856,239858,2,3
239853,239856,239858,2,3
239857,239858,239859,1,1
239857,239858,239859,1,1
239857,239858,239859,1,1
239857,239858,239859,1,1
239857,239858,239859,1,1
239853,239857,239858,1,4
239853,239856,239858,2,3
239853,239857,239858,1,4
239853,239857,239858,1,4
239853,239857,239858,1,4
239853,239856,239858,2,3
239853,239857,239858,1,4
239853,239857,239858,1,4
239853,239857,239858,1,4
239857,239858,239859,1,1
239857,239858,239859,1,1
239853,239856,239858,2,3
239857,239858,239859,1,1
239853,239857,239859,2,4
239857,239858,239859,1,1
239857,239858,239859,1,1
239857,239858,239859,1,1
239857,239858,239860,2,1
239857,239858,239859,1,1
239857,239858,239859,1,1
239857,239858,239859,1,1
239857,239858,239859,1,1
239857,239858,239859,1,1
239857,239858,239860,2,1
239857,239858,239860,2,1
239857,239858,239860,2,1
239857,239858,239860,2,1
239857,239858,239860,2,1
239857,239858,239860,2,1
239857,239858,239860,2,1
239857,239858,239860,2,1
239857,239858,239860,2,1
239857,239858,239860,2,1
239857,239858,239860,2,1
239857,239858,239860,2,1
239857,239858,239860,2,1
239857,239858,239860,2,1
239857,239858,239860,2,1
239651,239651,239872,221,0
239853,239872,239873,1,19
239853,239872,239874,2,19
239853,239872,239873,1,19
239853,239872,239873,1,19
239853,239854,239856,2,1
239853,239854,239857,3,1
239853,239854,239856,2,1
239853,239872,239875,3,19
239853,239872,239874,2,19
239853,239875,239876,1,22
239853,239875,239876,1,22
239875,239875,239876,1,0
239875,239875,239876,1,0
239875,239875,239876,1,0
239875,239875,239876,1,0
239875,239875,239877,2,0
239875,239875,239876,1,0
239875,239875,239877,2,0
239875,239875,239876,1,0
239875,239875,239876,1,0
239875,239875,239876,1,0
239875,239875,239876,1,0
239875,239875,239876,1,0
239875,239875,239876,1,0
239875,239875,239877,2,0
239875,239875,239877,2,0
239875,239875,239877,2,0
239875,239875,239876,1,0
239875,239875,239876,1,0
239875,239875,239876,1,0
239875,239875,239876,1,0
239875,239875,239876,1,0
239875,239875,239877,2,0
239875,239875,239877,2,0
239875,239875,239876,1,0
239875,239875,239877,2,0
239875,239875,239876,1,0
239853,239875,239877,2,22
239875,239875,239877,2,0
239875,239875,239878,3,0
239875,239875,239877,2,0
239875,239875,239878,3,0
239875,239875,239877,2,0
239875,239875,239877,2,0
239875,239875,239877,2,0
239875,239875,239877,2,0
239875,239875,239878,3,0
239875,239875,239877,2,0
239875,239875,239877,2,0
239875,239875,239877,2,0
239875,239875,239877,2,0
239875,239875,239878,3,0
239875,239875,239878,3,0
239875,239875,239878,3,0
239875,239875,239877,2,0
239875,239875,239878,3,0
239875,239875,239878,3,0
239730,239730,239887,157,0
239732,239732,239894,162,0
234434,234435,239897,5462,1
239896,239897,239898,1,1
239896,239897,239898,1,1
239896,239897,239898,1,1
239896,239897,239898,1,1
239896,239897,239898,1,1
239896,239897,239899,2,1
239896,239897,239898,1,1
239896,239897,239899,2,1
239896,239897,239898,1,1
239896,239897,239899,2,1
239896,239897,239898,1,1
239896,239897,239898,1,1
239896,239897,239898,1,1
239896,239897,239898,1,1
239896,239897,239898,1,1
239896,239897,239898,1,1
239896,239897,239898,1,1
239896,239897,239898,1,1
239896,239897,239898,1,1
239896,239897,239898,1,1
239896,239897,239898,1,1
239896,239897,239898,1,1
239896,239897,239898,1,1
239896,239897,239898,1,1
239896,239897,239898,1,1
239896,239897,239899,2,1
239896,239897,239898,1,1
239896,239897,239898,1,1
239896,239897,239898,1,1
239896,239897,239898,1,1
239896,239897,239899,2,1
239896,239897,239898,1,1
239896,239897,239898,1,1
239896,239897,239898,1,1
239896,239897,239899,2,1
239896,239897,239899,2,1
239896,239897,239899,2,1
239896,239897,239899,2,1
239896,239897,239899,2,1
239896,239897,239899,2,1
239896,239897,239899,2,1
239742,239744,239900,156,2
239896,239897,239899,2,1
239896,239897,239899,2,1
239896,239897,239899,2,1
239901,239901,239902,1,0
239901,239901,239902,1,0
239901,239901,239902,1,0
239901,239901,239902,1,0
239901,239901,239902,1,0
239901,239901,239902,1,0
239901,239901,239902,1,0
239901,239901,239903,2,0
239901,239901,239902,1,0
239901,239901,239902,1,0
239901,239901,239902,1,0
239901,239901,239902,1,0
239901,239901,239902,1,0
239901,239901,239902,1,0
239901,239901,239902,1,0
239901,239901,239902,1,0
239901,239901,239902,1,0
239901,239901,239902,1,0
239901,239901,239902,1,0
239901,239901,239902,1,0
239901,239901,239902,1,0
239901,239901,239902,1,0
239901,239901,239902,1,0
239901,239901,239902,1,0
239901,239901,239903,2,0
239901,239901,239902,1,0
239901,239901,239902,1,0
239901,239901,239902,1,0
239901,239901,239902,1,0
239901,239901,239902,1,0
239901,239901,239902,1,0
239901,239901,239903,2,0
239901,239901,239903,2,0
239901,239901,239903,2,0
239901,239901,239903,2,0
239901,239901,239903,2,0
239901,239901,239903,2,0
239901,239901,239903,2,0
239901,239901,239903,2,0
239901,239901,239903,2,0
239896,239897,239899,2,1
239901,239905,239906,1,4
239901,239905,239907,2,4
239901,239905,239907,2,4
239901,239905,239907,2,4
239901,239905,239907,2,4
239759,239761,239913,152,2
239917,239918,239919,1,1
239917,239918,239919,1,1
239917,239918,239919,1,1
239917,239918,239919,1,1
239917,239918,239919,1,1
239917,239918,239919,1,1
239917,239918,239920,2,1
239917,239918,239920,2,1
239917,239918,239919,1,1
239917,239918,239919,1,1
239917,239918,239920,2,1
239917,239918,239919,1,1
239917,239918,239919,1,1
239917,239918,239919,1,1
239917,239918,239919,1,1
239917,239918,239919,1,1
239917,239918,239919,1,1
239917,239918,239919,1,1
239917,239918,239919,1,1
239917,239918,239919,1,1
239917,239918,239919,1,1
239917,239918,239919,1,1
239917,239918,239919,1,1
239917,239918,239919,1,1
239917,239918,239919,1,1
239917,239918,239919,1,1
239917,239918,239919,1,1
239917,239918,239919,1,1
239917,239918,239919,1,1
239917,239918,239919,1,1
239917,239918,239919,1,1
239917,239918,239919,1,1
239917,239918,239919,1,1
239917,239918,239919,1,1
239917,239918,239920,2,1
239917,239918,239920,2,1
239917,239918,239920,2,1
239917,239918,239920,2,1
239917,239918,239920,2,1
239917,239918,239920,2,1
239917,239918,239920,2,1
239917,239918,239920,2,1
239917,239918,239920,2,1
239917,239918,239920,2,1
239917,239918,239920,2,1
239925,239925,239927,2,0
239925,239925,239927,2,0
239925,239925,239927,2,0
239925,239925,239927,2,0
239925,239925,239927,2,0
239925,239925,239927,2,0
239925,239925,239927,2,0
239925,239925,239927,2,0
239925,239925,239927,2,0
239925,239925,239927,2,0
239925,239925,239927,2,0
239925,239925,239927,2,0
239925,239925,239927,2,0
239925,239925,239927,2,0
239925,239925,239927,2,0
239925,239925,239927,2,0
239925,239925,239927,2,0
239925,239925,239927,2,0
239925,239925,239927,2,0
239925,239925,239927,2,0
239925,239925,239927,2,0
239925,239925,239927,2,0
239925,239925,239927,2,0
239925,239925,239927,2,0
239925,239925,239927,2,0
239925,239925,239927,2,0
239925,239925,239927,2,0
239925,239925,239927,2,0
239925,239925,239927,2,0
239925,239925,239927,2,0
239925,239925,239927,2,0
239925,239925,239928,3,0
239925,239925,239927,2,0
239925,239925,239928,3,0
239925,239925,239928,3,0
239925,239925,239928,3,0
239925,239925,239928,3,0
239925,239925,239928,3,0
239925,239925,239928,3,0
239925,239925,239928,3,0
239925,239928,239930,2,3
239925,239928,239930,2,3
239925,239928,239930,2,3
239925,239928,239929,1,3
239925,239928,239931,3,3
239779,239780,239937,157,1
239788,239788,239942,154,0
239943,239943,239944,1,0
239943,239943,239945,2,0
239943,239943,239944,1,0
239943,239943,239944,1,0
239943,239943,239945,2,0
239943,239943,239945,2,0
239943,239943,239944,1,0
239943,239943,239945,2,0
239943,239943,239945,2,0
239943,239943,239944,1,0
239943,239943,239944,1,0
239943,239943,239945,2,0
239943,239943,239945,2,0
239943,239943,239945,2,0
239943,239943,239944,1,0
239943,239943,239944,1,0
239943,239943,239945,2,0
239943,239943,239945,2,0
239943,239943,239945,2,0
239943,239943,239944,1,0
239943,239943,239945,2,0
239943,239943,239945,2,0
239943,239943,239945,2,0
239943,239943,239945,2,0
239943,239943,239945,2,0
239943,239943,239945,2,0
239943,239943,239946,3,0
239943,239943,239946,3,0
239943,239943,239946,3,0
239943,239944,239945,1,1
239943,239944,239945,1,1
239945,239945,239946,1,0
239943,239943,239945,2,0
239943,239943,239945,2,0
239943,239943,239946,3,0
239943,239943,239945,2,0
239943,239943,239945,2,0
239943,239943,239945,2,0
239945,239945,239946,1,0
239945,239945,239946,1,0
239945,239945,239946,1,0
239945,239945,239946,1,0
239945,239945,239946,1,0
239945,239945,239947,2,0
239945,239945,239947,2,0
239945,239945,239946,1,0
239945,239945,239946,1,0
239945,239945,239946,1,0
239945,239945,239947,2,0
239945,239945,239946,1,0
239945,239945,239946,1,0
239945,239945,239947,2,0
239945,239945,239946,1,0
239945,239945,239947,2,0
239945,239945,239946,1,0
239945,239945,239946,1,0
239945,239945,239947,2,0
239945,239945,239947,2,0
239945,239945,239946,1,0
239945,239945,239946,1,0
239945,239945,239946,1,0
239945,239945,239946,1,0
239945,239945,239947,2,0
239945,239945,239946,1,0
239945,239945,239946,1,0
239945,239945,239947,2,0
239945,239945,239947,2,0
239945,239945,239946,1,0
239945,239945,239947,2,0
239945,239946,239947,1,1
239945,239946,239948,2,1
239945,239945,239947,2,0
239945,239945,239948,3,0
239945,239945,239947,2,0
239945,239945,239948,3,0
239943,239947,239948,1,4
239943,239947,239948,1,4
239945,239946,239947,1,1
239945,239945,239947,2,0
239945,239946,239947,1,1
239945,239946,239948,2,1
239945,239946,239948,2,1
239945,239946,239949,3,1
239945,239946,239948,2,1
239943,239947,239948,1,4
239943,239947,239948,1,4
239943,239947,239949,2,4
239943,239947,239949,2,4
239805,239807,239958,151,2
239967,239967,239968,1,0
239967,239967,239969,2,0
239967,239967,239968,1,0
239967,239967,239968,1,0
239967,239967,239968,1,0
239967,239967,239968,1,0
239967,239967,239968,1,0
239967,239967,239968,1,0
239967,239967,239968,1,0
239967,239967,239968,1,0
239967,239967,239968,1,0
239967,239967,239968,1,0
239967,239967,239968,1,0
239967,239967,239969,2,0
239967,239967,239968,1,0
239967,239967,239968,1,0
239967,239967,239968,1,0
239967,239967,239968,1,0
239967,239967,239968,1,0
239967,239967,239968,1,0
239967,239967,239968,1,0
239967,239967,239969,2,0
239967,239967,239968,1,0
239967,239967,239968,1,0
239967,239967,239968,1,0
239967,239967,239968,1,0
239967,239967,239969,2,0
239967,239967,239969,2,0
239967,239967,239969,2,0
239967,239967,239969,2,0
239967,239967,239969,2,0
239967,239967,239969,2,0
239967,239967,239969,2,0
239967,239967,239969,2,0
239967,239967,239969,2,0
239967,239967,239969,2,0
239967,239967,239969,2,0
239967,239970,239971,1,3
239967,239970,239971,1,3
239967,239970,239971,1,3
239967,239970,239971,1,3
239814,239816,239972,156,2
239974,239974,239976,2,0
239974,239974,239976,2,0
239974,239974,239976,2,0
239974,239974,239976,2,0
239974,239974,239976,2,0
239974,239974,239976,2,0
239974,239974,239976,2,0
239974,239974,239976,2,0
239974,239974,239976,2,0
239974,239974,239976,2,0
239974,239974,239976,2,0
239974,239974,239976,2,0
239974,239974,239976,2,0
239974,239974,239976,2,0
239974,239974,239976,2,0
239974,239974,239976,2,0
239974,239974,239976,2,0
239974,239974,239976,2,0
239974,239974,239976,2,0
239974,239974,239976,2,0
239974,239974,239976,2,0
239974,239974,239976,2,0
239974,239974,239976,2,0
239974,239974,239976,2,0
239974,239974,239976,2,0
239974,239974,239976,2,0
239974,239974,239976,2,0
239974,239974,239976,2,0
239974,239974,239976,2,0
239974,239974,239976,2,0
239967,239976,239977,1,9
239967,239976,239977,1,9
239974,239976,239977,1,2
239974,239974,239977,3,0
239974,239974,239977,3,0
239974,239974,239977,3,0
239974,239974,239977,3,0
239974,239974,239977,3,0
239974,239974,239977,3,0
239974,239974,239977,3,0
239974,239974,239977,3,0
239967,239976,239978,2,9
239967,239976,239978,2,9
239974,239976,239977,1,2
239974,239976,239978,2,2
239974,239988,239989,1,14
239974,239988,239989,1,14
239974,239988,239989,1,14
239974,239988,239990,2,14
239840,239840,240001,161,0
240003,240003,240004,1,0
240003,240003,240004,1,0
240003,240003,240005,2,0
240003,240003,240005,2,0
240003,240003,240005,2,0
240003,240003,240005,2,0
240003,240003,240004,1,0
240003,240003,240004,1,0
240003,240003,240005,2,0
240003,240003,240004,1,0
240003,240003,240004,1,0
240003,240003,240005,2,0
240003,240003,240004,1,0
240003,240003,240004,1,0
240003,240003,240004,1,0
240003,240003,240005,2,0
240003,240003,240004,1,0
240003,240003,240005,2,0
240003,240003,240004,1,0
240003,240003,240004,1,0
240003,240003,240004,1,0
240003,240003,240005,2,0
240003,240003,240004,1,0
240003,240003,240005,2,0
240003,240003,240005,2,0
240003,240003,240005,2,0
239858,239858,240004,146,0
240003,240003,240004,1,0
240003,240003,240004,1,0
240003,240003,240005,2,0
240003,240003,240004,1,0
240003,240003,240004,1,0
240003,240003,240004,1,0
240003,240003,240004,1,0
240003,240003,240005,2,0
240003,240003,240005,2,0
240003,240003,240006,3,0
240003,240003,240005,2,0
240003,240003,240006,3,0
240003,240003,240005,2,0
240003,240003,240005,2,0
240003,240003,240005,2,0
240003,240003,240005,2,0
240003,240003,240005,2,0
240003,240003,240005,2,0
240003,240003,240006,3,0
240006,240007,240009,2,1
240006,240007,240008,1,1
240006,240007,240008,1,1
240006,240007,240008,1,1
240006,240007,240008,1,1
240006,240007,240008,1,1
240006,240007,240009,2,1
240006,240007,240008,1,1
240006,240007,240008,1,1
240006,240007,240008,1,1
240006,240007,240008,1,1
240006,240007,240008,1,1
240006,240007,240008,1,1
240006,240007,240008,1,1
240006,240007,240008,1,1
240006,240007,240008,1,1
240006,240007,240008,1,1
240006,240007,240008,1,1
240006,240007,240008,1,1
240006,240007,240008,1,1
240006,240007,240008,1,1
240006,240007,240008,1,1
240006,240007,240008,1,1
240006,240007,240008,1,1
240006,240007,240008,1,1
240006,240007,240008,1,1
240006,240007,240008,1,1
240006,240007,240009,2,1
240006,240007,240009,2,1
240006,240007,240009,2,1
240006,240007,240009,2,1
240006,240007,240009,2,1
240006,240007,240009,2,1
240006,240007,240009,2,1
240006,240007,240009,2,1
240006,240007,240009,2,1
240006,240007,240009,2,1
240006,240007,240009,2,1
240006,240007,240009,2,1
240006,240007,240009,2,1
240006,240007,240009,2,1
240006,240007,240009,2,1
240006,240007,240010,3,1
239854,239857,240014,157,3
239872,239872,240015,143,0
239860,239860,240017,157,0
240017,240018,240019,1,1
240017,240018,240019,1,1
240017,240018,240020,2,1
240017,240018,240019,1,1
240017,240018,240019,1,1
240017,240018,240019,1,1
240017,240018,240019,1,1
240018,240018,240019,1,0
240018,240018,240019,1,0
240017,240018,240019,1,1
240017,240018,240019,1,1
240017,240018,240019,1,1
240017,240018,240020,2,1
240018,240018,240019,1,0
240018,240018,240019,1,0
240018,240018,240019,1,0
240017,240018,240019,1,1
240017,240018,240019,1,1
240017,240018,240020,2,1
240018,240018,240019,1,0
240018,240018,240019,1,0
240018,240018,240019,1,0
240017,240018,240019,1,1
240017,240018,240019,1,1
240017,240018,240020,2,1
240018,240018,240020,2,0
240018,240018,240020,2,0
240018,240018,240020,2,0
240017,240018,240019,1,1
240017,240018,240019,1,1
240017,240018,240019,1,1
240017,240018,240019,1,1
240017,240018,240019,1,1
240017,240018,240019,1,1
240017,240018,240019,1,1
240017,240018,240020,2,1
240018,240018,240019,1,0
240018,240018,240019,1,0
240018,240018,240019,1,0
240017,240018,240020,2,1
240017,240018,240019,1,1
240017,240018,240020,2,1
240017,240018,240020,2,1
240017,240018,240021,3,1
240017,240018,240021,3,1
240017,240018,240020,2,1
240017,240018,240020,2,1
240017,240018,240020,2,1
240017,240018,240020,2,1
240017,240018,240021,3,1
240018,240020,240021,1,2
240018,240020,240021,1,2
240018,240020,240021,1,2
240020,240021,240022,1,1
240018,240020,240022,2,2
240018,240020,240022,2,2
240020,240020,240021,1,0
240020,240020,240021,1,0
240018,240020,240021,1,2
240018,240020,240022,2,2
240018,240020,240022,2,2
240018,240020,240022,2,2
240020,240020,240021,1,0
240020,240021,240022,1,1
240018,240020,240022,2,2
240018,240020,240022,2,2
240020,240020,240021,1,0
240020,240020,240021,1,0
240020,240021,240022,1,1
240018,240020,240022,2,2
240020,240020,240021,1,0
240020,240020,240021,1,0
240020,240021,240022,1,1
240020,240020,240021,1,0
240020,240020,240022,2,0
240020,240020,240022,2,0
240020,240020,240022,2,0
240020,240020,240022,2,0
240020,240022,240023,1,2
240020,240022,240023,1,2
240020,240021,240022,1,1
240018,240020,240022,2,2
240018,240020,240022,2,2
240018,240020,240022,2,2
240020,240022,240023,1,2
240020,240022,240023,1,2
240018,240020,240023,3,2
240018,240020,240023,3,2
240018,240020,240022,2,2
240020,240021,240022,1,1
240020,240021,240022,1,1
240018,240020,240022,2,2
240018,240020,240022,2,2
240018,240020,240023,3,2
240018,240020,240022,2,2
240018,240020,240022,2,2
240020,240021,240022,1,1
240018,240020,240023,3,2
240018,240020,240023,3,2
240018,240020,240022,2,2
240018,240020,240023,3,2
240018,240020,240022,2,2
240018,240020,240023,3,2
240020,240022,240023,1,2
240020,240022,240023,1,2
240020,240022,240023,1,2
240020,240022,240023,1,2
240020,240022,240024,2,2
240020,240022,240024,2,2
240020,240022,240024,2,2
240020,240022,240024,2,2
240020,240022,240024,2,2
240020,240022,240024,2,2
240020,240022,240024,2,2
240020,240022,240024,2,2
240020,240022,240024,2,2
240020,240022,240024,2,2
240020,240022,240024,2,2
240020,240022,240024,2,2
240020,240022,240024,2,2
240020,240022,240024,2,2
240020,240022,240024,2,2
240020,240022,240025,3,2
240020,240022,240025,3,2
239874,239874,240026,152,0
240006,240007,240009,2,1
240006,240007,240009,2,1
239876,239876,240029,153,0
240017,240030,240031,1,13
240017,240030,240031,1,13
239862,239862,240034,172,0
240017,240035,240036,1,18
240017,240035,240036,1,18
240017,240035,240036,1,18
240017,240035,240037,2,18
240017,240035,240037,2,18
240018,240035,240036,1,17
240018,240035,240036,1,17
240036,240036,240037,1,0
240036,240036,240038,2,0
240036,240036,240038,2,0
240036,240036,240038,2,0
240036,240036,240038,2,0
240036,240036,240038,2,0
240036,240036,240038,2,0
240036,240036,240038,2,0
240036,240036,240038,2,0
240036,240036,240038,2,0
240036,240036,240038,2,0
240036,240036,240038,2,0
240036,240036,240038,2,0
240036,240036,240038,2,0
240036,240036,240038,2,0
240036,240036,240037,1,0
240036,240036,240038,2,0
240036,240036,240038,2,0
240036,240036,240038,2,0
240036,240036,240038,2,0
240036,240036,240037,1,0
240036,240036,240038,2,0
240036,240036,240038,2,0
240036,240036,240038,2,0
240036,240036,240038,2,0
240036,240036,240038,2,0
240036,240036,240037,1,0
240036,240036,240038,2,0
240036,240036,240038,2,0
240036,240036,240038,2,0
240036,240036,240038,2,0
240036,240036,240038,2,0
240036,240036,240038,2,0
240036,240036,240038,2,0
240036,240036,240038,2,0
240036,240036,240038,2,0
240036,240036,240038,2,0
240036,240036,240037,1,0
240036,240037,240038,1,1
240036,240037,240038,1,1
240036,240036,240038,2,0
240036,240036,240038,2,0
240036,240036,240038,2,0
240036,240036,240038,2,0
240036,240036,240038,2,0
240036,240036,240039,3,0
240036,240036,240039,3,0
240036,240037,240039,2,1
240036,240037,240039,2,1
240036,240037,240039,2,1
240036,240036,240039,3,0
240036,240036,240039,3,0
240036,240036,240039,3,0
240036,240036,240039,3,0
240036,240036,240039,3,0
240036,240036,240039,3,0
240036,240036,240039,3,0
240036,240036,240039,3,0
240036,240036,240039,3,0
240036,240036,240039,3,0
240036,240037,240039,2,1
240036,240038,240040,2,2
240036,240039,240041,2,3
240036,240036,240040,4,0
240036,240039,240040,1,3
240036,240039,240040,1,3
240036,240039,240040,1,3
240036,240039,240040,1,3
240036,240039,240040,1,3
240036,240039,240040,1,3
240036,240039,240040,1,3
240036,240039,240040,1,3
240036,240039,240041,2,3
240036,240039,240040,1,3
240036,240039,240041,2,3
240036,240039,240040,1,3
240036,240039,240041,2,3
240036,240039,240040,1,3
240036,240039,240041,2,3
240036,240039,240040,1,3
240036,240039,240040,1,3
240036,240039,240041,2,3
240036,240039,240041,2,3
240036,240039,240041,2,3
240036,240039,240041,2,3
240036,240039,240041,2,3
240036,240039,240041,2,3
240036,240039,240041,2,3
240036,240039,240041,2,3
240036,240037,240040,3,1
239897,239898,240055,157,1
239902,239902,240057,155,0
240061,240061,240063,2,0
240061,240061,240062,1,0
240061,240061,240063,2,0
240061,240061,240063,2,0
240061,240061,240063,2,0
240061,240061,240062,1,0
240061,240061,240063,2,0
240061,240061,240063,2,0
240061,240061,240063,2,0
240061,240061,240062,1,0
240061,240061,240063,2,0
240061,240061,240063,2,0
240061,240061,240063,2,0
240061,240061,240063,2,0
240061,240061,240063,2,0
240061,240061,240063,2,0
240061,240061,240063,2,0
240061,240061,240063,2,0
240061,240061,240062,1,0
240061,240061,240063,2,0
240061,240061,240063,2,0
240061,240061,240063,2,0
240061,240061,240063,2,0
240061,240061,240062,1,0
240061,240061,240062,1,0
240061,240061,240063,2,0
240061,240061,240063,2,0
240061,240061,240063,2,0
240061,240061,240062,1,0
240061,240061,240063,2,0
240061,240061,240063,2,0
240061,240061,240063,2,0
240061,240061,240063,2,0
240061,240061,240063,2,0
240061,240061,240063,2,0
240061,240061,240063,2,0
240061,240061,240063,2,0
240061,240062,240063,1,1
240061,240061,240063,2,0
240061,240061,240063,2,0
240061,240061,240063,2,0
240061,240061,240063,2,0
240061,240061,240063,2,0
240061,240061,240063,2,0
240061,240061,240064,3,0
240061,240061,240064,3,0
240061,240061,240064,3,0
240061,240061,240064,3,0
240061,240061,240064,3,0
240061,240061,240064,3,0
240061,240061,240064,3,0
240061,240061,240064,3,0
240061,240061,240064,3,0
240061,240061,240064,3,0
240061,240061,240064,3,0
240061,240061,240064,3,0
240061,240061,240064,3,0
240061,240061,240064,3,0
240061,240061,240065,4,0
240061,240064,240065,1,3
240061,240064,240065,1,3
240061,240064,240065,1,3
240061,240064,240065,1,3
240061,240064,240065,1,3
240061,240064,240065,1,3
240061,240064,240066,2,3
240061,240064,240065,1,3
240061,240064,240065,1,3
240061,240061,240064,3,0
240061,240061,240064,3,0
240061,240061,240064,3,0
240061,240064,240066,2,3
239918,239918,240066,148,0
240061,240064,240066,2,3
240061,240064,240066,2,3
240061,240064,240066,2,3
240061,240064,240066,2,3
240061,240064,240066,2,3
240061,240064,240066,2,3
240061,240064,240066,2,3
240061,240064,240066,2,3
240061,240064,240066,2,3
240061,240064,240066,2,3
240061,240064,240066,2,3
240061,240062,240067,5,1
240061,240066,240067,1,5
240061,240064,240067,3,3
240061,240064,240067,3,3
240061,240066,240068,2,5
240061,240066,240068,2,5
240066,240067,240068,1,1
240066,240067,240068,1,1
240066,240067,240068,1,1
240066,240067,240068,1,1
240066,240067,240068,1,1
240066,240067,240068,1,1
240066,240067,240068,1,1
240066,240067,240068,1,1
240066,240067,240068,1,1
240066,240067,240068,1,1
240066,240067,240068,1,1
240066,240067,240069,2,1
240066,240067,240068,1,1
240066,240067,240068,1,1
240066,240067,240069,2,1
240066,240067,240069,2,1
240066,240067,240069,2,1
240066,240067,240068,1,1
240066,240067,240068,1,1
240066,240067,240068,1,1
240066,240067,240068,1,1
240066,240067,240068,1,1
240066,240067,240068,1,1
240066,240067,240069,2,1
240066,240067,240068,1,1
240066,240067,240068,1,1
240066,240067,240068,1,1
240066,240067,240069,2,1
240066,240067,240069,2,1
240066,240067,240069,2,1
240066,240067,240069,2,1
240066,240067,240069,2,1
240066,240067,240069,2,1
240066,240067,240069,2,1
240066,240067,240070,3,1
240066,240067,240070,3,1
240066,240067,240069,2,1
240066,240067,240069,2,1
240066,240067,240069,2,1
240066,240067,240069,2,1
240066,240067,240069,2,1
240066,240067,240069,2,1
240066,240067,240069,2,1
240066,240067,240069,2,1
240061,240062,240070,8,1
240066,240067,240070,3,1
240081,240082,240083,1,1
240081,240082,240083,1,1
240081,240082,240083,1,1
240081,240082,240083,1,1
240081,240082,240083,1,1
240081,240082,240083,1,1
240081,240082,240083,1,1
240081,240082,240083,1,1
240081,240082,240083,1,1
240081,240082,240083,1,1
240081,240082,240083,1,1
240081,240082,240083,1,1
240081,240082,240083,1,1
240081,240082,240083,1,1
240081,240082,240083,1,1
240081,240082,240083,1,1
240081,240082,240083,1,1
240081,240082,240083,1,1
240081,240082,240083,1,1
240081,240082,240083,1,1
240081,240082,240083,1,1
240081,240082,240083,1,1
240081,240082,240083,1,1
240081,240082,240083,1,1
240081,240082,240083,1,1
240081,240082,240084,2,1
240081,240082,240084,2,1
240081,240082,240084,2,1
240081,240082,240085,3,1
240081,240082,240084,2,1
240081,240082,240084,2,1
240081,240082,240084,2,1
240081,240082,240084,2,1
240081,240082,240084,2,1
240081,240082,240084,2,1
240081,240082,240084,2,1
240081,240082,240084,2,1
240081,240082,240085,3,1
240081,240082,240084,2,1
240081,240082,240084,2,1
240081,240082,240085,3,1
240081,240082,240084,2,1
240081,240082,240084,2,1
240081,240082,240084,2,1
240081,240082,240085,3,1
239935,239935,240092,157,0
239926,239926,240094,168,0
240101,240101,240102,1,0
240101,240101,240103,2,0
240101,240101,240103,2,0
240101,240101,240103,2,0
240101,240101,240103,2,0
240101,240101,240103,2,0
240101,240101,240102,1,0
240101,240101,240103,2,0
240101,240101,240103,2,0
240101,240101,240103,2,0
240101,240101,240102,1,0
240101,240101,240103,2,0
240101,240101,240103,2,0
240101,240101,240103,2,0
240101,240101,240102,1,0
240101,240101,240102,1,0
240101,240101,240103,2,0
240101,240101,240102,1,0
240101,240101,240103,2,0
240101,240101,240103,2,0
240101,240101,240103,2,0
240101,240101,240103,2,0
240101,240101,240103,2,0
240101,240101,240103,2,0
240101,240102,240104,2,1
240101,240101,240104,3,0
240101,240101,240104,3,0
240101,240101,240104,3,0
240101,240101,240104,3,0
240101,240101,240103,2,0
240101,240101,240104,3,0
240101,240101,240103,2,0
240101,240101,240104,3,0
240101,240101,240104,3,0
240101,240101,240103,2,0
240101,240101,240104,3,0
240101,240101,240103,2,0
240101,240101,240103,2,0
240101,240101,240104,3,0
240101,240101,240103,2,0
240101,240101,240104,3,0
240101,240101,240104,3,0
240101,240102,240104,2,1
240105,240105,240106,1,0
240105,240105,240106,1,0
240105,240105,240107,2,0
240105,240105,240106,1,0
240105,240105,240106,1,0
240105,240105,240106,1,0
240105,240105,240107,2,0
239948,239948,240106,158,0
240105,240105,240106,1,0
240105,240105,240106,1,0
240105,240105,240107,2,0
240105,240105,240106,1,0
240105,240105,240107,2,0
240105,240105,240106,1,0
240105,240105,240107,2,0
240105,240105,240106,1,0
240105,240105,240107,2,0
240105,240105,240106,1,0
240105,240105,240106,1,0
240105,240105,240106,1,0
240105,240105,240107,2,0
240105,240105,240107,2,0
240105,240105,240106,1,0
240105,240105,240106,1,0
240105,240105,240107,2,0
240105,240105,240107,2,0
240105,240105,240107,2,0
240105,240105,240107,2,0
240105,240105,240107,2,0
240105,240105,240108,3,0
240105,240105,240107,2,0
240105,240105,240108,3,0
240105,240105,240108,3,0
240105,240105,240107,2,0
240105,240105,240108,3,0
240105,240105,240107,2,0
240105,240105,240107,2,0
240105,240105,240107,2,0
240105,240105,240107,2,0
240105,240105,240108,3,0
240105,240105,240108,3,0
240109,240109,240110,1,0
240109,240109,240110,1,0
240109,240109,240111,2,0
240109,240109,240111,2,0
240109,240109,240110,1,0
240109,240109,240110,1,0
240109,240109,240110,1,0
240109,240109,240111,2,0
240109,240109,240110,1,0
240109,240109,240111,2,0
240109,240109,240110,1,0
240109,240109,240111,2,0
240109,240109,240111,2,0
240109,240109,240111,2,0
240109,240109,240110,1,0
240109,240109,240110,1,0
240109,240109,240111,2,0
240109,240109,240111,2,0
240109,240109,240111,2,0
240109,240109,240110,1,0
240109,240109,240111,2,0
240109,240109,240111,2,0
240109,240109,240111,2,0
240109,240109,240110,1,0
240109,240109,240111,2,0
240109,240109,240111,2,0
240109,240109,240111,2,0
240109,240109,240111,2,0
240109,240109,240111,2,0
240109,240109,240111,2,0
240109,240109,240111,2,0
240109,240109,240111,2,0
240109,240109,240112,3,0
240109,240109,240111,2,0
240109,240109,240111,2,0
240109,240109,240112,3,0
240109,240109,240112,3,0
240109,240109,240111,2,0
240109,240109,240111,2,0
240109,240109,240111,2,0
240109,240109,240112,3,0
240109,240109,240112,3,0
240109,240109,240111,2,0
240109,240109,240111,2,0
240109,240109,240112,3,0
239950,239950,240113,163,0
239968,239968,240120,152,0
239944,239944,240124,180,0
239946,239946,240124,178,0
240101,240101,240104,3,0
240101,240101,240104,3,0
240105,240126,240127,1,21
240126,240126,240128,2,0
240126,240126,240127,1,0
240126,240126,240128,2,0
240126,240126,240128,2,0
240126,240126,240128,2,0
240126,240126,240128,2,0
240126,240126,240128,2,0
240126,240126,240128,2,0
240126,240126,240127,1,0
240126,240126,240127,1,0
240126,240126,240127,1,0
240126,240126,240127,1,0
240126,240126,240127,1,0
240126,240126,240128,2,0
240126,240126,240128,2,0
240126,240126,240127,1,0
240126,240126,240127,1,0
240126,240126,240128,2,0
240126,240126,240128,2,0
240126,240126,240128,2,0
240126,240126,240127,1,0
240126,240126,240127,1,0
240126,240126,240127,1,0
240126,240126,240128,2,0
240126,240126,240128,2,0
240126,240126,240128,2,0
240126,240126,240127,1,0
240126,240126,240127,1,0
240126,240126,240127,1,0
240126,240126,240127,1,0
240126,240126,240127,1,0
240126,240126,240127,1,0
240126,240126,240127,1,0
240126,240126,240127,1,0
240126,240126,240127,1,0
240126,240126,240128,2,0
240126,240126,240127,1,0
240126,240126,240127,1,0
240126,240126,240127,1,0
240105,240126,240127,1,21
240126,240126,240127,1,0
240126,240126,240127,1,0
240126,240127,240128,1,1
240126,240126,240128,2,0
240126,240126,240129,3,0
240126,240126,240128,2,0
240126,240128,240129,1,2
240126,240126,240128,2,0
240126,240126,240129,3,0
240126,240126,240128,2,0
240126,240128,240129,1,2
240126,240128,240129,1,2
240126,240128,240129,1,2
240126,240128,240129,1,2
240126,240128,240129,1,2
239975,239975,240129,154,0
240126,240126,240128,2,0
240126,240128,240129,1,2
240126,240126,240128,2,0
240105,240126,240128,2,21
240126,240127,240128,1,1
240126,240127,240128,1,1
240126,240126,240128,2,0
240126,240126,240128,2,0
240126,240126,240128,2,0
240126,240128,240129,1,2
240126,240128,240129,1,2
240126,240129,240130,1,3
240126,240129,240130,1,3
240126,240129,240130,1,3
240126,240128,240129,1,2
240126,240128,240129,1,2
240126,240129,240130,1,3
240126,240129,240130,1,3
240126,240129,240130,1,3
240126,240128,240129,1,2
240126,240128,240130,2,2
240126,240128,240130,2,2
240126,240128,240130,2,2
240126,240128,240130,2,2
240126,240128,240130,2,2
240126,240128,240130,2,2
240126,240128,240130,2,2
240126,240128,240130,2,2
240126,240128,240130,2,2
240126,240128,240130,2,2
240126,240128,240130,2,2
240126,240128,240130,2,2
240126,240128,240130,2,2
240126,240128,240130,2,2
240126,240128,240129,1,2
240126,240128,240130,2,2
240126,240128,240130,2,2
240126,240128,240130,2,2
240126,240128,240130,2,2
240126,240128,240130,2,2
240126,240128,240130,2,2
240126,240128,240130,2,2
240126,240128,240130,2,2
240126,240128,240130,2,2
240126,240129,240131,2,3
240126,240129,240130,1,3
240126,240129,240130,1,3
240126,240129,240131,2,3
240126,240129,240131,2,3
240126,240129,240130,1,3
240126,240128,240131,3,2
240126,240128,240130,2,2
240126,240129,240131,2,3
240126,240128,240130,2,2
240126,240129,240131,2,3
240126,240128,240131,3,2
240126,240128,240131,3,2
240126,240128,240130,2,2
240126,240129,240131,2,3
240126,240129,240131,2,3
240126,240129,240131,2,3
240126,240128,240131,3,2
240126,240129,240131,2,3
240126,240129,240131,2,3
240126,240129,240131,2,3
240126,240129,240131,2,3
240126,240129,240132,3,3
240126,240130,240132,2,4
240126,240130,240132,2,4
240126,240130,240132,2,4
240126,240130,240132,2,4
240126,240130,240132,2,4
240126,240130,240133,3,4
240136,240136,240137,1,0
240136,240136,240138,2,0
240136,240136,240138,2,0
240136,240136,240138,2,0
240136,240136,240138,2,0
240136,240136,240138,2,0
240136,240136,240138,2,0
240136,240136,240138,2,0
240136,240136,240137,1,0
240136,240136,240137,1,0
240136,240136,240137,1,0
240136,240136,240138,2,0
240136,240136,240138,2,0
240136,240136,240138,2,0
240136,240136,240138,2,0
240136,240136,240137,1,0
240136,240136,240138,2,0
240136,240136,240138,2,0
240136,240136,240137,1,0
240136,240136,240137,1,0
240136,240136,240138,2,0
240136,240136,240138,2,0
240136,240136,240137,1,0
240136,240136,240138,2,0
240136,240136,240138,2,0
240136,240136,240138,2,0
240136,240136,240138,2,0
240136,240136,240137,1,0
240136,240136,240137,1,0
240136,240136,240138,2,0
240136,240136,240138,2,0
240136,240136,240138,2,0
240136,240136,240137,1,0
240136,240136,240137,1,0
240136,240136,240137,1,0
240136,240136,240138,2,0
240136,240136,240138,2,0
240136,240136,240138,2,0
240136,240136,240138,2,0
240136,240136,240138,2,0
240136,240136,240138,2,0
240136,240136,240138,2,0
240136,240136,240138,2,0
240126,240137,240138,1,11
240126,240137,240138,1,11
240136,240136,240139,3,0
240136,240136,240139,3,0
240136,240138,240140,2,2
240136,240136,240139,3,0
240136,240136,240139,3,0
240136,240136,240139,3,0
240136,240136,240139,3,0
240136,240136,240139,3,0
240136,240136,240139,3,0
240136,240136,240139,3,0
240136,240136,240139,3,0
240136,240136,240139,3,0
240136,240137,240139,2,1
240136,240139,240140,1,3
240136,240139,240140,1,3
240136,240139,240140,1,3
240136,240139,240140,1,3
240136,240139,240141,2,3
240136,240139,240140,1,3
240136,240139,240140,1,3
240136,240139,240140,1,3
240136,240139,240140,1,3
240136,240139,240140,1,3
240136,240139,240140,1,3
240136,240139,240140,1,3
240136,240139,240141,2,3
240136,240139,240140,1,3
240136,240139,240141,2,3
240136,240139,240140,1,3
240136,240139,240140,1,3
240136,240139,240140,1,3
240136,240139,240140,1,3
240136,240139,240140,1,3
240136,240139,240140,1,3
240136,240139,240140,1,3
240136,240139,240140,1,3
240126,240140,240141,1,14
240136,240139,240141,2,3
240136,240139,240141,2,3
240136,240139,240141,2,3
240136,240139,240141,2,3
240136,240139,240141,2,3
240136,240139,240141,2,3
240126,240140,240141,1,14
240126,240140,240141,1,14
240126,240140,240141,1,14
240126,240140,240141,1,14
240126,240140,240141,1,14
240136,240139,240141,2,3
240136,240139,240141,2,3
240136,240139,240141,2,3
240136,240139,240141,2,3
240136,240139,240141,2,3
240126,240140,240142,2,14
239959,239960,240154,194,1
240156,240156,240157,1,0
240156,240156,240158,2,0
240156,240156,240157,1,0
240156,240156,240158,2,0
240156,240156,240157,1,0
240156,240156,240157,1,0
240156,240156,240157,1,0
240156,240156,240158,2,0
240156,240156,240157,1,0
240156,240156,240157,1,0
240156,240156,240158,2,0
240156,240156,240158,2,0
240156,240156,240157,1,0
240156,240156,240158,2,0
240156,240156,240157,1,0
240156,240156,240157,1,0
240156,240156,240158,2,0
240156,240156,240158,2,0
240156,240156,240157,1,0
240156,240156,240157,1,0
240156,240156,240157,1,0
240156,240156,240157,1,0
240156,240156,240157,1,0
240156,240156,240157,1,0
240156,240156,240157,1,0
240156,240156,240157,1,0
240156,240156,240159,3,0
240156,240156,240158,2,0
240156,240156,240159,3,0
240156,240156,240159,3,0
240156,240156,240159,3,0
240156,240156,240159,3,0
240156,240156,240158,2,0
240156,240156,240158,2,0
240156,240156,240159,3,0
240156,240156,240158,2,0
240156,240156,240159,3,0
240156,240156,240158,2,0
240156,240156,240158,2,0
240156,240156,240159,3,0
240004,240004,240165,161,0
240008,240008,240170,162,0
240156,240168,240169,1,12
240156,240168,240170,2,12
240156,240168,240169,1,12
240156,240168,240170,2,12
240156,240168,240170,2,12
240171,240172,240173,1,1
240171,240171,240173,2,0
240171,240171,240173,2,0
240171,240171,240172,1,0
240171,240171,240172,1,0
240171,240171,240173,2,0
240171,240171,240173,2,0
240171,240171,240173,2,0
240171,240171,240173,2,0
240171,240171,240173,2,0
240171,240171,240172,1,0
240171,240171,240172,1,0
240171,240171,240173,2,0
240171,240172,240173,1,1
240171,240172,240173,1,1
240171,240172,240173,1,1
240171,240171,240173,2,0
240171,240171,240173,2,0
240171,240171,240173,2,0
240171,240171,240173,2,0
240171,240171,240172,1,0
240171,240171,240173,2,0
240171,240171,240173,2,0
240171,240171,240173,2,0
240171,240171,240173,2,0
240171,240171,240173,2,0
240171,240171,240173,2,0
240171,240171,240173,2,0
240171,240171,240173,2,0
240171,240171,240173,2,0
240171,240171,240173,2,0
240171,240171,240173,2,0
240171,240171,240173,2,0
240171,240171,240173,2,0
240171,240171,240174,3,0
240019,240020,240174,154,1
240171,240171,240174,3,0
240171,240171,240174,3,0
240171,240172,240173,1,1
240171,240172,240174,2,1
240171,240171,240173,2,0
240171,240171,240174,3,0
240171,240171,240174,3,0
240171,240171,240174,3,0
240171,240171,240174,3,0
240171,240171,240174,3,0
240175,240176,240177,1,1
240175,240175,240176,1,0
240175,240175,240176,1,0
240175,240175,240176,1,0
240175,240175,240176,1,0
240175,240175,240176,1,0
240175,240175,240176,1,0
240175,240175,240177,2,0
240175,240175,240177,2,0
240175,240175,240177,2,0
240175,240175,240176,1,0
240175,240175,240177,2,0
240175,240175,240176,1,0
240175,240175,240176,1,0
240175,240175,240177,2,0
240175,240175,240177,2,0
240175,240175,240177,2,0
240175,240175,240176,1,0
240175,240175,240176,1,0
240175,240175,240176,1,0
240175,240175,240176,1,0
240175,240175,240176,1,0
240175,240175,240177,2,0
240175,240175,240176,1,0
240175,240175,240176,1,0
240175,240175,240176,1,0
240175,240175,240177,2,0
240175,240175,240176,1,0
240175,240175,240176,1,0
240175,240175,240176,1,0
240175,240175,240176,1,0
240175,240175,240177,2,0
240175,240176,240177,1,1
240175,240176,240178,2,1
240175,240176,240178,2,1
240175,240175,240177,2,0
240175,240175,240177,2,0
240175,240175,240178,3,0
240175,240175,240178,3,0
240175,240175,240177,2,0
240175,240175,240178,3,0
240175,240175,240177,2,0
240175,240175,240177,2,0
240184,240184,240185,1,0
240184,240184,240185,1,0
240184,240184,240185,1,0
240184,240184,240185,1,0
240184,240184,240185,1,0
240184,240184,240185,1,0
240184,240184,240185,1,0
240184,240184,240185,1,0
240184,240184,240185,1,0
240184,240184,240185,1,0
240184,240184,240185,1,0
240184,240184,240185,1,0
240184,240184,240185,1,0
240184,240184,240185,1,0
240184,240184,240186,2,0
240184,240184,240185,1,0
240184,240184,240185,1,0
240184,240184,240185,1,0
240184,240184,240186,2,0
240184,240184,240186,2,0
240184,240184,240185,1,0
240184,240184,240185,1,0
240184,240184,240185,1,0
240184,240184,240185,1,0
240184,240184,240185,1,0
240184,240184,240185,1,0
240184,240184,240185,1,0
240184,240184,240185,1,0
240184,240184,240185,1,0
240184,240184,240186,2,0
240184,240184,240186,2,0
240184,240184,240186,2,0
240184,240184,240186,2,0
240184,240184,240186,2,0
240184,240184,240186,2,0
240184,240184,240186,2,0
240184,240184,240186,2,0
240037,240039,240189,150,2
240184,240184,240191,7,0
240175,240175,240177,2,0
240184,240192,240193,1,8
240184,240192,240193,1,8
240184,240192,240193,1,8
240184,240192,240194,2,8
240184,240192,240194,2,8
240175,240196,240197,1,21
240184,240196,240197,1,12
240196,240196,240197,1,0
240196,240196,240197,1,0
240196,240196,240198,2,0
240196,240196,240197,1,0
240196,240196,240198,2,0
240196,240196,240198,2,0
240196,240196,240198,2,0
240196,240196,240197,1,0
240196,240196,240198,2,0
240196,240196,240197,1,0
240196,240196,240197,1,0
240196,240196,240197,1,0
240196,240196,240198,2,0
240196,240196,240197,1,0
240196,240196,240198,2,0
240196,240196,240197,1,0
240196,240196,240197,1,0
240196,240196,240197,1,0
240196,240196,240197,1,0
240196,240196,240197,1,0
240196,240196,240197,1,0
240196,240196,240198,2,0
240196,240196,240198,2,0
240196,240196,240198,2,0
240196,240196,240197,1,0
240196,240196,240197,1,0
240196,240196,240198,2,0
240196,240196,240197,1,0
240196,240196,240197,1,0
240196,240196,240198,2,0
240196,240196,240197,1,0
240196,240196,240198,2,0
240196,240196,240198,2,0
240196,240196,240198,2,0
240196,240196,240199,3,0
240196,240196,240199,3,0
240196,240196,240199,3,0
240196,240196,240199,3,0
240196,240196,240199,3,0
240196,240196,240198,2,0
240196,240196,240198,2,0
240196,240196,240198,2,0
240196,240196,240198,2,0
240196,240196,240198,2,0
240184,240184,240205,21,0
240196,240196,240206,10,0
240021,240022,240234,212,1
240062,240064,240235,171,2
240235,240236,240238,2,1
240235,240236,240238,2,1
240235,240236,240238,2,1
240235,240236,240237,1,1
240235,240236,240237,1,1
240235,240236,240237,1,1
240235,240236,240237,1,1
240235,240236,240238,2,1
240235,240236,240237,1,1
240235,240236,240237,1,1
240236,240236,240237,1,0
240235,240236,240237,1,1
240235,240236,240237,1,1
240235,240236,240237,1,1
240236,240236,240237,1,0
240235,240236,240237,1,1
240235,240236,240237,1,1
240236,240236,240238,2,0
240236,240236,240237,1,0
240235,240236,240237,1,1
240235,240236,240237,1,1
240235,240236,240238,2,1
240236,240236,240237,1,0
240235,240236,240237,1,1
240235,240236,240237,1,1
240235,240236,240237,1,1
240235,240236,240238,2,1
240236,240236,240237,1,0
240236,240236,240237,1,0
240236,240236,240238,2,0
240236,240236,240238,2,0
240236,240236,240238,2,0
240236,240236,240237,1,0
240236,240236,240237,1,0
240235,240236,240237,1,1
240235,240236,240237,1,1
240235,240236,240237,1,1
240235,240236,240237,1,1
240236,240236,240237,1,0
240236,240236,240237,1,0
240236,240236,240237,1,0
240235,240236,240238,2,1
240235,240236,240238,2,1
240235,240236,240238,2,1
240235,240236,240238,2,1
240235,240236,240238,2,1
240235,240236,240238,2,1
240235,240236,240238,2,1
240235,240236,240238,2,1
240235,240236,240238,2,1
240235,240236,240239,3,1
240235,240236,240238,2,1
240082,240083,240239,156,1
240235,240236,240238,2,1
240235,240236,240239,3,1
240235,240236,240238,2,1
240236,240238,240240,2,2
240236,240238,240240,2,2
240236,240238,240239,1,2
240236,240239,240240,1,3
240236,240239,240240,1,3
240236,240238,240239,1,2
240236,240238,240239,1,2
240236,240238,240239,1,2
240236,240238,240240,2,2
240236,240238,240240,2,2
240236,240238,240240,2,2
240236,240238,240239,1,2
240236,240238,240239,1,2
240236,240238,240239,1,2
240236,240238,240240,2,2
240023,240023,240240,217,0
240236,240238,240240,2,2
240236,240238,240240,2,2
240236,240238,240241,3,2
240236,240238,240240,2,2
240236,240238,240240,2,2
240236,240238,240240,2,2
240236,240238,240240,2,2
240236,240238,240241,3,2
240236,240238,240240,2,2
240236,240238,240240,2,2
240236,240238,240240,2,2
240236,240238,240240,2,2
240240,240240,240242,2,0
240240,240240,240241,1,0
240240,240240,240241,1,0
240240,240240,240241,1,0
240240,240240,240241,1,0
240240,240240,240241,1,0
240240,240240,240241,1,0
240240,240240,240241,1,0
240240,240240,240241,1,0
240240,240240,240241,1,0
240240,240240,240241,1,0
240240,240240,240241,1,0
240240,240240,240242,2,0
240240,240240,240242,2,0
240240,240240,240242,2,0
240240,240240,240241,1,0
240240,240240,240242,2,0
240240,240240,240242,2,0
240240,240240,240242,2,0
240240,240240,240242,2,0
240240,240240,240242,2,0
240240,240240,240242,2,0
240240,240240,240242,2,0
240240,240240,240242,2,0
240240,240240,240242,2,0
240242,240242,240243,1,0
240240,240240,240242,2,0
240240,240240,240242,2,0
240242,240242,240243,1,0
240240,240240,240242,2,0
240240,240240,240243,3,0
240240,240240,240242,2,0
240240,240240,240242,2,0
240242,240242,240243,1,0
240242,240242,240243,1,0
240240,240240,240243,3,0
240240,240240,240243,3,0
240240,240241,240243,2,1
240240,240240,240243,3,0
240240,240240,240243,3,0
240240,240241,240243,2,1
240240,240241,240243,2,1
240240,240240,240243,3,0
240242,240242,240244,2,0
240242,240242,240243,1,0
240242,240242,240243,1,0
240242,240242,240243,1,0
240242,240242,240244,2,0
240242,240242,240243,1,0
240242,240242,240244,2,0
240242,240242,240244,2,0
240242,240242,240244,2,0
240242,240242,240243,1,0
240242,240242,240243,1,0
240242,240242,240243,1,0
240242,240242,240244,2,0
240242,240242,240243,1,0
240242,240242,240243,1,0
240242,240242,240243,1,0
240240,240240,240243,3,0
240240,240240,240244,4,0
240242,240242,240244,2,0
240242,240242,240243,1,0
240242,240242,240244,2,0
240242,240242,240244,2,0
240240,240240,240244,4,0
240240,240240,240244,4,0
240242,240243,240244,1,1
240242,240243,240244,1,1
240240,240240,240243,3,0
240240,240240,240244,4,0
240242,240242,240243,1,0
240242,240242,240243,1,0
240242,240242,240244,2,0
240242,240242,240244,2,0
240242,240242,240244,2,0
240242,240243,240245,2,1
240242,240243,240245,2,1
240242,240243,240245,2,1
240242,240243,240245,2,1
240242,240243,240245,2,1
240242,240243,240245,2,1
240242,240243,240245,2,1
240242,240243,240245,2,1
240242,240243,240245,2,1
240242,240243,240246,3,1
240102,240102,240246,144,0
240242,240243,240245,2,1
240242,240243,240245,2,1
240242,240243,240246,3,1
240242,240243,240245,2,1
240106,240106,240254,148,0
240235,240253,240255,2,18
240235,240253,240255,2,18
240235,240253,240254,1,18
240235,240253,240255,2,18
240236,240253,240255,2,17
240236,240253,240254,1,17
240235,240253,240256,3,18
240255,240255,240257,2,0
240255,240256,240257,1,1
240255,240256,240257,1,1
240255,240256,240257,1,1
240255,240256,240257,1,1
240255,240255,240256,1,0
240255,240255,240257,2,0
240255,240255,240257,2,0
240255,240255,240256,1,0
240255,240255,240256,1,0
240255,240255,240256,1,0
240255,240255,240257,2,0
240255,240255,240257,2,0
240255,240255,240257,2,0
240255,240255,240257,2,0
240255,240255,240257,2,0
240255,240255,240257,2,0
240255,240255,240257,2,0
240255,240255,240257,2,0
240255,240255,240256,1,0
240255,240255,240257,2,0
240255,240255,240256,1,0
240255,240255,240257,2,0
240255,240255,240257,2,0
240255,240255,240257,2,0
240255,240255,240258,3,0
240255,240255,240257,2,0
240255,240255,240257,2,0
240255,240256,240258,2,1
240255,240255,240258,3,0
240255,240255,240257,2,0
240255,240255,240258,3,0
240255,240255,240258,3,0
240255,240255,240257,2,0
240255,240255,240258,3,0
240255,240255,240258,3,0
240255,240255,240258,3,0
240255,240255,240258,3,0
240255,240255,240257,2,0
240255,240255,240257,2,0
240255,240255,240258,3,0
240255,240255,240258,3,0
240255,240255,240258,3,0
240255,240255,240257,2,0
240255,240255,240259,4,0
240108,240108,240261,153,0
240112,240112,240268,156,0
240110,240110,240269,159,0
240273,240273,240275,2,0
240273,240273,240275,2,0
240273,240273,240274,1,0
240273,240274,240275,1,1
240273,240274,240275,1,1
240273,240273,240275,2,0
240273,240273,240275,2,0
240273,240273,240275,2,0
240273,240273,240275,2,0
240273,240273,240275,2,0
240273,240273,240275,2,0
240273,240273,240275,2,0
240273,240273,240275,2,0
240273,240273,240275,2,0
240273,240274,240275,1,1
240273,240273,240274,1,0
240273,240273,240274,1,0
240273,240273,240274,1,0
240273,240273,240275,2,0
240273,240273,240275,2,0
240273,240273,240274,1,0
240273,240273,240275,2,0
240273,240273,240274,1,0
240273,240273,240275,2,0
240273,240273,240275,2,0
240273,240274,240275,1,1
240273,240274,240275,1,1
240273,240274,240275,1,1
240273,240274,240275,1,1
240273,240274,240275,1,1
240273,240273,240275,2,0
240273,240273,240275,2,0
240273,240274,240275,1,1
240273,240273,240275,2,0
240273,240273,240275,2,0
240273,240273,240275,2,0
240273,240273,240275,2,0
240273,240274,240275,1,1
240273,240274,240275,1,1
240273,240273,240275,2,0
240273,240273,240275,2,0
240273,240273,240275,2,0
240273,240274,240275,1,1
240273,240273,240276,3,0
240273,240273,240276,3,0
240273,240273,240276,3,0
240273,240273,240276,3,0
240273,240273,240276,3,0
240273,240273,240276,3,0
240273,240273,240276,3,0
240273,240273,240275,2,0
240273,240273,240276,3,0
240273,240273,240275,2,0
240273,240274,240276,2,1
240273,240274,240276,2,1
240273,240273,240276,3,0
240273,240273,240276,3,0
240273,240273,240276,3,0
240273,240273,240276,3,0
240273,240273,240276,3,0
240273,240273,240276,3,0
240273,240273,240276,3,0
240273,240275,240277,2,2
240273,240274,240277,3,1
240273,240276,240277,1,3
240273,240275,240277,2,2
240273,240276,240277,1,3
240273,240275,240277,2,2
240273,240275,240277,2,2
240273,240276,240277,1,3
240273,240275,240277,2,2
240273,240275,240278,3,2
240273,240276,240277,1,3
240273,240276,240277,1,3
240273,240275,240278,3,2
240273,240275,240277,2,2
240277,240277,240278,1,0
240273,240275,240278,3,2
240273,240275,240278,3,2
240273,240275,240278,3,2
240273,240275,240278,3,2
240273,240275,240278,3,2
240273,240275,240277,2,2
240273,240275,240278,3,2
240273,240275,240278,3,2
240273,240276,240278,2,3
240273,240275,240278,3,2
240273,240275,240278,3,2
240277,240277,240279,2,0
240277,240277,240279,2,0
240273,240273,240279,6,0
240273,240275,240278,3,2
240273,240275,240279,4,2
240277,240277,240279,2,0
240277,240277,240279,2,0
240277,240277,240279,2,0
240277,240277,240279,2,0
240277,240277,240279,2,0
240277,240277,240279,2,0
240277,240277,240279,2,0
240277,240277,240279,2,0
240277,240277,240279,2,0
240277,240277,240279,2,0
240277,240277,240279,2,0
240277,240277,240279,2,0
240277,240277,240279,2,0
240277,240277,240279,2,0
240277,240278,240279,1,1
240277,240277,240279,2,0
240277,240277,240279,2,0
240277,240277,240279,2,0
240277,240277,240279,2,0
240277,240278,240280,2,1
240277,240278,240280,2,1
240277,240277,240279,2,0
240277,240277,240280,3,0
240277,240278,240279,1,1
240277,240278,240280,2,1
240277,240277,240280,3,0
240277,240277,240280,3,0
240277,240277,240280,3,0
240277,240277,240280,3,0
240277,240277,240280,3,0
240277,240277,240280,3,0
240277,240278,240280,2,1
240277,240277,240280,3,0
240277,240277,240280,3,0
240277,240278,240280,2,1
240277,240278,240280,2,1
240277,240278,240280,2,1
240277,240277,240280,3,0
240277,240277,240281,4,0
240277,240277,240280,3,0
240277,240277,240281,4,0
240138,240139,240290,151,1
240297,240297,240299,2,0
240297,240297,240299,2,0
240297,240297,240299,2,0
240297,240297,240298,1,0
240297,240297,240298,1,0
240297,240297,240298,1,0
240297,240297,240299,2,0
240297,240297,240298,1,0
240297,240297,240298,1,0
240297,240297,240298,1,0
240297,240297,240298,1,0
240297,240297,240298,1,0
240297,240297,240298,1,0
240297,240297,240298,1,0
240297,240297,240298,1,0
240297,240297,240298,1,0
240297,240297,240298,1,0
240297,240297,240298,1,0
240297,240297,240298,1,0
240297,240297,240298,1,0
240297,240297,240298,1,0
240297,240297,240298,1,0
240297,240297,240299,2,0
240297,240297,240298,1,0
240297,240297,240298,1,0
240297,240297,240299,2,0
240297,240297,240298,1,0
240297,240297,240298,1,0
240297,240297,240298,1,0
240277,240277,240281,4,0
240297,240298,240299,1,1
240297,240298,240299,1,1
240297,240298,240299,1,1
240297,240298,240300,2,1
240297,240297,240300,3,0
240297,240297,240299,2,0
240297,240297,240300,3,0
240297,240297,240300,3,0
240297,240299,240300,1,2
240297,240299,240300,1,2
240297,240297,240300,3,0
240297,240297,240299,2,0
240297,240297,240300,3,0
240297,240297,240299,2,0
240297,240297,240300,3,0
240297,240297,240299,2,0
240068,240068,240300,232,0
240127,240137,240299,162,10
240297,240297,240300,3,0
240297,240297,240300,3,0
240297,240297,240300,3,0
240297,240299,240301,2,2
240297,240299,240301,2,2
240297,240299,240301,2,2
240297,240299,240300,1,2
240297,240299,240301,2,2
240297,240299,240301,2,2
240297,240299,240301,2,2
240297,240299,240301,2,2
240297,240299,240301,2,2
240297,240299,240301,2,2
240297,240299,240301,2,2
240297,240299,240301,2,2
240297,240299,240301,2,2
240297,240299,240301,2,2
240297,240299,240301,2,2
240297,240299,240301,2,2
240297,240299,240301,2,2
240297,240298,240301,3,1
240297,240299,240302,3,2
240297,240299,240301,2,2
240297,240299,240302,3,2
240297,240299,240301,2,2
240157,240157,240301,144,0
240297,240299,240302,3,2
240297,240299,240301,2,2
240297,240299,240301,2,2
240297,240299,240302,3,2
240297,240299,240301,2,2
240297,240299,240302,3,2
240297,240299,240302,3,2
240297,240299,240302,3,2
240297,240299,240302,3,2
240297,240305,240306,1,8
240297,240305,240306,1,8
240297,240305,240306,1,8
240297,240305,240307,2,8
240297,240305,240308,3,8
240307,240307,240308,1,0
240307,240307,240309,2,0
240307,240307,240309,2,0
240307,240307,240309,2,0
240307,240307,240308,1,0
240307,240307,240308,1,0
240307,240307,240308,1,0
240307,240307,240309,2,0
240307,240307,240309,2,0
240307,240307,240308,1,0
240307,240307,240308,1,0
240307,240307,240308,1,0
240307,240307,240308,1,0
240307,240307,240308,1,0
240307,240307,240308,1,0
240307,240307,240309,2,0
240307,240307,240308,1,0
240307,240307,240308,1,0
240307,240307,240309,2,0
240307,240307,240309,2,0
240307,240307,240308,1,0
240307,240307,240308,1,0
240307,240307,240309,2,0
240307,240307,240309,2,0
240307,240307,240309,2,0
240307,240307,240308,1,0
240307,240307,240309,2,0
240307,240307,240309,2,0
240307,240307,240309,2,0
240307,240307,240309,2,0
240307,240308,240309,1,1
240307,240308,240309,1,1
240307,240307,240309,2,0
240307,240307,240310,3,0
240307,240309,240310,1,2
240307,240307,240310,3,0
240307,240307,240310,3,0
240307,240307,240310,3,0
240307,240307,240310,3,0
240307,240307,240309,2,0
240307,240307,240309,2,0
240307,240307,240309,2,0
240307,240307,240309,2,0
240307,240307,240309,2,0
240307,240307,240310,3,0
240307,240307,240310,3,0
240307,240307,240309,2,0
240307,240307,240309,2,0
240307,240307,240310,3,0
240307,240307,240309,2,0
240307,240307,240309,2,0
240307,240307,240310,3,0
240307,240307,240309,2,0
240307,240309,240310,1,2
240307,240309,240311,2,2
240307,240307,240310,3,0
240307,240309,240310,1,2
240307,240309,240311,2,2
240307,240309,240311,2,2
240307,240309,240311,2,2
240307,240309,240310,1,2
240307,240309,240310,1,2
240307,240309,240311,2,2
240307,240309,240311,2,2
240307,240309,240311,2,2
240307,240309,240311,2,2
240307,240307,240311,4,0
240307,240307,240311,4,0
240307,240309,240311,2,2
240307,240309,240311,2,2
240307,240309,240311,2,2
240307,240309,240311,2,2
240307,240309,240311,2,2
240307,240309,240311,2,2
240307,240309,240311,2,2
240307,240309,240311,2,2
240307,240309,240311,2,2
240307,240309,240311,2,2
240307,240307,240309,2,0
240307,240307,240309,2,0
240307,240307,240310,3,0
240307,240307,240310,3,0
240307,240309,240311,2,2
240307,240309,240311,2,2
240307,240309,240311,2,2
240307,240309,240311,2,2
240307,240309,240312,3,2
240307,240309,240311,2,2
240307,240309,240313,4,2
240307,240312,240314,2,5
240297,240313,240314,1,16
240297,240313,240314,1,16
240297,240313,240314,1,16
240297,240313,240314,1,16
240297,240313,240315,2,16
240297,240313,240315,2,16
240323,240323,240324,1,0
240323,240323,240324,1,0
240323,240323,240324,1,0
240323,240323,240325,2,0
240323,240323,240324,1,0
240323,240323,240324,1,0
240323,240323,240324,1,0
240323,240323,240325,2,0
240323,240323,240325,2,0
240323,240323,240325,2,0
240323,240323,240325,2,0
240323,240323,240325,2,0
240323,240323,240324,1,0
240323,240323,240325,2,0
240323,240323,240324,1,0
240323,240323,240324,1,0
240323,240323,240324,1,0
240323,240323,240325,2,0
240176,240176,240324,148,0
240323,240323,240324,1,0
240323,240323,240324,1,0
240323,240323,240324,1,0
240323,240323,240325,2,0
240323,240323,240325,2,0
240323,240323,240325,2,0
240323,240323,240326,3,0
240323,240323,240325,2,0
240323,240323,240326,3,0
240323,240323,240325,2,0
240323,240323,240325,2,0
240323,240323,240326,3,0
240323,240323,240325,2,0
240323,240323,240325,2,0
240323,240323,240325,2,0
240323,240323,240325,2,0
240323,240323,240325,2,0
240323,240323,240326,3,0
240323,240323,240325,2,0
240323,240334,240335,1,11
240323,240334,240335,1,11
240323,240334,240335,1,11
240323,240334,240336,2,11
240323,240334,240337,3,11
240323,240334,240336,2,11
240342,240342,240343,1,0
240342,240342,240343,1,0
240342,240342,240343,1,0
240342,240342,240343,1,0
240342,240342,240343,1,0
240342,240342,240344,2,0
240342,240342,240343,1,0
240342,240342,240343,1,0
240342,240342,240343,1,0
240342,240342,240344,2,0
240342,240342,240343,1,0
240342,240342,240343,1,0
240342,240342,240343,1,0
240342,240342,240343,1,0
240342,240342,240343,1,0
240342,240342,240343,1,0
240342,240342,240343,1,0
240342,240342,240343,1,0
240342,240342,240344,2,0
240342,240342,240344,2,0
240342,240342,240343,1,0
240342,240342,240343,1,0
240342,240342,240343,1,0
240342,240342,240343,1,0
240342,240342,240343,1,0
240342,240342,240344,2,0
240342,240342,240344,2,0
240342,240342,240344,2,0
240342,240342,240344,2,0
240342,240342,240344,2,0
240342,240342,240344,2,0
240342,240342,240344,2,0
240342,240342,240344,2,0
240342,240342,240344,2,0
240342,240342,240344,2,0
240342,240342,240344,2,0
240342,240342,240344,2,0
240342,240342,240344,2,0
240342,240342,240344,2,0
240172,240172,240346,174,0
240323,240323,240346,23,0
240323,240323,240346,23,0
240342,240342,240346,4,0
240197,240197,240357,160,0
240342,240358,240359,1,16
240342,240358,240359,1,16
240342,240358,240359,1,16
240342,240358,240359,1,16
240342,240358,240359,1,16
240358,240358,240359,1,0
240358,240358,240360,2,0
240358,240358,240360,2,0
240358,240358,240360,2,0
240358,240358,240360,2,0
240358,240358,240360,2,0
240358,240358,240360,2,0
240358,240358,240360,2,0
240358,240358,240360,2,0
240358,240359,240360,1,1
240358,240359,240360,1,1
240358,240359,240360,1,1
240358,240358,240360,2,0
240358,240358,240360,2,0
240358,240358,240360,2,0
240358,240358,240360,2,0
240358,240358,240360,2,0
240358,240359,240360,1,1
240358,240359,240360,1,1
240358,240359,240360,1,1
240358,240359,240360,1,1
240358,240358,240360,2,0
240358,240358,240360,2,0
240358,240358,240360,2,0
240358,240358,240360,2,0
240358,240359,240360,1,1
240358,240358,240360,2,0
240358,240358,240360,2,0
240358,240358,240360,2,0
240358,240358,240360,2,0
240358,240359,240360,1,1
240358,240359,240360,1,1
240358,240359,240360,1,1
240358,240358,240360,2,0
240358,240358,240360,2,0
240358,240358,240360,2,0
240358,240359,240360,1,1
240358,240359,240360,1,1
240358,240359,240360,1,1
240358,240358,240360,2,0
240358,240360,240361,1,2
240358,240360,240361,1,2
240358,240358,240361,3,0
240358,240358,240360,2,0
240358,240359,240360,1,1
240358,240359,240360,1,1
240358,240359,240360,1,1
240358,240359,240360,1,1
240358,240359,240360,1,1
240358,240360,240361,1,2
240358,240360,240361,1,2
240358,240360,240361,1,2
240358,240358,240361,3,0
240358,240358,240361,3,0
240358,240361,240362,1,3
240358,240359,240361,2,1
240358,240359,240361,2,1
240358,240358,240361,3,0
240358,240359,240361,2,1
240358,240359,240361,2,1
240358,240359,240361,2,1
240358,240359,240361,2,1
240358,240359,240361,2,1
240358,240359,240361,2,1
240358,240359,240361,2,1
240358,240361,240362,1,3
240358,240361,240362,1,3
240358,240361,240362,1,3
240358,240361,240362,1,3
240358,240361,240362,1,3
240358,240361,240362,1,3
240358,240361,240362,1,3
240358,240361,240362,1,3
240358,240361,240363,2,3
240358,240361,240363,2,3
240358,240361,240362,1,3
240358,240361,240363,2,3
240358,240361,240362,1,3
240358,240361,240362,1,3
240358,240361,240363,2,3
240358,240361,240363,2,3
240358,240361,240364,3,3
240358,240361,240363,2,3
240358,240361,240363,2,3
240358,240361,240363,2,3
240358,240361,240363,2,3
240358,240361,240363,2,3
240358,240361,240364,3,3
240358,240361,240363,2,3
240199,240199,240365,166,0
240376,240376,240378,2,0
240376,240377,240378,1,1
240376,240377,240378,1,1
240376,240377,240378,1,1
240376,240377,240378,1,1
240376,240376,240378,2,0
240376,240377,240378,1,1
240376,240377,240378,1,1
240376,240377,240378,1,1
240376,240377,240378,1,1
240376,240376,240378,2,0
240376,240376,240378,2,0
240376,240377,240378,1,1
240376,240377,240378,1,1
240376,240377,240378,1,1
240376,240376,240378,2,0
240376,240376,240378,2,0
240376,240377,240378,1,1
240376,240377,240378,1,1
240376,240377,240379,2,1
240376,240376,240378,2,0
240376,240376,240378,2,0
240376,240376,240378,2,0
240376,240377,240378,1,1
240376,240377,240378,1,1
240376,240376,240378,2,0
240376,240376,240378,2,0
240376,240376,240378,2,0
240376,240377,240378,1,1
240376,240377,240378,1,1
240376,240376,240378,2,0
240376,240377,240378,1,1
240376,240377,240378,1,1
240376,240377,240378,1,1
240376,240377,240378,1,1
240376,240376,240378,2,0
240376,240377,240379,2,1
240376,240376,240379,3,0
240185,240185,240379,194,0
240376,240377,240379,2,1
240376,240377,240379,2,1
240376,240377,240379,2,1
240376,240377,240379,2,1
240376,240377,240379,2,1
240376,240377,240379,2,1
240376,240377,240379,2,1
234429,234429,240382,5953,0
240223,240223,240385,162,0
240215,240215,240386,171,0
240387,240388,240389,1,1
240387,240388,240389,1,1
240387,240388,240389,1,1
240387,240388,240389,1,1
240387,240388,240389,1,1
240387,240388,240389,1,1
240387,240388,240389,1,1
240387,240388,240389,1,1
240387,240388,240389,1,1
240387,240388,240390,2,1
240387,240388,240389,1,1
240387,240388,240389,1,1
240387,240388,240389,1,1
240387,240388,240389,1,1
240387,240388,240390,2,1
240387,240388,240389,1,1
240387,240388,240389,1,1
240387,240388,240389,1,1
240387,240388,240389,1,1
240387,240388,240389,1,1
240387,240388,240389,1,1
240387,240388,240389,1,1
240387,240388,240389,1,1
240387,240388,240389,1,1
240387,240388,240389,1,1
240387,240388,240390,2,1
240387,240388,240389,1,1
240387,240388,240389,1,1
240387,240388,240389,1,1
240387,240388,240389,1,1
240387,240388,240389,1,1
240387,240388,240389,1,1
240387,240388,240389,1,1
240387,240388,240390,2,1
240387,240388,240390,2,1
240387,240388,240390,2,1
240387,240388,240389,1,1
240387,240388,240389,1,1
240387,240388,240389,1,1
240387,240388,240389,1,1
240387,240388,240389,1,1
240387,240388,240390,2,1
240387,240388,240389,1,1
240387,240388,240389,1,1
240387,240388,240389,1,1
240387,240388,240389,1,1
240387,240388,240389,1,1
240387,240388,240389,1,1
240387,240388,240389,1,1
240387,240388,240389,1,1
240387,240388,240389,1,1
240387,240388,240390,2,1
240387,240388,240390,2,1
240387,240388,240390,2,1
240387,240388,240390,2,1
240387,240388,240390,2,1
240387,240388,240391,3,1
240387,240388,240390,2,1
240387,240388,240390,2,1
240387,240388,240390,2,1
240387,240388,240390,2,1
240387,240388,240390,2,1
240387,240388,240390,2,1
240387,240388,240390,2,1
240387,240388,240390,2,1
240387,240388,240390,2,1
240387,240390,240391,1,3
240387,240390,240392,2,3
240387,240390,240391,1,3
240387,240390,240392,2,3
240387,240390,240392,2,3
240387,240390,240391,1,3
240387,240390,240391,1,3
240387,240390,240391,1,3
240387,240390,240392,2,3
240387,240390,240391,1,3
240387,240390,240392,2,3
240387,240390,240392,2,3
240387,240390,240392,2,3
240387,240390,240391,1,3
240387,240390,240391,1,3
240387,240390,240391,1,3
240387,240390,240391,1,3
240387,240390,240392,2,3
240387,240390,240392,2,3
240387,240390,240392,2,3
240387,240390,240392,2,3
240387,240390,240392,2,3
240387,240390,240392,2,3
240387,240390,240392,2,3
234427,234427,240395,5968,0
240239,240239,240401,162,0
240237,240238,240402,164,1
240243,240243,240404,161,0
240407,240407,240409,2,0
240407,240407,240409,2,0
240407,240407,240409,2,0
240407,240407,240409,2,0
240407,240407,240408,1,0
240407,240407,240408,1,0
240407,240407,240409,2,0
240407,240407,240409,2,0
240407,240407,240408,1,0
240407,240407,240409,2,0
240407,240407,240408,1,0
240407,240407,240408,1,0
240407,240407,240409,2,0
240407,240407,240409,2,0
240407,240407,240408,1,0
240407,240407,240408,1,0
240407,240407,240409,2,0
240407,240407,240408,1,0
240407,240407,240409,2,0
240407,240407,240409,2,0
240407,240407,240408,1,0
240407,240407,240408,1,0
240407,240407,240408,1,0
240407,240407,240408,1,0
240407,240407,240409,2,0
240407,240407,240409,2,0
240407,240407,240408,1,0
240407,240407,240408,1,0
240407,240407,240408,1,0
240407,240407,240409,2,0
240407,240407,240409,2,0
240407,240407,240409,2,0
240407,240407,240408,1,0
240407,240407,240408,1,0
240407,240407,240409,2,0
240407,240407,240409,2,0
240407,240407,240409,2,0
240407,240407,240409,2,0
240407,240408,240409,1,1
240407,240407,240408,1,0
240407,240407,240409,2,0
240407,240407,240409,2,0
240407,240407,240409,2,0
240407,240407,240409,2,0
240407,240407,240409,2,0
240407,240408,240409,1,1
240407,240407,240409,2,0
240407,240407,240409,2,0
240407,240407,240409,2,0
240407,240408,240409,1,1
240407,240408,240409,1,1
240407,240407,240409,2,0
240407,240407,240409,2,0
240407,240407,240409,2,0
240407,240408,240409,1,1
240407,240408,240409,1,1
240407,240408,240409,1,1
240407,240409,240410,1,2
240407,240409,240410,1,2
240407,240409,240410,1,2
240407,240409,240410,1,2
240407,240409,240410,1,2
240407,240407,240410,3,0
240407,240407,240410,3,0
240407,240407,240410,3,0
240407,240407,240410,3,0
240407,240407,240410,3,0
240407,240409,240411,2,2
240407,240409,240411,2,2
240407,240409,240411,2,2
240407,240409,240411,2,2
240407,240410,240411,1,3
240407,240410,240411,1,3
240407,240410,240411,1,3
240407,240410,240411,1,3
240407,240410,240411,1,3
240407,240410,240411,1,3
240407,240410,240411,1,3
240407,240410,240412,2,3
240407,240410,240411,1,3
240407,240410,240411,1,3
240407,240410,240411,1,3
240407,240410,240411,1,3
240407,240410,240411,1,3
240407,240410,240411,1,3
240407,240410,240411,1,3
240407,240410,240411,1,3
240407,240410,240411,1,3
240407,240409,240411,2,2
240407,240410,240411,1,3
240407,240410,240411,1,3
240407,240410,240411,1,3
240407,240410,240411,1,3
240407,240410,240411,1,3
240241,240241,240411,170,0
240407,240410,240411,1,3
240407,240410,240411,1,3
240407,240410,240411,1,3
240407,240410,240411,1,3
240407,240410,240411,1,3
240407,240410,240411,1,3
240407,240410,240411,1,3
240407,240410,240411,1,3
240407,240410,240411,1,3
240407,240410,240411,1,3
240407,240410,240411,1,3
240407,240410,240411,1,3
240407,240410,240411,1,3
240407,240410,240411,1,3
240407,240410,240412,2,3
240407,240410,240412,2,3
240407,240410,240412,2,3
240407,240410,240412,2,3
240407,240410,240412,2,3
240407,240410,240412,2,3
240407,240411,240412,1,4
240407,240411,240412,1,4
240407,240411,240412,1,4
240407,240411,240412,1,4
240407,240411,240412,1,4
240407,240411,240413,2,4
240407,240411,240412,1,4
240407,240411,240413,2,4
240407,240409,240412,3,2
240407,240410,240412,2,3
240407,240410,240412,2,3
240407,240411,240413,2,4
240407,240411,240412,1,4
240407,240411,240412,1,4
240407,240411,240412,1,4
240256,240256,240419,163,0
240407,240417,240419,2,10
240407,240417,240419,2,10
240407,240417,240419,2,10
240407,240417,240419,2,10
240407,240418,240419,1,11
240426,240426,240427,1,0
240426,240426,240427,1,0
240426,240426,240427,1,0
240426,240426,240427,1,0
240426,240426,240427,1,0
240426,240426,240428,2,0
240426,240427,240428,1,1
240426,240426,240428,2,0
240426,240426,240427,1,0
240426,240426,240428,2,0
240426,240426,240428,2,0
240426,240426,240427,1,0
240426,240426,240427,1,0
240426,240426,240427,1,0
240426,240426,240428,2,0
240426,240426,240428,2,0
240426,240426,240428,2,0
240426,240426,240427,1,0
240426,240426,240427,1,0
240426,240426,240427,1,0
240426,240426,240428,2,0
240426,240426,240428,2,0
240426,240426,240428,2,0
240426,240426,240428,2,0
240426,240426,240427,1,0
240426,240426,240427,1,0
240426,240426,240427,1,0
240426,240426,240428,2,0
240426,240426,240428,2,0
240426,240426,240427,1,0
240426,240426,240427,1,0
240426,240426,240428,2,0
240426,240426,240428,2,0
240426,240426,240427,1,0
240426,240426,240427,1,0
240426,240426,240428,2,0
240426,240426,240427,1,0
240426,240426,240427,1,0
240426,240426,240427,1,0
240426,240426,240428,2,0
240426,240426,240428,2,0
240426,240426,240428,2,0
240426,240426,240428,2,0
240426,240426,240427,1,0
240426,240426,240428,2,0
240426,240426,240427,1,0
240426,240426,240428,2,0
240426,240426,240428,2,0
240426,240426,240428,2,0
240426,240426,240428,2,0
240426,240427,240428,1,1
240426,240427,240428,1,1
240426,240427,240428,1,1
240426,240427,240428,1,1
240426,240426,240427,1,0
240426,240426,240428,2,0
240426,240426,240428,2,0
240426,240426,240428,2,0
240426,240426,240428,2,0
240426,240426,240428,2,0
240426,240426,240428,2,0
240426,240426,240428,2,0
240426,240426,240428,2,0
240426,240427,240429,2,1
240426,240426,240428,2,0
240426,240426,240428,2,0
240426,240427,240428,1,1
240426,240426,240429,3,0
240426,240428,240429,1,2
240426,240428,240430,2,2
240426,240428,240430,2,2
240426,240428,240430,2,2
240426,240428,240429,1,2
240426,240428,240430,2,2
240426,240428,240430,2,2
240426,240428,240429,1,2
240426,240428,240430,2,2
240426,240428,240430,2,2
240426,240428,240430,2,2
240426,240428,240430,2,2
240426,240428,240430,2,2
240426,240428,240430,2,2
240426,240428,240430,2,2
240426,240428,240430,2,2
234426,234426,240435,6009,0
240435,240435,240436,1,0
240435,240435,240436,1,0
240435,240435,240436,1,0
240435,240435,240436,1,0
240435,240435,240436,1,0
240435,240435,240436,1,0
240435,240435,240437,2,0
240435,240435,240436,1,0
240435,240435,240436,1,0
240435,240435,240436,1,0
240435,240435,240436,1,0
240435,240435,240436,1,0
240435,240435,240436,1,0
240435,240435,240436,1,0
240435,240435,240436,1,0
240435,240435,240437,2,0
240435,240435,240436,1,0
240435,240435,240436,1,0
240435,240435,240436,1,0
240435,240435,240436,1,0
240435,240435,240436,1,0
240435,240435,240436,1,0
240435,240435,240436,1,0
240435,240435,240436,1,0
240435,240435,240436,1,0
240435,240435,240436,1,0
240435,240435,240436,1,0
240435,240435,240436,1,0
240435,240435,240436,1,0
240435,240435,240436,1,0
240435,240435,240436,1,0
240435,240435,240436,1,0
240435,240435,240436,1,0
240435,240435,240436,1,0
240435,240435,240436,1,0
240435,240435,240437,2,0
240435,240435,240437,2,0
240435,240435,240437,2,0
240435,240435,240437,2,0
240435,240435,240437,2,0
240435,240435,240438,3,0
240435,240435,240437,2,0
240435,240435,240437,2,0
240274,240276,240437,161,2
240435,240435,240438,3,0
240445,240445,240446,1,0
240445,240445,240446,1,0
240445,240445,240446,1,0
240445,240445,240446,1,0
240445,240445,240446,1,0
240445,240445,240447,2,0
240445,240445,240446,1,0
240445,240445,240446,1,0
240445,240445,240446,1,0
240445,240445,240447,2,0
240445,240445,240446,1,0
240445,240445,240446,1,0
240445,240445,240447,2,0
240445,240445,240446,1,0
240445,240445,240446,1,0
240445,240445,240446,1,0
240445,240445,240446,1,0
240445,240445,240447,2,0
240445,240445,240446,1,0
240445,240445,240446,1,0
240445,240445,240446,1,0
240445,240445,240446,1,0
240445,240445,240446,1,0
240445,240445,240446,1,0
240445,240445,240446,1,0
240445,240445,240446,1,0
240445,240445,240447,2,0
240445,240445,240447,2,0
240445,240445,240447,2,0
240445,240445,240447,2,0
240445,240445,240447,2,0
240445,240445,240447,2,0
240445,240445,240447,2,0
240445,240445,240447,2,0
240445,240445,240447,2,0
240445,240445,240447,2,0
240445,240445,240447,2,0
240445,240445,240447,2,0
240445,240445,240447,2,0
240445,240445,240447,2,0
240445,240445,240447,2,0
240445,240445,240448,3,0
240445,240445,240447,2,0
240445,240445,240447,2,0
240445,240445,240447,2,0
240426,240426,240428,2,0
240426,240426,240428,2,0
240426,240426,240428,2,0
240426,240450,240451,1,24
240426,240450,240452,2,24
240426,240450,240452,2,24
240435,240450,240452,2,15
240298,240299,240452,153,1
240459,240459,240460,1,0
240459,240459,240460,1,0
240459,240459,240460,1,0
240459,240459,240460,1,0
240459,240459,240460,1,0
240459,240459,240460,1,0
240459,240459,240460,1,0
240459,240459,240461,2,0
240459,240459,240460,1,0
240459,240459,240460,1,0
240459,240459,240461,2,0
240459,240459,240460,1,0
240459,240459,240461,2,0
240459,240459,240460,1,0
240459,240459,240460,1,0
240459,240459,240460,1,0
240459,240459,240460,1,0
240459,240459,240460,1,0
240459,240459,240460,1,0
240459,240459,240461,2,0
240459,240459,240461,2,0
240459,240459,240461,2,0
240459,240459,240462,3,0
240459,240459,240462,3,0
240459,240459,240461,2,0
240459,240459,240462,3,0
240459,240459,240461,2,0
240459,240459,240461,2,0
240459,240459,240461,2,0
240459,240459,240462,3,0
240459,240459,240462,3,0
240459,240459,240461,2,0
240459,240459,240461,2,0
240459,240459,240461,2,0
240459,240459,240461,2,0
240459,240459,240461,2,0
240459,240459,240462,3,0
240459,240459,240462,3,0
240459,240459,240462,3,0
240459,240459,240462,3,0
240278,240279,240464,185,1
240469,240470,240471,1,1
240469,240470,240471,1,1
240469,240470,240471,1,1
240469,240470,240471,1,1
240469,240470,240471,1,1
240469,240470,240471,1,1
240469,240470,240471,1,1
240469,240470,240471,1,1
240469,240470,240472,2,1
240469,240470,240471,1,1
240469,240470,240471,1,1
240469,240470,240471,1,1
240469,240470,240472,2,1
240469,240470,240471,1,1
240469,240470,240471,1,1
240469,240470,240471,1,1
240469,240470,240471,1,1
240469,240470,240471,1,1
240469,240470,240471,1,1
240469,240470,240471,1,1
240469,240470,240472,2,1
240469,240470,240472,2,1
240469,240470,240472,2,1
240469,240470,240472,2,1
240469,240470,240472,2,1
240469,240470,240472,2,1
240469,240470,240472,2,1
240469,240470,240473,3,1
240469,240470,240472,2,1
240469,240470,240472,2,1
240469,240470,240472,2,1
240469,240470,240472,2,1
240469,240470,240472,2,1
240469,240470,240472,2,1
240469,240470,240472,2,1
240469,240470,240472,2,1
240469,240470,240473,3,1
240469,240470,240473,3,1
240469,240470,240473,3,1
240459,240472,240473,1,13
240459,240472,240473,1,13
240459,240472,240474,2,13
240459,240472,240474,2,13
240459,240472,240474,2,13
240469,240470,240474,4,1
240324,240324,240480,156,0
240308,240309,240485,176,1
240485,240485,240486,1,0
240485,240485,240486,1,0
240485,240485,240486,1,0
240485,240485,240486,1,0
240485,240485,240486,1,0
240485,240485,240486,1,0
240485,240485,240486,1,0
240485,240485,240486,1,0
240485,240485,240486,1,0
240485,240485,240486,1,0
240485,240485,240486,1,0
240485,240485,240486,1,0
240485,240485,240487,2,0
240485,240485,240486,1,0
240485,240485,240486,1,0
240485,240485,240487,2,0
240485,240485,240487,2,0
240485,240485,240487,2,0
240485,240485,240487,2,0
240485,240485,240487,2,0
240485,240485,240487,2,0
240485,240485,240487,2,0
240485,240485,240487,2,0
240485,240485,240487,2,0
240485,240485,240487,2,0
240485,240485,240487,2,0
240485,240485,240488,3,0
240485,240485,240487,2,0
240485,240485,240488,3,0
240485,240485,240488,3,0
240486,240487,240488,1,1
240486,240487,240488,1,1
240486,240487,240488,1,1
240485,240485,240488,3,0
240486,240487,240488,1,1
240486,240487,240488,1,1
240486,240487,240488,1,1
240486,240487,240488,1,1
240486,240487,240488,1,1
240485,240485,240488,3,0
240485,240485,240488,3,0
240486,240487,240488,1,1
240486,240487,240488,1,1
240486,240487,240488,1,1
240485,240485,240488,3,0
240486,240487,240488,1,1
240486,240487,240488,1,1
240486,240487,240488,1,1
240486,240487,240488,1,1
240485,240485,240488,3,0
240486,240487,240488,1,1
240486,240487,240488,1,1
240486,240487,240488,1,1
240486,240487,240488,1,1
240485,240485,240488,3,0
240486,240487,240488,1,1
240486,240487,240488,1,1
240486,240487,240488,1,1
240486,240487,240488,1,1
240485,240485,240488,3,0
240486,240488,240490,2,2
240486,240488,240490,2,2
240486,240488,240490,2,2
240486,240488,240490,2,2
240486,240487,240489,2,1
240486,240488,240490,2,2
240486,240488,240490,2,2
240486,240488,240489,1,2
240486,240488,240489,1,2
240486,240488,240489,1,2
240486,240487,240490,3,1
240486,240487,240490,3,1
240486,240487,240490,3,1
240486,240487,240490,3,1
240486,240488,240490,2,2
240486,240488,240490,2,2
240486,240488,240490,2,2
240486,240488,240490,2,2
240486,240489,240490,1,3
240469,240480,240481,1,11
240469,240480,240481,1,11
240469,240480,240481,1,11
240469,240480,240482,2,11
240469,240480,240482,2,11
240485,240500,240501,1,15
240343,240343,240505,162,0
240485,240485,240488,3,0
240485,240485,240488,3,0
240485,240505,240506,1,20
240485,240505,240506,1,20
240485,240505,240506,1,20
240485,240505,240507,2,20
240485,240505,240507,2,20
240486,240506,240508,2,20
240486,240506,240508,2,20
240486,240506,240508,2,20
240508,240508,240509,1,0
240508,240508,240509,1,0
240508,240508,240509,1,0
240508,240508,240509,1,0
240508,240508,240510,2,0
240508,240508,240509,1,0
240508,240508,240509,1,0
240508,240508,240509,1,0
240508,240508,240509,1,0
240508,240508,240509,1,0
240508,240508,240509,1,0
240508,240508,240510,2,0
240508,240508,240509,1,0
240508,240508,240510,2,0
240508,240508,240509,1,0
240508,240508,240509,1,0
240508,240508,240509,1,0
240508,240508,240509,1,0
240508,240508,240509,1,0
240508,240508,240510,2,0
240508,240508,240510,2,0
240508,240508,240511,3,0
240508,240508,240510,2,0
240508,240508,240510,2,0
240508,240508,240511,3,0
240508,240508,240510,2,0
240508,240508,240510,2,0
240508,240508,240511,3,0
240508,240508,240510,2,0
240508,240508,240511,3,0
240508,240508,240510,2,0
240508,240508,240510,2,0
240508,240508,240510,2,0
240508,240508,240511,3,0
240508,240508,240510,2,0
240508,240508,240510,2,0
240508,240508,240510,2,0
240508,240508,240510,2,0
240508,240508,240511,3,0
240508,240508,240511,3,0
240508,240508,240511,3,0
240508,240508,240511,3,0
240508,240508,240511,3,0
240508,240508,240511,3,0
240347,240347,240512,165,0
240359,240361,240514,153,2
240508,240508,240516,8,0
240526,240527,240528,1,1
240526,240527,240528,1,1
240526,240527,240528,1,1
240526,240526,240527,1,0
240526,240526,240528,2,0
240526,240526,240528,2,0
240526,240526,240527,1,0
240526,240526,240528,2,0
240526,240526,240528,2,0
240526,240526,240528,2,0
240526,240526,240528,2,0
240526,240526,240528,2,0
240526,240526,240528,2,0
240526,240526,240528,2,0
240526,240526,240528,2,0
240526,240526,240527,1,0
240526,240526,240528,2,0
240526,240526,240527,1,0
240526,240526,240528,2,0
240526,240526,240528,2,0
240526,240526,240528,2,0
240526,240526,240528,2,0
240526,240526,240528,2,0
240526,240526,240529,3,0
240526,240526,240528,2,0
240526,240526,240529,3,0
240526,240526,240528,2,0
240526,240526,240529,3,0
240526,240526,240529,3,0
240526,240526,240529,3,0
240526,240526,240529,3,0
240526,240526,240529,3,0
240526,240526,240529,3,0
240526,240526,240528,2,0
240526,240526,240529,3,0
240526,240526,240529,3,0
240526,240528,240529,1,2
240526,240528,240529,1,2
240526,240528,240529,1,2
240526,240528,240530,2,2
240526,240528,240531,3,2
240526,240528,240530,2,2
240526,240528,240530,2,2
240526,240528,240531,3,2
240526,240527,240531,4,1
240531,240531,240532,1,0
240531,240531,240532,1,0
240531,240531,240533,2,0
240531,240531,240533,2,0
240531,240531,240532,1,0
240531,240531,240532,1,0
240531,240531,240532,1,0
240531,240531,240533,2,0
240531,240531,240532,1,0
240531,240531,240532,1,0
240531,240531,240532,1,0
240531,240531,240532,1,0
240531,240531,240532,1,0
240531,240531,240532,1,0
240531,240531,240532,1,0
240531,240531,240533,2,0
240531,240531,240532,1,0
240531,240531,240532,1,0
240531,240531,240532,1,0
240531,240531,240532,1,0
240531,240531,240533,2,0
240531,240531,240533,2,0
240531,240531,240532,1,0
240531,240531,240534,3,0
240531,240531,240533,2,0
240531,240531,240533,2,0
240531,240531,240533,2,0
240531,240531,240533,2,0
240531,240531,240533,2,0
240531,240531,240534,3,0
240531,240531,240533,2,0
240531,240531,240533,2,0
240531,240531,240533,2,0
240531,240531,240534,3,0
240531,240531,240533,2,0
240531,240531,240534,3,0
240531,240531,240533,2,0
240531,240532,240533,1,1
240531,240532,240533,1,1
240531,240532,240534,2,1
240531,240531,240533,2,0
240531,240531,240534,3,0
240531,240531,240534,3,0
240531,240531,240534,3,0
240531,240531,240534,3,0
240377,240377,240543,166,0
240389,240390,240552,162,1
240551,240551,240553,2,0
240551,240551,240553,2,0
240551,240551,240553,2,0
240551,240551,240553,2,0
240551,240551,240553,2,0
240551,240551,240553,2,0
240551,240551,240553,2,0
240551,240551,240552,1,0
240551,240551,240553,2,0
240551,240551,240553,2,0
240551,240551,240553,2,0
240551,240551,240553,2,0
240551,240551,240553,2,0
240551,240552,240553,1,1
240551,240552,240553,1,1
240551,240552,240553,1,1
240551,240551,240553,2,0
240551,240551,240553,2,0
240551,240551,240553,2,0
240551,240551,240553,2,0
240551,240552,240553,1,1
240551,240552,240553,1,1
240551,240552,240553,1,1
240551,240551,240554,3,0
240551,240551,240554,3,0
240551,240551,240554,3,0
240551,240551,240553,2,0
240551,240551,240554,3,0
240551,240551,240554,3,0
240551,240551,240554,3,0
240551,240551,240553,2,0
240553,240553,240554,1,0
240551,240551,240554,3,0
240551,240551,240554,3,0
240551,240552,240554,2,1
240551,240552,240554,2,1
240551,240551,240554,3,0
240553,240553,240555,2,0
240553,240553,240554,1,0
240553,240553,240554,1,0
240553,240553,240555,2,0
240553,240553,240554,1,0
240553,240553,240554,1,0
240553,240553,240554,1,0
240553,240553,240555,2,0
240551,240551,240554,3,0
240553,240553,240554,1,0
240553,240553,240554,1,0
240553,240553,240555,2,0
240553,240553,240554,1,0
240553,240553,240555,2,0
240553,240553,240555,2,0
240553,240553,240555,2,0
240553,240553,240554,1,0
240553,240553,240554,1,0
240553,240553,240554,1,0
240553,240553,240555,2,0
240553,240553,240555,2,0
240553,240554,240555,1,1
240551,240552,240555,3,1
240553,240554,240555,1,1
240553,240554,240555,1,1
240553,240554,240555,1,1
240551,240551,240555,4,0
240553,240554,240555,1,1
240553,240554,240555,1,1
240553,240554,240555,1,1
240553,240553,240556,3,0
240553,240553,240555,2,0
240553,240553,240556,3,0
240553,240553,240556,3,0
240553,240554,240556,2,1
240553,240554,240556,2,1
240553,240554,240556,2,1
240553,240554,240556,2,1
240553,240554,240556,2,1
240553,240554,240556,2,1
240553,240554,240556,2,1
240553,240554,240556,2,1
240553,240554,240556,2,1
240553,240556,240557,1,3
240551,240556,240557,1,5
240553,240556,240557,1,3
240553,240556,240557,1,3
240551,240556,240558,2,5
240551,240570,240572,2,19
240551,240570,240572,2,19
240551,240570,240572,2,19
240553,240570,240572,2,17
240551,240570,240573,3,19
240427,240428,240587,159,1
240408,240412,240588,176,4
240589,240589,240590,1,0
240589,240589,240590,1,0
240589,240589,240590,1,0
240589,240589,240590,1,0
240589,240589,240590,1,0
240589,240589,240590,1,0
240589,240589,240591,2,0
240589,240589,240590,1,0
240589,240589,240590,1,0
240589,240589,240590,1,0
240589,240589,240590,1,0
240589,240589,240590,1,0
240589,240589,240590,1,0
240589,240589,240590,1,0
240589,240589,240590,1,0
240589,240589,240591,2,0
240589,240589,240590,1,0
240589,240589,240590,1,0
240589,240589,240590,1,0
240589,240589,240590,1,0
240589,240589,240590,1,0
240589,240589,240590,1,0
240589,240589,240590,1,0
240589,240589,240590,1,0
240589,240589,240591,2,0
240589,240589,240591,2,0
240589,240589,240591,2,0
240589,240589,240591,2,0
240589,240589,240591,2,0
240589,240589,240591,2,0
240589,240589,240591,2,0
240589,240589,240591,2,0
240589,240589,240591,2,0
240589,240589,240591,2,0
240591,240591,240592,1,0
240589,240589,240591,2,0
240589,240589,240591,2,0
240589,240589,240591,2,0
240589,240589,240591,2,0
240589,240589,240591,2,0
240589,240589,240592,3,0
240589,240589,240591,2,0
240591,240591,240592,1,0
240591,240591,240592,1,0
240591,240591,240592,1,0
240591,240591,240592,1,0
240591,240591,240592,1,0
240591,240591,240592,1,0
240591,240591,240592,1,0
240591,240591,240592,1,0
240591,240591,240592,1,0
240591,240591,240593,2,0
240591,240591,240593,2,0
240591,240591,240592,1,0
240591,240591,240592,1,0
240591,240591,240593,2,0
240591,240591,240592,1,0
240591,240591,240593,2,0
240591,240591,240593,2,0
240591,240591,240592,1,0
240591,240591,240592,1,0
240591,240591,240593,2,0
240591,240591,240593,2,0
240591,240591,240592,1,0
240591,240591,240592,1,0
240591,240591,240592,1,0
240591,240591,240593,2,0
240591,240591,240592,1,0
240591,240591,240592,1,0
240591,240591,240592,1,0
240591,240591,240593,2,0
240591,240591,240592,1,0
240591,240591,240593,2,0
240591,240591,240593,2,0
240591,240591,240593,2,0
240591,240592,240593,1,1
240591,240591,240593,2,0
240591,240591,240593,2,0
240591,240591,240593,2,0
240591,240591,240593,2,0
240591,240591,240593,2,0
240591,240591,240593,2,0
240591,240591,240593,2,0
240591,240592,240594,2,1
240591,240591,240593,2,0
240591,240591,240593,2,0
240589,240597,240598,1,8
240589,240597,240598,1,8
240589,240597,240598,1,8
240589,240597,240598,1,8
240435,240435,240602,167,0
240603,240603,240605,2,0
240603,240603,240604,1,0
240603,240603,240605,2,0
240603,240603,240604,1,0
240603,240603,240604,1,0
240603,240603,240605,2,0
240603,240603,240604,1,0
240603,240603,240604,1,0
240603,240603,240605,2,0
240603,240603,240604,1,0
240603,240603,240604,1,0
240603,240603,240605,2,0
240603,240603,240605,2,0
240603,240603,240605,2,0
240603,240603,240604,1,0
240603,240603,240604,1,0
240603,240603,240604,1,0
240603,240603,240604,1,0
240603,240603,240605,2,0
240603,240603,240604,1,0
240603,240603,240604,1,0
240603,240603,240604,1,0
240603,240603,240605,2,0
240603,240603,240604,1,0
240603,240603,240605,2,0
240603,240603,240604,1,0
240603,240603,240605,2,0
240603,240603,240604,1,0
240603,240603,240604,1,0
240603,240603,240604,1,0
240603,240603,240604,1,0
240603,240603,240605,2,0
240603,240603,240605,2,0
240603,240603,240605,2,0
240603,240603,240605,2,0
240603,240603,240605,2,0
240603,240603,240606,3,0
240603,240603,240605,2,0
240603,240603,240605,2,0
240603,240603,240605,2,0
240603,240603,240605,2,0
240603,240603,240605,2,0
240447,240447,240610,163,0
234425,234426,240612,6186,1
240445,240445,240612,167,0
240449,240449,240615,166,0
240614,240615,240616,1,1
240614,240615,240616,1,1
240614,240614,240616,2,0
240614,240614,240616,2,0
240614,240615,240616,1,1
240614,240614,240616,2,0
240614,240614,240616,2,0
240614,240614,240616,2,0
240614,240615,240616,1,1
240614,240614,240616,2,0
240614,240614,240616,2,0
240614,240615,240616,1,1
240614,240614,240616,2,0
240614,240614,240616,2,0
240614,240614,240616,2,0
240614,240615,240616,1,1
240614,240614,240616,2,0
240614,240614,240616,2,0
240614,240614,240616,2,0
240614,240614,240616,2,0
240614,240614,240616,2,0
240614,240614,240616,2,0
240614,240615,240616,1,1
240614,240614,240616,2,0
240614,240614,240616,2,0
240614,240614,240616,2,0
240614,240614,240616,2,0
240614,240614,240617,3,0
240614,240615,240617,2,1
240614,240615,240616,1,1
240614,240615,240616,1,1
240614,240615,240616,1,1
240614,240615,240617,2,1
240614,240614,240617,3,0
240614,240615,240617,2,1
240614,240615,240617,2,1
240614,240615,240617,2,1
240616,240616,240618,2,0
240614,240614,240617,3,0
240616,240616,240618,2,0
240614,240615,240617,2,1
240614,240615,240617,2,1
240614,240615,240617,2,1
240616,240616,240618,2,0
240616,240616,240618,2,0
240614,240615,240617,2,1
240614,240615,240617,2,1
240616,240616,240618,2,0
240616,240616,240618,2,0
240616,240616,240618,2,0
240616,240617,240618,1,1
240616,240616,240618,2,0
240616,240616,240618,2,0
240616,240617,240618,1,1
240616,240616,240618,2,0
240616,240616,240618,2,0
240616,240617,240618,1,1
240616,240617,240618,1,1
240616,240616,240618,2,0
240616,240616,240618,2,0
240616,240616,240618,2,0
240616,240616,240618,2,0
240616,240617,240618,1,1
240616,240617,240618,1,1
240616,240616,240618,2,0
240616,240616,240618,2,0
240616,240616,240618,2,0
240616,240616,240618,2,0
240616,240617,240618,1,1
240616,240617,240618,1,1
240616,240616,240618,2,0
240614,240615,240618,3,1
240616,240616,240618,2,0
240616,240616,240618,2,0
240616,240616,240618,2,0
240616,240616,240618,2,0
240616,240616,240618,2,0
240616,240617,240619,2,1
240616,240617,240619,2,1
240616,240617,240619,2,1
240616,240617,240619,2,1
240616,240617,240619,2,1
240616,240617,240619,2,1
240616,240617,240619,2,1
240616,240618,240620,2,2
240616,240618,240619,1,2
240618,240619,240620,1,1
240618,240619,240620,1,1
240618,240619,240620,1,1
240618,240619,240620,1,1
240618,240619,240620,1,1
240618,240619,240620,1,1
240616,240617,240619,2,1
240616,240617,240619,2,1
240616,240618,240619,1,2
240618,240619,240620,1,1
240603,240603,240605,2,0
240603,240603,240605,2,0
240603,240603,240605,2,0
240618,240619,240620,1,1
240618,240619,240620,1,1
240618,240619,240620,1,1
240618,240619,240620,1,1
240618,240619,240620,1,1
240618,240619,240620,1,1
240618,240619,240620,1,1
240618,240619,240620,1,1
240618,240619,240620,1,1
240618,240619,240621,2,1
240618,240619,240620,1,1
240618,240619,240620,1,1
240618,240619,240620,1,1
240618,240619,240620,1,1
240618,240619,240620,1,1
240618,240619,240620,1,1
240618,240619,240620,1,1
240618,240619,240621,2,1
240618,240619,240621,2,1
240618,240619,240620,1,1
240618,240619,240620,1,1
240618,240619,240620,1,1
240618,240619,240621,2,1
240618,240619,240620,1,1
240618,240619,240620,1,1
240618,240619,240620,1,1
240618,240619,240620,1,1
240618,240619,240620,1,1
240618,240619,240621,2,1
240618,240619,240621,2,1
240618,240619,240621,2,1
240618,240619,240620,1,1
240618,240619,240621,2,1
240618,240619,240621,2,1
240618,240619,240621,2,1
240618,240619,240621,2,1
240618,240619,240621,2,1
240618,240619,240621,2,1
240614,240621,240622,1,7
240459,240459,240628,169,0
240628,240629,240630,1,1
240628,240629,240630,1,1
240628,240629,240630,1,1
240628,240629,240631,2,1
240628,240629,240630,1,1
240628,240629,240630,1,1
240628,240629,240630,1,1
240628,240629,240630,1,1
240628,240629,240630,1,1
240628,240629,240630,1,1
240628,240629,240630,1,1
240628,240629,240630,1,1
240628,240629,240630,1,1
240628,240629,240630,1,1
240628,240629,240630,1,1
240628,240629,240630,1,1
240628,240629,240630,1,1
240628,240629,240630,1,1
240628,240629,240630,1,1
240628,240629,240630,1,1
240628,240629,240630,1,1
240628,240629,240630,1,1
240628,240629,240630,1,1
240628,240629,240630,1,1
240628,240629,240630,1,1
240628,240629,240630,1,1
240628,240629,240631,2,1
240628,240629,240631,2,1
240628,240629,240631,2,1
240628,240629,240631,2,1
240628,240629,240631,2,1
240628,240629,240631,2,1
240628,240629,240631,2,1
240628,240629,240631,2,1
240628,240629,240631,2,1
240628,240633,240634,1,5
240628,240633,240634,1,5
240475,240475,240634,159,0
240628,240633,240634,1,5
240628,240633,240635,2,5
240470,240470,240640,170,0
240486,240486,240645,159,0
240644,240644,240645,1,0
240644,240644,240646,2,0
240644,240644,240645,1,0
240644,240644,240645,1,0
240644,240644,240646,2,0
240644,240644,240646,2,0
240644,240644,240645,1,0
240644,240644,240645,1,0
240644,240644,240645,1,0
240644,240644,240646,2,0
240644,240644,240645,1,0
240644,240644,240645,1,0
240644,240644,240645,1,0
240644,240644,240645,1,0
240644,240644,240645,1,0
240644,240644,240645,1,0
240644,240644,240645,1,0
240644,240644,240646,2,0
240644,240644,240645,1,0
240644,240644,240646,2,0
240644,240644,240645,1,0
240644,240644,240645,1,0
240644,240644,240645,1,0
240644,240644,240645,1,0
240644,240644,240645,1,0
240644,240644,240645,1,0
240644,240644,240645,1,0
240644,240644,240645,1,0
240644,240644,240645,1,0
240644,240644,240645,1,0
240644,240644,240646,2,0
240644,240644,240646,2,0
240644,240644,240646,2,0
240644,240644,240646,2,0
240644,240644,240646,2,0
240644,240644,240646,2,0
240628,240646,240647,1,18
240628,240646,240647,1,18
240628,240646,240647,1,18
240628,240646,240647,1,18
240628,240646,240648,2,18
240628,240647,240648,1,19
240644,240644,240648,4,0
240644,240644,240650,6,0
240651,240651,240653,2,0
240651,240651,240653,2,0
240651,240651,240653,2,0
240651,240651,240653,2,0
240651,240651,240653,2,0
240651,240651,240653,2,0
240651,240651,240653,2,0
240651,240651,240653,2,0
240651,240651,240653,2,0
240651,240651,240653,2,0
240651,240651,240653,2,0
240651,240651,240653,2,0
240651,240651,240653,2,0
240651,240651,240653,2,0
240651,240651,240653,2,0
240651,240651,240653,2,0
240651,240651,240653,2,0
240651,240651,240653,2,0
240651,240651,240653,2,0
240651,240651,240653,2,0
240651,240651,240653,2,0
240651,240651,240653,2,0
240651,240651,240653,2,0
240651,240651,240653,2,0
240651,240651,240653,2,0
240651,240651,240653,2,0
240651,240651,240653,2,0
240651,240651,240653,2,0
240651,240651,240653,2,0
240651,240651,240654,3,0
240651,240651,240653,2,0
240651,240651,240653,2,0
240651,240651,240653,2,0
240651,240651,240653,2,0
240651,240651,240654,3,0
240651,240651,240654,3,0
240651,240651,240654,3,0
240651,240651,240655,4,0
240644,240644,240657,13,0
240490,240490,240657,167,0
240661,240661,240662,1,0
240661,240661,240662,1,0
240661,240661,240662,1,0
240491,240491,240662,171,0
240661,240661,240662,1,0
240661,240661,240662,1,0
240661,240661,240662,1,0
240661,240661,240663,2,0
240661,240661,240662,1,0
240661,240661,240662,1,0
240661,240661,240662,1,0
240661,240661,240663,2,0
240661,240661,240663,2,0
240661,240661,240663,2,0
240661,240661,240662,1,0
240661,240661,240662,1,0
240661,240661,240662,1,0
240661,240661,240663,2,0
240661,240661,240663,2,0
240661,240661,240663,2,0
240661,240661,240662,1,0
240661,240661,240663,2,0
240661,240661,240663,2,0
240661,240661,240662,1,0
240661,240661,240662,1,0
240661,240661,240662,1,0
240661,240662,240663,1,1
240661,240661,240662,1,0
240661,240661,240662,1,0
240661,240661,240663,2,0
240661,240661,240663,2,0
240661,240661,240663,2,0
240661,240661,240662,1,0
240661,240662,240663,1,1
240661,240661,240662,1,0
240661,240661,240662,1,0
240661,240661,240662,1,0
240661,240661,240662,1,0
240661,240661,240663,2,0
240661,240661,240663,2,0
240661,240661,240663,2,0
240661,240662,240663,1,1
240644,240662,240663,1,18
240644,240662,240663,1,18
240644,240662,240663,1,18
240644,240662,240663,1,18
240644,240662,240663,1,18
240661,240661,240664,3,0
240661,240663,240664,1,2
240661,240663,240664,1,2
240661,240663,240664,1,2
240661,240663,240664,1,2
240661,240663,240664,1,2
240661,240663,240664,1,2
240661,240661,240663,2,0
240488,240489,240664,175,1
234427,234427,240664,6237,0
240661,240663,240664,1,2
240661,240663,240664,1,2
240661,240663,240664,1,2
240661,240663,240664,1,2
240661,240663,240664,1,2
240661,240663,240664,1,2
240661,240663,240665,2,2
240661,240663,240665,2,2
240661,240663,240665,2,2
240661,240663,240665,2,2
240661,240663,240665,2,2
240661,240663,240664,1,2
240661,240663,240664,1,2
240661,240663,240664,1,2
240661,240663,240665,2,2
240661,240663,240665,2,2
240661,240663,240665,2,2
240661,240663,240665,2,2
240661,240663,240665,2,2
240661,240663,240665,2,2
240661,240663,240665,2,2
240661,240663,240665,2,2
240661,240663,240665,2,2
240661,240663,240665,2,2
240661,240663,240665,2,2
240661,240663,240665,2,2
240661,240663,240665,2,2
240661,240663,240665,2,2
240661,240663,240665,2,2
240661,240663,240665,2,2
240661,240663,240665,2,2
234430,234430,240668,6238,0
234424,234425,240668,6243,1
240651,240668,240669,1,17
240651,240668,240669,1,17
240651,240668,240669,1,17
240651,240668,240669,1,17
240651,240668,240670,2,17
240493,240493,240670,177,0
234430,234431,240671,6240,1
240661,240676,240677,1,15
240661,240676,240677,1,15
240661,240676,240677,1,15
240651,240651,240658,7,0
240651,240651,240659,8,0
240661,240676,240678,2,15
240661,240676,240678,2,15
240661,240676,240678,2,15
240661,240678,240679,1,17
240661,240678,240679,1,17
240661,240678,240679,1,17
240661,240678,240679,1,17
240527,240527,240681,154,0
240682,240683,240684,1,1
240682,240683,240684,1,1
240682,240683,240684,1,1
240682,240683,240684,1,1
240682,240683,240684,1,1
240682,240683,240684,1,1
240682,240683,240684,1,1
240682,240683,240685,2,1
240683,240683,240685,2,0
240682,240683,240684,1,1
240682,240683,240684,1,1
240682,240683,240684,1,1
240682,240683,240684,1,1
240683,240683,240684,1,0
240682,240683,240684,1,1
240683,240683,240685,2,0
240682,240683,240685,2,1
240682,240683,240684,1,1
240683,240683,240684,1,0
240683,240683,240684,1,0
240682,240683,240684,1,1
240682,240683,240684,1,1
240682,240683,240684,1,1
240682,240683,240685,2,1
240683,240683,240684,1,0
240683,240683,240684,1,0
240683,240683,240684,1,0
240682,240683,240684,1,1
240682,240683,240684,1,1
240682,240683,240684,1,1
240683,240683,240684,1,0
240683,240683,240685,2,0
240683,240683,240684,1,0
240682,240683,240684,1,1
240682,240683,240684,1,1
240682,240683,240684,1,1
240682,240683,240685,2,1
240683,240683,240684,1,0
240683,240683,240684,1,0
240683,240683,240684,1,0
240682,240683,240684,1,1
240682,240683,240685,2,1
240683,240683,240684,1,0
240683,240683,240684,1,0
240683,240683,240684,1,0
240683,240683,240684,1,0
240683,240683,240685,2,0
240682,240683,240685,2,1
240682,240683,240685,2,1
240682,240683,240685,2,1
240682,240683,240685,2,1
240682,240683,240685,2,1
240682,240683,240685,2,1
240682,240683,240685,2,1
240682,240683,240685,2,1
240682,240683,240685,2,1
240682,240683,240685,2,1
240683,240685,240686,1,2
240683,240685,240687,2,2
240683,240685,240687,2,2
240683,240685,240687,2,2
240683,240685,240686,1,2
240683,240685,240686,1,2
240683,240685,240687,2,2
240683,240685,240687,2,2
240683,240685,240686,1,2
240683,240685,240686,1,2
240683,240685,240687,2,2
240682,240683,240686,3,1
240683,240685,240687,2,2
240683,240685,240687,2,2
240683,240685,240687,2,2
240683,240685,240687,2,2
240683,240685,240687,2,2
240683,240685,240686,1,2
240683,240685,240686,1,2
240683,240685,240687,2,2
240683,240685,240687,2,2
240683,240685,240686,1,2
240683,240685,240687,2,2
240683,240685,240686,1,2
240683,240685,240687,2,2
240683,240685,240686,1,2
240683,240685,240687,2,2
240683,240685,240687,2,2
240683,240685,240687,2,2
240683,240685,240687,2,2
240683,240685,240687,2,2
240683,240685,240687,2,2
240683,240685,240687,2,2
240683,240685,240686,1,2
240683,240685,240686,1,2
240683,240685,240687,2,2
240683,240685,240686,1,2
240683,240685,240686,1,2
240683,240685,240687,2,2
240683,240685,240687,2,2
240683,240685,240687,2,2
240683,240686,240687,1,3
240683,240686,240687,1,3
240683,240685,240687,2,2
240683,240686,240688,2,3
240683,240685,240687,2,2
240683,240685,240687,2,2
240683,240686,240688,2,3
240683,240686,240688,2,3
240683,240686,240689,3,3
240683,240686,240688,2,3
240683,240686,240689,3,3
240683,240687,240689,2,4
240683,240686,240689,3,3
240683,240687,240689,2,4
240683,240687,240689,2,4
240683,240687,240689,2,4
240495,240495,240688,193,0
240683,240687,240689,2,4
240683,240687,240690,3,4
240683,240687,240689,2,4
240683,240687,240689,2,4
240683,240687,240689,2,4
240683,240687,240689,2,4
240682,240688,240689,1,6
240682,240688,240689,1,6
240682,240688,240690,2,6
240689,240689,240690,1,0
240689,240689,240690,1,0
240689,240689,240690,1,0
240689,240689,240690,1,0
240689,240689,240691,2,0
240689,240689,240691,2,0
240689,240689,240690,1,0
240689,240689,240691,2,0
240689,240689,240691,2,0
240689,240689,240691,2,0
240689,240689,240690,1,0
240689,240689,240691,2,0
240689,240689,240690,1,0
240689,240689,240691,2,0
240689,240689,240691,2,0
240689,240689,240690,1,0
240689,240689,240690,1,0
240689,240689,240690,1,0
240689,240689,240691,2,0
240689,240689,240691,2,0
240689,240689,240691,2,0
240689,240689,240690,1,0
240689,240689,240690,1,0
240689,240689,240691,2,0
240689,240689,240691,2,0
240683,240687,240690,3,4
240689,240689,240691,2,0
240689,240689,240690,1,0
240689,240689,240690,1,0
240689,240689,240690,1,0
240689,240689,240690,1,0
240689,240689,240690,1,0
240689,240689,240691,2,0
240682,240688,240690,2,6
240689,240689,240691,2,0
240689,240690,240691,1,1
240689,240690,240691,1,1
240689,240689,240692,3,0
240689,240689,240692,3,0
240689,240690,240691,1,1
240689,240689,240692,3,0
240689,240689,240691,2,0
240532,240532,240692,160,0
240689,240689,240691,2,0
240689,240689,240692,3,0
240689,240689,240691,2,0
240682,240683,240685,2,1
240682,240683,240685,2,1
240683,240697,240698,1,14
240509,240509,240698,189,0
240697,240697,240699,2,0
240697,240697,240699,2,0
240697,240697,240699,2,0
240683,240697,240699,2,14
240683,240697,240699,2,14
240683,240697,240699,2,14
240697,240697,240699,2,0
240697,240697,240699,2,0
240697,240697,240699,2,0
240697,240697,240699,2,0
240697,240697,240699,2,0
240697,240697,240699,2,0
240697,240697,240699,2,0
240697,240697,240699,2,0
240697,240697,240699,2,0
240697,240697,240699,2,0
240697,240697,240699,2,0
240697,240697,240699,2,0
240697,240698,240699,1,1
240697,240698,240699,1,1
240697,240698,240699,1,1
240697,240698,240699,1,1
240697,240697,240699,2,0
240697,240697,240699,2,0
240697,240697,240699,2,0
240697,240697,240699,2,0
240697,240697,240699,2,0
240697,240698,240699,1,1
240697,240698,240699,1,1
240697,240697,240699,2,0
240697,240697,240699,2,0
240697,240698,240699,1,1
240697,240698,240699,1,1
240697,240697,240700,3,0
240697,240697,240701,4,0
240697,240697,240701,4,0
240697,240697,240700,3,0
240697,240697,240700,3,0
240697,240698,240701,3,1
240697,240698,240700,2,1
240697,240697,240700,3,0
240697,240697,240701,4,0
240697,240697,240700,3,0
240697,240698,240700,2,1
240697,240698,240701,3,1
240697,240698,240700,2,1
240697,240697,240700,3,0
240697,240697,240700,3,0
240697,240697,240700,3,0
234424,234424,240700,6276,0
240697,240697,240700,3,0
240697,240697,240700,3,0
240697,240697,240700,3,0
240697,240697,240701,4,0
240697,240697,240700,3,0
240697,240697,240700,3,0
240697,240697,240701,4,0
240697,240700,240701,1,3
240697,240700,240701,1,3
240697,240700,240701,1,3
240554,240554,240701,147,0
240697,240697,240701,4,0
240697,240700,240701,1,3
240697,240700,240702,2,3
240697,240700,240701,1,3
240697,240700,240701,1,3
240697,240700,240701,1,3
240697,240700,240701,1,3
240697,240700,240701,1,3
240697,240700,240701,1,3
240697,240700,240701,1,3
240697,240700,240702,2,3
240697,240700,240702,2,3
240697,240700,240702,2,3
240697,240700,240702,2,3
240697,240700,240702,2,3
240697,240700,240702,2,3
240697,240700,240701,1,3
240697,240700,240702,2,3
240697,240700,240703,3,3
240697,240700,240702,2,3
240697,240700,240702,2,3
240697,240700,240702,2,3
240697,240700,240703,3,3
240697,240700,240702,2,3
240697,240700,240702,2,3
240697,240700,240703,3,3
240697,240700,240702,2,3
240697,240700,240702,2,3
240697,240700,240702,2,3
240697,240700,240702,2,3
240697,240700,240702,2,3
240697,240700,240703,3,3
240683,240686,240689,3,3
240683,240688,240690,2,5
240683,240688,240690,2,5
240683,240688,240689,1,5
240689,240711,240712,1,22
240689,240711,240712,1,22
240552,240552,240717,165,0
240719,240720,240721,1,1
240719,240720,240721,1,1
240719,240720,240721,1,1
240719,240720,240721,1,1
240719,240720,240721,1,1
240719,240720,240721,1,1
240720,240720,240722,2,0
240720,240720,240722,2,0
240719,240720,240721,1,1
240719,240720,240721,1,1
240719,240720,240721,1,1
240720,240720,240721,1,0
240720,240720,240722,2,0
240719,240720,240722,2,1
240720,240720,240721,1,0
240720,240720,240721,1,0
240720,240720,240722,2,0
240719,240720,240721,1,1
240719,240720,240721,1,1
240719,240720,240722,2,1
240720,240720,240721,1,0
240720,240720,240721,1,0
240720,240720,240721,1,0
240719,240720,240722,2,1
240719,240720,240721,1,1
240719,240720,240722,2,1
240720,240720,240721,1,0
240720,240720,240722,2,0
240719,240720,240721,1,1
240719,240720,240721,1,1
240719,240720,240722,2,1
240720,240720,240721,1,0
240720,240720,240721,1,0
240720,240720,240721,1,0
240719,240720,240721,1,1
240719,240720,240721,1,1
240719,240720,240722,2,1
240719,240720,240721,1,1
240719,240720,240722,2,1
240720,240720,240721,1,0
240720,240720,240722,2,0
240720,240720,240721,1,0
240720,240720,240722,2,0
240720,240721,240722,1,1
240719,240720,240723,3,1
240719,240720,240722,2,1
240719,240720,240722,2,1
240719,240720,240723,3,1
240719,240720,240722,2,1
240719,240720,240722,2,1
240719,240720,240723,3,1
240719,240720,240722,2,1
240719,240720,240723,3,1
240719,240720,240722,2,1
240719,240720,240723,3,1
240719,240720,240722,2,1
240719,240720,240723,3,1
240719,240720,240722,2,1
240719,240720,240723,3,1
240720,240722,240724,2,2
240720,240722,240724,2,2
240719,240720,240723,3,1
240720,240722,240724,2,2
240720,240722,240724,2,2
240720,240722,240724,2,2
240720,240722,240724,2,2
240720,240722,240724,2,2
240720,240722,240724,2,2
240719,240723,240724,1,4
240720,240723,240724,1,3
240720,240722,240724,2,2
240720,240722,240725,3,2
240720,240722,240725,3,2
240720,240722,240724,2,2
240720,240722,240724,2,2
240720,240722,240724,2,2
240720,240722,240725,3,2
240720,240722,240725,3,2
240720,240722,240725,3,2
240720,240722,240724,2,2
240720,240722,240725,3,2
240720,240722,240725,3,2
240720,240722,240725,3,2
240719,240723,240724,1,4
240719,240723,240724,1,4
240720,240723,240725,2,3
240720,240722,240725,3,2
240720,240722,240725,3,2
240719,240723,240726,3,4
240719,240723,240725,2,4
240735,240736,240737,1,1
240735,240736,240737,1,1
240735,240736,240737,1,1
240735,240736,240737,1,1
240735,240736,240737,1,1
240735,240736,240737,1,1
240735,240736,240737,1,1
240735,240736,240737,1,1
240735,240736,240737,1,1
240735,240736,240737,1,1
240735,240736,240737,1,1
240735,240736,240737,1,1
240735,240736,240737,1,1
240735,240736,240737,1,1
240735,240736,240737,1,1
240735,240736,240737,1,1
240735,240736,240737,1,1
240735,240736,240738,2,1
240735,240736,240737,1,1
240735,240736,240737,1,1
240735,240736,240737,1,1
240735,240736,240738,2,1
240735,240736,240738,2,1
240735,240736,240738,2,1
240735,240736,240738,2,1
240735,240736,240738,2,1
240735,240736,240738,2,1
240735,240736,240738,2,1
240735,240736,240739,3,1
240735,240736,240738,2,1
240735,240736,240738,2,1
240735,240736,240739,3,1
240735,240736,240739,3,1
240735,240736,240738,2,1
240735,240736,240738,2,1
240735,240736,240738,2,1
240735,240738,240739,1,3
240735,240736,240739,3,1
240590,240590,240739,149,0
240735,240738,240740,2,3
240735,240738,240741,3,3
240592,240592,240747,155,0
240748,240748,240749,1,0
240748,240748,240750,2,0
240748,240748,240750,2,0
240748,240748,240749,1,0
240748,240748,240750,2,0
240748,240748,240750,2,0
240748,240748,240749,1,0
240748,240748,240750,2,0
240748,240748,240749,1,0
240748,240748,240749,1,0
240748,240748,240750,2,0
240748,240748,240749,1,0
240748,240748,240749,1,0
240748,240748,240750,2,0
240748,240748,240749,1,0
240748,240748,240749,1,0
240748,240748,240750,2,0
240748,240748,240750,2,0
240748,240748,240750,2,0
240748,240748,240750,2,0
240748,240748,240750,2,0
240748,240748,240749,1,0
240748,240748,240749,1,0
240748,240748,240750,2,0
240748,240748,240751,3,0
240748,240748,240750,2,0
240748,240748,240750,2,0
240748,240748,240750,2,0
240748,240748,240751,3,0
240748,240748,240750,2,0
240748,240748,240751,3,0
240748,240748,240750,2,0
240748,240748,240751,3,0
240748,240748,240750,2,0
240748,240748,240751,3,0
240748,240748,240750,2,0
240748,240748,240750,2,0
240748,240748,240750,2,0
240748,240748,240751,3,0
240748,240748,240750,2,0
240748,240748,240751,3,0
240748,240748,240751,3,0
240748,240748,240751,3,0
240748,240748,240751,3,0
240752,240752,240753,1,0
240752,240752,240754,2,0
240752,240752,240753,1,0
240752,240752,240753,1,0
240752,240752,240753,1,0
240752,240752,240753,1,0
240752,240752,240754,2,0
240752,240752,240753,1,0
240752,240752,240754,2,0
240752,240752,240754,2,0
240752,240752,240754,2,0
240752,240752,240754,2,0
240752,240752,240754,2,0
240752,240752,240753,1,0
240752,240752,240753,1,0
240752,240752,240754,2,0
240752,240752,240753,1,0
240752,240752,240753,1,0
240752,240752,240754,2,0
240752,240752,240754,2,0
240752,240752,240754,2,0
240752,240752,240754,2,0
240752,240752,240755,3,0
240752,240752,240755,3,0
240752,240752,240755,3,0
240752,240752,240754,2,0
240752,240752,240755,3,0
240752,240752,240755,3,0
240752,240752,240754,2,0
240752,240752,240755,3,0
240752,240752,240754,2,0
240752,240752,240755,3,0
240752,240752,240754,2,0
240752,240752,240755,3,0
240752,240752,240754,2,0
240752,240752,240754,2,0
240752,240752,240754,2,0
240752,240752,240754,2,0
240752,240752,240755,3,0
240752,240752,240755,3,0
240752,240752,240754,2,0
240752,240752,240755,3,0
240752,240752,240755,3,0
240752,240752,240755,3,0
240752,240752,240755,3,0
240735,240755,240756,1,20
240735,240755,240756,1,20
240748,240755,240756,1,7
234426,234426,240768,6342,0
240604,240604,240773,169,0
240735,240755,240758,3,20
240735,240755,240758,3,20
240735,240755,240757,2,20
240618,240618,240778,160,0
240615,240616,240778,162,1
240778,240778,240779,1,0
240778,240778,240779,1,0
240778,240778,240780,2,0
240778,240778,240779,1,0
240778,240778,240780,2,0
240778,240778,240780,2,0
240778,240778,240779,1,0
240778,240778,240780,2,0
240778,240778,240780,2,0
240778,240778,240780,2,0
240778,240778,240779,1,0
240778,240778,240779,1,0
240778,240778,240780,2,0
240778,240778,240780,2,0
240778,240778,240780,2,0
240778,240778,240779,1,0
240778,240778,240779,1,0
240778,240778,240780,2,0
240778,240778,240779,1,0
240778,240778,240780,2,0
240778,240778,240780,2,0
240778,240778,240780,2,0
240778,240778,240780,2,0
240778,240778,240779,1,0
240778,240778,240780,2,0
240778,240778,240780,2,0
240778,240778,240780,2,0
240778,240778,240780,2,0
240778,240778,240780,2,0
240778,240778,240780,2,0
240778,240778,240780,2,0
240778,240778,240780,2,0
240778,240778,240780,2,0
240778,240778,240780,2,0
240778,240778,240780,2,0
240778,240778,240781,3,0
240778,240778,240781,3,0
240778,240778,240781,3,0
240778,240778,240781,3,0
240778,240778,240781,3,0
240778,240778,240781,3,0
240778,240778,240780,2,0
234429,234429,240782,6353,0
240778,240779,240782,3,1
240778,240779,240782,3,1
240783,240783,240784,1,0
240783,240783,240784,1,0
240783,240783,240784,1,0
240783,240783,240784,1,0
240783,240783,240784,1,0
240783,240783,240784,1,0
240783,240783,240785,2,0
240783,240783,240784,1,0
240783,240783,240784,1,0
240783,240783,240785,2,0
240783,240783,240784,1,0
240783,240783,240784,1,0
240783,240783,240784,1,0
240783,240783,240784,1,0
240783,240783,240784,1,0
240783,240783,240784,1,0
240783,240783,240784,1,0
240783,240783,240784,1,0
240783,240783,240784,1,0
240783,240783,240785,2,0
240783,240783,240785,2,0
240783,240783,240785,2,0
240783,240783,240785,2,0
240783,240783,240784,1,0
240783,240783,240784,1,0
240783,240783,240785,2,0
240783,240783,240785,2,0
240783,240783,240785,2,0
240783,240783,240785,2,0
240785,240785,240786,1,0
240785,240785,240786,1,0
240783,240783,240785,2,0
240783,240783,240785,2,0
240785,240785,240786,1,0
240785,240785,240786,1,0
240783,240783,240785,2,0
240783,240783,240785,2,0
240783,240783,240785,2,0
240785,240785,240786,1,0
240785,240785,240786,1,0
240783,240783,240785,2,0
240785,240785,240786,1,0
240785,240785,240786,1,0
240783,240783,240785,2,0
240783,240783,240785,2,0
240785,240785,240786,1,0
240785,240785,240786,1,0
240785,240785,240786,1,0
240783,240783,240785,2,0
240783,240783,240785,2,0
240785,240785,240786,1,0
240783,240783,240785,2,0
240783,240783,240785,2,0
240785,240785,240786,1,0
240785,240785,240786,1,0
240785,240785,240787,2,0
240785,240785,240787,2,0
240785,240785,240786,1,0
240785,240785,240786,1,0
240785,240785,240786,1,0
240785,240785,240787,2,0
240785,240785,240786,1,0
240785,240785,240786,1,0
240785,240785,240787,2,0
240785,240785,240786,1,0
240785,240785,240786,1,0
240785,240785,240786,1,0
240785,240785,240786,1,0
240785,240785,240787,2,0
240785,240785,240786,1,0
240785,240785,240786,1,0
240785,240785,240787,2,0
240785,240785,240787,2,0
240785,240785,240787,2,0
240785,240785,240787,2,0
240785,240786,240788,2,1
240785,240786,240787,1,1
240785,240785,240787,2,0
240785,240785,240787,2,0
240783,240783,240785,2,0
240783,240783,240785,2,0
234432,234433,240791,6358,1
240785,240790,240791,1,5
240778,240779,240793,14,1
240630,240630,240802,172,0
240783,240783,240785,2,0
240783,240783,240785,2,0
240804,240805,240806,1,1
240804,240804,240806,2,0
240804,240804,240805,1,0
240804,240804,240806,2,0
240804,240804,240805,1,0
240804,240804,240805,1,0
240804,240804,240805,1,0
240804,240804,240806,2,0
240804,240804,240806,2,0
240804,240804,240806,2,0
240804,240804,240806,2,0
240804,240804,240806,2,0
240804,240804,240806,2,0
240804,240804,240806,2,0
240804,240804,240806,2,0
240804,240804,240806,2,0
240804,240804,240806,2,0
240804,240804,240806,2,0
240804,240804,240806,2,0
240804,240804,240806,2,0
240804,240804,240806,2,0
240804,240804,240806,2,0
240804,240804,240806,2,0
240804,240804,240807,3,0
240804,240804,240806,2,0
240804,240804,240806,2,0
240804,240804,240807,3,0
240804,240804,240806,2,0
240804,240804,240807,3,0
240804,240804,240806,2,0
240804,240804,240806,2,0
240804,240804,240806,2,0
240804,240804,240807,3,0
240804,240804,240807,3,0
240785,240805,240807,2,20
240785,240805,240807,2,20
240785,240805,240807,2,20
240804,240804,240808,4,0
240804,240804,240808,4,0
240804,240804,240808,4,0
240804,240804,240808,4,0
240804,240804,240809,5,0
240804,240811,240812,1,7
240804,240811,240812,1,7
240804,240811,240813,2,7
240804,240811,240813,2,7
240804,240812,240813,1,8
240804,240812,240814,2,8
240652,240653,240816,163,1
240620,240620,240817,197,0
240645,240645,240825,180,0
240825,240826,240827,1,1
240662,240663,240826,163,1
240825,240825,240826,1,0
240825,240825,240826,1,0
240825,240825,240826,1,0
240825,240825,240827,2,0
240825,240825,240827,2,0
240825,240825,240827,2,0
240825,240825,240827,2,0
240825,240825,240827,2,0
240825,240825,240827,2,0
240825,240825,240827,2,0
240825,240825,240827,2,0
240825,240825,240826,1,0
240825,240825,240826,1,0
240825,240825,240827,2,0
240825,240825,240826,1,0
240825,240825,240827,2,0
240825,240825,240827,2,0
240825,240825,240827,2,0
240825,240825,240827,2,0
240825,240825,240827,2,0
240825,240825,240827,2,0
240825,240825,240826,1,0
240825,240825,240826,1,0
240825,240825,240827,2,0
240825,240825,240827,2,0
240825,240825,240827,2,0
240825,240825,240827,2,0
240825,240826,240827,1,1
240825,240825,240826,1,0
240825,240825,240826,1,0
240825,240825,240827,2,0
240825,240825,240827,2,0
240825,240825,240827,2,0
240825,240825,240827,2,0
240825,240825,240827,2,0
240825,240825,240826,1,0
240825,240825,240826,1,0
240825,240825,240827,2,0
240825,240825,240827,2,0
240825,240825,240827,2,0
240825,240825,240827,2,0
240825,240825,240827,2,0
240825,240825,240827,2,0
240825,240825,240827,2,0
240825,240825,240827,2,0
240825,240827,240828,1,2
240825,240827,240828,1,2
240825,240825,240828,3,0
240825,240825,240828,3,0
240825,240825,240827,2,0
240825,240827,240829,2,2
240825,240827,240829,2,2
240825,240827,240829,2,2
240825,240827,240829,2,2
240825,240827,240829,2,2
240825,240827,240829,2,2
240825,240827,240829,2,2
240825,240827,240829,2,2
240825,240827,240829,2,2
240825,240827,240829,2,2
240825,240827,240829,2,2
240825,240827,240829,2,2
240825,240827,240829,2,2
240825,240827,240829,2,2
240825,240827,240829,2,2
240825,240827,240829,2,2
240825,240827,240829,2,2
240825,240827,240829,2,2
240825,240827,240829,2,2
240825,240827,240830,3,2
240825,240827,240830,3,2
240825,240827,240830,3,2
240825,240827,240830,3,2
240825,240827,240830,3,2
240829,240829,240831,2,0
240829,240830,240831,1,1
240829,240830,240831,1,1
240829,240829,240831,2,0
240829,240829,240831,2,0
240829,240829,240831,2,0
240829,240830,240831,1,1
240829,240829,240831,2,0
240829,240830,240831,1,1
240829,240830,240831,1,1
240829,240830,240831,1,1
240829,240829,240831,2,0
240829,240829,240831,2,0
240829,240830,240831,1,1
240829,240830,240831,1,1
240829,240829,240831,2,0
240829,240829,240831,2,0
240829,240830,240831,1,1
240829,240830,240831,1,1
240829,240829,240831,2,0
240829,240829,240831,2,0
240829,240829,240831,2,0
240829,240830,240831,1,1
240829,240830,240831,1,1
240829,240829,240831,2,0
240829,240829,240831,2,0
240829,240829,240831,2,0
240829,240830,240831,1,1
240829,240829,240831,2,0
240829,240829,240831,2,0
240829,240830,240831,1,1
240829,240830,240831,1,1
240829,240830,240832,2,1
240829,240831,240832,1,2
240829,240830,240832,2,1
240829,240830,240832,2,1
240829,240830,240832,2,1
240832,240832,240833,1,0
240829,240830,240832,2,1
240829,240830,240832,2,1
240829,240830,240832,2,1
240829,240830,240832,2,1
240829,240830,240832,2,1
240832,240832,240833,1,0
240832,240832,240833,1,0
240832,240832,240833,1,0
240829,240830,240832,2,1
240829,240830,240832,2,1
240829,240831,240832,1,2
240832,240832,240833,1,0
240832,240832,240833,1,0
240832,240832,240833,1,0
240832,240832,240833,1,0
240832,240832,240833,1,0
240832,240832,240833,1,0
240832,240832,240834,2,0
240832,240832,240833,1,0
240832,240832,240833,1,0
240832,240832,240833,1,0
240832,240832,240833,1,0
240832,240832,240833,1,0
240832,240832,240833,1,0
240832,240832,240833,1,0
240832,240832,240833,1,0
240832,240832,240833,1,0
240832,240832,240833,1,0
240832,240832,240833,1,0
240832,240832,240833,1,0
240832,240832,240833,1,0
240832,240832,240833,1,0
240832,240832,240833,1,0
240832,240832,240833,1,0
240832,240832,240833,1,0
240832,240832,240834,2,0
240832,240832,240834,2,0
240832,240833,240835,2,1
240832,240832,240834,2,0
240832,240832,240834,2,0
240832,240832,240834,2,0
240832,240833,240835,2,1
240832,240833,240834,1,1
240832,240833,240835,2,1
240832,240833,240834,1,1
240832,240833,240834,1,1
240832,240833,240834,1,1
240832,240833,240834,1,1
240832,240833,240835,2,1
240832,240833,240834,1,1
240832,240832,240835,3,0
234424,234424,240835,6411,0
240825,240840,240841,1,15
240825,240840,240841,1,15
240825,240840,240841,1,15
240825,240840,240842,2,15
240825,240840,240842,2,15
240825,240840,240841,1,15
240825,240827,240844,17,2
240825,240845,240846,1,20
240825,240845,240846,1,20
240825,240845,240846,1,20
240825,240845,240846,1,20
240825,240845,240846,1,20
240825,240845,240847,2,20
240825,240845,240846,1,20
240690,240690,240847,157,0
240664,240664,240849,185,0
240848,240848,240850,2,0
240848,240849,240850,1,1
240848,240849,240850,1,1
240684,240687,240850,163,3
240848,240849,240850,1,1
240848,240849,240850,1,1
240848,240848,240850,2,0
240848,240849,240850,1,1
240848,240849,240850,1,1
240848,240849,240850,1,1
240848,240848,240850,2,0
240848,240849,240850,1,1
240848,240849,240850,1,1
240848,240849,240850,1,1
240848,240848,240850,2,0
240848,240848,240850,2,0
240848,240849,240850,1,1
240848,240849,240850,1,1
240848,240849,240850,1,1
240848,240848,240850,2,0
240848,240849,240850,1,1
240848,240849,240850,1,1
240848,240849,240850,1,1
240848,240849,240850,1,1
240848,240849,240850,1,1
240848,240849,240850,1,1
240848,240849,240850,1,1
240848,240849,240850,1,1
240848,240849,240851,2,1
240848,240848,240850,2,0
240848,240849,240850,1,1
240848,240849,240850,1,1
240848,240849,240850,1,1
240848,240849,240851,2,1
240848,240849,240851,2,1
240848,240849,240851,2,1
240848,240849,240851,2,1
240848,240849,240851,2,1
240848,240849,240851,2,1
240848,240849,240851,2,1
240825,240826,240857,31,1
240848,240861,240862,1,13
240848,240861,240862,1,13
240860,240860,240861,1,0
240860,240860,240861,1,0
240860,240860,240862,2,0
240860,240860,240861,1,0
240860,240860,240861,1,0
240860,240860,240861,1,0
240860,240860,240861,1,0
240860,240860,240862,2,0
240860,240860,240861,1,0
240860,240860,240861,1,0
240860,240860,240861,1,0
240860,240860,240862,2,0
240860,240860,240862,2,0
240860,240860,240861,1,0
240860,240860,240861,1,0
240860,240860,240861,1,0
240860,240860,240862,2,0
240860,240860,240862,2,0
240860,240860,240861,1,0
240860,240860,240861,1,0
240860,240860,240861,1,0
240860,240860,240861,1,0
240860,240860,240861,1,0
240860,240860,240861,1,0
240860,240860,240862,2,0
240860,240860,240862,2,0
240860,240860,240861,1,0
240860,240860,240861,1,0
240860,240860,240861,1,0
240860,240860,240862,2,0
240860,240860,240862,2,0
240860,240860,240861,1,0
240860,240860,240861,1,0
240860,240860,240861,1,0
240860,240860,240861,1,0
240860,240860,240862,2,0
240848,240861,240862,1,13
240848,240861,240862,1,13
240860,240860,240862,2,0
240860,240860,240862,2,0
240860,240860,240862,2,0
240860,240860,240862,2,0
240860,240860,240862,2,0
240860,240860,240863,3,0
240860,240860,240862,2,0
240860,240860,240862,2,0
240848,240861,240863,2,13
240860,240861,240864,3,1
240698,240700,240865,165,2
240848,240849,240871,22,1
240872,240873,240875,2,1
240872,240873,240874,1,1
240872,240873,240874,1,1
240872,240873,240874,1,1
240872,240873,240874,1,1
240872,240873,240874,1,1
240872,240873,240874,1,1
240872,240873,240874,1,1
240872,240873,240874,1,1
240872,240873,240874,1,1
240872,240873,240874,1,1
240872,240873,240874,1,1
240872,240873,240874,1,1
240872,240873,240874,1,1
240872,240873,240874,1,1
240872,240873,240874,1,1
240872,240873,240874,1,1
240872,240873,240874,1,1
240872,240873,240874,1,1
240872,240873,240874,1,1
240872,240873,240874,1,1
240872,240873,240874,1,1
240872,240873,240874,1,1
240872,240873,240874,1,1
240872,240873,240874,1,1
240872,240873,240875,2,1
240872,240873,240874,1,1
240872,240873,240874,1,1
240872,240873,240874,1,1
240872,240873,240874,1,1
240872,240873,240874,1,1
240872,240873,240874,1,1
240872,240873,240875,2,1
240872,240873,240875,2,1
240872,240873,240875,2,1
240872,240873,240875,2,1
240872,240873,240875,2,1
240872,240873,240875,2,1
240872,240873,240875,2,1
240872,240873,240875,2,1
240872,240873,240875,2,1
240872,240873,240876,3,1
240872,240873,240876,3,1
240872,240873,240875,2,1
240872,240873,240875,2,1
240884,240886,240887,1,2
240884,240885,240886,1,1
240884,240885,240886,1,1
240884,240885,240886,1,1
240884,240885,240886,1,1
240884,240885,240886,1,1
240884,240885,240886,1,1
240884,240885,240886,1,1
240884,240885,240886,1,1
240884,240885,240887,2,1
240884,240885,240886,1,1
240884,240885,240886,1,1
240884,240885,240886,1,1
240884,240885,240887,2,1
240884,240885,240886,1,1
240884,240885,240886,1,1
240884,240885,240886,1,1
240884,240885,240886,1,1
240884,240885,240886,1,1
240884,240885,240886,1,1
240884,240885,240886,1,1
240884,240885,240886,1,1
240884,240885,240886,1,1
240884,240885,240886,1,1
240884,240885,240886,1,1
240884,240885,240886,1,1
240884,240885,240886,1,1
240884,240885,240887,2,1
240884,240885,240886,1,1
240884,240885,240886,1,1
240884,240885,240886,1,1
240884,240885,240886,1,1
240884,240885,240887,2,1
240884,240885,240887,2,1
240884,240885,240887,2,1
240884,240886,240887,1,2
240884,240886,240887,1,2
240884,240885,240887,2,1
240884,240885,240887,2,1
240884,240885,240887,2,1
240884,240888,240889,1,4
240884,240888,240889,1,4
240884,240888,240890,2,4
240884,240888,240889,1,4
240749,240749,240913,164,0
240913,240913,240915,2,0
240913,240913,240915,2,0
240913,240913,240915,2,0
240913,240913,240914,1,0
240913,240913,240914,1,0
240913,240913,240915,2,0
240913,240913,240915,2,0
240913,240913,240914,1,0
240913,240913,240915,2,0
240913,240913,240914,1,0
240913,240913,240915,2,0
240913,240913,240914,1,0
240913,240913,240914,1,0
240913,240913,240915,2,0
240913,240913,240915,2,0
240913,240913,240915,2,0
240913,240913,240914,1,0
240913,240913,240914,1,0
240913,240913,240914,1,0
240913,240913,240915,2,0
240913,240913,240914,1,0
240913,240913,240914,1,0
240913,240913,240914,1,0
240913,240913,240915,2,0
240913,240913,240915,2,0
240913,240913,240915,2,0
240913,240913,240914,1,0
240913,240913,240914,1,0
240913,240913,240915,2,0
240913,240913,240915,2,0
240913,240913,240915,2,0
240913,240913,240916,3,0
240913,240913,240915,2,0
240913,240913,240916,3,0
240913,240913,240915,2,0
240736,240736,240917,181,0
240918,240919,240920,1,1
240918,240919,240920,1,1
240918,240919,240920,1,1
240918,240919,240920,1,1
240918,240919,240921,2,1
240918,240919,240920,1,1
240918,240919,240920,1,1
240918,240919,240921,2,1
240918,240919,240920,1,1
240918,240919,240920,1,1
240918,240919,240921,2,1
240918,240919,240920,1,1
240918,240919,240920,1,1
240918,240919,240920,1,1
240918,240919,240920,1,1
240918,240919,240920,1,1
240918,240919,240920,1,1
240918,240919,240920,1,1
240918,240919,240920,1,1
240918,240919,240920,1,1
240918,240919,240920,1,1
240918,240919,240920,1,1
240918,240919,240920,1,1
240918,240919,240920,1,1
240918,240919,240920,1,1
240918,240919,240921,2,1
240913,240919,240920,1,6
240913,240919,240921,2,6
240913,240919,240920,1,6
240913,240919,240921,2,6
240913,240919,240921,2,6
240913,240919,240921,2,6
240918,240919,240921,2,1
240918,240919,240921,2,1
240918,240919,240921,2,1
240918,240919,240921,2,1
240918,240919,240921,2,1
240918,240919,240921,2,1
240918,240919,240921,2,1
240918,240919,240921,2,1
240918,240919,240921,2,1
240918,240919,240921,2,1
240913,240921,240922,1,8
240913,240921,240922,1,8
240918,240921,240922,1,3
240918,240921,240922,1,3
240918,240921,240923,2,3
240757,240757,240922,165,0
240924,240925,240926,1,1
240924,240925,240926,1,1
240924,240925,240926,1,1
240924,240925,240926,1,1
240924,240925,240926,1,1
240924,240925,240926,1,1
240924,240925,240926,1,1
240924,240925,240926,1,1
240924,240925,240926,1,1
240924,240925,240926,1,1
240924,240925,240926,1,1
240924,240925,240926,1,1
240924,240925,240926,1,1
240924,240925,240927,2,1
240924,240925,240926,1,1
240924,240925,240926,1,1
240924,240925,240926,1,1
240924,240925,240927,2,1
240924,240925,240927,2,1
240924,240925,240927,2,1
240924,240925,240927,2,1
240924,240925,240927,2,1
240924,240925,240927,2,1
240924,240925,240927,2,1
240924,240925,240928,3,1
240924,240925,240927,2,1
240924,240925,240927,2,1
240924,240925,240927,2,1
240924,240925,240927,2,1
240924,240925,240927,2,1
240924,240925,240928,3,1
240924,240925,240927,2,1
240924,240925,240927,2,1
240924,240925,240927,2,1
240924,240925,240927,2,1
240924,240925,240927,2,1
240924,240925,240928,3,1
240924,240925,240928,3,1
240924,240925,240928,3,1
240918,240919,240921,2,1
240924,240936,240937,1,12
240924,240936,240937,1,12
240924,240936,240937,1,12
240924,240936,240937,1,12
240924,240936,240938,2,12
240924,240936,240939,3,12
240913,240913,240915,2,0
240721,240722,240939,217,1
240918,240939,240940,1,21
240918,240939,240940,1,21
240918,240939,240940,1,21
240918,240939,240940,1,21
240918,240939,240940,1,21
234428,234428,240941,6513,0
240786,240786,240946,160,0
234425,234425,240946,6521,0
234428,234428,240948,6520,0
240954,240954,240955,1,0
240954,240954,240955,1,0
240954,240954,240955,1,0
240954,240954,240955,1,0
240954,240954,240955,1,0
240954,240954,240955,1,0
240954,240954,240955,1,0
240954,240954,240955,1,0
240954,240954,240955,1,0
240954,240954,240955,1,0
240954,240954,240956,2,0
240954,240954,240955,1,0
240954,240954,240955,1,0
240954,240954,240955,1,0
240954,240954,240955,1,0
240954,240954,240955,1,0
240954,240954,240956,2,0
240954,240954,240956,2,0
240954,240954,240955,1,0
240954,240954,240955,1,0
240954,240954,240956,2,0
240954,240954,240956,2,0
240954,240955,240956,1,1
240954,240955,240956,1,1
240954,240954,240956,2,0
240954,240954,240956,2,0
240954,240955,240956,1,1
240954,240955,240956,1,1
240954,240954,240956,2,0
240954,240954,240956,2,0
240954,240955,240956,1,1
240954,240955,240956,1,1
240954,240955,240956,1,1
240954,240954,240956,2,0
240954,240954,240956,2,0
240954,240955,240956,1,1
240954,240955,240956,1,1
240954,240955,240956,1,1
240954,240954,240956,2,0
240954,240954,240956,2,0
240954,240954,240956,2,0
240954,240955,240956,1,1
240954,240954,240956,2,0
240954,240954,240956,2,0
240954,240955,240956,1,1
240954,240956,240957,1,2
240954,240954,240956,2,0
240954,240954,240956,2,0
240954,240955,240956,1,1
240954,240954,240956,2,0
240954,240954,240956,2,0
240954,240955,240956,1,1
240954,240955,240956,1,1
240954,240954,240957,3,0
240954,240954,240957,3,0
240954,240956,240957,1,2
240954,240956,240958,2,2
240954,240956,240957,1,2
240954,240956,240957,1,2
240954,240956,240957,1,2
240954,240956,240957,1,2
240954,240954,240957,3,0
240954,240956,240958,2,2
240954,240957,240958,1,3
240954,240957,240958,1,3
240954,240957,240958,1,3
240954,240956,240958,2,2
240954,240956,240958,2,2
240954,240956,240958,2,2
240954,240956,240958,2,2
240954,240956,240958,2,2
240954,240956,240958,2,2
240954,240956,240958,2,2
240954,240957,240959,2,3
240954,240957,240959,2,3
240954,240956,240958,2,2
240954,240956,240958,2,2
240954,240956,240958,2,2
240954,240957,240959,2,3
240954,240957,240959,2,3
234427,234427,240959,6532,0
240779,240779,240962,183,0
240964,240965,240966,1,1
240964,240965,240967,2,1
240964,240965,240966,1,1
240964,240965,240966,1,1
240964,240965,240966,1,1
240964,240965,240967,2,1
240964,240965,240966,1,1
240964,240965,240966,1,1
240964,240965,240966,1,1
240964,240965,240966,1,1
240964,240965,240966,1,1
240964,240965,240966,1,1
240964,240965,240966,1,1
240964,240965,240966,1,1
240964,240965,240966,1,1
240964,240965,240967,2,1
240964,240965,240967,2,1
240964,240965,240967,2,1
240964,240965,240967,2,1
240964,240965,240967,2,1
240964,240965,240967,2,1
240964,240965,240967,2,1
240964,240965,240967,2,1
240964,240965,240967,2,1
240964,240965,240967,2,1
240964,240965,240967,2,1
240964,240965,240967,2,1
240964,240965,240967,2,1
240964,240965,240967,2,1
240964,240965,240967,2,1
240964,240965,240968,3,1
240964,240965,240968,3,1
240964,240965,240967,2,1
240964,240965,240967,2,1
240964,240965,240967,2,1
240964,240965,240968,3,1
240964,240965,240968,3,1
240964,240965,240968,3,1
240964,240965,240968,3,1
240964,240965,240969,4,1
240964,240965,240968,3,1
240753,240753,240970,217,0
240970,240970,240972,2,0
240970,240971,240972,1,1
240970,240970,240972,2,0
240970,240970,240972,2,0
240970,240970,240972,2,0
240970,240970,240972,2,0
240970,240970,240972,2,0
240970,240970,240972,2,0
240970,240970,240972,2,0
240970,240970,240972,2,0
240970,240971,240972,1,1
240970,240971,240972,1,1
240970,240971,240972,1,1
240970,240970,240972,2,0
240970,240970,240972,2,0
240970,240970,240972,2,0
240970,240970,240972,2,0
240970,240970,240973,3,0
240970,240970,240973,3,0
240970,240970,240973,3,0
240970,240971,240973,2,1
240970,240971,240973,2,1
240970,240971,240973,2,1
240970,240971,240973,2,1
240970,240970,240973,3,0
240970,240970,240974,4,0
240970,240970,240973,3,0
240970,240970,240973,3,0
240970,240970,240973,3,0
240970,240970,240973,3,0
240970,240970,240973,3,0
240970,240970,240973,3,0
240970,240971,240973,2,1
240970,240971,240973,2,1
240970,240971,240973,2,1
240970,240970,240973,3,0
240970,240970,240973,3,0
240970,240971,240973,2,1
240970,240970,240974,4,0
240970,240970,240974,4,0
240954,240974,240975,1,20
240970,240971,240974,3,1
240970,240970,240974,4,0
240970,240970,240974,4,0
240970,240971,240974,3,1
240970,240970,240974,4,0
240954,240956,240958,2,2
240954,240956,240958,2,2
240954,240956,240958,2,2
240954,240974,240975,1,20
240954,240974,240975,1,20
240954,240974,240975,1,20
240964,240975,240976,1,11
240964,240975,240976,1,11
240964,240975,240976,1,11
240805,240805,240977,172,0
234430,234430,240976,6546,0
240964,240975,240976,1,11
240767,240768,240983,215,1
240993,240994,240995,1,1
240993,240993,240995,2,0
240993,240993,240995,2,0
240993,240993,240995,2,0
240993,240993,240995,2,0
240993,240993,240994,1,0
240993,240993,240994,1,0
240993,240993,240995,2,0
240993,240993,240995,2,0
240993,240993,240995,2,0
240826,240827,240995,168,1
240993,240993,240995,2,0
240993,240993,240995,2,0
240993,240993,240995,2,0
240993,240993,240994,1,0
240993,240993,240995,2,0
240993,240993,240995,2,0
240993,240993,240995,2,0
240993,240994,240995,1,1
240993,240994,240995,1,1
240993,240994,240995,1,1
240993,240993,240995,2,0
240993,240993,240995,2,0
240993,240993,240995,2,0
240993,240993,240995,2,0
240993,240993,240995,2,0
240993,240993,240995,2,0
240993,240993,240995,2,0
240993,240993,240995,2,0
240993,240993,240995,2,0
240993,240993,240995,2,0
240993,240993,240994,1,0
240993,240993,240995,2,0
240993,240993,240995,2,0
240993,240993,240995,2,0
240993,240993,240995,2,0
240993,240993,240995,2,0
240993,240993,240995,2,0
240993,240993,240995,2,0
240993,240993,240995,2,0
240993,240993,240995,2,0
240993,240993,240995,2,0
240993,240994,240995,1,1
240993,240993,240995,2,0
240993,240994,240995,1,1
240993,240994,240995,1,1
240993,240994,240996,2,1
240993,240994,240996,2,1
240993,240994,240996,2,1
240993,240993,240996,3,0
240993,240993,240996,3,0
240993,240993,240996,3,0
240993,240993,240996,3,0
240993,240993,240996,3,0
240993,240993,240996,3,0
240993,240993,240996,3,0
240993,240993,240996,3,0
240993,240993,240996,3,0
240993,240993,240996,3,0
240993,240995,240996,1,2
240993,240993,240996,3,0
240993,240993,240996,3,0
240993,240994,240997,3,1
240993,240995,240996,1,2
240993,240995,240997,2,2
240993,240995,240997,2,2
240993,240995,240997,2,2
240993,240996,240997,1,3
240993,240996,240997,1,3
240993,240996,240997,1,3
240993,240996,240997,1,3
240993,240996,240997,1,3
240993,240996,240998,2,3
240993,240996,240998,2,3
240993,240996,240997,1,3
240993,240996,240998,2,3
240993,240996,240997,1,3
240993,240996,240997,1,3
240993,240996,240998,2,3
240993,240996,240998,2,3
240993,240995,240997,2,2
240993,240996,240997,1,3
240993,240993,240997,4,0
240993,240996,240998,2,3
240993,240996,240998,2,3
240993,240995,240998,3,2
240993,240996,240998,2,3
240993,240996,240998,2,3
240993,240996,240998,2,3
240993,240996,240998,2,3
240993,240996,240998,2,3
240998,240998,240999,1,0
240998,240998,241000,2,0
240998,240998,241000,2,0
240998,240998,241000,2,0
240998,240998,240999,1,0
240998,240998,241000,2,0
240998,240998,240999,1,0
240998,240998,240999,1,0
240998,240998,241000,2,0
240998,240998,240999,1,0
240998,240998,240999,1,0
240998,240998,241000,2,0
240998,240998,240999,1,0
240998,240998,240999,1,0
240998,240998,241000,2,0
240998,240998,241000,2,0
240998,240998,240999,1,0
240998,240998,241000,2,0
240998,240998,240999,1,0
240998,240998,240999,1,0
240998,240998,241000,2,0
240998,240998,241000,2,0
240998,240998,241000,2,0
240998,240998,241000,2,0
240998,240998,241000,2,0
240998,240998,240999,1,0
240998,240998,240999,1,0
240998,240998,241000,2,0
240998,240998,241001,3,0
240998,240998,241000,2,0
240998,240998,241000,2,0
240998,240998,241000,2,0
240998,240998,241000,2,0
240998,240998,241000,2,0
240998,240998,241000,2,0
240998,240998,241000,2,0
240998,240998,241000,2,0
240998,240998,241000,2,0
240998,240998,241000,2,0
240998,240998,241000,2,0
240998,240998,241000,2,0
240998,240998,241000,2,0
240998,240998,241001,3,0
240998,240998,241000,2,0
240998,240998,241000,2,0
240849,240849,241021,172,0
240861,240861,241022,161,0
240834,240834,241023,189,0
241027,241027,241028,1,0
241027,241027,241029,2,0
241027,241027,241029,2,0
241027,241027,241028,1,0
241027,241027,241029,2,0
241027,241027,241028,1,0
241027,241027,241029,2,0
241027,241027,241029,2,0
241027,241027,241029,2,0
241027,241027,241029,2,0
241027,241027,241029,2,0
241027,241027,241028,1,0
241027,241027,241028,1,0
241027,241027,241029,2,0
241027,241027,241029,2,0
241027,241027,241029,2,0
241027,241027,241028,1,0
241027,241027,241028,1,0
241027,241027,241028,1,0
241027,241027,241029,2,0
241027,241027,241029,2,0
241027,241027,241029,2,0
241027,241027,241028,1,0
241027,241027,241028,1,0
241027,241027,241029,2,0
241027,241027,241029,2,0
241027,241027,241028,1,0
241027,241027,241029,2,0
241027,241027,241029,2,0
241027,241027,241028,1,0
241027,241027,241028,1,0
241027,241027,241029,2,0
241027,241027,241029,2,0
241027,241027,241029,2,0
241027,241027,241029,2,0
241027,241027,241029,2,0
241027,241027,241028,1,0
241027,241027,241029,2,0
241027,241027,241029,2,0
241027,241027,241029,2,0
241027,241027,241029,2,0
241027,241027,241029,2,0
241027,241027,241029,2,0
241027,241027,241029,2,0
241027,241027,241029,2,0
241027,241029,241030,1,2
241027,241027,241029,2,0
241027,241027,241029,2,0
241027,241028,241029,1,1
241027,241027,241030,3,0
241027,241027,241029,2,0
241027,241027,241030,3,0
241027,241027,241029,2,0
241027,241027,241029,2,0
241027,241027,241029,2,0
241027,241027,241029,2,0
241027,241029,241031,2,2
241027,241029,241031,2,2
241027,241029,241031,2,2
241027,241029,241031,2,2
241027,241029,241031,2,2
241027,241029,241031,2,2
241027,241029,241031,2,2
241027,241029,241031,2,2
241027,241029,241031,2,2
241027,241029,241031,2,2
241027,241029,241031,2,2
241027,241029,241031,2,2
241027,241029,241030,1,2
241027,241029,241031,2,2
241027,241029,241031,2,2
241027,241029,241031,2,2
241027,241029,241031,2,2
241027,241029,241031,2,2
241027,241030,241031,1,3
241027,241030,241031,1,3
241027,241030,241031,1,3
241027,241030,241031,1,3
241027,241029,241031,2,2
241027,241029,241032,3,2
241027,241029,241032,3,2
241027,241029,241032,3,2
241027,241029,241031,2,2
241027,241029,241031,2,2
241027,241029,241031,2,2
241027,241030,241032,2,3
241027,241030,241032,2,3
240831,240831,241036,205,0
234427,234427,241039,6612,0
240886,240886,241043,157,0
241045,241045,241046,1,0
241045,241045,241047,2,0
241045,241045,241046,1,0
241045,241045,241047,2,0
241045,241045,241047,2,0
241045,241045,241047,2,0
241045,241045,241046,1,0
241045,241045,241046,1,0
241045,241045,241046,1,0
241045,241045,241046,1,0
241045,241045,241047,2,0
241045,241045,241047,2,0
241045,241045,241047,2,0
241045,241045,241047,2,0
241045,241045,241047,2,0
241045,241045,241047,2,0
241045,241045,241047,2,0
241045,241045,241047,2,0
241045,241045,241046,1,0
241045,241045,241046,1,0
241045,241045,241046,1,0
241045,241045,241047,2,0
241045,241045,241047,2,0
241045,241045,241047,2,0
241045,241045,241047,2,0
241045,241045,241047,2,0
241045,241045,241047,2,0
241045,241045,241046,1,0
241045,241045,241046,1,0
241045,241045,241046,1,0
241045,241045,241047,2,0
241045,241045,241047,2,0
241045,241045,241047,2,0
241045,241045,241047,2,0
241045,241045,241046,1,0
241045,241045,241046,1,0
241045,241045,241047,2,0
241045,241045,241047,2,0
241045,241045,241047,2,0
241045,241045,241047,2,0
241045,241045,241047,2,0
241045,241045,241047,2,0
241045,241045,241048,3,0
241045,241047,241048,1,2
241045,241045,241047,2,0
241045,241045,241047,2,0
241045,241045,241047,2,0
241045,241045,241048,3,0
241045,241045,241047,2,0
241045,241045,241047,2,0
241045,241045,241048,3,0
241045,241045,241047,2,0
241045,241045,241047,2,0
241045,241045,241047,2,0
241045,241047,241048,1,2
241045,241047,241048,1,2
241045,241047,241048,1,2
241047,241048,241049,1,1
241045,241047,241048,1,2
241045,241047,241049,2,2
241045,241047,241048,1,2
241045,241047,241049,2,2
241045,241047,241049,2,2
241047,241048,241049,1,1
241047,241048,241049,1,1
241045,241047,241048,1,2
241045,241047,241049,2,2
241045,241047,241048,1,2
241045,241047,241049,2,2
241047,241048,241049,1,1
241047,241048,241049,1,1
241045,241047,241049,2,2
241045,241047,241049,2,2
241045,241047,241049,2,2
241045,241047,241049,2,2
241047,241047,241049,2,0
241047,241047,241049,2,0
241045,241047,241049,2,2
241045,241047,241049,2,2
241045,241047,241049,2,2
241047,241047,241049,2,0
241047,241048,241049,1,1
241045,241047,241049,2,2
241047,241047,241049,2,0
241047,241047,241049,2,0
241045,241047,241049,2,2
241045,241047,241049,2,2
241045,241047,241049,2,2
241047,241047,241049,2,0
241047,241047,241049,2,0
241045,241047,241049,2,2
241045,241047,241049,2,2
241045,241047,241049,2,2
241047,241047,241049,2,0
241047,241047,241049,2,0
241047,241047,241049,2,0
241047,241047,241049,2,0
241047,241049,241050,1,2
241047,241049,241050,1,2
241047,241049,241050,1,2
241047,241049,241050,1,2
241047,241049,241050,1,2
241047,241049,241050,1,2
241047,241048,241050,2,1
241047,241049,241050,1,2
241047,241049,241050,1,2
241045,241047,241050,3,2
241045,241047,241050,3,2
241047,241050,241051,1,3
241047,241050,241051,1,3
241047,241050,241051,1,3
241047,241050,241051,1,3
241047,241050,241051,1,3
241047,241050,241051,1,3
241047,241050,241051,1,3
241047,241050,241052,2,3
241047,241050,241052,2,3
241047,241050,241051,1,3
241047,241050,241051,1,3
241047,241050,241051,1,3
241047,241050,241051,1,3
241047,241050,241052,2,3
241047,241050,241052,2,3
241047,241050,241052,2,3
241047,241050,241052,2,3
240874,240874,241036,162,0
241027,241030,241031,1,3
241027,241030,241031,1,3
241027,241030,241032,2,3
241045,241057,241058,1,12
241045,241057,241058,1,12
241045,241059,241060,1,14
241045,241059,241060,1,14
240891,240891,241061,170,0
241045,241059,241060,1,14
241045,241059,241061,2,14
241045,241059,241061,2,14
241045,241059,241060,1,14
241062,241062,241064,2,0
241062,241063,241064,1,1
241062,241063,241064,1,1
241062,241062,241064,2,0
241062,241062,241064,2,0
241062,241062,241064,2,0
241062,241062,241064,2,0
241062,241062,241064,2,0
241062,241062,241064,2,0
241062,241062,241064,2,0
241062,241062,241064,2,0
241062,241062,241064,2,0
241062,241062,241064,2,0
241062,241062,241064,2,0
241062,241062,241064,2,0
241062,241062,241064,2,0
241062,241062,241064,2,0
241062,241062,241064,2,0
241062,241062,241064,2,0
241062,241062,241064,2,0
241062,241062,241064,2,0
241062,241062,241064,2,0
241062,241062,241064,2,0
241062,241062,241064,2,0
241062,241062,241064,2,0
241062,241062,241064,2,0
241062,241062,241064,2,0
241062,241063,241064,1,1
241062,241063,241064,1,1
241062,241062,241064,2,0
241062,241063,241065,2,1
241062,241063,241065,2,1
240784,240784,241065,281,0
240788,240788,241065,277,0
241062,241062,241065,3,0
241062,241062,241065,3,0
241062,241063,241065,2,1
241062,241063,241065,2,1
241062,241062,241065,3,0
241062,241063,241065,2,1
241062,241063,241065,2,1
240755,240755,241068,313,0
241062,241073,241074,1,11
241062,241073,241074,1,11
241062,241073,241075,2,11
241062,241073,241075,2,11
241062,241073,241075,2,11
241062,241073,241075,2,11
241075,241075,241077,2,0
241075,241075,241077,2,0
241075,241075,241076,1,0
241075,241075,241077,2,0
241075,241075,241076,1,0
241075,241075,241077,2,0
241075,241075,241077,2,0
241075,241075,241076,1,0
241075,241075,241076,1,0
241075,241075,241077,2,0
241075,241075,241076,1,0
241075,241075,241076,1,0
241075,241075,241077,2,0
241075,241075,241077,2,0
241075,241075,241076,1,0
241075,241075,241076,1,0
241075,241075,241076,1,0
241075,241075,241077,2,0
241075,241075,241076,1,0
241075,241075,241077,2,0
241075,241075,241076,1,0
241075,241075,241077,2,0
241075,241075,241076,1,0
241075,241075,241076,1,0
241075,241075,241076,1,0
241075,241075,241076,1,0
241075,241075,241076,1,0
241075,241075,241076,1,0
241075,241075,241076,1,0
241075,241075,241076,1,0
241075,241075,241076,1,0
241075,241075,241076,1,0
241075,241075,241076,1,0
241075,241075,241076,1,0
241075,241076,241077,1,1
241075,241075,241077,2,0
241075,241075,241078,3,0
241075,241075,241077,2,0
241075,241077,241078,1,2
241075,241075,241077,2,0
241075,241075,241078,3,0
241075,241075,241077,2,0
241075,241075,241078,3,0
241075,241075,241077,2,0
241075,241075,241077,2,0
241075,241075,241077,2,0
241075,241075,241077,2,0
241075,241076,241077,1,1
241075,241076,241077,1,1
241075,241075,241077,2,0
241075,241075,241077,2,0
241075,241075,241078,3,0
241075,241075,241078,3,0
241075,241075,241078,3,0
241075,241077,241079,2,2
240914,240914,241078,164,0
241075,241077,241079,2,2
241075,241077,241079,2,2
241075,241077,241079,2,2
241075,241075,241078,3,0
241075,241077,241079,2,2
241075,241077,241079,2,2
241075,241077,241079,2,2
241075,241077,241079,2,2
241075,241077,241079,2,2
241075,241075,241078,3,0
241075,241077,241079,2,2
241075,241077,241079,2,2
241075,241077,241079,2,2
241075,241077,241080,3,2
241075,241077,241079,2,2
241075,241077,241080,3,2
241075,241077,241079,2,2
241075,241077,241080,3,2
241075,241077,241080,3,2
241075,241077,241080,3,2
241075,241077,241079,2,2
241075,241077,241079,2,2
240920,240920,241080,160,0
241075,241077,241079,2,2
241075,241077,241079,2,2
241075,241075,241077,2,0
241075,241075,241078,3,0
241075,241075,241079,4,0
241082,241082,241084,2,0
241082,241082,241084,2,0
241082,241082,241084,2,0
241082,241082,241084,2,0
241082,241082,241084,2,0
241082,241082,241084,2,0
241082,241082,241084,2,0
241082,241082,241084,2,0
241082,241082,241084,2,0
241082,241082,241084,2,0
241082,241082,241084,2,0
241082,241082,241084,2,0
241082,241082,241084,2,0
241082,241082,241084,2,0
241082,241082,241084,2,0
241082,241082,241084,2,0
241082,241082,241084,2,0
241082,241082,241084,2,0
241082,241082,241084,2,0
241082,241082,241084,2,0
241082,241082,241084,2,0
241082,241082,241084,2,0
241082,241082,241084,2,0
241082,241082,241084,2,0
241082,241082,241084,2,0
241082,241082,241084,2,0
241082,241082,241084,2,0
241082,241082,241084,2,0
241082,241082,241083,1,0
241082,241082,241084,2,0
241082,241082,241084,2,0
241082,241082,241084,2,0
241082,241082,241084,2,0
241082,241083,241084,1,1
241075,241082,241084,2,7
241082,241082,241084,2,0
241082,241082,241085,3,0
241082,241084,241085,1,2
241082,241084,241085,1,2
241082,241082,241086,4,0
241082,241082,241085,3,0
241082,241082,241085,3,0
241082,241082,241085,3,0
241082,241082,241085,3,0
241082,241082,241085,3,0
241082,241082,241085,3,0
241082,241082,241085,3,0
241082,241082,241085,3,0
241082,241082,241085,3,0
241082,241082,241085,3,0
241082,241082,241085,3,0
241082,241082,241085,3,0
241082,241082,241086,4,0
241082,241082,241085,3,0
241082,241082,241085,3,0
241082,241082,241085,3,0
241082,241085,241086,1,3
241082,241085,241086,1,3
241082,241085,241086,1,3
241082,241085,241086,1,3
241082,241085,241086,1,3
241082,241085,241086,1,3
241082,241082,241086,4,0
241082,241085,241086,1,3
241082,241085,241086,1,3
241082,241085,241086,1,3
241082,241085,241086,1,3
241082,241085,241086,1,3
241082,241085,241087,2,3
241082,241085,241086,1,3
241082,241085,241087,2,3
241082,241085,241087,2,3
241075,241082,241086,4,7
241082,241085,241086,1,3
241082,241085,241086,1,3
241082,241085,241086,1,3
241082,241085,241086,1,3
241082,241085,241087,2,3
241082,241085,241086,1,3
241082,241085,241086,1,3
241082,241085,241086,1,3
241082,241085,241086,1,3
241082,241085,241087,2,3
241082,241085,241087,2,3
241082,241085,241087,2,3
241082,241085,241087,2,3
241082,241085,241086,1,3
241082,241085,241087,2,3
241082,241085,241087,2,3
241082,241085,241087,2,3
241082,241085,241087,2,3
241082,241084,241088,4,2
241075,241095,241097,2,20
241075,241095,241096,1,20
241075,241095,241096,1,20
240925,240926,241097,171,1
241075,241095,241098,3,20
241075,241095,241098,3,20
241075,241095,241099,4,20
241106,241106,241107,1,0
241106,241106,241107,1,0
241106,241106,241108,2,0
241106,241106,241107,1,0
241106,241106,241108,2,0
241106,241106,241108,2,0
241106,241106,241107,1,0
241106,241106,241107,1,0
241106,241106,241107,1,0
241106,241106,241108,2,0
241106,241106,241107,1,0
241106,241106,241107,1,0
241106,241106,241108,2,0
241106,241106,241108,2,0
241106,241106,241108,2,0
241106,241106,241107,1,0
241106,241106,241107,1,0
241106,241106,241107,1,0
241106,241106,241108,2,0
241106,241106,241108,2,0
241106,241106,241108,2,0
241106,241106,241108,2,0
241106,241106,241108,2,0
241106,241106,241108,2,0
241106,241106,241108,2,0
241106,241106,241108,2,0
241106,241106,241108,2,0
241106,241106,241107,1,0
241106,241106,241107,1,0
241106,241106,241108,2,0
241106,241106,241108,2,0
241106,241107,241108,1,1
241106,241106,241107,1,0
241106,241106,241107,1,0
241106,241106,241108,2,0
241106,241106,241108,2,0
241106,241106,241108,2,0
241106,241106,241108,2,0
241106,241107,241108,1,1
241106,241106,241107,1,0
241106,241106,241108,2,0
241106,241106,241108,2,0
241106,241106,241108,2,0
241106,241106,241108,2,0
241106,241107,241108,1,1
241106,241107,241108,1,1
241106,241107,241108,1,1
241106,241107,241108,1,1
241106,241107,241108,1,1
241106,241107,241108,1,1
241106,241107,241108,1,1
241106,241106,241108,2,0
241106,241106,241108,2,0
241106,241106,241108,2,0
241106,241106,241108,2,0
241106,241107,241109,2,1
241106,241107,241108,1,1
241106,241107,241109,2,1
241106,241106,241108,2,0
241106,241106,241109,3,0
241106,241106,241109,3,0
241106,241106,241108,2,0
241106,241106,241108,2,0
241106,241108,241109,1,2
241106,241107,241110,3,1
241106,241107,241110,3,1
241106,241107,241110,3,1
241106,241109,241110,1,3
241106,241109,241110,1,3
241106,241109,241110,1,3
241106,241109,241110,1,3
241106,241109,241110,1,3
241106,241108,241110,2,2
241106,241109,241110,1,3
241106,241108,241110,2,2
241106,241109,241110,1,3
241106,241108,241110,2,2
241106,241109,241110,1,3
241106,241109,241110,1,3
241106,241109,241111,2,3
241106,241109,241110,1,3
241106,241109,241110,1,3
241106,241109,241110,1,3
241106,241108,241110,2,2
241106,241109,241110,1,3
241106,241109,241110,1,3
241106,241109,241110,1,3
241106,241109,241111,2,3
241106,241109,241111,2,3
241106,241109,241111,2,3
234432,234432,241115,6683,0
240966,240966,241122,156,0
240960,240960,241127,167,0
241127,241127,241128,1,0
241127,241127,241128,1,0
241127,241127,241128,1,0
241127,241127,241128,1,0
241127,241127,241128,1,0
241127,241127,241128,1,0
241127,241127,241128,1,0
241127,241127,241128,1,0
241127,241127,241129,2,0
241127,241127,241129,2,0
241127,241127,241129,2,0
241127,241127,241129,2,0
241127,241127,241128,1,0
241127,241127,241129,2,0
241127,241127,241129,2,0
241127,241127,241128,1,0
241127,241127,241129,2,0
241127,241127,241129,2,0
241127,241127,241129,2,0
241127,241127,241129,2,0
241127,241127,241128,1,0
241127,241127,241128,1,0
241127,241127,241128,1,0
241127,241127,241128,1,0
241127,241127,241129,2,0
241127,241127,241129,2,0
241127,241127,241129,2,0
241127,241127,241128,1,0
241127,241127,241128,1,0
241127,241127,241129,2,0
241127,241127,241129,2,0
241127,241127,241128,1,0
241127,241127,241128,1,0
241127,241127,241128,1,0
241127,241127,241129,2,0
241127,241127,241129,2,0
241127,241127,241129,2,0
241127,241128,241129,1,1
241127,241127,241129,2,0
241127,241127,241129,2,0
241127,241127,241129,2,0
241127,241127,241129,2,0
241127,241127,241129,2,0
241127,241127,241129,2,0
241127,241127,241129,2,0
241127,241127,241129,2,0
241127,241127,241129,2,0
241127,241127,241129,2,0
241127,241127,241129,2,0
241127,241127,241129,2,0
241127,241127,241129,2,0
241127,241129,241130,1,2
241127,241127,241129,2,0
241127,241127,241129,2,0
241127,241127,241129,2,0
241127,241127,241129,2,0
241127,241127,241129,2,0
241127,241127,241129,2,0
241127,241127,241129,2,0
241127,241127,241129,2,0
241127,241129,241130,1,2
241127,241129,241130,1,2
241127,241129,241130,1,2
241127,241129,241131,2,2
241127,241129,241131,2,2
241127,241129,241131,2,2
241127,241129,241131,2,2
241127,241129,241131,2,2
241127,241129,241131,2,2
240955,240957,241131,174,2
241127,241129,241131,2,2
241127,241129,241131,2,2
241127,241129,241131,2,2
241127,241129,241131,2,2
241127,241130,241132,2,3
241127,241130,241132,2,3
241127,241130,241132,2,3
241127,241129,241131,2,2
241127,241129,241131,2,2
241127,241129,241131,2,2
241131,241132,241133,1,1
241131,241132,241133,1,1
241131,241131,241132,1,0
241131,241131,241132,1,0
241131,241131,241133,2,0
241131,241131,241133,2,0
241131,241131,241133,2,0
241131,241131,241133,2,0
241131,241131,241132,1,0
241131,241131,241132,1,0
241131,241131,241132,1,0
241131,241131,241133,2,0
241131,241131,241132,1,0
241131,241131,241133,2,0
241131,241131,241132,1,0
241131,241131,241132,1,0
241131,241131,241133,2,0
241131,241131,241133,2,0
241131,241131,241133,2,0
241131,241131,241133,2,0
241131,241131,241133,2,0
241131,241131,241132,1,0
241131,241131,241133,2,0
241131,241131,241133,2,0
241131,241131,241132,1,0
241131,241131,241132,1,0
241131,241131,241133,2,0
241131,241131,241132,1,0
241131,241131,241133,2,0
241131,241131,241133,2,0
241131,241131,241133,2,0
241131,241131,241132,1,0
241131,241131,241133,2,0
241131,241131,241133,2,0
241131,241131,241133,2,0
241131,241131,241133,2,0
241131,241131,241133,2,0
241131,241131,241133,2,0
241131,241131,241134,3,0
241131,241131,241133,2,0
241131,241131,241133,2,0
241131,241131,241134,3,0
241131,241131,241133,2,0
241131,241131,241134,3,0
241131,241131,241134,3,0
241127,241143,241144,1,16
241127,241143,241144,1,16
241127,241143,241144,1,16
241127,241143,241144,1,16
241127,241143,241144,1,16
241127,241143,241145,2,16
241127,241143,241145,2,16
241149,241149,241150,1,0
241149,241149,241150,1,0
241149,241149,241150,1,0
241149,241149,241150,1,0
241149,241149,241150,1,0
241149,241149,241150,1,0
241149,241149,241151,2,0
241149,241149,241150,1,0
241149,241149,241151,2,0
241149,241149,241150,1,0
241149,241149,241150,1,0
241149,241149,241150,1,0
241149,241149,241150,1,0
241149,241149,241150,1,0
241149,241149,241150,1,0
241149,241149,241150,1,0
241149,241149,241151,2,0
241149,241149,241150,1,0
241149,241149,241150,1,0
241149,241149,241150,1,0
241149,241149,241150,1,0
241149,241149,241150,1,0
241149,241149,241150,1,0
241149,241149,241150,1,0
241149,241149,241150,1,0
241149,241149,241150,1,0
241149,241149,241150,1,0
241149,241149,241151,2,0
241149,241149,241151,2,0
241149,241149,241150,1,0
241149,241149,241150,1,0
241149,241149,241150,1,0
241149,241149,241150,1,0
241149,241149,241151,2,0
241149,241149,241151,2,0
241149,241149,241150,1,0
241149,241149,241150,1,0
241149,241149,241151,2,0
241149,241149,241151,2,0
241149,241149,241151,2,0
241149,241149,241151,2,0
241149,241149,241151,2,0
241149,241149,241151,2,0
240994,240996,241152,156,2
241149,241149,241151,2,0
241159,241159,241160,1,0
241159,241159,241160,1,0
241159,241159,241160,1,0
240971,240972,241160,188,1
241159,241159,241160,1,0
241159,241159,241161,2,0
241159,241159,241160,1,0
241159,241159,241160,1,0
241159,241159,241160,1,0
241159,241159,241160,1,0
241159,241159,241160,1,0
241159,241159,241160,1,0
241159,241159,241160,1,0
241159,241159,241161,2,0
241159,241159,241160,1,0
241159,241159,241160,1,0
241159,241159,241160,1,0
241159,241159,241160,1,0
241159,241159,241161,2,0
241159,241159,241160,1,0
241159,241159,241160,1,0
241159,241159,241161,2,0
241159,241159,241161,2,0
241159,241159,241160,1,0
241159,241159,241160,1,0
241159,241159,241160,1,0
241159,241159,241162,3,0
241159,241159,241161,2,0
241159,241159,241161,2,0
241159,241159,241161,2,0
241159,241159,241161,2,0
241159,241159,241162,3,0
241159,241159,241161,2,0
241159,241159,241161,2,0
241159,241159,241161,2,0
241159,241159,241162,3,0
241159,241159,241161,2,0
241159,241159,241161,2,0
241159,241159,241162,3,0
241159,241159,241161,2,0
241159,241159,241161,2,0
241159,241159,241162,3,0
241159,241159,241162,3,0
241165,241165,241166,1,0
241165,241165,241166,1,0
241165,241165,241166,1,0
240999,240999,241167,168,0
241165,241165,241166,1,0
241165,241165,241166,1,0
241165,241165,241167,2,0
241165,241165,241166,1,0
241165,241165,241166,1,0
241165,241165,241166,1,0
241165,241165,241167,2,0
241165,241165,241166,1,0
241165,241165,241166,1,0
241165,241165,241167,2,0
241165,241165,241166,1,0
241165,241165,241166,1,0
241165,241165,241166,1,0
241165,241165,241166,1,0
241165,241165,241166,1,0
241165,241165,241166,1,0
241165,241165,241167,2,0
241165,241165,241168,3,0
241165,241165,241167,2,0
241165,241165,241168,3,0
241165,241165,241167,2,0
241165,241165,241168,3,0
241165,241165,241168,3,0
241165,241165,241167,2,0
241165,241165,241167,2,0
241165,241165,241168,3,0
241165,241165,241167,2,0
241165,241165,241167,2,0
241165,241165,241168,3,0
241165,241165,241167,2,0
241165,241165,241167,2,0
241165,241165,241168,3,0
241165,241165,241168,3,0
241165,241165,241168,3,0
241165,241165,241168,3,0
241168,241169,241170,1,1
241168,241169,241170,1,1
241168,241169,241170,1,1
241168,241169,241170,1,1
241168,241169,241170,1,1
241168,241169,241170,1,1
241168,241169,241170,1,1
241168,241169,241171,2,1
241168,241169,241170,1,1
241168,241169,241170,1,1
241168,241169,241170,1,1
241168,241169,241170,1,1
241168,241169,241170,1,1
241168,241169,241170,1,1
241168,241169,241171,2,1
241168,241169,241170,1,1
241168,241169,241170,1,1
241168,241169,241171,2,1
241168,241169,241170,1,1
241168,241169,241170,1,1
241168,241169,241170,1,1
241168,241169,241170,1,1
241168,241169,241170,1,1
241168,241169,241170,1,1
241168,241169,241170,1,1
241168,241169,241171,2,1
241168,241169,241172,3,1
241168,241169,241171,2,1
241168,241169,241171,2,1
241168,241169,241171,2,1
241168,241169,241171,2,1
241168,241169,241171,2,1
241168,241169,241171,2,1
241168,241169,241171,2,1
241168,241169,241171,2,1
241168,241169,241171,2,1
241168,241169,241171,2,1
241168,241169,241171,2,1
241168,241169,241171,2,1
241168,241169,241172,3,1
241168,241169,241171,2,1
241168,241169,241171,2,1
241149,241149,241151,2,0
241159,241175,241177,2,16
241159,241175,241177,2,16
241159,241175,241177,2,16
241165,241175,241177,2,10
241165,241175,241178,3,10
241016,241016,241182,166,0
241183,241183,241185,2,0
241183,241183,241185,2,0
241183,241183,241185,2,0
241183,241184,241185,1,1
241183,241183,241185,2,0
241183,241183,241185,2,0
241183,241183,241184,1,0
241183,241183,241184,1,0
241183,241183,241184,1,0
241183,241183,241185,2,0
241183,241183,241185,2,0
241183,241183,241184,1,0
241183,241183,241184,1,0
241183,241183,241184,1,0
241183,241183,241185,2,0
241183,241183,241185,2,0
241183,241183,241184,1,0
241183,241183,241184,1,0
241183,241183,241184,1,0
241183,241183,241185,2,0
241183,241183,241184,1,0
241183,241183,241184,1,0
241183,241183,241184,1,0
241183,241183,241185,2,0
241183,241183,241185,2,0
241183,241183,241185,2,0
241183,241183,241186,3,0
241183,241183,241185,2,0
241183,241183,241186,3,0
241183,241183,241185,2,0
241183,241183,241186,3,0
241183,241183,241185,2,0
241183,241183,241185,2,0
241183,241183,241186,3,0
241183,241183,241186,3,0
241183,241183,241185,2,0
241183,241184,241185,1,1
241183,241184,241185,1,1
241183,241184,241185,1,1
241183,241183,241186,3,0
241183,241183,241187,4,0
241183,241184,241187,3,1
234426,234426,241187,6761,0
241168,241169,241172,3,1
241183,241191,241192,1,8
241183,241191,241193,2,8
241183,241191,241194,3,8
241165,241194,241195,1,29
241165,241194,241195,1,29
241165,241194,241196,2,29
241165,241194,241195,1,29
241168,241194,241195,1,26
241028,241029,241195,166,1
241165,241194,241196,2,29
241168,241194,241197,3,26
241048,241050,241203,153,2
241204,241204,241205,1,0
241204,241204,241205,1,0
241204,241204,241205,1,0
241204,241204,241206,2,0
241204,241204,241205,1,0
241204,241204,241206,2,0
241204,241204,241205,1,0
241204,241204,241205,1,0
241204,241204,241206,2,0
241204,241204,241206,2,0
241204,241204,241206,2,0
241204,241204,241205,1,0
241204,241204,241206,2,0
241204,241204,241205,1,0
241204,241204,241205,1,0
241204,241204,241205,1,0
241204,241204,241206,2,0
241204,241204,241206,2,0
241204,241204,241205,1,0
241204,241204,241205,1,0
241204,241204,241205,1,0
241204,241204,241206,2,0
241204,241204,241206,2,0
241204,241204,241205,1,0
241204,241204,241205,1,0
241204,241204,241206,2,0
241204,241204,241206,2,0
241204,241204,241207,3,0
241204,241204,241207,3,0
241204,241204,241206,2,0
241204,241204,241206,2,0
241204,241204,241206,2,0
241204,241204,241207,3,0
241204,241204,241206,2,0
241204,241204,241207,3,0
241204,241204,241206,2,0
241204,241204,241206,2,0
241204,241204,241206,2,0
241204,241204,241206,2,0
241204,241204,241207,3,0
241204,241204,241207,3,0
241204,241204,241207,3,0
241204,241204,241211,7,0
241209,241209,241211,2,0
241209,241209,241211,2,0
241209,241209,241211,2,0
241209,241209,241211,2,0
241209,241209,241210,1,0
241209,241209,241211,2,0
241209,241209,241210,1,0
241209,241209,241211,2,0
241209,241209,241211,2,0
241209,241209,241211,2,0
241209,241209,241211,2,0
241209,241209,241211,2,0
241209,241209,241210,1,0
241209,241209,241210,1,0
241209,241209,241210,1,0
241209,241209,241211,2,0
241209,241209,241211,2,0
241209,241209,241211,2,0
241209,241209,241211,2,0
241209,241209,241211,2,0
241209,241209,241211,2,0
241209,241209,241211,2,0
241209,241209,241211,2,0
241209,241209,241211,2,0
241209,241209,241212,3,0
241209,241209,241211,2,0
241209,241209,241212,3,0
241209,241209,241212,3,0
241209,241209,241212,3,0
241209,241209,241212,3,0
241209,241209,241212,3,0
241209,241209,241212,3,0
241209,241209,241211,2,0
241209,241209,241212,3,0
241209,241209,241211,2,0
241209,241209,241212,3,0
241209,241209,241212,3,0
241209,241209,241212,3,0
241209,241209,241212,3,0
241209,241209,241212,3,0
241209,241209,241213,4,0
241209,241209,241212,3,0
241209,241209,241213,4,0
241209,241209,241212,3,0
241209,241209,241212,3,0
241052,241052,241214,162,0
241050,241050,241218,168,0
241046,241047,241221,174,1
241227,241227,241228,1,0
241227,241227,241228,1,0
241227,241227,241229,2,0
241227,241227,241228,1,0
241227,241227,241228,1,0
241227,241227,241229,2,0
241227,241227,241228,1,0
241227,241227,241228,1,0
241227,241227,241229,2,0
241227,241227,241229,2,0
241227,241227,241228,1,0
241227,241227,241228,1,0
241227,241227,241228,1,0
241227,241227,241229,2,0
241227,241227,241228,1,0
241227,241227,241229,2,0
241227,241227,241228,1,0
241227,241227,241229,2,0
241227,241227,241228,1,0
241227,241227,241228,1,0
241227,241227,241228,1,0
241227,241227,241228,1,0
241227,241227,241228,1,0
241227,241227,241228,1,0
241227,241227,241229,2,0
241227,241227,241229,2,0
241227,241227,241228,1,0
241227,241227,241228,1,0
241227,241227,241228,1,0
241227,241227,241229,2,0
241227,241227,241228,1,0
241227,241227,241228,1,0
241227,241227,241228,1,0
241227,241227,241228,1,0
241227,241227,241228,1,0
241227,241227,241228,1,0
241227,241227,241228,1,0
241227,241227,241228,1,0
241227,241227,241229,2,0
241227,241227,241229,2,0
241227,241227,241229,2,0
241227,241229,241230,1,2
241227,241229,241230,1,2
241227,241227,241229,2,0
241227,241227,241229,2,0
241227,241227,241229,2,0
241227,241227,241230,3,0
241227,241227,241229,2,0
241227,241227,241230,3,0
241227,241227,241229,2,0
241227,241227,241230,3,0
241227,241227,241230,3,0
241227,241227,241229,2,0
241227,241227,241230,3,0
241227,241227,241230,3,0
241204,241204,241231,27,0
241227,241227,241230,3,0
241227,241229,241230,1,2
241227,241229,241230,1,2
241227,241229,241230,1,2
241229,241230,241231,1,1
241229,241230,241231,1,1
241227,241229,241231,2,2
241229,241229,241231,2,0
241229,241230,241231,1,1
241227,241229,241231,2,2
241227,241229,241231,2,2
241227,241229,241231,2,2
241227,241229,241231,2,2
241229,241229,241231,2,0
241229,241229,241231,2,0
241227,241229,241231,2,2
241227,241229,241231,2,2
241227,241229,241231,2,2
241229,241229,241230,1,0
241229,241229,241230,1,0
241227,241229,241231,2,2
241227,241229,241231,2,2
241227,241229,241231,2,2
241229,241229,241231,2,0
241229,241229,241231,2,0
241229,241229,241230,1,0
241227,241229,241231,2,2
241227,241229,241231,2,2
241229,241229,241230,1,0
241229,241230,241231,1,1
241229,241230,241231,1,1
241229,241230,241231,1,1
241229,241230,241231,1,1
241229,241230,241231,1,1
241227,241229,241232,3,2
241227,241229,241232,3,2
241227,241229,241231,2,2
241227,241229,241232,3,2
241227,241229,241231,2,2
241229,241230,241231,1,1
241229,241230,241232,2,1
241227,241229,241231,2,2
241227,241229,241231,2,2
241227,241229,241232,3,2
241229,241230,241232,2,1
241229,241230,241232,2,1
241227,241229,241231,2,2
241229,241230,241232,2,1
241229,241230,241232,2,1
241229,241230,241232,2,1
241227,241229,241231,2,2
241229,241230,241232,2,1
241204,241204,241232,28,0
241229,241231,241233,2,2
241229,241231,241233,2,2
241229,241231,241233,2,2
241229,241231,241233,2,2
241229,241231,241233,2,2
241229,241231,241233,2,2
241229,241231,241233,2,2
241229,241231,241233,2,2
241229,241231,241233,2,2
241229,241231,241233,2,2
241229,241231,241233,2,2
241229,241231,241234,3,2
241229,241231,241234,3,2
241229,241231,241234,3,2
241229,241231,241233,2,2
241229,241231,241234,3,2
241229,241231,241234,3,2
241229,241231,241233,2,2
241229,241231,241234,3,2
241229,241231,241234,3,2
241227,241233,241234,1,6
241227,241233,241234,1,6
241227,241233,241234,1,6
241227,241233,241235,2,6
241227,241233,241234,1,6
241076,241077,241239,162,1
241227,241233,241236,3,6
241227,241233,241235,2,6
241227,241229,241246,17,2
234425,234425,241247,6822,0
241063,241063,241253,190,0
241254,241254,241256,2,0
241254,241254,241256,2,0
241254,241254,241256,2,0
241254,241254,241256,2,0
241254,241254,241256,2,0
241254,241254,241256,2,0
241254,241254,241256,2,0
241254,241254,241256,2,0
241254,241254,241256,2,0
241254,241255,241256,1,1
241254,241255,241257,2,1
241254,241254,241256,2,0
241254,241254,241256,2,0
241254,241254,241256,2,0
241254,241255,241256,1,1
241254,241254,241256,2,0
241254,241254,241256,2,0
241254,241254,241256,2,0
241254,241255,241256,1,1
241254,241255,241256,1,1
241254,241255,241256,1,1
241254,241255,241256,1,1
241254,241255,241257,2,1
241254,241255,241257,2,1
241254,241255,241257,2,1
241254,241255,241257,2,1
241254,241255,241257,2,1
241254,241254,241257,3,0
241254,241255,241257,2,1
241254,241255,241257,2,1
241254,241255,241257,2,1
241254,241255,241257,2,1
241254,241255,241257,2,1
241254,241255,241257,2,1
241254,241255,241257,2,1
241254,241255,241257,2,1
241254,241255,241257,2,1
241254,241255,241261,6,1
241083,241085,241265,180,2
241254,241255,241266,11,1
241264,241265,241266,1,1
241264,241264,241265,1,0
241264,241264,241266,2,0
241264,241264,241266,2,0
241264,241264,241265,1,0
241264,241264,241265,1,0
241264,241264,241266,2,0
241264,241264,241265,1,0
241264,241264,241265,1,0
241264,241264,241266,2,0
241264,241264,241266,2,0
241264,241264,241265,1,0
241264,241264,241266,2,0
241264,241264,241266,2,0
241264,241264,241266,2,0
241264,241264,241265,1,0
241264,241264,241265,1,0
241264,241264,241266,2,0
241264,241264,241266,2,0
241264,241264,241266,2,0
241264,241264,241266,2,0
241264,241264,241266,2,0
241264,241264,241265,1,0
241264,241264,241266,2,0
241264,241264,241265,1,0
241264,241264,241265,1,0
241264,241264,241266,2,0
241264,241264,241265,1,0
241264,241264,241266,2,0
241264,241264,241265,1,0
241264,241264,241266,2,0
241264,241264,241265,1,0
241254,241255,241266,11,1
241264,241264,241266,2,0
241264,241264,241266,2,0
241264,241264,241266,2,0
241264,241264,241267,3,0
241264,241264,241267,3,0
241264,241264,241266,2,0
241264,241264,241266,2,0
241264,241264,241266,2,0
241264,241264,241266,2,0
241264,241264,241266,2,0
241264,241264,241266,2,0
241264,241264,241266,2,0
241268,241268,241270,2,0
241268,241268,241270,2,0
241268,241268,241270,2,0
241268,241268,241270,2,0
241268,241268,241270,2,0
241268,241268,241270,2,0
241268,241268,241270,2,0
241268,241268,241270,2,0
241268,241268,241270,2,0
241268,241268,241270,2,0
241268,241268,241270,2,0
241268,241268,241270,2,0
241268,241268,241270,2,0
241268,241268,241270,2,0
241268,241268,241270,2,0
241268,241268,241270,2,0
241268,241268,241270,2,0
241268,241269,241270,1,1
241268,241268,241270,2,0
241268,241268,241270,2,0
241268,241268,241270,2,0
241268,241268,241270,2,0
241268,241268,241270,2,0
241268,241268,241270,2,0
241268,241268,241270,2,0
241268,241268,241270,2,0
241268,241268,241271,3,0
241268,241268,241270,2,0
241268,241268,241270,2,0
241268,241268,241270,2,0
241268,241268,241270,2,0
241268,241268,241270,2,0
241268,241269,241270,1,1
241268,241269,241270,1,1
241268,241268,241271,3,0
241264,241270,241271,1,6
241268,241268,241271,3,0
241268,241269,241271,2,1
241268,241269,241271,2,1
241268,241269,241271,2,1
241268,241269,241271,2,1
241268,241269,241271,2,1
241268,241269,241271,2,1
241268,241269,241271,2,1
241268,241269,241271,2,1
241254,241270,241272,2,16
241254,241270,241271,1,16
241254,241270,241272,2,16
241254,241270,241272,2,16
241254,241270,241273,3,16
234432,234432,241276,6844,0
241107,241109,241281,172,2
241268,241269,241271,2,1
241289,241289,241291,2,0
241289,241289,241291,2,0
241289,241289,241291,2,0
241289,241289,241290,1,0
241289,241289,241291,2,0
241289,241289,241291,2,0
241289,241289,241291,2,0
241289,241289,241290,1,0
241289,241289,241291,2,0
241289,241289,241291,2,0
241289,241289,241291,2,0
241289,241289,241291,2,0
241289,241289,241291,2,0
241289,241289,241291,2,0
241289,241289,241291,2,0
241289,241290,241291,1,1
241289,241290,241291,1,1
241289,241289,241290,1,0
241289,241289,241290,1,0
241289,241289,241291,2,0
241289,241289,241291,2,0
241289,241289,241291,2,0
241289,241289,241291,2,0
241289,241289,241291,2,0
241289,241289,241291,2,0
241289,241289,241291,2,0
241289,241289,241290,1,0
241289,241289,241290,1,0
241289,241289,241291,2,0
241289,241289,241291,2,0
241289,241289,241291,2,0
241289,241289,241291,2,0
241289,241289,241290,1,0
241289,241289,241291,2,0
241289,241289,241291,2,0
241289,241289,241292,3,0
241289,241289,241292,3,0
241289,241289,241291,2,0
241289,241290,241291,1,1
241289,241290,241292,2,1
241289,241290,241292,2,1
241289,241289,241291,2,0
241289,241289,241291,2,0
241289,241289,241292,3,0
241289,241289,241291,2,0
241128,241129,241301,172,1
241309,241309,241311,2,0
241309,241309,241311,2,0
241309,241309,241311,2,0
241309,241309,241311,2,0
241309,241309,241311,2,0
241309,241309,241311,2,0
241309,241310,241311,1,1
241309,241310,241311,1,1
241309,241310,241311,1,1
241309,241310,241311,1,1
241309,241310,241311,1,1
241309,241310,241311,1,1
241309,241309,241311,2,0
241309,241309,241311,2,0
241309,241309,241311,2,0
241309,241309,241311,2,0
241309,241309,241311,2,0
241309,241309,241311,2,0
241309,241309,241311,2,0
241309,241309,241311,2,0
241309,241309,241311,2,0
241309,241309,241311,2,0
241309,241309,241311,2,0
241309,241309,241311,2,0
241309,241309,241311,2,0
241309,241309,241311,2,0
241309,241309,241311,2,0
241309,241309,241311,2,0
241309,241309,241311,2,0
241309,241309,241311,2,0
241309,241309,241311,2,0
241309,241309,241311,2,0
241309,241309,241311,2,0
241309,241309,241311,2,0
241309,241309,241312,3,0
241309,241309,241312,3,0
241309,241310,241312,2,1
241309,241310,241312,2,1
241309,241310,241312,2,1
241309,241309,241312,3,0
241309,241309,241312,3,0
241309,241309,241312,3,0
241309,241309,241312,3,0
241309,241309,241312,3,0
241309,241309,241312,3,0
241133,241133,241318,185,0
241150,241150,241319,169,0
241321,241321,241323,2,0
241321,241321,241322,1,0
241321,241321,241322,1,0
241321,241321,241322,1,0
241321,241321,241322,1,0
241321,241321,241322,1,0
241321,241321,241323,2,0
241321,241321,241322,1,0
241321,241321,241322,1,0
241321,241321,241322,1,0
241321,241321,241323,2,0
241321,241321,241323,2,0
241321,241321,241322,1,0
241321,241321,241323,2,0
241321,241321,241323,2,0
241321,241321,241323,2,0
241321,241321,241323,2,0
241321,241321,241323,2,0
241321,241321,241323,2,0
241321,241321,241323,2,0
241321,241321,241322,1,0
241321,241321,241323,2,0
241321,241321,241323,2,0
241321,241321,241323,2,0
241321,241321,241323,2,0
241321,241321,241322,1,0
241321,241321,241322,1,0
241321,241321,241322,1,0
241321,241321,241322,1,0
241321,241321,241323,2,0
241321,241321,241323,2,0
241321,241321,241323,2,0
241321,241321,241324,3,0
241321,241321,241324,3,0
241321,241321,241324,3,0
241321,241321,241323,2,0
241321,241321,241324,3,0
241323,241323,241324,1,0
241321,241321,241323,2,0
241321,241321,241324,3,0
241321,241321,241324,3,0
241321,241321,241323,2,0
241321,241321,241324,3,0
241321,241321,241324,3,0
241321,241321,241323,2,0
241323,241323,241324,1,0
241323,241323,241324,1,0
241321,241321,241324,3,0
241323,241323,241324,1,0
241323,241323,241325,2,0
241323,241323,241324,1,0
241323,241323,241324,1,0
241323,241323,241324,1,0
241323,241323,241324,1,0
241323,241323,241324,1,0
241323,241323,241324,1,0
241323,241323,241324,1,0
241323,241323,241325,2,0
241323,241323,241324,1,0
241323,241323,241325,2,0
241323,241323,241325,2,0
241323,241323,241325,2,0
241323,241323,241324,1,0
241323,241323,241325,2,0
241323,241323,241324,1,0
241323,241323,241325,2,0
241323,241323,241324,1,0
241323,241323,241325,2,0
241323,241323,241325,2,0
241323,241323,241324,1,0
241323,241323,241325,2,0
241323,241323,241324,1,0
241323,241323,241325,2,0
241323,241323,241325,2,0
241323,241323,241325,2,0
241323,241323,241325,2,0
241323,241323,241324,1,0
241323,241323,241325,2,0
241323,241323,241325,2,0
241323,241324,241325,1,1
241323,241324,241325,1,1
241323,241324,241325,1,1
241323,241324,241325,1,1
241323,241324,241325,1,1
241323,241324,241325,1,1
241323,241323,241325,2,0
241323,241323,241325,2,0
241323,241323,241326,3,0
241323,241324,241326,2,1
241323,241324,241326,2,1
241160,241160,241335,175,0
234428,234428,241335,6907,0
241337,241337,241339,2,0
241337,241337,241339,2,0
241337,241337,241339,2,0
241337,241337,241339,2,0
241337,241337,241339,2,0
241337,241337,241339,2,0
241337,241337,241339,2,0
241337,241337,241339,2,0
241337,241337,241339,2,0
241337,241337,241339,2,0
241337,241337,241339,2,0
241337,241337,241339,2,0
241337,241337,241339,2,0
241337,241337,241339,2,0
241337,241337,241339,2,0
241337,241337,241339,2,0
241337,241337,241339,2,0
241337,241337,241339,2,0
241337,241337,241339,2,0
241337,241337,241339,2,0
241337,241337,241339,2,0
241337,241337,241339,2,0
241337,241337,241339,2,0
241337,241337,241339,2,0
241337,241337,241339,2,0
241337,241337,241339,2,0
241337,241337,241339,2,0
241337,241337,241339,2,0
241337,241337,241339,2,0
241337,241337,241339,2,0
241337,241337,241339,2,0
241337,241337,241339,2,0
241337,241337,241339,2,0
241337,241337,241339,2,0
241337,241337,241339,2,0
241337,241337,241339,2,0
241337,241337,241340,3,0
241337,241337,241340,3,0
241337,241337,241340,3,0
241337,241337,241340,3,0
241337,241337,241340,3,0
241174,241174,241344,170,0
241167,241168,241345,177,1
241166,241166,241347,181,0
241172,241172,241349,177,0
241348,241348,241349,1,0
241348,241348,241349,1,0
241348,241348,241349,1,0
241348,241348,241349,1,0
241348,241348,241349,1,0
241348,241348,241350,2,0
241348,241348,241349,1,0
241348,241348,241350,2,0
241348,241348,241349,1,0
241348,241348,241350,2,0
241348,241348,241350,2,0
241348,241348,241350,2,0
241348,241348,241350,2,0
241348,241348,241350,2,0
241348,241348,241350,2,0
241348,241348,241350,2,0
241348,241348,241350,2,0
241348,241348,241350,2,0
241348,241348,241350,2,0
241348,241348,241349,1,0
241348,241348,241349,1,0
241348,241348,241350,2,0
241348,241348,241350,2,0
241348,241348,241350,2,0
241348,241348,241350,2,0
241348,241348,241350,2,0
241348,241348,241350,2,0
241348,241348,241350,2,0
241348,241348,241350,2,0
241348,241348,241350,2,0
241348,241348,241350,2,0
241348,241348,241350,2,0
241348,241348,241349,1,0
241348,241348,241349,1,0
241348,241348,241350,2,0
241348,241348,241350,2,0
241348,241348,241350,2,0
241348,241349,241350,1,1
241348,241348,241350,2,0
241348,241348,241350,2,0
241348,241348,241350,2,0
241348,241348,241350,2,0
241348,241348,241350,2,0
241348,241348,241350,2,0
241348,241348,241350,2,0
241348,241349,241350,1,1
241348,241349,241350,1,1
241348,241350,241351,1,2
241348,241348,241350,2,0
241348,241348,241350,2,0
241348,241348,241350,2,0
241348,241349,241350,1,1
241348,241348,241351,3,0
241348,241348,241351,3,0
241348,241350,241351,1,2
241348,241350,241351,1,2
241348,241348,241351,3,0
241348,241348,241350,2,0
241348,241348,241351,3,0
241348,241348,241350,2,0
241348,241350,241351,1,2
241348,241350,241351,1,2
241348,241350,241351,1,2
241348,241350,241351,1,2
241348,241350,241352,2,2
241348,241350,241352,2,2
241348,241350,241351,1,2
241348,241350,241352,2,2
241350,241351,241352,1,1
241348,241350,241352,2,2
241348,241350,241352,2,2
241348,241350,241352,2,2
241348,241350,241352,2,2
241348,241350,241352,2,2
241348,241350,241352,2,2
241348,241350,241352,2,2
241348,241350,241352,2,2
241350,241350,241352,2,0
241350,241350,241351,1,0
241350,241350,241352,2,0
241348,241350,241352,2,2
241348,241350,241352,2,2
241348,241350,241352,2,2
241348,241350,241352,2,2
241348,241350,241352,2,2
241350,241350,241352,2,0
241350,241350,241352,2,0
241348,241350,241352,2,2
241348,241350,241352,2,2
241348,241350,241352,2,2
241350,241350,241352,2,0
241350,241350,241352,2,0
241337,241351,241352,1,14
241337,241351,241352,1,14
241337,241351,241352,1,14
241337,241351,241352,1,14
241348,241351,241352,1,3
241348,241351,241352,1,3
241350,241351,241352,1,1
241350,241351,241352,1,1
241350,241351,241352,1,1
241350,241351,241352,1,1
241350,241351,241352,1,1
241350,241351,241352,1,1
241350,241351,241352,1,1
241350,241351,241352,1,1
241350,241351,241352,1,1
241350,241351,241352,1,1
241350,241351,241352,1,1
241350,241351,241352,1,1
241350,241351,241352,1,1
241350,241351,241352,1,1
241350,241351,241352,1,1
241350,241351,241352,1,1
241350,241351,241352,1,1
241350,241351,241352,1,1
241350,241351,241352,1,1
241350,241351,241353,2,1
241350,241351,241352,1,1
241350,241351,241353,2,1
241350,241351,241353,2,1
241350,241352,241353,1,2
241348,241351,241353,2,3
241350,241352,241353,1,2
241350,241352,241354,2,2
241350,241352,241354,2,2
241350,241352,241354,2,2
241350,241352,241354,2,2
241350,241352,241354,2,2
241350,241352,241354,2,2
241350,241352,241354,2,2
241350,241352,241354,2,2
241350,241352,241354,2,2
241350,241353,241354,1,3
241350,241353,241354,1,3
241350,241353,241354,1,3
241350,241353,241354,1,3
241350,241353,241354,1,3
241350,241353,241354,1,3
241350,241353,241354,1,3
241350,241352,241354,2,2
241350,241352,241354,2,2
241350,241352,241354,2,2
241350,241353,241354,1,3
241350,241353,241354,1,3
241350,241353,241354,1,3
241350,241353,241354,1,3
241350,241353,241354,1,3
241350,241353,241354,1,3
241350,241353,241354,1,3
241350,241353,241354,1,3
241350,241353,241354,1,3
241350,241353,241354,1,3
241350,241353,241354,1,3
241350,241353,241354,1,3
241350,241353,241354,1,3
241350,241353,241354,1,3
241350,241353,241354,1,3
241350,241353,241354,1,3
241350,241353,241354,1,3
241350,241353,241354,1,3
241350,241353,241354,1,3
241350,241353,241354,1,3
241350,241353,241355,2,3
241350,241353,241355,2,3
241350,241353,241355,2,3
241350,241353,241355,2,3
241350,241354,241355,1,4
241350,241354,241355,1,4
241350,241354,241355,1,4
241350,241353,241355,2,3
241350,241353,241355,2,3
241350,241353,241355,2,3
241350,241353,241355,2,3
241350,241353,241355,2,3
241350,241353,241355,2,3
241350,241353,241355,2,3
241350,241353,241355,2,3
241350,241353,241355,2,3
241350,241353,241355,2,3
241350,241353,241355,2,3
234429,234429,241362,6933,0
241169,241170,241363,193,1
234429,234430,241369,6939,1
241205,241205,241372,167,0
241210,241210,241376,166,0
234426,234426,241376,6950,0
241378,241378,241379,1,0
241378,241378,241379,1,0
241378,241378,241379,1,0
241378,241378,241380,2,0
241378,241378,241380,2,0
241184,241184,241380,196,0
241378,241378,241379,1,0
241378,241378,241379,1,0
241378,241378,241379,1,0
241378,241378,241380,2,0
241378,241378,241380,2,0
241378,241378,241380,2,0
241378,241378,241380,2,0
241378,241378,241379,1,0
241378,241378,241380,2,0
241378,241378,241380,2,0
241378,241378,241380,2,0
241378,241378,241379,1,0
241378,241378,241380,2,0
241378,241378,241380,2,0
241378,241378,241380,2,0
241378,241378,241380,2,0
241378,241378,241379,1,0
241378,241378,241379,1,0
241378,241378,241379,1,0
241378,241378,241380,2,0
241378,241378,241380,2,0
241378,241378,241380,2,0
241378,241378,241379,1,0
241378,241378,241379,1,0
241378,241378,241380,2,0
241378,241378,241380,2,0
241378,241378,241380,2,0
241378,241378,241379,1,0
241378,241378,241380,2,0
241378,241378,241379,1,0
241378,241378,241379,1,0
241378,241378,241380,2,0
241378,241378,241380,2,0
241378,241378,241380,2,0
241378,241378,241380,2,0
241378,241378,241380,2,0
241378,241378,241379,1,0
241378,241378,241380,2,0
241378,241378,241379,1,0
241378,241378,241379,1,0
241378,241378,241380,2,0
241378,241378,241380,2,0
241378,241378,241379,1,0
241378,241379,241381,2,1
241378,241379,241380,1,1
241378,241379,241380,1,1
241378,241379,241380,1,1
241378,241378,241380,2,0
241378,241380,241381,1,2
241378,241378,241380,2,0
241378,241378,241380,2,0
241378,241378,241380,2,0
241378,241378,241380,2,0
241378,241379,241381,2,1
241378,241380,241382,2,2
241378,241380,241381,1,2
241378,241380,241382,2,2
241378,241380,241382,2,2
241378,241380,241382,2,2
241378,241380,241382,2,2
241378,241380,241382,2,2
241378,241380,241382,2,2
241378,241380,241382,2,2
241378,241380,241382,2,2
241378,241380,241382,2,2
241378,241380,241382,2,2
241378,241380,241383,3,2
241378,241380,241383,3,2
241378,241380,241382,2,2
241378,241380,241383,3,2
241378,241380,241383,3,2
241378,241380,241383,3,2
241378,241380,241383,3,2
241378,241380,241382,2,2
241378,241380,241383,3,2
241378,241380,241383,3,2
241378,241380,241383,3,2
241378,241380,241383,3,2
241378,241380,241383,3,2
234425,234425,241386,6961,0
241385,241385,241386,1,0
241385,241385,241386,1,0
241385,241385,241386,1,0
241385,241385,241387,2,0
241385,241385,241386,1,0
241385,241385,241387,2,0
241385,241385,241386,1,0
241385,241385,241387,2,0
241385,241385,241386,1,0
241385,241385,241386,1,0
241385,241385,241386,1,0
241385,241385,241386,1,0
241385,241385,241386,1,0
241385,241385,241386,1,0
241385,241385,241386,1,0
241385,241385,241387,2,0
241385,241385,241386,1,0
241385,241385,241386,1,0
241385,241385,241387,2,0
241385,241385,241387,2,0
241385,241385,241387,2,0
241385,241385,241387,2,0
241385,241385,241387,2,0
241385,241385,241387,2,0
241385,241385,241387,2,0
241385,241385,241388,3,0
241385,241385,241387,2,0
241385,241385,241387,2,0
241385,241385,241387,2,0
241385,241385,241387,2,0
241385,241385,241387,2,0
241385,241385,241387,2,0
241385,241385,241388,3,0
241385,241385,241388,3,0
241385,241385,241387,2,0
241385,241385,241388,3,0
241385,241385,241388,3,0
241385,241385,241388,3,0
241385,241385,241388,3,0
241385,241385,241388,3,0
241385,241385,241388,3,0
241385,241385,241388,3,0
241385,241385,241388,3,0
241385,241385,241388,3,0
241385,241385,241388,3,0
241230,241231,241390,159,1
241390,241390,241391,1,0
241390,241390,241391,1,0
241390,241390,241391,1,0
241390,241390,241391,1,0
241390,241390,241391,1,0
241390,241390,241391,1,0
241390,241390,241391,1,0
241390,241390,241391,1,0
241390,241390,241391,1,0
241390,241390,241391,1,0
241390,241390,241391,1,0
241390,241390,241391,1,0
241390,241390,241392,2,0
241390,241390,241391,1,0
241390,241390,241392,2,0
241390,241390,241391,1,0
241390,241390,241392,2,0
241390,241390,241391,1,0
241390,241390,241391,1,0
241390,241390,241391,1,0
241390,241390,241391,1,0
241390,241390,241391,1,0
241390,241390,241392,2,0
241390,241390,241392,2,0
241390,241390,241393,3,0
241390,241390,241392,2,0
241390,241390,241392,2,0
241390,241390,241392,2,0
241390,241390,241392,2,0
241390,241390,241392,2,0
241390,241390,241392,2,0
241390,241390,241393,3,0
241390,241390,241392,2,0
241390,241390,241393,3,0
241390,241390,241392,2,0
241390,241390,241392,2,0
241390,241390,241392,2,0
241390,241390,241392,2,0
241390,241390,241393,3,0
241390,241390,241393,3,0
241390,241390,241393,3,0
241390,241390,241393,3,0
241390,241390,241394,4,0
241390,241390,241393,3,0
241390,241390,241393,3,0
241228,241229,241397,168,1
241378,241398,241399,1,20
241378,241398,241399,1,20
241378,241398,241399,1,20
241378,241398,241399,1,20
241378,241398,241399,1,20
241378,241398,241400,2,20
241402,241402,241403,1,0
241402,241402,241404,2,0
241402,241402,241404,2,0
241402,241402,241404,2,0
241402,241402,241404,2,0
241402,241402,241404,2,0
241402,241402,241404,2,0
241402,241402,241404,2,0
241402,241402,241404,2,0
241402,241402,241404,2,0
241402,241402,241404,2,0
241402,241402,241404,2,0
241402,241402,241404,2,0
241402,241402,241404,2,0
241402,241402,241404,2,0
241402,241402,241404,2,0
241402,241402,241404,2,0
241402,241402,241404,2,0
241402,241402,241404,2,0
241402,241402,241404,2,0
241402,241402,241404,2,0
241402,241402,241404,2,0
241402,241402,241404,2,0
241402,241402,241404,2,0
241402,241402,241405,3,0
241402,241402,241405,3,0
241402,241402,241405,3,0
241402,241402,241405,3,0
241402,241402,241404,2,0
241402,241402,241405,3,0
241402,241402,241405,3,0
241402,241402,241405,3,0
241402,241402,241405,3,0
241402,241402,241404,2,0
241402,241402,241405,3,0
241402,241402,241405,3,0
241402,241402,241405,3,0
241402,241402,241405,3,0
241402,241402,241405,3,0
241402,241403,241405,2,1
241402,241403,241406,3,1
241402,241402,241406,4,0
241402,241403,241407,4,1
241402,241403,241408,5,1
241402,241403,241408,5,1
241232,241232,241413,181,0
234430,234430,241416,6986,0
241256,241256,241418,162,0
241176,241176,241423,247,0
241423,241423,241424,1,0
241423,241423,241424,1,0
241423,241423,241424,1,0
241423,241423,241425,2,0
241423,241423,241425,2,0
241423,241423,241425,2,0
241423,241423,241424,1,0
241423,241423,241425,2,0
241423,241423,241424,1,0
241423,241423,241424,1,0
241423,241423,241424,1,0
241423,241423,241425,2,0
241423,241423,241425,2,0
241423,241423,241425,2,0
241423,241423,241425,2,0
241423,241423,241425,2,0
241423,241423,241424,1,0
241423,241423,241424,1,0
241423,241423,241425,2,0
241423,241423,241425,2,0
241423,241423,241425,2,0
241423,241423,241424,1,0
241423,241423,241424,1,0
241423,241423,241424,1,0
241423,241423,241425,2,0
241423,241423,241425,2,0
241423,241423,241425,2,0
241423,241423,241424,1,0
241423,241423,241424,1,0
241423,241423,241425,2,0
241423,241423,241425,2,0
241423,241423,241425,2,0
241423,241423,241425,2,0
241423,241423,241425,2,0
241423,241423,241425,2,0
241423,241423,241425,2,0
241423,241423,241425,2,0
241423,241423,241425,2,0
241423,241424,241425,1,1
241423,241424,241426,2,1
241423,241423,241426,3,0
241423,241423,241425,2,0
241423,241423,241426,3,0
241423,241423,241425,2,0
241423,241423,241426,3,0
241423,241423,241425,2,0
241423,241423,241426,3,0
241423,241423,241425,2,0
241423,241423,241426,3,0
241423,241423,241426,3,0
241423,241423,241426,3,0
241423,241424,241425,1,1
241423,241423,241426,3,0
241423,241425,241426,1,2
241423,241425,241427,2,2
241423,241423,241426,3,0
241423,241423,241427,4,0
241423,241423,241426,3,0
241423,241425,241427,2,2
241423,241423,241426,3,0
241423,241425,241427,2,2
241423,241425,241427,2,2
241423,241425,241427,2,2
241423,241425,241428,3,2
241423,241425,241427,2,2
241423,241425,241427,2,2
241423,241425,241427,2,2
241423,241425,241428,3,2
241423,241425,241428,3,2
241423,241425,241427,2,2
241427,241427,241428,1,0
241423,241425,241428,3,2
241423,241425,241427,2,2
241423,241425,241427,2,2
241423,241425,241428,3,2
241423,241425,241427,2,2
241423,241425,241427,2,2
241423,241425,241427,2,2
241423,241425,241427,2,2
241423,241425,241428,3,2
241427,241427,241428,1,0
241427,241427,241428,1,0
241427,241427,241429,2,0
241423,241425,241428,3,2
241427,241427,241428,1,0
241427,241427,241428,1,0
241427,241427,241429,2,0
241427,241427,241428,1,0
241427,241427,241428,1,0
241427,241427,241428,1,0
241427,241427,241428,1,0
241427,241427,241428,1,0
241427,241427,241428,1,0
241427,241427,241429,2,0
241427,241427,241429,2,0
241427,241427,241428,1,0
241427,241427,241428,1,0
241427,241427,241428,1,0
241427,241427,241429,2,0
241427,241427,241429,2,0
241427,241427,241428,1,0
241427,241427,241428,1,0
241427,241427,241428,1,0
241427,241427,241429,2,0
241427,241427,241429,2,0
241427,241427,241428,1,0
241427,241427,241429,2,0
241423,241425,241428,3,2
241427,241427,241428,1,0
241427,241427,241429,2,0
241427,241427,241428,1,0
241427,241427,241428,1,0
241427,241427,241428,1,0
241427,241427,241429,2,0
241427,241427,241429,2,0
241427,241428,241430,2,1
241427,241428,241430,2,1
241427,241428,241430,2,1
241427,241428,241430,2,1
241427,241428,241430,2,1
241427,241428,241430,2,1
241427,241428,241430,2,1
241427,241428,241430,2,1
241427,241428,241429,1,1
241423,241424,241428,4,1
241427,241431,241433,2,4
241423,241436,241437,1,13
241423,241436,241437,1,13
241423,241436,241437,1,13
241423,241436,241437,1,13
241270,241270,241438,168,0
241423,241436,241438,2,13
241265,241265,241444,179,0
241423,241424,241443,19,1
241423,241424,241445,21,1
241427,241431,241444,13,4
241446,241446,241447,1,0
241446,241446,241447,1,0
241446,241446,241447,1,0
241446,241446,241447,1,0
241446,241446,241447,1,0
241446,241446,241447,1,0
241446,241446,241447,1,0
241446,241446,241447,1,0
241446,241446,241447,1,0
241446,241446,241447,1,0
241446,241446,241447,1,0
241446,241446,241447,1,0
241446,241446,241448,2,0
241446,241446,241448,2,0
241446,241446,241447,1,0
241446,241446,241448,2,0
241446,241446,241447,1,0
241446,241446,241447,1,0
241446,241446,241448,2,0
241446,241446,241447,1,0
241446,241446,241447,1,0
241446,241446,241447,1,0
241446,241446,241448,2,0
241446,241446,241448,2,0
241446,241446,241447,1,0
241446,241446,241448,2,0
241446,241446,241447,1,0
241446,241446,241448,2,0
241446,241446,241447,1,0
241446,241446,241448,2,0
241446,241446,241448,2,0
241446,241446,241447,1,0
241446,241446,241448,2,0
241446,241446,241448,2,0
241446,241446,241447,1,0
241446,241446,241447,1,0
241446,241446,241448,2,0
241446,241446,241448,2,0
241446,241446,241448,2,0
241446,241446,241448,2,0
241446,241446,241447,1,0
241446,241446,241448,2,0
241446,241446,241448,2,0
241446,241446,241448,2,0
241446,241446,241448,2,0
234431,234431,241449,7018,0
241446,241446,241448,2,0
241446,241446,241448,2,0
241446,241446,241449,3,0
241446,241446,241448,2,0
241446,241446,241449,3,0
241446,241446,241448,2,0
241446,241446,241448,2,0
241446,241446,241448,2,0
241446,241446,241449,3,0
241446,241447,241449,2,1
241446,241446,241449,3,0
241446,241446,241449,3,0
241446,241446,241448,2,0
241446,241446,241449,3,0
241446,241446,241448,2,0
241446,241447,241449,2,1
241446,241446,241449,3,0
241446,241447,241449,2,1
241446,241448,241450,2,2
241446,241448,241450,2,2
241446,241448,241450,2,2
241446,241448,241450,2,2
241446,241448,241450,2,2
241446,241448,241450,2,2
241446,241448,241450,2,2
241446,241448,241450,2,2
241446,241446,241449,3,0
241446,241448,241450,2,2
241446,241448,241450,2,2
241446,241448,241450,2,2
241446,241448,241450,2,2
241446,241446,241449,3,0
241446,241448,241450,2,2
241446,241448,241450,2,2
241446,241448,241450,2,2
241446,241448,241450,2,2
241446,241448,241450,2,2
241446,241448,241451,3,2
241446,241448,241451,3,2
241446,241448,241450,2,2
241446,241448,241450,2,2
241290,241290,241451,161,0
241446,241446,241451,5,0
241446,241446,241455,9,0
241446,241446,241455,9,0
241446,241446,241455,9,0
241464,241464,241465,1,0
241464,241464,241465,1,0
241464,241464,241466,2,0
241464,241464,241465,1,0
241464,241464,241465,1,0
241464,241464,241465,1,0
241464,241464,241466,2,0
241464,241464,241465,1,0
241464,241464,241465,1,0
241464,241464,241466,2,0
241464,241464,241465,1,0
241464,241464,241465,1,0
241464,241464,241465,1,0
241464,241464,241466,2,0
241464,241464,241465,1,0
241464,241464,241465,1,0
241464,241464,241466,2,0
241464,241464,241465,1,0
241464,241464,241465,1,0
241464,241464,241465,1,0
241464,241464,241466,2,0
241464,241465,241466,1,1
241464,241464,241466,2,0
241464,241464,241466,2,0
241464,241464,241466,2,0
241464,241464,241467,3,0
241464,241464,241466,2,0
241464,241464,241466,2,0
241464,241464,241466,2,0
241464,241464,241466,2,0
241464,241464,241467,3,0
241464,241464,241466,2,0
241464,241464,241467,3,0
241464,241464,241466,2,0
241464,241464,241466,2,0
241464,241465,241467,2,1
241464,241464,241467,3,0
241464,241465,241468,3,1
241464,241465,241468,3,1
241464,241465,241469,4,1
241468,241468,241469,1,0
241468,241468,241469,1,0
241468,241468,241469,1,0
241468,241468,241470,2,0
241468,241468,241470,2,0
241468,241468,241469,1,0
241468,241468,241470,2,0
241468,241468,241470,2,0
241468,241468,241470,2,0
241468,241468,241469,1,0
241468,241468,241470,2,0
241468,241468,241470,2,0
241468,241468,241470,2,0
241468,241468,241469,1,0
241468,241468,241469,1,0
241468,241468,241470,2,0
241468,241468,241470,2,0
241468,241468,241469,1,0
241468,241468,241469,1,0
241468,241468,241470,2,0
241468,241468,241470,2,0
241468,241468,241469,1,0
241468,241468,241470,2,0
241468,241468,241470,2,0
241468,241468,241470,2,0
241468,241468,241470,2,0
241468,241468,241470,2,0
241468,241468,241469,1,0
241468,241468,241469,1,0
241468,241468,241470,2,0
241468,241468,241470,2,0
241468,241468,241470,2,0
241468,241468,241470,2,0
241468,241468,241470,2,0
241468,241468,241470,2,0
241468,241468,241470,2,0
241468,241468,241470,2,0
241468,241468,241470,2,0
241468,241468,241471,3,0
241468,241468,241471,3,0
241468,241468,241470,2,0
241464,241482,241483,1,18
241464,241482,241483,1,18
241464,241482,241483,1,18
241468,241482,241483,1,14
241468,241482,241483,1,14
241464,241482,241484,2,18
241311,241311,241484,173,0
241464,241482,241485,3,18
234428,234428,241486,7058,0
241495,241495,241497,2,0
241495,241495,241497,2,0
241495,241495,241496,1,0
241495,241495,241497,2,0
241495,241495,241497,2,0
241495,241495,241497,2,0
241495,241495,241497,2,0
241495,241495,241497,2,0
241495,241495,241497,2,0
241495,241495,241497,2,0
241495,241495,241497,2,0
241495,241495,241497,2,0
241495,241495,241497,2,0
241495,241496,241497,1,1
241495,241496,241497,1,1
241495,241496,241497,1,1
241495,241495,241497,2,0
241495,241495,241497,2,0
241495,241495,241497,2,0
241495,241495,241497,2,0
241495,241495,241496,1,0
241495,241495,241497,2,0
241495,241495,241497,2,0
241495,241495,241497,2,0
241495,241495,241497,2,0
241495,241495,241497,2,0
241495,241495,241497,2,0
241495,241495,241497,2,0
241495,241495,241497,2,0
241495,241495,241498,3,0
241495,241495,241498,3,0
241495,241495,241497,2,0
241495,241495,241498,3,0
241495,241496,241497,1,1
241495,241496,241498,2,1
241495,241495,241498,3,0
241495,241495,241497,2,0
241495,241495,241498,3,0
241495,241495,241498,3,0
241495,241495,241498,3,0
241495,241495,241498,3,0
241495,241495,241497,2,0
241495,241495,241498,3,0
241324,241324,241498,174,0
241322,241322,241499,177,0
241495,241495,241500,5,0
241495,241495,241500,5,0
241501,241501,241502,1,0
241501,241501,241502,1,0
241501,241501,241502,1,0
241501,241501,241502,1,0
241501,241501,241502,1,0
241501,241501,241503,2,0
241501,241501,241502,1,0
241501,241501,241502,1,0
241501,241501,241502,1,0
241501,241501,241502,1,0
241501,241501,241503,2,0
241501,241501,241502,1,0
241501,241501,241503,2,0
241501,241501,241503,2,0
241501,241501,241502,1,0
241501,241501,241502,1,0
241501,241501,241502,1,0
241501,241501,241502,1,0
241501,241501,241503,2,0
241501,241501,241502,1,0
241501,241501,241502,1,0
241501,241501,241503,2,0
241501,241501,241502,1,0
241501,241501,241502,1,0
241501,241501,241503,2,0
241501,241501,241503,2,0
241501,241501,241503,2,0
241501,241501,241502,1,0
241501,241501,241502,1,0
241501,241501,241502,1,0
241501,241501,241503,2,0
241501,241501,241503,2,0
241501,241501,241503,2,0
241501,241501,241503,2,0
241501,241501,241503,2,0
241501,241501,241503,2,0
241501,241501,241503,2,0
241501,241501,241503,2,0
241501,241501,241503,2,0
241501,241501,241503,2,0
241501,241501,241503,2,0
241501,241501,241503,2,0
241501,241501,241503,2,0
241501,241501,241503,2,0
241501,241501,241503,2,0
241338,241339,241512,173,1
241511,241511,241512,1,0
241511,241511,241512,1,0
241511,241511,241513,2,0
241511,241511,241512,1,0
241511,241511,241512,1,0
241511,241511,241513,2,0
241511,241511,241512,1,0
241511,241511,241512,1,0
241511,241511,241512,1,0
241511,241511,241513,2,0
241511,241511,241512,1,0
241511,241511,241512,1,0
241511,241511,241513,2,0
241511,241511,241513,2,0
241511,241511,241512,1,0
241511,241511,241512,1,0
241511,241511,241512,1,0
241511,241511,241513,2,0
241511,241511,241513,2,0
241511,241511,241512,1,0
241511,241511,241513,2,0
241511,241511,241513,2,0
241511,241511,241513,2,0
241511,241511,241513,2,0
241511,241511,241513,2,0
241511,241511,241512,1,0
241511,241511,241512,1,0
241511,241511,241513,2,0
241511,241511,241513,2,0
241511,241511,241513,2,0
241511,241511,241513,2,0
241511,241511,241514,3,0
241511,241511,241514,3,0
241511,241511,241513,2,0
241511,241511,241515,4,0
241511,241514,241515,1,3
241511,241514,241515,1,3
241511,241514,241515,1,3
241511,241514,241515,1,3
241511,241514,241516,2,3
241511,241516,241517,1,5
241511,241517,241518,1,6
241511,241517,241518,1,6
241511,241517,241519,2,6
241522,241522,241523,1,0
241522,241522,241523,1,0
241522,241522,241524,2,0
241522,241522,241524,2,0
241522,241522,241524,2,0
241522,241522,241524,2,0
241522,241522,241523,1,0
241522,241522,241523,1,0
241522,241522,241523,1,0
241522,241522,241524,2,0
241522,241522,241523,1,0
241522,241522,241523,1,0
241522,241522,241523,1,0
241522,241522,241524,2,0
241522,241522,241524,2,0
241522,241522,241523,1,0
241522,241522,241523,1,0
241522,241522,241524,2,0
241522,241522,241524,2,0
241522,241522,241523,1,0
241522,241522,241523,1,0
241522,241522,241524,2,0
241522,241522,241524,2,0
241522,241522,241524,2,0
241522,241522,241523,1,0
241522,241522,241523,1,0
241522,241522,241523,1,0
241522,241522,241523,1,0
241522,241522,241524,2,0
241522,241522,241523,1,0
241522,241522,241523,1,0
241522,241522,241524,2,0
241522,241522,241524,2,0
241522,241522,241524,2,0
241522,241522,241524,2,0
241522,241522,241524,2,0
241522,241522,241524,2,0
241522,241522,241524,2,0
241522,241522,241524,2,0
241522,241522,241525,3,0
241522,241524,241525,1,2
241522,241522,241524,2,0
241522,241524,241526,2,2
241522,241524,241525,1,2
241522,241524,241526,2,2
241349,241350,241527,177,1
241532,241532,241533,1,0
241532,241532,241533,1,0
241532,241532,241533,1,0
241532,241532,241534,2,0
241532,241532,241533,1,0
241532,241532,241534,2,0
241532,241532,241533,1,0
241532,241532,241533,1,0
241532,241532,241534,2,0
241532,241532,241533,1,0
241532,241532,241534,2,0
241532,241532,241534,2,0
241532,241532,241534,2,0
241532,241532,241533,1,0
241532,241532,241533,1,0
241532,241532,241533,1,0
241532,241532,241534,2,0
241532,241532,241534,2,0
241532,241532,241533,1,0
241532,241532,241533,1,0
241532,241532,241533,1,0
241532,241532,241533,1,0
241532,241532,241533,1,0
241532,241532,241533,1,0
241532,241532,241533,1,0
241532,241532,241534,2,0
241532,241532,241534,2,0
241532,241532,241533,1,0
241532,241532,241533,1,0
241532,241532,241533,1,0
241532,241532,241534,2,0
241532,241532,241534,2,0
241532,241532,241533,1,0
241532,241532,241533,1,0
241532,241532,241534,2,0
241532,241532,241534,2,0
241532,241532,241534,2,0
241532,241532,241534,2,0
241532,241532,241534,2,0
241532,241532,241534,2,0
241532,241534,241535,1,2
241532,241534,241535,1,2
241532,241534,241535,1,2
241532,241534,241536,2,2
241532,241534,241536,2,2
241354,241354,241537,183,0
241351,241354,241539,185,3
241379,241380,241540,160,1
241540,241540,241542,2,0
241540,241540,241542,2,0
241540,241540,241542,2,0
241540,241540,241542,2,0
241540,241541,241542,1,1
241540,241541,241542,1,1
241540,241541,241542,1,1
241540,241541,241542,1,1
241540,241541,241542,1,1
241540,241541,241542,1,1
241540,241541,241542,1,1
241540,241540,241542,2,0
241540,241540,241542,2,0
241540,241540,241542,2,0
241540,241540,241542,2,0
241540,241540,241542,2,0
241540,241540,241542,2,0
241540,241540,241542,2,0
241540,241540,241542,2,0
241540,241541,241542,1,1
241540,241541,241542,1,1
241540,241540,241542,2,0
241540,241540,241542,2,0
241540,241540,241542,2,0
241540,241541,241543,2,1
241540,241541,241542,1,1
241540,241540,241542,2,0
241540,241540,241542,2,0
241540,241541,241542,1,1
241540,241541,241542,1,1
241540,241541,241542,1,1
241540,241541,241543,2,1
241540,241541,241543,2,1
241540,241541,241543,2,1
241540,241541,241543,2,1
241540,241541,241543,2,1
241540,241540,241543,3,0
241540,241540,241543,3,0
241540,241544,241545,1,4
241540,241541,241544,3,1
241540,241541,241544,3,1
241540,241541,241544,3,1
241540,241544,241546,2,4
241540,241544,241546,2,4
241540,241544,241546,2,4
241550,241550,241551,1,0
241550,241550,241551,1,0
241550,241550,241551,1,0
241550,241550,241552,2,0
241550,241550,241551,1,0
241550,241550,241551,1,0
241550,241550,241551,1,0
241550,241550,241551,1,0
241550,241550,241551,1,0
241550,241550,241551,1,0
241550,241550,241551,1,0
241550,241550,241551,1,0
241550,241550,241551,1,0
241550,241550,241551,1,0
241550,241550,241551,1,0
241550,241550,241551,1,0
241550,241550,241551,1,0
241550,241550,241551,1,0
241550,241550,241551,1,0
241550,241550,241551,1,0
241550,241550,241551,1,0
241550,241550,241551,1,0
241550,241550,241551,1,0
241550,241550,241552,2,0
241550,241550,241551,1,0
241550,241550,241551,1,0
241550,241550,241551,1,0
241550,241550,241552,2,0
241550,241550,241552,2,0
241550,241550,241552,2,0
241550,241550,241552,2,0
241550,241550,241552,2,0
241550,241550,241552,2,0
241550,241550,241552,2,0
241550,241550,241552,2,0
241550,241550,241552,2,0
241550,241550,241553,3,0
241550,241550,241554,4,0
241550,241553,241554,1,3
241550,241553,241554,1,3
241550,241553,241554,1,3
241550,241553,241554,1,3
241550,241550,241555,5,0
241550,241550,241555,5,0
241550,241553,241555,2,3
241559,241559,241560,1,0
241559,241559,241561,2,0
241559,241559,241561,2,0
241559,241559,241561,2,0
241559,241560,241561,1,1
241559,241560,241561,1,1
241559,241559,241560,1,0
241559,241559,241561,2,0
241559,241559,241561,2,0
241559,241559,241560,1,0
241559,241559,241560,1,0
241559,241559,241560,1,0
241559,241559,241561,2,0
241559,241560,241561,1,1
241559,241560,241561,1,1
241559,241560,241561,1,1
241559,241560,241561,1,1
241559,241559,241561,2,0
241559,241559,241561,2,0
241559,241559,241561,2,0
241559,241559,241561,2,0
241559,241559,241560,1,0
241559,241559,241560,1,0
241559,241559,241560,1,0
241559,241559,241561,2,0
241559,241559,241561,2,0
241559,241559,241560,1,0
241559,241559,241560,1,0
241559,241559,241561,2,0
241559,241559,241561,2,0
241559,241559,241561,2,0
241559,241559,241560,1,0
241559,241559,241561,2,0
241559,241559,241560,1,0
241559,241559,241560,1,0
241559,241559,241560,1,0
241559,241559,241560,1,0
241559,241559,241561,2,0
241559,241559,241561,2,0
241559,241559,241561,2,0
241559,241560,241562,2,1
241559,241559,241561,2,0
241559,241559,241561,2,0
241559,241560,241561,1,1
241386,241386,241565,179,0
241559,241560,241567,7,1
241403,241403,241570,167,0
241569,241569,241570,1,0
241569,241569,241571,2,0
241569,241569,241571,2,0
241569,241569,241571,2,0
241569,241569,241570,1,0
241569,241569,241570,1,0
241569,241569,241571,2,0
241569,241569,241571,2,0
241569,241569,241571,2,0
241569,241569,241571,2,0
241569,241569,241570,1,0
241569,241569,241570,1,0
241569,241569,241570,1,0
241569,241569,241571,2,0
241569,241569,241571,2,0
241569,241569,241571,2,0
241569,241569,241570,1,0
241569,241569,241571,2,0
241569,241569,241571,2,0
241569,241569,241570,1,0
241569,241569,241570,1,0
241569,241569,241570,1,0
241569,241569,241571,2,0
241569,241569,241570,1,0
241569,241569,241571,2,0
241569,241569,241571,2,0
241569,241569,241570,1,0
241569,241569,241570,1,0
241569,241569,241571,2,0
241569,241569,241571,2,0
241569,241569,241572,3,0
241569,241569,241572,3,0
241569,241569,241571,2,0
241569,241569,241571,2,0
241569,241569,241571,2,0
241569,241569,241571,2,0
241569,241571,241572,1,2
241569,241571,241573,2,2
234432,234432,241578,7146,0
241579,241580,241581,1,1
241579,241580,241581,1,1
241579,241580,241581,1,1
241579,241580,241581,1,1
241579,241580,241581,1,1
241579,241581,241582,1,2
241579,241581,241582,1,2
241579,241581,241582,1,2
241579,241580,241581,1,1
241579,241580,241581,1,1
241579,241580,241581,1,1
241579,241580,241581,1,1
241579,241580,241581,1,1
241579,241580,241581,1,1
241579,241580,241581,1,1
241579,241580,241581,1,1
241579,241580,241581,1,1
241579,241580,241582,2,1
241579,241580,241581,1,1
241579,241580,241581,1,1
241579,241580,241581,1,1
241579,241580,241581,1,1
241579,241580,241581,1,1
241579,241580,241581,1,1
241579,241580,241581,1,1
241579,241580,241581,1,1
241579,241580,241581,1,1
241579,241580,241582,2,1
241579,241580,241581,1,1
241569,241580,241581,1,11
241569,241580,241581,1,11
241569,241580,241581,1,11
241569,241580,241582,2,11
241579,241580,241581,1,1
241579,241581,241582,1,2
241579,241581,241582,1,2
241579,241580,241582,2,1
241569,241571,241582,11,2
241569,241571,241580,9,2
241579,241585,241587,2,6
241569,241569,241571,2,0
241579,241589,241590,1,10
241579,241589,241590,1,10
241579,241589,241590,1,10
241579,241585,241598,13,6
241579,241598,241599,1,19
241579,241598,241599,1,19
241579,241598,241599,1,19
241579,241598,241600,2,19
241579,241598,241599,1,19
241424,241425,241601,176,1
241428,241428,241605,177,0
241391,241391,241606,215,0
241609,241610,241611,1,1
241609,241610,241611,1,1
241610,241610,241611,1,0
241609,241610,241611,1,1
241609,241610,241611,1,1
241609,241610,241611,1,1
241610,241610,241611,1,0
241609,241610,241611,1,1
241609,241610,241611,1,1
241609,241610,241611,1,1
241609,241610,241611,1,1
241609,241610,241612,2,1
241609,241610,241611,1,1
241609,241610,241611,1,1
241609,241610,241611,1,1
241609,241610,241611,1,1
241610,241610,241612,2,0
241609,241610,241611,1,1
241609,241610,241612,2,1
241610,241610,241611,1,0
241610,241610,241611,1,0
241610,241610,241611,1,0
241609,241610,241611,1,1
241609,241610,241611,1,1
241610,241610,241611,1,0
241610,241610,241611,1,0
241610,241610,241611,1,0
241609,241610,241611,1,1
241609,241610,241611,1,1
241609,241610,241612,2,1
241609,241610,241612,2,1
241610,241610,241611,1,0
241610,241610,241612,2,0
241610,241610,241611,1,0
241609,241610,241611,1,1
241609,241610,241611,1,1
241609,241610,241611,1,1
241609,241610,241611,1,1
241609,241610,241611,1,1
241610,241610,241611,1,0
241610,241610,241611,1,0
241609,241610,241611,1,1
241609,241610,241611,1,1
241609,241610,241611,1,1
241609,241610,241611,1,1
241610,241610,241611,1,0
241610,241610,241611,1,0
241610,241610,241611,1,0
241610,241610,241612,2,0
241609,241610,241612,2,1
241609,241610,241612,2,1
241610,241612,241613,1,2
241609,241610,241612,2,1
241609,241610,241612,2,1
241609,241610,241612,2,1
241609,241610,241612,2,1
241609,241610,241612,2,1
241609,241610,241612,2,1
241609,241610,241612,2,1
241610,241612,241613,1,2
241610,241612,241614,2,2
241612,241612,241613,1,0
241612,241612,241614,2,0
241612,241612,241614,2,0
241612,241612,241614,2,0
241610,241612,241613,1,2
241610,241612,241613,1,2
241612,241612,241614,2,0
241612,241613,241614,1,1
241610,241612,241614,2,2
241610,241612,241614,2,2
241610,241612,241614,2,2
241612,241612,241613,1,0
241612,241613,241614,1,1
241610,241612,241614,2,2
241612,241612,241613,1,0
241612,241613,241614,1,1
241610,241612,241613,1,2
241610,241612,241613,1,2
241610,241612,241614,2,2
241612,241612,241614,2,0
241612,241612,241613,1,0
241612,241612,241614,2,0
241610,241612,241614,2,2
241612,241612,241613,1,0
241612,241612,241614,2,0
241612,241612,241614,2,0
241610,241612,241614,2,2
241610,241612,241614,2,2
241612,241612,241613,1,0
241612,241612,241613,1,0
241612,241612,241613,1,0
241610,241612,241613,1,2
241610,241612,241613,1,2
241612,241612,241614,2,0
241612,241612,241613,1,0
241612,241612,241614,2,0
241610,241612,241614,2,2
241610,241612,241615,3,2
241612,241613,241615,2,1
241612,241613,241614,1,1
241612,241613,241614,1,1
241612,241613,241614,1,1
241610,241612,241614,2,2
241610,241612,241615,3,2
241612,241613,241615,2,1
241610,241612,241614,2,2
241612,241613,241614,1,1
241610,241612,241615,3,2
241610,241612,241614,2,2
241612,241613,241615,2,1
241612,241614,241616,2,2
241612,241614,241616,2,2
241612,241614,241616,2,2
241612,241614,241616,2,2
241612,241614,241616,2,2
241612,241614,241616,2,2
241612,241614,241616,2,2
241612,241614,241616,2,2
241612,241614,241616,2,2
241612,241614,241616,2,2
241612,241614,241616,2,2
241612,241614,241616,2,2
241612,241614,241616,2,2
241612,241614,241617,3,2
241609,241610,241614,4,1
241609,241610,241614,4,1
241609,241610,241615,5,1
241609,241610,241612,2,1
241609,241610,241612,2,1
241612,241630,241631,1,18
241465,241465,241632,167,0
241610,241630,241632,2,20
241610,241630,241632,2,20
241610,241630,241632,2,20
241612,241629,241633,4,17
241469,241469,241647,178,0
241646,241647,241648,1,1
241646,241647,241649,2,1
241646,241647,241648,1,1
241646,241647,241648,1,1
241646,241647,241648,1,1
241646,241647,241648,1,1
241646,241647,241649,2,1
241646,241647,241648,1,1
241646,241647,241649,2,1
241646,241647,241648,1,1
241646,241647,241648,1,1
241646,241647,241648,1,1
241646,241647,241648,1,1
241646,241647,241648,1,1
241646,241647,241648,1,1
241646,241647,241648,1,1
241646,241647,241648,1,1
241646,241647,241648,1,1
241646,241647,241648,1,1
241646,241647,241648,1,1
241646,241647,241648,1,1
241646,241647,241648,1,1
241646,241647,241648,1,1
241646,241647,241648,1,1
241646,241647,241649,2,1
241646,241647,241649,2,1
241646,241647,241648,1,1
241646,241647,241648,1,1
241646,241647,241650,3,1
241646,241647,241649,2,1
241646,241647,241649,2,1
241646,241647,241649,2,1
241646,241647,241650,3,1
241646,241647,241649,2,1
241646,241647,241649,2,1
241646,241647,241649,2,1
241646,241647,241649,2,1
241646,241647,241650,3,1
241646,241647,241649,2,1
241646,241647,241649,2,1
241646,241647,241650,3,1
241646,241647,241649,2,1
241646,241647,241650,3,1
241646,241647,241650,3,1
241646,241647,241650,3,1
241651,241651,241652,1,0
241651,241651,241653,2,0
241651,241651,241652,1,0
241651,241651,241653,2,0
241651,241651,241652,1,0
241651,241651,241652,1,0
241651,241651,241652,1,0
241651,241651,241652,1,0
241651,241651,241652,1,0
241651,241651,241652,1,0
241651,241651,241653,2,0
241651,241651,241652,1,0
241651,241651,241652,1,0
241651,241651,241652,1,0
241651,241651,241652,1,0
241651,241651,241652,1,0
241651,241651,241653,2,0
241651,241651,241653,2,0
241651,241651,241653,2,0
241651,241651,241652,1,0
241651,241651,241653,2,0
241651,241651,241652,1,0
241651,241651,241653,2,0
241651,241651,241653,2,0
241651,241651,241653,2,0
241651,241651,241653,2,0
241651,241651,241653,2,0
241651,241651,241654,3,0
241651,241651,241654,3,0
241651,241651,241654,3,0
241651,241651,241653,2,0
241651,241651,241653,2,0
241651,241651,241654,3,0
241651,241651,241653,2,0
241651,241651,241654,3,0
241651,241651,241654,3,0
241651,241651,241653,2,0
241651,241651,241653,2,0
241651,241651,241654,3,0
241651,241651,241654,3,0
241651,241651,241654,3,0
241447,241448,241656,208,1
241480,241480,241656,176,0
241482,241482,241659,177,0
241662,241662,241663,1,0
241662,241662,241663,1,0
241662,241662,241663,1,0
241662,241662,241664,2,0
241662,241662,241663,1,0
241662,241662,241663,1,0
241662,241662,241663,1,0
241662,241662,241664,2,0
241662,241662,241664,2,0
241662,241662,241663,1,0
241662,241662,241664,2,0
241662,241662,241664,2,0
241662,241662,241664,2,0
241662,241662,241663,1,0
241662,241662,241663,1,0
241662,241662,241664,2,0
241662,241662,241664,2,0
241662,241662,241663,1,0
241662,241662,241664,2,0
241662,241662,241663,1,0
241662,241662,241663,1,0
241662,241662,241664,2,0
241662,241662,241664,2,0
241662,241662,241664,2,0
241662,241662,241663,1,0
241662,241662,241663,1,0
241662,241662,241663,1,0
241662,241662,241664,2,0
241662,241662,241663,1,0
241662,241662,241663,1,0
241662,241662,241663,1,0
241662,241662,241663,1,0
241662,241662,241665,3,0
241662,241662,241664,2,0
241662,241664,241665,1,2
241662,241664,241665,1,2
241662,241662,241665,3,0
241662,241662,241665,3,0
241662,241662,241664,2,0
241662,241662,241664,2,0
241662,241662,241665,3,0
241662,241662,241664,2,0
241662,241662,241664,2,0
241662,241662,241665,3,0
241662,241662,241665,3,0
241662,241662,241664,2,0
241662,241662,241664,2,0
241662,241662,241666,4,0
241662,241664,241665,1,2
241662,241664,241665,1,2
241662,241664,241666,2,2
241664,241665,241666,1,1
241662,241664,241665,1,2
241662,241664,241666,2,2
241664,241665,241666,1,1
241664,241665,241666,1,1
241662,241662,241665,3,0
241662,241664,241665,1,2
241662,241664,241666,2,2
241662,241664,241666,2,2
241662,241662,241666,4,0
241662,241664,241666,2,2
241662,241662,241665,3,0
241662,241662,241665,3,0
241662,241664,241666,2,2
241662,241664,241666,2,2
241662,241664,241666,2,2
241662,241664,241666,2,2
241662,241664,241666,2,2
241662,241664,241666,2,2
241662,241664,241666,2,2
241664,241665,241666,1,1
241664,241665,241666,1,1
241664,241665,241666,1,1
241664,241666,241667,1,2
241664,241666,241667,1,2
241662,241664,241666,2,2
241664,241666,241667,1,2
241662,241664,241666,2,2
241662,241664,241667,3,2
241662,241664,241667,3,2
241664,241665,241666,1,1
241662,241664,241666,2,2
241662,241664,241667,3,2
241662,241664,241666,2,2
241664,241665,241666,1,1
241664,241665,241666,1,1
241662,241664,241667,3,2
241662,241664,241667,3,2
241664,241665,241666,1,1
241664,241665,241666,1,1
241662,241664,241666,2,2
241664,241665,241666,1,1
241662,241664,241667,3,2
241664,241665,241666,1,1
241664,241665,241666,1,1
241662,241664,241667,3,2
241662,241664,241667,3,2
241664,241665,241666,1,1
241664,241666,241668,2,2
241664,241666,241667,1,2
241664,241666,241668,2,2
241664,241666,241667,1,2
241664,241666,241668,2,2
241664,241666,241668,2,2
241664,241666,241668,2,2
241664,241666,241668,2,2
241664,241666,241668,2,2
241664,241666,241668,2,2
241484,241484,241668,184,0
241664,241666,241669,3,2
241664,241667,241669,2,3
241664,241667,241669,2,3
241664,241667,241669,2,3
241664,241667,241669,2,3
241664,241667,241669,2,3
241664,241666,241669,3,2
241664,241666,241669,3,2
241664,241666,241669,3,2
241664,241666,241669,3,2
241664,241666,241669,3,2
241664,241666,241669,3,2
241664,241666,241669,3,2
241664,241666,241669,3,2
241664,241666,241669,3,2
241664,241666,241669,3,2
241664,241666,241670,4,2
241651,241651,241654,3,0
241651,241651,241653,2,0
241496,241496,241672,176,0
241662,241672,241673,1,10
241662,241672,241673,1,10
241662,241672,241673,1,10
241662,241672,241673,1,10
241651,241651,241655,4,0
241651,241651,241653,2,0
241662,241672,241675,3,10
241662,241675,241676,1,13
241662,241675,241676,1,13
241662,241675,241676,1,13
241662,241675,241676,1,13
241502,241502,241677,175,0
241678,241679,241681,2,1
241678,241679,241680,1,1
241678,241679,241680,1,1
241678,241679,241680,1,1
241678,241679,241680,1,1
241678,241679,241680,1,1
241679,241679,241680,1,0
241678,241679,241681,2,1
241678,241679,241680,1,1
241678,241679,241680,1,1
241679,241679,241680,1,0
241679,241679,241680,1,0
241679,241679,241680,1,0
241679,241679,241680,1,0
241679,241679,241681,2,0
241678,241679,241680,1,1
241678,241679,241681,2,1
241678,241679,241680,1,1
241679,241679,241680,1,0
241678,241679,241681,2,1
241679,241679,241681,2,0
241678,241679,241680,1,1
241678,241679,241680,1,1
241678,241679,241680,1,1
241679,241679,241680,1,0
241679,241679,241680,1,0
241678,241679,241680,1,1
241679,241679,241680,1,0
241679,241679,241680,1,0
241679,241679,241680,1,0
241678,241679,241681,2,1
241678,241679,241682,3,1
241679,241679,241681,2,0
241679,241681,241682,1,2
241678,241679,241681,2,1
241678,241679,241681,2,1
241679,241679,241681,2,0
241679,241679,241681,2,0
241678,241679,241681,2,1
241678,241679,241681,2,1
241678,241679,241681,2,1
241678,241679,241681,2,1
241678,241679,241681,2,1
241678,241679,241681,2,1
241679,241679,241681,2,0
241679,241679,241681,2,0
241678,241679,241681,2,1
241678,241679,241681,2,1
241678,241679,241681,2,1
241678,241679,241681,2,1
241678,241679,241681,2,1
241678,241679,241682,3,1
241678,241679,241681,2,1
241678,241679,241681,2,1
241678,241679,241682,3,1
241679,241681,241683,2,2
241678,241679,241682,3,1
241678,241679,241683,4,1
241678,241679,241683,4,1
241679,241681,241682,1,2
241679,241681,241683,2,2
241679,241681,241683,2,2
241678,241679,241682,3,1
241679,241681,241683,2,2
241679,241681,241683,2,2
241679,241681,241683,2,2
241679,241681,241683,2,2
241678,241679,241682,3,1
241679,241681,241682,1,2
241679,241681,241683,2,2
241679,241681,241683,2,2
241679,241681,241683,2,2
241679,241681,241683,2,2
241679,241681,241684,3,2
241679,241681,241683,2,2
241679,241681,241684,3,2
241679,241681,241683,2,2
241679,241681,241684,3,2
241679,241681,241683,2,2
241679,241681,241683,2,2
241679,241681,241684,3,2
241679,241681,241683,2,2
241679,241681,241684,3,2
241679,241681,241684,3,2
234431,234431,241684,7253,0
234428,234429,241684,7255,1
241698,241698,241699,1,0
241698,241698,241700,2,0
241698,241698,241699,1,0
241698,241698,241699,1,0
241698,241698,241699,1,0
241698,241698,241699,1,0
241698,241698,241699,1,0
241698,241698,241700,2,0
241698,241698,241699,1,0
241698,241698,241699,1,0
241698,241698,241699,1,0
241698,241698,241699,1,0
241698,241698,241699,1,0
241698,241698,241699,1,0
241698,241698,241700,2,0
241698,241698,241699,1,0
241698,241698,241699,1,0
241698,241698,241699,1,0
241698,241698,241700,2,0
241698,241698,241700,2,0
241698,241698,241699,1,0
241698,241698,241699,1,0
241698,241698,241699,1,0
241698,241698,241701,3,0
241698,241698,241700,2,0
241698,241698,241701,3,0
241698,241698,241700,2,0
241698,241698,241700,2,0
241698,241698,241700,2,0
241698,241698,241700,2,0
241698,241698,241701,3,0
241698,241698,241700,2,0
241698,241698,241700,2,0
241698,241698,241700,2,0
241698,241698,241700,2,0
241698,241698,241700,2,0
241698,241698,241701,3,0
241523,241523,241702,179,0
241698,241698,241701,3,0
241698,241698,241703,5,0
241533,241533,241704,171,0
241512,241517,241704,187,5
241698,241698,241705,7,0
241678,241679,241681,2,1
241678,241679,241682,3,1
241678,241679,241682,3,1
241678,241679,241681,2,1
241705,241705,241707,2,0
241705,241705,241707,2,0
241705,241705,241707,2,0
241705,241705,241707,2,0
241705,241705,241707,2,0
241705,241705,241707,2,0
241705,241705,241707,2,0
241705,241705,241707,2,0
241705,241706,241707,1,1
241705,241706,241707,1,1
241705,241705,241707,2,0
241705,241705,241707,2,0
241705,241705,241707,2,0
241705,241706,241707,1,1
241705,241706,241707,1,1
241705,241705,241707,2,0
241705,241706,241707,1,1
241705,241706,241707,1,1
241705,241706,241707,1,1
241705,241706,241707,1,1
241705,241705,241709,4,0
241705,241705,241708,3,0
241705,241708,241709,1,3
241705,241705,241709,4,0
241705,241705,241708,3,0
241705,241706,241708,2,1
241705,241705,241708,3,0
241705,241706,241708,2,1
241705,241705,241708,3,0
241705,241705,241708,3,0
241705,241708,241709,1,3
241705,241705,241708,3,0
241705,241705,241708,3,0
241679,241707,241709,2,28
241705,241707,241708,1,2
241705,241707,241708,1,2
241705,241707,241708,1,2
241705,241707,241708,1,2
241705,241708,241709,1,3
241705,241708,241709,1,3
241705,241708,241709,1,3
241705,241708,241709,1,3
241705,241708,241709,1,3
241705,241708,241709,1,3
241705,241708,241709,1,3
241705,241708,241709,1,3
241705,241708,241709,1,3
241705,241708,241710,2,3
241705,241708,241709,1,3
241705,241708,241710,2,3
241705,241708,241709,1,3
241679,241707,241710,3,28
241705,241708,241710,2,3
241705,241709,241711,2,4
241705,241709,241710,1,4
241705,241709,241710,1,4
241705,241708,241710,2,3
241705,241709,241711,2,4
241705,241709,241711,2,4
241705,241708,241711,3,3
241705,241709,241711,2,4
241705,241709,241711,2,4
241705,241709,241711,2,4
241705,241708,241710,2,3
241705,241708,241710,2,3
241705,241709,241710,1,4
241705,241709,241710,1,4
241698,241710,241711,1,12
241705,241709,241711,2,4
241705,241709,241711,2,4
241705,241709,241711,2,4
241698,241710,241711,1,12
241698,241710,241712,2,12
241698,241710,241712,2,12
241705,241710,241712,2,5
241541,241542,241713,171,1
241698,241710,241713,3,12
241705,241719,241720,1,14
241705,241719,241720,1,14
241705,241719,241720,1,14
241560,241560,241722,162,0
241705,241724,241725,1,19
241705,241724,241725,1,19
241705,241724,241725,1,19
241705,241724,241725,1,19
241705,241724,241726,2,19
241705,241724,241725,1,19
241723,241724,241725,1,1
241723,241724,241725,1,1
241723,241724,241725,1,1
241723,241724,241725,1,1
241723,241724,241726,2,1
241723,241724,241725,1,1
241723,241724,241725,1,1
241723,241724,241725,1,1
241723,241724,241725,1,1
241723,241724,241725,1,1
241724,241724,241725,1,0
241723,241724,241725,1,1
241723,241724,241725,1,1
241723,241724,241725,1,1
241723,241724,241725,1,1
241723,241724,241725,1,1
241723,241724,241725,1,1
241723,241724,241725,1,1
241723,241724,241725,1,1
241723,241724,241725,1,1
241723,241724,241726,2,1
241724,241724,241725,1,0
241723,241724,241725,1,1
241723,241724,241725,1,1
241723,241724,241726,2,1
241723,241724,241726,2,1
241723,241724,241725,1,1
241724,241724,241725,1,0
241723,241724,241725,1,1
241723,241724,241725,1,1
241723,241724,241725,1,1
241723,241724,241726,2,1
241723,241724,241725,1,1
241724,241724,241725,1,0
241724,241724,241725,1,0
241705,241724,241726,2,19
241705,241724,241726,2,19
241705,241724,241726,2,19
241724,241725,241726,1,1
241724,241725,241726,1,1
241724,241725,241726,1,1
241705,241724,241726,2,19
241705,241725,241727,2,20
241705,241725,241726,1,20
241724,241726,241727,1,2
241723,241724,241727,3,1
241723,241724,241727,3,1
241723,241724,241727,3,1
241723,241724,241726,2,1
241723,241724,241726,2,1
241723,241724,241726,2,1
241723,241724,241726,2,1
241723,241724,241726,2,1
241723,241724,241726,2,1
241724,241725,241727,2,1
241705,241724,241727,3,19
241724,241726,241727,1,2
241724,241726,241727,1,2
241724,241726,241727,1,2
241724,241726,241727,1,2
241724,241726,241727,1,2
241724,241726,241727,1,2
241724,241726,241728,2,2
241723,241724,241728,4,1
241724,241726,241727,1,2
241724,241726,241727,1,2
241724,241726,241727,1,2
241724,241726,241727,1,2
241724,241726,241728,2,2
241724,241726,241727,1,2
241724,241726,241727,1,2
241724,241726,241727,1,2
241724,241726,241728,2,2
241724,241726,241728,2,2
241724,241726,241727,1,2
241724,241726,241727,1,2
241724,241726,241728,2,2
241724,241726,241728,2,2
241724,241726,241728,2,2
241724,241726,241728,2,2
241724,241726,241729,3,2
241724,241726,241728,2,2
241724,241726,241728,2,2
241724,241726,241728,2,2
241724,241726,241728,2,2
241724,241726,241728,2,2
241724,241726,241728,2,2
241724,241726,241728,2,2
241724,241726,241728,2,2
241724,241726,241728,2,2
241724,241726,241728,2,2
241723,241737,241738,1,14
241723,241737,241738,1,14
241724,241737,241738,1,13
241723,241737,241739,2,14
241723,241737,241739,2,14
241723,241737,241739,2,14
241738,241738,241739,1,0
241738,241738,241739,1,0
241738,241738,241739,1,0
241738,241738,241739,1,0
241738,241738,241739,1,0
241738,241738,241739,1,0
241738,241738,241739,1,0
241738,241738,241739,1,0
241738,241738,241740,2,0
241738,241738,241739,1,0
241738,241738,241739,1,0
241738,241738,241740,2,0
241738,241738,241739,1,0
241738,241738,241739,1,0
241738,241738,241739,1,0
241738,241738,241739,1,0
241738,241738,241739,1,0
241738,241738,241739,1,0
241738,241738,241739,1,0
241738,241738,241739,1,0
241738,241738,241740,2,0
241738,241738,241739,1,0
241738,241738,241739,1,0
241738,241738,241739,1,0
241738,241738,241740,2,0
241738,241738,241739,1,0
241738,241738,241739,1,0
241738,241738,241739,1,0
241738,241738,241739,1,0
241738,241738,241740,2,0
241738,241738,241740,2,0
241738,241738,241740,2,0
241738,241738,241740,2,0
241738,241738,241740,2,0
241738,241738,241740,2,0
241738,241738,241740,2,0
241738,241738,241740,2,0
241738,241738,241740,2,0
241738,241738,241740,2,0
241738,241738,241740,2,0
241738,241738,241740,2,0
241738,241738,241740,2,0
241738,241738,241740,2,0
241738,241738,241740,2,0
241738,241738,241740,2,0
241582,241582,241746,164,0
241570,241570,241749,179,0
241753,241754,241755,1,1
241753,241754,241755,1,1
241753,241754,241755,1,1
241753,241753,241755,2,0
241753,241753,241755,2,0
241753,241753,241755,2,0
241753,241753,241755,2,0
241753,241753,241755,2,0
241753,241753,241755,2,0
241753,241753,241755,2,0
241753,241753,241755,2,0
241753,241753,241755,2,0
241753,241753,241755,2,0
241753,241753,241755,2,0
241753,241753,241755,2,0
241753,241753,241755,2,0
241753,241753,241755,2,0
241753,241753,241755,2,0
241753,241753,241755,2,0
241753,241753,241755,2,0
241753,241753,241755,2,0
241753,241753,241755,2,0
241753,241753,241755,2,0
241753,241753,241755,2,0
241753,241753,241755,2,0
241753,241753,241755,2,0
241753,241753,241755,2,0
241753,241753,241755,2,0
241753,241753,241755,2,0
241753,241753,241755,2,0
241753,241753,241755,2,0
241753,241753,241755,2,0
241753,241753,241755,2,0
241753,241753,241755,2,0
241753,241753,241755,2,0
241753,241753,241755,2,0
241753,241753,241755,2,0
241753,241753,241755,2,0
241753,241753,241755,2,0
241753,241753,241755,2,0
241753,241753,241755,2,0
241753,241753,241755,2,0
241753,241753,241755,2,0
241753,241753,241755,2,0
241753,241753,241755,2,0
241753,241753,241755,2,0
241753,241753,241755,2,0
241753,241753,241755,2,0
241753,241753,241755,2,0
241753,241754,241755,1,1
241753,241753,241755,2,0
241753,241753,241755,2,0
241753,241753,241755,2,0
241753,241753,241755,2,0
241753,241753,241756,3,0
241753,241753,241756,3,0
241753,241754,241756,2,1
241753,241754,241756,2,1
241753,241753,241756,3,0
241753,241753,241756,3,0
241753,241756,241757,1,3
241753,241756,241757,1,3
241753,241756,241758,2,3
241753,241756,241758,2,3
241753,241756,241757,1,3
241753,241756,241757,1,3
241753,241756,241757,1,3
241753,241756,241757,1,3
241753,241756,241758,2,3
241753,241756,241757,1,3
241753,241756,241757,1,3
241753,241756,241757,1,3
241753,241756,241757,1,3
241753,241756,241757,1,3
241753,241756,241758,2,3
241753,241756,241757,1,3
241753,241756,241757,1,3
241753,241756,241757,1,3
241753,241756,241757,1,3
241753,241756,241758,2,3
241753,241756,241757,1,3
241753,241756,241757,1,3
241753,241756,241758,2,3
241753,241756,241758,2,3
241580,241589,241764,175,9
241753,241769,241770,1,16
241753,241769,241770,1,16
241753,241769,241770,1,16
241753,241769,241771,2,16
241753,241769,241771,2,16
241769,241769,241771,2,0
241769,241769,241771,2,0
241769,241769,241771,2,0
241769,241769,241771,2,0
241769,241769,241771,2,0
241769,241769,241771,2,0
241769,241769,241771,2,0
241769,241769,241771,2,0
241769,241769,241771,2,0
241769,241770,241771,1,1
241769,241770,241771,1,1
241769,241769,241771,2,0
241769,241769,241771,2,0
241769,241769,241771,2,0
241769,241769,241771,2,0
241769,241769,241771,2,0
241769,241769,241771,2,0
241769,241769,241771,2,0
241769,241769,241771,2,0
241769,241769,241771,2,0
241769,241769,241771,2,0
241769,241769,241771,2,0
241769,241769,241771,2,0
241769,241769,241771,2,0
241769,241769,241771,2,0
241769,241769,241771,2,0
241769,241769,241771,2,0
241769,241769,241771,2,0
241769,241769,241771,2,0
241769,241769,241771,2,0
241769,241769,241771,2,0
241769,241769,241771,2,0
241769,241769,241772,3,0
241769,241770,241772,2,1
241769,241770,241772,2,1
241769,241770,241772,2,1
241769,241769,241772,3,0
241769,241769,241772,3,0
241769,241769,241772,3,0
241769,241769,241772,3,0
241769,241769,241772,3,0
241613,241614,241786,172,1
241551,241551,241789,238,0
241788,241789,241790,1,1
241788,241789,241790,1,1
241788,241789,241790,1,1
241615,241615,241790,175,0
241788,241789,241790,1,1
241788,241789,241790,1,1
241788,241789,241790,1,1
241788,241789,241790,1,1
241788,241789,241790,1,1
241788,241789,241791,2,1
241788,241789,241791,2,1
241769,241789,241790,1,20
241769,241789,241790,1,20
241769,241789,241790,1,20
241769,241789,241791,2,20
241788,241789,241790,1,1
241788,241789,241791,2,1
241790,241790,241791,1,0
241788,241789,241790,1,1
241788,241789,241790,1,1
241788,241789,241790,1,1
241788,241789,241791,2,1
241788,241789,241791,2,1
241790,241790,241791,1,0
241788,241789,241790,1,1
241788,241789,241790,1,1
241788,241789,241790,1,1
241788,241789,241791,2,1
241788,241789,241790,1,1
241790,241790,241791,1,0
241788,241789,241790,1,1
241788,241789,241790,1,1
241788,241789,241790,1,1
241788,241789,241790,1,1
241788,241789,241790,1,1
241790,241790,241791,1,0
241788,241789,241790,1,1
241788,241789,241790,1,1
241788,241789,241790,1,1
241788,241789,241790,1,1
241788,241789,241790,1,1
241790,241790,241791,1,0
241790,241790,241791,1,0
241788,241789,241790,1,1
241788,241789,241790,1,1
241788,241789,241790,1,1
241788,241789,241790,1,1
241788,241789,241791,2,1
241790,241790,241791,1,0
241790,241790,241791,1,0
241790,241790,241791,1,0
241790,241790,241791,1,0
241788,241789,241792,3,1
241788,241789,241791,2,1
241788,241789,241791,2,1
241790,241791,241792,1,1
241790,241791,241792,1,1
241790,241791,241792,1,1
241790,241791,241792,1,1
241788,241789,241792,3,1
241790,241791,241792,1,1
241790,241792,241793,1,2
241790,241791,241792,1,1
241790,241791,241792,1,1
241790,241791,241792,1,1
241790,241791,241792,1,1
241790,241792,241794,2,2
241790,241792,241793,1,2
241790,241792,241793,1,2
241790,241792,241793,1,2
241790,241792,241793,1,2
241790,241792,241793,1,2
241790,241792,241793,1,2
241790,241792,241794,2,2
241790,241792,241793,1,2
241790,241792,241794,2,2
241790,241792,241793,1,2
241790,241792,241793,1,2
241790,241792,241793,1,2
241790,241792,241793,1,2
241790,241792,241794,2,2
241790,241792,241794,2,2
241790,241792,241794,2,2
241790,241792,241794,2,2
241790,241792,241794,2,2
241790,241792,241794,2,2
241790,241792,241794,2,2
241790,241792,241794,2,2
241790,241792,241795,3,2
241788,241797,241798,1,9
241788,241797,241798,1,9
241790,241797,241798,1,7
241790,241797,241798,1,7
241788,241797,241799,2,9
241788,241797,241799,2,9
241611,241630,241812,182,19
241812,241812,241813,1,0
241812,241812,241813,1,0
241812,241812,241813,1,0
241812,241812,241813,1,0
241812,241812,241813,1,0
241812,241812,241813,1,0
241812,241812,241814,2,0
241812,241812,241814,2,0
241812,241812,241813,1,0
241812,241812,241813,1,0
241812,241812,241813,1,0
241812,241812,241813,1,0
241812,241812,241814,2,0
241812,241812,241813,1,0
241812,241812,241813,1,0
241812,241812,241813,1,0
241812,241812,241814,2,0
241812,241812,241814,2,0
241812,241812,241813,1,0
241812,241812,241813,1,0
241812,241812,241813,1,0
241812,241812,241814,2,0
241812,241812,241814,2,0
241812,241812,241814,2,0
241812,241812,241813,1,0
241812,241812,241814,2,0
241812,241812,241813,1,0
241812,241812,241813,1,0
241812,241812,241813,1,0
241812,241812,241813,1,0
241812,241812,241814,2,0
241812,241813,241814,1,1
241812,241813,241814,1,1
241812,241813,241814,1,1
241812,241812,241814,2,0
241812,241812,241815,3,0
241812,241812,241814,2,0
241812,241813,241814,1,1
241812,241812,241815,3,0
241812,241812,241815,3,0
241812,241812,241814,2,0
241812,241813,241816,3,1
241824,241824,241826,2,0
241824,241824,241826,2,0
241824,241824,241825,1,0
241824,241824,241826,2,0
241824,241824,241826,2,0
241824,241825,241826,1,1
241824,241824,241825,1,0
241824,241824,241825,1,0
241824,241824,241825,1,0
241824,241824,241826,2,0
241824,241824,241825,1,0
241824,241824,241825,1,0
241824,241824,241825,1,0
241824,241824,241826,2,0
241824,241824,241826,2,0
241824,241824,241825,1,0
241824,241824,241825,1,0
241824,241824,241825,1,0
241824,241824,241826,2,0
241824,241824,241826,2,0
241824,241824,241825,1,0
241824,241824,241825,1,0
241824,241824,241825,1,0
241824,241824,241826,2,0
241824,241824,241826,2,0
241824,241824,241825,1,0
241824,241824,241825,1,0
241824,241824,241826,2,0
241824,241824,241826,2,0
241824,241824,241826,2,0
241824,241824,241826,2,0
241824,241824,241826,2,0
241824,241824,241825,1,0
241824,241824,241826,2,0
241824,241824,241826,2,0
241824,241824,241827,3,0
241824,241825,241826,1,1
241824,241825,241826,1,1
241824,241825,241826,1,1
241824,241825,241827,2,1
241824,241824,241826,2,0
241824,241824,241827,3,0
241812,241813,241829,16,1
241824,241825,241829,4,1
241824,241825,241831,6,1
241663,241664,241833,169,1
241824,241825,241833,8,1
241667,241667,241834,167,0
241652,241652,241834,182,0
241838,241839,241840,1,1
241838,241839,241841,2,1
241838,241839,241841,2,1
241838,241839,241841,2,1
241838,241839,241841,2,1
241838,241839,241840,1,1
241838,241839,241841,2,1
241838,241839,241840,1,1
241838,241839,241840,1,1
241838,241839,241840,1,1
241839,241839,241841,2,0
241839,241839,241840,1,0
241838,241839,241840,1,1
241838,241839,241841,2,1
241839,241839,241840,1,0
241839,241839,241840,1,0
241839,241839,241840,1,0
241838,241839,241840,1,1
241838,241839,241840,1,1
241838,241839,241840,1,1
241838,241839,241841,2,1
241839,241839,241840,1,0
241839,241839,241840,1,0
241839,241839,241840,1,0
241838,241839,241840,1,1
241838,241839,241840,1,1
241838,241839,241840,1,1
241838,241839,241841,2,1
241838,241839,241840,1,1
241839,241839,241840,1,0
241839,241839,241840,1,0
241648,241648,241840,192,0
241838,241839,241840,1,1
241838,241839,241840,1,1
241838,241839,241840,1,1
241839,241839,241840,1,0
241839,241840,241841,1,1
241838,241839,241840,1,1
241838,241839,241841,2,1
241839,241839,241840,1,0
241839,241839,241841,2,0
241839,241839,241840,1,0
241839,241839,241841,2,0
241838,241839,241840,1,1
241838,241839,241840,1,1
241838,241839,241840,1,1
241838,241839,241841,2,1
241839,241839,241840,1,0
241839,241839,241840,1,0
241839,241839,241840,1,0
241838,241840,241841,1,2
241838,241840,241841,1,2
241838,241840,241841,1,2
241838,241839,241841,2,1
241838,241839,241841,2,1
241838,241839,241841,2,1
241838,241839,241841,2,1
241838,241839,241841,2,1
241838,241839,241841,2,1
241838,241839,241841,2,1
241838,241839,241841,2,1
241838,241839,241841,2,1
241838,241839,241841,2,1
241838,241839,241841,2,1
241839,241841,241843,2,2
241839,241841,241843,2,2
241839,241841,241843,2,2
241839,241841,241842,1,2
241839,241841,241843,2,2
241839,241841,241843,2,2
241839,241841,241843,2,2
241839,241841,241843,2,2
241839,241841,241843,2,2
241839,241841,241843,2,2
241839,241841,241843,2,2
241839,241841,241843,2,2
241839,241841,241843,2,2
241839,241841,241843,2,2
241839,241841,241843,2,2
241839,241841,241844,3,2
241839,241841,241844,3,2
241839,241841,241844,3,2
241839,241841,241844,3,2
241839,241841,241843,2,2
241839,241841,241844,3,2
241839,241841,241843,2,2
241839,241841,241844,3,2
241839,241841,241844,3,2
241839,241841,241844,3,2
241839,241841,241844,3,2
241838,241840,241845,5,2
234428,234428,241847,7419,0
241855,241855,241857,2,0
241855,241855,241857,2,0
241855,241855,241857,2,0
241855,241855,241857,2,0
241855,241855,241857,2,0
241855,241855,241857,2,0
241855,241855,241857,2,0
241855,241856,241857,1,1
241855,241856,241857,1,1
241855,241855,241857,2,0
241855,241855,241857,2,0
241855,241855,241857,2,0
241855,241855,241857,2,0
241855,241856,241857,1,1
241855,241856,241857,1,1
241855,241856,241857,1,1
241855,241855,241857,2,0
241855,241855,241857,2,0
241855,241855,241857,2,0
241855,241855,241857,2,0
241855,241855,241857,2,0
241855,241855,241857,2,0
241855,241855,241857,2,0
241855,241855,241857,2,0
241855,241855,241857,2,0
241855,241855,241857,2,0
241855,241855,241857,2,0
241855,241855,241857,2,0
241855,241855,241857,2,0
241855,241855,241857,2,0
241855,241855,241857,2,0
241855,241855,241857,2,0
241855,241855,241857,2,0
241855,241855,241857,2,0
241855,241856,241858,2,1
241855,241856,241858,2,1
241855,241855,241858,3,0
241855,241858,241859,1,3
241855,241858,241859,1,3
241855,241858,241859,1,3
241855,241856,241859,3,1
241855,241858,241859,1,3
241855,241858,241860,2,3
241855,241858,241860,2,3
241855,241856,241860,4,1
241680,241681,241862,181,1
241665,241667,241866,199,2
241865,241866,241867,1,1
241865,241866,241867,1,1
241865,241866,241867,1,1
241865,241866,241867,1,1
241865,241865,241867,2,0
241865,241865,241867,2,0
241865,241865,241867,2,0
241865,241866,241867,1,1
241865,241865,241867,2,0
241865,241865,241867,2,0
241865,241865,241866,1,0
241865,241865,241867,2,0
241865,241865,241867,2,0
241865,241865,241867,2,0
241865,241865,241866,1,0
241865,241865,241866,1,0
241865,241865,241867,2,0
241865,241865,241867,2,0
241865,241865,241867,2,0
241865,241865,241867,2,0
241865,241865,241866,1,0
241865,241865,241866,1,0
241865,241865,241867,2,0
241865,241865,241867,2,0
241865,241865,241867,2,0
241865,241865,241867,2,0
241865,241865,241866,1,0
241865,241865,241866,1,0
241865,241865,241866,1,0
241865,241865,241867,2,0
241865,241865,241867,2,0
241865,241865,241867,2,0
241865,241865,241867,2,0
241865,241865,241867,2,0
241865,241865,241867,2,0
241865,241866,241867,1,1
241865,241865,241867,2,0
241865,241865,241867,2,0
241865,241865,241867,2,0
241865,241865,241867,2,0
241865,241865,241867,2,0
241865,241865,241867,2,0
241865,241865,241867,2,0
241865,241865,241867,2,0
241865,241865,241867,2,0
241865,241865,241867,2,0
241865,241865,241867,2,0
241865,241865,241867,2,0
241865,241865,241867,2,0
241865,241865,241867,2,0
241865,241865,241866,1,0
241865,241865,241866,1,0
241865,241865,241867,2,0
241865,241866,241868,2,1
241865,241865,241867,2,0
241865,241865,241868,3,0
241865,241865,241868,3,0
241865,241865,241867,2,0
241865,241865,241867,2,0
241865,241865,241867,2,0
241865,241865,241868,3,0
241865,241868,241869,1,3
241865,241867,241869,2,2
241865,241867,241869,2,2
241865,241867,241869,2,2
241865,241867,241868,1,2
241865,241867,241869,2,2
241865,241867,241869,2,2
241865,241867,241869,2,2
241865,241867,241869,2,2
241865,241867,241869,2,2
241865,241867,241869,2,2
241865,241867,241869,2,2
241865,241867,241869,2,2
241865,241867,241869,2,2
241865,241867,241869,2,2
241865,241868,241869,1,3
241865,241868,241869,1,3
241865,241867,241869,2,2
241865,241867,241870,3,2
241865,241867,241870,3,2
241865,241867,241870,3,2
241865,241867,241869,2,2
241865,241867,241870,3,2
241865,241867,241870,3,2
241865,241867,241870,3,2
241865,241867,241870,3,2
241865,241867,241870,3,2
241865,241867,241870,3,2
241865,241867,241870,3,2
241699,241699,241877,178,0
241884,241884,241886,2,0
241884,241884,241886,2,0
241884,241884,241886,2,0
241884,241884,241886,2,0
241884,241884,241885,1,0
241884,241884,241885,1,0
241884,241884,241886,2,0
241884,241884,241886,2,0
241707,241709,241886,177,2
241884,241884,241886,2,0
241884,241884,241886,2,0
241884,241884,241886,2,0
241884,241884,241886,2,0
241884,241884,241885,1,0
241884,241884,241885,1,0
241884,241884,241886,2,0
241884,241884,241886,2,0
241884,241884,241886,2,0
241884,241884,241886,2,0
241884,241884,241886,2,0
241884,241884,241886,2,0
241884,241884,241886,2,0
241884,241884,241887,3,0
241884,241884,241887,3,0
241884,241884,241887,3,0
241884,241884,241887,3,0
241884,241884,241886,2,0
241884,241884,241887,3,0
241884,241884,241887,3,0
241884,241884,241888,4,0
241884,241884,241887,3,0
241884,241884,241888,4,0
241884,241884,241888,4,0
234424,234424,241894,7470,0
241892,241892,241894,2,0
241892,241892,241893,1,0
241892,241892,241893,1,0
241892,241892,241893,1,0
241892,241892,241893,1,0
241892,241892,241893,1,0
241892,241892,241893,1,0
241892,241892,241893,1,0
241892,241892,241894,2,0
241892,241892,241894,2,0
241892,241892,241894,2,0
241892,241892,241894,2,0
241892,241892,241894,2,0
241892,241892,241893,1,0
241892,241892,241893,1,0
241892,241892,241893,1,0
241892,241892,241893,1,0
241892,241892,241893,1,0
241892,241892,241893,1,0
241892,241892,241893,1,0
241892,241892,241894,2,0
241892,241892,241894,2,0
241884,241893,241894,1,9
241884,241893,241894,1,9
241884,241893,241894,1,9
241892,241892,241894,2,0
241892,241892,241894,2,0
241892,241892,241895,3,0
241892,241892,241894,2,0
241892,241892,241894,2,0
241894,241894,241895,1,0
241892,241892,241895,3,0
241892,241892,241894,2,0
241892,241892,241894,2,0
241892,241892,241895,3,0
241892,241892,241895,3,0
241892,241892,241895,3,0
241892,241892,241895,3,0
241892,241892,241894,2,0
241892,241892,241894,2,0
241894,241894,241895,1,0
241892,241892,241895,3,0
241892,241892,241894,2,0
241894,241894,241895,1,0
241884,241893,241895,2,9
241884,241893,241894,1,9
241884,241893,241895,2,9
241884,241893,241895,2,9
241892,241893,241895,2,1
241884,241893,241895,2,9
241884,241893,241895,2,9
241892,241892,241895,3,0
241892,241892,241896,4,0
241894,241894,241895,1,0
241894,241894,241895,1,0
241894,241894,241895,1,0
241892,241892,241895,3,0
241894,241894,241895,1,0
241894,241894,241895,1,0
241894,241894,241895,1,0
241894,241894,241895,1,0
241894,241894,241895,1,0
241894,241894,241896,2,0
241894,241894,241895,1,0
241894,241894,241895,1,0
241894,241894,241895,1,0
241894,241894,241896,2,0
241894,241894,241896,2,0
241894,241894,241895,1,0
241894,241894,241895,1,0
241894,241894,241896,2,0
241884,241893,241896,3,9
241894,241894,241896,2,0
241894,241894,241896,2,0
241894,241895,241897,2,1
241894,241895,241897,2,1
241894,241894,241896,2,0
241894,241895,241897,2,1
241894,241895,241897,2,1
234431,234431,241897,7466,0
241894,241894,241897,3,0
241894,241894,241897,3,0
241894,241894,241897,3,0
241894,241895,241897,2,1
241894,241895,241896,1,1
241894,241894,241897,3,0
241894,241895,241897,2,1
241894,241895,241897,2,1
241894,241895,241897,2,1
241894,241895,241897,2,1
241894,241895,241898,3,1
241894,241895,241898,3,1
241894,241895,241897,2,1
241894,241895,241898,3,1
241894,241895,241897,2,1
241894,241895,241897,2,1
241894,241895,241897,2,1
241894,241895,241897,2,1
241724,241726,241902,176,2
241884,241902,241903,1,18
241884,241902,241904,2,18
241892,241903,241904,1,11
241884,241902,241905,3,18
241892,241903,241905,2,11
241739,241739,241907,168,0
241910,241910,241912,2,0
241910,241910,241912,2,0
241910,241910,241912,2,0
241910,241910,241912,2,0
241910,241910,241912,2,0
241910,241910,241912,2,0
241910,241910,241912,2,0
241910,241910,241912,2,0
241910,241910,241912,2,0
241910,241910,241912,2,0
241910,241910,241912,2,0
241910,241910,241911,1,0
241910,241910,241912,2,0
241910,241910,241911,1,0
241910,241910,241912,2,0
241910,241910,241912,2,0
241910,241910,241912,2,0
241910,241910,241911,1,0
241910,241910,241912,2,0
241910,241910,241912,2,0
241910,241910,241912,2,0
241910,241910,241912,2,0
241910,241910,241912,2,0
241910,241910,241912,2,0
241910,241911,241912,1,1
241910,241910,241913,3,0
241910,241910,241913,3,0
241910,241910,241912,2,0
241910,241910,241913,3,0
241910,241911,241913,2,1
241910,241911,241912,1,1
241910,241911,241912,1,1
241910,241911,241913,2,1
241910,241910,241912,2,0
241910,241910,241912,2,0
241910,241910,241913,3,0
241910,241910,241912,2,0
241910,241910,241913,3,0
241910,241910,241913,3,0
241910,241910,241913,3,0
241910,241910,241913,3,0
241910,241910,241913,3,0
241910,241910,241913,3,0
241910,241911,241914,3,1
241910,241910,241913,3,0
241929,241929,241930,1,0
241929,241929,241931,2,0
241929,241929,241931,2,0
241929,241929,241930,1,0
241929,241929,241930,1,0
241929,241929,241930,1,0
241929,241929,241930,1,0
241929,241929,241931,2,0
241929,241929,241930,1,0
241929,241929,241930,1,0
241929,241929,241930,1,0
241929,241929,241931,2,0
241929,241929,241931,2,0
241929,241929,241931,2,0
241929,241929,241930,1,0
241929,241929,241930,1,0
241929,241929,241930,1,0
241929,241929,241931,2,0
241929,241929,241930,1,0
241929,241929,241930,1,0
241929,241929,241931,2,0
241929,241929,241932,3,0
241929,241929,241932,3,0
241929,241929,241931,2,0
241929,241929,241932,3,0
241929,241929,241931,2,0
241929,241929,241932,3,0
241929,241929,241931,2,0
241929,241929,241932,3,0
241929,241929,241931,2,0
241929,241929,241932,3,0
241929,241929,241931,2,0
241929,241929,241931,2,0
241929,241929,241931,2,0
241929,241929,241932,3,0
241929,241929,241931,2,0
241929,241929,241932,3,0
241754,241756,241933,177,2
241929,241929,241931,2,0
241929,241929,241931,2,0
241929,241929,241933,4,0
241935,241935,241936,1,0
241935,241935,241937,2,0
241935,241935,241936,1,0
241935,241935,241937,2,0
241935,241935,241936,1,0
241935,241935,241936,1,0
241935,241935,241936,1,0
241935,241935,241937,2,0
241935,241935,241937,2,0
241935,241935,241936,1,0
241935,241935,241937,2,0
241935,241935,241936,1,0
241935,241935,241936,1,0
241935,241935,241936,1,0
241935,241935,241937,2,0
241929,241935,241937,2,6
241929,241935,241937,2,6
241929,241935,241937,2,6
241929,241935,241937,2,6
241935,241935,241937,2,0
241935,241935,241938,3,0
241935,241935,241937,2,0
241935,241935,241937,2,0
241935,241935,241937,2,0
241935,241935,241938,3,0
241935,241935,241938,3,0
241935,241935,241937,2,0
241935,241935,241937,2,0
241935,241935,241938,3,0
241935,241935,241937,2,0
241935,241935,241938,3,0
241935,241935,241937,2,0
241935,241935,241938,3,0
241935,241935,241937,2,0
241935,241935,241938,3,0
241935,241936,241937,1,1
241935,241936,241937,1,1
241935,241935,241937,2,0
241935,241935,241938,3,0
241935,241935,241937,2,0
241935,241935,241937,2,0
241929,241935,241938,3,6
241935,241935,241938,3,0
241935,241935,241938,3,0
241935,241935,241938,3,0
241770,241770,241948,178,0
241776,241776,241948,172,0
241948,241949,241950,1,1
241948,241949,241950,1,1
241948,241949,241950,1,1
241948,241949,241950,1,1
241948,241949,241950,1,1
241948,241949,241950,1,1
241948,241949,241950,1,1
241948,241949,241951,2,1
241948,241949,241950,1,1
241948,241949,241950,1,1
241948,241949,241950,1,1
241948,241949,241950,1,1
241948,241949,241950,1,1
241948,241949,241951,2,1
241948,241949,241950,1,1
241948,241949,241950,1,1
241948,241949,241950,1,1
241948,241949,241950,1,1
241948,241949,241950,1,1
241948,241949,241951,2,1
241948,241949,241951,2,1
241948,241949,241951,2,1
241951,241951,241952,1,0
241948,241949,241951,2,1
241948,241949,241951,2,1
241948,241949,241952,3,1
241948,241949,241951,2,1
241948,241949,241951,2,1
241948,241949,241951,2,1
241948,241949,241951,2,1
241948,241949,241951,2,1
241948,241949,241951,2,1
241948,241949,241951,2,1
241948,241949,241951,2,1
241948,241949,241951,2,1
241948,241949,241951,2,1
241951,241951,241952,1,0
241951,241951,241952,1,0
241951,241951,241952,1,0
241951,241951,241952,1,0
241951,241951,241952,1,0
241948,241949,241952,3,1
241951,241951,241952,1,0
241951,241951,241952,1,0
241951,241951,241952,1,0
241951,241951,241952,1,0
241951,241951,241952,1,0
241951,241951,241952,1,0
241951,241951,241952,1,0
241951,241951,241952,1,0
241951,241951,241952,1,0
241951,241951,241952,1,0
241951,241951,241952,1,0
241951,241951,241952,1,0
241948,241949,241952,3,1
241951,241951,241952,1,0
241951,241951,241952,1,0
241948,241949,241952,3,1
241951,241951,241953,2,0
241951,241951,241953,2,0
241951,241952,241954,2,1
241951,241952,241953,1,1
241951,241952,241953,1,1
241951,241952,241953,1,1
241951,241952,241954,2,1
241951,241952,241954,2,1
241951,241952,241954,2,1
241951,241952,241954,2,1
241951,241952,241953,1,1
241951,241952,241953,1,1
241951,241952,241954,2,1
241951,241951,241953,2,0
241951,241952,241954,2,1
241951,241952,241953,1,1
241951,241951,241953,2,0
241951,241952,241953,1,1
241951,241952,241953,1,1
241951,241951,241953,2,0
241951,241951,241953,2,0
241951,241951,241953,2,0
241935,241952,241953,1,17
241935,241952,241953,1,17
241935,241952,241953,1,17
241935,241952,241955,3,17
241935,241952,241954,2,17
241948,241954,241956,2,6
241948,241954,241957,3,6
241948,241954,241958,4,6
241948,241949,241952,3,1
241948,241949,241952,3,1
241948,241949,241951,2,1
241951,241963,241964,1,12
241951,241963,241964,1,12
241787,241788,241965,177,1
241951,241963,241965,2,12
241966,241966,241968,2,0
241966,241966,241968,2,0
241966,241966,241968,2,0
241966,241966,241968,2,0
241966,241966,241968,2,0
241966,241967,241968,1,1
241966,241967,241968,1,1
241966,241966,241968,2,0
241966,241966,241968,2,0
241966,241966,241968,2,0
241966,241967,241968,1,1
241966,241966,241968,2,0
241966,241966,241968,2,0
241966,241966,241968,2,0
241966,241967,241968,1,1
241966,241966,241968,2,0
241966,241966,241968,2,0
241966,241966,241968,2,0
241966,241966,241968,2,0
241966,241966,241968,2,0
241966,241966,241968,2,0
241966,241967,241968,1,1
241966,241966,241968,2,0
241966,241966,241968,2,0
241966,241967,241968,1,1
241966,241966,241968,2,0
241966,241966,241968,2,0
241966,241967,241968,1,1
241966,241967,241969,2,1
241966,241966,241969,3,0
241966,241967,241969,2,1
241966,241967,241969,2,1
241966,241967,241969,2,1
241966,241966,241970,4,0
241966,241966,241969,3,0
241966,241967,241969,2,1
241966,241967,241969,2,1
241966,241966,241969,3,0
241966,241967,241969,2,1
241966,241967,241970,3,1
241966,241967,241970,3,1
241948,241954,241971,17,6
241966,241967,241973,6,1
241789,241790,241973,183,1
241978,241978,241979,1,0
241978,241978,241980,2,0
241978,241978,241980,2,0
241978,241978,241980,2,0
241978,241978,241980,2,0
241978,241978,241980,2,0
241978,241978,241980,2,0
241978,241978,241980,2,0
241978,241978,241980,2,0
241978,241978,241980,2,0
241978,241978,241980,2,0
241978,241978,241980,2,0
241978,241978,241980,2,0
241978,241978,241980,2,0
241978,241978,241980,2,0
241978,241978,241980,2,0
241978,241978,241980,2,0
241978,241978,241980,2,0
241978,241978,241980,2,0
241978,241978,241980,2,0
241978,241978,241980,2,0
241978,241978,241980,2,0
241978,241978,241980,2,0
241978,241978,241980,2,0
241978,241978,241980,2,0
241978,241978,241980,2,0
241978,241978,241981,3,0
241978,241978,241980,2,0
241978,241978,241981,3,0
241978,241978,241980,2,0
241978,241978,241981,3,0
241978,241978,241981,3,0
241978,241978,241980,2,0
241978,241978,241981,3,0
241978,241978,241981,3,0
241966,241967,241981,14,1
241978,241978,241981,3,0
241978,241978,241983,5,0
241966,241967,241983,16,1
241966,241967,241983,16,1
241978,241978,241986,8,0
241792,241792,241987,195,0
241813,241813,241988,175,0
241978,241978,241989,11,0
241978,241978,241990,12,0
241978,241994,241995,1,16
241978,241994,241995,1,16
241978,241994,241995,1,16
241978,241994,241995,1,16
241978,241994,241996,2,16
241996,241996,241997,1,0
241996,241996,241997,1,0
241996,241996,241997,1,0
241996,241996,241998,2,0
241996,241996,241998,2,0
241996,241996,241998,2,0
241996,241996,241998,2,0
241996,241996,241998,2,0
241996,241996,241997,1,0
241996,241996,241998,2,0
241996,241996,241997,1,0
241996,241996,241998,2,0
241996,241996,241998,2,0
241996,241996,241998,2,0
241996,241996,241997,1,0
241996,241996,241997,1,0
241996,241996,241997,1,0
241996,241996,241998,2,0
241996,241996,241998,2,0
241996,241996,241997,1,0
241996,241996,241997,1,0
241996,241996,241998,2,0
241996,241996,241998,2,0
241996,241996,241997,1,0
241996,241996,241997,1,0
241996,241996,241997,1,0
241996,241996,241998,2,0
241996,241996,241998,2,0
241996,241996,241998,2,0
241996,241996,241997,1,0
241996,241996,241998,2,0
241996,241996,241998,2,0
241996,241997,241998,1,1
241996,241996,241999,3,0
241996,241996,241999,3,0
241996,241996,241998,2,0
241996,241996,241999,3,0
241825,241825,242000,175,0
241996,241996,241998,2,0
241996,241996,241998,2,0
241996,241997,241999,2,1
241996,241997,241999,2,1
241996,241996,242000,4,0
242007,242007,242008,1,0
242007,242008,242009,1,1
242007,242008,242009,1,1
242007,242007,242009,2,0
242007,242007,242009,2,0
242007,242007,242009,2,0
242007,242007,242009,2,0
242007,242007,242008,1,0
242007,242007,242008,1,0
242007,242007,242009,2,0
242007,242007,242009,2,0
242007,242007,242009,2,0
242007,242007,242009,2,0
242007,242007,242008,1,0
242007,242007,242009,2,0
242007,242007,242009,2,0
242007,242007,242008,1,0
242007,242007,242009,2,0
242007,242007,242009,2,0
242007,242007,242009,2,0
242007,242007,242009,2,0
242007,242007,242009,2,0
242007,242007,242008,1,0
242007,242007,242009,2,0
242007,242007,242008,1,0
242007,242007,242009,2,0
242007,242007,242009,2,0
242007,242007,242009,2,0
241996,241997,242008,11,1
242007,242008,242009,1,1
242007,242007,242010,3,0
242007,242007,242009,2,0
242009,242009,242010,1,0
242007,242007,242009,2,0
242009,242009,242010,1,0
242009,242009,242010,1,0
242009,242009,242010,1,0
242009,242009,242010,1,0
242009,242009,242010,1,0
242009,242009,242010,1,0
242009,242009,242010,1,0
242009,242009,242010,1,0
242009,242009,242010,1,0
242009,242009,242010,1,0
242009,242009,242011,2,0
242009,242009,242011,2,0
242007,242008,242011,3,1
242007,242008,242010,2,1
242007,242008,242010,2,1
242009,242009,242011,2,0
242009,242009,242011,2,0
242009,242010,242011,1,1
242009,242010,242011,1,1
242009,242010,242011,1,1
242009,242010,242011,1,1
242009,242010,242011,1,1
242009,242009,242011,2,0
242009,242010,242011,1,1
242009,242010,242011,1,1
242009,242010,242012,2,1
242009,242010,242011,1,1
242009,242009,242011,2,0
242009,242009,242011,2,0
242009,242009,242011,2,0
242009,242009,242011,2,0
242009,242010,242011,1,1
242009,242009,242011,2,0
242009,242009,242011,2,0
242009,242009,242012,3,0
242009,242010,242011,1,1
242009,242009,242011,2,0
242009,242010,242011,1,1
242009,242010,242011,1,1
242007,242008,242012,4,1
242009,242010,242012,2,1
242009,242009,242012,3,0
242009,242011,242012,1,2
242009,242011,242012,1,2
242007,242007,242009,2,0
241827,241827,242013,186,0
242007,242007,242011,4,0
242007,242007,242010,3,0
241996,241996,242013,17,0
242015,242016,242017,1,1
242015,242016,242017,1,1
242015,242016,242017,1,1
242015,242016,242017,1,1
242015,242016,242017,1,1
242015,242016,242017,1,1
242015,242016,242017,1,1
242015,242016,242017,1,1
242015,242016,242017,1,1
242015,242016,242017,1,1
242015,242016,242017,1,1
242015,242016,242017,1,1
242015,242016,242018,2,1
242015,242016,242017,1,1
242015,242016,242017,1,1
242015,242016,242017,1,1
242015,242016,242017,1,1
242015,242016,242017,1,1
242015,242016,242017,1,1
242015,242016,242017,1,1
242015,242016,242018,2,1
242015,242016,242018,2,1
242015,242016,242017,1,1
242015,242016,242017,1,1
242015,242016,242018,2,1
242015,242016,242017,1,1
242015,242016,242017,1,1
242015,242016,242017,1,1
242015,242016,242018,2,1
242015,242016,242018,2,1
242015,242016,242018,2,1
242015,242016,242018,2,1
242015,242016,242018,2,1
242015,242016,242018,2,1
242015,242016,242018,2,1
242015,242016,242018,2,1
242015,242016,242018,2,1
242015,242016,242018,2,1
242015,242016,242018,2,1
242015,242016,242018,2,1
242015,242016,242018,2,1
242015,242016,242018,2,1
242015,242016,242018,2,1
242015,242016,242018,2,1
241996,241996,242019,23,0
242015,242016,242019,3,1
241840,241841,242022,181,1
242007,242008,242016,8,1
242007,242008,242016,8,1
242007,242008,242016,8,1
242009,242024,242025,1,15
242007,242008,242009,1,1
242007,242008,242010,2,1
242007,242008,242009,1,1
241786,241786,242027,241,0
242009,242027,242028,1,18
241856,241856,242037,181,0
242041,242041,242042,1,0
242041,242041,242042,1,0
242041,242041,242042,1,0
242041,242041,242043,2,0
242041,242041,242043,2,0
242041,242041,242042,1,0
242041,242041,242043,2,0
242041,242041,242043,2,0
242041,242041,242043,2,0
242041,242041,242043,2,0
242041,242041,242043,2,0
242041,242041,242043,2,0
242041,242041,242042,1,0
242041,242041,242042,1,0
242041,242041,242043,2,0
242041,242041,242043,2,0
242041,242041,242042,1,0
242041,242041,242043,2,0
242041,242041,242043,2,0
242041,242041,242043,2,0
242041,242041,242042,1,0
242041,242041,242043,2,0
242041,242041,242042,1,0
242041,242041,242043,2,0
242041,242041,242043,2,0
242041,242041,242042,1,0
242041,242041,242042,1,0
242041,242041,242043,2,0
242041,242041,242043,2,0
242041,242041,242043,2,0
242041,242041,242042,1,0
242041,242041,242042,1,0
242041,242041,242043,2,0
242041,242041,242043,2,0
242041,242041,242043,2,0
242041,242041,242043,2,0
242041,242041,242042,1,0
242041,242041,242042,1,0
242041,242041,242043,2,0
242041,242041,242043,2,0
242041,242041,242043,2,0
242041,242042,242043,1,1
242041,242041,242044,3,0
242041,242041,242043,2,0
242041,242041,242043,2,0
242041,242041,242043,2,0
242041,242041,242044,3,0
242041,242041,242043,2,0
242041,242041,242043,2,0
242041,242043,242044,1,2
242041,242043,242044,1,2
242041,242041,242044,3,0
242041,242041,242043,2,0
242041,242041,242044,3,0
242041,242041,242043,2,0
242041,242041,242044,3,0
242041,242041,242043,2,0
242041,242041,242044,3,0
242041,242041,242043,2,0
242041,242041,242043,2,0
242041,242041,242044,3,0
242041,242041,242044,3,0
242041,242041,242044,3,0
242041,242041,242043,2,0
242041,242041,242044,3,0
242041,242043,242045,2,2
242041,242043,242045,2,2
242041,242043,242045,2,2
242041,242043,242045,2,2
242041,242043,242044,1,2
242041,242043,242044,1,2
242041,242044,242045,1,3
242041,242044,242045,1,3
242041,242043,242045,2,2
242041,242043,242045,2,2
242041,242043,242045,2,2
242041,242043,242045,2,2
242041,242043,242045,2,2
242041,242043,242045,2,2
242041,242043,242045,2,2
242041,242043,242045,2,2
242041,242043,242045,2,2
242041,242043,242045,2,2
242041,242043,242045,2,2
242041,242043,242045,2,2
242041,242043,242045,2,2
242041,242043,242046,3,2
242041,242044,242046,2,3
242041,242043,242045,2,2
242041,242043,242046,3,2
241866,241867,242055,188,1
242055,242055,242056,1,0
242055,242055,242057,2,0
242055,242055,242056,1,0
242055,242055,242056,1,0
242055,242055,242056,1,0
242055,242055,242056,1,0
242055,242055,242056,1,0
242055,242055,242057,2,0
242055,242055,242056,1,0
242055,242055,242056,1,0
242055,242055,242056,1,0
242055,242055,242056,1,0
242055,242055,242056,1,0
242055,242055,242057,2,0
242055,242055,242057,2,0
242055,242055,242056,1,0
242055,242055,242056,1,0
242055,242055,242057,2,0
242055,242055,242056,1,0
242055,242055,242056,1,0
242055,242055,242056,1,0
242055,242055,242057,2,0
242055,242055,242057,2,0
242055,242055,242056,1,0
242055,242055,242056,1,0
242055,242055,242056,1,0
242055,242055,242056,1,0
242055,242055,242056,1,0
242055,242055,242056,1,0
242055,242055,242057,2,0
242055,242055,242057,2,0
242055,242055,242057,2,0
242055,242055,242057,2,0
242055,242055,242057,2,0
242055,242055,242057,2,0
242055,242055,242057,2,0
242055,242055,242057,2,0
242055,242055,242057,2,0
242055,242055,242057,2,0
242055,242055,242057,2,0
242059,242059,242061,2,0
242059,242059,242061,2,0
242059,242059,242061,2,0
242059,242059,242061,2,0
242059,242059,242061,2,0
242059,242059,242060,1,0
242059,242059,242060,1,0
242059,242059,242061,2,0
242059,242059,242060,1,0
242059,242059,242060,1,0
242059,242059,242061,2,0
242059,242059,242060,1,0
242059,242059,242060,1,0
242059,242059,242060,1,0
242059,242059,242061,2,0
242059,242059,242060,1,0
242059,242059,242061,2,0
242059,242059,242060,1,0
242059,242059,242060,1,0
242059,242059,242060,1,0
242059,242059,242061,2,0
242059,242059,242060,1,0
242059,242059,242060,1,0
242059,242059,242060,1,0
242059,242059,242060,1,0
242059,242059,242061,2,0
242059,242059,242061,2,0
242059,242059,242061,2,0
242059,242059,242061,2,0
242059,242059,242061,2,0
242059,242059,242062,3,0
242059,242059,242061,2,0
242059,242059,242061,2,0
242059,242059,242061,2,0
242059,242059,242061,2,0
242059,242059,242061,2,0
242059,242059,242061,2,0
242059,242059,242061,2,0
242059,242059,242061,2,0
242059,242059,242061,2,0
242059,242059,242061,2,0
242059,242059,242061,2,0
242059,242059,242061,2,0
241885,241885,242065,180,0
242069,242069,242070,1,0
242069,242069,242070,1,0
242069,242069,242070,1,0
242069,242069,242071,2,0
242069,242069,242071,2,0
242069,242069,242070,1,0
242069,242069,242070,1,0
242069,242069,242070,1,0
242069,242069,242070,1,0
242069,242069,242070,1,0
242069,242069,242070,1,0
242069,242069,242070,1,0
242069,242069,242071,2,0
242069,242069,242071,2,0
242069,242069,242070,1,0
242069,242069,242071,2,0
242069,242069,242070,1,0
242069,242069,242070,1,0
242069,242069,242070,1,0
242069,242069,242070,1,0
242069,242069,242070,1,0
242069,242069,242070,1,0
242069,242069,242070,1,0
242069,242069,242070,1,0
242069,242069,242070,1,0
242069,242069,242071,2,0
242069,242069,242070,1,0
242069,242069,242071,2,0
242069,242069,242071,2,0
242069,242069,242070,1,0
242069,242069,242071,2,0
242069,242069,242070,1,0
242069,242069,242070,1,0
242069,242069,242070,1,0
242069,242069,242070,1,0
242069,242069,242071,2,0
242069,242069,242071,2,0
242069,242069,242071,2,0
242069,242069,242071,2,0
242069,242069,242071,2,0
242069,242069,242071,2,0
242069,242069,242071,2,0
242069,242069,242071,2,0
242069,242069,242071,2,0
242069,242069,242071,2,0
242055,242077,242078,1,22
242055,242077,242078,1,22
242055,242077,242078,1,22
242055,242077,242078,1,22
242055,242077,242078,1,22
242059,242077,242078,1,18
242059,242077,242078,1,18
241893,241893,242087,194,0
241911,241911,242087,176,0
241899,241899,242091,192,0
242091,242091,242093,2,0
242091,242091,242092,1,0
242091,242091,242093,2,0
242091,242091,242093,2,0
242091,242091,242093,2,0
242091,242091,242093,2,0
242091,242091,242093,2,0
242091,242092,242093,1,1
242091,242092,242093,1,1
242091,242092,242093,1,1
242091,242092,242093,1,1
242091,242092,242093,1,1
242091,242092,242093,1,1
242091,242092,242093,1,1
242091,242092,242093,1,1
241895,241895,242093,198,0
242091,242091,242092,1,0
242091,242091,242092,1,0
242091,242091,242093,2,0
242091,242091,242093,2,0
242091,242092,242093,1,1
242091,242092,242093,1,1
242091,242092,242093,1,1
242091,242092,242094,2,1
242091,242092,242093,1,1
242091,242092,242093,1,1
242091,242092,242093,1,1
242091,242091,242093,2,0
242091,242091,242093,2,0
242091,242091,242093,2,0
242091,242092,242093,1,1
242091,242092,242093,1,1
242091,242093,242094,1,2
242091,242091,242093,2,0
242091,242091,242093,2,0
242091,242091,242093,2,0
242091,242091,242094,3,0
242091,242092,242093,1,1
242091,242093,242094,1,2
242091,242091,242093,2,0
242091,242091,242093,2,0
242091,242091,242093,2,0
242091,242091,242093,2,0
242091,242092,242093,1,1
242091,242093,242094,1,2
242091,242091,242093,2,0
242091,242091,242093,2,0
242091,242091,242093,2,0
242091,242092,242093,1,1
242091,242092,242093,1,1
242091,242092,242093,1,1
242091,242091,242093,2,0
242091,242091,242093,2,0
242091,242091,242093,2,0
242091,242091,242093,2,0
242091,242092,242093,1,1
242091,242092,242093,1,1
242091,242091,242093,2,0
242091,242091,242093,2,0
242091,242092,242093,1,1
242091,242092,242093,1,1
242091,242092,242093,1,1
242091,242092,242093,1,1
242091,242092,242094,2,1
242091,242092,242094,2,1
242091,242092,242094,2,1
242091,242093,242094,1,2
242091,242093,242094,1,2
242091,242093,242094,1,2
242091,242092,242094,2,1
242091,242093,242096,3,2
242091,242094,242096,2,3
242091,242094,242096,2,3
242091,242094,242095,1,3
242091,242094,242095,1,3
242091,242094,242095,1,3
242091,242094,242095,1,3
242091,242094,242095,1,3
242091,242094,242096,2,3
242091,242094,242095,1,3
242091,242094,242095,1,3
242091,242093,242095,2,2
242091,242093,242096,3,2
242091,242093,242096,3,2
242091,242093,242096,3,2
242091,242094,242096,2,3
242091,242093,242096,3,2
242091,242093,242096,3,2
242091,242093,242096,3,2
242091,242093,242096,3,2
242091,242093,242096,3,2
242096,242097,242099,2,1
242096,242097,242098,1,1
242096,242097,242098,1,1
242096,242097,242098,1,1
242097,242097,242098,1,0
242096,242097,242098,1,1
242096,242097,242098,1,1
242096,242097,242098,1,1
242096,242097,242099,2,1
242096,242097,242098,1,1
242096,242097,242098,1,1
242096,242097,242098,1,1
242096,242097,242098,1,1
242097,242097,242098,1,0
242096,242097,242098,1,1
242096,242097,242098,1,1
242096,242097,242098,1,1
242097,242097,242098,1,0
242097,242097,242099,2,0
242096,242097,242098,1,1
242096,242097,242098,1,1
242096,242097,242098,1,1
242096,242097,242099,2,1
242096,242097,242098,1,1
242096,242097,242098,1,1
242096,242097,242098,1,1
242096,242097,242098,1,1
242096,242097,242098,1,1
242096,242097,242098,1,1
242097,242097,242098,1,0
242097,242097,242099,2,0
242096,242097,242098,1,1
242096,242097,242098,1,1
242096,242097,242098,1,1
242097,242097,242098,1,0
242097,242097,242098,1,0
242097,242097,242098,1,0
242096,242097,242098,1,1
242097,242097,242098,1,0
242097,242097,242099,2,0
242097,242097,242098,1,0
242097,242097,242098,1,0
242097,242097,242098,1,0
242096,242097,242099,2,1
242096,242097,242099,2,1
242096,242097,242099,2,1
242096,242097,242099,2,1
241930,241930,242099,169,0
242096,242097,242099,2,1
242096,242097,242100,3,1
242096,242097,242099,2,1
242097,242097,242099,2,0
242097,242097,242099,2,0
242096,242097,242099,2,1
242096,242097,242099,2,1
242096,242097,242099,2,1
242096,242097,242099,2,1
242096,242097,242099,2,1
242096,242097,242099,2,1
242097,242097,242099,2,0
242097,242097,242099,2,0
242096,242097,242099,2,1
242096,242097,242099,2,1
242096,242097,242099,2,1
242097,242099,242100,1,2
242097,242099,242100,1,2
242097,242099,242101,2,2
242097,242099,242100,1,2
242097,242099,242101,2,2
242097,242099,242100,1,2
242097,242099,242101,2,2
242097,242099,242100,1,2
242097,242099,242101,2,2
242097,242099,242101,2,2
242097,242099,242101,2,2
242097,242099,242102,3,2
242097,242099,242102,3,2
242097,242099,242101,2,2
242097,242099,242102,3,2
242097,242099,242101,2,2
242097,242099,242101,2,2
242097,242099,242101,2,2
242097,242099,242101,2,2
242097,242099,242102,3,2
242097,242099,242102,3,2
242097,242099,242101,2,2
242097,242099,242102,3,2
242097,242101,242102,1,4
242097,242099,242102,3,2
242097,242099,242102,3,2
242097,242101,242103,2,4
234427,234427,242104,7677,0
241897,241897,242107,210,0
242115,242116,242117,1,1
242115,242116,242117,1,1
242115,242116,242117,1,1
242115,242116,242117,1,1
242115,242116,242117,1,1
242115,242116,242117,1,1
242115,242116,242117,1,1
242115,242116,242117,1,1
242115,242116,242117,1,1
242115,242116,242118,2,1
242115,242116,242117,1,1
242115,242116,242117,1,1
242115,242116,242117,1,1
242115,242116,242117,1,1
242115,242116,242117,1,1
242115,242116,242117,1,1
242115,242116,242117,1,1
242115,242116,242117,1,1
242115,242116,242117,1,1
242115,242116,242117,1,1
242115,242116,242117,1,1
242115,242116,242117,1,1
242115,242116,242117,1,1
242115,242116,242118,2,1
242115,242116,242118,2,1
242115,242116,242118,2,1
242115,242116,242118,2,1
242115,242116,242118,2,1
242115,242116,242118,2,1
242115,242116,242119,3,1
242115,242116,242118,2,1
242115,242116,242118,2,1
242115,242116,242119,3,1
242115,242116,242118,2,1
242115,242116,242119,3,1
242115,242116,242119,3,1
242115,242116,242119,3,1
242115,242116,242119,3,1
242115,242116,242118,2,1
242115,242116,242118,2,1
242115,242116,242118,2,1
241967,241968,242125,157,1
242126,242127,242128,1,1
242126,242127,242128,1,1
242126,242127,242128,1,1
242126,242127,242128,1,1
242126,242127,242128,1,1
242126,242127,242128,1,1
242126,242127,242129,2,1
242126,242127,242128,1,1
242126,242127,242128,1,1
242126,242127,242128,1,1
242127,242127,242129,2,0
242126,242127,242128,1,1
242126,242127,242128,1,1
242126,242127,242129,2,1
242126,242127,242128,1,1
242127,242127,242129,2,0
242127,242127,242129,2,0
242126,242127,242128,1,1
242126,242127,242128,1,1
242127,242127,242128,1,0
242127,242127,242128,1,0
242127,242127,242128,1,0
242126,242127,242128,1,1
242126,242127,242128,1,1
242126,242127,242129,2,1
242127,242127,242128,1,0
242127,242127,242129,2,0
242127,242127,242129,2,0
242115,242128,242129,1,13
242115,242128,242129,1,13
242126,242128,242129,1,2
242126,242128,242129,1,2
242126,242127,242129,2,1
242126,242127,242129,2,1
242126,242127,242129,2,1
242127,242127,242128,1,0
242127,242128,242129,1,1
242127,242128,242129,1,1
242126,242127,242128,1,1
242126,242127,242129,2,1
242127,242127,242129,2,0
242127,242127,242129,2,0
242127,242128,242129,1,1
242126,242127,242128,1,1
242126,242127,242129,2,1
242127,242127,242128,1,0
242127,242127,242128,1,0
242127,242128,242129,1,1
242126,242127,242129,2,1
242126,242127,242130,3,1
242126,242127,242129,2,1
241950,241950,242130,180,0
242126,242127,242129,2,1
242126,242127,242129,2,1
242126,242127,242130,3,1
242126,242127,242129,2,1
242127,242127,242129,2,0
242126,242127,242130,3,1
242126,242127,242129,2,1
242126,242127,242130,3,1
242115,242128,242130,2,13
242126,242127,242130,3,1
242127,242128,242129,1,1
242126,242127,242130,3,1
242127,242128,242129,1,1
242126,242127,242130,3,1
242127,242129,242130,1,2
242127,242129,242130,1,2
242126,242127,242130,3,1
242127,242129,242131,2,2
242126,242127,242130,3,1
242127,242129,242131,2,2
242127,242129,242131,2,2
242127,242129,242131,2,2
242127,242129,242131,2,2
242127,242129,242131,2,2
242127,242129,242131,2,2
242127,242129,242131,2,2
242127,242129,242131,2,2
242127,242129,242131,2,2
242115,242128,242131,3,13
242126,242128,242131,3,2
242127,242129,242131,2,2
242127,242129,242130,1,2
242127,242129,242132,3,2
242127,242129,242132,3,2
242127,242129,242132,3,2
242127,242129,242132,3,2
242127,242129,242131,2,2
242127,242129,242131,2,2
242126,242127,242130,3,1
242127,242129,242132,3,2
242127,242129,242132,3,2
242127,242129,242132,3,2
242127,242129,242132,3,2
242144,242144,242146,2,0
242144,242144,242146,2,0
242144,242144,242146,2,0
242144,242144,242146,2,0
242144,242144,242146,2,0
242144,242144,242146,2,0
242144,242144,242146,2,0
242144,242144,242146,2,0
241952,241952,242146,194,0
242144,242144,242146,2,0
242144,242144,242146,2,0
242144,242144,242146,2,0
242144,242144,242146,2,0
242144,242144,242146,2,0
242144,242144,242146,2,0
242144,242144,242146,2,0
242144,242144,242146,2,0
242144,242144,242146,2,0
242144,242144,242146,2,0
242144,242144,242146,2,0
242144,242144,242146,2,0
242144,242144,242146,2,0
242144,242144,242146,2,0
242144,242145,242146,1,1
242144,242145,242146,1,1
242144,242145,242146,1,1
242144,242144,242147,3,0
242144,242144,242147,3,0
242144,242144,242147,3,0
242144,242144,242146,2,0
242144,242144,242147,3,0
242144,242144,242146,2,0
242144,242144,242147,3,0
242144,242144,242147,3,0
242144,242144,242147,3,0
242144,242145,242147,2,1
242144,242145,242147,2,1
242144,242144,242148,4,0
242144,242144,242148,4,0
242144,242144,242148,4,0
242144,242144,242148,4,0
234427,234427,242149,7722,0
242152,242153,242154,1,1
242152,242153,242154,1,1
242152,242153,242154,1,1
242152,242153,242154,1,1
242152,242153,242154,1,1
242152,242153,242154,1,1
242152,242153,242154,1,1
242152,242153,242154,1,1
242152,242153,242154,1,1
242152,242153,242154,1,1
242152,242153,242154,1,1
242152,242153,242154,1,1
242152,242153,242154,1,1
242152,242153,242154,1,1
242152,242153,242154,1,1
242152,242153,242154,1,1
242152,242153,242154,1,1
242152,242153,242154,1,1
242152,242153,242154,1,1
242152,242153,242155,2,1
242152,242153,242154,1,1
242152,242153,242155,2,1
242152,242153,242155,2,1
242152,242153,242155,2,1
242152,242153,242155,2,1
242152,242153,242155,2,1
242152,242153,242155,2,1
242152,242153,242155,2,1
242152,242153,242155,2,1
242152,242153,242155,2,1
242152,242153,242155,2,1
242152,242153,242155,2,1
242152,242153,242155,2,1
242152,242153,242155,2,1
242152,242153,242155,2,1
242152,242153,242155,2,1
242152,242153,242155,2,1
242152,242153,242155,2,1
242152,242153,242156,3,1
242152,242153,242156,3,1
242152,242153,242156,3,1
242152,242153,242156,3,1
242152,242153,242156,3,1
242152,242153,242156,3,1
242144,242157,242158,1,13
242144,242157,242159,2,13
242144,242157,242159,2,13
242144,242157,242159,2,13
242152,242157,242158,1,5
242144,242157,242160,3,13
242011,242011,242173,162,0
241979,241979,242176,197,0
242181,242181,242183,2,0
242181,242181,242183,2,0
242181,242181,242183,2,0
242181,242181,242183,2,0
242181,242182,242183,1,1
242181,242182,242183,1,1
242181,242182,242183,1,1
242181,242182,242183,1,1
242181,242181,242183,2,0
242181,242181,242183,2,0
242181,242181,242183,2,0
242181,242181,242182,1,0
242181,242181,242182,1,0
242181,242181,242183,2,0
242181,242181,242183,2,0
242181,242182,242183,1,1
242181,242181,242182,1,0
242181,242181,242183,2,0
242181,242181,242183,2,0
242181,242181,242183,2,0
242181,242181,242183,2,0
242181,242181,242183,2,0
242181,242181,242182,1,0
242181,242181,242183,2,0
242181,242181,242183,2,0
242181,242181,242183,2,0
242181,242181,242183,2,0
242181,242182,242183,1,1
242181,242181,242182,1,0
242181,242181,242182,1,0
242181,242181,242183,2,0
242181,242181,242183,2,0
242181,242181,242183,2,0
242181,242182,242183,1,1
242181,242181,242182,1,0
242181,242181,242182,1,0
242181,242181,242183,2,0
242181,242181,242183,2,0
242181,242181,242183,2,0
242181,242182,242183,1,1
242181,242182,242183,1,1
242181,242182,242183,1,1
242181,242182,242183,1,1
242181,242182,242183,1,1
242181,242181,242184,3,0
242181,242181,242183,2,0
242181,242181,242183,2,0
242181,242181,242184,3,0
242181,242181,242183,2,0
242181,242181,242183,2,0
242017,242017,242184,167,0
242181,242182,242184,2,1
242181,242182,242184,2,1
242181,242181,242184,3,0
242181,242181,242184,3,0
242181,242181,242184,3,0
242181,242183,242184,1,2
242181,242181,242184,3,0
242181,242181,242184,3,0
242181,242181,242183,2,0
242181,242183,242185,2,2
242181,242183,242185,2,2
242181,242183,242185,2,2
242181,242183,242185,2,2
242181,242183,242185,2,2
242181,242183,242185,2,2
242181,242183,242185,2,2
241997,241997,242185,188,0
242181,242182,242185,3,1
242181,242183,242186,3,2
242181,242183,242186,3,2
242181,242184,242185,1,3
242181,242183,242185,2,2
242181,242183,242185,2,2
242181,242183,242186,3,2
242181,242183,242185,2,2
242181,242183,242185,2,2
242181,242183,242186,3,2
242181,242183,242185,2,2
242008,242008,242185,177,0
242181,242183,242186,3,2
242181,242183,242186,3,2
242181,242183,242185,2,2
242181,242183,242185,2,2
242181,242183,242186,3,2
242181,242183,242185,2,2
242181,242183,242185,2,2
242181,242184,242185,1,3
242185,242185,242187,2,0
242185,242185,242187,2,0
242185,242185,242186,1,0
242185,242185,242186,1,0
242185,242185,242187,2,0
242185,242185,242187,2,0
242185,242185,242187,2,0
242185,242185,242187,2,0
242185,242185,242187,2,0
242185,242185,242187,2,0
242185,242185,242187,2,0
242185,242185,242187,2,0
242185,242185,242187,2,0
242181,242186,242187,1,5
242181,242186,242187,1,5
242181,242186,242187,1,5
242185,242186,242187,1,1
242185,242185,242187,2,0
242185,242185,242187,2,0
242185,242185,242187,2,0
242185,242185,242187,2,0
242185,242185,242186,1,0
242185,242185,242187,2,0
242185,242185,242187,2,0
242185,242185,242187,2,0
242185,242185,242187,2,0
242185,242185,242187,2,0
242185,242185,242187,2,0
242185,242185,242187,2,0
242185,242186,242187,1,1
242185,242185,242187,2,0
242185,242185,242187,2,0
242185,242185,242187,2,0
242185,242186,242187,1,1
242185,242185,242188,3,0
242185,242185,242187,2,0
242185,242186,242188,2,1
242181,242186,242188,2,5
242181,242186,242188,2,5
242185,242186,242188,2,1
242185,242186,242188,2,1
242185,242186,242188,2,1
242185,242185,242188,3,0
242185,242185,242188,3,0
242185,242185,242187,2,0
241936,241936,242187,251,0
242185,242185,242188,3,0
242185,242185,242187,2,0
242185,242185,242188,3,0
242185,242186,242188,2,1
242197,242197,242199,2,0
242197,242197,242199,2,0
242197,242197,242199,2,0
242197,242197,242198,1,0
242197,242197,242199,2,0
242197,242197,242199,2,0
242197,242197,242199,2,0
242197,242197,242199,2,0
242197,242197,242198,1,0
242197,242197,242199,2,0
242197,242197,242198,1,0
242197,242197,242198,1,0
242197,242197,242199,2,0
242197,242197,242199,2,0
242197,242197,242198,1,0
242197,242197,242198,1,0
242197,242197,242199,2,0
242197,242197,242199,2,0
242197,242197,242199,2,0
242197,242197,242199,2,0
242197,242197,242199,2,0
242197,242197,242199,2,0
242197,242197,242199,2,0
242197,242197,242199,2,0
242197,242197,242198,1,0
242197,242197,242198,1,0
242197,242197,242199,2,0
242197,242197,242199,2,0
242197,242197,242199,2,0
242197,242197,242198,1,0
242197,242197,242198,1,0
242197,242197,242199,2,0
242197,242197,242199,2,0
242197,242197,242199,2,0
242197,242197,242198,1,0
242197,242197,242199,2,0
242197,242197,242199,2,0
242197,242197,242199,2,0
242197,242197,242199,2,0
242197,242197,242199,2,0
242197,242197,242200,3,0
242197,242199,242200,1,2
242197,242197,242200,3,0
242197,242197,242199,2,0
242197,242197,242199,2,0
242197,242197,242200,3,0
242197,242197,242199,2,0
242197,242197,242200,3,0
242197,242197,242200,3,0
242197,242197,242199,2,0
242197,242197,242200,3,0
242197,242197,242199,2,0
242197,242197,242200,3,0
242197,242197,242200,3,0
242197,242197,242199,2,0
242197,242197,242200,3,0
242197,242197,242200,3,0
242197,242197,242199,2,0
242197,242197,242200,3,0
242197,242197,242200,3,0
242197,242197,242199,2,0
242197,242199,242201,2,2
242197,242197,242200,3,0
242197,242199,242201,2,2
242197,242199,242201,2,2
242197,242199,242201,2,2
242197,242199,242201,2,2
242197,242197,242200,3,0
242197,242199,242201,2,2
242197,242199,242201,2,2
242197,242199,242201,2,2
242197,242199,242201,2,2
242197,242197,242201,4,0
242197,242199,242201,2,2
242197,242199,242201,2,2
242197,242199,242201,2,2
242197,242199,242201,2,2
242197,242199,242201,2,2
242197,242199,242201,2,2
242197,242199,242201,2,2
242197,242199,242201,2,2
242197,242199,242201,2,2
242197,242199,242201,2,2
242197,242199,242202,3,2
242197,242199,242202,3,2
242197,242199,242202,3,2
242197,242199,242201,2,2
242197,242199,242202,3,2
242197,242199,242202,3,2
242197,242197,242204,7,0
242042,242043,242213,170,1
242185,242186,242213,27,1
242217,242217,242218,1,0
242217,242217,242218,1,0
242217,242217,242218,1,0
242217,242218,242219,1,1
242217,242217,242219,2,0
242217,242217,242218,1,0
242217,242217,242218,1,0
242217,242217,242218,1,0
242217,242217,242218,1,0
242217,242217,242218,1,0
242217,242217,242219,2,0
242217,242217,242218,1,0
242217,242217,242219,2,0
242217,242217,242219,2,0
242217,242217,242218,1,0
242217,242217,242218,1,0
242217,242217,242219,2,0
242217,242217,242219,2,0
242217,242217,242218,1,0
242217,242217,242219,2,0
242217,242217,242219,2,0
242217,242217,242218,1,0
242217,242217,242219,2,0
242217,242217,242219,2,0
242217,242217,242219,2,0
242217,242217,242220,3,0
242217,242217,242219,2,0
242217,242217,242220,3,0
242217,242217,242219,2,0
242217,242217,242220,3,0
242217,242217,242220,3,0
242217,242217,242220,3,0
242217,242217,242219,2,0
242217,242217,242219,2,0
242217,242217,242219,2,0
242217,242217,242219,2,0
242217,242217,242219,2,0
242217,242217,242219,2,0
242217,242217,242220,3,0
242217,242217,242219,2,0
242217,242217,242220,3,0
242217,242217,242220,3,0
242217,242218,242220,2,1
242217,242218,242221,3,1
242217,242218,242221,3,1
242235,242236,242237,1,1
242235,242236,242237,1,1
242235,242236,242237,1,1
242235,242236,242237,1,1
242235,242236,242237,1,1
242235,242236,242237,1,1
242235,242236,242237,1,1
242235,242236,242237,1,1
242235,242236,242237,1,1
242235,242236,242237,1,1
242235,242236,242238,2,1
242235,242236,242238,2,1
242235,242236,242237,1,1
242235,242236,242237,1,1
242235,242236,242238,2,1
242235,242236,242237,1,1
242235,242236,242237,1,1
242235,242236,242237,1,1
242235,242236,242237,1,1
242235,242236,242238,2,1
242235,242236,242237,1,1
242235,242236,242237,1,1
242235,242236,242237,1,1
242235,242236,242237,1,1
242235,242236,242237,1,1
242235,242236,242237,1,1
242235,242236,242238,2,1
242235,242236,242238,2,1
242235,242236,242238,2,1
242235,242236,242239,3,1
242235,242236,242238,2,1
242235,242238,242239,1,3
242235,242238,242239,1,3
242235,242236,242239,3,1
242235,242239,242241,2,4
242235,242239,242241,2,4
242235,242239,242241,2,4
242235,242239,242241,2,4
242235,242239,242241,2,4
242235,242238,242240,2,3
242235,242238,242240,2,3
242056,242056,242245,189,0
242072,242072,242244,172,0
242060,242060,242245,185,0
242235,242245,242246,1,10
242235,242245,242246,1,10
242245,242245,242246,1,0
242245,242245,242247,2,0
242245,242245,242246,1,0
242245,242245,242246,1,0
242245,242245,242247,2,0
242245,242245,242247,2,0
242245,242245,242247,2,0
242245,242245,242247,2,0
242245,242245,242247,2,0
242245,242245,242246,1,0
242245,242245,242247,2,0
242245,242246,242247,1,1
242235,242245,242246,1,10
242235,242245,242246,1,10
242245,242245,242246,1,0
242245,242246,242247,1,1
242245,242246,242247,1,1
242245,242246,242247,1,1
242245,242245,242247,2,0
242245,242245,242246,1,0
242245,242246,242247,1,1
242245,242246,242247,1,1
242245,242245,242247,2,0
242245,242245,242246,1,0
242245,242245,242247,2,0
242245,242246,242247,1,1
242245,242246,242247,1,1
242245,242245,242246,1,0
242245,242245,242246,1,0
242245,242245,242247,2,0
242245,242245,242247,2,0
242245,242246,242247,1,1
242245,242246,242247,1,1
242245,242245,242246,1,0
242245,242245,242247,2,0
242245,242245,242247,2,0
242245,242245,242247,2,0
242245,242246,242247,1,1
242245,242246,242247,1,1
242245,242245,242247,2,0
242245,242245,242247,2,0
242245,242245,242248,3,0
242245,242246,242247,1,1
242245,242246,242247,1,1
242245,242246,242247,1,1
242245,242245,242248,3,0
242245,242245,242248,3,0
242245,242245,242247,2,0
242245,242245,242248,3,0
242245,242245,242247,2,0
242245,242245,242247,2,0
242245,242245,242248,3,0
242245,242245,242248,3,0
242245,242245,242248,3,0
242245,242245,242248,3,0
242245,242245,242248,3,0
242245,242245,242247,2,0
242247,242248,242249,1,1
242247,242248,242249,1,1
242247,242248,242249,1,1
242247,242248,242249,1,1
242245,242247,242248,1,2
242245,242247,242248,1,2
242245,242247,242248,1,2
242247,242248,242249,1,1
242245,242247,242249,2,2
242245,242247,242250,3,2
242245,242247,242249,2,2
242245,242247,242249,2,2
242245,242247,242250,3,2
242245,242247,242249,2,2
242245,242247,242249,2,2
242245,242247,242249,2,2
242245,242247,242249,2,2
242245,242247,242249,2,2
242245,242247,242249,2,2
242245,242247,242250,3,2
242245,242248,242249,1,3
242245,242248,242249,1,3
242245,242248,242249,1,3
242247,242248,242249,1,1
242247,242248,242249,1,1
242247,242248,242249,1,1
242247,242248,242249,1,1
242245,242247,242249,2,2
242247,242248,242249,1,1
242247,242248,242249,1,1
242247,242248,242249,1,1
242245,242248,242250,2,3
242245,242248,242250,2,3
242247,242248,242249,1,1
242247,242248,242249,1,1
242247,242248,242249,1,1
242247,242248,242249,1,1
242247,242248,242249,1,1
242247,242248,242249,1,1
242247,242248,242249,1,1
242245,242247,242250,3,2
242247,242249,242250,1,2
242247,242249,242250,1,2
242245,242247,242250,3,2
242247,242249,242250,1,2
242247,242249,242250,1,2
242247,242249,242250,1,2
242247,242249,242250,1,2
242247,242249,242250,1,2
242247,242249,242250,1,2
242245,242249,242250,1,4
242245,242249,242250,1,4
242245,242249,242250,1,4
242247,242249,242250,1,2
242247,242249,242250,1,2
242247,242249,242251,2,2
242247,242249,242251,2,2
242247,242249,242251,2,2
242247,242249,242251,2,2
242247,242249,242251,2,2
242247,242249,242251,2,2
242247,242249,242251,2,2
242247,242250,242251,1,3
242247,242250,242251,1,3
242070,242070,242252,182,0
242247,242250,242251,1,3
242247,242250,242251,1,3
242247,242250,242252,2,3
242247,242250,242252,2,3
242247,242250,242251,1,3
242247,242249,242251,2,2
242247,242249,242252,3,2
242245,242259,242260,1,14
242245,242259,242260,1,14
242245,242259,242261,2,14
242245,242259,242261,2,14
242245,242259,242260,1,14
242245,242259,242262,3,14
242265,242265,242267,2,0
242265,242265,242266,1,0
242265,242265,242266,1,0
242265,242266,242267,1,1
242265,242266,242267,1,1
242265,242266,242267,1,1
242265,242266,242267,1,1
242265,242265,242267,2,0
242265,242265,242267,2,0
242265,242265,242267,2,0
242265,242265,242267,2,0
242265,242265,242267,2,0
242265,242265,242267,2,0
242265,242265,242267,2,0
242265,242265,242267,2,0
242265,242265,242267,2,0
242265,242265,242267,2,0
242265,242265,242267,2,0
242265,242265,242267,2,0
242265,242265,242266,1,0
242265,242265,242267,2,0
242265,242265,242267,2,0
242265,242266,242267,1,1
242265,242266,242267,1,1
242265,242266,242267,1,1
242265,242266,242267,1,1
242265,242265,242266,1,0
242265,242265,242266,1,0
242265,242265,242267,2,0
242265,242265,242267,2,0
242265,242265,242267,2,0
242265,242266,242267,1,1
242265,242265,242267,2,0
242265,242265,242268,3,0
242265,242265,242267,2,0
242265,242265,242267,2,0
242265,242265,242268,3,0
242265,242265,242267,2,0
242265,242265,242267,2,0
242265,242265,242268,3,0
242265,242265,242267,2,0
242265,242265,242267,2,0
242265,242266,242268,2,1
242265,242266,242268,2,1
242265,242266,242268,2,1
242092,242094,242269,175,2
242098,242099,242274,175,1
242288,242289,242290,1,1
242288,242289,242290,1,1
242288,242289,242290,1,1
242288,242289,242290,1,1
242288,242289,242290,1,1
242288,242289,242290,1,1
242288,242289,242290,1,1
242288,242289,242290,1,1
242288,242289,242290,1,1
242288,242289,242290,1,1
242288,242289,242290,1,1
242288,242289,242290,1,1
242288,242289,242291,2,1
242288,242289,242290,1,1
242288,242289,242290,1,1
242288,242289,242290,1,1
242288,242289,242291,2,1
242288,242289,242291,2,1
242288,242289,242290,1,1
242288,242289,242290,1,1
242288,242289,242290,1,1
242288,242289,242291,2,1
242288,242289,242290,1,1
242288,242289,242290,1,1
242288,242289,242290,1,1
242288,242289,242290,1,1
242288,242289,242290,1,1
242288,242289,242291,2,1
242288,242289,242291,2,1
242288,242289,242291,2,1
242288,242289,242291,2,1
242288,242289,242291,2,1
242288,242289,242291,2,1
242288,242289,242291,2,1
242288,242289,242291,2,1
242288,242289,242291,2,1
242288,242289,242292,3,1
242288,242290,242291,1,2
242288,242290,242291,1,2
242288,242290,242292,2,2
242293,242293,242294,1,0
242293,242293,242294,1,0
242293,242293,242294,1,0
242293,242293,242295,2,0
242293,242293,242294,1,0
242293,242293,242294,1,0
242293,242293,242295,2,0
242293,242293,242294,1,0
242293,242293,242294,1,0
242293,242293,242294,1,0
242293,242293,242295,2,0
242293,242293,242294,1,0
242293,242293,242294,1,0
242293,242293,242294,1,0
242293,242293,242295,2,0
242293,242293,242295,2,0
242293,242293,242294,1,0
242293,242293,242295,2,0
242293,242293,242295,2,0
242293,242293,242295,2,0
242293,242293,242295,2,0
242293,242294,242295,1,1
242293,242294,242295,1,1
242293,242294,242295,1,1
242293,242293,242295,2,0
242293,242293,242294,1,0
242293,242293,242294,1,0
242293,242293,242294,1,0
242293,242293,242295,2,0
242293,242293,242295,2,0
242288,242290,242294,4,2
242293,242293,242295,2,0
242293,242293,242295,2,0
242293,242293,242295,2,0
242293,242294,242295,1,1
242293,242293,242295,2,0
242293,242293,242295,2,0
242293,242293,242295,2,0
242293,242293,242295,2,0
242293,242293,242296,3,0
242293,242293,242296,3,0
242293,242293,242295,2,0
242117,242117,242299,182,0
242301,242301,242302,1,0
242301,242301,242302,1,0
242301,242301,242303,2,0
242301,242301,242302,1,0
242301,242301,242302,1,0
242301,242301,242302,1,0
242301,242301,242303,2,0
242301,242301,242302,1,0
242301,242301,242303,2,0
242301,242301,242302,1,0
242301,242301,242303,2,0
242301,242301,242302,1,0
242301,242301,242302,1,0
242301,242301,242302,1,0
242301,242301,242303,2,0
242301,242301,242303,2,0
242301,242301,242302,1,0
242301,242301,242302,1,0
242301,242301,242303,2,0
242301,242301,242302,1,0
242301,242301,242303,2,0
242301,242301,242302,1,0
242301,242301,242302,1,0
242301,242301,242302,1,0
242301,242301,242302,1,0
242301,242301,242302,1,0
242301,242301,242302,1,0
242301,242301,242303,2,0
242301,242301,242303,2,0
242301,242301,242303,2,0
242301,242301,242304,3,0
242301,242301,242304,3,0
242301,242301,242303,2,0
242301,242301,242303,2,0
242301,242301,242303,2,0
242301,242301,242304,3,0
242301,242301,242304,3,0
242293,242293,242304,11,0
242293,242293,242305,12,0
242301,242301,242305,4,0
242288,242308,242309,1,20
242288,242308,242309,1,20
242301,242302,242310,8,1
242301,242302,242310,8,1
242288,242308,242310,2,20
242288,242308,242310,2,20
242293,242308,242310,2,15
242293,242308,242311,3,15
242128,242129,242315,186,1
242318,242318,242320,2,0
242318,242318,242320,2,0
242318,242318,242319,1,0
242318,242318,242319,1,0
242318,242318,242319,1,0
242318,242318,242319,1,0
242318,242318,242319,1,0
242318,242318,242319,1,0
242318,242318,242320,2,0
242318,242318,242320,2,0
242318,242318,242319,1,0
242318,242318,242320,2,0
242318,242318,242320,2,0
242318,242318,242320,2,0
242318,242318,242320,2,0
242318,242318,242320,2,0
242318,242318,242320,2,0
242318,242318,242320,2,0
242318,242318,242320,2,0
242318,242318,242320,2,0
242318,242318,242319,1,0
242318,242318,242320,2,0
242318,242318,242319,1,0
242318,242318,242320,2,0
242318,242318,242320,2,0
242318,242318,242320,2,0
242318,242318,242320,2,0
242318,242318,242319,1,0
242318,242318,242319,1,0
242318,242318,242319,1,0
242318,242318,242320,2,0
242318,242319,242321,2,1
242318,242318,242320,2,0
242318,242318,242320,2,0
242318,242318,242320,2,0
242318,242318,242320,2,0
242318,242318,242320,2,0
242318,242318,242320,2,0
242318,242318,242320,2,0
242318,242318,242321,3,0
242318,242318,242321,3,0
242318,242318,242320,2,0
234433,234433,242326,7893,0
242301,242330,242331,1,29
242301,242330,242332,2,29
242301,242330,242332,2,29
242301,242330,242332,2,29
242301,242330,242332,2,29
242318,242319,242333,14,1
242318,242319,242333,14,1
242318,242319,242334,15,1
242145,242145,242342,197,0
242348,242348,242349,1,0
242348,242348,242350,2,0
242348,242348,242349,1,0
242348,242348,242349,1,0
242348,242348,242349,1,0
242348,242348,242349,1,0
242348,242348,242349,1,0
242348,242348,242350,2,0
242348,242348,242349,1,0
242348,242348,242349,1,0
242348,242348,242349,1,0
242348,242348,242350,2,0
242348,242348,242349,1,0
242348,242348,242349,1,0
242348,242348,242349,1,0
242348,242348,242349,1,0
242348,242348,242349,1,0
242348,242348,242349,1,0
242348,242348,242349,1,0
242348,242348,242349,1,0
242348,242348,242350,2,0
242348,242348,242350,2,0
242348,242348,242350,2,0
242348,242348,242351,3,0
242348,242348,242350,2,0
242348,242348,242350,2,0
242348,242348,242350,2,0
242348,242348,242350,2,0
242348,242348,242350,2,0
242348,242348,242350,2,0
242348,242348,242350,2,0
242348,242348,242350,2,0
242348,242348,242350,2,0
242348,242348,242350,2,0
242348,242348,242350,2,0
242348,242348,242350,2,0
242348,242348,242350,2,0
242348,242348,242351,3,0
242348,242348,242351,3,0
242182,242184,242354,170,2
242355,242356,242357,1,1
242355,242356,242357,1,1
242355,242356,242357,1,1
242355,242355,242357,2,0
242355,242355,242357,2,0
242355,242355,242357,2,0
242355,242355,242357,2,0
242355,242355,242357,2,0
242355,242355,242357,2,0
242355,242356,242357,1,1
242355,242356,242357,1,1
242355,242356,242357,1,1
242355,242355,242357,2,0
242355,242355,242357,2,0
242355,242355,242357,2,0
242355,242355,242357,2,0
242355,242355,242357,2,0
242355,242355,242357,2,0
242355,242355,242357,2,0
242355,242355,242357,2,0
242355,242355,242357,2,0
242355,242355,242357,2,0
242355,242356,242357,1,1
242355,242356,242357,1,1
242355,242356,242358,2,1
242355,242356,242358,2,1
242355,242356,242358,2,1
242186,242186,242358,172,0
242355,242355,242358,3,0
242355,242355,242358,3,0
242355,242355,242358,3,0
242355,242355,242358,3,0
242355,242355,242358,3,0
242355,242355,242358,3,0
242153,242154,242358,204,1
242355,242356,242358,2,1
242355,242356,242358,2,1
242355,242355,242358,3,0
242355,242355,242358,3,0
242355,242356,242359,3,1
242355,242355,242359,4,0
242359,242359,242360,1,0
242359,242359,242361,2,0
242359,242359,242361,2,0
242359,242359,242361,2,0
242359,242359,242361,2,0
242198,242199,242361,162,1
242359,242359,242361,2,0
242359,242359,242361,2,0
242359,242359,242361,2,0
242359,242359,242361,2,0
242359,242359,242361,2,0
242359,242359,242361,2,0
242359,242359,242361,2,0
242359,242359,242361,2,0
242359,242359,242361,2,0
242359,242359,242361,2,0
242359,242359,242361,2,0
242359,242359,242361,2,0
242359,242359,242361,2,0
242359,242359,242361,2,0
242359,242359,242361,2,0
242359,242359,242361,2,0
242359,242359,242361,2,0
242359,242359,242361,2,0
242359,242359,242361,2,0
242359,242359,242361,2,0
242359,242359,242361,2,0
242359,242359,242361,2,0
242359,242359,242361,2,0
242359,242359,242361,2,0
242348,242361,242362,1,13
242348,242361,242362,1,13
242359,242359,242362,3,0
242359,242359,242362,3,0
242359,242361,242362,1,2
242359,242359,242362,3,0
242359,242359,242362,3,0
242359,242359,242362,3,0
242359,242359,242362,3,0
242359,242359,242362,3,0
242359,242359,242362,3,0
242359,242359,242362,3,0
242359,242359,242362,3,0
242359,242359,242362,3,0
242359,242359,242362,3,0
242359,242362,242363,1,3
242348,242361,242363,2,13
242348,242361,242363,2,13
242348,242361,242363,2,13
242359,242359,242362,3,0
242359,242359,242363,4,0
242359,242359,242363,4,0
242359,242359,242363,4,0
242359,242362,242363,1,3
242348,242361,242363,2,13
242359,242362,242363,1,3
242359,242362,242363,1,3
242359,242362,242363,1,3
242359,242359,242363,4,0
242359,242362,242363,1,3
242359,242362,242363,1,3
242359,242359,242363,4,0
242359,242362,242363,1,3
242359,242362,242363,1,3
242359,242362,242363,1,3
242359,242362,242363,1,3
242359,242362,242363,1,3
242359,242362,242363,1,3
242359,242363,242364,1,4
242359,242363,242364,1,4
242359,242362,242364,2,3
242359,242362,242364,2,3
242364,242364,242365,1,0
242359,242362,242365,3,3
242359,242362,242364,2,3
242359,242362,242365,3,3
242359,242362,242364,2,3
242359,242362,242364,2,3
242359,242363,242365,2,4
242359,242363,242364,1,4
242359,242362,242364,2,3
242359,242362,242364,2,3
242359,242363,242364,1,4
242359,242363,242364,1,4
242359,242362,242364,2,3
242359,242362,242364,2,3
242359,242363,242364,1,4
242364,242364,242365,1,0
242364,242364,242365,1,0
242359,242359,242365,6,0
242364,242364,242365,1,0
242364,242364,242365,1,0
242364,242364,242366,2,0
242359,242362,242365,3,3
242359,242362,242365,3,3
242364,242364,242365,1,0
242364,242364,242365,1,0
242364,242364,242365,1,0
242364,242364,242365,1,0
242364,242364,242365,1,0
242364,242364,242365,1,0
242364,242364,242365,1,0
242364,242364,242365,1,0
242364,242364,242365,1,0
242364,242364,242365,1,0
242364,242364,242365,1,0
242364,242364,242365,1,0
242364,242364,242366,2,0
242364,242364,242365,1,0
242364,242364,242365,1,0
242364,242364,242365,1,0
242364,242364,242365,1,0
242364,242364,242366,2,0
242359,242365,242366,1,6
242359,242365,242366,1,6
242359,242365,242366,1,6
242359,242365,242366,1,6
242359,242365,242366,1,6
242364,242365,242367,2,1
242364,242365,242367,2,1
242364,242364,242366,2,0
242364,242365,242367,2,1
242364,242365,242366,1,1
242364,242364,242367,3,0
242364,242365,242367,2,1
242364,242365,242367,2,1
242364,242365,242367,2,1
242364,242365,242366,1,1
242359,242359,242367,8,0
242359,242359,242367,8,0
242359,242362,242367,5,3
242364,242365,242368,3,1
242364,242365,242367,2,1
242364,242365,242367,2,1
242364,242365,242367,2,1
242364,242365,242367,2,1
242364,242365,242367,2,1
242364,242365,242367,2,1
242364,242365,242367,2,1
242364,242365,242367,2,1
242364,242365,242367,2,1
242355,242378,242379,1,23
242355,242378,242379,1,23
242355,242378,242379,1,23
242355,242378,242379,1,23
242355,242378,242381,3,23
242355,242378,242380,2,23
242174,242174,242382,208,0
242184,242185,242386,201,1
242391,242391,242393,2,0
242391,242391,242393,2,0
242391,242391,242393,2,0
242391,242391,242393,2,0
242391,242391,242393,2,0
242391,242391,242393,2,0
242391,242391,242393,2,0
242391,242392,242393,1,1
242391,242392,242393,1,1
242391,242392,242393,1,1
242391,242391,242393,2,0
242391,242391,242393,2,0
242391,242391,242393,2,0
242391,242391,242393,2,0
242391,242391,242393,2,0
242391,242391,242393,2,0
242391,242391,242393,2,0
242391,242391,242393,2,0
242391,242391,242393,2,0
242391,242391,242393,2,0
242391,242391,242393,2,0
242391,242391,242393,2,0
242391,242391,242393,2,0
242391,242391,242394,3,0
242391,242391,242394,3,0
242391,242391,242394,3,0
242391,242391,242394,3,0
242391,242391,242394,3,0
242391,242392,242394,2,1
242391,242392,242394,2,1
242391,242391,242394,3,0
242391,242391,242394,3,0
242391,242391,242394,3,0
242391,242391,242393,2,0
242391,242391,242394,3,0
242391,242391,242394,3,0
242364,242365,242368,3,1
242391,242395,242397,2,4
242391,242395,242397,2,4
242391,242395,242397,2,4
242391,242395,242398,3,4
242398,242399,242400,1,1
242398,242399,242400,1,1
242398,242399,242400,1,1
242398,242399,242400,1,1
242398,242399,242400,1,1
242398,242399,242400,1,1
242398,242399,242400,1,1
242398,242399,242400,1,1
242398,242399,242400,1,1
242398,242399,242400,1,1
242398,242399,242400,1,1
242398,242399,242400,1,1
242398,242399,242400,1,1
242398,242399,242401,2,1
242398,242399,242401,2,1
242398,242399,242400,1,1
242398,242399,242400,1,1
242398,242399,242400,1,1
242398,242399,242400,1,1
242398,242399,242401,2,1
242398,242399,242401,2,1
242398,242399,242401,2,1
242398,242399,242401,2,1
242398,242399,242402,3,1
242398,242399,242401,2,1
242398,242399,242401,2,1
242398,242399,242401,2,1
242398,242399,242401,2,1
242398,242399,242402,3,1
242398,242399,242401,2,1
242398,242399,242402,3,1
242398,242399,242402,3,1
242398,242399,242402,3,1
242398,242399,242402,3,1
242218,242218,242406,188,0
242391,242409,242410,1,18
242391,242409,242410,1,18
242391,242409,242410,1,18
242391,242409,242411,2,18
242409,242409,242410,1,0
242409,242409,242411,2,0
242409,242409,242410,1,0
242409,242409,242410,1,0
242409,242409,242410,1,0
242409,242409,242410,1,0
242409,242409,242410,1,0
242409,242409,242410,1,0
242409,242409,242410,1,0
242409,242409,242410,1,0
242409,242409,242410,1,0
242409,242409,242410,1,0
242409,242409,242410,1,0
242391,242409,242412,3,18
242409,242409,242411,2,0
242409,242409,242411,2,0
242409,242409,242412,3,0
242409,242409,242411,2,0
242409,242409,242411,2,0
242409,242409,242412,3,0
242409,242409,242411,2,0
242409,242409,242411,2,0
242409,242409,242411,2,0
242409,242409,242412,3,0
242409,242409,242412,3,0
242409,242409,242411,2,0
242409,242409,242412,3,0
242409,242409,242411,2,0
242409,242409,242411,2,0
242409,242409,242411,2,0
242409,242409,242412,3,0
242409,242409,242411,2,0
242409,242409,242411,2,0
242409,242409,242411,2,0
242409,242409,242413,4,0
242409,242409,242412,3,0
242409,242409,242413,4,0
242398,242415,242416,1,17
242398,242415,242416,1,17
242398,242415,242416,1,17
242398,242415,242416,1,17
242398,242415,242417,2,17
242398,242415,242417,2,17
242242,242242,242417,175,0
242409,242409,242418,9,0
242249,242250,242420,170,1
242398,242419,242420,1,21
242398,242419,242420,1,21
242409,242419,242420,1,10
242398,242419,242421,2,21
242246,242248,242421,173,2
242398,242419,242422,3,21
242398,242419,242421,2,21
242409,242422,242423,1,13
242421,242421,242423,2,0
242421,242421,242423,2,0
242421,242421,242422,1,0
242421,242421,242422,1,0
242421,242421,242422,1,0
242421,242421,242422,1,0
242421,242421,242422,1,0
242421,242421,242423,2,0
242421,242421,242423,2,0
242421,242421,242423,2,0
242421,242421,242422,1,0
242421,242421,242422,1,0
242421,242421,242422,1,0
242421,242421,242423,2,0
242421,242422,242423,1,1
242421,242421,242423,2,0
242421,242421,242422,1,0
242421,242421,242423,2,0
242421,242421,242423,2,0
242421,242421,242422,1,0
242421,242421,242422,1,0
242421,242421,242422,1,0
242421,242421,242422,1,0
242421,242421,242423,2,0
242421,242421,242423,2,0
242421,242421,242422,1,0
242421,242421,242422,1,0
242421,242421,242423,2,0
242421,242421,242423,2,0
242421,242422,242423,1,1
242421,242421,242422,1,0
242421,242421,242422,1,0
242421,242421,242423,2,0
242421,242421,242423,2,0
242421,242421,242423,2,0
242409,242422,242423,1,13
242409,242422,242423,1,13
242409,242422,242423,1,13
242409,242422,242424,2,13
242421,242423,242424,1,2
242421,242421,242424,3,0
242421,242421,242424,3,0
242421,242421,242424,3,0
242421,242421,242423,2,0
242421,242421,242424,3,0
242421,242421,242424,3,0
242421,242421,242424,3,0
242421,242421,242424,3,0
242421,242421,242423,2,0
242421,242421,242423,2,0
242421,242422,242423,1,1
242421,242421,242424,3,0
242421,242421,242423,2,0
242421,242421,242424,3,0
242421,242421,242423,2,0
242421,242421,242423,2,0
242409,242422,242425,3,13
242236,242237,242424,187,1
242421,242423,242425,2,2
242421,242423,242425,2,2
242421,242421,242424,3,0
242421,242423,242424,1,2
242421,242423,242425,2,2
242421,242423,242425,2,2
242421,242423,242425,2,2
242421,242423,242425,2,2
242421,242423,242425,2,2
242421,242423,242425,2,2
242421,242423,242425,2,2
242421,242423,242425,2,2
242421,242423,242425,2,2
242421,242423,242425,2,2
242421,242423,242425,2,2
242421,242423,242425,2,2
242421,242423,242425,2,2
242421,242423,242425,2,2
242421,242423,242425,2,2
242421,242423,242425,2,2
242421,242423,242426,3,2
242421,242423,242425,2,2
242421,242423,242426,3,2
242421,242423,242426,3,2
242421,242423,242426,3,2
242421,242423,242425,2,2
242421,242423,242426,3,2
242421,242423,242426,3,2
242421,242423,242426,3,2
242421,242423,242426,3,2
242421,242423,242425,2,2
242421,242427,242430,3,6
242421,242427,242430,3,6
242240,242240,242433,193,0
242421,242427,242434,7,6
242433,242433,242435,2,0
242433,242433,242435,2,0
242433,242433,242435,2,0
242433,242433,242435,2,0
242433,242433,242435,2,0
242433,242433,242435,2,0
242433,242433,242435,2,0
242433,242433,242435,2,0
242433,242433,242435,2,0
242433,242433,242435,2,0
242433,242433,242435,2,0
242433,242433,242435,2,0
242433,242433,242435,2,0
242433,242433,242435,2,0
242433,242433,242435,2,0
242433,242433,242435,2,0
242433,242434,242436,2,1
242433,242434,242435,1,1
242433,242433,242435,2,0
242433,242433,242436,3,0
242433,242434,242435,1,1
242433,242434,242435,1,1
242433,242434,242435,1,1
242433,242434,242435,1,1
242433,242433,242435,2,0
242433,242433,242435,2,0
242433,242433,242436,3,0
242433,242434,242435,1,1
242433,242434,242435,1,1
242433,242435,242436,1,2
242433,242433,242435,2,0
242433,242433,242436,3,0
242433,242434,242435,1,1
242433,242434,242435,1,1
242433,242435,242436,1,2
242433,242433,242435,2,0
242433,242433,242436,3,0
242433,242434,242435,1,1
242433,242434,242435,1,1
242433,242435,242436,1,2
242433,242435,242436,1,2
242433,242433,242436,3,0
242433,242433,242436,3,0
242433,242434,242435,1,1
242433,242434,242435,1,1
242433,242435,242436,1,2
242433,242435,242436,1,2
242433,242433,242436,3,0
242433,242435,242436,1,2
242433,242433,242436,3,0
242433,242433,242436,3,0
242433,242436,242437,1,3
242421,242427,242435,8,6
242421,242427,242435,8,6
242433,242434,242435,1,1
242433,242433,242437,4,0
242433,242433,242436,3,0
242433,242433,242436,3,0
242433,242433,242437,4,0
242433,242433,242436,3,0
242433,242433,242436,3,0
242433,242433,242437,4,0
242433,242433,242436,3,0
242433,242433,242436,3,0
242433,242433,242436,3,0
242433,242433,242437,4,0
242433,242435,242437,2,2
242433,242436,242437,1,3
242433,242434,242437,3,1
242433,242437,242438,1,4
242433,242436,242438,2,3
242433,242436,242437,1,3
242433,242436,242437,1,3
242433,242436,242438,2,3
242433,242436,242438,2,3
242433,242436,242437,1,3
242433,242436,242438,2,3
242433,242436,242438,2,3
242433,242436,242438,2,3
242433,242436,242438,2,3
242433,242436,242438,2,3
242433,242436,242438,2,3
242433,242436,242438,2,3
242433,242436,242438,2,3
242433,242436,242438,2,3
242433,242436,242438,2,3
242433,242436,242438,2,3
242433,242436,242438,2,3
242433,242436,242438,2,3
242433,242436,242438,2,3
242433,242434,242438,4,1
242421,242423,242445,22,2
242421,242423,242445,22,2
242433,242434,242447,13,1
242266,242266,242453,187,0
242453,242454,242455,1,1
242453,242454,242455,1,1
242453,242454,242455,1,1
242453,242454,242455,1,1
242453,242454,242455,1,1
242453,242454,242456,2,1
242453,242454,242455,1,1
242454,242454,242456,2,0
242453,242454,242455,1,1
242453,242454,242455,1,1
242453,242454,242455,1,1
242453,242454,242455,1,1
242454,242454,242456,2,0
242453,242454,242455,1,1
242453,242454,242455,1,1
242454,242454,242456,2,0
242454,242454,242455,1,0
242453,242454,242455,1,1
242453,242454,242455,1,1
242453,242454,242456,2,1
242454,242454,242455,1,0
242454,242454,242455,1,0
242453,242454,242455,1,1
242453,242454,242455,1,1
242453,242454,242455,1,1
242454,242454,242456,2,0
242454,242454,242455,1,0
242453,242454,242455,1,1
242453,242454,242455,1,1
242454,242454,242456,2,0
242454,242454,242456,2,0
242454,242454,242456,2,0
242453,242454,242455,1,1
242453,242454,242456,2,1
242453,242454,242456,2,1
242454,242454,242456,2,0
242454,242454,242455,1,0
242454,242454,242456,2,0
242454,242454,242455,1,0
242453,242454,242456,2,1
242454,242454,242455,1,0
242454,242454,242455,1,0
242454,242454,242455,1,0
242454,242454,242455,1,0
242454,242455,242456,1,1
242453,242454,242456,2,1
242453,242454,242456,2,1
242453,242454,242456,2,1
242453,242454,242457,3,1
242453,242454,242456,2,1
242453,242454,242457,3,1
242453,242454,242456,2,1
242453,242454,242457,3,1
242453,242454,242456,2,1
242453,242454,242457,3,1
242453,242454,242456,2,1
242453,242454,242457,3,1
242454,242456,242457,1,2
242454,242456,242457,1,2
242454,242456,242458,2,2
242453,242454,242457,3,1
242453,242454,242457,3,1
242454,242456,242457,1,2
242453,242454,242457,3,1
242454,242456,242458,2,2
242454,242456,242458,2,2
242454,242456,242458,2,2
242454,242456,242458,2,2
242454,242456,242458,2,2
242454,242456,242458,2,2
242454,242456,242458,2,2
242454,242456,242458,2,2
242454,242456,242458,2,2
242454,242456,242458,2,2
242454,242456,242458,2,2
242453,242454,242457,3,1
242454,242456,242458,2,2
242454,242456,242458,2,2
242454,242456,242458,2,2
242454,242456,242458,2,2
242454,242456,242458,2,2
242454,242456,242459,3,2
242454,242456,242458,2,2
242454,242456,242458,2,2
242454,242456,242459,3,2
242454,242456,242458,2,2
242290,242290,242469,179,0
242453,242468,242470,2,15
242453,242468,242470,2,15
242453,242468,242470,2,15
242453,242468,242471,3,15
242294,242294,242478,184,0
242476,242476,242477,1,0
242476,242476,242477,1,0
242476,242476,242478,2,0
242476,242476,242478,2,0
242476,242476,242477,1,0
242476,242476,242478,2,0
242476,242476,242478,2,0
242476,242476,242478,2,0
242476,242476,242477,1,0
242476,242476,242477,1,0
242476,242476,242478,2,0
242476,242476,242477,1,0
242476,242476,242477,1,0
242476,242476,242477,1,0
242476,242476,242478,2,0
242476,242476,242478,2,0
242476,242476,242477,1,0
242476,242476,242478,2,0
242476,242476,242478,2,0
242476,242476,242477,1,0
242476,242476,242477,1,0
242476,242476,242477,1,0
242476,242476,242477,1,0
242476,242476,242478,2,0
242476,242476,242478,2,0
242476,242476,242477,1,0
242476,242476,242477,1,0
242476,242476,242477,1,0
242476,242476,242477,1,0
242476,242476,242478,2,0
242476,242476,242479,3,0
242476,242476,242479,3,0
242476,242476,242478,2,0
242476,242476,242478,2,0
242476,242476,242478,2,0
242476,242476,242479,3,0
242476,242476,242478,2,0
242476,242476,242478,2,0
242476,242476,242478,2,0
242296,242296,242478,182,0
242476,242476,242479,3,0
242476,242476,242478,2,0
242480,242480,242482,2,0
242480,242480,242482,2,0
242480,242481,242482,1,1
242480,242481,242482,1,1
242480,242481,242482,1,1
242480,242481,242482,1,1
242480,242480,242482,2,0
242480,242481,242482,1,1
242480,242481,242482,1,1
242480,242480,242482,2,0
242480,242481,242482,1,1
242480,242481,242482,1,1
242480,242480,242482,2,0
242480,242480,242482,2,0
242480,242481,242482,1,1
242480,242480,242482,2,0
242480,242480,242482,2,0
242480,242481,242482,1,1
242480,242481,242482,1,1
242480,242480,242482,2,0
242480,242481,242482,1,1
242480,242481,242482,1,1
242480,242481,242482,1,1
242480,242481,242483,2,1
242480,242481,242483,2,1
242480,242481,242483,2,1
242480,242481,242483,2,1
242480,242481,242483,2,1
242480,242481,242483,2,1
242480,242481,242483,2,1
242480,242481,242483,2,1
242480,242481,242483,2,1
242480,242481,242483,2,1
242480,242481,242483,2,1
242480,242481,242483,2,1
242480,242481,242483,2,1
242480,242481,242483,2,1
242480,242481,242483,2,1
242480,242481,242483,2,1
242480,242481,242483,2,1
242480,242481,242483,2,1
242476,242483,242484,1,7
242480,242481,242484,3,1
242476,242483,242485,2,7
242480,242483,242484,1,3
242476,242483,242485,2,7
242480,242483,242485,2,3
242480,242483,242485,2,3
242244,242244,242498,254,0
242499,242499,242500,1,0
242499,242499,242501,2,0
242499,242499,242500,1,0
242499,242499,242500,1,0
242499,242499,242501,2,0
242499,242499,242500,1,0
242499,242499,242501,2,0
242499,242499,242501,2,0
242499,242499,242500,1,0
242499,242499,242500,1,0
242499,242499,242500,1,0
242499,242499,242500,1,0
242499,242499,242500,1,0
242499,242499,242500,1,0
242499,242499,242501,2,0
242499,242499,242500,1,0
242499,242499,242500,1,0
242499,242499,242500,1,0
242499,242499,242500,1,0
242499,242499,242501,2,0
242499,242499,242501,2,0
242499,242499,242500,1,0
242499,242499,242500,1,0
242499,242499,242500,1,0
242499,242499,242500,1,0
242499,242499,242500,1,0
242499,242499,242501,2,0
242499,242499,242501,2,0
242499,242499,242501,2,0
242499,242499,242501,2,0
242499,242499,242501,2,0
242499,242499,242501,2,0
242499,242499,242501,2,0
242499,242499,242501,2,0
242499,242499,242501,2,0
242499,242499,242501,2,0
242499,242499,242501,2,0
242499,242499,242501,2,0
242499,242499,242501,2,0
242499,242499,242501,2,0
242319,242319,242507,188,0
242507,242507,242509,2,0
242507,242507,242509,2,0
242507,242507,242509,2,0
242507,242507,242509,2,0
242507,242507,242509,2,0
242507,242507,242509,2,0
242507,242507,242509,2,0
242507,242507,242510,3,0
242507,242508,242509,1,1
242507,242508,242509,1,1
242507,242508,242509,1,1
242507,242507,242509,2,0
242507,242507,242509,2,0
242507,242507,242509,2,0
242507,242508,242509,1,1
242507,242508,242509,1,1
242507,242507,242509,2,0
242507,242507,242509,2,0
242507,242507,242509,2,0
242507,242508,242510,2,1
242507,242508,242509,1,1
242507,242507,242509,2,0
242507,242507,242509,2,0
242507,242507,242509,2,0
242507,242508,242509,1,1
242507,242508,242509,1,1
242507,242507,242509,2,0
242507,242507,242509,2,0
242507,242507,242509,2,0
242507,242508,242509,1,1
242507,242508,242509,1,1
242507,242508,242509,1,1
242507,242507,242509,2,0
242507,242507,242509,2,0
242507,242508,242509,1,1
242507,242507,242509,2,0
242507,242507,242510,3,0
242507,242508,242509,1,1
242507,242508,242509,1,1
242507,242508,242509,1,1
242507,242508,242509,1,1
242507,242507,242510,3,0
242507,242508,242510,2,1
242507,242508,242510,2,1
242507,242507,242511,4,0
242507,242508,242510,2,1
242507,242508,242510,2,1
242507,242510,242511,1,3
242507,242508,242510,2,1
242507,242508,242510,2,1
242507,242507,242510,3,0
242507,242508,242510,2,1
242507,242507,242510,3,0
242507,242507,242511,4,0
242507,242508,242511,3,1
242507,242508,242510,2,1
242507,242508,242510,2,1
242507,242508,242511,3,1
242507,242508,242510,2,1
242507,242508,242510,2,1
242507,242508,242510,2,1
242507,242510,242511,1,3
242507,242510,242511,1,3
242507,242510,242511,1,3
242507,242510,242511,1,3
242507,242510,242511,1,3
242507,242510,242511,1,3
242507,242510,242512,2,3
242507,242510,242512,2,3
242507,242510,242512,2,3
242507,242510,242512,2,3
242507,242510,242512,2,3
242507,242510,242511,1,3
242507,242510,242511,1,3
242507,242510,242512,2,3
242507,242510,242512,2,3
242507,242510,242512,2,3
242507,242510,242511,1,3
242507,242510,242511,1,3
242507,242510,242511,1,3
242507,242510,242511,1,3
242507,242510,242511,1,3
242507,242510,242512,2,3
242507,242510,242512,2,3
242507,242510,242512,2,3
242507,242510,242512,2,3
242507,242510,242512,2,3
242507,242510,242512,2,3
242499,242513,242514,1,14
242499,242513,242514,1,14
242499,242513,242514,1,14
242499,242513,242515,2,14
242499,242513,242515,2,14
242507,242513,242515,2,6
242507,242513,242516,3,6
242302,242330,242521,191,28
242532,242532,242533,1,0
242532,242532,242533,1,0
242532,242532,242533,1,0
242532,242532,242534,2,0
242532,242532,242534,2,0
242532,242532,242533,1,0
242532,242532,242533,1,0
242532,242532,242534,2,0
242532,242532,242533,1,0
242532,242532,242534,2,0
242532,242532,242534,2,0
242532,242532,242534,2,0
242532,242532,242533,1,0
242532,242532,242534,2,0
242532,242532,242534,2,0
242532,242532,242534,2,0
242532,242532,242534,2,0
242532,242532,242533,1,0
242532,242532,242534,2,0
242532,242532,242534,2,0
242532,242532,242533,1,0
242532,242532,242534,2,0
242532,242532,242533,1,0
242532,242532,242533,1,0
242532,242532,242533,1,0
242532,242532,242534,2,0
242532,242532,242533,1,0
242532,242532,242533,1,0
242532,242532,242534,2,0
242532,242532,242534,2,0
242532,242532,242533,1,0
242532,242532,242534,2,0
242532,242532,242533,1,0
242532,242532,242534,2,0
242532,242532,242534,2,0
242532,242532,242534,2,0
242532,242532,242535,3,0
242532,242532,242535,3,0
242532,242532,242535,3,0
242532,242532,242534,2,0
242532,242532,242535,3,0
242532,242532,242535,3,0
242532,242532,242534,2,0
242532,242532,242534,2,0
242532,242532,242534,2,0
242349,242349,242538,189,0
242363,242363,242540,177,0
242541,242541,242542,1,0
242541,242541,242542,1,0
242541,242541,242542,1,0
242541,242541,242543,2,0
242541,242541,242542,1,0
242541,242541,242542,1,0
242541,242541,242542,1,0
242541,242541,242543,2,0
242541,242541,242543,2,0
242541,242541,242543,2,0
242541,242541,242542,1,0
242541,242541,242542,1,0
242541,242541,242542,1,0
242541,242541,242543,2,0
242541,242541,242543,2,0
242541,242541,242543,2,0
242541,242541,242543,2,0
242541,242542,242543,1,1
242541,242541,242542,1,0
242541,242541,242542,1,0
242541,242541,242543,2,0
242541,242542,242543,1,1
242541,242541,242542,1,0
242541,242541,242542,1,0
242541,242541,242543,2,0
242541,242541,242543,2,0
242541,242542,242543,1,1
242541,242541,242542,1,0
242541,242541,242543,2,0
242541,242541,242543,2,0
242541,242542,242543,1,1
242541,242541,242544,3,0
242541,242542,242543,1,1
242541,242542,242543,1,1
242541,242543,242544,1,2
242541,242543,242544,1,2
242541,242541,242543,2,0
242541,242541,242543,2,0
242541,242542,242543,1,1
242541,242542,242543,1,1
242541,242542,242543,1,1
242541,242542,242543,1,1
242541,242541,242543,2,0
242541,242541,242543,2,0
242541,242542,242543,1,1
242541,242542,242543,1,1
242541,242542,242543,1,1
242541,242541,242543,2,0
242541,242541,242543,2,0
242541,242541,242544,3,0
242541,242542,242543,1,1
242541,242542,242543,1,1
242541,242542,242543,1,1
242541,242541,242543,2,0
242541,242541,242544,3,0
242541,242541,242543,2,0
242541,242542,242543,1,1
242541,242542,242543,1,1
242541,242542,242543,1,1
242541,242542,242543,1,1
242541,242541,242543,2,0
242541,242541,242543,2,0
242541,242542,242543,1,1
242541,242542,242543,1,1
242541,242542,242543,1,1
242541,242542,242543,1,1
242541,242541,242544,3,0
242541,242541,242543,2,0
242541,242541,242544,3,0
242541,242542,242543,1,1
242541,242541,242544,3,0
242541,242541,242544,3,0
242541,242543,242544,1,2
242541,242543,242544,1,2
242541,242543,242544,1,2
242541,242543,242545,2,2
242541,242543,242544,1,2
242541,242543,242544,1,2
242541,242543,242544,1,2
242541,242543,242545,2,2
242541,242543,242545,2,2
242541,242543,242545,2,2
242541,242543,242545,2,2
242541,242543,242545,2,2
242541,242543,242545,2,2
242541,242543,242545,2,2
242541,242543,242545,2,2
242541,242543,242545,2,2
242541,242543,242545,2,2
242541,242543,242545,2,2
242360,242363,242547,184,3
242556,242557,242558,1,1
242556,242557,242558,1,1
242556,242557,242558,1,1
242556,242557,242558,1,1
242556,242557,242558,1,1
242556,242557,242558,1,1
242556,242557,242558,1,1
242556,242557,242558,1,1
242556,242557,242558,1,1
242556,242557,242558,1,1
242556,242557,242558,1,1
242556,242557,242558,1,1
242556,242557,242559,2,1
242556,242557,242558,1,1
242556,242557,242558,1,1
242556,242557,242558,1,1
242556,242557,242558,1,1
242556,242557,242558,1,1
242556,242557,242558,1,1
242556,242557,242558,1,1
242556,242557,242558,1,1
242556,242557,242558,1,1
242556,242557,242558,1,1
242556,242557,242558,1,1
242556,242557,242558,1,1
242556,242557,242558,1,1
242556,242557,242558,1,1
242556,242557,242558,1,1
242556,242557,242558,1,1
242556,242557,242558,1,1
242556,242557,242558,1,1
242556,242557,242558,1,1
242556,242557,242558,1,1
242556,242557,242558,1,1
242556,242557,242559,2,1
242556,242557,242559,2,1
242556,242557,242559,2,1
242556,242557,242559,2,1
242556,242557,242559,2,1
242556,242557,242559,2,1
242556,242557,242559,2,1
242556,242557,242559,2,1
242556,242557,242559,2,1
242556,242557,242559,2,1
242556,242557,242559,2,1
242356,242378,242570,192,22
242573,242573,242574,1,0
242573,242573,242575,2,0
242573,242573,242574,1,0
242573,242573,242575,2,0
242573,242573,242574,1,0
242573,242573,242575,2,0
242573,242573,242575,2,0
242573,242573,242574,1,0
242573,242573,242575,2,0
242573,242573,242574,1,0
242573,242573,242574,1,0
242573,242573,242575,2,0
242573,242573,242575,2,0
242573,242573,242574,1,0
242573,242573,242575,2,0
242573,242573,242574,1,0
242573,242573,242574,1,0
242573,242573,242575,2,0
242573,242573,242575,2,0
242573,242573,242575,2,0
242573,242573,242575,2,0
242573,242573,242574,1,0
242573,242573,242574,1,0
242573,242573,242575,2,0
242573,242573,242575,2,0
242573,242573,242575,2,0
242573,242573,242575,2,0
242573,242573,242575,2,0
242573,242573,242574,1,0
242573,242573,242574,1,0
242573,242573,242574,1,0
242573,242573,242575,2,0
242573,242573,242575,2,0
242573,242573,242574,1,0
242573,242573,242574,1,0
242573,242573,242575,2,0
242573,242573,242575,2,0
242573,242573,242575,2,0
242573,242573,242575,2,0
242573,242573,242575,2,0
242573,242573,242575,2,0
242573,242573,242575,2,0
242573,242573,242575,2,0
242573,242573,242575,2,0
242573,242573,242575,2,0
242400,242400,242583,183,0
242586,242586,242588,2,0
242586,242586,242588,2,0
242586,242586,242587,1,0
242586,242586,242587,1,0
242586,242586,242587,1,0
242586,242586,242587,1,0
242586,242586,242588,2,0
242586,242586,242588,2,0
242586,242586,242587,1,0
242586,242586,242588,2,0
242586,242586,242587,1,0
242586,242586,242587,1,0
242586,242586,242587,1,0
242586,242586,242587,1,0
242586,242586,242587,1,0
242586,242586,242587,1,0
242365,242365,242588,223,0
242586,242586,242587,1,0
242586,242586,242587,1,0
242586,242586,242588,2,0
242586,242586,242588,2,0
242586,242586,242587,1,0
242586,242586,242588,2,0
242586,242586,242588,2,0
242586,242586,242588,2,0
242586,242586,242587,1,0
242586,242586,242587,1,0
242586,242586,242588,2,0
242586,242586,242588,2,0
242586,242586,242589,3,0
242586,242586,242589,3,0
242586,242586,242588,2,0
242586,242586,242588,2,0
242586,242586,242589,3,0
242586,242586,242588,2,0
242586,242586,242589,3,0
242586,242586,242588,2,0
242586,242586,242588,2,0
242586,242586,242588,2,0
242586,242586,242589,3,0
242586,242586,242588,2,0
242586,242586,242589,3,0
242586,242586,242589,3,0
242586,242586,242589,3,0
242586,242586,242589,3,0
242586,242586,242589,3,0
242589,242589,242591,2,0
242589,242589,242591,2,0
242589,242589,242591,2,0
242589,242589,242590,1,0
242589,242589,242591,2,0
242589,242589,242591,2,0
242589,242589,242591,2,0
242589,242589,242591,2,0
242589,242589,242591,2,0
242589,242589,242590,1,0
242589,242589,242591,2,0
242589,242589,242590,1,0
242589,242589,242591,2,0
242589,242589,242591,2,0
242589,242589,242590,1,0
242589,242589,242590,1,0
242589,242589,242591,2,0
242589,242589,242590,1,0
242589,242589,242590,1,0
242589,242589,242590,1,0
242589,242589,242591,2,0
242589,242589,242590,1,0
242589,242589,242590,1,0
242589,242589,242590,1,0
242589,242589,242591,2,0
242589,242589,242591,2,0
242589,242589,242591,2,0
242589,242589,242591,2,0
242589,242589,242592,3,0
242589,242589,242591,2,0
242589,242589,242592,3,0
242589,242589,242592,3,0
242589,242589,242592,3,0
242589,242589,242591,2,0
242589,242589,242591,2,0
242589,242589,242592,3,0
242589,242589,242592,3,0
242589,242589,242591,2,0
242589,242589,242591,2,0
242589,242589,242592,3,0
242589,242589,242592,3,0
242589,242589,242592,3,0
242589,242589,242592,3,0
242589,242589,242592,3,0
242589,242589,242593,4,0
242392,242393,242595,202,1
242422,242423,242595,172,1
242600,242600,242601,1,0
242600,242600,242601,1,0
242600,242600,242601,1,0
242600,242600,242601,1,0
242600,242600,242601,1,0
242600,242600,242601,1,0
242600,242600,242601,1,0
242600,242600,242601,1,0
242600,242600,242601,1,0
242600,242600,242601,1,0
242600,242600,242601,1,0
242600,242600,242601,1,0
242600,242600,242601,1,0
242600,242600,242601,1,0
242600,242600,242601,1,0
242600,242600,242602,2,0
242600,242600,242602,2,0
242600,242600,242601,1,0
242600,242600,242601,1,0
242600,242600,242601,1,0
242600,242600,242601,1,0
242600,242600,242601,1,0
242600,242600,242601,1,0
242600,242600,242602,2,0
242600,242600,242602,2,0
242600,242600,242602,2,0
242600,242600,242602,2,0
242600,242600,242602,2,0
242600,242600,242601,1,0
242600,242600,242602,2,0
242600,242600,242602,2,0
242600,242600,242602,2,0
242600,242600,242602,2,0
242600,242600,242602,2,0
242600,242600,242602,2,0
242600,242600,242602,2,0
242600,242600,242602,2,0
242600,242600,242601,1,0
242600,242600,242602,2,0
242600,242600,242602,2,0
242600,242600,242602,2,0
242600,242600,242601,1,0
242600,242600,242602,2,0
242600,242600,242601,1,0
242600,242600,242602,2,0
242600,242600,242602,2,0
242600,242600,242601,1,0
242600,242600,242602,2,0
242600,242600,242602,2,0
242600,242600,242602,2,0
242600,242600,242601,1,0
242600,242600,242602,2,0
242600,242600,242601,1,0
242600,242600,242602,2,0
242600,242600,242602,2,0
242600,242600,242602,2,0
242600,242600,242602,2,0
242600,242600,242602,2,0
242600,242600,242603,3,0
242600,242600,242602,2,0
242600,242600,242603,3,0
242600,242600,242602,2,0
242600,242600,242603,3,0
242600,242600,242603,3,0
242600,242600,242603,3,0
242600,242600,242603,3,0
242600,242601,242603,2,1
242600,242600,242603,3,0
242600,242600,242603,3,0
242600,242600,242603,3,0
242600,242601,242603,2,1
242600,242601,242603,2,1
242600,242600,242603,3,0
242600,242600,242603,3,0
242600,242601,242603,2,1
242600,242600,242603,3,0
242600,242601,242603,2,1
242600,242600,242603,3,0
242600,242601,242603,2,1
242600,242600,242603,3,0
242600,242600,242603,3,0
242600,242601,242603,2,1
242600,242601,242603,2,1
242600,242600,242603,3,0
242600,242602,242604,2,2
242600,242602,242603,1,2
242410,242411,242603,192,1
242600,242601,242604,3,1
242600,242601,242604,3,1
242600,242601,242604,3,1
242600,242601,242604,3,1
242434,242436,242611,175,2
242618,242618,242619,1,0
242618,242618,242619,1,0
242618,242618,242619,1,0
242618,242618,242619,1,0
242618,242618,242619,1,0
242618,242618,242619,1,0
242618,242618,242619,1,0
242618,242618,242619,1,0
242618,242618,242620,2,0
242618,242618,242619,1,0
242618,242618,242619,1,0
242618,242618,242619,1,0
242618,242618,242619,1,0
242618,242618,242619,1,0
242618,242618,242620,2,0
242618,242618,242619,1,0
242618,242618,242619,1,0
242618,242618,242620,2,0
242618,242618,242619,1,0
242618,242618,242619,1,0
242618,242618,242619,1,0
242618,242618,242619,1,0
242618,242618,242619,1,0
242618,242618,242619,1,0
242618,242618,242619,1,0
242618,242618,242620,2,0
242618,242618,242620,2,0
242618,242618,242620,2,0
242618,242618,242620,2,0
242618,242618,242620,2,0
242618,242618,242620,2,0
242618,242618,242620,2,0
242618,242618,242620,2,0
242618,242618,242620,2,0
242618,242618,242620,2,0
242618,242618,242620,2,0
242618,242618,242620,2,0
242618,242618,242621,3,0
242618,242618,242620,2,0
242618,242618,242620,2,0
242618,242618,242620,2,0
242618,242618,242620,2,0
242618,242618,242621,3,0
242618,242618,242621,3,0
242618,242618,242621,3,0
242455,242456,242625,169,1
242626,242626,242628,2,0
242626,242626,242628,2,0
242626,242626,242628,2,0
242626,242626,242628,2,0
242626,242626,242628,2,0
242626,242626,242628,2,0
242626,242626,242628,2,0
242626,242626,242628,2,0
242626,242626,242627,1,0
242626,242626,242628,2,0
242626,242626,242628,2,0
242626,242626,242628,2,0
242626,242626,242628,2,0
242626,242626,242628,2,0
242626,242626,242628,2,0
242626,242626,242628,2,0
242626,242626,242628,2,0
242626,242626,242628,2,0
242626,242626,242628,2,0
242626,242626,242628,2,0
242626,242626,242628,2,0
242626,242626,242628,2,0
242626,242626,242628,2,0
242626,242626,242628,2,0
242626,242626,242628,2,0
242626,242626,242628,2,0
242626,242626,242628,2,0
242626,242626,242628,2,0
242626,242626,242629,3,0
242626,242626,242629,3,0
242626,242626,242629,3,0
242626,242626,242629,3,0
242626,242626,242629,3,0
242626,242626,242629,3,0
242626,242626,242629,3,0
242626,242626,242629,3,0
242626,242626,242629,3,0
242626,242626,242629,3,0
242626,242626,242628,2,0
242626,242626,242628,2,0
242626,242626,242629,3,0
242626,242626,242629,3,0
242626,242626,242629,3,0
242626,242626,242629,3,0
242626,242626,242629,3,0
242477,242477,242638,161,0
242636,242637,242638,1,1
242636,242637,242638,1,1
242636,242637,242638,1,1
242636,242637,242638,1,1
242636,242637,242638,1,1
242636,242637,242639,2,1
242636,242637,242638,1,1
242636,242637,242638,1,1
242636,242637,242638,1,1
242636,242637,242638,1,1
242636,242637,242638,1,1
242636,242637,242638,1,1
242636,242637,242639,2,1
242636,242637,242638,1,1
242636,242637,242638,1,1
242636,242637,242638,1,1
242636,242637,242638,1,1
242636,242637,242638,1,1
242636,242637,242638,1,1
242636,242637,242638,1,1
242636,242637,242638,1,1
242636,242637,242638,1,1
242636,242637,242638,1,1
242636,242637,242638,1,1
242636,242637,242638,1,1
242636,242637,242639,2,1
242636,242637,242639,2,1
242636,242637,242639,2,1
242636,242637,242639,2,1
242636,242637,242639,2,1
242636,242637,242639,2,1
242636,242637,242640,3,1
242636,242637,242639,2,1
242636,242637,242639,2,1
242636,242637,242639,2,1
242636,242637,242639,2,1
242636,242637,242639,2,1
242636,242637,242640,3,1
242636,242637,242639,2,1
242636,242637,242640,3,1
242636,242637,242639,2,1
242636,242637,242639,2,1
242636,242637,242639,2,1
242636,242637,242639,2,1
242636,242637,242639,2,1
242644,242644,242646,2,0
242644,242644,242646,2,0
242644,242644,242646,2,0
242644,242644,242646,2,0
242644,242644,242646,2,0
242644,242644,242646,2,0
242644,242644,242646,2,0
242644,242644,242646,2,0
242644,242644,242646,2,0
242644,242644,242646,2,0
242644,242644,242646,2,0
242644,242644,242646,2,0
242644,242644,242646,2,0
242644,242644,242646,2,0
242644,242644,242646,2,0
242644,242644,242646,2,0
242644,242644,242646,2,0
242644,242644,242646,2,0
242644,242644,242646,2,0
242644,242644,242645,1,0
242644,242644,242646,2,0
242644,242644,242646,2,0
242644,242644,242646,2,0
242644,242644,242646,2,0
242644,242644,242646,2,0
242644,242644,242646,2,0
242644,242644,242646,2,0
242644,242644,242646,2,0
242644,242644,242646,2,0
242644,242644,242646,2,0
242644,242644,242647,3,0
242644,242644,242647,3,0
242644,242644,242647,3,0
242644,242644,242647,3,0
242644,242644,242647,3,0
242644,242644,242646,2,0
242644,242644,242647,3,0
242644,242644,242647,3,0
242644,242644,242647,3,0
242644,242644,242647,3,0
242644,242644,242647,3,0
242644,242644,242647,3,0
242644,242644,242647,3,0
242644,242644,242647,3,0
242644,242644,242647,3,0
234430,234430,242729,8299,0
239569,239570,248442,8872,1
239610,248445,268681,20236,8835
268680,268682,268684,2,2
248440,268682,268693,11,20242
295748,295748,296067,319,0
296069,296069,296070,1,0
296069,296069,296071,2,0
296069,296069,296070,1,0
296069,296069,296070,1,0
296069,296069,296071,2,0
296069,296069,296071,2,0
296069,296069,296070,1,0
296069,296069,296071,2,0
296069,296069,296071,2,0
296069,296069,296070,1,0
296069,296069,296071,2,0
296069,296069,296070,1,0
296069,296069,296070,1,0
296069,296069,296070,1,0
296069,296069,296071,2,0
296069,296069,296071,2,0
296069,296069,296070,1,0
296069,296069,296071,2,0
296069,296069,296071,2,0
296069,296069,296071,2,0
296069,296069,296070,1,0
296069,296069,296071,2,0
296069,296069,296071,2,0
296069,296069,296071,2,0
296069,296069,296071,2,0
296069,296069,296071,2,0
296069,296069,296072,3,0
296069,296069,296071,2,0
296069,296069,296071,2,0
296069,296069,296071,2,0
296069,296069,296071,2,0
296069,296069,296072,3,0
296069,296069,296072,3,0
296069,296069,296072,3,0
296069,296069,296071,2,0
296069,296069,296072,3,0
296069,296069,296072,3,0
296069,296069,296072,3,0
296069,296069,296072,3,0
296069,296069,296072,3,0
296069,296069,296072,3,0
296069,296069,296072,3,0
296069,296069,296072,3,0
296069,296069,296072,3,0
296069,296069,296072,3,0
295750,295750,296079,329,0
295766,295766,296082,316,0
296084,296084,296086,2,0
296084,296084,296086,2,0
296084,296084,296086,2,0
296084,296084,296086,2,0
296084,296084,296086,2,0
296084,296084,296086,2,0
296084,296084,296086,2,0
296084,296084,296086,2,0
296084,296084,296086,2,0
296084,296084,296086,2,0
296084,296084,296086,2,0
296084,296084,296086,2,0
295773,295773,296085,312,0
296084,296084,296086,2,0
296084,296084,296086,2,0
296084,296084,296086,2,0
296084,296084,296086,2,0
296084,296084,296086,2,0
296084,296084,296086,2,0
296084,296084,296086,2,0
296084,296084,296086,2,0
296085,296085,296086,1,0
296085,296085,296086,1,0
296084,296084,296086,2,0
296084,296084,296087,3,0
296084,296084,296087,3,0
296085,296085,296086,1,0
296085,296085,296087,2,0
296084,296084,296087,3,0
296084,296084,296086,2,0
296085,296085,296086,1,0
296085,296085,296086,1,0
296084,296084,296087,3,0
296084,296084,296087,3,0
296085,296085,296086,1,0
296085,296085,296086,1,0
296085,296085,296086,1,0
296084,296084,296087,3,0
296084,296084,296087,3,0
296085,296085,296086,1,0
296085,296085,296086,1,0
296084,296084,296087,3,0
296084,296084,296087,3,0
296085,296085,296086,1,0
296085,296085,296086,1,0
296084,296084,296086,2,0
296084,296084,296087,3,0
296085,296085,296086,1,0
296085,296085,296086,1,0
296084,296084,296087,3,0
296084,296084,296087,3,0
296085,296085,296086,1,0
296085,296085,296086,1,0
296084,296084,296087,3,0
296084,296084,296087,3,0
296085,296086,296087,1,1
296085,296086,296087,1,1
296085,296086,296087,1,1
296084,296084,296087,3,0
296084,296084,296087,3,0
296084,296084,296088,4,0
296085,296086,296087,1,1
296084,296084,296088,4,0
296085,296086,296088,2,1
296084,296084,296088,4,0
296084,296084,296088,4,0
296084,296084,296088,4,0
296085,296086,296088,2,1
296084,296084,296088,4,0
296085,296087,296089,2,2
296085,296087,296088,1,2
296085,296087,296088,1,2
296085,296087,296089,2,2
296085,296087,296089,2,2
296085,296087,296089,2,2
296085,296087,296089,2,2
296085,296087,296089,2,2
296085,296087,296089,2,2
296085,296086,296089,3,1
296085,296086,296089,3,1
296087,296088,296089,1,1
296087,296088,296089,1,1
296087,296088,296089,1,1
296087,296088,296089,1,1
296087,296088,296089,1,1
296085,296086,296089,3,1
296085,296086,296089,3,1
296087,296088,296089,1,1
296087,296088,296089,1,1
296087,296088,296089,1,1
296085,296086,296089,3,1
296085,296086,296089,3,1
296087,296088,296089,1,1
296087,296088,296089,1,1
296087,296088,296089,1,1
296087,296088,296089,1,1
296087,296088,296089,1,1
296085,296086,296089,3,1
296085,296086,296089,3,1
296087,296088,296089,1,1
296087,296088,296089,1,1
296087,296088,296089,1,1
296087,296088,296089,1,1
296087,296088,296089,1,1
296085,296086,296089,3,1
296085,296086,296089,3,1
296087,296088,296089,1,1
296087,296088,296089,1,1
296087,296088,296089,1,1
296087,296088,296089,1,1
296085,296086,296089,3,1
296087,296088,296089,1,1
296087,296088,296089,1,1
296087,296088,296089,1,1
296087,296088,296089,1,1
296087,296088,296090,2,1
296085,296087,296089,2,2
296087,296088,296089,1,1
296087,296088,296089,1,1
296085,296087,296090,3,2
296087,296089,296091,2,2
296087,296089,296091,2,2
296087,296088,296090,2,1
296087,296089,296091,2,2
296087,296089,296091,2,2
296087,296089,296091,2,2
296087,296089,296090,1,2
296087,296089,296090,1,2
296087,296089,296090,1,2
296087,296089,296090,1,2
296087,296088,296090,2,1
296087,296089,296091,2,2
296087,296089,296091,2,2
296087,296088,296091,3,1
296087,296088,296091,3,1
296087,296089,296091,2,2
295750,295751,296094,343,1
295771,295771,296097,326,0
295756,295756,296107,351,0
296108,296109,296110,1,1
296108,296109,296110,1,1
296108,296109,296110,1,1
296108,296109,296110,1,1
296108,296109,296110,1,1
296108,296109,296110,1,1
296108,296109,296110,1,1
296108,296109,296110,1,1
296108,296109,296110,1,1
296108,296109,296110,1,1
296108,296109,296110,1,1
296108,296109,296110,1,1
296108,296109,296110,1,1
296108,296109,296110,1,1
296108,296109,296110,1,1
296108,296109,296110,1,1
296108,296109,296111,2,1
296108,296109,296110,1,1
296108,296109,296110,1,1
296109,296109,296111,2,0
296109,296109,296110,1,0
296109,296109,296110,1,0
296109,296109,296110,1,0
296109,296109,296111,2,0
296108,296109,296110,1,1
296109,296109,296111,2,0
296109,296110,296111,1,1
296108,296109,296111,2,1
296109,296109,296110,1,0
296109,296109,296111,2,0
296108,296109,296111,2,1
296109,296109,296110,1,0
296109,296109,296110,1,0
296109,296109,296111,2,0
296109,296109,296111,2,0
296108,296109,296110,1,1
296109,296109,296110,1,0
296109,296109,296111,2,0
296108,296109,296111,2,1
296109,296109,296110,1,0
296109,296109,296111,2,0
296109,296109,296111,2,0
296108,296109,296110,1,1
296108,296109,296111,2,1
296109,296109,296111,2,0
296108,296109,296111,2,1
296108,296109,296112,3,1
296108,296109,296112,3,1
296108,296109,296112,3,1
296109,296110,296111,1,1
296109,296110,296111,1,1
296108,296109,296112,3,1
296108,296109,296111,2,1
296109,296110,296111,1,1
296109,296110,296112,2,1
296109,296111,296112,1,2
296109,296111,296112,1,2
296108,296109,296112,3,1
296108,296109,296112,3,1
296108,296109,296112,3,1
296108,296109,296112,3,1
296108,296109,296112,3,1
296108,296109,296111,2,1
296108,296109,296111,2,1
296108,296109,296112,3,1
296109,296110,296111,1,1
296108,296109,296112,3,1
296108,296109,296111,2,1
296108,296109,296112,3,1
296108,296109,296111,2,1
296109,296111,296112,1,2
296109,296111,296112,1,2
296109,296111,296113,2,2
296109,296111,296113,2,2
296109,296111,296112,1,2
296109,296111,296113,2,2
296109,296111,296113,2,2
296109,296111,296113,2,2
296109,296111,296113,2,2
296109,296111,296113,2,2
296109,296111,296113,2,2
296109,296111,296113,2,2
296109,296111,296113,2,2
296109,296111,296113,2,2
296109,296111,296113,2,2
296109,296111,296113,2,2
296108,296109,296112,3,1
296109,296111,296113,2,2
296109,296111,296113,2,2
296109,296111,296113,2,2
296109,296111,296113,2,2
296109,296112,296113,1,3
295775,295775,296113,338,0
296109,296110,296113,3,1
296109,296110,296113,3,1
296109,296110,296113,3,1
296109,296110,296113,3,1
296109,296110,296113,3,1
296109,296111,296113,2,2
296109,296111,296113,2,2
296109,296110,296113,3,1
296109,296110,296113,3,1
296109,296111,296113,2,2
296109,296111,296114,3,2
296109,296111,296114,3,2
296109,296111,296113,2,2
296109,296112,296114,2,3
296109,296112,296114,2,3
296109,296113,296114,1,4
296109,296113,296114,1,4
296109,296113,296114,1,4
296109,296113,296114,1,4
296109,296113,296114,1,4
296109,296113,296114,1,4
296109,296113,296115,2,4
296109,296113,296114,1,4
296109,296113,296114,1,4
296109,296113,296114,1,4
296109,296113,296114,1,4
296109,296113,296115,2,4
296109,296113,296115,2,4
296109,296113,296115,2,4
296109,296113,296115,2,4
296109,296113,296115,2,4
296109,296113,296115,2,4
296109,296113,296115,2,4
296109,296113,296115,2,4
296109,296113,296115,2,4
295753,295753,296116,363,0
296120,296120,296122,2,0
296120,296120,296122,2,0
296120,296120,296122,2,0
296120,296120,296122,2,0
296120,296120,296122,2,0
296120,296120,296122,2,0
296120,296120,296122,2,0
296120,296120,296122,2,0
296120,296120,296122,2,0
296120,296120,296122,2,0
296121,296121,296122,1,0
296120,296120,296122,2,0
296120,296120,296122,2,0
296120,296120,296122,2,0
296120,296120,296122,2,0
296120,296120,296122,2,0
296120,296120,296122,2,0
296120,296120,296122,2,0
296120,296120,296122,2,0
296120,296120,296122,2,0
296120,296120,296122,2,0
296120,296120,296122,2,0
296121,296121,296122,1,0
296121,296121,296122,1,0
296121,296121,296122,1,0
296121,296121,296122,1,0
296121,296121,296122,1,0
296120,296120,296123,3,0
296120,296120,296123,3,0
296121,296121,296122,1,0
296121,296121,296122,1,0
296121,296121,296122,1,0
296120,296120,296123,3,0
296121,296121,296122,1,0
296121,296122,296123,1,1
296120,296120,296122,2,0
296121,296121,296122,1,0
296121,296122,296123,1,1
296121,296122,296123,1,1
296121,296122,296123,1,1
296120,296120,296123,3,0
296121,296121,296122,1,0
296121,296122,296123,1,1
296121,296122,296123,1,1
296120,296120,296123,3,0
296120,296120,296123,3,0
296120,296120,296123,3,0
296120,296120,296124,4,0
296120,296120,296123,3,0
296120,296120,296123,3,0
296120,296120,296124,4,0
296120,296120,296123,3,0
296121,296122,296124,2,1
296120,296120,296124,4,0
296120,296120,296123,3,0
296121,296122,296124,2,1
296121,296122,296123,1,1
296120,296120,296123,3,0
296120,296120,296124,4,0
296120,296120,296123,3,0
296120,296120,296124,4,0
296120,296120,296124,4,0
296121,296122,296124,2,1
296121,296122,296124,2,1
296120,296120,296124,4,0
296121,296123,296124,1,2
296121,296123,296124,1,2
296121,296123,296125,2,2
296120,296120,296124,4,0
296120,296120,296124,4,0
296120,296120,296124,4,0
296121,296123,296124,1,2
296121,296123,296125,2,2
296121,296123,296125,2,2
296121,296123,296125,2,2
296121,296123,296125,2,2
296121,296123,296125,2,2
296121,296123,296125,2,2
296121,296123,296125,2,2
296121,296123,296125,2,2
296121,296123,296125,2,2
296121,296123,296125,2,2
296121,296123,296125,2,2
296121,296123,296125,2,2
296121,296123,296125,2,2
296121,296123,296125,2,2
296121,296123,296125,2,2
296121,296123,296125,2,2
296121,296123,296125,2,2
296121,296123,296125,2,2
296109,296110,296112,2,1
296109,296110,296113,3,1
296109,296110,296113,3,1
296109,296111,296112,1,2
296109,296129,296130,1,20
296109,296129,296131,2,20
296109,296129,296131,2,20
295752,295752,296168,416,0
296170,296170,296172,2,0
296170,296170,296172,2,0
296170,296171,296172,1,1
296170,296171,296172,1,1
296170,296171,296172,1,1
296170,296170,296172,2,0
296170,296170,296172,2,0
296170,296170,296172,2,0
296170,296170,296172,2,0
296170,296170,296172,2,0
296170,296170,296172,2,0
296170,296170,296172,2,0
296170,296170,296172,2,0
296170,296170,296172,2,0
296170,296170,296172,2,0
296170,296170,296172,2,0
296170,296170,296172,2,0
296170,296170,296172,2,0
296170,296170,296172,2,0
296170,296170,296172,2,0
296170,296170,296173,3,0
296170,296170,296172,2,0
296170,296171,296173,2,1
296170,296171,296173,2,1
296170,296170,296173,3,0
296170,296170,296173,3,0
296170,296170,296172,2,0
296170,296170,296173,3,0
296170,296170,296173,3,0
296170,296170,296173,3,0
296170,296170,296173,3,0
296170,296170,296173,3,0
296170,296170,296173,3,0
296170,296171,296174,3,1
296170,296170,296174,4,0
296170,296170,296174,4,0
296170,296170,296173,3,0
296170,296170,296173,3,0
296170,296170,296174,4,0
296170,296170,296174,4,0
296170,296180,296181,1,10
296170,296180,296181,1,10
296170,296180,296181,1,10
296170,296180,296182,2,10
296170,296180,296182,2,10
295760,295760,296185,425,0
296192,296193,296194,1,1
296192,296193,296194,1,1
296192,296193,296194,1,1
296192,296193,296195,2,1
296192,296193,296195,2,1
296192,296193,296195,2,1
296192,296193,296194,1,1
296192,296193,296194,1,1
296192,296193,296194,1,1
296192,296193,296194,1,1
296192,296193,296194,1,1
296192,296193,296194,1,1
296192,296193,296194,1,1
296192,296193,296194,1,1
296192,296193,296194,1,1
296192,296193,296194,1,1
296192,296193,296194,1,1
296192,296193,296194,1,1
296192,296193,296195,2,1
296192,296193,296195,2,1
296192,296193,296195,2,1
296192,296193,296195,2,1
296192,296193,296196,3,1
296192,296193,296195,2,1
296192,296193,296195,2,1
296192,296193,296195,2,1
296192,296193,296195,2,1
296192,296193,296196,3,1
296192,296193,296195,2,1
296192,296193,296195,2,1
296192,296193,296195,2,1
296192,296193,296195,2,1
296192,296193,296196,3,1
296192,296193,296195,2,1
296192,296193,296196,3,1
296192,296193,296195,2,1
296192,296193,296195,2,1
296192,296193,296195,2,1
296192,296193,296196,3,1
296192,296193,296196,3,1
296192,296193,296196,3,1
296192,296193,296196,3,1
296192,296193,296196,3,1
296192,296193,296196,3,1
296192,296193,296196,3,1
295754,295754,296260,506,0
296261,296261,296263,2,0
296261,296261,296263,2,0
296261,296261,296263,2,0
296261,296261,296263,2,0
296261,296261,296263,2,0
296261,296261,296263,2,0
296261,296261,296262,1,0
296261,296261,296263,2,0
296261,296261,296263,2,0
296261,296261,296263,2,0
296261,296261,296263,2,0
296261,296261,296263,2,0
296261,296261,296263,2,0
296261,296261,296263,2,0
296261,296261,296263,2,0
296261,296261,296263,2,0
296261,296261,296263,2,0
296261,296261,296263,2,0
296261,296261,296263,2,0
296261,296261,296263,2,0
296261,296261,296262,1,0
296261,296261,296263,2,0
296261,296261,296263,2,0
296261,296261,296264,3,0
296261,296261,296264,3,0
296261,296261,296264,3,0
296261,296261,296263,2,0
296261,296261,296264,3,0
296261,296261,296264,3,0
296261,296261,296263,2,0
296261,296261,296264,3,0
296261,296261,296264,3,0
296261,296261,296263,2,0
296261,296261,296264,3,0
296261,296261,296264,3,0
296261,296261,296264,3,0
296261,296261,296264,3,0
296261,296261,296265,4,0
296261,296261,296264,3,0
296261,296261,296264,3,0
296261,296261,296264,3,0
296261,296261,296264,3,0
296261,296261,296265,4,0
296261,296261,296265,4,0
296261,296261,296264,3,0
295763,295764,296269,505,1
296276,296276,296277,1,0
296276,296276,296277,1,0
296276,296276,296277,1,0
296276,296276,296277,1,0
296276,296276,296277,1,0
296276,296276,296277,1,0
296276,296276,296277,1,0
296276,296276,296277,1,0
296276,296276,296277,1,0
296276,296276,296277,1,0
296276,296276,296278,2,0
296276,296276,296277,1,0
296276,296276,296278,2,0
296276,296276,296278,2,0
296276,296276,296277,1,0
296276,296276,296277,1,0
296276,296276,296277,1,0
296276,296276,296277,1,0
296276,296276,296277,1,0
296276,296276,296278,2,0
296276,296276,296277,1,0
296276,296276,296278,2,0
296276,296276,296278,2,0
296276,296276,296278,2,0
296276,296276,296279,3,0
296276,296276,296279,3,0
296276,296276,296278,2,0
296276,296276,296279,3,0
296276,296276,296278,2,0
296276,296276,296278,2,0
296276,296276,296278,2,0
296276,296276,296279,3,0
296276,296276,296278,2,0
296276,296276,296278,2,0
296276,296276,296279,3,0
296276,296276,296278,2,0
296276,296276,296278,2,0
296276,296276,296279,3,0
296276,296276,296280,4,0
296276,296276,296279,3,0
296276,296276,296279,3,0
296276,296276,296279,3,0
296276,296276,296279,3,0
296276,296276,296279,3,0
296276,296276,296279,3,0
295764,295765,296284,519,1
295768,295768,296286,518,0
296291,296291,296293,2,0
296291,296291,296292,1,0
296291,296291,296293,2,0
296291,296291,296293,2,0
296291,296291,296293,2,0
296291,296291,296293,2,0
296291,296291,296293,2,0
296291,296291,296293,2,0
296291,296291,296293,2,0
296291,296291,296293,2,0
296291,296291,296293,2,0
296291,296291,296293,2,0
296291,296291,296293,2,0
296291,296291,296293,2,0
296291,296291,296293,2,0
296291,296291,296293,2,0
296291,296291,296293,2,0
296291,296291,296293,2,0
296291,296291,296293,2,0
296291,296291,296293,2,0
296291,296291,296293,2,0
296291,296291,296293,2,0
296291,296291,296293,2,0
296291,296291,296294,3,0
296291,296291,296294,3,0
296291,296291,296294,3,0
296291,296291,296293,2,0
295769,295769,296294,525,0
296291,296291,296294,3,0
296291,296291,296293,2,0
296291,296291,296294,3,0
296291,296291,296294,3,0
296291,296291,296294,3,0
296291,296291,296293,2,0
296291,296291,296294,3,0
296291,296291,296293,2,0
296291,296291,296294,3,0
296291,296291,296294,3,0
296291,296291,296294,3,0
296293,296293,296294,1,0
296293,296293,296295,2,0
296293,296293,296295,2,0
296293,296293,296295,2,0
296291,296291,296294,3,0
296291,296291,296295,4,0
296293,296293,296295,2,0
296291,296291,296294,3,0
296291,296291,296295,4,0
296293,296293,296295,2,0
296291,296291,296294,3,0
296293,296293,296295,2,0
296293,296293,296295,2,0
296291,296291,296294,3,0
296293,296293,296294,1,0
296293,296293,296295,2,0
296293,296293,296295,2,0
296291,296291,296294,3,0
296293,296293,296294,1,0
296293,296293,296294,1,0
296293,296293,296295,2,0
296293,296293,296295,2,0
296293,296293,296295,2,0
296293,296293,296294,1,0
296293,296293,296294,1,0
296293,296293,296294,1,0
296293,296293,296294,1,0
296293,296293,296294,1,0
296293,296293,296294,1,0
296293,296293,296295,2,0
296293,296293,296296,3,0
296293,296293,296296,3,0
296293,296293,296296,3,0
296293,296293,296296,3,0
296293,296293,296296,3,0
296293,296293,296296,3,0
296293,296293,296296,3,0
296293,296293,296296,3,0
296293,296293,296296,3,0
296293,296293,296296,3,0
296293,296294,296296,2,1
296293,296294,296296,2,1
296293,296294,296296,2,1
296293,296294,296296,2,1
296293,296294,296296,2,1
296295,296295,296296,1,0
296295,296295,296297,2,0
296295,296295,296297,2,0
296295,296295,296296,1,0
296293,296293,296296,3,0
296293,296293,296297,4,0
296293,296293,296297,4,0
296295,296295,296297,2,0
296295,296295,296297,2,0
296293,296293,296296,3,0
296293,296293,296296,3,0
296295,296295,296297,2,0
296295,296295,296297,2,0
296295,296295,296297,2,0
296293,296294,296297,3,1
296295,296295,296297,2,0
296295,296295,296297,2,0
296295,296295,296296,1,0
296295,296295,296296,1,0
296295,296295,296297,2,0
296295,296295,296297,2,0
296295,296295,296297,2,0
296295,296295,296297,2,0
296295,296295,296296,1,0
296295,296295,296297,2,0
296295,296295,296297,2,0
296295,296295,296297,2,0
296293,296293,296296,3,0
296295,296295,296297,2,0
296295,296295,296297,2,0
296295,296295,296297,2,0
296295,296295,296298,3,0
296295,296296,296298,2,1
296295,296295,296298,3,0
296295,296296,296298,2,1
296295,296296,296298,2,1
296295,296295,296298,3,0
296295,296295,296298,3,0
296295,296295,296298,3,0
296295,296295,296298,3,0
296295,296295,296298,3,0
296295,296295,296298,3,0
296295,296295,296299,4,0
296295,296295,296298,3,0
296295,296295,296298,3,0
296295,296295,296298,3,0
296295,296296,296298,2,1
296295,296296,296298,2,1
296295,296296,296298,2,1
296295,296296,296298,2,1
296295,296297,296299,2,2
296295,296296,296299,3,1
295755,295755,296312,557,0
296316,296316,296318,2,0
296316,296316,296318,2,0
296316,296316,296318,2,0
296316,296316,296318,2,0
296316,296316,296318,2,0
296316,296316,296318,2,0
296316,296316,296318,2,0
296316,296316,296318,2,0
296316,296316,296318,2,0
296316,296316,296318,2,0
296316,296316,296318,2,0
296316,296316,296318,2,0
296316,296316,296318,2,0
296316,296316,296318,2,0
296316,296316,296318,2,0
296316,296316,296318,2,0
296316,296316,296318,2,0
296316,296316,296318,2,0
296316,296316,296318,2,0
296316,296316,296319,3,0
296316,296316,296319,3,0
296316,296316,296319,3,0
296316,296316,296319,3,0
296316,296316,296319,3,0
296316,296316,296319,3,0
296316,296316,296319,3,0
296316,296316,296319,3,0
296316,296316,296318,2,0
296316,296316,296319,3,0
296316,296316,296320,4,0
296316,296316,296320,4,0
296316,296316,296320,4,0
296316,296316,296319,3,0
296316,296316,296319,3,0
296316,296316,296320,4,0
296316,296316,296319,3,0
296316,296316,296319,3,0
296316,296316,296320,4,0
296316,296316,296319,3,0
296316,296319,296320,1,3
296316,296319,296320,1,3
296316,296319,296320,1,3
296316,296319,296321,2,3
296316,296319,296321,2,3
296316,296319,296322,3,3
295762,295762,296327,565,0
296328,296329,296330,1,1
296328,296329,296330,1,1
296328,296329,296330,1,1
296328,296329,296330,1,1
296328,296329,296330,1,1
296328,296329,296330,1,1
296328,296329,296330,1,1
296328,296329,296330,1,1
296328,296329,296330,1,1
296328,296329,296330,1,1
296328,296329,296330,1,1
296328,296329,296330,1,1
296328,296329,296330,1,1
296328,296329,296330,1,1
296328,296329,296330,1,1
296328,296329,296330,1,1
296328,296329,296330,1,1
296328,296329,296330,1,1
296328,296329,296330,1,1
296328,296329,296330,1,1
296328,296329,296330,1,1
296328,296329,296330,1,1
296328,296329,296331,2,1
296328,296329,296331,2,1
296328,296329,296331,2,1
296328,296329,296331,2,1
296328,296329,296331,2,1
296328,296329,296331,2,1
296328,296329,296331,2,1
296328,296329,296331,2,1
296328,296329,296331,2,1
296328,296329,296331,2,1
296328,296329,296332,3,1
296328,296329,296331,2,1
296328,296329,296331,2,1
296328,296329,296331,2,1
295759,295759,296332,573,0
296328,296329,296332,3,1
296328,296329,296332,3,1
296328,296329,296332,3,1
296328,296329,296332,3,1
296328,296329,296332,3,1
296328,296329,296332,3,1
296328,296329,296332,3,1
296328,296329,296332,3,1
296328,296329,296332,3,1
295758,295758,296339,581,0
296342,296342,296343,1,0
296342,296342,296344,2,0
296342,296342,296344,2,0
296342,296342,296343,1,0
296342,296342,296343,1,0
296342,296342,296343,1,0
296342,296342,296344,2,0
296342,296342,296344,2,0
296342,296342,296344,2,0
296342,296342,296344,2,0
296342,296342,296343,1,0
296342,296342,296344,2,0
296342,296342,296343,1,0
296342,296342,296343,1,0
296342,296342,296343,1,0
296342,296342,296343,1,0
296342,296342,296343,1,0
296342,296342,296343,1,0
296342,296342,296343,1,0
296342,296342,296343,1,0
296342,296342,296343,1,0
296342,296342,296344,2,0
296342,296342,296345,3,0
296342,296342,296344,2,0
296342,296342,296344,2,0
296342,296342,296344,2,0
296342,296342,296344,2,0
296342,296342,296344,2,0
296342,296342,296345,3,0
296342,296342,296344,2,0
296342,296342,296344,2,0
296342,296342,296345,3,0
296342,296342,296345,3,0
296342,296342,296345,3,0
296342,296342,296345,3,0
296342,296342,296345,3,0
296342,296342,296346,4,0
296342,296342,296345,3,0
296342,296342,296345,3,0
296342,296351,296354,3,9
296342,296353,296354,1,11
296352,296353,296354,1,1
296352,296353,296354,1,1
296352,296353,296354,1,1
296352,296353,296354,1,1
296352,296353,296354,1,1
296352,296353,296354,1,1
296352,296353,296354,1,1
296352,296353,296354,1,1
296352,296353,296354,1,1
296352,296353,296354,1,1
296352,296353,296354,1,1
296352,296353,296354,1,1
296352,296353,296354,1,1
296352,296353,296354,1,1
296352,296353,296354,1,1
296352,296353,296354,1,1
296352,296353,296354,1,1
296352,296353,296354,1,1
296352,296353,296354,1,1
296352,296353,296354,1,1
296352,296353,296354,1,1
296352,296353,296355,2,1
296342,296353,296355,2,11
296342,296353,296355,2,11
296352,296353,296355,2,1
296352,296353,296355,2,1
296352,296353,296355,2,1
296352,296353,296355,2,1
296352,296353,296355,2,1
296352,296353,296355,2,1
296352,296353,296355,2,1
296352,296353,296355,2,1
296352,296353,296355,2,1
296352,296353,296355,2,1
296352,296353,296355,2,1
296352,296353,296356,3,1
296352,296353,296356,3,1
296352,296353,296355,2,1
296352,296353,296355,2,1
296352,296353,296355,2,1
296342,296353,296356,3,11
296352,296353,296356,3,1
296352,296353,296356,3,1
296352,296353,296356,3,1
296352,296353,296356,3,1
296352,296353,296356,3,1
296342,296353,296357,4,11
296090,296090,296373,283,0
296352,296353,296356,3,1
296352,296353,296356,3,1
296375,296375,296377,2,0
296375,296376,296377,1,1
296375,296376,296377,1,1
296375,296375,296377,2,0
296375,296375,296376,1,0
296375,296375,296376,1,0
296375,296375,296376,1,0
296375,296375,296377,2,0
296375,296375,296377,2,0
296375,296375,296376,1,0
296375,296375,296377,2,0
296375,296375,296377,2,0
296375,296375,296376,1,0
296375,296375,296376,1,0
296375,296375,296377,2,0
296375,296375,296377,2,0
296375,296375,296377,2,0
296375,296375,296378,3,0
296375,296375,296377,2,0
296375,296375,296377,2,0
296375,296375,296377,2,0
296375,296375,296377,2,0
296375,296375,296378,3,0
296375,296375,296378,3,0
296375,296375,296378,3,0
296375,296375,296377,2,0
296375,296375,296378,3,0
296375,296375,296377,2,0
296375,296375,296379,4,0
296375,296375,296378,3,0
296375,296375,296378,3,0
296375,296375,296379,4,0
296375,296375,296378,3,0
296375,296375,296378,3,0
296375,296375,296379,4,0
296375,296375,296378,3,0
296070,296070,296390,320,0
296375,296390,296391,1,15
296375,296390,296391,1,15
296375,296390,296391,1,15
296375,296390,296391,1,15
296375,296390,296391,1,15
296391,296391,296393,2,0
296391,296391,296393,2,0
296391,296391,296393,2,0
296391,296391,296393,2,0
296391,296391,296393,2,0
296391,296391,296393,2,0
296391,296391,296393,2,0
296391,296391,296393,2,0
296391,296391,296393,2,0
296391,296391,296393,2,0
296391,296391,296392,1,0
296391,296391,296392,1,0
296391,296391,296393,2,0
296391,296391,296392,1,0
296391,296391,296393,2,0
296391,296391,296392,1,0
296391,296391,296393,2,0
296391,296391,296393,2,0
296391,296391,296393,2,0
296391,296391,296393,2,0
296391,296391,296393,2,0
296391,296391,296393,2,0
296391,296391,296393,2,0
296391,296391,296393,2,0
296391,296391,296393,2,0
296375,296390,296393,3,15
296375,296390,296393,3,15
296391,296391,296393,2,0
296391,296391,296394,3,0
296391,296391,296393,2,0
296391,296391,296393,2,0
296391,296391,296393,2,0
296391,296391,296394,3,0
296391,296391,296393,2,0
296391,296391,296394,3,0
296391,296391,296393,2,0
296391,296391,296394,3,0
296391,296391,296393,2,0
296391,296391,296394,3,0
296391,296391,296393,2,0
296391,296391,296394,3,0
296391,296391,296393,2,0
296391,296391,296394,3,0
296391,296391,296394,3,0
296375,296376,296377,1,1
296375,296376,296377,1,1
296391,296401,296402,1,10
296391,296401,296402,1,10
296391,296401,296402,1,10
296086,296087,296418,331,1
296088,296089,296420,331,1
296421,296421,296423,2,0
296421,296421,296423,2,0
296421,296421,296423,2,0
296421,296421,296423,2,0
296421,296421,296423,2,0
296421,296421,296422,1,0
296421,296421,296422,1,0
296421,296421,296422,1,0
296421,296421,296423,2,0
296421,296421,296423,2,0
296421,296421,296423,2,0
296421,296421,296423,2,0
296421,296421,296422,1,0
296421,296421,296423,2,0
296421,296421,296423,2,0
296421,296421,296423,2,0
296421,296421,296423,2,0
296421,296421,296423,2,0
296421,296421,296423,2,0
296421,296422,296423,1,1
296421,296422,296423,1,1
296421,296421,296423,2,0
296421,296421,296423,2,0
296421,296421,296423,2,0
296421,296421,296423,2,0
296421,296421,296423,2,0
296421,296421,296423,2,0
296421,296421,296424,3,0
296421,296421,296423,2,0
296421,296421,296424,3,0
296421,296421,296424,3,0
296421,296421,296423,2,0
296421,296421,296423,2,0
296421,296421,296424,3,0
296421,296421,296424,3,0
296421,296421,296424,3,0
296421,296421,296424,3,0
296421,296421,296424,3,0
296421,296421,296423,2,0
296421,296421,296424,3,0
296421,296421,296424,3,0
296421,296422,296423,1,1
296421,296422,296424,2,1
296421,296422,296424,2,1
296421,296421,296424,3,0
296423,296423,296425,2,0
296423,296423,296425,2,0
296423,296423,296425,2,0
296423,296423,296425,2,0
296423,296423,296425,2,0
296423,296423,296425,2,0
296423,296423,296425,2,0
296423,296423,296425,2,0
296423,296423,296425,2,0
296423,296423,296424,1,0
296423,296423,296424,1,0
296423,296423,296425,2,0
296423,296423,296424,1,0
296423,296423,296425,2,0
296423,296423,296425,2,0
296423,296423,296425,2,0
296423,296423,296425,2,0
296423,296423,296424,1,0
296423,296423,296425,2,0
296423,296423,296425,2,0
296423,296423,296424,1,0
296423,296423,296424,1,0
296423,296423,296425,2,0
296423,296423,296424,1,0
296423,296423,296425,2,0
296423,296423,296425,2,0
296423,296423,296425,2,0
296423,296424,296426,2,1
296423,296424,296426,2,1
296423,296424,296426,2,1
296423,296423,296426,3,0
296423,296423,296426,3,0
296423,296423,296426,3,0
296423,296423,296425,2,0
296423,296423,296425,2,0
296423,296423,296425,2,0
296423,296423,296426,3,0
296423,296423,296426,3,0
296423,296424,296426,2,1
296423,296424,296426,2,1
296423,296424,296426,2,1
296423,296424,296426,2,1
296423,296424,296426,2,1
296423,296424,296426,2,1
296423,296424,296426,2,1
296110,296113,296445,332,3
296446,296446,296448,2,0
296446,296446,296447,1,0
296446,296446,296447,1,0
296446,296446,296447,1,0
296446,296446,296447,1,0
296446,296446,296447,1,0
296446,296446,296447,1,0
296446,296446,296447,1,0
296446,296446,296448,2,0
296446,296446,296447,1,0
296446,296446,296447,1,0
296446,296446,296448,2,0
296446,296446,296447,1,0
296446,296446,296447,1,0
296446,296446,296447,1,0
296446,296446,296447,1,0
296446,296446,296448,2,0
296446,296446,296449,3,0
296446,296446,296448,2,0
296446,296446,296449,3,0
296446,296446,296449,3,0
296446,296446,296448,2,0
296446,296446,296449,3,0
296446,296446,296448,2,0
296446,296446,296448,2,0
296446,296446,296448,2,0
296446,296446,296448,2,0
296446,296446,296449,3,0
296446,296446,296448,2,0
296446,296446,296449,3,0
296446,296446,296448,2,0
296446,296446,296449,3,0
296446,296446,296449,3,0
296446,296446,296448,2,0
296446,296446,296448,2,0
296446,296446,296449,3,0
296446,296449,296450,1,3
296446,296446,296449,3,0
296446,296446,296449,3,0
296446,296446,296449,3,0
296446,296449,296450,1,3
296446,296449,296450,1,3
296446,296449,296450,1,3
296446,296449,296450,1,3
296446,296449,296452,3,3
296121,296123,296454,331,2
296463,296463,296465,2,0
296463,296463,296465,2,0
296463,296463,296465,2,0
296463,296463,296465,2,0
296463,296463,296465,2,0
296463,296463,296465,2,0
296463,296463,296465,2,0
296463,296463,296465,2,0
296463,296463,296465,2,0
296463,296463,296465,2,0
296463,296463,296465,2,0
296463,296463,296465,2,0
296463,296463,296465,2,0
296463,296463,296465,2,0
296463,296463,296465,2,0
296463,296463,296465,2,0
296463,296463,296465,2,0
296463,296463,296465,2,0
296463,296463,296465,2,0
296463,296463,296465,2,0
296463,296463,296465,2,0
296463,296463,296465,2,0
296463,296464,296465,1,1
296463,296464,296465,1,1
296463,296463,296466,3,0
296463,296463,296466,3,0
296463,296463,296466,3,0
296463,296463,296466,3,0
296463,296463,296466,3,0
296463,296463,296466,3,0
296463,296463,296466,3,0
296463,296463,296466,3,0
296463,296463,296466,3,0
296463,296463,296466,3,0
296463,296463,296466,3,0
296463,296463,296466,3,0
296463,296463,296466,3,0
296463,296464,296466,2,1
296463,296463,296467,4,0
296463,296463,296467,4,0
296463,296463,296466,3,0
296463,296463,296467,4,0
296463,296463,296467,4,0
296463,296463,296467,4,0
296463,296464,296467,3,1
296148,296148,296476,328,0
296480,296480,296482,2,0
296480,296480,296482,2,0
296480,296480,296482,2,0
296480,296480,296482,2,0
296480,296480,296482,2,0
296480,296481,296482,1,1
296480,296480,296482,2,0
296480,296480,296482,2,0
296480,296480,296482,2,0
296480,296480,296482,2,0
296480,296480,296482,2,0
296480,296481,296482,1,1
296480,296481,296482,1,1
296480,296480,296482,2,0
296480,296480,296482,2,0
296480,296480,296482,2,0
296480,296480,296482,2,0
296480,296481,296482,1,1
296480,296480,296482,2,0
296480,296480,296482,2,0
296480,296480,296482,2,0
296480,296480,296483,3,0
296480,296480,296483,3,0
296480,296480,296483,3,0
296480,296481,296483,2,1
296480,296481,296483,2,1
296480,296480,296483,3,0
296480,296480,296483,3,0
296480,296480,296483,3,0
296480,296480,296483,3,0
296480,296480,296483,3,0
296480,296480,296483,3,0
296480,296481,296483,2,1
296480,296481,296483,2,1
296480,296480,296483,3,0
296480,296480,296483,3,0
296480,296480,296484,4,0
296480,296480,296484,4,0
296480,296480,296484,4,0
296480,296481,296484,3,1
296480,296480,296484,4,0
296480,296480,296484,4,0
296480,296480,296484,4,0
296480,296480,296484,4,0
296480,296481,296484,3,1
296152,296152,296489,337,0
296159,296159,296491,332,0
296497,296497,296498,1,0
296497,296497,296498,1,0
296497,296497,296498,1,0
296497,296497,296498,1,0
296497,296497,296498,1,0
296497,296497,296499,2,0
296497,296497,296499,2,0
296497,296497,296499,2,0
296497,296497,296498,1,0
296497,296497,296499,2,0
296497,296497,296498,1,0
296497,296497,296499,2,0
296497,296497,296498,1,0
296497,296497,296499,2,0
296497,296497,296499,2,0
296497,296497,296499,2,0
296497,296497,296499,2,0
296497,296497,296500,3,0
296497,296497,296499,2,0
296497,296497,296500,3,0
296497,296497,296499,2,0
296497,296497,296499,2,0
296497,296497,296499,2,0
296497,296497,296499,2,0
296497,296497,296499,2,0
296497,296497,296499,2,0
296497,296497,296499,2,0
296497,296497,296500,3,0
296497,296497,296500,3,0
296497,296497,296499,2,0
296497,296497,296499,2,0
296497,296497,296500,3,0
296497,296497,296500,3,0
296499,296499,296500,1,0
296499,296499,296500,1,0
296499,296499,296500,1,0
296499,296499,296500,1,0
296499,296499,296500,1,0
296499,296499,296500,1,0
296497,296497,296500,3,0
296499,296499,296500,1,0
296499,296499,296501,2,0
296499,296499,296500,1,0
296497,296497,296501,4,0
296499,296499,296500,1,0
296499,296499,296500,1,0
296499,296499,296501,2,0
296499,296499,296500,1,0
296499,296499,296500,1,0
296499,296499,296500,1,0
296499,296499,296500,1,0
296499,296499,296500,1,0
296497,296497,296500,3,0
296499,296499,296500,1,0
296499,296499,296500,1,0
296499,296499,296500,1,0
296499,296499,296500,1,0
296497,296497,296500,3,0
296497,296497,296501,4,0
296497,296497,296500,3,0
296499,296499,296501,2,0
296499,296500,296502,2,1
296499,296500,296502,2,1
296499,296500,296502,2,1
296499,296500,296502,2,1
296499,296499,296502,3,0
296499,296500,296502,2,1
296499,296500,296501,1,1
296499,296499,296502,3,0
296499,296499,296502,3,0
296499,296500,296502,2,1
296499,296499,296501,2,0
296499,296499,296502,3,0
296499,296500,296502,2,1
296499,296499,296502,3,0
296499,296499,296502,3,0
296499,296500,296503,3,1
296499,296500,296502,2,1
296499,296500,296502,2,1
296499,296499,296502,3,0
296499,296499,296502,3,0
296499,296499,296502,3,0
296499,296499,296502,3,0
296499,296500,296502,2,1
296497,296503,296505,2,6
296497,296503,296504,1,6
296497,296503,296505,2,6
296497,296503,296505,2,6
296497,296503,296506,3,6
296497,296503,296506,3,6
296171,296171,296521,350,0
296194,296194,296525,331,0
296526,296526,296528,2,0
296526,296526,296528,2,0
296526,296526,296528,2,0
296526,296526,296528,2,0
296526,296526,296528,2,0
296526,296526,296528,2,0
296526,296526,296528,2,0
296526,296526,296528,2,0
296526,296526,296528,2,0
296526,296526,296528,2,0
296526,296526,296528,2,0
296526,296526,296528,2,0
296526,296526,296528,2,0
296526,296526,296528,2,0
296526,296526,296528,2,0
296526,296526,296528,2,0
296526,296526,296529,3,0
296526,296526,296529,3,0
296526,296526,296529,3,0
296526,296526,296529,3,0
296526,296526,296529,3,0
296526,296526,296529,3,0
296526,296526,296529,3,0
296526,296526,296529,3,0
296526,296526,296528,2,0
296526,296526,296529,3,0
296526,296526,296529,3,0
296526,296526,296529,3,0
296526,296526,296530,4,0
296526,296526,296530,4,0
296526,296526,296530,4,0
296526,296526,296530,4,0
296526,296526,296529,3,0
296526,296526,296530,4,0
296526,296526,296530,4,0
296526,296526,296530,4,0
296526,296526,296531,5,0
296526,296526,296531,5,0
296526,296526,296532,6,0
296526,296526,296531,5,0
296531,296531,296532,1,0
296531,296531,296532,1,0
296531,296531,296533,2,0
296531,296531,296532,1,0
296531,296531,296533,2,0
296531,296531,296533,2,0
296531,296531,296533,2,0
296531,296531,296533,2,0
296531,296531,296533,2,0
296531,296531,296532,1,0
296531,296531,296532,1,0
296531,296531,296532,1,0
296531,296531,296532,1,0
296531,296531,296533,2,0
296531,296531,296532,1,0
296531,296531,296533,2,0
296531,296531,296534,3,0
296531,296531,296534,3,0
296531,296531,296534,3,0
296531,296531,296534,3,0
296531,296531,296533,2,0
296531,296531,296534,3,0
296531,296531,296534,3,0
296531,296531,296534,3,0
296531,296531,296533,2,0
296531,296531,296533,2,0
296531,296531,296533,2,0
296531,296531,296534,3,0
296531,296531,296534,3,0
296531,296531,296533,2,0
296531,296531,296534,3,0
296531,296531,296534,3,0
296531,296531,296533,2,0
296531,296531,296534,3,0
296531,296531,296533,2,0
296526,296534,296535,1,8
296531,296531,296534,3,0
296531,296531,296534,3,0
296531,296531,296535,4,0
296531,296531,296535,4,0
296531,296531,296534,3,0
296531,296531,296534,3,0
296531,296531,296534,3,0
296531,296531,296535,4,0
296531,296531,296536,5,0
296531,296531,296536,5,0
296526,296534,296535,1,8
296526,296534,296535,1,8
296526,296534,296536,2,8
296526,296534,296537,3,8
296262,296262,296594,332,0
296596,296596,296598,2,0
296596,296596,296598,2,0
296596,296596,296598,2,0
296596,296596,296598,2,0
296596,296596,296598,2,0
296596,296596,296598,2,0
296596,296596,296598,2,0
296596,296596,296598,2,0
296596,296596,296598,2,0
296596,296596,296598,2,0
296596,296596,296598,2,0
296596,296596,296598,2,0
296596,296596,296598,2,0
296596,296596,296598,2,0
296596,296596,296598,2,0
296596,296596,296598,2,0
296596,296596,296598,2,0
296596,296596,296598,2,0
296596,296596,296598,2,0
296596,296596,296599,3,0
296596,296596,296599,3,0
296596,296596,296599,3,0
296596,296596,296599,3,0
296596,296596,296599,3,0
296596,296596,296599,3,0
296596,296596,296599,3,0
296596,296596,296599,3,0
296596,296596,296599,3,0
296596,296596,296599,3,0
296596,296596,296599,3,0
296596,296596,296599,3,0
296596,296596,296599,3,0
296596,296596,296599,3,0
296596,296598,296599,1,2
296596,296598,296600,2,2
296596,296598,296600,2,2
296596,296596,296600,4,0
296596,296596,296600,4,0
296596,296596,296600,4,0
296596,296596,296600,4,0
296596,296596,296600,4,0
296596,296596,296600,4,0
296596,296596,296600,4,0
296596,296598,296600,2,2
296596,296598,296601,3,2
296294,296294,296609,315,0
296292,296292,296612,320,0
296613,296613,296614,1,0
296613,296613,296615,2,0
296613,296613,296614,1,0
296613,296613,296615,2,0
296613,296613,296615,2,0
296613,296613,296615,2,0
296277,296277,296615,338,0
296613,296613,296615,2,0
296613,296613,296615,2,0
296613,296613,296615,2,0
296613,296613,296615,2,0
296613,296613,296615,2,0
296613,296613,296615,2,0
296613,296613,296615,2,0
296613,296614,296615,1,1
296613,296614,296615,1,1
296613,296613,296615,2,0
296613,296613,296615,2,0
296613,296613,296615,2,0
296613,296613,296615,2,0
296613,296613,296615,2,0
296613,296613,296615,2,0
296613,296613,296615,2,0
296613,296613,296616,3,0
296613,296613,296616,3,0
296613,296613,296615,2,0
296613,296614,296615,1,1
296613,296613,296615,2,0
296613,296613,296616,3,0
296613,296613,296616,3,0
296613,296613,296616,3,0
296613,296613,296616,3,0
296613,296613,296615,2,0
296613,296613,296615,2,0
296613,296613,296616,3,0
296613,296613,296616,3,0
296613,296613,296616,3,0
296613,296613,296616,3,0
296613,296613,296616,3,0
296615,296615,296617,2,0
296615,296615,296617,2,0
296615,296615,296617,2,0
296615,296615,296617,2,0
296613,296613,296616,3,0
296615,296615,296616,1,0
296615,296615,296616,1,0
296615,296615,296616,1,0
296615,296615,296616,1,0
296615,296615,296616,1,0
296615,296615,296617,2,0
296613,296613,296616,3,0
296615,296615,296617,2,0
296615,296615,296616,1,0
296615,296615,296617,2,0
296613,296614,296617,3,1
296613,296614,296616,2,1
296615,296615,296617,2,0
296615,296615,296617,2,0
296613,296613,296617,4,0
296615,296615,296617,2,0
296615,296615,296617,2,0
296615,296615,296617,2,0
296613,296613,296616,3,0
296615,296615,296617,2,0
296615,296615,296617,2,0
296615,296615,296617,2,0
296615,296615,296617,2,0
296613,296613,296617,4,0
296615,296616,296618,2,1
296615,296616,296618,2,1
296615,296616,296618,2,1
296615,296616,296618,2,1
296615,296616,296618,2,1
296615,296616,296618,2,1
296615,296616,296618,2,1
296615,296615,296618,3,0
296617,296617,296618,1,0
296615,296615,296618,3,0
296615,296615,296618,3,0
296615,296616,296618,2,1
296615,296615,296618,3,0
296615,296615,296618,3,0
296617,296617,296618,1,0
296615,296615,296617,2,0
296615,296615,296618,3,0
296617,296617,296618,1,0
296615,296615,296618,3,0
296615,296616,296619,3,1
296615,296616,296619,3,1
296617,296617,296618,1,0
296615,296616,296618,2,1
296617,296617,296619,2,0
296617,296617,296619,2,0
296617,296617,296619,2,0
296617,296617,296619,2,0
296617,296617,296619,2,0
296617,296617,296619,2,0
296617,296617,296619,2,0
296617,296617,296619,2,0
296615,296615,296619,4,0
296617,296617,296619,2,0
296615,296616,296618,2,1
296617,296617,296619,2,0
296617,296617,296619,2,0
296615,296616,296619,3,1
296617,296617,296619,2,0
296617,296617,296619,2,0
296617,296617,296619,2,0
296617,296617,296619,2,0
296617,296617,296619,2,0
296615,296615,296619,4,0
296617,296617,296619,2,0
296617,296617,296619,2,0
296617,296618,296620,2,1
296617,296618,296620,2,1
296617,296618,296620,2,1
296617,296618,296620,2,1
296617,296617,296620,3,0
296617,296617,296620,3,0
296617,296617,296620,3,0
296617,296617,296620,3,0
296617,296617,296620,3,0
296617,296617,296620,3,0
296617,296617,296620,3,0
296617,296618,296620,2,1
296617,296617,296620,3,0
296617,296617,296620,3,0
296617,296618,296620,2,1
296617,296618,296621,3,1
296617,296618,296621,3,1
296617,296618,296621,3,1
296617,296618,296620,2,1
296617,296617,296621,4,0
296617,296617,296621,4,0
296617,296617,296621,4,0
296617,296617,296621,4,0
296296,296296,296635,339,0
268839,268841,296636,27795,2
296639,296640,296641,1,1
296639,296640,296641,1,1
296639,296640,296641,1,1
296639,296640,296641,1,1
296639,296640,296641,1,1
296639,296640,296641,1,1
296639,296640,296641,1,1
296639,296640,296641,1,1
296639,296640,296641,1,1
296639,296640,296641,1,1
296639,296640,296641,1,1
296639,296640,296642,2,1
296639,296640,296641,1,1
296639,296640,296641,1,1
296639,296640,296641,1,1
296639,296640,296641,1,1
296639,296640,296641,1,1
296639,296640,296641,1,1
296639,296640,296641,1,1
296639,296640,296642,2,1
296639,296640,296641,1,1
296639,296640,296641,1,1
296639,296640,296642,2,1
296639,296640,296642,2,1
296639,296640,296642,2,1
296639,296640,296642,2,1
296639,296640,296642,2,1
296639,296640,296642,2,1
296639,296640,296642,2,1
296639,296640,296643,3,1
296639,296640,296642,2,1
296639,296640,296642,2,1
296639,296640,296642,2,1
296639,296640,296642,2,1
296639,296640,296642,2,1
296639,296640,296642,2,1
296639,296640,296642,2,1
296639,296640,296642,2,1
296639,296640,296643,3,1
296639,296640,296643,3,1
296639,296640,296643,3,1
296639,296640,296643,3,1
296639,296640,296643,3,1
296639,296640,296644,4,1
296639,296640,296643,3,1
296330,296330,296659,329,0
296317,296317,296659,342,0
296662,296663,296664,1,1
296662,296663,296664,1,1
296662,296663,296664,1,1
296662,296663,296664,1,1
296662,296663,296665,2,1
296662,296663,296664,1,1
296662,296663,296664,1,1
296662,296663,296664,1,1
296662,296663,296664,1,1
296662,296663,296664,1,1
296662,296663,296664,1,1
296662,296663,296664,1,1
296662,296663,296665,2,1
296662,296663,296665,2,1
296662,296663,296665,2,1
296662,296663,296664,1,1
296662,296663,296664,1,1
296662,296663,296664,1,1
296662,296663,296664,1,1
296662,296663,296664,1,1
296662,296663,296665,2,1
296662,296663,296665,2,1
296662,296663,296665,2,1
296662,296663,296665,2,1
296662,296663,296665,2,1
296662,296663,296665,2,1
296662,296663,296665,2,1
296662,296663,296666,3,1
296662,296663,296665,2,1
296662,296663,296665,2,1
296662,296663,296665,2,1
296662,296663,296665,2,1
296662,296663,296666,3,1
296662,296663,296665,2,1
296662,296663,296665,2,1
296662,296663,296665,2,1
296665,296665,296666,1,0
296665,296665,296666,1,0
296665,296665,296666,1,0
296662,296663,296666,3,1
296665,296665,296666,1,0
296665,296665,296666,1,0
296665,296665,296666,1,0
296665,296665,296666,1,0
296662,296663,296666,3,1
296665,296665,296666,1,0
296665,296665,296666,1,0
296665,296665,296666,1,0
296665,296665,296666,1,0
296665,296665,296666,1,0
296665,296665,296666,1,0
296665,296665,296666,1,0
296665,296665,296666,1,0
296665,296665,296666,1,0
296665,296665,296667,2,0
296665,296665,296666,1,0
296665,296665,296666,1,0
296665,296665,296666,1,0
296665,296665,296667,2,0
296665,296665,296666,1,0
296662,296663,296665,2,1
296662,296663,296665,2,1
296662,296663,296665,2,1
296665,296666,296668,2,1
296665,296666,296667,1,1
296665,296666,296667,1,1
296665,296666,296667,1,1
296665,296665,296667,2,0
296665,296665,296667,2,0
296665,296665,296668,3,0
296665,296665,296668,3,0
296665,296666,296668,2,1
296665,296665,296667,2,0
296665,296665,296668,3,0
296665,296665,296667,2,0
296665,296666,296667,1,1
296665,296665,296667,2,0
296665,296665,296668,3,0
296665,296666,296667,1,1
296665,296665,296668,3,0
296665,296665,296668,3,0
296665,296666,296667,1,1
296665,296666,296668,2,1
296354,296354,296669,315,0
296665,296668,296670,2,3
296665,296668,296670,2,3
296671,296671,296672,1,0
296671,296671,296672,1,0
296671,296671,296673,2,0
296671,296671,296672,1,0
296671,296671,296672,1,0
296671,296671,296673,2,0
296671,296671,296672,1,0
296671,296671,296672,1,0
296671,296671,296672,1,0
296671,296671,296672,1,0
296671,296671,296672,1,0
296671,296671,296673,2,0
296671,296671,296672,1,0
296671,296671,296672,1,0
296671,296671,296672,1,0
296671,296671,296673,2,0
296671,296671,296672,1,0
296671,296671,296672,1,0
296671,296671,296673,2,0
296671,296671,296672,1,0
296671,296671,296672,1,0
296671,296671,296672,1,0
296671,296671,296674,3,0
296671,296671,296673,2,0
296671,296671,296674,3,0
296671,296671,296673,2,0
296671,296671,296674,3,0
296671,296671,296673,2,0
296671,296671,296673,2,0
296671,296671,296673,2,0
296671,296671,296673,2,0
296671,296671,296674,3,0
296671,296671,296674,3,0
296671,296671,296674,3,0
296671,296671,296674,3,0
296671,296671,296673,2,0
296671,296671,296675,4,0
296671,296671,296675,4,0
296671,296671,296675,4,0
296671,296671,296674,3,0
296671,296671,296672,1,0
296671,296671,296673,2,0
296671,296682,296683,1,11
296671,296682,296684,2,11
296662,296682,296683,1,20
296662,296682,296683,1,20
296665,296682,296683,1,17
296671,296682,296685,3,11
296662,296682,296685,3,20
296662,296682,296684,2,20
296343,296343,296687,344,0
296694,296695,296696,1,1
296694,296695,296696,1,1
296694,296695,296696,1,1
296694,296695,296696,1,1
296694,296695,296696,1,1
296694,296695,296696,1,1
296694,296695,296696,1,1
296694,296695,296696,1,1
296694,296695,296696,1,1
296694,296695,296696,1,1
296694,296695,296696,1,1
296694,296695,296696,1,1
296694,296695,296696,1,1
296694,296695,296696,1,1
296694,296695,296696,1,1
296694,296695,296696,1,1
296694,296695,296696,1,1
296694,296695,296696,1,1
296694,296695,296696,1,1
296694,296695,296696,1,1
296694,296695,296697,2,1
296694,296695,296697,2,1
296694,296695,296697,2,1
296694,296695,296697,2,1
296694,296695,296697,2,1
296694,296695,296697,2,1
296694,296695,296698,3,1
296694,296695,296697,2,1
296694,296695,296697,2,1
296694,296695,296697,2,1
296694,296695,296697,2,1
296694,296695,296697,2,1
296694,296695,296697,2,1
296694,296695,296697,2,1
296694,296695,296698,3,1
296694,296695,296697,2,1
296694,296695,296697,2,1
296694,296695,296697,2,1
296694,296695,296697,2,1
296694,296695,296697,2,1
296694,296695,296697,2,1
296694,296695,296697,2,1
296694,296695,296698,3,1
296694,296695,296698,3,1
296694,296695,296698,3,1
296392,296392,296729,337,0
296729,296730,296731,1,1
296729,296730,296732,2,1
296729,296730,296731,1,1
296729,296730,296731,1,1
296729,296730,296731,1,1
296729,296730,296731,1,1
296729,296730,296731,1,1
296729,296730,296731,1,1
296729,296730,296731,1,1
296729,296730,296731,1,1
296729,296730,296731,1,1
296729,296730,296731,1,1
296729,296730,296731,1,1
296729,296730,296731,1,1
296729,296730,296731,1,1
296729,296730,296731,1,1
296729,296730,296731,1,1
296729,296730,296731,1,1
296729,296730,296731,1,1
296729,296730,296731,1,1
296729,296730,296731,1,1
296729,296730,296731,1,1
296729,296730,296731,1,1
296729,296730,296731,1,1
296729,296730,296731,1,1
296729,296730,296731,1,1
296729,296730,296731,1,1
296729,296730,296732,2,1
296729,296730,296732,2,1
296729,296730,296732,2,1
296729,296730,296732,2,1
296729,296730,296732,2,1
296729,296730,296732,2,1
296729,296730,296732,2,1
296729,296730,296732,2,1
296729,296730,296732,2,1
296729,296730,296732,2,1
296729,296730,296732,2,1
296729,296730,296732,2,1
296729,296730,296732,2,1
296729,296730,296732,2,1
296729,296730,296732,2,1
296729,296730,296732,2,1
296729,296730,296732,2,1
296729,296730,296733,3,1
296376,296376,296742,366,0
296744,296744,296746,2,0
296744,296744,296746,2,0
296744,296744,296746,2,0
296744,296744,296746,2,0
296744,296744,296746,2,0
296744,296744,296746,2,0
296744,296744,296746,2,0
296744,296744,296746,2,0
296744,296744,296746,2,0
296744,296744,296746,2,0
296744,296744,296746,2,0
296744,296744,296746,2,0
296744,296744,296746,2,0
296744,296745,296746,1,1
296744,296745,296746,1,1
296744,296745,296746,1,1
296744,296744,296746,2,0
296744,296744,296746,2,0
296744,296744,296746,2,0
296744,296744,296746,2,0
296744,296744,296746,2,0
296744,296744,296746,2,0
296744,296744,296746,2,0
296744,296744,296746,2,0
296744,296744,296747,3,0
296744,296744,296747,3,0
296744,296744,296747,3,0
296744,296744,296747,3,0
296744,296744,296747,3,0
296744,296744,296747,3,0
296744,296744,296747,3,0
296744,296744,296747,3,0
296744,296744,296747,3,0
296744,296744,296747,3,0
296744,296745,296747,2,1
296744,296744,296747,3,0
296744,296744,296747,3,0
296744,296744,296747,3,0
296744,296745,296748,3,1
296422,296422,296754,332,0
296756,296756,296757,1,0
296756,296756,296757,1,0
296756,296756,296757,1,0
296756,296756,296757,1,0
296756,296756,296758,2,0
296756,296756,296757,1,0
296756,296756,296757,1,0
296756,296756,296757,1,0
296756,296756,296758,2,0
296756,296756,296757,1,0
296756,296756,296757,1,0
296756,296756,296757,1,0
296756,296756,296757,1,0
296756,296756,296758,2,0
296756,296756,296757,1,0
296756,296756,296758,2,0
296756,296756,296757,1,0
296756,296756,296757,1,0
296756,296756,296757,1,0
296756,296756,296757,1,0
296756,296756,296757,1,0
296756,296756,296757,1,0
296756,296756,296757,1,0
296756,296756,296758,2,0
296756,296756,296758,2,0
296756,296756,296757,1,0
296756,296756,296757,1,0
296756,296756,296758,2,0
296744,296756,296757,1,12
296744,296756,296758,2,12
296744,296756,296758,2,12
296744,296756,296757,1,12
296744,296756,296758,2,12
296744,296756,296758,2,12
296756,296756,296758,2,0
296756,296756,296758,2,0
296756,296756,296758,2,0
296756,296756,296758,2,0
296756,296756,296759,3,0
296756,296756,296758,2,0
296756,296756,296758,2,0
296756,296756,296758,2,0
296756,296756,296758,2,0
296756,296756,296758,2,0
296756,296756,296758,2,0
296756,296756,296758,2,0
296756,296756,296758,2,0
296756,296756,296758,2,0
296756,296756,296758,2,0
296756,296756,296759,3,0
296756,296756,296759,3,0
296482,296482,296785,303,0
296787,296788,296789,1,1
296787,296787,296789,2,0
296787,296787,296788,1,0
296787,296787,296789,2,0
296787,296787,296788,1,0
296787,296787,296788,1,0
296787,296787,296788,1,0
296787,296787,296788,1,0
296787,296787,296788,1,0
296787,296787,296789,2,0
296787,296787,296788,1,0
296787,296787,296789,2,0
296787,296787,296788,1,0
296787,296787,296788,1,0
296787,296787,296788,1,0
296787,296787,296789,2,0
296787,296787,296789,2,0
296787,296788,296789,1,1
296787,296788,296789,1,1
296787,296787,296790,3,0
296787,296787,296789,2,0
296787,296787,296789,2,0
296787,296787,296789,2,0
296787,296787,296790,3,0
296787,296787,296789,2,0
296787,296787,296789,2,0
296787,296787,296790,3,0
296787,296787,296789,2,0
296787,296787,296789,2,0
296787,296787,296790,3,0
296787,296787,296789,2,0
296787,296787,296789,2,0
296787,296787,296790,3,0
296787,296787,296790,3,0
296787,296788,296791,3,1
296787,296788,296790,2,1
296787,296787,296791,4,0
296787,296787,296791,4,0
296787,296787,296791,4,0
296787,296805,296806,1,18
296787,296805,296806,1,18
296787,296805,296806,1,18
296787,296805,296806,1,18
296424,296425,296806,381,1
296787,296805,296807,2,18
296787,296805,296807,2,18
296464,296465,296809,344,1
296498,296498,296816,318,0
296447,296447,296816,369,0
296818,296818,296820,2,0
296818,296818,296820,2,0
296818,296818,296820,2,0
296818,296818,296819,1,0
296818,296818,296819,1,0
296818,296818,296819,1,0
296818,296818,296820,2,0
296818,296818,296819,1,0
296818,296818,296819,1,0
296818,296818,296819,1,0
296818,296818,296819,1,0
296818,296818,296820,2,0
296818,296818,296820,2,0
296818,296818,296820,2,0
296818,296818,296819,1,0
296818,296818,296820,2,0
296818,296818,296819,1,0
296818,296818,296820,2,0
296818,296818,296819,1,0
296818,296818,296819,1,0
296818,296818,296819,1,0
296818,296818,296820,2,0
296818,296818,296820,2,0
296818,296818,296820,2,0
296818,296818,296819,1,0
296818,296818,296820,2,0
296818,296818,296820,2,0
296818,296818,296819,1,0
296818,296818,296819,1,0
296818,296818,296819,1,0
296818,296818,296819,1,0
296818,296818,296820,2,0
296818,296818,296820,2,0
296818,296818,296820,2,0
296818,296818,296819,1,0
296818,296818,296819,1,0
296818,296818,296819,1,0
296818,296818,296820,2,0
296818,296818,296820,2,0
296818,296818,296820,2,0
296818,296818,296819,1,0
296818,296818,296819,1,0
296818,296818,296820,2,0
296818,296818,296820,2,0
296818,296818,296820,2,0
296818,296818,296819,1,0
296818,296818,296820,2,0
296818,296818,296820,2,0
296818,296818,296821,3,0
296818,296818,296820,2,0
296818,296818,296820,2,0
296818,296818,296820,2,0
296818,296818,296820,2,0
296818,296818,296820,2,0
296818,296818,296821,3,0
296818,296818,296820,2,0
296818,296818,296820,2,0
296818,296818,296820,2,0
296818,296818,296821,3,0
296818,296818,296820,2,0
296818,296818,296821,3,0
296818,296818,296820,2,0
296818,296818,296820,2,0
296818,296818,296820,2,0
296818,296820,296822,2,2
296818,296820,296822,2,2
296820,296821,296822,1,1
296820,296820,296822,2,0
296820,296820,296822,2,0
296818,296820,296822,2,2
296820,296820,296822,2,0
296820,296820,296822,2,0
296818,296820,296822,2,2
296820,296820,296822,2,0
296820,296820,296822,2,0
296820,296820,296822,2,0
296818,296820,296821,1,2
296818,296820,296822,2,2
296818,296820,296822,2,2
296820,296820,296822,2,0
296820,296820,296822,2,0
296818,296820,296822,2,2
296820,296820,296822,2,0
296820,296820,296821,1,0
296818,296820,296822,2,2
296818,296820,296822,2,2
296820,296820,296822,2,0
296818,296820,296822,2,2
296820,296820,296822,2,0
296818,296820,296822,2,2
296818,296820,296822,2,2
296818,296820,296822,2,2
296820,296820,296822,2,0
296820,296820,296822,2,0
296818,296820,296822,2,2
296818,296820,296822,2,2
296820,296820,296822,2,0
296820,296820,296822,2,0
296820,296820,296822,2,0
296820,296820,296822,2,0
296820,296820,296822,2,0
296818,296820,296822,2,2
296818,296820,296822,2,2
296818,296820,296822,2,2
296818,296820,296823,3,2
296818,296820,296823,3,2
296820,296821,296823,2,1
296820,296821,296823,2,1
296818,296820,296823,3,2
296820,296821,296823,2,1
296820,296821,296823,2,1
296820,296821,296823,2,1
296818,296820,296823,3,2
296818,296820,296823,3,2
296820,296821,296823,2,1
296820,296821,296823,2,1
296820,296821,296823,2,1
296820,296821,296823,2,1
296820,296821,296823,2,1
296818,296820,296823,3,2
296820,296821,296823,2,1
296818,296820,296823,3,2
296820,296821,296824,3,1
296820,296821,296824,3,1
296820,296821,296824,3,1
296820,296823,296824,1,3
296820,296823,296825,2,3
296820,296823,296824,1,3
296820,296823,296824,1,3
296820,296821,296824,3,1
296820,296823,296824,1,3
296820,296823,296824,1,3
296820,296821,296824,3,1
296820,296823,296824,1,3
296820,296823,296824,1,3
296500,296500,296839,339,0
296839,296839,296840,1,0
296839,296839,296840,1,0
296839,296839,296840,1,0
296839,296839,296841,2,0
296839,296839,296840,1,0
296839,296839,296840,1,0
296839,296839,296840,1,0
296839,296839,296841,2,0
296839,296839,296840,1,0
296839,296839,296840,1,0
296839,296839,296840,1,0
296839,296839,296841,2,0
296839,296839,296840,1,0
296839,296839,296840,1,0
296839,296839,296840,1,0
296839,296839,296840,1,0
296839,296839,296840,1,0
296839,296839,296840,1,0
296839,296839,296840,1,0
296839,296839,296841,2,0
296839,296839,296840,1,0
296839,296839,296840,1,0
296839,296839,296841,2,0
296839,296839,296842,3,0
296839,296839,296841,2,0
296839,296839,296841,2,0
296839,296839,296841,2,0
296839,296839,296842,3,0
296839,296839,296841,2,0
296839,296839,296841,2,0
296839,296839,296841,2,0
296839,296839,296841,2,0
296839,296839,296841,2,0
296839,296839,296842,3,0
296839,296839,296841,2,0
296839,296839,296842,3,0
296839,296839,296841,2,0
296839,296839,296841,2,0
296839,296839,296842,3,0
296839,296839,296842,3,0
296839,296839,296842,3,0
296839,296839,296842,3,0
296839,296839,296846,7,0
296532,296532,296854,322,0
296852,296852,296853,1,0
296852,296852,296853,1,0
296852,296852,296853,1,0
296852,296852,296853,1,0
296852,296852,296853,1,0
296852,296852,296854,2,0
296852,296852,296854,2,0
296852,296852,296854,2,0
296852,296852,296854,2,0
296852,296852,296853,1,0
296852,296852,296853,1,0
296852,296852,296853,1,0
296852,296852,296853,1,0
296852,296852,296853,1,0
296852,296852,296853,1,0
296852,296852,296853,1,0
296852,296852,296855,3,0
296852,296852,296854,2,0
296852,296852,296854,2,0
296852,296852,296854,2,0
296852,296852,296855,3,0
296852,296852,296854,2,0
296852,296852,296854,2,0
296852,296852,296855,3,0
296852,296852,296855,3,0
296852,296852,296854,2,0
296852,296852,296854,2,0
296852,296852,296855,3,0
296852,296852,296854,2,0
296852,296852,296855,3,0
296852,296852,296855,3,0
296852,296852,296855,3,0
296852,296852,296855,3,0
296852,296852,296856,4,0
296852,296852,296855,3,0
296852,296852,296855,3,0
296852,296852,296856,4,0
296852,296852,296856,4,0
296852,296852,296856,4,0
296856,296856,296858,2,0
296856,296856,296858,2,0
296856,296856,296858,2,0
296856,296856,296858,2,0
296856,296856,296858,2,0
296856,296856,296857,1,0
296856,296856,296858,2,0
296856,296856,296858,2,0
296856,296856,296858,2,0
296856,296856,296858,2,0
296856,296856,296858,2,0
296856,296856,296858,2,0
296856,296856,296857,1,0
296856,296856,296858,2,0
296856,296856,296858,2,0
296839,296839,296857,18,0
296856,296857,296858,1,1
296856,296856,296858,2,0
296856,296856,296858,2,0
296856,296856,296858,2,0
296856,296856,296858,2,0
296856,296856,296858,2,0
296856,296856,296858,2,0
296856,296856,296859,3,0
296856,296856,296859,3,0
296856,296856,296859,3,0
296856,296856,296858,2,0
296856,296856,296859,3,0
296839,296839,296859,20,0
296856,296856,296859,3,0
296856,296856,296859,3,0
296856,296856,296858,2,0
296856,296856,296858,2,0
296856,296856,296859,3,0
296856,296856,296858,2,0
296856,296856,296858,2,0
296856,296856,296859,3,0
296856,296856,296859,3,0
296856,296856,296859,3,0
296856,296856,296859,3,0
296856,296856,296859,3,0
296856,296856,296859,3,0
296856,296857,296859,2,1
296856,296856,296859,3,0
296856,296856,296859,3,0
296856,296856,296859,3,0
296856,296856,296859,3,0
296852,296864,296865,1,12
296852,296864,296865,1,12
296852,296864,296866,2,12
296852,296864,296866,2,12
296852,296864,296866,2,12
296852,296864,296867,3,12
296530,296530,296882,352,0
296889,296889,296891,2,0
296889,296889,296890,1,0
296889,296889,296891,2,0
296889,296889,296890,1,0
296889,296889,296891,2,0
296889,296889,296891,2,0
296889,296889,296891,2,0
296889,296889,296891,2,0
296889,296889,296891,2,0
296889,296889,296891,2,0
296889,296889,296891,2,0
296889,296889,296891,2,0
296889,296889,296891,2,0
296889,296889,296891,2,0
296889,296889,296891,2,0
296889,296889,296890,1,0
296889,296889,296890,1,0
296889,296889,296891,2,0
296889,296889,296891,2,0
296889,296889,296891,2,0
296889,296889,296891,2,0
296889,296889,296891,2,0
296889,296889,296891,2,0
296889,296889,296891,2,0
296889,296889,296891,2,0
296889,296889,296892,3,0
296889,296889,296891,2,0
296889,296889,296892,3,0
296889,296889,296892,3,0
296889,296889,296891,2,0
296889,296889,296891,2,0
296889,296889,296892,3,0
296889,296889,296892,3,0
296889,296889,296891,2,0
296889,296889,296891,2,0
296889,296889,296892,3,0
296889,296889,296892,3,0
296889,296889,296892,3,0
296889,296889,296892,3,0
296889,296889,296892,3,0
296889,296889,296892,3,0
296889,296889,296892,3,0
296889,296889,296892,3,0
296889,296889,296892,3,0
296889,296889,296893,4,0
296598,296598,296945,347,0
296946,296946,296948,2,0
296946,296946,296948,2,0
296946,296946,296948,2,0
296946,296946,296948,2,0
296946,296946,296948,2,0
296946,296946,296948,2,0
296946,296946,296948,2,0
296946,296946,296948,2,0
296946,296946,296948,2,0
296946,296946,296948,2,0
296946,296946,296948,2,0
296946,296946,296948,2,0
296946,296946,296948,2,0
296946,296946,296948,2,0
296946,296946,296948,2,0
296946,296947,296948,1,1
296946,296947,296948,1,1
296946,296947,296948,1,1
296946,296947,296948,1,1
296946,296946,296948,2,0
296946,296946,296948,2,0
296946,296946,296948,2,0
296946,296946,296948,2,0
296946,296946,296948,2,0
296946,296946,296949,3,0
296946,296946,296948,2,0
296946,296946,296949,3,0
296946,296946,296949,3,0
296946,296946,296949,3,0
296946,296946,296949,3,0
296946,296946,296949,3,0
296946,296946,296949,3,0
296946,296946,296949,3,0
296946,296946,296949,3,0
296946,296946,296949,3,0
296946,296946,296949,3,0
296946,296946,296949,3,0
296946,296947,296949,2,1
296946,296946,296949,3,0
296946,296946,296950,4,0
296946,296946,296950,4,0
296946,296946,296949,3,0
296946,296947,296949,2,1
296946,296946,296950,4,0
296946,296946,296950,4,0
296619,296619,296951,332,0
296961,296961,296962,1,0
296961,296961,296962,1,0
296961,296961,296962,1,0
296961,296961,296962,1,0
296961,296961,296962,1,0
296961,296961,296962,1,0
296961,296961,296962,1,0
296961,296961,296963,2,0
296961,296961,296963,2,0
296961,296961,296962,1,0
296961,296961,296962,1,0
296961,296961,296962,1,0
296961,296961,296962,1,0
296961,296961,296963,2,0
296961,296961,296962,1,0
296961,296961,296962,1,0
296961,296961,296962,1,0
296961,296961,296962,1,0
296961,296961,296962,1,0
296961,296961,296963,2,0
296961,296961,296962,1,0
296961,296961,296963,2,0
296961,296961,296963,2,0
296961,296961,296964,3,0
296961,296961,296963,2,0
296961,296961,296964,3,0
296961,296961,296963,2,0
296961,296961,296964,3,0
296961,296961,296963,2,0
296961,296961,296964,3,0
296961,296961,296963,2,0
296961,296961,296963,2,0
296961,296961,296963,2,0
296961,296961,296964,3,0
296961,296961,296963,2,0
296961,296961,296964,3,0
296961,296961,296964,3,0
296961,296961,296964,3,0
296961,296961,296964,3,0
296961,296961,296964,3,0
296961,296961,296965,4,0
296961,296961,296964,3,0
296961,296961,296964,3,0
296961,296961,296965,4,0
296961,296961,296964,3,0
296614,296614,296969,355,0
296641,296641,296976,335,0
296616,296616,296976,360,0
296977,296977,296978,1,0
296977,296977,296979,2,0
296977,296977,296978,1,0
296977,296977,296979,2,0
296977,296977,296978,1,0
296977,296977,296978,1,0
296977,296977,296979,2,0
296977,296977,296979,2,0
296977,296977,296979,2,0
296977,296977,296978,1,0
296977,296977,296978,1,0
296977,296977,296978,1,0
296977,296977,296979,2,0
296977,296977,296979,2,0
296977,296977,296979,2,0
296977,296977,296979,2,0
296977,296977,296979,2,0
296977,296977,296979,2,0
296977,296977,296979,2,0
296977,296977,296979,2,0
296977,296977,296979,2,0
296977,296977,296979,2,0
296977,296977,296979,2,0
296977,296977,296978,1,0
296977,296977,296979,2,0
296977,296977,296979,2,0
296977,296977,296979,2,0
296977,296977,296978,1,0
296977,296977,296979,2,0
296977,296977,296979,2,0
296977,296977,296979,2,0
296977,296977,296979,2,0
296977,296977,296979,2,0
296977,296977,296980,3,0
296977,296977,296979,2,0
296977,296977,296979,2,0
296977,296977,296979,2,0
296977,296977,296979,2,0
296977,296977,296979,2,0
296977,296977,296980,3,0
296977,296977,296980,3,0
296977,296977,296979,2,0
296977,296977,296980,3,0
296977,296977,296979,2,0
296977,296977,296979,2,0
296977,296977,296979,2,0
296977,296977,296980,3,0
296977,296977,296980,3,0
296977,296977,296979,2,0
296977,296977,296979,2,0
296977,296977,296980,3,0
296977,296977,296980,3,0
296977,296977,296980,3,0
296977,296977,296980,3,0
296977,296977,296980,3,0
296977,296977,296980,3,0
296977,296977,296980,3,0
296977,296977,296979,2,0
296977,296977,296980,3,0
296977,296979,296980,1,2
296977,296979,296980,1,2
296977,296979,296981,2,2
296977,296977,296980,3,0
296977,296979,296980,1,2
296977,296979,296980,1,2
296977,296977,296980,3,0
296977,296977,296980,3,0
296977,296979,296981,2,2
296977,296979,296981,2,2
296977,296979,296981,2,2
296977,296979,296981,2,2
296979,296979,296980,1,0
296979,296979,296980,1,0
296977,296977,296980,3,0
296977,296979,296981,2,2
296977,296979,296981,2,2
296977,296979,296981,2,2
296979,296979,296980,1,0
296979,296979,296980,1,0
296977,296979,296982,3,2
296979,296980,296981,1,1
296979,296980,296981,1,1
296977,296979,296982,3,2
296979,296980,296981,1,1
296977,296979,296982,3,2
296977,296979,296982,3,2
296979,296980,296981,1,1
296979,296980,296981,1,1
296979,296980,296982,2,1
296979,296980,296982,2,1
296977,296979,296982,3,2
296977,296979,296982,3,2
296979,296980,296982,2,1
296979,296980,296982,2,1
296979,296980,296982,2,1
296979,296980,296982,2,1
296977,296979,296982,3,2
296977,296979,296982,3,2
296977,296979,296982,3,2
296977,296979,296982,3,2
296977,296979,296982,3,2
296979,296980,296981,1,1
296979,296980,296982,2,1
296977,296979,296982,3,2
296977,296979,296981,2,2
296979,296980,296982,2,1
296979,296980,296982,2,1
296977,296979,296982,3,2
296979,296980,296982,2,1
296979,296980,296982,2,1
296979,296980,296982,2,1
296977,296979,296981,2,2
296979,296980,296982,2,1
296979,296980,296983,3,1
296979,296981,296983,2,2
296979,296980,296983,3,1
296979,296980,296983,3,1
296979,296980,296983,3,1
296979,296980,296983,3,1
296979,296980,296983,3,1
296979,296981,296983,2,2
296979,296981,296983,2,2
296979,296981,296983,2,2
296979,296981,296983,2,2
296979,296981,296984,3,2
296979,296981,296984,3,2
296979,296981,296983,2,2
296979,296981,296984,3,2
296979,296981,296984,3,2
296979,296981,296984,3,2
296979,296981,296984,3,2
296979,296981,296983,2,2
296979,296980,296984,4,1
296979,296981,296984,3,2
296979,296981,296983,2,2
296672,296672,297000,328,0
297003,297003,297005,2,0
297003,297003,297005,2,0
297003,297003,297005,2,0
297003,297003,297005,2,0
297003,297003,297005,2,0
297003,297003,297005,2,0
297003,297003,297005,2,0
297003,297003,297005,2,0
297003,297003,297005,2,0
297003,297003,297005,2,0
297003,297003,297005,2,0
297003,297003,297005,2,0
297003,297003,297005,2,0
297003,297003,297005,2,0
297003,297003,297005,2,0
297003,297003,297005,2,0
297003,297003,297005,2,0
297003,297003,297005,2,0
297003,297003,297005,2,0
297003,297003,297005,2,0
297003,297003,297005,2,0
297003,297003,297006,3,0
297003,297003,297006,3,0
297003,297003,297006,3,0
297003,297003,297006,3,0
297003,297003,297006,3,0
297003,297003,297005,2,0
297003,297003,297006,3,0
297003,297003,297006,3,0
297003,297003,297006,3,0
297003,297003,297006,3,0
297003,297003,297006,3,0
297003,297003,297006,3,0
297003,297003,297006,3,0
297003,297003,297006,3,0
297003,297003,297006,3,0
297003,297003,297007,4,0
297003,297003,297007,4,0
297003,297003,297007,4,0
297003,297003,297007,4,0
296664,296664,297008,344,0
296696,296696,297015,319,0
297014,297014,297015,1,0
297014,297014,297016,2,0
297014,297014,297016,2,0
297014,297014,297016,2,0
297014,297014,297016,2,0
297014,297014,297016,2,0
297014,297014,297016,2,0
297014,297014,297016,2,0
297014,297014,297016,2,0
297014,297014,297016,2,0
297014,297014,297016,2,0
297014,297014,297016,2,0
297014,297014,297016,2,0
297014,297014,297016,2,0
297014,297014,297016,2,0
297014,297014,297016,2,0
297014,297014,297016,2,0
297014,297014,297016,2,0
297014,297014,297016,2,0
297014,297014,297016,2,0
297014,297014,297016,2,0
297014,297014,297016,2,0
297014,297014,297016,2,0
297014,297014,297017,3,0
297014,297014,297017,3,0
297014,297014,297016,2,0
297014,297014,297017,3,0
297014,297014,297016,2,0
297014,297014,297017,3,0
297014,297014,297017,3,0
297014,297014,297017,3,0
297014,297014,297017,3,0
297014,297014,297016,2,0
297014,297014,297017,3,0
297014,297014,297017,3,0
297014,297014,297017,3,0
297014,297014,297017,3,0
297016,297016,297018,2,0
297014,297014,297018,4,0
297016,297016,297018,2,0
297016,297016,297018,2,0
297016,297016,297018,2,0
297016,297016,297018,2,0
297016,297016,297018,2,0
297016,297016,297018,2,0
297016,297016,297018,2,0
297016,297016,297018,2,0
297016,297016,297018,2,0
297016,297016,297018,2,0
297016,297016,297018,2,0
297014,297014,297018,4,0
297016,297016,297018,2,0
297016,297016,297018,2,0
297016,297016,297018,2,0
297014,297014,297018,4,0
297016,297016,297018,2,0
297016,297016,297018,2,0
297016,297016,297018,2,0
297016,297016,297018,2,0
297016,297016,297018,2,0
297016,297016,297018,2,0
297016,297016,297019,3,0
297016,297016,297019,3,0
297016,297016,297019,3,0
297016,297018,297019,1,2
297016,297018,297020,2,2
297016,297016,297020,4,0
297016,297016,297020,4,0
297016,297017,297019,2,1
297016,297018,297019,1,2
297016,297016,297019,3,0
297016,297016,297019,3,0
297016,297018,297020,2,2
297016,297018,297020,2,2
297016,297016,297019,3,0
297016,297018,297019,1,2
297016,297018,297020,2,2
297016,297018,297020,2,2
297016,297018,297020,2,2
297016,297017,297020,3,1
297016,297018,297020,2,2
297016,297018,297020,2,2
297016,297018,297020,2,2
297003,297022,297023,1,19
297003,297022,297023,1,19
297003,297022,297023,1,19
297003,297022,297024,2,19
297014,297022,297023,1,8
297003,297022,297024,2,19
296666,296666,297033,367,0
297014,297035,297036,1,21
297014,297035,297037,2,21
297016,297035,297037,2,19
297016,297035,297036,1,19
297014,297035,297037,2,21
297036,297037,297038,1,1
297036,297037,297038,1,1
297036,297037,297038,1,1
297036,297037,297038,1,1
297036,297037,297038,1,1
297036,297037,297038,1,1
297036,297037,297038,1,1
297036,297037,297038,1,1
297036,297037,297038,1,1
297036,297037,297038,1,1
297036,297037,297038,1,1
297036,297037,297038,1,1
297036,297037,297038,1,1
297036,297037,297038,1,1
297036,297037,297038,1,1
297036,297037,297039,2,1
297036,297037,297038,1,1
297036,297037,297038,1,1
297036,297037,297039,2,1
297036,297037,297039,2,1
297014,297035,297038,3,21
297036,297037,297039,2,1
297036,297037,297039,2,1
297036,297037,297039,2,1
297036,297037,297039,2,1
297036,297037,297039,2,1
297036,297037,297039,2,1
297036,297037,297040,3,1
297036,297037,297039,2,1
297036,297037,297039,2,1
297036,297037,297039,2,1
297036,297037,297039,2,1
297036,297037,297039,2,1
297036,297037,297039,2,1
297036,297037,297039,2,1
297036,297037,297039,2,1
297036,297037,297039,2,1
297036,297037,297039,2,1
297036,297037,297039,2,1
297036,297037,297040,3,1
297036,297037,297040,3,1
297036,297037,297040,3,1
297036,297037,297040,3,1
297036,297037,297040,3,1
297036,297037,297040,3,1
297036,297037,297040,3,1
296731,296731,297054,323,0
297065,297065,297067,2,0
297065,297065,297066,1,0
297065,297065,297066,1,0
297065,297065,297066,1,0
297065,297065,297066,1,0
297065,297065,297067,2,0
297065,297065,297067,2,0
297065,297065,297066,1,0
297065,297065,297066,1,0
297065,297065,297066,1,0
297065,297065,297066,1,0
297065,297065,297066,1,0
297065,297065,297066,1,0
297065,297065,297066,1,0
297065,297065,297066,1,0
297065,297065,297066,1,0
297065,297065,297066,1,0
297065,297065,297066,1,0
297065,297065,297066,1,0
297065,297065,297066,1,0
297065,297065,297066,1,0
297065,297065,297066,1,0
297065,297065,297067,2,0
297065,297065,297068,3,0
297065,297065,297067,2,0
297065,297065,297068,3,0
297065,297065,297067,2,0
297065,297065,297068,3,0
297065,297065,297067,2,0
297065,297065,297068,3,0
297065,297065,297067,2,0
297065,297065,297067,2,0
297065,297065,297067,2,0
297065,297065,297067,2,0
297065,297065,297067,2,0
297065,297065,297067,2,0
297065,297065,297067,2,0
297065,297065,297068,3,0
297065,297065,297068,3,0
297065,297065,297068,3,0
297065,297076,297077,1,11
297065,297076,297077,1,11
297065,297076,297078,2,11
297065,297076,297078,2,11
297065,297076,297079,3,11
296746,296746,297082,336,0
297089,297089,297091,2,0
297089,297089,297091,2,0
297089,297089,297091,2,0
297089,297089,297091,2,0
297089,297089,297091,2,0
297089,297090,297091,1,1
297089,297090,297091,1,1
297089,297090,297091,1,1
297089,297090,297091,1,1
297089,297090,297091,1,1
297089,297090,297091,1,1
297089,297089,297091,2,0
297089,297089,297091,2,0
297089,297089,297091,2,0
297089,297089,297091,2,0
297089,297089,297091,2,0
297089,297089,297091,2,0
297089,297089,297091,2,0
297089,297089,297091,2,0
297089,297089,297091,2,0
297089,297089,297090,1,0
297089,297089,297090,1,0
297089,297089,297090,1,0
297089,297089,297090,1,0
297089,297089,297092,3,0
297089,297089,297091,2,0
297089,297089,297092,3,0
297089,297089,297091,2,0
297089,297089,297091,2,0
297089,297090,297092,2,1
297089,297090,297092,2,1
297089,297090,297092,2,1
297089,297089,297092,3,0
297089,297089,297091,2,0
297089,297089,297092,3,0
297089,297089,297091,2,0
297089,297089,297091,2,0
297089,297089,297092,3,0
297089,297089,297091,2,0
297089,297089,297092,3,0
297089,297089,297091,2,0
297089,297089,297092,3,0
297089,297090,297092,2,1
297089,297094,297096,2,5
297089,297094,297097,3,5
296757,296757,297133,376,0
297135,297135,297136,1,0
297135,297135,297136,1,0
297135,297135,297137,2,0
297135,297135,297136,1,0
297135,297135,297136,1,0
297135,297135,297136,1,0
297135,297135,297136,1,0
297135,297135,297136,1,0
297135,297135,297136,1,0
297135,297135,297136,1,0
297135,297135,297136,1,0
297135,297135,297136,1,0
297135,297135,297136,1,0
297135,297135,297137,2,0
297135,297135,297137,2,0
297135,297135,297137,2,0
297135,297135,297137,2,0
297135,297135,297137,2,0
297135,297135,297136,1,0
297135,297135,297137,2,0
297135,297135,297137,2,0
297135,297135,297138,3,0
297135,297135,297137,2,0
297135,297135,297137,2,0
297135,297135,297137,2,0
297135,297135,297137,2,0
297135,297135,297137,2,0
297135,297135,297137,2,0
297135,297135,297137,2,0
297135,297135,297137,2,0
297135,297135,297137,2,0
297135,297135,297138,3,0
297135,297135,297137,2,0
297135,297135,297137,2,0
297135,297135,297138,3,0
297135,297135,297138,3,0
297135,297135,297138,3,0
297135,297135,297138,3,0
297135,297135,297138,3,0
296788,296805,297148,343,17
297135,297148,297149,1,13
297135,297148,297149,1,13
297135,297148,297149,1,13
297135,297148,297149,1,13
297135,297148,297150,2,13
297135,297148,297150,2,13
297150,297150,297151,1,0
297150,297150,297152,2,0
297150,297150,297151,1,0
297150,297150,297151,1,0
297150,297150,297151,1,0
297150,297150,297152,2,0
297150,297150,297152,2,0
297150,297150,297151,1,0
297150,297150,297151,1,0
297150,297150,297151,1,0
297150,297150,297151,1,0
297150,297150,297151,1,0
297150,297150,297152,2,0
297150,297150,297152,2,0
297150,297150,297152,2,0
297150,297150,297151,1,0
297150,297150,297151,1,0
297150,297150,297151,1,0
297150,297150,297151,1,0
297150,297150,297151,1,0
297150,297150,297151,1,0
297150,297150,297151,1,0
297150,297150,297151,1,0
297150,297150,297151,1,0
297150,297150,297151,1,0
297150,297150,297151,1,0
297150,297150,297152,2,0
297150,297150,297151,1,0
297150,297150,297152,2,0
297150,297150,297153,3,0
297150,297150,297152,2,0
297150,297150,297152,2,0
297150,297150,297152,2,0
297150,297150,297153,3,0
297150,297150,297152,2,0
297150,297150,297152,2,0
297150,297150,297152,2,0
297150,297150,297153,3,0
297150,297150,297152,2,0
297150,297150,297152,2,0
297150,297150,297153,3,0
297150,297150,297152,2,0
297150,297150,297152,2,0
297150,297150,297152,2,0
297150,297150,297153,3,0
296821,296823,297162,339,2
297170,297170,297171,1,0
297170,297170,297171,1,0
297170,297170,297172,2,0
297170,297170,297171,1,0
297170,297170,297171,1,0
297170,297170,297171,1,0
297170,297170,297171,1,0
297170,297170,297171,1,0
297170,297170,297172,2,0
297170,297170,297171,1,0
297170,297170,297171,1,0
297170,297170,297171,1,0
297170,297170,297172,2,0
297170,297170,297172,2,0
297170,297170,297172,2,0
297170,297170,297172,2,0
297170,297170,297172,2,0
297170,297170,297172,2,0
297170,297170,297172,2,0
297170,297170,297172,2,0
297170,297170,297171,1,0
297170,297170,297171,1,0
297170,297170,297172,2,0
297170,297170,297172,2,0
297170,297170,297171,1,0
297170,297170,297171,1,0
297170,297170,297172,2,0
297170,297170,297171,1,0
297170,297170,297172,2,0
297170,297170,297172,2,0
297170,297170,297172,2,0
297170,297170,297172,2,0
297170,297170,297173,3,0
297170,297170,297172,2,0
297170,297170,297173,3,0
297170,297170,297173,3,0
297170,297170,297172,2,0
297170,297170,297172,2,0
297170,297170,297172,2,0
297170,297170,297173,3,0
297170,297170,297172,2,0
297170,297170,297173,3,0
297170,297170,297172,2,0
297170,297170,297172,2,0
297170,297170,297173,3,0
296857,296857,297180,323,0
296840,296840,297186,346,0
297186,297186,297188,2,0
297186,297186,297188,2,0
297186,297186,297188,2,0
297186,297186,297188,2,0
297186,297186,297188,2,0
297186,297186,297188,2,0
297186,297186,297188,2,0
297186,297186,297188,2,0
297186,297186,297188,2,0
297186,297186,297187,1,0
297186,297186,297188,2,0
297186,297186,297188,2,0
297186,297186,297188,2,0
297186,297186,297188,2,0
297186,297186,297188,2,0
297186,297186,297188,2,0
297186,297186,297189,3,0
297186,297186,297188,2,0
297186,297186,297188,2,0
297186,297186,297188,2,0
297186,297186,297188,2,0
297186,297186,297189,3,0
297186,297186,297189,3,0
297188,297188,297189,1,0
297186,297186,297188,2,0
297186,297186,297189,3,0
297186,297186,297188,2,0
297186,297186,297189,3,0
297186,297186,297188,2,0
297186,297186,297189,3,0
297186,297186,297189,3,0
297186,297186,297189,3,0
297188,297188,297189,1,0
297186,297186,297189,3,0
297186,297186,297190,4,0
297186,297186,297189,3,0
297188,297188,297190,2,0
297186,297186,297189,3,0
297188,297188,297189,1,0
297188,297188,297189,1,0
297188,297188,297189,1,0
297186,297186,297189,3,0
297188,297188,297189,1,0
297188,297188,297189,1,0
297188,297188,297189,1,0
297188,297188,297189,1,0
297186,297186,297189,3,0
297188,297188,297190,2,0
297188,297188,297189,1,0
297188,297188,297189,1,0
297186,297186,297190,4,0
297188,297188,297189,1,0
297188,297188,297189,1,0
297188,297188,297189,1,0
297188,297188,297190,2,0
297186,297186,297190,4,0
297188,297188,297189,1,0
297188,297188,297189,1,0
297188,297188,297189,1,0
297188,297188,297189,1,0
297188,297188,297189,1,0
297186,297186,297190,4,0
297188,297188,297190,2,0
297188,297188,297190,2,0
297188,297188,297190,2,0
297188,297188,297190,2,0
297188,297189,297191,2,1
297188,297189,297191,2,1
297188,297189,297191,2,1
297188,297189,297191,2,1
297188,297189,297191,2,1
297188,297189,297191,2,1
297188,297189,297191,2,1
297188,297189,297191,2,1
297188,297189,297191,2,1
297188,297189,297191,2,1
297188,297190,297191,1,2
297188,297189,297191,2,1
297188,297189,297191,2,1
297188,297189,297191,2,1
296819,296820,297196,376,1
296853,296853,297196,343,0
297188,297197,297198,1,9
297188,297197,297198,1,9
297186,297197,297198,1,11
297186,297197,297199,2,11
297198,297198,297199,1,0
297198,297198,297200,2,0
297186,297197,297200,3,11
297198,297198,297199,1,0
297198,297198,297199,1,0
297198,297198,297200,2,0
297198,297198,297199,1,0
297198,297198,297199,1,0
297198,297198,297200,2,0
297198,297198,297199,1,0
297198,297198,297199,1,0
297198,297198,297200,2,0
297198,297198,297199,1,0
297198,297198,297199,1,0
297198,297198,297200,2,0
297198,297198,297200,2,0
297198,297198,297200,2,0
297198,297198,297199,1,0
297198,297198,297199,1,0
297198,297198,297199,1,0
297198,297198,297200,2,0
297198,297198,297200,2,0
297198,297198,297199,1,0
297198,297198,297199,1,0
297198,297198,297199,1,0
297198,297198,297199,1,0
297198,297198,297200,2,0
297198,297198,297200,2,0
297198,297198,297200,2,0
297186,297197,297201,4,11
297198,297198,297200,2,0
297198,297198,297200,2,0
297200,297200,297201,1,0
297198,297198,297200,2,0
297198,297198,297200,2,0
296855,296855,297201,346,0
297198,297198,297200,2,0
297198,297198,297201,3,0
297198,297198,297201,3,0
297198,297198,297200,2,0
297198,297198,297200,2,0
297198,297198,297200,2,0
297198,297198,297200,2,0
297198,297198,297201,3,0
297198,297198,297201,3,0
297198,297198,297200,2,0
297198,297198,297200,2,0
297198,297198,297200,2,0
297200,297200,297201,1,0
297200,297200,297201,1,0
297200,297200,297201,1,0
297200,297200,297202,2,0
297200,297200,297201,1,0
297200,297200,297201,1,0
297200,297200,297201,1,0
297200,297200,297202,2,0
297200,297200,297202,2,0
297200,297200,297202,2,0
297200,297200,297202,2,0
297200,297200,297202,2,0
297200,297200,297201,1,0
297200,297200,297201,1,0
297200,297200,297201,1,0
297200,297200,297201,1,0
297200,297200,297201,1,0
297200,297200,297202,2,0
297200,297200,297201,1,0
297200,297200,297201,1,0
297200,297200,297201,1,0
297200,297200,297202,2,0
297200,297200,297202,2,0
297200,297200,297201,1,0
297200,297200,297202,2,0
297200,297200,297202,2,0
297200,297200,297202,2,0
297200,297200,297201,1,0
297200,297200,297202,2,0
297200,297200,297201,1,0
297200,297200,297202,2,0
297200,297200,297202,2,0
297200,297200,297203,3,0
297200,297200,297203,3,0
297200,297201,297203,2,1
297200,297201,297203,2,1
297200,297201,297203,2,1
297200,297201,297203,2,1
297200,297201,297203,2,1
297200,297200,297202,2,0
297200,297200,297203,3,0
297200,297200,297202,2,0
297200,297200,297202,2,0
297200,297201,297203,2,1
297202,297202,297204,2,0
297202,297202,297204,2,0
297202,297202,297204,2,0
297202,297202,297204,2,0
297202,297202,297204,2,0
297202,297202,297204,2,0
297202,297202,297204,2,0
297202,297202,297204,2,0
297202,297202,297204,2,0
297202,297202,297204,2,0
297202,297202,297204,2,0
297202,297202,297204,2,0
297202,297202,297204,2,0
297202,297202,297204,2,0
297202,297202,297204,2,0
297202,297202,297204,2,0
297202,297202,297204,2,0
297202,297202,297204,2,0
297202,297202,297204,2,0
297202,297202,297204,2,0
297202,297202,297204,2,0
297202,297202,297204,2,0
297202,297202,297204,2,0
297202,297202,297204,2,0
297202,297202,297204,2,0
297202,297202,297204,2,0
297202,297202,297204,2,0
297202,297202,297204,2,0
297202,297202,297204,2,0
297202,297202,297205,3,0
297202,297203,297205,2,1
297202,297202,297205,3,0
297202,297202,297205,3,0
297202,297202,297205,3,0
297202,297202,297205,3,0
297202,297202,297205,3,0
297202,297202,297205,3,0
297202,297204,297205,1,2
297202,297202,297205,3,0
297202,297202,297205,3,0
297202,297202,297205,3,0
297202,297203,297205,2,1
297202,297202,297205,3,0
297202,297203,297205,2,1
297202,297203,297205,2,1
297186,297186,297190,4,0
297188,297188,297190,2,0
297188,297188,297190,2,0
297188,297207,297208,1,19
297198,297207,297208,1,9
296890,296890,297229,339,0
297234,297234,297236,2,0
297234,297234,297236,2,0
297234,297234,297236,2,0
297234,297235,297236,1,1
297234,297234,297236,2,0
297234,297234,297236,2,0
297234,297234,297235,1,0
297234,297234,297236,2,0
297234,297234,297236,2,0
297234,297234,297236,2,0
297234,297234,297236,2,0
297234,297234,297236,2,0
297234,297235,297236,1,1
297234,297235,297236,1,1
297234,297235,297236,1,1
297234,297235,297236,1,1
297234,297234,297236,2,0
297234,297234,297236,2,0
297234,297234,297236,2,0
297234,297234,297235,1,0
297234,297234,297235,1,0
297234,297234,297236,2,0
297234,297234,297236,2,0
297234,297234,297236,2,0
297234,297234,297237,3,0
297234,297234,297236,2,0
297234,297234,297237,3,0
297234,297234,297237,3,0
297234,297235,297236,1,1
297234,297235,297236,1,1
297234,297235,297237,2,1
297234,297234,297237,3,0
297234,297234,297236,2,0
297234,297234,297237,3,0
297234,297234,297236,2,0
297234,297234,297237,3,0
297234,297234,297237,3,0
297234,297234,297237,3,0
297234,297234,297236,2,0
297234,297234,297237,3,0
297234,297234,297237,3,0
297234,297234,297237,3,0
297234,297235,297238,3,1
297234,297235,297238,3,1
297234,297234,297237,3,0
296947,296947,297274,327,0
297276,297277,297278,1,1
297276,297277,297278,1,1
297276,297277,297279,2,1
297276,297277,297279,2,1
297276,297277,297279,2,1
297276,297277,297278,1,1
297276,297277,297278,1,1
297276,297277,297278,1,1
297276,297277,297279,2,1
297276,297277,297278,1,1
297276,297277,297278,1,1
297276,297277,297278,1,1
297276,297277,297279,2,1
297276,297277,297278,1,1
297276,297277,297278,1,1
297276,297277,297278,1,1
297276,297277,297279,2,1
297276,297277,297278,1,1
297276,297277,297278,1,1
297276,297277,297278,1,1
297276,297277,297279,2,1
297276,297277,297279,2,1
297276,297277,297279,2,1
297276,297277,297279,2,1
297276,297277,297279,2,1
297276,297277,297279,2,1
297276,297277,297280,3,1
297276,297277,297280,3,1
297276,297277,297279,2,1
297276,297277,297279,2,1
297276,297277,297279,2,1
297276,297277,297279,2,1
297276,297277,297279,2,1
297276,297277,297279,2,1
297276,297277,297279,2,1
297276,297277,297279,2,1
297276,297277,297279,2,1
297276,297277,297280,3,1
297276,297277,297280,3,1
297276,297277,297280,3,1
297276,297277,297280,3,1
297276,297277,297280,3,1
297276,297277,297280,3,1
297276,297277,297280,3,1
297276,297277,297280,3,1
296962,296962,297303,341,0
297304,297304,297306,2,0
297304,297304,297306,2,0
297304,297304,297306,2,0
297304,297304,297306,2,0
297304,297304,297306,2,0
297304,297304,297306,2,0
297304,297304,297306,2,0
297304,297304,297306,2,0
297304,297304,297306,2,0
297304,297305,297306,1,1
297304,297305,297306,1,1
297304,297305,297306,1,1
297304,297304,297306,2,0
297304,297304,297306,2,0
297304,297304,297306,2,0
297304,297304,297306,2,0
297304,297304,297306,2,0
297304,297304,297306,2,0
297304,297304,297306,2,0
297304,297304,297306,2,0
297304,297304,297306,2,0
297304,297304,297306,2,0
297304,297304,297307,3,0
297304,297304,297306,2,0
297304,297304,297307,3,0
297304,297304,297306,2,0
297304,297304,297307,3,0
297304,297304,297307,3,0
297304,297304,297307,3,0
297304,297304,297307,3,0
297304,297304,297307,3,0
297304,297304,297307,3,0
297304,297305,297307,2,1
297304,297304,297307,3,0
297304,297304,297307,3,0
297304,297304,297307,3,0
297304,297304,297307,3,0
297304,297304,297307,3,0
297304,297304,297307,3,0
297304,297304,297307,3,0
297304,297304,297308,4,0
297304,297304,297308,4,0
297304,297304,297308,4,0
297304,297305,297308,3,1
296982,296982,297308,326,0
297304,297304,297307,3,0
296978,296979,297313,334,1
297319,297320,297321,1,1
297319,297320,297321,1,1
297319,297320,297321,1,1
297319,297319,297320,1,0
297319,297319,297321,2,0
297319,297319,297321,2,0
297319,297320,297321,1,1
297319,297320,297321,1,1
297319,297319,297321,2,0
297319,297319,297321,2,0
297319,297319,297321,2,0
297319,297319,297321,2,0
297319,297319,297321,2,0
296980,296981,297321,340,1
297319,297319,297321,2,0
297319,297319,297321,2,0
297319,297320,297321,1,1
297319,297319,297321,2,0
297319,297319,297321,2,0
297319,297319,297321,2,0
297319,297320,297321,1,1
297319,297319,297321,2,0
297319,297319,297321,2,0
297319,297319,297321,2,0
297319,297319,297321,2,0
297319,297320,297321,1,1
297319,297319,297320,1,0
297319,297319,297321,2,0
297319,297319,297321,2,0
297319,297320,297321,1,1
297319,297319,297320,1,0
297319,297319,297321,2,0
297319,297319,297321,2,0
297319,297320,297321,1,1
297319,297320,297321,1,1
297319,297319,297321,2,0
297319,297319,297321,2,0
297319,297319,297321,2,0
297319,297320,297321,1,1
297319,297320,297321,1,1
297319,297319,297322,3,0
297319,297321,297322,1,2
297319,297320,297321,1,1
297319,297320,297322,2,1
297319,297319,297322,3,0
297319,297319,297322,3,0
297319,297319,297321,2,0
297319,297319,297322,3,0
297319,297319,297322,3,0
297319,297319,297322,3,0
297319,297319,297321,2,0
297319,297319,297322,3,0
297319,297319,297322,3,0
297319,297319,297321,2,0
297319,297319,297322,3,0
297319,297319,297322,3,0
297319,297319,297322,3,0
297319,297320,297323,3,1
297319,297320,297323,3,1
297319,297321,297322,1,2
297319,297321,297323,2,2
297319,297321,297323,2,2
297319,297321,297323,2,2
297319,297319,297323,4,0
297319,297320,297323,3,1
297319,297321,297323,2,2
297319,297319,297323,4,0
297319,297321,297323,2,2
297319,297319,297323,4,0
297319,297321,297323,2,2
297319,297321,297323,2,2
297319,297319,297323,4,0
297319,297321,297323,2,2
297319,297321,297323,2,2
297319,297321,297324,3,2
297319,297321,297323,2,2
297319,297321,297324,3,2
297319,297321,297323,2,2
297319,297321,297324,3,2
297319,297321,297324,3,2
297319,297321,297324,3,2
297319,297321,297324,3,2
297319,297321,297324,3,2
297319,297321,297324,3,2
297319,297321,297324,3,2
297319,297321,297324,3,2
297319,297321,297325,4,2
297319,297321,297325,4,2
297319,297321,297325,4,2
297323,297323,297325,2,0
297323,297323,297325,2,0
297323,297323,297325,2,0
297323,297323,297325,2,0
297323,297323,297325,2,0
297323,297323,297325,2,0
297323,297323,297325,2,0
297323,297323,297325,2,0
297319,297321,297325,4,2
297323,297323,297325,2,0
297323,297323,297325,2,0
297323,297323,297325,2,0
297323,297323,297325,2,0
297323,297323,297325,2,0
297323,297323,297325,2,0
297323,297323,297325,2,0
297323,297323,297325,2,0
297323,297323,297325,2,0
297323,297324,297326,2,1
297323,297324,297325,1,1
297323,297323,297325,2,0
297323,297323,297325,2,0
297323,297323,297325,2,0
297319,297321,297325,4,2
297323,297323,297325,2,0
297323,297323,297326,3,0
297323,297323,297326,3,0
297323,297323,297326,3,0
297323,297323,297326,3,0
297323,297324,297326,2,1
297323,297323,297326,3,0
297323,297324,297326,2,1
297323,297324,297326,2,1
297323,297324,297326,2,1
297323,297324,297327,3,1
297323,297323,297327,4,0
297323,297323,297327,4,0
297323,297323,297327,4,0
297323,297323,297327,4,0
297323,297323,297327,4,0
297323,297323,297327,4,0
297323,297323,297327,4,0
297323,297323,297327,4,0
297323,297324,297327,3,1
297323,297324,297328,4,1
297323,297324,297328,4,1
297323,297323,297328,5,0
297004,297004,297338,334,0
297015,297015,297343,328,0
297350,297350,297351,1,0
297350,297350,297351,1,0
297350,297350,297351,1,0
297350,297350,297352,2,0
297350,297350,297352,2,0
297350,297350,297352,2,0
297350,297350,297352,2,0
297350,297350,297352,2,0
297350,297350,297351,1,0
297350,297350,297352,2,0
297350,297350,297351,1,0
297350,297350,297351,1,0
297350,297350,297351,1,0
297350,297350,297351,1,0
297350,297350,297351,1,0
297350,297350,297352,2,0
297350,297350,297352,2,0
297350,297350,297352,2,0
297350,297350,297352,2,0
297350,297350,297351,1,0
297350,297350,297352,2,0
297350,297350,297352,2,0
297350,297350,297352,2,0
297350,297350,297353,3,0
297350,297350,297352,2,0
297350,297350,297352,2,0
297350,297350,297353,3,0
297350,297350,297353,3,0
297350,297350,297352,2,0
297350,297350,297352,2,0
297350,297350,297353,3,0
297350,297350,297352,2,0
297350,297350,297352,2,0
297350,297350,297353,3,0
297350,297350,297353,3,0
297350,297350,297353,3,0
297350,297350,297353,3,0
297350,297351,297353,2,1
297350,297350,297353,3,0
297350,297350,297353,3,0
297350,297350,297353,3,0
297350,297350,297353,3,0
297350,297350,297354,4,0
297350,297351,297356,5,1
297350,297350,297357,7,0
297358,297358,297360,2,0
297358,297359,297360,1,1
297358,297359,297360,1,1
297358,297358,297360,2,0
297358,297358,297359,1,0
297358,297358,297360,2,0
297358,297358,297360,2,0
297358,297358,297360,2,0
297358,297358,297359,1,0
297358,297358,297360,2,0
297358,297358,297360,2,0
297358,297358,297360,2,0
297358,297358,297360,2,0
297358,297358,297359,1,0
297358,297358,297359,1,0
297358,297358,297359,1,0
297358,297358,297360,2,0
297358,297358,297360,2,0
297358,297358,297360,2,0
297358,297358,297360,2,0
297358,297358,297360,2,0
297358,297358,297360,2,0
297358,297358,297361,3,0
297358,297358,297360,2,0
297358,297358,297361,3,0
297358,297358,297360,2,0
297358,297358,297361,3,0
297358,297358,297361,3,0
297358,297358,297360,2,0
297358,297358,297361,3,0
297358,297358,297360,2,0
297358,297358,297360,2,0
297358,297358,297361,3,0
297358,297358,297361,3,0
297358,297358,297361,3,0
297358,297358,297362,4,0
297358,297358,297361,3,0
297358,297358,297362,4,0
297358,297358,297362,4,0
297038,297038,297362,324,0
297018,297018,297364,346,0
297370,297370,297372,2,0
297370,297370,297372,2,0
297370,297370,297371,1,0
297370,297370,297371,1,0
297370,297370,297371,1,0
297370,297370,297371,1,0
297370,297370,297372,2,0
297370,297370,297371,1,0
297370,297370,297371,1,0
297370,297370,297371,1,0
297370,297370,297372,2,0
297370,297370,297371,1,0
297370,297370,297371,1,0
297370,297370,297372,2,0
297370,297370,297371,1,0
297370,297370,297371,1,0
297370,297370,297371,1,0
297370,297370,297371,1,0
297370,297370,297371,1,0
297370,297370,297372,2,0
297370,297370,297372,2,0
297370,297370,297372,2,0
297372,297372,297373,1,0
297370,297370,297373,3,0
297370,297370,297373,3,0
297370,297370,297372,2,0
297370,297370,297373,3,0
297370,297370,297373,3,0
297370,297370,297372,2,0
297370,297370,297372,2,0
297370,297370,297372,2,0
297372,297372,297373,1,0
297372,297372,297373,1,0
297370,297370,297373,3,0
297370,297370,297373,3,0
297370,297370,297372,2,0
297370,297370,297372,2,0
297370,297370,297373,3,0
297370,297370,297372,2,0
297370,297370,297374,4,0
297370,297370,297373,3,0
297370,297370,297374,4,0
297370,297370,297373,3,0
297372,297372,297373,1,0
297372,297372,297373,1,0
297372,297372,297373,1,0
297372,297372,297373,1,0
297372,297372,297374,2,0
297372,297372,297373,1,0
297372,297372,297373,1,0
297370,297370,297373,3,0
297372,297372,297373,1,0
297372,297372,297373,1,0
297372,297372,297373,1,0
297372,297372,297373,1,0
297370,297370,297373,3,0
297372,297372,297373,1,0
297372,297372,297373,1,0
297372,297372,297373,1,0
297372,297372,297374,2,0
297370,297370,297373,3,0
297372,297372,297373,1,0
297372,297372,297373,1,0
297372,297372,297373,1,0
297372,297372,297373,1,0
297372,297372,297374,2,0
297358,297373,297374,1,15
297358,297373,297374,1,15
297358,297373,297375,2,15
297372,297373,297375,2,1
297372,297373,297375,2,1
297372,297373,297375,2,1
297372,297372,297375,3,0
297372,297372,297375,3,0
297372,297373,297375,2,1
297372,297373,297375,2,1
297372,297373,297375,2,1
297372,297372,297375,3,0
297372,297372,297375,3,0
297372,297373,297375,2,1
297372,297373,297375,2,1
297372,297372,297375,3,0
297372,297373,297375,2,1
297372,297373,297375,2,1
297372,297373,297375,2,1
297358,297373,297375,2,15
297372,297373,297376,3,1
297372,297373,297375,2,1
297372,297373,297375,2,1
297372,297373,297375,2,1
297372,297373,297375,2,1
297358,297359,297361,2,1
297358,297359,297361,2,1
297370,297379,297381,2,9
297370,297379,297380,1,9
297372,297372,297383,11,0
297066,297066,297419,353,0
297090,297090,297419,329,0
297421,297422,297423,1,1
297421,297421,297423,2,0
297421,297421,297423,2,0
297421,297421,297423,2,0
297421,297421,297423,2,0
297421,297421,297423,2,0
297421,297421,297423,2,0
297421,297421,297423,2,0
297421,297421,297423,2,0
297421,297421,297423,2,0
297421,297421,297423,2,0
297421,297421,297423,2,0
297421,297421,297423,2,0
297421,297421,297423,2,0
297421,297421,297422,1,0
297421,297421,297422,1,0
297421,297421,297423,2,0
297421,297421,297423,2,0
297421,297421,297423,2,0
297421,297421,297423,2,0
297421,297421,297422,1,0
297421,297422,297424,2,1
297421,297422,297423,1,1
297421,297421,297424,3,0
297421,297421,297424,3,0
297421,297421,297423,2,0
297421,297421,297424,3,0
297421,297421,297423,2,0
297421,297421,297423,2,0
297421,297421,297424,3,0
297421,297421,297423,2,0
297421,297421,297424,3,0
297421,297421,297423,2,0
297421,297421,297424,3,0
297421,297421,297423,2,0
297421,297421,297424,3,0
297421,297421,297424,3,0
297421,297421,297424,3,0
297423,297423,297425,2,0
297423,297423,297425,2,0
297423,297423,297425,2,0
297423,297423,297424,1,0
297423,297423,297424,1,0
297423,297423,297425,2,0
297423,297423,297424,1,0
297423,297423,297425,2,0
297423,297423,297425,2,0
297423,297423,297425,2,0
297423,297423,297425,2,0
297423,297423,297425,2,0
297423,297423,297424,1,0
297421,297421,297424,3,0
297423,297423,297424,1,0
297423,297423,297425,2,0
297423,297423,297425,2,0
297423,297423,297424,1,0
297423,297423,297425,2,0
297423,297423,297425,2,0
297423,297423,297424,1,0
297423,297423,297424,1,0
297423,297423,297425,2,0
297421,297421,297425,4,0
297423,297424,297426,2,1
297423,297424,297426,2,1
297423,297423,297426,3,0
297423,297423,297426,3,0
297423,297423,297426,3,0
297423,297423,297426,3,0
297423,297423,297426,3,0
297423,297423,297426,3,0
297423,297424,297426,2,1
297423,297424,297426,2,1
297423,297424,297426,2,1
297423,297424,297426,2,1
297423,297423,297426,3,0
297423,297424,297426,2,1
297423,297423,297426,3,0
297423,297423,297426,3,0
297423,297423,297426,3,0
297423,297423,297426,3,0
297423,297424,297426,2,1
297423,297423,297426,3,0
297423,297423,297426,3,0
297423,297423,297425,2,0
297421,297428,297429,1,7
297421,297428,297429,1,7
297421,297428,297429,1,7
297421,297428,297430,2,7
297423,297428,297429,1,5
297421,297428,297431,3,7
297136,297136,297475,339,0
297476,297476,297477,1,0
297476,297476,297477,1,0
297476,297476,297477,1,0
297476,297476,297477,1,0
297476,297476,297478,2,0
297476,297476,297478,2,0
297476,297476,297478,2,0
297476,297476,297477,1,0
297476,297476,297478,2,0
297476,297476,297478,2,0
297476,297476,297478,2,0
297476,297476,297477,1,0
297476,297476,297478,2,0
297476,297476,297477,1,0
297476,297476,297477,1,0
297476,297476,297477,1,0
297476,297476,297478,2,0
297476,297476,297478,2,0
297476,297476,297477,1,0
297476,297476,297478,2,0
297476,297476,297479,3,0
297476,297476,297478,2,0
297476,297476,297479,3,0
297476,297476,297478,2,0
297476,297476,297478,2,0
297476,297476,297478,2,0
297476,297476,297478,2,0
297476,297476,297478,2,0
297476,297476,297479,3,0
297476,297476,297478,2,0
297476,297476,297479,3,0
297476,297476,297478,2,0
297476,297476,297479,3,0
297476,297476,297479,3,0
297151,297151,297482,331,0
297476,297482,297483,1,6
297476,297482,297483,1,6
297476,297482,297483,1,6
297476,297482,297484,2,6
297476,297482,297484,2,6
297483,297484,297485,1,1
297483,297484,297485,1,1
297483,297484,297485,1,1
297483,297484,297485,1,1
297483,297484,297485,1,1
297483,297484,297486,2,1
297483,297484,297485,1,1
297483,297484,297485,1,1
297483,297484,297485,1,1
297483,297484,297485,1,1
297483,297484,297485,1,1
297483,297484,297485,1,1
297483,297484,297485,1,1
297483,297484,297485,1,1
297483,297484,297485,1,1
297483,297484,297485,1,1
297483,297484,297485,1,1
297483,297484,297485,1,1
297483,297484,297485,1,1
297483,297484,297485,1,1
297483,297484,297485,1,1
297483,297484,297485,1,1
297483,297484,297485,1,1
297483,297484,297486,2,1
297483,297484,297486,2,1
297483,297484,297486,2,1
297483,297484,297486,2,1
297483,297484,297486,2,1
297483,297484,297486,2,1
297483,297484,297486,2,1
297483,297484,297486,2,1
297483,297484,297486,2,1
297483,297484,297486,2,1
297483,297484,297487,3,1
297483,297484,297486,2,1
297483,297484,297486,2,1
297483,297484,297487,3,1
297483,297484,297486,2,1
297483,297484,297486,2,1
297483,297484,297486,2,1
297483,297484,297486,2,1
297483,297484,297487,3,1
297483,297484,297487,3,1
297483,297484,297487,3,1
297483,297484,297487,3,1
297476,297488,297489,1,12
297476,297488,297489,1,12
297476,297488,297489,1,12
297476,297488,297489,1,12
297476,297488,297489,1,12
297476,297488,297489,1,12
297171,297171,297520,349,0
297522,297522,297524,2,0
297522,297522,297523,1,0
297522,297522,297523,1,0
297522,297522,297523,1,0
297522,297522,297524,2,0
297522,297523,297524,1,1
297522,297523,297524,1,1
297522,297522,297523,1,0
297522,297522,297523,1,0
297522,297522,297523,1,0
297522,297522,297523,1,0
297522,297522,297523,1,0
297522,297522,297524,2,0
297522,297522,297523,1,0
297522,297522,297524,2,0
297522,297522,297523,1,0
297522,297522,297524,2,0
297522,297522,297524,2,0
297522,297522,297524,2,0
297522,297522,297524,2,0
297522,297522,297523,1,0
297522,297522,297524,2,0
297522,297522,297523,1,0
297522,297522,297523,1,0
297522,297522,297523,1,0
297522,297522,297525,3,0
297522,297522,297525,3,0
297522,297522,297525,3,0
297522,297522,297524,2,0
297522,297522,297524,2,0
297522,297522,297525,3,0
297522,297522,297525,3,0
297522,297522,297524,2,0
297522,297522,297524,2,0
297522,297522,297524,2,0
297522,297522,297524,2,0
297522,297522,297524,2,0
297522,297522,297525,3,0
297522,297522,297525,3,0
297522,297522,297524,2,0
297522,297522,297525,3,0
297522,297522,297524,2,0
297522,297522,297525,3,0
297187,297187,297538,351,0
297539,297539,297540,1,0
297539,297539,297540,1,0
297539,297539,297541,2,0
297539,297539,297540,1,0
297539,297539,297540,1,0
297539,297539,297540,1,0
297539,297539,297540,1,0
297539,297539,297541,2,0
297539,297539,297540,1,0
297539,297539,297540,1,0
297539,297539,297540,1,0
297539,297539,297541,2,0
297539,297539,297540,1,0
297539,297539,297540,1,0
297539,297539,297540,1,0
297539,297539,297540,1,0
297539,297539,297540,1,0
297539,297539,297540,1,0
297539,297539,297541,2,0
297539,297539,297540,1,0
297539,297539,297540,1,0
297522,297523,297525,2,1
297522,297523,297525,2,1
297539,297539,297541,2,0
297539,297539,297541,2,0
297539,297539,297541,2,0
297539,297539,297542,3,0
297539,297539,297541,2,0
297539,297539,297541,2,0
297539,297539,297541,2,0
297539,297539,297541,2,0
297539,297539,297541,2,0
297539,297539,297541,2,0
297539,297539,297541,2,0
297539,297539,297541,2,0
297539,297539,297541,2,0
297539,297539,297541,2,0
297539,297539,297541,2,0
297539,297539,297541,2,0
297539,297539,297541,2,0
297539,297539,297541,2,0
297539,297539,297541,2,0
297539,297539,297542,3,0
297539,297539,297541,2,0
297539,297541,297542,1,2
297539,297539,297542,3,0
297539,297541,297543,2,2
297199,297199,297546,347,0
297552,297552,297554,2,0
297552,297552,297554,2,0
297552,297552,297554,2,0
297552,297552,297554,2,0
297552,297552,297554,2,0
297552,297552,297554,2,0
297552,297553,297554,1,1
297552,297553,297554,1,1
297552,297553,297554,1,1
297189,297207,297554,347,18
297552,297552,297554,2,0
297552,297552,297554,2,0
297552,297552,297554,2,0
297552,297552,297554,2,0
297552,297552,297554,2,0
297552,297552,297554,2,0
297552,297552,297554,2,0
297552,297552,297554,2,0
297552,297552,297554,2,0
297552,297552,297554,2,0
297552,297552,297554,2,0
297552,297552,297554,2,0
297552,297552,297554,2,0
297552,297552,297554,2,0
297552,297552,297554,2,0
297552,297553,297555,2,1
297552,297552,297554,2,0
297552,297552,297554,2,0
297552,297552,297554,2,0
297552,297552,297554,2,0
297552,297552,297554,2,0
297552,297552,297555,3,0
297552,297552,297554,2,0
297552,297552,297555,3,0
297552,297552,297555,3,0
297552,297552,297555,3,0
297552,297552,297555,3,0
297552,297552,297555,3,0
297552,297553,297555,2,1
297552,297552,297555,3,0
297552,297552,297555,3,0
297552,297552,297555,3,0
297552,297552,297555,3,0
297552,297552,297555,3,0
297552,297552,297555,3,0
297552,297553,297555,2,1
297564,297565,297566,1,1
297564,297565,297566,1,1
297564,297565,297566,1,1
297564,297565,297567,2,1
297564,297565,297566,1,1
297564,297565,297566,1,1
297564,297565,297566,1,1
297564,297565,297566,1,1
297564,297565,297566,1,1
297564,297565,297566,1,1
297564,297565,297566,1,1
297564,297565,297566,1,1
297564,297565,297566,1,1
297564,297565,297566,1,1
297564,297565,297566,1,1
297564,297565,297566,1,1
297564,297565,297566,1,1
297564,297565,297567,2,1
297564,297565,297566,1,1
297564,297565,297566,1,1
297564,297565,297566,1,1
297564,297565,297566,1,1
297564,297565,297566,1,1
297564,297565,297567,2,1
297564,297565,297567,2,1
297564,297565,297567,2,1
297564,297565,297567,2,1
297564,297565,297567,2,1
297564,297565,297567,2,1
297564,297565,297567,2,1
297564,297565,297567,2,1
297564,297565,297567,2,1
297564,297565,297567,2,1
297564,297565,297567,2,1
297564,297565,297567,2,1
297564,297565,297567,2,1
297564,297565,297568,3,1
297564,297565,297568,3,1
297564,297565,297569,4,1
297201,297201,297571,370,0
297204,297204,297574,370,0
297575,297575,297577,2,0
297575,297575,297577,2,0
297575,297575,297577,2,0
297575,297575,297577,2,0
297575,297575,297577,2,0
297575,297575,297577,2,0
297575,297575,297577,2,0
297575,297575,297577,2,0
297575,297575,297577,2,0
297575,297575,297577,2,0
297575,297575,297577,2,0
297575,297575,297577,2,0
297575,297575,297577,2,0
297575,297576,297577,1,1
297575,297576,297577,1,1
297575,297576,297577,1,1
297575,297575,297577,2,0
297575,297575,297577,2,0
297575,297575,297577,2,0
297575,297576,297577,1,1
297575,297576,297577,1,1
297575,297576,297577,1,1
297575,297576,297577,1,1
297575,297575,297577,2,0
297575,297575,297577,2,0
297575,297575,297577,2,0
297575,297576,297577,1,1
297575,297576,297578,2,1
297575,297576,297578,2,1
297575,297576,297578,2,1
297577,297577,297579,2,0
297577,297578,297579,1,1
297575,297575,297578,3,0
297575,297576,297578,2,1
297577,297577,297579,2,0
297575,297575,297578,3,0
297577,297578,297579,1,1
297575,297576,297578,2,1
297575,297576,297578,2,1
297577,297578,297579,1,1
297575,297575,297578,3,0
297575,297576,297578,2,1
297575,297576,297578,2,1
297575,297576,297578,2,1
297575,297576,297578,2,1
297575,297576,297578,2,1
297575,297576,297578,2,1
297575,297576,297578,2,1
297564,297578,297579,1,14
297564,297578,297579,1,14
297564,297578,297579,1,14
297577,297577,297579,2,0
297577,297577,297579,2,0
297577,297577,297579,2,0
297577,297577,297579,2,0
297577,297578,297579,1,1
297577,297578,297579,1,1
297577,297578,297579,1,1
297577,297578,297579,1,1
297577,297578,297579,1,1
297577,297578,297579,1,1
297577,297578,297579,1,1
297577,297578,297579,1,1
297577,297578,297580,2,1
297577,297578,297580,2,1
297577,297578,297579,1,1
297577,297578,297579,1,1
297577,297578,297579,1,1
297577,297578,297579,1,1
297577,297578,297579,1,1
297577,297578,297579,1,1
297577,297578,297579,1,1
297575,297576,297579,3,1
297577,297578,297580,2,1
297577,297577,297579,2,0
297577,297578,297579,1,1
297577,297578,297579,1,1
297564,297578,297580,2,14
297564,297578,297580,2,14
297564,297578,297580,2,14
297575,297578,297579,1,3
297577,297579,297580,1,2
297577,297579,297581,2,2
297577,297579,297580,1,2
297577,297579,297580,1,2
297577,297579,297581,2,2
297577,297579,297581,2,2
297577,297578,297580,2,1
297577,297578,297580,2,1
297577,297578,297580,2,1
297577,297579,297581,2,2
297577,297579,297580,1,2
297577,297579,297580,1,2
297577,297579,297581,2,2
297577,297579,297581,2,2
297577,297579,297581,2,2
297235,297235,297589,354,0
297599,297600,297601,1,1
297599,297600,297601,1,1
297599,297600,297601,1,1
297599,297600,297602,2,1
297599,297600,297601,1,1
297599,297600,297602,2,1
297599,297600,297601,1,1
297599,297600,297601,1,1
297599,297600,297601,1,1
297599,297600,297601,1,1
297599,297600,297601,1,1
297599,297600,297601,1,1
297599,297600,297601,1,1
297599,297600,297601,1,1
297599,297600,297601,1,1
297599,297600,297601,1,1
297599,297600,297601,1,1
297599,297600,297601,1,1
297599,297600,297602,2,1
297599,297600,297601,1,1
297599,297600,297601,1,1
297599,297600,297601,1,1
297599,297600,297601,1,1
297599,297600,297601,1,1
297599,297600,297601,1,1
297599,297600,297601,1,1
297599,297600,297601,1,1
297599,297600,297601,1,1
297599,297600,297602,2,1
297599,297600,297602,2,1
297599,297600,297602,2,1
297599,297600,297602,2,1
297599,297600,297602,2,1
297599,297600,297602,2,1
297599,297600,297602,2,1
297599,297600,297602,2,1
297599,297600,297602,2,1
297599,297600,297602,2,1
297599,297600,297602,2,1
297599,297600,297602,2,1
297599,297600,297603,3,1
297599,297601,297602,1,2
297599,297601,297605,4,2
297599,297601,297616,15,2
297305,297306,297620,314,1
297622,297622,297624,2,0
297622,297622,297624,2,0
297622,297622,297624,2,0
297622,297622,297623,1,0
297622,297622,297624,2,0
297622,297622,297623,1,0
297622,297622,297623,1,0
297622,297622,297623,1,0
297622,297622,297623,1,0
297622,297622,297623,1,0
297622,297622,297623,1,0
297622,297622,297623,1,0
297622,297622,297623,1,0
297622,297622,297623,1,0
297622,297622,297623,1,0
297622,297622,297623,1,0
297622,297622,297623,1,0
297622,297622,297624,2,0
297622,297622,297623,1,0
297622,297622,297624,2,0
297622,297622,297623,1,0
297622,297622,297625,3,0
297622,297622,297625,3,0
297622,297622,297624,2,0
297622,297622,297625,3,0
297622,297622,297624,2,0
297622,297622,297624,2,0
297622,297622,297624,2,0
297622,297622,297624,2,0
297622,297622,297624,2,0
297622,297622,297624,2,0
297622,297622,297624,2,0
297278,297278,297625,347,0
297599,297601,297626,25,2
297622,297622,297625,3,0
297622,297622,297625,3,0
297622,297622,297625,3,0
297622,297622,297625,3,0
297622,297622,297625,3,0
297622,297622,297625,3,0
297622,297622,297625,3,0
297622,297622,297625,3,0
297622,297622,297625,3,0
297622,297622,297625,3,0
297622,297625,297627,2,3
297622,297625,297627,2,3
297622,297625,297627,2,3
297634,297634,297635,1,0
297634,297634,297635,1,0
297634,297634,297635,1,0
297634,297634,297635,1,0
297634,297634,297635,1,0
297634,297634,297636,2,0
297634,297634,297636,2,0
297634,297634,297635,1,0
297634,297634,297635,1,0
297634,297634,297635,1,0
297634,297634,297636,2,0
297634,297634,297635,1,0
297634,297634,297635,1,0
297634,297634,297635,1,0
297634,297634,297636,2,0
297634,297634,297635,1,0
297634,297634,297635,1,0
297634,297634,297635,1,0
297634,297634,297635,1,0
297634,297634,297636,2,0
297634,297634,297635,1,0
297634,297634,297635,1,0
297634,297634,297635,1,0
297634,297634,297635,1,0
297634,297634,297635,1,0
297634,297634,297635,1,0
297634,297634,297635,1,0
297634,297634,297635,1,0
297634,297634,297635,1,0
297634,297634,297636,2,0
297634,297634,297635,1,0
297634,297634,297635,1,0
297634,297634,297636,2,0
297634,297634,297637,3,0
297634,297634,297637,3,0
297634,297634,297636,2,0
297634,297634,297636,2,0
297634,297634,297636,2,0
297634,297634,297636,2,0
297634,297634,297636,2,0
297634,297634,297636,2,0
297634,297634,297636,2,0
297634,297634,297636,2,0
297634,297634,297636,2,0
297634,297634,297637,3,0
297325,297325,297665,340,0
297667,297667,297668,1,0
297667,297667,297669,2,0
297667,297667,297668,1,0
297667,297667,297668,1,0
297667,297667,297668,1,0
297667,297667,297668,1,0
297667,297667,297668,1,0
297667,297667,297669,2,0
297667,297667,297669,2,0
297667,297667,297668,1,0
297667,297667,297668,1,0
297667,297667,297668,1,0
297667,297667,297669,2,0
297667,297667,297668,1,0
297667,297667,297668,1,0
297667,297667,297669,2,0
297667,297667,297669,2,0
297667,297667,297668,1,0
297667,297667,297668,1,0
297667,297667,297668,1,0
297667,297667,297668,1,0
297667,297667,297668,1,0
297667,297667,297669,2,0
297667,297667,297669,2,0
297667,297667,297670,3,0
297667,297667,297669,2,0
297667,297667,297670,3,0
297667,297667,297669,2,0
297667,297667,297669,2,0
297667,297667,297670,3,0
297667,297667,297669,2,0
297667,297667,297669,2,0
297667,297667,297669,2,0
297667,297667,297669,2,0
297667,297667,297669,2,0
297667,297667,297670,3,0
297667,297667,297670,3,0
297667,297667,297670,3,0
297667,297667,297670,3,0
297667,297667,297670,3,0
297667,297667,297670,3,0
297667,297667,297670,3,0
297667,297667,297670,3,0
297667,297667,297670,3,0
297667,297667,297670,3,0
297320,297321,297675,354,1
297681,297682,297683,1,1
297681,297682,297683,1,1
297681,297682,297683,1,1
297681,297682,297683,1,1
297681,297682,297683,1,1
297681,297682,297683,1,1
297681,297682,297683,1,1
297681,297682,297683,1,1
297681,297682,297683,1,1
297681,297682,297683,1,1
297681,297682,297683,1,1
297681,297682,297683,1,1
297681,297682,297683,1,1
297681,297682,297683,1,1
297681,297682,297683,1,1
297681,297682,297683,1,1
297681,297682,297683,1,1
297681,297682,297683,1,1
297681,297682,297684,2,1
297681,297682,297683,1,1
297681,297682,297684,2,1
297681,297682,297684,2,1
297681,297682,297684,2,1
297681,297682,297684,2,1
297681,297682,297684,2,1
297681,297682,297684,2,1
297681,297682,297685,3,1
297681,297682,297684,2,1
297681,297682,297684,2,1
297681,297682,297685,3,1
297681,297682,297684,2,1
297681,297682,297685,3,1
297681,297682,297684,2,1
297681,297682,297684,2,1
297681,297682,297685,3,1
297681,297682,297685,3,1
297681,297682,297685,3,1
297681,297682,297685,3,1
297681,297682,297685,3,1
297322,297322,297688,366,0
297689,297689,297691,2,0
297689,297689,297691,2,0
297689,297689,297691,2,0
297689,297690,297691,1,1
297689,297689,297691,2,0
297689,297689,297691,2,0
297689,297689,297691,2,0
297689,297689,297691,2,0
297689,297689,297691,2,0
297689,297689,297691,2,0
297689,297689,297691,2,0
297689,297689,297691,2,0
297689,297689,297691,2,0
297689,297689,297691,2,0
297689,297689,297691,2,0
297689,297689,297691,2,0
297689,297689,297691,2,0
297689,297689,297691,2,0
297689,297689,297691,2,0
297689,297689,297691,2,0
297689,297689,297691,2,0
297689,297689,297691,2,0
297689,297689,297692,3,0
297689,297689,297692,3,0
297689,297689,297692,3,0
297689,297689,297691,2,0
297689,297690,297692,2,1
297689,297690,297692,2,1
297689,297689,297692,3,0
297689,297689,297692,3,0
297689,297689,297691,2,0
297689,297689,297692,3,0
297689,297689,297692,3,0
297689,297689,297692,3,0
297689,297689,297691,2,0
297689,297689,297692,3,0
297689,297689,297692,3,0
297689,297689,297692,3,0
297689,297689,297692,3,0
297689,297689,297692,3,0
297681,297692,297693,1,11
297681,297692,297693,1,11
297681,297692,297693,1,11
297689,297689,297693,4,0
297689,297690,297693,3,1
297689,297689,297693,4,0
297689,297689,297693,4,0
297689,297689,297693,4,0
297681,297692,297694,2,11
297681,297692,297694,2,11
297681,297692,297695,3,11
297373,297373,297698,325,0
297704,297705,297707,2,1
297704,297705,297706,1,1
297704,297705,297706,1,1
297704,297705,297706,1,1
297704,297705,297706,1,1
297704,297705,297706,1,1
297704,297705,297706,1,1
297704,297705,297706,1,1
297704,297705,297706,1,1
297704,297705,297706,1,1
297704,297705,297706,1,1
297704,297705,297707,2,1
297704,297705,297706,1,1
297704,297705,297706,1,1
297704,297705,297706,1,1
297704,297705,297706,1,1
297704,297705,297706,1,1
297704,297705,297706,1,1
297704,297705,297707,2,1
297704,297705,297708,3,1
297704,297705,297707,2,1
297704,297705,297707,2,1
297704,297705,297707,2,1
297704,297705,297707,2,1
297704,297705,297707,2,1
297704,297705,297707,2,1
297704,297705,297707,2,1
297704,297705,297707,2,1
297704,297705,297707,2,1
297704,297705,297707,2,1
297704,297705,297707,2,1
297704,297705,297707,2,1
297704,297705,297708,3,1
297704,297705,297708,3,1
297704,297705,297708,3,1
297704,297705,297708,3,1
297704,297705,297708,3,1
297704,297705,297708,3,1
297704,297705,297708,3,1
297704,297705,297709,4,1
297351,297351,297720,369,0
297721,297721,297723,2,0
297721,297721,297723,2,0
297721,297721,297723,2,0
297721,297721,297723,2,0
297721,297721,297722,1,0
297721,297721,297723,2,0
297721,297721,297723,2,0
297721,297721,297723,2,0
297721,297721,297723,2,0
297721,297721,297723,2,0
297721,297721,297723,2,0
297721,297721,297723,2,0
297721,297721,297723,2,0
297721,297721,297723,2,0
297721,297721,297723,2,0
297721,297721,297723,2,0
297721,297721,297723,2,0
297721,297721,297723,2,0
297721,297721,297723,2,0
297704,297722,297723,1,18
297704,297722,297723,1,18
297704,297722,297723,1,18
297721,297722,297723,1,1
297721,297721,297724,3,0
297721,297721,297724,3,0
297721,297721,297723,2,0
297721,297721,297724,3,0
297721,297721,297724,3,0
297721,297721,297724,3,0
297721,297721,297723,2,0
297721,297721,297723,2,0
297721,297721,297724,3,0
297721,297721,297724,3,0
297721,297721,297724,3,0
297721,297721,297724,3,0
297721,297721,297723,2,0
297721,297721,297724,3,0
297721,297721,297724,3,0
297721,297721,297724,3,0
297721,297721,297724,3,0
297704,297722,297724,2,18
297704,297722,297724,2,18
297721,297721,297725,4,0
297721,297721,297724,3,0
297721,297721,297724,3,0
297721,297721,297725,4,0
297721,297721,297725,4,0
297721,297721,297725,4,0
297371,297371,297730,359,0
297734,297735,297736,1,1
297734,297735,297736,1,1
297734,297735,297736,1,1
297734,297735,297736,1,1
297734,297735,297736,1,1
297734,297735,297736,1,1
297734,297735,297736,1,1
297734,297735,297736,1,1
297734,297735,297736,1,1
297734,297735,297736,1,1
297734,297735,297736,1,1
297734,297735,297736,1,1
297734,297735,297736,1,1
297734,297735,297737,2,1
297734,297735,297736,1,1
297734,297735,297736,1,1
297734,297735,297737,2,1
297734,297735,297737,2,1
297734,297735,297737,2,1
297734,297735,297737,2,1
297734,297735,297737,2,1
297734,297735,297738,3,1
297734,297735,297737,2,1
297734,297735,297737,2,1
297734,297735,297737,2,1
297734,297735,297738,3,1
297734,297735,297737,2,1
297734,297735,297737,2,1
297734,297735,297737,2,1
297734,297735,297738,3,1
297734,297735,297738,3,1
297734,297735,297738,3,1
297734,297735,297738,3,1
297734,297735,297738,3,1
297734,297735,297738,3,1
297721,297721,297725,4,0
297721,297721,297724,3,0
297734,297741,297743,2,7
297734,297742,297743,1,8
297734,297742,297744,2,8
297734,297747,297749,2,13
297734,297747,297748,1,13
297734,297747,297748,1,13
297734,297747,297749,2,13
297734,297747,297750,3,13
297734,297747,297750,3,13
297359,297373,297751,378,14
297752,297753,297754,1,1
297752,297753,297754,1,1
297752,297753,297754,1,1
297752,297753,297754,1,1
297752,297753,297754,1,1
297752,297753,297754,1,1
297752,297753,297754,1,1
297752,297753,297754,1,1
297752,297753,297755,2,1
297752,297753,297754,1,1
297752,297753,297754,1,1
297752,297753,297754,1,1
297752,297753,297754,1,1
297752,297753,297754,1,1
297752,297753,297754,1,1
297752,297753,297755,2,1
297752,297753,297754,1,1
297752,297753,297754,1,1
297752,297753,297755,2,1
297752,297753,297755,2,1
297752,297753,297755,2,1
297752,297753,297755,2,1
297752,297753,297756,3,1
297752,297753,297755,2,1
297752,297753,297755,2,1
297752,297753,297755,2,1
297752,297753,297755,2,1
297752,297753,297755,2,1
297752,297753,297755,2,1
297752,297753,297755,2,1
297752,297753,297756,3,1
297752,297753,297755,2,1
297752,297753,297755,2,1
297752,297753,297756,3,1
297752,297753,297756,3,1
297752,297753,297756,3,1
297752,297753,297756,3,1
297752,297753,297756,3,1
297752,297753,297756,3,1
297752,297762,297763,1,10
297752,297762,297763,1,10
297752,297762,297763,1,10
297752,297762,297763,1,10
297422,297422,297764,342,0
297752,297762,297765,3,10
297752,297762,297764,2,10
297775,297775,297777,2,0
297775,297775,297777,2,0
297775,297775,297777,2,0
297775,297775,297777,2,0
297775,297775,297777,2,0
297775,297775,297777,2,0
297775,297775,297777,2,0
297775,297775,297777,2,0
297775,297775,297777,2,0
297775,297775,297777,2,0
297775,297775,297777,2,0
297775,297775,297777,2,0
297775,297775,297777,2,0
297775,297775,297777,2,0
297775,297775,297777,2,0
297775,297775,297777,2,0
297775,297775,297776,1,0
297775,297775,297777,2,0
297775,297775,297777,2,0
297775,297775,297777,2,0
297775,297775,297778,3,0
297775,297775,297778,3,0
297775,297775,297778,3,0
297775,297775,297778,3,0
297775,297775,297778,3,0
297775,297775,297778,3,0
297775,297775,297778,3,0
297775,297775,297778,3,0
297775,297775,297778,3,0
297775,297775,297778,3,0
297775,297775,297777,2,0
297775,297775,297779,4,0
297775,297775,297779,4,0
297775,297775,297778,3,0
297775,297775,297779,4,0
297775,297775,297779,4,0
297424,297424,297786,362,0
297775,297787,297788,1,12
297775,297787,297788,1,12
297775,297787,297789,2,12
297788,297789,297791,2,1
297788,297789,297790,1,1
297788,297789,297790,1,1
297788,297789,297790,1,1
297788,297789,297790,1,1
297788,297789,297791,2,1
297788,297789,297790,1,1
297788,297789,297790,1,1
297788,297789,297790,1,1
297788,297789,297791,2,1
297788,297789,297790,1,1
297788,297789,297791,2,1
297788,297789,297790,1,1
297788,297789,297790,1,1
297788,297789,297790,1,1
297788,297789,297790,1,1
297788,297789,297790,1,1
297788,297789,297790,1,1
297788,297789,297790,1,1
297788,297789,297790,1,1
297788,297789,297790,1,1
297788,297789,297790,1,1
297788,297789,297790,1,1
297788,297789,297791,2,1
297788,297789,297791,2,1
297788,297789,297791,2,1
297788,297789,297791,2,1
297788,297789,297791,2,1
297788,297789,297791,2,1
297788,297789,297791,2,1
297788,297789,297791,2,1
297788,297789,297792,3,1
297788,297789,297791,2,1
297788,297789,297791,2,1
297788,297789,297792,3,1
297788,297789,297791,2,1
297788,297789,297791,2,1
297788,297789,297792,3,1
297788,297789,297791,2,1
297788,297789,297791,2,1
297788,297789,297792,3,1
297788,297789,297792,3,1
297788,297789,297792,3,1
297788,297789,297792,3,1
297788,297789,297792,3,1
297775,297791,297792,1,16
297775,297791,297792,1,16
297775,297791,297793,2,16
297775,297791,297794,3,16
297775,297791,297794,3,16
297485,297485,297829,344,0
297477,297477,297830,353,0
297831,297831,297832,1,0
297831,297831,297832,1,0
297831,297831,297832,1,0
297831,297831,297832,1,0
297831,297831,297832,1,0
297831,297831,297832,1,0
297831,297831,297832,1,0
297831,297831,297832,1,0
297831,297831,297832,1,0
297831,297831,297832,1,0
297831,297831,297832,1,0
297831,297831,297832,1,0
297831,297831,297832,1,0
297831,297831,297832,1,0
297831,297831,297833,2,0
297831,297831,297832,1,0
297831,297831,297832,1,0
297831,297831,297832,1,0
297831,297831,297832,1,0
297831,297831,297832,1,0
297831,297831,297832,1,0
297831,297831,297833,2,0
297831,297831,297833,2,0
297831,297831,297833,2,0
297831,297831,297833,2,0
297831,297831,297833,2,0
297831,297831,297833,2,0
297831,297831,297833,2,0
297831,297831,297833,2,0
297831,297831,297833,2,0
297831,297831,297833,2,0
297831,297831,297833,2,0
297833,297833,297834,1,0
297831,297831,297833,2,0
297831,297831,297833,2,0
297831,297831,297833,2,0
297831,297831,297834,3,0
297831,297831,297833,2,0
297831,297831,297833,2,0
297831,297831,297834,3,0
297831,297831,297833,2,0
297831,297831,297833,2,0
297831,297831,297833,2,0
297831,297831,297834,3,0
297831,297831,297834,3,0
297833,297833,297834,1,0
297833,297833,297834,1,0
297833,297833,297834,1,0
297833,297833,297834,1,0
297833,297833,297835,2,0
297833,297833,297834,1,0
297833,297833,297834,1,0
297833,297833,297834,1,0
297833,297833,297834,1,0
297833,297833,297835,2,0
297833,297833,297834,1,0
297833,297833,297834,1,0
297833,297833,297834,1,0
297833,297833,297835,2,0
297831,297831,297834,3,0
297833,297833,297834,1,0
297833,297833,297835,2,0
297833,297833,297834,1,0
297833,297833,297834,1,0
297833,297833,297834,1,0
297833,297833,297834,1,0
297833,297833,297834,1,0
297833,297833,297834,1,0
297833,297833,297834,1,0
297833,297833,297834,1,0
297833,297833,297835,2,0
297833,297833,297835,2,0
297833,297834,297835,1,1
297833,297833,297835,2,0
297833,297833,297835,2,0
297833,297833,297835,2,0
297833,297834,297836,2,1
297833,297833,297836,3,0
297833,297833,297835,2,0
297833,297833,297836,3,0
297833,297833,297835,2,0
297833,297834,297835,1,1
297833,297833,297836,3,0
297833,297834,297835,1,1
297833,297833,297836,3,0
297833,297834,297836,2,1
297833,297833,297835,2,0
297833,297833,297835,2,0
297833,297833,297835,2,0
297833,297833,297837,4,0
297523,297523,297860,337,0
297861,297861,297862,1,0
297861,297861,297863,2,0
297861,297861,297863,2,0
297861,297861,297863,2,0
297861,297861,297863,2,0
297861,297861,297863,2,0
297861,297861,297862,1,0
297861,297861,297862,1,0
297861,297861,297862,1,0
297861,297861,297863,2,0
297861,297861,297863,2,0
297861,297861,297863,2,0
297861,297861,297862,1,0
297861,297861,297862,1,0
297861,297861,297862,1,0
297861,297861,297862,1,0
297861,297861,297862,1,0
297861,297861,297862,1,0
297861,297861,297862,1,0
297861,297861,297862,1,0
297861,297861,297862,1,0
297861,297861,297862,1,0
297861,297861,297862,1,0
297861,297861,297862,1,0
297861,297861,297863,2,0
297861,297861,297863,2,0
297861,297861,297863,2,0
297861,297861,297863,2,0
297861,297861,297863,2,0
297861,297861,297864,3,0
297861,297861,297863,2,0
297861,297861,297863,2,0
297861,297861,297863,2,0
297861,297861,297863,2,0
297861,297861,297863,2,0
297861,297861,297863,2,0
297861,297861,297863,2,0
297861,297861,297863,2,0
297861,297861,297863,2,0
297861,297861,297863,2,0
297861,297861,297863,2,0
297861,297861,297864,3,0
297861,297861,297863,2,0
297861,297861,297864,3,0
297861,297861,297864,3,0
297553,297554,297880,326,1
297881,297881,297883,2,0
297881,297881,297883,2,0
297881,297881,297883,2,0
297881,297881,297883,2,0
297881,297882,297883,1,1
297881,297882,297883,1,1
297881,297881,297882,1,0
297881,297881,297883,2,0
297881,297881,297883,2,0
297881,297881,297883,2,0
297881,297881,297883,2,0
297881,297881,297883,2,0
297881,297881,297883,2,0
297881,297882,297883,1,1
297881,297882,297883,1,1
297881,297882,297883,1,1
297881,297881,297883,2,0
297881,297881,297883,2,0
297881,297881,297883,2,0
297881,297881,297883,2,0
297881,297881,297883,2,0
297881,297881,297883,2,0
297881,297881,297883,2,0
297881,297881,297883,2,0
297881,297881,297884,3,0
297881,297882,297884,2,1
297881,297882,297884,2,1
297881,297881,297884,3,0
297881,297881,297883,2,0
297881,297881,297884,3,0
297881,297881,297884,3,0
297881,297881,297884,3,0
297881,297881,297884,3,0
297881,297881,297884,3,0
297881,297881,297884,3,0
297881,297882,297884,2,1
297881,297881,297884,3,0
297881,297881,297884,3,0
297881,297881,297884,3,0
297881,297881,297884,3,0
297881,297882,297885,3,1
297540,297540,297889,349,0
297881,297889,297890,1,8
297881,297889,297890,1,8
297881,297889,297891,2,8
297891,297891,297892,1,0
297891,297891,297892,1,0
297891,297891,297892,1,0
297891,297891,297892,1,0
297891,297891,297892,1,0
297891,297891,297892,1,0
297891,297891,297892,1,0
297891,297891,297892,1,0
297891,297891,297893,2,0
297891,297891,297893,2,0
297891,297891,297893,2,0
297891,297891,297892,1,0
297891,297891,297892,1,0
297891,297891,297892,1,0
297891,297891,297892,1,0
297891,297891,297893,2,0
297891,297891,297893,2,0
297891,297891,297892,1,0
297891,297891,297892,1,0
297891,297891,297892,1,0
297891,297891,297892,1,0
297891,297891,297893,2,0
297891,297891,297892,1,0
297891,297891,297892,1,0
297891,297891,297892,1,0
297891,297891,297892,1,0
297881,297889,297892,3,8
297891,297891,297893,2,0
297891,297891,297893,2,0
297891,297891,297893,2,0
297891,297891,297893,2,0
297891,297891,297893,2,0
297891,297891,297893,2,0
297891,297891,297893,2,0
297891,297891,297893,2,0
297891,297891,297893,2,0
297891,297891,297893,2,0
297891,297891,297893,2,0
297891,297891,297893,2,0
297891,297891,297893,2,0
297891,297891,297893,2,0
297891,297891,297894,3,0
297891,297891,297893,2,0
297891,297891,297893,2,0
297891,297891,297894,3,0
297891,297891,297894,3,0
297577,297577,297910,333,0
297566,297566,297913,347,0
297915,297915,297916,1,0
297915,297915,297916,1,0
297915,297915,297916,1,0
297915,297915,297916,1,0
297915,297915,297916,1,0
297915,297915,297916,1,0
297915,297915,297917,2,0
297915,297915,297916,1,0
297915,297915,297916,1,0
297915,297915,297916,1,0
297915,297915,297916,1,0
297915,297915,297916,1,0
297915,297915,297916,1,0
297915,297915,297917,2,0
297915,297915,297916,1,0
297915,297915,297916,1,0
297915,297915,297917,2,0
297915,297915,297916,1,0
297915,297915,297916,1,0
297915,297915,297916,1,0
297915,297915,297916,1,0
297915,297915,297917,2,0
297915,297915,297917,2,0
297915,297915,297917,2,0
297915,297915,297917,2,0
297915,297915,297917,2,0
297915,297915,297917,2,0
297915,297915,297917,2,0
297915,297915,297917,2,0
297915,297915,297917,2,0
297915,297915,297917,2,0
297917,297917,297918,1,0
297917,297917,297918,1,0
297915,297915,297917,2,0
297915,297915,297917,2,0
297915,297915,297917,2,0
297915,297915,297917,2,0
297915,297915,297917,2,0
297917,297917,297918,1,0
297915,297915,297918,3,0
297917,297917,297918,1,0
297917,297917,297918,1,0
297917,297917,297918,1,0
297917,297917,297918,1,0
297917,297917,297918,1,0
297917,297917,297919,2,0
297917,297917,297918,1,0
297917,297917,297918,1,0
297915,297915,297918,3,0
297917,297917,297918,1,0
297917,297917,297918,1,0
297917,297917,297919,2,0
297917,297917,297919,2,0
297917,297917,297918,1,0
297917,297917,297918,1,0
297917,297917,297918,1,0
297917,297917,297918,1,0
297917,297917,297918,1,0
297917,297917,297918,1,0
297917,297917,297919,2,0
297917,297917,297918,1,0
297917,297917,297919,2,0
297917,297918,297920,2,1
297917,297917,297919,2,0
297917,297917,297919,2,0
297917,297917,297920,3,0
297917,297917,297919,2,0
297917,297917,297919,2,0
297917,297917,297919,2,0
297917,297918,297919,1,1
297917,297918,297919,1,1
297917,297917,297919,2,0
297917,297918,297920,2,1
297917,297917,297920,3,0
297917,297918,297919,1,1
297917,297917,297919,2,0
297917,297918,297920,2,1
297917,297918,297920,2,1
297917,297918,297920,2,1
297917,297917,297920,3,0
297917,297917,297920,3,0
297917,297920,297921,1,3
297915,297920,297922,2,5
297915,297920,297922,2,5
297915,297920,297921,1,5
297917,297920,297922,2,3
297915,297915,297923,8,0
297915,297920,297922,2,5
297915,297920,297923,3,5
297915,297915,297934,19,0
297601,297601,297941,340,0
297946,297946,297947,1,0
297946,297946,297948,2,0
297946,297946,297948,2,0
297946,297946,297948,2,0
297946,297946,297948,2,0
297946,297946,297947,1,0
297946,297946,297947,1,0
297946,297946,297948,2,0
297946,297946,297947,1,0
297946,297946,297947,1,0
297946,297946,297947,1,0
297946,297946,297948,2,0
297946,297946,297947,1,0
297946,297946,297948,2,0
297946,297946,297948,2,0
297946,297946,297948,2,0
297946,297946,297947,1,0
297946,297946,297947,1,0
297946,297946,297948,2,0
297946,297946,297948,2,0
297946,297946,297947,1,0
297946,297946,297948,2,0
297946,297946,297947,1,0
297946,297946,297948,2,0
297946,297946,297947,1,0
297946,297946,297948,2,0
297946,297946,297947,1,0
297946,297946,297947,1,0
297946,297946,297948,2,0
297946,297946,297948,2,0
297946,297946,297948,2,0
297946,297946,297949,3,0
297946,297946,297948,2,0
297946,297946,297948,2,0
297946,297946,297948,2,0
297946,297946,297948,2,0
297946,297946,297949,3,0
297946,297946,297948,2,0
297946,297946,297949,3,0
297946,297946,297948,2,0
297946,297946,297948,2,0
297946,297946,297948,2,0
297946,297946,297949,3,0
297946,297946,297949,3,0
297946,297946,297954,8,0
297579,297579,297958,379,0
297963,297964,297965,1,1
297963,297964,297965,1,1
297963,297964,297965,1,1
297963,297964,297965,1,1
297963,297964,297965,1,1
297963,297964,297965,1,1
297963,297964,297965,1,1
297963,297964,297965,1,1
297963,297964,297965,1,1
297963,297964,297965,1,1
297963,297964,297966,2,1
297963,297964,297965,1,1
297963,297964,297965,1,1
297963,297964,297965,1,1
297963,297964,297965,1,1
297963,297964,297965,1,1
297963,297964,297965,1,1
297963,297964,297965,1,1
297963,297964,297965,1,1
297963,297964,297965,1,1
297963,297964,297965,1,1
297963,297964,297966,2,1
297963,297964,297966,2,1
297963,297964,297966,2,1
297963,297964,297966,2,1
297963,297964,297966,2,1
297963,297964,297966,2,1
297963,297964,297966,2,1
297963,297964,297966,2,1
297963,297964,297966,2,1
297963,297964,297966,2,1
297963,297964,297966,2,1
297963,297965,297966,1,2
297963,297965,297967,2,2
297963,297965,297970,5,2
297963,297973,297974,1,10
297963,297973,297974,1,10
297963,297973,297974,1,10
297963,297973,297974,1,10
297963,297974,297975,1,11
297963,297974,297975,1,11
297963,297973,297975,2,10
297963,297973,297975,2,10
297963,297974,297975,1,11
297963,297974,297976,2,11
297635,297635,297988,353,0
297989,297989,297991,2,0
297989,297989,297991,2,0
297989,297989,297991,2,0
297989,297989,297991,2,0
297989,297989,297991,2,0
297989,297989,297991,2,0
297989,297989,297991,2,0
297989,297989,297991,2,0
297989,297989,297991,2,0
297989,297989,297991,2,0
297989,297989,297991,2,0
297989,297989,297991,2,0
297989,297989,297991,2,0
297989,297989,297991,2,0
297989,297989,297991,2,0
297989,297989,297991,2,0
297989,297989,297991,2,0
297989,297989,297991,2,0
297989,297989,297991,2,0
297989,297989,297991,2,0
297989,297989,297991,2,0
297989,297989,297991,2,0
297989,297989,297991,2,0
297989,297989,297991,2,0
297989,297989,297991,2,0
297989,297989,297991,2,0
297989,297989,297991,2,0
297989,297989,297991,2,0
297623,297623,297992,369,0
297989,297989,297992,3,0
297989,297989,297992,3,0
297989,297989,297992,3,0
297989,297989,297992,3,0
297989,297989,297992,3,0
297989,297989,297992,3,0
297989,297989,297992,3,0
297989,297989,297992,3,0
297989,297989,297992,3,0
297989,297989,297992,3,0
297989,297989,297992,3,0
297989,297989,297992,3,0
297993,297993,297995,2,0
297993,297993,297995,2,0
297993,297993,297995,2,0
297993,297993,297995,2,0
297993,297993,297994,1,0
297993,297993,297995,2,0
297993,297993,297995,2,0
297993,297993,297995,2,0
297993,297993,297995,2,0
297993,297993,297995,2,0
297993,297993,297995,2,0
297993,297993,297995,2,0
297993,297993,297995,2,0
297993,297993,297995,2,0
297993,297993,297995,2,0
297993,297993,297995,2,0
297993,297993,297995,2,0
297993,297993,297995,2,0
297993,297993,297995,2,0
297993,297993,297995,2,0
297993,297993,297995,2,0
297993,297993,297995,2,0
297993,297993,297995,2,0
297993,297993,297995,2,0
297993,297993,297995,2,0
297993,297993,297995,2,0
297993,297993,297995,2,0
297993,297993,297995,2,0
297993,297993,297995,2,0
297993,297993,297995,2,0
297993,297993,297995,2,0
297993,297993,297996,3,0
297993,297993,297996,3,0
297993,297993,297995,2,0
297993,297993,297996,3,0
297993,297993,297996,3,0
297993,297993,297996,3,0
297993,297993,297996,3,0
297993,297993,297996,3,0
297690,297691,297996,305,1
297993,297993,297996,3,0
297993,297993,297995,2,0
297993,297993,297996,3,0
297993,297993,297996,3,0
297993,297993,297995,2,0
297993,297993,297996,3,0
297989,298007,298008,1,18
297989,298007,298008,1,18
298006,298007,298008,1,1
298006,298007,298008,1,1
298006,298007,298008,1,1
298006,298007,298008,1,1
298006,298007,298009,2,1
298006,298007,298008,1,1
298006,298007,298008,1,1
298006,298007,298008,1,1
298006,298007,298008,1,1
298006,298007,298008,1,1
298006,298007,298008,1,1
298006,298007,298008,1,1
298006,298007,298008,1,1
298006,298007,298008,1,1
298006,298007,298008,1,1
298006,298007,298008,1,1
298006,298007,298008,1,1
298006,298007,298008,1,1
298006,298007,298008,1,1
298006,298007,298008,1,1
298006,298007,298008,1,1
297989,298007,298008,1,18
297989,298007,298008,1,18
297989,298007,298009,2,18
298006,298007,298009,2,1
298006,298007,298009,2,1
298006,298007,298009,2,1
298006,298007,298009,2,1
298006,298007,298009,2,1
298006,298007,298010,3,1
298006,298007,298009,2,1
298006,298007,298009,2,1
298006,298007,298009,2,1
298006,298007,298009,2,1
298006,298007,298009,2,1
298006,298007,298010,3,1
298006,298007,298010,3,1
298006,298007,298010,3,1
298006,298007,298010,3,1
298006,298007,298010,3,1
298006,298007,298010,3,1
298006,298007,298010,3,1
297683,297683,298029,346,0
298006,298030,298031,1,24
298006,298030,298031,1,24
298006,298030,298031,1,24
298006,298030,298031,1,24
298006,298030,298032,2,24
298031,298031,298032,1,0
298031,298031,298032,1,0
298031,298031,298032,1,0
298031,298031,298032,1,0
298031,298031,298032,1,0
298031,298031,298033,2,0
298031,298031,298033,2,0
298031,298031,298032,1,0
298031,298031,298033,2,0
298031,298031,298033,2,0
298031,298031,298033,2,0
298031,298031,298033,2,0
298031,298031,298032,1,0
298031,298031,298032,1,0
298031,298031,298032,1,0
298031,298031,298033,2,0
298031,298031,298032,1,0
298031,298031,298032,1,0
298031,298031,298032,1,0
298031,298031,298032,1,0
298031,298031,298033,2,0
298031,298031,298032,1,0
298031,298031,298032,1,0
298031,298031,298033,2,0
298031,298031,298032,1,0
298031,298031,298033,2,0
298031,298031,298033,2,0
298031,298031,298032,1,0
298031,298031,298033,2,0
298031,298031,298033,2,0
298031,298031,298032,1,0
298006,298030,298033,3,24
298031,298031,298033,2,0
298031,298031,298033,2,0
298031,298031,298033,2,0
298031,298031,298033,2,0
298031,298031,298033,2,0
298031,298031,298033,2,0
298031,298031,298033,2,0
298031,298031,298033,2,0
298031,298031,298033,2,0
298031,298031,298033,2,0
298031,298031,298034,3,0
298031,298031,298034,3,0
298031,298031,298033,2,0
297668,297668,298041,373,0
298043,298043,298045,2,0
298043,298043,298044,1,0
298043,298043,298045,2,0
298043,298043,298045,2,0
298043,298043,298045,2,0
298043,298043,298044,1,0
298043,298043,298045,2,0
298043,298043,298045,2,0
298043,298043,298045,2,0
298043,298043,298045,2,0
298043,298043,298045,2,0
298043,298043,298045,2,0
298043,298043,298045,2,0
298043,298043,298045,2,0
298043,298043,298045,2,0
298043,298043,298045,2,0
298043,298043,298045,2,0
298043,298043,298045,2,0
298043,298043,298045,2,0
298043,298043,298045,2,0
298043,298043,298045,2,0
298043,298043,298045,2,0
298043,298044,298045,1,1
298043,298044,298045,1,1
298043,298044,298045,1,1
298043,298043,298045,2,0
298043,298043,298045,2,0
298043,298043,298046,3,0
298043,298043,298045,2,0
298043,298043,298045,2,0
298043,298043,298045,2,0
298043,298043,298045,2,0
298043,298043,298045,2,0
298043,298043,298046,3,0
298043,298043,298046,3,0
298043,298043,298045,2,0
298043,298043,298045,2,0
298043,298044,298046,2,1
298043,298044,298046,2,1
298031,298031,298033,2,0
298043,298046,298047,1,3
298043,298046,298048,2,3
298043,298046,298048,2,3
298043,298047,298048,1,4
298043,298047,298048,1,4
297706,297706,298056,350,0
298066,298066,298068,2,0
298066,298066,298068,2,0
298066,298066,298068,2,0
298066,298066,298068,2,0
298066,298066,298068,2,0
298066,298066,298068,2,0
298066,298066,298068,2,0
298066,298066,298068,2,0
298066,298066,298068,2,0
298066,298066,298068,2,0
298066,298066,298068,2,0
298066,298066,298068,2,0
298066,298066,298068,2,0
298066,298066,298068,2,0
298066,298066,298068,2,0
298066,298066,298068,2,0
298066,298066,298068,2,0
298066,298066,298068,2,0
298066,298066,298068,2,0
298066,298066,298068,2,0
298066,298066,298068,2,0
298066,298066,298068,2,0
298066,298067,298068,1,1
298066,298067,298068,1,1
298066,298066,298069,3,0
298066,298066,298069,3,0
298066,298066,298069,3,0
298066,298066,298069,3,0
298066,298066,298069,3,0
298066,298066,298069,3,0
298066,298066,298069,3,0
298066,298066,298069,3,0
298066,298066,298069,3,0
298066,298066,298069,3,0
298066,298067,298069,2,1
298066,298067,298069,2,1
298066,298067,298069,2,1
298066,298067,298070,3,1
298066,298067,298069,2,1
298066,298067,298069,2,1
298066,298066,298070,4,0
298066,298066,298070,4,0
298066,298066,298070,4,0
298066,298066,298070,4,0
298066,298067,298070,3,1
297722,297722,298072,350,0
297736,297736,298080,344,0
298083,298083,298084,1,0
298083,298083,298085,2,0
298083,298083,298085,2,0
298083,298083,298085,2,0
298083,298083,298085,2,0
298083,298083,298084,1,0
298083,298083,298085,2,0
298083,298083,298084,1,0
298083,298083,298085,2,0
298083,298083,298084,1,0
298083,298083,298084,1,0
298083,298083,298085,2,0
298083,298083,298085,2,0
298083,298083,298085,2,0
298083,298083,298085,2,0
298083,298083,298085,2,0
298083,298083,298085,2,0
298083,298083,298084,1,0
298083,298083,298084,1,0
298083,298083,298084,1,0
298083,298083,298084,1,0
298083,298084,298086,2,1
298083,298083,298086,3,0
298083,298083,298085,2,0
298083,298083,298086,3,0
298083,298083,298085,2,0
298083,298083,298085,2,0
298083,298083,298085,2,0
298083,298083,298086,3,0
298083,298083,298085,2,0
298083,298083,298085,2,0
298083,298083,298086,3,0
298083,298083,298085,2,0
298083,298083,298086,3,0
298083,298083,298086,3,0
298083,298083,298085,2,0
298083,298085,298087,2,2
298085,298085,298087,2,0
298085,298085,298086,1,0
298085,298085,298086,1,0
298085,298085,298086,1,0
298083,298083,298087,4,0
298085,298085,298086,1,0
298085,298085,298087,2,0
298085,298085,298087,2,0
298083,298083,298086,3,0
298085,298085,298087,2,0
298085,298085,298087,2,0
298085,298085,298087,2,0
298085,298085,298087,2,0
298085,298085,298087,2,0
298085,298085,298087,2,0
298083,298083,298086,3,0
298085,298085,298086,1,0
298085,298085,298086,1,0
298085,298085,298086,1,0
298085,298085,298086,1,0
298085,298085,298087,2,0
298085,298085,298086,1,0
298085,298085,298086,1,0
298083,298083,298086,3,0
298083,298083,298086,3,0
298085,298085,298087,2,0
298085,298085,298087,2,0
298083,298083,298086,3,0
298083,298085,298087,2,2
298083,298085,298088,3,2
298085,298086,298088,2,1
298085,298086,298088,2,1
298085,298086,298088,2,1
298085,298086,298088,2,1
298085,298085,298087,2,0
298085,298085,298088,3,0
298085,298085,298088,3,0
298085,298085,298088,3,0
298085,298086,298088,2,1
298085,298085,298088,3,0
298085,298085,298088,3,0
298085,298085,298088,3,0
298085,298085,298088,3,0
298085,298086,298088,2,1
298085,298086,298088,2,1
298085,298085,298088,3,0
298085,298085,298088,3,0
298085,298085,298087,2,0
298085,298085,298088,3,0
298085,298085,298089,4,0
298085,298085,298089,4,0
298085,298085,298089,4,0
298085,298086,298088,2,1
297754,297754,298091,337,0
298100,298100,298101,1,0
298100,298100,298102,2,0
298100,298100,298102,2,0
298100,298100,298101,1,0
298100,298100,298102,2,0
298100,298100,298102,2,0
298100,298100,298101,1,0
298100,298100,298102,2,0
298100,298100,298101,1,0
298100,298100,298102,2,0
298100,298100,298101,1,0
298100,298100,298102,2,0
298100,298100,298101,1,0
298100,298100,298101,1,0
298100,298100,298101,1,0
298100,298100,298102,2,0
298100,298100,298102,2,0
298100,298100,298101,1,0
298100,298100,298102,2,0
298100,298100,298101,1,0
298100,298101,298102,1,1
298100,298101,298102,1,1
298100,298100,298103,3,0
298100,298100,298102,2,0
298100,298100,298103,3,0
298100,298100,298103,3,0
298100,298100,298102,2,0
298100,298100,298102,2,0
298100,298100,298103,3,0
298100,298100,298103,3,0
298100,298100,298102,2,0
298100,298100,298102,2,0
298100,298100,298103,3,0
298100,298100,298103,3,0
298100,298100,298102,2,0
298100,298100,298102,2,0
298100,298100,298103,3,0
298100,298101,298103,2,1
298100,298100,298103,3,0
298100,298100,298103,3,0
298100,298100,298103,3,0
298100,298100,298103,3,0
298100,298100,298103,3,0
298100,298100,298103,3,0
298100,298101,298104,3,1
297776,297776,298125,349,0
298126,298127,298128,1,1
298126,298127,298128,1,1
298126,298127,298128,1,1
298126,298127,298128,1,1
298126,298127,298128,1,1
298126,298127,298128,1,1
298126,298127,298128,1,1
298126,298127,298128,1,1
298126,298127,298128,1,1
298126,298127,298128,1,1
298126,298127,298128,1,1
298126,298127,298128,1,1
298126,298127,298128,1,1
298126,298127,298128,1,1
298126,298127,298128,1,1
298126,298127,298128,1,1
298126,298127,298128,1,1
298126,298127,298128,1,1
298126,298127,298128,1,1
298126,298127,298129,2,1
298126,298127,298129,2,1
298126,298127,298129,2,1
298126,298127,298129,2,1
298126,298127,298129,2,1
298126,298127,298130,3,1
298126,298127,298129,2,1
298126,298127,298129,2,1
298126,298127,298129,2,1
298126,298127,298129,2,1
298126,298127,298130,3,1
298126,298127,298129,2,1
298126,298127,298130,3,1
298126,298127,298129,2,1
298126,298127,298130,3,1
298126,298127,298129,2,1
298126,298127,298130,3,1
298126,298127,298130,3,1
298126,298127,298130,3,1
298126,298127,298130,3,1
297790,297790,298134,344,0
298136,298136,298137,1,0
298136,298136,298138,2,0
298136,298136,298137,1,0
298136,298136,298138,2,0
298136,298136,298138,2,0
298136,298136,298137,1,0
298136,298136,298137,1,0
298136,298136,298137,1,0
298136,298136,298138,2,0
298136,298136,298137,1,0
298136,298136,298138,2,0
298136,298136,298138,2,0
298136,298136,298138,2,0
298136,298136,298138,2,0
298136,298136,298137,1,0
298136,298136,298138,2,0
298136,298136,298138,2,0
298136,298136,298137,1,0
298136,298136,298137,1,0
298136,298136,298138,2,0
298136,298136,298139,3,0
298136,298136,298139,3,0
298136,298136,298138,2,0
298136,298136,298139,3,0
298136,298136,298139,3,0
298136,298136,298138,2,0
298136,298136,298138,2,0
298136,298136,298138,2,0
298136,298136,298139,3,0
298136,298136,298139,3,0
298136,298136,298139,3,0
298136,298136,298138,2,0
298136,298136,298139,3,0
298136,298136,298138,2,0
298136,298136,298138,2,0
298136,298136,298139,3,0
298136,298136,298138,2,0
298136,298136,298139,3,0
298136,298136,298139,3,0
298136,298136,298139,3,0
298136,298138,298140,2,2
298136,298138,298139,1,2
298136,298138,298140,2,2
298136,298138,298141,3,2
298136,298138,298142,4,2
298126,298143,298144,1,17
298126,298143,298144,1,17
298126,298143,298144,1,17
298126,298143,298144,1,17
298126,298143,298145,2,17
298126,298143,298145,2,17
297832,297832,298187,355,0
298188,298188,298190,2,0
298188,298188,298189,1,0
298188,298188,298189,1,0
298188,298188,298189,1,0
298188,298188,298190,2,0
298188,298188,298189,1,0
298188,298188,298190,2,0
298188,298188,298190,2,0
298188,298188,298189,1,0
298188,298188,298189,1,0
298188,298188,298190,2,0
298188,298188,298190,2,0
298188,298188,298190,2,0
298188,298188,298189,1,0
298188,298188,298190,2,0
298188,298188,298190,2,0
298188,298188,298190,2,0
298188,298188,298190,2,0
298188,298188,298190,2,0
298188,298188,298190,2,0
298188,298188,298191,3,0
298188,298188,298190,2,0
298188,298188,298191,3,0
298188,298188,298191,3,0
298188,298188,298190,2,0
298188,298188,298191,3,0
298188,298188,298190,2,0
298188,298188,298190,2,0
298188,298188,298191,3,0
298188,298188,298190,2,0
298188,298188,298190,2,0
298188,298188,298191,3,0
298188,298188,298191,3,0
298188,298188,298191,3,0
298188,298188,298191,3,0
298188,298188,298191,3,0
298188,298188,298191,3,0
298188,298188,298191,3,0
298188,298188,298191,3,0
297834,297834,298198,364,0
298188,298199,298200,1,11
298188,298199,298200,1,11
298199,298199,298201,2,0
298199,298199,298201,2,0
298199,298199,298201,2,0
298199,298199,298201,2,0
298199,298199,298201,2,0
298199,298199,298201,2,0
298199,298199,298201,2,0
298199,298199,298201,2,0
298199,298199,298201,2,0
298199,298199,298201,2,0
298199,298199,298201,2,0
298199,298199,298201,2,0
298199,298199,298201,2,0
298199,298199,298201,2,0
298199,298199,298201,2,0
298199,298199,298201,2,0
298199,298199,298201,2,0
298199,298199,298201,2,0
298199,298199,298201,2,0
298188,298199,298200,1,11
298188,298199,298201,2,11
298188,298199,298201,2,11
298188,298199,298201,2,11
298199,298199,298201,2,0
298199,298200,298201,1,1
298199,298200,298201,1,1
298199,298200,298201,1,1
298199,298199,298202,3,0
298199,298199,298202,3,0
298199,298199,298202,3,0
298199,298199,298202,3,0
298199,298199,298202,3,0
298199,298199,298202,3,0
298199,298199,298202,3,0
298199,298199,298202,3,0
297862,297862,298202,340,0
298199,298199,298202,3,0
298199,298199,298202,3,0
298199,298199,298202,3,0
298199,298199,298202,3,0
298199,298199,298202,3,0
298199,298199,298202,3,0
298199,298199,298202,3,0
298199,298199,298202,3,0
298199,298200,298203,3,1
298199,298199,298203,4,0
298199,298199,298203,4,0
298199,298199,298203,4,0
298199,298199,298203,4,0
298199,298200,298203,3,1
298213,298214,298216,2,1
298213,298214,298215,1,1
298213,298214,298215,1,1
298213,298214,298215,1,1
298213,298214,298215,1,1
298213,298214,298215,1,1
298213,298214,298215,1,1
298213,298214,298215,1,1
298213,298214,298216,2,1
298213,298214,298215,1,1
298213,298214,298215,1,1
298213,298214,298216,2,1
298213,298214,298215,1,1
298213,298214,298215,1,1
298213,298214,298216,2,1
298213,298214,298215,1,1
298213,298214,298215,1,1
298213,298214,298215,1,1
298213,298214,298215,1,1
298213,298214,298215,1,1
298213,298214,298215,1,1
298213,298214,298215,1,1
298213,298214,298215,1,1
298213,298214,298215,1,1
298213,298214,298215,1,1
298213,298214,298216,2,1
298213,298214,298216,2,1
298213,298214,298216,2,1
298213,298214,298216,2,1
298213,298214,298216,2,1
298213,298214,298216,2,1
298213,298214,298216,2,1
298213,298214,298216,2,1
298213,298214,298216,2,1
298213,298214,298216,2,1
298213,298214,298216,2,1
298213,298214,298216,2,1
298213,298214,298216,2,1
298213,298214,298216,2,1
298213,298214,298216,2,1
298213,298214,298216,2,1
298213,298214,298217,3,1
298213,298214,298216,2,1
298213,298214,298217,3,1
298213,298214,298217,3,1
297882,297889,298259,370,7
298260,298260,298262,2,0
298260,298260,298262,2,0
298260,298260,298262,2,0
298260,298260,298262,2,0
298260,298260,298262,2,0
298260,298260,298262,2,0
298260,298260,298262,2,0
298260,298260,298262,2,0
298260,298260,298262,2,0
298260,298260,298261,1,0
298260,298260,298262,2,0
297918,297918,298262,344,0
298260,298260,298262,2,0
298260,298260,298262,2,0
298260,298260,298262,2,0
298260,298260,298261,1,0
298260,298260,298262,2,0
298260,298260,298262,2,0
298260,298260,298262,2,0
298260,298260,298262,2,0
298260,298260,298262,2,0
298260,298260,298262,2,0
298260,298260,298262,2,0
298260,298260,298263,3,0
298260,298260,298263,3,0
298260,298260,298263,3,0
298260,298260,298263,3,0
298260,298260,298262,2,0
298260,298260,298262,2,0
298260,298260,298263,3,0
298260,298260,298262,2,0
298260,298260,298262,2,0
298260,298260,298262,2,0
298260,298260,298262,2,0
298260,298261,298262,1,1
298260,298261,298262,1,1
298260,298261,298263,2,1
298260,298261,298263,2,1
298260,298261,298263,2,1
298260,298260,298264,4,0
298264,298264,298266,2,0
298264,298264,298266,2,0
298264,298264,298266,2,0
298264,298264,298266,2,0
298264,298264,298266,2,0
298264,298264,298266,2,0
298264,298264,298266,2,0
298264,298264,298266,2,0
298264,298264,298266,2,0
298264,298264,298266,2,0
298264,298264,298266,2,0
298264,298264,298266,2,0
298264,298264,298266,2,0
298264,298264,298266,2,0
298264,298264,298266,2,0
298264,298264,298266,2,0
298264,298264,298266,2,0
298264,298264,298265,1,0
298264,298264,298265,1,0
298264,298264,298266,2,0
298264,298264,298265,1,0
298264,298264,298265,1,0
298264,298264,298266,2,0
298264,298264,298266,2,0
298264,298264,298266,2,0
298264,298264,298266,2,0
298264,298264,298266,2,0
298264,298264,298266,2,0
298264,298264,298266,2,0
298264,298264,298266,2,0
298264,298264,298266,2,0
298264,298264,298266,2,0
298264,298264,298266,2,0
298264,298264,298267,3,0
298264,298264,298267,3,0
298264,298264,298267,3,0
298264,298264,298266,2,0
298264,298264,298266,2,0
298264,298264,298267,3,0
298264,298264,298267,3,0
298264,298264,298266,2,0
298264,298264,298266,2,0
298264,298264,298266,2,0
298264,298264,298267,3,0
298264,298264,298267,3,0
297916,297916,298269,353,0
298260,298271,298272,1,11
298260,298271,298272,1,11
298260,298271,298272,1,11
298260,298271,298272,1,11
298260,298271,298273,2,11
298260,298271,298274,3,11
298278,298278,298280,2,0
298278,298279,298280,1,1
298278,298279,298280,1,1
298278,298278,298280,2,0
298278,298279,298280,1,1
298278,298278,298280,2,0
298278,298279,298280,1,1
298278,298279,298280,1,1
298278,298279,298280,1,1
298278,298279,298280,1,1
298278,298278,298280,2,0
298278,298278,298280,2,0
298278,298279,298280,1,1
298278,298278,298280,2,0
298278,298278,298280,2,0
298278,298279,298280,1,1
298278,298279,298280,1,1
298278,298279,298280,1,1
298278,298279,298280,1,1
298278,298278,298280,2,0
298278,298278,298280,2,0
298278,298279,298280,1,1
298278,298279,298280,1,1
298278,298278,298280,2,0
298278,298279,298280,1,1
298278,298279,298280,1,1
298278,298279,298281,2,1
298278,298279,298281,2,1
298278,298279,298281,2,1
298278,298278,298281,3,0
298278,298279,298281,2,1
298278,298279,298281,2,1
298278,298279,298281,2,1
298278,298279,298281,2,1
298278,298279,298281,2,1
298278,298279,298281,2,1
298278,298279,298281,2,1
298278,298279,298281,2,1
298278,298279,298281,2,1
298278,298279,298281,2,1
298278,298279,298281,2,1
298278,298279,298281,2,1
298278,298279,298281,2,1
298278,298279,298281,2,1
298278,298279,298282,3,1
297892,297892,298306,414,0
298308,298308,298310,2,0
298308,298308,298309,1,0
298308,298308,298310,2,0
298308,298308,298309,1,0
298308,298308,298310,2,0
298308,298308,298309,1,0
298308,298308,298309,1,0
298308,298308,298310,2,0
298308,298308,298309,1,0
298308,298308,298310,2,0
298308,298308,298310,2,0
298308,298308,298310,2,0
298308,298308,298310,2,0
298308,298309,298310,1,1
298308,298309,298310,1,1
298308,298309,298310,1,1
298308,298308,298309,1,0
298308,298308,298309,1,0
298308,298308,298309,1,0
298308,298308,298310,2,0
298308,298308,298309,1,0
298308,298308,298309,1,0
298308,298308,298309,1,0
298308,298308,298310,2,0
298308,298308,298309,1,0
298308,298308,298310,2,0
298308,298308,298311,3,0
298308,298308,298310,2,0
298308,298308,298310,2,0
298308,298308,298311,3,0
298308,298308,298310,2,0
298308,298308,298310,2,0
298308,298308,298310,2,0
298308,298308,298310,2,0
298308,298308,298310,2,0
298308,298308,298310,2,0
298308,298308,298310,2,0
298308,298309,298311,2,1
298308,298309,298310,1,1
298308,298309,298310,1,1
298308,298308,298311,3,0
298308,298308,298310,2,0
298308,298308,298310,2,0
298308,298308,298311,3,0
298308,298308,298310,2,0
297965,297965,298324,359,0
297947,297947,298324,377,0
298326,298326,298327,1,0
298326,298326,298328,2,0
298326,298326,298328,2,0
298326,298326,298328,2,0
298326,298326,298327,1,0
298326,298326,298327,1,0
298326,298326,298328,2,0
298326,298326,298327,1,0
298326,298326,298328,2,0
298326,298326,298327,1,0
298326,298326,298327,1,0
298326,298326,298327,1,0
298326,298326,298328,2,0
298326,298326,298328,2,0
298326,298326,298328,2,0
298326,298326,298328,2,0
298326,298326,298328,2,0
298326,298326,298328,2,0
298326,298326,298327,1,0
298326,298326,298328,2,0
298326,298326,298327,1,0
298326,298326,298328,2,0
298326,298326,298329,3,0
298326,298326,298328,2,0
298326,298326,298328,2,0
298326,298326,298328,2,0
298326,298326,298329,3,0
298326,298326,298328,2,0
298326,298326,298328,2,0
298326,298326,298328,2,0
298326,298326,298329,3,0
298326,298326,298328,2,0
298326,298326,298328,2,0
298326,298326,298329,3,0
298326,298326,298329,3,0
298326,298326,298328,2,0
298328,298328,298329,1,0
298328,298328,298329,1,0
298328,298328,298329,1,0
298328,298328,298329,1,0
298326,298326,298330,4,0
298328,298328,298329,1,0
298328,298328,298329,1,0
298328,298328,298329,1,0
298328,298328,298330,2,0
298328,298328,298329,1,0
298328,298328,298329,1,0
298328,298328,298329,1,0
298328,298328,298330,2,0
298328,298328,298330,2,0
298328,298328,298329,1,0
298328,298328,298329,1,0
298328,298328,298329,1,0
298328,298328,298330,2,0
298328,298328,298329,1,0
298328,298328,298329,1,0
298328,298328,298329,1,0
298328,298328,298330,2,0
298328,298328,298330,2,0
298328,298328,298329,1,0
298328,298328,298330,2,0
298328,298328,298330,2,0
298328,298328,298329,1,0
298328,298328,298330,2,0
298328,298328,298330,2,0
298328,298329,298331,2,1
298328,298328,298330,2,0
298328,298328,298330,2,0
298328,298328,298330,2,0
298328,298329,298331,2,1
298328,298329,298331,2,1
298328,298329,298331,2,1
298328,298329,298331,2,1
298328,298328,298330,2,0
298328,298328,298330,2,0
298328,298328,298331,3,0
298328,298328,298331,3,0
298328,298328,298330,2,0
298328,298328,298331,3,0
298328,298329,298331,2,1
298326,298326,298332,6,0
298328,298329,298340,11,1
298326,298339,298340,1,13
298326,298339,298340,1,13
298328,298339,298340,1,11
298326,298339,298340,1,13
298326,298339,298341,2,13
298326,298339,298341,2,13
298326,298339,298342,3,13
297994,297994,298343,349,0
298326,298326,298343,17,0
298349,298350,298351,1,1
298349,298350,298351,1,1
298349,298350,298351,1,1
298349,298350,298351,1,1
298349,298350,298352,2,1
298349,298350,298351,1,1
298349,298350,298351,1,1
298349,298350,298351,1,1
298349,298350,298351,1,1
298349,298350,298351,1,1
298349,298350,298351,1,1
298349,298350,298351,1,1
298349,298350,298351,1,1
298349,298350,298352,2,1
298349,298350,298352,2,1
298349,298350,298351,1,1
298349,298350,298351,1,1
298349,298350,298352,2,1
298349,298350,298352,2,1
298349,298350,298351,1,1
298349,298350,298351,1,1
298349,298350,298351,1,1
298349,298350,298352,2,1
298349,298350,298351,1,1
298349,298350,298351,1,1
298349,298350,298351,1,1
298349,298350,298352,2,1
298349,298350,298351,1,1
298349,298350,298352,2,1
298349,298350,298352,2,1
298349,298350,298352,2,1
298349,298350,298352,2,1
298349,298350,298352,2,1
298349,298350,298352,2,1
298349,298350,298352,2,1
298349,298350,298352,2,1
297990,298007,298352,345,17
298349,298350,298352,2,1
298349,298350,298352,2,1
298349,298350,298352,2,1
298349,298350,298354,4,1
298349,298350,298354,4,1
298361,298361,298363,2,0
298361,298361,298363,2,0
298361,298361,298363,2,0
298361,298361,298363,2,0
298361,298361,298363,2,0
298361,298361,298363,2,0
298361,298361,298363,2,0
298361,298361,298363,2,0
298361,298361,298363,2,0
298361,298362,298363,1,1
298361,298362,298363,1,1
298361,298362,298363,1,1
298361,298361,298363,2,0
298361,298361,298363,2,0
298361,298361,298363,2,0
298361,298361,298363,2,0
298361,298361,298363,2,0
298361,298361,298363,2,0
298361,298361,298363,2,0
298361,298361,298363,2,0
298361,298361,298363,2,0
298361,298361,298363,2,0
298361,298361,298363,2,0
298361,298361,298363,2,0
298361,298361,298363,2,0
298361,298361,298363,2,0
298361,298361,298363,2,0
298361,298361,298364,3,0
298361,298361,298364,3,0
298361,298361,298364,3,0
298361,298362,298364,2,1
298361,298362,298364,2,1
298361,298361,298364,3,0
298361,298361,298364,3,0
298361,298361,298364,3,0
298361,298361,298364,3,0
298361,298361,298363,2,0
298361,298361,298364,3,0
298361,298361,298364,3,0
298349,298364,298365,1,15
298361,298362,298364,2,1
298361,298361,298364,3,0
298361,298362,298364,2,1
298349,298364,298365,1,15
298349,298364,298365,1,15
298361,298364,298365,1,3
298361,298362,298365,3,1
298349,298364,298366,2,15
298361,298362,298367,5,1
298086,298086,298393,307,0
298394,298395,298396,1,1
298394,298395,298396,1,1
298394,298395,298396,1,1
298394,298395,298396,1,1
298394,298395,298396,1,1
298394,298395,298396,1,1
298394,298395,298396,1,1
298394,298395,298396,1,1
298394,298395,298396,1,1
298394,298395,298397,2,1
298394,298395,298396,1,1
298394,298395,298396,1,1
298394,298395,298396,1,1
298394,298395,298396,1,1
298394,298395,298396,1,1
298394,298395,298396,1,1
298044,298044,298397,353,0
298394,298395,298396,1,1
298394,298395,298396,1,1
298394,298395,298396,1,1
298394,298395,298396,1,1
298394,298395,298396,1,1
298394,298395,298396,1,1
298394,298395,298397,2,1
298394,298395,298397,2,1
298394,298395,298397,2,1
298394,298395,298397,2,1
298032,298032,298397,365,0
298394,298395,298397,2,1
298394,298395,298397,2,1
298394,298395,298397,2,1
298394,298395,298397,2,1
298394,298395,298398,3,1
298394,298395,298397,2,1
298394,298395,298397,2,1
298394,298395,298397,2,1
298394,298395,298398,3,1
298394,298395,298397,2,1
298394,298395,298398,3,1
298394,298395,298398,3,1
298394,298395,298398,3,1
298394,298395,298398,3,1
298394,298395,298398,3,1
298394,298395,298398,3,1
298394,298395,298398,3,1
298394,298395,298398,3,1
298394,298395,298398,3,1
298007,298030,298400,370,23
298398,298399,298400,1,1
298398,298399,298400,1,1
298398,298399,298400,1,1
298398,298399,298400,1,1
298398,298399,298400,1,1
298398,298399,298400,1,1
298398,298399,298401,2,1
298398,298399,298400,1,1
298398,298399,298400,1,1
298398,298399,298400,1,1
298398,298399,298400,1,1
298398,298399,298400,1,1
298398,298399,298400,1,1
298398,298399,298400,1,1
298398,298399,298401,2,1
298398,298399,298400,1,1
298398,298399,298400,1,1
298398,298399,298400,1,1
298398,298399,298400,1,1
298398,298399,298400,1,1
298398,298399,298400,1,1
298398,298399,298400,1,1
298398,298399,298400,1,1
298398,298399,298400,1,1
298398,298399,298400,1,1
298398,298399,298400,1,1
298398,298399,298400,1,1
298398,298399,298400,1,1
298398,298399,298400,1,1
298398,298399,298400,1,1
298398,298399,298401,2,1
298398,298399,298401,2,1
298398,298399,298401,2,1
298398,298399,298401,2,1
298398,298399,298401,2,1
298398,298399,298401,2,1
298398,298399,298401,2,1
298398,298399,298401,2,1
298398,298399,298401,2,1
298398,298399,298401,2,1
298398,298399,298401,2,1
298398,298399,298401,2,1
298398,298399,298401,2,1
298398,298399,298401,2,1
298398,298399,298401,2,1
298409,298410,298411,1,1
298409,298410,298411,1,1
298409,298410,298411,1,1
298409,298410,298411,1,1
298409,298410,298411,1,1
298409,298410,298411,1,1
298409,298410,298411,1,1
298409,298410,298411,1,1
298409,298410,298411,1,1
298409,298410,298411,1,1
298409,298410,298411,1,1
298409,298410,298411,1,1
298409,298410,298411,1,1
298409,298410,298411,1,1
298409,298410,298411,1,1
298409,298410,298412,2,1
298409,298410,298411,1,1
298409,298410,298411,1,1
298409,298410,298411,1,1
298409,298410,298412,2,1
298409,298410,298411,1,1
298409,298410,298411,1,1
298409,298410,298411,1,1
298409,298410,298412,2,1
298409,298410,298411,1,1
298409,298410,298411,1,1
298409,298410,298411,1,1
298409,298410,298411,1,1
298409,298410,298411,1,1
298409,298410,298411,1,1
298409,298410,298411,1,1
298409,298410,298412,2,1
298409,298410,298412,2,1
298409,298410,298412,2,1
298409,298410,298412,2,1
298409,298410,298412,2,1
298409,298410,298412,2,1
298409,298410,298412,2,1
298409,298410,298412,2,1
298409,298410,298412,2,1
298409,298410,298413,3,1
298409,298410,298412,2,1
298409,298410,298412,2,1
298409,298410,298412,2,1
298409,298410,298412,2,1
298419,298419,298420,1,0
298419,298419,298421,2,0
298419,298419,298421,2,0
298419,298419,298421,2,0
298419,298419,298421,2,0
298419,298419,298421,2,0
298419,298419,298420,1,0
298419,298419,298421,2,0
298419,298419,298421,2,0
298419,298419,298421,2,0
298419,298419,298420,1,0
298419,298419,298421,2,0
298419,298419,298420,1,0
298419,298419,298420,1,0
298419,298419,298420,1,0
298419,298420,298421,1,1
298419,298420,298421,1,1
298419,298420,298421,1,1
298419,298419,298420,1,0
298419,298419,298421,2,0
298419,298419,298420,1,0
298419,298419,298421,2,0
298419,298419,298421,2,0
298419,298419,298420,1,0
298419,298419,298420,1,0
298419,298419,298420,1,0
298419,298419,298421,2,0
298419,298419,298421,2,0
298419,298419,298421,2,0
298419,298419,298422,3,0
298419,298419,298421,2,0
298419,298419,298421,2,0
298419,298419,298421,2,0
298419,298419,298421,2,0
298419,298419,298421,2,0
298419,298419,298422,3,0
298419,298419,298421,2,0
298419,298419,298421,2,0
298419,298419,298421,2,0
298419,298419,298421,2,0
298419,298419,298421,2,0
298419,298419,298421,2,0
298419,298420,298422,2,1
298419,298420,298421,1,1
298419,298419,298421,2,0
298067,298068,298431,363,1
298084,298084,298437,353,0
298439,298439,298441,2,0
298439,298439,298441,2,0
298439,298439,298440,1,0
298439,298439,298440,1,0
298439,298439,298440,1,0
298439,298439,298441,2,0
298439,298439,298440,1,0
298439,298439,298440,1,0
298439,298439,298441,2,0
298439,298439,298440,1,0
298439,298439,298441,2,0
298439,298439,298440,1,0
298439,298439,298440,1,0
298439,298439,298440,1,0
298439,298439,298441,2,0
298439,298439,298440,1,0
298439,298439,298441,2,0
298439,298439,298440,1,0
298439,298439,298441,2,0
298439,298439,298440,1,0
298439,298439,298440,1,0
298439,298439,298441,2,0
298439,298439,298440,1,0
298439,298439,298441,2,0
298439,298439,298441,2,0
298439,298439,298441,2,0
298439,298439,298442,3,0
298439,298439,298442,3,0
298439,298439,298441,2,0
298439,298439,298441,2,0
298439,298439,298441,2,0
298441,298441,298442,1,0
298439,298439,298441,2,0
298439,298439,298441,2,0
298439,298439,298442,3,0
298439,298439,298441,2,0
298439,298439,298441,2,0
298439,298439,298441,2,0
298439,298439,298442,3,0
298439,298439,298441,2,0
298441,298441,298442,1,0
298439,298439,298441,2,0
298441,298441,298442,1,0
298441,298441,298442,1,0
298441,298441,298442,1,0
298441,298441,298442,1,0
298441,298441,298443,2,0
298441,298441,298442,1,0
298441,298441,298443,2,0
298441,298441,298443,2,0
298441,298441,298443,2,0
298441,298441,298443,2,0
298441,298441,298443,2,0
298441,298441,298443,2,0
298441,298441,298443,2,0
298441,298441,298443,2,0
298441,298441,298442,1,0
298441,298441,298443,2,0
298441,298441,298442,1,0
298441,298441,298442,1,0
298441,298441,298442,1,0
298441,298441,298442,1,0
298441,298441,298443,2,0
298441,298441,298442,1,0
298441,298441,298443,2,0
298441,298441,298443,2,0
298441,298441,298443,2,0
298441,298441,298443,2,0
298441,298441,298442,1,0
298441,298441,298442,1,0
298439,298442,298443,1,3
298439,298442,298443,1,3
298439,298442,298443,1,3
298439,298442,298444,2,3
298439,298442,298444,2,3
298441,298441,298444,3,0
298441,298441,298444,3,0
298441,298441,298443,2,0
298441,298441,298444,3,0
298441,298442,298444,2,1
298441,298441,298444,3,0
298441,298441,298444,3,0
298441,298441,298444,3,0
298441,298441,298443,2,0
298441,298442,298444,2,1
298441,298442,298444,2,1
298441,298441,298444,3,0
298441,298442,298444,2,1
298101,298101,298444,343,0
298441,298441,298444,3,0
298441,298441,298444,3,0
298454,298454,298456,2,0
298454,298454,298456,2,0
298454,298454,298456,2,0
298454,298454,298455,1,0
298454,298454,298456,2,0
298454,298454,298455,1,0
298454,298454,298456,2,0
298454,298454,298455,1,0
298454,298454,298455,1,0
298454,298454,298456,2,0
298454,298454,298456,2,0
298454,298454,298456,2,0
298454,298454,298456,2,0
298454,298454,298456,2,0
298454,298454,298455,1,0
298454,298454,298456,2,0
298454,298454,298456,2,0
298454,298454,298456,2,0
298454,298454,298456,2,0
298454,298454,298456,2,0
298454,298454,298456,2,0
298454,298454,298456,2,0
298454,298454,298456,2,0
298454,298454,298456,2,0
298454,298454,298456,2,0
298454,298454,298457,3,0
298454,298454,298456,2,0
298454,298454,298456,2,0
298454,298454,298457,3,0
298454,298454,298456,2,0
298454,298454,298457,3,0
298454,298454,298456,2,0
298454,298454,298457,3,0
298454,298454,298457,3,0
298454,298454,298457,3,0
298454,298454,298457,3,0
298454,298454,298457,3,0
298454,298454,298457,3,0
298454,298454,298457,3,0
298454,298454,298457,3,0
298454,298466,298467,1,12
298454,298466,298468,2,12
298454,298466,298468,2,12
298454,298466,298468,2,12
298454,298466,298469,3,12
298128,298128,298487,359,0
298488,298488,298489,1,0
298488,298488,298490,2,0
298488,298488,298490,2,0
298488,298488,298489,1,0
298488,298488,298490,2,0
298488,298488,298489,1,0
298488,298488,298490,2,0
298488,298488,298490,2,0
298488,298488,298489,1,0
298488,298488,298490,2,0
298488,298488,298490,2,0
298488,298488,298489,1,0
298488,298488,298489,1,0
298488,298488,298489,1,0
298488,298488,298489,1,0
298488,298488,298489,1,0
298488,298488,298489,1,0
298488,298488,298490,2,0
298488,298488,298489,1,0
298488,298488,298490,2,0
298488,298488,298490,2,0
298488,298488,298490,2,0
298488,298488,298491,3,0
298488,298488,298490,2,0
298488,298488,298491,3,0
298488,298488,298490,2,0
298488,298488,298490,2,0
298488,298488,298490,2,0
298488,298488,298491,3,0
298488,298488,298490,2,0
298488,298488,298490,2,0
298488,298488,298491,3,0
298488,298488,298491,3,0
298488,298488,298490,2,0
298488,298488,298491,3,0
298488,298488,298490,2,0
298488,298488,298491,3,0
298488,298488,298491,3,0
298488,298488,298490,2,0
298488,298488,298491,3,0
298488,298488,298491,3,0
298488,298488,298491,3,0
298488,298488,298491,3,0
298488,298488,298491,3,0
298488,298488,298491,3,0
298137,298137,298494,357,0
298503,298503,298504,1,0
298503,298503,298504,1,0
298503,298503,298504,1,0
298503,298503,298504,1,0
298503,298503,298504,1,0
298503,298503,298504,1,0
298503,298503,298504,1,0
298503,298503,298504,1,0
298503,298503,298504,1,0
298503,298503,298504,1,0
298503,298503,298504,1,0
298503,298503,298504,1,0
298503,298503,298504,1,0
298503,298503,298504,1,0
298503,298503,298504,1,0
298503,298503,298504,1,0
298503,298503,298504,1,0
298503,298503,298504,1,0
298503,298503,298505,2,0
298503,298503,298504,1,0
298503,298503,298505,2,0
298503,298503,298506,3,0
298503,298503,298505,2,0
298503,298503,298505,2,0
298503,298503,298505,2,0
298503,298503,298505,2,0
298503,298503,298505,2,0
298503,298503,298505,2,0
298503,298503,298506,3,0
298503,298503,298505,2,0
298503,298503,298505,2,0
298503,298503,298506,3,0
298503,298503,298505,2,0
298503,298503,298506,3,0
298503,298503,298506,3,0
298503,298503,298506,3,0
298503,298503,298506,3,0
298503,298503,298506,3,0
298503,298503,298506,3,0
298503,298503,298506,3,0
298503,298513,298514,1,10
298503,298513,298514,1,10
298503,298513,298514,1,10
298503,298513,298515,2,10
298503,298513,298515,2,10
298189,298189,298526,337,0
298528,298528,298529,1,0
298528,298528,298529,1,0
298528,298528,298530,2,0
298528,298528,298529,1,0
298528,298528,298529,1,0
298528,298528,298529,1,0
298528,298528,298529,1,0
298528,298528,298529,1,0
298528,298528,298530,2,0
298528,298528,298529,1,0
298528,298528,298529,1,0
298528,298528,298529,1,0
298528,298528,298530,2,0
298528,298528,298529,1,0
298528,298528,298529,1,0
298528,298528,298529,1,0
298528,298528,298529,1,0
298528,298528,298529,1,0
298528,298528,298529,1,0
298528,298528,298529,1,0
298528,298528,298530,2,0
298528,298528,298530,2,0
298528,298528,298531,3,0
298528,298528,298530,2,0
298528,298528,298531,3,0
298528,298528,298530,2,0
298528,298528,298530,2,0
298528,298528,298531,3,0
298528,298528,298530,2,0
298528,298528,298531,3,0
298528,298528,298530,2,0
298528,298528,298530,2,0
298528,298528,298530,2,0
298528,298528,298530,2,0
298528,298528,298530,2,0
298528,298528,298531,3,0
298528,298528,298530,2,0
298528,298528,298530,2,0
298528,298528,298530,2,0
298528,298528,298530,2,0
298528,298528,298531,3,0
298528,298528,298530,2,0
298528,298528,298531,3,0
298528,298528,298531,3,0
298528,298528,298531,3,0
298200,298201,298557,356,1
298560,298560,298562,2,0
298560,298560,298561,1,0
298560,298560,298562,2,0
298560,298560,298562,2,0
298560,298560,298562,2,0
298560,298560,298561,1,0
298560,298560,298561,1,0
298560,298560,298562,2,0
298560,298560,298562,2,0
298560,298560,298561,1,0
298560,298560,298561,1,0
298560,298560,298562,2,0
298560,298560,298561,1,0
298560,298560,298562,2,0
298560,298560,298561,1,0
298560,298560,298561,1,0
298560,298560,298561,1,0
298560,298560,298561,1,0
298560,298560,298562,2,0
298560,298560,298561,1,0
298560,298560,298561,1,0
298560,298560,298561,1,0
298560,298560,298563,3,0
298560,298560,298562,2,0
298560,298560,298562,2,0
298560,298560,298562,2,0
298560,298560,298562,2,0
298560,298560,298563,3,0
298560,298560,298562,2,0
298560,298560,298562,2,0
298560,298560,298563,3,0
298560,298560,298562,2,0
298560,298560,298562,2,0
298560,298560,298562,2,0
298560,298560,298563,3,0
298560,298560,298562,2,0
298560,298560,298562,2,0
298560,298560,298563,3,0
298560,298560,298563,3,0
298560,298560,298563,3,0
298560,298563,298564,1,3
298560,298563,298564,1,3
298560,298563,298564,1,3
298560,298563,298565,2,3
298560,298563,298568,5,3
298215,298215,298577,362,0
298578,298578,298580,2,0
298578,298578,298580,2,0
298578,298578,298580,2,0
298578,298578,298580,2,0
298578,298578,298580,2,0
298578,298578,298580,2,0
298578,298578,298580,2,0
298578,298579,298580,1,1
298578,298578,298580,2,0
298578,298578,298580,2,0
298578,298579,298580,1,1
298578,298578,298580,2,0
298578,298579,298580,1,1
298578,298579,298580,1,1
298578,298579,298580,1,1
298578,298579,298580,1,1
298578,298578,298580,2,0
298578,298579,298580,1,1
298578,298579,298580,1,1
298578,298579,298580,1,1
298578,298579,298581,2,1
298578,298578,298581,3,0
298578,298579,298581,2,1
298578,298579,298581,2,1
298578,298579,298581,2,1
298578,298578,298581,3,0
298578,298579,298581,2,1
298578,298579,298581,2,1
298578,298579,298581,2,1
298578,298579,298581,2,1
298578,298579,298581,2,1
298578,298579,298581,2,1
298578,298579,298581,2,1
298578,298579,298581,2,1
298578,298579,298582,3,1
298578,298579,298581,2,1
298578,298578,298582,4,0
298578,298579,298582,3,1
298578,298579,298582,3,1
298578,298594,298595,1,16
298578,298594,298595,1,16
298265,298265,298620,355,0
298280,298280,298620,340,0
298578,298594,298595,1,16
298578,298594,298596,2,16
298578,298594,298596,2,16
298578,298594,298595,1,16
298621,298621,298623,2,0
298621,298621,298623,2,0
298621,298621,298623,2,0
298621,298621,298623,2,0
298621,298621,298623,2,0
298621,298621,298623,2,0
298621,298621,298623,2,0
298621,298621,298623,2,0
298621,298621,298623,2,0
298621,298621,298623,2,0
298621,298621,298623,2,0
298621,298621,298623,2,0
298621,298621,298623,2,0
298621,298621,298623,2,0
298621,298621,298623,2,0
298621,298621,298623,2,0
298621,298623,298624,1,2
298621,298621,298624,3,0
298621,298621,298624,3,0
298621,298621,298624,3,0
298621,298621,298623,2,0
298621,298621,298624,3,0
298621,298621,298624,3,0
298621,298621,298624,3,0
298621,298621,298623,2,0
298621,298621,298624,3,0
298621,298621,298624,3,0
298621,298621,298624,3,0
298621,298621,298624,3,0
298621,298621,298624,3,0
298621,298621,298624,3,0
298621,298621,298624,3,0
298621,298621,298624,3,0
298621,298621,298624,3,0
298621,298621,298624,3,0
298623,298623,298625,2,0
298621,298623,298624,1,2
298623,298623,298625,2,0
298623,298623,298625,2,0
298623,298623,298625,2,0
298623,298623,298625,2,0
298623,298623,298625,2,0
298623,298623,298625,2,0
298623,298623,298625,2,0
298623,298623,298625,2,0
298623,298623,298625,2,0
298623,298623,298625,2,0
298623,298624,298625,1,1
298623,298624,298626,2,1
298621,298621,298625,4,0
298623,298623,298625,2,0
298623,298623,298625,2,0
298623,298624,298625,1,1
298623,298623,298625,2,0
298623,298623,298625,2,0
298623,298623,298625,2,0
298623,298624,298625,1,1
298621,298621,298625,4,0
298623,298623,298625,2,0
298623,298624,298626,2,1
298623,298624,298625,1,1
298623,298623,298625,2,0
298623,298624,298625,1,1
298623,298624,298626,2,1
298623,298624,298625,1,1
298623,298625,298626,1,2
298623,298625,298626,1,2
298623,298624,298626,2,1
298623,298624,298627,3,1
298623,298625,298627,2,2
298623,298625,298626,1,2
298623,298625,298627,2,2
298623,298625,298627,2,2
298623,298624,298626,2,1
298623,298624,298626,2,1
298623,298625,298626,1,2
298623,298625,298627,2,2
298623,298625,298626,1,2
298623,298624,298626,2,1
298623,298625,298626,1,2
298623,298624,298627,3,1
298261,298271,298627,356,10
298623,298625,298627,2,2
298623,298625,298627,2,2
298621,298635,298636,1,14
298621,298635,298636,1,14
298621,298635,298636,1,14
298621,298635,298636,1,14
298621,298635,298637,2,14
298621,298635,298637,2,14
298621,298635,298637,2,14
298637,298638,298639,1,1
298637,298638,298639,1,1
298637,298638,298639,1,1
298637,298638,298639,1,1
298637,298638,298639,1,1
298637,298638,298639,1,1
298637,298638,298639,1,1
298637,298638,298639,1,1
298637,298638,298639,1,1
298637,298638,298639,1,1
298637,298638,298639,1,1
298637,298638,298639,1,1
298637,298638,298639,1,1
298637,298638,298639,1,1
298637,298638,298639,1,1
298637,298638,298639,1,1
298637,298638,298640,2,1
298637,298638,298639,1,1
298637,298638,298639,1,1
298637,298638,298639,1,1
298637,298638,298639,1,1
298637,298638,298640,2,1
298637,298638,298640,2,1
298637,298638,298640,2,1
298637,298638,298640,2,1
298637,298638,298640,2,1
298637,298638,298640,2,1
298637,298638,298640,2,1
298637,298638,298640,2,1
298637,298638,298640,2,1
298637,298638,298640,2,1
298637,298638,298640,2,1
298637,298638,298641,3,1
298637,298638,298640,2,1
298637,298638,298640,2,1
298637,298638,298640,2,1
298637,298638,298640,2,1
298637,298638,298640,2,1
298637,298638,298640,2,1
298637,298638,298640,2,1
298637,298638,298640,2,1
298637,298638,298640,2,1
298637,298638,298640,2,1
298637,298638,298641,3,1
298637,298638,298641,3,1
298309,298309,298682,373,0
298327,298327,298682,355,0
298684,298684,298685,1,0
298684,298684,298686,2,0
298684,298684,298685,1,0
298684,298684,298686,2,0
298684,298684,298685,1,0
298684,298684,298685,1,0
298684,298684,298685,1,0
298684,298684,298685,1,0
298684,298684,298686,2,0
298684,298684,298686,2,0
298684,298684,298686,2,0
298684,298684,298685,1,0
298684,298684,298685,1,0
298684,298684,298686,2,0
298684,298684,298686,2,0
298684,298685,298686,1,1
298684,298684,298685,1,0
298684,298684,298685,1,0
298684,298684,298685,1,0
298684,298684,298685,1,0
298684,298684,298685,1,0
298684,298684,298686,2,0
298684,298684,298686,2,0
298684,298684,298686,2,0
298684,298684,298686,2,0
298684,298684,298686,2,0
298684,298685,298686,1,1
298684,298685,298686,1,1
298684,298684,298687,3,0
298684,298684,298686,2,0
298684,298684,298686,2,0
298684,298684,298686,2,0
298684,298684,298686,2,0
298684,298684,298686,2,0
298684,298684,298686,2,0
298684,298684,298686,2,0
298684,298684,298686,2,0
298686,298686,298687,1,0
298686,298686,298688,2,0
298686,298686,298688,2,0
298686,298686,298687,1,0
298686,298686,298688,2,0
298686,298686,298687,1,0
298686,298686,298687,1,0
298686,298686,298688,2,0
298686,298686,298688,2,0
298686,298686,298687,1,0
298686,298686,298688,2,0
298686,298686,298688,2,0
298686,298686,298688,2,0
298686,298686,298687,1,0
298686,298686,298688,2,0
298686,298686,298688,2,0
298686,298686,298688,2,0
298686,298686,298688,2,0
298686,298686,298687,1,0
298686,298686,298687,1,0
298686,298686,298687,1,0
298686,298686,298688,2,0
298686,298686,298687,1,0
298686,298686,298688,2,0
298686,298686,298688,2,0
298686,298686,298688,2,0
298686,298686,298688,2,0
298686,298686,298688,2,0
298686,298686,298688,2,0
298686,298686,298688,2,0
298686,298686,298688,2,0
298686,298687,298688,1,1
298686,298686,298688,2,0
298686,298686,298689,3,0
298686,298686,298689,3,0
298686,298686,298689,3,0
298686,298686,298689,3,0
298686,298686,298689,3,0
298686,298687,298689,2,1
298686,298686,298689,3,0
298686,298687,298689,2,1
298686,298687,298689,2,1
298686,298686,298688,2,0
298686,298687,298689,2,1
298686,298686,298689,3,0
298329,298329,298693,364,0
298684,298694,298695,1,10
298684,298694,298695,1,10
298684,298694,298695,1,10
298684,298694,298695,1,10
298684,298694,298696,2,10
298351,298351,298696,345,0
298684,298694,298697,3,10
298699,298699,298701,2,0
298699,298699,298701,2,0
298699,298699,298701,2,0
298699,298699,298701,2,0
298699,298699,298701,2,0
298699,298699,298701,2,0
298699,298699,298701,2,0
298699,298699,298701,2,0
298699,298699,298701,2,0
298699,298699,298701,2,0
298699,298699,298701,2,0
298699,298699,298701,2,0
298699,298699,298701,2,0
298699,298699,298701,2,0
298699,298699,298701,2,0
298699,298699,298701,2,0
298699,298699,298701,2,0
298699,298699,298701,2,0
298699,298699,298701,2,0
298699,298699,298701,2,0
298699,298699,298702,3,0
298699,298699,298701,2,0
298699,298699,298702,3,0
298699,298699,298702,3,0
298699,298699,298701,2,0
298699,298699,298702,3,0
298699,298699,298702,3,0
298699,298699,298702,3,0
298699,298699,298701,2,0
298699,298699,298702,3,0
298699,298699,298702,3,0
298699,298699,298701,2,0
298699,298699,298701,2,0
298699,298699,298702,3,0
298699,298699,298701,2,0
298699,298699,298702,3,0
298699,298699,298702,3,0
298699,298699,298702,3,0
298699,298699,298702,3,0
298699,298699,298703,4,0
298699,298699,298703,4,0
298699,298699,298703,4,0
298699,298699,298703,4,0
298699,298699,298703,4,0
298699,298699,298704,5,0
298362,298363,298714,351,1
298713,298713,298715,2,0
298713,298713,298715,2,0
298713,298713,298715,2,0
298713,298713,298715,2,0
298713,298713,298715,2,0
298713,298713,298715,2,0
298713,298713,298715,2,0
298713,298713,298715,2,0
298713,298713,298715,2,0
298713,298713,298715,2,0
298713,298713,298715,2,0
298713,298713,298715,2,0
298713,298713,298715,2,0
298713,298713,298715,2,0
298713,298713,298715,2,0
298713,298713,298715,2,0
298713,298713,298715,2,0
298713,298713,298715,2,0
298713,298713,298715,2,0
298713,298713,298715,2,0
298713,298713,298715,2,0
298713,298713,298715,2,0
298713,298713,298715,2,0
298713,298713,298715,2,0
298713,298713,298715,2,0
298713,298713,298715,2,0
298713,298713,298715,2,0
298713,298713,298716,3,0
298713,298713,298716,3,0
298713,298713,298716,3,0
298713,298713,298715,2,0
298713,298713,298716,3,0
298713,298713,298716,3,0
298713,298713,298715,2,0
298713,298713,298716,3,0
298713,298713,298715,2,0
298713,298713,298716,3,0
298713,298713,298715,2,0
298713,298713,298716,3,0
298713,298713,298716,3,0
298713,298713,298716,3,0
298713,298713,298716,3,0
298713,298713,298716,3,0
298713,298713,298716,3,0
298713,298713,298716,3,0
298723,298723,298724,1,0
298723,298723,298725,2,0
298723,298723,298724,1,0
298723,298723,298724,1,0
298723,298723,298724,1,0
298723,298723,298725,2,0
298723,298723,298724,1,0
298723,298723,298725,2,0
298723,298723,298724,1,0
298723,298723,298724,1,0
298723,298723,298725,2,0
298723,298723,298724,1,0
298723,298723,298725,2,0
298723,298723,298725,2,0
298723,298723,298725,2,0
298723,298723,298724,1,0
298723,298723,298725,2,0
298723,298723,298724,1,0
298723,298723,298725,2,0
298723,298723,298725,2,0
298723,298723,298725,2,0
298723,298723,298724,1,0
298723,298723,298724,1,0
298723,298723,298724,1,0
298723,298723,298724,1,0
298723,298723,298725,2,0
298723,298723,298725,2,0
298723,298723,298725,2,0
298723,298723,298725,2,0
298723,298723,298725,2,0
298723,298723,298725,2,0
298723,298723,298725,2,0
298723,298723,298726,3,0
298723,298723,298725,2,0
298723,298723,298725,2,0
298723,298723,298725,2,0
298723,298741,298742,1,18
298723,298741,298742,1,18
298723,298741,298742,1,18
298723,298741,298743,2,18
298723,298741,298743,2,18
298723,298741,298743,2,18
298723,298741,298743,2,18
298723,298741,298744,3,18
298723,298741,298743,2,18
298400,298400,298756,356,0
298758,298758,298759,1,0
298758,298758,298759,1,0
298758,298758,298759,1,0
298758,298758,298759,1,0
298758,298758,298760,2,0
298758,298758,298759,1,0
298758,298758,298760,2,0
298758,298758,298760,2,0
298758,298758,298759,1,0
298758,298758,298759,1,0
298758,298758,298760,2,0
298758,298758,298760,2,0
298758,298758,298759,1,0
298758,298758,298760,2,0
298758,298758,298759,1,0
298758,298758,298759,1,0
298758,298758,298759,1,0
298758,298758,298759,1,0
298758,298758,298759,1,0
298758,298758,298759,1,0
298758,298758,298760,2,0
298758,298758,298760,2,0
298758,298758,298759,1,0
298758,298758,298759,1,0
298758,298758,298760,2,0
298758,298758,298759,1,0
298758,298758,298759,1,0
298758,298758,298759,1,0
298758,298758,298759,1,0
298758,298758,298761,3,0
298758,298758,298760,2,0
298758,298758,298760,2,0
298758,298758,298760,2,0
298758,298758,298760,2,0
298758,298758,298760,2,0
298758,298758,298760,2,0
298758,298758,298760,2,0
298758,298758,298760,2,0
298758,298758,298761,3,0
298758,298758,298760,2,0
298758,298758,298761,3,0
298758,298758,298760,2,0
298758,298758,298760,2,0
298758,298758,298761,3,0
298758,298758,298762,4,0
298396,298396,298762,366,0
298411,298411,298767,356,0
298772,298772,298774,2,0
298772,298772,298773,1,0
298772,298772,298774,2,0
298772,298772,298774,2,0
298772,298772,298773,1,0
298772,298772,298774,2,0
298772,298772,298774,2,0
298772,298772,298773,1,0
298772,298772,298774,2,0
298772,298772,298774,2,0
298772,298772,298773,1,0
298772,298772,298773,1,0
298772,298772,298774,2,0
298772,298772,298774,2,0
298772,298772,298773,1,0
298772,298772,298774,2,0
298772,298772,298774,2,0
298772,298772,298773,1,0
298772,298772,298773,1,0
298772,298772,298774,2,0
298772,298772,298774,2,0
298772,298772,298773,1,0
298772,298772,298773,1,0
298772,298772,298773,1,0
298772,298772,298774,2,0
298772,298772,298774,2,0
298772,298772,298774,2,0
298772,298772,298773,1,0
298772,298772,298774,2,0
298772,298772,298773,1,0
298772,298772,298774,2,0
298772,298774,298775,1,2
298772,298772,298774,2,0
298772,298772,298775,3,0
298772,298772,298774,2,0
298772,298772,298774,2,0
298772,298772,298774,2,0
298772,298772,298775,3,0
298772,298772,298774,2,0
298772,298772,298775,3,0
298772,298772,298774,2,0
298774,298774,298775,1,0
298774,298774,298776,2,0
298774,298774,298776,2,0
298774,298774,298775,1,0
298774,298774,298775,1,0
298774,298774,298775,1,0
298774,298774,298776,2,0
298774,298774,298776,2,0
298774,298774,298775,1,0
298774,298774,298776,2,0
298774,298774,298776,2,0
298774,298774,298775,1,0
298774,298774,298775,1,0
298774,298774,298775,1,0
298774,298774,298776,2,0
298774,298774,298776,2,0
298774,298774,298776,2,0
298774,298774,298776,2,0
298774,298774,298776,2,0
298774,298774,298776,2,0
298774,298774,298775,1,0
298774,298774,298775,1,0
298774,298774,298776,2,0
298774,298774,298776,2,0
298774,298774,298776,2,0
298774,298774,298776,2,0
298774,298774,298776,2,0
298774,298774,298775,1,0
298774,298774,298776,2,0
298774,298774,298775,1,0
298774,298774,298776,2,0
298774,298774,298776,2,0
298772,298774,298775,1,2
298772,298774,298775,1,2
298772,298774,298775,1,2
298772,298774,298776,2,2
298774,298774,298776,2,0
298774,298774,298776,2,0
298774,298774,298777,3,0
298774,298774,298776,2,0
298774,298774,298776,2,0
298774,298774,298777,3,0
298774,298774,298777,3,0
298774,298774,298776,2,0
298774,298774,298776,2,0
298774,298774,298777,3,0
298774,298774,298777,3,0
298774,298774,298776,2,0
298420,298420,298778,358,0
298774,298774,298778,4,0
298788,298788,298789,1,0
298788,298788,298789,1,0
298788,298788,298790,2,0
298788,298788,298790,2,0
298788,298788,298790,2,0
298788,298788,298789,1,0
298788,298788,298789,1,0
298788,298788,298790,2,0
298788,298788,298789,1,0
298788,298788,298789,1,0
298788,298788,298789,1,0
298788,298788,298789,1,0
298788,298788,298789,1,0
298788,298788,298790,2,0
298788,298788,298789,1,0
298788,298788,298789,1,0
298788,298788,298789,1,0
298788,298788,298789,1,0
298788,298788,298789,1,0
298788,298788,298790,2,0
298788,298788,298789,1,0
298788,298788,298789,1,0
298788,298788,298789,1,0
298788,298788,298790,2,0
298788,298788,298790,2,0
298788,298788,298790,2,0
298788,298788,298790,2,0
298788,298788,298789,1,0
298788,298788,298789,1,0
298788,298788,298789,1,0
298788,298788,298789,1,0
298788,298788,298790,2,0
298788,298788,298790,2,0
298788,298788,298790,2,0
298788,298788,298790,2,0
298788,298788,298790,2,0
298788,298788,298790,2,0
298788,298788,298790,2,0
298788,298788,298791,3,0
298788,298788,298790,2,0
298788,298788,298791,3,0
298788,298788,298790,2,0
298788,298788,298790,2,0
298788,298788,298790,2,0
298788,298788,298790,2,0
298442,298442,298793,351,0
298799,298799,298800,1,0
298799,298799,298801,2,0
298799,298799,298800,1,0
298799,298799,298800,1,0
298799,298799,298800,1,0
298799,298799,298800,1,0
298799,298799,298801,2,0
298799,298799,298801,2,0
298799,298799,298800,1,0
298799,298799,298800,1,0
298799,298799,298800,1,0
298799,298799,298800,1,0
298799,298799,298800,1,0
298799,298799,298801,2,0
298799,298799,298800,1,0
298799,298799,298800,1,0
298799,298799,298800,1,0
298799,298799,298800,1,0
298799,298799,298801,2,0
298799,298799,298800,1,0
298799,298799,298800,1,0
298799,298799,298801,2,0
298799,298799,298801,2,0
298799,298799,298800,1,0
298799,298799,298800,1,0
298799,298799,298801,2,0
298799,298800,298801,1,1
298799,298799,298801,2,0
298799,298799,298801,2,0
298799,298799,298801,2,0
298799,298799,298801,2,0
298799,298799,298801,2,0
298799,298799,298801,2,0
298799,298799,298801,2,0
298799,298799,298801,2,0
298799,298800,298801,1,1
298799,298800,298802,2,1
298799,298799,298801,2,0
298799,298799,298801,2,0
298799,298800,298809,9,1
298440,298440,298817,377,0
298799,298817,298818,1,18
298799,298817,298818,1,18
298799,298817,298818,1,18
298799,298817,298819,2,18
298818,298818,298820,2,0
298818,298818,298820,2,0
298818,298818,298819,1,0
298818,298818,298819,1,0
298818,298818,298819,1,0
298818,298818,298819,1,0
298818,298818,298820,2,0
298818,298818,298819,1,0
298818,298818,298819,1,0
298818,298818,298819,1,0
298818,298818,298820,2,0
298818,298818,298819,1,0
298818,298818,298820,2,0
298818,298818,298820,2,0
298818,298818,298819,1,0
298818,298818,298819,1,0
298818,298818,298819,1,0
298818,298818,298819,1,0
298818,298818,298820,2,0
298818,298818,298819,1,0
298818,298818,298819,1,0
298818,298818,298820,2,0
298818,298818,298819,1,0
298818,298818,298820,2,0
298818,298818,298820,2,0
298799,298817,298819,2,18
298818,298818,298819,1,0
298818,298818,298820,2,0
298818,298818,298820,2,0
298818,298818,298820,2,0
298818,298818,298820,2,0
298818,298818,298820,2,0
298818,298818,298820,2,0
298818,298818,298820,2,0
298818,298818,298820,2,0
298818,298818,298820,2,0
298504,298504,298820,316,0
298818,298818,298822,4,0
298818,298822,298823,1,4
298818,298822,298823,1,4
298818,298822,298823,1,4
298818,298822,298823,1,4
298818,298822,298824,2,4
298818,298822,298825,3,4
298818,298818,298821,3,0
298818,298818,298820,2,0
298829,298830,298831,1,1
298829,298829,298831,2,0
298829,298829,298831,2,0
298829,298829,298831,2,0
298829,298829,298831,2,0
298829,298829,298831,2,0
298829,298830,298831,1,1
298829,298830,298831,1,1
298829,298829,298831,2,0
298829,298830,298831,1,1
298829,298830,298831,1,1
298829,298829,298831,2,0
298829,298829,298831,2,0
298829,298830,298831,1,1
298829,298830,298831,1,1
298829,298829,298831,2,0
298829,298830,298831,1,1
298829,298830,298831,1,1
298829,298830,298832,2,1
298829,298829,298832,3,0
298829,298829,298832,3,0
298829,298829,298832,3,0
298829,298830,298832,2,1
298829,298830,298832,2,1
298829,298830,298832,2,1
298829,298830,298832,2,1
298829,298830,298832,2,1
298829,298830,298832,2,1
298829,298830,298832,2,1
298829,298830,298832,2,1
298829,298830,298832,2,1
298829,298830,298832,2,1
298829,298830,298833,3,1
298829,298830,298832,2,1
298829,298830,298833,3,1
298829,298833,298834,1,4
298829,298830,298833,3,1
298829,298830,298833,3,1
298829,298830,298834,4,1
298829,298833,298834,1,4
298829,298833,298834,1,4
298829,298833,298835,2,4
298455,298455,298836,381,0
298829,298833,298836,3,4
298829,298830,298839,9,1
298837,298838,298839,1,1
298837,298838,298839,1,1
298837,298837,298839,2,0
298837,298837,298839,2,0
298837,298837,298839,2,0
298837,298837,298839,2,0
298837,298837,298839,2,0
298837,298837,298839,2,0
298837,298837,298839,2,0
298837,298837,298839,2,0
298837,298837,298839,2,0
298837,298837,298839,2,0
298837,298837,298839,2,0
298837,298837,298839,2,0
298837,298837,298839,2,0
298837,298837,298839,2,0
298837,298837,298839,2,0
298837,298837,298839,2,0
298837,298837,298839,2,0
298837,298837,298839,2,0
298837,298837,298839,2,0
298837,298837,298839,2,0
298837,298837,298839,2,0
298837,298837,298839,2,0
298837,298837,298839,2,0
298837,298838,298839,1,1
298837,298838,298839,1,1
298837,298838,298839,1,1
298837,298837,298840,3,0
298837,298837,298840,3,0
298837,298837,298840,3,0
298837,298837,298840,3,0
298837,298837,298840,3,0
298837,298837,298840,3,0
298837,298837,298840,3,0
298837,298837,298840,3,0
298837,298838,298840,2,1
298837,298838,298840,2,1
298837,298837,298840,3,0
298837,298837,298840,3,0
298818,298818,298842,24,0
298837,298838,298843,5,1
298837,298850,298851,1,13
298837,298850,298851,1,13
298837,298850,298852,2,13
298837,298850,298851,1,13
298489,298489,298859,370,0
298865,298865,298866,1,0
298865,298865,298867,2,0
298865,298865,298867,2,0
298865,298865,298867,2,0
298865,298865,298867,2,0
298865,298865,298866,1,0
298865,298865,298867,2,0
298865,298865,298867,2,0
298865,298865,298867,2,0
298865,298865,298867,2,0
298865,298865,298867,2,0
298865,298865,298867,2,0
298865,298865,298867,2,0
298865,298865,298867,2,0
298865,298865,298867,2,0
298865,298865,298867,2,0
298865,298865,298867,2,0
298865,298866,298867,1,1
298865,298866,298867,1,1
298865,298866,298867,1,1
298865,298865,298867,2,0
298865,298865,298867,2,0
298865,298865,298867,2,0
298865,298865,298867,2,0
298865,298865,298867,2,0
298865,298865,298867,2,0
298865,298865,298867,2,0
298865,298865,298867,2,0
298865,298865,298867,2,0
298865,298865,298867,2,0
298865,298865,298867,2,0
298865,298865,298868,3,0
298865,298865,298867,2,0
298865,298865,298867,2,0
298865,298865,298867,2,0
298865,298865,298868,3,0
298865,298865,298868,3,0
298865,298865,298868,3,0
298865,298865,298868,3,0
298529,298529,298871,342,0
298873,298873,298874,1,0
298873,298873,298874,1,0
298873,298873,298874,1,0
298873,298873,298875,2,0
298873,298873,298874,1,0
298873,298873,298874,1,0
298873,298873,298875,2,0
298873,298873,298875,2,0
298873,298873,298875,2,0
298873,298873,298874,1,0
298873,298873,298874,1,0
298873,298873,298875,2,0
298873,298873,298875,2,0
298873,298873,298875,2,0
298873,298873,298874,1,0
298873,298873,298875,2,0
298873,298873,298874,1,0
298873,298873,298875,2,0
298873,298873,298875,2,0
298873,298873,298876,3,0
298873,298873,298876,3,0
298873,298873,298875,2,0
298873,298873,298876,3,0
298873,298873,298875,2,0
298873,298873,298875,2,0
298873,298873,298876,3,0
298873,298873,298876,3,0
298873,298873,298876,3,0
298873,298873,298876,3,0
298873,298873,298876,3,0
298873,298873,298875,2,0
298873,298873,298875,2,0
298873,298873,298875,2,0
298873,298873,298876,3,0
298873,298873,298876,3,0
298873,298873,298876,3,0
298873,298873,298876,3,0
298873,298873,298876,3,0
298865,298877,298878,1,12
298865,298877,298878,1,12
298873,298876,298878,2,3
298873,298877,298878,1,4
298865,298877,298879,2,12
298865,298877,298879,2,12
298865,298866,298868,2,1
298865,298866,298868,2,1
298873,298886,298888,2,13
298873,298886,298888,2,13
298873,298886,298888,2,13
298873,298886,298889,3,13
298873,298886,298889,3,13
298580,298580,298902,322,0
298905,298906,298907,1,1
298905,298906,298907,1,1
298905,298906,298907,1,1
298905,298906,298908,2,1
298905,298906,298907,1,1
298905,298906,298908,2,1
298905,298906,298907,1,1
298905,298906,298907,1,1
298905,298906,298907,1,1
298905,298906,298907,1,1
298905,298906,298907,1,1
298905,298906,298907,1,1
298905,298906,298907,1,1
298905,298906,298908,2,1
298905,298906,298908,2,1
298905,298906,298907,1,1
298905,298906,298907,1,1
298905,298906,298908,2,1
298905,298906,298908,2,1
298905,298906,298908,2,1
298905,298906,298908,2,1
298905,298906,298908,2,1
298905,298906,298908,2,1
298905,298906,298908,2,1
298905,298906,298908,2,1
298905,298906,298908,2,1
298905,298906,298908,2,1
298905,298906,298908,2,1
298905,298906,298908,2,1
298905,298906,298908,2,1
298905,298906,298908,2,1
298905,298906,298908,2,1
298905,298906,298909,3,1
298905,298906,298908,2,1
298905,298906,298909,3,1
298905,298906,298908,2,1
298905,298906,298908,2,1
298905,298906,298908,2,1
298905,298906,298909,3,1
298905,298906,298909,3,1
298905,298906,298909,3,1
298905,298906,298909,3,1
298905,298906,298909,3,1
298905,298906,298909,3,1
298905,298906,298908,2,1
298622,298622,298966,344,0
298967,298967,298969,2,0
298967,298967,298969,2,0
298967,298967,298969,2,0
298967,298967,298968,1,0
298967,298967,298968,1,0
298967,298967,298968,1,0
298967,298967,298968,1,0
298967,298967,298969,2,0
298967,298967,298969,2,0
298967,298967,298969,2,0
298967,298967,298969,2,0
298967,298967,298969,2,0
298967,298967,298969,2,0
298967,298967,298968,1,0
298967,298967,298968,1,0
298967,298967,298968,1,0
298967,298967,298969,2,0
298967,298967,298968,1,0
298967,298967,298968,1,0
298967,298967,298969,2,0
298967,298967,298968,1,0
298967,298967,298968,1,0
298967,298967,298969,2,0
298967,298967,298969,2,0
298967,298967,298969,2,0
298967,298967,298969,2,0
298967,298967,298970,3,0
298967,298967,298969,2,0
298967,298967,298970,3,0
298967,298967,298970,3,0
298967,298967,298969,2,0
298967,298967,298970,3,0
298967,298967,298969,2,0
298967,298967,298969,2,0
298967,298967,298970,3,0
298967,298967,298969,2,0
298967,298967,298970,3,0
298967,298967,298969,2,0
298967,298967,298969,2,0
298967,298967,298969,2,0
298967,298967,298970,3,0
298967,298967,298970,3,0
298967,298967,298970,3,0
298967,298967,298970,3,0
298967,298967,298970,3,0
298561,298561,298977,416,0
298625,298625,298977,352,0
298982,298982,298983,1,0
298982,298982,298983,1,0
298982,298982,298983,1,0
298982,298982,298983,1,0
298982,298982,298983,1,0
298982,298982,298983,1,0
298982,298982,298984,2,0
298982,298982,298984,2,0
298982,298982,298983,1,0
298982,298982,298984,2,0
298982,298982,298983,1,0
298982,298982,298984,2,0
298982,298982,298984,2,0
298982,298982,298983,1,0
298982,298982,298984,2,0
298982,298982,298984,2,0
298982,298982,298984,2,0
298982,298982,298984,2,0
298982,298982,298984,2,0
298982,298982,298983,1,0
298982,298982,298983,1,0
298982,298982,298984,2,0
298982,298982,298985,3,0
298982,298982,298984,2,0
298982,298982,298985,3,0
298982,298982,298984,2,0
298982,298982,298984,2,0
298982,298982,298985,3,0
298982,298982,298984,2,0
298982,298982,298984,2,0
298982,298982,298985,3,0
298982,298982,298984,2,0
298982,298982,298985,3,0
298982,298982,298985,3,0
298982,298982,298984,2,0
298982,298982,298984,2,0
298982,298982,298984,2,0
298982,298982,298984,2,0
298982,298982,298985,3,0
298982,298982,298984,2,0
298984,298984,298985,1,0
298984,298984,298986,2,0
298984,298984,298985,1,0
298984,298984,298985,1,0
298984,298984,298986,2,0
298982,298982,298985,3,0
298984,298984,298985,1,0
298984,298984,298986,2,0
298984,298984,298985,1,0
298982,298982,298985,3,0
298984,298984,298985,1,0
298984,298984,298985,1,0
298984,298984,298985,1,0
298984,298984,298985,1,0
298984,298984,298985,1,0
298984,298984,298985,1,0
298984,298984,298985,1,0
298984,298984,298985,1,0
298984,298984,298985,1,0
298982,298982,298985,3,0
298984,298984,298986,2,0
298984,298984,298986,2,0
298984,298984,298986,2,0
298984,298984,298985,1,0
298984,298984,298985,1,0
298639,298639,298985,346,0
298982,298982,298986,4,0
298982,298982,298985,3,0
298984,298985,298987,2,1
298984,298985,298987,2,1
298984,298984,298986,2,0
298984,298984,298987,3,0
298984,298984,298987,3,0
298984,298985,298987,2,1
298984,298984,298987,3,0
298984,298984,298987,3,0
298984,298984,298987,3,0
298984,298984,298987,3,0
298984,298984,298987,3,0
298984,298985,298987,2,1
298984,298984,298986,2,0
298984,298985,298987,2,1
298984,298985,298987,2,1
298984,298984,298987,3,0
298984,298984,298987,3,0
298984,298984,298987,3,0
298984,298984,298987,3,0
298984,298984,298986,2,0
298984,298984,298986,2,0
298984,298985,298987,2,1
298984,298984,298987,3,0
298997,298997,298999,2,0
298997,298997,298999,2,0
298997,298997,298999,2,0
298997,298997,298999,2,0
298997,298997,298999,2,0
298997,298997,298999,2,0
298997,298997,298999,2,0
298997,298997,298999,2,0
298997,298997,298999,2,0
298997,298997,298999,2,0
298997,298997,298999,2,0
298997,298997,298999,2,0
298997,298997,298999,2,0
298997,298997,298999,2,0
298997,298997,298999,2,0
298997,298997,298999,2,0
298997,298997,298999,2,0
298997,298997,298999,2,0
298997,298997,298999,2,0
298997,298997,298999,2,0
298997,298997,299000,3,0
298997,298997,298999,2,0
298997,298997,299000,3,0
298997,298997,298999,2,0
298997,298997,299000,3,0
298997,298997,299000,3,0
298997,298997,299000,3,0
298997,298997,298999,2,0
298997,298997,299000,3,0
298997,298997,299000,3,0
298997,298997,299000,3,0
298997,298997,299000,3,0
298997,298997,298999,2,0
298997,298997,299000,3,0
298997,298997,299000,3,0
298997,298997,299000,3,0
298997,298998,299000,2,1
298997,298998,299000,2,1
298997,298997,299000,3,0
298997,298997,299001,4,0
298997,298997,299000,3,0
298997,298997,299001,4,0
298997,298998,299002,4,1
298997,298998,299001,3,1
298997,298998,299001,3,1
298687,298687,299031,344,0
298685,298685,299031,346,0
299033,299033,299035,2,0
299033,299033,299035,2,0
299033,299033,299035,2,0
299033,299033,299035,2,0
299033,299033,299035,2,0
299033,299033,299035,2,0
299033,299033,299035,2,0
299033,299033,299035,2,0
299033,299033,299034,1,0
299033,299033,299035,2,0
299033,299033,299035,2,0
299033,299033,299035,2,0
299033,299033,299035,2,0
299033,299033,299035,2,0
299033,299033,299035,2,0
299033,299033,299035,2,0
299033,299034,299035,1,1
299033,299034,299035,1,1
299033,299033,299036,3,0
299033,299033,299035,2,0
299033,299033,299036,3,0
299033,299033,299036,3,0
299033,299033,299036,3,0
299033,299033,299036,3,0
299033,299033,299035,2,0
299033,299033,299036,3,0
299033,299033,299036,3,0
299035,299035,299036,1,0
299033,299033,299036,3,0
299033,299033,299035,2,0
299033,299033,299036,3,0
299033,299033,299035,2,0
299033,299033,299036,3,0
299033,299033,299036,3,0
299033,299034,299037,3,1
299033,299034,299037,3,1
299033,299034,299036,2,1
299033,299033,299036,3,0
299035,299035,299037,2,0
299035,299035,299037,2,0
299035,299035,299037,2,0
299035,299035,299036,1,0
299035,299035,299037,2,0
299035,299035,299037,2,0
299035,299035,299037,2,0
299035,299035,299037,2,0
299035,299035,299037,2,0
299035,299035,299037,2,0
299035,299035,299037,2,0
299035,299035,299037,2,0
299035,299035,299037,2,0
299035,299035,299036,1,0
299035,299035,299037,2,0
299035,299035,299037,2,0
299035,299035,299037,2,0
299035,299035,299037,2,0
299035,299035,299037,2,0
299035,299035,299037,2,0
299035,299035,299037,2,0
299035,299035,299037,2,0
299035,299035,299037,2,0
299033,299033,299037,4,0
299035,299035,299038,3,0
299035,299035,299038,3,0
299035,299036,299038,2,1
299035,299036,299038,2,1
299035,299036,299038,2,1
299035,299035,299038,3,0
299035,299036,299038,2,1
299035,299035,299038,3,0
299035,299036,299038,2,1
299035,299036,299038,2,1
299035,299035,299038,3,0
299035,299036,299038,2,1
299035,299036,299038,2,1
299035,299035,299038,3,0
299035,299035,299038,3,0
299035,299036,299038,2,1
299035,299036,299039,3,1
299035,299036,299038,2,1
299035,299037,299039,2,2
299035,299037,299039,2,2
299035,299036,299039,3,1
299033,299043,299044,1,10
299033,299043,299044,1,10
299033,299043,299044,1,10
299033,299043,299044,1,10
299033,299043,299044,1,10
299033,299043,299045,2,10
299033,299043,299045,2,10
298700,298700,299056,356,0
299060,299061,299062,1,1
299060,299061,299062,1,1
299060,299060,299062,2,0
299060,299061,299062,1,1
299060,299061,299062,1,1
299060,299061,299062,1,1
299060,299060,299062,2,0
299060,299061,299062,1,1
299060,299060,299062,2,0
299060,299061,299062,1,1
299060,299061,299062,1,1
299060,299060,299062,2,0
299060,299061,299062,1,1
299060,299061,299062,1,1
299060,299061,299062,1,1
299060,299060,299062,2,0
299060,299061,299062,1,1
299060,299061,299062,1,1
299060,299061,299062,1,1
299060,299060,299062,2,0
299060,299061,299062,1,1
299060,299061,299063,2,1
299060,299061,299063,2,1
299060,299061,299063,2,1
299060,299061,299063,2,1
299060,299061,299063,2,1
299060,299061,299063,2,1
299060,299061,299063,2,1
299060,299061,299063,2,1
299060,299061,299063,2,1
299060,299061,299063,2,1
299060,299061,299063,2,1
299060,299061,299063,2,1
299060,299061,299063,2,1
299060,299061,299063,2,1
299060,299061,299063,2,1
299060,299061,299063,2,1
299060,299061,299063,2,1
299060,299061,299063,2,1
299060,299061,299063,2,1
299060,299061,299063,2,1
299060,299061,299063,2,1
299060,299061,299063,2,1
299060,299061,299063,2,1
299060,299061,299063,2,1
298714,298714,299064,350,0
299074,299075,299076,1,1
299074,299075,299076,1,1
299074,299075,299076,1,1
299074,299074,299076,2,0
299074,299074,299076,2,0
299074,299074,299076,2,0
299074,299074,299076,2,0
299074,299075,299076,1,1
299074,299074,299076,2,0
299074,299074,299076,2,0
299074,299074,299076,2,0
299074,299074,299076,2,0
299074,299074,299076,2,0
299074,299074,299076,2,0
299074,299074,299076,2,0
299074,299074,299076,2,0
299074,299074,299076,2,0
299074,299074,299076,2,0
299074,299075,299076,1,1
299074,299074,299076,2,0
299074,299074,299076,2,0
299074,299074,299076,2,0
299074,299074,299076,2,0
299074,299075,299076,1,1
299074,299075,299076,1,1
299074,299074,299076,2,0
299074,299074,299076,2,0
299074,299074,299076,2,0
299074,299074,299076,2,0
299074,299075,299077,2,1
299074,299075,299076,1,1
299074,299075,299077,2,1
299074,299075,299077,2,1
299074,299075,299077,2,1
299074,299074,299077,3,0
299074,299074,299077,3,0
299074,299075,299077,2,1
299074,299074,299077,3,0
299074,299075,299077,2,1
299074,299075,299077,2,1
299074,299075,299077,2,1
299074,299074,299077,3,0
299074,299074,299077,3,0
299074,299074,299077,3,0
299074,299075,299077,2,1
298724,298724,299083,359,0
299088,299088,299090,2,0
299088,299088,299090,2,0
299088,299088,299090,2,0
299088,299088,299090,2,0
299088,299088,299090,2,0
299088,299088,299090,2,0
299088,299088,299090,2,0
299088,299089,299090,1,1
299088,299088,299090,2,0
299088,299089,299090,1,1
299088,299089,299090,1,1
299088,299088,299090,2,0
299088,299088,299090,2,0
299088,299088,299090,2,0
299088,299088,299090,2,0
299088,299088,299090,2,0
299088,299088,299090,2,0
299088,299088,299090,2,0
299088,299088,299090,2,0
299088,299088,299090,2,0
299088,299088,299090,2,0
299088,299088,299090,2,0
299088,299088,299090,2,0
299088,299088,299090,2,0
299088,299088,299090,2,0
299088,299088,299090,2,0
299088,299088,299090,2,0
299088,299088,299090,2,0
299088,299088,299090,2,0
299088,299088,299090,2,0
299088,299088,299090,2,0
299088,299088,299090,2,0
299088,299089,299091,2,1
299088,299089,299091,2,1
299088,299089,299090,1,1
299088,299089,299090,1,1
299088,299089,299091,2,1
299088,299088,299091,3,0
299088,299088,299091,3,0
299088,299088,299091,3,0
299088,299088,299090,2,0
299088,299088,299091,3,0
299088,299088,299091,3,0
299088,299088,299091,3,0
299088,299088,299091,3,0
298759,298759,299111,352,0
299112,299113,299114,1,1
299112,299113,299114,1,1
299112,299113,299114,1,1
299112,299113,299114,1,1
299112,299113,299114,1,1
299112,299113,299114,1,1
299112,299113,299114,1,1
299112,299113,299114,1,1
299112,299113,299114,1,1
299112,299113,299115,2,1
299112,299113,299114,1,1
299112,299113,299114,1,1
299112,299113,299114,1,1
299112,299113,299114,1,1
299112,299113,299114,1,1
299112,299113,299114,1,1
299112,299113,299114,1,1
299112,299113,299114,1,1
299112,299113,299114,1,1
299112,299113,299115,2,1
299112,299113,299114,1,1
299112,299113,299114,1,1
299112,299113,299114,1,1
299112,299113,299114,1,1
299112,299113,299115,2,1
299112,299113,299114,1,1
299112,299113,299114,1,1
299112,299113,299114,1,1
299112,299113,299114,1,1
299112,299113,299115,2,1
299112,299113,299114,1,1
299112,299113,299114,1,1
299112,299113,299114,1,1
299112,299113,299115,2,1
299112,299113,299115,2,1
299112,299113,299115,2,1
299112,299113,299115,2,1
299112,299113,299115,2,1
299112,299113,299115,2,1
299112,299113,299115,2,1
299112,299113,299115,2,1
299112,299113,299115,2,1
299112,299113,299115,2,1
299112,299113,299115,2,1
299112,299113,299115,2,1
298773,298773,299147,374,0
299148,299148,299150,2,0
299148,299148,299150,2,0
299148,299148,299150,2,0
299148,299148,299150,2,0
299148,299148,299150,2,0
299148,299148,299150,2,0
299148,299148,299150,2,0
299148,299148,299150,2,0
299148,299148,299150,2,0
299148,299148,299150,2,0
299148,299148,299150,2,0
299148,299148,299150,2,0
299148,299148,299150,2,0
299148,299148,299150,2,0
299148,299148,299150,2,0
299148,299148,299150,2,0
299148,299148,299150,2,0
299148,299148,299150,2,0
299148,299148,299150,2,0
299148,299148,299150,2,0
299148,299148,299150,2,0
299148,299148,299150,2,0
299148,299148,299150,2,0
299148,299148,299150,2,0
299148,299148,299150,2,0
299148,299148,299150,2,0
299148,299148,299150,2,0
299148,299148,299150,2,0
299148,299148,299150,2,0
299148,299148,299150,2,0
299148,299148,299150,2,0
299148,299148,299150,2,0
299148,299148,299151,3,0
299148,299148,299151,3,0
299148,299148,299150,2,0
299148,299148,299151,3,0
299148,299148,299151,3,0
299148,299148,299151,3,0
299148,299148,299150,2,0
299148,299148,299150,2,0
299148,299148,299151,3,0
299148,299148,299151,3,0
299148,299148,299151,3,0
298789,298789,299166,377,0
298819,298819,299168,349,0
299169,299169,299170,1,0
299169,299169,299170,1,0
299169,299169,299171,2,0
299169,299169,299171,2,0
299169,299169,299170,1,0
299169,299169,299171,2,0
299169,299169,299171,2,0
299169,299169,299171,2,0
299169,299169,299171,2,0
299169,299169,299171,2,0
299169,299169,299170,1,0
299169,299169,299171,2,0
299169,299169,299171,2,0
299169,299169,299171,2,0
299169,299169,299171,2,0
299169,299169,299171,2,0
299169,299169,299171,2,0
299169,299169,299170,1,0
299169,299169,299171,2,0
299169,299169,299171,2,0
299169,299169,299171,2,0
299169,299169,299171,2,0
299169,299169,299171,2,0
299169,299169,299171,2,0
299169,299169,299171,2,0
299169,299169,299171,2,0
299169,299169,299171,2,0
299169,299169,299171,2,0
299169,299169,299171,2,0
299169,299169,299171,2,0
299169,299169,299171,2,0
299169,299169,299171,2,0
299169,299169,299171,2,0
299169,299169,299171,2,0
299169,299169,299171,2,0
299169,299169,299172,3,0
299169,299169,299171,2,0
299169,299169,299172,3,0
299169,299169,299171,2,0
299169,299169,299172,3,0
299169,299169,299172,3,0
299171,299171,299173,2,0
299171,299171,299173,2,0
299171,299171,299173,2,0
299171,299171,299173,2,0
299171,299171,299173,2,0
299171,299171,299173,2,0
299171,299171,299173,2,0
299171,299171,299173,2,0
299171,299171,299173,2,0
299171,299171,299173,2,0
299171,299171,299173,2,0
299171,299171,299173,2,0
299171,299171,299173,2,0
299171,299171,299173,2,0
299171,299171,299173,2,0
299171,299171,299173,2,0
299171,299171,299173,2,0
299171,299171,299173,2,0
299171,299171,299173,2,0
299171,299171,299173,2,0
299171,299171,299173,2,0
299171,299171,299173,2,0
299171,299171,299173,2,0
299171,299171,299173,2,0
299171,299171,299173,2,0
299171,299171,299173,2,0
299171,299171,299173,2,0
299171,299171,299173,2,0
299171,299171,299173,2,0
299171,299171,299173,2,0
299148,299148,299150,2,0
299148,299148,299150,2,0
299171,299171,299174,3,0
299171,299171,299174,3,0
299171,299171,299174,3,0
299171,299171,299174,3,0
299171,299171,299174,3,0
299171,299171,299174,3,0
299171,299171,299174,3,0
299171,299171,299174,3,0
299171,299171,299174,3,0
299171,299171,299174,3,0
299171,299171,299174,3,0
299171,299171,299174,3,0
299171,299171,299174,3,0
299171,299171,299174,3,0
299171,299171,299174,3,0
298775,298776,299174,398,1
299169,299174,299175,1,5
299169,299174,299175,1,5
299169,299174,299176,2,5
299169,299174,299176,2,5
298839,298839,299186,347,0
299191,299191,299193,2,0
299191,299191,299193,2,0
299191,299191,299193,2,0
298800,298800,299192,392,0
299191,299191,299193,2,0
299191,299191,299193,2,0
299191,299191,299193,2,0
299191,299191,299193,2,0
299191,299191,299193,2,0
299191,299191,299193,2,0
299191,299191,299193,2,0
299191,299192,299193,1,1
299191,299192,299193,1,1
299191,299192,299193,1,1
299191,299191,299193,2,0
299191,299191,299193,2,0
299191,299191,299193,2,0
299191,299191,299193,2,0
299191,299191,299193,2,0
299191,299191,299193,2,0
299191,299192,299194,2,1
299191,299191,299193,2,0
299191,299191,299193,2,0
299191,299192,299193,1,1
299191,299191,299193,2,0
299191,299191,299193,2,0
299191,299192,299194,2,1
299191,299191,299193,2,0
299191,299191,299193,2,0
299191,299191,299193,2,0
299191,299192,299194,2,1
299191,299192,299193,1,1
299191,299191,299193,2,0
299191,299191,299194,3,0
299191,299191,299194,3,0
299191,299192,299193,1,1
299191,299192,299194,2,1
299191,299192,299193,1,1
299191,299191,299193,2,0
299191,299191,299194,3,0
299191,299192,299193,1,1
299191,299192,299193,1,1
299191,299192,299193,1,1
299191,299193,299194,1,2
299191,299191,299193,2,0
299191,299191,299193,2,0
299191,299191,299193,2,0
299191,299192,299194,2,1
299191,299192,299194,2,1
299191,299192,299193,1,1
299191,299192,299193,1,1
299191,299193,299194,1,2
299191,299191,299193,2,0
299191,299191,299194,3,0
299191,299191,299194,3,0
299191,299192,299193,1,1
299191,299192,299193,1,1
299191,299192,299193,1,1
299191,299191,299194,3,0
299191,299192,299193,1,1
299191,299192,299193,1,1
299191,299192,299194,2,1
298831,298831,299195,364,0
299191,299191,299194,3,0
299191,299191,299194,3,0
299191,299191,299194,3,0
299191,299193,299194,1,2
299191,299193,299194,1,2
299191,299193,299194,1,2
299191,299193,299194,1,2
299191,299193,299194,1,2
299191,299193,299194,1,2
299191,299193,299194,1,2
299191,299193,299194,1,2
299191,299193,299194,1,2
299191,299194,299195,1,3
299191,299194,299196,2,3
299191,299194,299196,2,3
299191,299194,299195,1,3
299191,299194,299196,2,3
299191,299194,299195,1,3
299191,299194,299196,2,3
299191,299194,299196,2,3
299191,299194,299196,2,3
299191,299194,299196,2,3
299191,299194,299196,2,3
299191,299194,299196,2,3
299191,299194,299196,2,3
299191,299194,299196,2,3
299191,299194,299196,2,3
299191,299194,299196,2,3
299191,299194,299196,2,3
299213,299213,299215,2,0
299213,299214,299215,1,1
299213,299214,299215,1,1
299213,299213,299215,2,0
299213,299213,299215,2,0
299213,299213,299215,2,0
299213,299213,299215,2,0
299213,299214,299215,1,1
299213,299214,299215,1,1
299213,299213,299215,2,0
299213,299213,299215,2,0
299213,299213,299215,2,0
299213,299213,299215,2,0
299213,299213,299215,2,0
299213,299213,299215,2,0
299213,299213,299215,2,0
299213,299213,299215,2,0
299213,299213,299215,2,0
299213,299213,299215,2,0
299213,299213,299215,2,0
299213,299213,299215,2,0
299213,299213,299215,2,0
299213,299213,299215,2,0
299213,299213,299215,2,0
299213,299213,299215,2,0
299213,299213,299215,2,0
299213,299213,299215,2,0
299213,299213,299215,2,0
299213,299213,299215,2,0
299213,299213,299215,2,0
299213,299213,299215,2,0
299213,299213,299216,3,0
299213,299214,299216,2,1
299213,299213,299216,3,0
299213,299213,299215,2,0
299213,299213,299216,3,0
299213,299213,299215,2,0
299213,299214,299216,2,1
299213,299214,299216,2,1
299213,299214,299216,2,1
299213,299213,299216,3,0
299213,299213,299216,3,0
299213,299213,299215,2,0
299213,299213,299216,3,0
299213,299213,299216,3,0
298866,298866,299221,355,0
299225,299225,299227,2,0
299225,299225,299227,2,0
299225,299225,299227,2,0
299225,299225,299227,2,0
299225,299225,299227,2,0
299225,299225,299227,2,0
299225,299225,299227,2,0
299225,299225,299227,2,0
299225,299225,299227,2,0
299225,299225,299227,2,0
299225,299225,299227,2,0
299225,299225,299227,2,0
299225,299225,299227,2,0
299225,299225,299227,2,0
299225,299225,299227,2,0
299225,299225,299227,2,0
299225,299225,299227,2,0
299225,299226,299227,1,1
299225,299226,299227,1,1
299225,299226,299227,1,1
299225,299225,299226,1,0
299225,299225,299227,2,0
299225,299225,299226,1,0
299225,299225,299227,2,0
299225,299225,299227,2,0
299225,299225,299226,1,0
299225,299225,299227,2,0
299225,299225,299227,2,0
299225,299225,299227,2,0
299225,299225,299227,2,0
299225,299225,299227,2,0
299225,299226,299227,1,1
299225,299225,299227,2,0
299225,299225,299227,2,0
299225,299225,299227,2,0
299225,299225,299227,2,0
299225,299225,299227,2,0
299225,299225,299228,3,0
299225,299225,299228,3,0
299225,299226,299227,1,1
299225,299226,299228,2,1
299225,299226,299228,2,1
299225,299225,299227,2,0
299225,299226,299228,2,1
299225,299226,299230,4,1
298874,298874,299235,361,0
299235,299235,299236,1,0
299235,299235,299237,2,0
299235,299235,299236,1,0
299235,299235,299236,1,0
299235,299235,299237,2,0
299235,299235,299236,1,0
299235,299235,299236,1,0
299235,299235,299237,2,0
299235,299235,299237,2,0
299235,299235,299237,2,0
299235,299235,299237,2,0
299235,299235,299236,1,0
299235,299235,299237,2,0
299235,299235,299237,2,0
299235,299235,299236,1,0
299235,299235,299236,1,0
299235,299235,299236,1,0
299235,299235,299237,2,0
299235,299235,299237,2,0
299235,299235,299236,1,0
299235,299235,299236,1,0
299235,299235,299236,1,0
299235,299235,299237,2,0
299235,299235,299237,2,0
299235,299235,299236,1,0
299235,299235,299236,1,0
299235,299235,299236,1,0
299235,299235,299237,2,0
299235,299235,299236,1,0
299235,299235,299237,2,0
299235,299235,299236,1,0
299235,299235,299237,2,0
299235,299235,299237,2,0
299235,299235,299238,3,0
299235,299235,299237,2,0
299235,299235,299237,2,0
299235,299235,299237,2,0
299235,299235,299237,2,0
299235,299235,299237,2,0
299235,299235,299238,3,0
299235,299235,299238,3,0
299235,299235,299238,3,0
299245,299245,299246,1,0
299245,299245,299247,2,0
299245,299245,299247,2,0
299245,299245,299246,1,0
299245,299245,299247,2,0
299245,299245,299247,2,0
299245,299245,299247,2,0
299245,299245,299247,2,0
299245,299245,299246,1,0
299245,299245,299247,2,0
299245,299245,299247,2,0
299245,299245,299247,2,0
299245,299245,299247,2,0
299245,299245,299247,2,0
299245,299245,299247,2,0
299245,299245,299247,2,0
299245,299245,299247,2,0
299245,299245,299247,2,0
299245,299245,299247,2,0
299245,299245,299247,2,0
299245,299245,299247,2,0
299245,299245,299247,2,0
299245,299245,299247,2,0
299245,299245,299247,2,0
299245,299245,299247,2,0
299245,299245,299247,2,0
299245,299245,299247,2,0
299245,299245,299247,2,0
299245,299245,299247,2,0
299245,299245,299247,2,0
299245,299245,299247,2,0
299245,299245,299248,3,0
299245,299245,299247,2,0
299245,299245,299247,2,0
299245,299245,299247,2,0
299245,299245,299248,3,0
299245,299245,299247,2,0
299245,299245,299248,3,0
299245,299245,299248,3,0
299245,299245,299248,3,0
299245,299245,299247,2,0
299245,299245,299248,3,0
299245,299245,299248,3,0
299245,299245,299248,3,0
298907,298907,299251,344,0
299245,299251,299252,1,6
299235,299251,299252,1,16
299235,299251,299252,1,16
299235,299251,299252,1,16
299262,299262,299263,1,0
299262,299262,299264,2,0
299262,299262,299263,1,0
299262,299262,299264,2,0
299262,299262,299264,2,0
299262,299262,299264,2,0
299262,299262,299263,1,0
299262,299262,299263,1,0
299262,299262,299263,1,0
299262,299262,299264,2,0
299262,299262,299263,1,0
299262,299262,299263,1,0
299262,299262,299263,1,0
299262,299262,299263,1,0
299262,299262,299263,1,0
299262,299262,299264,2,0
299262,299262,299263,1,0
299262,299262,299263,1,0
299262,299262,299263,1,0
299262,299262,299264,2,0
299262,299262,299263,1,0
299262,299262,299263,1,0
299262,299262,299263,1,0
299262,299262,299264,2,0
299262,299262,299264,2,0
299262,299262,299265,3,0
299262,299262,299264,2,0
299262,299262,299264,2,0
299262,299262,299264,2,0
299262,299262,299264,2,0
299262,299262,299264,2,0
299262,299262,299264,2,0
299262,299262,299264,2,0
299262,299262,299269,7,0
299262,299262,299275,13,0
299262,299262,299279,17,0
299262,299278,299279,1,16
299262,299278,299279,1,16
299262,299278,299279,1,16
299262,299278,299279,1,16
299262,299278,299280,2,16
299262,299278,299280,2,16
299262,299262,299285,23,0
298968,298968,299287,319,0
299262,299262,299265,3,0
299262,299262,299264,2,0
299297,299297,299298,1,0
299297,299297,299299,2,0
299297,299297,299299,2,0
299297,299297,299298,1,0
299297,299297,299298,1,0
299297,299297,299299,2,0
299297,299297,299298,1,0
299297,299297,299298,1,0
299297,299297,299298,1,0
299297,299297,299298,1,0
299297,299297,299298,1,0
299297,299297,299299,2,0
299297,299297,299298,1,0
299297,299297,299298,1,0
299297,299297,299298,1,0
299297,299297,299298,1,0
299297,299297,299299,2,0
299297,299297,299299,2,0
299297,299297,299299,2,0
299297,299297,299300,3,0
299297,299297,299300,3,0
299297,299297,299300,3,0
299297,299297,299300,3,0
299297,299297,299299,2,0
299297,299297,299300,3,0
299297,299297,299299,2,0
299297,299297,299299,2,0
299297,299297,299300,3,0
299297,299297,299300,3,0
299297,299297,299300,3,0
299297,299306,299307,1,9
299297,299306,299307,1,9
299297,299306,299307,1,9
299297,299306,299308,2,9
299297,299313,299314,1,16
299297,299313,299314,1,16
299297,299313,299315,2,16
299297,299313,299315,2,16
299297,299313,299315,2,16
299297,299320,299321,1,23
299297,299320,299321,1,23
299297,299320,299321,1,23
299297,299320,299322,2,23
299297,299320,299323,3,23
298985,298985,299326,341,0
299333,299333,299335,2,0
299333,299333,299334,1,0
299333,299333,299334,1,0
299333,299333,299335,2,0
299333,299333,299335,2,0
299333,299333,299335,2,0
299333,299333,299335,2,0
299333,299333,299335,2,0
299333,299333,299335,2,0
299333,299333,299335,2,0
299333,299334,299335,1,1
299333,299334,299335,1,1
299333,299334,299335,1,1
299333,299334,299335,1,1
299333,299333,299335,2,0
299333,299333,299335,2,0
299333,299333,299335,2,0
299333,299333,299334,1,0
299333,299333,299335,2,0
299333,299333,299335,2,0
299333,299333,299335,2,0
299333,299333,299335,2,0
299333,299333,299335,2,0
299333,299333,299334,1,0
299333,299333,299335,2,0
299333,299333,299336,3,0
299333,299333,299336,3,0
299333,299333,299336,3,0
299333,299333,299336,3,0
299333,299333,299336,3,0
299333,299333,299336,3,0
299333,299333,299335,2,0
299333,299334,299336,2,1
299333,299334,299336,2,1
299333,299333,299336,3,0
299333,299333,299336,3,0
299333,299333,299335,2,0
299333,299333,299336,3,0
299333,299333,299336,3,0
299333,299333,299336,3,0
299333,299333,299336,3,0
299333,299333,299336,3,0
299333,299333,299336,3,0
299333,299333,299336,3,0
299333,299333,299337,4,0
298983,298983,299347,364,0
298998,298998,299349,351,0
299348,299348,299350,2,0
299348,299348,299350,2,0
299348,299349,299350,1,1
299348,299349,299350,1,1
299348,299348,299349,1,0
299348,299348,299350,2,0
299348,299348,299350,2,0
299348,299348,299350,2,0
299348,299348,299350,2,0
299348,299348,299350,2,0
299348,299348,299350,2,0
299348,299348,299350,2,0
299348,299348,299350,2,0
299348,299348,299350,2,0
299348,299348,299350,2,0
299348,299348,299350,2,0
299348,299348,299350,2,0
299348,299348,299350,2,0
299348,299348,299350,2,0
299348,299348,299350,2,0
299348,299348,299350,2,0
299348,299348,299351,3,0
299348,299348,299350,2,0
299348,299348,299350,2,0
299348,299348,299351,3,0
299348,299349,299351,2,1
299348,299348,299350,2,0
299348,299348,299351,3,0
299348,299348,299351,3,0
299348,299348,299351,3,0
299348,299348,299351,3,0
299348,299348,299351,3,0
299348,299348,299350,2,0
299348,299348,299351,3,0
299348,299348,299350,2,0
299348,299348,299351,3,0
299348,299348,299350,2,0
299348,299348,299351,3,0
299348,299348,299351,3,0
299348,299348,299351,3,0
299348,299348,299352,4,0
299348,299348,299352,4,0
299348,299349,299352,3,1
299348,299348,299351,3,0
299348,299348,299352,4,0
299352,299352,299354,2,0
299352,299352,299354,2,0
299352,299352,299354,2,0
299352,299352,299354,2,0
299352,299352,299354,2,0
299352,299352,299354,2,0
299352,299352,299354,2,0
299352,299352,299354,2,0
299352,299352,299354,2,0
299352,299352,299354,2,0
299352,299352,299354,2,0
299352,299352,299354,2,0
299352,299352,299354,2,0
299352,299352,299354,2,0
299352,299352,299354,2,0
299352,299352,299354,2,0
299352,299352,299354,2,0
299352,299352,299354,2,0
299352,299352,299353,1,0
299352,299352,299354,2,0
299352,299352,299354,2,0
299352,299352,299354,2,0
299352,299352,299354,2,0
299352,299352,299355,3,0
299352,299352,299355,3,0
299352,299352,299355,3,0
299352,299352,299355,3,0
299352,299352,299355,3,0
299352,299352,299354,2,0
299352,299352,299355,3,0
299352,299352,299354,2,0
299352,299352,299355,3,0
299352,299352,299355,3,0
299352,299352,299354,2,0
299352,299352,299355,3,0
299352,299353,299355,2,1
299352,299352,299355,3,0
299352,299352,299354,2,0
299352,299352,299354,2,0
299352,299352,299355,3,0
299352,299352,299355,3,0
299352,299352,299355,3,0
299352,299352,299355,3,0
299352,299352,299356,4,0
299352,299352,299356,4,0
299034,299034,299401,367,0
299403,299404,299405,1,1
299403,299404,299405,1,1
299403,299404,299406,2,1
299403,299404,299405,1,1
299403,299404,299405,1,1
299403,299404,299405,1,1
299403,299404,299405,1,1
299403,299404,299405,1,1
299403,299404,299405,1,1
299403,299404,299405,1,1
299403,299404,299405,1,1
299403,299404,299405,1,1
299403,299404,299405,1,1
299403,299404,299405,1,1
299403,299404,299405,1,1
299403,299404,299405,1,1
299403,299404,299405,1,1
299403,299404,299405,1,1
299403,299404,299405,1,1
299403,299404,299405,1,1
299403,299404,299405,1,1
299403,299404,299405,1,1
299403,299404,299405,1,1
299403,299404,299406,2,1
299403,299404,299406,2,1
299403,299404,299406,2,1
299403,299404,299406,2,1
299403,299404,299407,3,1
299403,299404,299406,2,1
299403,299404,299406,2,1
299403,299404,299406,2,1
299403,299404,299407,3,1
299403,299404,299406,2,1
299403,299404,299406,2,1
299403,299404,299406,2,1
299403,299404,299406,2,1
299403,299404,299407,3,1
299403,299404,299406,2,1
299403,299404,299406,2,1
299403,299404,299407,3,1
299403,299404,299407,3,1
299403,299404,299407,3,1
299037,299037,299410,373,0
299062,299062,299412,350,0
299411,299411,299413,2,0
299411,299411,299413,2,0
299411,299411,299412,1,0
299411,299411,299413,2,0
299411,299411,299413,2,0
299411,299411,299413,2,0
299411,299411,299412,1,0
299411,299411,299413,2,0
299411,299411,299413,2,0
299411,299411,299413,2,0
299411,299411,299413,2,0
299411,299411,299413,2,0
299411,299411,299413,2,0
299411,299411,299413,2,0
299411,299411,299413,2,0
299411,299411,299413,2,0
299411,299411,299413,2,0
299411,299411,299413,2,0
299411,299411,299413,2,0
299411,299411,299413,2,0
299411,299411,299413,2,0
299411,299411,299413,2,0
299403,299405,299413,8,2
299411,299412,299413,1,1
299411,299412,299413,1,1
299411,299412,299414,2,1
299411,299412,299414,2,1
299411,299411,299414,3,0
299411,299411,299414,3,0
299411,299411,299413,2,0
299411,299411,299414,3,0
299411,299411,299414,3,0
299411,299411,299414,3,0
299411,299411,299414,3,0
299411,299411,299414,3,0
299411,299411,299414,3,0
299411,299411,299414,3,0
299411,299411,299413,2,0
299411,299411,299414,3,0
299411,299411,299414,3,0
299411,299411,299413,2,0
299411,299411,299415,4,0
299403,299405,299414,9,2
299411,299411,299415,4,0
299413,299413,299415,2,0
299413,299413,299414,1,0
299413,299413,299415,2,0
299411,299412,299415,3,1
299413,299413,299415,2,0
299413,299413,299415,2,0
299413,299413,299415,2,0
299413,299413,299415,2,0
299413,299413,299415,2,0
299413,299413,299415,2,0
299413,299413,299415,2,0
299411,299411,299415,4,0
299413,299413,299415,2,0
299413,299413,299415,2,0
299413,299413,299415,2,0
299413,299413,299415,2,0
299413,299413,299415,2,0
299413,299413,299415,2,0
299413,299413,299415,2,0
299413,299413,299415,2,0
299413,299413,299415,2,0
299411,299411,299414,3,0
299413,299413,299415,2,0
299413,299413,299415,2,0
299413,299413,299415,2,0
299413,299413,299415,2,0
299413,299414,299416,2,1
299413,299414,299416,2,1
299413,299414,299416,2,1
299413,299414,299416,2,1
299413,299414,299416,2,1
299413,299414,299416,2,1
299413,299413,299416,3,0
299413,299414,299416,2,1
299413,299414,299416,2,1
299413,299413,299416,3,0
299413,299413,299416,3,0
299413,299413,299416,3,0
299413,299413,299416,3,0
299413,299413,299416,3,0
299413,299413,299416,3,0
299413,299413,299416,3,0
299413,299413,299416,3,0
299413,299413,299416,3,0
299413,299414,299417,3,1
299413,299413,299417,4,0
299413,299413,299417,4,0
299403,299405,299417,12,2
299413,299414,299422,8,1
299090,299090,299432,342,0
299439,299439,299441,2,0
299439,299439,299441,2,0
299439,299439,299441,2,0
299439,299439,299441,2,0
299439,299439,299441,2,0
299439,299439,299441,2,0
299439,299439,299441,2,0
299439,299439,299441,2,0
299439,299439,299440,1,0
299439,299439,299441,2,0
299439,299439,299441,2,0
299439,299439,299440,1,0
299439,299439,299441,2,0
299439,299440,299441,1,1
299439,299440,299441,1,1
299439,299440,299441,1,1
299439,299440,299441,1,1
299439,299439,299441,2,0
299439,299439,299441,2,0
299439,299439,299441,2,0
299439,299439,299441,2,0
299439,299439,299442,3,0
299439,299439,299442,3,0
299439,299439,299441,2,0
299439,299439,299441,2,0
299439,299439,299441,2,0
299439,299439,299442,3,0
299439,299439,299442,3,0
299439,299439,299442,3,0
299439,299439,299442,3,0
299439,299439,299442,3,0
299439,299439,299441,2,0
299439,299439,299442,3,0
299439,299439,299442,3,0
299439,299439,299442,3,0
299439,299439,299442,3,0
299439,299439,299442,3,0
299439,299440,299442,2,1
299439,299439,299442,3,0
299439,299439,299442,3,0
299439,299439,299442,3,0
299439,299439,299442,3,0
299439,299440,299443,3,1
299076,299076,299446,370,0
299439,299439,299447,8,0
299439,299439,299447,8,0
299449,299450,299451,1,1
299449,299450,299451,1,1
299449,299450,299451,1,1
299449,299450,299451,1,1
299449,299450,299451,1,1
299449,299450,299452,2,1
299449,299450,299451,1,1
299449,299450,299451,1,1
299449,299450,299451,1,1
299449,299450,299451,1,1
299449,299450,299451,1,1
299449,299450,299451,1,1
299449,299450,299451,1,1
299449,299450,299451,1,1
299449,299450,299451,1,1
299449,299450,299451,1,1
299449,299450,299451,1,1
299449,299450,299451,1,1
299449,299450,299451,1,1
299449,299450,299451,1,1
299449,299450,299451,1,1
299449,299450,299452,2,1
299449,299450,299452,2,1
299449,299450,299452,2,1
299449,299450,299452,2,1
299449,299450,299452,2,1
299449,299450,299452,2,1
299449,299450,299452,2,1
299449,299450,299452,2,1
299449,299450,299452,2,1
299449,299450,299452,2,1
299449,299450,299452,2,1
299449,299450,299453,3,1
299449,299450,299452,2,1
299449,299450,299453,3,1
299449,299450,299453,3,1
299449,299450,299453,3,1
299449,299450,299453,3,1
299449,299450,299453,3,1
299449,299450,299452,2,1
299114,299114,299458,344,0
299460,299461,299463,2,1
299460,299461,299462,1,1
299460,299461,299463,2,1
299460,299461,299462,1,1
299460,299461,299462,1,1
299460,299461,299462,1,1
299460,299461,299462,1,1
299460,299461,299463,2,1
299460,299461,299462,1,1
299460,299461,299462,1,1
299460,299461,299462,1,1
299460,299461,299462,1,1
299460,299461,299462,1,1
299460,299461,299462,1,1
299460,299461,299462,1,1
299460,299461,299462,1,1
299460,299461,299462,1,1
299460,299461,299462,1,1
299460,299461,299462,1,1
299460,299461,299462,1,1
299460,299461,299462,1,1
299460,299461,299463,2,1
299460,299461,299463,2,1
299460,299461,299463,2,1
299460,299461,299463,2,1
299460,299461,299464,3,1
299460,299461,299464,3,1
299460,299461,299463,2,1
299460,299461,299463,2,1
299460,299461,299463,2,1
299460,299461,299463,2,1
299460,299461,299463,2,1
299460,299461,299463,2,1
299460,299461,299463,2,1
299460,299461,299463,2,1
299460,299461,299463,2,1
299460,299461,299463,2,1
299460,299461,299463,2,1
299460,299461,299463,2,1
299460,299461,299463,2,1
299460,299461,299463,2,1
299460,299461,299464,3,1
299460,299461,299464,3,1
299460,299461,299464,3,1
299449,299468,299469,1,19
299449,299468,299469,1,19
299449,299468,299469,1,19
299460,299468,299469,1,8
299449,299468,299470,2,19
299449,299468,299470,2,19
299149,299149,299521,372,0
299522,299523,299524,1,1
299522,299523,299525,2,1
299522,299523,299524,1,1
299522,299523,299524,1,1
299522,299523,299524,1,1
299522,299523,299525,2,1
299522,299523,299524,1,1
299522,299523,299524,1,1
299522,299523,299524,1,1
299522,299523,299524,1,1
299522,299523,299524,1,1
299522,299523,299524,1,1
299522,299523,299524,1,1
299522,299523,299524,1,1
299522,299523,299524,1,1
299522,299523,299524,1,1
299522,299523,299524,1,1
299522,299523,299524,1,1
299522,299523,299524,1,1
299522,299523,299524,1,1
299522,299523,299524,1,1
299522,299523,299524,1,1
299522,299523,299524,1,1
299522,299523,299524,1,1
299522,299523,299524,1,1
299522,299523,299524,1,1
299522,299523,299525,2,1
299522,299523,299525,2,1
299522,299523,299525,2,1
299522,299523,299525,2,1
299522,299523,299525,2,1
299522,299523,299525,2,1
299522,299523,299525,2,1
299522,299523,299525,2,1
299522,299523,299526,3,1
299522,299523,299525,2,1
299522,299523,299525,2,1
299522,299523,299525,2,1
299522,299523,299525,2,1
299522,299523,299525,2,1
299522,299523,299525,2,1
299522,299523,299525,2,1
299522,299523,299525,2,1
299522,299523,299525,2,1
299522,299523,299525,2,1
299172,299173,299532,359,1
299535,299535,299537,2,0
299535,299535,299537,2,0
299535,299535,299537,2,0
299535,299535,299537,2,0
299535,299535,299537,2,0
299535,299535,299537,2,0
299535,299535,299537,2,0
299535,299535,299537,2,0
299535,299535,299537,2,0
299535,299535,299536,1,0
299535,299535,299536,1,0
299535,299535,299536,1,0
299535,299535,299537,2,0
299535,299535,299536,1,0
299535,299535,299537,2,0
299535,299535,299537,2,0
299535,299535,299536,1,0
299535,299535,299536,1,0
299535,299535,299537,2,0
299535,299535,299537,2,0
299535,299535,299537,2,0
299535,299535,299536,1,0
299535,299535,299536,1,0
299535,299535,299537,2,0
299535,299535,299537,2,0
299535,299535,299537,2,0
299535,299535,299536,1,0
299535,299535,299536,1,0
299535,299535,299536,1,0
299535,299535,299536,1,0
299535,299535,299537,2,0
299535,299535,299537,2,0
299535,299535,299537,2,0
299535,299535,299538,3,0
299535,299535,299537,2,0
299535,299535,299538,3,0
299535,299535,299537,2,0
299535,299535,299537,2,0
299535,299535,299537,2,0
299535,299535,299537,2,0
299535,299535,299537,2,0
299535,299535,299538,3,0
299535,299535,299537,2,0
299535,299535,299537,2,0
299535,299535,299537,2,0
299170,299170,299540,370,0
299547,299547,299549,2,0
299547,299547,299549,2,0
299547,299547,299548,1,0
299547,299547,299549,2,0
299547,299547,299549,2,0
299547,299547,299549,2,0
299547,299547,299549,2,0
299547,299547,299549,2,0
299547,299547,299549,2,0
299547,299547,299549,2,0
299547,299547,299549,2,0
299547,299547,299549,2,0
299547,299547,299549,2,0
299547,299547,299549,2,0
299547,299547,299549,2,0
299547,299547,299548,1,0
299547,299547,299549,2,0
299547,299547,299549,2,0
299547,299547,299548,1,0
299547,299547,299549,2,0
299547,299547,299549,2,0
299547,299547,299549,2,0
299547,299547,299549,2,0
299547,299547,299549,2,0
299547,299547,299549,2,0
299547,299547,299549,2,0
299547,299547,299549,2,0
299547,299547,299549,2,0
299547,299547,299549,2,0
299547,299547,299549,2,0
299547,299547,299549,2,0
299547,299547,299549,2,0
299547,299547,299549,2,0
299547,299547,299550,3,0
299547,299547,299550,3,0
299547,299547,299549,2,0
299547,299547,299549,2,0
299547,299547,299550,3,0
299547,299547,299549,2,0
299547,299547,299550,3,0
299547,299547,299549,2,0
299547,299547,299550,3,0
299547,299547,299550,3,0
299547,299547,299549,2,0
299547,299547,299550,3,0
299193,299194,299561,367,1
299563,299563,299564,1,0
299563,299563,299565,2,0
299563,299563,299565,2,0
299563,299563,299564,1,0
299563,299563,299564,1,0
299563,299563,299565,2,0
299563,299563,299564,1,0
299563,299563,299565,2,0
299563,299563,299565,2,0
299563,299563,299565,2,0
299563,299563,299565,2,0
299563,299563,299564,1,0
299563,299563,299565,2,0
299563,299563,299564,1,0
299563,299563,299565,2,0
299563,299563,299565,2,0
299563,299563,299564,1,0
299563,299563,299565,2,0
299563,299563,299565,2,0
299563,299563,299565,2,0
299563,299563,299565,2,0
299563,299563,299564,1,0
299563,299563,299565,2,0
299563,299563,299565,2,0
299563,299563,299565,2,0
299563,299563,299565,2,0
299563,299563,299565,2,0
299563,299563,299565,2,0
299563,299563,299565,2,0
299563,299563,299565,2,0
299563,299563,299565,2,0
299563,299563,299566,3,0
299563,299563,299565,2,0
299563,299563,299565,2,0
299563,299563,299565,2,0
299563,299563,299565,2,0
299563,299563,299565,2,0
299563,299563,299566,3,0
299563,299563,299565,2,0
299563,299565,299567,2,2
299563,299566,299569,3,3
299214,299214,299574,360,0
299576,299576,299578,2,0
299576,299576,299578,2,0
299576,299576,299578,2,0
299576,299576,299578,2,0
299576,299577,299578,1,1
299576,299577,299578,1,1
299576,299577,299578,1,1
299576,299576,299578,2,0
299576,299576,299578,2,0
299576,299576,299578,2,0
299576,299576,299578,2,0
299576,299577,299578,1,1
299576,299577,299578,1,1
299576,299577,299578,1,1
299576,299576,299578,2,0
299576,299576,299578,2,0
299576,299576,299578,2,0
299576,299577,299578,1,1
299576,299577,299578,1,1
299576,299577,299578,1,1
299576,299577,299579,2,1
299576,299576,299578,2,0
299576,299576,299578,2,0
299576,299576,299578,2,0
299576,299577,299578,1,1
299576,299577,299578,1,1
299576,299577,299579,2,1
299576,299576,299579,3,0
299576,299577,299579,2,1
299576,299577,299579,2,1
299576,299577,299579,2,1
299576,299577,299579,2,1
299576,299577,299579,2,1
299576,299577,299578,1,1
299576,299577,299578,1,1
299576,299577,299581,4,1
299576,299577,299582,5,1
299563,299563,299565,2,0
299563,299563,299565,2,0
299563,299563,299566,3,0
299576,299584,299585,1,8
299576,299584,299585,1,8
299226,299226,299586,360,0
299588,299588,299590,2,0
299588,299588,299590,2,0
299588,299588,299590,2,0
299588,299588,299590,2,0
299588,299588,299590,2,0
299588,299588,299590,2,0
299588,299588,299590,2,0
299588,299588,299590,2,0
299588,299588,299590,2,0
299588,299588,299590,2,0
299588,299588,299590,2,0
299588,299588,299590,2,0
299588,299588,299590,2,0
299588,299588,299590,2,0
299588,299588,299590,2,0
299588,299588,299590,2,0
299588,299588,299590,2,0
299588,299588,299590,2,0
299588,299588,299590,2,0
299588,299588,299590,2,0
299588,299588,299590,2,0
299588,299588,299590,2,0
299588,299588,299590,2,0
299588,299588,299590,2,0
299588,299588,299590,2,0
299588,299588,299590,2,0
299588,299588,299590,2,0
299588,299588,299590,2,0
299588,299588,299590,2,0
299588,299588,299591,3,0
299588,299588,299590,2,0
299588,299588,299591,3,0
299588,299588,299591,3,0
299588,299588,299591,3,0
299588,299588,299590,2,0
299588,299588,299591,3,0
299588,299588,299591,3,0
299588,299588,299591,3,0
299588,299588,299590,2,0
299588,299588,299591,3,0
299588,299588,299591,3,0
299576,299594,299595,1,18
299576,299594,299595,1,18
299576,299594,299595,1,18
299576,299594,299595,1,18
299576,299594,299595,1,18
299576,299594,299596,2,18
299563,299566,299599,33,3
299588,299606,299607,1,18
299588,299606,299607,1,18
299236,299236,299608,372,0
299611,299611,299613,2,0
299611,299611,299613,2,0
299611,299611,299613,2,0
299611,299611,299613,2,0
299611,299611,299613,2,0
299611,299611,299613,2,0
299611,299611,299613,2,0
299611,299611,299613,2,0
299611,299611,299613,2,0
299611,299611,299613,2,0
299611,299611,299613,2,0
299611,299611,299613,2,0
299611,299611,299613,2,0
299611,299611,299613,2,0
299611,299611,299613,2,0
299611,299611,299613,2,0
299611,299611,299613,2,0
299611,299611,299613,2,0
299611,299611,299613,2,0
299611,299611,299613,2,0
299611,299612,299613,1,1
299611,299612,299613,1,1
299611,299612,299613,1,1
299611,299612,299613,1,1
299611,299611,299613,2,0
299611,299611,299613,2,0
299611,299611,299613,2,0
299611,299611,299613,2,0
299611,299611,299613,2,0
299611,299611,299613,2,0
299611,299611,299613,2,0
299611,299611,299613,2,0
299611,299611,299613,2,0
299611,299611,299613,2,0
299611,299611,299613,2,0
299611,299611,299613,2,0
299611,299612,299614,2,1
299611,299611,299614,3,0
299611,299611,299614,3,0
299611,299611,299614,3,0
299611,299611,299614,3,0
299248,299248,299614,366,0
299611,299612,299614,2,1
299611,299612,299614,2,1
299611,299611,299614,3,0
299611,299611,299614,3,0
299246,299246,299618,372,0
299621,299622,299623,1,1
299621,299621,299623,2,0
299621,299621,299623,2,0
299621,299621,299623,2,0
299621,299621,299623,2,0
299621,299621,299623,2,0
299621,299621,299623,2,0
299621,299621,299623,2,0
299621,299621,299623,2,0
299621,299621,299623,2,0
299621,299621,299623,2,0
299621,299621,299623,2,0
299621,299621,299623,2,0
299621,299621,299623,2,0
299621,299621,299623,2,0
299621,299621,299623,2,0
299621,299621,299623,2,0
299621,299621,299623,2,0
299621,299621,299623,2,0
299621,299621,299623,2,0
299621,299621,299623,2,0
299621,299621,299623,2,0
299621,299621,299624,3,0
299621,299621,299624,3,0
299621,299622,299624,2,1
299621,299622,299624,2,1
299621,299621,299624,3,0
299621,299621,299624,3,0
299621,299621,299624,3,0
299621,299621,299624,3,0
299621,299621,299624,3,0
299621,299621,299624,3,0
299621,299621,299624,3,0
299621,299621,299624,3,0
299621,299621,299624,3,0
299621,299621,299624,3,0
299621,299621,299624,3,0
299621,299621,299624,3,0
299621,299621,299624,3,0
299263,299263,299625,362,0
299632,299632,299633,1,0
299632,299632,299634,2,0
299632,299632,299634,2,0
299632,299632,299633,1,0
299632,299632,299634,2,0
299632,299632,299633,1,0
299632,299632,299634,2,0
299632,299632,299634,2,0
299632,299632,299633,1,0
299632,299632,299633,1,0
299632,299632,299633,1,0
299632,299632,299633,1,0
299632,299632,299634,2,0
299632,299632,299633,1,0
299632,299632,299633,1,0
299632,299632,299634,2,0
299632,299632,299633,1,0
299632,299632,299633,1,0
299632,299632,299633,1,0
299632,299632,299633,1,0
299632,299632,299633,1,0
299632,299632,299633,1,0
299632,299632,299633,1,0
299632,299632,299633,1,0
299632,299632,299633,1,0
299632,299632,299633,1,0
299632,299632,299633,1,0
299632,299632,299634,2,0
299632,299632,299634,2,0
299634,299634,299635,1,0
299632,299632,299634,2,0
299632,299632,299634,2,0
299632,299632,299634,2,0
299634,299634,299635,1,0
299634,299634,299635,1,0
299634,299634,299635,1,0
299634,299634,299635,1,0
299632,299632,299634,2,0
299632,299632,299634,2,0
299632,299632,299634,2,0
299632,299632,299634,2,0
299632,299632,299634,2,0
299632,299632,299634,2,0
299632,299632,299634,2,0
299634,299634,299635,1,0
299634,299634,299635,1,0
299634,299634,299636,2,0
299634,299634,299636,2,0
299634,299634,299636,2,0
299634,299634,299636,2,0
299634,299634,299635,1,0
299634,299634,299635,1,0
299634,299634,299635,1,0
299634,299634,299635,1,0
299634,299634,299635,1,0
299634,299634,299635,1,0
299634,299634,299636,2,0
299634,299634,299636,2,0
299634,299634,299635,1,0
299634,299634,299635,1,0
299634,299634,299635,1,0
299634,299634,299635,1,0
299634,299634,299635,1,0
299634,299634,299636,2,0
299634,299634,299636,2,0
299634,299634,299636,2,0
299634,299634,299636,2,0
299634,299634,299636,2,0
299634,299634,299635,1,0
299634,299634,299636,2,0
299634,299634,299636,2,0
299634,299634,299636,2,0
299634,299634,299636,2,0
299634,299635,299637,2,1
299634,299634,299636,2,0
299634,299634,299637,3,0
299634,299635,299637,2,1
299634,299635,299637,2,1
299634,299635,299636,1,1
299634,299635,299637,2,1
299634,299635,299637,2,1
299634,299635,299637,2,1
299634,299634,299636,2,0
299634,299634,299636,2,0
299621,299640,299641,1,19
299621,299640,299641,1,19
299621,299640,299641,1,19
299621,299640,299641,1,19
299621,299640,299641,1,19
299621,299640,299642,2,19
299632,299648,299649,1,16
299632,299648,299649,1,16
299632,299648,299649,1,16
299632,299648,299650,2,16
299632,299648,299650,2,16
299632,299648,299651,3,16
299334,299334,299694,360,0
299298,299320,299695,375,22
299695,299695,299696,1,0
299695,299695,299696,1,0
299695,299695,299696,1,0
299695,299695,299696,1,0
299695,299695,299696,1,0
299695,299695,299697,2,0
299695,299695,299697,2,0
299695,299695,299696,1,0
299695,299695,299696,1,0
299695,299695,299696,1,0
299695,299695,299697,2,0
299695,299695,299696,1,0
299695,299695,299696,1,0
299695,299695,299697,2,0
299695,299695,299696,1,0
299695,299695,299696,1,0
299695,299695,299696,1,0
299695,299695,299696,1,0
299695,299695,299697,2,0
299695,299695,299696,1,0
299695,299695,299696,1,0
299695,299695,299696,1,0
299695,299695,299696,1,0
299695,299695,299697,2,0
299695,299695,299697,2,0
299695,299695,299696,1,0
299695,299695,299696,1,0
299695,299695,299696,1,0
299695,299695,299696,1,0
299695,299695,299697,2,0
299695,299695,299697,2,0
299697,299697,299698,1,0
299697,299697,299698,1,0
299695,299695,299697,2,0
299695,299695,299697,2,0
299695,299695,299697,2,0
299695,299695,299697,2,0
299695,299695,299697,2,0
299695,299695,299697,2,0
299695,299695,299697,2,0
299695,299695,299697,2,0
299695,299695,299697,2,0
299695,299695,299697,2,0
299695,299695,299697,2,0
299695,299695,299697,2,0
299695,299695,299697,2,0
299695,299695,299697,2,0
299697,299697,299698,1,0
299697,299697,299698,1,0
299697,299697,299698,1,0
299697,299697,299698,1,0
299697,299697,299698,1,0
299697,299697,299698,1,0
299697,299697,299698,1,0
299697,299697,299698,1,0
299697,299697,299698,1,0
299697,299697,299698,1,0
299697,299697,299699,2,0
299697,299697,299698,1,0
299697,299697,299698,1,0
299697,299697,299698,1,0
299697,299697,299698,1,0
299697,299697,299698,1,0
299697,299697,299698,1,0
299697,299697,299698,1,0
299697,299697,299698,1,0
299697,299697,299699,2,0
299697,299697,299698,1,0
299697,299697,299698,1,0
299697,299697,299698,1,0
299697,299697,299698,1,0
299697,299697,299698,1,0
299697,299697,299699,2,0
299697,299697,299699,2,0
299697,299697,299698,1,0
299697,299697,299699,2,0
299697,299697,299698,1,0
299697,299697,299699,2,0
299697,299697,299699,2,0
299697,299697,299699,2,0
299697,299697,299699,2,0
299697,299697,299699,2,0
299697,299697,299699,2,0
299697,299697,299699,2,0
299697,299697,299699,2,0
299697,299697,299699,2,0
299697,299697,299699,2,0
299697,299697,299699,2,0
299697,299697,299699,2,0
299697,299697,299699,2,0
299353,299354,299751,397,1
299752,299753,299754,1,1
299752,299753,299754,1,1
299752,299753,299754,1,1
299752,299753,299754,1,1
299752,299753,299754,1,1
299752,299753,299754,1,1
299752,299753,299755,2,1
299752,299753,299754,1,1
299752,299753,299754,1,1
299752,299753,299754,1,1
299752,299753,299754,1,1
299752,299753,299754,1,1
299752,299753,299754,1,1
299752,299753,299754,1,1
299752,299753,299754,1,1
299752,299753,299754,1,1
299752,299753,299754,1,1
299752,299753,299754,1,1
299752,299753,299755,2,1
299752,299753,299755,2,1
299752,299753,299755,2,1
299752,299753,299755,2,1
299752,299753,299755,2,1
299752,299753,299755,2,1
299752,299753,299755,2,1
299752,299753,299756,3,1
299752,299753,299755,2,1
299752,299753,299756,3,1
299752,299753,299755,2,1
299752,299753,299755,2,1
299752,299753,299755,2,1
299752,299753,299755,2,1
299752,299753,299755,2,1
299752,299753,299756,3,1
299752,299753,299756,3,1
299752,299753,299756,3,1
299752,299756,299758,2,4
299752,299756,299757,1,4
299752,299756,299757,1,4
299405,299405,299759,354,0
299752,299756,299758,2,4
299752,299756,299759,3,4
299752,299759,299761,2,7
299752,299759,299761,2,7
299760,299760,299762,2,0
299760,299760,299762,2,0
299760,299760,299762,2,0
299760,299760,299762,2,0
299760,299760,299762,2,0
299760,299760,299762,2,0
299760,299760,299762,2,0
299760,299760,299762,2,0
299760,299761,299762,1,1
299760,299761,299762,1,1
299760,299761,299762,1,1
299760,299760,299762,2,0
299760,299760,299762,2,0
299760,299760,299762,2,0
299752,299759,299762,3,7
299752,299759,299761,2,7
299760,299760,299762,2,0
299760,299760,299762,2,0
299760,299760,299762,2,0
299760,299760,299762,2,0
299760,299760,299762,2,0
299760,299760,299762,2,0
299760,299760,299762,2,0
299760,299760,299762,2,0
299760,299760,299763,3,0
299760,299760,299763,3,0
299760,299760,299763,3,0
299760,299760,299763,3,0
299760,299760,299763,3,0
299760,299760,299762,2,0
299760,299760,299763,3,0
299760,299760,299763,3,0
299760,299761,299763,2,1
299760,299761,299763,2,1
299760,299760,299763,3,0
299760,299760,299763,3,0
299760,299760,299763,3,0
299760,299760,299763,3,0
299760,299760,299763,3,0
299760,299760,299763,3,0
299760,299760,299763,3,0
299760,299760,299763,3,0
299760,299760,299763,3,0
299760,299760,299764,4,0
299760,299760,299764,4,0
299760,299761,299764,3,1
299760,299760,299764,4,0
299412,299412,299766,354,0
299349,299349,299773,424,0
299772,299773,299774,1,1
299772,299773,299775,2,1
299772,299773,299774,1,1
299772,299773,299775,2,1
299772,299773,299774,1,1
299772,299773,299774,1,1
299772,299773,299775,2,1
299772,299773,299774,1,1
299772,299773,299775,2,1
299772,299773,299774,1,1
299772,299773,299774,1,1
299772,299773,299774,1,1
299772,299773,299774,1,1
299772,299773,299774,1,1
299772,299773,299774,1,1
299772,299773,299774,1,1
299772,299773,299774,1,1
299772,299773,299774,1,1
299772,299773,299774,1,1
299772,299773,299774,1,1
299772,299773,299774,1,1
299772,299773,299774,1,1
299772,299773,299774,1,1
299772,299773,299775,2,1
299772,299773,299775,2,1
299772,299773,299775,2,1
299772,299773,299775,2,1
299772,299773,299775,2,1
299772,299773,299776,3,1
299772,299773,299775,2,1
299772,299773,299775,2,1
299772,299773,299775,2,1
299772,299773,299775,2,1
299772,299773,299775,2,1
299772,299773,299776,3,1
299772,299773,299775,2,1
299772,299773,299776,3,1
299772,299773,299775,2,1
299772,299773,299776,3,1
299772,299773,299775,2,1
299772,299773,299776,3,1
299772,299773,299775,2,1
299772,299773,299776,3,1
299772,299773,299775,2,1
299772,299773,299776,3,1
299415,299415,299780,365,0
299783,299783,299785,2,0
299783,299783,299785,2,0
299783,299783,299784,1,0
299783,299783,299785,2,0
299783,299783,299785,2,0
299783,299783,299785,2,0
299783,299783,299785,2,0
299783,299783,299784,1,0
299783,299783,299785,2,0
299783,299783,299785,2,0
299783,299783,299785,2,0
299783,299783,299785,2,0
299783,299783,299785,2,0
299783,299783,299784,1,0
299783,299783,299785,2,0
299783,299783,299784,1,0
299783,299783,299785,2,0
299783,299783,299784,1,0
299783,299783,299784,1,0
299783,299783,299785,2,0
299440,299440,299784,344,0
299783,299783,299784,1,0
299783,299783,299784,1,0
299783,299783,299784,1,0
299783,299783,299784,1,0
299783,299783,299784,1,0
299783,299783,299784,1,0
299783,299783,299785,2,0
299783,299783,299785,2,0
299783,299783,299785,2,0
299783,299783,299785,2,0
299783,299783,299784,1,0
299783,299783,299784,1,0
299783,299783,299785,2,0
299783,299783,299785,2,0
299783,299783,299785,2,0
299783,299783,299785,2,0
299783,299783,299785,2,0
299783,299783,299785,2,0
299783,299783,299785,2,0
299783,299783,299786,3,0
299783,299783,299786,3,0
299783,299783,299785,2,0
299783,299783,299785,2,0
299783,299783,299785,2,0
299783,299783,299786,3,0
299795,299795,299797,2,0
299795,299795,299797,2,0
299795,299796,299797,1,1
299795,299796,299797,1,1
299795,299795,299796,1,0
299795,299795,299797,2,0
299795,299795,299797,2,0
299795,299795,299797,2,0
299795,299795,299797,2,0
299795,299795,299797,2,0
299795,299795,299796,1,0
299795,299795,299797,2,0
299795,299795,299796,1,0
299795,299795,299797,2,0
299795,299795,299797,2,0
299795,299795,299797,2,0
299795,299795,299797,2,0
299795,299795,299797,2,0
299795,299795,299797,2,0
299795,299795,299797,2,0
299795,299795,299797,2,0
299795,299795,299797,2,0
299795,299795,299796,1,0
299795,299795,299797,2,0
299795,299795,299798,3,0
299795,299795,299798,3,0
299795,299795,299798,3,0
299795,299795,299798,3,0
299795,299795,299798,3,0
299795,299795,299797,2,0
299795,299796,299798,2,1
299795,299795,299797,2,0
299795,299795,299798,3,0
299795,299795,299797,2,0
299795,299795,299798,3,0
299795,299795,299797,2,0
299795,299795,299798,3,0
299795,299795,299797,2,0
299795,299796,299798,2,1
299795,299795,299798,3,0
299806,299806,299808,2,0
299806,299806,299808,2,0
299806,299806,299807,1,0
299806,299806,299808,2,0
299806,299806,299807,1,0
299806,299806,299807,1,0
299806,299806,299808,2,0
299806,299806,299807,1,0
299806,299806,299808,2,0
299806,299806,299808,2,0
299806,299806,299807,1,0
299806,299806,299807,1,0
299806,299806,299807,1,0
299806,299806,299807,1,0
299806,299806,299807,1,0
299806,299806,299807,1,0
299806,299806,299807,1,0
299806,299806,299807,1,0
299806,299806,299807,1,0
299806,299806,299807,1,0
299806,299806,299807,1,0
299806,299806,299807,1,0
299806,299806,299809,3,0
299806,299806,299809,3,0
299806,299806,299808,2,0
299806,299806,299808,2,0
299806,299806,299809,3,0
299806,299806,299808,2,0
299806,299806,299808,2,0
299806,299806,299808,2,0
299806,299806,299809,3,0
299806,299806,299808,2,0
299806,299806,299809,3,0
299806,299806,299808,2,0
299806,299806,299809,3,0
299806,299806,299808,2,0
299806,299806,299809,3,0
299806,299806,299809,3,0
299795,299810,299811,1,15
299795,299810,299811,1,15
299795,299810,299812,2,15
299795,299810,299812,2,15
299806,299819,299820,1,13
299806,299819,299821,2,13
299806,299819,299820,1,13
299806,299819,299821,2,13
299451,299468,299822,354,17
299806,299806,299822,16,0
299806,299806,299823,17,0
299806,299806,299823,17,0
299822,299822,299824,2,0
299822,299822,299824,2,0
299822,299822,299824,2,0
299822,299822,299824,2,0
299822,299823,299824,1,1
299822,299822,299824,2,0
299822,299822,299824,2,0
299822,299822,299825,3,0
299822,299823,299824,1,1
299822,299823,299824,1,1
299822,299822,299824,2,0
299822,299822,299824,2,0
299822,299822,299824,2,0
299822,299822,299824,2,0
299822,299823,299824,1,1
299822,299823,299824,1,1
299822,299823,299825,2,1
299822,299822,299824,2,0
299822,299822,299824,2,0
299822,299822,299824,2,0
299822,299823,299824,1,1
299822,299823,299824,1,1
299822,299823,299824,1,1
299822,299823,299824,1,1
299822,299822,299825,3,0
299822,299822,299825,3,0
299822,299822,299825,3,0
299822,299822,299825,3,0
299822,299822,299825,3,0
299822,299823,299825,2,1
299822,299823,299825,2,1
299822,299823,299825,2,1
299822,299823,299825,2,1
299822,299823,299825,2,1
299822,299823,299825,2,1
299822,299823,299825,2,1
299822,299823,299825,2,1
299822,299822,299826,4,0
299822,299822,299826,4,0
299822,299822,299826,4,0
299822,299823,299826,3,1
299822,299823,299826,3,1
299822,299823,299826,3,1
299822,299823,299826,3,1
299822,299823,299826,3,1
299462,299462,299831,369,0
299833,299833,299835,2,0
299833,299833,299835,2,0
299833,299833,299835,2,0
299833,299833,299835,2,0
299833,299833,299835,2,0
299833,299833,299835,2,0
299833,299833,299835,2,0
299833,299833,299835,2,0
299833,299833,299835,2,0
299833,299833,299835,2,0
299833,299833,299835,2,0
299833,299833,299835,2,0
299833,299833,299835,2,0
299833,299833,299835,2,0
299833,299833,299835,2,0
299833,299833,299835,2,0
299833,299833,299835,2,0
299833,299833,299835,2,0
299833,299833,299835,2,0
299833,299833,299835,2,0
299833,299833,299835,2,0
299833,299833,299836,3,0
299833,299833,299836,3,0
299833,299833,299835,2,0
299833,299833,299836,3,0
299833,299833,299836,3,0
299833,299833,299836,3,0
299833,299833,299836,3,0
299833,299833,299836,3,0
299833,299833,299836,3,0
299833,299833,299836,3,0
299833,299833,299836,3,0
299833,299833,299836,3,0
299833,299833,299836,3,0
299833,299833,299836,3,0
299833,299833,299837,4,0
299833,299834,299836,2,1
299833,299833,299836,3,0
299833,299834,299837,3,1
299833,299834,299837,3,1
299833,299833,299837,4,0
299833,299833,299837,4,0
299833,299833,299837,4,0
299833,299833,299837,4,0
299833,299834,299838,4,1
299524,299524,299883,359,0
299885,299885,299887,2,0
299885,299885,299887,2,0
299885,299885,299887,2,0
299885,299885,299886,1,0
299885,299885,299887,2,0
299885,299885,299887,2,0
299885,299885,299887,2,0
299885,299885,299887,2,0
299885,299885,299886,1,0
299885,299885,299887,2,0
299885,299885,299887,2,0
299885,299885,299887,2,0
299885,299885,299887,2,0
299885,299885,299887,2,0
299885,299885,299887,2,0
299885,299885,299887,2,0
299885,299885,299887,2,0
299885,299885,299887,2,0
299885,299885,299887,2,0
299885,299885,299886,1,0
299885,299885,299887,2,0
299885,299885,299887,2,0
299885,299885,299887,2,0
299885,299885,299887,2,0
299885,299885,299887,2,0
299885,299886,299887,1,1
299885,299885,299887,2,0
299885,299885,299887,2,0
299885,299885,299888,3,0
299885,299885,299887,2,0
299885,299885,299888,3,0
299885,299885,299887,2,0
299885,299885,299887,2,0
299885,299885,299888,3,0
299885,299885,299888,3,0
299885,299885,299888,3,0
299885,299885,299888,3,0
299885,299885,299887,2,0
299885,299885,299888,3,0
299885,299885,299887,2,0
299885,299885,299887,2,0
299885,299886,299888,2,1
299885,299885,299888,3,0
299885,299885,299888,3,0
299885,299886,299890,4,1
299536,299536,299908,372,0
299910,299910,299912,2,0
299910,299910,299912,2,0
299910,299910,299912,2,0
299910,299910,299912,2,0
299910,299910,299912,2,0
299910,299910,299912,2,0
299910,299910,299912,2,0
299910,299910,299912,2,0
299910,299910,299912,2,0
299910,299910,299912,2,0
299910,299910,299912,2,0
299910,299910,299912,2,0
299910,299910,299912,2,0
299910,299910,299912,2,0
299910,299910,299912,2,0
299910,299910,299912,2,0
299910,299910,299912,2,0
299910,299910,299912,2,0
299910,299910,299912,2,0
299910,299910,299912,2,0
299910,299910,299912,2,0
299910,299910,299912,2,0
299910,299910,299912,2,0
299910,299910,299913,3,0
299910,299910,299912,2,0
299910,299910,299913,3,0
299910,299910,299913,3,0
299910,299910,299913,3,0
299910,299910,299913,3,0
299910,299910,299912,2,0
299910,299910,299913,3,0
299910,299910,299913,3,0
299910,299910,299913,3,0
299910,299910,299913,3,0
299910,299910,299913,3,0
299910,299910,299913,3,0
299910,299910,299913,3,0
299910,299910,299913,3,0
299910,299910,299913,3,0
299910,299910,299913,3,0
299910,299910,299913,3,0
299910,299910,299913,3,0
299910,299910,299914,4,0
299564,299564,299914,350,0
299910,299911,299917,6,1
299910,299911,299916,5,1
299916,299916,299918,2,0
299916,299916,299918,2,0
299916,299916,299918,2,0
299916,299916,299918,2,0
299916,299916,299917,1,0
299916,299916,299918,2,0
299916,299916,299918,2,0
299916,299916,299918,2,0
299916,299916,299918,2,0
299916,299916,299918,2,0
299916,299916,299918,2,0
299916,299916,299918,2,0
299916,299916,299918,2,0
299916,299917,299918,1,1
299916,299917,299918,1,1
299916,299917,299918,1,1
299916,299916,299917,1,0
299916,299916,299917,1,0
299916,299916,299917,1,0
299916,299916,299918,2,0
299916,299916,299918,2,0
299916,299916,299918,2,0
299916,299916,299918,2,0
299916,299916,299918,2,0
299916,299916,299918,2,0
299916,299916,299918,2,0
299916,299916,299918,2,0
299916,299916,299918,2,0
299916,299916,299918,2,0
299916,299916,299918,2,0
299916,299916,299918,2,0
299916,299916,299918,2,0
299916,299916,299918,2,0
299916,299916,299918,2,0
299916,299916,299918,2,0
299916,299916,299919,3,0
299916,299916,299919,3,0
299916,299916,299918,2,0
299916,299917,299918,1,1
299916,299917,299919,2,1
299916,299916,299918,2,0
299916,299916,299918,2,0
299916,299916,299918,2,0
299916,299916,299919,3,0
299916,299916,299919,3,0
299578,299578,299930,352,0
299937,299937,299939,2,0
299937,299937,299939,2,0
299937,299937,299939,2,0
299937,299937,299939,2,0
299937,299937,299939,2,0
299937,299937,299939,2,0
299937,299937,299939,2,0
299937,299937,299939,2,0
299937,299937,299939,2,0
299937,299937,299939,2,0
299937,299937,299939,2,0
299937,299937,299939,2,0
299937,299937,299939,2,0
299937,299937,299939,2,0
299937,299937,299939,2,0
299937,299937,299939,2,0
299937,299937,299939,2,0
299937,299937,299939,2,0
299937,299937,299939,2,0
299937,299937,299939,2,0
299937,299937,299939,2,0
299937,299937,299939,2,0
299937,299937,299939,2,0
299937,299937,299939,2,0
299937,299937,299939,2,0
299937,299937,299939,2,0
299937,299937,299939,2,0
299937,299937,299939,2,0
299937,299937,299939,2,0
299937,299937,299939,2,0
299937,299938,299939,1,1
299937,299938,299939,1,1
299937,299938,299939,1,1
299937,299937,299940,3,0
299937,299937,299939,2,0
299937,299937,299940,3,0
299937,299937,299940,3,0
299937,299937,299940,3,0
299937,299937,299939,2,0
299937,299937,299940,3,0
299937,299937,299940,3,0
299937,299937,299940,3,0
299937,299937,299940,3,0
299937,299938,299940,2,1
299937,299938,299940,2,1
299548,299548,299953,405,0
299954,299954,299956,2,0
299954,299954,299956,2,0
299954,299954,299956,2,0
299954,299955,299956,1,1
299954,299955,299956,1,1
299954,299954,299956,2,0
299954,299954,299956,2,0
299954,299954,299956,2,0
299954,299954,299956,2,0
299954,299954,299956,2,0
299954,299954,299956,2,0
299954,299954,299956,2,0
299954,299954,299956,2,0
299954,299954,299956,2,0
299954,299954,299956,2,0
299954,299954,299956,2,0
299954,299954,299956,2,0
299954,299954,299956,2,0
299954,299954,299956,2,0
299954,299954,299957,3,0
299954,299954,299957,3,0
299954,299954,299957,3,0
299954,299954,299956,2,0
299954,299954,299956,2,0
299954,299954,299956,2,0
299954,299954,299956,2,0
299954,299954,299957,3,0
299954,299954,299956,2,0
299954,299954,299957,3,0
299954,299954,299957,3,0
299954,299954,299957,3,0
299954,299955,299957,2,1
299954,299955,299957,2,1
299954,299955,299957,2,1
299954,299954,299957,3,0
299954,299955,299957,2,1
299954,299954,299957,3,0
299954,299954,299957,3,0
299954,299968,299969,1,14
299954,299968,299969,1,14
299954,299968,299969,1,14
299954,299968,299969,1,14
299954,299968,299969,1,14
299954,299968,299970,2,14
299954,299968,299970,2,14
299589,299590,299975,385,1
299980,299980,299982,2,0
299980,299980,299981,1,0
299980,299980,299981,1,0
299980,299980,299982,2,0
299980,299980,299982,2,0
299980,299980,299982,2,0
299980,299980,299981,1,0
299980,299980,299981,1,0
299980,299980,299981,1,0
299980,299980,299981,1,0
299980,299980,299981,1,0
299980,299980,299982,2,0
299980,299980,299981,1,0
299980,299980,299981,1,0
299980,299980,299982,2,0
299980,299980,299982,2,0
299980,299980,299981,1,0
299980,299980,299981,1,0
299980,299980,299981,1,0
299980,299980,299982,2,0
299980,299980,299981,1,0
299980,299980,299981,1,0
299980,299980,299981,1,0
299980,299980,299981,1,0
299980,299980,299981,1,0
299980,299980,299981,1,0
299980,299980,299981,1,0
299980,299980,299981,1,0
299980,299980,299982,2,0
299980,299980,299981,1,0
299980,299980,299981,1,0
299980,299980,299981,1,0
299980,299980,299981,1,0
299980,299980,299982,2,0
299980,299980,299982,2,0
299980,299980,299982,2,0
299980,299980,299982,2,0
299980,299980,299982,2,0
299980,299980,299982,2,0
299980,299980,299982,2,0
299980,299980,299982,2,0
299980,299980,299982,2,0
299980,299980,299982,2,0
299980,299980,299982,2,0
299980,299980,299982,2,0
299633,299633,299996,363,0
299613,299613,299996,383,0
299635,299635,299997,362,0
299998,299998,300000,2,0
299998,299998,300000,2,0
299998,299998,300000,2,0
299998,299998,299999,1,0
299998,299998,299999,1,0
299998,299998,299999,1,0
299998,299998,300000,2,0
299998,299998,300000,2,0
299998,299998,299999,1,0
299998,299998,299999,1,0
299998,299998,299999,1,0
299998,299998,299999,1,0
299998,299998,299999,1,0
299998,299998,300000,2,0
299998,299998,299999,1,0
299998,299998,299999,1,0
299998,299998,299999,1,0
299998,299998,299999,1,0
299998,299998,299999,1,0
299998,299998,299999,1,0
299998,299998,300000,2,0
299998,299998,300000,2,0
299998,299998,299999,1,0
299998,299998,299999,1,0
299998,299998,300000,2,0
299998,299998,300000,2,0
299998,299998,300000,2,0
299998,299998,299999,1,0
299998,299998,299999,1,0
299998,299998,299999,1,0
299998,299998,299999,1,0
299998,299998,299999,1,0
299998,299998,300000,2,0
299998,299998,299999,1,0
299998,299998,299999,1,0
299998,299998,299999,1,0
299998,299998,299999,1,0
299998,299998,299999,1,0
299998,299998,300000,2,0
299998,299998,299999,1,0
299998,299998,299999,1,0
299998,299998,299999,1,0
299998,299998,300000,2,0
299998,299998,300000,2,0
299998,299998,300000,2,0
299998,299998,300000,2,0
299998,299998,300000,2,0
299998,299998,300000,2,0
299998,299998,300000,2,0
299998,300000,300001,1,2
299998,299999,300001,2,1
299998,299999,300000,1,1
299998,299999,300001,2,1
299998,299999,300000,1,1
299998,299998,300000,2,0
299998,299998,300000,2,0
299998,299998,300000,2,0
299998,299998,300000,2,0
299998,299998,300000,2,0
299998,299998,300000,2,0
299998,299998,300000,2,0
299998,299998,300000,2,0
299998,299998,300000,2,0
299998,300000,300001,1,2
299998,300000,300001,1,2
300000,300001,300002,1,1
299998,299999,300001,2,1
300000,300000,300002,2,0
300000,300000,300002,2,0
300000,300000,300002,2,0
299998,300000,300002,2,2
299998,300000,300002,2,2
300000,300000,300002,2,0
300000,300000,300002,2,0
299998,300000,300002,2,2
300000,300000,300002,2,0
300000,300000,300002,2,0
299998,300000,300002,2,2
299998,300000,300002,2,2
300000,300000,300002,2,0
300000,300000,300002,2,0
299998,300000,300002,2,2
299998,300000,300002,2,2
299998,300000,300002,2,2
300000,300000,300002,2,0
299998,300000,300002,2,2
299998,300000,300002,2,2
300000,300000,300002,2,0
300000,300000,300002,2,0
300000,300000,300002,2,0
299998,300000,300002,2,2
299998,300000,300002,2,2
300000,300000,300002,2,0
300000,300000,300002,2,0
300000,300000,300002,2,0
299998,300000,300002,2,2
299998,300000,300002,2,2
299998,300000,300002,2,2
300000,300000,300002,2,0
300000,300000,300002,2,0
300000,300001,300002,1,1
300000,300001,300002,1,1
300000,300001,300003,2,1
300000,300001,300002,1,1
300000,300001,300002,1,1
300000,300001,300002,1,1
300000,300001,300002,1,1
300000,300001,300002,1,1
299998,300000,300003,3,2
299998,300000,300002,2,2
300000,300001,300003,2,1
300000,300001,300003,2,1
299998,300000,300002,2,2
299998,300000,300002,2,2
300000,300001,300003,2,1
299998,300000,300002,2,2
299998,300000,300002,2,2
300000,300001,300003,2,1
299998,300000,300003,3,2
300000,300001,300003,2,1
300000,300001,300003,2,1
299998,300000,300003,3,2
299998,300000,300002,2,2
300000,300001,300003,2,1
300000,300001,300003,2,1
300000,300002,300004,2,2
300000,300002,300004,2,2
300000,300002,300004,2,2
300000,300002,300004,2,2
300000,300002,300004,2,2
300000,300002,300004,2,2
300000,300002,300004,2,2
300000,300003,300004,1,3
300000,300003,300004,1,3
300000,300002,300004,2,2
299623,299623,300009,386,0
300020,300020,300022,2,0
300020,300020,300022,2,0
300020,300020,300022,2,0
300020,300020,300022,2,0
300020,300020,300022,2,0
300020,300020,300022,2,0
300020,300021,300022,1,1
300020,300020,300022,2,0
300020,300020,300022,2,0
300020,300020,300022,2,0
300020,300020,300022,2,0
300020,300020,300022,2,0
300020,300020,300022,2,0
300020,300020,300022,2,0
300020,300020,300022,2,0
300020,300020,300022,2,0
300020,300020,300022,2,0
300020,300020,300022,2,0
300020,300020,300022,2,0
300020,300020,300022,2,0
300020,300020,300022,2,0
300020,300020,300022,2,0
300020,300020,300022,2,0
300020,300020,300022,2,0
300020,300020,300022,2,0
300020,300020,300022,2,0
300020,300020,300022,2,0
300020,300020,300022,2,0
300020,300020,300022,2,0
300020,300020,300023,3,0
300020,300020,300022,2,0
300020,300020,300023,3,0
300020,300020,300022,2,0
300020,300020,300022,2,0
300020,300020,300022,2,0
300020,300020,300023,3,0
300020,300020,300023,3,0
300020,300020,300022,2,0
300020,300020,300023,3,0
300020,300020,300022,2,0
300020,300020,300023,3,0
300020,300020,300023,3,0
300020,300021,300038,17,1
300020,300021,300042,21,1
300020,300021,300042,21,1
299696,299696,300044,348,0
300051,300052,300053,1,1
300051,300052,300053,1,1
300051,300052,300053,1,1
300051,300052,300053,1,1
300051,300052,300053,1,1
300051,300052,300053,1,1
300051,300052,300053,1,1
300051,300052,300054,2,1
300051,300052,300053,1,1
300051,300052,300053,1,1
300051,300052,300054,2,1
300051,300052,300053,1,1
300051,300052,300053,1,1
300051,300052,300053,1,1
300051,300052,300053,1,1
300051,300052,300053,1,1
300051,300052,300053,1,1
300051,300052,300053,1,1
300051,300052,300053,1,1
300051,300052,300053,1,1
300051,300052,300053,1,1
300051,300052,300053,1,1
300051,300052,300053,1,1
300051,300052,300053,1,1
300051,300052,300054,2,1
300051,300052,300053,1,1
300051,300052,300053,1,1
300051,300052,300053,1,1
300051,300052,300053,1,1
300051,300052,300053,1,1
300051,300052,300054,2,1
300051,300052,300055,3,1
300051,300052,300054,2,1
300051,300052,300054,2,1
300051,300052,300054,2,1
300051,300052,300054,2,1
300051,300052,300054,2,1
300051,300052,300054,2,1
300051,300052,300054,2,1
300051,300052,300054,2,1
300051,300052,300054,2,1
300051,300052,300054,2,1
300051,300052,300061,9,1
300051,300052,300062,10,1
300051,300052,300062,10,1
299698,299698,300100,402,0
300100,300101,300102,1,1
300100,300101,300102,1,1
300100,300101,300102,1,1
300100,300101,300102,1,1
300100,300101,300102,1,1
300100,300101,300102,1,1
300100,300101,300102,1,1
300100,300101,300102,1,1
300100,300101,300102,1,1
300100,300100,300102,2,0
300100,300101,300102,1,1
300100,300101,300102,1,1
300100,300101,300102,1,1
300100,300101,300102,1,1
300100,300101,300102,1,1
300100,300101,300102,1,1
300100,300101,300102,1,1
300100,300101,300102,1,1
300100,300101,300102,1,1
300100,300101,300102,1,1
300100,300101,300102,1,1
300100,300101,300102,1,1
300100,300101,300102,1,1
300100,300101,300102,1,1
300100,300101,300102,1,1
300100,300101,300102,1,1
300100,300101,300102,1,1
300100,300101,300102,1,1
300100,300101,300102,1,1
300100,300101,300103,2,1
300100,300101,300103,2,1
300100,300101,300103,2,1
300100,300101,300103,2,1
300100,300101,300103,2,1
300100,300101,300103,2,1
300100,300101,300103,2,1
300100,300101,300103,2,1
300100,300101,300103,2,1
300100,300101,300103,2,1
300100,300101,300103,2,1
300100,300110,300111,1,10
300100,300110,300111,1,10
300100,300110,300111,1,10
300100,300110,300111,1,10
300100,300110,300112,2,10
299754,299754,300115,361,0
300120,300121,300122,1,1
300120,300120,300122,2,0
300120,300121,300122,1,1
300120,300120,300122,2,0
300120,300121,300122,1,1
300120,300121,300122,1,1
300120,300120,300122,2,0
300120,300121,300122,1,1
300120,300121,300122,1,1
300120,300121,300122,1,1
300120,300120,300122,2,0
300120,300121,300122,1,1
300120,300121,300122,1,1
300120,300121,300122,1,1
300120,300121,300122,1,1
300120,300121,300122,1,1
300120,300121,300122,1,1
300120,300120,300122,2,0
300120,300121,300122,1,1
300120,300121,300122,1,1
300120,300121,300122,1,1
300120,300120,300122,2,0
300120,300121,300122,1,1
300120,300121,300122,1,1
300120,300121,300122,1,1
300120,300121,300122,1,1
300120,300121,300122,1,1
300120,300120,300122,2,0
300120,300121,300122,1,1
300120,300121,300122,1,1
300120,300121,300122,1,1
300120,300121,300122,1,1
300120,300121,300123,2,1
300120,300121,300123,2,1
300120,300121,300123,2,1
300120,300121,300123,2,1
300120,300121,300123,2,1
300120,300121,300123,2,1
300120,300121,300123,2,1
300120,300121,300123,2,1
300120,300121,300123,2,1
300120,300121,300123,2,1
300120,300121,300123,2,1
300120,300121,300123,2,1
300120,300121,300123,2,1
299796,299810,300128,318,14
299761,299761,300133,372,0
300132,300132,300134,2,0
300132,300132,300133,1,0
300132,300132,300134,2,0
300132,300132,300134,2,0
300132,300132,300134,2,0
300132,300132,300134,2,0
300132,300132,300133,1,0
300132,300132,300133,1,0
300132,300132,300134,2,0
300132,300132,300134,2,0
300132,300132,300134,2,0
300132,300132,300134,2,0
300132,300132,300134,2,0
300132,300132,300134,2,0
300132,300132,300134,2,0
300132,300133,300134,1,1
300132,300133,300134,1,1
300132,300132,300134,2,0
300132,300132,300134,2,0
300132,300132,300135,3,0
300132,300132,300135,3,0
300132,300132,300134,2,0
300132,300132,300134,2,0
300132,300132,300135,3,0
300132,300132,300134,2,0
300132,300132,300134,2,0
300134,300134,300135,1,0
300132,300132,300134,2,0
300132,300132,300134,2,0
300134,300134,300135,1,0
300132,300132,300134,2,0
300132,300132,300134,2,0
300132,300132,300134,2,0
300132,300133,300134,1,1
300132,300133,300134,1,1
300132,300133,300135,2,1
300132,300132,300135,3,0
300132,300132,300135,3,0
300132,300132,300134,2,0
300132,300132,300135,3,0
300134,300134,300135,1,0
300134,300134,300135,1,0
300132,300132,300135,3,0
300134,300134,300135,1,0
300134,300134,300135,1,0
300134,300134,300135,1,0
300134,300134,300136,2,0
300132,300132,300135,3,0
300134,300134,300136,2,0
300134,300134,300135,1,0
300134,300134,300136,2,0
300132,300132,300135,3,0
300134,300134,300135,1,0
300134,300134,300135,1,0
300134,300134,300135,1,0
300134,300134,300135,1,0
300132,300132,300135,3,0
300134,300134,300135,1,0
300134,300134,300135,1,0
300134,300134,300135,1,0
300132,300132,300136,4,0
300134,300134,300135,1,0
300134,300134,300135,1,0
300134,300134,300135,1,0
300134,300134,300135,1,0
300134,300134,300135,1,0
300134,300134,300135,1,0
300134,300134,300135,1,0
300134,300134,300135,1,0
300134,300134,300136,2,0
300132,300133,300136,3,1
300134,300134,300136,2,0
300134,300134,300135,1,0
300134,300134,300136,2,0
300134,300134,300135,1,0
300134,300134,300136,2,0
300134,300134,300136,2,0
300134,300135,300137,2,1
300134,300135,300137,2,1
300132,300132,300136,4,0
300134,300135,300137,2,1
300134,300135,300137,2,1
300134,300135,300137,2,1
300134,300135,300137,2,1
300134,300135,300137,2,1
300134,300135,300136,1,1
300134,300135,300137,2,1
300134,300135,300137,2,1
300134,300135,300137,2,1
300134,300135,300138,3,1
299774,299774,300150,376,0
300162,300162,300163,1,0
300162,300162,300164,2,0
300162,300162,300163,1,0
300162,300162,300164,2,0
300162,300162,300163,1,0
300162,300162,300164,2,0
300162,300162,300164,2,0
300162,300162,300163,1,0
300162,300162,300163,1,0
300162,300162,300163,1,0
300162,300162,300163,1,0
300162,300162,300164,2,0
300162,300162,300163,1,0
300162,300162,300163,1,0
300162,300162,300163,1,0
300162,300162,300164,2,0
300162,300162,300164,2,0
300162,300162,300163,1,0
300162,300162,300163,1,0
300162,300162,300163,1,0
300162,300162,300164,2,0
300162,300162,300164,2,0
300162,300162,300163,1,0
300162,300162,300163,1,0
300162,300162,300163,1,0
300162,300162,300163,1,0
300162,300162,300164,2,0
300162,300162,300164,2,0
300162,300162,300163,1,0
300162,300162,300163,1,0
300162,300162,300163,1,0
300162,300162,300164,2,0
300162,300162,300165,3,0
300162,300162,300164,2,0
300162,300162,300164,2,0
300162,300162,300164,2,0
300162,300162,300164,2,0
300162,300162,300165,3,0
300162,300162,300165,3,0
300162,300165,300166,1,3
300162,300165,300166,1,3
300162,300165,300166,1,3
300162,300165,300166,1,3
300162,300165,300166,1,3
299835,299835,300169,334,0
300170,300170,300171,1,0
300170,300170,300171,1,0
300170,300170,300171,1,0
300170,300170,300171,1,0
300170,300170,300172,2,0
300170,300170,300171,1,0
300170,300170,300172,2,0
300170,300170,300172,2,0
300170,300170,300171,1,0
300170,300170,300172,2,0
300170,300170,300172,2,0
300170,300170,300171,1,0
300170,300170,300171,1,0
300170,300170,300172,2,0
300170,300170,300171,1,0
300170,300170,300171,1,0
300170,300170,300172,2,0
300170,300170,300172,2,0
300170,300170,300173,3,0
300170,300170,300172,2,0
300170,300170,300172,2,0
300170,300170,300172,2,0
300170,300170,300173,3,0
300170,300170,300172,2,0
300170,300170,300172,2,0
300170,300170,300173,3,0
300170,300170,300172,2,0
300170,300170,300173,3,0
300162,300165,300167,2,3
300170,300184,300185,1,14
300170,300184,300185,1,14
300170,300184,300185,1,14
299807,299807,300185,378,0
300170,300184,300186,2,14
300170,300184,300186,2,14
300170,300188,300189,1,18
300170,300188,300189,1,18
300170,300188,300190,2,18
300170,300188,300190,2,18
300170,300188,300190,2,18
300192,300192,300194,2,0
300192,300192,300194,2,0
300192,300192,300194,2,0
300192,300192,300194,2,0
300192,300192,300194,2,0
300192,300192,300194,2,0
300192,300192,300194,2,0
300192,300192,300194,2,0
300192,300193,300194,1,1
300192,300193,300194,1,1
300192,300193,300194,1,1
300192,300193,300194,1,1
300192,300192,300194,2,0
300192,300192,300194,2,0
300192,300192,300194,2,0
300192,300192,300194,2,0
300192,300192,300194,2,0
300192,300192,300194,2,0
300192,300192,300194,2,0
300192,300192,300194,2,0
300192,300192,300194,2,0
300192,300192,300194,2,0
300170,300194,300195,1,24
300170,300194,300195,1,24
300170,300194,300195,1,24
300192,300192,300195,3,0
300192,300192,300195,3,0
300192,300192,300194,2,0
300192,300192,300195,3,0
300192,300192,300195,3,0
300192,300192,300195,3,0
300192,300192,300195,3,0
300192,300192,300194,2,0
300192,300192,300195,3,0
300192,300193,300195,2,1
300192,300192,300195,3,0
300192,300192,300195,3,0
300192,300192,300195,3,0
300192,300192,300195,3,0
300192,300192,300194,2,0
300192,300192,300195,3,0
300192,300192,300195,3,0
300170,300194,300195,1,24
300192,300192,300196,4,0
300192,300192,300196,4,0
300192,300192,300196,4,0
300192,300193,300196,3,1
300192,300192,300196,4,0
300192,300192,300196,4,0
300170,300194,300196,2,24
299784,299784,300198,414,0
300206,300206,300207,1,0
300206,300206,300207,1,0
300206,300206,300208,2,0
300206,300206,300207,1,0
300206,300206,300207,1,0
300206,300206,300207,1,0
300206,300206,300208,2,0
300206,300206,300208,2,0
300206,300206,300207,1,0
300206,300206,300207,1,0
300206,300206,300207,1,0
300206,300206,300208,2,0
300206,300206,300207,1,0
300206,300206,300208,2,0
300206,300206,300208,2,0
300206,300206,300207,1,0
300206,300206,300207,1,0
300206,300206,300207,1,0
300206,300206,300207,1,0
300206,300206,300207,1,0
300206,300206,300207,1,0
300206,300206,300207,1,0
300206,300206,300207,1,0
300206,300206,300207,1,0
300206,300206,300208,2,0
300206,300206,300208,2,0
300206,300206,300207,1,0
300206,300206,300207,1,0
300206,300206,300207,1,0
300206,300206,300207,1,0
300206,300206,300208,2,0
300206,300206,300208,2,0
300206,300206,300208,2,0
300206,300206,300208,2,0
300206,300206,300208,2,0
300206,300206,300208,2,0
300206,300206,300208,2,0
300206,300206,300208,2,0
300206,300206,300208,2,0
300206,300206,300208,2,0
300206,300223,300224,1,17
300206,300223,300224,1,17
300206,300223,300224,1,17
300206,300223,300225,2,17
300206,300223,300225,2,17
299824,299824,300250,426,0
300250,300250,300252,2,0
300250,300250,300252,2,0
300250,300251,300252,1,1
300250,300251,300252,1,1
300250,300250,300252,2,0
300250,300250,300252,2,0
300250,300250,300252,2,0
300250,300250,300252,2,0
300250,300250,300252,2,0
300250,300250,300252,2,0
300250,300250,300252,2,0
300250,300250,300252,2,0
300250,300250,300252,2,0
300250,300250,300252,2,0
300250,300250,300252,2,0
300250,300250,300252,2,0
300250,300250,300252,2,0
300250,300250,300252,2,0
300250,300250,300252,2,0
300250,300250,300252,2,0
300250,300250,300252,2,0
300250,300250,300253,3,0
300250,300252,300253,1,2
300250,300250,300253,3,0
300250,300250,300253,3,0
300250,300250,300253,3,0
300250,300250,300253,3,0
300250,300251,300253,2,1
300250,300250,300253,3,0
300250,300250,300253,3,0
300250,300250,300253,3,0
300250,300250,300253,3,0
300250,300250,300252,2,0
300250,300250,300253,3,0
300250,300250,300253,3,0
300250,300250,300253,3,0
300250,300250,300253,3,0
300250,300250,300253,3,0
300250,300250,300253,3,0
300250,300252,300254,2,2
300250,300252,300254,2,2
300250,300251,300254,3,1
300250,300250,300253,3,0
300250,300252,300255,3,2
300250,300252,300255,3,2
299886,299886,300262,376,0
299911,299911,300263,352,0
300266,300266,300268,2,0
300266,300266,300268,2,0
300266,300266,300268,2,0
300266,300266,300268,2,0
300266,300266,300268,2,0
300266,300266,300268,2,0
300266,300266,300267,1,0
300266,300266,300268,2,0
300266,300266,300268,2,0
300266,300266,300268,2,0
300266,300266,300268,2,0
300266,300266,300268,2,0
300266,300266,300268,2,0
300266,300266,300268,2,0
300266,300266,300268,2,0
300266,300266,300268,2,0
300266,300266,300267,1,0
300266,300266,300268,2,0
300266,300266,300268,2,0
300266,300266,300268,2,0
300266,300266,300268,2,0
300266,300266,300268,2,0
300266,300266,300268,2,0
300266,300266,300268,2,0
300266,300266,300268,2,0
300266,300266,300269,3,0
300266,300266,300268,2,0
300266,300266,300269,3,0
300266,300266,300269,3,0
300266,300266,300269,3,0
300266,300266,300269,3,0
300266,300266,300269,3,0
300266,300266,300269,3,0
300266,300266,300269,3,0
300266,300266,300269,3,0
300266,300266,300269,3,0
300266,300266,300268,2,0
300266,300266,300269,3,0
300266,300266,300269,3,0
300266,300266,300269,3,0
300266,300266,300269,3,0
300266,300266,300269,3,0
300266,300266,300268,2,0
300266,300266,300269,3,0
300268,300268,300270,2,0
300268,300268,300270,2,0
300268,300268,300270,2,0
300268,300268,300270,2,0
300268,300268,300270,2,0
300268,300268,300270,2,0
300268,300268,300270,2,0
300268,300268,300270,2,0
300268,300268,300270,2,0
300268,300268,300270,2,0
300266,300266,300269,3,0
300268,300268,300270,2,0
300268,300268,300270,2,0
300268,300268,300270,2,0
300268,300268,300270,2,0
300268,300268,300269,1,0
300268,300268,300270,2,0
300268,300268,300270,2,0
300268,300268,300270,2,0
300268,300268,300270,2,0
300268,300269,300271,2,1
300268,300269,300271,2,1
300268,300268,300270,2,0
300268,300268,300271,3,0
300268,300268,300271,3,0
300268,300268,300271,3,0
300268,300269,300271,2,1
300268,300268,300271,3,0
300268,300268,300271,3,0
300268,300269,300271,2,1
300268,300268,300270,2,0
300268,300268,300271,3,0
300268,300268,300271,3,0
300268,300268,300271,3,0
300268,300268,300271,3,0
300268,300269,300271,2,1
300268,300268,300271,3,0
300268,300268,300271,3,0
300268,300268,300271,3,0
300268,300269,300271,2,1
300268,300269,300271,2,1
300268,300269,300271,2,1
300268,300269,300271,2,1
300268,300268,300272,4,0
300268,300268,300272,4,0
300268,300268,300273,5,0
299917,299917,300280,363,0
300283,300283,300285,2,0
300283,300283,300284,1,0
300283,300283,300285,2,0
300283,300283,300285,2,0
300283,300283,300285,2,0
300283,300283,300284,1,0
300283,300283,300285,2,0
300283,300283,300285,2,0
300283,300283,300284,1,0
300283,300283,300285,2,0
300283,300283,300285,2,0
300283,300283,300285,2,0
300283,300283,300284,1,0
300283,300283,300285,2,0
300283,300283,300285,2,0
300283,300283,300285,2,0
300283,300283,300284,1,0
300283,300283,300284,1,0
300283,300283,300285,2,0
300283,300283,300285,2,0
300283,300283,300284,1,0
300283,300283,300284,1,0
300283,300283,300285,2,0
300283,300283,300285,2,0
300283,300283,300285,2,0
300283,300283,300286,3,0
300283,300283,300286,3,0
300283,300283,300285,2,0
300283,300283,300286,3,0
300283,300283,300285,2,0
300283,300283,300286,3,0
300283,300283,300285,2,0
300283,300283,300286,3,0
300283,300283,300285,2,0
300283,300283,300285,2,0
300283,300283,300286,3,0
300283,300283,300286,3,0
300283,300283,300286,3,0
300283,300283,300286,3,0
300283,300283,300286,3,0
300283,300283,300286,3,0
300283,300283,300287,4,0
300283,300283,300286,3,0
300283,300283,300286,3,0
300283,300283,300286,3,0
299938,299939,300305,366,1
300307,300307,300309,2,0
300307,300307,300309,2,0
300307,300307,300309,2,0
300307,300307,300309,2,0
300307,300307,300309,2,0
300307,300307,300309,2,0
300307,300307,300309,2,0
300307,300307,300309,2,0
300307,300307,300309,2,0
300307,300307,300309,2,0
300307,300307,300309,2,0
300307,300307,300309,2,0
300307,300307,300309,2,0
300307,300307,300309,2,0
300307,300307,300309,2,0
300307,300307,300309,2,0
300307,300307,300309,2,0
300307,300307,300309,2,0
300307,300307,300309,2,0
300307,300307,300310,3,0
300307,300307,300309,2,0
300307,300307,300310,3,0
300307,300307,300310,3,0
300307,300307,300310,3,0
300307,300307,300309,2,0
300307,300307,300310,3,0
300307,300307,300309,2,0
300307,300307,300310,3,0
300307,300307,300310,3,0
300307,300307,300310,3,0
300307,300307,300310,3,0
300307,300307,300309,2,0
300307,300307,300311,4,0
300307,300307,300311,4,0
300307,300315,300316,1,8
300307,300315,300316,1,8
300307,300315,300316,1,8
300307,300315,300317,2,8
299956,299956,300318,362,0
300307,300315,300318,3,8
300320,300320,300322,2,0
300320,300320,300322,2,0
300320,300320,300322,2,0
300320,300320,300322,2,0
300320,300321,300322,1,1
300320,300321,300322,1,1
300320,300320,300322,2,0
300320,300320,300322,2,0
300320,300320,300322,2,0
300320,300320,300322,2,0
300320,300320,300322,2,0
300320,300321,300322,1,1
300320,300321,300322,1,1
300320,300321,300322,1,1
300320,300321,300322,1,1
300320,300320,300322,2,0
300320,300320,300322,2,0
300320,300320,300322,2,0
300320,300320,300322,2,0
300320,300320,300322,2,0
300320,300320,300322,2,0
300320,300320,300323,3,0
300320,300320,300323,3,0
300320,300320,300322,2,0
300320,300320,300323,3,0
300320,300321,300323,2,1
300320,300321,300323,2,1
300320,300321,300323,2,1
300320,300320,300323,3,0
300320,300320,300323,3,0
300320,300320,300322,2,0
300320,300320,300323,3,0
300320,300320,300323,3,0
300320,300321,300323,2,1
300320,300321,300323,2,1
300320,300320,300323,3,0
300320,300320,300323,3,0
300320,300320,300323,3,0
300320,300320,300323,3,0
300320,300320,300323,3,0
300307,300323,300324,1,16
300307,300323,300324,1,16
300307,300323,300325,2,16
300307,300323,300325,2,16
300307,300323,300325,2,16
300307,300307,300310,3,0
300320,300331,300332,1,11
300320,300331,300332,1,11
300320,300331,300332,1,11
300320,300331,300332,1,11
300320,300331,300332,1,11
299987,299987,300348,361,0
300351,300351,300352,1,0
300351,300351,300353,2,0
300351,300351,300353,2,0
300351,300351,300353,2,0
300351,300351,300352,1,0
300351,300351,300353,2,0
300351,300351,300353,2,0
300351,300351,300353,2,0
300351,300351,300353,2,0
300351,300351,300352,1,0
300351,300351,300353,2,0
300351,300351,300352,1,0
300351,300351,300353,2,0
300351,300351,300352,1,0
300351,300351,300353,2,0
300351,300351,300352,1,0
300351,300351,300352,1,0
300351,300351,300352,1,0
300351,300351,300352,1,0
300351,300351,300352,1,0
300351,300351,300353,2,0
300351,300351,300353,2,0
300351,300351,300353,2,0
300351,300351,300352,1,0
300351,300351,300352,1,0
300351,300351,300353,2,0
300351,300351,300353,2,0
300351,300351,300353,2,0
300351,300351,300353,2,0
300351,300351,300354,3,0
300351,300351,300354,3,0
300351,300351,300353,2,0
300351,300351,300354,3,0
300351,300351,300354,3,0
300351,300351,300354,3,0
300351,300351,300353,2,0
300351,300351,300353,2,0
300351,300351,300353,2,0
300351,300351,300354,3,0
300351,300351,300353,2,0
300351,300351,300353,2,0
300351,300351,300354,3,0
300351,300351,300353,2,0
300351,300351,300353,2,0
300351,300351,300353,2,0
300001,300003,300363,360,2
300364,300364,300365,1,0
300364,300364,300365,1,0
300364,300364,300366,2,0
300364,300364,300366,2,0
300364,300364,300366,2,0
300364,300364,300366,2,0
300364,300364,300366,2,0
300364,300364,300366,2,0
300364,300364,300366,2,0
300364,300364,300366,2,0
300364,300364,300365,1,0
300364,300364,300366,2,0
300364,300365,300366,1,1
300364,300365,300366,1,1
300364,300365,300366,1,1
300364,300365,300366,1,1
300364,300364,300366,2,0
300364,300364,300366,2,0
300364,300364,300365,1,0
300364,300364,300366,2,0
300364,300364,300366,2,0
300364,300364,300366,2,0
300364,300364,300366,2,0
300364,300364,300366,2,0
300364,300364,300366,2,0
300364,300364,300366,2,0
300364,300364,300366,2,0
300364,300364,300366,2,0
300364,300364,300365,1,0
300364,300364,300366,2,0
300364,300365,300366,1,1
300364,300365,300366,1,1
300364,300365,300366,1,1
300364,300364,300366,2,0
300364,300364,300367,3,0
300364,300364,300366,2,0
300364,300364,300366,2,0
300364,300364,300366,2,0
300364,300364,300366,2,0
300364,300364,300366,2,0
300364,300365,300367,2,1
300364,300364,300367,3,0
300364,300364,300367,3,0
300364,300364,300367,3,0
300364,300365,300367,2,1
300003,300003,300378,375,0
300380,300380,300382,2,0
300380,300380,300382,2,0
300380,300380,300382,2,0
300380,300380,300382,2,0
300380,300380,300382,2,0
300380,300380,300382,2,0
300380,300380,300382,2,0
300380,300380,300382,2,0
300380,300380,300382,2,0
300380,300380,300382,2,0
300380,300380,300382,2,0
300380,300380,300382,2,0
300380,300380,300382,2,0
300380,300380,300382,2,0
300380,300380,300382,2,0
300380,300380,300382,2,0
300380,300380,300382,2,0
300380,300380,300382,2,0
300380,300380,300382,2,0
300380,300380,300382,2,0
300380,300380,300382,2,0
300380,300380,300382,2,0
300380,300380,300382,2,0
300380,300380,300382,2,0
300380,300380,300382,2,0
300380,300380,300382,2,0
300380,300381,300382,1,1
300380,300380,300382,2,0
300380,300380,300382,2,0
300380,300380,300382,2,0
300380,300380,300383,3,0
300380,300380,300383,3,0
300380,300380,300382,2,0
300380,300380,300383,3,0
300380,300380,300382,2,0
300380,300380,300383,3,0
300380,300380,300383,3,0
300380,300380,300383,3,0
300380,300380,300383,3,0
300380,300380,300383,3,0
300380,300381,300382,1,1
300380,300381,300383,2,1
300380,300381,300383,2,1
300380,300380,300383,3,0
300380,300380,300383,3,0
300022,300022,300384,362,0
300392,300393,300394,1,1
300392,300393,300395,2,1
300392,300393,300395,2,1
300392,300393,300394,1,1
300392,300393,300394,1,1
300392,300393,300394,1,1
300392,300393,300394,1,1
300392,300393,300394,1,1
300392,300393,300394,1,1
300392,300393,300394,1,1
300392,300393,300394,1,1
300392,300393,300395,2,1
300392,300393,300394,1,1
300392,300393,300394,1,1
300392,300393,300394,1,1
300392,300393,300394,1,1
300392,300393,300394,1,1
300392,300393,300394,1,1
300392,300393,300394,1,1
300392,300393,300394,1,1
300392,300393,300394,1,1
300392,300393,300394,1,1
300392,300393,300394,1,1
300392,300393,300394,1,1
300392,300393,300394,1,1
300392,300393,300394,1,1
300392,300393,300394,1,1
300392,300393,300394,1,1
300392,300393,300394,1,1
300392,300393,300394,1,1
300392,300393,300394,1,1
300392,300393,300394,1,1
300392,300393,300395,2,1
300392,300393,300395,2,1
300392,300393,300395,2,1
300392,300393,300395,2,1
300392,300393,300395,2,1
300392,300393,300395,2,1
300392,300393,300395,2,1
300392,300393,300395,2,1
300392,300393,300396,3,1
300392,300407,300409,2,15
300392,300407,300409,2,15
300392,300407,300408,1,15
300392,300407,300409,2,15
299999,300000,300434,434,1
300436,300437,300438,1,1
300436,300437,300438,1,1
300436,300437,300438,1,1
300436,300437,300438,1,1
300436,300437,300438,1,1
300436,300437,300438,1,1
300436,300437,300438,1,1
300436,300437,300438,1,1
300436,300437,300439,2,1
300436,300437,300438,1,1
300436,300437,300438,1,1
300436,300437,300438,1,1
300436,300437,300438,1,1
300436,300437,300438,1,1
300436,300437,300438,1,1
300436,300437,300438,1,1
300436,300437,300439,2,1
300436,300437,300439,2,1
300436,300437,300439,2,1
300436,300437,300438,1,1
300436,300437,300438,1,1
300436,300437,300438,1,1
300436,300437,300438,1,1
300436,300437,300438,1,1
300436,300437,300438,1,1
300436,300437,300438,1,1
300436,300437,300438,1,1
300436,300437,300439,2,1
300436,300437,300439,2,1
300436,300437,300439,2,1
300436,300437,300439,2,1
300436,300437,300439,2,1
300436,300437,300439,2,1
300436,300437,300439,2,1
300436,300437,300439,2,1
300436,300437,300439,2,1
300436,300437,300439,2,1
300436,300437,300439,2,1
300436,300437,300439,2,1
300436,300437,300439,2,1
300436,300441,300442,1,5
300436,300441,300442,1,5
300436,300441,300442,1,5
300436,300441,300442,1,5
300436,300441,300443,2,5
300053,300053,300447,394,0
300452,300452,300454,2,0
300452,300452,300454,2,0
300452,300452,300454,2,0
300452,300452,300454,2,0
300452,300452,300454,2,0
300452,300452,300454,2,0
300452,300452,300453,1,0
300452,300452,300453,1,0
300452,300452,300454,2,0
300452,300452,300454,2,0
300452,300452,300453,1,0
300452,300452,300454,2,0
300452,300452,300454,2,0
300452,300452,300453,1,0
300452,300452,300454,2,0
300452,300452,300454,2,0
300452,300452,300454,2,0
300452,300452,300453,1,0
300452,300452,300454,2,0
300452,300452,300454,2,0
300452,300452,300454,2,0
300452,300452,300454,2,0
300452,300452,300454,2,0
300452,300452,300454,2,0
300452,300452,300454,2,0
300452,300452,300454,2,0
300452,300452,300454,2,0
300452,300452,300454,2,0
300452,300452,300454,2,0
300452,300452,300454,2,0
300452,300452,300454,2,0
300452,300452,300454,2,0
300452,300452,300454,2,0
300452,300452,300454,2,0
300452,300452,300455,3,0
300452,300452,300455,3,0
300452,300452,300455,3,0
300452,300452,300454,2,0
300452,300452,300455,3,0
300452,300452,300454,2,0
300452,300452,300455,3,0
300452,300452,300454,2,0
300452,300464,300466,2,12
300452,300464,300465,1,12
300452,300464,300466,2,12
300102,300102,300473,371,0
300477,300477,300479,2,0
300477,300477,300479,2,0
300477,300477,300479,2,0
300477,300477,300479,2,0
300477,300477,300479,2,0
300477,300478,300479,1,1
300477,300478,300479,1,1
300477,300478,300479,1,1
300477,300477,300479,2,0
300477,300477,300479,2,0
300477,300477,300479,2,0
300477,300477,300479,2,0
300477,300477,300479,2,0
300477,300478,300479,1,1
300477,300477,300479,2,0
300477,300477,300479,2,0
300477,300477,300479,2,0
300477,300477,300479,2,0
300477,300477,300479,2,0
300477,300477,300479,2,0
300477,300477,300479,2,0
300477,300477,300479,2,0
300477,300477,300479,2,0
300477,300477,300480,3,0
300477,300477,300479,2,0
300477,300477,300479,2,0
300477,300477,300479,2,0
300477,300477,300479,2,0
300477,300478,300479,1,1
300477,300478,300479,1,1
300477,300477,300479,2,0
300477,300477,300479,2,0
300477,300477,300479,2,0
300477,300477,300479,2,0
300477,300478,300479,1,1
300477,300477,300480,3,0
300477,300478,300480,2,1
300477,300477,300480,3,0
300477,300477,300480,3,0
300477,300478,300480,2,1
300477,300478,300480,2,1
300477,300478,300480,2,1
300477,300477,300480,3,0
300477,300478,300480,2,1
300477,300478,300480,2,1
300135,300135,300489,354,0
300491,300491,300493,2,0
300491,300491,300493,2,0
300491,300491,300492,1,0
300491,300491,300493,2,0
300491,300491,300493,2,0
300491,300491,300492,1,0
300491,300491,300492,1,0
300491,300491,300493,2,0
300491,300491,300492,1,0
300491,300491,300492,1,0
300491,300491,300492,1,0
300491,300491,300493,2,0
300491,300491,300492,1,0
300491,300491,300492,1,0
300491,300491,300492,1,0
300491,300491,300492,1,0
300491,300491,300493,2,0
300491,300491,300492,1,0
300491,300491,300492,1,0
300491,300491,300492,1,0
300491,300491,300492,1,0
300491,300491,300492,1,0
300491,300491,300493,2,0
300491,300491,300492,1,0
300491,300491,300492,1,0
300491,300491,300492,1,0
300491,300491,300492,1,0
300491,300491,300492,1,0
300491,300491,300492,1,0
300491,300491,300492,1,0
300491,300491,300493,2,0
300491,300491,300493,2,0
300491,300491,300493,2,0
300491,300491,300494,3,0
300491,300491,300493,2,0
300491,300491,300493,2,0
300491,300491,300493,2,0
300491,300491,300493,2,0
300491,300491,300493,2,0
300491,300491,300493,2,0
300491,300491,300493,2,0
300491,300491,300493,2,0
300491,300491,300493,2,0
300491,300491,300493,2,0
300491,300491,300493,2,0
300133,300133,300495,362,0
300502,300502,300503,1,0
300502,300502,300504,2,0
300502,300502,300504,2,0
300502,300502,300504,2,0
300502,300502,300503,1,0
300502,300502,300503,1,0
300502,300502,300503,1,0
300502,300502,300504,2,0
300502,300502,300503,1,0
300502,300502,300504,2,0
300502,300502,300503,1,0
300502,300502,300503,1,0
300502,300502,300503,1,0
300502,300502,300504,2,0
300502,300502,300503,1,0
300502,300502,300503,1,0
300502,300502,300504,2,0
300502,300502,300504,2,0
300502,300502,300504,2,0
300502,300502,300503,1,0
300502,300502,300503,1,0
300502,300502,300504,2,0
300502,300502,300504,2,0
300502,300502,300504,2,0
300502,300502,300503,1,0
300502,300502,300503,1,0
300502,300502,300503,1,0
300502,300502,300503,1,0
300502,300502,300503,1,0
300502,300502,300503,1,0
300502,300502,300503,1,0
300502,300502,300504,2,0
300502,300502,300504,2,0
300502,300502,300504,2,0
300502,300502,300505,3,0
300502,300502,300504,2,0
300502,300502,300504,2,0
300502,300502,300504,2,0
300502,300502,300504,2,0
300502,300502,300504,2,0
300502,300502,300504,2,0
300502,300502,300504,2,0
300502,300502,300504,2,0
300502,300502,300504,2,0
300502,300502,300504,2,0
300122,300122,300506,384,0
300516,300517,300518,1,1
300516,300517,300518,1,1
300516,300517,300518,1,1
300516,300517,300518,1,1
300516,300517,300518,1,1
300516,300517,300518,1,1
300516,300517,300518,1,1
300516,300517,300518,1,1
300516,300517,300518,1,1
300516,300517,300518,1,1
300516,300517,300518,1,1
300516,300517,300518,1,1
300516,300517,300518,1,1
300516,300517,300518,1,1
300516,300517,300519,2,1
300516,300517,300518,1,1
300516,300517,300518,1,1
300516,300517,300519,2,1
300516,300517,300518,1,1
300516,300517,300518,1,1
300516,300517,300518,1,1
300516,300517,300518,1,1
300516,300517,300518,1,1
300516,300517,300519,2,1
300516,300517,300519,2,1
300516,300517,300518,1,1
300516,300517,300518,1,1
300516,300517,300518,1,1
300516,300517,300518,1,1
300516,300517,300519,2,1
300516,300517,300519,2,1
300516,300517,300519,2,1
300516,300517,300519,2,1
300516,300517,300519,2,1
300516,300517,300519,2,1
300516,300517,300519,2,1
300516,300517,300519,2,1
300516,300521,300522,1,5
300516,300521,300523,2,5
300163,300163,300525,362,0
300516,300525,300526,1,9
300516,300525,300526,1,9
300516,300525,300526,1,9
300526,300526,300527,1,0
300526,300526,300528,2,0
300526,300526,300528,2,0
300526,300526,300528,2,0
300526,300526,300528,2,0
300526,300526,300528,2,0
300526,300526,300528,2,0
300526,300526,300528,2,0
300526,300526,300528,2,0
300526,300526,300528,2,0
300526,300526,300528,2,0
300526,300526,300528,2,0
300526,300526,300527,1,0
300526,300526,300527,1,0
300526,300526,300528,2,0
300526,300526,300528,2,0
300526,300526,300528,2,0
300526,300526,300528,2,0
300526,300526,300528,2,0
300526,300526,300527,1,0
300526,300526,300527,1,0
300526,300526,300528,2,0
300526,300526,300527,1,0
300526,300526,300528,2,0
300526,300526,300528,2,0
300526,300526,300528,2,0
300526,300526,300528,2,0
300526,300526,300528,2,0
300526,300526,300528,2,0
300526,300526,300528,2,0
300526,300526,300528,2,0
300516,300525,300526,1,9
300516,300525,300526,1,9
300516,300525,300527,2,9
300526,300526,300528,2,0
300526,300526,300529,3,0
300526,300526,300528,2,0
300526,300526,300528,2,0
300526,300526,300528,2,0
300526,300526,300529,3,0
300526,300526,300528,2,0
300526,300526,300529,3,0
300526,300526,300528,2,0
300526,300526,300528,2,0
300526,300526,300528,2,0
300526,300526,300529,3,0
300526,300526,300529,3,0
300526,300526,300529,3,0
300171,300171,300545,374,0
300548,300548,300549,1,0
300548,300548,300550,2,0
300548,300548,300549,1,0
300548,300548,300550,2,0
300548,300548,300549,1,0
300548,300548,300549,1,0
300548,300548,300549,1,0
300548,300548,300549,1,0
300548,300548,300550,2,0
300548,300548,300549,1,0
300548,300548,300550,2,0
300548,300548,300550,2,0
300548,300548,300549,1,0
300548,300548,300550,2,0
300548,300548,300549,1,0
300548,300548,300549,1,0
300548,300548,300549,1,0
300548,300548,300550,2,0
300548,300548,300549,1,0
300548,300548,300549,1,0
300548,300548,300549,1,0
300548,300548,300549,1,0
300548,300548,300549,1,0
300548,300548,300550,2,0
300548,300548,300549,1,0
300548,300548,300549,1,0
300548,300548,300549,1,0
300548,300548,300549,1,0
300548,300548,300550,2,0
300548,300548,300550,2,0
300548,300548,300550,2,0
300548,300549,300550,1,1
300548,300549,300550,1,1
300548,300549,300550,1,1
300548,300549,300550,1,1
300548,300549,300550,1,1
300548,300548,300550,2,0
300548,300548,300550,2,0
300548,300548,300550,2,0
300548,300548,300550,2,0
300548,300548,300550,2,0
300548,300548,300550,2,0
300548,300548,300550,2,0
300548,300548,300550,2,0
300548,300548,300550,2,0
300193,300193,300556,363,0
300560,300560,300561,1,0
300560,300560,300562,2,0
300560,300560,300561,1,0
300560,300560,300561,1,0
300560,300560,300561,1,0
300560,300560,300561,1,0
300560,300560,300562,2,0
300560,300560,300562,2,0
300560,300560,300562,2,0
300560,300560,300561,1,0
300560,300560,300561,1,0
300560,300560,300561,1,0
300560,300560,300561,1,0
300560,300560,300561,1,0
300560,300560,300561,1,0
300560,300560,300562,2,0
300560,300560,300561,1,0
300560,300560,300562,2,0
300560,300560,300561,1,0
300560,300560,300561,1,0
300560,300560,300562,2,0
300560,300560,300561,1,0
300560,300560,300561,1,0
300560,300560,300561,1,0
300560,300560,300562,2,0
300560,300560,300561,1,0
300560,300560,300561,1,0
300560,300560,300562,2,0
300560,300560,300562,2,0
300560,300560,300562,2,0
300560,300560,300562,2,0
300560,300560,300562,2,0
300560,300560,300562,2,0
300560,300560,300563,3,0
300560,300560,300562,2,0
300560,300560,300562,2,0
300560,300560,300563,3,0
300560,300560,300562,2,0
300560,300560,300562,2,0
300560,300560,300563,3,0
300560,300560,300563,3,0
300560,300560,300562,2,0
300560,300560,300563,3,0
300560,300560,300563,3,0
300560,300560,300563,3,0
300207,300207,300570,363,0
300573,300573,300575,2,0
300573,300573,300574,1,0
300573,300573,300574,1,0
300573,300573,300575,2,0
300573,300573,300575,2,0
300573,300573,300575,2,0
300573,300573,300575,2,0
300573,300573,300575,2,0
300573,300573,300575,2,0
300573,300573,300575,2,0
300573,300573,300575,2,0
300573,300573,300575,2,0
300573,300573,300575,2,0
300573,300573,300575,2,0
300573,300573,300575,2,0
300573,300573,300575,2,0
300573,300573,300575,2,0
300573,300573,300575,2,0
300573,300573,300575,2,0
300573,300573,300575,2,0
300573,300573,300575,2,0
300573,300573,300575,2,0
300573,300573,300575,2,0
300573,300573,300575,2,0
300573,300573,300575,2,0
300573,300573,300575,2,0
300573,300573,300575,2,0
300573,300573,300575,2,0
300573,300573,300575,2,0
300573,300573,300575,2,0
300573,300573,300575,2,0
300573,300573,300575,2,0
300573,300573,300575,2,0
300573,300573,300575,2,0
300573,300573,300575,2,0
300573,300573,300575,2,0
300573,300573,300576,3,0
300573,300573,300575,2,0
300573,300573,300576,3,0
300573,300573,300575,2,0
300251,300251,300587,336,0
300588,300588,300590,2,0
300588,300588,300590,2,0
300588,300588,300590,2,0
300588,300588,300590,2,0
300588,300589,300590,1,1
300588,300589,300590,1,1
300573,300588,300590,2,15
300573,300588,300590,2,15
300573,300588,300590,2,15
300573,300588,300590,2,15
300588,300588,300590,2,0
300588,300588,300590,2,0
300588,300588,300590,2,0
300588,300588,300590,2,0
300588,300588,300590,2,0
300588,300588,300590,2,0
300588,300588,300590,2,0
300588,300588,300590,2,0
300588,300588,300590,2,0
300588,300588,300590,2,0
300588,300588,300590,2,0
300588,300588,300590,2,0
300588,300588,300589,1,0
300588,300588,300590,2,0
300588,300588,300590,2,0
300588,300588,300591,3,0
300588,300588,300591,3,0
300588,300588,300591,3,0
300588,300588,300591,3,0
300588,300588,300590,2,0
300588,300588,300590,2,0
300588,300588,300591,3,0
300588,300588,300591,3,0
300588,300588,300591,3,0
300588,300588,300591,3,0
300588,300588,300590,2,0
300588,300589,300590,1,1
300588,300589,300590,1,1
300588,300589,300591,2,1
300588,300589,300591,2,1
300573,300588,300591,3,15
300588,300588,300591,3,0
300588,300588,300591,3,0
300588,300588,300591,3,0
300588,300588,300591,3,0
300588,300588,300591,3,0
300588,300588,300591,3,0
300588,300588,300591,3,0
300588,300588,300590,2,0
300588,300588,300591,3,0
300269,300269,300612,343,0
300614,300614,300616,2,0
300614,300614,300615,1,0
300614,300614,300615,1,0
300614,300614,300616,2,0
300614,300614,300615,1,0
300614,300614,300615,1,0
300614,300614,300616,2,0
300614,300614,300615,1,0
300614,300614,300615,1,0
300614,300614,300615,1,0
300614,300614,300615,1,0
300614,300614,300615,1,0
300614,300614,300616,2,0
300614,300614,300616,2,0
300614,300614,300616,2,0
300614,300614,300616,2,0
300614,300614,300615,1,0
300614,300614,300615,1,0
300614,300614,300615,1,0
300614,300614,300615,1,0
300614,300614,300615,1,0
300614,300614,300616,2,0
300614,300614,300616,2,0
300614,300614,300617,3,0
300614,300614,300616,2,0
300614,300614,300617,3,0
300614,300614,300617,3,0
300614,300614,300616,2,0
300614,300614,300617,3,0
300614,300614,300616,2,0
300614,300614,300617,3,0
300614,300614,300616,2,0
300614,300614,300616,2,0
300614,300614,300616,2,0
300614,300616,300617,1,2
300614,300616,300617,1,2
300614,300616,300617,1,2
300614,300616,300617,1,2
300614,300616,300618,2,2
300614,300614,300617,3,0
300614,300614,300617,3,0
300614,300616,300618,2,2
300614,300614,300617,3,0
300614,300614,300617,3,0
300614,300614,300616,2,0
300267,300267,300642,375,0
300644,300644,300646,2,0
300644,300644,300645,1,0
300644,300644,300645,1,0
300644,300644,300646,2,0
300644,300644,300645,1,0
300644,300644,300645,1,0
300644,300644,300645,1,0
300644,300644,300645,1,0
300644,300644,300645,1,0
300644,300644,300645,1,0
300644,300644,300645,1,0
300644,300644,300645,1,0
300644,300644,300645,1,0
300644,300644,300645,1,0
300644,300644,300645,1,0
300644,300644,300645,1,0
300644,300644,300645,1,0
300644,300644,300645,1,0
300644,300644,300645,1,0
300644,300644,300645,1,0
300644,300644,300645,1,0
300644,300644,300645,1,0
300644,300644,300645,1,0
300644,300644,300646,2,0
300644,300644,300647,3,0
300644,300644,300646,2,0
300644,300644,300646,2,0
300644,300644,300647,3,0
300644,300644,300646,2,0
300644,300644,300647,3,0
300644,300644,300646,2,0
300644,300644,300646,2,0
300644,300644,300646,2,0
300644,300644,300646,2,0
300644,300644,300646,2,0
300644,300644,300647,3,0
300644,300644,300646,2,0
300644,300644,300646,2,0
300644,300644,300646,2,0
300644,300644,300647,3,0
300644,300644,300647,3,0
300644,300652,300653,1,8
300644,300652,300654,2,8
300644,300652,300654,2,8
300644,300652,300655,3,8
300308,300308,300679,371,0
300680,300680,300682,2,0
300680,300680,300682,2,0
300680,300680,300682,2,0
300680,300680,300682,2,0
300680,300680,300682,2,0
300680,300680,300682,2,0
300680,300680,300682,2,0
300680,300680,300682,2,0
300680,300680,300682,2,0
300680,300680,300682,2,0
300680,300680,300682,2,0
300680,300680,300682,2,0
300680,300680,300682,2,0
300680,300680,300682,2,0
300680,300680,300682,2,0
300680,300680,300682,2,0
300680,300680,300682,2,0
300680,300680,300682,2,0
300680,300680,300682,2,0
300680,300680,300682,2,0
300680,300680,300682,2,0
300680,300680,300682,2,0
300680,300680,300682,2,0
300680,300680,300682,2,0
300680,300680,300683,3,0
300680,300680,300682,2,0
300680,300680,300683,3,0
300680,300680,300683,3,0
300680,300680,300682,2,0
300680,300680,300683,3,0
300680,300680,300683,3,0
300680,300680,300683,3,0
300680,300680,300683,3,0
300680,300680,300683,3,0
300680,300680,300683,3,0
300680,300680,300683,3,0
300680,300680,300683,3,0
300680,300680,300683,3,0
300680,300680,300683,3,0
300680,300680,300683,3,0
300680,300680,300683,3,0
300680,300680,300683,3,0
300680,300680,300683,3,0
300680,300680,300683,3,0
300680,300680,300684,4,0
300284,300284,300685,401,0
300321,300322,300689,367,1
300694,300694,300696,2,0
300694,300695,300696,1,1
300694,300695,300696,1,1
300694,300694,300696,2,0
300694,300695,300696,1,1
300694,300695,300696,1,1
300694,300695,300696,1,1
300694,300694,300696,2,0
300694,300695,300696,1,1
300694,300695,300696,1,1
300694,300695,300696,1,1
300694,300694,300696,2,0
300694,300695,300696,1,1
300694,300695,300696,1,1
300694,300695,300696,1,1
300694,300694,300696,2,0
300694,300695,300696,1,1
300694,300695,300696,1,1
300694,300695,300696,1,1
300694,300695,300697,2,1
300694,300695,300697,2,1
300694,300695,300697,2,1
300694,300694,300696,2,0
300694,300695,300696,1,1
300694,300695,300696,1,1
300694,300695,300697,2,1
300694,300695,300697,2,1
300694,300695,300697,2,1
300694,300695,300696,1,1
300694,300695,300696,1,1
300694,300695,300697,2,1
300694,300695,300697,2,1
300694,300695,300697,2,1
300694,300695,300697,2,1
300694,300695,300696,1,1
300694,300694,300698,4,0
300696,300696,300698,2,0
300696,300696,300697,1,0
300696,300696,300698,2,0
300696,300696,300698,2,0
300694,300695,300697,2,1
300694,300695,300697,2,1
300694,300695,300697,2,1
300694,300695,300698,3,1
300694,300695,300697,2,1
300694,300695,300697,2,1
300694,300695,300697,2,1
300696,300696,300698,2,0
300696,300696,300698,2,0
300696,300696,300698,2,0
300694,300695,300698,3,1
300696,300696,300698,2,0
300696,300696,300698,2,0
300696,300696,300698,2,0
300696,300696,300698,2,0
300696,300696,300698,2,0
300696,300696,300698,2,0
300696,300696,300698,2,0
300696,300696,300698,2,0
300696,300696,300698,2,0
300696,300696,300698,2,0
300694,300695,300698,3,1
300696,300696,300698,2,0
300696,300696,300698,2,0
300696,300697,300698,1,1
300696,300697,300698,1,1
300696,300697,300699,2,1
300696,300697,300698,1,1
300696,300697,300698,1,1
300696,300698,300699,1,2
300696,300698,300699,1,2
300696,300698,300699,1,2
300696,300698,300699,1,2
300696,300698,300699,1,2
300696,300698,300700,2,2
300696,300698,300699,1,2
300696,300698,300699,1,2
300696,300697,300700,3,1
300696,300697,300699,2,1
300696,300697,300699,2,1
300696,300697,300699,2,1
300696,300697,300699,2,1
300696,300697,300700,3,1
300696,300698,300700,2,2
300696,300698,300700,2,2
300696,300698,300700,2,2
300696,300698,300700,2,2
300696,300698,300700,2,2
300696,300698,300700,2,2
300696,300697,300700,3,1
300352,300352,300723,371,0
300725,300725,300727,2,0
300725,300725,300727,2,0
300725,300725,300727,2,0
300725,300725,300727,2,0
300725,300725,300727,2,0
300725,300725,300727,2,0
300725,300725,300727,2,0
300725,300725,300727,2,0
300725,300725,300727,2,0
300725,300725,300727,2,0
300725,300725,300727,2,0
300725,300725,300727,2,0
300725,300725,300727,2,0
300725,300725,300727,2,0
300725,300725,300727,2,0
300725,300725,300727,2,0
300725,300725,300726,1,0
300725,300725,300726,1,0
300725,300725,300727,2,0
300725,300725,300727,2,0
300725,300725,300727,2,0
300725,300725,300728,3,0
300725,300725,300728,3,0
300725,300725,300728,3,0
300725,300725,300728,3,0
300725,300725,300728,3,0
300725,300725,300727,2,0
300725,300725,300728,3,0
300725,300725,300727,2,0
300725,300725,300727,2,0
300725,300725,300728,3,0
300725,300725,300728,3,0
300725,300725,300728,3,0
300725,300725,300728,3,0
300725,300725,300728,3,0
300725,300725,300728,3,0
300725,300725,300727,2,0
300725,300725,300729,4,0
300725,300725,300728,3,0
300725,300729,300731,2,4
300725,300729,300730,1,4
300725,300729,300730,1,4
300725,300729,300730,1,4
300725,300729,300732,3,4
300725,300729,300731,2,4
300381,300381,300743,362,0
300365,300365,300745,380,0
300744,300745,300746,1,1
300744,300745,300746,1,1
300744,300745,300746,1,1
300744,300745,300746,1,1
300744,300745,300746,1,1
300744,300745,300746,1,1
300744,300745,300746,1,1
300744,300745,300746,1,1
300744,300745,300746,1,1
300744,300745,300746,1,1
300744,300745,300746,1,1
300744,300745,300746,1,1
300744,300745,300746,1,1
300744,300745,300747,2,1
300744,300745,300746,1,1
300744,300745,300747,2,1
300744,300745,300747,2,1
300744,300745,300746,1,1
300744,300745,300746,1,1
300744,300745,300747,2,1
300744,300745,300747,2,1
300744,300745,300747,2,1
300744,300745,300746,1,1
300744,300745,300746,1,1
300744,300745,300747,2,1
300744,300745,300747,2,1
300744,300745,300747,2,1
300744,300745,300747,2,1
300744,300745,300747,2,1
300744,300745,300747,2,1
300744,300745,300746,1,1
300744,300745,300746,1,1
300744,300745,300747,2,1
300746,300746,300747,1,0
300746,300746,300747,1,0
300746,300746,300747,1,0
300744,300745,300747,2,1
300746,300746,300747,1,0
300744,300745,300748,3,1
300744,300745,300747,2,1
300746,300747,300748,1,1
300744,300745,300747,2,1
300744,300745,300747,2,1
300744,300746,300747,1,2
300744,300746,300747,1,2
300744,300746,300747,1,2
300744,300746,300747,1,2
300744,300746,300748,2,2
300746,300746,300748,2,0
300746,300746,300748,2,0
300746,300746,300748,2,0
300746,300746,300748,2,0
300744,300745,300748,3,1
300746,300746,300748,2,0
300746,300746,300748,2,0
300746,300746,300748,2,0
300746,300746,300748,2,0
300746,300746,300748,2,0
300746,300746,300747,1,0
300746,300746,300747,1,0
300746,300746,300748,2,0
300746,300747,300748,1,1
300746,300747,300749,2,1
300746,300747,300748,1,1
300746,300747,300748,1,1
300746,300747,300749,2,1
300746,300747,300748,1,1
300746,300747,300748,1,1
300744,300746,300748,2,2
300746,300747,300749,2,1
300746,300747,300749,2,1
300746,300748,300749,1,2
300746,300748,300749,1,2
300746,300748,300749,1,2
300746,300747,300749,2,1
300746,300747,300749,2,1
300746,300747,300749,2,1
300746,300747,300749,2,1
300746,300747,300749,2,1
300746,300747,300749,2,1
300746,300747,300750,3,1
300746,300747,300750,3,1
300746,300747,300750,3,1
300746,300748,300750,2,2
300746,300747,300750,3,1
300746,300747,300750,3,1
300746,300747,300750,3,1
300746,300747,300750,3,1
300746,300747,300750,3,1
300746,300748,300750,2,2
300394,300407,300780,373,13
300782,300782,300784,2,0
300782,300782,300784,2,0
300782,300783,300784,1,1
300782,300783,300784,1,1
300782,300782,300784,2,0
300782,300782,300784,2,0
300782,300783,300784,1,1
300782,300783,300784,1,1
300782,300783,300784,1,1
300782,300782,300784,2,0
300782,300782,300784,2,0
300782,300782,300784,2,0
300782,300782,300784,2,0
300782,300782,300784,2,0
300782,300782,300784,2,0
300782,300782,300784,2,0
300782,300782,300784,2,0
300782,300782,300784,2,0
300782,300782,300784,2,0
300782,300782,300784,2,0
300782,300782,300784,2,0
300782,300782,300784,2,0
300782,300783,300784,1,1
300782,300783,300784,1,1
300782,300783,300784,1,1
300782,300783,300784,1,1
300782,300782,300785,3,0
300782,300782,300785,3,0
300782,300782,300785,3,0
300782,300782,300785,3,0
300782,300782,300785,3,0
300782,300782,300784,2,0
300782,300782,300785,3,0
300782,300783,300784,1,1
300782,300783,300785,2,1
300782,300782,300784,2,0
300782,300782,300784,2,0
300782,300783,300785,2,1
300782,300783,300785,2,1
300782,300782,300785,3,0
300782,300782,300785,3,0
300782,300782,300785,3,0
300782,300782,300785,3,0
300782,300783,300785,2,1
300782,300783,300785,2,1
300438,300438,300801,363,0
300802,300802,300804,2,0
300802,300802,300803,1,0
300802,300802,300804,2,0
300802,300802,300804,2,0
300802,300802,300804,2,0
300802,300802,300804,2,0
300802,300802,300803,1,0
300802,300802,300804,2,0
300802,300802,300803,1,0
300802,300802,300804,2,0
300802,300802,300803,1,0
300802,300802,300804,2,0
300802,300802,300804,2,0
300802,300802,300803,1,0
300802,300802,300803,1,0
300802,300802,300803,1,0
300802,300802,300804,2,0
300802,300802,300804,2,0
300802,300802,300804,2,0
300802,300802,300804,2,0
300802,300802,300804,2,0
300802,300802,300803,1,0
300802,300802,300803,1,0
300802,300802,300803,1,0
300802,300802,300803,1,0
300802,300802,300804,2,0
300802,300802,300805,3,0
300802,300802,300804,2,0
300802,300802,300804,2,0
300802,300802,300804,2,0
300802,300802,300804,2,0
300802,300802,300805,3,0
300802,300802,300804,2,0
300802,300802,300804,2,0
300802,300802,300805,3,0
300802,300802,300805,3,0
300802,300805,300806,1,3
300802,300805,300806,1,3
300802,300805,300806,1,3
300802,300805,300806,1,3
300802,300805,300807,2,3
300802,300806,300807,1,4
300802,300806,300808,2,4
300453,300464,300847,383,11
300479,300479,300849,370,0
300848,300848,300850,2,0
300848,300848,300850,2,0
300848,300848,300850,2,0
300848,300848,300850,2,0
300848,300848,300850,2,0
300848,300848,300850,2,0
300848,300848,300850,2,0
300848,300848,300849,1,0
300848,300848,300850,2,0
300848,300848,300850,2,0
300848,300848,300850,2,0
300848,300848,300850,2,0
300848,300848,300850,2,0
300848,300848,300850,2,0
300848,300848,300850,2,0
300848,300848,300850,2,0
300848,300848,300850,2,0
300848,300848,300850,2,0
300848,300848,300850,2,0
300848,300848,300850,2,0
300848,300848,300850,2,0
300848,300848,300850,2,0
300848,300849,300850,1,1
300848,300849,300850,1,1
300848,300849,300850,1,1
300848,300848,300850,2,0
300848,300848,300850,2,0
300848,300848,300850,2,0
300848,300848,300850,2,0
300848,300848,300850,2,0
300848,300848,300851,3,0
300848,300848,300850,2,0
300848,300848,300850,2,0
300850,300850,300851,1,0
300848,300849,300850,1,1
300848,300848,300851,3,0
300848,300848,300851,3,0
300850,300850,300851,1,0
300850,300850,300851,1,0
300848,300848,300850,2,0
300848,300848,300851,3,0
300848,300848,300851,3,0
300850,300850,300852,2,0
300850,300850,300852,2,0
300850,300850,300852,2,0
300850,300850,300852,2,0
300850,300850,300852,2,0
300850,300850,300852,2,0
300850,300850,300852,2,0
300850,300850,300852,2,0
300850,300850,300852,2,0
300850,300850,300852,2,0
300850,300850,300852,2,0
300850,300850,300852,2,0
300850,300850,300852,2,0
300850,300850,300852,2,0
300850,300850,300852,2,0
300850,300850,300852,2,0
300850,300850,300852,2,0
300850,300850,300852,2,0
300850,300850,300852,2,0
300850,300850,300852,2,0
300850,300850,300852,2,0
300850,300850,300852,2,0
300850,300850,300852,2,0
300850,300850,300852,2,0
300850,300850,300852,2,0
300850,300850,300852,2,0
300850,300850,300852,2,0
300850,300850,300852,2,0
300850,300850,300852,2,0
300850,300850,300852,2,0
300850,300850,300852,2,0
300850,300850,300852,2,0
300850,300850,300852,2,0
300850,300850,300852,2,0
300850,300850,300853,3,0
300850,300850,300853,3,0
300850,300850,300853,3,0
300850,300850,300853,3,0
300850,300850,300853,3,0
300850,300850,300853,3,0
300850,300850,300853,3,0
300850,300850,300853,3,0
300492,300492,300859,367,0
300848,300859,300860,1,11
300848,300859,300860,1,11
300848,300859,300860,1,11
300848,300859,300860,1,11
300848,300859,300860,1,11
300848,300859,300861,2,11
300862,300862,300864,2,0
300862,300862,300863,1,0
300862,300862,300863,1,0
300862,300862,300863,1,0
300862,300862,300863,1,0
300862,300862,300864,2,0
300862,300862,300863,1,0
300862,300862,300864,2,0
300862,300862,300864,2,0
300862,300862,300864,2,0
300862,300862,300863,1,0
300862,300862,300863,1,0
300862,300862,300864,2,0
300862,300862,300863,1,0
300862,300862,300864,2,0
300862,300862,300863,1,0
300862,300862,300864,2,0
300862,300862,300864,2,0
300862,300862,300863,1,0
300862,300862,300864,2,0
300862,300862,300863,1,0
300862,300862,300864,2,0
300862,300862,300864,2,0
300862,300862,300863,1,0
300862,300862,300863,1,0
300862,300862,300863,1,0
300862,300862,300863,1,0
300862,300862,300864,2,0
300862,300862,300863,1,0
300862,300862,300864,2,0
300862,300862,300864,2,0
300862,300862,300864,2,0
300862,300862,300864,2,0
300862,300862,300864,2,0
300862,300862,300864,2,0
300862,300862,300864,2,0
300862,300862,300864,2,0
300862,300862,300864,2,0
300862,300862,300865,3,0
300862,300862,300865,3,0
300862,300862,300864,2,0
300862,300862,300864,2,0
300862,300862,300864,2,0
300862,300862,300864,2,0
300862,300862,300865,3,0
300503,300503,300875,372,0
300883,300883,300884,1,0
300883,300883,300884,1,0
300883,300883,300885,2,0
300883,300883,300885,2,0
300883,300883,300885,2,0
300883,300883,300885,2,0
300883,300883,300885,2,0
300883,300883,300885,2,0
300883,300883,300885,2,0
300883,300883,300885,2,0
300883,300883,300884,1,0
300883,300883,300884,1,0
300883,300883,300884,1,0
300883,300883,300885,2,0
300883,300883,300884,1,0
300883,300883,300885,2,0
300883,300883,300885,2,0
300883,300883,300885,2,0
300883,300883,300884,1,0
300883,300883,300885,2,0
300883,300883,300884,1,0
300883,300883,300885,2,0
300883,300883,300885,2,0
300883,300883,300884,1,0
300883,300883,300884,1,0
300883,300883,300885,2,0
300883,300883,300885,2,0
300883,300883,300885,2,0
300883,300883,300885,2,0
300883,300883,300885,2,0
300883,300883,300885,2,0
300883,300883,300885,2,0
300883,300883,300884,1,0
300883,300883,300885,2,0
300883,300883,300885,2,0
300883,300883,300885,2,0
300883,300883,300885,2,0
300883,300883,300885,2,0
300883,300883,300886,3,0
300883,300883,300886,3,0
300883,300883,300885,2,0
300883,300883,300886,3,0
300527,300529,300886,357,2
300883,300883,300885,2,0
300883,300883,300886,3,0
300883,300883,300886,3,0
300518,300518,300897,379,0
300896,300896,300898,2,0
300896,300896,300898,2,0
300896,300896,300898,2,0
300896,300896,300898,2,0
300896,300896,300898,2,0
300896,300896,300898,2,0
300896,300896,300898,2,0
300896,300896,300897,1,0
300896,300896,300898,2,0
300896,300896,300898,2,0
300896,300896,300898,2,0
300896,300896,300898,2,0
300896,300896,300898,2,0
300896,300896,300898,2,0
300896,300896,300898,2,0
300896,300896,300898,2,0
300896,300896,300898,2,0
300896,300896,300898,2,0
300896,300896,300898,2,0
300896,300896,300897,1,0
300896,300896,300898,2,0
300896,300896,300898,2,0
300896,300896,300898,2,0
300896,300896,300898,2,0
300896,300896,300898,2,0
300896,300896,300899,3,0
300898,300898,300899,1,0
300896,300896,300898,2,0
300896,300896,300898,2,0
300898,300898,300899,1,0
300898,300898,300899,1,0
300898,300898,300899,1,0
300896,300896,300899,3,0
300896,300896,300898,2,0
300896,300896,300898,2,0
300896,300896,300898,2,0
300896,300896,300899,3,0
300896,300896,300898,2,0
300898,300898,300899,1,0
300898,300898,300899,1,0
300898,300898,300899,1,0
300898,300898,300899,1,0
300898,300898,300900,2,0
300898,300898,300900,2,0
300898,300898,300899,1,0
300898,300898,300900,2,0
300898,300898,300900,2,0
300898,300898,300900,2,0
300898,300898,300900,2,0
300898,300898,300900,2,0
300898,300898,300899,1,0
300898,300898,300899,1,0
300898,300898,300900,2,0
300898,300898,300899,1,0
300898,300898,300900,2,0
300898,300898,300900,2,0
300898,300898,300900,2,0
300898,300898,300899,1,0
300898,300898,300900,2,0
300898,300898,300900,2,0
300898,300898,300900,2,0
300898,300898,300900,2,0
300898,300898,300899,1,0
300898,300898,300900,2,0
300898,300898,300900,2,0
300898,300898,300900,2,0
300898,300898,300900,2,0
300898,300899,300901,2,1
300898,300899,300901,2,1
300898,300899,300901,2,1
300898,300899,300901,2,1
300898,300899,300901,2,1
300898,300898,300901,3,0
300898,300898,300901,3,0
300898,300898,300901,3,0
300898,300898,300901,3,0
300896,300909,300910,1,13
300896,300909,300910,1,13
300896,300909,300910,1,13
300896,300909,300911,2,13
300896,300896,300899,3,0
300896,300896,300898,2,0
300898,300914,300916,2,16
300898,300914,300916,2,16
300898,300914,300916,2,16
300549,300549,300917,368,0
300896,300916,300917,1,20
300896,300916,300917,1,20
300896,300916,300917,1,20
300896,300916,300917,1,20
300561,300561,300921,360,0
300925,300926,300927,1,1
300925,300926,300927,1,1
300925,300926,300927,1,1
300925,300926,300928,2,1
300925,300926,300927,1,1
300925,300926,300927,1,1
300925,300926,300927,1,1
300925,300926,300927,1,1
300925,300926,300927,1,1
300925,300926,300927,1,1
300925,300926,300927,1,1
300925,300926,300927,1,1
300925,300926,300927,1,1
300925,300926,300927,1,1
300925,300926,300927,1,1
300925,300926,300927,1,1
300925,300926,300927,1,1
300925,300926,300927,1,1
300925,300926,300927,1,1
300925,300926,300927,1,1
300925,300926,300928,2,1
300925,300926,300928,2,1
300925,300926,300928,2,1
300925,300926,300927,1,1
300925,300926,300927,1,1
300925,300926,300927,1,1
300925,300926,300928,2,1
300925,300926,300927,1,1
300925,300926,300927,1,1
300925,300926,300927,1,1
300925,300926,300927,1,1
300925,300926,300927,1,1
300925,300926,300928,2,1
300925,300926,300928,2,1
300925,300926,300928,2,1
300925,300926,300928,2,1
300925,300926,300928,2,1
300925,300926,300928,2,1
300925,300926,300928,2,1
300925,300926,300928,2,1
300925,300926,300928,2,1
300925,300926,300928,2,1
300925,300926,300928,2,1
300925,300926,300928,2,1
300932,300932,300934,2,0
300932,300932,300934,2,0
300932,300932,300934,2,0
300932,300932,300934,2,0
300932,300932,300934,2,0
300932,300932,300934,2,0
300932,300932,300934,2,0
300932,300932,300934,2,0
300932,300932,300934,2,0
300932,300932,300934,2,0
300932,300932,300934,2,0
300932,300932,300934,2,0
300932,300932,300934,2,0
300932,300932,300934,2,0
300932,300932,300933,1,0
300932,300932,300934,2,0
300932,300932,300934,2,0
300932,300932,300934,2,0
300932,300932,300934,2,0
300932,300932,300934,2,0
300932,300932,300934,2,0
300932,300932,300934,2,0
300932,300932,300934,2,0
300932,300932,300934,2,0
300932,300932,300934,2,0
300932,300932,300934,2,0
300932,300932,300934,2,0
300932,300932,300934,2,0
300932,300932,300934,2,0
300932,300932,300934,2,0
300932,300932,300934,2,0
300932,300932,300934,2,0
300932,300932,300935,3,0
300932,300932,300935,3,0
300932,300932,300934,2,0
300932,300932,300935,3,0
300932,300932,300935,3,0
300932,300932,300934,2,0
300932,300932,300935,3,0
300932,300932,300935,3,0
300932,300932,300935,3,0
300925,300926,300942,16,1
300574,300574,300950,376,0
300932,300933,300950,17,1
300932,300933,300952,19,1
300589,300589,300954,365,0
300932,300933,300954,21,1
300952,300953,300954,1,1
300952,300953,300954,1,1
300952,300953,300954,1,1
300952,300953,300954,1,1
300952,300953,300954,1,1
300952,300953,300954,1,1
300952,300953,300954,1,1
300952,300953,300954,1,1
300952,300953,300954,1,1
300952,300953,300954,1,1
300952,300953,300954,1,1
300952,300953,300954,1,1
300952,300953,300954,1,1
300952,300953,300954,1,1
300952,300953,300954,1,1
300952,300953,300954,1,1
300952,300953,300954,1,1
300952,300953,300954,1,1
300952,300953,300954,1,1
300952,300953,300954,1,1
300952,300953,300954,1,1
300952,300953,300955,2,1
300952,300953,300954,1,1
300952,300953,300954,1,1
300952,300953,300954,1,1
300952,300953,300954,1,1
300952,300953,300954,1,1
300952,300953,300954,1,1
300952,300953,300954,1,1
300952,300953,300955,2,1
300952,300953,300954,1,1
300952,300953,300954,1,1
300952,300953,300954,1,1
300952,300953,300955,2,1
300932,300933,300955,22,1
300952,300953,300955,2,1
300952,300953,300955,2,1
300952,300953,300955,2,1
300952,300953,300955,2,1
300952,300953,300955,2,1
300955,300955,300956,1,0
300955,300955,300956,1,0
300955,300955,300956,1,0
300952,300953,300955,2,1
300952,300953,300955,2,1
300952,300953,300955,2,1
300952,300953,300955,2,1
300952,300953,300955,2,1
300955,300955,300956,1,0
300955,300955,300956,1,0
300955,300955,300956,1,0
300955,300955,300956,1,0
300955,300955,300956,1,0
300955,300955,300956,1,0
300955,300955,300956,1,0
300955,300955,300956,1,0
300955,300955,300956,1,0
300955,300955,300956,1,0
300955,300955,300956,1,0
300955,300955,300956,1,0
300955,300955,300956,1,0
300955,300955,300956,1,0
300955,300955,300957,2,0
300955,300955,300956,1,0
300955,300955,300956,1,0
300955,300955,300956,1,0
300955,300955,300956,1,0
300955,300955,300956,1,0
300955,300955,300956,1,0
300955,300955,300956,1,0
300955,300955,300956,1,0
300955,300955,300956,1,0
300955,300955,300956,1,0
300955,300955,300956,1,0
300955,300955,300957,2,0
300955,300955,300957,2,0
300955,300955,300957,2,0
300955,300955,300957,2,0
300955,300955,300957,2,0
300955,300955,300957,2,0
300955,300955,300958,3,0
300955,300955,300957,2,0
300955,300955,300957,2,0
300955,300955,300957,2,0
300955,300955,300957,2,0
300955,300955,300957,2,0
300955,300955,300957,2,0
300955,300955,300957,2,0
300952,300953,300961,8,1
300955,300955,300964,9,0
300955,300955,300964,9,0
300615,300615,300975,360,0
300983,300983,300985,2,0
300983,300983,300985,2,0
300983,300983,300985,2,0
300983,300983,300985,2,0
300983,300983,300985,2,0
300983,300983,300985,2,0
300983,300983,300984,1,0
300983,300983,300984,1,0
300983,300983,300984,1,0
300983,300983,300984,1,0
300983,300983,300985,2,0
300983,300983,300985,2,0
300983,300983,300985,2,0
300983,300983,300985,2,0
300983,300983,300985,2,0
300983,300983,300985,2,0
300983,300983,300984,1,0
300983,300983,300984,1,0
300983,300983,300984,1,0
300983,300983,300984,1,0
300983,300983,300984,1,0
300983,300983,300985,2,0
300983,300983,300984,1,0
300983,300983,300985,2,0
300983,300983,300985,2,0
300983,300983,300984,1,0
300983,300983,300985,2,0
300983,300983,300985,2,0
300983,300983,300985,2,0
300983,300983,300984,1,0
300983,300983,300985,2,0
300983,300983,300984,1,0
300983,300983,300986,3,0
300983,300983,300986,3,0
300983,300983,300985,2,0
300983,300983,300985,2,0
300983,300983,300985,2,0
300983,300983,300985,2,0
300983,300983,300985,2,0
300983,300983,300985,2,0
300983,300983,300985,2,0
300983,300983,300985,2,0
300983,300983,300986,3,0
300983,300983,300985,2,0
300983,300983,300986,3,0
300645,300645,301016,371,0
301017,301018,301019,1,1
301017,301018,301020,2,1
301017,301018,301019,1,1
301017,301018,301019,1,1
301017,301018,301019,1,1
301017,301018,301020,2,1
301017,301018,301020,2,1
301017,301018,301019,1,1
301017,301018,301019,1,1
301017,301018,301019,1,1
301017,301018,301019,1,1
301017,301018,301019,1,1
301017,301018,301019,1,1
301017,301018,301019,1,1
301017,301018,301020,2,1
301017,301018,301020,2,1
301017,301018,301020,2,1
301017,301018,301019,1,1
301017,301018,301019,1,1
301017,301018,301019,1,1
301017,301018,301019,1,1
301017,301018,301019,1,1
301017,301018,301020,2,1
301017,301018,301019,1,1
301017,301018,301019,1,1
301017,301018,301019,1,1
301017,301018,301019,1,1
301017,301018,301020,2,1
301017,301018,301019,1,1
301017,301018,301019,1,1
301017,301018,301019,1,1
301017,301018,301019,1,1
301017,301018,301019,1,1
301017,301018,301019,1,1
301017,301018,301019,1,1
301017,301018,301019,1,1
301017,301018,301020,2,1
300681,300682,301020,338,1
301017,301018,301020,2,1
301017,301018,301020,2,1
301017,301018,301020,2,1
301017,301018,301020,2,1
301017,301018,301020,2,1
301017,301018,301020,2,1
301017,301018,301020,2,1
301017,301018,301020,2,1
296709,296710,301027,4317,1
301026,301029,301030,1,3
301030,301030,301031,1,0
301030,301030,301031,1,0
301030,301030,301031,1,0
301030,301030,301032,2,0
301030,301030,301032,2,0
301030,301030,301032,2,0
301030,301030,301031,1,0
301030,301030,301031,1,0
301030,301030,301031,1,0
301030,301030,301032,2,0
301030,301030,301032,2,0
301030,301030,301032,2,0
301030,301030,301031,1,0
301030,301030,301031,1,0
301030,301030,301032,2,0
301030,301030,301032,2,0
301030,301030,301032,2,0
301030,301030,301031,1,0
301030,301030,301031,1,0
301030,301030,301031,1,0
301030,301030,301032,2,0
301030,301030,301032,2,0
301030,301030,301031,1,0
301030,301030,301031,1,0
301030,301030,301031,1,0
301030,301030,301032,2,0
301030,301030,301031,1,0
301030,301030,301031,1,0
301030,301030,301031,1,0
301030,301030,301033,3,0
301030,301030,301032,2,0
301030,301030,301032,2,0
301030,301030,301032,2,0
301030,301030,301032,2,0
301030,301030,301032,2,0
301030,301030,301033,3,0
301030,301030,301032,2,0
301030,301030,301033,3,0
301030,301030,301032,2,0
301030,301030,301032,2,0
301030,301030,301032,2,0
301030,301030,301032,2,0
301030,301030,301032,2,0
301030,301030,301032,2,0
301030,301030,301033,3,0
300696,300696,301052,356,0
301052,301053,301054,1,1
301052,301053,301054,1,1
301052,301053,301054,1,1
301052,301053,301055,2,1
301052,301053,301054,1,1
301052,301053,301054,1,1
301052,301053,301054,1,1
301052,301053,301054,1,1
301052,301053,301054,1,1
301052,301053,301054,1,1
301052,301053,301055,2,1
301052,301053,301054,1,1
301052,301053,301055,2,1
301052,301053,301054,1,1
301052,301053,301054,1,1
301052,301053,301054,1,1
301052,301053,301054,1,1
301052,301053,301054,1,1
301052,301053,301054,1,1
301052,301053,301054,1,1
301052,301053,301055,2,1
301052,301053,301054,1,1
301052,301053,301054,1,1
301052,301053,301054,1,1
301052,301053,301055,2,1
301052,301053,301056,3,1
301052,301053,301055,2,1
301052,301053,301055,2,1
301052,301053,301055,2,1
301052,301053,301055,2,1
301052,301053,301055,2,1
301052,301053,301056,3,1
301052,301053,301055,2,1
300698,300698,301056,358,0
301052,301053,301055,2,1
301052,301053,301055,2,1
301052,301053,301056,3,1
301052,301053,301055,2,1
301052,301053,301055,2,1
301052,301053,301055,2,1
301052,301053,301055,2,1
301052,301053,301055,2,1
301052,301053,301055,2,1
301052,301053,301055,2,1
301052,301053,301055,2,1
301052,301053,301056,3,1
301056,301057,301058,1,1
301056,301057,301058,1,1
301056,301057,301058,1,1
301056,301057,301058,1,1
301056,301057,301058,1,1
301056,301057,301058,1,1
301056,301057,301058,1,1
301056,301057,301058,1,1
301056,301057,301058,1,1
301056,301057,301058,1,1
301056,301057,301058,1,1
301056,301057,301058,1,1
301056,301057,301058,1,1
301056,301057,301058,1,1
301056,301057,301058,1,1
301056,301057,301058,1,1
301056,301057,301058,1,1
301056,301057,301058,1,1
301056,301057,301058,1,1
301056,301057,301058,1,1
301056,301057,301058,1,1
301056,301057,301058,1,1
301056,301057,301059,2,1
301056,301057,301059,2,1
301056,301057,301059,2,1
301056,301057,301059,2,1
301056,301057,301060,3,1
301056,301057,301059,2,1
301056,301057,301059,2,1
301056,301057,301059,2,1
301056,301057,301059,2,1
301056,301057,301059,2,1
301056,301057,301059,2,1
301056,301057,301059,2,1
301056,301057,301059,2,1
301056,301057,301060,3,1
301056,301057,301059,2,1
301056,301057,301059,2,1
301056,301057,301059,2,1
301056,301057,301059,2,1
301056,301057,301059,2,1
301056,301057,301060,3,1
301056,301057,301060,3,1
301056,301057,301060,3,1
301056,301057,301060,3,1
300726,300726,301090,364,0
301091,301091,301093,2,0
301091,301091,301093,2,0
301091,301091,301093,2,0
301091,301091,301093,2,0
301091,301091,301093,2,0
301091,301092,301093,1,1
301091,301092,301093,1,1
301091,301092,301093,1,1
301091,301092,301093,1,1
301091,301091,301093,2,0
301091,301091,301093,2,0
301091,301091,301093,2,0
301091,301091,301093,2,0
301091,301091,301093,2,0
301091,301091,301093,2,0
301091,301091,301093,2,0
301091,301091,301093,2,0
301091,301091,301093,2,0
301091,301091,301093,2,0
301091,301091,301093,2,0
301091,301092,301093,1,1
301091,301091,301094,3,0
301091,301091,301094,3,0
301091,301091,301093,2,0
301091,301091,301093,2,0
301091,301091,301094,3,0
301091,301091,301093,2,0
301091,301091,301094,3,0
301091,301091,301094,3,0
301091,301091,301093,2,0
301091,301091,301094,3,0
301091,301091,301094,3,0
301091,301091,301094,3,0
301091,301091,301094,3,0
301091,301091,301094,3,0
301091,301092,301094,2,1
301091,301094,301095,1,3
301091,301094,301095,1,3
301091,301094,301095,1,3
301091,301094,301096,2,3
301091,301094,301096,2,3
301091,301092,301097,5,1
301091,301092,301095,3,1
301091,301092,301094,2,1
301091,301092,301102,10,1
300748,300748,301118,370,0
300746,300746,301120,374,0
301125,301125,301126,1,0
301125,301125,301127,2,0
301125,301125,301126,1,0
301125,301125,301127,2,0
301125,301125,301126,1,0
301125,301125,301126,1,0
301125,301125,301126,1,0
301125,301125,301127,2,0
301125,301125,301127,2,0
301125,301125,301126,1,0
301125,301125,301126,1,0
301125,301125,301127,2,0
301125,301125,301127,2,0
301125,301125,301127,2,0
301125,301125,301127,2,0
301125,301125,301126,1,0
301125,301125,301126,1,0
301125,301125,301126,1,0
301125,301125,301127,2,0
301125,301125,301127,2,0
301125,301125,301126,1,0
301125,301125,301126,1,0
301125,301125,301127,2,0
301125,301125,301127,2,0
301125,301125,301127,2,0
301125,301125,301126,1,0
301125,301125,301126,1,0
301125,301125,301126,1,0
301125,301125,301126,1,0
301125,301125,301127,2,0
301125,301125,301127,2,0
301125,301125,301126,1,0
301125,301125,301126,1,0
301125,301125,301127,2,0
301125,301125,301127,2,0
301125,301125,301127,2,0
301125,301125,301127,2,0
301125,301125,301127,2,0
301126,301126,301128,2,0
301126,301126,301128,2,0
301125,301125,301127,2,0
301126,301126,301128,2,0
301126,301126,301128,2,0
301126,301126,301127,1,0
301126,301126,301128,2,0
301125,301125,301127,2,0
301125,301125,301127,2,0
301125,301125,301127,2,0
301126,301126,301128,2,0
301126,301126,301128,2,0
301126,301126,301128,2,0
301126,301126,301128,2,0
301126,301126,301128,2,0
301126,301126,301128,2,0
301125,301125,301128,3,0
301126,301126,301128,2,0
301126,301126,301128,2,0
301126,301126,301128,2,0
301126,301126,301128,2,0
301126,301126,301128,2,0
301125,301125,301128,3,0
301125,301125,301128,3,0
301126,301126,301128,2,0
301126,301128,301129,1,2
301126,301128,301130,2,2
301126,301128,301129,1,2
301126,301128,301130,2,2
301126,301128,301130,2,2
301126,301128,301129,1,2
301126,301128,301129,1,2
301126,301128,301129,1,2
301126,301128,301129,1,2
301126,301128,301130,2,2
301126,301128,301129,1,2
301126,301128,301129,1,2
301126,301128,301130,2,2
301126,301128,301130,2,2
301126,301128,301129,1,2
301126,301128,301130,2,2
301126,301128,301130,2,2
301126,301128,301130,2,2
301126,301128,301130,2,2
301126,301128,301130,2,2
301126,301128,301130,2,2
301126,301128,301130,2,2
301126,301128,301130,2,2
301126,301128,301130,2,2
301126,301128,301130,2,2
301126,301128,301130,2,2
301126,301128,301130,2,2
300783,300784,301154,370,1
301156,301156,301157,1,0
301156,301156,301158,2,0
301156,301156,301158,2,0
301156,301156,301158,2,0
301156,301156,301158,2,0
301156,301156,301158,2,0
301156,301156,301157,1,0
301156,301156,301157,1,0
301156,301156,301158,2,0
301156,301156,301158,2,0
301156,301156,301158,2,0
301156,301156,301158,2,0
301156,301156,301158,2,0
301156,301156,301158,2,0
301156,301156,301158,2,0
301156,301156,301157,1,0
301156,301156,301158,2,0
301156,301156,301158,2,0
301156,301156,301158,2,0
301156,301156,301158,2,0
301156,301156,301158,2,0
301156,301156,301158,2,0
301156,301156,301158,2,0
301156,301156,301158,2,0
301156,301156,301159,3,0
301156,301156,301159,3,0
301156,301156,301159,3,0
301156,301156,301159,3,0
301156,301156,301159,3,0
301156,301156,301158,2,0
301156,301156,301159,3,0
301156,301156,301158,2,0
301156,301156,301158,2,0
301156,301156,301158,2,0
301156,301156,301159,3,0
301156,301156,301158,2,0
301156,301156,301158,2,0
301156,301156,301159,3,0
301156,301156,301158,2,0
301156,301156,301158,2,0
301156,301156,301159,3,0
301156,301156,301160,4,0
301156,301156,301159,3,0
301156,301156,301159,3,0
301156,301156,301160,4,0
300803,300803,301179,376,0
301180,301180,301182,2,0
301180,301180,301181,1,0
301180,301180,301181,1,0
301180,301180,301182,2,0
301180,301180,301182,2,0
301180,301180,301182,2,0
301180,301180,301182,2,0
301180,301180,301182,2,0
301180,301180,301182,2,0
301180,301180,301182,2,0
301180,301180,301182,2,0
301180,301180,301182,2,0
301180,301180,301182,2,0
301180,301180,301182,2,0
301180,301180,301182,2,0
301180,301180,301182,2,0
301180,301180,301182,2,0
301180,301180,301182,2,0
301180,301180,301182,2,0
301180,301180,301182,2,0
301180,301180,301182,2,0
301180,301180,301182,2,0
301180,301180,301183,3,0
301180,301180,301182,2,0
301180,301180,301183,3,0
301180,301180,301182,2,0
301180,301180,301183,3,0
301180,301180,301183,3,0
301180,301180,301183,3,0
301180,301180,301183,3,0
301180,301180,301183,3,0
301180,301180,301183,3,0
301180,301180,301183,3,0
301180,301180,301183,3,0
301180,301180,301183,3,0
301180,301180,301183,3,0
301180,301180,301183,3,0
301180,301180,301183,3,0
301180,301180,301182,2,0
301180,301180,301183,3,0
301180,301180,301182,2,0
301180,301180,301183,3,0
301180,301180,301182,2,0
301180,301180,301183,3,0
301180,301180,301183,3,0
300849,300849,301223,374,0
301224,301224,301225,1,0
301224,301224,301225,1,0
301224,301224,301226,2,0
301224,301224,301225,1,0
301224,301224,301225,1,0
301224,301224,301225,1,0
301224,301224,301226,2,0
301224,301224,301225,1,0
301224,301224,301225,1,0
301224,301224,301226,2,0
301224,301224,301225,1,0
301224,301224,301225,1,0
301224,301224,301225,1,0
301224,301224,301225,1,0
301224,301224,301225,1,0
301224,301224,301225,1,0
301224,301224,301225,1,0
301224,301224,301225,1,0
301224,301224,301225,1,0
301224,301224,301225,1,0
301224,301224,301225,1,0
301224,301224,301225,1,0
301224,301224,301225,1,0
301224,301224,301225,1,0
301224,301224,301226,2,0
301224,301224,301226,2,0
301224,301224,301226,2,0
301224,301224,301226,2,0
301224,301224,301226,2,0
301224,301224,301226,2,0
301224,301224,301226,2,0
301224,301224,301226,2,0
301224,301224,301226,2,0
301224,301224,301226,2,0
301224,301224,301226,2,0
301224,301224,301226,2,0
301224,301224,301226,2,0
301224,301224,301226,2,0
301224,301224,301226,2,0
301224,301224,301226,2,0
301224,301224,301226,2,0
301224,301224,301226,2,0
301224,301224,301226,2,0
301224,301224,301226,2,0
301224,301224,301227,3,0
300852,300852,301227,375,0
301228,301228,301230,2,0
301228,301228,301230,2,0
301228,301228,301230,2,0
301228,301228,301230,2,0
301228,301228,301230,2,0
301228,301228,301230,2,0
301228,301228,301230,2,0
301228,301228,301230,2,0
301228,301228,301230,2,0
301228,301228,301230,2,0
301228,301228,301230,2,0
301228,301228,301230,2,0
301228,301228,301230,2,0
301228,301228,301230,2,0
301228,301228,301230,2,0
301228,301228,301230,2,0
301228,301228,301230,2,0
301228,301228,301230,2,0
301228,301228,301230,2,0
301228,301228,301230,2,0
301228,301228,301230,2,0
301228,301228,301230,2,0
301228,301228,301230,2,0
301228,301228,301230,2,0
301228,301228,301230,2,0
301228,301228,301230,2,0
301228,301228,301230,2,0
301228,301228,301230,2,0
301228,301228,301231,3,0
301228,301228,301231,3,0
301228,301228,301231,3,0
301228,301228,301231,3,0
301228,301228,301230,2,0
301228,301228,301231,3,0
301228,301228,301231,3,0
301228,301228,301231,3,0
301228,301228,301230,2,0
301228,301228,301231,3,0
301228,301228,301231,3,0
301228,301228,301231,3,0
301228,301228,301231,3,0
301228,301228,301231,3,0
301228,301228,301231,3,0
301228,301228,301231,3,0
301228,301228,301231,3,0
300863,300863,301236,373,0
301237,301238,301239,1,1
301237,301238,301239,1,1
301237,301238,301240,2,1
301237,301238,301239,1,1
301237,301238,301239,1,1
301237,301238,301240,2,1
301237,301238,301239,1,1
301237,301238,301239,1,1
301237,301238,301239,1,1
301237,301238,301239,1,1
301237,301238,301239,1,1
301237,301238,301239,1,1
301237,301238,301240,2,1
301237,301238,301239,1,1
301237,301238,301239,1,1
301237,301238,301239,1,1
301237,301238,301239,1,1
301237,301238,301239,1,1
301237,301238,301239,1,1
301237,301238,301240,2,1
301237,301238,301239,1,1
301237,301238,301239,1,1
301237,301238,301239,1,1
301237,301238,301239,1,1
301237,301238,301239,1,1
301237,301238,301239,1,1
301237,301238,301239,1,1
301237,301238,301239,1,1
301237,301238,301239,1,1
301237,301238,301239,1,1
301237,301238,301239,1,1
301237,301238,301239,1,1
301237,301238,301239,1,1
301237,301238,301240,2,1
301237,301238,301240,2,1
301237,301238,301240,2,1
301237,301238,301240,2,1
301237,301238,301240,2,1
301237,301238,301240,2,1
301237,301238,301240,2,1
301237,301238,301240,2,1
301237,301238,301240,2,1
301237,301238,301240,2,1
301237,301238,301240,2,1
301237,301238,301241,3,1
300897,300897,301256,359,0
301257,301257,301258,1,0
301257,301257,301258,1,0
301257,301257,301259,2,0
301257,301257,301259,2,0
301257,301257,301258,1,0
301257,301257,301258,1,0
301257,301257,301259,2,0
301257,301257,301259,2,0
301257,301257,301258,1,0
301257,301257,301259,2,0
301257,301257,301259,2,0
301257,301257,301259,2,0
301257,301257,301259,2,0
301257,301257,301258,1,0
301257,301257,301259,2,0
301257,301257,301259,2,0
301257,301257,301259,2,0
301257,301257,301259,2,0
301257,301257,301259,2,0
301257,301257,301259,2,0
301257,301257,301258,1,0
301257,301257,301259,2,0
301257,301257,301259,2,0
301257,301257,301259,2,0
301257,301257,301259,2,0
301257,301257,301259,2,0
301257,301257,301259,2,0
301257,301257,301259,2,0
301257,301257,301259,2,0
301257,301257,301259,2,0
301257,301257,301259,2,0
301257,301257,301259,2,0
301257,301257,301259,2,0
301257,301257,301259,2,0
301257,301257,301259,2,0
301257,301257,301260,3,0
301257,301257,301260,3,0
301257,301257,301259,2,0
301257,301257,301260,3,0
301257,301257,301259,2,0
301257,301257,301260,3,0
301257,301257,301259,2,0
301257,301257,301260,3,0
301257,301257,301260,3,0
301257,301257,301259,2,0
300899,300899,301284,385,0
301285,301285,301286,1,0
301285,301285,301287,2,0
301285,301285,301286,1,0
301285,301285,301286,1,0
301285,301285,301286,1,0
301285,301285,301286,1,0
301285,301285,301286,1,0
301285,301285,301286,1,0
301285,301285,301287,2,0
301285,301285,301287,2,0
301285,301285,301286,1,0
301285,301285,301286,1,0
301285,301285,301287,2,0
301285,301285,301286,1,0
301285,301285,301287,2,0
301285,301285,301286,1,0
301285,301285,301287,2,0
301285,301285,301286,1,0
301285,301285,301286,1,0
301285,301285,301287,2,0
301285,301285,301287,2,0
301285,301285,301286,1,0
301285,301285,301286,1,0
301285,301285,301286,1,0
301285,301285,301286,1,0
301285,301285,301286,1,0
301285,301285,301286,1,0
301285,301285,301286,1,0
301285,301285,301286,1,0
301285,301285,301287,2,0
301285,301285,301286,1,0
301285,301285,301286,1,0
301285,301285,301287,2,0
301285,301285,301287,2,0
301285,301285,301287,2,0
301285,301285,301287,2,0
301285,301285,301287,2,0
301285,301285,301287,2,0
301285,301285,301287,2,0
301285,301285,301287,2,0
301285,301285,301287,2,0
301285,301285,301287,2,0
301285,301285,301287,2,0
301285,301285,301287,2,0
301285,301285,301287,2,0
300884,300884,301291,407,0
301295,301295,301296,1,0
301295,301295,301297,2,0
301295,301295,301297,2,0
301295,301295,301297,2,0
301295,301295,301297,2,0
301295,301295,301297,2,0
301295,301295,301297,2,0
301295,301295,301297,2,0
301295,301295,301297,2,0
301295,301295,301297,2,0
301295,301295,301297,2,0
301295,301295,301297,2,0
301295,301295,301297,2,0
301295,301295,301297,2,0
301295,301295,301297,2,0
301295,301295,301297,2,0
301295,301295,301297,2,0
301295,301295,301297,2,0
301295,301295,301297,2,0
301295,301295,301297,2,0
301295,301295,301297,2,0
301295,301295,301297,2,0
301295,301295,301297,2,0
301295,301295,301297,2,0
301295,301295,301297,2,0
301295,301295,301297,2,0
301295,301295,301297,2,0
301295,301295,301297,2,0
301295,301295,301297,2,0
301295,301295,301297,2,0
301295,301295,301297,2,0
301295,301295,301297,2,0
301295,301295,301298,3,0
301295,301295,301297,2,0
301295,301295,301298,3,0
301295,301295,301298,3,0
301295,301295,301298,3,0
301295,301295,301298,3,0
301295,301295,301299,4,0
301295,301295,301299,4,0
301295,301295,301299,4,0
301295,301295,301299,4,0
301295,301295,301299,4,0
301295,301295,301299,4,0
301295,301295,301299,4,0
300927,300927,301310,383,0
300933,300934,301310,376,1
301311,301311,301313,2,0
301311,301312,301313,1,1
301311,301312,301313,1,1
301311,301312,301313,1,1
301311,301312,301313,1,1
301311,301312,301313,1,1
301311,301311,301313,2,0
301311,301312,301313,1,1
301311,301312,301313,1,1
301311,301312,301313,1,1
301311,301312,301313,1,1
301311,301312,301313,1,1
301311,301312,301313,1,1
301311,301312,301313,1,1
301311,301311,301313,2,0
301311,301312,301313,1,1
301311,301312,301313,1,1
301311,301312,301313,1,1
301311,301312,301313,1,1
301311,301311,301313,2,0
301311,301312,301313,1,1
301311,301312,301313,1,1
301311,301312,301313,1,1
301311,301312,301313,1,1
301311,301312,301313,1,1
301311,301312,301313,1,1
301311,301312,301313,1,1
301311,301312,301313,1,1
301311,301312,301313,1,1
301311,301312,301313,1,1
301311,301312,301313,1,1
301311,301312,301313,1,1
301311,301312,301313,1,1
301311,301312,301314,2,1
301312,301313,301314,1,1
301312,301313,301314,1,1
301312,301313,301314,1,1
301312,301313,301314,1,1
301312,301313,301314,1,1
301311,301312,301314,2,1
301312,301313,301314,1,1
301312,301313,301314,1,1
301312,301313,301314,1,1
301312,301313,301314,1,1
301312,301313,301314,1,1
301311,301312,301314,2,1
301311,301312,301314,2,1
301312,301313,301314,1,1
301312,301313,301314,1,1
301312,301313,301314,1,1
301312,301313,301314,1,1
301311,301312,301314,2,1
301312,301313,301314,1,1
301312,301313,301314,1,1
301312,301314,301315,1,2
301311,301312,301314,2,1
301311,301312,301314,2,1
301312,301313,301314,1,1
301312,301313,301314,1,1
301312,301313,301314,1,1
301312,301313,301314,1,1
301311,301312,301314,2,1
301312,301313,301314,1,1
301312,301313,301314,1,1
301312,301313,301314,1,1
301311,301312,301314,2,1
301312,301313,301314,1,1
301312,301313,301314,1,1
301311,301312,301314,2,1
301311,301312,301314,2,1
301312,301313,301314,1,1
301311,301312,301314,2,1
301312,301313,301314,1,1
301312,301313,301314,1,1
301312,301314,301316,2,2
301312,301314,301316,2,2
301312,301314,301315,1,2
301312,301314,301316,2,2
301312,301314,301316,2,2
301312,301314,301315,1,2
301312,301314,301316,2,2
301312,301314,301315,1,2
301312,301314,301315,1,2
301312,301314,301316,2,2
301312,301314,301315,1,2
301312,301314,301315,1,2
301312,301314,301316,2,2
301312,301314,301316,2,2
301312,301314,301316,2,2
301312,301314,301316,2,2
300956,300956,301331,375,0
301333,301333,301335,2,0
301333,301333,301334,1,0
301333,301333,301334,1,0
301333,301333,301334,1,0
301333,301333,301334,1,0
301333,301333,301335,2,0
301333,301333,301335,2,0
301333,301333,301335,2,0
301333,301333,301334,1,0
301333,301333,301335,2,0
301333,301333,301335,2,0
301333,301333,301335,2,0
301333,301333,301334,1,0
301333,301333,301335,2,0
301333,301333,301334,1,0
301333,301333,301335,2,0
301333,301333,301334,1,0
301333,301333,301334,1,0
301333,301333,301335,2,0
301333,301333,301335,2,0
301333,301333,301334,1,0
301333,301333,301335,2,0
301333,301333,301335,2,0
301333,301333,301335,2,0
301333,301333,301335,2,0
301333,301333,301334,1,0
301333,301333,301335,2,0
301333,301333,301335,2,0
301333,301333,301335,2,0
301333,301333,301334,1,0
301333,301333,301335,2,0
301333,301333,301335,2,0
301333,301333,301335,2,0
301333,301333,301335,2,0
301333,301333,301335,2,0
301333,301333,301335,2,0
301333,301333,301335,2,0
301333,301333,301335,2,0
301333,301333,301336,3,0
301333,301333,301335,2,0
301333,301333,301336,3,0
301333,301333,301336,3,0
301333,301333,301336,3,0
301333,301333,301335,2,0
301333,301333,301335,2,0
300954,300954,301339,385,0
301344,301344,301346,2,0
301344,301344,301346,2,0
301344,301344,301346,2,0
301344,301344,301346,2,0
301344,301344,301346,2,0
301344,301344,301346,2,0
301344,301344,301346,2,0
301344,301344,301346,2,0
301344,301344,301346,2,0
301344,301344,301346,2,0
301344,301344,301346,2,0
301344,301344,301346,2,0
301344,301344,301346,2,0
301344,301344,301346,2,0
301344,301344,301346,2,0
301344,301344,301346,2,0
301344,301344,301346,2,0
301344,301344,301346,2,0
301344,301344,301346,2,0
301344,301344,301346,2,0
301344,301344,301346,2,0
301344,301344,301346,2,0
301344,301344,301346,2,0
301344,301344,301346,2,0
301344,301344,301346,2,0
301344,301344,301346,2,0
301344,301344,301346,2,0
301344,301344,301346,2,0
301344,301344,301346,2,0
301344,301344,301346,2,0
301344,301344,301346,2,0
301344,301344,301346,2,0
301344,301344,301346,2,0
301344,301344,301347,3,0
301344,301344,301347,3,0
301344,301344,301347,3,0
301344,301344,301347,3,0
301344,301344,301346,2,0
301344,301344,301347,3,0
301344,301344,301346,2,0
301344,301344,301347,3,0
301344,301344,301347,3,0
301344,301344,301347,3,0
301344,301344,301347,3,0
301344,301344,301347,3,0
300984,300984,301349,365,0
301355,301355,301357,2,0
301355,301355,301357,2,0
301355,301355,301357,2,0
301355,301355,301357,2,0
301355,301355,301357,2,0
301355,301355,301357,2,0
301355,301355,301357,2,0
301355,301355,301357,2,0
301355,301355,301357,2,0
301355,301355,301357,2,0
301355,301355,301357,2,0
301355,301355,301357,2,0
301355,301355,301357,2,0
301355,301355,301357,2,0
301355,301355,301357,2,0
301355,301355,301357,2,0
301355,301355,301357,2,0
301355,301355,301357,2,0
301355,301355,301357,2,0
301355,301355,301357,2,0
301355,301355,301357,2,0
301355,301355,301357,2,0
301355,301355,301357,2,0
301355,301355,301357,2,0
301355,301355,301357,2,0
301355,301355,301357,2,0
301355,301355,301357,2,0
301355,301355,301357,2,0
301355,301355,301357,2,0
301355,301355,301357,2,0
301355,301355,301357,2,0
301355,301355,301357,2,0
301355,301355,301357,2,0
301355,301355,301357,2,0
301355,301355,301358,3,0
301355,301355,301358,3,0
301355,301355,301357,2,0
301355,301355,301358,3,0
301355,301355,301357,2,0
301355,301355,301358,3,0
301355,301355,301358,3,0
301355,301355,301358,3,0
301355,301355,301358,3,0
301355,301355,301358,3,0
301355,301355,301358,3,0
301031,301031,301372,341,0
301373,301373,301375,2,0
301373,301373,301375,2,0
301373,301373,301375,2,0
301373,301373,301375,2,0
301373,301373,301375,2,0
301373,301373,301375,2,0
301373,301373,301375,2,0
301373,301373,301375,2,0
301373,301373,301375,2,0
301373,301373,301375,2,0
301373,301373,301375,2,0
301373,301373,301375,2,0
301373,301373,301375,2,0
301373,301373,301375,2,0
301373,301373,301375,2,0
301373,301373,301375,2,0
301373,301373,301375,2,0
301373,301373,301375,2,0
301373,301373,301375,2,0
301373,301373,301375,2,0
301373,301373,301375,2,0
301373,301373,301375,2,0
301373,301373,301375,2,0
301373,301373,301375,2,0
301373,301373,301375,2,0
301373,301373,301375,2,0
301373,301373,301375,2,0
301373,301373,301375,2,0
301373,301373,301375,2,0
301373,301373,301375,2,0
301373,301373,301375,2,0
301373,301374,301375,1,1
301373,301374,301375,1,1
301373,301373,301376,3,0
301373,301373,301376,3,0
301373,301373,301376,3,0
301373,301373,301376,3,0
301373,301373,301376,3,0
301373,301373,301376,3,0
301373,301373,301376,3,0
301373,301373,301376,3,0
301373,301374,301376,2,1
301373,301374,301376,2,1
301373,301374,301376,2,1
301373,301374,301376,2,1
301019,301019,301386,367,0
301387,301387,301389,2,0
301387,301387,301389,2,0
301387,301387,301389,2,0
301387,301387,301389,2,0
301387,301387,301389,2,0
301387,301387,301389,2,0
301387,301387,301389,2,0
301387,301387,301389,2,0
301387,301387,301389,2,0
301387,301387,301389,2,0
301387,301387,301389,2,0
301387,301387,301389,2,0
301387,301387,301389,2,0
301387,301387,301389,2,0
301387,301387,301389,2,0
301387,301387,301389,2,0
301387,301387,301389,2,0
301387,301387,301389,2,0
301387,301387,301389,2,0
301387,301387,301389,2,0
301387,301387,301388,1,0
301387,301387,301389,2,0
301387,301387,301389,2,0
301387,301387,301389,2,0
301387,301387,301389,2,0
301387,301387,301389,2,0
301387,301387,301389,2,0
301387,301387,301389,2,0
301387,301387,301389,2,0
301387,301387,301389,2,0
301387,301387,301389,2,0
301387,301387,301389,2,0
301387,301387,301388,1,0
301387,301387,301389,2,0
301387,301387,301389,2,0
301387,301387,301389,2,0
301387,301387,301390,3,0
301387,301387,301390,3,0
301387,301387,301389,2,0
301387,301387,301390,3,0
301387,301387,301390,3,0
301387,301387,301390,3,0
301387,301387,301389,2,0
301387,301387,301390,3,0
301387,301387,301390,3,0
301054,301054,301407,353,0
301408,301408,301409,1,0
301408,301408,301410,2,0
301408,301408,301410,2,0
301408,301408,301409,1,0
301408,301408,301409,1,0
301408,301408,301410,2,0
301408,301408,301409,1,0
301408,301408,301410,2,0
301408,301408,301410,2,0
301408,301408,301409,1,0
301408,301408,301409,1,0
301408,301408,301409,1,0
301408,301408,301410,2,0
301408,301408,301409,1,0
301408,301408,301409,1,0
301408,301408,301410,2,0
301408,301408,301409,1,0
301408,301408,301409,1,0
301408,301408,301410,2,0
301408,301408,301410,2,0
301408,301408,301409,1,0
301408,301408,301410,2,0
301408,301408,301410,2,0
301408,301408,301410,2,0
301408,301408,301409,1,0
301408,301408,301410,2,0
301408,301408,301410,2,0
301408,301408,301410,2,0
301408,301408,301409,1,0
301408,301408,301410,2,0
301408,301408,301410,2,0
301408,301408,301410,2,0
301408,301408,301410,2,0
301408,301408,301411,3,0
301408,301408,301410,2,0
301408,301408,301410,2,0
301408,301408,301411,3,0
301408,301408,301410,2,0
301408,301408,301411,3,0
301408,301408,301411,3,0
301408,301408,301410,2,0
301408,301408,301411,3,0
301408,301408,301410,2,0
301408,301408,301411,3,0
301408,301408,301410,2,0
301058,301058,301465,407,0
301466,301466,301467,1,0
301466,301466,301467,1,0
301466,301466,301467,1,0
301466,301466,301467,1,0
301466,301466,301467,1,0
301466,301466,301467,1,0
301466,301466,301468,2,0
301466,301466,301467,1,0
301466,301466,301468,2,0
301466,301466,301467,1,0
301466,301466,301467,1,0
301466,301466,301468,2,0
301466,301466,301467,1,0
301466,301466,301467,1,0
301466,301466,301467,1,0
301466,301466,301468,2,0
301466,301466,301468,2,0
301466,301466,301467,1,0
301466,301466,301467,1,0
301466,301466,301468,2,0
301466,301466,301468,2,0
301466,301466,301468,2,0
301466,301466,301467,1,0
301466,301466,301467,1,0
301466,301466,301467,1,0
301466,301466,301468,2,0
301466,301466,301468,2,0
301466,301466,301467,1,0
301466,301466,301467,1,0
301466,301466,301467,1,0
301466,301466,301468,2,0
301466,301466,301468,2,0
301466,301466,301468,2,0
301466,301466,301468,2,0
301466,301466,301468,2,0
301466,301466,301468,2,0
301466,301466,301468,2,0
301466,301466,301468,2,0
301466,301466,301468,2,0
301466,301466,301468,2,0
301466,301466,301468,2,0
301466,301466,301468,2,0
301466,301466,301468,2,0
301466,301466,301468,2,0
301466,301466,301469,3,0
301263,301265,315561,14296,2
316205,316206,316208,2,1
316205,316206,316208,2,1
316205,316206,316209,3,1
316205,316206,316209,3,1
316205,316206,316209,3,1
316205,316206,316209,3,1
316205,316206,316208,2,1
316205,316206,316209,3,1
316205,316206,316209,3,1
316205,316206,316209,3,1
316205,316206,316209,3,1
316205,316206,316209,3,1
316205,316206,316208,2,1
316205,316206,316209,3,1
316205,316206,316208,2,1
316205,316206,316209,3,1
316205,316206,316209,3,1
316205,316206,316209,3,1
316205,316206,316208,2,1
316205,316206,316209,3,1
316205,316206,316209,3,1
316205,316206,316209,3,1
316205,316206,316209,3,1
316205,316206,316209,3,1
316205,316206,316209,3,1
316205,316206,316209,3,1
316205,316206,316209,3,1
316205,316206,316209,3,1
316205,316206,316210,4,1
316205,316206,316209,3,1
316205,316206,316210,4,1
316205,316206,316209,3,1
316205,316206,316209,3,1
316205,316206,316209,3,1
316205,316206,316209,3,1
316205,316206,316209,3,1
316205,316206,316209,3,1
316205,316206,316209,3,1
316205,316206,316209,3,1
316205,316206,316209,3,1
316205,316206,316209,3,1
316205,316206,316209,3,1
316205,316206,316209,3,1
316205,316206,316209,3,1
316205,316206,316209,3,1
316205,316206,316209,3,1
316205,316206,316209,3,1
316205,316206,316209,3,1
316205,316206,316209,3,1
316205,316206,316209,3,1
316205,316206,316209,3,1
316205,316206,316210,4,1
316205,316206,316209,3,1
316205,316206,316209,3,1
316205,316206,316209,3,1
316205,316206,316209,3,1
316205,316206,316209,3,1
316205,316206,316209,3,1
316205,316206,316209,3,1
316205,316206,316209,3,1
316205,316206,316209,3,1
316205,316206,316209,3,1
316205,316206,316209,3,1
316205,316206,316209,3,1
316205,316206,316209,3,1
316205,316206,316209,3,1
316205,316206,316209,3,1
316205,316206,316209,3,1
316205,316206,316209,3,1
316205,316206,316209,3,1
316205,316206,316209,3,1
316205,316206,316209,3,1
316205,316206,316209,3,1
316205,316206,316209,3,1
316205,316206,316209,3,1
316205,316206,316209,3,1
316205,316206,316209,3,1
316205,316206,316209,3,1
316205,316206,316209,3,1
316205,316206,316209,3,1
316205,316209,316211,2,4
316205,316209,316211,2,4
316205,316209,316211,2,4
316205,316209,316211,2,4
316205,316209,316211,2,4
316205,316209,316212,3,4
316205,316209,316211,2,4
316205,316209,316211,2,4
316205,316209,316211,2,4
316205,316209,316211,2,4
316205,316209,316211,2,4
316205,316209,316211,2,4
316205,316209,316211,2,4
316205,316209,316211,2,4
316205,316209,316211,2,4
316205,316209,316212,3,4
316205,316209,316212,3,4
316205,316209,316211,2,4
316205,316209,316211,2,4
316205,316209,316211,2,4
316205,316209,316211,2,4
316205,316209,316211,2,4
316205,316210,316212,2,5
316205,316210,316212,2,5
316205,316210,316212,2,5
316205,316210,316212,2,5
316205,316210,316212,2,5
316205,316210,316212,2,5
316205,316210,316213,3,5
316205,316210,316213,3,5
316205,316210,316212,2,5
316205,316210,316212,2,5
316205,316210,316212,2,5
316205,316210,316212,2,5
316205,316210,316212,2,5
316205,316210,316213,3,5
316205,316210,316213,3,5
316205,316210,316213,3,5
316205,316210,316212,2,5
316205,316210,316212,2,5
316205,316210,316213,3,5
316205,316210,316213,3,5
316205,316210,316213,3,5
316205,316210,316213,3,5
316205,316210,316213,3,5
316205,316210,316212,2,5
316205,316210,316213,3,5
316205,316210,316213,3,5
316205,316210,316213,3,5
316205,316210,316213,3,5
316205,316210,316213,3,5
316205,316210,316213,3,5
316205,316210,316213,3,5
316205,316210,316213,3,5
316205,316210,316213,3,5
316205,316210,316212,2,5
316205,316210,316213,3,5
316205,316210,316213,3,5
316205,316210,316213,3,5
316205,316210,316213,3,5
316205,316210,316213,3,5
316205,316210,316213,3,5
316205,316210,316213,3,5
316205,316210,316213,3,5
316205,316210,316212,2,5
316205,316210,316213,3,5
316205,316210,316213,3,5
316205,316210,316213,3,5
316205,316210,316213,3,5
316205,316210,316213,3,5
316205,316210,316213,3,5
316205,316210,316213,3,5
316205,316210,316213,3,5
316205,316210,316213,3,5
316205,316210,316213,3,5
316205,316210,316213,3,5
316205,316210,316213,3,5
316205,316211,316213,2,6
316205,316211,316213,2,6
316205,316210,316213,3,5
316205,316210,316213,3,5
316205,316210,316213,3,5
316205,316213,316215,2,8
316205,316212,316215,3,7
316205,316212,316214,2,7
316205,316212,316215,3,7
316205,316212,316215,3,7
316205,316212,316215,3,7
316205,316212,316215,3,7
316205,316212,316215,3,7
316205,316212,316215,3,7
316205,316212,316214,2,7
316205,316212,316214,2,7
316205,316212,316214,2,7
316205,316212,316214,2,7
316205,316212,316215,3,7
316205,316212,316215,3,7
316205,316212,316215,3,7
316205,316212,316214,2,7
316205,316212,316215,3,7
316205,316212,316215,3,7
316205,316212,316215,3,7
316205,316212,316215,3,7
316205,316213,316215,2,8
316205,316213,316215,2,8
316205,316213,316215,2,8
316205,316213,316216,3,8
316205,316213,316215,2,8
316205,316213,316216,3,8
316205,316213,316216,3,8
316205,316213,316216,3,8
316205,316213,316216,3,8
316205,316213,316216,3,8
316205,316213,316215,2,8
316205,316213,316216,3,8
316205,316213,316216,3,8
316205,316213,316216,3,8
316205,316213,316215,2,8
316205,316213,316216,3,8
316205,316213,316215,2,8
316220,316220,316223,3,0
316220,316220,316223,3,0
316220,316220,316223,3,0
316220,316220,316223,3,0
316220,316220,316223,3,0
316220,316220,316223,3,0
316220,316220,316223,3,0
316220,316220,316223,3,0
316220,316220,316223,3,0
316220,316220,316223,3,0
316220,316220,316223,3,0
316220,316220,316223,3,0
316220,316220,316223,3,0
316220,316220,316223,3,0
316220,316220,316223,3,0
316220,316220,316223,3,0
316220,316220,316223,3,0
316220,316220,316223,3,0
316220,316220,316223,3,0
316220,316220,316223,3,0
316220,316220,316223,3,0
316220,316220,316223,3,0
316220,316220,316223,3,0
316220,316220,316223,3,0
316220,316220,316223,3,0
316220,316220,316223,3,0
316220,316220,316223,3,0
316220,316220,316223,3,0
316220,316220,316223,3,0
316220,316220,316223,3,0
316220,316220,316223,3,0
316220,316220,316223,3,0
316220,316220,316223,3,0
316220,316220,316223,3,0
316220,316220,316223,3,0
316220,316220,316223,3,0
316220,316220,316223,3,0
316220,316220,316223,3,0
316220,316220,316223,3,0
316220,316220,316223,3,0
316220,316220,316223,3,0
316220,316220,316223,3,0
316220,316220,316223,3,0
316220,316220,316223,3,0
316220,316220,316223,3,0
316220,316220,316223,3,0
316220,316220,316223,3,0
316220,316220,316223,3,0
316220,316220,316223,3,0
316220,316220,316223,3,0
316220,316220,316224,4,0
316220,316220,316224,4,0
316220,316220,316224,4,0
316220,316220,316223,3,0
316220,316220,316223,3,0
316220,316220,316223,3,0
316220,316220,316223,3,0
316220,316220,316223,3,0
316220,316220,316223,3,0
316220,316220,316223,3,0
316220,316220,316223,3,0
316220,316220,316224,4,0
316220,316220,316224,4,0
316220,316220,316224,4,0
316220,316220,316223,3,0
316220,316220,316223,3,0
316220,316220,316223,3,0
316220,316220,316223,3,0
316220,316220,316223,3,0
316220,316220,316223,3,0
316220,316220,316223,3,0
316220,316220,316223,3,0
316220,316220,316223,3,0
316220,316220,316223,3,0
316220,316220,316223,3,0
316220,316220,316223,3,0
316220,316220,316223,3,0
316220,316220,316224,4,0
316220,316220,316224,4,0
316220,316220,316224,4,0
316220,316223,316226,3,3
316220,316223,316226,3,3
316220,316223,316226,3,3
316220,316223,316226,3,3
316220,316223,316226,3,3
316220,316223,316226,3,3
316220,316223,316226,3,3
316220,316223,316226,3,3
316220,316223,316226,3,3
316220,316223,316226,3,3
316220,316223,316226,3,3
316220,316223,316226,3,3
316220,316223,316226,3,3
316220,316223,316226,3,3
316220,316223,316226,3,3
316220,316223,316226,3,3
316220,316223,316226,3,3
316220,316223,316226,3,3
316220,316223,316226,3,3
316220,316223,316226,3,3
316220,316223,316226,3,3
316220,316223,316226,3,3
316220,316223,316226,3,3
316220,316223,316226,3,3
316220,316223,316226,3,3
316220,316223,316226,3,3
316220,316223,316226,3,3
316220,316223,316226,3,3
316220,316223,316226,3,3
316220,316223,316226,3,3
316220,316223,316226,3,3
316220,316223,316226,3,3
316220,316223,316226,3,3
316220,316223,316226,3,3
316220,316223,316226,3,3
316220,316223,316226,3,3
316220,316223,316226,3,3
316220,316223,316227,4,3
316220,316224,316226,2,4
316220,316224,316226,2,4
316220,316224,316226,2,4
316220,316224,316226,2,4
316220,316224,316226,2,4
316220,316224,316227,3,4
316220,316224,316227,3,4
316220,316224,316227,3,4
316220,316224,316227,3,4
316220,316224,316227,3,4
316220,316224,316227,3,4
316220,316224,316227,3,4
316220,316224,316227,3,4
316220,316224,316227,3,4
316220,316224,316227,3,4
316220,316224,316227,3,4
316220,316224,316227,3,4
316220,316223,316227,4,3
316220,316223,316227,4,3
316220,316224,316227,3,4
316220,316224,316228,4,4
316220,316224,316227,3,4
316220,316224,316228,4,4
316220,316225,316228,3,5
316220,316224,316228,4,4
316220,316224,316228,4,4
316220,316225,316228,3,5
316220,316224,316228,4,4
316220,316224,316228,4,4
316220,316225,316228,3,5
316220,316225,316227,2,5
316220,316225,316227,2,5
316220,316224,316227,3,4
316220,316224,316227,3,4
316220,316225,316227,2,5
316220,316224,316228,4,4
316220,316225,316228,3,5
316220,316224,316227,3,4
316220,316224,316228,4,4
316220,316224,316228,4,4
316220,316224,316228,4,4
316220,316224,316228,4,4
316220,316226,316229,3,6
316220,316226,316229,3,6
316220,316226,316229,3,6
316220,316226,316229,3,6
316220,316226,316229,3,6
316220,316226,316229,3,6
316220,316227,316229,2,7
316220,316227,316229,2,7
316220,316227,316230,3,7
316220,316227,316230,3,7
316220,316227,316230,3,7
316220,316227,316230,3,7
316220,316227,316229,2,7
316220,316227,316230,3,7
316220,316227,316230,3,7
316220,316227,316230,3,7
316220,316227,316229,2,7
316220,316227,316229,2,7
316220,316227,316230,3,7
316220,316227,316230,3,7
316220,316227,316230,3,7
316220,316227,316230,3,7
316220,316227,316230,3,7
316220,316227,316229,2,7
316220,316227,316230,3,7
316220,316227,316230,3,7
316220,316227,316230,3,7
316220,316227,316230,3,7
316220,316227,316230,3,7
316220,316227,316230,3,7
316220,316227,316230,3,7
316220,316227,316230,3,7
316220,316227,316230,3,7
316220,316227,316230,3,7
316220,316227,316230,3,7
316220,316227,316230,3,7
316220,316227,316230,3,7
316220,316227,316230,3,7
316220,316227,316230,3,7
316220,316227,316230,3,7
316235,316235,316238,3,0
316235,316235,316238,3,0
316235,316235,316238,3,0
316235,316235,316238,3,0
316235,316235,316238,3,0
316235,316235,316238,3,0
316235,316235,316238,3,0
316235,316235,316238,3,0
316235,316235,316238,3,0
316235,316235,316239,4,0
316235,316235,316238,3,0
316235,316235,316239,4,0
316235,316235,316238,3,0
316235,316235,316239,4,0
316235,316235,316238,3,0
316235,316235,316239,4,0
316235,316235,316238,3,0
316235,316235,316238,3,0
316235,316235,316238,3,0
316235,316235,316238,3,0
316235,316235,316238,3,0
316235,316235,316239,4,0
316235,316235,316239,4,0
316235,316235,316238,3,0
316235,316235,316238,3,0
316235,316235,316238,3,0
316235,316235,316239,4,0
316235,316235,316239,4,0
316235,316235,316239,4,0
316235,316235,316239,4,0
316235,316235,316239,4,0
316235,316235,316238,3,0
316235,316235,316238,3,0
316235,316235,316238,3,0
316235,316235,316239,4,0
316235,316235,316239,4,0
316235,316235,316238,3,0
316235,316235,316238,3,0
316235,316235,316238,3,0
316235,316235,316238,3,0
316235,316235,316239,4,0
316235,316235,316238,3,0
316235,316235,316239,4,0
316235,316235,316239,4,0
316235,316235,316238,3,0
316235,316235,316239,4,0
316235,316235,316239,4,0
316235,316235,316239,4,0
316235,316235,316239,4,0
316235,316235,316238,3,0
316235,316235,316238,3,0
316235,316235,316238,3,0
316235,316235,316238,3,0
316235,316235,316239,4,0
316235,316235,316239,4,0
316235,316235,316238,3,0
316235,316235,316238,3,0
316235,316235,316238,3,0
316235,316235,316238,3,0
316235,316235,316239,4,0
316235,316235,316239,4,0
316235,316235,316239,4,0
316235,316235,316238,3,0
316235,316235,316238,3,0
316235,316235,316239,4,0
316235,316235,316239,4,0
316235,316235,316239,4,0
316235,316235,316239,4,0
316235,316235,316239,4,0
316235,316235,316239,4,0
316235,316235,316239,4,0
316235,316235,316239,4,0
316235,316235,316239,4,0
316235,316235,316239,4,0
316235,316235,316239,4,0
316235,316235,316239,4,0
316235,316235,316239,4,0
316235,316235,316239,4,0
316235,316235,316239,4,0
316235,316235,316239,4,0
316235,316238,316241,3,3
316235,316238,316241,3,3
316235,316238,316242,4,3
316235,316239,316243,4,4
316235,316239,316243,4,4
316235,316239,316243,4,4
316235,316240,316243,3,5
316235,316239,316243,4,4
316235,316239,316243,4,4
316235,316239,316243,4,4
316235,316239,316243,4,4
316235,316239,316243,4,4
316235,316240,316242,2,5
316235,316239,316243,4,4
316235,316239,316243,4,4
316235,316239,316243,4,4
316235,316239,316243,4,4
316235,316239,316244,5,4
316235,316240,316244,4,5
316235,316239,316244,5,4
316235,316239,316243,4,4
316235,316239,316243,4,4
316235,316239,316244,5,4
316235,316239,316244,5,4
316235,316239,316244,5,4
316235,316239,316244,5,4
316235,316239,316243,4,4
316235,316240,316244,4,5
316235,316239,316244,5,4
316235,316239,316244,5,4
316235,316239,316244,5,4
316235,316239,316243,4,4
316235,316239,316243,4,4
316235,316239,316244,5,4
316235,316239,316244,5,4
316235,316239,316243,4,4
316235,316239,316243,4,4
316235,316239,316244,5,4
316235,316239,316244,5,4
316235,316239,316244,5,4
316235,316239,316244,5,4
316235,316239,316244,5,4
316235,316239,316244,5,4
316235,316239,316244,5,4
316235,316239,316244,5,4
316235,316239,316244,5,4
316235,316239,316244,5,4
316235,316239,316244,5,4
316235,316239,316244,5,4
316235,316239,316244,5,4
316235,316239,316244,5,4
316235,316239,316244,5,4
316235,316239,316244,5,4
316235,316239,316244,5,4
316235,316240,316244,4,5
316235,316240,316244,4,5
316235,316239,316244,5,4
316235,316239,316244,5,4
316235,316243,316245,2,8
316235,316239,316245,6,4
316235,316239,316245,6,4
316235,316239,316245,6,4
316235,316239,316245,6,4
316235,316239,316245,6,4
316235,316243,316245,2,8
316235,316240,316245,5,5
316235,316242,316246,4,7
316235,316239,316246,7,4
316235,316239,316247,8,4
316235,316240,316248,8,5
316235,316242,316248,6,7
316235,316240,316249,9,5
316235,316239,316249,10,4
316235,316239,316249,10,4
316235,316239,316249,10,4
316235,316241,316249,8,6
316235,316239,316250,11,4
316235,316240,316249,9,5
316235,316239,316249,10,4
316235,316239,316250,11,4
316235,316239,316251,12,4
316235,316240,316252,12,5
316235,316240,316252,12,5
316235,316240,316252,12,5
316146,316148,320428,4280,2
320426,320429,320431,2,3
320639,320641,335181,14540,2
335180,335183,335212,29,3
383711,383711,383714,3,0
383711,383711,383714,3,0
383711,383711,383714,3,0
383711,383711,383714,3,0
383711,383711,383714,3,0
383711,383711,383714,3,0
383711,383711,383715,4,0
383711,383711,383715,4,0
383711,383711,383714,3,0
383711,383711,383715,4,0
383711,383711,383715,4,0
383711,383711,383715,4,0
383711,383711,383714,3,0
383711,383711,383715,4,0
383711,383711,383714,3,0
383711,383711,383715,4,0
383711,383711,383715,4,0
383711,383711,383715,4,0
383711,383711,383715,4,0
383711,383711,383714,3,0
383711,383711,383714,3,0
383711,383711,383715,4,0
383711,383711,383715,4,0
383711,383711,383715,4,0
383711,383711,383715,4,0
383711,383711,383715,4,0
383711,383711,383715,4,0
383711,383711,383715,4,0
383711,383711,383715,4,0
383711,383711,383715,4,0
383711,383711,383715,4,0
383711,383711,383715,4,0
383711,383711,383714,3,0
383711,383711,383715,4,0
383711,383711,383715,4,0
383711,383711,383715,4,0
383711,383711,383715,4,0
383711,383711,383714,3,0
383711,383711,383715,4,0
383711,383711,383715,4,0
383711,383711,383715,4,0
383711,383711,383714,3,0
383711,383711,383715,4,0
383711,383711,383715,4,0
383711,383711,383714,3,0
383711,383711,383714,3,0
383711,383711,383714,3,0
383711,383711,383715,4,0
383711,383711,383715,4,0
383711,383711,383715,4,0
383711,383711,383714,3,0
383711,383711,383714,3,0
383711,383711,383715,4,0
383711,383711,383715,4,0
383711,383711,383715,4,0
383711,383711,383715,4,0
383711,383711,383715,4,0
383711,383711,383715,4,0
383711,383711,383714,3,0
383711,383711,383714,3,0
383711,383711,383715,4,0
383711,383711,383715,4,0
383711,383711,383714,3,0
383711,383711,383715,4,0
383711,383711,383715,4,0
383711,383711,383715,4,0
383711,383711,383715,4,0
383711,383711,383716,5,0
383711,383711,383716,5,0
383711,383711,383715,4,0
383711,383711,383715,4,0
383711,383711,383715,4,0
383711,383711,383715,4,0
383711,383711,383716,5,0
383711,383711,383715,4,0
383711,383711,383715,4,0
383711,383711,383715,4,0
383711,383711,383715,4,0
383711,383711,383716,5,0
383711,383714,383717,3,3
383711,383714,383717,3,3
383711,383714,383717,3,3
383711,383714,383717,3,3
383711,383714,383717,3,3
383711,383711,383718,7,0
383711,383715,383718,3,4
383711,383715,383718,3,4
383711,383715,383718,3,4
383711,383715,383718,3,4
383711,383715,383718,3,4
383711,383715,383718,3,4
383711,383715,383718,3,4
383711,383715,383718,3,4
383711,383715,383718,3,4
383711,383715,383718,3,4
383711,383715,383718,3,4
383711,383715,383718,3,4
383711,383715,383718,3,4
383711,383715,383718,3,4
383711,383715,383718,3,4
383711,383715,383718,3,4
383711,383715,383719,4,4
383711,383715,383718,3,4
383711,383715,383718,3,4
383711,383716,383718,2,5
383711,383715,383719,4,4
383711,383716,383719,3,5
383711,383716,383719,3,5
383711,383716,383719,3,5
383711,383715,383718,3,4
383711,383715,383719,4,4
383711,383715,383718,3,4
383711,383715,383719,4,4
383711,383715,383718,3,4
383711,383715,383719,4,4
383711,383715,383719,4,4
383711,383715,383719,4,4
383711,383715,383719,4,4
383711,383715,383719,4,4
383711,383715,383719,4,4
383711,383715,383719,4,4
383711,383715,383719,4,4
383711,383715,383719,4,4
383711,383715,383719,4,4
383711,383715,383718,3,4
383711,383716,383719,3,5
383711,383716,383719,3,5
383711,383715,383719,4,4
383711,383715,383719,4,4
383711,383715,383719,4,4
383711,383715,383719,4,4
383711,383715,383719,4,4
383711,383715,383719,4,4
383711,383715,383719,4,4
383711,383715,383719,4,4
383711,383715,383719,4,4
383711,383715,383719,4,4
383711,383716,383719,3,5
383711,383716,383719,3,5
383711,383715,383719,4,4
383711,383715,383719,4,4
383711,383715,383719,4,4
383711,383716,383719,3,5
383711,383716,383719,3,5
383711,383716,383719,3,5
383711,383716,383719,3,5
383711,383716,383719,3,5
383711,383716,383720,4,5
383711,383716,383719,3,5
383711,383716,383719,3,5
383711,383716,383719,3,5
383711,383716,383719,3,5
383711,383716,383719,3,5
383711,383716,383719,3,5
383711,383716,383719,3,5
383711,383716,383719,3,5
383711,383716,383719,3,5
383711,383716,383719,3,5
383711,383717,383720,3,6
383711,383717,383720,3,6
383711,383717,383720,3,6
383711,383717,383720,3,6
383711,383717,383720,3,6
383711,383718,383720,2,7
383711,383718,383721,3,7
383711,383718,383721,3,7
383711,383718,383721,3,7
383711,383718,383721,3,7
383711,383719,383721,2,8
383711,383719,383721,2,8
383711,383719,383721,2,8
383711,383719,383721,2,8
383711,383719,383722,3,8
383711,383718,383721,3,7
383711,383719,383721,2,8
383711,383719,383721,2,8
383711,383719,383721,2,8
383711,383719,383721,2,8
383711,383719,383721,2,8
383711,383719,383721,2,8
383711,383719,383721,2,8
383711,383719,383721,2,8
383711,383719,383721,2,8
383711,383719,383721,2,8
383711,383719,383721,2,8
383711,383719,383721,2,8
383711,383719,383721,2,8
383711,383719,383722,3,8
383711,383719,383722,3,8
383711,383719,383722,3,8
383711,383720,383722,2,9
383711,383720,383722,2,9
383711,383720,383722,2,9
383711,383720,383722,2,9
383711,383720,383723,3,9
383711,383720,383722,2,9
383711,383720,383722,2,9
383711,383720,383722,2,9
383711,383720,383722,2,9
383711,383720,383722,2,9
383726,383727,383729,2,1
383726,383727,383730,3,1
383726,383727,383730,3,1
383726,383727,383730,3,1
383726,383727,383730,3,1
383726,383727,383730,3,1
383726,383727,383729,2,1
383726,383727,383730,3,1
383726,383727,383729,2,1
383726,383727,383730,3,1
383726,383727,383730,3,1
383726,383727,383730,3,1
383726,383727,383730,3,1
383726,383727,383730,3,1
383726,383727,383730,3,1
383726,383727,383730,3,1
383726,383727,383730,3,1
383726,383727,383729,2,1
383726,383727,383730,3,1
383726,383727,383730,3,1
383726,383727,383730,3,1
383726,383727,383730,3,1
383726,383727,383730,3,1
383726,383727,383729,2,1
383726,383727,383730,3,1
383726,383727,383730,3,1
383726,383727,383730,3,1
383726,383727,383730,3,1
383726,383727,383730,3,1
383726,383727,383730,3,1
383726,383727,383730,3,1
383726,383727,383730,3,1
383726,383727,383730,3,1
383726,383727,383730,3,1
383726,383727,383730,3,1
383726,383727,383730,3,1
383726,383727,383730,3,1
383726,383727,383730,3,1
383726,383727,383730,3,1
383726,383727,383730,3,1
383726,383727,383730,3,1
383726,383727,383730,3,1
383726,383727,383730,3,1
383726,383727,383730,3,1
383726,383727,383730,3,1
383726,383727,383730,3,1
383726,383727,383730,3,1
383726,383727,383730,3,1
383726,383727,383730,3,1
383726,383727,383730,3,1
383726,383727,383730,3,1
383726,383727,383730,3,1
383726,383727,383730,3,1
383726,383727,383730,3,1
383726,383727,383730,3,1
383726,383727,383730,3,1
383726,383727,383730,3,1
383726,383727,383730,3,1
383726,383727,383730,3,1
383726,383727,383730,3,1
383726,383727,383730,3,1
383726,383727,383730,3,1
383726,383727,383730,3,1
383726,383727,383730,3,1
383726,383727,383730,3,1
383726,383727,383730,3,1
383726,383727,383730,3,1
383726,383727,383730,3,1
383726,383727,383730,3,1
383726,383727,383730,3,1
383726,383727,383730,3,1
383726,383727,383730,3,1
383726,383727,383730,3,1
383726,383727,383730,3,1
383726,383727,383730,3,1
383726,383727,383730,3,1
383726,383727,383730,3,1
383726,383727,383731,4,1
383726,383727,383730,3,1
383726,383727,383730,3,1
383726,383730,383732,2,4
383726,383730,383732,2,4
383726,383730,383733,3,4
383726,383730,383732,2,4
383726,383730,383733,3,4
383726,383730,383732,2,4
383726,383730,383732,2,4
383726,383730,383733,3,4
383726,383730,383732,2,4
383726,383730,383732,2,4
383726,383730,383733,3,4
383726,383730,383733,3,4
383726,383730,383733,3,4
383726,383730,383733,3,4
383726,383730,383732,2,4
383726,383730,383733,3,4
383726,383730,383732,2,4
383726,383730,383733,3,4
383726,383730,383733,3,4
383726,383730,383732,2,4
383726,383730,383733,3,4
383726,383730,383733,3,4
383726,383730,383733,3,4
383726,383730,383733,3,4
383726,383730,383733,3,4
383726,383730,383733,3,4
383726,383730,383733,3,4
383726,383730,383733,3,4
383726,383730,383733,3,4
383726,383731,383733,2,5
383726,383731,383733,2,5
383726,383731,383733,2,5
383726,383731,383733,2,5
383726,383731,383733,2,5
383726,383731,383733,2,5
383726,383731,383733,2,5
383726,383731,383734,3,5
383726,383731,383733,2,5
383726,383731,383733,2,5
383726,383731,383734,3,5
383726,383731,383733,2,5
383726,383731,383733,2,5
383726,383731,383734,3,5
383726,383731,383734,3,5
383726,383731,383734,3,5
383726,383731,383733,2,5
383726,383731,383733,2,5
383726,383731,383733,2,5
383726,383731,383734,3,5
383726,383731,383734,3,5
383726,383731,383734,3,5
383726,383731,383734,3,5
383726,383731,383734,3,5
383726,383731,383733,2,5
383726,383731,383734,3,5
383726,383731,383734,3,5
383726,383731,383734,3,5
383726,383731,383734,3,5
383726,383731,383734,3,5
383726,383731,383734,3,5
383726,383731,383734,3,5
383726,383731,383734,3,5
383726,383731,383734,3,5
383726,383731,383734,3,5
383726,383731,383734,3,5
383726,383731,383733,2,5
383726,383731,383734,3,5
383726,383731,383734,3,5
383726,383731,383734,3,5
383726,383731,383734,3,5
383726,383731,383734,3,5
383726,383731,383734,3,5
383726,383731,383734,3,5
383726,383731,383734,3,5
383726,383731,383734,3,5
383726,383731,383734,3,5
383726,383731,383734,3,5
383726,383731,383734,3,5
383726,383731,383734,3,5
383726,383731,383734,3,5
383726,383733,383735,2,7
383726,383733,383735,2,7
383726,383733,383735,2,7
383726,383734,383736,2,8
383726,383734,383736,2,8
383726,383733,383735,2,7
383726,383733,383735,2,7
383726,383733,383736,3,7
383726,383733,383735,2,7
383726,383733,383735,2,7
383726,383733,383735,2,7
383726,383733,383736,3,7
383726,383733,383735,2,7
383726,383733,383736,3,7
383726,383733,383736,3,7
383726,383733,383736,3,7
383726,383733,383735,2,7
383726,383733,383735,2,7
383726,383733,383735,2,7
383726,383733,383736,3,7
383726,383733,383735,2,7
383726,383733,383736,3,7
383726,383733,383736,3,7
383726,383733,383736,3,7
383726,383733,383735,2,7
383726,383733,383735,2,7
383726,383733,383736,3,7
383726,383733,383736,3,7
383726,383733,383736,3,7
383726,383733,383736,3,7
383726,383733,383736,3,7
383726,383734,383736,2,8
383726,383734,383736,2,8
383726,383734,383737,3,8
383726,383734,383737,3,8
383726,383734,383736,2,8
383726,383734,383737,3,8
383726,383734,383737,3,8
383726,383734,383737,3,8
383726,383734,383736,2,8
383741,383741,383743,2,0
383741,383741,383743,2,0
383741,383741,383743,2,0
383741,383741,383744,3,0
383741,383741,383743,2,0
383741,383741,383744,3,0
383741,383741,383743,2,0
383741,383741,383744,3,0
383741,383741,383744,3,0
383741,383741,383744,3,0
383741,383741,383744,3,0
383741,383741,383744,3,0
383741,383741,383743,2,0
383741,383741,383744,3,0
383741,383741,383743,2,0
383741,383741,383744,3,0
383741,383741,383744,3,0
383741,383741,383744,3,0
383741,383741,383743,2,0
383741,383741,383744,3,0
383741,383741,383744,3,0
383741,383741,383744,3,0
383741,383741,383744,3,0
383741,383741,383744,3,0
383741,383741,383743,2,0
383741,383741,383744,3,0
383741,383741,383744,3,0
383741,383741,383744,3,0
383741,383741,383744,3,0
383741,383741,383744,3,0
383741,383741,383744,3,0
383741,383741,383744,3,0
383741,383741,383744,3,0
383741,383741,383744,3,0
383741,383741,383744,3,0
383741,383741,383744,3,0
383741,383741,383744,3,0
383741,383741,383744,3,0
383741,383741,383744,3,0
383741,383741,383744,3,0
383741,383741,383744,3,0
383741,383741,383743,2,0
383741,383741,383744,3,0
383741,383741,383743,2,0
383741,383741,383744,3,0
383741,383741,383744,3,0
383741,383741,383744,3,0
383741,383741,383744,3,0
383741,383741,383744,3,0
383741,383741,383744,3,0
383741,383741,383744,3,0
383741,383741,383744,3,0
383741,383741,383744,3,0
383741,383741,383744,3,0
383741,383741,383744,3,0
383741,383741,383745,4,0
383741,383741,383744,3,0
383741,383741,383744,3,0
383741,383741,383744,3,0
383741,383741,383745,4,0
383741,383741,383744,3,0
383741,383741,383744,3,0
383741,383741,383744,3,0
383741,383741,383744,3,0
383741,383741,383744,3,0
383741,383741,383744,3,0
383741,383741,383744,3,0
383741,383741,383744,3,0
383741,383741,383744,3,0
383741,383741,383744,3,0
383741,383741,383744,3,0
383741,383741,383744,3,0
383741,383741,383744,3,0
383741,383741,383744,3,0
383741,383741,383744,3,0
383741,383741,383744,3,0
383741,383741,383744,3,0
383741,383741,383744,3,0
383741,383741,383744,3,0
383741,383744,383746,2,3
383741,383744,383746,2,3
383741,383744,383746,2,3
383741,383741,383745,4,0
383741,383744,383746,2,3
383741,383745,383747,2,4
383741,383744,383747,3,3
383741,383744,383746,2,3
383741,383744,383747,3,3
383741,383744,383747,3,3
383741,383744,383746,2,3
383741,383744,383746,2,3
383741,383744,383747,3,3
383741,383744,383747,3,3
383741,383744,383747,3,3
383741,383744,383747,3,3
383741,383744,383747,3,3
383741,383744,383747,3,3
383741,383744,383747,3,3
383741,383745,383747,2,4
383741,383744,383746,2,3
383741,383744,383747,3,3
383741,383744,383746,2,3
383741,383744,383747,3,3
383741,383744,383747,3,3
383741,383744,383747,3,3
383741,383744,383746,2,3
383741,383744,383747,3,3
383741,383744,383746,2,3
383741,383744,383747,3,3
383741,383745,383747,2,4
383741,383744,383747,3,3
383741,383744,383747,3,3
383741,383745,383747,2,4
383741,383745,383747,2,4
383741,383745,383747,2,4
383741,383744,383747,3,3
383741,383744,383747,3,3
383741,383744,383747,3,3
383741,383744,383747,3,3
383741,383744,383747,3,3
383741,383744,383747,3,3
383741,383744,383747,3,3
383741,383744,383747,3,3
383741,383744,383747,3,3
383741,383744,383746,2,3
383741,383744,383747,3,3
383741,383744,383747,3,3
383741,383744,383747,3,3
383741,383745,383747,2,4
383741,383745,383747,2,4
383741,383744,383747,3,3
383741,383744,383747,3,3
383741,383745,383747,2,4
383741,383745,383747,2,4
383741,383745,383747,2,4
383741,383745,383747,2,4
383741,383745,383747,2,4
383741,383745,383747,2,4
383741,383745,383747,2,4
383741,383745,383748,3,4
383741,383745,383748,3,4
383741,383745,383747,2,4
383741,383745,383748,3,4
383741,383745,383748,3,4
383741,383745,383747,2,4
383741,383745,383748,3,4
383741,383745,383748,3,4
383741,383745,383747,2,4
383741,383745,383748,3,4
383741,383745,383747,2,4
383741,383746,383748,2,5
383741,383745,383747,2,4
383741,383746,383748,2,5
383741,383746,383748,2,5
383741,383745,383747,2,4
383741,383745,383747,2,4
383741,383746,383748,2,5
383741,383745,383747,2,4
383741,383745,383748,3,4
383741,383745,383748,3,4
383741,383745,383748,3,4
383741,383745,383747,2,4
383741,383745,383747,2,4
383741,383747,383748,1,6
383741,383747,383749,2,6
383741,383747,383750,3,6
383741,383747,383749,2,6
383741,383747,383749,2,6
383741,383747,383749,2,6
383741,383747,383749,2,6
383741,383747,383749,2,6
383741,383748,383749,1,7
383741,383748,383750,2,7
383741,383747,383750,3,6
383741,383747,383749,2,6
383741,383747,383750,3,6
383741,383748,383749,1,7
383741,383748,383750,2,7
383741,383747,383750,3,6
383741,383747,383750,3,6
383741,383747,383750,3,6
383741,383747,383750,3,6
383741,383748,383750,2,7
383741,383748,383750,2,7
383741,383748,383750,2,7
383741,383747,383750,3,6
383741,383747,383750,3,6
383741,383747,383750,3,6
383741,383747,383750,3,6
383741,383747,383750,3,6
383741,383748,383750,2,7
383741,383748,383750,2,7
383741,383747,383750,3,6
383741,383747,383750,3,6
383741,383747,383750,3,6
383741,383747,383750,3,6
383741,383747,383750,3,6
383741,383748,383750,2,7
383741,383748,383750,2,7
383741,383748,383750,2,7
383754,383754,383756,2,0
383754,383754,383756,2,0
383754,383754,383756,2,0
383754,383754,383756,2,0
383754,383754,383756,2,0
383754,383754,383756,2,0
383754,383754,383756,2,0
383754,383754,383756,2,0
383754,383754,383756,2,0
383754,383754,383756,2,0
383754,383754,383756,2,0
383754,383754,383756,2,0
383754,383754,383756,2,0
383754,383754,383756,2,0
383754,383754,383756,2,0
383754,383754,383756,2,0
383754,383754,383756,2,0
383754,383754,383756,2,0
383754,383754,383756,2,0
383754,383754,383757,3,0
383754,383754,383756,2,0
383754,383754,383756,2,0
383754,383754,383756,2,0
383754,383754,383756,2,0
383754,383754,383756,2,0
383754,383754,383757,3,0
383754,383754,383756,2,0
383754,383754,383756,2,0
383754,383754,383757,3,0
383754,383754,383757,3,0
383754,383754,383757,3,0
383754,383754,383757,3,0
383754,383754,383757,3,0
383754,383754,383757,3,0
383754,383754,383757,3,0
383754,383754,383757,3,0
383754,383754,383757,3,0
383754,383754,383757,3,0
383754,383754,383757,3,0
383754,383754,383757,3,0
383754,383754,383757,3,0
383754,383754,383757,3,0
383754,383754,383757,3,0
383754,383754,383757,3,0
383754,383754,383757,3,0
383754,383754,383757,3,0
383754,383754,383757,3,0
383754,383754,383757,3,0
383754,383754,383757,3,0
383754,383754,383757,3,0
383754,383754,383757,3,0
383754,383754,383757,3,0
383754,383754,383757,3,0
383754,383754,383757,3,0
383754,383754,383757,3,0
383754,383754,383757,3,0
383754,383754,383757,3,0
383754,383754,383757,3,0
383754,383754,383757,3,0
383754,383754,383757,3,0
383754,383754,383757,3,0
383754,383754,383757,3,0
383754,383754,383757,3,0
383754,383754,383757,3,0
383754,383754,383757,3,0
383754,383754,383757,3,0
383754,383754,383757,3,0
383754,383754,383757,3,0
383754,383754,383757,3,0
383754,383754,383757,3,0
383754,383754,383757,3,0
383754,383754,383757,3,0
383754,383754,383757,3,0
383754,383754,383757,3,0
383754,383754,383757,3,0
383754,383754,383757,3,0
383754,383754,383757,3,0
383754,383754,383757,3,0
383754,383754,383757,3,0
383754,383754,383757,3,0
383754,383757,383758,1,3
383754,383757,383758,1,3
383754,383757,383758,1,3
383754,383757,383758,1,3
383754,383757,383759,2,3
383754,383757,383759,2,3
383754,383757,383759,2,3
383754,383756,383758,2,2
383754,383757,383758,1,3
383754,383757,383759,2,3
383754,383757,383759,2,3
383754,383757,383758,1,3
383754,383757,383758,1,3
383754,383757,383758,1,3
383754,383757,383758,1,3
383754,383757,383758,1,3
383754,383757,383759,2,3
383754,383757,383759,2,3
383754,383757,383759,2,3
383754,383757,383759,2,3
383754,383757,383759,2,3
383754,383757,383759,2,3
383754,383757,383759,2,3
383754,383757,383759,2,3
383754,383757,383759,2,3
383754,383757,383759,2,3
383754,383757,383759,2,3
383754,383758,383760,2,4
383754,383758,383760,2,4
383754,383758,383760,2,4
383754,383758,383760,2,4
383754,383758,383759,1,4
383754,383758,383760,2,4
383754,383758,383760,2,4
383754,383758,383760,2,4
383754,383758,383760,2,4
383754,383758,383760,2,4
383754,383758,383760,2,4
383754,383758,383760,2,4
383754,383758,383760,2,4
383754,383758,383760,2,4
383754,383758,383760,2,4
383754,383758,383760,2,4
383754,383758,383760,2,4
383754,383758,383760,2,4
383754,383758,383760,2,4
383754,383759,383761,2,5
383754,383759,383761,2,5
383754,383758,383760,2,4
383754,383758,383760,2,4
383754,383758,383760,2,4
383754,383758,383760,2,4
383754,383758,383760,2,4
383754,383759,383761,2,5
383754,383759,383761,2,5
383754,383759,383761,2,5
383754,383758,383760,2,4
383754,383758,383760,2,4
383754,383758,383760,2,4
383754,383758,383760,2,4
383754,383758,383760,2,4
383754,383758,383760,2,4
383754,383759,383761,2,5
383754,383758,383760,2,4
383754,383758,383760,2,4
383754,383758,383760,2,4
383754,383758,383760,2,4
383754,383759,383761,2,5
383754,383759,383761,2,5
383754,383759,383761,2,5
383754,383758,383760,2,4
383754,383758,383760,2,4
383754,383758,383760,2,4
383754,383758,383760,2,4
383754,383759,383761,2,5
383754,383759,383761,2,5
383754,383758,383760,2,4
383754,383758,383760,2,4
383754,383758,383760,2,4
383754,383758,383760,2,4
383754,383758,383760,2,4
383754,383759,383761,2,5
383754,383759,383761,2,5
383754,383758,383760,2,4
383754,383758,383760,2,4
383754,383758,383760,2,4
383754,383758,383760,2,4
383754,383759,383761,2,5
383754,383759,383761,2,5
383754,383758,383760,2,4
383754,383758,383760,2,4
383754,383758,383760,2,4
383754,383759,383761,2,5
383754,383759,383761,2,5
383754,383758,383760,2,4
383754,383758,383760,2,4
383754,383758,383760,2,4
383754,383759,383761,2,5
383754,383759,383761,2,5
383754,383759,383761,2,5
383754,383759,383761,2,5
383754,383759,383761,2,5
383754,383759,383761,2,5
383754,383759,383761,2,5
383754,383760,383762,2,6
383754,383760,383762,2,6
383754,383760,383762,2,6
383754,383760,383762,2,6
383754,383760,383762,2,6
383754,383760,383762,2,6
383754,383760,383762,2,6
383754,383760,383762,2,6
383754,383759,383761,2,5
383754,383759,383762,3,5
383754,383759,383762,3,5
383754,383760,383762,2,6
383754,383760,383762,2,6
383754,383760,383762,2,6
383754,383760,383762,2,6
383754,383760,383762,2,6
383766,383766,383768,2,0
383766,383766,383768,2,0
383766,383766,383768,2,0
383766,383766,383768,2,0
383766,383766,383768,2,0
383766,383766,383768,2,0
383766,383766,383768,2,0
383766,383766,383768,2,0
383766,383766,383769,3,0
383766,383766,383769,3,0
383766,383766,383769,3,0
383766,383766,383769,3,0
383766,383766,383769,3,0
383766,383766,383769,3,0
383766,383766,383769,3,0
383766,383766,383768,2,0
383766,383766,383769,3,0
383766,383766,383769,3,0
383766,383766,383769,3,0
383766,383766,383769,3,0
383766,383766,383769,3,0
383766,383766,383768,2,0
383766,383766,383769,3,0
383766,383766,383769,3,0
383766,383766,383769,3,0
383766,383766,383769,3,0
383766,383766,383769,3,0
383766,383766,383769,3,0
383766,383766,383769,3,0
383766,383766,383769,3,0
383766,383766,383769,3,0
383766,383766,383769,3,0
383766,383766,383769,3,0
383766,383766,383769,3,0
383766,383766,383769,3,0
383766,383766,383769,3,0
383766,383766,383769,3,0
383766,383766,383769,3,0
383766,383766,383769,3,0
383766,383766,383769,3,0
383766,383766,383769,3,0
383766,383766,383769,3,0
383766,383766,383769,3,0
383766,383766,383769,3,0
383766,383766,383769,3,0
383766,383766,383769,3,0
383766,383766,383769,3,0
383766,383766,383769,3,0
383766,383766,383769,3,0
383766,383766,383769,3,0
383766,383766,383769,3,0
383766,383766,383769,3,0
383766,383766,383769,3,0
383766,383766,383769,3,0
383766,383766,383769,3,0
383766,383766,383769,3,0
383766,383766,383769,3,0
383766,383766,383769,3,0
383766,383766,383769,3,0
383766,383766,383769,3,0
383766,383766,383769,3,0
383766,383766,383769,3,0
383766,383766,383769,3,0
383766,383766,383769,3,0
383766,383766,383769,3,0
383766,383766,383769,3,0
383766,383766,383769,3,0
383766,383766,383769,3,0
383766,383766,383769,3,0
383766,383766,383769,3,0
383766,383766,383769,3,0
383766,383766,383769,3,0
383766,383766,383769,3,0
383766,383766,383769,3,0
383766,383766,383769,3,0
383766,383766,383769,3,0
383766,383766,383769,3,0
383766,383766,383769,3,0
383766,383766,383769,3,0
383766,383768,383770,2,2
383766,383768,383770,2,2
383766,383766,383770,4,0
383766,383768,383770,2,2
383766,383769,383770,1,3
383766,383769,383770,1,3
383766,383769,383770,1,3
383766,383769,383770,1,3
383766,383769,383771,2,3
383766,383770,383771,1,4
383766,383770,383771,1,4
383766,383770,383771,1,4
383766,383770,383771,1,4
383766,383769,383771,2,3
383766,383770,383771,1,4
383766,383770,383771,1,4
383766,383770,383771,1,4
383766,383770,383772,2,4
383766,383770,383772,2,4
383766,383770,383771,1,4
383766,383770,383771,1,4
383766,383770,383772,2,4
383766,383770,383772,2,4
383766,383770,383772,2,4
383766,383770,383772,2,4
383766,383770,383772,2,4
383766,383770,383772,2,4
383766,383770,383772,2,4
383766,383770,383772,2,4
383766,383770,383771,1,4
383766,383770,383772,2,4
383766,383770,383772,2,4
383766,383770,383772,2,4
383766,383770,383771,1,4
383766,383770,383772,2,4
383766,383770,383772,2,4
383766,383770,383772,2,4
383766,383770,383772,2,4
383766,383770,383772,2,4
383766,383770,383772,2,4
383766,383770,383772,2,4
383766,383770,383772,2,4
383766,383770,383772,2,4
383766,383770,383772,2,4
383766,383770,383772,2,4
383766,383770,383772,2,4
383766,383770,383772,2,4
383766,383770,383772,2,4
383766,383770,383772,2,4
383766,383770,383772,2,4
383766,383770,383772,2,4
383766,383770,383772,2,4
383766,383770,383772,2,4
383766,383770,383772,2,4
383766,383770,383773,3,4
383766,383770,383772,2,4
383766,383770,383772,2,4
383766,383770,383772,2,4
383766,383771,383773,2,5
383766,383771,383773,2,5
383766,383770,383772,2,4
383766,383770,383772,2,4
383766,383771,383772,1,5
383766,383770,383772,2,4
383766,383771,383773,2,5
383766,383771,383772,1,5
383766,383770,383772,2,4
383766,383770,383772,2,4
383766,383770,383772,2,4
383766,383770,383772,2,4
383766,383770,383773,3,4
383766,383770,383773,3,4
383766,383770,383772,2,4
383766,383770,383773,3,4
383766,383770,383772,2,4
383766,383770,383773,3,4
383766,383770,383772,2,4
383766,383770,383772,2,4
383766,383770,383772,2,4
383766,383770,383773,3,4
383766,383770,383773,3,4
383766,383770,383773,3,4
383766,383770,383772,2,4
383766,383770,383772,2,4
383766,383770,383772,2,4
383766,383771,383773,2,5
383766,383771,383773,2,5
383766,383771,383773,2,5
383766,383771,383773,2,5
383766,383772,383773,1,6
383766,383772,383774,2,6
383766,383772,383773,1,6
383766,383772,383773,1,6
383766,383772,383773,1,6
383766,383772,383774,2,6
383766,383772,383774,2,6
383766,383772,383774,2,6
383766,383772,383774,2,6
383766,383772,383774,2,6
383766,383772,383774,2,6
383766,383772,383774,2,6
383766,383772,383774,2,6
383766,383772,383774,2,6
383766,383772,383774,2,6
383766,383772,383774,2,6
383766,383772,383774,2,6
383766,383772,383774,2,6
383766,383772,383774,2,6
383766,383772,383774,2,6
383766,383772,383774,2,6
383766,383772,383774,2,6
383766,383772,383774,2,6
383766,383772,383774,2,6
383766,383772,383774,2,6
383766,383772,383774,2,6
383766,383772,383774,2,6
383766,383772,383774,2,6
383766,383772,383774,2,6
383766,383772,383774,2,6
383766,383772,383774,2,6
383766,383772,383774,2,6
383779,383779,383781,2,0
383779,383779,383781,2,0
383779,383779,383781,2,0
383779,383779,383781,2,0
383779,383779,383781,2,0
383779,383779,383781,2,0
383779,383779,383781,2,0
383779,383779,383781,2,0
383779,383779,383781,2,0
383779,383779,383781,2,0
383779,383779,383781,2,0
383779,383779,383781,2,0
383779,383779,383781,2,0
383779,383779,383781,2,0
383779,383779,383781,2,0
383779,383779,383781,2,0
383779,383779,383781,2,0
383779,383779,383781,2,0
383779,383779,383782,3,0
383779,383779,383782,3,0
383779,383779,383781,2,0
383779,383779,383781,2,0
383779,383779,383781,2,0
383779,383779,383781,2,0
383779,383779,383781,2,0
383779,383779,383781,2,0
383779,383779,383781,2,0
383779,383779,383781,2,0
383779,383779,383781,2,0
383779,383779,383781,2,0
383779,383779,383781,2,0
383779,383779,383781,2,0
383779,383779,383781,2,0
383779,383779,383782,3,0
383779,383779,383782,3,0
383779,383779,383781,2,0
383779,383779,383781,2,0
383779,383779,383781,2,0
383779,383779,383781,2,0
383779,383779,383782,3,0
383779,383779,383782,3,0
383779,383779,383781,2,0
383779,383779,383781,2,0
383779,383779,383781,2,0
383779,383779,383781,2,0
383779,383779,383781,2,0
383779,383779,383781,2,0
383779,383779,383781,2,0
383779,383779,383781,2,0
383779,383779,383781,2,0
383779,383779,383781,2,0
383779,383779,383781,2,0
383779,383779,383781,2,0
383779,383779,383781,2,0
383779,383779,383781,2,0
383779,383779,383782,3,0
383779,383779,383781,2,0
383779,383779,383781,2,0
383779,383779,383781,2,0
383779,383779,383781,2,0
383779,383779,383781,2,0
383779,383779,383781,2,0
383779,383779,383782,3,0
383779,383779,383781,2,0
383779,383779,383781,2,0
383779,383779,383781,2,0
383779,383779,383781,2,0
383779,383779,383781,2,0
383779,383779,383781,2,0
383779,383779,383781,2,0
383779,383779,383781,2,0
383779,383779,383781,2,0
383779,383779,383781,2,0
383779,383779,383781,2,0
383779,383779,383781,2,0
383779,383779,383781,2,0
383779,383779,383781,2,0
383779,383779,383781,2,0
383779,383779,383781,2,0
383779,383779,383782,3,0
383779,383781,383782,1,2
383779,383781,383782,1,2
383779,383781,383783,2,2
383779,383781,383782,1,2
383779,383781,383782,1,2
383779,383781,383783,2,2
383779,383781,383782,1,2
383779,383781,383782,1,2
383779,383781,383782,1,2
383779,383781,383783,2,2
383779,383781,383783,2,2
383779,383781,383783,2,2
383779,383782,383783,1,3
383779,383782,383784,2,3
383779,383782,383784,2,3
383779,383782,383784,2,3
383779,383782,383784,2,3
383779,383782,383784,2,3
383779,383782,383784,2,3
383779,383782,383784,2,3
383779,383782,383784,2,3
383779,383782,383784,2,3
383779,383782,383784,2,3
383779,383782,383784,2,3
383779,383782,383784,2,3
383779,383782,383784,2,3
383779,383782,383784,2,3
383779,383782,383784,2,3
383779,383782,383784,2,3
383779,383782,383784,2,3
383779,383782,383784,2,3
383779,383782,383784,2,3
383779,383782,383784,2,3
383779,383782,383784,2,3
383779,383782,383784,2,3
383779,383782,383784,2,3
383779,383782,383784,2,3
383779,383782,383784,2,3
383779,383782,383784,2,3
383779,383782,383784,2,3
383779,383782,383784,2,3
383779,383782,383784,2,3
383779,383782,383784,2,3
383779,383782,383784,2,3
383779,383782,383784,2,3
383779,383782,383784,2,3
383779,383782,383784,2,3
383779,383782,383784,2,3
383779,383782,383785,3,3
383779,383783,383784,1,4
383779,383783,383785,2,4
383779,383783,383785,2,4
383779,383782,383784,2,3
383779,383782,383784,2,3
383779,383782,383785,3,3
383779,383782,383784,2,3
383779,383782,383784,2,3
383779,383782,383784,2,3
383779,383782,383784,2,3
383779,383782,383785,3,3
383779,383782,383785,3,3
383779,383783,383785,2,4
383779,383782,383784,2,3
383779,383782,383784,2,3
383779,383782,383785,3,3
383779,383782,383785,3,3
383779,383783,383785,2,4
383779,383782,383784,2,3
383779,383783,383785,2,4
383779,383783,383785,2,4
383779,383783,383785,2,4
383779,383782,383784,2,3
383779,383782,383785,3,3
383779,383782,383785,3,3
383779,383783,383785,2,4
383779,383782,383784,2,3
383779,383783,383785,2,4
383779,383783,383785,2,4
383779,383782,383785,3,3
383779,383782,383784,2,3
383779,383782,383784,2,3
383779,383783,383785,2,4
383779,383782,383785,3,3
383779,383782,383784,2,3
383779,383783,383785,2,4
383779,383782,383784,2,3
383779,383782,383785,3,3
383779,383782,383785,3,3
383779,383782,383785,3,3
383779,383783,383785,2,4
383779,383783,383785,2,4
383779,383784,383785,1,5
383779,383784,383785,1,5
383779,383784,383786,2,5
383779,383784,383786,2,5
383779,383784,383786,2,5
383779,383784,383786,2,5
383779,383784,383787,3,5
383779,383784,383786,2,5
383779,383784,383786,2,5
383779,383784,383786,2,5
383779,383784,383786,2,5
383779,383784,383786,2,5
383779,383784,383786,2,5
383779,383785,383786,1,6
383779,383784,383786,2,5
383779,383784,383786,2,5
383779,383784,383786,2,5
383779,383785,383786,1,6
383779,383784,383786,2,5
383779,383784,383786,2,5
383779,383784,383786,2,5
383779,383784,383786,2,5
383779,383785,383786,1,6
383779,383784,383786,2,5
383779,383784,383786,2,5
383779,383785,383787,2,6
383779,383785,383786,1,6
383779,383784,383787,3,5
383779,383784,383787,3,5
383791,383791,383793,2,0
383791,383791,383793,2,0
383791,383791,383793,2,0
383791,383791,383793,2,0
383791,383791,383793,2,0
383791,383791,383793,2,0
383791,383791,383793,2,0
383791,383791,383793,2,0
383791,383791,383793,2,0
383791,383791,383793,2,0
383791,383791,383793,2,0
383791,383791,383794,3,0
383791,383791,383794,3,0
383791,383791,383794,3,0
383791,383791,383794,3,0
383791,383791,383794,3,0
383791,383791,383794,3,0
383791,383791,383794,3,0
383791,383791,383794,3,0
383791,383791,383794,3,0
383791,383791,383794,3,0
383791,383794,383795,1,3
383791,383791,383794,3,0
383791,383791,383794,3,0
383791,383791,383794,3,0
383791,383791,383794,3,0
383791,383791,383794,3,0
383791,383791,383794,3,0
383791,383791,383794,3,0
383791,383793,383795,2,2
383791,383791,383794,3,0
383791,383791,383794,3,0
383791,383791,383794,3,0
383791,383791,383794,3,0
383791,383791,383794,3,0
383791,383791,383794,3,0
383791,383791,383794,3,0
383791,383791,383794,3,0
383791,383791,383794,3,0
383791,383791,383794,3,0
383791,383791,383794,3,0
383791,383791,383794,3,0
383791,383791,383794,3,0
383791,383791,383794,3,0
383791,383791,383794,3,0
383791,383793,383795,2,2
383791,383791,383794,3,0
383791,383791,383794,3,0
383791,383791,383794,3,0
383791,383791,383794,3,0
383791,383791,383794,3,0
383791,383791,383794,3,0
383791,383791,383794,3,0
383791,383791,383794,3,0
383791,383791,383794,3,0
383791,383791,383794,3,0
383791,383791,383794,3,0
383791,383791,383794,3,0
383791,383791,383794,3,0
383791,383791,383795,4,0
383791,383791,383794,3,0
383791,383793,383795,2,2
383791,383791,383794,3,0
383791,383791,383794,3,0
383791,383791,383794,3,0
383791,383791,383794,3,0
383791,383791,383794,3,0
383791,383793,383795,2,2
383791,383793,383795,2,2
383791,383793,383795,2,2
383791,383791,383794,3,0
383791,383791,383794,3,0
383791,383791,383794,3,0
383791,383791,383794,3,0
383791,383791,383795,4,0
383791,383794,383796,2,3
383791,383794,383796,2,3
383791,383794,383795,1,3
383791,383791,383794,3,0
383791,383791,383794,3,0
383791,383791,383794,3,0
383791,383791,383794,3,0
383791,383791,383794,3,0
383791,383791,383794,3,0
383791,383791,383794,3,0
383791,383793,383795,2,2
383791,383791,383794,3,0
383791,383791,383795,4,0
383791,383791,383795,4,0
383791,383791,383795,4,0
383791,383791,383795,4,0
383791,383797,383800,3,6
383791,383797,383800,3,6
383791,383797,383800,3,6
383791,383799,383801,2,8
383791,383799,383802,3,8
383791,383799,383802,3,8
383791,383800,383802,2,9
383791,383798,383801,3,7
383791,383799,383802,3,8
383791,383799,383802,3,8
383791,383799,383802,3,8
383791,383800,383802,2,9
383791,383800,383802,2,9
383791,383800,383802,2,9
383791,383800,383802,2,9
383791,383800,383802,2,9
383791,383800,383802,2,9
383791,383800,383802,2,9
383791,383800,383803,3,9
383791,383800,383802,2,9
383791,383800,383802,2,9
383791,383800,383802,2,9
383791,383799,383802,3,8
383791,383799,383802,3,8
383791,383800,383802,2,9
383791,383800,383803,3,9
383791,383800,383802,2,9
383791,383801,383803,2,10
383791,383799,383802,3,8
383791,383800,383802,2,9
383791,383800,383803,3,9
383791,383800,383802,2,9
383791,383800,383803,3,9
383791,383800,383802,2,9
383791,383800,383803,3,9
383791,383799,383802,3,8
383791,383800,383803,3,9
383791,383800,383802,2,9
383791,383800,383803,3,9
383791,383800,383803,3,9
383791,383800,383803,3,9
383791,383800,383803,3,9
383791,383801,383803,2,10
383791,383800,383802,2,9
383791,383800,383802,2,9
383791,383800,383802,2,9
383791,383800,383802,2,9
383791,383800,383803,3,9
383791,383800,383803,3,9
383791,383800,383803,3,9
383791,383801,383803,2,10
383791,383799,383802,3,8
383791,383800,383802,2,9
383791,383800,383802,2,9
383791,383800,383802,2,9
383791,383800,383802,2,9
383791,383800,383803,3,9
383791,383801,383803,2,10
383791,383801,383803,2,10
383791,383800,383802,2,9
383791,383800,383802,2,9
383791,383800,383802,2,9
383791,383801,383803,2,10
383791,383801,383803,2,10
383791,383801,383803,2,10
383791,383800,383803,3,9
383791,383800,383803,3,9
383791,383800,383803,3,9
383791,383800,383803,3,9
383791,383801,383803,2,10
383791,383801,383803,2,10
383791,383800,383803,3,9
383791,383800,383803,3,9
383791,383800,383803,3,9
383791,383800,383803,3,9
383791,383800,383803,3,9
383791,383801,383803,2,10
383791,383800,383803,3,9
383791,383800,383803,3,9
383791,383800,383803,3,9
383791,383800,383803,3,9
383791,383801,383803,2,10
383791,383800,383803,3,9
383791,383802,383804,2,11
383791,383802,383804,2,11
383791,383803,383805,2,12
383791,383803,383805,2,12
383791,383803,383805,2,12
383791,383803,383805,2,12
383791,383803,383805,2,12
383791,383803,383805,2,12
383791,383803,383805,2,12
383791,383803,383805,2,12
383791,383803,383805,2,12
383791,383803,383805,2,12
383791,383803,383805,2,12
383791,383803,383805,2,12
383791,383803,383805,2,12
383791,383803,383805,2,12
383791,383803,383805,2,12
383791,383803,383805,2,12
383791,383803,383805,2,12
383791,383803,383805,2,12
383791,383803,383805,2,12
383791,383803,383805,2,12
383791,383803,383805,2,12
383791,383803,383805,2,12
383791,383803,383805,2,12
383791,383803,383805,2,12
383819,383819,383821,2,0
383819,383820,383822,2,1
383819,383820,383822,2,1
383819,383820,383822,2,1
383819,383820,383822,2,1
383819,383820,383822,2,1
383819,383819,383822,3,0
383819,383819,383822,3,0
383819,383820,383822,2,1
383819,383820,383822,2,1
383819,383820,383822,2,1
383819,383820,383822,2,1
383819,383820,383822,2,1
383819,383819,383822,3,0
383819,383820,383822,2,1
383819,383820,383822,2,1
383819,383819,383822,3,0
383819,383820,383822,2,1
383819,383820,383822,2,1
383819,383819,383821,2,0
383819,383820,383822,2,1
383819,383820,383822,2,1
383819,383820,383822,2,1
383819,383820,383822,2,1
383819,383819,383822,3,0
383819,383820,383822,2,1
383819,383820,383822,2,1
383819,383820,383822,2,1
383819,383820,383822,2,1
383819,383819,383822,3,0
383819,383820,383822,2,1
383819,383820,383822,2,1
383819,383820,383822,2,1
383819,383820,383822,2,1
383819,383820,383822,2,1
383819,383819,383822,3,0
383819,383820,383822,2,1
383819,383820,383822,2,1
383819,383820,383822,2,1
383819,383820,383822,2,1
383819,383820,383822,2,1
383819,383819,383821,2,0
383819,383820,383822,2,1
383819,383820,383822,2,1
383819,383820,383822,2,1
383819,383820,383822,2,1
383819,383820,383822,2,1
383819,383820,383822,2,1
383819,383819,383822,3,0
383819,383820,383822,2,1
383819,383820,383822,2,1
383819,383820,383822,2,1
383819,383820,383822,2,1
383819,383820,383822,2,1
383819,383820,383822,2,1
383819,383820,383822,2,1
383819,383820,383822,2,1
383819,383820,383822,2,1
383819,383820,383822,2,1
383819,383820,383822,2,1
383819,383820,383822,2,1
383819,383820,383822,2,1
383819,383820,383823,3,1
383819,383820,383822,2,1
383819,383820,383822,2,1
383819,383820,383822,2,1
383819,383820,383823,3,1
383819,383820,383822,2,1
383819,383820,383822,2,1
383819,383820,383822,2,1
383819,383820,383822,2,1
383819,383820,383822,2,1
383819,383820,383822,2,1
383819,383820,383822,2,1
383819,383820,383822,2,1
383819,383820,383822,2,1
383819,383820,383822,2,1
383819,383820,383822,2,1
383819,383820,383822,2,1
383819,383820,383822,2,1
383819,383822,383824,2,3
383819,383823,383825,2,4
383819,383823,383825,2,4
383819,383822,383824,2,3
383819,383823,383825,2,4
383819,383823,383825,2,4
383819,383823,383825,2,4
383819,383823,383825,2,4
383819,383823,383825,2,4
383819,383823,383825,2,4
383819,383823,383825,2,4
383819,383823,383824,1,4
383819,383823,383825,2,4
383819,383823,383825,2,4
383819,383823,383825,2,4
383819,383822,383824,2,3
383819,383823,383824,1,4
383819,383823,383824,1,4
383819,383823,383825,2,4
383819,383823,383825,2,4
383819,383823,383825,2,4
383819,383823,383825,2,4
383819,383823,383825,2,4
383819,383823,383825,2,4
383819,383823,383825,2,4
383819,383823,383825,2,4
383819,383823,383825,2,4
383819,383822,383824,2,3
383819,383823,383825,2,4
383819,383823,383825,2,4
383819,383823,383825,2,4
383819,383823,383825,2,4
383819,383823,383825,2,4
383819,383823,383825,2,4
383819,383823,383825,2,4
383819,383823,383825,2,4
383819,383823,383825,2,4
383819,383823,383825,2,4
383819,383823,383825,2,4
383819,383823,383825,2,4
383819,383823,383825,2,4
383819,383823,383825,2,4
383819,383823,383825,2,4
383819,383823,383825,2,4
383819,383823,383825,2,4
383819,383823,383825,2,4
383819,383823,383825,2,4
383819,383823,383826,3,4
383819,383823,383825,2,4
383819,383823,383825,2,4
383819,383823,383825,2,4
383819,383823,383825,2,4
383819,383823,383825,2,4
383819,383823,383825,2,4
383819,383824,383825,1,5
383819,383824,383826,2,5
383819,383823,383825,2,4
383819,383823,383825,2,4
383819,383823,383825,2,4
383819,383823,383826,3,4
383819,383823,383825,2,4
383819,383823,383825,2,4
383819,383824,383826,2,5
383819,383824,383826,2,5
383819,383824,383826,2,5
383819,383824,383826,2,5
383819,383824,383826,2,5
383819,383823,383826,3,4
383819,383823,383825,2,4
383819,383823,383826,3,4
383819,383823,383825,2,4
383819,383823,383826,3,4
383819,383823,383826,3,4
383819,383823,383826,3,4
383819,383823,383826,3,4
383819,383823,383826,3,4
383819,383823,383826,3,4
383819,383823,383826,3,4
383819,383823,383826,3,4
383819,383823,383826,3,4
383819,383824,383827,3,5
383819,383825,383827,2,6
383819,383825,383827,2,6
383819,383826,383828,2,7
383819,383826,383828,2,7
383819,383825,383827,2,6
383819,383825,383828,3,6
383819,383825,383828,3,6
383819,383826,383828,2,7
383819,383826,383828,2,7
383819,383826,383828,2,7
383819,383826,383828,2,7
383819,383826,383828,2,7
383819,383826,383828,2,7
383819,383826,383828,2,7
383819,383826,383828,2,7
383819,383826,383828,2,7
383819,383826,383828,2,7
383819,383826,383828,2,7
383819,383826,383828,2,7
383819,383826,383828,2,7
383819,383826,383828,2,7
383819,383826,383828,2,7
383819,383826,383828,2,7
383819,383826,383828,2,7
383819,383826,383828,2,7
383819,383826,383828,2,7
383819,383826,383828,2,7
383819,383826,383829,3,7
383819,383826,383829,3,7
383819,383826,383828,2,7
383819,383826,383828,2,7
383819,383826,383828,2,7
383819,383826,383828,2,7
383819,383826,383828,2,7
383819,383826,383829,3,7
383819,383826,383829,3,7
383819,383826,383829,3,7
383819,383826,383828,2,7
383819,383826,383829,3,7
383842,383842,383845,3,0
383842,383842,383845,3,0
383842,383842,383845,3,0
383842,383842,383845,3,0
383842,383842,383845,3,0
383842,383843,383845,2,1
383842,383842,383845,3,0
383842,383843,383845,2,1
383842,383842,383845,3,0
383842,383842,383845,3,0
383842,383842,383845,3,0
383842,383843,383845,2,1
383842,383842,383845,3,0
383842,383843,383845,2,1
383842,383842,383845,3,0
383842,383842,383845,3,0
383842,383843,383845,2,1
383842,383843,383845,2,1
383842,383842,383845,3,0
383842,383843,383845,2,1
383842,383843,383845,2,1
383842,383843,383845,2,1
383842,383842,383845,3,0
383842,383843,383845,2,1
383842,383843,383845,2,1
383842,383843,383845,2,1
383842,383843,383845,2,1
383842,383843,383845,2,1
383842,383843,383845,2,1
383842,383843,383845,2,1
383842,383843,383846,3,1
383842,383842,383845,3,0
383842,383843,383845,2,1
383842,383843,383845,2,1
383842,383843,383845,2,1
383842,383843,383846,3,1
383842,383843,383846,3,1
383842,383842,383845,3,0
383842,383843,383845,2,1
383842,383843,383845,2,1
383842,383843,383845,2,1
383842,383843,383846,3,1
383842,383843,383846,3,1
383842,383843,383845,2,1
383842,383843,383845,2,1
383842,383843,383845,2,1
383842,383843,383845,2,1
383842,383843,383846,3,1
383842,383843,383845,2,1
383842,383843,383845,2,1
383842,383843,383845,2,1
383842,383843,383845,2,1
383842,383843,383845,2,1
383842,383843,383845,2,1
383842,383843,383845,2,1
383842,383843,383845,2,1
383842,383843,383845,2,1
383842,383843,383846,3,1
383842,383843,383845,2,1
383842,383843,383846,3,1
383842,383843,383845,2,1
383842,383843,383846,3,1
383842,383843,383845,2,1
383842,383843,383845,2,1
383842,383843,383846,3,1
383842,383843,383846,3,1
383842,383843,383845,2,1
383842,383843,383845,2,1
383842,383843,383845,2,1
383842,383843,383846,3,1
383842,383843,383846,3,1
383842,383843,383845,2,1
383842,383843,383846,3,1
383842,383843,383846,3,1
383842,383843,383846,3,1
383842,383843,383846,3,1
383842,383843,383846,3,1
383842,383843,383846,3,1
383842,383843,383846,3,1
383842,383843,383846,3,1
383842,383845,383847,2,3
383842,383845,383847,2,3
383842,383845,383847,2,3
383842,383845,383847,2,3
383842,383845,383848,3,3
383842,383845,383848,3,3
383842,383846,383848,2,4
383842,383845,383848,3,3
383842,383845,383848,3,3
383842,383845,383848,3,3
383842,383845,383848,3,3
383842,383845,383848,3,3
383842,383846,383848,2,4
383842,383845,383848,3,3
383842,383845,383847,2,3
383842,383845,383848,3,3
383842,383846,383848,2,4
383842,383846,383848,2,4
383842,383846,383848,2,4
383842,383846,383848,2,4
383842,383846,383848,2,4
383842,383846,383848,2,4
383842,383846,383848,2,4
383842,383846,383848,2,4
383842,383846,383848,2,4
383842,383846,383848,2,4
383842,383846,383848,2,4
383842,383845,383848,3,3
383842,383846,383848,2,4
383842,383847,383849,2,5
383842,383847,383849,2,5
383842,383847,383849,2,5
383842,383847,383849,2,5
383842,383847,383849,2,5
383842,383847,383849,2,5
383842,383847,383849,2,5
383842,383847,383849,2,5
383842,383847,383849,2,5
383842,383847,383849,2,5
383842,383847,383849,2,5
383842,383847,383849,2,5
383842,383846,383848,2,4
383842,383847,383849,2,5
383842,383847,383849,2,5
383842,383847,383849,2,5
383842,383847,383849,2,5
383842,383847,383849,2,5
383842,383847,383849,2,5
383842,383847,383849,2,5
383842,383847,383849,2,5
383842,383847,383850,3,5
383842,383847,383850,3,5
383842,383847,383850,3,5
383842,383847,383850,3,5
383842,383846,383849,3,4
383842,383847,383849,2,5
383842,383847,383850,3,5
383842,383847,383850,3,5
383842,383847,383850,3,5
383842,383848,383850,2,6
383842,383847,383850,3,5
383842,383847,383850,3,5
383842,383847,383850,3,5
383842,383847,383849,2,5
383842,383847,383850,3,5
383842,383847,383850,3,5
383842,383848,383850,2,6
383842,383847,383850,3,5
383842,383847,383849,2,5
383842,383847,383850,3,5
383842,383847,383850,3,5
383842,383847,383850,3,5
383842,383848,383850,2,6
383842,383848,383850,2,6
383842,383847,383849,2,5
383842,383847,383850,3,5
383842,383847,383849,2,5
383842,383848,383850,2,6
383842,383847,383850,3,5
383842,383847,383850,3,5
383842,383847,383850,3,5
383842,383848,383850,2,6
383842,383848,383850,2,6
383842,383847,383850,3,5
383842,383847,383850,3,5
383842,383847,383850,3,5
383842,383847,383850,3,5
383842,383848,383851,3,6
383842,383848,383850,2,6
383842,383848,383850,2,6
383842,383848,383850,2,6
383842,383848,383851,3,6
383842,383848,383851,3,6
383842,383848,383850,2,6
383842,383848,383851,3,6
383842,383849,383851,2,7
383842,383849,383851,2,7
383842,383849,383851,2,7
383842,383849,383851,2,7
383842,383849,383851,2,7
383842,383849,383851,2,7
383842,383849,383851,2,7
383842,383849,383851,2,7
383842,383849,383851,2,7
383842,383849,383851,2,7
383842,383849,383851,2,7
383842,383849,383851,2,7
383842,383849,383851,2,7
383842,383850,383852,2,8
383842,383850,383852,2,8
383842,383850,383852,2,8
383842,383850,383852,2,8
383842,383850,383852,2,8
383842,383850,383852,2,8
383842,383850,383852,2,8
383842,383850,383852,2,8
383842,383850,383852,2,8
383842,383850,383852,2,8
383842,383850,383852,2,8
383842,383850,383852,2,8
383867,383867,383870,3,0
383867,383867,383870,3,0
383867,383867,383870,3,0
383867,383867,383870,3,0
383867,383867,383870,3,0
383867,383867,383870,3,0
383867,383867,383870,3,0
383867,383867,383871,4,0
383867,383867,383873,6,0
383867,383867,383876,9,0
379491,379501,383877,4376,10
383875,383880,383889,9,5
384028,384029,384034,5,1
384028,384029,384035,6,1
384028,384029,384035,6,1
384028,384030,384035,5,2
384028,384030,384036,6,2
384028,384030,384036,6,2
384028,384030,384036,6,2
384028,384031,384037,6,3
384028,384031,384036,5,3
384028,384031,384037,6,3
384028,384030,384036,6,2
384028,384030,384035,5,2
384028,384030,384035,5,2
384028,384031,384036,5,3
384028,384031,384037,6,3
384028,384032,384037,5,4
384028,384029,384035,6,1
384028,384030,384035,5,2
384028,384030,384036,6,2
384028,384030,384036,6,2
384028,384031,384037,6,3
384028,384031,384037,6,3
384028,384029,384035,6,1
384028,384030,384036,6,2
384028,384030,384035,5,2
384028,384030,384036,6,2
384028,384031,384036,5,3
384028,384029,384035,6,1
384028,384030,384036,6,2
384028,384030,384036,6,2
384028,384030,384035,5,2
384028,384031,384037,6,3
384028,384031,384036,5,3
384028,384031,384037,6,3
384028,384030,384035,5,2
384028,384030,384036,6,2
384028,384030,384036,6,2
384028,384031,384036,5,3
384028,384031,384037,6,3
384028,384032,384037,5,4
384028,384029,384035,6,1
384028,384030,384035,5,2
384028,384030,384035,5,2
384028,384030,384036,6,2
384028,384031,384037,6,3
384028,384031,384037,6,3
384028,384031,384037,6,3
384028,384029,384035,6,1
384028,384030,384036,6,2
384028,384030,384036,6,2
384028,384030,384036,6,2
384028,384031,384037,6,3
384028,384031,384037,6,3
384028,384031,384038,7,3
384028,384032,384037,5,4
384028,384029,384036,7,1
384028,384030,384036,6,2
384028,384030,384036,6,2
384028,384030,384035,5,2
384028,384031,384037,6,3
384028,384031,384036,5,3
384028,384031,384037,6,3
384028,384032,384037,5,4
384028,384029,384035,6,1
384028,384030,384035,5,2
384028,384030,384036,6,2
384028,384030,384035,5,2
384028,384031,384037,6,3
384028,384031,384037,6,3
384028,384031,384037,6,3
384028,384031,384037,6,3
384028,384031,384037,6,3
384028,384032,384037,5,4
384028,384031,384038,7,3
384028,384032,384037,5,4
384028,384032,384037,5,4
384028,384031,384037,6,3
384028,384032,384037,5,4
384028,384031,384038,7,3
384028,384031,384039,8,3
384028,384038,384042,4,10
384028,384038,384042,4,10
384028,384042,384045,3,14
384028,384039,384045,6,11
384028,384040,384046,6,12
384028,384041,384046,5,13
384028,384040,384046,6,12
384028,384042,384046,4,14
384028,384042,384046,4,14
384028,384040,384045,5,12
384028,384041,384045,4,13
384028,384042,384045,3,14
384028,384041,384046,5,13
384028,384042,384046,4,14
384028,384042,384046,4,14
384028,384042,384046,4,14
384028,384040,384045,5,12
384028,384041,384046,5,13
384028,384042,384046,4,14
384028,384042,384047,5,14
384028,384042,384047,5,14
384028,384042,384047,5,14
384028,384042,384047,5,14
384028,384042,384046,4,14
384028,384042,384046,4,14
384028,384042,384047,5,14
384028,384042,384047,5,14
384028,384042,384048,6,14
384028,384042,384047,5,14
384028,384042,384047,5,14
384028,384043,384048,5,15
384028,384043,384048,5,15
384028,384044,384048,4,16
384028,384044,384048,4,16
384028,384045,384049,4,17
384028,384042,384048,6,14
384028,384044,384048,4,16
384028,384044,384049,5,16
384028,384044,384049,5,16
384028,384042,384048,6,14
384028,384044,384048,4,16
384028,384044,384048,4,16
384028,384043,384048,5,15
384028,384044,384048,4,16
384028,384044,384048,4,16
384028,384045,384049,4,17
384028,384042,384048,6,14
384028,384043,384048,5,15
384028,384044,384048,4,16
384028,384044,384049,5,16
384028,384042,384048,6,14
384028,384043,384048,5,15
384028,384044,384049,5,16
384028,384044,384049,5,16
384028,384045,384049,4,17
384028,384042,384049,7,14
384028,384044,384049,5,16
384028,384044,384048,4,16
384028,384043,384048,5,15
384028,384044,384048,4,16
384028,384044,384049,5,16
384028,384045,384049,4,17
384028,384042,384048,6,14
384028,384042,384048,6,14
384028,384044,384049,5,16
384028,384044,384049,5,16
384028,384044,384049,5,16
384028,384045,384049,4,17
384028,384046,384051,5,18
384028,384046,384051,5,18
384028,384042,384048,6,14
384028,384042,384049,7,14
384028,384042,384049,7,14
384028,384044,384049,5,16
384028,384044,384050,6,16
384028,384044,384050,6,16
384028,384045,384050,5,17
384028,384046,384051,5,18
384028,384044,384049,5,16
384028,384045,384050,5,17
384028,384044,384050,6,16
384028,384045,384049,4,17
384028,384050,384054,4,22
384028,384049,384053,4,21
384028,384050,384054,4,22
384028,384047,384053,6,19
384028,384050,384054,4,22
384028,384047,384053,6,19
384028,384051,384055,4,23
384028,384051,384055,4,23
384028,384051,384055,4,23
384028,384050,384055,5,22
384028,384050,384055,5,22
384028,384052,384056,4,24
384028,384052,384056,4,24
384028,384050,384055,5,22
384028,384051,384055,4,23
384028,384051,384055,4,23
384028,384052,384056,4,24
384028,384050,384054,4,22
384028,384050,384055,5,22
384028,384051,384055,4,23
384028,384051,384056,5,23
384028,384052,384056,4,24
384028,384050,384054,4,22
384028,384051,384055,4,23
384028,384051,384055,4,23
384028,384051,384056,5,23
384028,384052,384056,4,24
384028,384051,384055,4,23
384028,384051,384056,5,23
384028,384051,384056,5,23
384028,384052,384056,4,24
384028,384053,384058,5,25
384028,384053,384058,5,25
384028,384052,384059,7,24
384028,384053,384059,6,25
384028,384054,384060,6,26
384028,384055,384060,5,27
384028,384056,384060,4,28
384100,384101,384104,3,1
384100,384101,384104,3,1
384100,384101,384104,3,1
384100,384101,384106,5,1
384100,384101,384106,5,1
384100,384101,384106,5,1
384100,384101,384106,5,1
384100,384101,384106,5,1
384100,384101,384106,5,1
384100,384101,384106,5,1
384100,384101,384106,5,1
384100,384101,384106,5,1
384100,384101,384106,5,1
384100,384101,384106,5,1
384100,384101,384106,5,1
384100,384102,384106,4,2
384100,384102,384107,5,2
384100,384102,384106,4,2
384100,384102,384107,5,2
384100,384102,384107,5,2
384100,384102,384107,5,2
384100,384101,384106,5,1
384100,384101,384106,5,1
384100,384101,384106,5,1
384100,384102,384106,4,2
384100,384102,384107,5,2
384100,384102,384107,5,2
384100,384101,384106,5,1
384100,384102,384107,5,2
384100,384102,384107,5,2
384100,384102,384107,5,2
384100,384101,384106,5,1
384100,384101,384106,5,1
384100,384101,384106,5,1
384100,384102,384106,4,2
384100,384102,384107,5,2
384100,384102,384107,5,2
384100,384102,384107,5,2
384100,384102,384107,5,2
384100,384102,384107,5,2
384100,384103,384108,5,3
384100,384104,384108,4,4
384100,384103,384108,5,3
384100,384104,384109,5,4
384100,384101,384106,5,1
384100,384101,384106,5,1
384100,384101,384106,5,1
384100,384102,384106,4,2
384100,384102,384107,5,2
384100,384102,384107,5,2
384100,384102,384108,6,2
384100,384103,384108,5,3
384100,384101,384106,5,1
384100,384101,384106,5,1
384100,384101,384106,5,1
384100,384102,384106,4,2
384100,384102,384106,4,2
384100,384102,384107,5,2
384100,384102,384107,5,2
384100,384104,384108,4,4
384100,384101,384106,5,1
384100,384101,384106,5,1
384100,384101,384107,6,1
384100,384102,384107,5,2
384100,384102,384107,5,2
384100,384102,384108,6,2
384100,384102,384108,6,2
384100,384103,384108,5,3
384100,384102,384108,6,2
384100,384102,384108,6,2
384100,384103,384108,5,3
384100,384103,384108,5,3
384100,384101,384108,7,1
384100,384103,384108,5,3
384100,384103,384108,5,3
384100,384107,384111,4,7
384100,384102,384108,6,2
384100,384102,384108,6,2
384100,384102,384108,6,2
384100,384102,384108,6,2
384100,384103,384108,5,3
384100,384107,384111,4,7
384100,384107,384111,4,7
384100,384110,384115,5,10
384100,384109,384115,6,9
384100,384110,384115,5,10
384100,384112,384116,4,12
384100,384112,384116,4,12
384100,384112,384116,4,12
384100,384112,384117,5,12
384100,384112,384116,4,12
384100,384112,384116,4,12
384100,384111,384116,5,11
384100,384112,384116,4,12
384100,384112,384117,5,12
384100,384113,384117,4,13
384100,384111,384116,5,11
384100,384112,384116,4,12
384100,384112,384116,4,12
384100,384112,384115,3,12
384100,384112,384115,3,12
384100,384112,384116,4,12
384100,384112,384116,4,12
384100,384112,384117,5,12
384100,384111,384115,4,11
384100,384112,384116,4,12
384100,384112,384116,4,12
384100,384112,384116,4,12
384100,384112,384115,3,12
384100,384112,384116,4,12
384100,384112,384116,4,12
384100,384112,384117,5,12
384100,384112,384115,3,12
384100,384112,384115,3,12
384100,384112,384115,3,12
384100,384112,384116,4,12
384100,384112,384116,4,12
384100,384112,384117,5,12
384100,384112,384117,5,12
384100,384112,384117,5,12
384100,384112,384116,4,12
384100,384112,384116,4,12
384100,384112,384116,4,12
384100,384112,384116,4,12
384100,384112,384116,4,12
384100,384112,384116,4,12
384100,384112,384116,4,12
384100,384112,384117,5,12
384100,384112,384117,5,12
384100,384113,384117,4,13
384100,384113,384117,4,13
384100,384112,384117,5,12
384100,384112,384117,5,12
384100,384112,384117,5,12
384100,384112,384116,4,12
384100,384112,384117,5,12
384100,384112,384117,5,12
384100,384112,384117,5,12
384100,384113,384117,4,13
384100,384112,384117,5,12
384100,384112,384116,4,12
384100,384112,384116,4,12
384100,384112,384116,4,12
384100,384112,384116,4,12
384100,384112,384117,5,12
384100,384113,384117,4,13
384100,384113,384117,4,13
384100,384112,384117,5,12
384100,384112,384117,5,12
384100,384113,384117,4,13
384100,384113,384117,4,13
384100,384113,384117,4,13
384100,384113,384117,4,13
384100,384112,384117,5,12
384100,384112,384118,6,12
384100,384113,384118,5,13
384100,384113,384118,5,13
384100,384112,384117,5,12
384100,384112,384117,5,12
384100,384112,384117,5,12
384100,384113,384117,4,13
384100,384113,384117,4,13
384100,384113,384117,4,13
384100,384117,384120,3,17
384100,384117,384120,3,17
384100,384117,384120,3,17
384100,384117,384122,5,17
384100,384117,384121,4,17
384100,384118,384121,3,18
384100,384118,384121,3,18
384100,384118,384122,4,18
384100,384118,384122,4,18
384100,384118,384122,4,18
384100,384117,384121,4,17
384100,384118,384122,4,18
384100,384118,384122,4,18
384100,384118,384122,4,18
384100,384118,384122,4,18
384100,384118,384123,5,18
384100,384118,384122,4,18
384100,384118,384123,5,18
384100,384119,384123,4,19
384100,384119,384123,4,19
384100,384119,384123,4,19
384100,384119,384123,4,19
384100,384118,384122,4,18
384100,384118,384123,5,18
384100,384118,384123,5,18
384100,384118,384123,5,18
384100,384119,384123,4,19
384100,384119,384123,4,19
384100,384119,384123,4,19
384100,384119,384123,4,19
384100,384118,384122,4,18
384100,384118,384122,4,18
384100,384118,384123,5,18
384100,384118,384123,5,18
384100,384119,384123,4,19
384100,384119,384123,4,19
384100,384119,384123,4,19
384141,384141,384145,4,0
384141,384141,384145,4,0
384141,384141,384145,4,0
384141,384141,384145,4,0
384141,384141,384145,4,0
384141,384141,384145,4,0
384141,384141,384145,4,0
384141,384141,384145,4,0
384141,384141,384145,4,0
384141,384141,384145,4,0
384141,384141,384145,4,0
384141,384141,384145,4,0
384141,384141,384145,4,0
384141,384141,384145,4,0
384141,384141,384145,4,0
384141,384141,384145,4,0
384141,384141,384145,4,0
384141,384141,384145,4,0
384141,384141,384145,4,0
384141,384141,384145,4,0
384141,384141,384145,4,0
384141,384141,384145,4,0
384141,384141,384145,4,0
384141,384141,384145,4,0
384141,384141,384145,4,0
384141,384141,384145,4,0
384141,384141,384145,4,0
384141,384141,384145,4,0
384141,384141,384145,4,0
384141,384141,384146,5,0
384141,384141,384145,4,0
384141,384141,384146,5,0
384141,384141,384146,5,0
384141,384141,384146,5,0
384141,384141,384145,4,0
384141,384141,384146,5,0
384141,384141,384146,5,0
384141,384141,384146,5,0
384141,384141,384145,4,0
384141,384141,384145,4,0
384141,384141,384146,5,0
384141,384141,384145,4,0
384141,384141,384145,4,0
384141,384141,384146,5,0
384141,384141,384145,4,0
384141,384141,384146,5,0
384141,384141,384145,4,0
384141,384141,384146,5,0
384141,384141,384146,5,0
384141,384141,384145,4,0
384141,384141,384145,4,0
384141,384141,384146,5,0
384141,384141,384146,5,0
384141,384141,384146,5,0
384141,384141,384147,6,0
384141,384141,384147,6,0
384141,384141,384146,5,0
384141,384141,384147,6,0
384141,384141,384147,6,0
384141,384141,384147,6,0
384141,384141,384146,5,0
384141,384141,384146,5,0
384141,384141,384146,5,0
384141,384141,384146,5,0
384141,384141,384147,6,0
384141,384141,384147,6,0
384141,384141,384147,6,0
384141,384141,384146,5,0
384141,384141,384147,6,0
384141,384141,384147,6,0
384141,384141,384147,6,0
384141,384141,384147,6,0
384141,384141,384147,6,0
384141,384141,384146,5,0
384141,384141,384146,5,0
384141,384141,384147,6,0
384141,384141,384146,5,0
384141,384141,384146,5,0
384141,384141,384147,6,0
384141,384141,384147,6,0
384141,384145,384148,3,4
384141,384145,384148,3,4
384141,384145,384148,3,4
384141,384145,384148,3,4
384141,384145,384148,3,4
384141,384145,384149,4,4
384141,384145,384148,3,4
384141,384145,384149,4,4
384141,384145,384149,4,4
384141,384145,384149,4,4
384141,384145,384149,4,4
384141,384145,384149,4,4
384141,384145,384149,4,4
384141,384146,384149,3,5
384141,384145,384148,3,4
384141,384145,384149,4,4
384141,384145,384149,4,4
384141,384145,384149,4,4
384141,384145,384148,3,4
384141,384145,384149,4,4
384141,384145,384149,4,4
384141,384145,384148,3,4
384141,384145,384149,4,4
384141,384145,384149,4,4
384141,384145,384149,4,4
384141,384146,384150,4,5
384141,384146,384150,4,5
384141,384146,384150,4,5
384141,384146,384150,4,5
384141,384146,384150,4,5
384141,384146,384150,4,5
384141,384146,384150,4,5
384141,384146,384150,4,5
384141,384146,384150,4,5
384141,384146,384150,4,5
384141,384146,384150,4,5
384141,384146,384150,4,5
384141,384147,384150,3,6
384141,384146,384150,4,5
384141,384146,384150,4,5
384141,384146,384150,4,5
384141,384146,384150,4,5
384141,384147,384150,3,6
384141,384145,384150,5,4
384141,384145,384150,5,4
384141,384146,384150,4,5
384141,384146,384150,4,5
384141,384146,384150,4,5
384141,384147,384150,3,6
384141,384146,384150,4,5
384141,384145,384150,5,4
384141,384146,384150,4,5
384141,384147,384150,3,6
384141,384146,384150,4,5
384141,384146,384150,4,5
384141,384147,384151,4,6
384141,384147,384151,4,6
384141,384147,384151,4,6
384141,384148,384152,4,7
384141,384147,384151,4,6
384141,384147,384151,4,6
384141,384147,384151,4,6
384141,384147,384151,4,6
384141,384147,384151,4,6
384141,384147,384151,4,6
384141,384147,384151,4,6
384141,384147,384151,4,6
384141,384147,384151,4,6
384141,384147,384151,4,6
384141,384147,384151,4,6
384141,384147,384151,4,6
384141,384147,384151,4,6
384141,384147,384151,4,6
384141,384147,384151,4,6
384141,384147,384151,4,6
384141,384147,384151,4,6
384141,384147,384151,4,6
384141,384147,384151,4,6
384141,384147,384151,4,6
384141,384147,384151,4,6
384141,384147,384151,4,6
384141,384148,384152,4,7
384141,384148,384152,4,7
384141,384150,384152,2,9
384141,384150,384152,2,9
384141,384148,384152,4,7
384141,384150,384152,2,9
384141,384148,384152,4,7
384141,384150,384152,2,9
384141,384150,384152,2,9
384141,384149,384152,3,8
384141,384150,384152,2,9
384141,384150,384152,2,9
384141,384149,384153,4,8
384141,384149,384153,4,8
384141,384149,384153,4,8
384141,384149,384153,4,8
384141,384150,384153,3,9
384141,384150,384153,3,9
384141,384150,384153,3,9
384141,384150,384153,3,9
384141,384151,384153,2,10
384141,384151,384153,2,10
384141,384151,384153,2,10
384141,384151,384153,2,10
384141,384151,384153,2,10
384141,384150,384153,3,9
384141,384150,384153,3,9
384141,384149,384153,4,8
384141,384150,384153,3,9
384141,384150,384153,3,9
384141,384151,384153,2,10
384141,384150,384153,3,9
384141,384151,384153,2,10
384141,384151,384153,2,10
384141,384150,384153,3,9
384141,384151,384153,2,10
384141,384151,384153,2,10
384141,384150,384153,3,9
384141,384151,384153,2,10
384158,384158,384161,3,0
384158,384158,384162,4,0
384158,384158,384162,4,0
384158,384158,384162,4,0
384158,384158,384161,3,0
384158,384158,384161,3,0
384158,384158,384161,3,0
384158,384158,384161,3,0
384158,384158,384162,4,0
384158,384158,384161,3,0
384158,384158,384161,3,0
384158,384158,384161,3,0
384158,384158,384162,4,0
384158,384158,384162,4,0
384158,384158,384161,3,0
384158,384158,384161,3,0
384158,384158,384161,3,0
384158,384158,384161,3,0
384158,384158,384162,4,0
384158,384158,384162,4,0
384158,384158,384162,4,0
384158,384158,384161,3,0
384158,384158,384162,4,0
384158,384158,384162,4,0
384158,384158,384162,4,0
384158,384158,384161,3,0
384158,384158,384161,3,0
384158,384158,384162,4,0
384158,384158,384162,4,0
384158,384158,384162,4,0
384158,384158,384161,3,0
384158,384158,384161,3,0
384158,384158,384161,3,0
384158,384158,384162,4,0
384158,384158,384161,3,0
384158,384158,384162,4,0
384158,384158,384162,4,0
384158,384158,384162,4,0
384158,384158,384162,4,0
384158,384158,384163,5,0
384158,384158,384163,5,0
384158,384158,384163,5,0
384158,384158,384162,4,0
384158,384158,384163,5,0
384158,384158,384163,5,0
384158,384158,384162,4,0
384158,384158,384162,4,0
384158,384158,384162,4,0
384158,384158,384163,5,0
384158,384158,384162,4,0
384158,384158,384163,5,0
384158,384158,384163,5,0
384158,384158,384162,4,0
384158,384158,384163,5,0
384158,384158,384162,4,0
384158,384158,384162,4,0
384158,384158,384163,5,0
384158,384158,384163,5,0
384158,384158,384163,5,0
384158,384158,384162,4,0
384158,384158,384163,5,0
384158,384158,384163,5,0
384158,384158,384163,5,0
384158,384158,384163,5,0
384158,384158,384163,5,0
384158,384158,384163,5,0
384158,384158,384163,5,0
384158,384158,384163,5,0
384158,384158,384163,5,0
384158,384158,384163,5,0
384158,384158,384163,5,0
384158,384158,384163,5,0
384158,384158,384163,5,0
384158,384158,384163,5,0
384158,384158,384163,5,0
384158,384158,384163,5,0
384158,384158,384163,5,0
384158,384158,384163,5,0
384158,384158,384163,5,0
384158,384158,384163,5,0
384158,384162,384165,3,4
384158,384162,384165,3,4
384158,384162,384165,3,4
384158,384162,384165,3,4
384158,384162,384165,3,4
384158,384162,384165,3,4
384158,384162,384165,3,4
384158,384162,384166,4,4
384158,384162,384166,4,4
384158,384163,384166,3,5
384158,384163,384166,3,5
384158,384162,384165,3,4
384158,384162,384166,4,4
384158,384162,384166,4,4
384158,384162,384166,4,4
384158,384162,384166,4,4
384158,384162,384165,3,4
384158,384162,384166,4,4
384158,384162,384166,4,4
384158,384162,384166,4,4
384158,384162,384166,4,4
384158,384162,384166,4,4
384158,384162,384166,4,4
384158,384162,384166,4,4
384158,384162,384166,4,4
384158,384162,384165,3,4
384158,384163,384166,3,5
384158,384163,384166,3,5
384158,384162,384166,4,4
384158,384162,384166,4,4
384158,384162,384166,4,4
384158,384162,384166,4,4
384158,384163,384166,3,5
384158,384162,384166,4,4
384158,384162,384166,4,4
384158,384162,384166,4,4
384158,384162,384166,4,4
384158,384162,384166,4,4
384158,384162,384166,4,4
384158,384162,384166,4,4
384158,384163,384166,3,5
384158,384163,384167,4,5
384158,384162,384166,4,4
384158,384162,384166,4,4
384158,384164,384167,3,6
384158,384164,384167,3,6
384158,384163,384167,4,5
384158,384163,384167,4,5
384158,384164,384167,3,6
384158,384164,384167,3,6
384158,384163,384167,4,5
384158,384163,384167,4,5
384158,384164,384167,3,6
384158,384164,384168,4,6
384158,384163,384167,4,5
384158,384163,384167,4,5
384158,384164,384167,3,6
384158,384164,384167,3,6
384158,384163,384167,4,5
384158,384163,384167,4,5
384158,384163,384167,4,5
384158,384164,384167,3,6
384158,384164,384167,3,6
384158,384164,384167,3,6
384158,384164,384167,3,6
384158,384164,384167,3,6
384158,384163,384167,4,5
384158,384163,384167,4,5
384158,384163,384167,4,5
384158,384163,384167,4,5
384158,384164,384168,4,6
384158,384164,384168,4,6
384158,384164,384167,3,6
384158,384163,384167,4,5
384158,384163,384167,4,5
384158,384163,384167,4,5
384158,384164,384168,4,6
384158,384164,384168,4,6
384158,384165,384168,3,7
384158,384164,384168,4,6
384158,384164,384168,4,6
384158,384165,384168,3,7
384158,384165,384168,3,7
384158,384165,384168,3,7
384158,384165,384168,3,7
384158,384166,384168,2,8
384158,384166,384168,2,8
384158,384166,384169,3,8
384158,384166,384169,3,8
384158,384167,384169,2,9
384158,384167,384169,2,9
384158,384167,384170,3,9
384158,384167,384170,3,9
384158,384167,384169,2,9
384158,384167,384170,3,9
384158,384167,384170,3,9
384158,384167,384170,3,9
384158,384167,384170,3,9
384158,384167,384170,3,9
384158,384167,384170,3,9
384158,384167,384170,3,9
384158,384167,384170,3,9
384158,384167,384170,3,9
384158,384167,384170,3,9
384158,384167,384170,3,9
384158,384167,384170,3,9
384158,384167,384170,3,9
384158,384167,384170,3,9
384158,384167,384170,3,9
384158,384167,384170,3,9
384158,384167,384170,3,9
384158,384167,384170,3,9
384158,384167,384170,3,9
384158,384167,384170,3,9
384158,384167,384170,3,9
384158,384167,384170,3,9
384158,384167,384170,3,9
384158,384167,384170,3,9
384158,384167,384170,3,9
384158,384167,384170,3,9
384175,384175,384179,4,0
384175,384175,384179,4,0
384175,384175,384179,4,0
384175,384175,384179,4,0
384175,384175,384179,4,0
384175,384175,384179,4,0
384175,384175,384179,4,0
384175,384175,384179,4,0
384175,384175,384179,4,0
384175,384175,384179,4,0
384175,384175,384179,4,0
384175,384175,384179,4,0
384175,384175,384179,4,0
384175,384175,384179,4,0
384175,384175,384179,4,0
384175,384175,384179,4,0
384175,384175,384179,4,0
384175,384175,384179,4,0
384175,384175,384179,4,0
384175,384175,384179,4,0
384175,384175,384179,4,0
384175,384175,384179,4,0
384175,384175,384179,4,0
384175,384175,384179,4,0
384175,384175,384179,4,0
384175,384175,384179,4,0
384175,384175,384179,4,0
384175,384175,384179,4,0
384175,384175,384179,4,0
384175,384175,384179,4,0
384175,384175,384179,4,0
384175,384175,384179,4,0
384175,384175,384179,4,0
384175,384175,384179,4,0
384175,384175,384180,5,0
384175,384175,384180,5,0
384175,384175,384179,4,0
384175,384175,384180,5,0
384175,384175,384180,5,0
384175,384175,384180,5,0
384175,384175,384179,4,0
384175,384175,384179,4,0
384175,384175,384180,5,0
384175,384175,384180,5,0
384175,384175,384180,5,0
384175,384175,384180,5,0
384175,384175,384180,5,0
384175,384175,384179,4,0
384175,384175,384179,4,0
384175,384175,384180,5,0
384175,384175,384180,5,0
384175,384175,384180,5,0
384175,384175,384179,4,0
384175,384175,384180,5,0
384175,384175,384180,5,0
384175,384175,384180,5,0
384175,384175,384180,5,0
384175,384175,384180,5,0
384175,384175,384180,5,0
384175,384175,384179,4,0
384175,384175,384180,5,0
384175,384175,384180,5,0
384175,384175,384180,5,0
384175,384175,384180,5,0
384175,384175,384179,4,0
384175,384175,384180,5,0
384175,384175,384180,5,0
384175,384175,384180,5,0
384175,384175,384180,5,0
384175,384175,384180,5,0
384175,384175,384180,5,0
384175,384175,384180,5,0
384175,384175,384180,5,0
384175,384175,384180,5,0
384175,384175,384180,5,0
384175,384175,384180,5,0
384175,384175,384180,5,0
384175,384175,384180,5,0
384175,384175,384180,5,0
384175,384175,384181,6,0
384175,384179,384182,3,4
384175,384179,384183,4,4
384175,384179,384183,4,4
384175,384179,384183,4,4
384175,384179,384183,4,4
384175,384179,384183,4,4
384175,384179,384183,4,4
384175,384179,384183,4,4
384175,384179,384183,4,4
384175,384179,384183,4,4
384175,384179,384183,4,4
384175,384181,384184,3,6
384175,384179,384183,4,4
384175,384179,384183,4,4
384175,384181,384184,3,6
384175,384179,384183,4,4
384175,384179,384183,4,4
384175,384179,384183,4,4
384175,384179,384183,4,4
384175,384179,384183,4,4
384175,384179,384183,4,4
384175,384179,384183,4,4
384175,384179,384183,4,4
384175,384179,384183,4,4
384175,384180,384183,3,5
384175,384179,384183,4,4
384175,384179,384183,4,4
384175,384179,384183,4,4
384175,384179,384183,4,4
384175,384181,384184,3,6
384175,384179,384183,4,4
384175,384179,384183,4,4
384175,384179,384183,4,4
384175,384179,384183,4,4
384175,384181,384184,3,6
384175,384181,384185,4,6
384175,384181,384184,3,6
384175,384181,384184,3,6
384175,384181,384184,3,6
384175,384181,384185,4,6
384175,384181,384185,4,6
384175,384181,384184,3,6
384175,384181,384184,3,6
384175,384181,384185,4,6
384175,384181,384184,3,6
384175,384181,384184,3,6
384175,384181,384184,3,6
384175,384181,384184,3,6
384175,384181,384184,3,6
384175,384181,384184,3,6
384175,384181,384184,3,6
384175,384181,384184,3,6
384175,384181,384184,3,6
384175,384181,384185,4,6
384175,384181,384185,4,6
384175,384181,384185,4,6
384175,384181,384185,4,6
384175,384181,384185,4,6
384175,384181,384185,4,6
384175,384181,384185,4,6
384175,384181,384185,4,6
384175,384181,384185,4,6
384175,384181,384185,4,6
384175,384181,384185,4,6
384175,384181,384185,4,6
384175,384181,384185,4,6
384175,384181,384185,4,6
384175,384181,384185,4,6
384175,384181,384185,4,6
384175,384181,384185,4,6
384175,384181,384185,4,6
384175,384181,384185,4,6
384175,384181,384185,4,6
384175,384181,384185,4,6
384175,384181,384186,5,6
384175,384181,384185,4,6
384175,384181,384185,4,6
384175,384181,384186,5,6
384175,384181,384185,4,6
384175,384183,384186,3,8
384175,384181,384186,5,6
384175,384184,384186,2,9
384175,384184,384187,3,9
384175,384184,384187,3,9
384175,384184,384187,3,9
384175,384184,384187,3,9
384175,384184,384187,3,9
384175,384184,384187,3,9
384175,384184,384187,3,9
384175,384184,384187,3,9
384175,384184,384187,3,9
384175,384184,384187,3,9
384175,384184,384187,3,9
384175,384184,384187,3,9
384175,384184,384187,3,9
384175,384184,384187,3,9
384175,384184,384187,3,9
384175,384184,384187,3,9
384175,384184,384187,3,9
384175,384184,384187,3,9
384175,384184,384187,3,9
384175,384185,384188,3,10
384175,384184,384187,3,9
384175,384184,384187,3,9
384175,384184,384187,3,9
384175,384185,384187,2,10
384175,384184,384187,3,9
384175,384184,384187,3,9
384175,384185,384188,3,10
384175,384185,384188,3,10
384175,384184,384187,3,9
384175,384185,384188,3,10
384175,384185,384187,2,10
384175,384184,384187,3,9
384175,384184,384188,4,9
384175,384184,384187,3,9
384175,384184,384188,4,9
384175,384184,384188,4,9
384175,384184,384188,4,9
384175,384184,384188,4,9
384142,384145,384190,45,3
384188,384191,384194,3,3
384193,384193,384197,4,0
384193,384193,384197,4,0
384193,384193,384197,4,0
384193,384193,384197,4,0
384193,384193,384197,4,0
384193,384193,384197,4,0
384193,384193,384197,4,0
384193,384193,384197,4,0
384193,384193,384197,4,0
384193,384193,384197,4,0
384193,384193,384197,4,0
384193,384193,384197,4,0
384193,384193,384197,4,0
384193,384193,384197,4,0
384193,384193,384197,4,0
384193,384193,384197,4,0
384193,384193,384197,4,0
384193,384193,384197,4,0
384193,384193,384197,4,0
384193,384193,384197,4,0
384193,384193,384197,4,0
384193,384193,384197,4,0
384193,384193,384197,4,0
384193,384193,384197,4,0
384193,384193,384197,4,0
384193,384193,384198,5,0
384193,384193,384197,4,0
384193,384193,384198,5,0
384193,384193,384197,4,0
384193,384193,384197,4,0
384193,384193,384198,5,0
384193,384193,384197,4,0
384193,384193,384198,5,0
384193,384193,384198,5,0
384193,384193,384197,4,0
384193,384193,384197,4,0
384193,384193,384198,5,0
384193,384193,384197,4,0
384193,384193,384197,4,0
384193,384193,384197,4,0
384193,384193,384198,5,0
384193,384193,384198,5,0
384193,384193,384197,4,0
384193,384193,384198,5,0
384193,384193,384198,5,0
384193,384193,384198,5,0
384193,384193,384197,4,0
384193,384193,384197,4,0
384193,384193,384198,5,0
384193,384193,384198,5,0
384193,384193,384197,4,0
384193,384193,384198,5,0
384193,384193,384198,5,0
384193,384193,384199,6,0
384193,384193,384199,6,0
384193,384193,384199,6,0
384193,384193,384199,6,0
384193,384193,384199,6,0
384193,384193,384199,6,0
384193,384193,384198,5,0
384193,384193,384199,6,0
384193,384193,384199,6,0
384193,384193,384199,6,0
384193,384193,384199,6,0
384193,384193,384198,5,0
384193,384193,384199,6,0
384193,384193,384198,5,0
384193,384193,384198,5,0
384193,384193,384199,6,0
384193,384193,384198,5,0
384193,384193,384198,5,0
384193,384193,384199,6,0
384193,384193,384199,6,0
384193,384193,384198,5,0
384193,384193,384199,6,0
384193,384193,384198,5,0
384193,384193,384198,5,0
384193,384193,384198,5,0
384193,384193,384198,5,0
384193,384193,384199,6,0
384193,384197,384200,3,4
384193,384197,384200,3,4
384193,384197,384200,3,4
384193,384197,384200,3,4
384193,384197,384200,3,4
384193,384197,384200,3,4
384193,384197,384200,3,4
384193,384197,384200,3,4
384193,384197,384200,3,4
384193,384197,384200,3,4
384193,384197,384200,3,4
384193,384197,384200,3,4
384193,384197,384200,3,4
384193,384197,384200,3,4
384193,384198,384202,4,5
384193,384198,384202,4,5
384193,384197,384200,3,4
384193,384197,384200,3,4
384193,384197,384200,3,4
384193,384198,384201,3,5
384193,384198,384201,3,5
384193,384198,384202,4,5
384193,384197,384201,4,4
384193,384197,384201,4,4
384193,384198,384202,4,5
384193,384198,384202,4,5
384193,384198,384202,4,5
384193,384198,384202,4,5
384193,384198,384202,4,5
384193,384198,384202,4,5
384193,384198,384201,3,5
384193,384198,384201,3,5
384193,384198,384201,3,5
384193,384198,384201,3,5
384193,384199,384202,3,6
384193,384199,384202,3,6
384193,384198,384201,3,5
384193,384198,384201,3,5
384193,384198,384201,3,5
384193,384198,384201,3,5
384193,384199,384202,3,6
384193,384199,384202,3,6
384193,384198,384201,3,5
384193,384198,384201,3,5
384193,384198,384201,3,5
384193,384199,384202,3,6
384193,384199,384202,3,6
384193,384199,384202,3,6
384193,384199,384202,3,6
384193,384199,384202,3,6
384193,384199,384202,3,6
384193,384198,384201,3,5
384193,384198,384201,3,5
384193,384198,384202,4,5
384193,384198,384202,4,5
384193,384199,384202,3,6
384193,384199,384202,3,6
384193,384199,384202,3,6
384193,384199,384202,3,6
384193,384200,384203,3,7
384193,384198,384202,4,5
384193,384198,384202,4,5
384193,384198,384202,4,5
384193,384199,384202,3,6
384193,384199,384202,3,6
384193,384199,384202,3,6
384193,384200,384203,3,7
384193,384200,384203,3,7
384193,384198,384202,4,5
384193,384198,384202,4,5
384193,384199,384202,3,6
384193,384199,384202,3,6
384193,384199,384202,3,6
384193,384200,384203,3,7
384193,384200,384203,3,7
384193,384199,384203,4,6
384193,384199,384202,3,6
384193,384199,384202,3,6
384193,384200,384203,3,7
384193,384200,384203,3,7
384193,384200,384203,3,7
384193,384199,384202,3,6
384193,384199,384202,3,6
384193,384200,384203,3,7
384193,384200,384204,4,7
384193,384200,384203,3,7
384193,384199,384203,4,6
384193,384199,384203,4,6
384193,384198,384202,4,5
384193,384198,384202,4,5
384193,384198,384202,4,5
384193,384200,384203,3,7
384193,384202,384205,3,9
384193,384202,384205,3,9
384193,384202,384205,3,9
384193,384202,384205,3,9
384193,384202,384205,3,9
384193,384202,384206,4,9
384193,384202,384206,4,9
384193,384202,384206,4,9
384193,384202,384206,4,9
384193,384202,384206,4,9
384193,384202,384206,4,9
384193,384202,384206,4,9
384193,384203,384207,4,10
384193,384204,384207,3,11
384193,384204,384207,3,11
384193,384202,384206,4,9
384193,384202,384206,4,9
384193,384202,384206,4,9
384193,384204,384207,3,11
384193,384204,384208,4,11
384193,384205,384209,4,12
384193,384205,384210,5,12
384193,384205,384209,4,12
384193,384205,384210,5,12
384193,384204,384209,5,11
384193,384205,384210,5,12
384193,384205,384210,5,12
384193,384206,384209,3,13
384224,384224,384228,4,0
384224,384224,384228,4,0
384224,384224,384228,4,0
384224,384224,384229,5,0
384224,384224,384228,4,0
384224,384224,384228,4,0
384224,384224,384228,4,0
384224,384224,384228,4,0
384224,384224,384228,4,0
384224,384224,384228,4,0
384224,384224,384228,4,0
384224,384224,384229,5,0
384224,384224,384228,4,0
384224,384224,384228,4,0
384224,384224,384228,4,0
384224,384224,384228,4,0
384224,384224,384228,4,0
384224,384224,384228,4,0
384224,384224,384228,4,0
384224,384224,384229,5,0
384224,384224,384228,4,0
384224,384225,384229,4,1
384224,384224,384229,5,0
384224,384224,384229,5,0
384224,384224,384229,5,0
384224,384225,384229,4,1
384224,384224,384228,4,0
384224,384224,384228,4,0
384224,384224,384228,4,0
384224,384224,384228,4,0
384224,384225,384229,4,1
384224,384224,384228,4,0
384224,384224,384228,4,0
384224,384224,384228,4,0
384224,384225,384228,3,1
384224,384225,384229,4,1
384224,384225,384229,4,1
384224,384225,384229,4,1
384224,384225,384229,4,1
384224,384224,384229,5,0
384224,384225,384229,4,1
384224,384225,384229,4,1
384224,384224,384229,5,0
384224,384225,384229,4,1
384224,384225,384229,4,1
384224,384225,384229,4,1
384224,384225,384229,4,1
384224,384225,384229,4,1
384224,384225,384229,4,1
384224,384225,384229,4,1
384224,384225,384229,4,1
384224,384225,384229,4,1
384224,384225,384229,4,1
384224,384225,384229,4,1
384224,384225,384229,4,1
384224,384225,384229,4,1
384224,384225,384229,4,1
384224,384225,384229,4,1
384224,384225,384230,5,1
384224,384225,384230,5,1
384224,384225,384230,5,1
384224,384225,384230,5,1
384224,384225,384230,5,1
384224,384225,384230,5,1
384224,384225,384230,5,1
384224,384225,384230,5,1
384224,384225,384230,5,1
384224,384225,384230,5,1
384224,384225,384230,5,1
384224,384225,384230,5,1
384224,384225,384230,5,1
384224,384225,384230,5,1
384224,384225,384230,5,1
384224,384225,384230,5,1
384224,384225,384230,5,1
384224,384225,384230,5,1
384224,384225,384230,5,1
384224,384225,384230,5,1
384224,384225,384230,5,1
384224,384225,384230,5,1
384224,384228,384231,3,4
384224,384229,384231,2,5
384224,384229,384233,4,5
384224,384230,384233,3,6
384224,384230,384233,3,6
384224,384230,384234,4,6
384224,384230,384233,3,6
384224,384230,384234,4,6
384224,384230,384234,4,6
384224,384230,384234,4,6
384224,384230,384234,4,6
384224,384230,384234,4,6
384224,384230,384234,4,6
384224,384230,384234,4,6
384224,384230,384234,4,6
384224,384230,384234,4,6
384224,384230,384234,4,6
384224,384230,384234,4,6
384224,384230,384234,4,6
384224,384230,384234,4,6
384224,384230,384234,4,6
384224,384230,384234,4,6
384224,384230,384234,4,6
384224,384230,384233,3,6
384224,384230,384233,3,6
384224,384230,384233,3,6
384224,384230,384234,4,6
384224,384230,384234,4,6
384224,384230,384234,4,6
384224,384230,384234,4,6
384224,384230,384234,4,6
384224,384230,384234,4,6
384224,384230,384234,4,6
384224,384230,384234,4,6
384224,384230,384234,4,6
384224,384231,384234,3,7
384224,384230,384234,4,6
384224,384230,384234,4,6
384224,384230,384234,4,6
384224,384230,384234,4,6
384224,384230,384234,4,6
384224,384230,384234,4,6
384224,384230,384234,4,6
384224,384230,384234,4,6
384224,384230,384234,4,6
384224,384230,384235,5,6
384224,384230,384234,4,6
384224,384230,384234,4,6
384224,384230,384235,5,6
384224,384230,384234,4,6
384224,384231,384235,4,7
384224,384231,384235,4,7
384224,384230,384234,4,6
384224,384230,384234,4,6
384224,384230,384234,4,6
384224,384230,384234,4,6
384224,384231,384235,4,7
384224,384231,384235,4,7
384224,384230,384235,5,6
384224,384230,384235,5,6
384224,384230,384235,5,6
384224,384230,384235,5,6
384224,384230,384235,5,6
384224,384231,384235,4,7
384224,384231,384235,4,7
384224,384231,384235,4,7
384224,384231,384235,4,7
384224,384231,384235,4,7
384224,384231,384235,4,7
384224,384231,384235,4,7
384224,384231,384235,4,7
384224,384231,384235,4,7
384224,384231,384235,4,7
384224,384231,384235,4,7
384224,384232,384236,4,8
384224,384232,384236,4,8
384224,384231,384235,4,7
384224,384231,384235,4,7
384224,384231,384235,4,7
384224,384231,384235,4,7
384224,384231,384235,4,7
384224,384231,384235,4,7
384224,384234,384236,2,10
384224,384234,384237,3,10
384224,384234,384237,3,10
384224,384234,384237,3,10
384224,384234,384237,3,10
384224,384234,384237,3,10
384224,384234,384237,3,10
384224,384235,384237,2,11
384224,384235,384238,3,11
384224,384235,384238,3,11
384224,384235,384238,3,11
384224,384235,384238,3,11
384224,384235,384238,3,11
384224,384235,384237,2,11
384224,384235,384238,3,11
384224,384235,384238,3,11
384224,384235,384238,3,11
384224,384235,384238,3,11
384224,384235,384238,3,11
384224,384235,384238,3,11
384224,384235,384238,3,11
384224,384235,384238,3,11
384224,384235,384238,3,11
384224,384235,384238,3,11
384224,384235,384238,3,11
384224,384235,384238,3,11
384224,384235,384238,3,11
384224,384235,384238,3,11
384224,384235,384238,3,11
384224,384235,384239,4,11
384224,384235,384238,3,11
384224,384235,384238,3,11
384224,384235,384238,3,11
384224,384235,384239,4,11
384224,384235,384238,3,11
384224,384235,384238,3,11
384224,384235,384238,3,11
384224,384235,384238,3,11
384253,384253,384257,4,0
384253,384253,384257,4,0
384253,384253,384256,3,0
384253,384253,384257,4,0
384253,384253,384257,4,0
384253,384253,384257,4,0
384253,384253,384257,4,0
384253,384253,384257,4,0
384253,384253,384257,4,0
384253,384253,384257,4,0
384253,384253,384257,4,0
384253,384253,384257,4,0
384253,384253,384257,4,0
384253,384253,384257,4,0
384253,384253,384257,4,0
384253,384253,384257,4,0
384253,384253,384257,4,0
384253,384253,384257,4,0
384253,384253,384257,4,0
384253,384253,384257,4,0
384253,384253,384257,4,0
384253,384253,384257,4,0
384253,384253,384257,4,0
384253,384253,384257,4,0
384253,384253,384257,4,0
384253,384253,384257,4,0
384253,384253,384257,4,0
384253,384253,384257,4,0
384253,384253,384257,4,0
384253,384253,384258,5,0
384253,384253,384257,4,0
384253,384253,384258,5,0
384253,384253,384258,5,0
384253,384253,384258,5,0
384253,384253,384257,4,0
384253,384253,384258,5,0
384253,384253,384258,5,0
384253,384253,384258,5,0
384253,384253,384258,5,0
384253,384253,384258,5,0
384253,384253,384258,5,0
384253,384253,384258,5,0
384253,384253,384257,4,0
384253,384253,384258,5,0
384253,384253,384258,5,0
384253,384253,384258,5,0
384253,384253,384257,4,0
384253,384253,384258,5,0
384253,384253,384258,5,0
384253,384253,384258,5,0
384253,384253,384258,5,0
384253,384253,384257,4,0
384253,384253,384257,4,0
384253,384253,384257,4,0
384253,384253,384257,4,0
384253,384253,384258,5,0
384253,384253,384259,6,0
384253,384253,384259,6,0
384253,384253,384259,6,0
384253,384253,384259,6,0
384253,384253,384259,6,0
384253,384253,384259,6,0
384253,384253,384259,6,0
384253,384253,384259,6,0
384253,384253,384258,5,0
384253,384253,384259,6,0
384253,384253,384259,6,0
384253,384253,384259,6,0
384253,384253,384259,6,0
384253,384253,384259,6,0
384253,384253,384258,5,0
384253,384253,384258,5,0
384253,384253,384259,6,0
384253,384253,384258,5,0
384253,384253,384259,6,0
384253,384253,384260,7,0
384253,384257,384260,3,4
384253,384257,384260,3,4
384253,384257,384260,3,4
384253,384257,384260,3,4
384253,384253,384261,8,0
384253,384258,384261,3,5
384253,384258,384261,3,5
384253,384253,384261,8,0
384253,384257,384261,4,4
384253,384257,384261,4,4
384253,384258,384261,3,5
384253,384257,384261,4,4
384253,384257,384261,4,4
384253,384257,384261,4,4
384253,384257,384261,4,4
384253,384257,384261,4,4
384253,384257,384261,4,4
384253,384258,384262,4,5
384253,384253,384261,8,0
384253,384257,384261,4,4
384253,384257,384261,4,4
384253,384257,384261,4,4
384253,384257,384261,4,4
384253,384257,384261,4,4
384253,384258,384261,3,5
384253,384258,384261,3,5
384253,384258,384262,4,5
384253,384257,384261,4,4
384253,384257,384261,4,4
384253,384257,384261,4,4
384253,384258,384262,4,5
384253,384257,384261,4,4
384253,384257,384261,4,4
384253,384257,384261,4,4
384253,384257,384261,4,4
384253,384253,384262,9,0
384253,384258,384262,4,5
384253,384258,384262,4,5
384253,384259,384262,3,6
384253,384258,384262,4,5
384253,384258,384262,4,5
384253,384258,384262,4,5
384253,384258,384262,4,5
384253,384259,384263,4,6
384253,384258,384263,5,5
384253,384258,384262,4,5
384253,384258,384262,4,5
384253,384259,384262,3,6
384253,384259,384262,3,6
384253,384260,384263,3,7
384253,384258,384262,4,5
384253,384258,384262,4,5
384253,384258,384262,4,5
384253,384259,384262,3,6
384253,384258,384262,4,5
384253,384258,384262,4,5
384253,384258,384263,5,5
384253,384259,384262,3,6
384253,384260,384263,3,7
384253,384259,384262,3,6
384253,384259,384263,4,6
384253,384259,384263,4,6
384253,384260,384263,3,7
384253,384260,384264,4,7
384253,384260,384264,4,7
384253,384261,384263,2,8
384253,384261,384263,2,8
384253,384260,384264,4,7
384253,384260,384263,3,7
384253,384260,384263,3,7
384253,384261,384263,2,8
384253,384261,384263,2,8
384253,384260,384264,4,7
384253,384260,384263,3,7
384253,384260,384263,3,7
384253,384261,384264,3,8
384253,384259,384263,4,6
384253,384260,384263,3,7
384253,384261,384263,2,8
384253,384259,384264,5,6
384253,384259,384264,5,6
384253,384261,384264,3,8
384253,384261,384264,3,8
384253,384262,384264,2,9
384253,384262,384264,2,9
384253,384262,384264,2,9
384253,384262,384264,2,9
384253,384262,384264,2,9
384253,384262,384265,3,9
384253,384262,384264,2,9
384253,384262,384264,2,9
384253,384262,384264,2,9
384253,384262,384264,2,9
384253,384262,384265,3,9
384253,384262,384265,3,9
384253,384262,384265,3,9
384253,384262,384265,3,9
384253,384262,384265,3,9
384253,384262,384265,3,9
384253,384262,384264,2,9
384253,384262,384265,3,9
384253,384262,384265,3,9
384253,384260,384264,4,7
384253,384262,384265,3,9
384253,384262,384265,3,9
384253,384262,384265,3,9
384253,384262,384265,3,9
384253,384262,384265,3,9
384253,384262,384265,3,9
384253,384262,384265,3,9
384253,384262,384265,3,9
384253,384262,384265,3,9
384253,384259,384265,6,6
384253,384259,384265,6,6
384253,384259,384265,6,6
384253,384262,384265,3,9
384253,384263,384265,2,10
384253,384263,384265,2,10
384253,384263,384265,2,10
384253,384263,384265,2,10
384253,384263,384266,3,10
384253,384263,384266,3,10
384253,384263,384266,3,10
384253,384263,384266,3,10
384270,384270,384274,4,0
384270,384270,384274,4,0
384270,384270,384274,4,0
384270,384270,384274,4,0
384270,384270,384274,4,0
384270,384270,384274,4,0
384270,384270,384274,4,0
384270,384270,384274,4,0
384270,384270,384274,4,0
384270,384270,384274,4,0
384270,384270,384274,4,0
384270,384270,384274,4,0
384270,384270,384274,4,0
384270,384270,384274,4,0
384270,384270,384274,4,0
384270,384270,384274,4,0
384270,384270,384274,4,0
384270,384270,384274,4,0
384270,384270,384274,4,0
384270,384270,384274,4,0
384270,384270,384274,4,0
384270,384270,384274,4,0
384270,384270,384274,4,0
384270,384270,384274,4,0
384270,384270,384274,4,0
384270,384270,384274,4,0
384270,384270,384274,4,0
384270,384270,384274,4,0
384270,384270,384274,4,0
384270,384270,384274,4,0
384270,384270,384274,4,0
384270,384270,384274,4,0
384270,384270,384274,4,0
384270,384270,384275,5,0
384270,384270,384275,5,0
384270,384270,384274,4,0
384270,384270,384275,5,0
384270,384270,384275,5,0
384270,384270,384275,5,0
384270,384270,384275,5,0
384270,384270,384274,4,0
384270,384270,384275,5,0
384270,384270,384274,4,0
384270,384270,384275,5,0
384270,384270,384274,4,0
384270,384270,384275,5,0
384270,384270,384274,4,0
384270,384270,384274,4,0
384270,384270,384274,4,0
384270,384270,384275,5,0
384270,384270,384275,5,0
384270,384270,384275,5,0
384270,384270,384275,5,0
384270,384270,384275,5,0
384270,384270,384275,5,0
384270,384270,384275,5,0
384270,384270,384275,5,0
384270,384270,384276,6,0
384270,384270,384275,5,0
384270,384270,384275,5,0
384270,384270,384275,5,0
384270,384270,384275,5,0
384270,384270,384276,6,0
384270,384270,384275,5,0
384270,384270,384276,6,0
384270,384270,384276,6,0
384270,384270,384275,5,0
384270,384270,384276,6,0
384270,384270,384276,6,0
384270,384270,384276,6,0
384270,384270,384276,6,0
384270,384270,384276,6,0
384270,384270,384276,6,0
384270,384270,384275,5,0
384270,384270,384275,5,0
384270,384270,384276,6,0
384270,384270,384276,6,0
384270,384270,384276,6,0
384270,384270,384276,6,0
384270,384274,384277,3,4
384270,384274,384277,3,4
384270,384274,384277,3,4
384270,384270,384277,7,0
384270,384274,384277,3,4
384270,384274,384277,3,4
384270,384274,384277,3,4
384270,384274,384278,4,4
384270,384274,384278,4,4
384270,384274,384278,4,4
384270,384274,384278,4,4
384270,384274,384278,4,4
384270,384274,384278,4,4
384270,384274,384278,4,4
384270,384274,384278,4,4
384270,384274,384278,4,4
384270,384274,384278,4,4
384270,384274,384278,4,4
384270,384274,384278,4,4
384270,384274,384278,4,4
384270,384274,384278,4,4
384270,384275,384278,3,5
384270,384275,384279,4,5
384270,384274,384278,4,4
384270,384274,384278,4,4
384270,384274,384279,5,4
384270,384274,384278,4,4
384270,384274,384278,4,4
384270,384274,384278,4,4
384270,384274,384278,4,4
384270,384274,384278,4,4
384270,384275,384278,3,5
384270,384274,384278,4,4
384270,384274,384278,4,4
384270,384274,384278,4,4
384270,384274,384279,5,4
384270,384275,384279,4,5
384270,384275,384279,4,5
384270,384275,384279,4,5
384270,384275,384279,4,5
384270,384275,384279,4,5
384270,384275,384279,4,5
384270,384275,384279,4,5
384270,384277,384280,3,7
384270,384275,384279,4,5
384270,384276,384279,3,6
384270,384277,384280,3,7
384270,384275,384279,4,5
384270,384275,384279,4,5
384270,384275,384279,4,5
384270,384275,384279,4,5
384270,384277,384280,3,7
384270,384275,384279,4,5
384270,384277,384280,3,7
384270,384275,384279,4,5
384270,384275,384279,4,5
384270,384277,384280,3,7
384270,384277,384280,3,7
384270,384275,384279,4,5
384270,384275,384279,4,5
384270,384277,384280,3,7
384270,384276,384279,3,6
384270,384276,384279,3,6
384270,384276,384279,3,6
384270,384277,384280,3,7
384270,384276,384279,3,6
384270,384276,384279,3,6
384270,384277,384280,3,7
384270,384277,384280,3,7
384270,384277,384280,3,7
384270,384278,384280,2,8
384270,384277,384280,3,7
384270,384277,384280,3,7
384270,384278,384280,2,8
384270,384277,384280,3,7
384270,384277,384281,4,7
384270,384277,384280,3,7
384270,384277,384281,4,7
384270,384277,384280,3,7
384270,384278,384280,2,8
384270,384277,384281,4,7
384270,384278,384280,2,8
384270,384278,384281,3,8
384270,384277,384280,3,7
384270,384277,384280,3,7
384270,384278,384280,2,8
384270,384278,384281,3,8
384270,384279,384281,2,9
384270,384279,384281,2,9
384270,384279,384281,2,9
384270,384279,384281,2,9
384270,384279,384282,3,9
384270,384279,384282,3,9
384270,384279,384281,2,9
384270,384279,384282,3,9
384270,384279,384282,3,9
384270,384279,384282,3,9
384270,384279,384282,3,9
384270,384279,384282,3,9
384270,384279,384282,3,9
384270,384279,384282,3,9
384270,384279,384282,3,9
384270,384279,384282,3,9
384270,384279,384282,3,9
384270,384279,384282,3,9
384270,384279,384282,3,9
384270,384279,384282,3,9
384270,384279,384282,3,9
384270,384279,384282,3,9
384270,384279,384282,3,9
384270,384279,384283,4,9
384270,384279,384283,4,9
384270,384280,384283,3,10
384270,384280,384284,4,10
384270,384280,384284,4,10
384270,384279,384283,4,9
384270,384279,384283,4,9
384270,384279,384283,4,9
384270,384280,384284,4,10
384270,384280,384284,4,10
384270,384280,384284,4,10
384289,384289,384293,4,0
384289,384289,384293,4,0
384289,384289,384293,4,0
384289,384289,384293,4,0
384289,384289,384293,4,0
384289,384289,384293,4,0
384289,384289,384293,4,0
384289,384289,384292,3,0
384289,384289,384293,4,0
384289,384289,384294,5,0
384289,384289,384294,5,0
384289,384289,384294,5,0
384289,384289,384293,4,0
384289,384289,384293,4,0
384289,384289,384293,4,0
384289,384289,384294,5,0
384289,384289,384294,5,0
384289,384289,384294,5,0
384289,384289,384294,5,0
384289,384289,384294,5,0
384289,384289,384294,5,0
384289,384289,384294,5,0
384289,384289,384294,5,0
384289,384289,384293,4,0
384289,384289,384294,5,0
384289,384289,384294,5,0
384289,384289,384294,5,0
384289,384289,384294,5,0
384289,384289,384294,5,0
384289,384289,384294,5,0
384289,384289,384294,5,0
384289,384289,384294,5,0
384289,384289,384294,5,0
384289,384289,384293,4,0
384289,384289,384293,4,0
384289,384289,384294,5,0
384289,384289,384294,5,0
384289,384289,384294,5,0
384289,384289,384294,5,0
384289,384289,384293,4,0
384289,384289,384294,5,0
384289,384289,384294,5,0
384289,384289,384293,4,0
384289,384289,384293,4,0
384289,384289,384295,6,0
384289,384289,384294,5,0
384289,384289,384294,5,0
384289,384289,384294,5,0
384289,384289,384295,6,0
384289,384289,384295,6,0
384289,384289,384294,5,0
384289,384289,384294,5,0
384289,384289,384295,6,0
384289,384289,384294,5,0
384289,384289,384294,5,0
384289,384289,384294,5,0
384289,384289,384295,6,0
384289,384289,384295,6,0
384289,384289,384295,6,0
384289,384289,384294,5,0
384289,384289,384294,5,0
384289,384289,384294,5,0
384289,384289,384294,5,0
384289,384289,384294,5,0
384289,384289,384294,5,0
384289,384289,384296,7,0
384289,384289,384295,6,0
385110,385111,385115,4,1
385110,385111,385115,4,1
385110,385111,385115,4,1
385110,385111,385115,4,1
385110,385111,385115,4,1
385110,385111,385115,4,1
385110,385111,385115,4,1
385110,385111,385115,4,1
385110,385111,385115,4,1
385110,385111,385115,4,1
385110,385111,385115,4,1
385110,385111,385115,4,1
385110,385111,385115,4,1
385110,385111,385116,5,1
385110,385111,385115,4,1
385110,385111,385115,4,1
385110,385111,385115,4,1
385110,385111,385116,5,1
385110,385111,385116,5,1
385110,385111,385116,5,1
385110,385111,385115,4,1
385110,385111,385116,5,1
385110,385111,385116,5,1
385110,385111,385117,6,1
385110,385111,385116,5,1
385110,385111,385117,6,1
385110,385111,385116,5,1
385110,385111,385117,6,1
385110,385111,385116,5,1
385110,385111,385117,6,1
385110,385111,385116,5,1
385110,385115,385117,2,5
385110,385111,385117,6,1
385110,385111,385118,7,1
385110,385111,385118,7,1
385110,385111,385117,6,1
385110,385111,385117,6,1
385110,385111,385118,7,1
385110,385111,385117,6,1
385110,385111,385117,6,1
385110,385111,385118,7,1
385110,385111,385117,6,1
385110,385111,385117,6,1
385110,385111,385117,6,1
385110,385111,385118,7,1
385110,385111,385117,6,1
385110,385111,385117,6,1
385110,385117,385118,1,7
385110,385115,385118,3,5
385110,385116,385118,2,6
385110,385116,385118,2,6
385110,385111,385118,7,1
385110,385111,385118,7,1
385110,385111,385119,8,1
385110,385111,385118,7,1
385110,385111,385118,7,1
385110,385111,385119,8,1
385110,385111,385118,7,1
385110,385111,385118,7,1
385110,385117,385118,1,7
385110,385111,385118,7,1
385110,385111,385118,7,1
385110,385111,385119,8,1
385110,385111,385119,8,1
385110,385118,385120,2,8
385110,385111,385119,8,1
385110,385111,385120,9,1
385110,385111,385120,9,1
385110,385118,385120,2,8
385110,385111,385119,8,1
385110,385111,385120,9,1
385110,385111,385119,8,1
385110,385118,385120,2,8
385110,385111,385121,10,1
385110,385111,385121,10,1
385110,385111,385120,9,1
385110,385116,385121,5,6
385110,385119,385120,1,9
385110,385119,385121,2,9
385110,385118,385121,3,8
385110,385116,385121,5,6
385110,385111,385121,10,1
385110,385118,385121,3,8
385110,385119,385121,2,9
385110,385111,385121,10,1
385110,385111,385121,10,1
385110,385118,385122,4,8
385110,385119,385122,3,9
385110,385116,385122,6,6
385110,385120,385123,3,10
385110,385115,385123,8,5
385110,385111,385122,11,1
385110,385118,385122,4,8
385110,385117,385123,6,7
385110,385118,385122,4,8
385110,385115,385122,7,5
385110,385120,385123,3,10
385110,385120,385123,3,10
385110,385120,385123,3,10
385110,385118,385123,5,8
385110,385111,385123,12,1
385110,385118,385123,5,8
385110,385111,385123,12,1
385110,385121,385124,3,11
385110,385122,385124,2,12
385110,385120,385123,3,10
385110,385118,385124,6,8
385110,385119,385123,4,9
385110,385121,385124,3,11
385110,385121,385124,3,11
385110,385122,385124,2,12
385110,385116,385125,9,6
385110,385117,385124,7,7
385110,385122,385124,2,12
385110,385111,385124,13,1
385110,385111,385125,14,1
385110,385119,385124,5,9
385110,385123,385125,2,13
385110,385119,385125,6,9
385110,385121,385124,3,11
385110,385116,385125,9,6
385110,385119,385124,5,9
385110,385119,385125,6,9
385110,385120,385124,4,10
385110,385122,385125,3,12
385110,385118,385126,8,8
385110,385122,385126,4,12
385110,385121,385125,4,11
385110,385124,385126,2,14
385110,385117,385126,9,7
385110,385111,385126,15,1
385110,385118,385126,8,8
385110,385121,385125,4,11
385110,385122,385126,4,12
385110,385124,385126,2,14
385110,385119,385126,7,9
385110,385115,385126,11,5
385110,385123,385126,3,13
385110,385111,385127,16,1
385110,385118,385126,8,8
385110,385124,385126,2,14
385110,385115,385126,11,5
385110,385120,385127,7,10
385110,385121,385126,5,11
385110,385119,385127,8,9
385110,385124,385127,3,14
385110,385126,385127,1,16
385110,385122,385127,5,12
385110,385120,385127,7,10
385110,385122,385127,5,12
385110,385125,385127,2,15
385110,385116,385127,11,6
385110,385118,385128,10,8
385110,385119,385127,8,9
385110,385125,385127,2,15
385110,385115,385127,12,5
385110,385125,385127,2,15
385110,385118,385128,10,8
385110,385123,385128,5,13
385110,385125,385127,2,15
385110,385119,385127,8,9
385110,385111,385128,17,1
385110,385121,385128,7,11
385110,385122,385128,6,12
385110,385123,385129,6,13
385110,385116,385128,12,6
385110,385118,385129,11,8
385110,385119,385128,9,9
385110,385123,385129,6,13
385110,385111,385129,18,1
385110,385125,385129,4,15
385110,385124,385129,5,14
385110,385125,385129,4,15
385110,385126,385130,4,16
385110,385124,385129,5,14
385110,385124,385129,5,14
385110,385111,385129,18,1
385110,385117,385129,12,7
385110,385122,385130,8,12
385110,385123,385130,7,13
385110,385118,385130,12,8
385110,385116,385130,14,6
385110,385115,385131,16,5
385110,385123,385131,8,13
385110,385123,385130,7,13
385110,385122,385131,9,12
385110,385125,385131,6,15
385110,385125,385132,7,15
385110,385122,385132,10,12
385110,385124,385132,8,14
385110,385125,385133,8,15
385110,385124,385133,9,14
385110,385120,385133,13,10
385110,385123,385135,12,13
385110,385123,385134,11,13
385110,385123,385135,12,13
385110,385120,385135,15,10
385110,385119,385136,17,9
385110,385123,385138,15,13
385110,385124,385139,15,14
385156,385156,385159,3,0
385156,385156,385159,3,0
385156,385156,385159,3,0
385156,385156,385159,3,0
385156,385156,385159,3,0
385156,385156,385159,3,0
385156,385156,385159,3,0
385156,385156,385159,3,0
385156,385156,385160,4,0
385156,385156,385160,4,0
385156,385156,385160,4,0
385156,385156,385160,4,0
385156,385156,385160,4,0
385156,385156,385160,4,0
385156,385156,385160,4,0
385156,385156,385161,5,0
385156,385156,385160,4,0
385156,385156,385160,4,0
385156,385156,385161,5,0
385156,385156,385160,4,0
385156,385156,385160,4,0
385156,385156,385161,5,0
385156,385156,385161,5,0
385156,385156,385161,5,0
385156,385156,385161,5,0
385156,385156,385161,5,0
385156,385156,385161,5,0
385156,385156,385162,6,0
385156,385156,385162,6,0
385156,385156,385162,6,0
385156,385156,385162,6,0
385156,385156,385161,5,0
385156,385160,385161,1,4
385156,385160,385162,2,4
385156,385156,385162,6,0
385156,385156,385162,6,0
385156,385156,385162,6,0
385156,385156,385162,6,0
385156,385156,385162,6,0
385156,385156,385162,6,0
385156,385156,385162,6,0
385156,385156,385163,7,0
385156,385156,385162,6,0
385156,385156,385162,6,0
385156,385156,385163,7,0
385156,385156,385162,6,0
385156,385160,385162,2,4
385156,385160,385163,3,4
385156,385160,385162,2,4
385156,385156,385162,6,0
385156,385161,385163,2,5
385156,385156,385163,7,0
385156,385160,385163,3,4
385156,385156,385163,7,0
385156,385163,385164,1,7
385156,385156,385163,7,0
385156,385156,385164,8,0
385156,385156,385163,7,0
385156,385162,385164,2,6
385156,385156,385164,8,0
385156,385156,385163,7,0
385156,385156,385164,8,0
385156,385156,385164,8,0
385156,385156,385164,8,0
385156,385163,385165,2,7
385156,385156,385165,9,0
385156,385160,385164,4,4
385156,385163,385164,1,7
385156,385161,385165,4,5
385156,385156,385164,8,0
385156,385156,385164,8,0
385156,385161,385164,3,5
385156,385161,385165,4,5
385156,385156,385165,9,0
385156,385156,385165,9,0
385156,385156,385166,10,0
385156,385163,385165,2,7
385156,385157,385165,8,1
385156,385164,385165,1,8
385156,385156,385165,9,0
385156,385156,385166,10,0
385156,385156,385166,10,0
385156,385156,385166,10,0
385156,385162,385166,4,6
385156,385161,385166,5,5
385156,385156,385166,10,0
385156,385163,385166,3,7
385156,385163,385166,3,7
385156,385165,385167,2,9
385156,385161,385166,5,5
385156,385162,385166,4,6
385156,385163,385167,4,7
385156,385161,385166,5,5
385156,385163,385167,4,7
385156,385161,385166,5,5
385156,385161,385167,6,5
385156,385164,385167,3,8
385156,385165,385167,2,9
385156,385165,385167,2,9
385156,385162,385167,5,6
385156,385163,385167,4,7
385156,385156,385167,11,0
385156,385165,385167,2,9
385156,385164,385168,4,8
385156,385156,385167,11,0
385156,385162,385168,6,6
385156,385164,385168,4,8
385156,385156,385169,13,0
385156,385161,385168,7,5
385156,385162,385168,6,6
385156,385162,385168,6,6
385156,385156,385169,13,0
385156,385163,385169,6,7
385156,385156,385168,12,0
385156,385162,385169,7,6
385156,385163,385169,6,7
385156,385167,385169,2,11
385156,385166,385169,3,10
385156,385167,385170,3,11
385156,385162,385169,7,6
385156,385156,385170,14,0
385156,385163,385169,6,7
385156,385166,385170,4,10
385156,385168,385170,2,12
385156,385156,385170,14,0
385156,385163,385169,6,7
385156,385164,385169,5,8
385156,385167,385170,3,11
385156,385156,385170,14,0
385156,385168,385170,2,12
385156,385169,385170,1,13
385156,385168,385170,2,12
385156,385156,385171,15,0
385156,385163,385171,8,7
385156,385160,385170,10,4
385156,385156,385171,15,0
385156,385161,385171,10,5
385156,385163,385172,9,7
385156,385166,385172,6,10
385156,385156,385171,15,0
385156,385168,385171,3,12
385156,385167,385171,4,11
385156,385167,385171,4,11
385156,385170,385172,2,14
385156,385170,385171,1,14
385156,385167,385172,5,11
385156,385156,385172,16,0
385156,385168,385172,4,12
385156,385167,385172,5,11
385156,385167,385171,4,11
385156,385168,385172,4,12
385156,385163,385172,9,7
385156,385166,385172,6,10
385156,385167,385173,6,11
385156,385168,385172,4,12
385156,385168,385172,4,12
385156,385168,385172,4,12
385156,385167,385172,5,11
385156,385168,385173,5,12
385156,385169,385173,4,13
385156,385169,385172,3,13
385156,385156,385173,17,0
385156,385168,385173,5,12
385156,385169,385173,4,13
385156,385165,385173,8,9
385156,385168,385173,5,12
385156,385166,385173,7,10
385156,385165,385174,9,9
385156,385166,385173,7,10
385156,385161,385174,13,5
385156,385170,385174,4,14
385156,385165,385174,9,9
385156,385165,385174,9,9
385156,385168,385174,6,12
385156,385169,385173,4,13
385156,385169,385174,5,13
385156,385167,385174,7,11
385156,385167,385174,7,11
385156,385168,385175,7,12
385156,385167,385176,9,11
385156,385170,385175,5,14
385156,385170,385175,5,14
385156,385162,385176,14,6
385156,385166,385176,10,10
385156,385162,385177,15,6
385156,385166,385176,10,10
385156,385161,385177,16,5
385156,385164,385177,13,8
385156,385166,385177,11,10
385156,385162,385177,15,6
385156,385165,385177,12,9
385156,385162,385177,15,6
385156,385164,385177,13,8
385156,385169,385179,10,13
385156,385165,385179,14,9
385156,385169,385179,10,13
385156,385164,385180,16,8
385156,385166,385180,14,10
385156,385165,385180,15,9
385156,385165,385180,15,9
385198,385198,385201,3,0
385198,385198,385201,3,0
385198,385198,385201,3,0
385198,385198,385201,3,0
385198,385198,385201,3,0
385198,385198,385201,3,0
385198,385198,385202,4,0
385198,385198,385202,4,0
385198,385198,385201,3,0
385198,385198,385201,3,0
385198,385198,385201,3,0
385198,385198,385202,4,0
385198,385198,385202,4,0
385198,385198,385202,4,0
385198,385198,385203,5,0
385198,385198,385202,4,0
385198,385198,385202,4,0
385198,385198,385202,4,0
385198,385198,385202,4,0
385198,385198,385202,4,0
385198,385199,385203,4,1
385198,385198,385203,5,0
385198,385198,385202,4,0
385198,385199,385203,4,1
385198,385198,385203,5,0
385198,385198,385203,5,0
385198,385198,385203,5,0
385198,385198,385203,5,0
385198,385198,385203,5,0
385198,385198,385203,5,0
385198,385198,385203,5,0
385198,385199,385203,4,1
385198,385198,385204,6,0
385198,385198,385203,5,0
385198,385199,385204,5,1
385198,385198,385203,5,0
385198,385199,385203,4,1
385198,385198,385204,6,0
385198,385201,385205,4,3
385198,385198,385204,6,0
385198,385198,385205,7,0
385198,385198,385204,6,0
385198,385198,385205,7,0
385198,385198,385205,7,0
385198,385198,385205,7,0
385198,385199,385205,6,1
385198,385203,385205,2,5
385198,385198,385205,7,0
385198,385198,385206,8,0
385198,385198,385206,8,0
385198,385203,385206,3,5
385198,385198,385206,8,0
385198,385202,385205,3,4
385198,385203,385206,3,5
385198,385202,385206,4,4
385198,385198,385206,8,0
385198,385202,385206,4,4
385198,385198,385206,8,0
385198,385199,385205,6,1
385198,385198,385206,8,0
385198,385198,385205,7,0
385198,385198,385205,7,0
385198,385199,385206,7,1
385198,385203,385206,3,5
385198,385202,385206,4,4
385198,385198,385206,8,0
385198,385205,385207,2,7
385198,385198,385207,9,0
385198,385198,385207,9,0
385198,385198,385207,9,0
385198,385204,385207,3,6
385198,385205,385208,3,7
385198,385203,385208,5,5
385198,385198,385207,9,0
385198,385204,385208,4,6
385198,385198,385208,10,0
385198,385203,385208,5,5
385198,385205,385208,3,7
385198,385202,385209,7,4
385198,385204,385209,5,6
385198,385202,385209,7,4
385198,385207,385208,1,9
385198,385207,385209,2,9
385198,385202,385210,8,4
385198,385199,385210,11,1
385198,385198,385210,12,0
385198,385202,385210,8,4
385198,385203,385209,6,5
385198,385204,385209,5,6
385198,385202,385209,7,4
385198,385198,385210,12,0
385198,385198,385210,12,0
385198,385207,385209,2,9
385198,385198,385210,12,0
385198,385203,385210,7,5
385198,385209,385210,1,11
385198,385205,385211,6,7
385198,385199,385211,12,1
385198,385198,385211,13,0
385198,385203,385210,7,5
385198,385206,385211,5,8
385198,385206,385211,5,8
385198,385198,385210,12,0
385198,385204,385211,7,6
385198,385209,385211,2,11
385198,385205,385211,6,7
385198,385205,385211,6,7
385198,385207,385211,4,9
385198,385198,385211,13,0
385198,385198,385211,13,0
385198,385205,385212,7,7
385198,385198,385211,13,0
385198,385199,385212,13,1
385198,385204,385211,7,6
385198,385209,385212,3,11
385198,385203,385211,8,5
385198,385207,385212,5,9
385198,385206,385212,6,8
385198,385205,385213,8,7
385198,385207,385213,6,9
385198,385198,385212,14,0
385198,385198,385213,15,0
385198,385211,385212,1,13
385198,385207,385213,6,9
385198,385206,385212,6,8
385198,385210,385213,3,12
385198,385211,385212,1,13
385198,385211,385212,1,13
385198,385211,385213,2,13
385198,385207,385213,6,9
385198,385211,385213,2,13
385198,385210,385213,3,12
385198,385205,385213,8,7
385198,385208,385214,6,10
385198,385211,385213,2,13
385198,385211,385214,3,13
385198,385203,385214,11,5
385198,385208,385214,6,10
385198,385212,385214,2,14
385198,385212,385214,2,14
385198,385205,385215,10,7
385198,385210,385214,4,12
385198,385210,385214,4,12
385198,385210,385214,4,12
385198,385207,385214,7,9
385198,385208,385214,6,10
385198,385209,385215,6,11
385198,385203,385214,11,5
385198,385204,385215,11,6
385198,385205,385215,10,7
385198,385206,385214,8,8
385198,385207,385215,8,9
385198,385208,385215,7,10
385198,385207,385215,8,9
385198,385202,385215,13,4
385198,385203,385215,12,5
385198,385198,385215,17,0
385198,385210,385215,5,12
385198,385209,385216,7,11
385198,385213,385216,3,15
385198,385198,385216,18,0
385198,385209,385216,7,11
385198,385212,385216,4,14
385198,385198,385215,17,0
385198,385212,385216,4,14
385198,385212,385216,4,14
385198,385198,385216,18,0
385198,385207,385216,9,9
385198,385208,385216,8,10
385198,385212,385217,5,14
385198,385212,385217,5,14
385198,385213,385217,4,15
385198,385212,385217,5,14
385198,385212,385217,5,14
385198,385204,385217,13,6
385198,385207,385217,10,9
385198,385208,385218,10,10
385198,385210,385217,7,12
385198,385212,385217,5,14
385198,385212,385217,5,14
385198,385209,385217,8,11
385198,385206,385217,11,8
385198,385206,385218,12,8
385198,385212,385218,6,14
385198,385205,385218,13,7
385198,385210,385218,8,12
385198,385212,385218,6,14
385198,385209,385219,10,11
385198,385212,385219,7,14
385198,385213,385219,6,15
385198,385213,385219,6,15
385198,385212,385220,8,14
385198,385207,385220,13,9
385198,385207,385222,15,9
385198,385212,385222,10,14
385198,385208,385223,15,10
385198,385207,385223,16,9
385198,385212,385224,12,14
385198,385209,385224,15,11
385198,385213,385224,11,15
385264,385266,385269,3,2
385264,385267,385270,3,3
385264,385267,385270,3,3
385264,385265,385270,5,1
385264,385267,385271,4,3
385264,385266,385271,5,2
385264,385265,385271,6,1
385264,385267,385271,4,3
385264,385266,385271,5,2
385264,385267,385270,3,3
385264,385267,385270,3,3
385264,385267,385271,4,3
385264,385268,385271,3,4
385264,385267,385272,5,3
385264,385267,385273,6,3
385264,385266,385273,7,2
385264,385267,385273,6,3
385264,385267,385271,4,3
385264,385267,385271,4,3
385264,385267,385272,5,3
385264,385267,385273,6,3
385264,385267,385273,6,3
385264,385268,385274,6,4
385264,385271,385273,2,7
385264,385271,385274,3,7
385264,385271,385274,3,7
385264,385267,385274,7,3
385264,385269,385274,5,5
385264,385269,385273,4,5
385264,385269,385274,5,5
385264,385267,385274,7,3
385264,385268,385274,6,4
385264,385269,385274,5,5
385264,385267,385274,7,3
385264,385268,385275,7,4
385264,385271,385275,4,7
385264,385271,385275,4,7
385264,385267,385274,7,3
385264,385269,385275,6,5
385264,385271,385274,3,7
385264,385271,385275,4,7
385264,385268,385274,6,4
385264,385270,385274,4,6
385264,385271,385274,3,7
385264,385267,385275,8,3
385264,385270,385275,5,6
385264,385266,385276,10,2
385264,385267,385276,9,3
385264,385271,385275,4,7
385264,385269,385276,7,5
385264,385267,385275,8,3
385264,385268,385276,8,4
385264,385271,385276,5,7
385264,385267,385277,10,3
385264,385270,385278,8,6
385264,385269,385277,8,5
385264,385269,385278,9,5
385264,385269,385278,9,5
385264,385269,385278,9,5
385264,385269,385277,8,5
385264,385275,385278,3,11
385264,385269,385278,9,5
385264,385272,385277,5,8
385264,385272,385278,6,8
385264,385272,385278,6,8
385264,385276,385279,3,12
385264,385270,385278,8,6
385264,385276,385278,2,12
385264,385269,385277,8,5
385264,385269,385278,9,5
385264,385276,385279,3,12
385264,385270,385279,9,6
385264,385271,385280,9,7
385264,385276,385281,5,12
385264,385276,385281,5,12
385264,385269,385281,12,5
385264,385268,385280,12,4
385264,385270,385279,9,6
385264,385276,385280,4,12
385264,385268,385280,12,4
385264,385276,385280,4,12
385264,385276,385281,5,12
385264,385269,385280,11,5
385264,385275,385279,4,11
385264,385276,385281,5,12
385264,385275,385281,6,11
385264,385276,385282,6,12
385264,385277,385281,4,13
385264,385271,385282,11,7
385264,385276,385281,5,12
385264,385278,385282,4,14
385264,385278,385283,5,14
385264,385268,385282,14,4
385264,385276,385282,6,12
385264,385276,385283,7,12
385264,385278,385283,5,14
385264,385281,385283,2,17
385264,385271,385284,13,7
385264,385274,385283,9,10
385264,385278,385282,4,14
385264,385269,385284,15,5
385264,385281,385284,3,17
385264,385281,385284,3,17
385264,385267,385284,17,3
385264,385271,385285,14,7
385264,385280,385284,4,16
385264,385280,385285,5,16
385264,385281,385286,5,17
385264,385271,385284,13,7
385264,385276,385285,9,12
385264,385276,385284,8,12
385264,385281,385283,2,17
385264,385281,385287,6,17
385264,385281,385287,6,17
385264,385282,385288,6,18
385264,385276,385286,10,12
385264,385277,385287,10,13
385264,385277,385287,10,13
385264,385281,385285,4,17
385264,385275,385285,10,11
385264,385281,385286,5,17
385264,385281,385285,4,17
385264,385282,385287,5,18
385264,385282,385287,5,18
385264,385283,385287,4,19
385264,385281,385288,7,17
385264,385272,385287,15,8
385264,385269,385285,16,5
385264,385271,385285,14,7
385264,385276,385287,11,12
385264,385281,385286,5,17
385264,385282,385286,4,18
385264,385277,385288,11,13
385264,385277,385288,11,13
385264,385276,385289,13,12
385264,385281,385289,8,17
385264,385281,385289,8,17
385264,385282,385289,7,18
385264,385283,385288,5,19
385264,385269,385286,17,5
385264,385275,385289,14,11
385264,385278,385286,8,14
385264,385281,385286,5,17
385264,385282,385288,6,18
385264,385277,385291,14,13
385264,385282,385290,8,18
385264,385282,385291,9,18
385264,385286,385292,6,22
385264,385282,385291,9,18
385264,385288,385292,4,24
385264,385274,385292,18,10
385264,385276,385292,16,12
385264,385283,385291,8,19
385264,385284,385292,8,20
385264,385288,385293,5,24
385264,385276,385293,17,12
385264,385281,385288,7,17
385264,385287,385292,5,23
385264,385278,385291,13,14
385264,385282,385294,12,18
385264,385287,385293,6,23
385264,385289,385294,5,25
385264,385277,385295,18,13
385264,385289,385293,4,25
385264,385277,385294,17,13
385264,385276,385294,18,12
385264,385287,385294,7,23
385264,385278,385294,16,14
385264,385283,385294,11,19
385264,385281,385294,13,17
385264,385289,385297,8,25
385264,385290,385297,7,26
385264,385291,385297,6,27
385264,385291,385297,6,27
385264,385294,385297,3,30
385264,385290,385300,10,26
385264,385294,385300,6,30
385264,385293,385299,6,29
385264,385291,385300,9,27
385264,385294,385299,5,30
385264,385293,385299,6,29
385264,385290,385300,10,26
385264,385288,385301,13,24
385264,385296,385302,6,32
385264,385295,385304,9,31
385264,385295,385303,8,31
385264,385288,385303,15,24
385264,385295,385303,8,31
385264,385295,385304,9,31
385264,385296,385305,9,32
385264,385298,385304,6,34
385264,385276,385281,5,12
385264,385277,385282,5,13
385264,385279,385282,3,15
385264,385289,385305,16,25
385264,385293,385307,14,29
385264,385296,385308,12,32
385264,385292,385308,16,28
385264,385295,385308,13,31
385264,385296,385309,13,32
385348,385349,385352,3,1
385348,385352,385354,2,4
385348,385350,385354,4,2
385348,385350,385354,4,2
385348,385352,385353,1,4
385348,385350,385354,4,2
385348,385350,385354,4,2
385348,385350,385355,5,2
385348,385351,385354,3,3
385348,385350,385355,5,2
385348,385350,385355,5,2
385348,385351,385355,4,3
385348,385352,385354,2,4
385348,385350,385355,5,2
385348,385350,385355,5,2
385348,385352,385355,3,4
385348,385349,385355,6,1
385348,385350,385355,5,2
385348,385352,385355,3,4
385348,385350,385355,5,2
385348,385350,385355,5,2
385348,385350,385355,5,2
385348,385350,385355,5,2
385348,385350,385355,5,2
385348,385352,385354,2,4
385348,385350,385355,5,2
385348,385352,385355,3,4
385348,385352,385356,4,4
385348,385350,385356,6,2
385348,385352,385356,4,4
385348,385352,385356,4,4
385348,385353,385356,3,5
385348,385350,385356,6,2
385348,385350,385355,5,2
385348,385350,385357,7,2
385348,385350,385355,5,2
385348,385352,385356,4,4
385348,385352,385356,4,4
385348,385352,385356,4,4
385348,385350,385357,7,2
385348,385350,385356,6,2
385348,385352,385356,4,4
385348,385352,385356,4,4
385348,385352,385356,4,4
385348,385350,385357,7,2
385348,385350,385356,6,2
385348,385352,385356,4,4
385348,385354,385357,3,6
385348,385356,385359,3,8
385348,385350,385358,8,2
385348,385350,385360,10,2
385348,385356,385360,4,8
385348,385352,385358,6,4
385348,385350,385360,10,2
385348,385350,385360,10,2
385348,385352,385360,8,4
385348,385350,385359,9,2
385348,385352,385360,8,4
385348,385351,385359,8,3
385348,385352,385359,7,4
385348,385356,385360,4,8
385348,385350,385361,11,2
385348,385356,385361,5,8
385348,385357,385361,4,9
385348,385350,385358,8,2
385348,385349,385358,9,1
385348,385350,385359,9,2
385348,385350,385358,8,2
385348,385356,385360,4,8
385348,385350,385361,11,2
385348,385350,385361,11,2
385348,385350,385360,10,2
385348,385352,385360,8,4
385348,385357,385361,4,9
385348,385352,385362,10,4
385348,385349,385361,12,1
385348,385357,385361,4,9
385348,385357,385361,4,9
385348,385352,385362,10,4
385348,385350,385362,12,2
385348,385350,385363,13,2
385348,385352,385362,10,4
385348,385352,385363,11,4
385348,385357,385365,8,9
385348,385358,385364,6,10
385348,385358,385363,5,10
385348,385361,385364,3,13
385348,385352,385364,12,4
385348,385358,385364,6,10
385348,385360,385364,4,12
385348,385358,385364,6,10
385348,385360,385364,4,12
385348,385361,385365,4,13
385348,385352,385364,12,4
385348,385358,385363,5,10
385348,385362,385365,3,14
385348,385350,385365,15,2
385348,385359,385365,6,11
385348,385361,385365,4,13
385348,385361,385365,4,13
385348,385361,385364,3,13
385348,385362,385365,3,14
385348,385357,385364,7,9
385348,385360,385364,4,12
385348,385360,385365,5,12
385348,385359,385365,6,11
385348,385360,385365,5,12
385348,385360,385365,5,12
385348,385357,385366,9,9
385348,385349,385365,16,1
385348,385359,385366,7,11
385348,385357,385365,8,9
385348,385357,385366,9,9
385348,385358,385365,7,10
385348,385363,385366,3,15
385348,385357,385366,9,9
385348,385364,385367,3,16
385348,385360,385367,7,12
385348,385359,385367,8,11
385348,385360,385367,7,12
385348,385363,385367,4,15
385348,385364,385368,4,16
385348,385352,385368,16,4
385348,385362,385368,6,14
385348,385364,385368,4,16
385348,385364,385367,3,16
385348,385364,385368,4,16
385348,385364,385368,4,16
385348,385350,385367,17,2
385348,385357,385369,12,9
385348,385352,385369,17,4
385348,385362,385368,6,14
385348,385363,385367,4,15
385348,385359,385367,8,11
385348,385364,385367,3,16
385348,385360,385368,8,12
385348,385361,385369,8,13
385348,385366,385370,4,18
385348,385366,385370,4,18
385348,385364,385369,5,16
385348,385364,385370,6,16
385348,385366,385370,4,18
385348,385364,385370,6,16
385348,385365,385369,4,17
385348,385366,385370,4,18
385348,385366,385370,4,18
385348,385362,385371,9,14
385348,385367,385371,4,19
385348,385368,385371,3,20
385348,385363,385370,7,15
385348,385363,385369,6,15
385348,385366,385370,4,18
385348,385366,385369,3,18
385348,385368,385371,3,20
385348,385363,385370,7,15
385348,385363,385372,9,15
385348,385367,385371,4,19
385348,385367,385371,4,19
385348,385368,385371,3,20
385348,385364,385371,7,16
385348,385367,385371,4,19
385348,385367,385371,4,19
385348,385364,385372,8,16
385348,385366,385372,6,18
385348,385367,385372,5,19
385348,385365,385374,9,17
385348,385365,385372,7,17
385348,385367,385373,6,19
385348,385368,385373,5,20
385348,385367,385373,6,19
385348,385357,385373,16,9
385348,385364,385374,10,16
385348,385362,385373,11,14
385348,385363,385373,10,15
385348,385367,385375,8,19
385348,385359,385375,16,11
385348,385363,385374,11,15
385348,385362,385374,12,14
385348,385359,385374,15,11
385348,385363,385375,12,15
385348,385368,385375,7,20
385348,385367,385375,8,19
385348,385367,385376,9,19
385348,385367,385376,9,19
385348,385367,385375,8,19
385348,385364,385376,12,16
385348,385360,385376,16,12
385348,385364,385377,13,16
385348,385366,385378,12,18
385348,385368,385378,10,20
385348,385367,385377,10,19
385348,385368,385378,10,20
385348,385367,385379,12,19
385348,385363,385380,17,15
385348,385367,385380,13,19
385348,385367,385381,14,19
385348,385367,385382,15,19
385348,385368,385382,14,20
385348,385368,385382,14,20
385348,385366,385382,16,18
385388,385388,385389,1,0
385388,385388,385389,1,0
385388,385388,385389,1,0
385388,385388,385389,1,0
385388,385388,385389,1,0
385388,385388,385390,2,0
385388,385388,385390,2,0
385388,385388,385391,3,0
385388,385388,385390,2,0
385388,385388,385391,3,0
385388,385388,385391,3,0
385388,385388,385391,3,0
385388,385388,385391,3,0
385388,385388,385391,3,0
385388,385388,385392,4,0
385388,385388,385391,3,0
385388,385388,385391,3,0
385388,385388,385391,3,0
385388,385388,385391,3,0
385388,385388,385392,4,0
385388,385388,385391,3,0
385388,385388,385391,3,0
385388,385388,385392,4,0
385388,385388,385391,3,0
385388,385388,385391,3,0
385388,385388,385392,4,0
385388,385388,385393,5,0
385388,385388,385392,4,0
385388,385388,385392,4,0
385388,385388,385392,4,0
385388,385388,385392,4,0
385388,385388,385393,5,0
385388,385388,385392,4,0
385388,385388,385392,4,0
385388,385388,385392,4,0
385388,385388,385393,5,0
385388,385388,385392,4,0
385388,385388,385392,4,0
385388,385388,385392,4,0
385388,385388,385393,5,0
385388,385388,385394,6,0
385388,385388,385394,6,0
385388,385388,385394,6,0
385388,385388,385394,6,0
385388,385388,385394,6,0
385388,385388,385395,7,0
385388,385388,385394,6,0
385388,385388,385394,6,0
385388,385388,385395,7,0
385388,385388,385395,7,0
385388,385388,385395,7,0
385388,385388,385395,7,0
385388,385388,385397,9,0
385388,385388,385397,9,0
385388,385388,385397,9,0
385388,385388,385397,9,0
385388,385388,385398,10,0
385388,385388,385399,11,0
385388,385388,385400,12,0
385388,385388,385399,11,0
385388,385388,385400,12,0
385388,385388,385401,13,0
385388,385388,385403,15,0
385388,385388,385404,16,0
384302,384305,385928,1623,3
385926,385930,385946,16,4
386189,386191,386230,39,2
386228,386231,386242,11,3
386345,386348,386581,233,3
386580,386582,386606,24,2
388127,388129,388186,57,2
388184,388187,388195,8,3
388262,388264,388725,461,2
388723,388726,388749,23,3
388741,388751,388786,35,10
388785,388788,388795,7,3
388883,388885,389345,460,2
389343,389346,389369,23,3
389686,389689,390472,783,3
390471,390474,390476,2,3
390511,390514,391031,517,3
391030,391033,391056,23,3
391109,391111,391903,792,2
391902,391904,391906,2,2
391943,391946,392554,608,3
392553,392555,392579,24,2
394699,394702,399067,4365,3
399066,399068,399070,2,2
407069,407069,407231,162,0
408622,408624,408733,109,2
408732,408735,408742,7,3
408777,408780,408795,15,3
408016,408016,408862,846,0
409018,409018,409099,81,0
409156,409158,409192,34,2
409190,409193,409201,8,3
409239,409241,409248,7,2
409776,409776,409843,67,0
409852,409855,409888,33,3
409887,409889,409895,6,2
409946,409948,410023,75,2
410021,410024,410026,2,3
410072,410074,410089,15,2
410087,410090,410111,21,3
410097,410113,410223,110,16
410221,410224,410231,7,3
410274,410276,410285,9,2
410291,410294,410401,107,3
410400,410402,410410,8,2
410449,410452,410466,14,3
410465,410467,410488,21,2
410480,410480,410548,68,0
411074,411074,411142,68,0
411564,411564,411706,142,0
411778,411781,411790,9,3
411825,411825,411899,74,0
411890,411893,411911,18,3
412001,412004,412094,90,3
412092,412095,412102,7,3
412098,412104,412115,11,6
412114,412117,412122,5,3
412399,412402,412473,71,3
412471,412474,412491,17,3
413922,413925,413995,70,3
413993,413996,414013,17,3
416188,416190,420477,4287,2
420476,420478,420480,2,2
420683,420685,426071,5386,2
425983,425986,426082,96,3
426081,426083,426091,8,2
426069,426072,426096,24,3
426151,426152,426161,9,1
426161,426162,426163,1,1
426179,426181,426270,89,2
426268,426270,426278,8,2
426339,426341,426352,11,2
426352,426353,426373,20,1
423734,426071,428035,1964,2337
428767,428769,428857,88,2
428856,428859,428866,7,3
428928,428930,428940,10,2
428940,428942,428962,20,2
429047,429049,429137,88,2
429135,429138,429146,8,3
429208,429209,429222,13,1
429222,429224,429244,20,2
430819,430821,430824,3,2
438304,438307,438346,39,3
438345,438347,438353,6,2
438350,438356,438368,12,6
438801,438803,438842,39,2
438841,438843,438849,6,2
438849,438852,438857,5,3
438857,438859,438864,5,2
438951,438951,440043,1092,0
450674,450676,455216,4540,2
455215,455218,455220,2,3
455427,455429,460811,5382,2
460809,460812,460846,34,3
478651,478651,479377,726,0
479378,479378,479379,1,0
479378,479378,479379,1,0
479378,479378,479379,1,0
479378,479378,479379,1,0
479378,479378,479379,1,0
479378,479378,479379,1,0
479378,479378,479379,1,0
479378,479378,479379,1,0
479378,479378,479379,1,0
479378,479378,479379,1,0
479378,479378,479379,1,0
479378,479378,479379,1,0
479378,479378,479379,1,0
479378,479378,479379,1,0
479378,479378,479379,1,0
479378,479378,479379,1,0
479378,479378,479379,1,0
479378,479378,479379,1,0
479378,479378,479379,1,0
479378,479378,479379,1,0
479378,479378,479379,1,0
479378,479378,479379,1,0
479378,479378,479379,1,0
479378,479378,479379,1,0
479378,479378,479379,1,0
479378,479378,479379,1,0
479378,479378,479379,1,0
479378,479378,479379,1,0
479378,479378,479379,1,0
479378,479378,479379,1,0
479378,479378,479379,1,0
479378,479378,479379,1,0
479378,479378,479379,1,0
479378,479378,479379,1,0
479378,479378,479379,1,0
479378,479378,479379,1,0
479378,479378,479379,1,0
479378,479378,479379,1,0
479378,479378,479379,1,0
479897,479897,480678,781,0
480679,480679,480680,1,0
480679,480679,480680,1,0
480679,480679,480680,1,0
480679,480679,480680,1,0
480679,480679,480680,1,0
480679,480679,480680,1,0
480679,480679,480680,1,0
480679,480679,480680,1,0
480679,480679,480680,1,0
480679,480679,480680,1,0
480679,480679,480680,1,0
480679,480679,480680,1,0
480679,480679,480680,1,0
480679,480679,480680,1,0
480679,480679,480680,1,0
480679,480679,480680,1,0
480679,480679,480680,1,0
480679,480679,480680,1,0
480679,480679,480680,1,0
480679,480679,480680,1,0
480679,480679,480680,1,0
480679,480679,480680,1,0
480679,480679,480680,1,0
480679,480679,480680,1,0
480679,480679,480680,1,0
480679,480679,480680,1,0
480679,480679,480680,1,0
480679,480679,480680,1,0
480679,480679,480680,1,0
480679,480679,480680,1,0
480679,480679,480680,1,0
480679,480679,480680,1,0
480679,480679,480680,1,0
480679,480679,480680,1,0
480679,480679,480680,1,0
480679,480679,480680,1,0
480679,480679,480681,2,0
480679,480679,480680,1,0
480679,480679,480681,2,0
480679,480679,480681,2,0
480679,480679,480680,1,0
480679,480679,480681,2,0
480679,480679,480680,1,0
480679,480679,480680,1,0
480679,480679,480681,2,0
480679,480679,480681,2,0
480679,480679,480681,2,0
480679,480679,480681,2,0
480679,480679,480681,2,0
480679,480679,480680,1,0
480679,480679,480680,1,0
480679,480679,480680,1,0
480679,480679,480681,2,0
480679,480679,480680,1,0
480679,480679,480681,2,0
480679,480679,480681,2,0
480679,480679,480680,1,0
480679,480679,480680,1,0
480679,480679,480680,1,0
480679,480679,480681,2,0
480679,480679,480680,1,0
480679,480679,480680,1,0
480679,480679,480681,2,0
480679,480679,480680,1,0
480679,480679,480681,2,0
480679,480679,480681,2,0
480679,480679,480681,2,0
480679,480679,480681,2,0
480679,480679,480680,1,0
480679,480679,480681,2,0
481921,481921,482019,98,0
481504,481504,482306,802,0
482307,482307,482308,1,0
482307,482307,482308,1,0
482307,482307,482308,1,0
482307,482307,482308,1,0
482307,482307,482308,1,0
482307,482307,482308,1,0
482307,482307,482308,1,0
482307,482307,482308,1,0
482307,482307,482308,1,0
482307,482307,482308,1,0
482307,482307,482308,1,0
482307,482307,482308,1,0
482307,482307,482308,1,0
482307,482307,482308,1,0
482307,482307,482308,1,0
482307,482307,482308,1,0
482307,482307,482308,1,0
482307,482307,482308,1,0
482307,482307,482308,1,0
482307,482307,482308,1,0
482307,482307,482308,1,0
482307,482307,482308,1,0
482307,482307,482308,1,0
482307,482307,482308,1,0
482307,482307,482308,1,0
482307,482307,482308,1,0
482307,482307,482308,1,0
482307,482307,482308,1,0
482307,482307,482308,1,0
482307,482307,482308,1,0
482307,482307,482308,1,0
482307,482307,482308,1,0
482307,482307,482308,1,0
482307,482307,482308,1,0
482307,482307,482308,1,0
482307,482307,482308,1,0
482307,482307,482308,1,0
482307,482307,482308,1,0
482307,482307,482308,1,0
482307,482307,482308,1,0
482307,482307,482308,1,0
482307,482307,482308,1,0
482307,482307,482308,1,0
482307,482307,482308,1,0
482307,482307,482308,1,0
482307,482307,482308,1,0
482307,482307,482309,2,0
482307,482307,482308,1,0
482307,482307,482308,1,0
482307,482307,482308,1,0
482307,482307,482308,1,0
482307,482307,482308,1,0
482307,482307,482308,1,0
482307,482307,482309,2,0
482307,482307,482310,3,0
482307,482307,482310,3,0
482307,482307,482310,3,0
482307,482307,482310,3,0
482307,482307,482310,3,0
482307,482307,482310,3,0
483495,483495,483499,4,0
483577,483577,483581,4,0
483676,483676,483680,4,0
482508,482508,483878,1370,0
483930,483930,483935,5,0
483979,483979,483984,5,0
484132,484132,484137,5,0
484142,484142,484147,5,0
484186,484186,484188,2,0
483554,483554,484325,771,0
484326,484326,484327,1,0
484326,484326,484327,1,0
484326,484326,484327,1,0
484326,484326,484327,1,0
484326,484326,484327,1,0
484326,484326,484327,1,0
484326,484326,484327,1,0
484326,484326,484327,1,0
484326,484326,484327,1,0
484326,484326,484327,1,0
484326,484326,484327,1,0
484326,484326,484327,1,0
484326,484326,484327,1,0
484326,484326,484327,1,0
484326,484326,484327,1,0
484326,484326,484327,1,0
484326,484326,484327,1,0
484326,484326,484327,1,0
484326,484326,484327,1,0
484326,484326,484327,1,0
484326,484326,484327,1,0
484326,484326,484327,1,0
484326,484326,484327,1,0
484326,484326,484327,1,0
484326,484326,484327,1,0
484326,484326,484327,1,0
484326,484326,484327,1,0
484326,484326,484327,1,0
484326,484326,484327,1,0
484326,484326,484327,1,0
484326,484326,484327,1,0
484326,484326,484327,1,0
484326,484326,484328,2,0
484326,484326,484327,1,0
484326,484326,484327,1,0
484326,484326,484327,1,0
484326,484326,484327,1,0
484326,484326,484327,1,0
484326,484326,484327,1,0
484326,484326,484327,1,0
484326,484326,484328,2,0
484326,484326,484328,2,0
484326,484326,484328,2,0
484326,484326,484329,3,0
484326,484326,484329,3,0
484326,484326,484328,2,0
484326,484326,484330,4,0
484326,484326,484331,5,0
484326,484326,484332,6,0
483553,483553,484333,780,0
483558,483558,484342,784,0
484341,484341,484342,1,0
484341,484341,484342,1,0
484341,484341,484342,1,0
484341,484341,484342,1,0
484341,484341,484342,1,0
484341,484341,484342,1,0
484341,484341,484342,1,0
484341,484341,484342,1,0
484341,484341,484342,1,0
484341,484341,484342,1,0
484341,484341,484342,1,0
484341,484341,484342,1,0
484341,484341,484342,1,0
484341,484341,484342,1,0
484341,484341,484342,1,0
484341,484341,484342,1,0
484341,484341,484342,1,0
484341,484341,484342,1,0
484341,484341,484342,1,0
484341,484341,484342,1,0
484341,484341,484342,1,0
484341,484341,484342,1,0
484341,484341,484342,1,0
484341,484341,484342,1,0
484341,484341,484342,1,0
484341,484341,484342,1,0
484341,484341,484342,1,0
484341,484341,484342,1,0
484341,484341,484342,1,0
484341,484341,484342,1,0
484341,484341,484342,1,0
484341,484341,484342,1,0
484341,484341,484342,1,0
484341,484341,484342,1,0
484341,484341,484342,1,0
484341,484341,484342,1,0
484341,484341,484343,2,0
484341,484341,484343,2,0
484341,484341,484343,2,0
484341,484341,484342,1,0
484341,484341,484343,2,0
484341,484341,484343,2,0
484343,484343,484344,1,0
484343,484343,484344,1,0
484343,484343,484344,1,0
484343,484343,484344,1,0
484341,484341,484344,3,0
484343,484343,484344,1,0
484343,484343,484344,1,0
484343,484343,484344,1,0
484343,484343,484344,1,0
484341,484341,484343,2,0
484343,484343,484344,1,0
484343,484343,484344,1,0
484343,484343,484344,1,0
484343,484343,484344,1,0
484343,484343,484344,1,0
484343,484344,484345,1,1
484343,484344,484345,1,1
484343,484343,484344,1,0
484343,484343,484344,1,0
484343,484343,484344,1,0
484343,484343,484344,1,0
484343,484343,484344,1,0
484343,484343,484344,1,0
484341,484341,484344,3,0
484343,484343,484344,1,0
484343,484343,484344,1,0
484343,484343,484344,1,0
484341,484341,484345,4,0
484343,484343,484345,2,0
484343,484343,484345,2,0
484343,484343,484345,2,0
484343,484343,484345,2,0
484343,484343,484345,2,0
484343,484343,484345,2,0
484343,484343,484345,2,0
484343,484343,484345,2,0
484343,484344,484345,1,1
484343,484344,484345,1,1
484341,484341,484345,4,0
484343,484343,484345,2,0
484343,484343,484345,2,0
484343,484344,484345,1,1
484343,484344,484345,1,1
484343,484343,484345,2,0
484343,484344,484345,1,1
484341,484341,484345,4,0
484343,484343,484345,2,0
484343,484344,484345,1,1
484343,484344,484345,1,1
484343,484344,484345,1,1
484343,484344,484345,1,1
484341,484341,484346,5,0
484341,484341,484346,5,0
483556,483556,484368,812,0
484371,484371,484372,1,0
484371,484371,484372,1,0
484371,484371,484372,1,0
484371,484371,484372,1,0
484371,484371,484372,1,0
484371,484371,484372,1,0
484371,484371,484372,1,0
484371,484371,484372,1,0
484371,484371,484372,1,0
484371,484371,484372,1,0
484371,484371,484372,1,0
484371,484371,484372,1,0
484371,484371,484372,1,0
484371,484371,484372,1,0
484371,484371,484372,1,0
484371,484371,484372,1,0
484371,484371,484372,1,0
484371,484371,484372,1,0
484371,484371,484372,1,0
484371,484371,484372,1,0
484371,484371,484372,1,0
484371,484371,484372,1,0
484371,484371,484372,1,0
484371,484371,484372,1,0
484371,484371,484372,1,0
484371,484371,484373,2,0
484371,484371,484373,2,0
484371,484371,484372,1,0
484371,484371,484372,1,0
484371,484371,484372,1,0
484371,484371,484372,1,0
484371,484371,484372,1,0
484371,484371,484372,1,0
484371,484371,484372,1,0
484371,484371,484372,1,0
484371,484371,484372,1,0
484371,484371,484372,1,0
484371,484371,484372,1,0
484371,484371,484372,1,0
484371,484371,484372,1,0
484371,484371,484372,1,0
484371,484371,484372,1,0
484371,484371,484372,1,0
484371,484371,484372,1,0
484371,484371,484372,1,0
484371,484371,484372,1,0
484371,484371,484372,1,0
484371,484371,484372,1,0
484371,484371,484374,3,0
484371,484371,484373,2,0
483533,483533,484378,845,0
484381,484382,484383,1,1
484381,484382,484383,1,1
484381,484382,484383,1,1
484381,484382,484383,1,1
484381,484382,484383,1,1
484381,484382,484383,1,1
484381,484382,484383,1,1
484381,484382,484383,1,1
484381,484382,484383,1,1
484381,484382,484383,1,1
484381,484382,484383,1,1
484381,484382,484383,1,1
484381,484382,484383,1,1
484381,484382,484383,1,1
484381,484382,484383,1,1
484381,484382,484383,1,1
484381,484382,484383,1,1
484381,484382,484383,1,1
484381,484382,484383,1,1
484381,484382,484383,1,1
484381,484382,484383,1,1
484381,484382,484383,1,1
484381,484382,484383,1,1
484381,484382,484383,1,1
484381,484382,484383,1,1
484381,484382,484383,1,1
484381,484382,484383,1,1
484381,484382,484383,1,1
484381,484382,484383,1,1
484381,484382,484383,1,1
484381,484382,484383,1,1
484381,484382,484383,1,1
484381,484382,484383,1,1
484381,484382,484383,1,1
484381,484382,484383,1,1
484381,484382,484383,1,1
484381,484382,484383,1,1
484402,484402,484404,2,0
484381,484408,484409,1,27
484381,484408,484409,1,27
484381,484408,484409,1,27
484381,484408,484409,1,27
484381,484408,484409,1,27
484381,484408,484409,1,27
484381,484408,484409,1,27
483534,483534,484490,956,0
484491,484492,484493,1,1
484491,484492,484493,1,1
484491,484492,484493,1,1
484491,484492,484493,1,1
484491,484492,484493,1,1
484491,484492,484493,1,1
484491,484492,484493,1,1
484491,484492,484493,1,1
484491,484492,484493,1,1
484491,484492,484493,1,1
484491,484492,484493,1,1
484491,484492,484493,1,1
484491,484492,484493,1,1
484491,484492,484493,1,1
484491,484492,484493,1,1
484491,484492,484493,1,1
484491,484492,484493,1,1
484491,484492,484493,1,1
484491,484492,484493,1,1
484491,484492,484493,1,1
484491,484492,484493,1,1
484491,484492,484493,1,1
484491,484492,484493,1,1
484491,484492,484493,1,1
484491,484492,484493,1,1
484491,484492,484493,1,1
484491,484492,484493,1,1
484491,484492,484493,1,1
484491,484492,484493,1,1
484491,484492,484493,1,1
484491,484492,484493,1,1
484491,484492,484493,1,1
484491,484492,484493,1,1
484491,484492,484493,1,1
484491,484492,484493,1,1
484491,484492,484493,1,1
483534,483535,484501,966,1
484503,484503,484504,1,0
484503,484503,484504,1,0
484503,484503,484504,1,0
484503,484503,484504,1,0
484503,484503,484504,1,0
484503,484503,484504,1,0
484503,484503,484504,1,0
484503,484503,484504,1,0
484503,484503,484504,1,0
484503,484503,484504,1,0
484503,484503,484504,1,0
484503,484503,484504,1,0
484503,484503,484504,1,0
484503,484503,484504,1,0
484503,484503,484504,1,0
484503,484503,484504,1,0
484503,484503,484504,1,0
484503,484503,484504,1,0
484503,484503,484504,1,0
484503,484503,484504,1,0
484503,484503,484504,1,0
484503,484503,484504,1,0
484503,484503,484504,1,0
484503,484503,484504,1,0
484503,484503,484504,1,0
484503,484503,484504,1,0
484503,484503,484504,1,0
484503,484503,484504,1,0
484503,484503,484504,1,0
484503,484503,484504,1,0
484503,484503,484504,1,0
484503,484503,484504,1,0
484503,484503,484504,1,0
484503,484503,484504,1,0
484503,484503,484504,1,0
484503,484503,484504,1,0
484503,484503,484504,1,0
484503,484503,484504,1,0
484503,484503,484504,1,0
484503,484503,484504,1,0
484503,484503,484504,1,0
484503,484503,484504,1,0
484503,484503,484504,1,0
484503,484503,484505,2,0
484503,484503,484504,1,0
484503,484503,484504,1,0
484503,484503,484504,1,0
484503,484503,484505,2,0
484503,484503,484504,1,0
484503,484503,484504,1,0
483537,483537,484509,972,0
484513,484513,484514,1,0
484513,484513,484514,1,0
484513,484513,484514,1,0
484513,484513,484514,1,0
484513,484513,484514,1,0
484513,484513,484514,1,0
484513,484513,484514,1,0
484513,484513,484514,1,0
484513,484513,484514,1,0
484513,484513,484514,1,0
484513,484513,484514,1,0
484513,484513,484514,1,0
484513,484513,484514,1,0
484513,484513,484514,1,0
484513,484513,484514,1,0
484513,484513,484514,1,0
484513,484513,484514,1,0
484513,484513,484514,1,0
484513,484513,484514,1,0
484513,484513,484514,1,0
484513,484513,484514,1,0
484513,484513,484514,1,0
484513,484513,484514,1,0
484513,484513,484514,1,0
484513,484513,484514,1,0
484513,484513,484514,1,0
484513,484513,484514,1,0
484513,484513,484514,1,0
484513,484513,484514,1,0
484513,484513,484514,1,0
484513,484513,484514,1,0
484513,484513,484514,1,0
484513,484513,484514,1,0
484513,484513,484514,1,0
484513,484513,484514,1,0
484513,484513,484514,1,0
484513,484513,484514,1,0
484513,484513,484514,1,0
484513,484513,484514,1,0
484513,484513,484514,1,0
484513,484513,484514,1,0
484513,484513,484514,1,0
484513,484513,484514,1,0
484513,484513,484515,2,0
484513,484513,484516,3,0
484513,484513,484515,2,0
484513,484513,484515,2,0
484513,484513,484516,3,0
484513,484513,484516,3,0
484513,484513,484516,3,0
483535,483535,484519,984,0
484524,484524,484525,1,0
484524,484524,484525,1,0
484524,484524,484525,1,0
484524,484524,484525,1,0
484524,484524,484525,1,0
484524,484524,484525,1,0
484524,484524,484525,1,0
484524,484524,484525,1,0
484524,484524,484525,1,0
484524,484524,484525,1,0
484524,484524,484525,1,0
484524,484524,484525,1,0
484524,484524,484525,1,0
484524,484524,484525,1,0
484524,484524,484525,1,0
484524,484524,484525,1,0
484524,484524,484525,1,0
484524,484524,484525,1,0
484524,484524,484525,1,0
484524,484524,484525,1,0
484524,484524,484525,1,0
484524,484524,484525,1,0
484524,484524,484525,1,0
484524,484524,484525,1,0
484524,484524,484525,1,0
484524,484524,484525,1,0
484524,484524,484525,1,0
484524,484524,484525,1,0
484524,484524,484525,1,0
484524,484524,484525,1,0
484524,484524,484525,1,0
484524,484524,484525,1,0
484524,484524,484525,1,0
484524,484524,484525,1,0
484524,484524,484525,1,0
484524,484524,484525,1,0
484524,484524,484525,1,0
484524,484524,484526,2,0
484524,484524,484525,1,0
484524,484524,484525,1,0
484524,484524,484526,2,0
484524,484524,484525,1,0
484524,484524,484526,2,0
484524,484524,484525,1,0
484524,484524,484525,1,0
484524,484524,484525,1,0
484524,484524,484525,1,0
484524,484524,484526,2,0
484524,484524,484526,2,0
484524,484524,484526,2,0
483536,483536,484543,1007,0
484543,484544,484545,1,1
484543,484544,484545,1,1
484543,484544,484545,1,1
484543,484544,484545,1,1
484543,484544,484545,1,1
484543,484544,484545,1,1
484543,484544,484545,1,1
484543,484544,484545,1,1
484543,484544,484545,1,1
484543,484544,484545,1,1
484543,484544,484545,1,1
484543,484544,484545,1,1
484543,484544,484545,1,1
484543,484544,484545,1,1
484543,484544,484545,1,1
484543,484544,484545,1,1
484543,484544,484545,1,1
484543,484544,484545,1,1
484543,484544,484545,1,1
484543,484544,484545,1,1
484543,484544,484545,1,1
484543,484544,484545,1,1
484543,484544,484545,1,1
484543,484544,484545,1,1
484543,484544,484545,1,1
484543,484544,484545,1,1
484543,484544,484545,1,1
484543,484544,484546,2,1
484543,484544,484545,1,1
484543,484544,484546,2,1
484543,484544,484547,3,1
484543,484544,484546,2,1
484543,484544,484547,3,1
484543,484544,484546,2,1
484543,484559,484560,1,16
483543,483543,484644,1101,0
483538,483538,484645,1107,0
483541,483541,484647,1106,0
484647,484647,484648,1,0
484647,484647,484648,1,0
484647,484647,484648,1,0
484647,484647,484648,1,0
484647,484647,484648,1,0
484647,484647,484648,1,0
484647,484647,484648,1,0
484647,484647,484648,1,0
484647,484647,484648,1,0
484647,484647,484648,1,0
484647,484647,484648,1,0
484647,484647,484648,1,0
484647,484647,484648,1,0
484647,484647,484648,1,0
484647,484647,484648,1,0
484647,484647,484648,1,0
484647,484647,484648,1,0
484647,484647,484648,1,0
484647,484647,484648,1,0
484647,484647,484648,1,0
484647,484647,484648,1,0
484647,484647,484648,1,0
484647,484647,484648,1,0
484647,484647,484648,1,0
484647,484647,484648,1,0
484647,484647,484648,1,0
484647,484647,484648,1,0
484647,484647,484648,1,0
484647,484647,484648,1,0
484647,484647,484648,1,0
484647,484647,484648,1,0
484647,484647,484648,1,0
484647,484647,484648,1,0
484647,484647,484648,1,0
484647,484647,484649,2,0
484647,484647,484648,1,0
484647,484647,484648,1,0
484647,484648,484649,1,1
484647,484648,484649,1,1
484647,484647,484648,1,0
484647,484647,484648,1,0
484647,484647,484648,1,0
484647,484647,484648,1,0
484647,484647,484648,1,0
484647,484648,484649,1,1
484647,484648,484649,1,1
484647,484648,484649,1,1
484647,484647,484648,1,0
484647,484647,484648,1,0
484647,484647,484648,1,0
484647,484648,484649,1,1
484647,484648,484649,1,1
484647,484648,484649,1,1
484647,484647,484649,2,0
484647,484647,484648,1,0
484647,484647,484648,1,0
484647,484648,484649,1,1
484647,484648,484649,1,1
484647,484648,484649,1,1
484647,484647,484648,1,0
484647,484647,484648,1,0
484647,484647,484648,1,0
484647,484648,484649,1,1
484647,484648,484649,1,1
484647,484648,484649,1,1
484647,484648,484649,1,1
484647,484647,484648,1,0
484647,484647,484648,1,0
484647,484647,484648,1,0
484647,484648,484649,1,1
484647,484648,484649,1,1
484647,484648,484649,1,1
484647,484647,484648,1,0
484647,484647,484648,1,0
484647,484647,484648,1,0
484647,484648,484649,1,1
484647,484648,484649,1,1
484647,484648,484649,1,1
484647,484647,484650,3,0
484647,484649,484650,1,2
484647,484649,484650,1,2
484647,484649,484650,1,2
484647,484649,484650,1,2
484647,484649,484650,1,2
484647,484649,484650,1,2
484649,484649,484650,1,0
484649,484649,484650,1,0
484649,484649,484650,1,0
484647,484649,484650,1,2
484649,484649,484650,1,0
484649,484649,484650,1,0
484649,484649,484650,1,0
484647,484649,484650,1,2
484647,484649,484650,1,2
484647,484649,484650,1,2
484649,484649,484650,1,0
484649,484649,484650,1,0
484649,484649,484650,1,0
484647,484647,484649,2,0
484649,484649,484650,1,0
484649,484649,484650,1,0
484649,484649,484650,1,0
484649,484649,484650,1,0
484649,484649,484650,1,0
484647,484647,484650,3,0
484649,484649,484650,1,0
484649,484649,484650,1,0
484649,484649,484650,1,0
484649,484649,484650,1,0
484649,484649,484650,1,0
484649,484649,484650,1,0
484649,484649,484651,2,0
484649,484649,484650,1,0
484649,484649,484650,1,0
484649,484649,484650,1,0
484649,484649,484651,2,0
484649,484650,484651,1,1
484649,484650,484651,1,1
484649,484650,484651,1,1
484649,484650,484651,1,1
484649,484650,484651,1,1
484649,484650,484651,1,1
484647,484647,484651,4,0
484649,484649,484651,2,0
484649,484649,484651,2,0
484649,484649,484651,2,0
484649,484650,484651,1,1
484649,484650,484651,1,1
484649,484650,484651,1,1
484649,484649,484651,2,0
484647,484647,484651,4,0
484649,484649,484651,2,0
484649,484650,484651,1,1
484647,484647,484652,5,0
483546,483546,484655,1109,0
483549,483549,484657,1108,0
484657,484657,484658,1,0
484657,484657,484658,1,0
484657,484657,484658,1,0
484657,484657,484658,1,0
484657,484657,484658,1,0
484657,484657,484658,1,0
484657,484657,484658,1,0
484657,484657,484658,1,0
484657,484657,484658,1,0
484657,484657,484658,1,0
484657,484657,484658,1,0
484657,484657,484658,1,0
484657,484657,484658,1,0
484657,484657,484658,1,0
484657,484657,484658,1,0
484657,484657,484658,1,0
484657,484657,484658,1,0
484657,484657,484658,1,0
484657,484657,484658,1,0
484657,484657,484658,1,0
484657,484657,484658,1,0
484657,484657,484658,1,0
484657,484657,484658,1,0
484657,484657,484659,2,0
484657,484657,484658,1,0
484657,484657,484658,1,0
484657,484657,484658,1,0
484657,484657,484658,1,0
484657,484657,484658,1,0
484657,484657,484658,1,0
484657,484657,484659,2,0
484657,484657,484658,1,0
484657,484657,484658,1,0
484657,484657,484658,1,0
484657,484657,484658,1,0
484657,484657,484658,1,0
484657,484657,484658,1,0
484657,484657,484658,1,0
484657,484657,484658,1,0
484657,484657,484658,1,0
484657,484657,484658,1,0
484657,484657,484658,1,0
484657,484657,484658,1,0
484657,484657,484658,1,0
484657,484657,484658,1,0
484657,484657,484658,1,0
484657,484657,484658,1,0
484657,484657,484658,1,0
484657,484657,484658,1,0
484657,484657,484659,2,0
483545,483545,484665,1120,0
484669,484669,484670,1,0
484669,484669,484670,1,0
484669,484669,484670,1,0
484669,484669,484670,1,0
484669,484669,484670,1,0
484669,484669,484670,1,0
484669,484669,484670,1,0
484669,484669,484670,1,0
484669,484669,484670,1,0
484669,484669,484670,1,0
484669,484669,484670,1,0
484669,484669,484670,1,0
484669,484669,484670,1,0
484669,484669,484670,1,0
484669,484669,484670,1,0
484669,484669,484670,1,0
484669,484669,484670,1,0
484669,484669,484670,1,0
484669,484669,484670,1,0
484669,484669,484670,1,0
484669,484669,484670,1,0
484669,484669,484670,1,0
484669,484669,484670,1,0
484669,484669,484670,1,0
484669,484669,484670,1,0
484669,484669,484670,1,0
484669,484670,484671,1,1
484669,484669,484670,1,0
484669,484669,484671,2,0
484669,484669,484671,2,0
484669,484669,484671,2,0
484669,484669,484670,1,0
484669,484669,484670,1,0
484669,484669,484670,1,0
484669,484669,484670,1,0
484669,484670,484671,1,1
484669,484670,484671,1,1
484669,484669,484671,2,0
484669,484669,484670,1,0
484669,484669,484670,1,0
484669,484670,484671,1,1
484669,484669,484670,1,0
484669,484669,484670,1,0
484669,484669,484671,2,0
484669,484669,484670,1,0
484669,484669,484670,1,0
484669,484670,484671,1,1
484669,484669,484670,1,0
484669,484669,484670,1,0
484669,484669,484670,1,0
484669,484670,484671,1,1
484669,484669,484671,2,0
484669,484669,484670,1,0
484669,484670,484671,1,1
484669,484670,484671,1,1
484669,484670,484671,1,1
484669,484669,484671,2,0
484669,484669,484670,1,0
484669,484669,484670,1,0
484669,484669,484670,1,0
484669,484670,484671,1,1
484669,484670,484671,1,1
484669,484670,484671,1,1
484669,484669,484670,1,0
484669,484669,484670,1,0
484669,484669,484670,1,0
484669,484669,484670,1,0
484669,484670,484671,1,1
484669,484669,484672,3,0
484669,484671,484672,1,2
484669,484671,484672,1,2
484669,484671,484672,1,2
484669,484671,484672,1,2
484669,484669,484671,2,0
484669,484669,484672,3,0
484669,484669,484672,3,0
484669,484670,484672,2,1
484669,484670,484672,2,1
484669,484670,484672,2,1
484669,484670,484673,3,1
484669,484670,484673,3,1
484669,484670,484673,3,1
484669,484670,484673,3,1
484669,484670,484673,3,1
484669,484670,484673,3,1
484669,484670,484674,4,1
483551,483551,484690,1139,0
483542,483542,484691,1149,0
484694,484695,484696,1,1
484694,484695,484696,1,1
484694,484695,484696,1,1
484694,484695,484696,1,1
484694,484695,484696,1,1
484694,484695,484696,1,1
484694,484695,484696,1,1
484694,484695,484696,1,1
484694,484695,484696,1,1
484694,484695,484696,1,1
484694,484695,484696,1,1
484694,484695,484696,1,1
484694,484695,484696,1,1
484694,484695,484696,1,1
484694,484695,484696,1,1
484694,484695,484696,1,1
484694,484695,484696,1,1
484694,484695,484696,1,1
484694,484695,484696,1,1
484694,484695,484696,1,1
483539,483540,484695,1155,1
484695,484695,484696,1,0
484695,484695,484696,1,0
484695,484695,484696,1,0
484695,484695,484696,1,0
484695,484695,484696,1,0
484694,484695,484696,1,1
484695,484695,484696,1,0
484695,484695,484696,1,0
484695,484695,484696,1,0
484695,484695,484696,1,0
484695,484695,484696,1,0
484695,484695,484696,1,0
484695,484695,484696,1,0
484694,484695,484696,1,1
484694,484695,484696,1,1
484694,484695,484696,1,1
484694,484695,484696,1,1
484694,484695,484696,1,1
484694,484695,484696,1,1
484694,484695,484696,1,1
484695,484696,484697,1,1
484695,484696,484697,1,1
484695,484696,484697,1,1
484695,484696,484697,1,1
484695,484696,484697,1,1
484695,484696,484697,1,1
484695,484696,484697,1,1
484695,484696,484697,1,1
484695,484696,484697,1,1
484695,484696,484697,1,1
484695,484696,484697,1,1
484695,484696,484697,1,1
484695,484696,484697,1,1
484695,484696,484697,1,1
484695,484696,484697,1,1
484695,484696,484697,1,1
484695,484696,484697,1,1
484697,484697,484698,1,0
484697,484697,484698,1,0
484697,484697,484698,1,0
484697,484697,484698,1,0
484697,484697,484698,1,0
484695,484696,484697,1,1
484695,484696,484697,1,1
484695,484696,484697,1,1
484695,484696,484697,1,1
484695,484696,484697,1,1
484695,484696,484697,1,1
484695,484696,484697,1,1
484695,484696,484697,1,1
484695,484696,484697,1,1
484697,484697,484698,1,0
484697,484697,484698,1,0
484697,484697,484698,1,0
484697,484697,484698,1,0
484697,484697,484698,1,0
484697,484697,484698,1,0
484695,484696,484698,2,1
484697,484697,484698,1,0
484697,484697,484698,1,0
484697,484697,484698,1,0
484695,484696,484697,1,1
484697,484697,484698,1,0
484697,484697,484698,1,0
484697,484697,484698,1,0
484697,484697,484698,1,0
484697,484698,484699,1,1
484697,484698,484699,1,1
484697,484698,484699,1,1
484697,484698,484699,1,1
484697,484698,484699,1,1
484697,484698,484699,1,1
484697,484698,484699,1,1
484695,484696,484699,3,1
484695,484696,484699,3,1
484697,484698,484699,1,1
484697,484698,484699,1,1
484695,484696,484699,3,1
484697,484698,484699,1,1
484697,484698,484699,1,1
484695,484696,484698,2,1
484697,484698,484699,1,1
484697,484698,484699,1,1
484695,484696,484699,3,1
484697,484698,484699,1,1
484697,484698,484699,1,1
484697,484698,484699,1,1
484697,484698,484700,2,1
484697,484698,484699,1,1
484695,484696,484700,4,1
484697,484698,484700,2,1
484697,484698,484701,3,1
484697,484698,484701,3,1
484695,484696,484700,4,1
484695,484696,484701,5,1
484697,484698,484701,3,1
483548,483548,484703,1155,0
484712,484712,484713,1,0
484712,484712,484713,1,0
484712,484712,484713,1,0
484712,484712,484713,1,0
484712,484712,484713,1,0
484712,484712,484713,1,0
484712,484712,484713,1,0
484712,484712,484713,1,0
484712,484712,484713,1,0
484712,484712,484713,1,0
484712,484712,484713,1,0
484712,484712,484713,1,0
484712,484712,484713,1,0
484712,484712,484713,1,0
484712,484712,484713,1,0
484712,484713,484714,1,1
484712,484713,484714,1,1
484712,484713,484714,1,1
484712,484713,484715,2,1
484712,484712,484714,2,0
484712,484713,484714,1,1
484712,484714,484715,1,2
484712,484714,484715,1,2
484712,484714,484715,1,2
484712,484714,484715,1,2
484712,484713,484715,2,1
484712,484713,484715,2,1
484712,484713,484715,2,1
484712,484713,484715,2,1
484712,484714,484715,1,2
484694,484718,484719,1,24
484694,484718,484719,1,24
484694,484724,484725,1,30
484694,484724,484725,1,30
484694,484724,484725,1,30
484694,484724,484725,1,30
484694,484724,484725,1,30
484694,484724,484725,1,30
484736,484736,484741,5,0
484745,484745,484750,5,0
484816,484816,484821,5,0
484821,484822,484826,4,1
484828,484828,484831,3,0
484326,484326,485114,788,0
485116,485116,485117,1,0
485116,485116,485117,1,0
485116,485116,485117,1,0
485116,485116,485117,1,0
485116,485116,485117,1,0
485116,485116,485117,1,0
485116,485116,485117,1,0
485116,485116,485117,1,0
485116,485116,485117,1,0
485116,485116,485117,1,0
485116,485116,485117,1,0
485116,485116,485117,1,0
485116,485116,485117,1,0
485116,485116,485117,1,0
485116,485116,485117,1,0
485116,485116,485117,1,0
485116,485116,485117,1,0
485116,485116,485117,1,0
485116,485116,485117,1,0
485116,485116,485117,1,0
485116,485116,485117,1,0
485116,485116,485117,1,0
485116,485116,485117,1,0
485116,485116,485117,1,0
485116,485116,485117,1,0
485116,485116,485117,1,0
485116,485116,485117,1,0
485116,485116,485117,1,0
485116,485116,485117,1,0
485116,485116,485117,1,0
485116,485117,485118,1,1
485116,485117,485118,1,1
485116,485117,485118,1,1
485116,485117,485118,1,1
485116,485117,485118,1,1
485116,485117,485118,1,1
485116,485117,485118,1,1
485116,485117,485118,1,1
485116,485116,485117,1,0
485116,485116,485117,1,0
485116,485116,485117,1,0
485116,485116,485117,1,0
485116,485116,485118,2,0
485116,485116,485118,2,0
485116,485116,485118,2,0
485116,485116,485118,2,0
485116,485116,485118,2,0
485116,485116,485118,2,0
485116,485116,485118,2,0
485116,485116,485118,2,0
484343,484344,485121,777,1
484341,484342,485122,780,1
485125,485125,485126,1,0
485125,485125,485126,1,0
485125,485125,485126,1,0
485125,485125,485126,1,0
485125,485125,485126,1,0
485125,485125,485126,1,0
485125,485125,485126,1,0
485125,485125,485126,1,0
485125,485125,485126,1,0
485125,485125,485126,1,0
485125,485125,485126,1,0
485125,485125,485126,1,0
485125,485125,485126,1,0
485125,485125,485126,1,0
485125,485125,485126,1,0
485125,485125,485126,1,0
485125,485125,485126,1,0
485125,485125,485126,1,0
485125,485125,485126,1,0
485125,485125,485126,1,0
485125,485125,485126,1,0
485125,485125,485126,1,0
485125,485125,485126,1,0
485125,485125,485126,1,0
485125,485125,485126,1,0
485125,485125,485126,1,0
485125,485125,485126,1,0
485125,485125,485127,2,0
485125,485125,485126,1,0
485125,485125,485127,2,0
485125,485125,485126,1,0
485125,485125,485127,2,0
485125,485125,485126,1,0
485125,485125,485127,2,0
485125,485125,485127,2,0
485125,485126,485127,1,1
485125,485126,485127,1,1
485125,485126,485127,1,1
485125,485126,485127,1,1
485125,485125,485127,2,0
485125,485125,485126,1,0
485125,485125,485127,2,0
485125,485125,485127,2,0
485125,485125,485127,2,0
485125,485125,485127,2,0
485125,485125,485127,2,0
485125,485125,485127,2,0
485125,485125,485126,1,0
485125,485125,485126,1,0
485125,485125,485126,1,0
485127,485127,485128,1,0
485127,485127,485128,1,0
485127,485127,485128,1,0
485127,485127,485128,1,0
485127,485127,485128,1,0
485127,485127,485128,1,0
485127,485127,485128,1,0
485127,485127,485128,1,0
485127,485127,485128,1,0
485127,485127,485128,1,0
485127,485127,485128,1,0
485127,485127,485128,1,0
485127,485127,485128,1,0
485127,485127,485128,1,0
485127,485127,485128,1,0
485127,485127,485128,1,0
485127,485127,485128,1,0
485127,485127,485128,1,0
485127,485127,485128,1,0
485127,485127,485128,1,0
485127,485127,485128,1,0
485127,485127,485128,1,0
485127,485127,485128,1,0
485127,485127,485129,2,0
485127,485128,485129,1,1
485127,485127,485128,1,0
485127,485127,485128,1,0
485127,485127,485129,2,0
485127,485128,485129,1,1
485127,485128,485129,1,1
485127,485128,485129,1,1
485127,485127,485129,2,0
485127,485127,485128,1,0
485127,485127,485129,2,0
485127,485127,485129,2,0
485127,485127,485129,2,0
485127,485127,485128,1,0
485127,485127,485128,1,0
485127,485127,485129,2,0
485127,485128,485129,1,1
485127,485127,485129,2,0
485127,485128,485129,1,1
485127,485127,485129,2,0
485127,485127,485129,2,0
485127,485127,485129,2,0
484371,484371,485170,799,0
485171,485171,485172,1,0
485171,485171,485172,1,0
485171,485171,485172,1,0
485171,485171,485172,1,0
485171,485171,485172,1,0
485171,485171,485172,1,0
485171,485171,485172,1,0
485171,485171,485172,1,0
485171,485171,485172,1,0
485171,485171,485172,1,0
485171,485171,485172,1,0
485171,485171,485173,2,0
485171,485171,485173,2,0
485171,485171,485172,1,0
485171,485171,485173,2,0
485171,485171,485173,2,0
485171,485171,485172,1,0
485171,485172,485173,1,1
485171,485172,485173,1,1
485171,485171,485173,2,0
485171,485171,485173,2,0
485171,485171,485172,1,0
485171,485171,485172,1,0
485171,485171,485173,2,0
485171,485171,485172,1,0
485171,485171,485172,1,0
485171,485171,485172,1,0
485171,485171,485172,1,0
485171,485171,485172,1,0
485171,485171,485172,1,0
485171,485172,485173,1,1
485171,485172,485173,1,1
485171,485172,485173,1,1
485171,485172,485173,1,1
485171,485172,485173,1,1
485171,485171,485172,1,0
485171,485171,485172,1,0
485171,485171,485172,1,0
485171,485171,485173,2,0
485171,485171,485173,2,0
485171,485171,485172,1,0
485171,485171,485173,2,0
485171,485171,485174,3,0
485171,485172,485174,2,1
485171,485171,485174,3,0
485171,485171,485174,3,0
485171,485171,485174,3,0
484383,484383,485180,797,0
485182,485182,485183,1,0
485182,485182,485183,1,0
485182,485182,485183,1,0
485182,485182,485183,1,0
485182,485182,485183,1,0
485182,485182,485183,1,0
485182,485182,485183,1,0
485182,485182,485183,1,0
485182,485182,485183,1,0
485182,485182,485183,1,0
485182,485182,485183,1,0
485182,485182,485183,1,0
485182,485182,485183,1,0
485182,485182,485183,1,0
485182,485182,485183,1,0
485182,485182,485183,1,0
485182,485182,485183,1,0
485182,485182,485183,1,0
485182,485182,485183,1,0
485182,485182,485183,1,0
485182,485182,485184,2,0
485182,485182,485183,1,0
485182,485182,485183,1,0
485182,485182,485183,1,0
485182,485182,485183,1,0
485182,485182,485184,2,0
485182,485182,485183,1,0
485182,485182,485183,1,0
485182,485182,485184,2,0
485182,485182,485183,1,0
485182,485182,485183,1,0
485182,485182,485183,1,0
485182,485182,485183,1,0
485182,485182,485183,1,0
485182,485182,485183,1,0
485182,485182,485183,1,0
485182,485182,485183,1,0
485182,485182,485184,2,0
485182,485182,485183,1,0
485182,485182,485183,1,0
485182,485182,485183,1,0
485182,485182,485183,1,0
485182,485182,485184,2,0
485182,485182,485184,2,0
485182,485182,485185,3,0
485182,485182,485185,3,0
485182,485182,485185,3,0
485182,485182,485185,3,0
485182,485182,485185,3,0
485182,485182,485185,3,0
484493,484493,485286,793,0
485288,485288,485289,1,0
485288,485288,485289,1,0
485288,485288,485289,1,0
485288,485288,485289,1,0
485288,485288,485289,1,0
485288,485288,485289,1,0
485288,485288,485289,1,0
485288,485288,485289,1,0
485288,485288,485289,1,0
485288,485288,485289,1,0
485288,485288,485289,1,0
485288,485288,485289,1,0
485288,485288,485290,2,0
485288,485288,485290,2,0
485288,485288,485289,1,0
485288,485288,485290,2,0
485288,485288,485289,1,0
485288,485288,485290,2,0
485288,485288,485290,2,0
485288,485288,485290,2,0
485288,485288,485290,2,0
485288,485288,485289,1,0
485288,485288,485290,2,0
485288,485288,485290,2,0
485288,485288,485290,2,0
485288,485288,485290,2,0
485288,485288,485290,2,0
485288,485288,485289,1,0
485288,485288,485290,2,0
485288,485288,485290,2,0
485288,485288,485290,2,0
485288,485288,485290,2,0
485288,485288,485290,2,0
485288,485288,485290,2,0
485288,485288,485290,2,0
485288,485288,485290,2,0
485288,485288,485290,2,0
485288,485288,485290,2,0
485288,485288,485290,2,0
485288,485288,485291,3,0
485288,485288,485291,3,0
485288,485288,485291,3,0
485288,485288,485291,3,0
485288,485288,485291,3,0
485288,485288,485291,3,0
485288,485288,485291,3,0
485288,485288,485291,3,0
485288,485288,485291,3,0
485288,485288,485292,4,0
485288,485288,485292,4,0
484504,484504,485314,810,0
485316,485316,485317,1,0
485316,485316,485317,1,0
485316,485316,485317,1,0
485316,485316,485317,1,0
485316,485316,485317,1,0
485316,485316,485317,1,0
485316,485316,485317,1,0
485316,485316,485318,2,0
485316,485316,485318,2,0
485316,485316,485317,1,0
485316,485316,485318,2,0
485316,485316,485317,1,0
485316,485316,485317,1,0
485316,485316,485318,2,0
485316,485316,485317,1,0
485316,485316,485317,1,0
485316,485316,485317,1,0
485316,485316,485318,2,0
485316,485316,485318,2,0
485316,485316,485318,2,0
485316,485316,485318,2,0
485316,485316,485317,1,0
485316,485316,485318,2,0
485316,485316,485317,1,0
485316,485316,485317,1,0
485316,485316,485317,1,0
485316,485316,485317,1,0
485316,485316,485317,1,0
485316,485316,485317,1,0
485316,485316,485317,1,0
485316,485316,485318,2,0
485316,485316,485318,2,0
485316,485316,485317,1,0
485316,485316,485317,1,0
485316,485316,485317,1,0
485316,485316,485318,2,0
485316,485316,485318,2,0
485316,485316,485318,2,0
485316,485316,485318,2,0
485316,485316,485317,1,0
485316,485316,485319,3,0
485316,485316,485319,3,0
485316,485316,485319,3,0
485316,485316,485318,2,0
485316,485316,485319,3,0
485316,485316,485319,3,0
485316,485316,485319,3,0
485316,485316,485319,3,0
485316,485316,485319,3,0
485316,485316,485319,3,0
484514,484514,485320,806,0
485330,485331,485332,1,1
485330,485331,485332,1,1
485330,485331,485332,1,1
485330,485331,485332,1,1
485330,485331,485332,1,1
485330,485331,485332,1,1
485330,485331,485332,1,1
485330,485331,485332,1,1
485330,485331,485332,1,1
485330,485331,485332,1,1
485330,485331,485332,1,1
485330,485331,485332,1,1
485330,485331,485333,2,1
485330,485331,485332,1,1
485330,485331,485332,1,1
485330,485331,485332,1,1
485330,485331,485332,1,1
485330,485331,485332,1,1
485330,485331,485332,1,1
485330,485331,485332,1,1
485330,485331,485332,1,1
485330,485331,485332,1,1
485330,485331,485332,1,1
485330,485331,485332,1,1
485330,485331,485332,1,1
485330,485331,485332,1,1
485330,485331,485332,1,1
485330,485331,485332,1,1
485330,485331,485332,1,1
485330,485331,485333,2,1
485330,485331,485333,2,1
485330,485331,485333,2,1
485330,485331,485333,2,1
485330,485331,485333,2,1
485330,485331,485333,2,1
485330,485331,485333,2,1
485330,485331,485333,2,1
484545,484545,485340,795,0
485341,485341,485342,1,0
485341,485341,485342,1,0
485341,485341,485342,1,0
485341,485341,485342,1,0
485341,485341,485342,1,0
485341,485341,485342,1,0
485341,485341,485342,1,0
485341,485341,485342,1,0
485341,485341,485342,1,0
485341,485341,485342,1,0
485341,485341,485342,1,0
485341,485341,485342,1,0
485341,485341,485342,1,0
485341,485341,485342,1,0
485341,485341,485342,1,0
485341,485341,485342,1,0
485341,485341,485342,1,0
485341,485341,485342,1,0
485341,485341,485342,1,0
485341,485341,485342,1,0
485341,485341,485342,1,0
485341,485341,485342,1,0
485341,485341,485342,1,0
485341,485341,485343,2,0
485341,485341,485343,2,0
485341,485341,485343,2,0
485341,485341,485342,1,0
485341,485341,485343,2,0
485341,485341,485342,1,0
485341,485341,485342,1,0
485341,485341,485343,2,0
485341,485342,485343,1,1
485341,485342,485343,1,1
485341,485341,485342,1,0
485341,485341,485343,2,0
485341,485341,485343,2,0
485341,485341,485343,2,0
485341,485341,485342,1,0
485341,485341,485343,2,0
485341,485341,485342,1,0
485341,485341,485342,1,0
485341,485341,485342,1,0
485341,485341,485343,2,0
485341,485341,485343,2,0
485341,485341,485343,2,0
485341,485341,485343,2,0
485341,485341,485342,1,0
484525,484525,485386,861,0
485388,485389,485390,1,1
485388,485389,485390,1,1
485388,485389,485390,1,1
485388,485389,485390,1,1
485388,485389,485390,1,1
485388,485389,485390,1,1
485388,485389,485390,1,1
485388,485389,485390,1,1
485388,485389,485390,1,1
485388,485389,485391,2,1
485388,485389,485390,1,1
485388,485389,485390,1,1
485388,485389,485390,1,1
485388,485389,485390,1,1
485388,485389,485390,1,1
485388,485389,485390,1,1
485388,485389,485390,1,1
485388,485389,485390,1,1
485388,485389,485391,2,1
485388,485389,485391,2,1
485388,485389,485391,2,1
485388,485389,485391,2,1
485388,485389,485391,2,1
485388,485389,485391,2,1
485388,485406,485407,1,18
485388,485406,485408,2,18
484658,484658,485427,769,0
485430,485430,485431,1,0
485430,485430,485431,1,0
485430,485430,485431,1,0
485430,485430,485431,1,0
485430,485430,485431,1,0
485430,485430,485431,1,0
485430,485430,485431,1,0
485430,485430,485431,1,0
485430,485430,485431,1,0
485430,485430,485431,1,0
485430,485430,485431,1,0
485430,485430,485431,1,0
485430,485430,485431,1,0
485430,485430,485431,1,0
485430,485430,485431,1,0
485430,485430,485431,1,0
485430,485430,485431,1,0
485430,485430,485431,1,0
485430,485430,485431,1,0
485430,485430,485431,1,0
485430,485430,485431,1,0
485430,485430,485431,1,0
485430,485430,485431,1,0
485430,485430,485431,1,0
485430,485430,485431,1,0
485430,485430,485431,1,0
485430,485430,485431,1,0
485430,485430,485431,1,0
485430,485430,485431,1,0
485430,485430,485431,1,0
485430,485430,485431,1,0
485430,485430,485431,1,0
485430,485430,485431,1,0
485430,485430,485431,1,0
485430,485430,485431,1,0
485430,485430,485431,1,0
485430,485430,485431,1,0
485430,485430,485431,1,0
485430,485430,485431,1,0
485430,485430,485431,1,0
485430,485430,485431,1,0
485430,485430,485431,1,0
485430,485430,485431,1,0
485430,485430,485431,1,0
484650,484650,485454,804,0
485430,485454,485455,1,24
485430,485454,485455,1,24
485430,485454,485455,1,24
485430,485454,485455,1,24
485430,485454,485455,1,24
485430,485454,485455,1,24
485455,485455,485456,1,0
485455,485455,485456,1,0
485455,485455,485456,1,0
485455,485455,485456,1,0
485455,485455,485456,1,0
485455,485455,485456,1,0
485455,485455,485456,1,0
485455,485455,485456,1,0
485455,485455,485456,1,0
485455,485455,485456,1,0
485455,485455,485456,1,0
485455,485455,485456,1,0
485455,485455,485456,1,0
485455,485455,485456,1,0
485455,485455,485456,1,0
485455,485455,485456,1,0
485455,485455,485456,1,0
485455,485455,485456,1,0
485455,485455,485456,1,0
485455,485455,485456,1,0
485455,485455,485456,1,0
485455,485455,485456,1,0
485455,485455,485456,1,0
485455,485455,485456,1,0
485455,485455,485456,1,0
485455,485455,485456,1,0
485455,485455,485456,1,0
485455,485455,485456,1,0
485455,485455,485456,1,0
485455,485455,485456,1,0
485455,485455,485456,1,0
485455,485455,485456,1,0
485455,485455,485456,1,0
485455,485455,485456,1,0
485455,485455,485456,1,0
485455,485455,485456,1,0
485455,485455,485456,1,0
485455,485455,485456,1,0
485455,485455,485456,1,0
485455,485455,485456,1,0
484648,484649,485457,808,1
485455,485455,485456,1,0
485455,485455,485456,1,0
485455,485455,485456,1,0
485461,485461,485462,1,0
485461,485461,485462,1,0
485461,485461,485462,1,0
485461,485461,485462,1,0
485461,485461,485462,1,0
485461,485461,485462,1,0
485461,485461,485462,1,0
485461,485461,485462,1,0
485461,485461,485462,1,0
485461,485461,485462,1,0
485461,485461,485462,1,0
485461,485461,485462,1,0
485461,485461,485462,1,0
485461,485461,485462,1,0
485461,485461,485462,1,0
485461,485461,485462,1,0
485461,485461,485462,1,0
485461,485461,485462,1,0
485461,485461,485462,1,0
485461,485461,485462,1,0
485461,485461,485462,1,0
485461,485461,485462,1,0
485461,485461,485462,1,0
485461,485461,485462,1,0
485461,485461,485462,1,0
485461,485461,485462,1,0
485461,485461,485462,1,0
485461,485461,485462,1,0
485461,485461,485462,1,0
485461,485461,485462,1,0
485461,485461,485462,1,0
485461,485461,485462,1,0
485461,485461,485462,1,0
485461,485461,485462,1,0
485461,485461,485462,1,0
485461,485461,485462,1,0
485461,485461,485462,1,0
485461,485461,485462,1,0
485461,485461,485462,1,0
485461,485461,485462,1,0
485461,485461,485462,1,0
485461,485461,485462,1,0
485461,485461,485462,1,0
485461,485461,485462,1,0
485461,485461,485462,1,0
485461,485461,485462,1,0
485461,485461,485462,1,0
485461,485461,485462,1,0
484700,484700,485474,774,0
485475,485475,485476,1,0
485475,485475,485476,1,0
485475,485475,485476,1,0
485475,485475,485476,1,0
485475,485475,485476,1,0
485475,485475,485476,1,0
485475,485475,485476,1,0
485475,485475,485476,1,0
485475,485475,485476,1,0
485475,485475,485476,1,0
485475,485475,485477,2,0
485475,485475,485477,2,0
485475,485475,485477,2,0
485475,485475,485477,2,0
485475,485475,485477,2,0
485475,485475,485476,1,0
485475,485475,485477,2,0
485475,485475,485476,1,0
485475,485475,485477,2,0
485475,485475,485477,2,0
485475,485475,485477,2,0
485475,485475,485476,1,0
485475,485475,485476,1,0
485475,485475,485477,2,0
485475,485475,485477,2,0
485475,485475,485476,1,0
485475,485475,485477,2,0
485475,485475,485477,2,0
485475,485475,485477,2,0
485475,485475,485477,2,0
485475,485475,485477,2,0
485475,485475,485477,2,0
485475,485475,485477,2,0
485475,485475,485477,2,0
485475,485475,485478,3,0
485475,485475,485478,3,0
485475,485475,485477,2,0
485475,485475,485478,3,0
485475,485475,485478,3,0
485475,485475,485478,3,0
485475,485475,485478,3,0
485475,485475,485478,3,0
485475,485475,485478,3,0
485475,485475,485479,4,0
484696,484696,485483,787,0
485485,485485,485486,1,0
485485,485485,485486,1,0
485485,485485,485486,1,0
485485,485485,485486,1,0
485485,485485,485486,1,0
485485,485485,485486,1,0
485485,485485,485486,1,0
485485,485485,485486,1,0
485485,485485,485486,1,0
485485,485485,485486,1,0
485485,485485,485486,1,0
485485,485485,485486,1,0
485485,485485,485487,2,0
485485,485485,485486,1,0
485485,485485,485487,2,0
485485,485485,485486,1,0
485485,485485,485486,1,0
485485,485485,485486,1,0
485485,485485,485486,1,0
485485,485485,485486,1,0
485485,485485,485486,1,0
485485,485485,485486,1,0
485485,485485,485486,1,0
485485,485485,485486,1,0
485485,485485,485486,1,0
485485,485485,485486,1,0
485485,485485,485486,1,0
485485,485485,485486,1,0
485485,485485,485486,1,0
485485,485485,485487,2,0
485485,485485,485486,1,0
485485,485485,485486,1,0
485485,485485,485486,1,0
485485,485485,485487,2,0
485485,485485,485486,1,0
485485,485485,485486,1,0
485485,485485,485486,1,0
485485,485485,485486,1,0
485485,485485,485486,1,0
485485,485485,485487,2,0
485485,485485,485488,3,0
485485,485485,485487,2,0
485485,485485,485487,2,0
485485,485485,485487,2,0
485485,485485,485488,3,0
485485,485485,485488,3,0
485485,485485,485487,2,0
485485,485485,485488,3,0
485485,485485,485488,3,0
484698,484698,485495,797,0
485475,485495,485496,1,20
485475,485495,485496,1,20
485475,485495,485496,1,20
485475,485495,485496,1,20
485475,485495,485496,1,20
485485,485495,485496,1,10
485496,485497,485498,1,1
485496,485497,485498,1,1
485496,485497,485498,1,1
485496,485497,485498,1,1
485496,485497,485498,1,1
485475,485495,485497,2,20
485496,485497,485498,1,1
485496,485497,485498,1,1
485496,485497,485498,1,1
485496,485497,485498,1,1
485496,485497,485498,1,1
485496,485497,485498,1,1
485496,485497,485498,1,1
485496,485497,485498,1,1
485496,485497,485498,1,1
485496,485497,485498,1,1
485496,485497,485498,1,1
485496,485497,485498,1,1
485496,485497,485498,1,1
485496,485497,485498,1,1
485496,485497,485499,2,1
485496,485497,485498,1,1
485496,485497,485499,2,1
485496,485497,485498,1,1
485496,485497,485498,1,1
485496,485497,485498,1,1
485496,485497,485499,2,1
485496,485497,485498,1,1
485496,485497,485499,2,1
485496,485497,485499,2,1
485496,485497,485499,2,1
485496,485497,485499,2,1
485496,485497,485500,3,1
485496,485497,485499,2,1
485496,485497,485499,2,1
485496,485497,485499,2,1
485496,485497,485500,3,1
485496,485497,485499,2,1
485496,485497,485499,2,1
485496,485497,485499,2,1
485496,485497,485500,3,1
485496,485497,485499,2,1
485496,485497,485500,3,1
485496,485497,485501,4,1
484670,484672,485502,830,2
484683,484683,485502,819,0
484714,484714,485502,788,0
485507,485507,485508,1,0
485507,485507,485508,1,0
485507,485507,485508,1,0
485507,485507,485508,1,0
485507,485507,485508,1,0
485507,485507,485508,1,0
485507,485507,485508,1,0
485507,485507,485508,1,0
485507,485507,485508,1,0
485507,485507,485508,1,0
485507,485507,485508,1,0
485507,485507,485508,1,0
485507,485507,485508,1,0
485507,485507,485508,1,0
485507,485508,485509,1,1
485507,485508,485509,1,1
485507,485508,485509,1,1
485507,485508,485509,1,1
485507,485507,485509,2,0
485507,485508,485509,1,1
485507,485508,485509,1,1
485507,485508,485509,1,1
485507,485508,485509,1,1
485507,485508,485509,1,1
485507,485507,485509,2,0
485507,485507,485510,3,0
485507,485508,485509,1,1
485507,485509,485510,1,2
485507,485507,485510,3,0
485507,485509,485510,1,2
485507,485508,485509,1,1
485507,485507,485510,3,0
485507,485507,485510,3,0
485507,485507,485510,3,0
485507,485508,485509,1,1
485507,485507,485510,3,0
485507,485509,485510,1,2
485507,485507,485510,3,0
485507,485509,485510,1,2
485507,485509,485510,1,2
485507,485509,485510,1,2
485507,485509,485510,1,2
485507,485508,485510,2,1
485507,485509,485510,1,2
485507,485507,485510,3,0
485507,485509,485510,1,2
485507,485510,485511,1,3
485507,485510,485511,1,3
485507,485510,485511,1,3
485507,485509,485511,2,2
485507,485509,485511,2,2
485507,485509,485511,2,2
485507,485509,485511,2,2
485507,485509,485511,2,2
485507,485509,485511,2,2
485496,485518,485519,1,22
485496,485518,485519,1,22
485496,485518,485519,1,22
485496,485518,485519,1,22
485507,485518,485519,1,11
485496,485518,485521,3,22
485522,485522,485523,1,0
485522,485522,485523,1,0
485522,485522,485523,1,0
485522,485522,485523,1,0
485522,485522,485523,1,0
485522,485522,485523,1,0
485522,485522,485523,1,0
484702,484702,485522,820,0
485522,485522,485523,1,0
485522,485522,485523,1,0
485522,485522,485523,1,0
485522,485522,485523,1,0
485522,485522,485523,1,0
485522,485522,485523,1,0
485522,485522,485523,1,0
485522,485522,485523,1,0
485522,485522,485523,1,0
485522,485522,485523,1,0
485522,485522,485523,1,0
485522,485522,485523,1,0
485522,485522,485523,1,0
485522,485522,485523,1,0
485522,485522,485523,1,0
485522,485522,485523,1,0
485522,485522,485523,1,0
485522,485522,485523,1,0
485522,485522,485523,1,0
485522,485522,485523,1,0
485522,485522,485523,1,0
485522,485522,485523,1,0
485522,485522,485523,1,0
485522,485522,485523,1,0
485522,485522,485524,2,0
485522,485522,485524,2,0
485522,485523,485524,1,1
485522,485522,485524,2,0
485522,485522,485524,2,0
485522,485522,485524,2,0
485522,485522,485523,1,0
485522,485522,485524,2,0
485522,485522,485524,2,0
485522,485522,485524,2,0
485522,485523,485524,1,1
485531,485531,485532,1,0
485531,485531,485532,1,0
485531,485531,485532,1,0
485531,485531,485532,1,0
485531,485531,485532,1,0
485531,485531,485532,1,0
485531,485531,485532,1,0
485531,485531,485532,1,0
485531,485531,485532,1,0
485531,485531,485532,1,0
485531,485531,485532,1,0
485531,485531,485532,1,0
485531,485531,485532,1,0
485531,485531,485532,1,0
485531,485531,485532,1,0
485531,485531,485532,1,0
485531,485531,485533,2,0
485507,485532,485533,1,25
485507,485532,485533,1,25
485507,485532,485533,1,25
485507,485532,485533,1,25
485507,485532,485533,1,25
485507,485532,485533,1,25
485507,485532,485533,1,25
485531,485531,485533,2,0
485531,485531,485533,2,0
485531,485531,485533,2,0
485531,485531,485533,2,0
485531,485531,485533,2,0
485531,485531,485533,2,0
485531,485531,485533,2,0
485531,485531,485533,2,0
485531,485533,485534,1,2
485531,485533,485534,1,2
485531,485533,485534,1,2
485531,485533,485534,1,2
485531,485531,485534,3,0
485531,485531,485534,3,0
485531,485531,485534,3,0
485531,485531,485534,3,0
485531,485532,485534,2,1
485531,485533,485536,3,2
485522,485550,485551,1,28
485522,485550,485551,1,28
485522,485550,485551,1,28
485522,485550,485551,1,28
485522,485550,485552,2,28
485531,485552,485553,1,21
485531,485552,485553,1,21
485531,485553,485554,1,22
485531,485553,485554,1,22
485126,485126,485922,796,0
485923,485923,485924,1,0
485923,485923,485924,1,0
485923,485923,485924,1,0
485923,485923,485924,1,0
485923,485923,485924,1,0
485923,485923,485924,1,0
485923,485923,485924,1,0
485923,485923,485924,1,0
485923,485923,485924,1,0
485923,485923,485924,1,0
485923,485923,485924,1,0
485923,485923,485924,1,0
485923,485923,485924,1,0
485923,485923,485924,1,0
485923,485923,485924,1,0
485923,485923,485924,1,0
485923,485923,485924,1,0
485923,485923,485924,1,0
485923,485923,485924,1,0
485923,485923,485924,1,0
485923,485923,485924,1,0
485923,485923,485924,1,0
485923,485923,485924,1,0
485923,485923,485924,1,0
485923,485923,485924,1,0
485923,485923,485924,1,0
485118,485118,485924,806,0
485923,485923,485924,1,0
485923,485923,485924,1,0
485923,485923,485924,1,0
485923,485923,485924,1,0
485923,485923,485924,1,0
485923,485923,485924,1,0
485923,485923,485924,1,0
485923,485923,485924,1,0
485923,485923,485925,2,0
485923,485923,485924,1,0
485923,485923,485924,1,0
485923,485923,485924,1,0
485923,485923,485924,1,0
485923,485923,485924,1,0
485923,485923,485924,1,0
485923,485923,485924,1,0
485923,485923,485924,1,0
485923,485923,485924,1,0
485923,485923,485924,1,0
485923,485923,485924,1,0
485923,485923,485924,1,0
485923,485923,485924,1,0
485932,485933,485934,1,1
485932,485933,485934,1,1
485932,485933,485934,1,1
485932,485933,485934,1,1
485932,485933,485934,1,1
485932,485933,485934,1,1
485932,485933,485934,1,1
485932,485933,485934,1,1
485932,485933,485934,1,1
485932,485933,485934,1,1
485932,485933,485934,1,1
485932,485933,485934,1,1
485932,485933,485934,1,1
485932,485933,485934,1,1
485932,485933,485934,1,1
485932,485933,485934,1,1
485932,485933,485934,1,1
485932,485933,485934,1,1
485932,485933,485934,1,1
485932,485933,485934,1,1
485932,485933,485934,1,1
485932,485933,485934,1,1
485932,485933,485934,1,1
485932,485933,485934,1,1
485932,485933,485934,1,1
485129,485129,485941,812,0
485941,485942,485943,1,1
485941,485942,485943,1,1
485941,485942,485943,1,1
485941,485942,485943,1,1
485941,485942,485943,1,1
485941,485942,485943,1,1
485941,485942,485943,1,1
485941,485942,485943,1,1
485941,485942,485943,1,1
485941,485942,485943,1,1
485941,485942,485943,1,1
485941,485942,485943,1,1
485941,485942,485943,1,1
485941,485942,485943,1,1
485941,485942,485943,1,1
485941,485942,485943,1,1
485941,485942,485943,1,1
485941,485942,485943,1,1
485941,485942,485943,1,1
485941,485942,485943,1,1
485941,485942,485943,1,1
485941,485942,485943,1,1
485941,485942,485943,1,1
485941,485942,485943,1,1
485941,485942,485943,1,1
485941,485942,485943,1,1
485941,485942,485943,1,1
485941,485942,485943,1,1
485941,485942,485943,1,1
485941,485942,485943,1,1
485941,485942,485943,1,1
485941,485942,485943,1,1
485941,485942,485943,1,1
485941,485942,485943,1,1
485941,485942,485943,1,1
485941,485942,485943,1,1
485941,485942,485943,1,1
485941,485942,485943,1,1
485183,485183,485972,789,0
485974,485974,485975,1,0
485974,485974,485975,1,0
485974,485974,485975,1,0
485974,485974,485975,1,0
485974,485974,485975,1,0
485974,485974,485975,1,0
485974,485974,485975,1,0
485974,485974,485975,1,0
485974,485974,485975,1,0
485974,485974,485975,1,0
485974,485974,485975,1,0
485974,485974,485975,1,0
485974,485974,485975,1,0
485974,485974,485975,1,0
485974,485974,485975,1,0
485974,485974,485975,1,0
485974,485974,485975,1,0
485974,485974,485975,1,0
485974,485974,485975,1,0
485974,485974,485975,1,0
485974,485974,485975,1,0
485974,485974,485975,1,0
485974,485974,485975,1,0
485974,485974,485975,1,0
485974,485974,485975,1,0
485974,485974,485975,1,0
485974,485974,485975,1,0
485974,485974,485975,1,0
485974,485974,485975,1,0
485974,485974,485975,1,0
485974,485974,485975,1,0
485974,485974,485975,1,0
485974,485974,485975,1,0
485974,485974,485975,1,0
485974,485974,485975,1,0
485974,485974,485975,1,0
485974,485974,485975,1,0
485974,485974,485975,1,0
485974,485974,485975,1,0
485974,485974,485975,1,0
485974,485974,485975,1,0
485974,485974,485975,1,0
485974,485974,485975,1,0
485974,485974,485975,1,0
485974,485974,485975,1,0
485974,485974,485975,1,0
485974,485974,485975,1,0
485974,485974,485975,1,0
485974,485974,485975,1,0
485974,485974,485976,2,0
485172,485172,485982,810,0
485984,485984,485985,1,0
485984,485984,485985,1,0
485984,485984,485985,1,0
485984,485984,485985,1,0
485984,485984,485985,1,0
485984,485984,485985,1,0
485984,485984,485985,1,0
485984,485984,485985,1,0
485984,485984,485985,1,0
485984,485984,485985,1,0
485984,485984,485985,1,0
485984,485984,485985,1,0
485984,485984,485985,1,0
485984,485984,485985,1,0
485984,485984,485985,1,0
485984,485984,485985,1,0
485984,485984,485985,1,0
485984,485984,485985,1,0
485984,485984,485985,1,0
485984,485984,485985,1,0
485984,485984,485985,1,0
485984,485984,485985,1,0
485984,485984,485985,1,0
485984,485984,485985,1,0
485984,485984,485985,1,0
485984,485984,485985,1,0
485984,485984,485985,1,0
485984,485984,485985,1,0
485984,485984,485985,1,0
485984,485984,485985,1,0
485984,485984,485985,1,0
485984,485984,485985,1,0
485984,485984,485985,1,0
485984,485984,485985,1,0
485984,485984,485985,1,0
485984,485984,485985,1,0
485984,485984,485985,1,0
485984,485984,485985,1,0
485984,485984,485985,1,0
485984,485984,485985,1,0
485984,485984,485985,1,0
485984,485984,485985,1,0
485984,485984,485986,2,0
485290,485290,486090,800,0
486092,486092,486093,1,0
486092,486092,486093,1,0
486092,486092,486093,1,0
486092,486092,486093,1,0
486092,486092,486093,1,0
486092,486092,486093,1,0
486092,486092,486093,1,0
486092,486092,486093,1,0
486092,486092,486093,1,0
486092,486092,486093,1,0
486092,486092,486093,1,0
486092,486092,486093,1,0
486092,486092,486093,1,0
486092,486092,486093,1,0
486092,486092,486093,1,0
486092,486092,486093,1,0
486092,486092,486094,2,0
486092,486093,486094,1,1
486092,486093,486094,1,1
486092,486093,486094,1,1
486092,486092,486094,2,0
486092,486092,486094,2,0
486092,486092,486094,2,0
486092,486092,486094,2,0
486092,486092,486094,2,0
486092,486093,486094,1,1
486092,486093,486094,1,1
486092,486093,486094,1,1
486092,486093,486094,1,1
486092,486093,486094,1,1
486092,486092,486093,1,0
486092,486092,486094,2,0
486092,486092,486093,1,0
486092,486092,486093,1,0
486092,486092,486094,2,0
486092,486092,486093,1,0
486092,486092,486094,2,0
486092,486092,486094,2,0
486092,486092,486094,2,0
486092,486092,486093,1,0
486092,486092,486094,2,0
486092,486092,486094,2,0
486092,486092,486094,2,0
486092,486092,486094,2,0
486092,486093,486095,2,1
486092,486092,486095,3,0
486092,486092,486095,3,0
486092,486092,486095,3,0
486092,486093,486095,2,1
486092,486092,486095,3,0
485317,485317,486100,783,0
486104,486104,486105,1,0
486104,486104,486105,1,0
486104,486104,486105,1,0
486104,486104,486105,1,0
486104,486104,486105,1,0
486104,486104,486105,1,0
486104,486104,486105,1,0
486104,486104,486105,1,0
486104,486104,486105,1,0
486104,486104,486105,1,0
486104,486104,486105,1,0
486104,486104,486105,1,0
486104,486104,486106,2,0
486104,486104,486105,1,0
486104,486104,486105,1,0
486104,486104,486105,1,0
486104,486104,486105,1,0
486104,486104,486105,1,0
486104,486104,486105,1,0
486104,486104,486105,1,0
486104,486104,486105,1,0
486104,486104,486105,1,0
486104,486104,486105,1,0
486104,486104,486105,1,0
486104,486104,486105,1,0
486104,486104,486105,1,0
486104,486104,486105,1,0
486104,486104,486105,1,0
486104,486104,486105,1,0
486104,486104,486105,1,0
486104,486104,486105,1,0
486104,486104,486105,1,0
486104,486104,486105,1,0
486104,486104,486105,1,0
486104,486104,486105,1,0
486104,486104,486105,1,0
486104,486104,486105,1,0
486104,486104,486105,1,0
486104,486104,486105,1,0
486104,486104,486105,1,0
486104,486104,486105,1,0
486104,486104,486105,1,0
486104,486104,486106,2,0
486104,486104,486107,3,0
486104,486104,486107,3,0
486104,486104,486107,3,0
486104,486104,486107,3,0
486104,486104,486107,3,0
486104,486104,486106,2,0
486104,486104,486107,3,0
485332,485332,486146,814,0
486147,486147,486148,1,0
486147,486147,486148,1,0
486147,486147,486148,1,0
486147,486147,486148,1,0
486147,486147,486148,1,0
486147,486147,486148,1,0
486147,486147,486148,1,0
486147,486147,486148,1,0
486147,486147,486148,1,0
486147,486147,486148,1,0
486147,486147,486148,1,0
486147,486147,486148,1,0
486147,486147,486148,1,0
486147,486147,486148,1,0
486147,486147,486148,1,0
486147,486147,486148,1,0
486147,486147,486148,1,0
486147,486147,486148,1,0
486147,486147,486148,1,0
486147,486147,486148,1,0
486147,486147,486148,1,0
486147,486147,486148,1,0
486147,486147,486148,1,0
486147,486147,486148,1,0
486147,486147,486149,2,0
486147,486147,486148,1,0
486147,486147,486148,1,0
486147,486147,486148,1,0
486147,486147,486148,1,0
486147,486147,486149,2,0
486147,486147,486150,3,0
486147,486147,486150,3,0
486147,486147,486149,2,0
486147,486147,486150,3,0
486147,486147,486150,3,0
486147,486147,486149,2,0
486147,486147,486150,3,0
486147,486158,486159,1,11
486147,486158,486159,1,11
486147,486158,486159,1,11
486147,486158,486159,1,11
486147,486158,486159,1,11
486147,486158,486159,1,11
486147,486158,486160,2,11
485342,485342,486170,828,0
486173,486173,486174,1,0
486173,486173,486174,1,0
486173,486173,486174,1,0
486173,486173,486174,1,0
486173,486173,486174,1,0
486173,486173,486174,1,0
486173,486173,486174,1,0
486173,486173,486174,1,0
486173,486173,486174,1,0
486173,486173,486174,1,0
486173,486173,486174,1,0
486173,486173,486174,1,0
486173,486173,486174,1,0
486173,486173,486174,1,0
486173,486173,486174,1,0
486173,486173,486174,1,0
486173,486173,486174,1,0
486173,486173,486174,1,0
486173,486173,486174,1,0
486173,486173,486174,1,0
486173,486173,486174,1,0
486173,486173,486174,1,0
486173,486173,486174,1,0
486173,486173,486174,1,0
486173,486173,486174,1,0
486173,486173,486175,2,0
486173,486173,486174,1,0
486173,486173,486174,1,0
486173,486173,486174,1,0
486173,486173,486174,1,0
486173,486173,486174,1,0
486173,486173,486174,1,0
486173,486173,486174,1,0
486173,486173,486174,1,0
486173,486173,486174,1,0
486173,486173,486174,1,0
486173,486173,486175,2,0
486173,486173,486174,1,0
486173,486173,486174,1,0
486173,486173,486174,1,0
486173,486173,486174,1,0
486173,486173,486176,3,0
486173,486173,486176,3,0
486173,486173,486176,3,0
486173,486173,486175,2,0
486173,486173,486176,3,0
486173,486173,486176,3,0
486173,486173,486176,3,0
486173,486173,486176,3,0
486173,486173,486176,3,0
486147,486179,486181,2,32
485390,485390,486187,797,0
486192,486192,486193,1,0
486192,486192,486193,1,0
486192,486192,486193,1,0
486192,486192,486193,1,0
486192,486192,486193,1,0
486192,486192,486193,1,0
486192,486192,486193,1,0
486192,486192,486193,1,0
486192,486192,486193,1,0
486192,486192,486193,1,0
486192,486192,486193,1,0
486192,486192,486193,1,0
486192,486192,486193,1,0
486192,486192,486193,1,0
486192,486192,486193,1,0
486192,486192,486193,1,0
486192,486192,486193,1,0
486192,486192,486193,1,0
486192,486192,486193,1,0
486192,486192,486193,1,0
486192,486192,486193,1,0
486192,486192,486193,1,0
486192,486192,486193,1,0
486192,486192,486194,2,0
486192,486192,486194,2,0
486192,486192,486193,1,0
486192,486192,486193,1,0
486192,486192,486193,1,0
486192,486192,486193,1,0
486192,486192,486193,1,0
486192,486192,486193,1,0
486192,486192,486193,1,0
486192,486192,486193,1,0
486192,486192,486193,1,0
486192,486192,486194,2,0
486192,486192,486193,1,0
486192,486192,486193,1,0
486192,486192,486193,1,0
486192,486192,486194,2,0
486192,486192,486195,3,0
486192,486192,486195,3,0
486192,486192,486195,3,0
486192,486192,486195,3,0
486192,486192,486194,2,0
486192,486192,486195,3,0
486192,486192,486195,3,0
486192,486213,486214,1,21
486192,486213,486214,1,21
486192,486213,486214,1,21
486192,486213,486215,2,21
485431,485431,486223,792,0
486225,486226,486227,1,1
486225,486226,486227,1,1
486225,486226,486227,1,1
486225,486226,486227,1,1
486225,486226,486227,1,1
486225,486226,486227,1,1
486225,486226,486227,1,1
486225,486226,486227,1,1
486225,486226,486227,1,1
486225,486226,486227,1,1
486225,486226,486227,1,1
486225,486226,486227,1,1
486225,486226,486227,1,1
486225,486226,486227,1,1
486225,486226,486227,1,1
486225,486226,486227,1,1
486225,486226,486227,1,1
486225,486226,486227,1,1
486225,486226,486227,1,1
486225,486226,486227,1,1
486225,486226,486227,1,1
486225,486226,486227,1,1
486225,486226,486227,1,1
486225,486226,486227,1,1
486225,486226,486227,1,1
486225,486226,486227,1,1
486225,486226,486227,1,1
486225,486226,486227,1,1
486225,486226,486227,1,1
486225,486226,486227,1,1
486225,486226,486227,1,1
486225,486226,486227,1,1
486225,486226,486227,1,1
486225,486226,486227,1,1
486225,486226,486227,1,1
486225,486226,486228,2,1
486225,486226,486227,1,1
486225,486226,486227,1,1
486225,486226,486227,1,1
486225,486226,486227,1,1
486225,486226,486227,1,1
486225,486226,486227,1,1
486225,486226,486227,1,1
486225,486226,486228,2,1
486225,486226,486228,2,1
486225,486226,486228,2,1
486225,486226,486229,3,1
485462,485462,486254,792,0
486255,486255,486256,1,0
486255,486255,486256,1,0
486255,486255,486256,1,0
486255,486255,486256,1,0
486255,486255,486256,1,0
486255,486255,486256,1,0
486255,486255,486256,1,0
486255,486255,486256,1,0
486255,486255,486256,1,0
486255,486255,486256,1,0
486255,486255,486256,1,0
486255,486255,486256,1,0
486255,486255,486256,1,0
486255,486255,486256,1,0
486255,486255,486256,1,0
486255,486255,486256,1,0
486255,486255,486256,1,0
486255,486255,486256,1,0
486255,486255,486256,1,0
486255,486255,486256,1,0
486255,486255,486256,1,0
486255,486255,486256,1,0
486255,486255,486256,1,0
486255,486255,486256,1,0
486255,486255,486256,1,0
486255,486255,486256,1,0
486255,486255,486256,1,0
486255,486255,486256,1,0
486255,486256,486257,1,1
486255,486255,486256,1,0
486255,486255,486256,1,0
486255,486255,486257,2,0
486255,486255,486256,1,0
486255,486255,486256,1,0
486255,486255,486256,1,0
486255,486255,486256,1,0
486255,486255,486256,1,0
486255,486255,486256,1,0
486255,486255,486256,1,0
486255,486255,486256,1,0
486255,486255,486256,1,0
485456,485456,486258,802,0
486259,486259,486260,1,0
486259,486259,486260,1,0
486259,486259,486260,1,0
486259,486259,486260,1,0
486259,486259,486260,1,0
486259,486259,486260,1,0
486259,486259,486260,1,0
486259,486259,486260,1,0
486259,486259,486260,1,0
486259,486259,486260,1,0
486259,486259,486260,1,0
486259,486259,486260,1,0
486259,486259,486260,1,0
486259,486259,486260,1,0
486259,486259,486260,1,0
486259,486259,486260,1,0
486259,486259,486260,1,0
486259,486259,486260,1,0
486259,486259,486260,1,0
486259,486259,486260,1,0
486259,486259,486260,1,0
486259,486259,486260,1,0
486259,486259,486260,1,0
486259,486259,486260,1,0
486259,486259,486260,1,0
486259,486259,486260,1,0
486259,486259,486260,1,0
486259,486259,486260,1,0
486259,486259,486260,1,0
486259,486259,486260,1,0
486259,486259,486260,1,0
486259,486259,486260,1,0
486259,486259,486260,1,0
486259,486259,486260,1,0
486259,486259,486260,1,0
486259,486259,486260,1,0
486259,486259,486260,1,0
486259,486259,486260,1,0
486259,486259,486261,2,0
486259,486259,486260,1,0
486259,486259,486261,2,0
486259,486259,486260,1,0
486259,486259,486260,1,0
486259,486259,486260,1,0
486259,486259,486260,1,0
486259,486259,486260,1,0
485486,485486,486280,794,0
486282,486283,486284,1,1
486282,486283,486284,1,1
486282,486283,486284,1,1
486282,486283,486284,1,1
486282,486283,486284,1,1
486282,486283,486284,1,1
486282,486283,486284,1,1
486282,486283,486284,1,1
486282,486283,486284,1,1
486282,486283,486284,1,1
486282,486283,486284,1,1
486282,486283,486284,1,1
486282,486283,486284,1,1
486282,486283,486284,1,1
486282,486283,486284,1,1
486282,486283,486284,1,1
486282,486283,486284,1,1
486282,486283,486284,1,1
486282,486283,486284,1,1
486282,486283,486284,1,1
486282,486283,486284,1,1
486282,486283,486284,1,1
486282,486283,486284,1,1
486282,486283,486284,1,1
486282,486283,486284,1,1
486282,486283,486284,1,1
486282,486283,486284,1,1
486282,486283,486284,1,1
486282,486283,486284,1,1
486282,486283,486284,1,1
485476,485476,486294,818,0
486295,486296,486297,1,1
486295,486296,486297,1,1
486295,486296,486297,1,1
486295,486296,486297,1,1
486295,486296,486297,1,1
485499,485499,486296,797,0
486295,486296,486297,1,1
486295,486296,486297,1,1
486295,486296,486297,1,1
486295,486296,486297,1,1
486295,486296,486297,1,1
486295,486296,486297,1,1
486295,486296,486297,1,1
486295,486296,486297,1,1
486295,486296,486297,1,1
486295,486296,486297,1,1
486295,486296,486297,1,1
486295,486296,486297,1,1
486295,486296,486297,1,1
486295,486296,486297,1,1
486295,486296,486297,1,1
486295,486296,486297,1,1
486295,486296,486297,1,1
486295,486296,486297,1,1
486295,486296,486297,1,1
486295,486296,486297,1,1
486295,486296,486297,1,1
486295,486296,486297,1,1
486295,486296,486297,1,1
486295,486296,486297,1,1
486295,486296,486297,1,1
486295,486296,486297,1,1
486295,486296,486297,1,1
486295,486296,486297,1,1
486295,486296,486297,1,1
486295,486296,486297,1,1
486295,486296,486297,1,1
486295,486296,486297,1,1
486295,486296,486297,1,1
486295,486296,486297,1,1
486295,486296,486297,1,1
486295,486296,486297,1,1
486295,486296,486297,1,1
486295,486296,486297,1,1
486295,486296,486297,1,1
486302,486302,486303,1,0
486302,486302,486303,1,0
486302,486302,486303,1,0
486302,486302,486303,1,0
486302,486302,486303,1,0
486302,486302,486303,1,0
486302,486302,486303,1,0
486302,486302,486303,1,0
486302,486302,486303,1,0
486302,486302,486303,1,0
486302,486302,486303,1,0
486302,486302,486303,1,0
486302,486302,486303,1,0
486302,486302,486303,1,0
486302,486302,486303,1,0
486302,486302,486303,1,0
486302,486302,486303,1,0
486302,486302,486303,1,0
486302,486302,486303,1,0
486302,486302,486303,1,0
486302,486302,486303,1,0
486302,486302,486304,2,0
486302,486302,486303,1,0
486302,486302,486303,1,0
486302,486302,486303,1,0
486302,486302,486303,1,0
486302,486302,486303,1,0
486302,486302,486303,1,0
486302,486302,486304,2,0
486302,486302,486303,1,0
486302,486302,486303,1,0
486302,486302,486303,1,0
486302,486302,486303,1,0
486302,486302,486303,1,0
486302,486302,486303,1,0
486302,486302,486303,1,0
486302,486302,486304,2,0
486302,486302,486303,1,0
486302,486302,486303,1,0
486302,486302,486303,1,0
486302,486302,486304,2,0
486302,486302,486303,1,0
486302,486302,486303,1,0
486302,486302,486304,2,0
486302,486302,486303,1,0
486302,486303,486304,1,1
486302,486303,486304,1,1
486302,486303,486304,1,1
486302,486302,486304,2,0
486302,486303,486304,1,1
485509,485510,486311,801,1
485523,485523,486312,789,0
486316,486316,486317,1,0
486316,486316,486317,1,0
486316,486316,486317,1,0
486316,486316,486317,1,0
486316,486316,486317,1,0
486316,486316,486317,1,0
486316,486316,486317,1,0
486316,486316,486317,1,0
486316,486316,486317,1,0
486316,486316,486317,1,0
486316,486316,486317,1,0
486316,486316,486317,1,0
486316,486316,486317,1,0
486316,486316,486317,1,0
486316,486316,486317,1,0
486316,486316,486318,2,0
486316,486316,486317,1,0
486316,486316,486317,1,0
486316,486316,486318,2,0
486316,486316,486317,1,0
486316,486316,486318,2,0
486316,486316,486318,2,0
486316,486316,486318,2,0
486316,486316,486318,2,0
486316,486316,486317,1,0
486316,486316,486317,1,0
486316,486316,486318,2,0
486316,486316,486317,1,0
486316,486316,486317,1,0
486316,486316,486318,2,0
486316,486316,486317,1,0
486316,486316,486317,1,0
486316,486316,486318,2,0
486316,486317,486318,1,1
486316,486317,486318,1,1
486316,486317,486318,1,1
486316,486317,486318,1,1
486316,486317,486318,1,1
486316,486317,486318,1,1
486316,486317,486318,1,1
486316,486316,486319,3,0
486318,486318,486319,1,0
486318,486318,486319,1,0
486316,486316,486318,2,0
486318,486318,486319,1,0
486318,486318,486319,1,0
486316,486316,486319,3,0
486318,486318,486319,1,0
486318,486318,486319,1,0
486316,486317,486319,2,1
486318,486318,486319,1,0
486318,486318,486319,1,0
486318,486318,486319,1,0
486318,486318,486319,1,0
486318,486318,486319,1,0
486318,486318,486320,2,0
486318,486318,486320,2,0
486318,486318,486320,2,0
486318,486318,486319,1,0
486318,486318,486319,1,0
486318,486318,486320,2,0
486318,486318,486319,1,0
486318,486318,486320,2,0
486318,486318,486319,1,0
486318,486318,486320,2,0
486318,486318,486319,1,0
486318,486318,486320,2,0
486318,486318,486320,2,0
486318,486318,486320,2,0
486318,486318,486319,1,0
486318,486318,486320,2,0
486318,486318,486320,2,0
486318,486318,486319,1,0
486318,486318,486320,2,0
486318,486318,486320,2,0
486318,486318,486320,2,0
486318,486318,486319,1,0
486318,486318,486320,2,0
486318,486318,486320,2,0
486316,486317,486320,3,1
486318,486318,486321,3,0
486316,486317,486319,2,1
486318,486318,486319,1,0
486318,486318,486321,3,0
486318,486318,486321,3,0
486318,486318,486321,3,0
486318,486318,486321,3,0
486318,486318,486321,3,0
486318,486318,486321,3,0
486318,486321,486322,1,3
486318,486321,486322,1,3
486318,486321,486322,1,3
486318,486321,486324,3,3
485535,485535,486328,793,0
486330,486330,486331,1,0
486330,486330,486331,1,0
486330,486330,486331,1,0
486330,486330,486331,1,0
486330,486330,486331,1,0
486330,486330,486331,1,0
486330,486330,486331,1,0
486330,486330,486331,1,0
486330,486330,486331,1,0
486330,486330,486331,1,0
486330,486330,486331,1,0
486330,486330,486331,1,0
486330,486330,486331,1,0
486330,486330,486332,2,0
486330,486330,486331,1,0
486330,486330,486331,1,0
486330,486330,486331,1,0
486330,486330,486331,1,0
486330,486330,486331,1,0
486330,486330,486331,1,0
486330,486330,486331,1,0
486330,486330,486332,2,0
486330,486330,486331,1,0
486330,486330,486331,1,0
486330,486330,486331,1,0
486330,486330,486331,1,0
486330,486330,486331,1,0
486330,486330,486331,1,0
486330,486330,486331,1,0
486330,486330,486331,1,0
486330,486330,486331,1,0
486330,486330,486331,1,0
486330,486330,486331,1,0
486330,486330,486331,1,0
486330,486330,486331,1,0
486330,486330,486331,1,0
486330,486330,486333,3,0
486330,486330,486332,2,0
486330,486330,486332,2,0
486330,486330,486332,2,0
486330,486330,486333,3,0
486330,486330,486333,3,0
486330,486330,486333,3,0
486330,486330,486333,3,0
486330,486330,486333,3,0
486330,486333,486334,1,3
486330,486333,486334,1,3
486330,486333,486334,1,3
486330,486333,486336,3,3
486330,486333,486334,1,3
485533,485533,486381,848,0
486383,486384,486385,1,1
486383,486384,486385,1,1
486383,486384,486385,1,1
486383,486384,486385,1,1
486383,486384,486385,1,1
486383,486384,486385,1,1
486383,486384,486385,1,1
486383,486384,486385,1,1
486383,486384,486385,1,1
486383,486384,486385,1,1
486383,486384,486385,1,1
486383,486384,486385,1,1
486383,486384,486385,1,1
486383,486384,486385,1,1
486383,486384,486385,1,1
486383,486384,486385,1,1
486383,486384,486385,1,1
486383,486384,486385,1,1
486383,486384,486385,1,1
486383,486384,486385,1,1
486383,486384,486385,1,1
486383,486384,486385,1,1
486383,486384,486385,1,1
486383,486384,486385,1,1
486383,486384,486385,1,1
486383,486384,486385,1,1
486383,486384,486385,1,1
486383,486384,486385,1,1
486383,486384,486385,1,1
486383,486384,486385,1,1
486383,486384,486385,1,1
486383,486384,486385,1,1
486383,486384,486385,1,1
486383,486384,486385,1,1
486383,486384,486386,2,1
486383,486384,486386,2,1
486383,486384,486387,3,1
486383,486384,486386,2,1
486383,486384,486386,2,1
486383,486384,486386,2,1
486383,486384,486386,2,1
486383,486384,486386,2,1
486383,486384,486387,3,1
486383,486384,486386,2,1
486383,486384,486387,3,1
486383,486384,486387,3,1
467829,467832,486497,18665,3
485599,486498,486499,1,899
485866,486498,486514,16,632
486523,486529,486646,117,6
486645,486648,486656,8,3
485857,485857,486697,840,0
485924,485924,486703,779,0
486704,486704,486705,1,0
486704,486704,486705,1,0
486704,486704,486705,1,0
486704,486704,486705,1,0
486704,486704,486705,1,0
486704,486704,486705,1,0
486704,486704,486705,1,0
486704,486704,486705,1,0
486704,486704,486706,2,0
486704,486704,486705,1,0
486704,486704,486705,1,0
486704,486704,486705,1,0
486704,486704,486705,1,0
486704,486704,486705,1,0
486704,486704,486705,1,0
486704,486704,486705,1,0
486704,486704,486705,1,0
486704,486704,486705,1,0
486704,486704,486705,1,0
486704,486704,486705,1,0
486704,486704,486705,1,0
486704,486704,486705,1,0
486704,486704,486705,1,0
486704,486704,486705,1,0
486704,486704,486705,1,0
486704,486704,486705,1,0
486704,486704,486705,1,0
486704,486704,486705,1,0
486704,486704,486705,1,0
486704,486704,486705,1,0
486704,486704,486705,1,0
486704,486704,486705,1,0
486704,486704,486705,1,0
486704,486704,486705,1,0
486704,486704,486705,1,0
486704,486704,486705,1,0
486704,486704,486705,1,0
486704,486704,486705,1,0
486704,486704,486705,1,0
486704,486704,486705,1,0
486704,486704,486705,1,0
486704,486704,486705,1,0
486704,486704,486706,2,0
486704,486704,486706,2,0
486704,486704,486707,3,0
486704,486704,486707,3,0
486704,486704,486707,3,0
486704,486704,486707,3,0
486704,486704,486707,3,0
486704,486704,486707,3,0
485943,485943,486720,777,0
486721,486722,486723,1,1
486721,486722,486723,1,1
486721,486722,486723,1,1
486721,486722,486723,1,1
486721,486722,486723,1,1
486721,486722,486723,1,1
486721,486722,486723,1,1
486721,486722,486723,1,1
486721,486722,486723,1,1
486721,486722,486723,1,1
486721,486722,486723,1,1
486721,486722,486723,1,1
486721,486722,486723,1,1
486721,486722,486723,1,1
486721,486722,486723,1,1
486721,486722,486723,1,1
486721,486722,486723,1,1
486721,486722,486723,1,1
486721,486722,486723,1,1
486721,486722,486723,1,1
486721,486722,486723,1,1
486721,486722,486723,1,1
486721,486722,486723,1,1
486721,486722,486723,1,1
486721,486722,486723,1,1
486721,486722,486723,1,1
486721,486722,486723,1,1
486721,486722,486723,1,1
486721,486722,486723,1,1
486721,486722,486723,1,1
486721,486722,486723,1,1
486721,486722,486723,1,1
486721,486722,486723,1,1
486721,486722,486723,1,1
486721,486722,486723,1,1
486721,486722,486723,1,1
486721,486722,486723,1,1
486716,486718,486729,11,2
485934,485934,486732,798,0
486733,486734,486735,1,1
486733,486734,486735,1,1
486733,486734,486735,1,1
486733,486734,486735,1,1
486733,486734,486735,1,1
486733,486734,486735,1,1
486733,486734,486735,1,1
486733,486734,486735,1,1
486733,486734,486735,1,1
486733,486734,486735,1,1
486733,486734,486735,1,1
486733,486734,486735,1,1
486733,486734,486735,1,1
486733,486734,486735,1,1
486733,486734,486735,1,1
486733,486734,486735,1,1
486733,486734,486735,1,1
486733,486734,486735,1,1
486733,486734,486735,1,1
486733,486734,486735,1,1
486733,486734,486735,1,1
486733,486734,486735,1,1
486733,486734,486735,1,1
486733,486734,486735,1,1
486733,486734,486735,1,1
486733,486734,486735,1,1
486733,486734,486735,1,1
486733,486734,486735,1,1
486733,486734,486735,1,1
486733,486734,486735,1,1
486733,486734,486735,1,1
486733,486734,486735,1,1
486733,486734,486735,1,1
486733,486734,486735,1,1
486733,486734,486735,1,1
486733,486734,486735,1,1
486733,486734,486735,1,1
486733,486734,486735,1,1
486733,486734,486735,1,1
486733,486734,486735,1,1
486733,486734,486735,1,1
486733,486734,486735,1,1
486733,486734,486735,1,1
486733,486734,486735,1,1
486733,486734,486736,2,1
486733,486734,486736,2,1
486733,486734,486736,2,1
486733,486734,486736,2,1
486733,486734,486736,2,1
485985,485985,486771,786,0
486773,486773,486774,1,0
486773,486773,486774,1,0
486773,486773,486774,1,0
486773,486773,486774,1,0
486773,486773,486774,1,0
486773,486773,486774,1,0
486773,486773,486774,1,0
486773,486773,486774,1,0
486773,486773,486774,1,0
486773,486773,486774,1,0
486773,486773,486774,1,0
486773,486773,486774,1,0
486773,486773,486774,1,0
486773,486773,486774,1,0
486773,486773,486774,1,0
486773,486773,486774,1,0
486773,486773,486774,1,0
486773,486773,486774,1,0
486773,486773,486774,1,0
486773,486773,486774,1,0
486773,486773,486774,1,0
486773,486773,486774,1,0
486773,486773,486774,1,0
486773,486773,486774,1,0
486773,486773,486774,1,0
486773,486773,486774,1,0
486773,486773,486774,1,0
486773,486773,486774,1,0
486773,486773,486774,1,0
486773,486773,486774,1,0
486773,486773,486774,1,0
486773,486773,486774,1,0
486773,486773,486774,1,0
486773,486773,486774,1,0
486773,486773,486774,1,0
486773,486773,486774,1,0
486773,486773,486774,1,0
486773,486773,486774,1,0
486773,486773,486774,1,0
486773,486773,486774,1,0
486773,486773,486774,1,0
486773,486773,486774,1,0
486773,486773,486774,1,0
486773,486773,486774,1,0
486773,486773,486774,1,0
486773,486773,486774,1,0
485975,485975,486789,814,0
486792,486792,486793,1,0
486792,486792,486793,1,0
486792,486792,486793,1,0
486792,486792,486793,1,0
486792,486792,486793,1,0
486792,486792,486793,1,0
486792,486792,486793,1,0
486792,486792,486793,1,0
486792,486792,486793,1,0
486792,486792,486793,1,0
486792,486792,486793,1,0
486792,486792,486793,1,0
486792,486792,486793,1,0
486792,486792,486793,1,0
486792,486792,486793,1,0
486792,486792,486793,1,0
486792,486792,486793,1,0
486792,486792,486793,1,0
486792,486792,486793,1,0
486792,486792,486793,1,0
486792,486792,486793,1,0
486792,486792,486793,1,0
486792,486792,486793,1,0
486792,486792,486793,1,0
486792,486792,486793,1,0
486792,486792,486793,1,0
486792,486792,486793,1,0
486792,486792,486793,1,0
486792,486792,486793,1,0
486792,486792,486793,1,0
486792,486792,486793,1,0
486792,486792,486793,1,0
486792,486792,486793,1,0
486792,486792,486793,1,0
486792,486792,486793,1,0
486792,486792,486793,1,0
486792,486792,486793,1,0
486792,486792,486793,1,0
486792,486792,486793,1,0
486792,486792,486793,1,0
486792,486792,486793,1,0
486792,486792,486793,1,0
486792,486792,486793,1,0
486792,486792,486793,1,0
486792,486805,486806,1,13
486792,486805,486806,1,13
486792,486805,486806,1,13
486792,486805,486806,1,13
486792,486805,486806,1,13
486792,486805,486806,1,13
486735,486737,486856,119,2
486854,486857,486864,7,3
486094,486094,486887,793,0
486887,486888,486889,1,1
486887,486888,486889,1,1
486887,486888,486889,1,1
486887,486888,486889,1,1
486887,486888,486889,1,1
486887,486888,486889,1,1
486887,486888,486889,1,1
486887,486888,486889,1,1
486887,486888,486889,1,1
486887,486888,486889,1,1
486887,486888,486889,1,1
486887,486888,486889,1,1
486887,486888,486889,1,1
486887,486888,486889,1,1
486887,486888,486889,1,1
486887,486888,486889,1,1
486887,486888,486889,1,1
486887,486888,486889,1,1
486887,486888,486889,1,1
486887,486888,486889,1,1
486887,486888,486889,1,1
486887,486888,486889,1,1
486887,486888,486889,1,1
486887,486888,486889,1,1
486887,486888,486889,1,1
486887,486888,486889,1,1
486887,486888,486889,1,1
486887,486888,486889,1,1
486887,486888,486889,1,1
486887,486888,486889,1,1
486887,486888,486889,1,1
486887,486888,486889,1,1
486887,486888,486889,1,1
486887,486888,486889,1,1
486887,486888,486889,1,1
486887,486888,486889,1,1
486887,486888,486889,1,1
486887,486888,486889,1,1
486887,486888,486889,1,1
486887,486888,486889,1,1
486887,486888,486889,1,1
486887,486888,486889,1,1
486887,486888,486889,1,1
486887,486888,486889,1,1
486887,486888,486889,1,1
486887,486888,486889,1,1
486887,486888,486889,1,1
486105,486105,486905,800,0
486905,486905,486906,1,0
486905,486905,486906,1,0
486905,486905,486906,1,0
486905,486905,486906,1,0
486905,486905,486906,1,0
486905,486905,486906,1,0
486905,486905,486906,1,0
486905,486905,486906,1,0
486905,486905,486906,1,0
486905,486905,486906,1,0
486905,486905,486906,1,0
486905,486905,486906,1,0
486905,486905,486906,1,0
486905,486905,486906,1,0
486905,486905,486907,2,0
486905,486905,486907,2,0
486905,486905,486907,2,0
486905,486905,486906,1,0
486905,486905,486907,2,0
486905,486905,486906,1,0
486905,486905,486907,2,0
486905,486905,486906,1,0
486905,486905,486906,1,0
486905,486905,486906,1,0
486905,486905,486907,2,0
486905,486905,486907,2,0
486905,486905,486907,2,0
486905,486905,486906,1,0
486905,486905,486907,2,0
486905,486905,486907,2,0
486905,486905,486907,2,0
486905,486905,486906,1,0
486905,486905,486907,2,0
486905,486905,486907,2,0
486905,486905,486907,2,0
486905,486905,486907,2,0
486905,486905,486906,1,0
486905,486905,486907,2,0
486905,486905,486906,1,0
486905,486905,486907,2,0
486905,486905,486907,2,0
486905,486905,486907,2,0
486905,486905,486907,2,0
486905,486905,486907,2,0
486905,486905,486907,2,0
486905,486905,486907,2,0
486905,486905,486906,1,0
486905,486905,486907,2,0
486905,486905,486906,1,0
486905,486905,486906,1,0
486148,486148,486937,789,0
486938,486938,486939,1,0
486938,486938,486939,1,0
486938,486938,486939,1,0
486938,486938,486939,1,0
486938,486938,486939,1,0
486938,486938,486939,1,0
486938,486938,486940,2,0
486938,486938,486940,2,0
486938,486938,486940,2,0
486938,486938,486940,2,0
486938,486938,486939,1,0
486938,486938,486939,1,0
486938,486938,486940,2,0
486938,486938,486939,1,0
486938,486938,486940,2,0
486938,486938,486940,2,0
486938,486938,486940,2,0
486938,486938,486939,1,0
486938,486938,486940,2,0
486938,486938,486940,2,0
486938,486938,486940,2,0
486938,486938,486940,2,0
486938,486938,486939,1,0
486938,486938,486939,1,0
486938,486938,486940,2,0
486938,486938,486940,2,0
486938,486938,486940,2,0
486938,486938,486940,2,0
486938,486938,486940,2,0
486938,486938,486940,2,0
486938,486938,486940,2,0
486938,486938,486940,2,0
486938,486938,486940,2,0
486938,486938,486940,2,0
486938,486938,486940,2,0
486938,486938,486940,2,0
486938,486938,486940,2,0
486938,486938,486940,2,0
486928,486930,486939,9,2
486938,486938,486941,3,0
486938,486938,486941,3,0
486938,486938,486941,3,0
486938,486938,486941,3,0
486938,486938,486941,3,0
486938,486938,486941,3,0
486938,486938,486941,3,0
486938,486953,486954,1,15
486938,486953,486954,1,15
486938,486953,486954,1,15
486938,486953,486955,2,15
486938,486953,486956,3,15
486939,486941,486961,20,2
486174,486174,486975,801,0
486977,486977,486978,1,0
486977,486977,486978,1,0
486977,486977,486978,1,0
486977,486977,486978,1,0
486977,486977,486978,1,0
486977,486977,486978,1,0
486977,486977,486978,1,0
486977,486977,486979,2,0
486977,486977,486979,2,0
486977,486977,486979,2,0
486977,486977,486978,1,0
486977,486977,486978,1,0
486977,486978,486979,1,1
486977,486978,486979,1,1
486977,486978,486979,1,1
486977,486977,486978,1,0
486977,486977,486979,2,0
486977,486977,486978,1,0
486977,486977,486979,2,0
486977,486977,486978,1,0
486977,486977,486978,1,0
486977,486977,486979,2,0
486977,486977,486979,2,0
486977,486977,486979,2,0
486977,486977,486978,1,0
486977,486977,486979,2,0
486977,486977,486979,2,0
486977,486977,486978,1,0
486977,486977,486978,1,0
486977,486977,486978,1,0
486977,486977,486979,2,0
486977,486977,486979,2,0
486977,486977,486978,1,0
486977,486979,486980,1,2
486977,486979,486980,1,2
486977,486979,486980,1,2
486977,486979,486980,1,2
486977,486977,486980,3,0
486977,486977,486980,3,0
486977,486977,486980,3,0
486977,486977,486980,3,0
486977,486977,486980,3,0
486977,486977,486980,3,0
486977,486977,486979,2,0
486977,486979,486981,2,2
486977,486977,486980,3,0
486977,486978,486980,2,1
486193,486193,487014,821,0
487016,487016,487017,1,0
487016,487016,487017,1,0
487016,487016,487017,1,0
487016,487016,487017,1,0
487016,487016,487017,1,0
487016,487017,487018,1,1
487016,487017,487018,1,1
487016,487016,487018,2,0
487016,487016,487018,2,0
487016,487016,487018,2,0
487016,487016,487017,1,0
487016,487016,487017,1,0
487016,487016,487018,2,0
487016,487016,487017,1,0
487016,487016,487018,2,0
487016,487016,487018,2,0
487016,487016,487018,2,0
487016,487016,487018,2,0
487016,487016,487018,2,0
487016,487016,487017,1,0
487016,487016,487018,2,0
487016,487016,487018,2,0
487016,487016,487018,2,0
487016,487016,487017,1,0
487016,487016,487018,2,0
487016,487016,487018,2,0
487016,487016,487017,1,0
487016,487016,487018,2,0
487016,487016,487018,2,0
487016,487016,487017,1,0
487016,487016,487018,2,0
487016,487016,487018,2,0
487016,487016,487017,1,0
487016,487016,487017,1,0
487016,487016,487018,2,0
487016,487016,487018,2,0
487016,487016,487018,2,0
487016,487016,487018,2,0
487016,487016,487018,2,0
487016,487017,487019,2,1
487016,487017,487019,2,1
487016,487016,487018,2,0
487016,487016,487019,3,0
487016,487016,487019,3,0
487016,487016,487019,3,0
487016,487016,487020,4,0
487016,487016,487020,4,0
487016,487016,487020,4,0
487016,487016,487019,3,0
487016,487016,487019,3,0
486297,486297,487065,768,0
487066,487066,487067,1,0
487066,487066,487067,1,0
487066,487066,487067,1,0
487066,487066,487067,1,0
487066,487066,487067,1,0
487066,487066,487067,1,0
487066,487066,487067,1,0
487066,487066,487067,1,0
487066,487066,487067,1,0
487066,487066,487067,1,0
487066,487066,487067,1,0
487066,487066,487067,1,0
487066,487066,487067,1,0
487066,487066,487067,1,0
487066,487066,487067,1,0
487066,487066,487067,1,0
487066,487066,487067,1,0
487066,487066,487067,1,0
487066,487066,487067,1,0
487066,487066,487067,1,0
487066,487066,487067,1,0
487066,487066,487067,1,0
487066,487066,487067,1,0
487066,487066,487067,1,0
487066,487066,487067,1,0
487066,487066,487067,1,0
487066,487066,487068,2,0
487066,487066,487067,1,0
487066,487066,487067,1,0
487066,487066,487067,1,0
487066,487066,487067,1,0
487066,487066,487067,1,0
487066,487066,487068,2,0
487066,487067,487068,1,1
487066,487067,487068,1,1
487066,487067,487068,1,1
487066,487067,487068,1,1
487066,487066,487067,1,0
487066,487066,487067,1,0
487066,487066,487067,1,0
487066,487066,487067,1,0
487066,487066,487067,1,0
487066,487066,487067,1,0
487066,487066,487067,1,0
487066,487066,487067,1,0
487066,487066,487067,1,0
487066,487066,487067,1,0
487066,487066,487068,2,0
486260,486260,487071,811,0
486256,486258,487073,815,2
486227,486227,487078,851,0
487077,487077,487078,1,0
487077,487078,487079,1,1
487077,487077,487078,1,0
487077,487077,487078,1,0
487077,487077,487078,1,0
487077,487077,487079,2,0
487077,487078,487079,1,1
487077,487078,487079,1,1
487077,487078,487079,1,1
487077,487078,487079,1,1
487077,487078,487079,1,1
487077,487078,487079,1,1
487077,487078,487079,1,1
487077,487078,487079,1,1
487077,487078,487079,1,1
487077,487078,487079,1,1
487077,487078,487079,1,1
486284,486284,487080,796,0
487077,487078,487079,1,1
487077,487078,487079,1,1
487077,487078,487079,1,1
487077,487078,487079,1,1
487077,487078,487079,1,1
487077,487078,487079,1,1
487077,487078,487079,1,1
487077,487078,487079,1,1
487077,487078,487079,1,1
487077,487078,487079,1,1
487077,487078,487080,2,1
487077,487078,487079,1,1
487077,487078,487079,1,1
487079,487079,487080,1,0
487077,487078,487080,2,1
487077,487078,487079,1,1
487077,487078,487079,1,1
487077,487078,487079,1,1
487077,487078,487079,1,1
487077,487078,487080,2,1
487077,487078,487079,1,1
487077,487078,487079,1,1
487079,487079,487080,1,0
487079,487079,487080,1,0
487077,487077,487079,2,0
487077,487078,487079,1,1
487077,487078,487079,1,1
487079,487079,487080,1,0
487079,487079,487080,1,0
487077,487078,487080,2,1
487079,487079,487080,1,0
487079,487079,487080,1,0
487079,487079,487080,1,0
487079,487079,487080,1,0
487077,487078,487080,2,1
487079,487079,487080,1,0
487077,487078,487080,2,1
487079,487079,487081,2,0
487079,487079,487081,2,0
487079,487079,487081,2,0
487079,487079,487081,2,0
487079,487079,487081,2,0
487079,487079,487081,2,0
487079,487079,487081,2,0
487077,487078,487081,3,1
487079,487079,487081,2,0
487079,487079,487081,2,0
487079,487079,487081,2,0
487079,487079,487081,2,0
487079,487081,487082,1,2
487077,487078,487081,3,1
487079,487079,487081,2,0
487079,487081,487082,1,2
487079,487081,487082,1,2
487079,487080,487082,2,1
487079,487080,487083,3,1
487079,487080,487082,2,1
487079,487080,487082,2,1
487079,487079,487082,3,0
487079,487079,487082,3,0
487082,487082,487083,1,0
487082,487082,487083,1,0
487082,487082,487083,1,0
487082,487082,487083,1,0
487079,487080,487082,2,1
487082,487082,487083,1,0
487082,487082,487083,1,0
487079,487081,487082,1,2
487079,487081,487082,1,2
487082,487082,487083,1,0
487082,487082,487083,1,0
487082,487082,487083,1,0
487082,487082,487083,1,0
487082,487082,487083,1,0
487082,487082,487083,1,0
487082,487082,487083,1,0
487082,487082,487083,1,0
487082,487082,487083,1,0
487082,487082,487083,1,0
487082,487082,487083,1,0
487082,487082,487083,1,0
487082,487082,487083,1,0
487082,487082,487083,1,0
487082,487082,487083,1,0
487082,487082,487083,1,0
487082,487082,487083,1,0
487082,487082,487083,1,0
487082,487082,487083,1,0
487082,487082,487083,1,0
487082,487082,487083,1,0
487082,487082,487083,1,0
487082,487082,487083,1,0
487082,487082,487083,1,0
487082,487082,487083,1,0
487079,487080,487083,3,1
487082,487082,487084,2,0
487082,487082,487084,2,0
487082,487082,487084,2,0
486945,486964,487086,122,19
487085,487088,487095,7,3
487098,487098,487099,1,0
487098,487098,487099,1,0
487098,487098,487099,1,0
487098,487098,487099,1,0
487098,487098,487099,1,0
487098,487098,487099,1,0
487098,487098,487099,1,0
487098,487098,487099,1,0
487098,487098,487099,1,0
487098,487098,487099,1,0
487098,487098,487099,1,0
487098,487098,487099,1,0
487098,487098,487099,1,0
487098,487098,487099,1,0
487098,487098,487099,1,0
487098,487098,487099,1,0
487098,487098,487099,1,0
487098,487098,487099,1,0
487098,487098,487099,1,0
487098,487098,487099,1,0
487098,487098,487099,1,0
487098,487098,487099,1,0
487098,487098,487099,1,0
487098,487098,487099,1,0
487098,487098,487099,1,0
487098,487098,487099,1,0
487098,487098,487099,1,0
487098,487098,487099,1,0
487098,487098,487099,1,0
487098,487098,487099,1,0
487098,487098,487099,1,0
487098,487098,487099,1,0
487098,487098,487099,1,0
487098,487098,487099,1,0
487098,487098,487099,1,0
487098,487098,487099,1,0
487098,487098,487099,1,0
487098,487098,487099,1,0
487098,487098,487099,1,0
487098,487098,487099,1,0
487098,487098,487099,1,0
487098,487098,487099,1,0
487098,487098,487099,1,0
487098,487098,487100,2,0
487098,487098,487099,1,0
487098,487101,487102,1,3
487098,487101,487102,1,3
487098,487101,487102,1,3
487098,487101,487102,1,3
487098,487101,487102,1,3
486317,486317,487104,787,0
486303,486303,487105,802,0
487107,487108,487109,1,1
487107,487108,487109,1,1
487107,487108,487109,1,1
487107,487108,487109,1,1
487107,487108,487109,1,1
487107,487108,487109,1,1
487107,487108,487109,1,1
487107,487108,487109,1,1
487107,487108,487109,1,1
487107,487108,487109,1,1
487107,487108,487109,1,1
487107,487108,487109,1,1
487107,487108,487109,1,1
487107,487108,487109,1,1
487107,487108,487109,1,1
487107,487108,487109,1,1
487107,487108,487109,1,1
487107,487108,487109,1,1
487107,487108,487109,1,1
487107,487108,487109,1,1
487107,487108,487109,1,1
487107,487108,487109,1,1
487107,487108,487109,1,1
487107,487108,487109,1,1
487107,487108,487109,1,1
487107,487108,487109,1,1
487107,487108,487109,1,1
487107,487108,487109,1,1
487107,487108,487109,1,1
487107,487108,487109,1,1
487107,487108,487109,1,1
487107,487108,487109,1,1
487107,487108,487109,1,1
487107,487108,487109,1,1
487107,487108,487109,1,1
487107,487108,487109,1,1
487107,487108,487109,1,1
487107,487108,487109,1,1
487107,487108,487109,1,1
487107,487108,487109,1,1
487107,487108,487109,1,1
487107,487108,487111,3,1
487107,487108,487111,3,1
487107,487108,487110,2,1
487107,487108,487110,2,1
487116,487116,487117,1,0
487116,487116,487117,1,0
487116,487116,487117,1,0
487116,487116,487117,1,0
487116,487116,487117,1,0
487116,487116,487117,1,0
487116,487116,487117,1,0
487116,487116,487117,1,0
487116,487116,487117,1,0
487116,487116,487117,1,0
487116,487116,487117,1,0
487116,487116,487117,1,0
487116,487116,487117,1,0
487116,487116,487117,1,0
487116,487116,487117,1,0
487116,487116,487117,1,0
487116,487116,487117,1,0
487116,487116,487117,1,0
487116,487116,487117,1,0
487116,487116,487117,1,0
487116,487116,487117,1,0
487116,487116,487117,1,0
487116,487116,487117,1,0
487116,487116,487117,1,0
487116,487116,487117,1,0
487116,487116,487117,1,0
487116,487116,487117,1,0
487116,487116,487117,1,0
487116,487116,487117,1,0
487116,487116,487117,1,0
487116,487116,487117,1,0
487116,487116,487117,1,0
487116,487116,487117,1,0
487116,487116,487117,1,0
487116,487116,487117,1,0
487116,487116,487117,1,0
487116,487116,487117,1,0
487116,487116,487117,1,0
487116,487116,487117,1,0
487116,487116,487117,1,0
487116,487116,487117,1,0
487116,487116,487117,1,0
487116,487116,487117,1,0
487116,487116,487117,1,0
487116,487116,487117,1,0
487116,487117,487118,1,1
487116,487117,487118,1,1
487116,487117,487118,1,1
487116,487117,487118,1,1
487116,487117,487118,1,1
486331,486331,487123,792,0
487130,487130,487131,1,0
487130,487130,487131,1,0
487130,487130,487131,1,0
487130,487130,487131,1,0
487130,487130,487131,1,0
487130,487130,487131,1,0
487130,487130,487131,1,0
487130,487130,487131,1,0
487130,487131,487132,1,1
487130,487130,487132,2,0
487130,487130,487131,1,0
487130,487130,487132,2,0
487130,487130,487131,1,0
487130,487131,487132,1,1
487130,487131,487132,1,1
487130,487131,487132,1,1
487130,487131,487132,1,1
487130,487131,487132,1,1
487130,487131,487132,1,1
487130,487131,487133,2,1
487130,487130,487131,1,0
487130,487130,487132,2,0
487130,487131,487132,1,1
487130,487131,487132,1,1
487130,487130,487132,2,0
487130,487130,487132,2,0
487130,487130,487133,3,0
487130,487130,487133,3,0
487130,487131,487133,2,1
487130,487131,487133,2,1
487130,487131,487133,2,1
486320,486320,487147,827,0
487149,487149,487150,1,0
487149,487149,487150,1,0
487149,487149,487150,1,0
487149,487149,487150,1,0
487130,487148,487149,1,18
487130,487148,487150,2,18
487149,487149,487150,1,0
487149,487149,487150,1,0
487149,487149,487150,1,0
487149,487149,487150,1,0
487149,487149,487150,1,0
487149,487149,487150,1,0
487149,487149,487150,1,0
487149,487149,487150,1,0
487149,487149,487150,1,0
487149,487149,487150,1,0
487149,487149,487150,1,0
487149,487149,487150,1,0
487149,487149,487150,1,0
487149,487149,487150,1,0
487149,487149,487150,1,0
487149,487149,487150,1,0
487149,487149,487150,1,0
487149,487149,487150,1,0
487149,487149,487150,1,0
487149,487149,487150,1,0
487149,487149,487150,1,0
487149,487149,487150,1,0
487149,487149,487150,1,0
487149,487149,487150,1,0
487149,487149,487151,2,0
487149,487149,487150,1,0
487149,487149,487150,1,0
487149,487149,487150,1,0
487149,487149,487150,1,0
487149,487149,487151,2,0
487149,487149,487150,1,0
487149,487149,487150,1,0
487149,487149,487150,1,0
487149,487149,487150,1,0
487149,487149,487150,1,0
487149,487149,487151,2,0
487149,487149,487150,1,0
487149,487149,487151,2,0
487149,487149,487151,2,0
487130,487156,487157,1,26
487130,487156,487157,1,26
487130,487156,487157,1,26
487130,487156,487157,1,26
487130,487156,487159,3,26
487149,487166,487167,1,17
487149,487166,487167,1,17
487149,487166,487167,1,17
487149,487166,487167,1,17
487149,487166,487167,1,17
487149,487166,487168,2,17
487164,487167,487178,11,3
486385,486385,487194,809,0
487196,487196,487197,1,0
487196,487196,487197,1,0
487196,487196,487197,1,0
487196,487196,487197,1,0
487196,487196,487197,1,0
487196,487196,487197,1,0
487196,487196,487198,2,0
487196,487196,487197,1,0
487196,487196,487198,2,0
487196,487196,487197,1,0
487196,487196,487198,2,0
487196,487197,487198,1,1
487196,487197,487198,1,1
487196,487197,487198,1,1
487196,487196,487197,1,0
487196,487196,487198,2,0
487196,487196,487198,2,0
487196,487196,487197,1,0
487196,487196,487198,2,0
487196,487196,487198,2,0
487196,487196,487197,1,0
487196,487196,487197,1,0
487196,487196,487197,1,0
487196,487196,487197,1,0
487196,487196,487198,2,0
487196,487196,487198,2,0
487196,487196,487197,1,0
487196,487196,487197,1,0
487196,487196,487197,1,0
487196,487196,487198,2,0
487196,487196,487198,2,0
487196,487196,487198,2,0
487196,487196,487197,1,0
487196,487196,487198,2,0
487196,487196,487199,3,0
487196,487196,487199,3,0
487196,487196,487199,3,0
487196,487196,487199,3,0
487196,487196,487199,3,0
487196,487196,487199,3,0
487196,487196,487199,3,0
487178,487180,487200,20,2
487196,487197,487200,3,1
487196,487215,487216,1,19
487196,487215,487216,1,19
487196,487215,487216,1,19
487196,487215,487216,1,19
487196,487215,487217,2,19
487184,487202,487320,118,18
487318,487321,487329,8,3
487393,487395,487405,10,2
487405,487407,487427,20,2
486705,486705,487516,811,0
487518,487519,487520,1,1
487518,487519,487520,1,1
486723,486723,487519,796,0
487518,487519,487520,1,1
487518,487519,487520,1,1
487518,487519,487520,1,1
487518,487519,487520,1,1
487518,487519,487520,1,1
487518,487519,487520,1,1
487518,487519,487520,1,1
487518,487519,487520,1,1
487518,487519,487520,1,1
487518,487519,487520,1,1
487518,487519,487520,1,1
487518,487519,487520,1,1
487518,487519,487520,1,1
487518,487519,487520,1,1
487518,487519,487520,1,1
487518,487519,487520,1,1
487518,487519,487520,1,1
487518,487519,487520,1,1
487518,487519,487520,1,1
487518,487519,487520,1,1
487518,487519,487520,1,1
487518,487519,487520,1,1
487518,487519,487520,1,1
487518,487519,487520,1,1
487518,487519,487520,1,1
487518,487519,487520,1,1
487518,487519,487520,1,1
487518,487519,487520,1,1
487518,487519,487520,1,1
487518,487519,487520,1,1
487518,487519,487520,1,1
487518,487519,487520,1,1
487518,487519,487520,1,1
487518,487519,487520,1,1
487518,487519,487520,1,1
487518,487519,487520,1,1
487518,487519,487520,1,1
487518,487519,487521,2,1
487520,487521,487522,1,1
487518,487519,487521,2,1
487518,487519,487521,2,1
487520,487521,487522,1,1
487520,487521,487522,1,1
487520,487521,487522,1,1
487520,487521,487522,1,1
487520,487521,487522,1,1
487518,487519,487522,3,1
487520,487521,487522,1,1
487520,487521,487522,1,1
487520,487521,487522,1,1
487520,487521,487522,1,1
487520,487521,487522,1,1
487518,487519,487522,3,1
487520,487521,487522,1,1
487520,487521,487522,1,1
487520,487521,487522,1,1
487520,487521,487522,1,1
487520,487521,487522,1,1
487518,487519,487521,2,1
487520,487521,487522,1,1
487520,487521,487522,1,1
487520,487521,487522,1,1
487518,487519,487522,3,1
487520,487521,487522,1,1
487520,487521,487522,1,1
487518,487519,487522,3,1
487520,487521,487522,1,1
487520,487521,487522,1,1
487520,487521,487522,1,1
487520,487521,487522,1,1
487520,487521,487522,1,1
487520,487521,487522,1,1
487520,487521,487522,1,1
487520,487521,487522,1,1
487520,487521,487522,1,1
487518,487519,487522,3,1
487520,487521,487522,1,1
487520,487521,487522,1,1
487520,487521,487523,2,1
487520,487521,487522,1,1
487518,487519,487522,3,1
487518,487519,487522,3,1
487520,487521,487522,1,1
487520,487521,487522,1,1
487520,487521,487522,1,1
487520,487521,487522,1,1
487520,487521,487524,3,1
487520,487521,487523,2,1
487520,487521,487523,2,1
487520,487521,487523,2,1
487520,487521,487524,3,1
487520,487521,487523,2,1
487520,487521,487524,3,1
487520,487521,487524,3,1
487520,487521,487524,3,1
486735,486735,487544,809,0
487411,487430,487547,117,19
487546,487547,487548,1,1
487546,487547,487548,1,1
487546,487547,487548,1,1
487546,487547,487548,1,1
487546,487547,487548,1,1
487546,487547,487548,1,1
487546,487547,487548,1,1
487546,487547,487548,1,1
487546,487547,487548,1,1
487546,487547,487548,1,1
487546,487547,487548,1,1
487546,487547,487548,1,1
487546,487547,487548,1,1
487546,487547,487548,1,1
487546,487547,487548,1,1
487546,487547,487548,1,1
487546,487547,487548,1,1
487546,487547,487548,1,1
487546,487547,487548,1,1
487546,487547,487548,1,1
487546,487547,487548,1,1
487546,487547,487548,1,1
487546,487547,487548,1,1
487546,487547,487548,1,1
487546,487547,487548,1,1
487546,487547,487548,1,1
487546,487547,487548,1,1
487546,487547,487548,1,1
487546,487547,487548,1,1
487546,487547,487548,1,1
487546,487547,487548,1,1
487546,487547,487548,1,1
487546,487547,487548,1,1
487546,487547,487548,1,1
487546,487547,487548,1,1
487546,487547,487548,1,1
487546,487547,487548,1,1
487546,487547,487549,2,1
487546,487547,487549,2,1
487546,487547,487549,2,1
487546,487547,487550,3,1
487546,487547,487549,2,1
487546,487547,487550,3,1
487546,487547,487550,3,1
487545,487548,487551,3,3
486793,486793,487574,781,0
486774,486774,487575,801,0
487575,487576,487577,1,1
487575,487576,487577,1,1
487575,487576,487577,1,1
487575,487576,487577,1,1
487575,487576,487577,1,1
487575,487576,487577,1,1
487575,487576,487577,1,1
487575,487576,487577,1,1
487575,487576,487577,1,1
487575,487576,487577,1,1
487575,487576,487577,1,1
487575,487576,487577,1,1
487575,487576,487577,1,1
487575,487576,487577,1,1
487575,487576,487577,1,1
487575,487576,487577,1,1
487575,487576,487577,1,1
487575,487576,487577,1,1
487575,487576,487577,1,1
487575,487576,487577,1,1
487575,487576,487577,1,1
487575,487576,487577,1,1
487575,487576,487577,1,1
487575,487576,487577,1,1
487575,487576,487577,1,1
487575,487576,487577,1,1
487577,487577,487578,1,0
487575,487576,487577,1,1
487575,487576,487577,1,1
487575,487576,487577,1,1
487575,487576,487577,1,1
487575,487576,487577,1,1
487577,487577,487578,1,0
487575,487576,487577,1,1
487575,487576,487577,1,1
487575,487576,487577,1,1
487577,487577,487578,1,0
487575,487576,487577,1,1
487575,487576,487577,1,1
487575,487576,487577,1,1
487575,487576,487577,1,1
487575,487576,487577,1,1
487575,487576,487577,1,1
487577,487577,487578,1,0
487577,487577,487578,1,0
487577,487577,487578,1,0
487575,487576,487577,1,1
487577,487577,487578,1,0
487577,487577,487578,1,0
487577,487577,487578,1,0
487575,487576,487577,1,1
487575,487576,487577,1,1
487577,487577,487578,1,0
487577,487577,487578,1,0
487577,487577,487578,1,0
487577,487577,487578,1,0
487577,487577,487578,1,0
487577,487577,487578,1,0
487577,487577,487579,2,0
487577,487577,487579,2,0
487577,487577,487579,2,0
487577,487577,487579,2,0
487577,487577,487579,2,0
487577,487577,487578,1,0
487577,487578,487579,1,1
487577,487578,487579,1,1
487577,487578,487579,1,1
487577,487578,487579,1,1
487577,487577,487579,2,0
487577,487577,487579,2,0
487577,487577,487579,2,0
487577,487577,487579,2,0
487577,487577,487579,2,0
487577,487577,487579,2,0
487577,487577,487579,2,0
487577,487577,487579,2,0
487577,487579,487580,1,2
487577,487579,487580,1,2
487577,487579,487580,1,2
487577,487579,487580,1,2
487577,487577,487580,3,0
487577,487578,487579,1,1
487577,487577,487580,3,0
487577,487577,487580,3,0
487577,487577,487580,3,0
487618,487620,487632,12,2
487632,487634,487654,20,2
486889,486889,487705,816,0
487707,487707,487708,1,0
487707,487707,487708,1,0
487707,487707,487708,1,0
487707,487707,487708,1,0
487707,487707,487708,1,0
487707,487707,487708,1,0
487707,487707,487708,1,0
487707,487707,487708,1,0
487707,487707,487708,1,0
487707,487707,487708,1,0
487707,487707,487708,1,0
487707,487707,487708,1,0
487707,487707,487708,1,0
487707,487707,487708,1,0
487707,487707,487708,1,0
487707,487707,487708,1,0
487707,487707,487708,1,0
487707,487707,487708,1,0
487707,487707,487708,1,0
487707,487707,487708,1,0
487707,487707,487708,1,0
487707,487707,487708,1,0
487707,487707,487708,1,0
487707,487707,487708,1,0
487707,487707,487708,1,0
487707,487707,487708,1,0
487707,487707,487708,1,0
487707,487707,487708,1,0
487707,487707,487708,1,0
487707,487707,487708,1,0
487707,487707,487708,1,0
487707,487707,487708,1,0
487707,487707,487708,1,0
487707,487707,487708,1,0
487707,487707,487708,1,0
487707,487707,487708,1,0
487707,487707,487708,1,0
487707,487707,487708,1,0
487707,487707,487708,1,0
487707,487707,487708,1,0
487707,487707,487708,1,0
487707,487707,487708,1,0
487707,487707,487708,1,0
487707,487707,487708,1,0
487707,487707,487708,1,0
487707,487707,487708,1,0
487707,487707,487708,1,0
487707,487707,487708,1,0
487707,487707,487708,1,0
487707,487707,487708,1,0
486906,486907,487721,814,1
487724,487724,487725,1,0
487724,487724,487725,1,0
487724,487724,487725,1,0
487724,487724,487725,1,0
487724,487724,487725,1,0
487724,487724,487725,1,0
487724,487724,487725,1,0
487724,487724,487725,1,0
487724,487724,487725,1,0
487724,487724,487725,1,0
487724,487724,487725,1,0
487724,487724,487725,1,0
487724,487724,487725,1,0
487724,487724,487725,1,0
487724,487724,487725,1,0
487724,487724,487725,1,0
487724,487724,487725,1,0
487724,487724,487725,1,0
487724,487724,487725,1,0
487724,487724,487725,1,0
487724,487724,487725,1,0
487724,487724,487725,1,0
487724,487724,487725,1,0
487724,487724,487725,1,0
487724,487724,487725,1,0
487724,487725,487726,1,1
487724,487725,487726,1,1
487724,487725,487726,1,1
487724,487724,487725,1,0
487724,487724,487725,1,0
487724,487724,487725,1,0
487724,487724,487725,1,0
487724,487724,487725,1,0
487724,487724,487725,1,0
487724,487724,487725,1,0
487724,487724,487725,1,0
487724,487724,487725,1,0
487724,487724,487725,1,0
487724,487724,487725,1,0
487724,487724,487725,1,0
487724,487724,487725,1,0
487724,487724,487725,1,0
487724,487724,487725,1,0
487724,487724,487725,1,0
486939,486939,487750,811,0
487752,487752,487753,1,0
487752,487752,487753,1,0
487752,487752,487753,1,0
487752,487752,487753,1,0
487752,487752,487753,1,0
487752,487752,487753,1,0
487752,487752,487753,1,0
487752,487752,487753,1,0
487752,487752,487753,1,0
487752,487752,487753,1,0
487752,487752,487753,1,0
487752,487752,487753,1,0
487752,487752,487753,1,0
487752,487752,487753,1,0
487752,487752,487753,1,0
487752,487752,487753,1,0
487752,487752,487753,1,0
487752,487753,487754,1,1
487752,487753,487754,1,1
487752,487753,487754,1,1
487752,487753,487754,1,1
487752,487752,487753,1,0
487752,487752,487753,1,0
487752,487752,487753,1,0
487752,487752,487753,1,0
487752,487752,487753,1,0
487752,487752,487753,1,0
487752,487752,487753,1,0
487752,487752,487753,1,0
487752,487752,487753,1,0
487752,487752,487754,2,0
487752,487752,487754,2,0
487752,487752,487753,1,0
487752,487752,487754,2,0
487752,487752,487754,2,0
487752,487752,487753,1,0
487752,487752,487753,1,0
487752,487752,487753,1,0
487752,487752,487754,2,0
487752,487752,487754,2,0
487752,487752,487754,2,0
487752,487752,487753,1,0
487752,487752,487754,2,0
487752,487752,487754,2,0
487752,487752,487754,2,0
487752,487752,487754,2,0
487752,487752,487754,2,0
487752,487752,487754,2,0
486978,486978,487805,827,0
487807,487807,487808,1,0
487807,487807,487808,1,0
487807,487807,487808,1,0
487807,487807,487808,1,0
487807,487807,487808,1,0
487807,487807,487808,1,0
487807,487807,487808,1,0
487807,487807,487808,1,0
487807,487807,487808,1,0
487807,487807,487808,1,0
487807,487807,487808,1,0
487807,487807,487808,1,0
487807,487807,487808,1,0
487807,487807,487808,1,0
487807,487807,487808,1,0
487807,487807,487808,1,0
487807,487807,487808,1,0
487807,487807,487809,2,0
487807,487807,487809,2,0
487807,487807,487808,1,0
487807,487807,487809,2,0
487807,487807,487808,1,0
487807,487807,487808,1,0
487807,487807,487809,2,0
487807,487807,487809,2,0
487807,487807,487808,1,0
487807,487807,487808,1,0
487807,487807,487809,2,0
487807,487807,487808,1,0
487807,487807,487808,1,0
487807,487807,487808,1,0
487807,487807,487809,2,0
487807,487807,487808,1,0
487807,487807,487808,1,0
487807,487807,487808,1,0
487807,487807,487809,2,0
487807,487807,487809,2,0
487807,487807,487808,1,0
487807,487807,487808,1,0
487807,487807,487809,2,0
487807,487807,487809,2,0
487807,487807,487808,1,0
487807,487807,487809,2,0
487807,487807,487808,1,0
487807,487815,487816,1,8
487017,487017,487848,831,0
487849,487850,487851,1,1
487849,487850,487851,1,1
487849,487850,487851,1,1
487849,487850,487851,1,1
487849,487850,487851,1,1
487849,487850,487851,1,1
487849,487850,487851,1,1
487849,487850,487851,1,1
487849,487850,487851,1,1
487849,487850,487851,1,1
487849,487850,487851,1,1
487849,487850,487851,1,1
487849,487850,487851,1,1
487849,487850,487851,1,1
487849,487850,487851,1,1
487849,487850,487851,1,1
487849,487850,487851,1,1
487849,487850,487851,1,1
487849,487850,487851,1,1
487849,487850,487851,1,1
487849,487850,487851,1,1
487849,487850,487851,1,1
487849,487850,487851,1,1
487849,487850,487851,1,1
487849,487850,487851,1,1
487849,487850,487851,1,1
487849,487850,487852,2,1
487849,487850,487851,1,1
487849,487850,487851,1,1
487849,487850,487851,1,1
487849,487850,487851,1,1
487849,487850,487851,1,1
487849,487850,487851,1,1
487849,487850,487852,2,1
487849,487850,487852,2,1
487849,487850,487852,2,1
487849,487850,487852,2,1
487849,487850,487853,3,1
487849,487850,487852,2,1
487849,487850,487852,2,1
487849,487850,487852,2,1
487849,487850,487853,3,1
487849,487850,487853,3,1
487849,487850,487853,3,1
487081,487081,487855,774,0
487857,487858,487859,1,1
487857,487858,487859,1,1
487857,487858,487859,1,1
487857,487858,487859,1,1
487857,487858,487859,1,1
487857,487858,487859,1,1
487857,487858,487859,1,1
487857,487858,487859,1,1
487857,487858,487859,1,1
487857,487858,487859,1,1
487857,487858,487859,1,1
487857,487858,487859,1,1
487857,487858,487859,1,1
487857,487858,487859,1,1
487857,487858,487859,1,1
487857,487858,487859,1,1
487857,487858,487859,1,1
487857,487858,487859,1,1
487857,487858,487859,1,1
487857,487858,487859,1,1
487857,487858,487859,1,1
487857,487858,487859,1,1
487857,487858,487860,2,1
487857,487858,487859,1,1
487857,487858,487859,1,1
487857,487858,487859,1,1
487857,487858,487859,1,1
487857,487858,487860,2,1
487857,487858,487860,2,1
487857,487858,487859,1,1
487857,487858,487859,1,1
487857,487858,487859,1,1
487857,487858,487859,1,1
487857,487858,487859,1,1
487857,487858,487859,1,1
487857,487858,487859,1,1
487857,487858,487859,1,1
487857,487858,487859,1,1
487857,487858,487859,1,1
487857,487858,487859,1,1
487857,487858,487861,3,1
487857,487858,487860,2,1
487857,487858,487860,2,1
487857,487858,487861,3,1
487857,487858,487860,2,1
487857,487858,487860,2,1
487857,487858,487861,3,1
487857,487858,487860,2,1
487849,487874,487875,1,25
487849,487874,487875,1,25
487849,487874,487875,1,25
487109,487109,487894,785,0
487896,487896,487897,1,0
487896,487896,487897,1,0
487896,487896,487897,1,0
487896,487896,487897,1,0
487896,487896,487897,1,0
487099,487099,487896,797,0
487896,487896,487897,1,0
487896,487896,487897,1,0
487896,487896,487897,1,0
487896,487896,487897,1,0
487896,487896,487897,1,0
487896,487896,487897,1,0
487896,487896,487897,1,0
487896,487896,487897,1,0
487896,487896,487897,1,0
487896,487896,487897,1,0
487896,487896,487897,1,0
487896,487896,487897,1,0
487896,487896,487897,1,0
487896,487896,487897,1,0
487896,487896,487897,1,0
487896,487896,487897,1,0
487896,487896,487897,1,0
487896,487896,487897,1,0
487896,487896,487897,1,0
487896,487896,487897,1,0
487896,487896,487897,1,0
487896,487896,487897,1,0
487896,487896,487897,1,0
487896,487896,487897,1,0
487896,487896,487897,1,0
487896,487896,487897,1,0
487896,487896,487897,1,0
487896,487896,487897,1,0
487896,487896,487898,2,0
487896,487896,487897,1,0
487896,487896,487897,1,0
487896,487896,487897,1,0
487896,487896,487897,1,0
487896,487896,487897,1,0
487896,487896,487897,1,0
487896,487896,487897,1,0
487896,487897,487898,1,1
487896,487897,487898,1,1
487896,487897,487898,1,1
487896,487897,487898,1,1
487898,487898,487899,1,0
487898,487898,487899,1,0
487898,487898,487899,1,0
487898,487898,487899,1,0
487898,487898,487899,1,0
487898,487898,487899,1,0
487896,487897,487898,1,1
487898,487898,487899,1,0
487898,487898,487899,1,0
487898,487898,487899,1,0
487898,487898,487899,1,0
487898,487898,487899,1,0
487898,487898,487899,1,0
487898,487898,487899,1,0
487898,487898,487899,1,0
487898,487898,487899,1,0
487898,487898,487899,1,0
487898,487898,487899,1,0
487898,487898,487899,1,0
487898,487898,487899,1,0
487898,487898,487899,1,0
487898,487898,487899,1,0
487898,487898,487899,1,0
487898,487898,487899,1,0
487898,487898,487900,2,0
487898,487898,487899,1,0
487898,487898,487899,1,0
487898,487898,487899,1,0
487898,487898,487900,2,0
487898,487898,487899,1,0
487898,487898,487899,1,0
487898,487898,487900,2,0
487898,487898,487900,2,0
487898,487898,487899,1,0
487898,487898,487899,1,0
487898,487898,487899,1,0
487898,487898,487899,1,0
487898,487898,487899,1,0
487898,487898,487899,1,0
487898,487898,487899,1,0
487898,487898,487899,1,0
487898,487898,487899,1,0
487898,487898,487899,1,0
487898,487898,487899,1,0
487898,487898,487899,1,0
487898,487898,487899,1,0
487898,487898,487899,1,0
487898,487898,487899,1,0
487898,487898,487899,1,0
487898,487898,487899,1,0
487083,487083,487902,819,0
487904,487904,487905,1,0
487904,487904,487905,1,0
487904,487904,487905,1,0
487904,487904,487905,1,0
487904,487904,487905,1,0
487904,487904,487905,1,0
487904,487904,487905,1,0
487904,487905,487906,1,1
487904,487905,487906,1,1
487904,487905,487906,1,1
487904,487904,487905,1,0
487904,487904,487906,2,0
487904,487904,487905,1,0
487904,487904,487905,1,0
487904,487904,487906,2,0
487904,487904,487905,1,0
487904,487904,487905,1,0
487904,487904,487905,1,0
487904,487904,487905,1,0
487904,487904,487906,2,0
487904,487904,487905,1,0
487904,487904,487905,1,0
487904,487904,487905,1,0
487904,487904,487905,1,0
487904,487904,487906,2,0
487904,487904,487905,1,0
487904,487904,487905,1,0
487904,487904,487906,2,0
487904,487904,487905,1,0
487904,487904,487905,1,0
487904,487904,487905,1,0
487904,487904,487905,1,0
487904,487904,487905,1,0
487904,487904,487905,1,0
487904,487904,487905,1,0
487904,487904,487905,1,0
487904,487904,487905,1,0
487904,487904,487905,1,0
487904,487904,487906,2,0
487904,487904,487905,1,0
487904,487904,487905,1,0
487904,487904,487905,1,0
487904,487904,487906,2,0
487904,487904,487906,2,0
487904,487904,487907,3,0
487904,487904,487907,3,0
487904,487904,487907,3,0
487904,487904,487906,2,0
487904,487905,487907,2,1
487904,487904,487907,3,0
487131,487132,487915,783,1
487916,487916,487917,1,0
487916,487916,487917,1,0
487916,487916,487917,1,0
487916,487916,487917,1,0
487916,487916,487917,1,0
487916,487916,487917,1,0
487916,487916,487917,1,0
487916,487916,487917,1,0
487916,487916,487917,1,0
487916,487916,487917,1,0
487916,487916,487917,1,0
487916,487916,487917,1,0
487916,487916,487917,1,0
487916,487916,487917,1,0
487916,487916,487917,1,0
487916,487916,487917,1,0
487916,487916,487917,1,0
487916,487916,487917,1,0
487916,487916,487917,1,0
487916,487916,487917,1,0
487916,487916,487917,1,0
487916,487916,487917,1,0
487916,487916,487917,1,0
487916,487917,487918,1,1
487916,487917,487918,1,1
487916,487917,487918,1,1
487916,487917,487918,1,1
487916,487916,487917,1,0
487916,487916,487917,1,0
487916,487916,487917,1,0
487916,487916,487918,2,0
487916,487916,487917,1,0
487916,487916,487917,1,0
487916,487916,487917,1,0
487916,487916,487917,1,0
487916,487916,487918,2,0
487916,487916,487918,2,0
487916,487916,487917,1,0
487916,487916,487917,1,0
487916,487916,487918,2,0
487916,487916,487917,1,0
487916,487916,487917,1,0
487916,487916,487918,2,0
487916,487916,487917,1,0
487916,487916,487918,2,0
487916,487916,487917,1,0
487916,487916,487918,2,0
487916,487916,487918,2,0
487916,487916,487917,1,0
487916,487916,487918,2,0
487067,487067,487924,857,0
487079,487079,487924,845,0
487896,487924,487925,1,28
487896,487924,487925,1,28
487896,487924,487925,1,28
487896,487924,487925,1,28
487898,487924,487925,1,26
487150,487150,487929,779,0
487931,487931,487932,1,0
487931,487931,487932,1,0
487931,487931,487932,1,0
487931,487931,487932,1,0
487931,487931,487932,1,0
487931,487931,487932,1,0
487931,487931,487932,1,0
487931,487931,487932,1,0
487931,487931,487932,1,0
487931,487931,487932,1,0
487931,487931,487932,1,0
487931,487931,487932,1,0
487931,487931,487932,1,0
487931,487931,487932,1,0
487931,487931,487932,1,0
487931,487931,487932,1,0
487931,487931,487932,1,0
487931,487931,487932,1,0
487931,487931,487932,1,0
487931,487931,487932,1,0
487931,487931,487932,1,0
487931,487931,487932,1,0
487931,487931,487932,1,0
487931,487931,487932,1,0
487931,487931,487932,1,0
487931,487931,487932,1,0
487931,487931,487932,1,0
487931,487931,487932,1,0
487931,487931,487932,1,0
487931,487931,487932,1,0
487931,487931,487932,1,0
487931,487931,487932,1,0
487931,487931,487932,1,0
487931,487931,487932,1,0
487931,487931,487932,1,0
487931,487931,487932,1,0
487931,487931,487932,1,0
487931,487931,487932,1,0
487931,487931,487932,1,0
487931,487932,487933,1,1
487931,487932,487933,1,1
487931,487932,487933,1,1
487931,487931,487932,1,0
487931,487931,487932,1,0
487931,487932,487933,1,1
487931,487932,487933,1,1
487931,487932,487933,1,1
487931,487931,487932,1,0
487931,487931,487933,2,0
487931,487931,487932,1,0
487931,487932,487933,1,1
487931,487932,487933,1,1
487931,487932,487933,1,1
487931,487931,487933,2,0
487931,487931,487933,2,0
487931,487931,487934,3,0
487931,487931,487933,2,0
487931,487933,487934,1,2
487931,487933,487934,1,2
487931,487931,487934,3,0
487931,487933,487934,1,2
487931,487932,487933,1,1
487931,487932,487933,1,1
487931,487931,487933,2,0
487931,487931,487934,3,0
487931,487931,487934,3,0
487931,487931,487934,3,0
487117,487117,487935,818,0
487931,487932,487934,2,1
487944,487945,487946,1,1
487944,487945,487946,1,1
487944,487945,487946,1,1
487944,487945,487946,1,1
487944,487945,487946,1,1
487944,487945,487946,1,1
487944,487945,487946,1,1
487944,487945,487946,1,1
487944,487945,487946,1,1
487944,487945,487946,1,1
487944,487945,487946,1,1
487944,487945,487946,1,1
487944,487945,487946,1,1
487944,487945,487946,1,1
487944,487945,487946,1,1
487944,487945,487946,1,1
487944,487945,487946,1,1
487944,487945,487946,1,1
487944,487945,487946,1,1
487944,487945,487946,1,1
487944,487945,487946,1,1
487944,487945,487946,1,1
487944,487945,487946,1,1
487944,487945,487946,1,1
487944,487945,487946,1,1
487944,487945,487946,1,1
487944,487945,487946,1,1
487944,487945,487946,1,1
487944,487945,487946,1,1
487944,487945,487947,2,1
487944,487945,487946,1,1
487944,487945,487946,1,1
487944,487945,487947,2,1
487944,487945,487947,2,1
487944,487945,487947,2,1
487944,487945,487947,2,1
487944,487945,487947,2,1
487944,487945,487947,2,1
487944,487945,487947,2,1
487949,487949,487950,1,0
487949,487949,487950,1,0
487949,487949,487950,1,0
487949,487949,487950,1,0
487949,487949,487950,1,0
487949,487949,487950,1,0
487949,487949,487950,1,0
487949,487949,487950,1,0
487949,487949,487950,1,0
487949,487949,487950,1,0
487949,487949,487950,1,0
487949,487949,487950,1,0
487949,487949,487950,1,0
487949,487949,487950,1,0
487949,487949,487950,1,0
487949,487949,487950,1,0
487949,487949,487950,1,0
487949,487949,487950,1,0
487949,487949,487950,1,0
487949,487949,487950,1,0
487949,487949,487950,1,0
487949,487949,487950,1,0
487949,487949,487950,1,0
487949,487949,487950,1,0
487949,487949,487950,1,0
487949,487949,487950,1,0
487949,487949,487950,1,0
487949,487949,487950,1,0
487949,487949,487950,1,0
487949,487949,487950,1,0
487949,487949,487950,1,0
487949,487949,487950,1,0
487949,487949,487951,2,0
487949,487949,487950,1,0
487949,487949,487950,1,0
487949,487949,487950,1,0
487949,487949,487950,1,0
487949,487949,487950,1,0
487949,487949,487951,2,0
487949,487950,487951,1,1
487949,487950,487951,1,1
487949,487950,487951,1,1
487949,487950,487951,1,1
487949,487950,487951,1,1
487949,487949,487951,2,0
487949,487949,487951,2,0
487949,487949,487951,2,0
487949,487949,487951,2,0
487949,487949,487951,2,0
487944,487966,487969,3,22
487944,487971,487972,1,27
487944,487972,487974,2,28
487197,487197,488001,804,0
488003,488003,488004,1,0
488003,488003,488004,1,0
488003,488003,488004,1,0
488003,488003,488004,1,0
488003,488003,488004,1,0
488003,488003,488004,1,0
488003,488003,488004,1,0
488003,488003,488004,1,0
488003,488003,488004,1,0
488003,488003,488004,1,0
488003,488003,488004,1,0
488003,488003,488004,1,0
488003,488003,488004,1,0
488003,488003,488004,1,0
488003,488003,488004,1,0
488003,488003,488004,1,0
488003,488003,488004,1,0
488003,488003,488005,2,0
488003,488003,488004,1,0
488003,488003,488004,1,0
488003,488003,488004,1,0
488003,488003,488004,1,0
488003,488004,488005,1,1
488003,488004,488005,1,1
488003,488004,488005,1,1
488003,488004,488005,1,1
488003,488003,488004,1,0
488003,488003,488004,1,0
488003,488003,488004,1,0
488003,488003,488004,1,0
488003,488003,488004,1,0
488003,488003,488004,1,0
488003,488003,488004,1,0
488003,488003,488004,1,0
488003,488003,488004,1,0
488003,488003,488004,1,0
488003,488003,488004,1,0
488003,488003,488005,2,0
488003,488003,488004,1,0
488003,488003,488005,2,0
488003,488003,488005,2,0
488003,488003,488005,2,0
488003,488005,488006,1,2
488003,488005,488006,1,2
488003,488005,488006,1,2
488003,488005,488006,1,2
488003,488005,488006,1,2
488003,488005,488007,2,2
487520,487520,488293,773,0
488295,488295,488296,1,0
488295,488295,488296,1,0
488295,488295,488296,1,0
488295,488295,488296,1,0
488295,488295,488296,1,0
488295,488296,488297,1,1
488295,488296,488297,1,1
488295,488295,488297,2,0
488295,488295,488297,2,0
488295,488295,488297,2,0
488295,488295,488297,2,0
488295,488295,488297,2,0
488295,488295,488297,2,0
488295,488295,488296,1,0
488295,488295,488297,2,0
488295,488295,488297,2,0
488295,488295,488297,2,0
488295,488295,488297,2,0
488295,488295,488297,2,0
488295,488295,488297,2,0
488295,488295,488297,2,0
488295,488295,488297,2,0
488295,488295,488297,2,0
488295,488295,488297,2,0
488295,488295,488297,2,0
488295,488295,488297,2,0
488295,488295,488297,2,0
488295,488295,488297,2,0
488295,488295,488296,1,0
488295,488295,488297,2,0
488295,488295,488297,2,0
488295,488295,488297,2,0
488295,488295,488297,2,0
488295,488295,488297,2,0
488295,488296,488297,1,1
488295,488296,488297,1,1
488295,488296,488297,1,1
488295,488295,488298,3,0
488295,488295,488297,2,0
488295,488295,488298,3,0
488295,488295,488298,3,0
488295,488295,488298,3,0
488295,488295,488298,3,0
488295,488295,488298,3,0
488295,488295,488298,3,0
488295,488296,488298,2,1
488295,488296,488298,2,1
488295,488295,488299,4,0
487522,487522,488312,790,0
488313,488314,488315,1,1
488313,488314,488315,1,1
488313,488314,488315,1,1
488313,488314,488315,1,1
488313,488314,488315,1,1
488313,488314,488315,1,1
488313,488314,488315,1,1
488313,488314,488315,1,1
488313,488314,488316,2,1
488313,488314,488315,1,1
488313,488314,488315,1,1
488313,488314,488315,1,1
488313,488314,488315,1,1
488313,488314,488315,1,1
488313,488314,488315,1,1
488313,488314,488315,1,1
488313,488314,488315,1,1
488313,488314,488315,1,1
488313,488314,488315,1,1
488313,488314,488315,1,1
488313,488314,488315,1,1
488313,488314,488315,1,1
488313,488314,488315,1,1
488313,488314,488315,1,1
488313,488314,488315,1,1
488313,488314,488315,1,1
488313,488314,488315,1,1
488313,488314,488316,2,1
488313,488314,488315,1,1
488313,488314,488316,2,1
488313,488314,488316,2,1
488313,488314,488316,2,1
488313,488314,488315,1,1
488313,488314,488315,1,1
488313,488314,488315,1,1
488313,488314,488315,1,1
488313,488314,488315,1,1
488313,488314,488315,1,1
488313,488314,488315,1,1
488313,488314,488315,1,1
488313,488314,488316,2,1
488313,488314,488316,2,1
488313,488314,488316,2,1
488313,488314,488317,3,1
488313,488314,488316,2,1
488313,488314,488316,2,1
488313,488314,488317,3,1
488313,488314,488317,3,1
488313,488314,488317,3,1
488313,488314,488317,3,1
487548,487548,488321,773,0
488327,488328,488329,1,1
488327,488328,488329,1,1
488327,488328,488329,1,1
488327,488328,488329,1,1
488327,488328,488329,1,1
488327,488328,488329,1,1
488327,488328,488329,1,1
488327,488328,488329,1,1
488327,488328,488329,1,1
488327,488328,488329,1,1
488327,488328,488329,1,1
488327,488328,488329,1,1
488327,488328,488329,1,1
488327,488328,488329,1,1
488327,488328,488329,1,1
488327,488328,488329,1,1
488327,488328,488329,1,1
488327,488328,488329,1,1
488327,488328,488329,1,1
488327,488328,488329,1,1
488327,488328,488329,1,1
488327,488328,488329,1,1
488327,488328,488329,1,1
488327,488328,488329,1,1
488327,488328,488329,1,1
488327,488328,488329,1,1
488327,488328,488329,1,1
488327,488328,488329,1,1
488327,488328,488329,1,1
488327,488328,488329,1,1
488327,488328,488330,2,1
488327,488328,488330,2,1
488327,488328,488330,2,1
488327,488328,488330,2,1
488327,488328,488331,3,1
488327,488328,488331,3,1
488327,488328,488330,2,1
488327,488328,488331,3,1
488327,488328,488331,3,1
487577,487577,488376,799,0
488379,488379,488380,1,0
488379,488379,488380,1,0
488379,488379,488380,1,0
488379,488379,488380,1,0
488379,488379,488380,1,0
488379,488379,488381,2,0
488379,488379,488380,1,0
488379,488379,488380,1,0
488379,488379,488380,1,0
488379,488379,488380,1,0
488379,488379,488380,1,0
488379,488379,488380,1,0
488379,488379,488380,1,0
488379,488379,488380,1,0
488379,488379,488380,1,0
488379,488379,488380,1,0
488379,488379,488380,1,0
488379,488379,488380,1,0
488379,488379,488380,1,0
488379,488379,488380,1,0
488379,488379,488380,1,0
488379,488379,488380,1,0
488379,488379,488380,1,0
488379,488379,488380,1,0
488379,488379,488380,1,0
488379,488379,488380,1,0
488379,488379,488380,1,0
488379,488379,488380,1,0
488379,488379,488380,1,0
488379,488379,488380,1,0
488379,488379,488380,1,0
488379,488379,488380,1,0
488379,488379,488380,1,0
488379,488379,488380,1,0
488379,488379,488380,1,0
488379,488379,488382,3,0
488379,488379,488382,3,0
488379,488379,488381,2,0
488379,488379,488381,2,0
488379,488379,488382,3,0
488379,488379,488381,2,0
488379,488379,488381,2,0
488379,488379,488382,3,0
488379,488379,488382,3,0
487579,487579,488383,804,0
488384,488385,488386,1,1
488384,488385,488386,1,1
488384,488385,488386,1,1
488384,488385,488386,1,1
488384,488385,488386,1,1
488384,488385,488386,1,1
488384,488385,488386,1,1
488384,488385,488386,1,1
488384,488385,488386,1,1
488384,488385,488386,1,1
488384,488385,488386,1,1
488384,488385,488386,1,1
488384,488385,488386,1,1
488384,488385,488386,1,1
488384,488385,488386,1,1
488384,488385,488386,1,1
488384,488385,488386,1,1
488384,488385,488386,1,1
488384,488385,488386,1,1
488384,488385,488386,1,1
488384,488385,488386,1,1
488384,488385,488387,2,1
488384,488385,488386,1,1
488384,488385,488386,1,1
488384,488385,488386,1,1
488384,488385,488386,1,1
488384,488385,488386,1,1
488384,488385,488386,1,1
488384,488385,488386,1,1
488384,488385,488386,1,1
488384,488385,488386,1,1
488384,488385,488386,1,1
488384,488385,488386,1,1
488384,488385,488386,1,1
488384,488385,488386,1,1
488384,488385,488386,1,1
488384,488385,488386,1,1
488384,488385,488386,1,1
488384,488385,488387,2,1
488384,488385,488387,2,1
488384,488385,488386,1,1
488384,488385,488386,1,1
488384,488385,488387,2,1
488384,488385,488387,2,1
488384,488385,488387,2,1
488384,488385,488387,2,1
488384,488385,488388,3,1
488384,488385,488387,2,1
488379,488400,488401,1,21
488379,488400,488401,1,21
488379,488400,488401,1,21
488379,488400,488401,1,21
488379,488400,488401,1,21
488379,488400,488402,2,21
487708,487708,488527,819,0
488529,488529,488530,1,0
488529,488529,488530,1,0
488529,488529,488530,1,0
488529,488529,488530,1,0
488529,488529,488530,1,0
488529,488529,488530,1,0
488529,488529,488530,1,0
488529,488529,488530,1,0
488529,488529,488530,1,0
488529,488529,488530,1,0
488529,488529,488530,1,0
488529,488529,488530,1,0
488529,488529,488530,1,0
488529,488529,488530,1,0
488529,488529,488530,1,0
488529,488529,488530,1,0
488529,488529,488530,1,0
488529,488529,488530,1,0
488529,488529,488530,1,0
488529,488529,488530,1,0
488529,488529,488530,1,0
488529,488529,488530,1,0
488529,488529,488530,1,0
488529,488529,488531,2,0
488529,488529,488530,1,0
488529,488529,488530,1,0
488529,488529,488530,1,0
488529,488529,488530,1,0
488529,488529,488530,1,0
488529,488529,488530,1,0
488529,488529,488530,1,0
488529,488529,488530,1,0
488529,488529,488530,1,0
488529,488529,488530,1,0
488529,488529,488530,1,0
488529,488529,488530,1,0
488529,488529,488530,1,0
488529,488529,488530,1,0
488529,488529,488530,1,0
488529,488529,488530,1,0
488529,488529,488530,1,0
488529,488529,488530,1,0
488529,488529,488530,1,0
488529,488529,488530,1,0
488529,488529,488530,1,0
488529,488529,488530,1,0
488529,488529,488530,1,0
488529,488529,488530,1,0
488529,488529,488530,1,0
488529,488529,488531,2,0
487725,487725,488545,820,0
488546,488546,488547,1,0
488546,488546,488547,1,0
488546,488546,488547,1,0
488546,488546,488547,1,0
488546,488546,488547,1,0
488546,488546,488547,1,0
488546,488546,488547,1,0
488546,488546,488547,1,0
488546,488546,488547,1,0
488546,488546,488547,1,0
488546,488546,488547,1,0
488546,488546,488547,1,0
488546,488546,488547,1,0
488546,488546,488547,1,0
488546,488546,488547,1,0
488546,488546,488547,1,0
488546,488546,488547,1,0
488546,488546,488547,1,0
488546,488546,488547,1,0
488546,488546,488547,1,0
488546,488546,488547,1,0
488546,488546,488547,1,0
488546,488546,488547,1,0
488546,488546,488547,1,0
488546,488546,488547,1,0
488546,488546,488547,1,0
488546,488546,488547,1,0
488546,488546,488547,1,0
488546,488546,488547,1,0
488546,488546,488547,1,0
488546,488546,488548,2,0
488546,488546,488547,1,0
488546,488546,488547,1,0
488546,488546,488547,1,0
488546,488546,488547,1,0
488546,488546,488547,1,0
488546,488546,488547,1,0
488546,488546,488547,1,0
488546,488546,488547,1,0
488546,488546,488547,1,0
488546,488546,488547,1,0
488546,488546,488547,1,0
488546,488546,488547,1,0
488546,488546,488547,1,0
488546,488546,488547,1,0
488546,488546,488547,1,0
488546,488546,488547,1,0
488546,488546,488547,1,0
488546,488546,488547,1,0
488546,488546,488547,1,0
487753,487754,488574,820,1
488574,488575,488576,1,1
488574,488575,488576,1,1
488574,488575,488576,1,1
488574,488575,488576,1,1
488574,488575,488576,1,1
488574,488575,488576,1,1
488574,488575,488576,1,1
488574,488575,488576,1,1
488574,488575,488576,1,1
488574,488575,488576,1,1
488574,488575,488576,1,1
488574,488575,488576,1,1
488574,488575,488576,1,1
488574,488575,488576,1,1
488574,488575,488576,1,1
488574,488575,488576,1,1
488574,488575,488576,1,1
488574,488575,488576,1,1
488574,488575,488576,1,1
488574,488575,488576,1,1
488574,488575,488576,1,1
488574,488575,488576,1,1
488574,488575,488576,1,1
488574,488575,488576,1,1
488574,488575,488576,1,1
488574,488575,488576,1,1
488574,488575,488576,1,1
488574,488575,488576,1,1
488574,488575,488576,1,1
488574,488575,488576,1,1
488574,488575,488576,1,1
488574,488575,488576,1,1
488574,488575,488576,1,1
488574,488575,488576,1,1
488574,488575,488576,1,1
488574,488575,488576,1,1
488574,488575,488576,1,1
488574,488575,488576,1,1
488574,488575,488576,1,1
488574,488575,488576,1,1
488574,488575,488576,1,1
488574,488575,488576,1,1
488574,488575,488576,1,1
488574,488575,488576,1,1
488574,488575,488576,1,1
488574,488575,488576,1,1
487859,487859,488649,790,0
488652,488652,488653,1,0
488652,488652,488653,1,0
488652,488652,488653,1,0
488652,488652,488653,1,0
488652,488652,488653,1,0
488652,488652,488653,1,0
488652,488652,488653,1,0
488652,488652,488653,1,0
488652,488652,488653,1,0
488652,488652,488653,1,0
488652,488652,488653,1,0
488652,488652,488653,1,0
488652,488652,488653,1,0
488652,488652,488653,1,0
488652,488652,488653,1,0
488652,488652,488653,1,0
488652,488652,488653,1,0
488652,488652,488653,1,0
488652,488652,488653,1,0
488652,488652,488653,1,0
488652,488652,488653,1,0
488652,488652,488654,2,0
488652,488652,488654,2,0
488652,488652,488654,2,0
488652,488652,488653,1,0
488652,488652,488653,1,0
488652,488652,488654,2,0
488652,488652,488653,1,0
488652,488652,488653,1,0
488652,488652,488653,1,0
488652,488652,488653,1,0
488652,488652,488653,1,0
488652,488652,488654,2,0
488652,488652,488654,2,0
488652,488652,488653,1,0
488652,488652,488653,1,0
488652,488652,488654,2,0
488652,488652,488653,1,0
488652,488652,488653,1,0
488652,488652,488653,1,0
488652,488652,488654,2,0
488652,488652,488653,1,0
488652,488652,488653,1,0
488652,488652,488653,1,0
488652,488652,488653,1,0
488652,488652,488653,1,0
488652,488652,488653,1,0
488652,488652,488654,2,0
488652,488652,488654,2,0
488652,488652,488655,3,0
487808,487808,488663,855,0
488665,488665,488666,1,0
488665,488665,488666,1,0
488665,488665,488666,1,0
488665,488665,488666,1,0
488665,488665,488666,1,0
488665,488665,488666,1,0
488665,488665,488666,1,0
488665,488665,488666,1,0
488665,488665,488666,1,0
488665,488665,488666,1,0
488665,488665,488666,1,0
488665,488665,488666,1,0
488665,488665,488666,1,0
488665,488665,488666,1,0
488665,488665,488666,1,0
488665,488665,488666,1,0
488665,488665,488666,1,0
488665,488665,488666,1,0
488665,488665,488666,1,0
488665,488665,488666,1,0
488665,488665,488666,1,0
488665,488665,488666,1,0
488665,488665,488666,1,0
488665,488665,488666,1,0
488665,488665,488666,1,0
488665,488665,488666,1,0
488665,488665,488666,1,0
488665,488665,488666,1,0
488665,488665,488666,1,0
488665,488665,488666,1,0
488665,488665,488666,1,0
488665,488665,488666,1,0
488665,488665,488666,1,0
488665,488665,488666,1,0
488665,488665,488666,1,0
488665,488665,488666,1,0
488665,488665,488666,1,0
488665,488665,488666,1,0
488665,488665,488666,1,0
488665,488665,488666,1,0
488665,488665,488666,1,0
488665,488665,488666,1,0
488665,488665,488666,1,0
488665,488665,488666,1,0
488665,488665,488666,1,0
488665,488665,488666,1,0
488665,488665,488666,1,0
488665,488665,488666,1,0
488665,488665,488666,1,0
488665,488665,488666,1,0
487851,487851,488678,827,0
488681,488681,488682,1,0
488681,488681,488682,1,0
488681,488681,488682,1,0
488681,488681,488682,1,0
488681,488681,488682,1,0
488681,488681,488682,1,0
488681,488681,488682,1,0
488681,488681,488682,1,0
488681,488681,488682,1,0
488681,488681,488682,1,0
488681,488681,488682,1,0
488681,488681,488682,1,0
488681,488681,488682,1,0
488681,488681,488682,1,0
488681,488681,488682,1,0
488681,488681,488682,1,0
488681,488681,488682,1,0
488681,488681,488682,1,0
488681,488681,488682,1,0
488681,488681,488682,1,0
488681,488681,488682,1,0
488681,488681,488682,1,0
488681,488681,488682,1,0
488681,488681,488682,1,0
488681,488681,488682,1,0
488681,488681,488682,1,0
488681,488681,488682,1,0
488681,488681,488682,1,0
488681,488681,488682,1,0
488681,488681,488682,1,0
488681,488681,488682,1,0
488681,488681,488682,1,0
488681,488681,488682,1,0
488681,488681,488682,1,0
488681,488681,488683,2,0
488681,488681,488682,1,0
488681,488681,488683,2,0
488681,488681,488682,1,0
488681,488681,488683,2,0
488681,488681,488683,2,0
488681,488681,488682,1,0
488681,488681,488682,1,0
488681,488681,488682,1,0
488681,488681,488682,1,0
488681,488681,488682,1,0
488681,488681,488682,1,0
488681,488681,488682,1,0
488681,488681,488682,1,0
488681,488681,488682,1,0
488681,488681,488682,1,0
487897,487897,488692,795,0
488693,488693,488694,1,0
488693,488693,488694,1,0
488693,488693,488694,1,0
488693,488693,488694,1,0
488693,488693,488694,1,0
488693,488693,488694,1,0
488693,488693,488695,2,0
488693,488693,488695,2,0
488693,488693,488695,2,0
488693,488693,488695,2,0
488693,488693,488695,2,0
488693,488693,488695,2,0
488693,488693,488695,2,0
488693,488693,488695,2,0
488693,488693,488695,2,0
488693,488693,488695,2,0
488693,488693,488695,2,0
488693,488693,488695,2,0
488693,488693,488695,2,0
488693,488693,488695,2,0
488693,488693,488695,2,0
488693,488693,488695,2,0
488693,488693,488695,2,0
488693,488693,488694,1,0
488693,488693,488695,2,0
488693,488693,488695,2,0
488693,488693,488695,2,0
488693,488693,488695,2,0
488693,488693,488695,2,0
488693,488693,488695,2,0
488693,488693,488695,2,0
488693,488693,488695,2,0
488693,488693,488695,2,0
488693,488693,488695,2,0
488693,488693,488695,2,0
488693,488693,488695,2,0
488693,488693,488695,2,0
488693,488693,488694,1,0
488693,488693,488695,2,0
488693,488693,488695,2,0
488693,488693,488695,2,0
488693,488693,488696,3,0
488693,488693,488696,3,0
488693,488693,488696,3,0
488693,488693,488696,3,0
488693,488693,488696,3,0
488693,488693,488696,3,0
488693,488693,488696,3,0
488693,488693,488696,3,0
488693,488693,488697,4,0
487917,487917,488708,791,0
488710,488710,488711,1,0
488710,488710,488711,1,0
488710,488710,488711,1,0
488710,488710,488711,1,0
488710,488710,488711,1,0
488710,488710,488711,1,0
488710,488710,488711,1,0
488710,488710,488711,1,0
488710,488710,488711,1,0
488710,488710,488711,1,0
488710,488710,488711,1,0
488710,488710,488712,2,0
488710,488710,488711,1,0
488710,488710,488711,1,0
488710,488710,488712,2,0
488710,488710,488712,2,0
488710,488710,488712,2,0
488710,488710,488712,2,0
488710,488710,488711,1,0
488710,488710,488712,2,0
488710,488710,488712,2,0
488710,488710,488712,2,0
488710,488710,488712,2,0
488710,488710,488711,1,0
488710,488710,488711,1,0
488710,488710,488711,1,0
488710,488710,488711,1,0
488710,488710,488711,1,0
488710,488710,488711,1,0
488710,488710,488711,1,0
488710,488710,488711,1,0
488710,488710,488711,1,0
488710,488710,488711,1,0
488710,488710,488711,1,0
488710,488710,488711,1,0
488710,488710,488713,3,0
488710,488710,488713,3,0
488710,488710,488713,3,0
488710,488710,488713,3,0
488710,488710,488713,3,0
488710,488710,488712,2,0
488710,488711,488713,2,1
487905,487905,488721,816,0
488723,488724,488725,1,1
488723,488723,488724,1,0
488723,488723,488724,1,0
488723,488724,488725,1,1
488723,488724,488725,1,1
488723,488724,488725,1,1
488723,488723,488725,2,0
488723,488723,488725,2,0
488723,488724,488725,1,1
488723,488723,488725,2,0
488723,488723,488725,2,0
488723,488724,488725,1,1
488723,488724,488725,1,1
488723,488724,488725,1,1
488723,488723,488725,2,0
488723,488724,488725,1,1
488723,488724,488725,1,1
488723,488723,488725,2,0
488723,488724,488725,1,1
488723,488724,488725,1,1
488723,488723,488725,2,0
488723,488723,488725,2,0
488723,488724,488725,1,1
488723,488724,488725,1,1
488723,488723,488725,2,0
488723,488724,488725,1,1
488723,488724,488725,1,1
488723,488724,488725,1,1
488723,488724,488725,1,1
488723,488724,488725,1,1
488723,488724,488725,1,1
488723,488723,488726,3,0
488723,488723,488726,3,0
488723,488723,488726,3,0
488723,488724,488726,2,1
488723,488724,488726,2,1
488723,488724,488726,2,1
488723,488724,488727,3,1
488723,488725,488726,1,2
488723,488725,488726,1,2
488723,488725,488727,2,2
488723,488725,488726,1,2
488723,488724,488727,3,1
488723,488724,488727,3,1
488723,488725,488728,3,2
487932,487933,488740,807,1
488710,488740,488741,1,30
488710,488740,488741,1,30
488710,488740,488741,1,30
488710,488740,488741,1,30
488710,488740,488741,1,30
488742,488742,488743,1,0
488742,488742,488743,1,0
488742,488742,488743,1,0
488742,488742,488743,1,0
488742,488742,488743,1,0
488742,488742,488743,1,0
488742,488742,488743,1,0
488742,488742,488743,1,0
488742,488742,488743,1,0
488742,488742,488743,1,0
488742,488742,488743,1,0
488742,488742,488743,1,0
488710,488740,488742,2,30
488742,488742,488743,1,0
488742,488742,488743,1,0
488742,488742,488743,1,0
488742,488742,488743,1,0
488742,488742,488743,1,0
488742,488742,488743,1,0
488742,488742,488743,1,0
488742,488742,488743,1,0
488742,488742,488743,1,0
488742,488742,488743,1,0
488742,488742,488743,1,0
488742,488742,488743,1,0
488742,488742,488743,1,0
488742,488742,488743,1,0
488742,488742,488743,1,0
488742,488742,488743,1,0
488742,488743,488744,1,1
488742,488742,488744,2,0
488742,488742,488744,2,0
488742,488742,488743,1,0
488742,488742,488744,2,0
488742,488742,488743,1,0
488742,488742,488743,1,0
488742,488742,488743,1,0
488742,488742,488744,2,0
488742,488742,488743,1,0
488742,488742,488743,1,0
488742,488742,488743,1,0
488742,488742,488743,1,0
488742,488742,488743,1,0
488742,488742,488745,3,0
488742,488742,488745,3,0
488742,488742,488744,2,0
488742,488742,488745,3,0
488742,488743,488745,2,1
487899,487899,488748,849,0
487946,487946,488750,804,0
487950,487951,488752,801,1
488755,488756,488757,1,1
488755,488756,488757,1,1
488756,488756,488757,1,0
488755,488756,488757,1,1
488755,488756,488757,1,1
488755,488756,488757,1,1
488755,488756,488757,1,1
488755,488756,488757,1,1
488756,488756,488757,1,0
488756,488756,488757,1,0
488755,488756,488757,1,1
488755,488756,488757,1,1
488755,488756,488757,1,1
488755,488756,488757,1,1
488755,488756,488758,2,1
488755,488756,488758,2,1
488755,488756,488758,2,1
488755,488756,488757,1,1
488755,488756,488757,1,1
488755,488756,488757,1,1
488755,488756,488757,1,1
488755,488756,488757,1,1
488755,488756,488757,1,1
488755,488756,488757,1,1
488755,488756,488757,1,1
488755,488756,488757,1,1
488755,488756,488757,1,1
488755,488756,488757,1,1
488755,488756,488757,1,1
488755,488756,488757,1,1
488756,488756,488757,1,0
488756,488756,488757,1,0
488755,488756,488757,1,1
488755,488756,488757,1,1
488756,488756,488757,1,0
488756,488757,488758,1,1
488755,488756,488757,1,1
488756,488756,488757,1,0
488755,488756,488757,1,1
488755,488756,488757,1,1
488755,488756,488757,1,1
488755,488756,488757,1,1
488755,488756,488757,1,1
488756,488756,488757,1,0
488756,488756,488757,1,0
488756,488757,488758,1,1
488755,488756,488757,1,1
488755,488756,488757,1,1
488756,488756,488757,1,0
488756,488756,488757,1,0
488756,488757,488758,1,1
488755,488756,488758,2,1
488756,488756,488757,1,0
488756,488756,488757,1,0
488756,488757,488758,1,1
488756,488758,488759,1,2
488756,488758,488759,1,2
488756,488758,488759,1,2
488755,488756,488758,2,1
488756,488758,488759,1,2
488756,488758,488759,1,2
488756,488758,488759,1,2
488756,488758,488759,1,2
488756,488758,488759,1,2
488755,488756,488759,3,1
488756,488758,488759,1,2
488756,488758,488759,1,2
488756,488758,488759,1,2
488756,488758,488759,1,2
488756,488758,488759,1,2
488756,488758,488759,1,2
488756,488758,488759,1,2
488756,488758,488759,1,2
488756,488758,488759,1,2
488755,488756,488759,3,1
488758,488758,488759,1,0
488758,488758,488759,1,0
488758,488758,488759,1,0
488755,488756,488758,2,1
488756,488758,488759,1,2
488758,488758,488759,1,0
488758,488758,488759,1,0
488758,488758,488759,1,0
488755,488756,488758,2,1
488758,488758,488759,1,0
488758,488758,488759,1,0
488758,488758,488759,1,0
488758,488758,488759,1,0
488755,488756,488758,2,1
488756,488758,488759,1,2
488758,488758,488759,1,0
488758,488758,488759,1,0
488758,488758,488759,1,0
488758,488758,488759,1,0
488758,488758,488759,1,0
488758,488758,488759,1,0
488758,488758,488759,1,0
488756,488758,488759,1,2
488758,488758,488759,1,0
488758,488758,488759,1,0
488758,488758,488759,1,0
488758,488758,488759,1,0
488758,488758,488759,1,0
488755,488756,488759,3,1
488756,488758,488759,1,2
488758,488759,488760,1,1
488758,488759,488760,1,1
488758,488759,488760,1,1
488758,488759,488760,1,1
488758,488759,488760,1,1
488758,488759,488760,1,1
488758,488759,488760,1,1
488758,488759,488760,1,1
488758,488759,488760,1,1
488758,488759,488760,1,1
488758,488759,488760,1,1
488755,488756,488759,3,1
488758,488759,488760,1,1
488758,488759,488760,1,1
488758,488759,488760,1,1
488758,488759,488760,1,1
488758,488759,488760,1,1
488758,488759,488760,1,1
488758,488758,488759,1,0
488758,488758,488760,2,0
488758,488758,488760,2,0
488758,488758,488760,2,0
488758,488758,488759,1,0
488758,488758,488759,1,0
488758,488758,488759,1,0
488758,488758,488759,1,0
488756,488758,488759,1,2
488758,488758,488760,2,0
487964,487965,488768,803,1
488777,488777,488778,1,0
488777,488777,488778,1,0
488777,488777,488778,1,0
488777,488777,488778,1,0
488777,488777,488778,1,0
488777,488777,488778,1,0
488777,488777,488778,1,0
488777,488777,488778,1,0
488777,488777,488778,1,0
488777,488777,488778,1,0
488777,488777,488778,1,0
488777,488777,488778,1,0
488777,488777,488778,1,0
488777,488777,488778,1,0
488777,488777,488778,1,0
488777,488777,488778,1,0
488777,488777,488778,1,0
488777,488777,488778,1,0
488777,488777,488778,1,0
488777,488777,488778,1,0
488777,488777,488778,1,0
488777,488777,488778,1,0
488777,488777,488778,1,0
488777,488777,488778,1,0
488777,488777,488778,1,0
488777,488777,488778,1,0
488777,488777,488778,1,0
488777,488777,488778,1,0
488777,488777,488778,1,0
488777,488777,488778,1,0
488777,488777,488778,1,0
488777,488777,488778,1,0
488777,488777,488778,1,0
488777,488777,488778,1,0
488777,488777,488778,1,0
488777,488777,488778,1,0
488777,488777,488779,2,0
488777,488777,488778,1,0
488777,488777,488779,2,0
488777,488778,488779,1,1
488777,488778,488779,1,1
488777,488778,488779,1,1
488777,488790,488791,1,13
488004,488004,488808,804,0
488810,488811,488812,1,1
488810,488811,488812,1,1
488810,488811,488812,1,1
488810,488811,488812,1,1
488810,488811,488812,1,1
488810,488811,488812,1,1
488810,488811,488812,1,1
488810,488811,488812,1,1
488810,488814,488815,1,4
488810,488814,488815,1,4
488810,488814,488815,1,4
488810,488814,488815,1,4
488810,488814,488815,1,4
488810,488825,488826,1,15
488810,488825,488826,1,15
488810,488825,488827,2,15
488810,488825,488827,2,15
488315,488315,489118,803,0
489120,489120,489121,1,0
489120,489120,489122,2,0
489120,489120,489121,1,0
489120,489120,489121,1,0
489120,489120,489121,1,0
489120,489120,489121,1,0
489120,489120,489122,2,0
489120,489120,489122,2,0
489120,489121,489122,1,1
489120,489121,489122,1,1
489120,489121,489122,1,1
489120,489121,489122,1,1
489120,489121,489122,1,1
489120,489121,489122,1,1
489120,489121,489122,1,1
489120,489120,489122,2,0
489120,489120,489122,2,0
489120,489120,489122,2,0
489120,489121,489122,1,1
489120,489121,489122,1,1
489120,489120,489122,2,0
489120,489121,489122,1,1
489120,489121,489122,1,1
489120,489121,489122,1,1
489120,489120,489122,2,0
489120,489120,489122,2,0
489120,489120,489122,2,0
489120,489121,489122,1,1
489120,489120,489122,2,0
489120,489120,489122,2,0
489120,489121,489122,1,1
489120,489121,489122,1,1
489120,489121,489122,1,1
489120,489121,489122,1,1
489120,489121,489122,1,1
489120,489121,489122,1,1
489120,489121,489122,1,1
489120,489121,489122,1,1
489120,489121,489123,2,1
488296,488296,489123,827,0
489120,489121,489123,2,1
489120,489121,489123,2,1
489120,489121,489123,2,1
489120,489121,489123,2,1
489135,489135,489136,1,0
489135,489135,489136,1,0
489135,489135,489136,1,0
489135,489135,489136,1,0
489135,489135,489136,1,0
489135,489135,489136,1,0
489135,489135,489136,1,0
489135,489135,489136,1,0
489135,489135,489136,1,0
489135,489135,489136,1,0
489135,489135,489136,1,0
489135,489135,489136,1,0
489135,489135,489136,1,0
489135,489135,489136,1,0
489135,489135,489136,1,0
489135,489135,489136,1,0
489135,489135,489136,1,0
489135,489135,489136,1,0
489135,489135,489136,1,0
489135,489135,489136,1,0
489135,489135,489136,1,0
489135,489135,489136,1,0
489135,489135,489136,1,0
489135,489135,489136,1,0
489135,489135,489136,1,0
489135,489135,489136,1,0
489135,489135,489136,1,0
489135,489135,489136,1,0
489135,489135,489136,1,0
489135,489135,489136,1,0
489135,489135,489136,1,0
489135,489135,489136,1,0
489135,489135,489136,1,0
489135,489135,489136,1,0
489135,489135,489136,1,0
489135,489135,489136,1,0
489135,489135,489136,1,0
489135,489135,489136,1,0
489135,489135,489136,1,0
489135,489135,489136,1,0
489135,489135,489136,1,0
489135,489135,489136,1,0
489135,489135,489136,1,0
489135,489135,489136,1,0
489135,489135,489136,1,0
489135,489135,489136,1,0
489135,489135,489137,2,0
489135,489135,489136,1,0
489135,489135,489136,1,0
489135,489135,489136,1,0
488329,488329,489138,809,0
489144,489145,489146,1,1
489144,489145,489146,1,1
489144,489144,489146,2,0
489144,489145,489146,1,1
489144,489144,489146,2,0
489144,489145,489146,1,1
489144,489144,489146,2,0
489144,489145,489146,1,1
489144,489145,489146,1,1
489144,489145,489146,1,1
489144,489144,489146,2,0
489144,489144,489146,2,0
489144,489144,489146,2,0
489144,489144,489146,2,0
489144,489144,489146,2,0
489144,489144,489146,2,0
489144,489144,489146,2,0
489144,489145,489146,1,1
489144,489145,489146,1,1
489144,489144,489146,2,0
489144,489144,489146,2,0
489144,489145,489146,1,1
489144,489145,489146,1,1
489144,489145,489146,1,1
489144,489145,489146,1,1
489144,489145,489146,1,1
489144,489145,489146,1,1
489144,489145,489146,1,1
489144,489145,489146,1,1
489144,489144,489146,2,0
489144,489144,489146,2,0
489144,489144,489146,2,0
489144,489145,489146,1,1
489144,489145,489146,1,1
489144,489144,489146,2,0
489144,489144,489146,2,0
489144,489145,489146,1,1
489144,489144,489147,3,0
489144,489144,489147,3,0
489144,489144,489147,3,0
489144,489145,489147,2,1
489144,489144,489147,3,0
489144,489145,489147,2,1
489144,489145,489148,3,1
489144,489145,489147,2,1
489144,489145,489147,2,1
488386,488386,489196,810,0
489198,489199,489200,1,1
489198,489199,489200,1,1
489198,489199,489200,1,1
489198,489199,489200,1,1
489198,489199,489200,1,1
489198,489199,489200,1,1
489198,489199,489200,1,1
489198,489199,489200,1,1
489198,489199,489200,1,1
489198,489199,489200,1,1
489198,489199,489200,1,1
489198,489199,489200,1,1
489198,489199,489200,1,1
489198,489199,489200,1,1
489198,489199,489200,1,1
489198,489199,489200,1,1
489198,489199,489200,1,1
489198,489199,489200,1,1
489198,489199,489200,1,1
489198,489199,489200,1,1
489198,489199,489200,1,1
489198,489199,489200,1,1
489198,489199,489200,1,1
489198,489199,489200,1,1
489198,489199,489200,1,1
489198,489199,489200,1,1
489198,489199,489201,2,1
489198,489199,489200,1,1
489198,489199,489200,1,1
489198,489199,489200,1,1
489198,489199,489200,1,1
489198,489199,489200,1,1
489198,489199,489200,1,1
489198,489199,489201,2,1
489198,489199,489201,2,1
489198,489199,489201,2,1
489198,489199,489201,2,1
489198,489199,489201,2,1
489198,489199,489201,2,1
489198,489199,489202,3,1
489198,489199,489201,2,1
489198,489212,489213,1,14
489198,489212,489213,1,14
489198,489212,489213,1,14
489198,489212,489213,1,14
489198,489212,489214,2,14
488380,488380,489231,851,0
489232,489233,489234,1,1
489232,489233,489234,1,1
489232,489233,489234,1,1
489232,489233,489234,1,1
489232,489233,489234,1,1
489232,489233,489234,1,1
489232,489233,489234,1,1
489232,489233,489234,1,1
489232,489233,489234,1,1
489232,489233,489234,1,1
489232,489233,489234,1,1
489232,489233,489234,1,1
489232,489233,489234,1,1
489232,489233,489234,1,1
489232,489233,489234,1,1
489232,489233,489234,1,1
489232,489233,489234,1,1
489232,489233,489234,1,1
489232,489233,489234,1,1
489232,489233,489234,1,1
489232,489233,489234,1,1
489232,489233,489234,1,1
489232,489233,489234,1,1
489232,489233,489234,1,1
489232,489233,489234,1,1
489232,489233,489235,2,1
489232,489233,489234,1,1
489232,489233,489234,1,1
489232,489233,489234,1,1
489232,489233,489234,1,1
489232,489233,489234,1,1
489232,489233,489234,1,1
489232,489233,489234,1,1
489232,489233,489234,1,1
489232,489233,489234,1,1
489232,489233,489234,1,1
489232,489233,489234,1,1
489232,489233,489234,1,1
489232,489233,489234,1,1
489232,489233,489235,2,1
489232,489233,489235,2,1
489232,489233,489235,2,1
489232,489233,489235,2,1
489232,489233,489235,2,1
489232,489233,489235,2,1
489232,489233,489235,2,1
489232,489233,489236,3,1
489232,489233,489236,3,1
488530,488530,489346,816,0
489348,489348,489349,1,0
489348,489348,489349,1,0
489348,489348,489349,1,0
489348,489348,489349,1,0
489348,489348,489349,1,0
489348,489348,489349,1,0
489348,489348,489350,2,0
489348,489348,489349,1,0
489348,489348,489350,2,0
489348,489348,489350,2,0
489348,489348,489350,2,0
489348,489348,489350,2,0
489348,489348,489349,1,0
489348,489348,489349,1,0
489348,489348,489350,2,0
489348,489348,489350,2,0
489348,489348,489350,2,0
489348,489348,489350,2,0
489348,489348,489350,2,0
489348,489348,489349,1,0
489348,489348,489350,2,0
489348,489348,489350,2,0
489348,489348,489350,2,0
489348,489348,489350,2,0
489348,489348,489350,2,0
489348,489348,489350,2,0
489348,489348,489350,2,0
489348,489348,489350,2,0
489348,489348,489349,1,0
489348,489348,489350,2,0
489348,489348,489350,2,0
489348,489348,489350,2,0
489348,489348,489350,2,0
489348,489348,489350,2,0
489348,489348,489350,2,0
489348,489348,489350,2,0
489348,489348,489349,1,0
489348,489348,489350,2,0
489348,489348,489350,2,0
489348,489348,489350,2,0
489348,489348,489350,2,0
489348,489348,489349,1,0
489348,489348,489350,2,0
489348,489348,489351,3,0
489348,489348,489351,3,0
489348,489348,489351,3,0
489348,489348,489351,3,0
489348,489348,489351,3,0
489348,489348,489351,3,0
489348,489348,489351,3,0
488547,488547,489364,817,0
489366,489366,489367,1,0
489366,489366,489367,1,0
489366,489366,489367,1,0
489366,489366,489367,1,0
489366,489366,489367,1,0
489366,489366,489367,1,0
489366,489366,489367,1,0
489366,489366,489367,1,0
489366,489366,489367,1,0
489366,489366,489367,1,0
489366,489366,489367,1,0
489366,489366,489367,1,0
489366,489366,489368,2,0
489366,489366,489367,1,0
489366,489366,489367,1,0
489366,489366,489367,1,0
489366,489366,489367,1,0
489366,489366,489367,1,0
489366,489366,489367,1,0
489366,489366,489367,1,0
489366,489366,489367,1,0
489366,489366,489368,2,0
489366,489366,489367,1,0
489366,489366,489368,2,0
489366,489366,489367,1,0
489366,489366,489367,1,0
489366,489366,489367,1,0
489366,489366,489368,2,0
489366,489366,489367,1,0
489366,489366,489368,2,0
489366,489366,489368,2,0
489366,489366,489367,1,0
489366,489366,489367,1,0
489366,489366,489367,1,0
489366,489366,489367,1,0
489366,489366,489367,1,0
489366,489366,489367,1,0
489366,489366,489368,2,0
489366,489366,489367,1,0
489366,489366,489367,1,0
489366,489366,489367,1,0
489366,489366,489367,1,0
489366,489366,489368,2,0
489366,489366,489367,1,0
489366,489366,489368,2,0
489366,489366,489369,3,0
489366,489366,489369,3,0
489366,489366,489369,3,0
489366,489366,489369,3,0
489366,489366,489369,3,0
488576,488576,489391,815,0
489391,489391,489392,1,0
489391,489391,489392,1,0
489391,489391,489392,1,0
489391,489391,489392,1,0
489391,489391,489392,1,0
489391,489391,489392,1,0
489391,489391,489392,1,0
489391,489391,489392,1,0
489391,489391,489392,1,0
489391,489391,489392,1,0
489391,489391,489392,1,0
489391,489392,489393,1,1
489391,489391,489392,1,0
489391,489391,489392,1,0
489391,489391,489392,1,0
489391,489391,489392,1,0
489391,489391,489392,1,0
489391,489391,489392,1,0
489391,489391,489392,1,0
489391,489391,489393,2,0
489391,489391,489393,2,0
489391,489391,489393,2,0
489391,489392,489393,1,1
489391,489392,489393,1,1
489391,489391,489393,2,0
489391,489392,489393,1,1
489391,489391,489393,2,0
489391,489391,489393,2,0
489391,489392,489393,1,1
489391,489392,489393,1,1
489391,489392,489393,1,1
489391,489392,489393,1,1
489391,489391,489393,2,0
489391,489391,489393,2,0
489391,489392,489393,1,1
489391,489391,489393,2,0
489391,489391,489393,2,0
489391,489392,489393,1,1
489391,489392,489393,1,1
489391,489417,489418,1,26
489391,489417,489418,1,26
489391,489417,489418,1,26
488653,488653,489452,799,0
489454,489454,489455,1,0
489454,489454,489455,1,0
489454,489454,489455,1,0
489454,489454,489455,1,0
489454,489454,489455,1,0
489454,489454,489455,1,0
489454,489454,489455,1,0
489454,489454,489455,1,0
489454,489454,489455,1,0
489454,489454,489455,1,0
489454,489454,489455,1,0
489454,489454,489455,1,0
489454,489454,489455,1,0
489454,489454,489455,1,0
489454,489454,489455,1,0
489454,489454,489455,1,0
489454,489454,489455,1,0
489454,489454,489455,1,0
489454,489454,489455,1,0
489454,489454,489455,1,0
489454,489454,489455,1,0
489454,489454,489456,2,0
489454,489454,489455,1,0
489454,489454,489455,1,0
489454,489455,489456,1,1
489454,489455,489456,1,1
489454,489455,489456,1,1
489454,489455,489456,1,1
489454,489455,489456,1,1
489454,489454,489455,1,0
489454,489454,489455,1,0
489454,489454,489455,1,0
489454,489454,489455,1,0
489454,489454,489455,1,0
489454,489454,489455,1,0
489454,489454,489455,1,0
489454,489454,489455,1,0
489454,489454,489455,1,0
489454,489454,489455,1,0
489454,489454,489455,1,0
489454,489454,489455,1,0
489454,489454,489455,1,0
489454,489454,489455,1,0
489454,489454,489455,1,0
489454,489454,489456,2,0
489454,489454,489455,1,0
489454,489454,489455,1,0
489454,489454,489456,2,0
489454,489454,489455,1,0
489454,489454,489455,1,0
488666,488666,489474,808,0
489475,489475,489476,1,0
489475,489475,489476,1,0
489475,489475,489476,1,0
489475,489475,489476,1,0
489475,489475,489476,1,0
489475,489475,489476,1,0
489475,489475,489476,1,0
489475,489475,489476,1,0
489475,489475,489476,1,0
489475,489475,489476,1,0
489475,489475,489476,1,0
489475,489475,489476,1,0
489475,489475,489476,1,0
489475,489475,489476,1,0
489475,489475,489476,1,0
489475,489475,489476,1,0
489475,489475,489476,1,0
489475,489475,489476,1,0
489475,489475,489476,1,0
489475,489475,489476,1,0
489475,489475,489477,2,0
489475,489475,489476,1,0
489475,489475,489476,1,0
489475,489475,489477,2,0
489475,489475,489477,2,0
489475,489475,489476,1,0
489475,489475,489476,1,0
489475,489476,489477,1,1
489475,489476,489477,1,1
489475,489476,489477,1,1
489475,489476,489477,1,1
489475,489476,489477,1,1
489475,489475,489476,1,0
489475,489475,489476,1,0
489475,489475,489476,1,0
489475,489475,489476,1,0
489475,489475,489476,1,0
489475,489475,489476,1,0
489475,489475,489476,1,0
489475,489475,489476,1,0
489475,489475,489476,1,0
489475,489475,489476,1,0
489475,489475,489476,1,0
489475,489475,489477,2,0
489475,489475,489476,1,0
489475,489475,489476,1,0
489475,489475,489476,1,0
489475,489475,489476,1,0
489475,489475,489476,1,0
489475,489475,489476,1,0
488694,488694,489482,788,0
489484,489484,489485,1,0
489484,489484,489485,1,0
489484,489484,489485,1,0
489484,489484,489485,1,0
489484,489484,489485,1,0
489484,489484,489485,1,0
489484,489484,489485,1,0
489484,489484,489485,1,0
489484,489484,489485,1,0
489484,489484,489485,1,0
489484,489484,489485,1,0
489484,489484,489485,1,0
489484,489484,489485,1,0
489484,489484,489485,1,0
489484,489484,489485,1,0
489484,489484,489485,1,0
489484,489484,489485,1,0
489484,489484,489485,1,0
489484,489484,489485,1,0
489484,489484,489485,1,0
489484,489484,489485,1,0
489484,489484,489485,1,0
489484,489484,489485,1,0
489484,489484,489485,1,0
489484,489484,489485,1,0
489484,489484,489485,1,0
489484,489484,489485,1,0
489484,489484,489485,1,0
489484,489484,489485,1,0
489484,489484,489485,1,0
489484,489484,489485,1,0
489484,489484,489485,1,0
489484,489484,489486,2,0
489484,489484,489486,2,0
489484,489484,489485,1,0
489484,489484,489486,2,0
489484,489484,489486,2,0
489484,489484,489486,2,0
489484,489484,489485,1,0
489484,489484,489486,2,0
489484,489484,489486,2,0
489484,489484,489486,2,0
489484,489484,489486,2,0
489484,489484,489486,2,0
489484,489484,489486,2,0
489484,489484,489486,2,0
489484,489484,489486,2,0
489484,489484,489486,2,0
489484,489484,489486,2,0
489484,489484,489486,2,0
488724,488725,489504,779,1
489506,489507,489508,1,1
489506,489507,489508,1,1
489506,489507,489508,1,1
489506,489507,489508,1,1
489506,489507,489508,1,1
489506,489507,489508,1,1
489506,489507,489508,1,1
489506,489507,489508,1,1
489506,489507,489508,1,1
489506,489507,489508,1,1
489506,489507,489508,1,1
489506,489507,489508,1,1
489506,489507,489508,1,1
489506,489507,489508,1,1
489506,489507,489508,1,1
489506,489507,489508,1,1
489506,489507,489508,1,1
489506,489507,489508,1,1
489506,489507,489508,1,1
489506,489507,489508,1,1
489506,489507,489508,1,1
489506,489507,489508,1,1
489506,489507,489508,1,1
489506,489507,489508,1,1
489506,489507,489508,1,1
489506,489507,489508,1,1
489506,489507,489508,1,1
489506,489507,489508,1,1
489506,489507,489508,1,1
489506,489507,489508,1,1
489506,489507,489508,1,1
489506,489507,489509,2,1
489506,489507,489508,1,1
489506,489507,489508,1,1
489506,489507,489509,2,1
489506,489507,489509,2,1
489506,489507,489509,2,1
489506,489507,489509,2,1
489506,489507,489509,2,1
489506,489507,489510,3,1
489506,489507,489510,3,1
489506,489507,489510,3,1
489506,489507,489510,3,1
489506,489519,489520,1,13
489506,489519,489520,1,13
489506,489519,489520,1,13
489506,489519,489520,1,13
489506,489519,489521,2,13
488682,488682,489537,855,0
489539,489539,489540,1,0
489539,489539,489540,1,0
489539,489539,489540,1,0
489539,489539,489540,1,0
489539,489539,489540,1,0
489539,489539,489540,1,0
489539,489539,489540,1,0
489539,489539,489540,1,0
489539,489539,489540,1,0
489539,489539,489540,1,0
489539,489539,489540,1,0
489539,489539,489540,1,0
489539,489539,489540,1,0
489539,489539,489540,1,0
489539,489539,489540,1,0
489539,489539,489540,1,0
489539,489539,489540,1,0
489539,489539,489540,1,0
489539,489539,489540,1,0
489539,489539,489540,1,0
489539,489539,489540,1,0
489539,489539,489540,1,0
489539,489539,489540,1,0
489539,489539,489540,1,0
489539,489539,489540,1,0
489539,489539,489540,1,0
489539,489539,489540,1,0
489539,489539,489540,1,0
489539,489539,489540,1,0
489539,489539,489540,1,0
489539,489539,489540,1,0
489539,489539,489540,1,0
489539,489539,489540,1,0
489539,489539,489540,1,0
489539,489539,489540,1,0
488743,488743,489544,801,0
489539,489544,489545,1,5
489539,489544,489545,1,5
489539,489544,489545,1,5
489539,489544,489545,1,5
489545,489545,489546,1,0
489545,489545,489546,1,0
489545,489545,489546,1,0
489545,489545,489546,1,0
489545,489545,489546,1,0
489545,489545,489546,1,0
489545,489545,489546,1,0
489545,489545,489546,1,0
489545,489545,489546,1,0
489545,489545,489546,1,0
489545,489545,489546,1,0
489545,489545,489546,1,0
489545,489545,489547,2,0
489545,489545,489547,2,0
489545,489545,489546,1,0
489545,489545,489546,1,0
489545,489545,489547,2,0
489545,489545,489547,2,0
489545,489545,489547,2,0
489545,489545,489546,1,0
489545,489545,489546,1,0
489545,489545,489546,1,0
489545,489545,489546,1,0
489545,489545,489547,2,0
489545,489545,489547,2,0
489545,489545,489546,1,0
489545,489545,489547,2,0
489545,489545,489547,2,0
489545,489545,489547,2,0
489545,489545,489546,1,0
489545,489545,489546,1,0
489545,489545,489546,1,0
489545,489545,489546,1,0
489545,489545,489547,2,0
489545,489545,489548,3,0
489545,489545,489548,3,0
489545,489545,489548,3,0
489545,489545,489548,3,0
489545,489545,489547,2,0
489545,489545,489548,3,0
489545,489545,489548,3,0
489545,489545,489549,4,0
489545,489545,489548,3,0
488757,488758,489557,799,1
489558,489559,489560,1,1
489558,489559,489560,1,1
489558,489559,489560,1,1
489558,489559,489560,1,1
489558,489559,489560,1,1
489558,489559,489560,1,1
489558,489559,489560,1,1
489558,489559,489560,1,1
489558,489559,489560,1,1
489558,489559,489561,2,1
489558,489559,489560,1,1
489558,489559,489560,1,1
489558,489559,489560,1,1
489558,489559,489560,1,1
489558,489559,489560,1,1
489558,489559,489560,1,1
489558,489559,489560,1,1
489558,489559,489560,1,1
489558,489559,489560,1,1
489558,489559,489561,2,1
489558,489559,489560,1,1
489558,489559,489560,1,1
489558,489559,489560,1,1
489558,489559,489560,1,1
489558,489559,489560,1,1
489558,489559,489560,1,1
489558,489559,489560,1,1
489558,489559,489560,1,1
489558,489559,489560,1,1
489558,489559,489560,1,1
489558,489559,489560,1,1
489558,489559,489560,1,1
489558,489559,489560,1,1
489558,489559,489560,1,1
489558,489559,489560,1,1
489558,489559,489560,1,1
489558,489559,489560,1,1
489558,489559,489560,1,1
489558,489559,489561,2,1
489558,489559,489562,3,1
489558,489559,489562,3,1
488761,488761,489561,800,0
489558,489559,489561,2,1
489558,489559,489561,2,1
489558,489559,489561,2,1
489558,489559,489561,2,1
489558,489559,489562,3,1
489558,489559,489562,3,1
489558,489559,489562,3,1
489558,489559,489562,3,1
489563,489563,489564,1,0
489563,489563,489564,1,0
489563,489563,489564,1,0
489563,489563,489564,1,0
489563,489563,489564,1,0
489563,489563,489564,1,0
489563,489563,489564,1,0
489563,489563,489564,1,0
489563,489563,489564,1,0
489563,489563,489564,1,0
489563,489563,489564,1,0
489563,489563,489564,1,0
489563,489563,489564,1,0
489563,489563,489564,1,0
489563,489563,489564,1,0
489563,489563,489564,1,0
489563,489563,489564,1,0
489563,489563,489564,1,0
489563,489563,489564,1,0
489563,489563,489565,2,0
489563,489563,489564,1,0
489563,489563,489564,1,0
489563,489563,489564,1,0
489563,489563,489564,1,0
489563,489563,489564,1,0
489563,489563,489564,1,0
489563,489563,489564,1,0
489563,489563,489564,1,0
489563,489563,489565,2,0
489563,489563,489564,1,0
489563,489563,489564,1,0
489563,489563,489564,1,0
489563,489563,489564,1,0
489563,489563,489564,1,0
489563,489563,489564,1,0
489563,489563,489564,1,0
489563,489563,489564,1,0
489563,489563,489564,1,0
489563,489563,489564,1,0
489563,489563,489564,1,0
489563,489563,489564,1,0
489563,489563,489564,1,0
489563,489563,489565,2,0
489563,489563,489565,2,0
489563,489563,489565,2,0
489563,489563,489566,3,0
489563,489563,489566,3,0
489563,489563,489568,5,0
489545,489572,489573,1,27
489545,489572,489573,1,27
489545,489572,489573,1,27
489545,489572,489573,1,27
489545,489572,489574,2,27
488711,488711,489576,865,0
488778,488778,489578,800,0
489582,489582,489583,1,0
489582,489582,489583,1,0
489582,489582,489583,1,0
489582,489582,489583,1,0
489582,489582,489583,1,0
489582,489582,489583,1,0
489582,489582,489583,1,0
489582,489582,489583,1,0
489582,489582,489583,1,0
489582,489582,489583,1,0
489582,489582,489583,1,0
489582,489582,489583,1,0
489582,489582,489583,1,0
489582,489582,489583,1,0
489582,489582,489583,1,0
489582,489582,489583,1,0
489582,489582,489583,1,0
489582,489582,489583,1,0
489563,489563,489583,20,0
489582,489582,489583,1,0
489582,489582,489583,1,0
489582,489582,489583,1,0
489582,489582,489584,2,0
489582,489582,489584,2,0
489582,489582,489583,1,0
489582,489582,489583,1,0
489582,489582,489583,1,0
489582,489582,489583,1,0
489582,489582,489584,2,0
489582,489582,489583,1,0
489582,489582,489583,1,0
489582,489582,489583,1,0
489582,489582,489583,1,0
489582,489582,489584,2,0
489582,489582,489583,1,0
489582,489583,489584,1,1
489582,489583,489584,1,1
489582,489582,489583,1,0
489582,489582,489583,1,0
489582,489582,489583,1,0
489582,489582,489583,1,0
489582,489582,489583,1,0
489582,489582,489583,1,0
489582,489582,489584,2,0
489582,489583,489584,1,1
489582,489582,489584,2,0
489582,489582,489583,1,0
489582,489582,489583,1,0
489582,489582,489583,1,0
489582,489583,489584,1,1
489582,489583,489584,1,1
489582,489583,489584,1,1
489582,489582,489583,1,0
489582,489582,489584,2,0
489582,489582,489583,1,0
489582,489582,489583,1,0
489582,489582,489583,1,0
489582,489582,489583,1,0
489582,489582,489583,1,0
489582,489583,489584,1,1
489582,489583,489584,1,1
489582,489583,489584,1,1
489582,489583,489584,1,1
489582,489583,489584,1,1
489582,489582,489584,2,0
489582,489584,489585,1,2
489582,489584,489585,1,2
489582,489584,489585,1,2
489582,489584,489585,1,2
489582,489584,489585,1,2
489582,489584,489585,1,2
489582,489584,489585,1,2
489582,489582,489585,3,0
489582,489583,489584,1,1
489582,489584,489585,1,2
489582,489584,489585,1,2
489582,489584,489585,1,2
489582,489584,489585,1,2
489582,489584,489585,1,2
489582,489584,489585,1,2
489582,489584,489585,1,2
489582,489583,489584,1,1
489582,489583,489585,2,1
489582,489582,489585,3,0
489582,489584,489585,1,2
489582,489584,489585,1,2
489582,489582,489585,3,0
489582,489584,489585,1,2
489582,489584,489585,1,2
489582,489584,489585,1,2
489582,489584,489585,1,2
489582,489584,489585,1,2
489582,489584,489585,1,2
488812,488812,489592,780,0
488759,488759,489595,836,0
489594,489595,489596,1,1
489594,489595,489596,1,1
489594,489595,489596,1,1
489594,489595,489596,1,1
489594,489595,489596,1,1
489594,489595,489596,1,1
489594,489595,489596,1,1
489594,489595,489596,1,1
489594,489595,489596,1,1
489594,489595,489596,1,1
489594,489595,489596,1,1
489594,489595,489596,1,1
489594,489595,489596,1,1
489594,489595,489596,1,1
489594,489595,489596,1,1
489594,489595,489596,1,1
489594,489595,489596,1,1
489594,489595,489596,1,1
489594,489595,489596,1,1
489594,489595,489596,1,1
489594,489595,489596,1,1
489594,489595,489596,1,1
489594,489595,489596,1,1
489594,489595,489596,1,1
489594,489595,489596,1,1
489594,489595,489596,1,1
489594,489595,489596,1,1
489594,489595,489596,1,1
489594,489595,489596,1,1
489594,489595,489596,1,1
489594,489595,489596,1,1
489594,489595,489596,1,1
489594,489595,489596,1,1
489594,489595,489596,1,1
489594,489595,489596,1,1
489597,489597,489598,1,0
489597,489597,489598,1,0
489597,489597,489598,1,0
489597,489597,489598,1,0
489597,489597,489598,1,0
489597,489597,489598,1,0
489597,489597,489598,1,0
489597,489597,489598,1,0
489597,489597,489598,1,0
489597,489597,489598,1,0
489597,489597,489598,1,0
489597,489597,489598,1,0
489597,489597,489598,1,0
489597,489597,489598,1,0
489597,489597,489598,1,0
489597,489597,489598,1,0
489597,489597,489598,1,0
489597,489597,489598,1,0
489597,489597,489598,1,0
489597,489597,489598,1,0
489597,489597,489598,1,0
489597,489597,489598,1,0
489597,489597,489598,1,0
489597,489597,489598,1,0
489597,489597,489598,1,0
489597,489597,489598,1,0
489597,489597,489598,1,0
489597,489597,489599,2,0
489597,489597,489598,1,0
489597,489597,489598,1,0
489597,489597,489598,1,0
489597,489597,489598,1,0
489597,489597,489598,1,0
489597,489597,489598,1,0
489597,489597,489598,1,0
489597,489597,489599,2,0
489597,489597,489598,1,0
489597,489597,489598,1,0
489597,489597,489600,3,0
489597,489597,489600,3,0
489597,489597,489599,2,0
489597,489597,489599,2,0
489597,489597,489599,2,0
489597,489597,489600,3,0
489597,489597,489600,3,0
489597,489597,489600,3,0
489597,489597,489600,3,0
489597,489597,489599,2,0
489597,489597,489600,3,0
489597,489597,489600,3,0
489563,489563,489586,23,0
489582,489582,489586,4,0
489582,489582,489585,3,0
489582,489605,489606,1,23
489146,489146,489933,787,0
489934,489935,489936,1,1
489934,489935,489936,1,1
489934,489935,489936,1,1
489934,489935,489936,1,1
489934,489935,489936,1,1
489934,489935,489936,1,1
489934,489935,489936,1,1
489934,489935,489936,1,1
489934,489935,489936,1,1
489934,489935,489936,1,1
489934,489935,489936,1,1
489934,489935,489936,1,1
489934,489935,489936,1,1
489934,489935,489936,1,1
489934,489935,489936,1,1
489934,489935,489936,1,1
489934,489935,489936,1,1
489934,489935,489936,1,1
489934,489935,489936,1,1
489934,489935,489936,1,1
489934,489935,489936,1,1
489934,489935,489936,1,1
489934,489935,489936,1,1
489934,489935,489936,1,1
489934,489935,489936,1,1
489934,489935,489936,1,1
489934,489935,489936,1,1
489934,489935,489936,1,1
489934,489935,489936,1,1
489934,489935,489936,1,1
489934,489935,489936,1,1
489934,489935,489936,1,1
489934,489935,489936,1,1
489934,489935,489936,1,1
489934,489935,489936,1,1
489934,489935,489936,1,1
489934,489935,489936,1,1
489934,489935,489936,1,1
489934,489935,489936,1,1
489934,489935,489936,1,1
489934,489935,489936,1,1
489934,489935,489936,1,1
489934,489935,489936,1,1
489934,489935,489936,1,1
489934,489935,489936,1,1
489934,489935,489936,1,1
489934,489935,489936,1,1
489934,489935,489936,1,1
489934,489935,489936,1,1
489121,489122,489967,845,1
489968,489968,489969,1,0
489968,489968,489969,1,0
489968,489968,489969,1,0
489968,489968,489969,1,0
489968,489968,489969,1,0
489968,489968,489969,1,0
489968,489968,489969,1,0
489968,489968,489969,1,0
489968,489968,489969,1,0
489968,489968,489969,1,0
489968,489968,489969,1,0
489968,489968,489969,1,0
489968,489968,489969,1,0
489968,489968,489969,1,0
489968,489968,489969,1,0
489968,489968,489969,1,0
489968,489968,489969,1,0
489136,489136,489970,834,0
489968,489968,489969,1,0
489968,489968,489969,1,0
489968,489968,489969,1,0
489968,489968,489969,1,0
489968,489968,489969,1,0
489968,489968,489970,2,0
489968,489968,489969,1,0
489968,489968,489969,1,0
489968,489968,489969,1,0
489968,489968,489969,1,0
489968,489968,489969,1,0
489968,489969,489970,1,1
489968,489969,489970,1,1
489968,489969,489970,1,1
489968,489969,489970,1,1
489968,489969,489970,1,1
489968,489968,489969,1,0
489968,489968,489969,1,0
489968,489968,489970,2,0
489968,489969,489970,1,1
489968,489969,489970,1,1
489968,489969,489970,1,1
489968,489969,489970,1,1
489968,489968,489969,1,0
489968,489968,489969,1,0
489968,489968,489969,1,0
489968,489968,489969,1,0
489968,489968,489970,2,0
489968,489968,489969,1,0
489968,489968,489969,1,0
489977,489977,489978,1,0
489977,489977,489978,1,0
489977,489977,489978,1,0
489977,489977,489978,1,0
489977,489977,489978,1,0
489977,489977,489978,1,0
489977,489977,489978,1,0
489977,489977,489978,1,0
489977,489977,489978,1,0
489977,489977,489978,1,0
489977,489977,489978,1,0
489977,489977,489978,1,0
489977,489977,489978,1,0
489977,489977,489978,1,0
489977,489977,489978,1,0
489977,489977,489978,1,0
489977,489977,489978,1,0
489977,489977,489978,1,0
489977,489977,489978,1,0
489977,489977,489978,1,0
489977,489977,489978,1,0
489977,489977,489978,1,0
489977,489977,489978,1,0
489977,489977,489978,1,0
489977,489977,489978,1,0
489977,489977,489978,1,0
489977,489977,489978,1,0
489977,489977,489978,1,0
489977,489977,489978,1,0
489977,489977,489978,1,0
489977,489977,489978,1,0
489977,489977,489978,1,0
489977,489977,489978,1,0
489977,489977,489978,1,0
489977,489977,489978,1,0
489977,489977,489978,1,0
489977,489977,489978,1,0
489977,489977,489978,1,0
489977,489977,489979,2,0
489977,489977,489979,2,0
489977,489977,489978,1,0
489977,489977,489978,1,0
489977,489977,489978,1,0
489977,489977,489978,1,0
489200,489200,489998,798,0
490004,490004,490005,1,0
490004,490004,490005,1,0
490004,490004,490005,1,0
490004,490004,490005,1,0
490004,490004,490005,1,0
490004,490004,490005,1,0
490004,490004,490005,1,0
490004,490004,490005,1,0
490004,490004,490005,1,0
490004,490004,490005,1,0
490004,490004,490005,1,0
490004,490004,490005,1,0
490004,490004,490005,1,0
490004,490004,490005,1,0
490004,490004,490005,1,0
490004,490004,490005,1,0
490004,490004,490005,1,0
490004,490004,490006,2,0
490004,490004,490006,2,0
490004,490004,490005,1,0
490004,490004,490005,1,0
490004,490004,490005,1,0
490004,490004,490005,1,0
490004,490004,490006,2,0
490004,490004,490005,1,0
490004,490004,490006,2,0
490004,490004,490006,2,0
490004,490004,490006,2,0
490004,490004,490006,2,0
490004,490004,490006,2,0
490004,490004,490005,1,0
490004,490004,490006,2,0
490004,490004,490006,2,0
490004,490004,490005,1,0
490004,490004,490005,1,0
490004,490004,490005,1,0
490004,490004,490005,1,0
490004,490004,490005,1,0
490004,490004,490006,2,0
490004,490004,490006,2,0
490004,490004,490006,2,0
490004,490004,490006,2,0
490004,490004,490006,2,0
490004,490004,490006,2,0
490004,490004,490007,3,0
490004,490004,490006,2,0
490004,490004,490007,3,0
490004,490004,490006,2,0
490004,490004,490007,3,0
490004,490004,490007,3,0
489234,489234,490053,819,0
490055,490055,490056,1,0
490055,490055,490056,1,0
490055,490055,490056,1,0
490055,490055,490056,1,0
490055,490055,490056,1,0
490055,490055,490056,1,0
490055,490055,490056,1,0
490055,490055,490056,1,0
490055,490055,490056,1,0
490055,490055,490056,1,0
490055,490055,490056,1,0
490055,490055,490056,1,0
490055,490055,490056,1,0
490055,490055,490057,2,0
490055,490055,490057,2,0
490055,490055,490057,2,0
490055,490055,490056,1,0
490055,490055,490056,1,0
490055,490055,490057,2,0
490055,490055,490057,2,0
490055,490055,490057,2,0
490055,490055,490056,1,0
490055,490055,490057,2,0
490055,490055,490056,1,0
490055,490055,490056,1,0
490055,490055,490057,2,0
490055,490055,490057,2,0
490055,490055,490057,2,0
490055,490055,490056,1,0
490055,490055,490056,1,0
490055,490055,490056,1,0
490055,490055,490056,1,0
490055,490055,490056,1,0
490055,490055,490056,1,0
490055,490055,490057,2,0
490055,490055,490056,1,0
490055,490055,490056,1,0
490055,490055,490058,3,0
490055,490055,490057,2,0
490055,490055,490058,3,0
490055,490055,490057,2,0
490055,490055,490058,3,0
490055,490055,490058,3,0
490055,490055,490058,3,0
490055,490055,490058,3,0
490055,490067,490068,1,12
490055,490067,490068,1,12
490055,490067,490070,3,12
489349,489349,490155,806,0
490156,490156,490157,1,0
490156,490156,490157,1,0
490156,490156,490157,1,0
490156,490156,490157,1,0
490156,490156,490157,1,0
490156,490156,490158,2,0
490156,490156,490158,2,0
490156,490156,490158,2,0
490156,490156,490158,2,0
490156,490156,490157,1,0
490156,490156,490158,2,0
490156,490156,490158,2,0
490156,490156,490158,2,0
490156,490156,490158,2,0
490156,490156,490158,2,0
490156,490156,490158,2,0
490156,490156,490158,2,0
490156,490156,490158,2,0
490156,490156,490158,2,0
490156,490156,490158,2,0
490156,490156,490158,2,0
490156,490156,490158,2,0
490156,490156,490158,2,0
490156,490156,490158,2,0
490156,490156,490158,2,0
490156,490156,490158,2,0
490156,490156,490158,2,0
490156,490156,490158,2,0
490156,490156,490158,2,0
490156,490156,490158,2,0
490156,490156,490158,2,0
490156,490156,490158,2,0
490156,490156,490158,2,0
490156,490156,490158,2,0
490156,490156,490158,2,0
490156,490156,490158,2,0
490156,490156,490158,2,0
490156,490156,490158,2,0
490156,490156,490158,2,0
490156,490156,490158,2,0
490156,490156,490158,2,0
490156,490156,490159,3,0
490156,490156,490159,3,0
490156,490156,490159,3,0
490156,490156,490159,3,0
490156,490156,490160,4,0
490156,490156,490160,4,0
490156,490156,490160,4,0
490156,490156,490160,4,0
490156,490156,490160,4,0
489368,489368,490177,809,0
490179,490179,490180,1,0
490179,490179,490180,1,0
490179,490179,490180,1,0
490179,490179,490180,1,0
490179,490179,490180,1,0
490179,490180,490181,1,1
490179,490180,490181,1,1
490179,490180,490181,1,1
490179,490179,490180,1,0
490179,490179,490180,1,0
490179,490179,490180,1,0
490179,490179,490181,2,0
490179,490179,490180,1,0
490179,490179,490181,2,0
490179,490179,490180,1,0
490179,490179,490181,2,0
490179,490179,490180,1,0
490179,490179,490180,1,0
490179,490179,490180,1,0
490179,490179,490181,2,0
490179,490179,490180,1,0
490179,490179,490181,2,0
490179,490179,490181,2,0
490179,490179,490181,2,0
490179,490179,490180,1,0
490179,490179,490180,1,0
490179,490179,490180,1,0
490179,490179,490180,1,0
490179,490179,490180,1,0
490179,490179,490180,1,0
490179,490179,490181,2,0
490179,490179,490180,1,0
490179,490179,490180,1,0
490179,490179,490180,1,0
490179,490179,490181,2,0
490179,490179,490180,1,0
490179,490179,490180,1,0
490179,490179,490181,2,0
490179,490179,490181,2,0
490179,490179,490180,1,0
490179,490179,490182,3,0
490179,490179,490182,3,0
490179,490179,490182,3,0
490179,490179,490182,3,0
490179,490179,490182,3,0
490179,490179,490181,2,0
490179,490179,490182,3,0
490179,490179,490182,3,0
490179,490179,490182,3,0
490179,490179,490183,4,0
489393,489393,490205,812,0
490206,490206,490207,1,0
490206,490206,490207,1,0
490206,490206,490207,1,0
490206,490206,490207,1,0
490206,490206,490208,2,0
490206,490206,490207,1,0
490206,490206,490207,1,0
490206,490206,490208,2,0
490206,490206,490208,2,0
490206,490206,490207,1,0
490206,490206,490208,2,0
490206,490206,490207,1,0
490206,490206,490208,2,0
490206,490206,490207,1,0
490206,490206,490208,2,0
490206,490206,490208,2,0
490206,490206,490208,2,0
490206,490206,490208,2,0
490206,490206,490208,2,0
490206,490206,490208,2,0
490206,490206,490208,2,0
490206,490206,490208,2,0
490206,490206,490207,1,0
490206,490206,490208,2,0
490206,490207,490208,1,1
490206,490206,490208,2,0
490206,490207,490208,1,1
490206,490207,490208,1,1
490206,490206,490207,1,0
490206,490206,490208,2,0
490206,490206,490207,1,0
490206,490206,490208,2,0
490206,490206,490208,2,0
490206,490206,490208,2,0
490206,490207,490208,1,1
490206,490207,490208,1,1
490206,490207,490208,1,1
490206,490206,490209,3,0
490206,490206,490208,2,0
490206,490206,490209,3,0
490206,490207,490209,2,1
490206,490206,490209,3,0
490206,490207,490209,2,1
490206,490206,490210,4,0
490206,490206,490210,4,0
490206,490218,490219,1,12
489455,489455,490242,787,0
490244,490244,490245,1,0
490244,490244,490245,1,0
490244,490244,490245,1,0
490244,490244,490245,1,0
490244,490244,490245,1,0
490244,490244,490245,1,0
490244,490244,490245,1,0
490244,490244,490245,1,0
490244,490244,490245,1,0
490244,490244,490245,1,0
490244,490244,490245,1,0
490244,490244,490245,1,0
490244,490244,490245,1,0
490244,490244,490245,1,0
490244,490244,490245,1,0
490244,490244,490245,1,0
490244,490244,490245,1,0
490244,490244,490245,1,0
490244,490244,490245,1,0
490244,490244,490245,1,0
490244,490244,490245,1,0
490244,490244,490245,1,0
490244,490244,490245,1,0
490244,490244,490245,1,0
490244,490244,490245,1,0
490244,490244,490245,1,0
490244,490244,490245,1,0
490244,490244,490245,1,0
490244,490244,490246,2,0
490244,490244,490245,1,0
490244,490244,490245,1,0
490244,490244,490245,1,0
490244,490244,490245,1,0
490244,490244,490246,2,0
490244,490244,490245,1,0
490244,490244,490246,2,0
490244,490244,490245,1,0
490244,490244,490245,1,0
490244,490244,490246,2,0
490244,490244,490246,2,0
490244,490244,490247,3,0
490244,490245,490246,1,1
490244,490244,490247,3,0
489476,489476,490272,796,0
490274,490274,490275,1,0
490274,490274,490275,1,0
490274,490274,490275,1,0
490274,490274,490275,1,0
490274,490274,490275,1,0
490274,490274,490275,1,0
490274,490274,490275,1,0
490274,490274,490275,1,0
490274,490274,490275,1,0
490274,490274,490275,1,0
490274,490274,490275,1,0
490274,490274,490275,1,0
490274,490274,490275,1,0
490274,490274,490275,1,0
490274,490274,490275,1,0
490274,490274,490275,1,0
490274,490274,490275,1,0
490274,490274,490276,2,0
490274,490274,490276,2,0
490274,490274,490275,1,0
490274,490274,490275,1,0
490274,490274,490275,1,0
490274,490274,490275,1,0
490274,490274,490275,1,0
490274,490274,490276,2,0
490274,490274,490275,1,0
490274,490274,490275,1,0
490274,490274,490275,1,0
490274,490274,490275,1,0
490274,490274,490275,1,0
490274,490274,490275,1,0
490274,490274,490275,1,0
490274,490274,490275,1,0
490274,490274,490275,1,0
490274,490274,490275,1,0
490274,490274,490275,1,0
490274,490274,490275,1,0
490274,490274,490275,1,0
490274,490274,490275,1,0
490274,490274,490275,1,0
490274,490274,490275,1,0
490274,490274,490275,1,0
490274,490274,490275,1,0
490274,490274,490275,1,0
490274,490274,490275,1,0
490274,490274,490275,1,0
490274,490274,490275,1,0
490274,490274,490275,1,0
490274,490274,490275,1,0
490274,490274,490276,2,0
489508,489508,490312,804,0
490315,490315,490316,1,0
490315,490315,490316,1,0
490315,490315,490316,1,0
490315,490315,490316,1,0
490315,490315,490316,1,0
490315,490315,490316,1,0
490315,490315,490316,1,0
490315,490315,490316,1,0
490315,490315,490316,1,0
490315,490315,490316,1,0
490315,490315,490316,1,0
490315,490315,490316,1,0
490315,490315,490316,1,0
490315,490315,490316,1,0
490315,490315,490316,1,0
490315,490315,490316,1,0
490315,490315,490316,1,0
490315,490315,490316,1,0
490315,490315,490316,1,0
490315,490315,490316,1,0
490315,490315,490317,2,0
490315,490315,490316,1,0
490315,490315,490317,2,0
490315,490315,490317,2,0
490315,490316,490317,1,1
490315,490316,490317,1,1
490315,490316,490317,1,1
490315,490316,490317,1,1
490315,490316,490317,1,1
490315,490315,490317,2,0
490315,490315,490317,2,0
490315,490316,490317,1,1
490315,490315,490317,2,0
490315,490315,490317,2,0
490315,490316,490317,1,1
490315,490316,490317,1,1
490315,490316,490317,1,1
490315,490316,490317,1,1
490315,490316,490317,1,1
490315,490316,490317,1,1
490315,490315,490317,2,0
490315,490315,490317,2,0
490315,490316,490317,1,1
490315,490316,490317,1,1
490315,490316,490317,1,1
490315,490316,490317,1,1
490315,490316,490317,1,1
490315,490315,490317,2,0
490315,490315,490317,2,0
490315,490316,490317,1,1
489485,489486,490350,864,1
490352,490352,490353,1,0
490352,490352,490353,1,0
490352,490352,490353,1,0
490352,490352,490353,1,0
490352,490352,490353,1,0
490352,490352,490353,1,0
490352,490352,490353,1,0
490352,490352,490353,1,0
490352,490352,490353,1,0
490352,490352,490353,1,0
490352,490352,490353,1,0
490352,490352,490353,1,0
490352,490352,490353,1,0
490352,490352,490353,1,0
490352,490352,490353,1,0
490352,490352,490354,2,0
490352,490352,490354,2,0
490352,490352,490354,2,0
490352,490352,490354,2,0
490352,490352,490354,2,0
490352,490352,490354,2,0
490352,490352,490353,1,0
490352,490352,490353,1,0
490352,490353,490354,1,1
490352,490353,490354,1,1
490352,490353,490354,1,1
490352,490353,490354,1,1
490352,490352,490353,1,0
490352,490352,490353,1,0
490352,490352,490354,2,0
490352,490352,490354,2,0
490352,490352,490353,1,0
490352,490352,490354,2,0
490352,490352,490353,1,0
490352,490352,490354,2,0
490352,490352,490354,2,0
490352,490352,490354,2,0
490352,490352,490353,1,0
490352,490352,490354,2,0
490352,490352,490353,1,0
490352,490352,490354,2,0
490352,490352,490354,2,0
490352,490352,490353,1,0
490352,490352,490353,1,0
490352,490352,490354,2,0
490352,490352,490354,2,0
490352,490352,490354,2,0
490352,490352,490354,2,0
489540,489540,490365,825,0
490366,490366,490367,1,0
490366,490367,490368,1,1
490366,490367,490368,1,1
490366,490367,490368,1,1
490366,490367,490368,1,1
490366,490367,490368,1,1
490366,490366,490367,1,0
490366,490367,490368,1,1
490366,490367,490368,1,1
490366,490367,490368,1,1
490366,490367,490368,1,1
490366,490367,490368,1,1
489560,489560,490368,808,0
490366,490367,490368,1,1
490366,490367,490368,1,1
490366,490367,490368,1,1
490366,490367,490368,1,1
490366,490367,490368,1,1
490366,490367,490368,1,1
490366,490367,490368,1,1
490366,490367,490368,1,1
490366,490367,490368,1,1
490366,490367,490368,1,1
490366,490367,490368,1,1
490366,490367,490368,1,1
490366,490367,490368,1,1
490366,490367,490368,1,1
490366,490367,490368,1,1
490366,490367,490368,1,1
490366,490367,490368,1,1
490366,490367,490368,1,1
490366,490367,490368,1,1
490366,490367,490368,1,1
490366,490367,490368,1,1
490366,490367,490368,1,1
489596,489596,490371,775,0
490377,490378,490379,1,1
490377,490378,490379,1,1
490377,490378,490379,1,1
490377,490378,490379,1,1
490377,490378,490379,1,1
490377,490378,490379,1,1
490377,490378,490379,1,1
490377,490378,490379,1,1
490377,490378,490379,1,1
490377,490378,490379,1,1
490377,490378,490379,1,1
490377,490378,490380,2,1
490377,490378,490379,1,1
490377,490378,490379,1,1
490377,490378,490379,1,1
490378,490378,490379,1,0
490377,490378,490380,2,1
490377,490378,490379,1,1
490377,490378,490379,1,1
490377,490378,490379,1,1
490378,490378,490379,1,0
490377,490378,490379,1,1
490377,490378,490379,1,1
490377,490378,490379,1,1
490378,490378,490379,1,0
490377,490378,490379,1,1
490377,490378,490379,1,1
490377,490378,490380,2,1
490377,490378,490379,1,1
490378,490378,490379,1,0
490378,490379,490380,1,1
490377,490378,490379,1,1
490377,490378,490379,1,1
490377,490378,490379,1,1
490377,490378,490379,1,1
490378,490378,490379,1,0
490377,490378,490379,1,1
490377,490378,490379,1,1
490377,490378,490379,1,1
490378,490378,490379,1,0
490377,490378,490379,1,1
490377,490378,490379,1,1
490377,490378,490379,1,1
490377,490378,490379,1,1
490377,490378,490379,1,1
490378,490378,490379,1,0
490378,490378,490379,1,0
490378,490378,490379,1,0
490378,490378,490379,1,0
490377,490378,490379,1,1
490377,490378,490379,1,1
490377,490378,490379,1,1
490378,490378,490379,1,0
490378,490379,490380,1,1
490377,490378,490381,3,1
490378,490379,490380,1,1
490378,490378,490380,2,0
490378,490379,490380,1,1
490377,490378,490381,3,1
490378,490379,490380,1,1
490377,490378,490380,2,1
490378,490380,490381,1,2
490378,490380,490381,1,2
490378,490380,490381,1,2
490378,490380,490381,1,2
490378,490380,490381,1,2
490377,490378,490380,2,1
490378,490379,490380,1,1
490378,490380,490381,1,2
490378,490379,490381,2,1
490378,490380,490382,2,2
490378,490380,490381,1,2
490377,490378,490382,4,1
490378,490380,490381,1,2
490378,490380,490381,1,2
490378,490380,490383,3,2
490378,490380,490383,3,2
490378,490380,490383,3,2
490378,490380,490383,3,2
489564,489564,490388,824,0
489598,489598,490390,792,0
489583,489584,490392,808,1
490391,490392,490393,1,1
490391,490392,490393,1,1
490391,490392,490393,1,1
490391,490392,490394,2,1
490391,490392,490393,1,1
490391,490392,490393,1,1
490392,490392,490393,1,0
490391,490392,490393,1,1
490391,490392,490393,1,1
490391,490392,490393,1,1
490391,490392,490393,1,1
490391,490392,490394,2,1
490391,490392,490393,1,1
490391,490392,490393,1,1
490391,490392,490393,1,1
490391,490392,490393,1,1
490391,490392,490393,1,1
490391,490392,490393,1,1
490391,490392,490393,1,1
490391,490392,490393,1,1
490392,490392,490393,1,0
490391,490392,490393,1,1
490391,490392,490393,1,1
490391,490392,490393,1,1
490391,490392,490393,1,1
490391,490392,490393,1,1
490391,490392,490393,1,1
490392,490392,490393,1,0
490392,490392,490393,1,0
490392,490392,490393,1,0
490392,490392,490393,1,0
490391,490392,490393,1,1
490391,490392,490393,1,1
490392,490392,490393,1,0
490392,490392,490393,1,0
490391,490392,490394,2,1
490391,490392,490394,2,1
490391,490392,490393,1,1
490391,490392,490393,1,1
490392,490392,490393,1,0
490392,490392,490393,1,0
490392,490392,490393,1,0
490391,490392,490393,1,1
490391,490392,490393,1,1
490391,490392,490394,2,1
490391,490392,490393,1,1
490391,490392,490393,1,1
490392,490392,490393,1,0
490391,490392,490394,2,1
490392,490394,490395,1,2
490392,490394,490395,1,2
490391,490392,490394,2,1
490391,490392,490394,2,1
490392,490394,490395,1,2
490391,490392,490394,2,1
490392,490394,490395,1,2
490392,490394,490395,1,2
490392,490394,490395,1,2
490391,490392,490395,3,1
490391,490392,490394,2,1
490391,490392,490395,3,1
490392,490392,490395,3,0
490392,490394,490395,1,2
490392,490394,490395,1,2
490392,490394,490395,1,2
490391,490392,490394,2,1
490392,490394,490395,1,2
490392,490394,490395,1,2
490391,490392,490395,3,1
490392,490394,490395,1,2
490392,490394,490395,1,2
490392,490394,490395,1,2
490392,490394,490395,1,2
490392,490394,490395,1,2
490392,490394,490395,1,2
490392,490394,490395,1,2
490392,490394,490395,1,2
490392,490394,490395,1,2
490392,490394,490395,1,2
490392,490394,490395,1,2
490392,490394,490395,1,2
490391,490392,490395,3,1
490391,490392,490395,3,1
490392,490394,490395,1,2
490392,490394,490395,1,2
490392,490394,490396,2,2
490391,490392,490395,3,1
490392,490394,490396,2,2
490392,490394,490395,1,2
490392,490394,490396,2,2
490392,490394,490395,1,2
490392,490394,490395,1,2
490392,490394,490396,2,2
490392,490394,490396,2,2
489585,489585,490401,816,0
490408,490408,490409,1,0
490408,490408,490409,1,0
490408,490408,490409,1,0
490408,490408,490409,1,0
490408,490408,490409,1,0
490408,490408,490409,1,0
490408,490408,490409,1,0
490408,490408,490409,1,0
490408,490408,490409,1,0
490408,490408,490409,1,0
490408,490408,490409,1,0
490408,490408,490409,1,0
490408,490408,490409,1,0
490408,490408,490409,1,0
490408,490408,490409,1,0
490408,490408,490409,1,0
490408,490408,490409,1,0
490408,490408,490409,1,0
490408,490408,490409,1,0
490408,490408,490410,2,0
490408,490408,490410,2,0
490408,490408,490410,2,0
490408,490408,490410,2,0
490408,490408,490409,1,0
490408,490408,490409,1,0
490408,490408,490410,2,0
490408,490408,490410,2,0
490408,490408,490410,2,0
490408,490408,490409,1,0
490408,490408,490410,2,0
490408,490408,490409,1,0
490408,490408,490410,2,0
490408,490408,490409,1,0
490408,490408,490409,1,0
490408,490408,490410,2,0
490408,490408,490409,1,0
490408,490408,490410,2,0
490408,490408,490410,2,0
490408,490408,490410,2,0
490408,490409,490411,2,1
490408,490409,490411,2,1
490408,490409,490411,2,1
490408,490408,490411,3,0
490408,490408,490410,2,0
490408,490408,490411,3,0
490408,490408,490411,3,0
490408,490408,490411,3,0
490408,490408,490411,3,0
490408,490408,490411,3,0
490408,490409,490412,3,1
490418,490418,490419,1,0
490418,490418,490419,1,0
490418,490418,490419,1,0
490418,490418,490419,1,0
490418,490418,490419,1,0
490418,490418,490419,1,0
490418,490418,490419,1,0
490418,490418,490419,1,0
490418,490418,490419,1,0
490418,490418,490419,1,0
490418,490418,490419,1,0
490418,490418,490419,1,0
490418,490418,490419,1,0
490418,490418,490419,1,0
490418,490418,490419,1,0
490418,490418,490419,1,0
490418,490418,490419,1,0
490418,490418,490419,1,0
490418,490418,490420,2,0
490418,490418,490419,1,0
490418,490418,490420,2,0
490418,490418,490420,2,0
490418,490418,490419,1,0
490418,490418,490420,2,0
490418,490418,490419,1,0
490418,490418,490419,1,0
490418,490418,490420,2,0
490418,490418,490420,2,0
490418,490418,490419,1,0
490418,490418,490419,1,0
490418,490418,490419,1,0
490418,490418,490420,2,0
490418,490418,490419,1,0
490418,490418,490419,1,0
490418,490418,490419,1,0
490418,490418,490421,3,0
490418,490418,490421,3,0
490418,490418,490421,3,0
490418,490418,490421,3,0
490418,490418,490420,2,0
490418,490420,490422,2,2
490418,490420,490423,3,2
490418,490420,490424,4,2
490418,490420,490424,4,2
489546,489546,490433,887,0
490435,490435,490436,1,0
490435,490435,490436,1,0
490435,490435,490436,1,0
490435,490435,490436,1,0
490435,490435,490436,1,0
490435,490435,490436,1,0
490435,490435,490436,1,0
490435,490435,490436,1,0
490435,490435,490436,1,0
490435,490435,490436,1,0
490435,490435,490436,1,0
490435,490435,490436,1,0
490435,490435,490436,1,0
490435,490435,490436,1,0
490435,490435,490436,1,0
490435,490435,490436,1,0
490435,490435,490436,1,0
490435,490435,490436,1,0
490435,490435,490436,1,0
490435,490435,490436,1,0
490435,490435,490436,1,0
490435,490435,490436,1,0
490435,490435,490436,1,0
490435,490435,490436,1,0
490435,490435,490436,1,0
490435,490435,490436,1,0
490435,490435,490436,1,0
490435,490435,490436,1,0
490435,490435,490436,1,0
490435,490435,490436,1,0
490435,490435,490436,1,0
490435,490435,490436,1,0
490435,490435,490436,1,0
490435,490435,490436,1,0
490435,490435,490436,1,0
490435,490435,490436,1,0
490435,490435,490436,1,0
490435,490435,490436,1,0
490435,490435,490436,1,0
490435,490435,490436,1,0
490435,490435,490436,1,0
490435,490435,490436,1,0
490435,490435,490438,3,0
490435,490435,490438,3,0
490435,490435,490438,3,0
490418,490448,490449,1,30
490418,490448,490449,1,30
490418,490448,490450,2,30
490435,490456,490457,1,21
490435,490456,490457,1,21
490435,490456,490457,1,21
490435,490456,490457,1,21
490435,490456,490457,1,21
489936,489936,490757,821,0
490759,490759,490760,1,0
490759,490759,490760,1,0
490759,490759,490760,1,0
490759,490759,490760,1,0
490759,490759,490760,1,0
490759,490759,490760,1,0
490759,490759,490760,1,0
490759,490759,490760,1,0
490759,490759,490760,1,0
490759,490759,490760,1,0
490759,490759,490760,1,0
490759,490759,490760,1,0
490759,490759,490760,1,0
490759,490759,490760,1,0
490759,490760,490761,1,1
490759,490760,490761,1,1
490759,490759,490760,1,0
490759,490759,490760,1,0
490759,490759,490760,1,0
490759,490759,490761,2,0
490759,490759,490760,1,0
490759,490759,490760,1,0
490759,490759,490760,1,0
490759,490759,490760,1,0
490759,490759,490760,1,0
490759,490759,490760,1,0
490759,490759,490760,1,0
490759,490759,490760,1,0
490759,490759,490760,1,0
490759,490759,490760,1,0
490759,490759,490760,1,0
490759,490759,490760,1,0
490759,490759,490760,1,0
490759,490759,490761,2,0
490759,490759,490760,1,0
490759,490759,490760,1,0
490759,490759,490760,1,0
490759,490759,490760,1,0
490759,490759,490760,1,0
490759,490759,490760,1,0
490759,490759,490760,1,0
490759,490759,490760,1,0
490759,490759,490760,1,0
490759,490759,490761,2,0
490759,490759,490760,1,0
490759,490759,490760,1,0
490759,490759,490761,2,0
490759,490759,490760,1,0
490759,490759,490760,1,0
490759,490759,490761,2,0
489969,489969,490786,817,0
490788,490788,490789,1,0
490788,490788,490789,1,0
490788,490788,490789,1,0
490788,490788,490789,1,0
490788,490788,490789,1,0
490788,490788,490789,1,0
490788,490788,490789,1,0
490788,490788,490789,1,0
490788,490788,490789,1,0
490788,490788,490789,1,0
490788,490788,490789,1,0
490788,490788,490789,1,0
490788,490788,490789,1,0
490788,490788,490789,1,0
490788,490788,490789,1,0
490788,490788,490789,1,0
490788,490788,490789,1,0
490788,490788,490789,1,0
490788,490788,490789,1,0
490788,490788,490789,1,0
490788,490788,490789,1,0
490788,490788,490789,1,0
490788,490788,490790,2,0
490788,490788,490790,2,0
490788,490788,490789,1,0
490788,490788,490789,1,0
490788,490788,490789,1,0
490788,490788,490789,1,0
490788,490788,490789,1,0
490788,490788,490790,2,0
490788,490788,490789,1,0
490788,490788,490789,1,0
490788,490788,490790,2,0
490788,490788,490790,2,0
490788,490788,490789,1,0
490788,490788,490790,2,0
490788,490788,490790,2,0
490788,490788,490790,2,0
490788,490788,490790,2,0
490788,490788,490790,2,0
490788,490788,490789,1,0
490788,490788,490789,1,0
490788,490788,490790,2,0
490788,490788,490789,1,0
490788,490788,490789,1,0
490788,490788,490790,2,0
490788,490788,490789,1,0
490788,490788,490790,2,0
490788,490788,490790,2,0
490788,490788,490790,2,0
489978,489978,490792,814,0
490797,490798,490799,1,1
490797,490798,490799,1,1
490797,490798,490799,1,1
490797,490798,490799,1,1
490797,490798,490799,1,1
490797,490798,490799,1,1
490797,490798,490799,1,1
490797,490798,490799,1,1
490797,490798,490799,1,1
490797,490798,490799,1,1
490797,490798,490799,1,1
490797,490798,490799,1,1
490797,490798,490799,1,1
490797,490798,490799,1,1
490797,490798,490799,1,1
490797,490798,490799,1,1
490797,490798,490799,1,1
490797,490798,490799,1,1
490797,490798,490799,1,1
490797,490798,490799,1,1
490797,490798,490799,1,1
490005,490005,490833,828,0
490835,490836,490837,1,1
490835,490836,490837,1,1
490835,490836,490837,1,1
490835,490836,490837,1,1
490835,490836,490837,1,1
490835,490836,490837,1,1
490835,490836,490837,1,1
490835,490836,490837,1,1
490835,490836,490837,1,1
490835,490836,490837,1,1
490835,490836,490837,1,1
490835,490836,490837,1,1
490835,490836,490837,1,1
490835,490836,490837,1,1
490835,490836,490837,1,1
490835,490836,490837,1,1
490835,490836,490837,1,1
490835,490836,490837,1,1
490835,490836,490837,1,1
490835,490836,490837,1,1
490835,490836,490837,1,1
490835,490836,490837,1,1
490835,490836,490837,1,1
490835,490836,490837,1,1
490835,490836,490837,1,1
490835,490836,490837,1,1
490835,490836,490837,1,1
490835,490836,490837,1,1
490835,490836,490837,1,1
490835,490836,490837,1,1
490056,490056,490849,793,0
490851,490851,490852,1,0
490851,490851,490852,1,0
490851,490851,490852,1,0
490851,490851,490852,1,0
490851,490851,490852,1,0
490851,490851,490852,1,0
490851,490851,490852,1,0
490851,490851,490852,1,0
490851,490851,490852,1,0
490851,490851,490852,1,0
490851,490851,490852,1,0
490851,490851,490852,1,0
490851,490851,490852,1,0
490851,490851,490852,1,0
490851,490851,490852,1,0
490851,490851,490852,1,0
490851,490851,490852,1,0
490851,490851,490852,1,0
490851,490851,490852,1,0
490851,490851,490852,1,0
490851,490851,490852,1,0
490851,490851,490852,1,0
490851,490851,490852,1,0
490851,490851,490852,1,0
490851,490851,490852,1,0
490851,490851,490853,2,0
490851,490851,490853,2,0
490851,490851,490853,2,0
490851,490851,490853,2,0
490851,490851,490853,2,0
490851,490851,490853,2,0
490851,490851,490853,2,0
490851,490851,490853,2,0
490851,490851,490853,2,0
490851,490851,490853,2,0
490851,490851,490853,2,0
490851,490851,490853,2,0
490851,490851,490853,2,0
490851,490851,490853,2,0
490851,490851,490853,2,0
490851,490851,490853,2,0
490851,490851,490853,2,0
490851,490851,490853,2,0
490851,490851,490853,2,0
490851,490872,490873,1,21
490851,490872,490873,1,21
490851,490872,490873,1,21
490851,490872,490873,1,21
490851,490872,490873,1,21
490851,490872,490873,1,21
490180,490180,490956,776,0
490157,490157,490958,801,0
490957,490958,490959,1,1
490957,490958,490959,1,1
490957,490958,490959,1,1
490957,490958,490959,1,1
490957,490958,490959,1,1
490957,490958,490959,1,1
490957,490958,490959,1,1
490957,490958,490959,1,1
490957,490958,490959,1,1
490957,490958,490959,1,1
490957,490958,490959,1,1
490957,490958,490959,1,1
490957,490958,490959,1,1
490957,490958,490959,1,1
490957,490958,490959,1,1
490957,490958,490959,1,1
490957,490958,490959,1,1
490957,490958,490959,1,1
490957,490958,490959,1,1
490959,490959,490960,1,0
490957,490958,490959,1,1
490957,490958,490959,1,1
490957,490958,490959,1,1
490957,490958,490959,1,1
490957,490958,490959,1,1
490959,490959,490960,1,0
490957,490958,490960,2,1
490957,490958,490959,1,1
490957,490958,490959,1,1
490957,490958,490960,2,1
490959,490959,490960,1,0
490957,490958,490959,1,1
490957,490958,490959,1,1
490957,490958,490959,1,1
490959,490959,490960,1,0
490959,490959,490960,1,0
490957,490958,490959,1,1
490957,490958,490960,2,1
490957,490958,490959,1,1
490957,490958,490959,1,1
490957,490958,490959,1,1
490957,490958,490959,1,1
490957,490958,490959,1,1
490959,490959,490960,1,0
490959,490959,490960,1,0
490959,490959,490960,1,0
490957,490958,490959,1,1
490957,490958,490959,1,1
490957,490958,490959,1,1
490959,490959,490960,1,0
490959,490959,490960,1,0
490959,490959,490960,1,0
490959,490959,490960,1,0
490957,490958,490960,2,1
490957,490958,490960,2,1
490957,490958,490960,2,1
490959,490960,490961,1,1
490959,490960,490961,1,1
490959,490960,490961,1,1
490957,490958,490961,3,1
490959,490959,490961,2,0
490957,490958,490961,3,1
490957,490958,490961,3,1
490959,490961,490962,1,2
490957,490958,490961,3,1
490959,490961,490962,1,2
490957,490958,490961,3,1
490959,490961,490962,1,2
490957,490958,490961,3,1
490959,490961,490962,1,2
490959,490961,490962,1,2
490959,490960,490961,1,1
490959,490960,490962,2,1
490959,490960,490961,1,1
490959,490961,490962,1,2
490959,490961,490962,1,2
490959,490961,490962,1,2
490959,490961,490962,1,2
490959,490961,490962,1,2
490959,490961,490962,1,2
490959,490960,490962,2,1
490959,490960,490962,2,1
490959,490960,490962,2,1
490959,490960,490963,3,1
490959,490960,490963,3,1
490959,490961,490963,2,2
490245,490245,491052,807,0
491052,491053,491054,1,1
491052,491053,491054,1,1
491052,491053,491054,1,1
491052,491053,491054,1,1
491052,491053,491054,1,1
491052,491053,491054,1,1
491052,491053,491054,1,1
491052,491053,491054,1,1
491052,491053,491054,1,1
491052,491053,491054,1,1
491052,491053,491054,1,1
491052,491053,491054,1,1
491052,491053,491054,1,1
491052,491053,491054,1,1
491052,491053,491054,1,1
491052,491053,491054,1,1
491052,491053,491054,1,1
491052,491053,491054,1,1
491052,491053,491054,1,1
491052,491053,491054,1,1
491052,491053,491054,1,1
491052,491053,491054,1,1
491052,491053,491054,1,1
491052,491053,491054,1,1
491052,491053,491054,1,1
491052,491053,491054,1,1
491052,491053,491054,1,1
491052,491053,491054,1,1
491052,491053,491054,1,1
491052,491053,491054,1,1
491052,491053,491054,1,1
491052,491053,491054,1,1
491052,491053,491054,1,1
491052,491053,491054,1,1
491052,491053,491054,1,1
491052,491053,491054,1,1
491052,491053,491054,1,1
491052,491053,491054,1,1
491052,491053,491055,2,1
491052,491053,491056,3,1
491052,491053,491055,2,1
491052,491053,491055,2,1
491052,491053,491056,3,1
491052,491053,491055,2,1
491052,491053,491056,3,1
491052,491053,491056,3,1
491052,491053,491056,3,1
490207,490207,491063,856,0
490275,490275,491063,788,0
491066,491066,491067,1,0
491066,491066,491067,1,0
491066,491066,491067,1,0
491066,491066,491067,1,0
491066,491066,491067,1,0
491066,491066,491067,1,0
491066,491066,491067,1,0
491066,491066,491067,1,0
491066,491066,491068,2,0
491066,491066,491068,2,0
491066,491066,491068,2,0
491066,491066,491068,2,0
491066,491066,491068,2,0
491066,491066,491067,1,0
491066,491066,491068,2,0
491066,491066,491068,2,0
491066,491066,491068,2,0
491066,491067,491068,1,1
491066,491066,491068,2,0
491066,491066,491068,2,0
491066,491066,491068,2,0
491066,491066,491068,2,0
491066,491066,491068,2,0
491066,491066,491068,2,0
491066,491066,491068,2,0
491066,491066,491068,2,0
491066,491066,491068,2,0
491066,491067,491068,1,1
491066,491066,491068,2,0
491066,491066,491068,2,0
491066,491066,491068,2,0
491066,491066,491068,2,0
491066,491067,491068,1,1
491066,491066,491068,2,0
491066,491066,491068,2,0
491066,491066,491068,2,0
491066,491067,491068,1,1
491066,491066,491068,2,0
491066,491066,491068,2,0
491066,491066,491068,2,0
491066,491067,491068,1,1
491066,491066,491069,3,0
491069,491069,491070,1,0
491066,491066,491070,4,0
491069,491069,491070,1,0
491069,491069,491070,1,0
491066,491066,491070,4,0
491066,491066,491069,3,0
491069,491069,491070,1,0
491066,491066,491069,3,0
491066,491066,491069,3,0
491066,491066,491069,3,0
491069,491069,491070,1,0
491066,491066,491070,4,0
491069,491069,491070,1,0
491069,491069,491070,1,0
491069,491069,491070,1,0
491069,491069,491070,1,0
491069,491069,491070,1,0
491066,491067,491071,4,1
491069,491069,491071,2,0
491069,491069,491070,1,0
491069,491069,491071,2,0
491069,491069,491070,1,0
491069,491069,491071,2,0
491069,491069,491070,1,0
491069,491069,491070,1,0
491069,491069,491070,1,0
491069,491069,491070,1,0
491069,491069,491070,1,0
491069,491069,491070,1,0
491069,491069,491070,1,0
491069,491069,491070,1,0
491069,491069,491070,1,0
491069,491069,491070,1,0
491069,491069,491070,1,0
491069,491069,491070,1,0
491069,491069,491070,1,0
491069,491069,491070,1,0
491069,491069,491070,1,0
491069,491069,491070,1,0
491069,491069,491071,2,0
491069,491069,491070,1,0
491069,491069,491070,1,0
491069,491069,491071,2,0
491069,491069,491070,1,0
491069,491069,491070,1,0
491069,491069,491070,1,0
491069,491069,491070,1,0
491069,491069,491070,1,0
491069,491069,491070,1,0
491069,491069,491070,1,0
491069,491069,491072,3,0
491069,491069,491071,2,0
491069,491069,491072,3,0
491069,491069,491071,2,0
491069,491069,491072,3,0
491069,491069,491072,3,0
491069,491069,491072,3,0
491069,491069,491072,3,0
490316,490317,491167,850,1
491168,491169,491170,1,1
491168,491169,491170,1,1
491168,491169,491170,1,1
491168,491169,491170,1,1
491168,491169,491170,1,1
491168,491169,491170,1,1
491168,491169,491170,1,1
491168,491169,491170,1,1
491168,491169,491170,1,1
491168,491169,491170,1,1
491168,491169,491170,1,1
491168,491169,491170,1,1
491168,491169,491170,1,1
491168,491169,491170,1,1
491168,491169,491170,1,1
491168,491169,491170,1,1
491168,491169,491171,2,1
491168,491169,491170,1,1
491168,491169,491170,1,1
491168,491169,491170,1,1
491168,491169,491170,1,1
491168,491169,491170,1,1
491168,491169,491170,1,1
491168,491169,491170,1,1
491168,491169,491170,1,1
491168,491169,491170,1,1
491168,491169,491170,1,1
491168,491169,491170,1,1
491168,491169,491170,1,1
491168,491169,491170,1,1
491168,491169,491170,1,1
491168,491169,491170,1,1
491168,491169,491170,1,1
491168,491169,491171,2,1
491168,491169,491170,1,1
491168,491169,491170,1,1
491168,491169,491170,1,1
491168,491169,491170,1,1
491168,491169,491170,1,1
491168,491169,491170,1,1
491168,491169,491170,1,1
491168,491169,491170,1,1
491168,491169,491171,2,1
491168,491169,491170,1,1
491168,491169,491171,2,1
491168,491169,491171,2,1
491168,491169,491171,2,1
491168,491169,491171,2,1
490393,490394,491189,795,1
491189,491190,491191,1,1
491189,491190,491191,1,1
491189,491190,491191,1,1
491189,491190,491191,1,1
491189,491190,491191,1,1
491189,491190,491191,1,1
491189,491190,491191,1,1
490379,490380,491191,811,1
491189,491190,491191,1,1
491189,491190,491191,1,1
491189,491190,491191,1,1
491189,491190,491191,1,1
491189,491190,491191,1,1
491189,491190,491191,1,1
491189,491190,491191,1,1
491189,491190,491191,1,1
491189,491190,491191,1,1
491189,491190,491191,1,1
491189,491190,491191,1,1
491189,491190,491191,1,1
491189,491190,491191,1,1
491189,491190,491191,1,1
491189,491190,491191,1,1
491189,491190,491191,1,1
491189,491190,491191,1,1
491189,491190,491191,1,1
491189,491190,491191,1,1
491189,491190,491191,1,1
491189,491190,491191,1,1
491189,491190,491191,1,1
491189,491190,491191,1,1
491189,491190,491191,1,1
491189,491190,491191,1,1
491189,491190,491191,1,1
491189,491190,491191,1,1
491189,491190,491191,1,1
491189,491190,491191,1,1
491189,491190,491191,1,1
491189,491190,491191,1,1
491189,491190,491191,1,1
491189,491190,491191,1,1
491189,491190,491191,1,1
491189,491190,491191,1,1
491189,491190,491191,1,1
491189,491190,491191,1,1
491189,491190,491191,1,1
491189,491190,491191,1,1
491189,491190,491191,1,1
491189,491190,491191,1,1
491189,491190,491191,1,1
490353,490353,491192,839,0
491191,491192,491193,1,1
491191,491192,491193,1,1
491191,491192,491193,1,1
491191,491192,491193,1,1
491191,491192,491193,1,1
491191,491192,491193,1,1
491191,491192,491193,1,1
491191,491192,491193,1,1
491191,491192,491193,1,1
491191,491192,491193,1,1
491191,491192,491193,1,1
491191,491192,491193,1,1
491191,491192,491193,1,1
491191,491192,491193,1,1
491191,491192,491193,1,1
491191,491192,491193,1,1
491191,491192,491193,1,1
491191,491192,491193,1,1
491191,491192,491193,1,1
491191,491192,491193,1,1
491191,491192,491193,1,1
491191,491192,491193,1,1
491191,491192,491193,1,1
491191,491192,491193,1,1
491191,491192,491193,1,1
491191,491192,491193,1,1
491191,491192,491193,1,1
491191,491192,491193,1,1
491191,491192,491193,1,1
491191,491192,491193,1,1
491191,491192,491193,1,1
491191,491192,491193,1,1
491191,491192,491193,1,1
491191,491192,491193,1,1
491191,491192,491193,1,1
491191,491192,491193,1,1
491191,491192,491193,1,1
491191,491192,491193,1,1
491191,491192,491193,1,1
491199,491199,491200,1,0
491199,491199,491200,1,0
491199,491199,491200,1,0
491199,491199,491200,1,0
491199,491199,491200,1,0
491199,491199,491200,1,0
491199,491199,491200,1,0
491199,491199,491200,1,0
491199,491199,491200,1,0
491199,491199,491200,1,0
491199,491199,491200,1,0
491199,491199,491200,1,0
491199,491199,491200,1,0
491199,491199,491200,1,0
491199,491199,491200,1,0
491199,491199,491200,1,0
491199,491199,491200,1,0
491199,491199,491200,1,0
491199,491199,491200,1,0
491199,491199,491200,1,0
491199,491199,491200,1,0
491199,491199,491200,1,0
491199,491199,491200,1,0
491199,491199,491200,1,0
491199,491199,491200,1,0
491199,491199,491200,1,0
491199,491199,491200,1,0
491199,491199,491200,1,0
491199,491199,491200,1,0
491199,491199,491200,1,0
491199,491199,491200,1,0
491199,491199,491200,1,0
491199,491199,491200,1,0
491199,491199,491200,1,0
491199,491199,491200,1,0
491199,491199,491200,1,0
491199,491199,491200,1,0
491199,491199,491200,1,0
491199,491199,491200,1,0
491199,491199,491200,1,0
491199,491199,491200,1,0
491199,491200,491201,1,1
491199,491200,491201,1,1
491199,491200,491201,1,1
491199,491200,491201,1,1
491199,491199,491201,2,0
491199,491199,491201,2,0
491199,491199,491201,2,0
491199,491199,491201,2,0
491199,491199,491201,2,0
490409,490409,491204,795,0
491206,491206,491207,1,0
491206,491206,491207,1,0
491206,491206,491207,1,0
491206,491206,491207,1,0
491206,491206,491207,1,0
491206,491206,491207,1,0
491206,491206,491207,1,0
491206,491206,491207,1,0
491206,491206,491207,1,0
491206,491206,491208,2,0
491206,491206,491208,2,0
491206,491206,491208,2,0
491206,491206,491208,2,0
491206,491206,491208,2,0
491206,491206,491207,1,0
491206,491206,491207,1,0
491206,491206,491207,1,0
491206,491206,491208,2,0
491206,491206,491207,1,0
491206,491206,491207,1,0
491206,491206,491207,1,0
490436,490436,491208,772,0
491206,491206,491207,1,0
491206,491206,491207,1,0
491206,491206,491207,1,0
491206,491206,491207,1,0
491206,491206,491207,1,0
491206,491207,491208,1,1
491206,491207,491208,1,1
491206,491206,491207,1,0
491206,491206,491208,2,0
491206,491206,491207,1,0
491206,491206,491208,2,0
491206,491206,491207,1,0
491206,491206,491208,2,0
491206,491207,491208,1,1
491206,491207,491209,2,1
491206,491207,491209,2,1
491206,491206,491209,3,0
491206,491206,491208,2,0
491206,491206,491209,3,0
491206,491206,491209,3,0
491206,491207,491209,2,1
491206,491206,491209,3,0
491206,491206,491209,3,0
491206,491207,491209,2,1
491214,491214,491215,1,0
491214,491214,491215,1,0
491214,491214,491215,1,0
491214,491214,491215,1,0
491214,491214,491215,1,0
491214,491214,491215,1,0
491214,491214,491215,1,0
491214,491214,491215,1,0
491214,491214,491216,2,0
491214,491214,491215,1,0
491214,491214,491215,1,0
491214,491214,491215,1,0
491214,491214,491215,1,0
491214,491214,491216,2,0
491214,491214,491216,2,0
491214,491214,491215,1,0
491214,491214,491215,1,0
491214,491214,491216,2,0
491214,491214,491216,2,0
491214,491214,491216,2,0
491214,491214,491216,2,0
491214,491214,491215,1,0
491214,491214,491215,1,0
491214,491214,491216,2,0
491214,491214,491215,1,0
491214,491214,491215,1,0
491214,491214,491216,2,0
491214,491214,491215,1,0
491214,491214,491216,2,0
491214,491214,491216,2,0
491214,491214,491215,1,0
491214,491214,491215,1,0
491214,491214,491216,2,0
491214,491214,491216,2,0
491214,491214,491215,1,0
491214,491214,491215,1,0
491214,491214,491216,2,0
491214,491214,491217,3,0
491214,491214,491216,2,0
491214,491214,491217,3,0
491214,491214,491217,3,0
491214,491214,491217,3,0
491214,491214,491217,3,0
491214,491214,491217,3,0
491214,491214,491217,3,0
491214,491214,491219,5,0
491214,491214,491219,5,0
491214,491214,491219,5,0
490419,490419,491226,807,0
491228,491228,491229,1,0
491228,491228,491229,1,0
491228,491228,491229,1,0
491228,491228,491229,1,0
491228,491228,491229,1,0
491228,491228,491229,1,0
491228,491228,491229,1,0
491228,491228,491229,1,0
491228,491228,491229,1,0
491228,491228,491229,1,0
491228,491228,491229,1,0
491228,491228,491229,1,0
491228,491229,491230,1,1
491228,491228,491229,1,0
491228,491228,491229,1,0
491228,491228,491229,1,0
491228,491228,491229,1,0
491228,491228,491229,1,0
491228,491228,491229,1,0
491228,491228,491230,2,0
491228,491228,491229,1,0
491228,491228,491229,1,0
491228,491228,491229,1,0
491228,491228,491229,1,0
491228,491228,491229,1,0
491228,491228,491229,1,0
491228,491228,491229,1,0
491228,491228,491229,1,0
491228,491228,491229,1,0
491228,491228,491229,1,0
491228,491228,491229,1,0
491228,491228,491229,1,0
491228,491228,491229,1,0
491228,491228,491229,1,0
491228,491228,491231,3,0
491228,491228,491231,3,0
491228,491229,491230,1,1
491228,491228,491231,3,0
491228,491228,491230,2,0
491228,491228,491231,3,0
491228,491228,491231,3,0
491228,491228,491231,3,0
491228,491229,491231,2,1
491228,491231,491232,1,3
491228,491231,491232,1,3
491228,491231,491232,1,3
491228,491231,491233,2,3
491228,491231,491234,3,3
490368,490368,491235,867,0
491206,491235,491236,1,29
491214,491235,491236,1,21
491214,491235,491236,1,21
490381,490381,491238,857,0
491244,491244,491245,1,0
491244,491244,491245,1,0
491244,491244,491245,1,0
491244,491244,491245,1,0
491244,491244,491245,1,0
491244,491244,491245,1,0
491244,491244,491245,1,0
491244,491244,491245,1,0
491244,491244,491245,1,0
491244,491244,491245,1,0
491244,491244,491245,1,0
491244,491244,491245,1,0
491244,491244,491245,1,0
491244,491244,491245,1,0
491244,491244,491245,1,0
491244,491244,491245,1,0
491244,491244,491245,1,0
491244,491244,491245,1,0
491244,491244,491245,1,0
491244,491244,491245,1,0
491244,491244,491245,1,0
491244,491244,491245,1,0
491244,491244,491245,1,0
491244,491244,491245,1,0
491244,491244,491245,1,0
491244,491244,491245,1,0
491244,491244,491245,1,0
491244,491244,491245,1,0
491244,491244,491245,1,0
491244,491244,491245,1,0
491244,491244,491245,1,0
491244,491244,491245,1,0
491244,491244,491245,1,0
491244,491244,491245,1,0
491244,491244,491245,1,0
491244,491244,491245,1,0
491244,491244,491245,1,0
491244,491244,491245,1,0
491244,491244,491245,1,0
491244,491244,491245,1,0
491244,491244,491245,1,0
491244,491244,491245,1,0
491244,491244,491245,1,0
491244,491244,491245,1,0
491244,491244,491245,1,0
491253,491254,491255,1,1
491253,491254,491255,1,1
491253,491254,491255,1,1
491253,491254,491255,1,1
491253,491254,491255,1,1
491253,491254,491255,1,1
491253,491254,491255,1,1
491253,491254,491255,1,1
491253,491254,491255,1,1
491253,491254,491255,1,1
491253,491254,491255,1,1
491253,491254,491255,1,1
491253,491254,491255,1,1
491253,491254,491255,1,1
491253,491254,491255,1,1
491253,491254,491255,1,1
491253,491254,491255,1,1
491253,491254,491255,1,1
491253,491254,491255,1,1
491253,491254,491255,1,1
491253,491254,491255,1,1
491253,491254,491255,1,1
491253,491254,491255,1,1
491253,491254,491255,1,1
491253,491254,491255,1,1
491253,491254,491255,1,1
491253,491254,491255,1,1
491253,491254,491255,1,1
491253,491254,491255,1,1
491253,491254,491255,1,1
491253,491254,491255,1,1
491253,491254,491255,1,1
491253,491254,491255,1,1
491253,491254,491255,1,1
491253,491254,491255,1,1
491253,491254,491255,1,1
491253,491254,491255,1,1
491253,491254,491255,1,1
491253,491254,491255,1,1
491253,491254,491255,1,1
491253,491254,491255,1,1
491253,491254,491255,1,1
490428,490429,491333,904,1
491334,491334,491335,1,0
491334,491334,491336,2,0
491334,491334,491335,1,0
491334,491335,491336,1,1
491334,491334,491336,2,0
491334,491334,491335,1,0
491334,491334,491335,1,0
491334,491334,491336,2,0
491334,491334,491336,2,0
491334,491334,491336,2,0
491334,491335,491336,1,1
491334,491335,491336,1,1
491334,491334,491336,2,0
491334,491334,491336,2,0
491334,491335,491336,1,1
491334,491335,491336,1,1
491334,491334,491336,2,0
491334,491335,491336,1,1
491334,491335,491336,1,1
491334,491334,491336,2,0
491334,491335,491336,1,1
491334,491335,491336,1,1
491334,491335,491336,1,1
491334,491334,491336,2,0
491334,491335,491336,1,1
491334,491335,491336,1,1
491334,491334,491336,2,0
491334,491335,491336,1,1
491334,491335,491336,1,1
491334,491335,491336,1,1
491334,491334,491336,2,0
491334,491335,491336,1,1
491334,491335,491336,1,1
491334,491335,491336,1,1
491334,491335,491336,1,1
491334,491335,491336,1,1
491334,491335,491336,1,1
491334,491335,491336,1,1
491334,491335,491336,1,1
491334,491334,491337,3,0
491334,491335,491337,2,1
491334,491335,491338,3,1
491334,491334,491337,3,0
491334,491335,491337,2,1
491334,491335,491337,2,1
491334,491335,491338,3,1
491334,491334,491338,4,0
491334,491335,491340,5,1
490760,490760,491576,816,0
491577,491577,491578,1,0
491577,491577,491578,1,0
491577,491577,491578,1,0
491577,491577,491578,1,0
491577,491577,491578,1,0
491577,491577,491578,1,0
491577,491577,491578,1,0
491577,491577,491578,1,0
491577,491577,491578,1,0
491577,491577,491578,1,0
491577,491578,491579,1,1
491577,491578,491579,1,1
491577,491578,491579,1,1
491577,491578,491579,1,1
491577,491577,491578,1,0
491577,491577,491579,2,0
491577,491577,491578,1,0
491577,491577,491578,1,0
491577,491577,491579,2,0
491577,491577,491579,2,0
491577,491577,491578,1,0
491577,491577,491578,1,0
491577,491577,491578,1,0
491577,491577,491578,1,0
491577,491577,491578,1,0
491577,491577,491578,1,0
491577,491577,491578,1,0
491577,491577,491578,1,0
491577,491577,491578,1,0
491577,491577,491579,2,0
491577,491577,491578,1,0
491577,491577,491579,2,0
491577,491577,491579,2,0
491577,491577,491579,2,0
491577,491577,491579,2,0
491577,491577,491579,2,0
491577,491577,491579,2,0
491577,491577,491578,1,0
491577,491577,491579,2,0
491577,491577,491578,1,0
491577,491577,491579,2,0
491577,491577,491579,2,0
491577,491577,491578,1,0
491577,491577,491580,3,0
491577,491577,491580,3,0
491577,491577,491580,3,0
491577,491577,491580,3,0
491577,491577,491580,3,0
491577,491577,491580,3,0
491577,491578,491580,2,1
490837,490837,491608,771,0
491610,491610,491611,1,0
491610,491610,491611,1,0
491610,491610,491611,1,0
491610,491610,491611,1,0
491610,491610,491611,1,0
491610,491610,491611,1,0
491610,491610,491611,1,0
491610,491610,491611,1,0
491610,491610,491611,1,0
491610,491610,491611,1,0
491610,491610,491611,1,0
491610,491610,491611,1,0
491610,491610,491611,1,0
491610,491610,491611,1,0
491610,491610,491611,1,0
491610,491610,491611,1,0
491610,491610,491611,1,0
491610,491610,491611,1,0
491610,491610,491611,1,0
491610,491610,491611,1,0
491610,491610,491611,1,0
491610,491610,491611,1,0
491610,491610,491611,1,0
491610,491610,491611,1,0
491610,491610,491611,1,0
491610,491610,491611,1,0
491610,491610,491611,1,0
491610,491610,491611,1,0
491610,491610,491611,1,0
491610,491610,491611,1,0
491610,491610,491611,1,0
491610,491610,491611,1,0
491610,491610,491611,1,0
491610,491610,491611,1,0
491610,491610,491611,1,0
491610,491610,491611,1,0
491610,491610,491611,1,0
491610,491610,491611,1,0
491610,491610,491611,1,0
491610,491610,491611,1,0
491610,491610,491611,1,0
491610,491610,491611,1,0
491610,491610,491611,1,0
491610,491610,491611,1,0
491610,491610,491611,1,0
491610,491610,491611,1,0
491610,491610,491611,1,0
491610,491610,491611,1,0
491610,491610,491611,1,0
491610,491610,491611,1,0
490789,490789,491623,834,0
491625,491625,491626,1,0
491625,491625,491626,1,0
491625,491625,491626,1,0
491625,491625,491626,1,0
491625,491625,491626,1,0
491625,491625,491626,1,0
491625,491625,491626,1,0
491625,491625,491626,1,0
491625,491625,491626,1,0
491625,491625,491626,1,0
491625,491625,491626,1,0
491625,491625,491626,1,0
491625,491625,491626,1,0
491625,491625,491626,1,0
491625,491625,491626,1,0
491625,491625,491626,1,0
491625,491625,491627,2,0
491625,491625,491627,2,0
491625,491625,491626,1,0
491625,491625,491627,2,0
491625,491625,491626,1,0
491625,491625,491627,2,0
491625,491625,491626,1,0
491625,491625,491626,1,0
491625,491626,491627,1,1
491625,491626,491627,1,1
491625,491626,491627,1,1
491625,491626,491627,1,1
491625,491625,491627,2,0
491625,491625,491627,2,0
491625,491625,491627,2,0
491625,491625,491626,1,0
491625,491625,491626,1,0
491625,491625,491626,1,0
491625,491625,491626,1,0
491625,491625,491627,2,0
491625,491625,491626,1,0
491625,491625,491627,2,0
491625,491625,491627,2,0
491625,491625,491627,2,0
491625,491625,491627,2,0
491625,491625,491627,2,0
491625,491626,491628,2,1
491625,491625,491628,3,0
491625,491643,491644,1,18
490799,490799,491654,855,0
491656,491656,491657,1,0
491656,491656,491658,2,0
491656,491656,491657,1,0
491656,491656,491657,1,0
491656,491656,491658,2,0
491656,491656,491658,2,0
491656,491657,491658,1,1
491656,491657,491658,1,1
491656,491656,491658,2,0
491656,491656,491658,2,0
491656,491656,491658,2,0
491656,491657,491658,1,1
491656,491657,491658,1,1
491656,491657,491658,1,1
491656,491657,491658,1,1
491656,491657,491658,1,1
491656,491656,491658,2,0
491656,491656,491658,2,0
491656,491657,491658,1,1
491656,491657,491658,1,1
491656,491657,491658,1,1
491656,491657,491658,1,1
491656,491656,491658,2,0
491656,491657,491658,1,1
491656,491657,491658,1,1
491656,491657,491658,1,1
491656,491657,491658,1,1
491656,491657,491658,1,1
491656,491656,491658,2,0
491656,491657,491658,1,1
491656,491657,491658,1,1
491656,491657,491658,1,1
491656,491657,491658,1,1
491656,491657,491658,1,1
491656,491657,491658,1,1
491656,491657,491658,1,1
491656,491657,491658,1,1
490853,490853,491679,826,0
491656,491679,491680,1,23
491656,491679,491680,1,23
491656,491679,491680,1,23
491656,491679,491680,1,23
491656,491679,491680,1,23
491656,491679,491680,1,23
491680,491681,491682,1,1
491680,491681,491682,1,1
491680,491681,491682,1,1
491680,491681,491682,1,1
491680,491681,491682,1,1
491680,491681,491682,1,1
491680,491681,491682,1,1
491680,491681,491682,1,1
491680,491681,491682,1,1
491680,491681,491682,1,1
491680,491681,491682,1,1
491680,491681,491682,1,1
491680,491681,491682,1,1
491680,491681,491682,1,1
491680,491681,491682,1,1
491680,491681,491682,1,1
491680,491681,491682,1,1
491680,491681,491682,1,1
491680,491681,491682,1,1
491680,491681,491682,1,1
491680,491681,491682,1,1
491680,491681,491682,1,1
491680,491681,491682,1,1
491680,491681,491682,1,1
491680,491685,491686,1,5
491680,491685,491686,1,5
491680,491685,491686,1,5
491680,491685,491686,1,5
491680,491685,491686,1,5
491680,491685,491686,1,5
490959,490959,491758,799,0
491760,491761,491762,1,1
491760,491761,491762,1,1
491760,491761,491762,1,1
491760,491761,491762,1,1
491760,491761,491762,1,1
491760,491761,491762,1,1
491760,491761,491762,1,1
491760,491761,491762,1,1
491760,491761,491762,1,1
491760,491761,491762,1,1
491760,491761,491762,1,1
491760,491761,491762,1,1
491760,491761,491762,1,1
491760,491761,491762,1,1
491760,491761,491762,1,1
491760,491761,491762,1,1
491760,491761,491762,1,1
491760,491761,491762,1,1
491760,491761,491762,1,1
491760,491761,491762,1,1
491760,491761,491762,1,1
491760,491761,491762,1,1
491760,491761,491762,1,1
491760,491761,491762,1,1
491760,491761,491762,1,1
491760,491761,491762,1,1
491760,491761,491762,1,1
491760,491761,491762,1,1
491760,491761,491762,1,1
491760,491761,491762,1,1
491760,491761,491762,1,1
491760,491761,491762,1,1
491760,491761,491762,1,1
491760,491761,491762,1,1
491760,491761,491762,1,1
491760,491761,491762,1,1
490961,490961,491841,880,0
491843,491843,491844,1,0
491843,491843,491844,1,0
491843,491843,491844,1,0
491843,491843,491844,1,0
491843,491843,491844,1,0
491843,491843,491844,1,0
491843,491843,491844,1,0
491843,491843,491844,1,0
491843,491843,491844,1,0
491843,491843,491844,1,0
491843,491843,491844,1,0
491843,491843,491844,1,0
491843,491843,491844,1,0
491843,491843,491844,1,0
491843,491843,491844,1,0
491843,491843,491844,1,0
491843,491843,491844,1,0
491843,491843,491844,1,0
491843,491843,491844,1,0
491843,491843,491844,1,0
491843,491843,491844,1,0
491843,491843,491844,1,0
491843,491843,491844,1,0
491843,491843,491844,1,0
491843,491843,491844,1,0
491843,491843,491844,1,0
491843,491843,491844,1,0
491843,491843,491844,1,0
491843,491844,491845,1,1
491843,491844,491845,1,1
491843,491844,491845,1,1
491843,491844,491845,1,1
491843,491844,491845,1,1
491843,491844,491845,1,1
491843,491844,491845,1,1
491843,491843,491844,1,0
491843,491843,491844,1,0
491843,491843,491844,1,0
491843,491843,491844,1,0
491843,491843,491845,2,0
491843,491843,491844,1,0
491843,491843,491844,1,0
491843,491843,491844,1,0
491843,491843,491844,1,0
491843,491843,491845,2,0
491843,491843,491845,2,0
491843,491843,491844,1,0
491070,491070,491872,802,0
491874,491874,491875,1,0
491874,491874,491875,1,0
491874,491874,491875,1,0
491874,491874,491875,1,0
491874,491874,491875,1,0
491874,491874,491875,1,0
491874,491874,491875,1,0
491874,491874,491875,1,0
491874,491874,491875,1,0
491874,491874,491875,1,0
491874,491874,491875,1,0
491874,491874,491875,1,0
491874,491874,491875,1,0
491874,491874,491876,2,0
491874,491875,491876,1,1
491874,491875,491876,1,1
491874,491874,491876,2,0
491874,491874,491876,2,0
491874,491874,491876,2,0
491874,491874,491875,1,0
491874,491874,491876,2,0
491874,491874,491876,2,0
491874,491874,491875,1,0
491874,491874,491875,1,0
491874,491874,491876,2,0
491874,491874,491876,2,0
491874,491874,491876,2,0
491874,491874,491875,1,0
491874,491874,491876,2,0
491874,491874,491876,2,0
491874,491874,491876,2,0
491874,491874,491876,2,0
491874,491874,491876,2,0
491874,491874,491876,2,0
491874,491874,491876,2,0
491874,491875,491876,1,1
491874,491875,491876,1,1
491874,491875,491876,1,1
491874,491875,491876,1,1
491874,491874,491877,3,0
491874,491874,491877,3,0
491054,491054,491877,823,0
491874,491874,491877,3,0
491874,491874,491877,3,0
491874,491874,491877,3,0
491874,491874,491877,3,0
491874,491874,491877,3,0
491874,491874,491877,3,0
491874,491875,491877,2,1
491874,491874,491878,4,0
491878,491878,491879,1,0
491878,491878,491879,1,0
491878,491878,491879,1,0
491878,491878,491879,1,0
491874,491874,491879,5,0
491878,491878,491879,1,0
491878,491878,491879,1,0
491878,491878,491879,1,0
491878,491878,491879,1,0
491878,491878,491879,1,0
491878,491878,491879,1,0
491878,491878,491879,1,0
491878,491878,491879,1,0
491878,491878,491879,1,0
491878,491878,491879,1,0
491878,491878,491879,1,0
491878,491878,491879,1,0
491878,491878,491880,2,0
491878,491879,491880,1,1
491878,491879,491880,1,1
491878,491879,491880,1,1
491878,491879,491880,1,1
491878,491878,491879,1,0
491878,491878,491880,2,0
491878,491878,491880,2,0
491878,491878,491880,2,0
491878,491878,491879,1,0
491878,491878,491880,2,0
491878,491878,491880,2,0
491878,491878,491880,2,0
491878,491878,491879,1,0
491878,491878,491879,1,0
491878,491878,491880,2,0
491878,491878,491880,2,0
491878,491878,491879,1,0
491878,491878,491880,2,0
491878,491878,491880,2,0
491878,491878,491880,2,0
491878,491878,491880,2,0
491878,491878,491880,2,0
491878,491878,491880,2,0
491878,491878,491880,2,0
491878,491878,491879,1,0
491878,491878,491881,3,0
491878,491879,491881,2,1
491878,491878,491881,3,0
491878,491878,491881,3,0
491878,491878,491881,3,0
491878,491878,491881,3,0
491878,491878,491881,3,0
491878,491878,491884,6,0
491659,491661,491902,241,2
491900,491903,491911,8,3
491068,491068,491921,853,0
491923,491924,491925,1,1
491923,491924,491925,1,1
491923,491924,491925,1,1
491923,491924,491925,1,1
491923,491924,491925,1,1
491923,491924,491925,1,1
491923,491924,491925,1,1
491923,491924,491925,1,1
491923,491924,491925,1,1
491923,491924,491925,1,1
491923,491924,491925,1,1
491923,491924,491925,1,1
491923,491924,491925,1,1
491923,491924,491925,1,1
491923,491924,491925,1,1
491923,491924,491925,1,1
491923,491924,491925,1,1
491923,491924,491925,1,1
491923,491924,491925,1,1
491923,491924,491925,1,1
491923,491924,491925,1,1
491923,491924,491925,1,1
491923,491924,491925,1,1
491923,491924,491925,1,1
491923,491924,491925,1,1
491923,491924,491925,1,1
491923,491924,491925,1,1
491923,491924,491925,1,1
491923,491924,491926,2,1
491923,491924,491925,1,1
491923,491924,491925,1,1
491923,491924,491925,1,1
491923,491924,491925,1,1
491923,491924,491925,1,1
491923,491924,491925,1,1
491923,491924,491927,3,1
491923,491924,491927,3,1
491923,491924,491926,2,1
491923,491924,491927,3,1
491923,491924,491927,3,1
491923,491924,491926,2,1
491923,491924,491927,3,1
491923,491924,491927,3,1
491923,491941,491942,1,18
491923,491941,491942,1,18
491923,491941,491942,1,18
491923,491941,491942,1,18
491923,491941,491942,1,18
491923,491941,491943,2,18
491170,491170,491959,789,0
491960,491961,491962,1,1
491960,491961,491962,1,1
491960,491961,491962,1,1
491960,491961,491962,1,1
491960,491961,491962,1,1
491960,491961,491962,1,1
491960,491961,491962,1,1
491960,491961,491962,1,1
491960,491961,491962,1,1
491960,491961,491962,1,1
491960,491961,491962,1,1
491960,491961,491962,1,1
491960,491961,491962,1,1
491960,491961,491962,1,1
491960,491961,491962,1,1
491960,491961,491962,1,1
491960,491961,491962,1,1
491960,491961,491962,1,1
491960,491961,491962,1,1
491960,491961,491962,1,1
491960,491961,491962,1,1
491960,491961,491962,1,1
491960,491961,491962,1,1
491960,491961,491962,1,1
491960,491961,491962,1,1
491960,491961,491962,1,1
491960,491961,491962,1,1
491960,491961,491962,1,1
491960,491961,491962,1,1
491960,491961,491962,1,1
491960,491961,491962,1,1
491960,491961,491962,1,1
491960,491961,491962,1,1
491960,491961,491962,1,1
491960,491961,491962,1,1
491960,491961,491962,1,1
491960,491961,491963,2,1
491960,491961,491962,1,1
491960,491961,491963,2,1
491960,491961,491964,3,1
491960,491961,491963,2,1
491960,491961,491963,2,1
491960,491961,491963,2,1
491960,491961,491964,3,1
491960,491961,491963,2,1
491960,491961,491963,2,1
491960,491961,491964,3,1
491191,491191,491975,784,0
491977,491978,491979,1,1
491977,491978,491979,1,1
491977,491978,491979,1,1
491977,491978,491979,1,1
491977,491978,491979,1,1
491977,491978,491979,1,1
491977,491978,491979,1,1
491977,491978,491979,1,1
491977,491978,491979,1,1
491977,491978,491979,1,1
491977,491978,491979,1,1
491977,491978,491979,1,1
491977,491978,491979,1,1
491977,491978,491979,1,1
491977,491978,491979,1,1
491977,491978,491979,1,1
491977,491978,491979,1,1
491977,491978,491979,1,1
491977,491978,491979,1,1
491977,491978,491979,1,1
491977,491978,491979,1,1
491977,491978,491979,1,1
491977,491978,491979,1,1
491977,491978,491979,1,1
491977,491978,491980,2,1
491977,491978,491979,1,1
491977,491978,491979,1,1
491977,491978,491979,1,1
491977,491978,491979,1,1
491977,491978,491979,1,1
491977,491978,491979,1,1
491977,491978,491979,1,1
491977,491978,491979,1,1
491977,491978,491979,1,1
491977,491978,491979,1,1
491977,491978,491979,1,1
491977,491978,491979,1,1
491977,491978,491979,1,1
491977,491978,491979,1,1
491977,491978,491979,1,1
491977,491978,491980,2,1
491977,491978,491980,2,1
491977,491978,491981,3,1
491977,491978,491980,2,1
491977,491978,491981,3,1
491977,491978,491981,3,1
491977,491978,491981,3,1
491229,491229,492007,778,0
492009,492009,492010,1,0
492009,492009,492010,1,0
492009,492009,492010,1,0
492009,492009,492010,1,0
492009,492009,492010,1,0
492009,492009,492010,1,0
492009,492009,492010,1,0
492009,492009,492010,1,0
492009,492009,492010,1,0
492009,492009,492010,1,0
492009,492009,492010,1,0
492009,492009,492010,1,0
492009,492009,492010,1,0
492009,492009,492010,1,0
492009,492009,492010,1,0
492009,492009,492010,1,0
492009,492009,492010,1,0
492009,492009,492010,1,0
492009,492009,492010,1,0
492009,492009,492010,1,0
492009,492009,492010,1,0
492009,492009,492010,1,0
492009,492009,492010,1,0
492009,492009,492010,1,0
492009,492009,492011,2,0
492009,492009,492011,2,0
492009,492009,492011,2,0
492009,492009,492011,2,0
492009,492009,492011,2,0
492009,492009,492010,1,0
492009,492009,492011,2,0
492009,492009,492011,2,0
492009,492009,492011,2,0
492009,492009,492010,1,0
492009,492009,492011,2,0
492009,492009,492011,2,0
492009,492009,492011,2,0
492009,492009,492011,2,0
492009,492009,492011,2,0
492009,492009,492011,2,0
492009,492009,492011,2,0
492009,492009,492011,2,0
492009,492009,492011,2,0
492009,492009,492011,2,0
492009,492009,492011,2,0
492009,492009,492011,2,0
492009,492009,492011,2,0
492009,492009,492011,2,0
492009,492009,492011,2,0
492009,492009,492011,2,0
491215,491215,492029,814,0
492031,492031,492032,1,0
492031,492031,492032,1,0
492031,492031,492032,1,0
492031,492031,492032,1,0
492031,492031,492032,1,0
492031,492031,492032,1,0
492031,492031,492032,1,0
492031,492031,492032,1,0
492031,492031,492032,1,0
492031,492031,492032,1,0
492031,492031,492032,1,0
492031,492031,492032,1,0
492031,492031,492032,1,0
492031,492031,492032,1,0
492031,492031,492032,1,0
492031,492031,492032,1,0
492031,492031,492032,1,0
492031,492031,492032,1,0
492031,492031,492032,1,0
492031,492031,492032,1,0
492031,492031,492032,1,0
492031,492031,492032,1,0
492031,492031,492032,1,0
492031,492031,492032,1,0
492031,492031,492032,1,0
492031,492031,492032,1,0
492031,492031,492032,1,0
492031,492031,492032,1,0
492031,492031,492032,1,0
492031,492031,492033,2,0
492031,492031,492032,1,0
492031,492031,492033,2,0
492031,492031,492033,2,0
492031,492031,492033,2,0
492031,492031,492033,2,0
492031,492031,492033,2,0
492031,492031,492033,2,0
492031,492031,492033,2,0
492031,492031,492033,2,0
492031,492031,492033,2,0
492031,492031,492033,2,0
492031,492031,492033,2,0
492031,492031,492033,2,0
492031,492031,492033,2,0
491193,491193,492045,852,0
492031,492045,492046,1,14
492031,492045,492046,1,14
492031,492045,492046,1,14
492031,492045,492046,1,14
492031,492045,492046,1,14
492031,492045,492046,1,14
492046,492046,492047,1,0
492046,492046,492047,1,0
492046,492046,492047,1,0
492046,492046,492047,1,0
492046,492046,492047,1,0
492046,492046,492047,1,0
492046,492046,492047,1,0
492046,492046,492047,1,0
492046,492046,492047,1,0
492046,492046,492047,1,0
492046,492046,492047,1,0
492046,492046,492047,1,0
492046,492046,492047,1,0
492046,492046,492047,1,0
492046,492046,492048,2,0
492046,492046,492047,1,0
492046,492046,492047,1,0
492046,492046,492047,1,0
492046,492046,492048,2,0
492046,492046,492048,2,0
492046,492046,492048,2,0
492046,492046,492047,1,0
492046,492046,492047,1,0
492046,492046,492047,1,0
492046,492046,492048,2,0
492046,492046,492048,2,0
492046,492046,492048,2,0
492046,492046,492048,2,0
492046,492046,492048,2,0
492046,492046,492048,2,0
492046,492046,492048,2,0
492046,492046,492048,2,0
492046,492046,492048,2,0
492046,492046,492047,1,0
492046,492046,492048,2,0
492046,492046,492048,2,0
492046,492046,492048,2,0
492046,492046,492048,2,0
492046,492046,492048,2,0
492046,492046,492048,2,0
492046,492046,492048,2,0
492046,492046,492047,1,0
492046,492046,492048,2,0
492046,492046,492048,2,0
492046,492046,492048,2,0
492046,492046,492048,2,0
492046,492046,492048,2,0
492046,492046,492049,3,0
492046,492046,492049,3,0
492046,492046,492049,3,0
491207,491207,492050,843,0
492053,492053,492054,1,0
492053,492053,492054,1,0
492053,492053,492054,1,0
492053,492053,492054,1,0
492053,492053,492054,1,0
492053,492053,492054,1,0
492053,492053,492054,1,0
492053,492053,492054,1,0
492053,492053,492054,1,0
492053,492053,492054,1,0
492053,492053,492054,1,0
492053,492053,492054,1,0
492053,492053,492054,1,0
492053,492053,492054,1,0
492053,492053,492054,1,0
492053,492053,492054,1,0
492053,492053,492054,1,0
492053,492053,492054,1,0
492053,492053,492054,1,0
492053,492053,492054,1,0
492053,492053,492054,1,0
492053,492053,492054,1,0
492053,492053,492054,1,0
492053,492053,492054,1,0
492053,492053,492054,1,0
492053,492053,492054,1,0
492053,492053,492054,1,0
492053,492053,492054,1,0
492053,492053,492054,1,0
492053,492053,492054,1,0
492053,492053,492054,1,0
492053,492053,492054,1,0
492053,492053,492054,1,0
492053,492053,492054,1,0
492053,492053,492054,1,0
492053,492053,492054,1,0
492053,492053,492054,1,0
492053,492053,492054,1,0
492053,492053,492054,1,0
492053,492053,492054,1,0
492053,492053,492054,1,0
492053,492053,492054,1,0
492053,492053,492054,1,0
491201,491201,492056,855,0
492061,492061,492062,1,0
492061,492061,492062,1,0
492061,492061,492062,1,0
492061,492061,492062,1,0
492061,492061,492062,1,0
492061,492061,492062,1,0
492061,492061,492062,1,0
492061,492061,492062,1,0
492061,492061,492062,1,0
492061,492061,492062,1,0
492061,492061,492062,1,0
492061,492061,492062,1,0
492061,492061,492062,1,0
492061,492061,492062,1,0
492061,492061,492062,1,0
492061,492061,492062,1,0
492061,492061,492062,1,0
492061,492061,492062,1,0
492061,492061,492062,1,0
492061,492061,492062,1,0
492061,492061,492062,1,0
492061,492061,492062,1,0
492061,492061,492062,1,0
492061,492061,492062,1,0
492061,492061,492063,2,0
492061,492061,492062,1,0
492061,492061,492062,1,0
492061,492061,492062,1,0
492061,492061,492062,1,0
492061,492061,492062,1,0
492061,492061,492062,1,0
492061,492061,492062,1,0
492061,492061,492062,1,0
492061,492061,492062,1,0
492061,492061,492062,1,0
492061,492061,492062,1,0
492061,492061,492062,1,0
492061,492061,492062,1,0
492061,492061,492062,1,0
492061,492061,492062,1,0
492061,492061,492062,1,0
492061,492061,492062,1,0
492061,492061,492062,1,0
492061,492061,492062,1,0
492061,492061,492063,2,0
492061,492061,492062,1,0
492061,492061,492062,1,0
492061,492061,492062,1,0
492061,492061,492062,1,0
492061,492061,492062,1,0
491245,491245,492086,841,0
492088,492088,492089,1,0
492088,492088,492089,1,0
492088,492088,492089,1,0
492088,492088,492089,1,0
492088,492088,492089,1,0
492088,492088,492089,1,0
492088,492088,492089,1,0
492088,492088,492089,1,0
492088,492088,492089,1,0
492088,492088,492089,1,0
492088,492088,492089,1,0
492088,492088,492089,1,0
492088,492088,492089,1,0
492088,492088,492089,1,0
492088,492088,492089,1,0
492088,492088,492089,1,0
492088,492088,492089,1,0
492088,492088,492089,1,0
492088,492088,492089,1,0
492088,492088,492089,1,0
492088,492088,492089,1,0
492088,492088,492089,1,0
492088,492088,492089,1,0
492088,492088,492089,1,0
492088,492088,492089,1,0
492088,492088,492089,1,0
492088,492088,492089,1,0
492088,492088,492090,2,0
492088,492088,492089,1,0
492088,492088,492089,1,0
492088,492088,492089,1,0
492088,492088,492089,1,0
492088,492088,492089,1,0
492088,492088,492089,1,0
492088,492088,492089,1,0
492088,492088,492089,1,0
492088,492088,492089,1,0
492088,492088,492089,1,0
492088,492088,492089,1,0
492088,492088,492089,1,0
492088,492088,492089,1,0
492088,492088,492089,1,0
492088,492088,492089,1,0
492088,492088,492089,1,0
492088,492100,492101,1,12
492088,492100,492101,1,12
492088,492100,492101,1,12
492088,492100,492101,1,12
492088,492100,492101,1,12
492088,492100,492101,1,12
491336,491336,492126,790,0
492128,492128,492129,1,0
492128,492128,492129,1,0
492128,492128,492129,1,0
492128,492128,492129,1,0
492128,492128,492129,1,0
492128,492128,492129,1,0
492128,492128,492130,2,0
492128,492128,492130,2,0
492128,492128,492130,2,0
492128,492128,492130,2,0
492128,492128,492130,2,0
492128,492128,492130,2,0
492128,492128,492129,1,0
492128,492128,492130,2,0
492128,492128,492130,2,0
492128,492128,492129,1,0
492128,492128,492129,1,0
492128,492128,492130,2,0
492128,492128,492130,2,0
492128,492128,492129,1,0
492128,492129,492130,1,1
492128,492129,492130,1,1
492128,492128,492130,2,0
492128,492128,492130,2,0
492128,492128,492129,1,0
492128,492128,492130,2,0
492128,492128,492130,2,0
492128,492128,492130,2,0
492128,492128,492130,2,0
492128,492128,492129,1,0
492128,492128,492130,2,0
492128,492128,492130,2,0
492128,492128,492130,2,0
492128,492128,492130,2,0
492128,492128,492130,2,0
492128,492128,492129,1,0
492128,492129,492131,2,1
492128,492129,492130,1,1
492128,492129,492130,1,1
492128,492128,492131,3,0
492128,492128,492131,3,0
492128,492128,492131,3,0
492128,492128,492131,3,0
492128,492128,492132,4,0
492128,492129,492132,3,1
492128,492128,492132,4,0
492128,492129,492132,3,1
492128,492128,492132,4,0
491988,491990,492165,175,2
492164,492166,492188,22,2
491255,491255,492191,936,0
492192,492193,492194,1,1
492192,492193,492194,1,1
492192,492193,492194,1,1
492192,492193,492194,1,1
492192,492193,492194,1,1
492192,492193,492194,1,1
492192,492193,492194,1,1
492192,492193,492194,1,1
492192,492193,492194,1,1
492192,492193,492194,1,1
492192,492193,492194,1,1
492192,492193,492194,1,1
492192,492193,492194,1,1
492192,492193,492194,1,1
492192,492193,492194,1,1
492192,492193,492194,1,1
492192,492193,492194,1,1
492192,492193,492194,1,1
492192,492193,492194,1,1
492192,492193,492194,1,1
492192,492193,492194,1,1
492192,492193,492194,1,1
492192,492193,492194,1,1
492192,492193,492194,1,1
492192,492193,492194,1,1
492192,492193,492194,1,1
492192,492193,492194,1,1
492192,492193,492194,1,1
492192,492193,492194,1,1
492192,492193,492194,1,1
492192,492193,492194,1,1
492192,492193,492195,2,1
492192,492193,492195,2,1
492192,492193,492195,2,1
492192,492193,492195,2,1
492192,492193,492195,2,1
492192,492193,492195,2,1
492192,492193,492195,2,1
492192,492193,492196,3,1
492192,492194,492196,2,2
492192,492193,492195,2,1
492192,492194,492196,2,2
492192,492194,492196,2,2
491611,491611,492428,817,0
492429,492429,492430,1,0
492429,492429,492430,1,0
492429,492429,492430,1,0
492429,492429,492431,2,0
492429,492429,492430,1,0
492429,492429,492431,2,0
492429,492429,492431,2,0
492429,492429,492431,2,0
492429,492429,492431,2,0
492429,492429,492431,2,0
492429,492429,492431,2,0
492429,492429,492430,1,0
492429,492429,492431,2,0
492429,492430,492431,1,1
492429,492430,492431,1,1
492429,492430,492431,1,1
492429,492430,492431,1,1
492429,492430,492431,1,1
492429,492429,492431,2,0
492429,492429,492431,2,0
492429,492429,492431,2,0
492429,492429,492431,2,0
492429,492429,492431,2,0
492429,492429,492431,2,0
492429,492429,492431,2,0
492429,492429,492431,2,0
492429,492429,492431,2,0
492429,492429,492431,2,0
492429,492429,492431,2,0
492429,492429,492431,2,0
492429,492429,492430,1,0
492429,492429,492431,2,0
492429,492429,492431,2,0
492429,492429,492431,2,0
492429,492429,492431,2,0
492429,492429,492431,2,0
492429,492429,492431,2,0
492429,492429,492431,2,0
492429,492429,492432,3,0
492429,492429,492432,3,0
492429,492430,492432,2,1
492429,492429,492432,3,0
492429,492429,492432,3,0
492429,492429,492432,3,0
492429,492429,492432,3,0
492429,492429,492432,3,0
492429,492430,492433,3,1
491626,491626,492435,809,0
491578,491578,492437,859,0
492443,492443,492444,1,0
492443,492443,492444,1,0
492443,492443,492444,1,0
492443,492443,492444,1,0
492443,492443,492444,1,0
492443,492443,492444,1,0
492443,492443,492444,1,0
492443,492443,492444,1,0
492443,492443,492444,1,0
492443,492443,492444,1,0
492443,492443,492444,1,0
492443,492443,492444,1,0
492443,492443,492444,1,0
492443,492443,492444,1,0
492443,492443,492444,1,0
492443,492443,492444,1,0
492443,492443,492444,1,0
492443,492443,492445,2,0
492443,492443,492444,1,0
492443,492443,492444,1,0
492443,492443,492444,1,0
492443,492443,492444,1,0
492443,492443,492444,1,0
492443,492443,492444,1,0
492443,492443,492444,1,0
492443,492443,492444,1,0
492443,492443,492445,2,0
492443,492443,492444,1,0
492443,492443,492444,1,0
492443,492443,492444,1,0
492443,492443,492444,1,0
492443,492443,492444,1,0
492443,492443,492444,1,0
492443,492443,492445,2,0
492443,492443,492444,1,0
492443,492443,492444,1,0
492443,492444,492445,1,1
492443,492444,492445,1,1
492443,492443,492446,3,0
492445,492445,492446,1,0
492445,492445,492446,1,0
492443,492443,492446,3,0
492445,492445,492446,1,0
492443,492443,492446,3,0
492445,492445,492446,1,0
492445,492445,492446,1,0
492443,492443,492446,3,0
492445,492445,492446,1,0
492445,492445,492446,1,0
492445,492445,492446,1,0
492445,492445,492446,1,0
492443,492443,492445,2,0
492445,492445,492446,1,0
492445,492445,492446,1,0
492445,492445,492446,1,0
492445,492445,492446,1,0
492445,492445,492446,1,0
492445,492445,492446,1,0
492445,492445,492446,1,0
492445,492445,492446,1,0
492443,492443,492445,2,0
492443,492443,492445,2,0
492445,492445,492446,1,0
492445,492445,492446,1,0
492445,492445,492446,1,0
492445,492445,492446,1,0
492443,492443,492446,3,0
492445,492445,492446,1,0
492445,492445,492446,1,0
492445,492445,492446,1,0
492445,492445,492446,1,0
492443,492444,492446,2,1
492443,492443,492446,3,0
492445,492445,492446,1,0
492445,492445,492446,1,0
492445,492445,492446,1,0
492445,492445,492446,1,0
492445,492445,492447,2,0
492445,492445,492446,1,0
492445,492445,492446,1,0
492445,492445,492447,2,0
492445,492445,492447,2,0
492443,492443,492446,3,0
492445,492445,492447,2,0
492445,492445,492448,3,0
492445,492445,492447,2,0
492445,492445,492448,3,0
492445,492445,492448,3,0
492445,492445,492448,3,0
492445,492445,492447,2,0
491658,491658,492494,836,0
492496,492496,492497,1,0
492496,492496,492497,1,0
492496,492496,492497,1,0
492496,492496,492497,1,0
492496,492496,492497,1,0
492496,492496,492497,1,0
492496,492496,492497,1,0
492496,492496,492497,1,0
492496,492496,492497,1,0
492496,492496,492497,1,0
492496,492496,492497,1,0
492496,492496,492497,1,0
492496,492496,492497,1,0
492496,492496,492497,1,0
492496,492496,492497,1,0
492496,492496,492497,1,0
492496,492496,492497,1,0
492496,492496,492497,1,0
492496,492496,492497,1,0
492496,492496,492497,1,0
492496,492497,492498,1,1
492496,492496,492498,2,0
492496,492496,492498,2,0
492496,492496,492498,2,0
492496,492496,492498,2,0
492496,492496,492497,1,0
492496,492496,492497,1,0
492496,492496,492497,1,0
492496,492496,492497,1,0
492496,492496,492497,1,0
492496,492496,492498,2,0
492496,492496,492497,1,0
492496,492496,492498,2,0
492496,492496,492497,1,0
492496,492496,492497,1,0
492496,492496,492498,2,0
492496,492496,492497,1,0
492496,492496,492497,1,0
492496,492496,492498,2,0
492496,492496,492497,1,0
492496,492496,492497,1,0
492496,492510,492511,1,14
492496,492510,492511,1,14
492496,492510,492511,1,14
492496,492510,492511,1,14
492496,492510,492511,1,14
492496,492510,492511,1,14
491682,491682,492512,830,0
492518,492519,492520,1,1
492518,492519,492520,1,1
492518,492519,492520,1,1
492518,492519,492520,1,1
492518,492519,492520,1,1
492518,492519,492520,1,1
492518,492519,492520,1,1
492518,492519,492520,1,1
492518,492519,492520,1,1
492518,492519,492520,1,1
492518,492519,492520,1,1
492518,492519,492520,1,1
492518,492519,492520,1,1
492518,492519,492520,1,1
492518,492519,492520,1,1
492518,492519,492520,1,1
492518,492519,492520,1,1
492518,492519,492520,1,1
492518,492519,492520,1,1
492518,492519,492520,1,1
492518,492519,492520,1,1
492518,492519,492520,1,1
492518,492519,492520,1,1
492518,492519,492520,1,1
492518,492519,492520,1,1
492518,492519,492520,1,1
492518,492519,492520,1,1
492518,492519,492520,1,1
492518,492519,492520,1,1
492518,492519,492520,1,1
492518,492519,492520,1,1
492518,492519,492520,1,1
492518,492519,492520,1,1
492518,492519,492520,1,1
492518,492519,492520,1,1
492518,492519,492520,1,1
492518,492519,492520,1,1
492518,492519,492520,1,1
492518,492519,492520,1,1
492518,492519,492520,1,1
492518,492519,492520,1,1
492518,492519,492520,1,1
492518,492519,492520,1,1
492518,492519,492520,1,1
491762,491762,492571,809,0
492573,492574,492575,1,1
492573,492574,492575,1,1
492573,492574,492575,1,1
492573,492574,492575,1,1
492573,492574,492575,1,1
492573,492574,492575,1,1
492573,492574,492575,1,1
492573,492574,492575,1,1
492573,492574,492575,1,1
492573,492574,492575,1,1
492573,492574,492575,1,1
492573,492574,492575,1,1
492573,492574,492575,1,1
492573,492574,492575,1,1
492573,492574,492575,1,1
492573,492574,492575,1,1
492573,492574,492575,1,1
492573,492574,492575,1,1
492573,492574,492575,1,1
492573,492574,492575,1,1
492573,492574,492575,1,1
492573,492574,492575,1,1
492573,492574,492575,1,1
492573,492574,492575,1,1
491875,491875,492666,791,0
492666,492666,492667,1,0
492666,492666,492667,1,0
492666,492666,492667,1,0
492666,492666,492667,1,0
492666,492666,492667,1,0
492666,492666,492667,1,0
492666,492666,492667,1,0
492666,492666,492667,1,0
492666,492666,492667,1,0
492666,492666,492667,1,0
492666,492666,492667,1,0
492666,492666,492667,1,0
492666,492666,492667,1,0
492666,492666,492667,1,0
492666,492666,492667,1,0
492666,492666,492667,1,0
492666,492666,492667,1,0
492666,492666,492667,1,0
492666,492666,492667,1,0
492666,492666,492667,1,0
492666,492666,492667,1,0
492666,492666,492667,1,0
492666,492666,492667,1,0
492666,492666,492667,1,0
492666,492666,492667,1,0
492666,492666,492667,1,0
492666,492666,492667,1,0
492666,492666,492667,1,0
492666,492666,492667,1,0
492666,492666,492667,1,0
492666,492666,492667,1,0
492666,492666,492667,1,0
492666,492666,492668,2,0
492666,492666,492668,2,0
492666,492666,492668,2,0
492666,492666,492667,1,0
492666,492666,492668,2,0
492666,492666,492668,2,0
492666,492666,492668,2,0
492666,492666,492667,1,0
492666,492666,492668,2,0
492666,492666,492667,1,0
492666,492666,492668,2,0
492666,492666,492668,2,0
492666,492666,492668,2,0
492666,492666,492668,2,0
492666,492666,492667,1,0
492666,492666,492668,2,0
492666,492666,492667,1,0
492666,492666,492667,1,0
491879,491879,492685,806,0
492686,492687,492688,1,1
492686,492687,492688,1,1
492686,492687,492688,1,1
492686,492687,492688,1,1
492686,492687,492688,1,1
492686,492687,492688,1,1
492686,492687,492688,1,1
492686,492687,492688,1,1
492686,492687,492688,1,1
492686,492687,492688,1,1
492686,492687,492688,1,1
492686,492687,492688,1,1
492686,492687,492688,1,1
492686,492687,492688,1,1
492686,492687,492688,1,1
492686,492687,492688,1,1
492686,492687,492688,1,1
492686,492687,492688,1,1
492686,492687,492688,1,1
492686,492687,492688,1,1
492686,492687,492688,1,1
492686,492687,492688,1,1
492686,492687,492688,1,1
492686,492687,492688,1,1
492686,492687,492688,1,1
492686,492687,492688,1,1
492686,492687,492688,1,1
492686,492687,492688,1,1
492686,492687,492688,1,1
492686,492687,492688,1,1
492686,492687,492688,1,1
492686,492687,492688,1,1
492686,492687,492688,1,1
492686,492687,492688,1,1
492686,492687,492688,1,1
492686,492687,492688,1,1
492686,492687,492688,1,1
492686,492687,492688,1,1
492686,492687,492688,1,1
492686,492687,492688,1,1
492686,492687,492688,1,1
492686,492687,492688,1,1
492686,492687,492688,1,1
492686,492687,492688,1,1
492686,492687,492688,1,1
492686,492687,492688,1,1
492686,492687,492688,1,1
492686,492687,492688,1,1
492686,492687,492688,1,1
491844,491844,492701,857,0
492701,492702,492703,1,1
492701,492702,492703,1,1
492701,492702,492703,1,1
492701,492702,492703,1,1
492701,492702,492703,1,1
492701,492702,492703,1,1
492701,492702,492703,1,1
492701,492702,492703,1,1
492701,492702,492703,1,1
492701,492702,492703,1,1
492701,492702,492703,1,1
492701,492702,492703,1,1
492701,492702,492703,1,1
492701,492702,492703,1,1
492701,492702,492703,1,1
492701,492702,492703,1,1
492701,492702,492703,1,1
492701,492702,492703,1,1
492701,492702,492703,1,1
492701,492702,492703,1,1
492701,492702,492703,1,1
492701,492702,492703,1,1
492701,492702,492703,1,1
492701,492702,492703,1,1
492701,492702,492703,1,1
492701,492702,492703,1,1
492701,492702,492703,1,1
492701,492702,492703,1,1
492701,492702,492703,1,1
492701,492702,492703,1,1
492701,492702,492703,1,1
492701,492702,492703,1,1
492701,492702,492703,1,1
492701,492702,492703,1,1
492701,492702,492703,1,1
492701,492702,492703,1,1
492701,492702,492703,1,1
492701,492702,492703,1,1
492701,492702,492703,1,1
491925,491925,492752,827,0
492754,492754,492755,1,0
492754,492754,492755,1,0
492754,492754,492755,1,0
492754,492754,492755,1,0
492754,492754,492755,1,0
492754,492754,492755,1,0
492754,492754,492755,1,0
492754,492754,492755,1,0
492754,492754,492755,1,0
492754,492754,492755,1,0
492754,492754,492755,1,0
492754,492754,492755,1,0
492754,492754,492756,2,0
492754,492754,492756,2,0
492754,492754,492755,1,0
492754,492754,492755,1,0
492754,492754,492755,1,0
492754,492754,492756,2,0
492754,492754,492756,2,0
492754,492754,492756,2,0
492754,492754,492755,1,0
492754,492754,492755,1,0
492754,492754,492755,1,0
492754,492754,492755,1,0
492754,492754,492755,1,0
492754,492754,492755,1,0
492754,492754,492756,2,0
492754,492754,492755,1,0
492754,492754,492755,1,0
492754,492754,492755,1,0
492754,492754,492755,1,0
492754,492754,492756,2,0
492754,492754,492755,1,0
492754,492754,492755,1,0
492754,492754,492755,1,0
492754,492754,492755,1,0
492754,492754,492756,2,0
492754,492754,492755,1,0
492754,492754,492755,1,0
492754,492754,492755,1,0
492754,492754,492755,1,0
492754,492754,492755,1,0
492754,492754,492756,2,0
492754,492754,492757,3,0
492754,492754,492757,3,0
492754,492754,492757,3,0
492754,492754,492757,3,0
492754,492754,492757,3,0
492754,492754,492757,3,0
492754,492754,492758,4,0
491962,491962,492774,812,0
492775,492775,492776,1,0
492775,492775,492776,1,0
492775,492775,492776,1,0
492775,492775,492776,1,0
492775,492775,492776,1,0
492775,492775,492776,1,0
492775,492775,492776,1,0
492775,492775,492777,2,0
492775,492775,492776,1,0
492775,492775,492776,1,0
492775,492775,492777,2,0
492775,492775,492776,1,0
492775,492775,492777,2,0
492775,492775,492776,1,0
492775,492775,492776,1,0
492775,492775,492776,1,0
492775,492775,492777,2,0
492775,492775,492776,1,0
492775,492775,492777,2,0
492775,492775,492777,2,0
492775,492775,492776,1,0
492775,492775,492776,1,0
492775,492775,492776,1,0
492775,492775,492776,1,0
492775,492775,492776,1,0
492775,492775,492777,2,0
492775,492775,492776,1,0
492775,492775,492776,1,0
492775,492775,492776,1,0
492775,492775,492777,2,0
492775,492775,492777,2,0
492775,492775,492777,2,0
492775,492775,492777,2,0
492775,492775,492776,1,0
492775,492775,492778,3,0
492775,492775,492778,3,0
492775,492775,492777,2,0
492775,492775,492777,2,0
492775,492775,492777,2,0
492775,492775,492777,2,0
492775,492775,492778,3,0
492775,492775,492778,3,0
492775,492775,492778,3,0
492775,492775,492778,3,0
492775,492775,492778,3,0
492775,492775,492778,3,0
492775,492775,492778,3,0
492775,492775,492779,4,0
492775,492775,492779,4,0
492775,492775,492780,5,0
492573,492576,492785,209,3
492784,492786,492795,9,2
491979,491979,492798,819,0
492799,492800,492801,1,1
492799,492800,492801,1,1
492799,492800,492801,1,1
492799,492800,492801,1,1
492799,492800,492801,1,1
492799,492800,492801,1,1
492799,492800,492801,1,1
492799,492800,492801,1,1
492799,492800,492801,1,1
492799,492800,492801,1,1
492799,492800,492801,1,1
492799,492800,492801,1,1
492799,492800,492802,2,1
492799,492800,492801,1,1
492799,492800,492801,1,1
492799,492800,492801,1,1
492799,492800,492801,1,1
492799,492800,492801,1,1
492799,492800,492801,1,1
492799,492800,492801,1,1
492799,492800,492801,1,1
492799,492800,492801,1,1
492799,492800,492801,1,1
492799,492800,492801,1,1
492799,492800,492801,1,1
492799,492800,492801,1,1
492799,492800,492801,1,1
492799,492800,492801,1,1
492799,492800,492801,1,1
492799,492800,492801,1,1
492799,492800,492801,1,1
492799,492800,492801,1,1
492799,492800,492801,1,1
492799,492800,492801,1,1
492799,492800,492801,1,1
492799,492800,492801,1,1
492799,492801,492802,1,2
492799,492801,492802,1,2
492799,492801,492802,1,2
492799,492801,492802,1,2
492799,492800,492803,3,1
492799,492800,492803,3,1
492799,492800,492803,3,1
492799,492800,492802,2,1
492799,492800,492803,3,1
492799,492800,492802,2,1
492799,492800,492803,3,1
492799,492800,492802,2,1
492799,492801,492802,1,2
492799,492800,492803,3,1
492011,492011,492810,799,0
492813,492813,492814,1,0
492813,492813,492814,1,0
492813,492813,492814,1,0
492813,492813,492814,1,0
492813,492813,492814,1,0
492813,492813,492814,1,0
492813,492813,492814,1,0
492813,492813,492814,1,0
492813,492813,492814,1,0
492813,492813,492814,1,0
492813,492813,492814,1,0
492813,492813,492814,1,0
492813,492813,492814,1,0
492813,492813,492814,1,0
492813,492813,492814,1,0
492813,492813,492814,1,0
492813,492813,492814,1,0
492813,492813,492814,1,0
492813,492813,492814,1,0
492813,492813,492814,1,0
492813,492813,492814,1,0
492813,492813,492814,1,0
492813,492813,492814,1,0
492813,492814,492815,1,1
492813,492814,492815,1,1
492813,492814,492815,1,1
492813,492814,492815,1,1
492813,492813,492815,2,0
492813,492813,492814,1,0
492813,492813,492814,1,0
492813,492813,492814,1,0
492813,492813,492815,2,0
492813,492813,492815,2,0
492813,492813,492814,1,0
492813,492813,492814,1,0
492813,492813,492815,2,0
492813,492813,492815,2,0
492813,492813,492814,1,0
492813,492813,492815,2,0
492813,492813,492814,1,0
492813,492813,492815,2,0
492813,492813,492816,3,0
492813,492813,492816,3,0
492813,492813,492816,3,0
492813,492813,492816,3,0
492813,492813,492816,3,0
492813,492813,492816,3,0
492813,492813,492816,3,0
492813,492813,492817,4,0
492032,492032,492839,807,0
492840,492840,492841,1,0
492840,492840,492841,1,0
492840,492840,492841,1,0
492840,492840,492841,1,0
492840,492840,492841,1,0
492840,492840,492841,1,0
492840,492840,492841,1,0
492840,492840,492841,1,0
492840,492840,492841,1,0
492840,492840,492841,1,0
492840,492840,492841,1,0
492840,492840,492841,1,0
492840,492840,492841,1,0
492840,492840,492841,1,0
492840,492840,492841,1,0
492840,492840,492841,1,0
492840,492840,492841,1,0
492840,492840,492841,1,0
492840,492840,492841,1,0
492840,492840,492841,1,0
492840,492840,492841,1,0
492840,492841,492842,1,1
492840,492841,492842,1,1
492840,492841,492842,1,1
492840,492841,492842,1,1
492840,492841,492842,1,1
492840,492841,492842,1,1
492840,492841,492842,1,1
492840,492840,492842,2,0
492840,492840,492842,2,0
492840,492840,492842,2,0
492840,492841,492842,1,1
492840,492841,492842,1,1
492840,492841,492842,1,1
492840,492841,492842,1,1
492840,492841,492842,1,1
492840,492841,492842,1,1
492840,492840,492842,2,0
492840,492840,492842,2,0
492840,492840,492842,2,0
492840,492840,492842,2,0
492840,492840,492842,2,0
492840,492840,492842,2,0
492840,492841,492842,1,1
492840,492840,492843,3,0
492840,492840,492843,3,0
492840,492841,492843,2,1
492840,492840,492843,3,0
492840,492840,492843,3,0
492840,492841,492844,3,1
492047,492048,492853,805,1
492853,492853,492854,1,0
492853,492853,492854,1,0
492853,492853,492854,1,0
492853,492853,492854,1,0
492853,492853,492854,1,0
492853,492853,492854,1,0
492853,492853,492854,1,0
492853,492853,492854,1,0
492853,492853,492854,1,0
492853,492853,492854,1,0
492853,492853,492855,2,0
492853,492853,492854,1,0
492853,492853,492855,2,0
492853,492853,492854,1,0
492853,492853,492854,1,0
492853,492853,492854,1,0
492853,492853,492854,1,0
492853,492853,492854,1,0
492853,492853,492854,1,0
492853,492853,492855,2,0
492853,492853,492854,1,0
492853,492853,492854,1,0
492853,492853,492854,1,0
492853,492853,492854,1,0
492853,492853,492854,1,0
492853,492853,492854,1,0
492853,492853,492855,2,0
492853,492853,492854,1,0
492853,492853,492854,1,0
492853,492853,492854,1,0
492853,492853,492854,1,0
492853,492853,492854,1,0
492853,492853,492855,2,0
492853,492853,492854,1,0
492853,492853,492855,2,0
492853,492853,492854,1,0
492853,492853,492854,1,0
492853,492853,492854,1,0
492853,492853,492854,1,0
492853,492853,492855,2,0
492853,492853,492856,3,0
492853,492853,492856,3,0
492853,492853,492855,2,0
492853,492871,492872,1,18
492853,492871,492872,1,18
492853,492871,492872,1,18
492853,492871,492872,1,18
492853,492871,492872,1,18
492853,492871,492872,1,18
492853,492871,492872,1,18
492062,492062,492873,811,0
492880,492880,492881,1,0
492880,492880,492881,1,0
492880,492880,492881,1,0
492880,492880,492881,1,0
492880,492880,492881,1,0
492880,492880,492881,1,0
492880,492880,492881,1,0
492880,492880,492881,1,0
492880,492880,492881,1,0
492880,492880,492881,1,0
492880,492880,492881,1,0
492880,492880,492881,1,0
492880,492880,492881,1,0
492880,492880,492881,1,0
492880,492880,492881,1,0
492880,492880,492881,1,0
492880,492880,492881,1,0
492880,492880,492881,1,0
492880,492880,492881,1,0
492880,492880,492881,1,0
492880,492880,492881,1,0
492880,492880,492881,1,0
492880,492880,492881,1,0
492880,492880,492881,1,0
492880,492880,492881,1,0
492880,492880,492881,1,0
492880,492880,492881,1,0
492880,492880,492881,1,0
492880,492880,492881,1,0
492880,492880,492881,1,0
492880,492880,492881,1,0
492880,492880,492881,1,0
492880,492880,492881,1,0
492880,492881,492882,1,1
492880,492881,492882,1,1
492880,492880,492881,1,0
492880,492880,492881,1,0
492880,492880,492881,1,0
492880,492880,492881,1,0
492880,492880,492881,1,0
492880,492880,492881,1,0
492880,492880,492881,1,0
492089,492089,492881,792,0
492880,492880,492881,1,0
492880,492881,492882,1,1
492889,492889,492890,1,0
492889,492889,492890,1,0
492889,492889,492890,1,0
492889,492889,492890,1,0
492889,492889,492890,1,0
492889,492889,492890,1,0
492889,492889,492890,1,0
492889,492889,492890,1,0
492889,492889,492890,1,0
492889,492889,492890,1,0
492889,492889,492890,1,0
492889,492889,492890,1,0
492889,492889,492890,1,0
492889,492889,492890,1,0
492889,492889,492890,1,0
492889,492889,492890,1,0
492889,492889,492890,1,0
492889,492889,492890,1,0
492889,492889,492890,1,0
492889,492889,492890,1,0
492889,492889,492890,1,0
492889,492889,492890,1,0
492889,492889,492890,1,0
492889,492889,492890,1,0
492889,492889,492890,1,0
492889,492889,492890,1,0
492889,492889,492890,1,0
492889,492889,492890,1,0
492889,492889,492890,1,0
492889,492889,492890,1,0
492889,492889,492890,1,0
492889,492889,492890,1,0
492889,492889,492890,1,0
492889,492889,492890,1,0
492889,492889,492890,1,0
492889,492889,492890,1,0
492889,492889,492890,1,0
492889,492889,492890,1,0
492889,492889,492890,1,0
492889,492889,492890,1,0
492889,492889,492890,1,0
492889,492889,492890,1,0
492889,492889,492890,1,0
492889,492889,492890,1,0
492889,492889,492890,1,0
492889,492889,492890,1,0
492889,492889,492890,1,0
492889,492889,492890,1,0
492889,492889,492890,1,0
492889,492889,492890,1,0
492054,492054,492912,858,0
492914,492915,492916,1,1
492914,492915,492916,1,1
492914,492915,492916,1,1
492914,492915,492916,1,1
492914,492915,492916,1,1
492914,492915,492916,1,1
492914,492915,492916,1,1
492914,492915,492916,1,1
492914,492915,492916,1,1
492914,492915,492916,1,1
492914,492915,492916,1,1
492914,492915,492916,1,1
492914,492915,492916,1,1
492914,492915,492916,1,1
492914,492915,492916,1,1
492914,492915,492916,1,1
492914,492915,492916,1,1
492914,492915,492916,1,1
492914,492915,492916,1,1
492914,492915,492916,1,1
492914,492915,492916,1,1
492914,492915,492916,1,1
492914,492915,492916,1,1
492914,492915,492916,1,1
492914,492915,492916,1,1
492914,492915,492916,1,1
492914,492915,492916,1,1
492914,492915,492916,1,1
492914,492915,492916,1,1
492914,492915,492916,1,1
492914,492915,492916,1,1
492914,492915,492916,1,1
492914,492915,492916,1,1
492914,492915,492916,1,1
492914,492922,492923,1,8
492914,492922,492923,1,8
492914,492922,492923,1,8
492914,492922,492923,1,8
492914,492922,492923,1,8
492129,492129,493000,871,0
493002,493002,493003,1,0
493002,493002,493003,1,0
493002,493002,493003,1,0
493002,493002,493003,1,0
493002,493002,493003,1,0
493002,493002,493003,1,0
493002,493002,493003,1,0
493002,493002,493003,1,0
493002,493002,493003,1,0
493002,493002,493003,1,0
493002,493002,493003,1,0
493002,493002,493003,1,0
493002,493002,493003,1,0
493002,493002,493003,1,0
493002,493002,493003,1,0
493002,493002,493003,1,0
493002,493002,493003,1,0
493002,493002,493003,1,0
493002,493002,493003,1,0
493002,493002,493003,1,0
493002,493002,493003,1,0
493002,493002,493003,1,0
493002,493002,493003,1,0
493002,493002,493003,1,0
493002,493002,493003,1,0
493002,493002,493003,1,0
493002,493002,493003,1,0
493002,493002,493003,1,0
493002,493002,493003,1,0
493002,493002,493003,1,0
493002,493002,493003,1,0
493002,493002,493003,1,0
493002,493002,493003,1,0
493002,493002,493003,1,0
493002,493002,493003,1,0
493002,493002,493003,1,0
493002,493002,493003,1,0
493002,493002,493003,1,0
493002,493002,493003,1,0
493002,493002,493003,1,0
493002,493002,493003,1,0
493002,493002,493003,1,0
493002,493002,493003,1,0
493002,493002,493003,1,0
493002,493002,493003,1,0
493002,493002,493003,1,0
493002,493002,493003,1,0
493002,493002,493003,1,0
493002,493002,493003,1,0
493002,493002,493003,1,0
492194,492194,493021,827,0
493022,493022,493023,1,0
493022,493022,493023,1,0
493022,493022,493023,1,0
493022,493022,493023,1,0
493022,493022,493023,1,0
493022,493022,493023,1,0
493022,493022,493023,1,0
493022,493022,493023,1,0
493022,493022,493023,1,0
493022,493022,493023,1,0
493022,493022,493023,1,0
493022,493022,493023,1,0
493022,493022,493023,1,0
493022,493022,493023,1,0
493022,493022,493023,1,0
493022,493022,493023,1,0
493022,493022,493023,1,0
493022,493022,493023,1,0
493022,493022,493023,1,0
493022,493022,493023,1,0
493022,493022,493023,1,0
493022,493022,493023,1,0
493022,493022,493023,1,0
493022,493022,493023,1,0
493022,493022,493023,1,0
493022,493022,493023,1,0
493022,493022,493023,1,0
493022,493022,493023,1,0
493022,493022,493023,1,0
493022,493022,493023,1,0
493022,493022,493023,1,0
493022,493022,493023,1,0
493022,493023,493024,1,1
493022,493023,493024,1,1
493022,493023,493024,1,1
493022,493023,493024,1,1
493022,493023,493024,1,1
493022,493023,493024,1,1
493022,493023,493024,1,1
493022,493023,493024,1,1
493022,493023,493024,1,1
493022,493023,493024,1,1
493022,493022,493023,1,0
493022,493022,493024,2,0
493022,493023,493024,1,1
493022,493022,493024,2,0
493022,493022,493024,2,0
493022,493022,493024,2,0
493022,493022,493024,2,0
492868,492870,493046,176,2
493044,493046,493068,22,2
492431,492431,493268,837,0
492446,492446,493268,822,0
493269,493270,493271,1,1
493269,493270,493271,1,1
493269,493270,493271,1,1
493269,493270,493271,1,1
493269,493270,493271,1,1
493269,493270,493271,1,1
493269,493270,493271,1,1
493269,493270,493271,1,1
493269,493270,493271,1,1
493269,493270,493271,1,1
493269,493270,493271,1,1
493269,493270,493271,1,1
493269,493270,493271,1,1
493269,493270,493271,1,1
493269,493270,493271,1,1
493269,493270,493271,1,1
493269,493270,493271,1,1
493269,493270,493271,1,1
493269,493270,493271,1,1
493269,493270,493272,2,1
493269,493270,493271,1,1
493269,493270,493271,1,1
493269,493270,493271,1,1
493269,493270,493272,2,1
493269,493270,493271,1,1
493269,493270,493271,1,1
493269,493270,493271,1,1
493269,493270,493271,1,1
493269,493270,493272,2,1
493269,493270,493271,1,1
493269,493270,493272,2,1
493269,493270,493272,2,1
493269,493270,493271,1,1
493269,493270,493271,1,1
493269,493270,493271,1,1
493269,493270,493271,1,1
493269,493270,493271,1,1
493269,493270,493271,1,1
493269,493270,493271,1,1
493269,493270,493271,1,1
493269,493271,493272,1,2
493269,493270,493271,1,1
493269,493270,493271,1,1
493269,493270,493271,1,1
493269,493270,493271,1,1
493269,493270,493271,1,1
493269,493270,493271,1,1
493269,493270,493271,1,1
493269,493270,493271,1,1
493269,493270,493271,1,1
493269,493270,493271,1,1
493269,493270,493271,1,1
493269,493270,493271,1,1
493269,493271,493272,1,2
493269,493270,493273,3,1
493269,493271,493272,1,2
493269,493272,493273,1,3
493269,493272,493273,1,3
493269,493272,493273,1,3
493269,493272,493273,1,3
493269,493270,493272,2,1
493269,493272,493273,1,3
493269,493272,493273,1,3
493269,493272,493273,1,3
493269,493272,493273,1,3
493269,493272,493273,1,3
493269,493270,493272,2,1
493269,493270,493273,3,1
493269,493272,493273,1,3
493269,493272,493273,1,3
493269,493272,493273,1,3
493269,493272,493273,1,3
493269,493272,493273,1,3
493269,493270,493273,3,1
493269,493272,493273,1,3
493269,493270,493273,3,1
493269,493271,493272,1,2
493269,493272,493273,1,3
493269,493272,493273,1,3
493269,493271,493272,1,2
493269,493272,493273,1,3
493269,493272,493273,1,3
493269,493270,493272,2,1
493269,493271,493272,1,2
493269,493272,493273,1,3
493269,493272,493273,1,3
493269,493272,493273,1,3
493269,493272,493274,2,3
493269,493271,493273,2,2
493269,493271,493273,2,2
493269,493271,493273,2,2
493269,493271,493274,3,2
493269,493271,493273,2,2
493269,493272,493275,3,3
493269,493272,493274,2,3
493269,493272,493274,2,3
493332,493332,493333,1,0
493332,493332,493333,1,0
493332,493332,493333,1,0
493332,493332,493333,1,0
493332,493332,493333,1,0
493332,493332,493333,1,0
493332,493332,493333,1,0
493332,493332,493333,1,0
493332,493332,493333,1,0
493332,493332,493333,1,0
493332,493332,493333,1,0
493332,493332,493333,1,0
493332,493332,493333,1,0
493332,493332,493333,1,0
493332,493332,493333,1,0
493332,493332,493333,1,0
493332,493332,493333,1,0
493332,493332,493333,1,0
493332,493332,493333,1,0
493332,493332,493333,1,0
493332,493332,493333,1,0
493332,493332,493333,1,0
493332,493332,493333,1,0
493332,493332,493333,1,0
492444,492444,493334,890,0
493332,493332,493333,1,0
493332,493332,493333,1,0
493332,493332,493333,1,0
493332,493332,493333,1,0
493332,493332,493333,1,0
493332,493332,493333,1,0
493332,493332,493333,1,0
493335,493335,493336,1,0
493335,493335,493336,1,0
493335,493335,493336,1,0
493335,493335,493336,1,0
493335,493335,493336,1,0
493335,493335,493336,1,0
493335,493335,493336,1,0
493335,493335,493336,1,0
493335,493335,493336,1,0
493335,493335,493336,1,0
493335,493335,493336,1,0
493335,493335,493336,1,0
493335,493335,493336,1,0
493335,493335,493336,1,0
493335,493335,493337,2,0
493335,493335,493337,2,0
493335,493335,493336,1,0
493335,493335,493336,1,0
493335,493335,493336,1,0
493335,493335,493336,1,0
493335,493335,493336,1,0
493335,493335,493336,1,0
493335,493335,493336,1,0
493335,493335,493336,1,0
493335,493336,493337,1,1
493335,493336,493337,1,1
493335,493335,493336,1,0
493335,493335,493336,1,0
493335,493335,493336,1,0
493335,493335,493336,1,0
493335,493335,493336,1,0
493335,493335,493336,1,0
493335,493335,493336,1,0
493335,493335,493337,2,0
493337,493337,493338,1,0
493337,493337,493338,1,0
493337,493337,493338,1,0
493335,493335,493338,3,0
493335,493335,493338,3,0
493335,493335,493338,3,0
493335,493335,493337,2,0
493335,493335,493338,3,0
493335,493336,493337,1,1
493335,493336,493338,2,1
493335,493335,493338,3,0
493341,493341,493342,1,0
493341,493341,493342,1,0
493341,493341,493342,1,0
493341,493341,493342,1,0
493341,493341,493342,1,0
493341,493341,493342,1,0
493341,493341,493342,1,0
493341,493341,493342,1,0
493341,493341,493342,1,0
493341,493341,493342,1,0
493341,493341,493342,1,0
493335,493341,493342,1,6
493335,493341,493342,1,6
493335,493341,493342,1,6
493335,493341,493342,1,6
493335,493341,493342,1,6
493341,493341,493342,1,0
493341,493341,493342,1,0
493341,493341,493342,1,0
493335,493341,493344,3,6
492497,492498,493347,849,1
493347,493347,493348,1,0
493347,493347,493348,1,0
493347,493347,493348,1,0
493347,493347,493348,1,0
493347,493347,493348,1,0
493347,493347,493348,1,0
493347,493347,493348,1,0
493347,493347,493348,1,0
493347,493347,493348,1,0
493347,493347,493348,1,0
493347,493347,493348,1,0
493347,493347,493348,1,0
493347,493347,493348,1,0
493347,493347,493348,1,0
493347,493347,493348,1,0
493347,493347,493348,1,0
493347,493347,493348,1,0
493347,493347,493348,1,0
493347,493347,493348,1,0
493347,493347,493348,1,0
493347,493347,493348,1,0
493347,493347,493348,1,0
493347,493347,493348,1,0
493347,493347,493348,1,0
493347,493347,493349,2,0
493347,493347,493349,2,0
493347,493347,493349,2,0
493347,493347,493350,3,0
493347,493347,493350,3,0
493347,493347,493350,3,0
493347,493347,493350,3,0
493171,493173,493351,178,2
493223,493223,493354,131,0
492520,492520,493355,835,0
493354,493354,493355,1,0
493354,493354,493355,1,0
493354,493354,493355,1,0
493354,493354,493355,1,0
493354,493354,493355,1,0
493354,493354,493355,1,0
493354,493354,493355,1,0
493354,493354,493355,1,0
493354,493354,493355,1,0
493354,493354,493355,1,0
493354,493354,493355,1,0
493354,493354,493355,1,0
493354,493354,493355,1,0
493354,493354,493355,1,0
493354,493354,493355,1,0
493354,493354,493355,1,0
493354,493354,493355,1,0
493354,493354,493355,1,0
493354,493354,493355,1,0
493354,493354,493356,2,0
493354,493354,493356,2,0
493354,493354,493355,1,0
493354,493354,493355,1,0
493354,493354,493356,2,0
493354,493354,493355,1,0
493354,493354,493355,1,0
493354,493354,493355,1,0
493354,493354,493355,1,0
493354,493354,493355,1,0
493354,493354,493355,1,0
493354,493354,493356,2,0
493354,493354,493355,1,0
493354,493354,493355,1,0
493354,493354,493355,1,0
493354,493354,493355,1,0
493354,493354,493356,2,0
493354,493354,493355,1,0
493354,493355,493356,1,1
493354,493355,493356,1,1
493354,493355,493356,1,1
493354,493354,493356,2,0
493354,493354,493357,3,0
493356,493356,493357,1,0
493356,493356,493357,1,0
493356,493356,493357,1,0
493356,493356,493357,1,0
493356,493356,493357,1,0
493356,493356,493357,1,0
493356,493356,493357,1,0
493356,493356,493357,1,0
493356,493356,493357,1,0
493356,493356,493357,1,0
493356,493356,493357,1,0
493356,493356,493357,1,0
493356,493356,493357,1,0
493356,493356,493357,1,0
493356,493356,493357,1,0
493356,493356,493357,1,0
493356,493356,493357,1,0
493356,493356,493357,1,0
493356,493356,493357,1,0
493356,493356,493357,1,0
493356,493356,493357,1,0
493356,493356,493357,1,0
493354,493354,493357,3,0
493356,493356,493357,1,0
493354,493354,493357,3,0
493356,493356,493357,1,0
493356,493356,493357,1,0
493356,493356,493357,1,0
493356,493356,493357,1,0
493354,493354,493357,3,0
493356,493356,493357,1,0
493356,493356,493357,1,0
493354,493354,493357,3,0
493356,493356,493357,1,0
493356,493356,493357,1,0
493356,493357,493358,1,1
493354,493354,493357,3,0
493356,493356,493357,1,0
493356,493356,493358,2,0
493356,493356,493357,1,0
493356,493356,493357,1,0
493356,493357,493358,1,1
493356,493357,493358,1,1
493354,493354,493357,3,0
493356,493356,493357,1,0
493356,493356,493357,1,0
493356,493356,493357,1,0
493356,493357,493358,1,1
493356,493356,493358,2,0
493356,493357,493358,1,1
493356,493356,493357,1,0
493356,493357,493358,1,1
493356,493357,493358,1,1
493356,493356,493357,1,0
493356,493356,493357,1,0
493356,493356,493357,1,0
493356,493356,493357,1,0
493356,493356,493357,1,0
493356,493356,493357,1,0
493356,493356,493358,2,0
493356,493356,493358,2,0
493356,493356,493358,2,0
493356,493356,493357,1,0
493356,493356,493358,2,0
493356,493356,493358,2,0
493356,493357,493358,1,1
493356,493357,493358,1,1
493356,493356,493358,2,0
493356,493356,493358,2,0
493356,493356,493358,2,0
493356,493356,493359,3,0
493356,493356,493359,3,0
493356,493356,493358,2,0
493356,493356,493359,3,0
493356,493356,493359,3,0
493356,493356,493359,3,0
493356,493356,493359,3,0
493356,493356,493359,3,0
493356,493356,493359,3,0
493356,493356,493359,3,0
493356,493356,493360,4,0
493350,493352,493361,9,2
493275,493275,493365,90,0
493367,493367,493368,1,0
493367,493367,493368,1,0
493367,493367,493368,1,0
493367,493367,493368,1,0
493367,493367,493368,1,0
493367,493367,493368,1,0
493367,493367,493368,1,0
493367,493367,493368,1,0
493367,493367,493368,1,0
493367,493367,493368,1,0
493367,493367,493368,1,0
493367,493367,493369,2,0
493367,493367,493368,1,0
493367,493367,493368,1,0
493367,493367,493369,2,0
493367,493367,493370,3,0
493367,493367,493370,3,0
493367,493367,493370,3,0
493367,493367,493371,4,0
493367,493367,493371,4,0
493367,493367,493371,4,0
493376,493376,493377,1,0
493376,493376,493377,1,0
493376,493376,493377,1,0
493376,493376,493377,1,0
493376,493376,493377,1,0
493376,493376,493377,1,0
493376,493376,493377,1,0
493376,493376,493377,1,0
493376,493376,493377,1,0
493376,493376,493377,1,0
493376,493376,493377,1,0
493376,493376,493377,1,0
493376,493376,493377,1,0
493376,493376,493377,1,0
493376,493376,493377,1,0
493376,493376,493377,1,0
493376,493376,493377,1,0
493376,493376,493377,1,0
493376,493376,493377,1,0
493376,493376,493377,1,0
493376,493376,493377,1,0
493376,493376,493377,1,0
493376,493376,493377,1,0
492575,492575,493377,802,0
493376,493376,493378,2,0
493376,493376,493379,3,0
493376,493376,493379,3,0
493378,493378,493379,1,0
493378,493378,493379,1,0
493378,493378,493379,1,0
493378,493378,493379,1,0
493378,493378,493379,1,0
493378,493378,493379,1,0
493378,493378,493379,1,0
493378,493378,493379,1,0
493378,493378,493379,1,0
493378,493378,493379,1,0
493378,493378,493379,1,0
493378,493378,493379,1,0
493378,493378,493379,1,0
493378,493378,493379,1,0
493378,493378,493379,1,0
493378,493378,493379,1,0
493378,493378,493379,1,0
493378,493378,493379,1,0
493378,493378,493379,1,0
493378,493378,493379,1,0
493378,493378,493379,1,0
493378,493378,493379,1,0
493378,493378,493379,1,0
493376,493376,493380,4,0
493376,493376,493379,3,0
493378,493379,493380,1,1
493378,493379,493380,1,1
493378,493379,493380,1,1
493378,493378,493380,2,0
493378,493378,493380,2,0
493378,493378,493380,2,0
493378,493378,493379,1,0
493378,493378,493380,2,0
493378,493378,493380,2,0
493378,493378,493380,2,0
493378,493378,493379,1,0
493378,493378,493379,1,0
493378,493378,493380,2,0
493378,493378,493379,1,0
493378,493378,493379,1,0
493378,493378,493379,1,0
493378,493378,493379,1,0
493378,493378,493380,2,0
493378,493378,493380,2,0
493378,493378,493379,1,0
493378,493378,493380,2,0
493378,493378,493380,2,0
493378,493378,493379,1,0
493378,493378,493379,1,0
493378,493378,493380,2,0
493378,493379,493380,1,1
493378,493379,493380,1,1
493376,493376,493382,6,0
493376,493376,493382,6,0
493376,493376,493383,7,0
493388,493388,493389,1,0
493388,493388,493389,1,0
493388,493388,493390,2,0
493388,493388,493390,2,0
493388,493388,493392,4,0
493388,493388,493392,4,0
493388,493388,493392,4,0
493397,493397,493398,1,0
493397,493397,493398,1,0
493397,493397,493398,1,0
493397,493397,493398,1,0
493397,493397,493398,1,0
493397,493397,493398,1,0
493397,493397,493398,1,0
493397,493397,493398,1,0
493397,493397,493398,1,0
493397,493397,493398,1,0
493397,493397,493398,1,0
493397,493397,493398,1,0
493397,493397,493398,1,0
493397,493397,493398,1,0
493397,493397,493398,1,0
493397,493397,493398,1,0
493397,493397,493398,1,0
493397,493397,493398,1,0
493397,493397,493398,1,0
493397,493397,493398,1,0
493397,493397,493398,1,0
493397,493397,493398,1,0
493397,493397,493398,1,0
493397,493397,493398,1,0
493397,493397,493398,1,0
493397,493397,493398,1,0
493397,493397,493398,1,0
493397,493397,493399,2,0
493397,493398,493399,1,1
493403,493403,493404,1,0
493403,493403,493404,1,0
493403,493403,493404,1,0
493403,493403,493404,1,0
493403,493403,493404,1,0
493403,493403,493404,1,0
493403,493403,493404,1,0
493408,493408,493409,1,0
493408,493408,493409,1,0
493408,493408,493409,1,0
492667,492668,493488,820,1
493489,493489,493490,1,0
493489,493489,493490,1,0
493489,493489,493490,1,0
493489,493489,493490,1,0
493489,493489,493490,1,0
493489,493489,493490,1,0
493489,493489,493490,1,0
493489,493489,493490,1,0
493489,493489,493490,1,0
493489,493489,493491,2,0
493489,493489,493490,1,0
493489,493489,493490,1,0
493489,493489,493490,1,0
493489,493489,493491,2,0
493489,493489,493491,2,0
493489,493489,493491,2,0
493489,493490,493491,1,1
493489,493490,493491,1,1
493489,493490,493491,1,1
493489,493490,493491,1,1
493489,493490,493491,1,1
493489,493490,493491,1,1
493489,493490,493491,1,1
493489,493490,493491,1,1
493489,493490,493491,1,1
493489,493490,493491,1,1
493489,493489,493491,2,0
493489,493490,493491,1,1
493489,493490,493491,1,1
493489,493490,493491,1,1
493489,493490,493491,1,1
493489,493490,493491,1,1
493489,493490,493491,1,1
493489,493489,493491,2,0
493489,493490,493491,1,1
493489,493490,493491,1,1
493489,493490,493491,1,1
493489,493490,493491,1,1
493489,493490,493491,1,1
493489,493489,493491,2,0
492703,492703,493523,820,0
493523,493523,493524,1,0
493523,493523,493524,1,0
493523,493523,493524,1,0
493523,493523,493524,1,0
493523,493523,493524,1,0
493523,493523,493524,1,0
493523,493523,493524,1,0
493523,493523,493524,1,0
493523,493523,493524,1,0
493523,493523,493524,1,0
493523,493523,493524,1,0
493523,493523,493524,1,0
493523,493523,493524,1,0
493523,493523,493524,1,0
493523,493523,493524,1,0
493523,493523,493524,1,0
493523,493523,493524,1,0
493523,493523,493524,1,0
493523,493523,493524,1,0
493523,493523,493524,1,0
493523,493523,493524,1,0
493523,493523,493524,1,0
493523,493523,493524,1,0
493523,493523,493524,1,0
493523,493523,493524,1,0
493523,493523,493524,1,0
493523,493523,493524,1,0
493523,493523,493524,1,0
493523,493523,493524,1,0
493523,493523,493524,1,0
493523,493523,493524,1,0
493523,493523,493524,1,0
493523,493523,493524,1,0
493523,493524,493525,1,1
493523,493524,493525,1,1
493523,493524,493525,1,1
493523,493524,493525,1,1
493523,493524,493525,1,1
493523,493523,493524,1,0
493523,493523,493524,1,0
493523,493523,493524,1,0
493523,493523,493524,1,0
493523,493523,493524,1,0
493523,493523,493524,1,0
493523,493523,493524,1,0
493523,493523,493524,1,0
493523,493523,493524,1,0
493523,493523,493524,1,0
493523,493523,493524,1,0
493523,493523,493524,1,0
492688,492688,493556,868,0
493558,493558,493559,1,0
493558,493558,493559,1,0
493558,493558,493559,1,0
493558,493558,493559,1,0
493558,493558,493559,1,0
493558,493558,493559,1,0
493558,493558,493559,1,0
493558,493558,493559,1,0
493558,493558,493559,1,0
493558,493558,493559,1,0
493558,493558,493559,1,0
493558,493558,493559,1,0
493558,493558,493559,1,0
493558,493558,493559,1,0
493558,493558,493559,1,0
493558,493558,493559,1,0
493558,493558,493559,1,0
493558,493558,493559,1,0
493558,493558,493559,1,0
493558,493558,493559,1,0
493558,493558,493559,1,0
493558,493558,493559,1,0
493558,493558,493559,1,0
493558,493558,493559,1,0
493558,493558,493559,1,0
493558,493558,493559,1,0
493558,493558,493559,1,0
493558,493558,493559,1,0
493558,493559,493560,1,1
493558,493559,493560,1,1
493558,493559,493560,1,1
493558,493559,493560,1,1
493558,493559,493560,1,1
493558,493559,493560,1,1
493558,493558,493559,1,0
493558,493558,493559,1,0
493558,493558,493559,1,0
493558,493558,493559,1,0
493558,493558,493561,3,0
493558,493560,493561,1,2
493558,493560,493561,1,2
493558,493560,493561,1,2
493558,493560,493561,1,2
493558,493558,493561,3,0
493558,493558,493561,3,0
493558,493558,493560,2,0
493558,493558,493561,3,0
493558,493558,493561,3,0
493558,493558,493561,3,0
493558,493558,493561,3,0
492776,492776,493564,788,0
493573,493574,493575,1,1
493573,493574,493575,1,1
493573,493574,493575,1,1
493573,493574,493575,1,1
493573,493574,493575,1,1
493573,493574,493575,1,1
493573,493574,493575,1,1
493573,493574,493575,1,1
493573,493574,493575,1,1
493573,493574,493575,1,1
493573,493574,493575,1,1
493573,493574,493575,1,1
493573,493574,493575,1,1
493573,493574,493575,1,1
493573,493574,493575,1,1
493573,493574,493575,1,1
493573,493574,493575,1,1
493573,493574,493575,1,1
493573,493574,493575,1,1
493573,493574,493575,1,1
493573,493574,493575,1,1
492755,492755,493593,838,0
493597,493597,493598,1,0
493597,493597,493598,1,0
493597,493597,493598,1,0
493597,493597,493598,1,0
493597,493597,493598,1,0
493597,493597,493598,1,0
493597,493597,493598,1,0
493597,493597,493598,1,0
493597,493597,493598,1,0
493597,493597,493598,1,0
493597,493597,493598,1,0
493597,493597,493598,1,0
493597,493597,493598,1,0
493597,493597,493598,1,0
493597,493597,493598,1,0
493597,493597,493598,1,0
493597,493597,493598,1,0
493597,493597,493598,1,0
493597,493597,493598,1,0
493597,493597,493598,1,0
493597,493597,493598,1,0
492801,492801,493598,797,0
493597,493597,493598,1,0
493597,493597,493598,1,0
493597,493597,493598,1,0
493597,493597,493598,1,0
493597,493597,493598,1,0
493597,493597,493598,1,0
493597,493597,493598,1,0
493597,493597,493598,1,0
493597,493597,493598,1,0
493597,493597,493598,1,0
493597,493597,493598,1,0
493597,493597,493598,1,0
493597,493597,493598,1,0
493597,493597,493598,1,0
493597,493597,493598,1,0
493597,493597,493598,1,0
493597,493597,493598,1,0
493597,493597,493598,1,0
493597,493597,493598,1,0
493597,493597,493598,1,0
493597,493597,493598,1,0
493597,493597,493598,1,0
493597,493597,493598,1,0
493597,493597,493598,1,0
493597,493597,493598,1,0
493597,493597,493598,1,0
493597,493597,493598,1,0
493597,493597,493598,1,0
493597,493597,493598,1,0
493599,493599,493600,1,0
493599,493599,493600,1,0
493599,493599,493600,1,0
493599,493599,493600,1,0
493599,493599,493600,1,0
493599,493599,493600,1,0
493599,493599,493600,1,0
493599,493599,493600,1,0
493599,493599,493600,1,0
493599,493599,493600,1,0
493599,493599,493600,1,0
493599,493599,493600,1,0
493599,493599,493600,1,0
493599,493599,493600,1,0
493599,493599,493600,1,0
493599,493599,493600,1,0
493599,493599,493600,1,0
493599,493599,493600,1,0
493599,493599,493600,1,0
493599,493599,493600,1,0
493599,493599,493600,1,0
493599,493599,493600,1,0
493599,493599,493600,1,0
493599,493599,493600,1,0
493599,493599,493600,1,0
493599,493599,493600,1,0
493599,493599,493600,1,0
493599,493599,493600,1,0
493599,493599,493600,1,0
493599,493599,493600,1,0
493599,493599,493600,1,0
493599,493599,493600,1,0
493599,493599,493600,1,0
493599,493599,493601,2,0
493599,493599,493600,1,0
493599,493599,493600,1,0
493599,493599,493600,1,0
493599,493599,493600,1,0
493599,493599,493600,1,0
493599,493599,493601,2,0
493599,493599,493600,1,0
493599,493599,493600,1,0
493599,493599,493601,2,0
493599,493599,493601,2,0
493599,493599,493601,2,0
493599,493599,493601,2,0
493599,493599,493601,2,0
493599,493599,493601,2,0
493599,493599,493601,2,0
493089,493089,493623,534,0
493433,493435,493643,208,2
492842,492842,493647,805,0
493649,493649,493650,1,0
493649,493649,493650,1,0
493649,493649,493650,1,0
493649,493649,493650,1,0
493649,493649,493650,1,0
493649,493649,493650,1,0
493649,493649,493650,1,0
493649,493649,493650,1,0
493649,493649,493650,1,0
493649,493649,493650,1,0
493649,493650,493651,1,1
493649,493649,493650,1,0
493649,493649,493651,2,0
493649,493650,493651,1,1
493649,493650,493651,1,1
493649,493649,493651,2,0
493649,493649,493651,2,0
493649,493649,493651,2,0
493649,493649,493651,2,0
493649,493649,493651,2,0
493649,493649,493651,2,0
493649,493649,493651,2,0
493649,493649,493651,2,0
493649,493650,493651,1,1
493649,493649,493651,2,0
493649,493649,493651,2,0
493649,493649,493651,2,0
493649,493649,493651,2,0
493649,493649,493651,2,0
493649,493649,493651,2,0
493649,493649,493651,2,0
493649,493649,493651,2,0
493649,493649,493651,2,0
493649,493649,493651,2,0
493649,493649,493651,2,0
493649,493649,493651,2,0
493649,493649,493651,2,0
493649,493650,493653,3,1
493649,493649,493652,3,0
493649,493649,493652,3,0
493649,493649,493652,3,0
493649,493649,493652,3,0
493649,493649,493652,3,0
493649,493649,493652,3,0
493649,493649,493652,3,0
493649,493649,493652,3,0
492814,492815,493657,842,1
493663,493663,493664,1,0
493663,493663,493664,1,0
493663,493663,493664,1,0
493663,493663,493664,1,0
493663,493663,493664,1,0
493663,493663,493664,1,0
493663,493663,493664,1,0
493663,493663,493664,1,0
493663,493663,493664,1,0
493663,493663,493664,1,0
493663,493663,493664,1,0
493663,493663,493664,1,0
493663,493663,493664,1,0
493663,493663,493664,1,0
493663,493663,493665,2,0
493663,493663,493664,1,0
493663,493663,493664,1,0
493663,493663,493664,1,0
493663,493663,493665,2,0
493663,493663,493664,1,0
493663,493663,493664,1,0
492854,492855,493665,810,1
493663,493663,493664,1,0
493663,493663,493664,1,0
493663,493663,493664,1,0
493663,493663,493664,1,0
493663,493663,493664,1,0
493663,493663,493664,1,0
493663,493663,493664,1,0
493663,493663,493664,1,0
493663,493663,493665,2,0
493663,493663,493665,2,0
493663,493663,493664,1,0
493663,493663,493664,1,0
493663,493663,493664,1,0
493663,493663,493664,1,0
493663,493663,493664,1,0
493663,493663,493664,1,0
493663,493663,493664,1,0
493663,493663,493664,1,0
493663,493663,493664,1,0
493663,493663,493664,1,0
493663,493663,493666,3,0
493663,493663,493666,3,0
493663,493663,493666,3,0
493663,493663,493665,2,0
493663,493663,493666,3,0
493663,493663,493666,3,0
493663,493663,493666,3,0
493663,493663,493666,3,0
493663,493663,493666,3,0
493641,493644,493666,22,3
493666,493666,493667,1,0
493666,493666,493667,1,0
493666,493666,493667,1,0
493666,493666,493668,2,0
493666,493666,493668,2,0
493666,493667,493668,1,1
493666,493667,493668,1,1
493666,493666,493668,2,0
493666,493667,493668,1,1
493666,493667,493668,1,1
493666,493666,493668,2,0
493666,493666,493668,2,0
493666,493667,493668,1,1
493666,493667,493668,1,1
493666,493666,493668,2,0
493666,493667,493668,1,1
493666,493667,493668,1,1
493666,493667,493668,1,1
493666,493666,493668,2,0
493666,493666,493668,2,0
493666,493667,493668,1,1
493666,493667,493668,1,1
493666,493666,493668,2,0
493666,493667,493668,1,1
493666,493667,493668,1,1
493666,493667,493668,1,1
493666,493667,493668,1,1
493666,493667,493668,1,1
493666,493666,493668,2,0
493666,493667,493668,1,1
493666,493667,493668,1,1
493666,493666,493668,2,0
493666,493667,493668,1,1
493666,493667,493668,1,1
493666,493667,493668,1,1
493666,493667,493668,1,1
493666,493666,493668,2,0
493666,493667,493668,1,1
493666,493667,493669,2,1
493666,493667,493669,2,1
493666,493667,493669,2,1
493666,493667,493669,2,1
493666,493667,493669,2,1
493666,493667,493669,2,1
493666,493667,493670,3,1
492890,492890,493691,801,0
493693,493693,493694,1,0
493693,493693,493694,1,0
493693,493693,493694,1,0
493693,493693,493694,1,0
493693,493693,493694,1,0
493693,493693,493694,1,0
493693,493693,493694,1,0
493693,493693,493694,1,0
493693,493693,493694,1,0
493693,493693,493694,1,0
493693,493693,493694,1,0
493693,493693,493694,1,0
493693,493693,493694,1,0
493693,493693,493694,1,0
493693,493693,493694,1,0
493693,493693,493694,1,0
493693,493693,493694,1,0
493693,493693,493694,1,0
493693,493693,493694,1,0
493693,493693,493694,1,0
493693,493693,493694,1,0
493693,493693,493694,1,0
493693,493693,493694,1,0
493693,493693,493694,1,0
493693,493693,493694,1,0
493693,493693,493694,1,0
493693,493693,493694,1,0
493693,493693,493694,1,0
493693,493693,493694,1,0
493693,493694,493695,1,1
493693,493694,493695,1,1
493693,493693,493694,1,0
493693,493693,493694,1,0
493693,493693,493694,1,0
493693,493693,493694,1,0
493693,493693,493694,1,0
493693,493693,493694,1,0
493693,493693,493694,1,0
493693,493693,493694,1,0
493693,493693,493694,1,0
493693,493693,493694,1,0
493693,493693,493694,1,0
492916,492916,493714,798,0
492881,492881,493715,834,0
493716,493716,493717,1,0
493716,493716,493717,1,0
493716,493716,493717,1,0
493716,493716,493717,1,0
493716,493716,493717,1,0
493716,493716,493717,1,0
493716,493716,493717,1,0
493716,493716,493717,1,0
493716,493716,493717,1,0
493716,493716,493717,1,0
493716,493716,493717,1,0
493716,493716,493717,1,0
493716,493716,493717,1,0
493716,493716,493717,1,0
493716,493716,493717,1,0
493716,493716,493717,1,0
493716,493716,493717,1,0
493716,493716,493717,1,0
493716,493716,493717,1,0
493716,493716,493717,1,0
493716,493716,493717,1,0
493716,493716,493717,1,0
493717,493717,493718,1,0
493716,493716,493717,1,0
493716,493716,493717,1,0
493716,493716,493717,1,0
493716,493716,493717,1,0
493717,493717,493718,1,0
493717,493717,493718,1,0
493716,493716,493718,2,0
493716,493716,493717,1,0
493716,493716,493717,1,0
493717,493717,493718,1,0
493717,493717,493718,1,0
493717,493717,493718,1,0
493716,493716,493717,1,0
493716,493716,493718,2,0
493716,493716,493717,1,0
493716,493716,493717,1,0
493716,493716,493717,1,0
493717,493717,493718,1,0
493717,493717,493718,1,0
493716,493716,493717,1,0
493716,493716,493717,1,0
493717,493717,493718,1,0
493717,493717,493718,1,0
493717,493717,493718,1,0
493716,493716,493717,1,0
493717,493717,493718,1,0
493717,493717,493718,1,0
493717,493717,493718,1,0
493716,493716,493717,1,0
493716,493716,493717,1,0
493716,493716,493717,1,0
493717,493717,493718,1,0
493716,493716,493717,1,0
493716,493716,493717,1,0
493716,493716,493717,1,0
493717,493717,493718,1,0
493717,493717,493718,1,0
493717,493717,493718,1,0
493716,493716,493718,2,0
493716,493716,493717,1,0
493716,493716,493717,1,0
493717,493717,493718,1,0
493717,493717,493718,1,0
493717,493717,493718,1,0
493717,493717,493718,1,0
493717,493717,493718,1,0
493716,493716,493717,1,0
493717,493717,493718,1,0
493717,493717,493718,1,0
493717,493717,493718,1,0
493717,493717,493718,1,0
493717,493717,493718,1,0
493717,493717,493718,1,0
493717,493717,493718,1,0
493716,493716,493719,3,0
493717,493717,493718,1,0
493716,493716,493719,3,0
493717,493717,493718,1,0
493717,493717,493718,1,0
493717,493717,493718,1,0
493717,493717,493719,2,0
493717,493717,493719,2,0
493716,493716,493719,3,0
493003,493003,493815,812,0
493816,493817,493818,1,1
493816,493817,493818,1,1
493816,493817,493818,1,1
493816,493817,493818,1,1
493816,493817,493818,1,1
493816,493817,493818,1,1
493816,493817,493818,1,1
493816,493817,493818,1,1
493816,493817,493818,1,1
493816,493817,493818,1,1
493816,493817,493818,1,1
493816,493817,493818,1,1
493816,493817,493818,1,1
493816,493817,493818,1,1
493816,493817,493818,1,1
493816,493817,493818,1,1
493816,493817,493818,1,1
493816,493817,493818,1,1
493816,493817,493818,1,1
493816,493817,493818,1,1
493816,493817,493818,1,1
493816,493817,493818,1,1
493816,493817,493818,1,1
493816,493817,493818,1,1
493816,493817,493818,1,1
493023,493024,493839,815,1
493840,493840,493841,1,0
493840,493840,493841,1,0
493840,493840,493841,1,0
493840,493840,493841,1,0
493840,493840,493841,1,0
493840,493840,493841,1,0
493840,493840,493841,1,0
493840,493840,493841,1,0
493840,493840,493841,1,0
493840,493840,493841,1,0
493840,493840,493841,1,0
493840,493840,493841,1,0
493840,493840,493841,1,0
493840,493840,493841,1,0
493840,493840,493841,1,0
493840,493840,493841,1,0
493840,493840,493841,1,0
493840,493840,493841,1,0
493840,493840,493841,1,0
493840,493840,493841,1,0
493840,493840,493841,1,0
493840,493840,493841,1,0
493840,493840,493841,1,0
493840,493840,493841,1,0
493840,493840,493841,1,0
493840,493840,493841,1,0
493840,493840,493841,1,0
493840,493840,493841,1,0
493840,493840,493841,1,0
493840,493840,493841,1,0
493840,493840,493841,1,0
493840,493840,493841,1,0
493840,493840,493841,1,0
493840,493840,493841,1,0
493840,493840,493841,1,0
493840,493840,493841,1,0
493840,493840,493841,1,0
493840,493840,493841,1,0
493840,493840,493842,2,0
493840,493840,493841,1,0
493840,493840,493841,1,0
493840,493840,493841,1,0
493840,493840,493841,1,0
493840,493840,493842,2,0
493840,493840,493842,2,0
493840,493840,493842,2,0
493840,493840,493841,1,0
493840,493840,493842,2,0
493840,493840,493842,2,0
493840,493840,493842,2,0
493740,493742,493950,208,2
493948,493952,493961,9,4
493271,493272,494074,802,1
494075,494076,494077,1,1
494075,494076,494077,1,1
494075,494076,494077,1,1
494075,494076,494077,1,1
494075,494076,494077,1,1
494075,494076,494077,1,1
494075,494076,494077,1,1
494075,494076,494077,1,1
494075,494076,494077,1,1
494075,494076,494077,1,1
494075,494076,494077,1,1
494075,494076,494077,1,1
494075,494076,494077,1,1
494075,494076,494077,1,1
494075,494076,494077,1,1
494075,494076,494077,1,1
494075,494076,494077,1,1
494075,494076,494077,1,1
494075,494076,494077,1,1
494075,494076,494077,1,1
494075,494076,494077,1,1
494075,494076,494077,1,1
494075,494076,494077,1,1
494075,494076,494077,1,1
494075,494076,494077,1,1
494075,494076,494077,1,1
494075,494076,494077,1,1
494075,494076,494077,1,1
494075,494076,494077,1,1
494075,494076,494077,1,1
494075,494076,494077,1,1
494075,494076,494077,1,1
494075,494076,494077,1,1
494075,494076,494077,1,1
494075,494076,494077,1,1
494075,494076,494077,1,1
494075,494076,494077,1,1
493273,493273,494098,825,0
494100,494100,494101,1,0
494100,494100,494101,1,0
494100,494100,494101,1,0
494100,494100,494101,1,0
494100,494100,494101,1,0
494100,494100,494101,1,0
494100,494100,494101,1,0
494100,494100,494101,1,0
494100,494100,494101,1,0
494100,494100,494101,1,0
494100,494100,494101,1,0
494100,494100,494101,1,0
494100,494100,494101,1,0
494100,494100,494101,1,0
494100,494100,494101,1,0
494100,494100,494101,1,0
494100,494100,494101,1,0
494100,494100,494101,1,0
494100,494100,494101,1,0
494100,494100,494101,1,0
494100,494100,494101,1,0
494100,494100,494101,1,0
494100,494100,494101,1,0
494100,494100,494101,1,0
494100,494100,494101,1,0
494100,494100,494101,1,0
494100,494100,494101,1,0
494100,494100,494101,1,0
494100,494100,494101,1,0
494100,494100,494101,1,0
494100,494100,494101,1,0
494100,494100,494101,1,0
494100,494100,494101,1,0
494100,494100,494101,1,0
494100,494100,494101,1,0
494100,494100,494101,1,0
494100,494100,494101,1,0
494100,494100,494101,1,0
494100,494100,494101,1,0
494100,494100,494101,1,0
494100,494100,494101,1,0
494100,494100,494101,1,0
494100,494100,494101,1,0
494100,494100,494101,1,0
494100,494100,494101,1,0
494100,494100,494101,1,0
494100,494100,494101,1,0
494100,494100,494101,1,0
494100,494100,494101,1,0
494100,494100,494101,1,0
493358,493358,494146,788,0
494147,494147,494148,1,0
494147,494147,494148,1,0
494147,494147,494148,1,0
494147,494147,494148,1,0
494147,494147,494148,1,0
494147,494147,494148,1,0
494147,494147,494148,1,0
494147,494147,494148,1,0
494147,494147,494148,1,0
494147,494147,494148,1,0
494147,494147,494148,1,0
494147,494147,494148,1,0
494147,494147,494149,2,0
494147,494147,494148,1,0
494147,494147,494148,1,0
494147,494147,494149,2,0
494147,494147,494148,1,0
494147,494147,494149,2,0
494147,494147,494148,1,0
494147,494147,494148,1,0
494147,494147,494148,1,0
494147,494147,494149,2,0
494147,494147,494148,1,0
494147,494147,494148,1,0
494147,494147,494148,1,0
494147,494147,494148,1,0
494147,494147,494148,1,0
494147,494147,494148,1,0
494147,494147,494148,1,0
494147,494147,494148,1,0
494147,494147,494149,2,0
494147,494147,494149,2,0
494147,494147,494148,1,0
494147,494147,494148,1,0
494147,494147,494150,3,0
494147,494147,494149,2,0
494147,494147,494150,3,0
494147,494147,494150,3,0
494147,494147,494149,2,0
494147,494147,494149,2,0
494147,494147,494149,2,0
494147,494147,494150,3,0
494147,494147,494149,2,0
494147,494147,494149,2,0
494147,494147,494150,3,0
494147,494147,494150,3,0
494147,494147,494149,2,0
494147,494147,494151,4,0
494147,494147,494151,4,0
494147,494147,494151,4,0
493336,493336,494155,819,0
494160,494160,494161,1,0
494160,494160,494161,1,0
494160,494160,494161,1,0
494160,494160,494161,1,0
494160,494160,494161,1,0
494160,494160,494161,1,0
494160,494160,494161,1,0
494160,494160,494161,1,0
494160,494160,494161,1,0
494160,494160,494161,1,0
494160,494160,494161,1,0
494160,494160,494161,1,0
494160,494160,494161,1,0
494160,494160,494161,1,0
494160,494160,494161,1,0
494160,494160,494161,1,0
494160,494160,494161,1,0
494160,494160,494161,1,0
494160,494160,494161,1,0
494160,494160,494161,1,0
494160,494160,494161,1,0
494160,494160,494161,1,0
494160,494160,494161,1,0
494160,494160,494161,1,0
494160,494160,494161,1,0
494160,494160,494161,1,0
494160,494160,494161,1,0
494160,494160,494162,2,0
494160,494160,494161,1,0
494160,494160,494161,1,0
494160,494160,494161,1,0
494160,494160,494162,2,0
494160,494160,494161,1,0
494160,494160,494161,1,0
494160,494160,494161,1,0
494160,494160,494161,1,0
494160,494160,494162,2,0
494160,494160,494161,1,0
494160,494160,494161,1,0
494160,494160,494161,1,0
494160,494160,494161,1,0
494160,494160,494163,3,0
494160,494160,494163,3,0
494160,494160,494163,3,0
494160,494160,494162,2,0
494160,494160,494162,2,0
494160,494160,494163,3,0
494160,494160,494162,2,0
494160,494160,494163,3,0
494160,494160,494163,3,0
493355,493355,494183,828,0
493379,493380,494185,805,1
494185,494185,494186,1,0
494185,494185,494186,1,0
494185,494185,494187,2,0
494185,494185,494187,2,0
494185,494185,494186,1,0
494185,494185,494186,1,0
494185,494185,494186,1,0
494185,494185,494186,1,0
494185,494185,494187,2,0
494185,494185,494186,1,0
494185,494185,494186,1,0
494185,494185,494186,1,0
494185,494185,494186,1,0
494185,494185,494186,1,0
494186,494186,494187,1,0
494186,494186,494187,1,0
494185,494185,494187,2,0
494185,494185,494186,1,0
494185,494185,494187,2,0
494185,494185,494186,1,0
494185,494185,494186,1,0
494185,494185,494186,1,0
494185,494185,494186,1,0
494185,494185,494187,2,0
494185,494185,494186,1,0
494185,494185,494186,1,0
494186,494186,494187,1,0
494185,494185,494186,1,0
494185,494185,494186,1,0
494185,494185,494186,1,0
494185,494185,494186,1,0
494185,494185,494186,1,0
494186,494186,494187,1,0
494185,494185,494187,2,0
494185,494185,494186,1,0
494186,494186,494187,1,0
494185,494185,494186,1,0
494185,494185,494186,1,0
494185,494185,494186,1,0
494185,494185,494186,1,0
494186,494186,494187,1,0
494185,494185,494186,1,0
494185,494185,494186,1,0
494185,494185,494186,1,0
494185,494185,494186,1,0
494185,494185,494186,1,0
494186,494186,494187,1,0
494186,494186,494187,1,0
494185,494185,494188,3,0
494186,494186,494187,1,0
494186,494186,494188,2,0
494186,494186,494187,1,0
494185,494185,494187,2,0
494186,494186,494187,1,0
494186,494186,494188,2,0
494186,494186,494187,1,0
494185,494185,494188,3,0
494185,494185,494187,2,0
494186,494186,494187,1,0
494186,494187,494188,1,1
494186,494187,494188,1,1
494185,494185,494188,3,0
494186,494187,494188,1,1
494186,494187,494188,1,1
494185,494185,494188,3,0
494186,494187,494188,1,1
494186,494187,494188,1,1
494185,494185,494187,2,0
494186,494186,494187,1,0
494186,494187,494188,1,1
494186,494187,494188,1,1
494186,494187,494188,1,1
494186,494186,494187,1,0
494186,494187,494188,1,1
494186,494187,494188,1,1
494186,494187,494188,1,1
494186,494187,494188,1,1
494185,494185,494187,2,0
494186,494186,494187,1,0
494186,494187,494188,1,1
494186,494187,494188,1,1
494186,494187,494188,1,1
494186,494187,494188,1,1
494186,494186,494188,2,0
494186,494186,494189,3,0
494186,494186,494188,2,0
494186,494186,494188,2,0
494186,494186,494188,2,0
494186,494186,494188,2,0
494185,494185,494188,3,0
494185,494185,494188,3,0
494031,494033,494233,200,2
494232,494235,494256,21,3
493491,493491,494299,808,0
494300,494300,494301,1,0
494300,494300,494301,1,0
494300,494300,494301,1,0
494300,494300,494301,1,0
494300,494300,494301,1,0
494300,494300,494301,1,0
494300,494300,494301,1,0
494300,494300,494301,1,0
494300,494300,494301,1,0
494300,494300,494301,1,0
494300,494300,494301,1,0
494300,494300,494301,1,0
494300,494300,494301,1,0
494300,494300,494301,1,0
494300,494300,494301,1,0
494300,494300,494301,1,0
494300,494300,494301,1,0
494300,494300,494301,1,0
494300,494300,494301,1,0
494300,494300,494301,1,0
494300,494300,494301,1,0
494300,494300,494301,1,0
494300,494300,494301,1,0
494300,494300,494301,1,0
494300,494300,494301,1,0
494300,494300,494301,1,0
494300,494300,494301,1,0
494300,494300,494301,1,0
494300,494300,494301,1,0
494300,494300,494302,2,0
494300,494300,494301,1,0
494300,494300,494302,2,0
494300,494300,494301,1,0
494300,494300,494301,1,0
494300,494300,494301,1,0
494300,494300,494301,1,0
494300,494300,494301,1,0
494300,494300,494302,2,0
494300,494300,494301,1,0
494300,494300,494301,1,0
494300,494300,494301,1,0
494300,494300,494302,2,0
494300,494300,494301,1,0
494300,494300,494302,2,0
494300,494300,494301,1,0
494300,494300,494301,1,0
494300,494300,494302,2,0
494300,494300,494302,2,0
494300,494300,494303,3,0
494300,494300,494303,3,0
493524,493524,494310,786,0
494312,494312,494313,1,0
494312,494312,494313,1,0
494312,494312,494313,1,0
494312,494312,494313,1,0
494312,494312,494313,1,0
494312,494312,494313,1,0
494312,494312,494313,1,0
494312,494312,494313,1,0
494312,494312,494313,1,0
494312,494312,494313,1,0
494312,494312,494313,1,0
494312,494312,494313,1,0
494312,494312,494313,1,0
494312,494312,494313,1,0
494312,494312,494313,1,0
494312,494312,494313,1,0
494312,494312,494313,1,0
494312,494312,494313,1,0
494312,494312,494313,1,0
494312,494312,494313,1,0
494312,494312,494313,1,0
494312,494312,494313,1,0
494312,494312,494313,1,0
494312,494312,494313,1,0
494312,494312,494313,1,0
494312,494312,494313,1,0
494312,494312,494314,2,0
494312,494312,494313,1,0
494312,494312,494313,1,0
494312,494312,494313,1,0
494312,494312,494313,1,0
494312,494312,494313,1,0
494312,494312,494313,1,0
494312,494312,494313,1,0
494312,494312,494313,1,0
494312,494312,494313,1,0
494312,494312,494313,1,0
494312,494312,494313,1,0
494312,494312,494313,1,0
494312,494312,494313,1,0
494312,494312,494313,1,0
494312,494312,494313,1,0
494312,494312,494313,1,0
494312,494312,494313,1,0
494312,494312,494313,1,0
494312,494312,494313,1,0
494312,494312,494313,1,0
494312,494312,494313,1,0
494312,494312,494313,1,0
494312,494312,494313,1,0
493559,493559,494346,787,0
494347,494348,494349,1,1
494347,494348,494349,1,1
494347,494348,494349,1,1
494347,494348,494349,1,1
494347,494348,494349,1,1
494347,494348,494349,1,1
494347,494348,494349,1,1
494347,494348,494349,1,1
494347,494348,494349,1,1
494347,494348,494349,1,1
494347,494348,494349,1,1
494347,494348,494349,1,1
494347,494348,494349,1,1
494347,494348,494349,1,1
494347,494348,494349,1,1
494347,494348,494349,1,1
494347,494348,494349,1,1
494347,494348,494349,1,1
494347,494348,494349,1,1
494347,494348,494349,1,1
494347,494348,494349,1,1
494347,494348,494349,1,1
494347,494348,494349,1,1
494347,494348,494349,1,1
494347,494348,494349,1,1
494347,494348,494349,1,1
494347,494348,494349,1,1
494347,494348,494349,1,1
494347,494348,494349,1,1
494347,494348,494349,1,1
494347,494348,494349,1,1
494347,494348,494349,1,1
494347,494348,494349,1,1
494347,494348,494349,1,1
494347,494348,494349,1,1
494347,494348,494349,1,1
494347,494348,494349,1,1
494347,494348,494349,1,1
494347,494348,494349,1,1
494347,494348,494349,1,1
494347,494348,494349,1,1
494347,494348,494349,1,1
494347,494348,494349,1,1
494347,494348,494349,1,1
494347,494348,494349,1,1
494347,494348,494349,1,1
494347,494348,494349,1,1
494347,494348,494349,1,1
494347,494348,494349,1,1
493575,493575,494364,789,0
494364,494364,494365,1,0
494364,494364,494365,1,0
494364,494364,494365,1,0
494364,494364,494365,1,0
494364,494364,494365,1,0
494364,494364,494365,1,0
494364,494364,494365,1,0
494364,494364,494365,1,0
494364,494364,494365,1,0
494364,494364,494365,1,0
494364,494364,494365,1,0
494364,494364,494365,1,0
494364,494364,494365,1,0
494364,494364,494365,1,0
494364,494364,494365,1,0
494364,494364,494365,1,0
494364,494364,494365,1,0
494364,494364,494365,1,0
494364,494364,494365,1,0
494364,494364,494365,1,0
494364,494364,494365,1,0
494364,494364,494365,1,0
494364,494364,494365,1,0
494364,494364,494365,1,0
494364,494364,494365,1,0
494364,494364,494365,1,0
494364,494364,494365,1,0
494364,494364,494365,1,0
494364,494364,494365,1,0
494364,494364,494365,1,0
494364,494364,494365,1,0
494364,494364,494365,1,0
494364,494364,494365,1,0
494364,494364,494365,1,0
494364,494364,494365,1,0
494364,494364,494365,1,0
494364,494364,494365,1,0
494364,494364,494365,1,0
494364,494364,494365,1,0
494364,494364,494365,1,0
494364,494364,494365,1,0
494364,494364,494365,1,0
494364,494364,494365,1,0
494364,494364,494365,1,0
494364,494364,494365,1,0
494364,494364,494365,1,0
494364,494364,494365,1,0
494364,494364,494365,1,0
494364,494364,494365,1,0
494364,494364,494365,1,0
494423,494423,494424,1,0
494423,494423,494424,1,0
494423,494423,494424,1,0
494423,494423,494424,1,0
494423,494423,494424,1,0
494423,494423,494424,1,0
494423,494423,494424,1,0
494423,494423,494424,1,0
494423,494423,494424,1,0
494423,494423,494424,1,0
494423,494423,494424,1,0
494423,494423,494424,1,0
494423,494423,494424,1,0
494423,494423,494424,1,0
494423,494423,494424,1,0
494423,494423,494424,1,0
494423,494423,494424,1,0
494423,494423,494424,1,0
494423,494423,494424,1,0
494423,494423,494424,1,0
494423,494423,494424,1,0
494423,494423,494424,1,0
494423,494423,494424,1,0
494423,494423,494424,1,0
494423,494423,494424,1,0
494423,494423,494424,1,0
494423,494423,494424,1,0
494423,494423,494424,1,0
494423,494423,494425,2,0
494423,494423,494424,1,0
494423,494423,494424,1,0
494428,494428,494429,1,0
494428,494428,494429,1,0
494428,494428,494429,1,0
494428,494428,494429,1,0
494428,494428,494429,1,0
494428,494428,494429,1,0
494428,494428,494429,1,0
494428,494428,494429,1,0
494428,494428,494429,1,0
494428,494428,494429,1,0
494428,494428,494429,1,0
494428,494428,494429,1,0
494428,494428,494429,1,0
494428,494428,494429,1,0
494428,494428,494429,1,0
494428,494428,494429,1,0
494428,494428,494429,1,0
494428,494428,494429,1,0
494428,494428,494429,1,0
494428,494428,494429,1,0
494428,494428,494429,1,0
494428,494428,494429,1,0
494428,494428,494429,1,0
494428,494428,494429,1,0
494428,494428,494429,1,0
494428,494428,494430,2,0
494428,494428,494430,2,0
494428,494428,494429,1,0
494428,494428,494430,2,0
494428,494428,494430,2,0
494428,494428,494429,1,0
494435,494435,494436,1,0
494435,494435,494436,1,0
494435,494435,494436,1,0
494435,494435,494436,1,0
494435,494435,494436,1,0
494435,494435,494436,1,0
494435,494435,494436,1,0
494435,494435,494436,1,0
494435,494435,494436,1,0
494435,494435,494436,1,0
494435,494435,494436,1,0
494435,494435,494436,1,0
494435,494435,494436,1,0
494435,494435,494436,1,0
494435,494435,494436,1,0
494435,494435,494436,1,0
494435,494435,494437,2,0
494435,494435,494437,2,0
494435,494435,494436,1,0
494435,494435,494436,1,0
494435,494435,494437,2,0
494435,494435,494438,3,0
494435,494435,494438,3,0
494435,494435,494438,3,0
494435,494435,494439,4,0
494435,494435,494438,3,0
494444,494444,494445,1,0
494444,494444,494445,1,0
494444,494444,494445,1,0
494444,494444,494445,1,0
494444,494444,494445,1,0
494444,494444,494445,1,0
494444,494444,494445,1,0
494444,494444,494445,1,0
494444,494444,494445,1,0
494444,494444,494445,1,0
494444,494444,494445,1,0
494444,494444,494445,1,0
494444,494444,494445,1,0
494444,494444,494445,1,0
494444,494444,494445,1,0
494444,494444,494445,1,0
494444,494444,494445,1,0
494444,494444,494445,1,0
494444,494444,494445,1,0
494444,494444,494445,1,0
494444,494444,494446,2,0
494444,494444,494445,1,0
494444,494444,494445,1,0
494444,494444,494447,3,0
494444,494444,494447,3,0
494444,494444,494448,4,0
494444,494444,494448,4,0
494444,494444,494448,4,0
494444,494444,494449,5,0
494444,494444,494448,4,0
494444,494444,494450,6,0
494455,494455,494456,1,0
494455,494455,494456,1,0
494455,494455,494456,1,0
494455,494455,494456,1,0
494455,494455,494456,1,0
494455,494455,494456,1,0
494455,494455,494456,1,0
494455,494455,494456,1,0
494455,494455,494456,1,0
494455,494455,494456,1,0
494455,494455,494456,1,0
494455,494455,494456,1,0
494455,494455,494456,1,0
494455,494455,494456,1,0
494455,494455,494456,1,0
494455,494455,494456,1,0
494455,494455,494457,2,0
494455,494455,494458,3,0
494455,494455,494459,4,0
494455,494455,494458,3,0
494455,494455,494459,4,0
494455,494455,494459,4,0
494455,494455,494461,6,0
494455,494455,494461,6,0
494455,494455,494463,8,0
494467,494467,494468,1,0
494467,494467,494468,1,0
494467,494467,494468,1,0
494467,494467,494468,1,0
494467,494467,494468,1,0
494467,494467,494468,1,0
494467,494467,494468,1,0
494467,494467,494468,1,0
494467,494467,494468,1,0
494467,494467,494468,1,0
494467,494467,494468,1,0
494467,494467,494468,1,0
494467,494467,494468,1,0
494467,494467,494468,1,0
494467,494467,494468,1,0
494467,494467,494468,1,0
494467,494467,494468,1,0
494467,494467,494469,2,0
494467,494467,494469,2,0
494467,494467,494469,2,0
494467,494467,494469,2,0
494467,494467,494470,3,0
494467,494467,494470,3,0
494467,494467,494470,3,0
494467,494467,494471,4,0
494467,494467,494472,5,0
494467,494467,494472,5,0
494467,494467,494473,6,0
494467,494467,494475,8,0
494467,494467,494476,9,0
494481,494481,494482,1,0
494481,494481,494482,1,0
494481,494481,494482,1,0
494481,494481,494482,1,0
494481,494481,494482,1,0
494481,494481,494482,1,0
494481,494481,494482,1,0
494481,494481,494482,1,0
494481,494481,494482,1,0
494481,494481,494482,1,0
494481,494481,494482,1,0
494481,494481,494482,1,0
494481,494481,494482,1,0
494481,494481,494482,1,0
494481,494481,494482,1,0
494481,494481,494482,1,0
494481,494481,494482,1,0
494481,494481,494482,1,0
494481,494481,494482,1,0
494481,494481,494482,1,0
494481,494481,494482,1,0
494481,494481,494483,2,0
494481,494481,494482,1,0
494481,494481,494483,2,0
494481,494481,494484,3,0
494481,494481,494485,4,0
494481,494481,494485,4,0
494481,494481,494485,4,0
494481,494481,494488,7,0
494481,494481,494489,8,0
494495,494495,494496,1,0
494495,494495,494496,1,0
494495,494495,494496,1,0
494495,494495,494496,1,0
494495,494495,494496,1,0
494495,494495,494496,1,0
494495,494495,494496,1,0
494495,494495,494497,2,0
494495,494495,494496,1,0
494495,494495,494497,2,0
494495,494495,494496,1,0
494495,494495,494497,2,0
494495,494495,494499,4,0
494503,494503,494504,1,0
494503,494503,494504,1,0
494503,494503,494504,1,0
494503,494503,494504,1,0
494503,494503,494504,1,0
494503,494503,494504,1,0
494503,494503,494504,1,0
494503,494503,494504,1,0
494503,494503,494504,1,0
494503,494503,494504,1,0
494503,494503,494504,1,0
494503,494503,494504,1,0
494503,494503,494504,1,0
494503,494503,494504,1,0
494503,494503,494504,1,0
494503,494503,494504,1,0
494503,494503,494504,1,0
494503,494503,494504,1,0
494503,494503,494504,1,0
494503,494503,494504,1,0
494503,494503,494504,1,0
494503,494503,494504,1,0
494503,494503,494504,1,0
494503,494503,494504,1,0
494503,494503,494504,1,0
494503,494503,494504,1,0
494503,494503,494504,1,0
494503,494503,494504,1,0
494503,494503,494504,1,0
494503,494503,494504,1,0
494503,494503,494504,1,0
494509,494509,494510,1,0
494509,494509,494510,1,0
494509,494509,494510,1,0
494514,494514,494515,1,0
494514,494514,494515,1,0
494514,494514,494515,1,0
494514,494514,494515,1,0
494514,494514,494515,1,0
494514,494514,494515,1,0
494514,494514,494515,1,0
494514,494514,494515,1,0
494514,494514,494515,1,0
494514,494514,494515,1,0
494514,494514,494515,1,0
494514,494514,494515,1,0
494514,494514,494515,1,0
494514,494514,494515,1,0
494514,494514,494515,1,0
494514,494514,494515,1,0
494514,494514,494515,1,0
494514,494514,494515,1,0
494514,494514,494515,1,0
494514,494514,494515,1,0
494514,494514,494515,1,0
494514,494514,494515,1,0
494514,494514,494515,1,0
494514,494514,494515,1,0
494514,494514,494515,1,0
494514,494514,494515,1,0
494514,494514,494515,1,0
494476,494479,494676,197,3
494675,494678,494687,9,3
494760,494763,494937,174,3
494936,494938,494960,22,2
495080,495080,495081,1,0
495080,495080,495081,1,0
495080,495080,495081,1,0
495080,495080,495081,1,0
495080,495080,495081,1,0
495080,495080,495081,1,0
495080,495080,495081,1,0
495080,495080,495081,1,0
495080,495080,495081,1,0
495080,495080,495081,1,0
495080,495080,495081,1,0
495080,495080,495081,1,0
495080,495080,495081,1,0
495080,495080,495081,1,0
495080,495080,495081,1,0
495080,495080,495081,1,0
495080,495080,495081,1,0
495080,495080,495081,1,0
495080,495080,495081,1,0
495080,495080,495081,1,0
495080,495080,495081,1,0
495080,495080,495081,1,0
495080,495080,495081,1,0
495080,495080,495081,1,0
495080,495080,495082,2,0
495080,495080,495082,2,0
495080,495080,495082,2,0
495080,495080,495082,2,0
495080,495080,495082,2,0
495080,495080,495082,2,0
495080,495080,495081,1,0
495087,495087,495088,1,0
495087,495087,495088,1,0
495087,495087,495088,1,0
495087,495087,495088,1,0
495087,495087,495088,1,0
495087,495087,495088,1,0
495087,495087,495088,1,0
495087,495087,495088,1,0
495087,495087,495088,1,0
495087,495087,495089,2,0
495087,495087,495088,1,0
495087,495087,495088,1,0
495087,495087,495088,1,0
495087,495087,495088,1,0
495087,495087,495089,2,0
495087,495087,495089,2,0
495087,495087,495090,3,0
495087,495087,495089,2,0
495087,495087,495090,3,0
495087,495087,495090,3,0
495087,495087,495091,4,0
495095,495095,495096,1,0
495095,495095,495096,1,0
495095,495096,495097,1,1
495095,495096,495097,1,1
495095,495096,495097,1,1
495095,495096,495097,1,1
495095,495095,495097,2,0
495095,495096,495097,1,1
495095,495096,495097,1,1
495095,495096,495097,1,1
495095,495096,495097,1,1
495095,495096,495098,2,1
495095,495096,495098,2,1
495095,495096,495099,3,1
495095,495096,495099,3,1
495095,495096,495100,4,1
495095,495096,495099,3,1
495095,495096,495099,3,1
495095,495096,495100,4,1
495095,495096,495100,4,1
495106,495106,495107,1,0
495106,495106,495107,1,0
495106,495106,495107,1,0
495106,495106,495107,1,0
495106,495106,495107,1,0
495106,495106,495107,1,0
495106,495106,495107,1,0
495106,495106,495107,1,0
495106,495106,495107,1,0
495106,495106,495107,1,0
495106,495106,495107,1,0
495106,495106,495107,1,0
495106,495106,495107,1,0
495106,495106,495108,2,0
495106,495106,495107,1,0
495106,495106,495107,1,0
495106,495106,495107,1,0
495106,495106,495107,1,0
495106,495106,495107,1,0
495106,495106,495108,2,0
495106,495106,495107,1,0
495106,495106,495109,3,0
495106,495106,495109,3,0
495106,495106,495109,3,0
495106,495106,495110,4,0
495106,495106,495110,4,0
495106,495106,495110,4,0
495106,495106,495110,4,0
495106,495106,495110,4,0
495106,495106,495110,4,0
495106,495106,495111,5,0
495116,495116,495117,1,0
495116,495116,495117,1,0
495116,495116,495117,1,0
495116,495116,495117,1,0
495116,495116,495117,1,0
495116,495116,495117,1,0
495116,495116,495117,1,0
495116,495116,495117,1,0
495116,495116,495117,1,0
495116,495116,495117,1,0
495116,495116,495117,1,0
495116,495116,495117,1,0
495116,495116,495118,2,0
495116,495116,495118,2,0
495116,495116,495118,2,0
495116,495116,495117,1,0
495116,495116,495118,2,0
495116,495116,495117,1,0
495116,495116,495118,2,0
495116,495116,495118,2,0
495116,495116,495118,2,0
495116,495116,495118,2,0
495116,495116,495120,4,0
495116,495116,495119,3,0
495116,495116,495120,4,0
495116,495116,495120,4,0
495116,495116,495121,5,0
495116,495116,495121,5,0
495116,495116,495121,5,0
495116,495116,495121,5,0
495116,495116,495122,6,0
495127,495128,495129,1,1
495127,495128,495129,1,1
495127,495128,495129,1,1
495127,495128,495129,1,1
495127,495128,495129,1,1
495127,495128,495129,1,1
495127,495128,495129,1,1
495127,495128,495129,1,1
495127,495128,495129,1,1
495127,495128,495130,2,1
495127,495128,495131,3,1
495127,495128,495131,3,1
495127,495128,495131,3,1
495127,495128,495131,3,1
495127,495128,495132,4,1
495127,495128,495132,4,1
495127,495128,495132,4,1
495127,495128,495132,4,1
495138,495138,495139,1,0
495138,495138,495139,1,0
495138,495138,495139,1,0
495138,495138,495139,1,0
495138,495138,495139,1,0
495138,495138,495139,1,0
495138,495138,495139,1,0
495138,495138,495139,1,0
495138,495138,495139,1,0
495138,495138,495140,2,0
495138,495138,495139,1,0
495138,495138,495141,3,0
495138,495138,495140,2,0
495138,495138,495141,3,0
495138,495138,495141,3,0
495138,495138,495142,4,0
495138,495138,495141,3,0
495138,495138,495142,4,0
495138,495138,495141,3,0
495147,495147,495148,1,0
495147,495147,495148,1,0
495147,495147,495148,1,0
495147,495147,495148,1,0
495147,495147,495148,1,0
495147,495147,495148,1,0
495147,495147,495148,1,0
495147,495147,495148,1,0
495147,495147,495148,1,0
495147,495147,495148,1,0
495147,495147,495148,1,0
495147,495147,495148,1,0
495147,495147,495148,1,0
495147,495147,495148,1,0
495147,495147,495148,1,0
495147,495147,495148,1,0
495147,495147,495148,1,0
495147,495147,495148,1,0
495147,495147,495148,1,0
495147,495147,495148,1,0
495147,495147,495148,1,0
495147,495147,495149,2,0
495147,495147,495149,2,0
495147,495147,495148,1,0
495147,495147,495149,2,0
495147,495147,495148,1,0
495147,495147,495148,1,0
495147,495147,495148,1,0
495147,495147,495149,2,0
495147,495147,495149,2,0
495156,495156,495157,1,0
495156,495156,495157,1,0
495156,495156,495157,1,0
495156,495156,495157,1,0
495156,495156,495157,1,0
495156,495156,495157,1,0
495156,495156,495157,1,0
495161,495161,495162,1,0
495161,495161,495162,1,0
495161,495161,495162,1,0
495161,495161,495162,1,0
495161,495161,495162,1,0
495161,495161,495162,1,0
495161,495161,495162,1,0
495161,495161,495162,1,0
495161,495161,495162,1,0
495161,495161,495162,1,0
495161,495161,495162,1,0
495161,495161,495162,1,0
495161,495161,495162,1,0
495161,495161,495162,1,0
495161,495161,495162,1,0
495161,495161,495162,1,0
495161,495161,495162,1,0
495161,495161,495162,1,0
495161,495161,495162,1,0
495161,495161,495162,1,0
495161,495161,495162,1,0
495161,495161,495162,1,0
495161,495161,495162,1,0
495161,495161,495162,1,0
495161,495161,495162,1,0
495161,495161,495162,1,0
495161,495161,495162,1,0
495161,495161,495162,1,0
495161,495161,495162,1,0
495161,495161,495162,1,0
495161,495161,495163,2,0
495166,495166,495167,1,0
495166,495166,495167,1,0
495166,495166,495167,1,0
495166,495166,495167,1,0
495166,495166,495167,1,0
495166,495166,495167,1,0
495166,495166,495167,1,0
495166,495166,495167,1,0
495166,495166,495167,1,0
495166,495166,495167,1,0
495166,495166,495167,1,0
495166,495166,495167,1,0
495166,495166,495167,1,0
495166,495166,495167,1,0
495166,495166,495167,1,0
495166,495166,495167,1,0
495254,495257,495305,48,3
495303,495306,495314,8,3
495309,495318,495323,5,9
495323,495325,495330,5,2
495557,495560,495588,28,3
495663,495663,495664,1,0
495663,495663,495664,1,0
495663,495663,495664,1,0
495663,495663,495664,1,0
495663,495663,495664,1,0
495663,495663,495664,1,0
495663,495663,495664,1,0
495663,495663,495664,1,0
495663,495663,495664,1,0
495663,495663,495664,1,0
495663,495663,495664,1,0
495663,495663,495664,1,0
495663,495663,495664,1,0
495663,495663,495664,1,0
495663,495663,495664,1,0
495663,495663,495664,1,0
495663,495663,495664,1,0
495663,495663,495664,1,0
495663,495663,495664,1,0
495663,495663,495664,1,0
495663,495663,495664,1,0
495663,495663,495664,1,0
495663,495663,495664,1,0
495663,495663,495664,1,0
495663,495663,495664,1,0
495663,495663,495664,1,0
495663,495663,495664,1,0
495663,495663,495665,2,0
495663,495663,495664,1,0
495663,495663,495665,2,0
495663,495663,495664,1,0
495669,495669,495670,1,0
495669,495669,495670,1,0
495669,495669,495670,1,0
495669,495669,495670,1,0
495669,495669,495670,1,0
495669,495669,495670,1,0
495669,495669,495670,1,0
495669,495669,495670,1,0
495669,495669,495670,1,0
495669,495669,495670,1,0
495669,495669,495670,1,0
495669,495669,495671,2,0
495669,495669,495670,1,0
495669,495669,495671,2,0
495669,495669,495670,1,0
495669,495669,495670,1,0
495669,495669,495670,1,0
495669,495669,495671,2,0
495669,495669,495671,2,0
495669,495669,495672,3,0
495669,495669,495672,3,0
495669,495669,495672,3,0
495669,495669,495671,2,0
495676,495676,495677,1,0
495676,495676,495677,1,0
495676,495676,495677,1,0
495676,495676,495677,1,0
495676,495676,495677,1,0
495676,495676,495677,1,0
495676,495676,495677,1,0
495676,495676,495677,1,0
495676,495676,495677,1,0
495676,495676,495677,1,0
495676,495676,495677,1,0
495676,495676,495677,1,0
495676,495676,495677,1,0
495676,495676,495677,1,0
495676,495676,495677,1,0
495676,495676,495677,1,0
495676,495676,495678,2,0
495676,495676,495678,2,0
495676,495676,495678,2,0
495676,495676,495678,2,0
495676,495676,495678,2,0
495676,495676,495678,2,0
495676,495676,495679,3,0
495676,495676,495679,3,0
495676,495676,495679,3,0
495676,495676,495679,3,0
495676,495676,495679,3,0
495676,495676,495680,4,0
495676,495676,495680,4,0
495676,495676,495680,4,0
495676,495676,495680,4,0
495685,495685,495686,1,0
495685,495685,495686,1,0
495685,495685,495686,1,0
495685,495685,495686,1,0
495685,495685,495686,1,0
495685,495685,495686,1,0
495685,495685,495686,1,0
495685,495685,495686,1,0
495685,495685,495686,1,0
495685,495685,495686,1,0
495685,495685,495686,1,0
495685,495685,495686,1,0
495685,495685,495686,1,0
495685,495685,495687,2,0
495685,495685,495687,2,0
495685,495685,495687,2,0
495685,495685,495687,2,0
495685,495685,495687,2,0
495685,495685,495687,2,0
495685,495685,495687,2,0
495685,495685,495687,2,0
495685,495685,495688,3,0
495685,495685,495688,3,0
495685,495685,495689,4,0
495685,495685,495689,4,0
495685,495685,495689,4,0
495685,495685,495689,4,0
495685,495685,495690,5,0
495685,495685,495690,5,0
495685,495685,495690,5,0
495696,495696,495697,1,0
495696,495696,495697,1,0
495696,495696,495697,1,0
495696,495696,495697,1,0
495696,495696,495697,1,0
495696,495696,495697,1,0
495696,495696,495697,1,0
495696,495696,495697,1,0
495696,495696,495697,1,0
495696,495696,495697,1,0
495696,495696,495697,1,0
495696,495696,495697,1,0
495696,495696,495697,1,0
495696,495696,495697,1,0
495696,495696,495697,1,0
495696,495696,495698,2,0
495696,495696,495698,2,0
495696,495696,495697,1,0
495696,495696,495698,2,0
495696,495696,495697,1,0
495696,495696,495699,3,0
495696,495696,495699,3,0
495696,495696,495698,2,0
495696,495696,495698,2,0
495696,495696,495700,4,0
495696,495696,495699,3,0
495696,495696,495700,4,0
495696,495696,495700,4,0
495696,495696,495700,4,0
495696,495696,495700,4,0
495696,495696,495700,4,0
495707,495707,495708,1,0
495707,495707,495708,1,0
495707,495708,495709,1,1
495707,495708,495709,1,1
495707,495708,495709,1,1
495707,495708,495709,1,1
495707,495708,495709,1,1
495707,495708,495709,1,1
495707,495708,495709,1,1
495707,495708,495709,1,1
495707,495708,495711,3,1
495707,495708,495711,3,1
495707,495708,495711,3,1
495707,495708,495711,3,1
495707,495708,495712,4,1
495707,495708,495711,3,1
495707,495708,495712,4,1
495707,495708,495712,4,1
495718,495718,495719,1,0
495718,495718,495719,1,0
495718,495718,495719,1,0
495718,495718,495719,1,0
495718,495718,495719,1,0
495718,495718,495719,1,0
495718,495718,495719,1,0
495718,495718,495719,1,0
495718,495718,495719,1,0
495718,495718,495719,1,0
495718,495718,495719,1,0
495718,495718,495719,1,0
495718,495718,495719,1,0
495718,495718,495719,1,0
495718,495718,495719,1,0
495718,495718,495719,1,0
495718,495718,495719,1,0
495718,495718,495719,1,0
495718,495718,495719,1,0
495718,495718,495720,2,0
495718,495718,495719,1,0
495718,495718,495720,2,0
495718,495718,495720,2,0
495718,495718,495719,1,0
495718,495718,495721,3,0
495718,495718,495721,3,0
495718,495718,495721,3,0
495718,495718,495721,3,0
495718,495718,495721,3,0
495718,495718,495722,4,0
495718,495718,495722,4,0
495732,495732,495733,1,0
495732,495732,495733,1,0
495732,495732,495734,2,0
495732,495732,495733,1,0
495732,495732,495734,2,0
495732,495732,495733,1,0
495732,495732,495733,1,0
495732,495732,495733,1,0
495738,495738,495739,1,0
495738,495738,495739,1,0
495738,495738,495739,1,0
495738,495738,495739,1,0
495748,495748,495749,1,0
495748,495748,495749,1,0
495748,495748,495749,1,0
495748,495748,495749,1,0
495748,495748,495749,1,0
495748,495748,495749,1,0
495748,495748,495749,1,0
495748,495748,495749,1,0
495748,495748,495749,1,0
495748,495748,495749,1,0
495748,495748,495749,1,0
495748,495748,495749,1,0
495748,495748,495749,1,0
495748,495748,495749,1,0
495748,495748,495749,1,0
495748,495748,495749,1,0
495748,495748,495749,1,0
495748,495748,495749,1,0
495748,495748,495749,1,0
495748,495748,495749,1,0
496059,496059,496060,1,0
496059,496059,496060,1,0
496059,496059,496060,1,0
496059,496059,496060,1,0
496059,496059,496060,1,0
496059,496059,496060,1,0
496059,496059,496060,1,0
496059,496059,496060,1,0
496059,496059,496060,1,0
496059,496059,496060,1,0
496059,496059,496060,1,0
496059,496059,496060,1,0
496059,496059,496060,1,0
496059,496059,496060,1,0
496059,496059,496060,1,0
496059,496059,496060,1,0
496059,496059,496060,1,0
496059,496059,496060,1,0
496059,496059,496060,1,0
496059,496059,496060,1,0
496059,496059,496060,1,0
496059,496059,496060,1,0
496059,496059,496060,1,0
496059,496059,496060,1,0
496059,496059,496060,1,0
496059,496059,496061,2,0
496059,496059,496060,1,0
496059,496059,496061,2,0
496059,496059,496061,2,0
496059,496059,496060,1,0
496059,496059,496060,1,0
496066,496066,496067,1,0
496066,496066,496067,1,0
496066,496066,496067,1,0
496066,496066,496067,1,0
496066,496066,496067,1,0
496066,496066,496067,1,0
496066,496066,496067,1,0
496066,496066,496067,1,0
496066,496066,496067,1,0
496066,496066,496067,1,0
496066,496066,496067,1,0
496066,496066,496067,1,0
496066,496066,496067,1,0
496066,496066,496067,1,0
496066,496066,496067,1,0
496066,496066,496067,1,0
496066,496066,496067,1,0
496066,496066,496067,1,0
496066,496066,496067,1,0
496066,496066,496067,1,0
496066,496066,496067,1,0
496066,496066,496067,1,0
496066,496066,496068,2,0
496066,496066,496069,3,0
496066,496066,496068,2,0
496066,496066,496069,3,0
496066,496066,496069,3,0
496066,496066,496068,2,0
496066,496066,496069,3,0
496066,496066,496070,4,0
496066,496066,496069,3,0
496076,496076,496077,1,0
496076,496076,496077,1,0
496076,496076,496077,1,0
496076,496076,496077,1,0
496076,496076,496077,1,0
496076,496076,496077,1,0
496076,496076,496077,1,0
496076,496076,496077,1,0
496076,496076,496077,1,0
496076,496076,496077,1,0
496076,496076,496077,1,0
496076,496076,496077,1,0
496076,496076,496077,1,0
496076,496076,496077,1,0
496076,496076,496077,1,0
496076,496076,496077,1,0
496076,496076,496077,1,0
496076,496076,496078,2,0
496076,496076,496077,1,0
496076,496076,496077,1,0
496076,496076,496078,2,0
496076,496076,496077,1,0
496076,496076,496077,1,0
496076,496076,496078,2,0
496076,496076,496079,3,0
496076,496076,496079,3,0
496076,496076,496080,4,0
496076,496076,496080,4,0
496076,496076,496080,4,0
496076,496076,496080,4,0
496076,496076,496080,4,0
496089,496089,496090,1,0
496089,496089,496090,1,0
496089,496089,496090,1,0
496089,496089,496090,1,0
496089,496089,496090,1,0
496089,496089,496090,1,0
496089,496089,496090,1,0
496089,496089,496090,1,0
496089,496089,496090,1,0
496089,496089,496090,1,0
496089,496089,496090,1,0
496089,496089,496090,1,0
496089,496089,496090,1,0
495226,495226,496090,864,0
496089,496089,496091,2,0
496089,496089,496091,2,0
496089,496089,496092,3,0
496089,496089,496092,3,0
496089,496089,496092,3,0
496089,496089,496093,4,0
496089,496089,496093,4,0
496089,496089,496093,4,0
496089,496089,496093,4,0
495812,495812,496099,287,0
496100,496100,496101,1,0
496100,496100,496101,1,0
496100,496100,496101,1,0
496100,496100,496101,1,0
496100,496100,496101,1,0
496100,496100,496101,1,0
496100,496100,496101,1,0
496100,496100,496101,1,0
496100,496100,496101,1,0
496100,496100,496101,1,0
496100,496100,496101,1,0
496100,496100,496101,1,0
496100,496100,496101,1,0
496100,496100,496101,1,0
496100,496100,496101,1,0
496100,496100,496101,1,0
496100,496100,496101,1,0
496100,496100,496101,1,0
496100,496100,496101,1,0
496100,496100,496102,2,0
496100,496100,496103,3,0
496100,496100,496103,3,0
496100,496100,496103,3,0
496100,496100,496103,3,0
496100,496100,496103,3,0
496100,496100,496104,4,0
496100,496100,496104,4,0
496100,496100,496104,4,0
496100,496100,496104,4,0
496110,496110,496111,1,0
496110,496110,496111,1,0
496110,496110,496111,1,0
496110,496110,496111,1,0
496110,496110,496111,1,0
496110,496110,496111,1,0
496110,496110,496111,1,0
496110,496110,496111,1,0
496110,496110,496111,1,0
496110,496110,496111,1,0
496110,496110,496111,1,0
496110,496110,496111,1,0
496110,496110,496111,1,0
496110,496110,496111,1,0
496110,496110,496112,2,0
496110,496110,496111,1,0
496110,496110,496111,1,0
496110,496110,496111,1,0
496110,496110,496112,2,0
496110,496110,496112,2,0
496110,496110,496113,3,0
496110,496110,496113,3,0
496110,496110,496113,3,0
496110,496110,496114,4,0
496110,496110,496113,3,0
496110,496110,496114,4,0
496110,496110,496114,4,0
496110,496110,496114,4,0
496120,496120,496121,1,0
496120,496120,496121,1,0
496120,496120,496121,1,0
496120,496120,496121,1,0
496120,496120,496121,1,0
496120,496120,496121,1,0
496120,496120,496121,1,0
496120,496120,496121,1,0
496120,496120,496121,1,0
496120,496120,496121,1,0
496120,496120,496121,1,0
496120,496120,496121,1,0
496120,496120,496121,1,0
496120,496120,496121,1,0
496120,496120,496121,1,0
496120,496120,496121,1,0
496120,496120,496121,1,0
496120,496120,496121,1,0
496120,496120,496122,2,0
496120,496120,496121,1,0
496120,496120,496121,1,0
496120,496120,496122,2,0
496120,496120,496123,3,0
496120,496120,496122,2,0
496120,496120,496122,2,0
496120,496120,496124,4,0
496120,496120,496123,3,0
496120,496120,496123,3,0
496130,496130,496131,1,0
496130,496130,496131,1,0
496130,496130,496131,1,0
496130,496130,496131,1,0
496130,496130,496131,1,0
496130,496130,496131,1,0
496130,496130,496131,1,0
496139,496139,496140,1,0
496139,496139,496140,1,0
496139,496139,496140,1,0
496139,496139,496140,1,0
496139,496139,496140,1,0
496139,496139,496140,1,0
496139,496139,496140,1,0
496139,496139,496140,1,0
496139,496139,496140,1,0
496139,496139,496140,1,0
496139,496139,496140,1,0
496139,496139,496140,1,0
496139,496139,496140,1,0
496139,496139,496140,1,0
496139,496139,496140,1,0
496139,496139,496140,1,0
496139,496139,496140,1,0
496139,496139,496140,1,0
496139,496139,496140,1,0
496139,496139,496140,1,0
496139,496139,496140,1,0
496139,496139,496140,1,0
496144,496144,496145,1,0
496144,496144,496145,1,0
496144,496144,496145,1,0
496144,496144,496145,1,0
496144,496144,496145,1,0
496144,496144,496145,1,0
496144,496144,496145,1,0
496144,496144,496145,1,0
496144,496144,496145,1,0
496144,496144,496145,1,0
496144,496144,496145,1,0
496144,496144,496145,1,0
496144,496144,496145,1,0
496144,496144,496145,1,0
496144,496144,496145,1,0
496144,496144,496145,1,0
496144,496144,496145,1,0
496144,496144,496145,1,0
496144,496144,496145,1,0
496144,496144,496145,1,0
496144,496144,496145,1,0
496144,496144,496145,1,0
496144,496144,496145,1,0
496144,496144,496145,1,0
496144,496144,496145,1,0
496144,496144,496145,1,0
496144,496144,496145,1,0
496144,496144,496145,1,0
496144,496144,496145,1,0
496144,496144,496145,1,0
496144,496144,496145,1,0
496148,496148,496149,1,0
496148,496148,496149,1,0
496148,496148,496149,1,0
496148,496148,496149,1,0
496148,496148,496149,1,0
496148,496148,496149,1,0
496148,496148,496149,1,0
496148,496148,496149,1,0
496148,496148,496149,1,0
496148,496148,496149,1,0
496148,496148,496149,1,0
496148,496148,496149,1,0
496148,496148,496149,1,0
496148,496148,496149,1,0
496148,496148,496149,1,0
496148,496148,496149,1,0
496148,496148,496149,1,0
496148,496148,496149,1,0
496148,496148,496149,1,0
496148,496148,496149,1,0
496148,496148,496149,1,0
496148,496148,496149,1,0
496148,496148,496149,1,0
496148,496148,496149,1,0
496148,496148,496149,1,0
496148,496148,496149,1,0
496148,496148,496149,1,0
496148,496148,496149,1,0
496148,496148,496149,1,0
496148,496148,496149,1,0
496148,496148,496149,1,0
496374,496374,496375,1,0
496374,496374,496375,1,0
496374,496374,496375,1,0
496374,496374,496375,1,0
496374,496374,496375,1,0
496374,496374,496375,1,0
496374,496374,496375,1,0
496374,496374,496375,1,0
496374,496374,496375,1,0
496374,496374,496375,1,0
496374,496374,496375,1,0
496374,496374,496375,1,0
496374,496374,496375,1,0
496374,496374,496375,1,0
496374,496374,496375,1,0
496374,496374,496375,1,0
496374,496374,496375,1,0
496374,496374,496375,1,0
496374,496374,496375,1,0
496374,496374,496375,1,0
496374,496374,496375,1,0
496374,496374,496375,1,0
496374,496374,496375,1,0
496374,496374,496375,1,0
496374,496374,496375,1,0
496374,496374,496376,2,0
496374,496374,496376,2,0
496374,496374,496375,1,0
496374,496374,496375,1,0
496374,496374,496376,2,0
496374,496374,496377,3,0
496382,496382,496383,1,0
496382,496382,496383,1,0
496382,496382,496383,1,0
496382,496382,496383,1,0
496382,496382,496383,1,0
496382,496382,496383,1,0
496382,496382,496383,1,0
496382,496382,496383,1,0
496382,496382,496383,1,0
496382,496382,496383,1,0
496382,496382,496384,2,0
496382,496382,496383,1,0
496382,496382,496383,1,0
496382,496382,496384,2,0
496382,496382,496383,1,0
496382,496382,496385,3,0
496382,496382,496384,2,0
496382,496382,496384,2,0
496382,496382,496384,2,0
496382,496382,496384,2,0
496382,496382,496385,3,0
496382,496382,496385,3,0
496391,496391,496392,1,0
496391,496391,496392,1,0
496391,496391,496392,1,0
496391,496391,496392,1,0
496391,496391,496392,1,0
496391,496391,496392,1,0
496391,496391,496392,1,0
496391,496391,496392,1,0
496391,496391,496392,1,0
496391,496391,496392,1,0
496391,496391,496392,1,0
496391,496391,496392,1,0
496391,496391,496392,1,0
496391,496391,496392,1,0
496391,496391,496392,1,0
496391,496391,496392,1,0
496391,496391,496392,1,0
496391,496391,496394,3,0
496391,496391,496394,3,0
496391,496391,496393,2,0
496391,496391,496395,4,0
496391,496391,496394,3,0
496391,496391,496394,3,0
496391,496391,496394,3,0
496391,496391,496395,4,0
496391,496391,496395,4,0
496391,496391,496396,5,0
496401,496401,496402,1,0
496401,496401,496402,1,0
496401,496401,496402,1,0
496401,496401,496402,1,0
496401,496401,496402,1,0
496401,496401,496402,1,0
496401,496401,496402,1,0
496401,496401,496402,1,0
496401,496401,496402,1,0
496401,496401,496402,1,0
496401,496401,496402,1,0
496401,496401,496402,1,0
496401,496401,496402,1,0
496401,496401,496402,1,0
496401,496401,496403,2,0
496401,496401,496403,2,0
496401,496401,496403,2,0
496401,496401,496403,2,0
496401,496401,496403,2,0
496401,496401,496403,2,0
496401,496401,496402,1,0
496401,496401,496404,3,0
496401,496401,496404,3,0
496401,496401,496405,4,0
496401,496401,496405,4,0
496401,496401,496405,4,0
496401,496401,496404,3,0
496401,496401,496406,5,0
496401,496401,496406,5,0
496401,496401,496406,5,0
496401,496401,496406,5,0
496413,496413,496414,1,0
496413,496413,496414,1,0
496413,496413,496414,1,0
496413,496413,496414,1,0
496413,496413,496414,1,0
496413,496413,496414,1,0
496413,496413,496414,1,0
496413,496413,496414,1,0
496413,496413,496414,1,0
496413,496413,496414,1,0
496413,496413,496414,1,0
496413,496413,496414,1,0
496413,496413,496415,2,0
496413,496413,496415,2,0
496413,496413,496415,2,0
496413,496413,496416,3,0
496413,496413,496416,3,0
496413,496413,496417,4,0
496413,496413,496417,4,0
496413,496413,496417,4,0
496413,496413,496417,4,0
496413,496413,496417,4,0
496424,496424,496425,1,0
496424,496424,496425,1,0
496424,496424,496425,1,0
496424,496424,496425,1,0
496424,496424,496425,1,0
496424,496424,496425,1,0
496424,496424,496425,1,0
496424,496424,496425,1,0
496424,496424,496425,1,0
496424,496424,496425,1,0
496424,496424,496425,1,0
496424,496424,496425,1,0
496424,496424,496425,1,0
496424,496424,496426,2,0
496424,496424,496427,3,0
496424,496424,496427,3,0
496424,496424,496426,2,0
496424,496424,496427,3,0
496424,496424,496427,3,0
496424,496424,496428,4,0
496424,496424,496428,4,0
496424,496424,496428,4,0
496424,496424,496428,4,0
496434,496434,496435,1,0
496434,496434,496435,1,0
496434,496434,496435,1,0
496434,496434,496435,1,0
496434,496434,496436,2,0
496434,496434,496436,2,0
496434,496434,496436,2,0
496434,496434,496437,3,0
496434,496434,496437,3,0
496434,496434,496437,3,0
496442,496443,496444,1,1
496442,496443,496444,1,1
496442,496443,496444,1,1
496442,496443,496444,1,1
496442,496443,496444,1,1
496442,496443,496444,1,1
496442,496443,496444,1,1
496442,496443,496444,1,1
496453,496453,496454,1,0
496453,496453,496454,1,0
496453,496453,496454,1,0
496453,496453,496454,1,0
496453,496453,496454,1,0
496453,496453,496454,1,0
496453,496453,496454,1,0
496453,496453,496454,1,0
496453,496453,496454,1,0
496459,496459,496460,1,0
496459,496459,496460,1,0
496459,496459,496460,1,0
496459,496459,496460,1,0
496459,496459,496460,1,0
496459,496459,496460,1,0
496459,496459,496460,1,0
496459,496459,496460,1,0
496459,496459,496460,1,0
496459,496459,496460,1,0
496459,496459,496460,1,0
496459,496459,496460,1,0
496459,496459,496460,1,0
496459,496459,496460,1,0
496459,496459,496460,1,0
496459,496459,496460,1,0
496459,496459,496460,1,0
496459,496459,496460,1,0
496459,496459,496460,1,0
496459,496459,496460,1,0
496459,496459,496460,1,0
496459,496459,496460,1,0
496459,496459,496460,1,0
496459,496459,496460,1,0
496459,496459,496460,1,0
496459,496459,496460,1,0
496459,496459,496460,1,0
496459,496459,496460,1,0
496459,496459,496460,1,0
496459,496459,496460,1,0
496459,496459,496460,1,0
496261,496261,496589,328,0
495900,495903,496697,794,3
496711,496711,496712,1,0
496711,496711,496712,1,0
496711,496711,496712,1,0
496711,496711,496712,1,0
496711,496711,496712,1,0
496711,496711,496712,1,0
496711,496711,496712,1,0
496711,496711,496712,1,0
496711,496711,496713,2,0
496711,496711,496713,2,0
496711,496711,496712,1,0
496711,496711,496713,2,0
496711,496711,496713,2,0
496711,496711,496713,2,0
496718,496718,496719,1,0
496718,496718,496719,1,0
496718,496718,496719,1,0
496718,496718,496719,1,0
496718,496718,496719,1,0
496718,496718,496719,1,0
496718,496718,496719,1,0
496718,496718,496719,1,0
496718,496718,496719,1,0
496718,496718,496719,1,0
496718,496718,496720,2,0
496718,496718,496719,1,0
496718,496718,496719,1,0
496718,496718,496719,1,0
496718,496718,496719,1,0
496718,496718,496719,1,0
496718,496718,496719,1,0
496718,496718,496719,1,0
496718,496718,496719,1,0
496718,496718,496720,2,0
496718,496718,496719,1,0
496718,496718,496720,2,0
496718,496718,496720,2,0
496718,496718,496721,3,0
496718,496718,496721,3,0
496718,496718,496721,3,0
496718,496718,496721,3,0
496718,496718,496722,4,0
496718,496718,496722,4,0
496718,496718,496722,4,0
496718,496718,496722,4,0
496695,496698,496724,26,3
496729,496729,496730,1,0
496729,496729,496730,1,0
496729,496729,496730,1,0
496729,496729,496730,1,0
496729,496729,496730,1,0
496729,496729,496730,1,0
496729,496729,496731,2,0
496729,496729,496730,1,0
496729,496729,496730,1,0
496729,496729,496730,1,0
496729,496729,496730,1,0
496729,496729,496730,1,0
496729,496729,496730,1,0
496729,496729,496731,2,0
496729,496729,496731,2,0
496729,496729,496732,3,0
496729,496729,496732,3,0
496729,496729,496732,3,0
496729,496729,496733,4,0
496729,496729,496732,3,0
496729,496729,496733,4,0
496729,496729,496733,4,0
496729,496729,496733,4,0
496729,496729,496733,4,0
496739,496739,496740,1,0
496739,496739,496740,1,0
496739,496739,496740,1,0
496739,496739,496740,1,0
496739,496739,496740,1,0
496739,496739,496740,1,0
496739,496739,496740,1,0
496739,496739,496740,1,0
496739,496739,496740,1,0
496739,496739,496740,1,0
496739,496739,496740,1,0
496739,496739,496741,2,0
496739,496739,496741,2,0
496739,496739,496741,2,0
496739,496739,496741,2,0
496739,496739,496741,2,0
496739,496739,496741,2,0
496739,496739,496741,2,0
496739,496739,496741,2,0
496739,496739,496741,2,0
496739,496739,496742,3,0
496739,496739,496742,3,0
496739,496739,496742,3,0
496739,496739,496743,4,0
496739,496739,496743,4,0
496739,496739,496743,4,0
496739,496739,496743,4,0
496739,496739,496744,5,0
496739,496739,496744,5,0
496739,496739,496744,5,0
496739,496739,496744,5,0
496749,496749,496750,1,0
496749,496749,496750,1,0
496749,496749,496750,1,0
496749,496749,496750,1,0
496749,496749,496750,1,0
496749,496749,496750,1,0
496749,496749,496750,1,0
496749,496749,496750,1,0
496749,496749,496750,1,0
496749,496749,496750,1,0
496749,496749,496750,1,0
496749,496749,496750,1,0
496749,496749,496750,1,0
496749,496749,496750,1,0
496749,496749,496750,1,0
496749,496749,496751,2,0
496749,496749,496751,2,0
496749,496749,496751,2,0
496749,496749,496751,2,0
496749,496749,496751,2,0
496749,496749,496751,2,0
496749,496749,496751,2,0
496749,496749,496752,3,0
496749,496749,496752,3,0
496749,496749,496753,4,0
496749,496749,496753,4,0
496749,496749,496753,4,0
496749,496749,496753,4,0
496749,496749,496754,5,0
496749,496749,496754,5,0
496749,496749,496754,5,0
496760,496760,496761,1,0
496760,496760,496761,1,0
496760,496760,496761,1,0
496760,496760,496761,1,0
496760,496760,496761,1,0
496760,496760,496761,1,0
496760,496760,496761,1,0
496760,496760,496761,1,0
496760,496760,496761,1,0
496760,496760,496761,1,0
496760,496760,496761,1,0
496760,496760,496761,1,0
496760,496760,496761,1,0
496760,496760,496761,1,0
496760,496760,496761,1,0
496760,496760,496761,1,0
496760,496760,496762,2,0
496760,496760,496762,2,0
496760,496760,496761,1,0
496760,496760,496761,1,0
496760,496760,496761,1,0
496760,496760,496761,1,0
496760,496760,496761,1,0
496760,496760,496761,1,0
496760,496760,496763,3,0
496760,496760,496763,3,0
496760,496760,496764,4,0
496760,496760,496764,4,0
496760,496760,496764,4,0
496760,496760,496764,4,0
496760,496760,496764,4,0
496771,496771,496772,1,0
496771,496771,496772,1,0
496771,496771,496773,2,0
496771,496771,496772,1,0
496771,496771,496773,2,0
496771,496771,496772,1,0
496771,496771,496773,2,0
496771,496771,496774,3,0
496771,496771,496774,3,0
496771,496771,496774,3,0
496779,496779,496780,1,0
496779,496779,496780,1,0
496779,496779,496780,1,0
496779,496779,496780,1,0
496779,496779,496780,1,0
496779,496779,496780,1,0
496779,496779,496780,1,0
496779,496779,496780,1,0
496779,496779,496780,1,0
496779,496779,496780,1,0
496779,496779,496780,1,0
496779,496779,496780,1,0
496779,496779,496780,1,0
496779,496779,496780,1,0
496779,496779,496780,1,0
496779,496779,496780,1,0
496779,496779,496780,1,0
496779,496779,496781,2,0
496779,496779,496780,1,0
496779,496779,496780,1,0
496779,496779,496780,1,0
496779,496779,496780,1,0
496779,496779,496780,1,0
496785,496785,496786,1,0
496785,496785,496786,1,0
496785,496785,496786,1,0
496785,496785,496786,1,0
496785,496785,496786,1,0
496785,496785,496786,1,0
496785,496785,496786,1,0
496785,496785,496786,1,0
496785,496785,496786,1,0
496785,496785,496786,1,0
496785,496785,496786,1,0
496785,496785,496786,1,0
496785,496785,496786,1,0
496785,496785,496786,1,0
496785,496785,496786,1,0
496785,496785,496786,1,0
496785,496785,496786,1,0
496785,496785,496786,1,0
496785,496785,496786,1,0
496785,496785,496786,1,0
496785,496785,496786,1,0
496785,496785,496786,1,0
496785,496785,496786,1,0
496785,496785,496786,1,0
496785,496785,496786,1,0
496785,496785,496786,1,0
496785,496785,496786,1,0
496785,496785,496786,1,0
496785,496785,496786,1,0
496785,496785,496786,1,0
496785,496785,496786,1,0
496790,496790,496791,1,0
496790,496790,496791,1,0
496790,496790,496791,1,0
496790,496790,496791,1,0
496790,496790,496791,1,0
496790,496790,496791,1,0
496790,496790,496791,1,0
496790,496790,496791,1,0
496790,496790,496791,1,0
496790,496790,496791,1,0
496790,496790,496791,1,0
496790,496790,496791,1,0
496790,496790,496791,1,0
496790,496790,496791,1,0
496790,496790,496791,1,0
496790,496790,496791,1,0
496790,496790,496791,1,0
496790,496790,496791,1,0
496790,496790,496791,1,0
496790,496790,496791,1,0
496790,496790,496791,1,0
496790,496790,496791,1,0
496790,496790,496791,1,0
496790,496790,496791,1,0
496790,496790,496791,1,0
496790,496790,496791,1,0
496790,496790,496791,1,0
496790,496790,496791,1,0
496790,496790,496791,1,0
496790,496790,496791,1,0
496711,496711,496902,191,0
496955,496955,496956,1,0
496955,496955,496956,1,0
496955,496955,496956,1,0
496955,496955,496956,1,0
496955,496955,496956,1,0
496955,496955,496956,1,0
496955,496955,496956,1,0
496955,496955,496956,1,0
496955,496955,496956,1,0
496955,496955,496956,1,0
496955,496955,496956,1,0
496955,496955,496957,2,0
496955,496955,496957,2,0
496955,496955,496957,2,0
496955,496955,496957,2,0
496955,496955,496957,2,0
496955,496955,496957,2,0
496962,496962,496963,1,0
496962,496962,496963,1,0
496962,496962,496963,1,0
496962,496962,496963,1,0
496962,496962,496963,1,0
496962,496962,496963,1,0
496962,496962,496963,1,0
496962,496962,496963,1,0
496962,496962,496963,1,0
496962,496962,496963,1,0
496962,496962,496964,2,0
496962,496962,496964,2,0
496962,496962,496963,1,0
496962,496962,496964,2,0
496962,496962,496964,2,0
496962,496962,496963,1,0
496962,496962,496964,2,0
496962,496962,496963,1,0
496962,496962,496964,2,0
496962,496962,496964,2,0
496962,496962,496964,2,0
496962,496962,496964,2,0
496962,496962,496965,3,0
496962,496962,496965,3,0
496962,496962,496965,3,0
496962,496962,496965,3,0
496962,496962,496966,4,0
496962,496962,496966,4,0
496962,496962,496967,5,0
496962,496962,496967,5,0
496962,496962,496967,5,0
496973,496973,496974,1,0
496973,496973,496974,1,0
496973,496973,496974,1,0
496973,496973,496974,1,0
496973,496973,496974,1,0
496973,496973,496974,1,0
496973,496973,496974,1,0
496973,496973,496974,1,0
496973,496973,496974,1,0
496973,496973,496974,1,0
496973,496973,496974,1,0
496973,496973,496974,1,0
496973,496973,496974,1,0
496973,496973,496975,2,0
496973,496973,496974,1,0
496973,496973,496975,2,0
496973,496973,496974,1,0
496973,496973,496974,1,0
496973,496973,496974,1,0
496973,496973,496974,1,0
496973,496973,496976,3,0
496973,496973,496975,2,0
496973,496973,496976,3,0
496973,496973,496976,3,0
496973,496973,496977,4,0
496973,496973,496977,4,0
496973,496973,496976,3,0
496973,496973,496977,4,0
496973,496973,496977,4,0
496973,496973,496978,5,0
496983,496983,496984,1,0
496983,496983,496984,1,0
496983,496983,496984,1,0
496983,496983,496984,1,0
496983,496983,496984,1,0
496983,496983,496984,1,0
496983,496983,496984,1,0
496983,496983,496984,1,0
496983,496983,496984,1,0
496983,496983,496984,1,0
496983,496983,496984,1,0
496983,496983,496985,2,0
496983,496983,496984,1,0
496983,496983,496985,2,0
496983,496983,496985,2,0
496983,496983,496985,2,0
496983,496983,496984,1,0
496983,496983,496984,1,0
496983,496983,496984,1,0
496983,496983,496984,1,0
496983,496983,496986,3,0
496983,496983,496985,2,0
496983,496983,496986,3,0
496983,496983,496987,4,0
496983,496983,496987,4,0
496983,496983,496987,4,0
496983,496983,496986,3,0
496983,496983,496988,5,0
496983,496983,496987,4,0
496983,496983,496987,4,0
496983,496983,496988,5,0
496993,496993,496994,1,0
496993,496993,496994,1,0
496993,496993,496994,1,0
496993,496993,496994,1,0
496993,496993,496994,1,0
496993,496993,496994,1,0
496993,496993,496994,1,0
496993,496993,496994,1,0
496993,496993,496994,1,0
496993,496993,496994,1,0
496993,496993,496994,1,0
496993,496993,496994,1,0
496993,496993,496994,1,0
496993,496993,496994,1,0
496993,496993,496994,1,0
496993,496993,496994,1,0
496993,496993,496995,2,0
496993,496993,496994,1,0
496993,496993,496994,1,0
496993,496993,496994,1,0
496993,496993,496994,1,0
496993,496993,496996,3,0
496993,496993,496995,2,0
496993,496993,496996,3,0
496993,496993,496996,3,0
496993,496993,496997,4,0
496993,496993,496997,4,0
496993,496993,496997,4,0
496993,496993,496997,4,0
496993,496993,496998,5,0
496993,496993,496997,4,0
497003,497003,497004,1,0
497003,497003,497004,1,0
497003,497003,497004,1,0
497003,497003,497004,1,0
497003,497003,497004,1,0
497003,497003,497004,1,0
497003,497003,497004,1,0
497003,497003,497004,1,0
497003,497003,497004,1,0
497003,497003,497004,1,0
497003,497003,497004,1,0
497003,497003,497004,1,0
497003,497003,497004,1,0
497003,497003,497004,1,0
497003,497003,497004,1,0
497003,497003,497004,1,0
497003,497003,497004,1,0
497003,497003,497004,1,0
497003,497003,497005,2,0
497003,497003,497004,1,0
497003,497003,497005,2,0
497003,497003,497005,2,0
497003,497003,497006,3,0
497003,497003,497006,3,0
497003,497003,497006,3,0
497003,497003,497007,4,0
497003,497003,497007,4,0
497003,497003,497008,5,0
497003,497003,497007,4,0
497013,497013,497014,1,0
497013,497013,497014,1,0
497013,497013,497014,1,0
497013,497013,497014,1,0
497013,497013,497014,1,0
497013,497013,497014,1,0
497013,497013,497014,1,0
497013,497013,497014,1,0
497013,497013,497014,1,0
497013,497013,497014,1,0
497013,497013,497014,1,0
497013,497013,497014,1,0
497013,497013,497014,1,0
497013,497013,497014,1,0
497013,497013,497014,1,0
497013,497013,497014,1,0
497013,497013,497014,1,0
497013,497013,497014,1,0
497013,497013,497014,1,0
497013,497013,497014,1,0
497013,497013,497015,2,0
497013,497013,497015,2,0
497013,497013,497015,2,0
497013,497013,497015,2,0
497013,497013,497016,3,0
497013,497013,497016,3,0
497013,497013,497016,3,0
497021,497021,497022,1,0
497021,497021,497022,1,0
497021,497021,497022,1,0
497021,497021,497022,1,0
497021,497021,497022,1,0
497021,497021,497022,1,0
497021,497021,497022,1,0
497021,497021,497022,1,0
497021,497021,497022,1,0
497021,497021,497022,1,0
497021,497021,497022,1,0
497021,497021,497022,1,0
497021,497021,497022,1,0
497021,497021,497022,1,0
497021,497021,497022,1,0
497021,497021,497022,1,0
497021,497021,497022,1,0
497021,497021,497022,1,0
497021,497021,497022,1,0
497021,497021,497022,1,0
497021,497021,497022,1,0
497021,497021,497022,1,0
497021,497021,497022,1,0
497021,497021,497023,2,0
497021,497021,497023,2,0
497021,497021,497023,2,0
497021,497021,497023,2,0
497021,497021,497023,2,0
497021,497021,497023,2,0
497021,497021,497023,2,0
497021,497021,497023,2,0
497028,497028,497029,1,0
497028,497028,497029,1,0
497028,497028,497029,1,0
497028,497028,497029,1,0
497033,497034,497035,1,1
497033,497034,497035,1,1
497033,497034,497035,1,1
497037,497038,497039,1,1
497037,497038,497039,1,1
497190,497190,497191,1,0
497190,497190,497191,1,0
497190,497190,497191,1,0
497190,497190,497191,1,0
497190,497190,497191,1,0
497190,497190,497191,1,0
497190,497190,497191,1,0
497190,497190,497191,1,0
497190,497190,497191,1,0
497190,497190,497191,1,0
497190,497190,497191,1,0
497190,497190,497191,1,0
497190,497190,497191,1,0
497190,497190,497191,1,0
497190,497190,497191,1,0
497190,497190,497191,1,0
497190,497190,497191,1,0
497190,497190,497191,1,0
497190,497190,497191,1,0
497190,497190,497191,1,0
497190,497190,497191,1,0
497190,497190,497191,1,0
497190,497190,497192,2,0
497190,497190,497192,2,0
497190,497190,497192,2,0
497190,497190,497191,1,0
497190,497190,497192,2,0
497190,497190,497193,3,0
497190,497190,497192,2,0
497190,497190,497192,2,0
497190,497190,497192,2,0
497198,497198,497199,1,0
497198,497198,497199,1,0
497198,497198,497199,1,0
497198,497198,497199,1,0
497198,497198,497199,1,0
497198,497198,497199,1,0
497198,497198,497200,2,0
497198,497198,497199,1,0
497198,497198,497199,1,0
497198,497198,497199,1,0
497198,497198,497200,2,0
497198,497198,497200,2,0
497198,497198,497200,2,0
497198,497198,497200,2,0
497198,497198,497202,4,0
497198,497198,497202,4,0
497198,497198,497201,3,0
497198,497198,497202,4,0
497198,497198,497201,3,0
497207,497207,497208,1,0
497207,497207,497208,1,0
497207,497207,497208,1,0
497207,497207,497208,1,0
497207,497207,497208,1,0
497207,497207,497208,1,0
497207,497207,497208,1,0
497207,497207,497208,1,0
497207,497207,497208,1,0
497207,497207,497208,1,0
497207,497207,497209,2,0
497207,497207,497208,1,0
497207,497207,497209,2,0
497207,497207,497209,2,0
497207,497207,497208,1,0
497207,497207,497208,1,0
497207,497207,497209,2,0
497207,497207,497208,1,0
497207,497207,497209,2,0
497207,497207,497209,2,0
497207,497207,497209,2,0
497207,497207,497208,1,0
497207,497207,497210,3,0
497207,497207,497210,3,0
497207,497207,497210,3,0
497207,497207,497211,4,0
497207,497207,497211,4,0
497207,497207,497211,4,0
497207,497207,497211,4,0
497207,497207,497211,4,0
497207,497207,497211,4,0
497218,497218,497219,1,0
497218,497218,497219,1,0
497218,497218,497219,1,0
497218,497218,497219,1,0
497218,497218,497219,1,0
497218,497218,497219,1,0
497218,497218,497219,1,0
497218,497218,497219,1,0
497218,497218,497220,2,0
497218,497218,497220,2,0
497218,497218,497221,3,0
497218,497218,497220,2,0
497218,497218,497221,3,0
497218,497218,497222,4,0
497218,497218,497222,4,0
497218,497218,497222,4,0
497218,497218,497222,4,0
497218,497218,497223,5,0
497228,497228,497229,1,0
497228,497228,497229,1,0
497228,497228,497229,1,0
497228,497228,497229,1,0
497228,497228,497229,1,0
497228,497228,497229,1,0
497228,497228,497229,1,0
497228,497228,497229,1,0
497228,497228,497229,1,0
497228,497228,497229,1,0
497228,497228,497229,1,0
497228,497228,497230,2,0
497228,497228,497229,1,0
497228,497228,497229,1,0
497228,497228,497229,1,0
497228,497228,497231,3,0
497228,497228,497230,2,0
497228,497228,497230,2,0
497228,497228,497230,2,0
497228,497228,497232,4,0
497228,497228,497231,3,0
497228,497228,497232,4,0
497228,497228,497232,4,0
497228,497228,497232,4,0
497237,497237,497238,1,0
497237,497237,497238,1,0
497237,497237,497238,1,0
497237,497237,497238,1,0
497237,497237,497238,1,0
497237,497237,497238,1,0
497237,497237,497238,1,0
497237,497237,497238,1,0
497237,497237,497238,1,0
497237,497237,497239,2,0
497237,497237,497239,2,0
497237,497237,497239,2,0
497237,497238,497239,1,1
497237,497238,497239,1,1
497237,497238,497239,1,1
497237,497237,497240,3,0
497237,497238,497240,2,1
497237,497238,497240,2,1
497237,497237,497241,4,0
497237,497237,497241,4,0
497237,497238,497241,3,1
497237,497238,497241,3,1
497246,497247,497248,1,1
497246,497247,497248,1,1
497246,497247,497248,1,1
497246,497247,497248,1,1
497246,497247,497248,1,1
497246,497247,497248,1,1
497246,497247,497248,1,1
497246,497247,497248,1,1
497246,497247,497248,1,1
497246,497247,497248,1,1
497246,497247,497248,1,1
497246,497247,497248,1,1
497246,497247,497249,2,1
497246,497247,497249,2,1
497246,497247,497249,2,1
497254,497254,497255,1,0
497254,497254,497255,1,0
497254,497254,497255,1,0
497254,497254,497255,1,0
497254,497254,497255,1,0
497254,497254,497255,1,0
497254,497254,497255,1,0
497254,497254,497255,1,0
497254,497254,497255,1,0
497254,497254,497255,1,0
497254,497254,497255,1,0
497254,497254,497255,1,0
497254,497254,497255,1,0
497254,497254,497255,1,0
497254,497254,497255,1,0
497254,497254,497255,1,0
497254,497254,497255,1,0
497254,497254,497255,1,0
497254,497254,497255,1,0
497254,497254,497255,1,0
497254,497254,497255,1,0
497254,497254,497255,1,0
497254,497254,497255,1,0
497254,497254,497255,1,0
497254,497254,497255,1,0
497254,497254,497255,1,0
497254,497254,497255,1,0
497254,497254,497255,1,0
497254,497254,497256,2,0
497254,497254,497255,1,0
497254,497254,497256,2,0
497261,497261,497262,1,0
497261,497261,497262,1,0
497261,497261,497262,1,0
497261,497261,497262,1,0
497261,497261,497262,1,0
497261,497261,497262,1,0
497261,497261,497262,1,0
497261,497261,497262,1,0
497261,497261,497262,1,0
497261,497261,497262,1,0
497261,497261,497262,1,0
497261,497261,497262,1,0
497261,497261,497262,1,0
497261,497261,497262,1,0
497261,497261,497262,1,0
497261,497261,497262,1,0
497261,497261,497262,1,0
497261,497261,497262,1,0
497261,497261,497262,1,0
497261,497261,497262,1,0
497261,497261,497262,1,0
497261,497261,497262,1,0
497261,497261,497263,2,0
497261,497261,497262,1,0
497261,497261,497262,1,0
497261,497261,497262,1,0
497261,497261,497262,1,0
497261,497261,497263,2,0
497261,497261,497262,1,0
497261,497261,497263,2,0
497261,497261,497263,2,0
497266,497266,497267,1,0
497266,497266,497267,1,0
497266,497266,497267,1,0
497266,497266,497267,1,0
497266,497266,497267,1,0
497266,497266,497267,1,0
497266,497266,497267,1,0
497266,497266,497267,1,0
497266,497266,497267,1,0
497266,497266,497267,1,0
497266,497266,497267,1,0
497266,497266,497267,1,0
497266,497266,497267,1,0
497266,497266,497267,1,0
497266,497266,497267,1,0
497266,497266,497267,1,0
497266,497266,497267,1,0
497266,497266,497267,1,0
497266,497266,497267,1,0
497266,497266,497267,1,0
497266,497266,497267,1,0
497266,497266,497267,1,0
497266,497266,497267,1,0
497266,497266,497267,1,0
497266,497266,497267,1,0
497266,497266,497267,1,0
497266,497266,497267,1,0
497266,497266,497267,1,0
497266,497266,497267,1,0
497266,497266,497267,1,0
497266,497266,497267,1,0
497270,497270,497271,1,0
497270,497270,497271,1,0
497270,497270,497271,1,0
497270,497270,497271,1,0
497270,497270,497271,1,0
497270,497270,497271,1,0
497270,497270,497271,1,0
497270,497270,497271,1,0
497270,497270,497271,1,0
497270,497270,497271,1,0
497270,497270,497271,1,0
497270,497270,497271,1,0
497270,497270,497271,1,0
497270,497270,497271,1,0
497270,497270,497271,1,0
497270,497270,497271,1,0
497270,497270,497271,1,0
497270,497270,497271,1,0
497270,497270,497271,1,0
497270,497270,497271,1,0
497270,497270,497271,1,0
497270,497270,497271,1,0
497270,497270,497271,1,0
497270,497270,497271,1,0
497270,497270,497271,1,0
497270,497270,497271,1,0
497270,497270,497271,1,0
497270,497270,497271,1,0
497270,497270,497271,1,0
497270,497270,497271,1,0
497270,497270,497271,1,0
497430,497430,497431,1,0
497430,497430,497431,1,0
497430,497430,497431,1,0
497430,497430,497431,1,0
497430,497430,497431,1,0
497430,497430,497431,1,0
497430,497430,497431,1,0
497430,497430,497431,1,0
497430,497430,497431,1,0
497430,497430,497431,1,0
497430,497430,497431,1,0
497430,497430,497431,1,0
497430,497430,497431,1,0
497430,497430,497431,1,0
497430,497430,497433,3,0
497430,497430,497433,3,0
497430,497430,497432,2,0
497430,497430,497432,2,0
497437,497437,497438,1,0
497437,497437,497438,1,0
497437,497437,497438,1,0
497437,497437,497438,1,0
497437,497437,497438,1,0
497437,497437,497438,1,0
497437,497437,497438,1,0
497437,497437,497438,1,0
497437,497437,497438,1,0
497437,497437,497438,1,0
497437,497437,497438,1,0
497437,497437,497439,2,0
497437,497437,497438,1,0
497437,497437,497438,1,0
497437,497437,497439,2,0
497437,497437,497439,2,0
497437,497437,497439,2,0
497437,497437,497439,2,0
497437,497437,497438,1,0
497437,497437,497438,1,0
497437,497437,497439,2,0
497437,497437,497440,3,0
497437,497437,497439,2,0
497437,497437,497440,3,0
497437,497437,497440,3,0
497437,497437,497440,3,0
497437,497437,497441,4,0
497437,497437,497441,4,0
497437,497437,497440,3,0
497437,497437,497441,4,0
497437,497437,497441,4,0
497447,497447,497448,1,0
497447,497447,497448,1,0
497447,497447,497448,1,0
497447,497447,497448,1,0
497447,497447,497448,1,0
497447,497447,497448,1,0
497447,497447,497448,1,0
497447,497447,497448,1,0
497447,497447,497448,1,0
497447,497447,497448,1,0
497447,497447,497448,1,0
497447,497447,497449,2,0
497447,497447,497449,2,0
497447,497447,497448,1,0
497447,497447,497448,1,0
497447,497447,497448,1,0
497447,497447,497448,1,0
497447,497447,497449,2,0
497447,497447,497449,2,0
497447,497447,497449,2,0
497447,497447,497449,2,0
497447,497447,497450,3,0
497447,497447,497450,3,0
497447,497447,497450,3,0
497447,497447,497450,3,0
497447,497447,497450,3,0
497447,497447,497451,4,0
497447,497447,497451,4,0
497447,497447,497452,5,0
497447,497447,497452,5,0
497447,497447,497451,4,0
497458,497458,497459,1,0
497458,497458,497459,1,0
497458,497458,497459,1,0
497458,497458,497459,1,0
497458,497458,497459,1,0
497458,497458,497459,1,0
497458,497458,497459,1,0
497458,497458,497459,1,0
497458,497458,497459,1,0
497458,497458,497459,1,0
497458,497458,497459,1,0
497458,497458,497459,1,0
497458,497458,497459,1,0
497458,497458,497459,1,0
497458,497458,497459,1,0
497458,497458,497460,2,0
497458,497458,497459,1,0
497458,497458,497459,1,0
497458,497458,497459,1,0
497458,497458,497460,2,0
497458,497458,497460,2,0
497458,497458,497461,3,0
497458,497458,497461,3,0
497458,497458,497461,3,0
497458,497458,497462,4,0
497458,497458,497462,4,0
497458,497458,497462,4,0
497458,497458,497463,5,0
497458,497458,497462,4,0
497458,497458,497462,4,0
497468,497468,497469,1,0
497468,497468,497469,1,0
497468,497468,497469,1,0
497468,497468,497469,1,0
497468,497468,497469,1,0
497468,497468,497469,1,0
497468,497468,497469,1,0
497468,497468,497469,1,0
497468,497468,497469,1,0
497468,497468,497469,1,0
497468,497468,497469,1,0
497468,497468,497469,1,0
497468,497468,497470,2,0
497468,497468,497470,2,0
497468,497468,497470,2,0
497468,497468,497470,2,0
497468,497468,497470,2,0
497468,497468,497470,2,0
497468,497468,497470,2,0
497468,497468,497470,2,0
497468,497468,497470,2,0
497468,497468,497471,3,0
497468,497468,497471,3,0
497468,497468,497472,4,0
497468,497468,497472,4,0
497468,497468,497472,4,0
497468,497468,497472,4,0
497468,497468,497473,5,0
497468,497468,497473,5,0
497468,497468,497473,5,0
497479,497479,497480,1,0
497479,497479,497480,1,0
497479,497479,497480,1,0
497479,497479,497480,1,0
497479,497479,497480,1,0
497479,497479,497480,1,0
497479,497479,497480,1,0
497479,497479,497480,1,0
497479,497479,497480,1,0
497479,497479,497480,1,0
497479,497479,497480,1,0
497479,497479,497480,1,0
497479,497479,497480,1,0
497479,497479,497480,1,0
497479,497479,497480,1,0
497479,497479,497480,1,0
497479,497479,497480,1,0
497479,497479,497480,1,0
497479,497479,497480,1,0
497479,497479,497480,1,0
497479,497479,497480,1,0
497479,497479,497480,1,0
497479,497479,497480,1,0
497479,497479,497482,3,0
497479,497479,497481,2,0
497479,497479,497482,3,0
497479,497479,497482,3,0
497479,497479,497483,4,0
497479,497479,497483,4,0
497479,497479,497483,4,0
497479,497479,497483,4,0
497488,497488,497489,1,0
497488,497488,497489,1,0
497488,497488,497489,1,0
497488,497488,497489,1,0
497488,497488,497489,1,0
497488,497488,497489,1,0
497488,497488,497489,1,0
497488,497488,497489,1,0
497488,497488,497489,1,0
497488,497488,497489,1,0
497488,497488,497489,1,0
497488,497488,497489,1,0
497488,497488,497489,1,0
497488,497488,497489,1,0
497488,497488,497489,1,0
497488,497488,497489,1,0
497488,497488,497489,1,0
497488,497488,497489,1,0
497488,497488,497489,1,0
497488,497488,497489,1,0
497488,497488,497489,1,0
497488,497488,497489,1,0
497488,497488,497489,1,0
497488,497488,497489,1,0
497488,497488,497489,1,0
497488,497488,497490,2,0
497488,497488,497490,2,0
497488,497488,497490,2,0
497488,497488,497489,1,0
497488,497488,497490,2,0
497488,497488,497490,2,0
497496,497496,497497,1,0
497496,497496,497497,1,0
497496,497496,497497,1,0
497496,497496,497497,1,0
497496,497496,497497,1,0
497496,497496,497497,1,0
497496,497496,497497,1,0
497496,497496,497497,1,0
497496,497496,497497,1,0
497496,497496,497497,1,0
497496,497496,497497,1,0
497496,497496,497497,1,0
497496,497496,497497,1,0
497496,497496,497497,1,0
497496,497496,497497,1,0
497502,497502,497503,1,0
497502,497502,497503,1,0
497502,497502,497503,1,0
497502,497502,497503,1,0
497507,497507,497508,1,0
497507,497507,497508,1,0
497507,497507,497508,1,0
497507,497507,497508,1,0
497507,497507,497508,1,0
497507,497507,497508,1,0
497507,497507,497508,1,0
497507,497507,497508,1,0
497507,497507,497508,1,0
497507,497507,497508,1,0
497507,497507,497508,1,0
497507,497507,497508,1,0
497507,497507,497508,1,0
497507,497507,497508,1,0
497507,497507,497508,1,0
497507,497507,497508,1,0
497507,497507,497508,1,0
497507,497507,497508,1,0
497507,497507,497508,1,0
497507,497507,497508,1,0
497507,497507,497508,1,0
497507,497507,497508,1,0
497507,497507,497508,1,0
497507,497507,497508,1,0
497507,497507,497508,1,0
497507,497507,497508,1,0
497507,497507,497508,1,0
497507,497507,497508,1,0
497507,497507,497508,1,0
497507,497507,497508,1,0
497511,497511,497512,1,0
497511,497511,497512,1,0
497511,497511,497512,1,0
497511,497511,497512,1,0
497511,497511,497512,1,0
497511,497511,497512,1,0
497511,497511,497512,1,0
497511,497511,497512,1,0
497511,497511,497512,1,0
497511,497511,497512,1,0
497511,497511,497512,1,0
497511,497511,497512,1,0
497511,497511,497512,1,0
497511,497511,497512,1,0
497511,497511,497512,1,0
497511,497511,497512,1,0
497511,497511,497512,1,0
497511,497511,497512,1,0
497511,497511,497512,1,0
497666,497666,497667,1,0
497666,497666,497667,1,0
497666,497666,497668,2,0
497666,497666,497668,2,0
497666,497666,497667,1,0
497666,497666,497667,1,0
497666,497666,497667,1,0
497666,497666,497667,1,0
497666,497666,497669,3,0
497666,497666,497668,2,0
497666,497666,497669,3,0
497666,497666,497669,3,0
497674,497674,497675,1,0
497674,497674,497675,1,0
497674,497674,497675,1,0
497674,497674,497675,1,0
497674,497674,497675,1,0
497674,497674,497675,1,0
497674,497674,497675,1,0
497674,497674,497675,1,0
497674,497674,497675,1,0
497674,497674,497675,1,0
497674,497674,497676,2,0
497674,497674,497676,2,0
497674,497674,497675,1,0
497674,497674,497676,2,0
497674,497674,497675,1,0
497674,497674,497676,2,0
497674,497674,497676,2,0
497674,497674,497676,2,0
497674,497674,497676,2,0
497674,497674,497676,2,0
497674,497674,497675,1,0
497674,497674,497676,2,0
497674,497674,497676,2,0
497674,497674,497677,3,0
497674,497674,497677,3,0
497674,497674,497677,3,0
497674,497674,497678,4,0
497674,497674,497679,5,0
497674,497674,497679,5,0
497674,497674,497678,4,0
497674,497674,497679,5,0
497685,497685,497686,1,0
497685,497685,497687,2,0
497685,497685,497687,2,0
497685,497686,497687,1,1
497685,497685,497687,2,0
497685,497685,497687,2,0
497685,497685,497687,2,0
497685,497685,497687,2,0
497685,497685,497687,2,0
497685,497685,497687,2,0
497685,497685,497687,2,0
497685,497686,497687,1,1
497685,497686,497687,1,1
497685,497685,497687,2,0
497685,497686,497688,2,1
497685,497685,497689,4,0
497685,497686,497689,3,1
497685,497686,497689,3,1
497685,497686,497690,4,1
497685,497686,497690,4,1
497685,497686,497690,4,1
497685,497686,497690,4,1
497695,497695,497696,1,0
497695,497695,497696,1,0
497695,497695,497696,1,0
497695,497695,497696,1,0
497695,497695,497696,1,0
497695,497695,497696,1,0
497695,497695,497696,1,0
497695,497696,497697,1,1
497695,497695,497697,2,0
497695,497695,497697,2,0
497695,497695,497697,2,0
497695,497695,497697,2,0
497695,497695,497697,2,0
497695,497695,497697,2,0
497695,497695,497698,3,0
497695,497696,497698,2,1
497695,497696,497698,2,1
497695,497696,497698,2,1
497695,497695,497699,4,0
497695,497696,497700,4,1
497695,497696,497700,4,1
497695,497695,497700,5,0
497695,497696,497700,4,1
497707,497707,497708,1,0
497707,497707,497708,1,0
497707,497707,497708,1,0
497707,497707,497708,1,0
497707,497707,497708,1,0
497707,497707,497708,1,0
497707,497707,497708,1,0
497707,497707,497708,1,0
497707,497707,497708,1,0
497707,497707,497708,1,0
497707,497707,497708,1,0
497707,497707,497708,1,0
497707,497707,497708,1,0
497707,497707,497708,1,0
497707,497707,497708,1,0
497707,497707,497708,1,0
497707,497707,497708,1,0
497707,497707,497709,2,0
497707,497707,497709,2,0
497707,497707,497708,1,0
497707,497707,497708,1,0
497707,497707,497710,3,0
497707,497707,497710,3,0
497707,497707,497709,2,0
497707,497707,497711,4,0
497707,497707,497711,4,0
497707,497707,497711,4,0
497707,497707,497710,3,0
497707,497707,497711,4,0
497717,497717,497718,1,0
497717,497717,497718,1,0
497717,497717,497718,1,0
497717,497717,497718,1,0
497717,497717,497718,1,0
497717,497717,497718,1,0
497717,497717,497718,1,0
497717,497717,497718,1,0
497717,497717,497719,2,0
497717,497717,497719,2,0
497717,497717,497720,3,0
497717,497717,497720,3,0
497717,497717,497720,3,0
497717,497717,497720,3,0
497725,497725,497726,1,0
497725,497725,497726,1,0
497725,497725,497726,1,0
497725,497725,497726,1,0
497725,497725,497726,1,0
497725,497725,497726,1,0
497725,497725,497726,1,0
497725,497725,497726,1,0
497725,497725,497726,1,0
497725,497725,497726,1,0
497725,497725,497726,1,0
497725,497725,497726,1,0
497725,497725,497726,1,0
497725,497725,497726,1,0
497725,497725,497726,1,0
497725,497725,497726,1,0
497725,497725,497726,1,0
497725,497725,497726,1,0
497725,497725,497726,1,0
497725,497725,497726,1,0
497725,497725,497726,1,0
497725,497725,497726,1,0
497725,497725,497726,1,0
497725,497725,497726,1,0
497725,497725,497726,1,0
497725,497725,497727,2,0
497725,497725,497727,2,0
497725,497725,497727,2,0
497725,497725,497727,2,0
497725,497725,497727,2,0
497725,497725,497726,1,0
497732,497732,497733,1,0
497732,497732,497733,1,0
497732,497732,497733,1,0
497732,497732,497733,1,0
497732,497732,497733,1,0
497732,497732,497733,1,0
497732,497732,497733,1,0
497732,497732,497733,1,0
497732,497732,497733,1,0
497732,497732,497733,1,0
497732,497732,497733,1,0
497732,497732,497733,1,0
497732,497732,497733,1,0
497732,497732,497733,1,0
497732,497732,497733,1,0
497732,497732,497733,1,0
497732,497732,497733,1,0
497732,497732,497733,1,0
497732,497732,497733,1,0
497732,497732,497733,1,0
497732,497732,497733,1,0
497732,497732,497733,1,0
497732,497732,497733,1,0
497732,497732,497733,1,0
497732,497732,497733,1,0
497732,497732,497733,1,0
497738,497738,497739,1,0
497738,497738,497739,1,0
497738,497738,497739,1,0
497738,497738,497739,1,0
497743,497743,497744,1,0
497743,497743,497744,1,0
497743,497743,497744,1,0
497743,497743,497744,1,0
497743,497743,497744,1,0
497743,497743,497744,1,0
497743,497743,497744,1,0
497743,497743,497744,1,0
497743,497743,497744,1,0
497743,497743,497744,1,0
497743,497743,497744,1,0
497743,497743,497744,1,0
497743,497743,497744,1,0
497743,497743,497744,1,0
497743,497743,497744,1,0
497743,497743,497744,1,0
497743,497743,497744,1,0
497747,497747,497748,1,0
497747,497747,497748,1,0
497747,497747,497748,1,0
497747,497747,497748,1,0
497747,497747,497748,1,0
497747,497747,497748,1,0
497747,497747,497748,1,0
497747,497747,497748,1,0
497747,497747,497748,1,0
497747,497747,497748,1,0
498058,498058,498059,1,0
498058,498058,498059,1,0
498058,498058,498059,1,0
498058,498058,498059,1,0
498058,498058,498059,1,0
498058,498058,498060,2,0
498058,498058,498061,3,0
498058,498058,498060,2,0
498058,498058,498060,2,0
498058,498058,498061,3,0
498058,498058,498061,3,0
498066,498066,498067,1,0
498066,498066,498067,1,0
498066,498066,498067,1,0
498066,498066,498067,1,0
498066,498066,498067,1,0
498066,498066,498067,1,0
498066,498066,498067,1,0
498066,498066,498067,1,0
498066,498066,498067,1,0
498066,498066,498067,1,0
498066,498066,498067,1,0
498066,498066,498067,1,0
498066,498066,498067,1,0
498066,498066,498067,1,0
498066,498066,498067,1,0
498066,498066,498068,2,0
498066,498066,498068,2,0
498066,498066,498068,2,0
498066,498066,498068,2,0
498066,498066,498068,2,0
498066,498066,498068,2,0
498066,498066,498067,1,0
498066,498066,498068,2,0
498066,498066,498069,3,0
498066,498066,498069,3,0
498066,498066,498068,2,0
498066,498066,498069,3,0
498066,498066,498070,4,0
498066,498066,498070,4,0
498066,498066,498070,4,0
498066,498066,498070,4,0
498077,498077,498078,1,0
498077,498077,498078,1,0
498077,498077,498078,1,0
498077,498077,498078,1,0
498077,498077,498078,1,0
498077,498077,498078,1,0
498077,498077,498078,1,0
498077,498077,498078,1,0
498077,498077,498078,1,0
498077,498077,498078,1,0
498077,498077,498078,1,0
498077,498077,498078,1,0
498077,498077,498078,1,0
498077,498077,498078,1,0
498077,498077,498078,1,0
498077,498077,498079,2,0
498077,498077,498078,1,0
498077,498077,498078,1,0
498077,498077,498078,1,0
498077,498077,498078,1,0
498077,498077,498080,3,0
498077,498077,498079,2,0
498077,498077,498079,2,0
498077,498077,498080,3,0
498077,498077,498081,4,0
498077,498077,498081,4,0
498077,498077,498080,3,0
498077,498077,498081,4,0
498077,498077,498081,4,0
498077,498077,498081,4,0
498088,498089,498090,1,1
498088,498089,498090,1,1
498088,498089,498090,1,1
498088,498089,498090,1,1
498088,498089,498090,1,1
498088,498089,498090,1,1
498088,498089,498090,1,1
498088,498089,498091,2,1
498088,498089,498092,3,1
498088,498089,498091,2,1
498088,498089,498092,3,1
498088,498089,498092,3,1
498088,498089,498092,3,1
498088,498089,498093,4,1
498088,498089,498093,4,1
498088,498089,498093,4,1
498099,498099,498100,1,0
498099,498099,498100,1,0
498099,498099,498100,1,0
498099,498099,498100,1,0
498099,498099,498100,1,0
498099,498099,498100,1,0
498099,498099,498100,1,0
498099,498099,498100,1,0
498099,498099,498100,1,0
498099,498099,498100,1,0
498099,498099,498100,1,0
498099,498099,498101,2,0
498099,498099,498100,1,0
498099,498099,498100,1,0
498099,498099,498100,1,0
498099,498099,498100,1,0
498099,498099,498101,2,0
498099,498099,498102,3,0
498099,498099,498102,3,0
498099,498099,498101,2,0
498099,498099,498103,4,0
498099,498099,498103,4,0
498099,498099,498102,3,0
498099,498099,498102,3,0
498099,498099,498103,4,0
498108,498108,498109,1,0
498108,498108,498109,1,0
498108,498108,498109,1,0
498108,498108,498109,1,0
498108,498108,498109,1,0
498108,498108,498109,1,0
498108,498108,498109,1,0
498108,498108,498109,1,0
498108,498108,498109,1,0
498108,498108,498109,1,0
498108,498108,498109,1,0
498108,498108,498109,1,0
498108,498108,498109,1,0
498108,498108,498109,1,0
498108,498108,498109,1,0
498108,498108,498109,1,0
498108,498108,498109,1,0
498108,498108,498109,1,0
498108,498108,498109,1,0
498108,498108,498109,1,0
498108,498108,498109,1,0
498108,498108,498109,1,0
498108,498108,498109,1,0
498108,498108,498110,2,0
498108,498108,498110,2,0
498108,498108,498111,3,0
498108,498108,498111,3,0
498108,498108,498110,2,0
498108,498108,498111,3,0
498108,498108,498112,4,0
498108,498108,498112,4,0
498116,498116,498117,1,0
498116,498116,498117,1,0
498116,498116,498117,1,0
498116,498116,498117,1,0
498116,498116,498117,1,0
498116,498116,498117,1,0
498116,498116,498117,1,0
498116,498116,498117,1,0
498116,498116,498117,1,0
498116,498116,498117,1,0
498116,498116,498117,1,0
498116,498116,498117,1,0
498116,498116,498117,1,0
498116,498116,498117,1,0
498116,498116,498117,1,0
498116,498116,498117,1,0
498116,498116,498117,1,0
498116,498116,498117,1,0
498116,498116,498117,1,0
498116,498116,498117,1,0
498116,498116,498117,1,0
498116,498116,498117,1,0
498116,498116,498117,1,0
498116,498116,498117,1,0
498116,498116,498118,2,0
498116,498116,498117,1,0
498116,498116,498118,2,0
498116,498116,498118,2,0
498116,498116,498118,2,0
498116,498116,498117,1,0
498116,498116,498118,2,0
498122,498122,498123,1,0
498122,498122,498123,1,0
498122,498122,498123,1,0
498122,498122,498123,1,0
498122,498122,498123,1,0
498122,498122,498123,1,0
498122,498122,498123,1,0
498122,498122,498123,1,0
498122,498122,498123,1,0
498122,498122,498123,1,0
498122,498122,498123,1,0
498122,498122,498123,1,0
498122,498122,498123,1,0
498122,498122,498123,1,0
498122,498122,498123,1,0
498122,498122,498123,1,0
498122,498122,498123,1,0
498122,498122,498123,1,0
498122,498122,498123,1,0
498122,498122,498123,1,0
498122,498122,498123,1,0
498122,498122,498123,1,0
498122,498122,498123,1,0
498122,498122,498123,1,0
498122,498122,498123,1,0
498122,498122,498123,1,0
498122,498122,498123,1,0
498122,498122,498123,1,0
498122,498122,498124,2,0
498122,498122,498124,2,0
498122,498122,498124,2,0
498136,498136,498137,1,0
498136,498136,498137,1,0
498136,498136,498137,1,0
498136,498136,498137,1,0
498136,498136,498137,1,0
498136,498136,498137,1,0
498136,498136,498137,1,0
498136,498136,498137,1,0
498136,498136,498137,1,0
498136,498136,498137,1,0
498136,498136,498137,1,0
498136,498136,498137,1,0
498136,498136,498137,1,0
498136,498136,498137,1,0
498136,498136,498137,1,0
498136,498136,498137,1,0
498136,498136,498137,1,0
498136,498136,498137,1,0
498136,498136,498137,1,0
498136,498136,498137,1,0
498136,498136,498137,1,0
498136,498136,498137,1,0
498136,498136,498137,1,0
498136,498136,498137,1,0
498136,498136,498137,1,0
498136,498136,498137,1,0
498136,498136,498137,1,0
498136,498136,498137,1,0
498136,498136,498137,1,0
498136,498136,498137,1,0
498136,498136,498137,1,0
498142,498142,498143,1,0
498142,498142,498143,1,0
498142,498142,498143,1,0
498142,498142,498143,1,0
498142,498142,498143,1,0
498142,498142,498143,1,0
498142,498142,498143,1,0
498142,498142,498143,1,0
498378,498378,498379,1,0
498378,498378,498379,1,0
498378,498378,498379,1,0
498378,498378,498379,1,0
498378,498378,498379,1,0
498378,498378,498379,1,0
498378,498378,498379,1,0
498378,498378,498379,1,0
498378,498378,498379,1,0
498378,498378,498379,1,0
498378,498378,498379,1,0
498378,498378,498379,1,0
498378,498378,498379,1,0
498378,498378,498379,1,0
498378,498378,498379,1,0
498378,498378,498379,1,0
498378,498378,498379,1,0
498378,498378,498379,1,0
498378,498378,498379,1,0
498378,498378,498380,2,0
498378,498378,498380,2,0
498378,498378,498379,1,0
498378,498378,498380,2,0
498378,498378,498379,1,0
498378,498378,498380,2,0
498378,498378,498379,1,0
498378,498378,498381,3,0
498378,498378,498381,3,0
498378,498378,498382,4,0
498378,498378,498382,4,0
498378,498378,498381,3,0
498388,498388,498389,1,0
498388,498388,498389,1,0
498388,498388,498389,1,0
498388,498388,498389,1,0
498388,498388,498389,1,0
498388,498388,498389,1,0
498388,498388,498389,1,0
498388,498388,498389,1,0
498388,498388,498389,1,0
498388,498388,498389,1,0
498388,498388,498389,1,0
498388,498388,498389,1,0
498388,498388,498390,2,0
498388,498388,498389,1,0
498388,498388,498389,1,0
498388,498388,498390,2,0
498388,498388,498390,2,0
498388,498388,498389,1,0
498388,498388,498390,2,0
498388,498388,498390,2,0
498388,498388,498390,2,0
498388,498388,498391,3,0
498388,498388,498392,4,0
498388,498388,498392,4,0
498388,498388,498392,4,0
498388,498388,498392,4,0
498388,498388,498391,3,0
498388,498388,498392,4,0
498388,498388,498392,4,0
498388,498388,498392,4,0
498388,498388,498393,5,0
498398,498398,498399,1,0
498398,498398,498399,1,0
498398,498398,498399,1,0
498398,498398,498399,1,0
498398,498398,498399,1,0
498398,498398,498399,1,0
498398,498398,498399,1,0
498398,498398,498399,1,0
498398,498398,498399,1,0
498398,498398,498399,1,0
498398,498398,498399,1,0
498398,498398,498399,1,0
498398,498398,498399,1,0
498398,498398,498399,1,0
498398,498398,498400,2,0
498398,498398,498400,2,0
498398,498398,498399,1,0
498398,498398,498400,2,0
498398,498398,498399,1,0
498398,498398,498400,2,0
498398,498398,498400,2,0
498398,498398,498401,3,0
498398,498398,498401,3,0
498398,498398,498402,4,0
498398,498398,498401,3,0
498398,498398,498401,3,0
498398,498398,498402,4,0
498398,498398,498402,4,0
498398,498398,498402,4,0
498398,498398,498402,4,0
498398,498398,498402,4,0
498408,498408,498409,1,0
498408,498408,498409,1,0
498408,498408,498409,1,0
498408,498408,498409,1,0
498408,498408,498409,1,0
498408,498408,498409,1,0
498408,498408,498409,1,0
498408,498408,498409,1,0
498408,498408,498409,1,0
498408,498408,498409,1,0
498408,498408,498409,1,0
498408,498408,498409,1,0
498408,498408,498409,1,0
498408,498408,498409,1,0
498408,498408,498409,1,0
498408,498408,498410,2,0
498408,498408,498410,2,0
498408,498408,498410,2,0
498408,498408,498410,2,0
498408,498408,498410,2,0
498408,498408,498410,2,0
498408,498408,498411,3,0
498408,498408,498411,3,0
498408,498408,498412,4,0
498408,498408,498412,4,0
498408,498408,498412,4,0
498408,498408,498413,5,0
498408,498408,498413,5,0
498408,498408,498413,5,0
498408,498408,498413,5,0
498408,498408,498413,5,0
498418,498418,498419,1,0
498418,498418,498419,1,0
498418,498418,498419,1,0
498418,498418,498419,1,0
498418,498418,498419,1,0
498418,498418,498419,1,0
498418,498418,498419,1,0
498418,498418,498419,1,0
498418,498418,498419,1,0
498418,498418,498419,1,0
498418,498418,498419,1,0
498418,498418,498419,1,0
498418,498418,498419,1,0
498418,498418,498419,1,0
498418,498418,498419,1,0
498418,498418,498419,1,0
498418,498418,498419,1,0
498418,498418,498420,2,0
498418,498418,498420,2,0
498418,498418,498420,2,0
498418,498418,498420,2,0
498418,498418,498421,3,0
498418,498418,498421,3,0
498418,498418,498420,2,0
498418,498418,498421,3,0
498418,498418,498422,4,0
498418,498418,498422,4,0
498418,498418,498422,4,0
498418,498418,498423,5,0
498418,498418,498423,5,0
498418,498418,498423,5,0
498428,498428,498429,1,0
498428,498428,498429,1,0
498428,498428,498429,1,0
498428,498428,498429,1,0
498428,498428,498429,1,0
498428,498428,498429,1,0
498428,498428,498429,1,0
498428,498428,498429,1,0
498428,498428,498429,1,0
498428,498428,498429,1,0
498428,498428,498429,1,0
498428,498428,498429,1,0
498428,498428,498429,1,0
498428,498428,498429,1,0
498428,498428,498429,1,0
498428,498428,498429,1,0
498428,498428,498429,1,0
498428,498428,498429,1,0
498428,498428,498429,1,0
498428,498428,498429,1,0
498428,498428,498429,1,0
498428,498428,498430,2,0
498428,498428,498430,2,0
498428,498428,498429,1,0
498428,498428,498431,3,0
498428,498428,498430,2,0
498428,498428,498431,3,0
498428,498428,498430,2,0
498428,498428,498431,3,0
498428,498428,498432,4,0
498428,498428,498432,4,0
498437,498437,498438,1,0
498437,498437,498438,1,0
498437,498437,498438,1,0
498437,498437,498438,1,0
498437,498437,498438,1,0
498437,498437,498438,1,0
498437,498437,498438,1,0
498443,498443,498444,1,0
498443,498443,498444,1,0
498443,498443,498444,1,0
498443,498443,498444,1,0
498443,498443,498444,1,0
498443,498443,498444,1,0
498443,498443,498444,1,0
498443,498443,498444,1,0
498443,498443,498444,1,0
498443,498443,498444,1,0
498443,498443,498444,1,0
498443,498443,498444,1,0
498449,498449,498450,1,0
498449,498449,498450,1,0
498449,498449,498450,1,0
498449,498449,498450,1,0
498449,498449,498450,1,0
498449,498449,498450,1,0
498449,498449,498450,1,0
498449,498449,498450,1,0
498449,498449,498450,1,0
498449,498449,498450,1,0
498449,498449,498450,1,0
498449,498449,498450,1,0
498449,498449,498450,1,0
498449,498449,498450,1,0
498449,498449,498450,1,0
498449,498449,498450,1,0
498449,498449,498450,1,0
498449,498449,498450,1,0
498449,498449,498450,1,0
498449,498449,498450,1,0
498449,498449,498450,1,0
498449,498449,498450,1,0
498449,498449,498450,1,0
498449,498449,498450,1,0
498449,498449,498450,1,0
498449,498449,498450,1,0
498449,498449,498450,1,0
498449,498449,498450,1,0
498449,498449,498450,1,0
498449,498449,498450,1,0
498449,498449,498450,1,0
498455,498455,498456,1,0
498455,498455,498456,1,0
498455,498455,498456,1,0
498455,498455,498456,1,0
498455,498455,498456,1,0
498455,498455,498456,1,0
498455,498455,498456,1,0
498455,498455,498456,1,0
498455,498455,498456,1,0
498455,498455,498456,1,0
498455,498455,498456,1,0
498455,498455,498456,1,0
498455,498455,498456,1,0
498455,498455,498456,1,0
498455,498455,498456,1,0
498455,498455,498456,1,0
498455,498455,498456,1,0
498455,498455,498456,1,0
498455,498455,498456,1,0
498455,498455,498456,1,0
498455,498455,498456,1,0
498455,498455,498456,1,0
498455,498455,498456,1,0
498455,498455,498456,1,0
498455,498455,498456,1,0
498455,498455,498456,1,0
498455,498455,498456,1,0
498455,498455,498456,1,0
498455,498455,498456,1,0
498455,498455,498456,1,0
498455,498455,498456,1,0
498460,498460,498461,1,0
498460,498460,498461,1,0
498460,498460,498461,1,0
498460,498460,498461,1,0
498460,498460,498461,1,0
498460,498460,498461,1,0
498460,498460,498461,1,0
498460,498460,498461,1,0
498460,498460,498461,1,0
498460,498460,498461,1,0
498633,498633,498634,1,0
498633,498633,498634,1,0
498633,498633,498634,1,0
498633,498633,498634,1,0
498633,498633,498634,1,0
498633,498633,498634,1,0
498633,498633,498634,1,0
498633,498633,498634,1,0
498633,498633,498634,1,0
498633,498633,498634,1,0
498633,498633,498634,1,0
498633,498633,498634,1,0
498633,498633,498634,1,0
498633,498633,498634,1,0
498633,498633,498634,1,0
498633,498633,498634,1,0
498633,498633,498635,2,0
498633,498633,498635,2,0
498633,498633,498634,1,0
498633,498633,498636,3,0
498633,498633,498636,3,0
498633,498633,498635,2,0
498633,498633,498635,2,0
498633,498633,498636,3,0
498633,498633,498637,4,0
498633,498633,498636,3,0
498642,498642,498643,1,0
498642,498642,498643,1,0
498642,498642,498643,1,0
498642,498642,498643,1,0
498642,498642,498643,1,0
498642,498642,498643,1,0
498642,498642,498644,2,0
498642,498642,498644,2,0
498642,498642,498643,1,0
498642,498642,498644,2,0
498642,498642,498643,1,0
498642,498642,498644,2,0
498642,498642,498644,2,0
498642,498642,498645,3,0
498642,498642,498645,3,0
498642,498642,498645,3,0
498642,498642,498645,3,0
498642,498642,498646,4,0
498642,498642,498646,4,0
498642,498642,498646,4,0
498642,498642,498646,4,0
498652,498652,498653,1,0
498652,498652,498653,1,0
498652,498652,498653,1,0
498652,498652,498653,1,0
498652,498652,498653,1,0
498652,498652,498653,1,0
498652,498652,498653,1,0
498652,498652,498653,1,0
498652,498652,498653,1,0
498652,498652,498653,1,0
498652,498652,498653,1,0
498652,498652,498653,1,0
498652,498652,498653,1,0
498652,498652,498654,2,0
498652,498652,498654,2,0
498652,498652,498654,2,0
498652,498652,498653,1,0
498652,498652,498654,2,0
498652,498652,498653,1,0
498652,498652,498655,3,0
498652,498652,498654,2,0
498652,498652,498656,4,0
498652,498652,498656,4,0
498652,498652,498655,3,0
498652,498652,498656,4,0
498652,498652,498655,3,0
498652,498652,498656,4,0
498652,498652,498656,4,0
498652,498652,498657,5,0
498652,498652,498657,5,0
498662,498662,498663,1,0
498662,498662,498663,1,0
498662,498662,498663,1,0
498662,498662,498663,1,0
498662,498662,498663,1,0
498662,498662,498663,1,0
498662,498662,498663,1,0
498662,498662,498663,1,0
498662,498662,498663,1,0
498662,498662,498663,1,0
498662,498662,498663,1,0
498662,498662,498663,1,0
498662,498662,498663,1,0
498662,498662,498664,2,0
498662,498662,498663,1,0
498662,498662,498664,2,0
498662,498662,498663,1,0
498662,498662,498663,1,0
498662,498662,498663,1,0
498662,498662,498663,1,0
498662,498662,498664,2,0
498662,498662,498665,3,0
498662,498662,498664,2,0
498662,498662,498666,4,0
498662,498662,498666,4,0
498662,498662,498665,3,0
498662,498662,498665,3,0
498662,498662,498666,4,0
498662,498662,498667,5,0
498662,498662,498666,4,0
498662,498662,498667,5,0
498672,498672,498673,1,0
498672,498672,498673,1,0
498672,498672,498673,1,0
498672,498672,498673,1,0
498672,498672,498673,1,0
498672,498672,498673,1,0
498672,498672,498673,1,0
498672,498672,498673,1,0
498672,498672,498673,1,0
498672,498672,498673,1,0
498672,498672,498673,1,0
498672,498672,498673,1,0
498672,498672,498673,1,0
498672,498672,498673,1,0
498672,498672,498673,1,0
498672,498672,498673,1,0
498672,498672,498673,1,0
498672,498672,498674,2,0
498672,498672,498673,1,0
498672,498672,498673,1,0
498672,498672,498673,1,0
498672,498672,498675,3,0
498672,498672,498674,2,0
498672,498672,498674,2,0
498672,498672,498675,3,0
498672,498672,498675,3,0
498672,498672,498675,3,0
498672,498672,498676,4,0
498672,498672,498676,4,0
498672,498672,498676,4,0
498672,498672,498677,5,0
498682,498682,498683,1,0
498682,498682,498683,1,0
498682,498682,498683,1,0
498682,498682,498683,1,0
498682,498682,498683,1,0
498682,498682,498683,1,0
498682,498682,498683,1,0
498682,498682,498683,1,0
498682,498682,498683,1,0
498682,498682,498683,1,0
498682,498682,498683,1,0
498682,498682,498683,1,0
498682,498682,498683,1,0
498682,498682,498684,2,0
498682,498682,498685,3,0
498682,498682,498685,3,0
498682,498682,498684,2,0
498682,498682,498684,2,0
498682,498682,498686,4,0
498691,498691,498692,1,0
498691,498691,498692,1,0
498691,498691,498692,1,0
498691,498691,498692,1,0
498691,498691,498692,1,0
498691,498691,498692,1,0
498691,498691,498692,1,0
498691,498691,498692,1,0
498691,498691,498692,1,0
498691,498691,498692,1,0
498691,498691,498692,1,0
498691,498691,498692,1,0
498691,498691,498692,1,0
498691,498691,498692,1,0
498691,498691,498692,1,0
498691,498691,498692,1,0
498691,498691,498692,1,0
498691,498691,498692,1,0
498691,498691,498692,1,0
498691,498691,498692,1,0
498691,498691,498692,1,0
498691,498691,498692,1,0
498691,498691,498692,1,0
498691,498691,498692,1,0
498691,498691,498692,1,0
498691,498691,498692,1,0
498691,498691,498692,1,0
498691,498691,498692,1,0
498691,498691,498693,2,0
498691,498691,498692,1,0
498697,498697,498698,1,0
498697,498697,498698,1,0
498697,498697,498698,1,0
498697,498697,498698,1,0
498697,498697,498698,1,0
498697,498697,498698,1,0
498697,498697,498698,1,0
498697,498697,498698,1,0
498697,498697,498698,1,0
498697,498697,498698,1,0
498697,498697,498698,1,0
498697,498697,498698,1,0
498697,498697,498698,1,0
498697,498697,498698,1,0
498697,498697,498698,1,0
498697,498697,498698,1,0
498697,498697,498698,1,0
498697,498697,498698,1,0
498697,498697,498698,1,0
498697,498697,498698,1,0
498703,498703,498704,1,0
498703,498703,498704,1,0
498703,498703,498704,1,0
498703,498703,498704,1,0
498703,498703,498704,1,0
498703,498703,498704,1,0
498707,498707,498708,1,0
498707,498707,498708,1,0
498707,498707,498708,1,0
498711,498711,498712,1,0
498711,498711,498712,1,0
498922,498922,498923,1,0
498922,498922,498923,1,0
498922,498922,498923,1,0
498922,498922,498923,1,0
498922,498922,498924,2,0
498922,498922,498923,1,0
498922,498922,498923,1,0
498922,498922,498923,1,0
498922,498922,498923,1,0
498922,498922,498923,1,0
498922,498922,498923,1,0
498922,498922,498924,2,0
498922,498922,498923,1,0
498922,498922,498923,1,0
498922,498922,498924,2,0
498922,498922,498925,3,0
498922,498922,498925,3,0
498922,498922,498925,3,0
498922,498922,498926,4,0
498922,498922,498925,3,0
498930,498930,498931,1,0
498930,498930,498931,1,0
498930,498930,498931,1,0
498930,498930,498931,1,0
498930,498930,498931,1,0
498930,498930,498931,1,0
498930,498930,498931,1,0
498930,498930,498931,1,0
498930,498930,498931,1,0
498930,498930,498932,2,0
498930,498930,498932,2,0
498930,498930,498932,2,0
498930,498930,498932,2,0
498930,498930,498932,2,0
498930,498930,498932,2,0
498930,498930,498932,2,0
498930,498930,498932,2,0
498930,498930,498932,2,0
498930,498930,498932,2,0
498930,498930,498932,2,0
498930,498930,498933,3,0
498930,498930,498933,3,0
498930,498931,498933,2,1
498930,498930,498933,3,0
498930,498930,498934,4,0
498930,498930,498934,4,0
498930,498930,498934,4,0
498930,498930,498935,5,0
498930,498930,498935,5,0
498930,498930,498935,5,0
498941,498941,498942,1,0
498941,498941,498942,1,0
498941,498941,498942,1,0
498941,498941,498942,1,0
498941,498941,498942,1,0
498941,498941,498942,1,0
498941,498941,498942,1,0
498941,498941,498942,1,0
498941,498941,498942,1,0
498941,498941,498942,1,0
498941,498941,498943,2,0
498941,498941,498943,2,0
498941,498941,498944,3,0
498941,498941,498944,3,0
498941,498941,498944,3,0
498941,498941,498945,4,0
498941,498941,498944,3,0
498941,498941,498944,3,0
498941,498941,498945,4,0
498941,498941,498945,4,0
498950,498950,498951,1,0
498950,498950,498951,1,0
498950,498950,498951,1,0
498950,498950,498951,1,0
498950,498950,498951,1,0
498950,498950,498951,1,0
498950,498950,498951,1,0
498950,498950,498951,1,0
498950,498950,498951,1,0
498950,498950,498951,1,0
498950,498950,498951,1,0
498950,498950,498951,1,0
498950,498950,498951,1,0
498950,498950,498951,1,0
498950,498950,498952,2,0
498950,498950,498952,2,0
498950,498950,498951,1,0
498950,498950,498951,1,0
498950,498950,498951,1,0
498950,498950,498952,2,0
498950,498950,498953,3,0
498950,498950,498952,2,0
498950,498950,498952,2,0
498950,498950,498953,3,0
498950,498950,498953,3,0
498950,498950,498953,3,0
498950,498950,498953,3,0
498950,498950,498954,4,0
498950,498950,498954,4,0
498950,498950,498954,4,0
498961,498961,498962,1,0
498961,498961,498962,1,0
498961,498961,498962,1,0
498961,498961,498962,1,0
498961,498961,498962,1,0
498961,498961,498962,1,0
498961,498961,498962,1,0
498961,498961,498962,1,0
498961,498961,498962,1,0
498961,498961,498962,1,0
498961,498961,498962,1,0
498961,498961,498962,1,0
498961,498961,498962,1,0
498961,498961,498962,1,0
498961,498961,498962,1,0
498961,498961,498962,1,0
498961,498961,498963,2,0
498961,498961,498963,2,0
498961,498961,498962,1,0
498961,498961,498963,2,0
498961,498961,498963,2,0
498961,498961,498963,2,0
498961,498961,498963,2,0
498961,498961,498963,2,0
498961,498961,498964,3,0
498961,498961,498964,3,0
498961,498961,498965,4,0
498961,498961,498964,3,0
498961,498961,498965,4,0
498961,498961,498965,4,0
498976,498977,498978,1,1
498976,498977,498978,1,1
498976,498977,498978,1,1
498976,498977,498978,1,1
498976,498977,498978,1,1
498976,498977,498978,1,1
498976,498977,498979,2,1
498976,498977,498979,2,1
498976,498977,498980,3,1
498976,498977,498980,3,1
498985,498985,498986,1,0
498985,498985,498986,1,0
498985,498985,498986,1,0
498985,498985,498986,1,0
498985,498985,498986,1,0
498985,498985,498986,1,0
498985,498985,498986,1,0
498985,498985,498986,1,0
498985,498985,498986,1,0
498985,498985,498986,1,0
498985,498985,498986,1,0
498985,498985,498986,1,0
498985,498985,498986,1,0
498985,498985,498986,1,0
498985,498985,498986,1,0
498985,498985,498986,1,0
498985,498985,498986,1,0
498985,498985,498986,1,0
498985,498985,498986,1,0
498985,498985,498986,1,0
498985,498985,498986,1,0
498985,498985,498986,1,0
498985,498985,498986,1,0
498985,498985,498986,1,0
498985,498985,498986,1,0
498985,498985,498986,1,0
498985,498985,498986,1,0
498985,498985,498987,2,0
498985,498985,498986,1,0
498985,498985,498987,2,0
498992,498992,498993,1,0
498992,498992,498993,1,0
498992,498992,498993,1,0
498992,498992,498993,1,0
498992,498992,498993,1,0
498992,498992,498993,1,0
498992,498992,498993,1,0
498992,498992,498993,1,0
498992,498992,498993,1,0
499001,499001,499002,1,0
499001,499001,499002,1,0
499001,499001,499002,1,0
499001,499001,499002,1,0
499001,499001,499002,1,0
499001,499001,499002,1,0
499001,499001,499002,1,0
499001,499001,499002,1,0
499001,499001,499002,1,0
499001,499001,499002,1,0
499001,499001,499002,1,0
499001,499001,499002,1,0
499001,499001,499002,1,0
499001,499001,499002,1,0
499001,499001,499002,1,0
499001,499001,499002,1,0
499001,499001,499002,1,0
499001,499001,499002,1,0
499001,499001,499002,1,0
499001,499001,499002,1,0
499001,499001,499002,1,0
499001,499001,499002,1,0
499001,499001,499002,1,0
499001,499001,499002,1,0
499001,499001,499002,1,0
499001,499001,499002,1,0
499001,499001,499002,1,0
499001,499001,499002,1,0
499001,499001,499002,1,0
499001,499001,499002,1,0
499005,499005,499006,1,0
499005,499005,499006,1,0
499005,499005,499006,1,0
499005,499005,499006,1,0
499005,499005,499006,1,0
499005,499005,499006,1,0
499005,499005,499006,1,0
499005,499005,499006,1,0
499005,499005,499006,1,0
499005,499005,499006,1,0
499005,499005,499006,1,0
499005,499005,499006,1,0
499005,499005,499006,1,0
499005,499005,499006,1,0
499005,499005,499006,1,0
499005,499005,499006,1,0
499005,499005,499006,1,0
499005,499005,499006,1,0
499005,499005,499006,1,0
499005,499005,499006,1,0
499005,499005,499006,1,0
499005,499005,499006,1,0
499005,499005,499006,1,0
499005,499005,499006,1,0
499005,499005,499006,1,0
499180,499181,499182,1,1
499180,499181,499182,1,1
499180,499181,499182,1,1
499180,499181,499182,1,1
499180,499181,499182,1,1
499180,499181,499182,1,1
499180,499181,499182,1,1
499180,499181,499182,1,1
499180,499181,499182,1,1
499180,499181,499183,2,1
499180,499181,499183,2,1
499180,499181,499184,3,1
499180,499181,499184,3,1
499180,499181,499184,3,1
499180,499181,499184,3,1
499180,499181,499185,4,1
499190,499190,499191,1,0
499190,499190,499191,1,0
499190,499190,499191,1,0
499190,499190,499191,1,0
499190,499190,499191,1,0
499190,499190,499191,1,0
499190,499190,499191,1,0
499190,499190,499191,1,0
499190,499190,499191,1,0
499190,499190,499191,1,0
499190,499190,499191,1,0
499190,499190,499191,1,0
499190,499190,499191,1,0
499190,499190,499191,1,0
499190,499190,499191,1,0
499190,499190,499192,2,0
499190,499190,499192,2,0
499190,499190,499192,2,0
499190,499190,499192,2,0
499190,499190,499191,1,0
499190,499190,499192,2,0
499190,499190,499193,3,0
499190,499190,499193,3,0
499190,499190,499193,3,0
499190,499190,499194,4,0
499190,499190,499193,3,0
499190,499190,499194,4,0
499190,499190,499194,4,0
499190,499190,499195,5,0
499190,499190,499195,5,0
499190,499190,499195,5,0
499200,499200,499201,1,0
499200,499200,499201,1,0
499200,499200,499201,1,0
499200,499200,499201,1,0
499200,499200,499201,1,0
499200,499200,499201,1,0
499200,499200,499201,1,0
499200,499200,499201,1,0
499200,499200,499201,1,0
499200,499200,499201,1,0
499200,499200,499201,1,0
499200,499200,499201,1,0
499200,499200,499201,1,0
499200,499200,499202,2,0
499200,499200,499201,1,0
499200,499200,499202,2,0
499200,499200,499201,1,0
499200,499200,499202,2,0
499200,499200,499201,1,0
499200,499200,499201,1,0
499200,499200,499202,2,0
499200,499200,499203,3,0
499200,499200,499203,3,0
499200,499200,499204,4,0
499200,499200,499204,4,0
499200,499200,499203,3,0
499200,499200,499205,5,0
499200,499200,499205,5,0
499200,499200,499205,5,0
499200,499200,499205,5,0
499200,499200,499205,5,0
499215,499215,499216,1,0
499215,499215,499216,1,0
499215,499215,499216,1,0
499215,499215,499216,1,0
499215,499215,499216,1,0
499215,499215,499216,1,0
499215,499215,499216,1,0
499215,499215,499216,1,0
499215,499215,499216,1,0
499215,499215,499217,2,0
499215,499215,499217,2,0
499215,499215,499218,3,0
499215,499215,499218,3,0
499215,499215,499218,3,0
499215,499215,499219,4,0
499215,499215,499219,4,0
499215,499215,499219,4,0
499215,499215,499219,4,0
499215,499215,499219,4,0
499224,499224,499225,1,0
499224,499224,499225,1,0
499224,499225,499226,1,1
499224,499224,499225,1,0
499224,499224,499226,2,0
499224,499225,499226,1,1
499224,499224,499226,2,0
499224,499224,499226,2,0
499224,499225,499226,1,1
499224,499225,499226,1,1
499224,499224,499226,2,0
499224,499225,499227,2,1
499224,499225,499227,2,1
499224,499224,499228,4,0
499224,499225,499229,4,1
499224,499225,499228,3,1
499224,499225,499229,4,1
499224,499225,499229,4,1
499224,499225,499229,4,1
499235,499235,499236,1,0
499235,499235,499236,1,0
499235,499235,499236,1,0
499235,499235,499236,1,0
499235,499235,499236,1,0
499235,499235,499236,1,0
499235,499235,499236,1,0
499235,499235,499237,2,0
499235,499235,499238,3,0
499235,499235,499237,2,0
499235,499235,499237,2,0
499235,499235,499238,3,0
499242,499242,499243,1,0
499242,499242,499243,1,0
499242,499242,499243,1,0
499242,499242,499243,1,0
499242,499242,499243,1,0
499242,499242,499243,1,0
499242,499242,499243,1,0
499242,499242,499243,1,0
499242,499242,499243,1,0
499242,499242,499243,1,0
499242,499242,499243,1,0
499242,499242,499243,1,0
499242,499242,499243,1,0
499242,499242,499243,1,0
499242,499242,499243,1,0
499242,499242,499243,1,0
499242,499242,499243,1,0
499242,499242,499243,1,0
499242,499242,499243,1,0
499242,499242,499243,1,0
499242,499242,499243,1,0
499242,499242,499243,1,0
499242,499242,499243,1,0
499242,499242,499244,2,0
499242,499242,499244,2,0
499242,499242,499244,2,0
499242,499242,499244,2,0
499242,499242,499244,2,0
499248,499248,499249,1,0
499248,499248,499249,1,0
499248,499248,499249,1,0
499248,499248,499249,1,0
499248,499248,499249,1,0
499248,499248,499249,1,0
499248,499248,499249,1,0
499248,499248,499249,1,0
499248,499248,499249,1,0
499248,499248,499249,1,0
499248,499248,499249,1,0
499248,499248,499249,1,0
499248,499248,499249,1,0
499248,499248,499249,1,0
499248,499248,499249,1,0
499248,499248,499249,1,0
499248,499248,499249,1,0
499248,499248,499249,1,0
499248,499248,499249,1,0
499248,499248,499249,1,0
499248,499248,499249,1,0
499248,499248,499249,1,0
499248,499248,499249,1,0
499248,499248,499249,1,0
499248,499248,499249,1,0
499248,499248,499249,1,0
499248,499248,499249,1,0
499248,499248,499249,1,0
499248,499248,499249,1,0
499248,499248,499249,1,0
499248,499248,499249,1,0
499254,499254,499255,1,0
499254,499254,499255,1,0
499254,499254,499255,1,0
499254,499254,499255,1,0
499254,499254,499255,1,0
499254,499254,499255,1,0
499254,499254,499255,1,0
499254,499254,499255,1,0
499254,499254,499255,1,0
499258,499258,499259,1,0
499258,499258,499259,1,0
499258,499258,499259,1,0
499258,499258,499259,1,0
499258,499258,499259,1,0
499258,499258,499259,1,0
499258,499258,499259,1,0
499258,499258,499259,1,0
499258,499258,499259,1,0
499258,499258,499259,1,0
499258,499258,499259,1,0
499258,499258,499259,1,0
499258,499258,499259,1,0
499258,499258,499259,1,0
499263,499263,499264,1,0
499263,499263,499264,1,0
499263,499263,499264,1,0
499263,499263,499264,1,0
499263,499263,499264,1,0
499263,499263,499264,1,0
499263,499263,499264,1,0
499263,499263,499264,1,0
499263,499263,499264,1,0
499263,499263,499264,1,0
499263,499263,499264,1,0
499263,499263,499264,1,0
499263,499263,499264,1,0
499263,499263,499264,1,0
499263,499263,499264,1,0
499263,499263,499264,1,0
499263,499263,499264,1,0
499487,499490,500255,765,3
500253,500257,500283,26,4
500432,500434,500685,251,2
500705,500705,500706,1,0
500705,500705,500706,1,0
500705,500705,500706,1,0
500705,500705,500706,1,0
500705,500705,500706,1,0
500705,500705,500706,1,0
500705,500705,500706,1,0
500705,500705,500706,1,0
500705,500705,500706,1,0
500705,500705,500706,1,0
500705,500705,500706,1,0
500705,500705,500706,1,0
500705,500705,500706,1,0
500705,500705,500706,1,0
500705,500705,500706,1,0
500705,500705,500707,2,0
500705,500705,500706,1,0
500705,500705,500706,1,0
500705,500705,500707,2,0
500705,500705,500707,2,0
500705,500705,500707,2,0
500705,500705,500706,1,0
500705,500705,500707,2,0
500705,500705,500707,2,0
500705,500705,500708,3,0
500705,500705,500707,2,0
500705,500705,500708,3,0
500705,500705,500709,4,0
500705,500705,500709,4,0
500705,500705,500709,4,0
500705,500705,500709,4,0
500714,500714,500715,1,0
500714,500714,500715,1,0
500714,500714,500715,1,0
500714,500714,500715,1,0
500714,500714,500715,1,0
500714,500714,500715,1,0
500714,500714,500715,1,0
500714,500714,500715,1,0
500714,500714,500715,1,0
500714,500714,500715,1,0
500714,500714,500716,2,0
500714,500714,500716,2,0
500714,500714,500715,1,0
500714,500714,500716,2,0
500714,500714,500716,2,0
500714,500714,500715,1,0
500714,500714,500715,1,0
500714,500714,500715,1,0
500714,500714,500715,1,0
500714,500714,500716,2,0
500714,500714,500717,3,0
500714,500714,500717,3,0
500714,500714,500717,3,0
500714,500714,500717,3,0
500714,500714,500718,4,0
500714,500714,500718,4,0
500714,500714,500718,4,0
500714,500714,500718,4,0
500714,500714,500718,4,0
500725,500725,500726,1,0
500725,500725,500726,1,0
500725,500725,500726,1,0
500725,500725,500726,1,0
500725,500725,500726,1,0
500725,500725,500726,1,0
500725,500725,500726,1,0
500725,500725,500726,1,0
500725,500725,500726,1,0
500725,500725,500726,1,0
500725,500725,500726,1,0
500725,500725,500726,1,0
500725,500725,500726,1,0
500725,500725,500726,1,0
500725,500725,500726,1,0
500725,500725,500726,1,0
500725,500725,500726,1,0
500725,500725,500726,1,0
500725,500725,500727,2,0
500725,500725,500727,2,0
500725,500725,500727,2,0
500725,500725,500727,2,0
500725,500725,500727,2,0
500725,500725,500729,4,0
500725,500725,500728,3,0
500725,500725,500729,4,0
500725,500725,500729,4,0
500725,500725,500730,5,0
500725,500725,500730,5,0
500725,500725,500730,5,0
500725,500725,500729,4,0
500738,500738,500739,1,0
500738,500738,500739,1,0
500738,500738,500739,1,0
500738,500738,500739,1,0
500738,500738,500739,1,0
500738,500738,500739,1,0
500738,500738,500739,1,0
500738,500738,500739,1,0
500738,500738,500739,1,0
500738,500738,500739,1,0
500738,500738,500739,1,0
500738,500738,500739,1,0
500738,500738,500739,1,0
500738,500738,500740,2,0
500738,500738,500739,1,0
500738,500738,500739,1,0
500738,500738,500740,2,0
500738,500738,500740,2,0
500738,500738,500740,2,0
500738,500738,500741,3,0
500738,500738,500741,3,0
500738,500738,500740,2,0
500738,500738,500742,4,0
500738,500738,500741,3,0
500738,500738,500742,4,0
500738,500738,500742,4,0
500738,500738,500742,4,0
500750,500750,500751,1,0
500750,500750,500751,1,0
500750,500750,500751,1,0
500750,500750,500751,1,0
500750,500750,500751,1,0
500750,500750,500751,1,0
500750,500750,500751,1,0
500750,500750,500751,1,0
500750,500750,500751,1,0
500750,500750,500751,1,0
500750,500750,500751,1,0
500750,500750,500751,1,0
500750,500750,500751,1,0
500750,500750,500751,1,0
500750,500750,500751,1,0
500750,500750,500752,2,0
500750,500750,500751,1,0
500750,500750,500751,1,0
500750,500750,500752,2,0
500750,500750,500753,3,0
500750,500750,500753,3,0
500750,500750,500754,4,0
500750,500750,500753,3,0
500750,500750,500753,3,0
500750,500750,500754,4,0
500760,500760,500761,1,0
500760,500760,500761,1,0
500760,500760,500761,1,0
500760,500760,500761,1,0
500760,500760,500761,1,0
500760,500760,500761,1,0
500760,500760,500761,1,0
500760,500760,500761,1,0
500760,500760,500761,1,0
500760,500760,500761,1,0
500760,500760,500761,1,0
500760,500760,500761,1,0
500760,500760,500761,1,0
500760,500760,500761,1,0
500760,500760,500761,1,0
500760,500760,500761,1,0
500760,500760,500761,1,0
500760,500760,500761,1,0
500760,500760,500761,1,0
500760,500760,500761,1,0
500760,500760,500761,1,0
500760,500760,500761,1,0
500760,500760,500761,1,0
500760,500760,500762,2,0
500760,500760,500761,1,0
500760,500760,500761,1,0
500760,500760,500762,2,0
500760,500760,500761,1,0
500760,500760,500762,2,0
500760,500760,500762,2,0
500760,500760,500763,3,0
500767,500767,500768,1,0
500767,500767,500768,1,0
500767,500767,500768,1,0
500767,500767,500768,1,0
500767,500767,500768,1,0
500767,500767,500768,1,0
500767,500767,500768,1,0
500767,500767,500768,1,0
500767,500767,500768,1,0
500767,500767,500768,1,0
500767,500767,500768,1,0
500767,500767,500768,1,0
500767,500767,500768,1,0
500767,500767,500768,1,0
500767,500767,500768,1,0
500767,500767,500768,1,0
500767,500767,500768,1,0
500767,500767,500768,1,0
500767,500767,500768,1,0
500767,500767,500768,1,0
500767,500767,500768,1,0
500767,500767,500768,1,0
500767,500767,500768,1,0
500767,500767,500768,1,0
500767,500767,500768,1,0
500767,500767,500768,1,0
500767,500767,500768,1,0
500767,500767,500768,1,0
500767,500767,500769,2,0
500767,500767,500769,2,0
500767,500767,500769,2,0
500773,500773,500774,1,0
500773,500773,500774,1,0
500773,500773,500774,1,0
500773,500773,500774,1,0
500773,500773,500774,1,0
500773,500773,500774,1,0
500773,500773,500774,1,0
500773,500773,500774,1,0
500773,500773,500774,1,0
500773,500773,500774,1,0
500773,500773,500774,1,0
500773,500773,500774,1,0
500777,500777,500778,1,0
500777,500777,500778,1,0
500777,500777,500778,1,0
500777,500777,500778,1,0
500777,500777,500778,1,0
500777,500777,500778,1,0
500777,500777,500778,1,0
500777,500777,500778,1,0
500777,500777,500778,1,0
500777,500777,500778,1,0
500777,500777,500778,1,0
500777,500777,500778,1,0
500722,500724,500778,54,2
500781,500781,500782,1,0
500781,500781,500782,1,0
500781,500781,500782,1,0
500781,500781,500782,1,0
500781,500781,500782,1,0
500781,500781,500782,1,0
500781,500781,500782,1,0
500781,500781,500782,1,0
500781,500781,500782,1,0
500781,500781,500782,1,0
500781,500781,500782,1,0
500781,500781,500782,1,0
500781,500781,500782,1,0
500781,500781,500782,1,0
500781,500781,500782,1,0
500781,500781,500782,1,0
500781,500781,500782,1,0
500781,500781,500782,1,0
500781,500781,500782,1,0
500781,500781,500782,1,0
500781,500781,500782,1,0
500781,500781,500782,1,0
500781,500781,500782,1,0
500781,500781,500782,1,0
500781,500781,500782,1,0
500781,500781,500782,1,0
500781,500781,500782,1,0
500781,500781,500782,1,0
500781,500781,500782,1,0
500781,500781,500782,1,0
500781,500781,500782,1,0
500777,500779,500786,7,2
500786,500786,500787,1,0
500786,500786,500787,1,0
500786,500786,500787,1,0
500786,500786,500787,1,0
500786,500786,500787,1,0
500786,500786,500787,1,0
500786,500786,500787,1,0
500786,500786,500787,1,0
500786,500786,500787,1,0
500786,500786,500787,1,0
500786,500786,500787,1,0
500786,500786,500787,1,0
500786,500786,500787,1,0
500786,500786,500787,1,0
500786,500786,500787,1,0
500786,500786,500787,1,0
500786,500786,500787,1,0
500786,500786,500787,1,0
500786,500786,500787,1,0
500786,500786,500787,1,0
500786,500786,500787,1,0
500786,500786,500787,1,0
500786,500786,500787,1,0
500786,500786,500787,1,0
500786,500786,500787,1,0
500786,500786,500787,1,0
500786,500786,500787,1,0
500786,500786,500787,1,0
500786,500786,500787,1,0
500786,500786,500787,1,0
500786,500786,500787,1,0
500782,500789,500821,32,7
500820,500822,500827,5,2
500861,500863,500888,25,2
500959,500959,500960,1,0
500959,500959,500960,1,0
500959,500959,500960,1,0
500959,500959,500960,1,0
500959,500959,500960,1,0
500959,500959,500960,1,0
500959,500959,500960,1,0
500959,500959,500960,1,0
500959,500959,500960,1,0
500959,500959,500960,1,0
500959,500959,500960,1,0
500959,500959,500961,2,0
500959,500959,500960,1,0
500959,500959,500960,1,0
500959,500959,500960,1,0
500959,500959,500960,1,0
500959,500959,500960,1,0
500959,500959,500961,2,0
500959,500959,500960,1,0
500959,500959,500961,2,0
500959,500959,500963,4,0
500959,500959,500962,3,0
500959,500959,500962,3,0
500959,500959,500963,4,0
500959,500959,500963,4,0
500959,500959,500963,4,0
500968,500968,500969,1,0
500968,500968,500969,1,0
500968,500968,500969,1,0
500968,500968,500969,1,0
500968,500968,500969,1,0
500968,500968,500969,1,0
500968,500968,500969,1,0
500968,500968,500970,2,0
500968,500968,500970,2,0
500968,500968,500970,2,0
500968,500969,500970,1,1
500968,500968,500970,2,0
500968,500968,500970,2,0
500968,500968,500970,2,0
500968,500968,500970,2,0
500968,500968,500970,2,0
500968,500968,500970,2,0
500968,500968,500970,2,0
500968,500969,500970,1,1
500968,500968,500971,3,0
500968,500968,500971,3,0
500968,500968,500972,4,0
500968,500968,500972,4,0
500968,500968,500972,4,0
500968,500969,500972,3,1
500968,500968,500973,5,0
500968,500968,500973,5,0
500968,500968,500973,5,0
500968,500968,500973,5,0
500979,500979,500980,1,0
500979,500979,500980,1,0
500979,500979,500980,1,0
500979,500979,500980,1,0
500979,500979,500980,1,0
500979,500979,500980,1,0
500979,500979,500980,1,0
500979,500979,500980,1,0
500979,500979,500980,1,0
500979,500979,500980,1,0
500979,500979,500980,1,0
500979,500979,500980,1,0
500979,500979,500980,1,0
500979,500979,500980,1,0
500979,500979,500981,2,0
500979,500979,500981,2,0
500979,500979,500980,1,0
500979,500979,500981,2,0
500979,500979,500981,2,0
500979,500979,500981,2,0
500979,500979,500982,3,0
500979,500979,500982,3,0
500979,500979,500983,4,0
500979,500979,500983,4,0
500979,500979,500983,4,0
500979,500979,500983,4,0
500979,500979,500983,4,0
500979,500979,500983,4,0
500990,500990,500991,1,0
500990,500990,500991,1,0
500990,500990,500991,1,0
500990,500990,500991,1,0
500990,500990,500991,1,0
500990,500990,500991,1,0
500990,500990,500991,1,0
500990,500990,500991,1,0
500990,500990,500991,1,0
500990,500990,500991,1,0
500990,500990,500991,1,0
500990,500990,500991,1,0
500990,500990,500991,1,0
500990,500990,500991,1,0
500990,500990,500991,1,0
500990,500990,500991,1,0
500990,500990,500991,1,0
500990,500990,500992,2,0
500990,500990,500991,1,0
500990,500990,500992,2,0
500990,500990,500991,1,0
500990,500990,500993,3,0
500990,500990,500993,3,0
500990,500990,500992,2,0
500990,500990,500993,3,0
500990,500990,500993,3,0
500990,500990,500994,4,0
500990,500990,500994,4,0
500990,500990,500994,4,0
500990,500990,500994,4,0
500990,500990,500995,5,0
501001,501001,501002,1,0
501001,501001,501002,1,0
501001,501001,501002,1,0
501001,501001,501002,1,0
501001,501001,501002,1,0
501001,501001,501002,1,0
501001,501001,501002,1,0
501001,501001,501004,3,0
501001,501001,501003,2,0
501001,501001,501003,2,0
501001,501001,501004,3,0
501001,501001,501005,4,0
501001,501001,501004,3,0
501001,501001,501005,4,0
501010,501010,501011,1,0
501010,501010,501011,1,0
501010,501010,501011,1,0
501010,501010,501011,1,0
501010,501010,501011,1,0
501010,501010,501011,1,0
501010,501010,501011,1,0
501010,501010,501011,1,0
501010,501010,501011,1,0
501010,501010,501011,1,0
501010,501010,501011,1,0
501010,501010,501011,1,0
501010,501010,501011,1,0
501010,501010,501011,1,0
501010,501010,501011,1,0
501010,501010,501011,1,0
501010,501010,501011,1,0
501010,501010,501011,1,0
501010,501010,501011,1,0
501010,501010,501012,2,0
501010,501010,501011,1,0
501010,501010,501011,1,0
501010,501010,501011,1,0
501010,501010,501011,1,0
501010,501010,501012,2,0
501010,501010,501013,3,0
501010,501010,501012,2,0
501010,501010,501013,3,0
501018,501018,501019,1,0
501018,501018,501019,1,0
501018,501018,501019,1,0
501018,501018,501019,1,0
501018,501018,501019,1,0
501018,501018,501019,1,0
501018,501018,501019,1,0
501018,501018,501019,1,0
501018,501018,501019,1,0
501018,501018,501019,1,0
501024,501024,501025,1,0
501024,501024,501025,1,0
501024,501024,501025,1,0
501024,501024,501025,1,0
501024,501024,501025,1,0
501024,501024,501025,1,0
501024,501024,501025,1,0
501024,501024,501025,1,0
501024,501024,501025,1,0
501024,501024,501025,1,0
501024,501024,501025,1,0
501024,501024,501025,1,0
501024,501024,501025,1,0
501024,501024,501025,1,0
501024,501024,501025,1,0
501024,501024,501025,1,0
501024,501024,501025,1,0
501024,501024,501025,1,0
501024,501024,501025,1,0
501024,501024,501025,1,0
501024,501024,501025,1,0
501024,501024,501025,1,0
501024,501024,501025,1,0
501024,501024,501025,1,0
501029,501029,501030,1,0
501029,501029,501030,1,0
501029,501029,501030,1,0
501029,501029,501030,1,0
501029,501029,501030,1,0
501029,501029,501030,1,0
501029,501029,501030,1,0
501029,501029,501030,1,0
501029,501029,501030,1,0
501029,501029,501030,1,0
501029,501029,501030,1,0
501034,501034,501035,1,0
501034,501034,501035,1,0
501034,501034,501035,1,0
501034,501034,501035,1,0
501034,501034,501035,1,0
501034,501034,501035,1,0
501034,501034,501035,1,0
501034,501034,501035,1,0
501034,501034,501035,1,0
501034,501034,501035,1,0
501034,501034,501035,1,0
501034,501034,501035,1,0
501034,501034,501035,1,0
501034,501034,501035,1,0
501034,501034,501035,1,0
501034,501034,501035,1,0
501034,501034,501035,1,0
501034,501034,501035,1,0
501034,501034,501035,1,0
501034,501034,501035,1,0
501034,501034,501035,1,0
501034,501034,501035,1,0
501034,501034,501035,1,0
501034,501034,501035,1,0
501034,501034,501035,1,0
501034,501034,501035,1,0
501034,501034,501035,1,0
501039,501039,501040,1,0
501039,501039,501040,1,0
501039,501039,501040,1,0
501039,501039,501040,1,0
501039,501039,501040,1,0
501039,501039,501040,1,0
501039,501039,501040,1,0
501039,501039,501040,1,0
501039,501039,501040,1,0
501039,501039,501040,1,0
501039,501039,501040,1,0
501039,501039,501040,1,0
501039,501039,501040,1,0
501039,501039,501040,1,0
501039,501039,501040,1,0
501039,501039,501040,1,0
501039,501039,501040,1,0
501039,501039,501040,1,0
501039,501039,501040,1,0
501039,501039,501040,1,0
501039,501039,501040,1,0
501039,501039,501040,1,0
501039,501039,501040,1,0
501039,501039,501040,1,0
501039,501039,501040,1,0
501039,501039,501040,1,0
501039,501039,501040,1,0
501039,501039,501040,1,0
501039,501039,501040,1,0
501213,501213,501214,1,0
501213,501213,501214,1,0
501213,501213,501214,1,0
501213,501213,501214,1,0
501213,501213,501214,1,0
501213,501213,501214,1,0
501213,501213,501214,1,0
501213,501213,501214,1,0
501213,501213,501214,1,0
501213,501213,501214,1,0
501213,501213,501214,1,0
501213,501213,501214,1,0
501213,501213,501214,1,0
501213,501213,501214,1,0
501213,501213,501214,1,0
501213,501213,501214,1,0
501213,501213,501215,2,0
501213,501213,501215,2,0
501213,501213,501215,2,0
501213,501213,501215,2,0
501213,501213,501215,2,0
501213,501213,501215,2,0
501213,501213,501215,2,0
501213,501213,501216,3,0
501213,501213,501216,3,0
501213,501213,501216,3,0
501213,501213,501217,4,0
501213,501213,501217,4,0
501213,501213,501217,4,0
501213,501213,501217,4,0
501213,501213,501218,5,0
501224,501224,501225,1,0
501224,501224,501225,1,0
501224,501224,501225,1,0
501224,501224,501225,1,0
501224,501224,501225,1,0
501224,501224,501225,1,0
501224,501224,501226,2,0
501224,501224,501225,1,0
501224,501224,501226,2,0
501224,501224,501225,1,0
501224,501224,501225,1,0
501224,501224,501225,1,0
501224,501224,501226,2,0
501224,501224,501225,1,0
501224,501224,501225,1,0
501224,501224,501226,2,0
501224,501224,501226,2,0
501224,501224,501226,2,0
501224,501224,501225,1,0
501224,501224,501226,2,0
501224,501224,501227,3,0
501224,501224,501227,3,0
501224,501224,501227,3,0
501224,501224,501227,3,0
501224,501224,501228,4,0
501224,501224,501228,4,0
501224,501224,501228,4,0
501224,501224,501228,4,0
501224,501224,501229,5,0
501224,501224,501229,5,0
501235,501235,501236,1,0
501235,501235,501236,1,0
501235,501235,501236,1,0
501235,501235,501236,1,0
501235,501235,501236,1,0
501235,501235,501236,1,0
501235,501235,501236,1,0
501235,501235,501236,1,0
501235,501235,501236,1,0
501235,501235,501236,1,0
501235,501235,501236,1,0
501235,501235,501236,1,0
501235,501235,501236,1,0
501235,501235,501237,2,0
501235,501235,501236,1,0
501235,501235,501237,2,0
501235,501235,501236,1,0
501235,501235,501236,1,0
501235,501235,501237,2,0
501235,501235,501236,1,0
501235,501235,501237,2,0
501235,501235,501238,3,0
501235,501235,501238,3,0
501235,501235,501238,3,0
501235,501235,501239,4,0
501235,501235,501239,4,0
501235,501235,501239,4,0
501235,501235,501239,4,0
501235,501235,501239,4,0
501235,501235,501240,5,0
501235,501235,501239,4,0
501245,501245,501246,1,0
501245,501245,501246,1,0
501245,501245,501246,1,0
501245,501245,501246,1,0
501245,501245,501246,1,0
501245,501245,501246,1,0
501245,501245,501246,1,0
501245,501245,501246,1,0
501245,501245,501246,1,0
501245,501245,501246,1,0
501245,501245,501246,1,0
501245,501245,501246,1,0
501245,501245,501246,1,0
501245,501245,501246,1,0
501245,501245,501246,1,0
501245,501245,501246,1,0
501245,501245,501246,1,0
501245,501245,501247,2,0
501245,501245,501246,1,0
501245,501245,501247,2,0
501245,501245,501247,2,0
501245,501245,501247,2,0
501245,501245,501248,3,0
501245,501245,501247,2,0
501245,501245,501249,4,0
501245,501245,501249,4,0
501245,501245,501249,4,0
501245,501245,501249,4,0
501245,501245,501248,3,0
501245,501245,501249,4,0
501245,501245,501250,5,0
501256,501256,501257,1,0
501256,501256,501257,1,0
501256,501256,501257,1,0
501256,501256,501257,1,0
501256,501256,501257,1,0
501256,501256,501257,1,0
501256,501256,501257,1,0
501256,501256,501258,2,0
501256,501256,501258,2,0
501256,501256,501258,2,0
501256,501256,501259,3,0
501256,501256,501259,3,0
501256,501256,501259,3,0
501256,501256,501259,3,0
501256,501256,501260,4,0
501256,501256,501260,4,0
501264,501264,501265,1,0
501264,501264,501265,1,0
501264,501264,501265,1,0
501264,501264,501265,1,0
501264,501264,501265,1,0
501264,501264,501265,1,0
501264,501264,501265,1,0
501264,501264,501265,1,0
501264,501264,501265,1,0
501264,501264,501265,1,0
501264,501264,501265,1,0
501264,501264,501266,2,0
501264,501264,501265,1,0
501264,501264,501265,1,0
501264,501264,501265,1,0
501264,501264,501265,1,0
501264,501264,501266,2,0
501264,501264,501266,2,0
501272,501272,501273,1,0
501272,501272,501273,1,0
501272,501272,501273,1,0
501272,501272,501273,1,0
501272,501272,501273,1,0
501272,501272,501273,1,0
501272,501272,501273,1,0
501272,501272,501273,1,0
501272,501272,501273,1,0
501272,501272,501273,1,0
501278,501278,501279,1,0
501278,501278,501279,1,0
501282,501282,501283,1,0
501282,501282,501283,1,0
501282,501282,501283,1,0
501282,501282,501283,1,0
501282,501282,501283,1,0
501282,501282,501283,1,0
501282,501282,501283,1,0
501282,501282,501283,1,0
501282,501282,501283,1,0
501282,501282,501283,1,0
501282,501282,501283,1,0
501282,501282,501283,1,0
501282,501282,501283,1,0
501282,501282,501283,1,0
501282,501282,501283,1,0
501282,501282,501283,1,0
501282,501282,501283,1,0
501282,501282,501283,1,0
501282,501282,501283,1,0
501282,501282,501283,1,0
501282,501282,501283,1,0
501282,501282,501283,1,0
501282,501282,501283,1,0
501282,501282,501283,1,0
501282,501282,501283,1,0
501282,501282,501283,1,0
501282,501282,501283,1,0
501282,501282,501283,1,0
501282,501282,501283,1,0
501287,501287,501288,1,0
501287,501287,501288,1,0
501287,501287,501288,1,0
501287,501287,501288,1,0
501292,501292,501293,1,0
501292,501292,501293,1,0
501292,501292,501293,1,0
501292,501292,501293,1,0
500912,500914,501740,826,2
501739,501741,501767,26,2
502018,502021,502158,137,3
502156,502159,502166,7,3
502232,502234,502298,64,2
502296,502298,502319,21,2
506946,506946,506947,1,0
506946,506946,506947,1,0
506946,506946,506947,1,0
506946,506946,506948,2,0
506946,506946,506947,1,0
506946,506946,506947,1,0
506946,506946,506947,1,0
506946,506946,506947,1,0
506946,506946,506947,1,0
506946,506946,506949,3,0
506946,506946,506949,3,0
506946,506946,506948,2,0
506946,506946,506948,2,0
506946,506946,506949,3,0
506946,506946,506949,3,0
506946,506946,506949,3,0
506946,506946,506949,3,0
506946,506946,506949,3,0
506955,506955,506956,1,0
506955,506955,506956,1,0
506955,506955,506956,1,0
506955,506955,506956,1,0
506955,506955,506956,1,0
506955,506955,506956,1,0
506955,506955,506956,1,0
506955,506955,506956,1,0
506955,506955,506956,1,0
506955,506955,506956,1,0
506955,506955,506956,1,0
506955,506955,506956,1,0
506955,506955,506956,1,0
506955,506955,506956,1,0
506955,506955,506956,1,0
506955,506955,506957,2,0
506955,506955,506957,2,0
506955,506955,506956,1,0
506955,506955,506957,2,0
506955,506955,506957,2,0
506955,506955,506957,2,0
506955,506955,506958,3,0
506955,506955,506958,3,0
506955,506955,506958,3,0
506955,506955,506958,3,0
506955,506955,506959,4,0
506955,506955,506958,3,0
506955,506955,506959,4,0
506955,506955,506959,4,0
506955,506955,506959,4,0
506955,506955,506959,4,0
506965,506965,506966,1,0
506965,506965,506966,1,0
506965,506965,506966,1,0
506965,506965,506966,1,0
506965,506965,506966,1,0
506965,506965,506966,1,0
506965,506965,506966,1,0
506965,506965,506966,1,0
506965,506965,506967,2,0
506965,506965,506966,1,0
506965,506965,506966,1,0
506965,506965,506967,2,0
506965,506965,506966,1,0
506965,506965,506968,3,0
506965,506965,506967,2,0
506965,506965,506968,3,0
506965,506965,506968,3,0
506965,506965,506968,3,0
506965,506965,506969,4,0
506965,506965,506969,4,0
506965,506965,506969,4,0
506965,506965,506969,4,0
506965,506965,506969,4,0
506976,506976,506977,1,0
506976,506976,506977,1,0
506976,506976,506977,1,0
506976,506976,506977,1,0
506976,506976,506977,1,0
506976,506976,506977,1,0
506976,506976,506977,1,0
506976,506976,506977,1,0
506976,506976,506977,1,0
506976,506976,506977,1,0
506976,506976,506977,1,0
506976,506976,506977,1,0
506976,506976,506977,1,0
506976,506976,506977,1,0
506976,506976,506977,1,0
506976,506976,506977,1,0
506976,506976,506978,2,0
506976,506976,506977,1,0
506976,506976,506978,2,0
506976,506976,506977,1,0
506976,506976,506978,2,0
506976,506976,506979,3,0
506976,506976,506979,3,0
506976,506976,506979,3,0
506976,506976,506979,3,0
506976,506976,506980,4,0
506976,506976,506980,4,0
506976,506976,506980,4,0
506976,506976,506981,5,0
506986,506986,506987,1,0
506986,506986,506987,1,0
506986,506986,506987,1,0
506986,506986,506987,1,0
506986,506986,506987,1,0
506986,506986,506987,1,0
506986,506986,506987,1,0
506986,506986,506987,1,0
506986,506986,506987,1,0
506986,506986,506987,1,0
506986,506986,506987,1,0
506986,506986,506987,1,0
506986,506986,506987,1,0
506986,506986,506987,1,0
506986,506986,506987,1,0
506986,506986,506987,1,0
506986,506986,506987,1,0
506986,506986,506987,1,0
506986,506986,506988,2,0
506986,506986,506988,2,0
506986,506986,506987,1,0
506986,506986,506988,2,0
506986,506987,506988,1,1
506986,506987,506988,1,1
506986,506986,506989,3,0
506986,506986,506989,3,0
506986,506986,506990,4,0
506986,506986,506989,3,0
506986,506986,506990,4,0
506986,506986,506990,4,0
506995,506995,506996,1,0
506995,506995,506996,1,0
506995,506995,506996,1,0
506995,506995,506996,1,0
506995,506995,506996,1,0
506995,506995,506996,1,0
506995,506995,506996,1,0
506995,506995,506996,1,0
506995,506995,506996,1,0
506995,506995,506997,2,0
506995,506995,506996,1,0
506995,506995,506997,2,0
506995,506995,506997,2,0
506995,506995,506996,1,0
506995,506995,506996,1,0
506995,506995,506996,1,0
507001,507001,507002,1,0
507001,507001,507002,1,0
507001,507001,507002,1,0
507001,507001,507002,1,0
507001,507001,507002,1,0
507001,507001,507002,1,0
507001,507001,507002,1,0
507001,507001,507002,1,0
507001,507001,507002,1,0
507001,507001,507002,1,0
507001,507001,507002,1,0
507001,507001,507002,1,0
507001,507001,507002,1,0
507001,507001,507002,1,0
507001,507001,507002,1,0
507001,507001,507002,1,0
507001,507001,507002,1,0
507001,507001,507002,1,0
507001,507001,507002,1,0
507001,507001,507002,1,0
507001,507001,507002,1,0
507001,507001,507002,1,0
507001,507001,507002,1,0
507001,507001,507002,1,0
507001,507001,507002,1,0
507001,507001,507002,1,0
507001,507001,507002,1,0
507001,507001,507002,1,0
507001,507001,507002,1,0
507001,507001,507002,1,0
507001,507001,507002,1,0
507013,507013,507014,1,0
507013,507013,507014,1,0
507013,507013,507014,1,0
507013,507013,507014,1,0
507013,507013,507014,1,0
507013,507013,507014,1,0
507013,507013,507014,1,0
507013,507013,507014,1,0
507013,507013,507014,1,0
507013,507013,507014,1,0
507013,507013,507014,1,0
507013,507013,507014,1,0
507013,507013,507014,1,0
507013,507013,507014,1,0
507013,507013,507014,1,0
507013,507013,507014,1,0
507013,507013,507014,1,0
507013,507013,507014,1,0
507013,507013,507014,1,0
507013,507013,507014,1,0
507013,507013,507014,1,0
507013,507013,507014,1,0
507013,507013,507014,1,0
507013,507013,507014,1,0
507013,507013,507014,1,0
507013,507013,507014,1,0
507013,507013,507014,1,0
507013,507013,507014,1,0
507013,507013,507014,1,0
507013,507013,507014,1,0
507013,507013,507015,2,0
507019,507019,507020,1,0
507019,507019,507020,1,0
507019,507019,507020,1,0
507019,507019,507020,1,0
507019,507019,507020,1,0
507019,507019,507020,1,0
507019,507019,507020,1,0
507019,507019,507020,1,0
507019,507019,507020,1,0
507019,507019,507020,1,0
507019,507019,507020,1,0
507019,507019,507020,1,0
507019,507019,507020,1,0
507019,507019,507020,1,0
507019,507019,507020,1,0
507019,507019,507020,1,0
507019,507019,507020,1,0
507019,507019,507020,1,0
507019,507019,507020,1,0
507019,507019,507020,1,0
507019,507019,507020,1,0
507019,507019,507020,1,0
507019,507019,507020,1,0
507019,507019,507020,1,0
507019,507019,507020,1,0
507019,507019,507020,1,0
507019,507019,507020,1,0
507019,507019,507020,1,0
507019,507019,507020,1,0
507023,507023,507024,1,0
507023,507023,507024,1,0
507023,507023,507024,1,0
507023,507023,507024,1,0
507023,507023,507024,1,0
507023,507023,507024,1,0
507023,507023,507024,1,0
507023,507023,507024,1,0
507023,507023,507024,1,0
507023,507023,507024,1,0
507023,507023,507024,1,0
507023,507023,507024,1,0
507023,507023,507024,1,0
507023,507023,507024,1,0
507023,507023,507024,1,0
507023,507023,507024,1,0
507023,507023,507024,1,0
507023,507023,507024,1,0
507023,507023,507024,1,0
507023,507023,507024,1,0
507023,507023,507024,1,0
507023,507023,507024,1,0
507023,507023,507024,1,0
507023,507023,507024,1,0
507023,507023,507024,1,0
507023,507023,507024,1,0
507023,507023,507024,1,0
507023,507023,507024,1,0
507023,507023,507024,1,0
507023,507023,507024,1,0
507023,507023,507024,1,0
507028,507028,507029,1,0
507028,507028,507029,1,0
507028,507028,507029,1,0
507028,507028,507029,1,0
507028,507028,507029,1,0
507028,507028,507029,1,0
507028,507028,507029,1,0
507028,507028,507029,1,0
507028,507028,507029,1,0
507028,507028,507029,1,0
507028,507028,507029,1,0
507028,507028,507029,1,0
507028,507028,507029,1,0
507028,507028,507029,1,0
507028,507028,507029,1,0
507028,507028,507029,1,0
507028,507028,507029,1,0
507028,507028,507029,1,0
507028,507028,507029,1,0
507028,507028,507029,1,0
507028,507028,507029,1,0
507028,507028,507029,1,0
507028,507028,507029,1,0
507028,507028,507029,1,0
507028,507028,507029,1,0
507028,507028,507029,1,0
507028,507028,507029,1,0
507291,507291,507292,1,0
507291,507291,507292,1,0
507291,507291,507292,1,0
507291,507291,507292,1,0
507291,507291,507292,1,0
507291,507291,507292,1,0
507291,507291,507292,1,0
507291,507291,507292,1,0
507291,507291,507292,1,0
507291,507291,507292,1,0
507291,507291,507292,1,0
507291,507291,507292,1,0
507291,507291,507293,2,0
507291,507291,507292,1,0
507291,507291,507292,1,0
507291,507291,507292,1,0
507291,507291,507293,2,0
507291,507291,507293,2,0
507291,507291,507293,2,0
507291,507291,507293,2,0
507291,507291,507293,2,0
507291,507291,507293,2,0
507291,507291,507294,3,0
507291,507291,507294,3,0
507291,507291,507294,3,0
507291,507291,507295,4,0
507291,507291,507295,4,0
507291,507291,507295,4,0
507291,507291,507295,4,0
507291,507291,507294,3,0
507291,507291,507295,4,0
507301,507301,507302,1,0
507301,507301,507302,1,0
507301,507301,507302,1,0
507301,507301,507302,1,0
507301,507301,507302,1,0
507301,507301,507302,1,0
507301,507301,507302,1,0
507301,507301,507302,1,0
507301,507301,507302,1,0
507301,507301,507302,1,0
507301,507301,507302,1,0
507301,507301,507302,1,0
507301,507301,507302,1,0
507301,507301,507303,2,0
507301,507301,507303,2,0
507301,507301,507302,1,0
507301,507301,507303,2,0
507301,507301,507303,2,0
507301,507301,507303,2,0
507301,507301,507303,2,0
507301,507301,507302,1,0
507301,507301,507304,3,0
507301,507301,507304,3,0
507301,507301,507304,3,0
507301,507301,507305,4,0
507301,507301,507305,4,0
507301,507301,507305,4,0
507301,507301,507305,4,0
507301,507301,507305,4,0
507301,507301,507305,4,0
507301,507301,507306,5,0
507312,507312,507313,1,0
507312,507312,507313,1,0
507312,507312,507313,1,0
507312,507312,507313,1,0
507312,507312,507313,1,0
507312,507312,507314,2,0
507312,507312,507314,2,0
507312,507312,507313,1,0
507312,507312,507313,1,0
507312,507312,507314,2,0
507312,507312,507314,2,0
507312,507312,507314,2,0
507312,507312,507315,3,0
507312,507312,507315,3,0
507312,507312,507316,4,0
507312,507312,507315,3,0
507312,507312,507316,4,0
507312,507312,507316,4,0
507312,507312,507316,4,0
507321,507321,507322,1,0
507321,507321,507322,1,0
507321,507321,507322,1,0
507321,507321,507322,1,0
507321,507321,507322,1,0
507321,507321,507322,1,0
507321,507321,507322,1,0
507321,507321,507322,1,0
507321,507321,507322,1,0
507321,507321,507322,1,0
507321,507321,507322,1,0
507321,507321,507322,1,0
507321,507321,507323,2,0
507321,507321,507322,1,0
507321,507321,507323,2,0
507321,507321,507322,1,0
507321,507321,507322,1,0
507321,507321,507322,1,0
507321,507321,507323,2,0
507321,507321,507322,1,0
507321,507321,507323,2,0
507321,507321,507324,3,0
507321,507321,507323,2,0
507321,507321,507324,3,0
507321,507321,507324,3,0
507321,507321,507325,4,0
507321,507321,507325,4,0
507321,507321,507325,4,0
507321,507321,507325,4,0
507321,507321,507325,4,0
507321,507321,507326,5,0
507332,507332,507333,1,0
507332,507332,507333,1,0
507332,507332,507333,1,0
507332,507332,507333,1,0
507332,507332,507333,1,0
507332,507332,507333,1,0
507332,507332,507333,1,0
507332,507332,507333,1,0
507332,507332,507333,1,0
507332,507332,507333,1,0
507332,507332,507333,1,0
507332,507332,507334,2,0
507332,507332,507335,3,0
507332,507332,507334,2,0
507332,507332,507335,3,0
507332,507332,507336,4,0
507332,507332,507336,4,0
507340,507340,507341,1,0
507340,507340,507341,1,0
507340,507340,507341,1,0
507340,507340,507341,1,0
507340,507340,507341,1,0
507340,507340,507341,1,0
507340,507340,507341,1,0
507340,507340,507341,1,0
507340,507340,507341,1,0
507340,507340,507341,1,0
507340,507340,507341,1,0
507340,507340,507341,1,0
507340,507340,507341,1,0
507340,507340,507341,1,0
507340,507340,507341,1,0
507340,507340,507341,1,0
507340,507340,507341,1,0
507340,507340,507341,1,0
507340,507340,507341,1,0
507340,507340,507341,1,0
507340,507340,507341,1,0
507340,507340,507341,1,0
507340,507340,507341,1,0
507340,507340,507341,1,0
507340,507340,507342,2,0
507340,507340,507341,1,0
507340,507340,507342,2,0
507340,507340,507342,2,0
507340,507340,507341,1,0
507340,507340,507341,1,0
507340,507340,507342,2,0
507346,507346,507347,1,0
507346,507346,507347,1,0
507346,507346,507347,1,0
507346,507346,507347,1,0
507346,507346,507347,1,0
507346,507346,507347,1,0
507346,507346,507347,1,0
507346,507346,507347,1,0
507346,507346,507347,1,0
507346,507346,507347,1,0
507346,507346,507347,1,0
507346,507346,507347,1,0
507346,507346,507347,1,0
507346,507346,507347,1,0
507346,507346,507347,1,0
507346,507346,507347,1,0
507346,507346,507347,1,0
507346,507346,507347,1,0
507346,507346,507347,1,0
507346,507346,507347,1,0
507346,507346,507347,1,0
507346,507346,507347,1,0
507346,507346,507347,1,0
507346,507346,507347,1,0
507346,507346,507347,1,0
507346,507346,507347,1,0
507346,507346,507347,1,0
507346,507346,507348,2,0
507352,507352,507353,1,0
507352,507352,507353,1,0
507352,507352,507353,1,0
507352,507352,507353,1,0
507352,507352,507353,1,0
507352,507352,507353,1,0
507352,507352,507353,1,0
507352,507352,507353,1,0
507352,507352,507353,1,0
507352,507352,507353,1,0
507352,507352,507353,1,0
507352,507352,507353,1,0
507352,507352,507353,1,0
507352,507352,507353,1,0
507352,507352,507353,1,0
507352,507352,507353,1,0
507352,507352,507353,1,0
507352,507352,507353,1,0
507352,507352,507353,1,0
507352,507352,507353,1,0
507352,507352,507353,1,0
507352,507352,507353,1,0
507352,507352,507353,1,0
507352,507352,507353,1,0
507352,507352,507353,1,0
507352,507352,507353,1,0
507352,507352,507353,1,0
507352,507352,507353,1,0
507357,507357,507358,1,0
507357,507357,507358,1,0
507357,507357,507358,1,0
507357,507357,507358,1,0
507357,507357,507358,1,0
507357,507357,507358,1,0
507357,507357,507358,1,0
507357,507357,507358,1,0
507357,507357,507358,1,0
507357,507357,507358,1,0
507357,507357,507358,1,0
507357,507357,507358,1,0
507357,507357,507358,1,0
507357,507357,507358,1,0
507357,507357,507358,1,0
507361,507361,507362,1,0
507361,507361,507362,1,0
507361,507361,507362,1,0
507361,507361,507362,1,0
507361,507361,507362,1,0
507361,507361,507362,1,0
507361,507361,507362,1,0
507361,507361,507362,1,0
507361,507361,507362,1,0
507361,507361,507362,1,0
507361,507361,507362,1,0
507361,507361,507362,1,0
507361,507361,507362,1,0
507361,507361,507362,1,0
507361,507361,507362,1,0
507361,507361,507362,1,0
507365,507366,507367,1,1
507616,507616,507617,1,0
507616,507616,507617,1,0
507616,507616,507617,1,0
507616,507616,507617,1,0
507616,507616,507617,1,0
507616,507616,507617,1,0
507616,507616,507618,2,0
507616,507616,507617,1,0
507616,507616,507617,1,0
507616,507616,507617,1,0
507616,507616,507618,2,0
507616,507616,507618,2,0
507616,507616,507617,1,0
507616,507616,507617,1,0
507616,507616,507619,3,0
507616,507616,507619,3,0
507616,507616,507619,3,0
507616,507616,507618,2,0
507616,507616,507618,2,0
507616,507616,507618,2,0
507616,507616,507620,4,0
507616,507616,507619,3,0
507616,507616,507619,3,0
507616,507616,507620,4,0
507625,507626,507627,1,1
507625,507626,507627,1,1
507625,507626,507627,1,1
507625,507626,507627,1,1
507625,507626,507627,1,1
507625,507626,507627,1,1
507625,507626,507627,1,1
507625,507626,507627,1,1
507625,507626,507628,2,1
507625,507626,507629,3,1
507625,507626,507629,3,1
507625,507626,507629,3,1
507625,507626,507629,3,1
507625,507626,507630,4,1
507625,507626,507629,3,1
507625,507626,507629,3,1
507625,507626,507630,4,1
507625,507626,507630,4,1
507636,507636,507637,1,0
507636,507636,507637,1,0
507636,507636,507637,1,0
507636,507636,507637,1,0
507636,507636,507637,1,0
507636,507636,507637,1,0
507636,507636,507637,1,0
507636,507636,507637,1,0
507636,507636,507637,1,0
507636,507636,507637,1,0
507636,507636,507637,1,0
507636,507636,507637,1,0
507636,507636,507637,1,0
507636,507636,507637,1,0
507636,507636,507637,1,0
507636,507636,507637,1,0
507636,507636,507638,2,0
507636,507636,507638,2,0
507636,507636,507638,2,0
507636,507636,507638,2,0
507636,507636,507638,2,0
507636,507636,507639,3,0
507636,507636,507640,4,0
507636,507636,507639,3,0
507636,507636,507640,4,0
507636,507636,507640,4,0
507636,507636,507640,4,0
507636,507636,507640,4,0
507636,507636,507641,5,0
507636,507636,507641,5,0
507636,507636,507641,5,0
507646,507646,507647,1,0
507646,507646,507647,1,0
507646,507646,507647,1,0
507646,507646,507647,1,0
507646,507646,507647,1,0
507646,507646,507647,1,0
507646,507646,507647,1,0
507646,507646,507647,1,0
507646,507646,507647,1,0
507646,507646,507647,1,0
507646,507646,507647,1,0
507646,507646,507647,1,0
507646,507646,507647,1,0
507646,507646,507647,1,0
507646,507646,507647,1,0
507646,507646,507648,2,0
507646,507646,507647,1,0
507646,507646,507647,1,0
507646,507646,507647,1,0
507646,507646,507648,2,0
507646,507646,507648,2,0
507646,507646,507648,2,0
507646,507646,507649,3,0
507646,507646,507649,3,0
507646,507646,507650,4,0
507646,507646,507649,3,0
507646,507646,507650,4,0
507646,507646,507650,4,0
507646,507646,507650,4,0
507656,507656,507657,1,0
507656,507656,507657,1,0
507656,507656,507657,1,0
507656,507656,507657,1,0
507656,507656,507657,1,0
507656,507656,507657,1,0
507656,507656,507657,1,0
507656,507656,507657,1,0
507656,507656,507657,1,0
507656,507656,507657,1,0
507656,507656,507657,1,0
507656,507656,507657,1,0
507656,507656,507657,1,0
507656,507656,507657,1,0
507656,507656,507657,1,0
507656,507656,507657,1,0
507656,507656,507657,1,0
507656,507656,507657,1,0
507656,507656,507657,1,0
507656,507656,507657,1,0
507656,507656,507657,1,0
507656,507656,507657,1,0
507656,507656,507658,2,0
507656,507656,507658,2,0
507656,507656,507658,2,0
507656,507656,507658,2,0
507656,507656,507659,3,0
507656,507656,507659,3,0
507656,507656,507659,3,0
507656,507656,507660,4,0
507656,507656,507660,4,0
507665,507665,507666,1,0
507665,507665,507666,1,0
507665,507665,507666,1,0
507665,507665,507666,1,0
507665,507665,507666,1,0
507665,507665,507666,1,0
507665,507665,507666,1,0
507665,507665,507666,1,0
507665,507665,507666,1,0
507665,507665,507666,1,0
507665,507665,507666,1,0
507665,507665,507666,1,0
507665,507665,507666,1,0
507665,507665,507666,1,0
507665,507665,507666,1,0
507665,507665,507666,1,0
507665,507665,507666,1,0
507665,507665,507666,1,0
507665,507665,507666,1,0
507665,507665,507666,1,0
507665,507665,507666,1,0
507665,507665,507666,1,0
507665,507665,507666,1,0
507665,507665,507666,1,0
507665,507665,507667,2,0
507665,507665,507666,1,0
507665,507665,507666,1,0
507665,507665,507667,2,0
507665,507665,507667,2,0
507665,507665,507667,2,0
507665,507665,507667,2,0
507672,507672,507673,1,0
507672,507672,507673,1,0
507672,507672,507673,1,0
507672,507672,507673,1,0
507672,507672,507673,1,0
507672,507672,507673,1,0
507672,507672,507673,1,0
507672,507672,507673,1,0
507672,507672,507673,1,0
507672,507672,507673,1,0
507672,507672,507673,1,0
507672,507672,507673,1,0
507672,507672,507673,1,0
507672,507672,507673,1,0
507672,507672,507673,1,0
507672,507672,507673,1,0
507672,507672,507673,1,0
507672,507672,507673,1,0
507678,507678,507679,1,0
507682,507682,507683,1,0
507682,507682,507683,1,0
507682,507682,507683,1,0
507682,507682,507683,1,0
507682,507682,507683,1,0
507682,507682,507683,1,0
507682,507682,507683,1,0
507682,507682,507683,1,0
507682,507682,507683,1,0
507682,507682,507683,1,0
507682,507682,507683,1,0
507682,507682,507683,1,0
507682,507682,507683,1,0
507682,507682,507683,1,0
507682,507682,507683,1,0
507682,507682,507683,1,0
507686,507686,507687,1,0
507686,507686,507687,1,0
507686,507686,507687,1,0
507686,507686,507687,1,0
507686,507686,507687,1,0
507686,507686,507687,1,0
507686,507686,507687,1,0
507686,507686,507687,1,0
507686,507686,507687,1,0
507686,507686,507687,1,0
507686,507686,507687,1,0
507686,507686,507687,1,0
507686,507686,507687,1,0
507686,507686,507687,1,0
507686,507686,507687,1,0
507686,507686,507687,1,0
507686,507686,507687,1,0
507691,507691,507692,1,0
507691,507691,507692,1,0
507691,507691,507692,1,0
507691,507691,507692,1,0
507691,507691,507692,1,0
507691,507691,507692,1,0
507691,507691,507692,1,0
507691,507691,507692,1,0
507691,507691,507692,1,0
507691,507691,507692,1,0
507691,507691,507692,1,0
507691,507691,507692,1,0
507691,507691,507692,1,0
507691,507691,507692,1,0
507691,507691,507692,1,0
507691,507691,507692,1,0
507691,507691,507692,1,0
507691,507691,507692,1,0
507691,507691,507692,1,0
507691,507691,507692,1,0
507691,507691,507692,1,0
503208,503210,508669,5459,2
508667,508671,508821,150,4
511286,511286,512570,1284,0
511473,511473,513667,2194,0
518522,518522,519280,758,0
518524,518524,519283,759,0
519282,519282,519283,1,0
519282,519282,519283,1,0
519282,519282,519283,1,0
519282,519282,519283,1,0
519282,519282,519283,1,0
519282,519282,519283,1,0
519282,519282,519283,1,0
519282,519282,519283,1,0
519282,519282,519283,1,0
519282,519282,519283,1,0
519282,519282,519283,1,0
519282,519282,519283,1,0
519282,519282,519283,1,0
519282,519282,519283,1,0
519282,519282,519283,1,0
519282,519282,519283,1,0
519282,519282,519284,2,0
519282,519282,519283,1,0
519282,519282,519283,1,0
519282,519282,519283,1,0
519282,519282,519283,1,0
519282,519282,519283,1,0
519282,519282,519283,1,0
519282,519282,519283,1,0
519282,519282,519283,1,0
519282,519282,519283,1,0
519282,519282,519283,1,0
519282,519282,519283,1,0
519282,519282,519283,1,0
519282,519282,519283,1,0
519282,519282,519283,1,0
519282,519282,519284,2,0
519282,519282,519283,1,0
519282,519282,519283,1,0
519282,519282,519283,1,0
519282,519282,519283,1,0
519282,519282,519283,1,0
519282,519282,519283,1,0
519282,519282,519283,1,0
519282,519282,519283,1,0
519282,519282,519284,2,0
519284,519284,519285,1,0
519284,519284,519285,1,0
519284,519284,519285,1,0
519284,519284,519285,1,0
519282,519282,519285,3,0
519284,519284,519285,1,0
519284,519284,519285,1,0
519282,519282,519285,3,0
519284,519284,519285,1,0
519284,519284,519285,1,0
519284,519284,519285,1,0
519284,519284,519285,1,0
519284,519284,519285,1,0
519284,519284,519285,1,0
519282,519282,519285,3,0
519284,519284,519285,1,0
519284,519284,519285,1,0
519284,519284,519285,1,0
519284,519284,519285,1,0
519284,519284,519285,1,0
519282,519282,519285,3,0
519284,519284,519285,1,0
519284,519284,519285,1,0
519284,519284,519285,1,0
519284,519284,519285,1,0
519284,519284,519285,1,0
519284,519284,519285,1,0
519284,519284,519285,1,0
519284,519284,519285,1,0
519284,519284,519285,1,0
519284,519284,519285,1,0
519282,519282,519285,3,0
519282,519282,519284,2,0
519284,519284,519285,1,0
519284,519284,519285,1,0
519284,519284,519285,1,0
519282,519282,519285,3,0
519284,519284,519285,1,0
519284,519284,519285,1,0
519284,519284,519285,1,0
519284,519284,519285,1,0
519284,519284,519285,1,0
519284,519284,519285,1,0
519284,519284,519285,1,0
519284,519284,519285,1,0
519284,519284,519286,2,0
519284,519284,519285,1,0
519282,519282,519285,3,0
519284,519284,519285,1,0
519284,519284,519285,1,0
519284,519284,519285,1,0
519284,519284,519287,3,0
519284,519284,519287,3,0
519284,519284,519287,3,0
519284,519284,519286,2,0
519284,519284,519286,2,0
518526,518526,519291,765,0
519297,519297,519298,1,0
519297,519297,519298,1,0
519297,519298,519299,1,1
519297,519297,519298,1,0
519297,519297,519298,1,0
519297,519298,519299,1,1
519297,519298,519299,1,1
519297,519297,519298,1,0
519297,519298,519299,1,1
519297,519298,519299,1,1
519297,519297,519298,1,0
519297,519297,519298,1,0
519297,519298,519299,1,1
519297,519297,519298,1,0
519297,519297,519298,1,0
519297,519298,519299,1,1
519297,519297,519299,2,0
519297,519298,519299,1,1
519297,519298,519299,1,1
519297,519298,519299,1,1
519297,519298,519299,1,1
519297,519298,519299,1,1
519297,519298,519299,1,1
519297,519298,519299,1,1
519297,519298,519299,1,1
519297,519298,519299,1,1
519297,519298,519299,1,1
519297,519298,519299,1,1
519297,519298,519299,1,1
519297,519298,519299,1,1
519297,519298,519299,1,1
519297,519298,519299,1,1
519297,519298,519299,1,1
519297,519298,519299,1,1
519297,519298,519300,2,1
518521,518521,519307,786,0
519315,519316,519317,1,1
519315,519316,519317,1,1
519315,519316,519317,1,1
519315,519316,519317,1,1
519315,519316,519317,1,1
519315,519316,519317,1,1
519315,519316,519317,1,1
519315,519316,519317,1,1
519315,519316,519317,1,1
519315,519316,519317,1,1
519315,519316,519317,1,1
519315,519316,519317,1,1
519315,519316,519317,1,1
519315,519316,519317,1,1
519315,519316,519317,1,1
519315,519316,519317,1,1
519315,519316,519317,1,1
519315,519316,519318,2,1
519315,519316,519318,2,1
519315,519316,519317,1,1
519315,519316,519317,1,1
519315,519316,519317,1,1
519315,519316,519317,1,1
519315,519316,519317,1,1
519315,519316,519317,1,1
519315,519316,519317,1,1
519315,519316,519317,1,1
519315,519316,519317,1,1
519315,519316,519317,1,1
519315,519316,519317,1,1
519315,519316,519317,1,1
519315,519316,519317,1,1
519315,519316,519319,3,1
519315,519316,519318,2,1
519315,519316,519318,2,1
519315,519316,519318,2,1
519315,519316,519318,2,1
519315,519316,519318,2,1
519315,519316,519319,3,1
519315,519316,519319,3,1
519315,519316,519319,3,1
519315,519316,519319,3,1
518501,518501,519361,860,0
519363,519363,519364,1,0
519363,519363,519364,1,0
519363,519363,519364,1,0
519363,519363,519364,1,0
519363,519363,519364,1,0
519363,519363,519364,1,0
519363,519363,519364,1,0
519363,519363,519364,1,0
519363,519363,519364,1,0
519363,519363,519364,1,0
519363,519363,519364,1,0
519363,519363,519364,1,0
519363,519363,519364,1,0
519363,519363,519364,1,0
519363,519363,519364,1,0
519363,519363,519364,1,0
519363,519363,519364,1,0
519363,519363,519364,1,0
519363,519363,519364,1,0
519363,519363,519364,1,0
519363,519363,519364,1,0
519363,519363,519364,1,0
519363,519363,519364,1,0
519363,519363,519364,1,0
519363,519363,519364,1,0
519363,519363,519364,1,0
519363,519363,519364,1,0
519363,519363,519364,1,0
519363,519363,519364,1,0
519363,519363,519364,1,0
519363,519363,519364,1,0
519363,519363,519364,1,0
519363,519363,519364,1,0
519363,519364,519365,1,1
519363,519364,519365,1,1
519363,519364,519365,1,1
519363,519364,519365,1,1
519363,519364,519365,1,1
519363,519364,519365,1,1
519363,519364,519365,1,1
519363,519381,519382,1,18
519363,519381,519382,1,18
519363,519381,519382,1,18
519363,519381,519382,1,18
519363,519381,519382,1,18
519363,519381,519382,1,18
519363,519381,519382,1,18
518503,518503,519442,939,0
519444,519444,519445,1,0
519444,519444,519445,1,0
519444,519444,519445,1,0
519444,519444,519445,1,0
519444,519444,519445,1,0
519444,519444,519445,1,0
519444,519444,519445,1,0
519444,519444,519446,2,0
519444,519444,519446,2,0
519444,519444,519445,1,0
519444,519444,519445,1,0
519444,519444,519445,1,0
519444,519444,519446,2,0
519444,519444,519446,2,0
519444,519444,519445,1,0
519444,519444,519445,1,0
519444,519444,519445,1,0
519444,519444,519446,2,0
519444,519444,519445,1,0
519444,519444,519446,2,0
519444,519444,519446,2,0
519444,519444,519445,1,0
519444,519444,519445,1,0
519444,519444,519445,1,0
519444,519444,519446,2,0
519444,519444,519446,2,0
519444,519444,519445,1,0
519444,519444,519445,1,0
519444,519444,519445,1,0
519444,519444,519446,2,0
519444,519444,519446,2,0
519444,519444,519445,1,0
519444,519444,519445,1,0
519444,519444,519445,1,0
519444,519444,519446,2,0
519444,519444,519445,1,0
519444,519444,519446,2,0
519444,519444,519446,2,0
519444,519444,519445,1,0
519444,519444,519445,1,0
519444,519444,519445,1,0
519444,519444,519447,3,0
519444,519444,519447,3,0
519444,519444,519447,3,0
519444,519444,519447,3,0
519444,519444,519447,3,0
519444,519444,519446,2,0
519444,519444,519446,2,0
519444,519444,519447,3,0
519444,519444,519447,3,0
518502,518502,519451,949,0
518502,518502,519458,956,0
519457,519458,519459,1,1
519457,519458,519459,1,1
519457,519458,519459,1,1
519457,519458,519459,1,1
519457,519458,519459,1,1
519457,519458,519459,1,1
519457,519458,519459,1,1
519457,519458,519459,1,1
519457,519458,519459,1,1
519457,519458,519459,1,1
519457,519458,519459,1,1
519457,519458,519459,1,1
519457,519458,519459,1,1
519457,519458,519459,1,1
519457,519458,519459,1,1
519457,519458,519459,1,1
519457,519458,519459,1,1
519457,519458,519459,1,1
519457,519458,519459,1,1
519457,519458,519459,1,1
519457,519458,519459,1,1
519457,519458,519459,1,1
519457,519458,519459,1,1
519457,519458,519459,1,1
519457,519458,519459,1,1
519457,519458,519459,1,1
519457,519458,519459,1,1
519457,519458,519459,1,1
519457,519458,519459,1,1
519457,519458,519459,1,1
519457,519458,519459,1,1
519457,519458,519459,1,1
519457,519458,519459,1,1
519457,519458,519459,1,1
519457,519458,519459,1,1
519457,519458,519459,1,1
519460,519460,519461,1,0
519460,519460,519461,1,0
519460,519460,519461,1,0
519460,519460,519461,1,0
519460,519460,519461,1,0
519460,519460,519461,1,0
519460,519460,519461,1,0
519460,519460,519461,1,0
519460,519460,519461,1,0
519460,519460,519461,1,0
519460,519460,519461,1,0
519460,519460,519461,1,0
519460,519460,519461,1,0
519460,519460,519461,1,0
519460,519460,519461,1,0
519460,519460,519461,1,0
519460,519460,519461,1,0
519460,519460,519461,1,0
519460,519460,519461,1,0
519460,519460,519461,1,0
519460,519460,519461,1,0
519460,519460,519461,1,0
519460,519460,519461,1,0
519460,519460,519461,1,0
519460,519460,519461,1,0
519460,519460,519461,1,0
519460,519460,519461,1,0
519460,519460,519461,1,0
519460,519460,519461,1,0
519460,519460,519461,1,0
519460,519460,519461,1,0
519460,519460,519461,1,0
519460,519460,519461,1,0
519460,519460,519461,1,0
519460,519460,519461,1,0
519460,519460,519461,1,0
519460,519460,519461,1,0
519460,519460,519461,1,0
519460,519460,519461,1,0
519460,519460,519461,1,0
519460,519460,519461,1,0
519460,519460,519461,1,0
519460,519460,519461,1,0
519460,519460,519461,1,0
519460,519460,519461,1,0
519460,519460,519461,1,0
519460,519460,519461,1,0
519460,519460,519461,1,0
519460,519460,519461,1,0
519460,519460,519461,1,0
518505,518505,519509,1004,0
519511,519511,519512,1,0
519511,519511,519512,1,0
519511,519511,519512,1,0
519511,519511,519512,1,0
519511,519511,519513,2,0
519511,519511,519512,1,0
519511,519511,519513,2,0
519511,519511,519513,2,0
519511,519512,519513,1,1
519511,519511,519513,2,0
519511,519511,519513,2,0
519511,519512,519513,1,1
519511,519511,519513,2,0
519511,519511,519513,2,0
519511,519512,519513,1,1
519511,519511,519513,2,0
519511,519511,519513,2,0
519511,519511,519514,3,0
519511,519511,519513,2,0
519511,519511,519513,2,0
519511,519511,519513,2,0
519511,519511,519513,2,0
519511,519512,519513,1,1
519511,519512,519513,1,1
519511,519512,519513,1,1
519511,519511,519514,3,0
519511,519511,519514,3,0
519511,519511,519514,3,0
519511,519511,519514,3,0
519511,519511,519514,3,0
519511,519511,519515,4,0
519511,519512,519515,3,1
519511,519512,519516,4,1
519511,519512,519516,4,1
519511,519533,519534,1,22
519511,519533,519534,1,22
519511,519533,519534,1,22
519511,519533,519535,2,22
519511,519533,519535,2,22
519511,519533,519536,3,22
518511,518511,519538,1027,0
519545,519545,519546,1,0
519545,519545,519546,1,0
519545,519545,519546,1,0
519545,519545,519546,1,0
519545,519545,519546,1,0
519545,519545,519546,1,0
519545,519545,519546,1,0
519545,519545,519546,1,0
519545,519545,519546,1,0
519545,519545,519546,1,0
519545,519545,519546,1,0
519545,519545,519546,1,0
519545,519545,519546,1,0
519545,519545,519546,1,0
519545,519545,519546,1,0
519545,519545,519546,1,0
519545,519545,519546,1,0
519545,519545,519546,1,0
519545,519545,519546,1,0
519545,519545,519546,1,0
519545,519545,519546,1,0
519545,519545,519546,1,0
519545,519545,519546,1,0
519545,519545,519546,1,0
519545,519545,519546,1,0
519545,519545,519546,1,0
519545,519545,519546,1,0
519545,519545,519546,1,0
519545,519545,519546,1,0
519545,519545,519546,1,0
519545,519545,519546,1,0
519545,519545,519546,1,0
519545,519545,519546,1,0
519545,519545,519546,1,0
519545,519545,519546,1,0
519545,519545,519546,1,0
519545,519545,519546,1,0
519545,519545,519546,1,0
519545,519545,519546,1,0
519545,519545,519546,1,0
519545,519545,519546,1,0
519545,519545,519546,1,0
519545,519545,519546,1,0
519545,519545,519546,1,0
519545,519545,519546,1,0
519545,519545,519546,1,0
519545,519545,519546,1,0
519545,519545,519546,1,0
518507,518507,519547,1040,0
519553,519553,519554,1,0
519553,519553,519554,1,0
519553,519554,519555,1,1
519553,519553,519554,1,0
519553,519553,519555,2,0
519553,519554,519555,1,1
519553,519553,519554,1,0
519553,519554,519555,1,1
519553,519554,519555,1,1
519553,519553,519554,1,0
519553,519553,519554,1,0
519553,519554,519555,1,1
519553,519554,519555,1,1
519553,519554,519555,1,1
519553,519554,519555,1,1
519553,519554,519555,1,1
519553,519554,519555,1,1
519553,519554,519555,1,1
519553,519554,519555,1,1
519553,519554,519555,1,1
519553,519554,519555,1,1
519553,519554,519555,1,1
519553,519554,519555,1,1
519553,519554,519555,1,1
519553,519554,519555,1,1
519553,519554,519555,1,1
519553,519554,519555,1,1
519553,519554,519555,1,1
519553,519554,519556,2,1
519553,519554,519556,2,1
519553,519554,519556,2,1
519553,519554,519556,2,1
519553,519571,519572,1,18
519553,519571,519572,1,18
519553,519571,519572,1,18
519553,519571,519572,1,18
519553,519571,519572,1,18
519553,519571,519572,1,18
519553,519571,519573,2,18
518506,518506,519606,1100,0
519607,519607,519608,1,0
519607,519607,519608,1,0
519607,519607,519608,1,0
519607,519607,519609,2,0
519607,519607,519608,1,0
519607,519608,519609,1,1
519607,519608,519609,1,1
519607,519608,519609,1,1
519607,519608,519609,1,1
519607,519607,519609,2,0
519607,519608,519609,1,1
519607,519608,519609,1,1
519607,519608,519609,1,1
519607,519608,519609,1,1
519607,519608,519609,1,1
519607,519608,519609,1,1
519607,519608,519609,1,1
519607,519608,519609,1,1
519607,519608,519609,1,1
519607,519608,519609,1,1
519607,519607,519609,2,0
519607,519607,519609,2,0
519607,519607,519609,2,0
519607,519608,519609,1,1
519607,519608,519609,1,1
519607,519607,519609,2,0
519607,519607,519609,2,0
519607,519608,519609,1,1
519607,519608,519609,1,1
519607,519607,519609,2,0
519607,519607,519609,2,0
519607,519607,519609,2,0
519607,519608,519609,1,1
519607,519607,519609,2,0
519607,519607,519610,3,0
519607,519607,519609,2,0
519607,519608,519609,1,1
519607,519608,519609,1,1
519607,519607,519610,3,0
519607,519607,519610,3,0
519607,519607,519611,4,0
519607,519607,519610,3,0
519607,519608,519611,3,1
518514,518514,519611,1097,0
519607,519608,519611,3,1
519607,519608,519611,3,1
519612,519612,519613,1,0
519612,519612,519613,1,0
519612,519612,519613,1,0
519612,519612,519613,1,0
519612,519612,519613,1,0
519612,519612,519613,1,0
519612,519612,519613,1,0
519612,519612,519613,1,0
519612,519612,519613,1,0
519612,519612,519613,1,0
519612,519612,519613,1,0
519612,519612,519613,1,0
519612,519612,519613,1,0
519612,519612,519613,1,0
519612,519612,519613,1,0
519612,519612,519613,1,0
519612,519612,519613,1,0
519612,519612,519613,1,0
519612,519612,519613,1,0
519612,519612,519613,1,0
519612,519612,519613,1,0
519612,519612,519613,1,0
519612,519612,519613,1,0
519612,519612,519613,1,0
519612,519612,519613,1,0
519612,519612,519613,1,0
519612,519612,519613,1,0
519612,519612,519613,1,0
519612,519612,519613,1,0
519612,519612,519613,1,0
519612,519612,519613,1,0
519612,519612,519613,1,0
519612,519612,519613,1,0
519612,519612,519613,1,0
519612,519612,519613,1,0
519612,519612,519613,1,0
519612,519613,519614,1,1
519612,519612,519613,1,0
519612,519612,519613,1,0
519612,519612,519613,1,0
519612,519612,519613,1,0
519612,519612,519613,1,0
519612,519612,519613,1,0
519612,519612,519613,1,0
519612,519612,519613,1,0
518504,518504,519614,1110,0
519621,519621,519622,1,0
519621,519621,519622,1,0
519621,519621,519622,1,0
519621,519621,519622,1,0
519621,519621,519622,1,0
519621,519621,519622,1,0
519621,519621,519622,1,0
519621,519621,519622,1,0
519621,519621,519622,1,0
518509,518509,519621,1112,0
519621,519621,519622,1,0
519621,519621,519622,1,0
519621,519621,519622,1,0
519621,519621,519622,1,0
519621,519621,519622,1,0
519621,519621,519622,1,0
519621,519621,519622,1,0
519621,519621,519623,2,0
519621,519621,519622,1,0
519621,519621,519622,1,0
519621,519621,519623,2,0
519621,519621,519623,2,0
519621,519621,519622,1,0
519621,519621,519622,1,0
519621,519621,519623,2,0
519621,519621,519623,2,0
519621,519621,519622,1,0
519621,519621,519622,1,0
519621,519621,519622,1,0
519621,519621,519622,1,0
519621,519621,519622,1,0
519621,519621,519622,1,0
519621,519621,519622,1,0
519621,519621,519622,1,0
519621,519621,519623,2,0
519621,519621,519622,1,0
519621,519621,519622,1,0
519621,519621,519622,1,0
519621,519621,519622,1,0
519621,519621,519624,3,0
519621,519621,519624,3,0
519621,519622,519624,2,1
519621,519621,519624,3,0
519621,519621,519624,3,0
519621,519621,519624,3,0
519621,519621,519624,3,0
518510,518510,519624,1114,0
519621,519621,519624,3,0
519621,519621,519625,4,0
519621,519621,519624,3,0
519628,519628,519629,1,0
519628,519628,519629,1,0
519628,519628,519629,1,0
519628,519628,519629,1,0
519628,519628,519629,1,0
519628,519628,519629,1,0
519628,519628,519629,1,0
519628,519628,519629,1,0
519628,519628,519629,1,0
519628,519628,519629,1,0
519628,519628,519629,1,0
519628,519628,519629,1,0
519628,519628,519629,1,0
519628,519628,519629,1,0
519628,519628,519629,1,0
519628,519628,519629,1,0
519628,519628,519629,1,0
519628,519628,519629,1,0
519628,519628,519629,1,0
519628,519628,519629,1,0
519628,519628,519629,1,0
519628,519628,519629,1,0
519628,519628,519629,1,0
519628,519628,519629,1,0
519628,519628,519629,1,0
519628,519628,519629,1,0
519628,519628,519629,1,0
519628,519628,519629,1,0
519628,519628,519629,1,0
518517,518517,519629,1112,0
519628,519628,519629,1,0
519628,519628,519629,1,0
519628,519628,519630,2,0
519628,519628,519629,1,0
519628,519628,519629,1,0
519628,519628,519629,1,0
519628,519628,519630,2,0
519628,519628,519629,1,0
519628,519628,519629,1,0
519628,519628,519629,1,0
519628,519628,519630,2,0
519628,519628,519629,1,0
519628,519628,519629,1,0
519628,519628,519629,1,0
519628,519628,519629,1,0
519628,519629,519630,1,1
519638,519638,519639,1,0
519638,519638,519639,1,0
519638,519638,519639,1,0
519638,519638,519639,1,0
519638,519638,519639,1,0
519638,519638,519639,1,0
519638,519638,519639,1,0
519638,519638,519639,1,0
519638,519638,519639,1,0
519638,519638,519639,1,0
519638,519638,519639,1,0
519638,519638,519639,1,0
519638,519638,519639,1,0
519638,519638,519639,1,0
519638,519638,519639,1,0
519638,519638,519639,1,0
519638,519638,519639,1,0
519638,519638,519639,1,0
519638,519638,519639,1,0
519638,519638,519639,1,0
519638,519638,519639,1,0
519638,519638,519639,1,0
519638,519638,519639,1,0
519638,519638,519639,1,0
519638,519638,519639,1,0
519638,519638,519639,1,0
519638,519638,519639,1,0
519638,519638,519639,1,0
519638,519639,519640,1,1
519638,519639,519640,1,1
519638,519638,519640,2,0
519638,519638,519640,2,0
519638,519638,519640,2,0
519638,519638,519640,2,0
519638,519638,519640,2,0
519638,519638,519639,1,0
519638,519638,519639,1,0
519638,519638,519640,2,0
519638,519638,519639,1,0
519638,519638,519639,1,0
519638,519638,519639,1,0
519638,519639,519640,1,1
519638,519639,519640,1,1
519638,519639,519640,1,1
519638,519638,519640,2,0
519638,519638,519640,2,0
519638,519638,519640,2,0
519638,519638,519640,2,0
519638,519638,519640,2,0
519638,519638,519640,2,0
519638,519638,519640,2,0
519638,519638,519640,2,0
519638,519638,519640,2,0
519638,519638,519640,2,0
519638,519638,519640,2,0
519638,519638,519640,2,0
519638,519639,519641,2,1
519638,519640,519641,1,2
519638,519639,519640,1,1
519638,519639,519640,1,1
519638,519639,519640,1,1
519638,519640,519641,1,2
519638,519640,519641,1,2
519638,519640,519641,1,2
519638,519640,519641,1,2
519638,519640,519641,1,2
519638,519639,519641,2,1
519638,519640,519641,1,2
519638,519640,519641,1,2
519638,519640,519641,1,2
519638,519640,519641,1,2
519638,519639,519641,2,1
519638,519640,519641,1,2
519638,519640,519641,1,2
519638,519641,519642,1,3
519638,519641,519642,1,3
519638,519641,519642,1,3
519638,519641,519642,1,3
519638,519640,519642,2,2
519638,519640,519642,2,2
519638,519640,519642,2,2
519638,519640,519642,2,2
519638,519640,519642,2,2
519638,519640,519642,2,2
519638,519640,519642,2,2
518519,518519,519667,1148,0
519669,519669,519670,1,0
519669,519669,519670,1,0
519669,519669,519670,1,0
519669,519669,519670,1,0
519669,519669,519670,1,0
519669,519669,519670,1,0
519669,519669,519670,1,0
519669,519669,519670,1,0
519669,519669,519670,1,0
519669,519670,519671,1,1
519669,519670,519671,1,1
519669,519669,519671,2,0
519669,519669,519670,1,0
519669,519669,519670,1,0
519669,519669,519670,1,0
519669,519669,519671,2,0
519669,519669,519671,2,0
519669,519669,519671,2,0
519669,519669,519671,2,0
519669,519669,519670,1,0
519669,519669,519670,1,0
519669,519669,519671,2,0
519669,519669,519671,2,0
519669,519669,519670,1,0
519669,519669,519670,1,0
519669,519669,519670,1,0
519669,519669,519671,2,0
519669,519669,519670,1,0
519669,519669,519670,1,0
519669,519669,519670,1,0
519669,519669,519671,2,0
519669,519669,519671,2,0
519669,519669,519670,1,0
519669,519669,519671,2,0
519669,519669,519671,2,0
519669,519669,519670,1,0
519669,519669,519672,3,0
519669,519669,519671,2,0
519669,519669,519671,2,0
519669,519669,519672,3,0
519669,519669,519672,3,0
519669,519669,519672,3,0
519669,519669,519671,2,0
519669,519669,519672,3,0
519669,519669,519672,3,0
519669,519669,519672,3,0
519669,519669,519672,3,0
519669,519669,519672,3,0
518512,518513,519673,1160,1
519675,519675,519676,1,0
519675,519675,519676,1,0
519675,519675,519676,1,0
519675,519675,519676,1,0
519675,519675,519676,1,0
519675,519675,519676,1,0
519675,519675,519676,1,0
519675,519675,519676,1,0
519675,519675,519676,1,0
519675,519675,519676,1,0
519675,519675,519676,1,0
519675,519675,519676,1,0
519675,519675,519676,1,0
519675,519675,519676,1,0
519675,519675,519676,1,0
519675,519675,519676,1,0
519675,519675,519676,1,0
519675,519675,519676,1,0
519675,519675,519676,1,0
519675,519675,519676,1,0
519675,519675,519676,1,0
519675,519675,519676,1,0
519675,519675,519676,1,0
519675,519675,519676,1,0
519675,519675,519676,1,0
519675,519675,519676,1,0
519675,519675,519676,1,0
519675,519675,519676,1,0
519675,519675,519676,1,0
519675,519675,519676,1,0
519675,519675,519676,1,0
519675,519675,519676,1,0
519675,519675,519676,1,0
519675,519675,519676,1,0
519675,519675,519676,1,0
519675,519675,519676,1,0
519675,519675,519676,1,0
519675,519675,519676,1,0
519675,519675,519676,1,0
519675,519675,519676,1,0
519675,519675,519676,1,0
519675,519675,519676,1,0
519675,519675,519676,1,0
519675,519675,519676,1,0
519675,519675,519676,1,0
519675,519675,519676,1,0
519669,519670,519678,8,1
519675,519677,519678,1,2
519675,519675,519678,3,0
519675,519675,519678,3,0
519669,519670,519679,9,1
519675,519677,519680,3,2
518516,518516,519711,1195,0
519714,519714,519715,1,0
519714,519714,519715,1,0
519714,519714,519715,1,0
519714,519714,519715,1,0
519714,519714,519715,1,0
519714,519714,519715,1,0
519714,519714,519715,1,0
519714,519714,519715,1,0
519714,519714,519715,1,0
519714,519714,519715,1,0
519714,519714,519715,1,0
519714,519714,519715,1,0
519714,519714,519715,1,0
519714,519714,519715,1,0
519714,519714,519715,1,0
519714,519714,519715,1,0
519714,519714,519715,1,0
519714,519714,519715,1,0
519714,519714,519715,1,0
519714,519714,519715,1,0
519714,519714,519715,1,0
519714,519714,519715,1,0
519714,519714,519715,1,0
519714,519714,519715,1,0
519714,519714,519715,1,0
519714,519714,519715,1,0
519714,519714,519715,1,0
519714,519714,519715,1,0
519714,519714,519715,1,0
519714,519714,519715,1,0
519714,519714,519715,1,0
519714,519714,519715,1,0
519714,519714,519715,1,0
519714,519714,519715,1,0
519714,519714,519715,1,0
519714,519714,519715,1,0
519714,519714,519715,1,0
519714,519714,519715,1,0
519714,519714,519715,1,0
519714,519714,519715,1,0
519714,519714,519715,1,0
519714,519714,519715,1,0
519714,519714,519715,1,0
519714,519714,519715,1,0
519714,519714,519715,1,0
519714,519714,519715,1,0
519714,519733,519734,1,19
519714,519733,519734,1,19
519714,519733,519734,1,19
519714,519733,519734,1,19
519282,519282,520094,812,0
520096,520096,520097,1,0
520096,520096,520097,1,0
520096,520096,520097,1,0
520096,520096,520097,1,0
520096,520096,520097,1,0
520096,520096,520097,1,0
520096,520096,520097,1,0
520096,520096,520097,1,0
520096,520096,520097,1,0
520096,520096,520097,1,0
520096,520096,520097,1,0
520096,520096,520097,1,0
520096,520096,520097,1,0
520096,520096,520097,1,0
520096,520096,520097,1,0
520096,520096,520097,1,0
520096,520096,520097,1,0
520096,520096,520097,1,0
519316,519316,520096,780,0
520096,520096,520097,1,0
520096,520096,520097,1,0
520096,520096,520097,1,0
520096,520096,520097,1,0
520096,520096,520097,1,0
520096,520096,520097,1,0
520096,520096,520097,1,0
520096,520096,520097,1,0
520096,520096,520097,1,0
520096,520096,520097,1,0
520096,520096,520097,1,0
520096,520096,520098,2,0
520096,520096,520097,1,0
520096,520096,520097,1,0
520096,520096,520097,1,0
520096,520096,520097,1,0
520096,520096,520097,1,0
520096,520096,520097,1,0
520096,520096,520097,1,0
520096,520096,520097,1,0
520096,520096,520097,1,0
520096,520096,520097,1,0
520096,520096,520097,1,0
520096,520096,520097,1,0
520096,520096,520097,1,0
520096,520096,520097,1,0
520096,520096,520097,1,0
520096,520096,520097,1,0
520096,520096,520097,1,0
520096,520096,520097,1,0
520096,520096,520097,1,0
520098,520098,520099,1,0
520098,520098,520099,1,0
520098,520098,520099,1,0
520098,520098,520099,1,0
520098,520098,520099,1,0
520096,520096,520098,2,0
520098,520098,520099,1,0
520098,520098,520099,1,0
520098,520098,520099,1,0
520098,520098,520099,1,0
520098,520098,520099,1,0
520098,520098,520099,1,0
520098,520098,520099,1,0
520098,520098,520099,1,0
520098,520098,520099,1,0
520098,520098,520099,1,0
520098,520098,520099,1,0
520098,520098,520099,1,0
520098,520098,520099,1,0
520098,520098,520099,1,0
520098,520098,520099,1,0
520098,520098,520099,1,0
520098,520098,520099,1,0
520098,520098,520099,1,0
520098,520098,520099,1,0
520098,520098,520099,1,0
520098,520098,520099,1,0
520098,520098,520099,1,0
520098,520098,520099,1,0
520098,520098,520099,1,0
520098,520098,520100,2,0
520098,520098,520099,1,0
520098,520098,520100,2,0
520098,520099,520100,1,1
520098,520099,520100,1,1
520098,520099,520100,1,1
520098,520099,520100,1,1
520098,520099,520100,1,1
520098,520098,520099,1,0
520098,520098,520099,1,0
520098,520098,520099,1,0
520098,520098,520099,1,0
520098,520098,520099,1,0
520098,520098,520099,1,0
520098,520098,520099,1,0
520098,520098,520099,1,0
520098,520098,520099,1,0
520098,520098,520099,1,0
520098,520098,520100,2,0
520098,520099,520100,1,1
520098,520098,520099,1,0
519298,519298,520115,817,0
520117,520117,520118,1,0
520117,520117,520118,1,0
520117,520117,520118,1,0
520117,520117,520118,1,0
520117,520117,520118,1,0
520117,520117,520118,1,0
520117,520117,520118,1,0
520117,520117,520118,1,0
520117,520117,520118,1,0
520117,520117,520118,1,0
520117,520117,520118,1,0
520117,520117,520118,1,0
520117,520117,520118,1,0
520117,520117,520118,1,0
520117,520117,520118,1,0
520117,520117,520118,1,0
520117,520117,520118,1,0
520117,520117,520118,1,0
520117,520117,520118,1,0
520117,520117,520118,1,0
520117,520117,520118,1,0
520117,520117,520118,1,0
520117,520117,520119,2,0
520117,520117,520118,1,0
520117,520117,520118,1,0
520117,520117,520118,1,0
520117,520117,520118,1,0
520117,520117,520119,2,0
520117,520117,520118,1,0
520117,520117,520119,2,0
520117,520117,520119,2,0
520117,520117,520118,1,0
520117,520117,520118,1,0
520117,520117,520119,2,0
520117,520117,520119,2,0
520117,520117,520119,2,0
520117,520117,520119,2,0
520117,520117,520119,2,0
520117,520117,520119,2,0
520117,520117,520119,2,0
520117,520117,520119,2,0
520117,520117,520119,2,0
520117,520117,520119,2,0
520117,520117,520119,2,0
520117,520118,520119,1,1
520117,520118,520119,1,1
520117,520118,520119,1,1
520117,520118,520121,3,1
519284,519284,520125,841,0
520127,520127,520128,1,0
520127,520127,520128,1,0
520127,520127,520128,1,0
520127,520127,520128,1,0
520127,520127,520128,1,0
520127,520127,520128,1,0
520127,520127,520128,1,0
520127,520127,520128,1,0
520127,520127,520128,1,0
520127,520127,520128,1,0
520127,520127,520128,1,0
520127,520127,520128,1,0
520127,520127,520128,1,0
520127,520127,520128,1,0
520127,520127,520128,1,0
520127,520127,520128,1,0
520127,520127,520128,1,0
520127,520127,520128,1,0
520127,520127,520128,1,0
520127,520127,520128,1,0
520127,520127,520128,1,0
520127,520127,520128,1,0
520127,520127,520128,1,0
520127,520127,520128,1,0
520127,520127,520128,1,0
520127,520127,520128,1,0
520127,520127,520128,1,0
520127,520127,520128,1,0
520127,520127,520128,1,0
520127,520127,520128,1,0
520127,520127,520128,1,0
520127,520127,520128,1,0
520127,520127,520128,1,0
520127,520127,520128,1,0
520127,520127,520128,1,0
520127,520127,520128,1,0
520127,520127,520128,1,0
520127,520127,520128,1,0
520127,520127,520128,1,0
520127,520127,520128,1,0
520127,520127,520128,1,0
520127,520127,520128,1,0
520127,520127,520128,1,0
520127,520127,520128,1,0
520127,520127,520128,1,0
520127,520127,520128,1,0
520127,520127,520128,1,0
520127,520127,520128,1,0
520117,520118,520130,12,1
520117,520118,520132,14,1
520127,520127,520132,5,0
520127,520127,520134,7,0
519364,519364,520173,809,0
520173,520174,520175,1,1
520173,520174,520175,1,1
520173,520174,520175,1,1
520173,520174,520175,1,1
520173,520174,520175,1,1
520173,520174,520175,1,1
520173,520174,520175,1,1
520173,520174,520175,1,1
520173,520174,520175,1,1
520173,520174,520175,1,1
520173,520174,520175,1,1
520173,520174,520175,1,1
520173,520174,520175,1,1
520173,520174,520175,1,1
520173,520174,520175,1,1
520173,520174,520175,1,1
520173,520174,520175,1,1
520173,520174,520175,1,1
520173,520174,520175,1,1
520173,520174,520175,1,1
520173,520174,520175,1,1
520173,520174,520175,1,1
520173,520174,520175,1,1
520173,520174,520175,1,1
520173,520174,520175,1,1
520173,520174,520175,1,1
520173,520174,520175,1,1
520173,520174,520175,1,1
520173,520174,520175,1,1
520173,520174,520175,1,1
520173,520174,520175,1,1
520173,520174,520175,1,1
520173,520174,520175,1,1
520173,520174,520175,1,1
520173,520174,520175,1,1
520173,520174,520175,1,1
519445,519445,520254,809,0
520257,520257,520258,1,0
520257,520257,520258,1,0
520257,520257,520258,1,0
520257,520257,520258,1,0
520257,520257,520258,1,0
520257,520257,520258,1,0
520257,520257,520258,1,0
520257,520257,520258,1,0
520257,520257,520258,1,0
520257,520257,520258,1,0
520257,520257,520258,1,0
520257,520257,520258,1,0
520257,520257,520258,1,0
520257,520257,520258,1,0
520257,520257,520258,1,0
520257,520257,520258,1,0
520257,520257,520258,1,0
520257,520257,520258,1,0
520257,520257,520258,1,0
520257,520257,520258,1,0
520257,520257,520258,1,0
520257,520257,520258,1,0
520257,520257,520258,1,0
520257,520257,520258,1,0
520257,520257,520258,1,0
520257,520257,520259,2,0
520257,520257,520258,1,0
520257,520257,520258,1,0
520257,520257,520259,2,0
520257,520257,520258,1,0
520257,520257,520258,1,0
520257,520257,520258,1,0
520257,520257,520258,1,0
520257,520257,520258,1,0
520257,520257,520258,1,0
520257,520257,520258,1,0
520257,520257,520259,2,0
520257,520257,520258,1,0
520257,520257,520259,2,0
520257,520257,520258,1,0
520257,520257,520258,1,0
520257,520257,520260,3,0
520257,520257,520259,2,0
520257,520257,520260,3,0
520257,520257,520260,3,0
520257,520257,520259,2,0
520257,520257,520259,2,0
520257,520257,520260,3,0
520257,520257,520260,3,0
520257,520257,520260,3,0
519459,519459,520267,808,0
520269,520269,520270,1,0
520269,520269,520270,1,0
520269,520269,520270,1,0
520269,520269,520270,1,0
520269,520269,520270,1,0
520269,520269,520270,1,0
520269,520269,520271,2,0
520269,520270,520271,1,1
520269,520269,520271,2,0
520269,520270,520271,1,1
520269,520270,520271,1,1
520269,520270,520271,1,1
520269,520270,520271,1,1
520269,520270,520271,1,1
520269,520270,520271,1,1
520269,520269,520271,2,0
520269,520269,520271,2,0
520269,520270,520271,1,1
520269,520270,520271,1,1
520269,520270,520271,1,1
520269,520269,520271,2,0
520269,520269,520271,2,0
520269,520270,520271,1,1
520269,520270,520271,1,1
520269,520270,520271,1,1
520269,520269,520271,2,0
520269,520269,520271,2,0
520269,520270,520271,1,1
520269,520270,520271,1,1
520269,520270,520271,1,1
520269,520269,520271,2,0
520269,520270,520271,1,1
520269,520269,520271,2,0
520269,520269,520271,2,0
520269,520270,520271,1,1
520269,520269,520272,3,0
520269,520269,520272,3,0
520269,520270,520272,2,1
520269,520270,520273,3,1
520269,520269,520272,3,0
520269,520270,520272,2,1
520269,520269,520272,3,0
520269,520269,520272,3,0
520269,520270,520272,2,1
520269,520269,520272,3,0
520269,520270,520273,3,1
519461,519461,520320,859,0
520321,520321,520322,1,0
520321,520321,520322,1,0
520321,520321,520322,1,0
520321,520321,520322,1,0
520321,520321,520322,1,0
520321,520321,520322,1,0
520321,520321,520322,1,0
520321,520321,520322,1,0
520321,520321,520322,1,0
520321,520321,520322,1,0
520321,520321,520322,1,0
520321,520321,520322,1,0
520321,520321,520322,1,0
520321,520321,520322,1,0
520321,520321,520322,1,0
520321,520321,520322,1,0
520321,520321,520322,1,0
520321,520321,520322,1,0
520321,520321,520322,1,0
520321,520321,520322,1,0
520321,520321,520322,1,0
520321,520321,520322,1,0
520321,520321,520322,1,0
520321,520321,520322,1,0
520321,520321,520322,1,0
520321,520321,520322,1,0
520321,520321,520322,1,0
520321,520321,520323,2,0
520321,520321,520322,1,0
520321,520321,520322,1,0
520321,520321,520322,1,0
520321,520321,520322,1,0
520321,520321,520322,1,0
520321,520321,520322,1,0
520321,520321,520322,1,0
520321,520321,520322,1,0
520321,520321,520323,2,0
520321,520321,520323,2,0
520321,520321,520323,2,0
520321,520321,520324,3,0
520321,520321,520323,2,0
520321,520321,520324,3,0
520321,520321,520323,2,0
520321,520321,520324,3,0
520321,520321,520324,3,0
520321,520322,520324,2,1
520321,520322,520324,2,1
520321,520322,520325,3,1
520321,520322,520325,3,1
520321,520322,520327,5,1
519512,519513,520329,816,1
520338,520338,520339,1,0
520338,520338,520339,1,0
520338,520338,520339,1,0
520338,520338,520339,1,0
520338,520338,520339,1,0
520338,520338,520339,1,0
520338,520338,520339,1,0
520338,520338,520339,1,0
520338,520338,520339,1,0
520338,520338,520339,1,0
520338,520338,520339,1,0
520338,520338,520339,1,0
520338,520338,520339,1,0
520338,520338,520339,1,0
520338,520338,520339,1,0
520338,520338,520339,1,0
520338,520338,520339,1,0
520338,520338,520339,1,0
520338,520338,520339,1,0
520338,520338,520339,1,0
520338,520338,520339,1,0
520338,520338,520339,1,0
520338,520338,520339,1,0
520338,520338,520339,1,0
520338,520338,520339,1,0
520338,520338,520339,1,0
520338,520338,520340,2,0
520338,520338,520339,1,0
520338,520338,520339,1,0
520338,520338,520340,2,0
520338,520338,520339,1,0
520338,520338,520339,1,0
520338,520338,520339,1,0
520338,520338,520340,2,0
520338,520338,520339,1,0
520338,520338,520340,2,0
520338,520338,520340,2,0
520338,520338,520340,2,0
520338,520338,520340,2,0
520338,520338,520339,1,0
520338,520338,520340,2,0
520338,520338,520339,1,0
520338,520338,520341,3,0
520338,520338,520341,3,0
520338,520338,520341,3,0
520338,520338,520341,3,0
520338,520338,520341,3,0
520338,520338,520341,3,0
520338,520338,520341,3,0
520338,520338,520341,3,0
519546,519546,520359,813,0
520360,520360,520361,1,0
520360,520360,520361,1,0
520360,520360,520361,1,0
520360,520360,520361,1,0
520360,520360,520361,1,0
520360,520360,520361,1,0
520360,520360,520361,1,0
520360,520360,520361,1,0
520360,520360,520361,1,0
520360,520360,520361,1,0
520360,520360,520361,1,0
520360,520360,520361,1,0
520360,520360,520361,1,0
520360,520360,520361,1,0
520360,520360,520361,1,0
520360,520360,520361,1,0
520360,520360,520361,1,0
520360,520360,520361,1,0
520360,520360,520361,1,0
520360,520360,520361,1,0
520360,520360,520361,1,0
520360,520361,520362,1,1
520360,520361,520362,1,1
520360,520361,520362,1,1
520360,520361,520362,1,1
520360,520361,520362,1,1
520360,520360,520362,2,0
520360,520360,520361,1,0
520360,520360,520361,1,0
520360,520360,520361,1,0
520360,520360,520361,1,0
520360,520360,520361,1,0
520360,520360,520362,2,0
520360,520360,520361,1,0
520360,520360,520361,1,0
520360,520360,520362,2,0
520360,520360,520362,2,0
520360,520360,520361,1,0
520360,520360,520361,1,0
520360,520360,520361,1,0
520360,520360,520363,3,0
519554,519555,520363,808,1
520360,520361,520363,2,1
520360,520360,520363,3,0
520360,520360,520363,3,0
520360,520360,520361,1,0
520360,520360,520361,1,0
520364,520364,520365,1,0
520364,520364,520365,1,0
520364,520364,520365,1,0
520364,520364,520365,1,0
520364,520364,520365,1,0
520364,520364,520365,1,0
520364,520364,520365,1,0
520364,520364,520365,1,0
520364,520364,520365,1,0
520364,520364,520365,1,0
520364,520364,520365,1,0
520364,520364,520365,1,0
520364,520364,520365,1,0
520364,520364,520365,1,0
520364,520364,520365,1,0
520364,520364,520365,1,0
520364,520364,520365,1,0
520364,520364,520365,1,0
520364,520364,520365,1,0
520364,520364,520365,1,0
520364,520364,520365,1,0
520360,520360,520361,1,0
520364,520364,520366,2,0
520364,520364,520365,1,0
520364,520364,520365,1,0
520364,520364,520365,1,0
520364,520364,520365,1,0
520364,520364,520365,1,0
520364,520364,520365,1,0
520364,520364,520365,1,0
520364,520364,520366,2,0
520364,520364,520365,1,0
520364,520364,520365,1,0
520364,520364,520366,2,0
520364,520364,520365,1,0
520364,520364,520365,1,0
520364,520364,520365,1,0
520364,520364,520366,2,0
520364,520364,520365,1,0
520364,520364,520365,1,0
520364,520364,520365,1,0
520364,520364,520366,2,0
520364,520364,520365,1,0
520360,520360,520365,5,0
520364,520368,520369,1,4
520360,520360,520381,21,0
520364,520365,520366,1,1
520364,520365,520366,1,1
520364,520391,520392,1,27
520360,520360,520384,24,0
519670,519670,520426,756,0
519613,519613,520428,815,0
520427,520427,520428,1,0
520427,520427,520428,1,0
520427,520427,520428,1,0
520427,520427,520428,1,0
520427,520427,520428,1,0
520427,520427,520428,1,0
520427,520427,520428,1,0
520427,520427,520428,1,0
520427,520427,520428,1,0
520427,520427,520428,1,0
520427,520427,520428,1,0
520427,520427,520429,2,0
520427,520427,520429,2,0
520427,520427,520429,2,0
520427,520427,520428,1,0
520427,520427,520428,1,0
520427,520427,520429,2,0
520427,520427,520429,2,0
520427,520428,520429,1,1
520427,520428,520429,1,1
520427,520428,520429,1,1
520427,520427,520429,2,0
520427,520427,520429,2,0
520427,520427,520428,1,0
520427,520427,520429,2,0
520427,520427,520429,2,0
520427,520427,520429,2,0
520427,520427,520429,2,0
520427,520427,520429,2,0
520427,520427,520429,2,0
520427,520427,520429,2,0
520427,520427,520429,2,0
520427,520427,520429,2,0
520427,520428,520429,1,1
520427,520428,520429,1,1
520427,520428,520429,1,1
520427,520428,520429,1,1
520429,520429,520430,1,0
520429,520429,520430,1,0
520429,520429,520430,1,0
520429,520429,520430,1,0
520429,520429,520430,1,0
520429,520429,520430,1,0
520429,520429,520430,1,0
520429,520429,520430,1,0
520429,520429,520430,1,0
520429,520429,520430,1,0
520427,520427,520430,3,0
520429,520429,520430,1,0
520429,520429,520430,1,0
520429,520429,520430,1,0
520429,520429,520430,1,0
520429,520429,520430,1,0
520429,520429,520430,1,0
520429,520429,520430,1,0
520429,520429,520430,1,0
520427,520427,520430,3,0
520427,520427,520429,2,0
520429,520429,520430,1,0
520429,520429,520430,1,0
520429,520429,520430,1,0
520429,520429,520430,1,0
520427,520428,520429,1,1
520429,520429,520430,1,0
520429,520429,520430,1,0
520429,520429,520430,1,0
520429,520429,520430,1,0
520429,520429,520430,1,0
520427,520427,520429,2,0
520429,520429,520430,1,0
520429,520429,520430,1,0
520429,520429,520430,1,0
520429,520429,520430,1,0
520429,520429,520430,1,0
520427,520427,520430,3,0
520429,520430,520431,1,1
520429,520430,520431,1,1
520427,520427,520430,3,0
520429,520430,520431,1,1
520429,520430,520431,1,1
520429,520429,520430,1,0
520427,520427,520430,3,0
520429,520429,520430,1,0
520427,520428,520431,3,1
520429,520429,520430,1,0
520429,520429,520430,1,0
520429,520429,520430,1,0
520427,520427,520430,3,0
520429,520429,520430,1,0
520427,520427,520430,3,0
520429,520429,520430,1,0
520427,520428,520431,3,1
520427,520428,520432,4,1
519609,519609,520436,827,0
519654,519654,520438,784,0
520438,520438,520439,1,0
520438,520438,520439,1,0
520438,520438,520439,1,0
520438,520438,520439,1,0
520438,520438,520439,1,0
520438,520438,520439,1,0
520438,520438,520439,1,0
520438,520438,520439,1,0
520438,520438,520439,1,0
520438,520438,520439,1,0
520438,520438,520439,1,0
520438,520438,520439,1,0
520438,520438,520439,1,0
520438,520438,520439,1,0
520438,520438,520439,1,0
520438,520438,520439,1,0
520438,520438,520439,1,0
520438,520438,520440,2,0
520438,520438,520439,1,0
520438,520438,520439,1,0
520438,520438,520440,2,0
520438,520438,520440,2,0
520438,520438,520440,2,0
520438,520438,520439,1,0
520438,520438,520439,1,0
520438,520439,520440,1,1
520438,520439,520440,1,1
520438,520439,520440,1,1
520438,520439,520440,1,1
520438,520439,520440,1,1
520438,520438,520439,1,0
520438,520438,520439,1,0
520438,520438,520440,2,0
520438,520438,520440,2,0
520438,520438,520439,1,0
520438,520438,520439,1,0
520438,520438,520439,1,0
520438,520438,520439,1,0
520438,520438,520439,1,0
520438,520438,520439,1,0
520438,520438,520439,1,0
520438,520438,520440,2,0
520438,520438,520440,2,0
520438,520438,520440,2,0
520438,520438,520440,2,0
520438,520438,520440,2,0
520438,520438,520439,1,0
520438,520438,520439,1,0
520438,520438,520440,2,0
519622,519622,520441,819,0
520451,520451,520452,1,0
520451,520451,520452,1,0
520451,520451,520452,1,0
520451,520451,520452,1,0
520451,520451,520452,1,0
520451,520451,520452,1,0
520451,520451,520452,1,0
520451,520451,520452,1,0
520451,520451,520452,1,0
520451,520451,520452,1,0
520451,520451,520452,1,0
520451,520451,520452,1,0
520451,520451,520452,1,0
520451,520451,520452,1,0
520451,520451,520452,1,0
520451,520451,520452,1,0
520451,520451,520452,1,0
520451,520451,520452,1,0
520451,520451,520452,1,0
520451,520451,520452,1,0
520451,520451,520452,1,0
520451,520451,520452,1,0
520451,520451,520452,1,0
520451,520451,520452,1,0
520451,520451,520452,1,0
520451,520451,520452,1,0
520451,520451,520452,1,0
520451,520451,520452,1,0
519629,519629,520451,822,0
520451,520451,520452,1,0
520451,520451,520452,1,0
520451,520451,520452,1,0
520451,520451,520452,1,0
520451,520451,520452,1,0
520451,520451,520452,1,0
520451,520451,520452,1,0
520451,520451,520452,1,0
520451,520451,520452,1,0
520451,520451,520452,1,0
520451,520451,520452,1,0
520451,520451,520452,1,0
520451,520451,520452,1,0
520451,520451,520452,1,0
520451,520451,520452,1,0
520451,520451,520452,1,0
520451,520451,520452,1,0
520451,520452,520453,1,1
520451,520451,520452,1,0
520451,520451,520452,1,0
520451,520451,520452,1,0
520451,520451,520453,2,0
520451,520452,520453,1,1
520451,520452,520453,1,1
520451,520451,520453,2,0
520451,520451,520452,1,0
520451,520451,520453,2,0
520451,520452,520453,1,1
520451,520452,520453,1,1
520451,520452,520453,1,1
520451,520451,520453,2,0
520451,520451,520453,2,0
520451,520452,520453,1,1
520451,520452,520453,1,1
520451,520452,520453,1,1
520451,520451,520452,1,0
520451,520451,520452,1,0
520451,520451,520453,2,0
520451,520452,520453,1,1
520451,520452,520453,1,1
520451,520451,520453,2,0
520451,520452,520453,1,1
520451,520452,520453,1,1
520451,520451,520452,1,0
520451,520452,520453,1,1
520451,520452,520453,1,1
520451,520451,520453,2,0
520451,520451,520453,2,0
520451,520451,520453,2,0
520451,520452,520453,1,1
520451,520452,520453,1,1
520451,520452,520453,1,1
520451,520452,520453,1,1
520451,520453,520454,1,2
520451,520453,520454,1,2
520451,520453,520454,1,2
520451,520453,520454,1,2
520451,520452,520453,1,1
520451,520452,520454,2,1
520451,520452,520454,2,1
520451,520452,520454,2,1
520451,520452,520453,1,1
520451,520452,520453,1,1
520451,520452,520455,3,1
520451,520452,520455,3,1
520451,520452,520455,3,1
520451,520452,520455,3,1
520451,520452,520455,3,1
520451,520452,520455,3,1
520451,520452,520454,2,1
520467,520467,520468,1,0
520467,520467,520468,1,0
520467,520467,520468,1,0
520467,520467,520468,1,0
520467,520467,520468,1,0
520467,520467,520468,1,0
520467,520467,520468,1,0
520467,520467,520468,1,0
520467,520467,520468,1,0
520467,520467,520468,1,0
520467,520467,520468,1,0
520467,520467,520468,1,0
520467,520467,520468,1,0
520467,520467,520468,1,0
520467,520467,520468,1,0
520467,520467,520468,1,0
520467,520467,520468,1,0
520467,520467,520468,1,0
520467,520467,520468,1,0
520467,520467,520468,1,0
520467,520467,520468,1,0
520467,520467,520468,1,0
520467,520467,520468,1,0
520467,520467,520468,1,0
520467,520467,520468,1,0
520467,520467,520468,1,0
520467,520467,520468,1,0
520467,520467,520468,1,0
520467,520467,520468,1,0
520467,520467,520468,1,0
520467,520467,520468,1,0
520467,520467,520468,1,0
520467,520467,520468,1,0
520467,520467,520468,1,0
520467,520467,520468,1,0
520467,520467,520468,1,0
520467,520467,520468,1,0
520467,520467,520468,1,0
520467,520467,520468,1,0
520467,520467,520468,1,0
520467,520467,520468,1,0
520467,520467,520468,1,0
519676,519676,520502,826,0
520504,520504,520505,1,0
520504,520504,520505,1,0
520504,520504,520505,1,0
520504,520504,520505,1,0
520504,520504,520505,1,0
520504,520504,520505,1,0
520504,520504,520505,1,0
520504,520504,520505,1,0
520504,520504,520505,1,0
520504,520504,520505,1,0
520504,520504,520505,1,0
520504,520504,520505,1,0
520504,520504,520505,1,0
520504,520504,520505,1,0
520504,520504,520505,1,0
520504,520504,520505,1,0
520504,520504,520505,1,0
520504,520504,520505,1,0
520504,520504,520505,1,0
520504,520504,520505,1,0
520504,520505,520506,1,1
520504,520505,520506,1,1
520504,520505,520506,1,1
520504,520504,520505,1,0
520504,520504,520505,1,0
520504,520504,520505,1,0
520504,520504,520505,1,0
520504,520505,520506,1,1
520504,520505,520506,1,1
520504,520505,520506,1,1
520504,520505,520506,1,1
520504,520504,520506,2,0
520504,520504,520507,3,0
520504,520504,520507,3,0
520504,520504,520507,3,0
520504,520504,520507,3,0
520504,520504,520507,3,0
520504,520505,520508,3,1
520504,520507,520508,1,3
520504,520507,520508,1,3
520504,520507,520508,1,3
520504,520507,520508,1,3
520504,520507,520509,2,3
520504,520504,520509,5,0
520504,520504,520509,5,0
520504,520504,520509,5,0
520504,520504,520515,11,0
520504,520504,520516,12,0
520504,520505,520507,2,1
520504,520505,520506,1,1
519639,519641,520539,898,2
520542,520542,520543,1,0
520542,520542,520543,1,0
520542,520542,520543,1,0
520542,520542,520543,1,0
520542,520542,520543,1,0
520542,520542,520543,1,0
520542,520542,520543,1,0
520542,520542,520543,1,0
520542,520542,520543,1,0
520542,520542,520543,1,0
520542,520542,520543,1,0
520542,520542,520543,1,0
520542,520542,520543,1,0
520542,520542,520543,1,0
520542,520542,520543,1,0
520542,520542,520543,1,0
520542,520542,520543,1,0
520542,520542,520543,1,0
520542,520542,520543,1,0
520542,520542,520543,1,0
520542,520542,520543,1,0
520542,520542,520543,1,0
520542,520542,520543,1,0
520542,520542,520543,1,0
520542,520542,520543,1,0
520542,520542,520543,1,0
520542,520543,520544,1,1
520542,520543,520544,1,1
520542,520543,520544,1,1
520542,520542,520543,1,0
520542,520542,520543,1,0
520542,520542,520543,1,0
520542,520542,520544,2,0
520542,520542,520543,1,0
520542,520542,520543,1,0
520542,520542,520543,1,0
520542,520542,520543,1,0
520542,520542,520543,1,0
520542,520542,520543,1,0
519715,519715,520549,834,0
520550,520550,520551,1,0
520550,520550,520551,1,0
520550,520550,520551,1,0
520550,520550,520551,1,0
520550,520550,520551,1,0
520550,520550,520551,1,0
520550,520550,520551,1,0
520550,520550,520551,1,0
520550,520550,520551,1,0
520550,520550,520551,1,0
520550,520550,520551,1,0
520550,520550,520552,2,0
520550,520550,520551,1,0
520550,520550,520551,1,0
520550,520550,520551,1,0
520550,520550,520551,1,0
520550,520550,520551,1,0
520550,520550,520551,1,0
520550,520550,520551,1,0
520550,520550,520552,2,0
520550,520550,520551,1,0
520550,520550,520551,1,0
520550,520550,520551,1,0
520550,520550,520551,1,0
520550,520550,520551,1,0
520550,520550,520551,1,0
520550,520550,520551,1,0
520550,520550,520551,1,0
520550,520550,520551,1,0
520550,520550,520551,1,0
520550,520550,520551,1,0
520550,520550,520551,1,0
520550,520550,520551,1,0
520550,520550,520551,1,0
520550,520550,520551,1,0
520550,520550,520551,1,0
520550,520550,520552,2,0
520550,520550,520551,1,0
520550,520550,520551,1,0
520550,520550,520553,3,0
520550,520550,520552,2,0
520550,520550,520553,3,0
520550,520550,520553,3,0
520550,520550,520553,3,0
520550,520550,520553,3,0
520550,520577,520578,1,27
520099,520099,520915,816,0
520916,520916,520917,1,0
520916,520916,520917,1,0
520916,520916,520917,1,0
520916,520916,520917,1,0
520916,520916,520917,1,0
520916,520916,520917,1,0
520916,520916,520917,1,0
520916,520916,520917,1,0
520916,520916,520917,1,0
520916,520916,520917,1,0
520916,520916,520918,2,0
520916,520917,520918,1,1
520916,520916,520918,2,0
520916,520916,520918,2,0
520916,520916,520918,2,0
520916,520917,520918,1,1
520916,520917,520918,1,1
520916,520917,520918,1,1
520916,520917,520918,1,1
520916,520917,520918,1,1
520916,520917,520918,1,1
520916,520917,520918,1,1
520916,520917,520918,1,1
520916,520917,520918,1,1
520916,520917,520918,1,1
520916,520917,520918,1,1
520916,520917,520918,1,1
520916,520917,520918,1,1
520916,520917,520918,1,1
520916,520917,520918,1,1
520916,520916,520918,2,0
520916,520916,520918,2,0
520916,520916,520918,2,0
520916,520916,520918,2,0
520916,520916,520918,2,0
520916,520916,520918,2,0
520916,520916,520918,2,0
520916,520916,520918,2,0
520916,520916,520918,2,0
520916,520917,520918,1,1
520916,520917,520918,1,1
520916,520917,520918,1,1
520916,520917,520918,1,1
520916,520917,520918,1,1
520916,520917,520918,1,1
520916,520917,520918,1,1
520916,520917,520918,1,1
520097,520097,520928,831,0
520929,520929,520930,1,0
520929,520929,520930,1,0
520929,520929,520930,1,0
520929,520929,520930,1,0
520929,520929,520930,1,0
520929,520929,520930,1,0
520929,520929,520930,1,0
520929,520929,520930,1,0
520929,520929,520930,1,0
520929,520929,520930,1,0
520929,520929,520930,1,0
520929,520929,520930,1,0
520929,520929,520930,1,0
520929,520929,520930,1,0
520929,520929,520930,1,0
520929,520929,520930,1,0
520929,520929,520930,1,0
520929,520929,520930,1,0
520929,520929,520930,1,0
520929,520929,520931,2,0
520929,520929,520931,2,0
520929,520929,520931,2,0
520929,520929,520931,2,0
520929,520929,520931,2,0
520929,520929,520931,2,0
520929,520929,520931,2,0
520929,520929,520930,1,0
520929,520929,520931,2,0
520929,520929,520931,2,0
520929,520929,520931,2,0
520929,520929,520930,1,0
520929,520929,520931,2,0
520929,520929,520930,1,0
520929,520929,520931,2,0
520929,520929,520930,1,0
520929,520929,520930,1,0
520929,520929,520930,1,0
520929,520929,520930,1,0
520929,520929,520931,2,0
520929,520929,520931,2,0
520929,520929,520931,2,0
520929,520929,520931,2,0
520929,520929,520931,2,0
520929,520929,520931,2,0
520929,520929,520932,3,0
520929,520929,520931,2,0
520929,520929,520932,3,0
520929,520929,520932,3,0
520929,520929,520932,3,0
520929,520929,520933,4,0
520128,520128,520938,810,0
520941,520941,520942,1,0
520941,520941,520942,1,0
520941,520941,520942,1,0
520941,520941,520942,1,0
520941,520941,520942,1,0
520941,520941,520942,1,0
520941,520941,520942,1,0
520941,520941,520942,1,0
520941,520941,520942,1,0
520941,520941,520942,1,0
520941,520941,520942,1,0
520941,520941,520942,1,0
520941,520941,520942,1,0
520941,520941,520942,1,0
520941,520941,520942,1,0
520941,520941,520942,1,0
520941,520941,520942,1,0
520941,520941,520942,1,0
520941,520941,520942,1,0
520941,520941,520942,1,0
520941,520941,520942,1,0
520941,520941,520942,1,0
520941,520941,520942,1,0
520941,520941,520942,1,0
520941,520941,520942,1,0
520941,520941,520942,1,0
520941,520941,520942,1,0
520941,520941,520942,1,0
520941,520941,520943,2,0
520941,520941,520943,2,0
520941,520941,520943,2,0
520941,520941,520943,2,0
520941,520941,520943,2,0
520941,520941,520943,2,0
520941,520942,520943,1,1
520941,520942,520943,1,1
520941,520942,520943,1,1
520941,520942,520943,1,1
520941,520942,520943,1,1
520941,520942,520943,1,1
520941,520942,520943,1,1
520941,520942,520943,1,1
520941,520942,520943,1,1
520941,520942,520943,1,1
520941,520942,520943,1,1
520941,520941,520943,2,0
520118,520118,520943,825,0
520941,520941,520943,2,0
520941,520941,520943,2,0
520941,520941,520943,2,0
520941,520941,520944,3,0
520950,520950,520951,1,0
520950,520950,520951,1,0
520950,520950,520951,1,0
520950,520950,520951,1,0
520950,520950,520951,1,0
520950,520950,520951,1,0
520950,520950,520951,1,0
520950,520950,520951,1,0
520950,520950,520951,1,0
520950,520950,520951,1,0
520950,520950,520951,1,0
520950,520950,520951,1,0
520950,520950,520951,1,0
520950,520950,520951,1,0
520950,520950,520951,1,0
520950,520950,520951,1,0
520950,520950,520951,1,0
520950,520950,520951,1,0
520950,520950,520951,1,0
520950,520950,520951,1,0
520950,520950,520951,1,0
520950,520950,520951,1,0
520950,520950,520951,1,0
520950,520950,520951,1,0
520950,520950,520951,1,0
520950,520950,520951,1,0
520950,520950,520951,1,0
520950,520950,520951,1,0
520950,520950,520951,1,0
520950,520950,520951,1,0
520950,520950,520951,1,0
520950,520950,520951,1,0
520950,520950,520951,1,0
520950,520950,520951,1,0
520950,520951,520952,1,1
520950,520951,520952,1,1
520950,520951,520952,1,1
520950,520950,520951,1,0
520950,520951,520952,1,1
520950,520951,520953,2,1
520175,520175,520982,807,0
520984,520984,520985,1,0
520984,520984,520985,1,0
520984,520984,520985,1,0
520984,520984,520985,1,0
520984,520984,520985,1,0
520984,520984,520985,1,0
520984,520984,520985,1,0
520984,520984,520985,1,0
520984,520984,520985,1,0
520984,520984,520985,1,0
520984,520984,520985,1,0
520984,520984,520985,1,0
520984,520984,520985,1,0
520984,520984,520985,1,0
520984,520984,520985,1,0
520984,520984,520985,1,0
520984,520984,520985,1,0
520984,520984,520985,1,0
520984,520984,520985,1,0
520984,520984,520985,1,0
520984,520984,520985,1,0
520984,520984,520985,1,0
520984,520984,520985,1,0
520984,520984,520985,1,0
520984,520984,520985,1,0
520984,520984,520985,1,0
520984,520984,520985,1,0
520984,520984,520985,1,0
520984,520984,520985,1,0
520984,520984,520985,1,0
520984,520984,520985,1,0
520984,520984,520985,1,0
520984,520984,520985,1,0
520984,520984,520985,1,0
520984,520984,520985,1,0
520984,520984,520985,1,0
520984,520984,520985,1,0
520984,520984,520985,1,0
520984,520984,520985,1,0
520984,520984,520985,1,0
520984,520984,520985,1,0
520984,520984,520985,1,0
520984,520984,520985,1,0
520984,520984,520985,1,0
520984,520984,520985,1,0
520984,520984,520985,1,0
520984,520984,520985,1,0
520984,520984,520985,1,0
520984,520984,520985,1,0
520984,520984,520985,1,0
520258,520258,521044,786,0
521045,521045,521046,1,0
521045,521045,521046,1,0
521045,521045,521046,1,0
521045,521045,521046,1,0
521045,521045,521046,1,0
521045,521045,521046,1,0
521045,521045,521046,1,0
521045,521045,521046,1,0
521045,521045,521046,1,0
521045,521045,521046,1,0
521045,521045,521046,1,0
521045,521045,521046,1,0
521045,521045,521046,1,0
521045,521045,521046,1,0
521045,521045,521046,1,0
521045,521045,521046,1,0
521045,521045,521046,1,0
521045,521045,521046,1,0
521045,521045,521046,1,0
521045,521045,521046,1,0
521045,521045,521046,1,0
521045,521045,521046,1,0
521045,521045,521046,1,0
521045,521045,521046,1,0
521045,521045,521046,1,0
521045,521045,521046,1,0
521045,521045,521046,1,0
521045,521045,521046,1,0
521045,521046,521047,1,1
521045,521045,521047,2,0
521045,521045,521046,1,0
521045,521045,521047,2,0
521045,521045,521046,1,0
521045,521045,521046,1,0
521045,521045,521047,2,0
521045,521045,521047,2,0
521045,521045,521047,2,0
521045,521045,521047,2,0
521045,521045,521047,2,0
521045,521046,521047,1,1
521045,521046,521047,1,1
521045,521045,521047,2,0
521045,521046,521047,1,1
521045,521046,521047,1,1
521045,521046,521047,1,1
521045,521049,521050,1,4
521045,521049,521050,1,4
521045,521049,521050,1,4
521045,521049,521050,1,4
521045,521049,521050,1,4
520271,520271,521098,827,0
521100,521100,521101,1,0
521100,521100,521101,1,0
521100,521100,521101,1,0
521100,521100,521101,1,0
521100,521100,521101,1,0
521100,521100,521101,1,0
521100,521100,521101,1,0
521100,521100,521101,1,0
521100,521100,521101,1,0
521100,521100,521101,1,0
521100,521100,521101,1,0
521100,521100,521101,1,0
521100,521100,521101,1,0
521100,521100,521101,1,0
521100,521100,521101,1,0
521100,521100,521101,1,0
521100,521100,521101,1,0
521100,521100,521101,1,0
521100,521100,521101,1,0
521100,521100,521102,2,0
521100,521100,521101,1,0
521100,521100,521101,1,0
521100,521100,521101,1,0
521100,521100,521101,1,0
521100,521100,521101,1,0
521100,521100,521101,1,0
521100,521100,521101,1,0
521100,521100,521101,1,0
521100,521101,521102,1,1
521100,521101,521102,1,1
521100,521100,521102,2,0
521100,521101,521102,1,1
521100,521101,521102,1,1
521100,521101,521102,1,1
521100,521101,521102,1,1
521100,521101,521102,1,1
521100,521100,521102,2,0
521100,521100,521102,2,0
521100,521100,521102,2,0
521100,521101,521102,1,1
521100,521101,521102,1,1
521100,521101,521102,1,1
521100,521101,521102,1,1
521100,521101,521102,1,1
521100,521100,521102,2,0
521100,521101,521102,1,1
521100,521100,521102,2,0
521100,521101,521102,1,1
521100,521101,521102,1,1
520322,520322,521142,820,0
521143,521143,521144,1,0
521143,521143,521144,1,0
521143,521143,521144,1,0
521143,521143,521144,1,0
521143,521143,521144,1,0
521143,521143,521144,1,0
521143,521143,521144,1,0
521143,521143,521144,1,0
521143,521143,521144,1,0
521143,521143,521144,1,0
521143,521143,521144,1,0
521143,521143,521144,1,0
521143,521143,521144,1,0
521143,521144,521145,1,1
521143,521143,521145,2,0
521143,521143,521144,1,0
521143,521143,521144,1,0
521143,521143,521144,1,0
521143,521144,521145,1,1
521143,521144,521145,1,1
521143,521144,521145,1,1
521143,521143,521145,2,0
521143,521143,521145,2,0
521143,521143,521145,2,0
521143,521143,521145,2,0
521143,521143,521144,1,0
521143,521143,521145,2,0
521143,521143,521145,2,0
521143,521143,521145,2,0
521143,521143,521145,2,0
521143,521143,521145,2,0
521143,521143,521145,2,0
521143,521143,521145,2,0
521143,521143,521144,1,0
521143,521143,521144,1,0
521143,521143,521144,1,0
521143,521143,521145,2,0
521143,521144,521145,1,1
521143,521144,521145,1,1
521143,521143,521146,3,0
521143,521143,521145,2,0
521143,521143,521146,3,0
521143,521143,521146,3,0
521143,521144,521145,1,1
521143,521143,521146,3,0
521143,521144,521146,2,1
521143,521143,521146,3,0
521143,521143,521146,3,0
520339,520339,521165,826,0
521166,521166,521167,1,0
521166,521166,521167,1,0
521166,521166,521167,1,0
521166,521166,521167,1,0
521166,521166,521168,2,0
521166,521166,521167,1,0
521166,521166,521167,1,0
521166,521166,521168,2,0
521166,521166,521167,1,0
521166,521166,521167,1,0
521166,521166,521168,2,0
521166,521166,521167,1,0
521166,521166,521167,1,0
521166,521166,521167,1,0
521166,521166,521167,1,0
521166,521166,521167,1,0
521166,521166,521167,1,0
521166,521166,521167,1,0
521166,521166,521167,1,0
521166,521166,521168,2,0
521166,521166,521168,2,0
521166,521166,521167,1,0
521166,521166,521167,1,0
521166,521166,521167,1,0
521166,521166,521167,1,0
521166,521166,521167,1,0
521166,521166,521168,2,0
521166,521166,521167,1,0
521166,521166,521167,1,0
521166,521166,521167,1,0
521166,521166,521168,2,0
521166,521166,521168,2,0
521166,521166,521167,1,0
521166,521166,521167,1,0
521166,521166,521167,1,0
521166,521166,521167,1,0
521166,521166,521167,1,0
521166,521166,521167,1,0
521166,521166,521168,2,0
521166,521166,521169,3,0
521166,521166,521168,2,0
521166,521166,521168,2,0
521166,521166,521169,3,0
521166,521166,521169,3,0
521166,521166,521168,2,0
521166,521166,521169,3,0
521166,521166,521168,2,0
521166,521166,521169,3,0
521166,521166,521170,4,0
521166,521166,521169,3,0
520361,520361,521177,816,0
521180,521180,521181,1,0
521180,521180,521181,1,0
521180,521180,521181,1,0
521180,521180,521181,1,0
521180,521180,521181,1,0
521180,521180,521181,1,0
521180,521180,521181,1,0
521180,521180,521181,1,0
521180,521180,521181,1,0
521180,521180,521181,1,0
521180,521180,521181,1,0
521180,521180,521182,2,0
521180,521180,521181,1,0
521180,521180,521181,1,0
521180,521180,521182,2,0
521180,521180,521181,1,0
521180,521180,521181,1,0
521180,521180,521181,1,0
521180,521180,521182,2,0
521180,521180,521181,1,0
521180,521180,521181,1,0
521180,521180,521181,1,0
521180,521180,521181,1,0
521180,521180,521181,1,0
521180,521180,521181,1,0
521180,521180,521181,1,0
521180,521180,521181,1,0
521180,521180,521181,1,0
521180,521180,521181,1,0
521180,521180,521181,1,0
521180,521180,521181,1,0
521180,521180,521181,1,0
521180,521180,521181,1,0
521180,521180,521181,1,0
521180,521180,521181,1,0
521180,521180,521181,1,0
521180,521180,521181,1,0
521180,521180,521181,1,0
521180,521180,521181,1,0
521180,521180,521181,1,0
521180,521180,521181,1,0
521180,521180,521183,3,0
521180,521180,521182,2,0
521180,521180,521183,3,0
521180,521180,521183,3,0
521180,521180,521182,2,0
521180,521180,521182,2,0
521180,521180,521182,2,0
521180,521180,521183,3,0
521180,521180,521183,3,0
520365,520365,521201,836,0
521202,521203,521204,1,1
521202,521203,521204,1,1
521202,521203,521204,1,1
521202,521203,521204,1,1
521202,521203,521204,1,1
521202,521203,521204,1,1
521202,521203,521204,1,1
521202,521203,521205,2,1
521202,521203,521204,1,1
521202,521203,521204,1,1
521202,521203,521204,1,1
521202,521203,521204,1,1
521202,521203,521204,1,1
521202,521203,521204,1,1
521202,521203,521205,2,1
521202,521203,521204,1,1
521202,521203,521204,1,1
521202,521203,521204,1,1
521202,521203,521204,1,1
521202,521203,521204,1,1
521202,521203,521204,1,1
521202,521203,521204,1,1
521202,521203,521204,1,1
521202,521203,521204,1,1
521202,521203,521204,1,1
521202,521203,521204,1,1
521202,521203,521204,1,1
521202,521203,521204,1,1
521202,521203,521204,1,1
521202,521203,521204,1,1
521202,521203,521204,1,1
521202,521203,521204,1,1
521202,521203,521204,1,1
521202,521203,521204,1,1
521202,521203,521204,1,1
521202,521203,521204,1,1
521202,521203,521204,1,1
521202,521203,521204,1,1
521202,521203,521204,1,1
521202,521203,521205,2,1
521202,521203,521205,2,1
521202,521203,521205,2,1
521202,521203,521205,2,1
521202,521203,521205,2,1
521202,521203,521205,2,1
521202,521203,521206,3,1
520428,520428,521212,784,0
521214,521214,521215,1,0
521214,521214,521215,1,0
521214,521214,521215,1,0
521214,521214,521215,1,0
521214,521214,521215,1,0
521214,521214,521215,1,0
521214,521214,521215,1,0
521214,521214,521215,1,0
521214,521214,521215,1,0
521214,521214,521215,1,0
521214,521214,521215,1,0
521214,521214,521215,1,0
521214,521214,521215,1,0
521214,521214,521215,1,0
521214,521214,521215,1,0
521214,521214,521215,1,0
521214,521214,521215,1,0
521214,521214,521215,1,0
521214,521214,521215,1,0
521214,521214,521215,1,0
521214,521214,521215,1,0
521214,521214,521215,1,0
521214,521214,521215,1,0
521214,521214,521215,1,0
521214,521214,521215,1,0
521214,521214,521216,2,0
521214,521214,521216,2,0
521214,521214,521215,1,0
521214,521214,521216,2,0
521214,521214,521215,1,0
521214,521214,521216,2,0
521214,521214,521215,1,0
521214,521214,521215,1,0
521214,521214,521215,1,0
521214,521214,521216,2,0
521214,521214,521215,1,0
521214,521214,521216,2,0
521214,521214,521216,2,0
521214,521214,521215,1,0
521214,521214,521215,1,0
521214,521214,521217,3,0
521214,521214,521216,2,0
521214,521215,521217,2,1
520430,520430,521226,796,0
521228,521228,521229,1,0
521228,521228,521229,1,0
521228,521228,521229,1,0
521228,521228,521229,1,0
521228,521228,521229,1,0
521228,521228,521229,1,0
521228,521228,521229,1,0
521228,521228,521229,1,0
521228,521228,521229,1,0
521228,521228,521229,1,0
521228,521228,521229,1,0
521228,521228,521229,1,0
521228,521228,521229,1,0
521228,521228,521229,1,0
521228,521228,521229,1,0
521228,521228,521229,1,0
521228,521228,521229,1,0
521228,521228,521229,1,0
521228,521228,521229,1,0
521228,521228,521229,1,0
521228,521228,521229,1,0
521228,521228,521229,1,0
521228,521228,521229,1,0
521228,521228,521230,2,0
521228,521228,521229,1,0
521228,521228,521229,1,0
521228,521228,521229,1,0
521228,521228,521229,1,0
521228,521228,521229,1,0
521228,521228,521229,1,0
521228,521228,521229,1,0
521228,521228,521229,1,0
521228,521228,521229,1,0
521228,521228,521229,1,0
521228,521228,521229,1,0
521228,521228,521229,1,0
521228,521228,521230,2,0
521228,521228,521229,1,0
521228,521228,521229,1,0
521228,521228,521230,2,0
521228,521228,521229,1,0
521228,521228,521229,1,0
521228,521228,521229,1,0
521228,521228,521229,1,0
521228,521228,521229,1,0
521228,521228,521230,2,0
521228,521228,521229,1,0
521228,521228,521229,1,0
521228,521228,521229,1,0
521228,521228,521229,1,0
521202,521203,521206,3,1
521214,521236,521237,1,22
521214,521236,521237,1,22
521214,521236,521237,1,22
521214,521236,521239,3,22
520439,520439,521256,817,0
521257,521257,521258,1,0
521257,521257,521258,1,0
521257,521257,521258,1,0
521257,521257,521258,1,0
521257,521257,521258,1,0
521257,521257,521258,1,0
521257,521257,521258,1,0
521257,521257,521258,1,0
521257,521257,521258,1,0
521257,521257,521258,1,0
521257,521257,521258,1,0
521257,521257,521258,1,0
521257,521257,521258,1,0
521257,521257,521258,1,0
521257,521257,521258,1,0
521257,521257,521258,1,0
521257,521257,521258,1,0
521257,521257,521258,1,0
521257,521257,521258,1,0
521257,521257,521258,1,0
521257,521257,521258,1,0
521257,521257,521258,1,0
521257,521257,521258,1,0
521257,521257,521259,2,0
521257,521257,521258,1,0
521257,521257,521258,1,0
521257,521257,521258,1,0
521257,521257,521258,1,0
521257,521257,521259,2,0
521257,521257,521258,1,0
521257,521257,521258,1,0
521257,521257,521259,2,0
521257,521257,521258,1,0
521257,521257,521259,2,0
521257,521257,521259,2,0
521257,521257,521259,2,0
521257,521257,521259,2,0
521257,521257,521259,2,0
521257,521257,521259,2,0
521257,521257,521260,3,0
521257,521257,521260,3,0
521257,521257,521260,3,0
521257,521257,521260,3,0
521257,521257,521260,3,0
521257,521257,521260,3,0
521257,521257,521259,2,0
521257,521280,521281,1,23
521257,521280,521281,1,23
521257,521280,521281,1,23
521257,521280,521281,1,23
520452,520453,521289,836,1
521293,521293,521294,1,0
521293,521293,521294,1,0
521293,521293,521294,1,0
521293,521293,521294,1,0
521293,521293,521294,1,0
521293,521293,521294,1,0
521293,521293,521294,1,0
521293,521293,521294,1,0
521293,521293,521294,1,0
521293,521293,521294,1,0
521293,521293,521294,1,0
521293,521293,521294,1,0
521293,521293,521294,1,0
521293,521293,521294,1,0
521293,521293,521294,1,0
521293,521293,521294,1,0
521293,521293,521294,1,0
521293,521293,521294,1,0
521293,521293,521294,1,0
521293,521293,521294,1,0
521293,521293,521294,1,0
521293,521293,521294,1,0
521293,521293,521294,1,0
521293,521293,521294,1,0
521293,521293,521294,1,0
521293,521293,521294,1,0
521293,521293,521294,1,0
521293,521293,521294,1,0
521293,521293,521294,1,0
521293,521294,521295,1,1
521293,521294,521295,1,1
521293,521293,521294,1,0
521293,521293,521294,1,0
521293,521293,521294,1,0
521293,521293,521294,1,0
521293,521293,521294,1,0
521293,521293,521294,1,0
521293,521293,521294,1,0
521293,521293,521294,1,0
521293,521293,521294,1,0
521293,521293,521294,1,0
521293,521293,521294,1,0
520468,520468,521312,844,0
521313,521313,521314,1,0
521313,521313,521314,1,0
521313,521313,521314,1,0
521313,521313,521314,1,0
521313,521313,521314,1,0
521313,521313,521314,1,0
521313,521313,521314,1,0
521313,521313,521314,1,0
521313,521313,521314,1,0
521313,521313,521314,1,0
521313,521313,521314,1,0
521313,521313,521314,1,0
521313,521313,521314,1,0
521313,521313,521314,1,0
521313,521313,521314,1,0
521313,521313,521314,1,0
521313,521313,521314,1,0
521313,521313,521314,1,0
521313,521313,521314,1,0
521313,521313,521314,1,0
521313,521313,521314,1,0
521313,521313,521314,1,0
521313,521313,521314,1,0
521313,521313,521314,1,0
521313,521313,521314,1,0
521313,521313,521314,1,0
521313,521313,521314,1,0
521313,521313,521314,1,0
521313,521313,521314,1,0
521313,521313,521314,1,0
521313,521313,521314,1,0
521313,521313,521314,1,0
521313,521313,521314,1,0
521313,521313,521314,1,0
521313,521313,521314,1,0
521313,521313,521314,1,0
521313,521313,521314,1,0
521313,521313,521314,1,0
521313,521313,521314,1,0
521313,521313,521314,1,0
521313,521313,521314,1,0
521313,521313,521314,1,0
521313,521313,521314,1,0
521313,521313,521314,1,0
521313,521313,521314,1,0
521313,521313,521314,1,0
521313,521313,521314,1,0
521313,521313,521314,1,0
521313,521313,521314,1,0
521313,521313,521314,1,0
520475,520475,521317,842,0
521321,521321,521322,1,0
521321,521321,521322,1,0
521321,521321,521322,1,0
521321,521321,521322,1,0
521321,521321,521322,1,0
521321,521321,521322,1,0
521321,521321,521322,1,0
521321,521321,521322,1,0
521321,521321,521322,1,0
521321,521321,521322,1,0
521321,521321,521322,1,0
521321,521321,521322,1,0
521321,521321,521322,1,0
521321,521321,521322,1,0
521321,521321,521322,1,0
521321,521321,521322,1,0
521321,521321,521322,1,0
521321,521321,521322,1,0
521321,521321,521322,1,0
520543,520543,521322,779,0
521321,521321,521322,1,0
521321,521321,521322,1,0
521321,521321,521322,1,0
521321,521321,521322,1,0
521321,521321,521322,1,0
521321,521321,521322,1,0
521321,521321,521322,1,0
521321,521321,521322,1,0
521321,521321,521322,1,0
521321,521321,521322,1,0
521321,521321,521322,1,0
521321,521321,521322,1,0
521321,521321,521322,1,0
521321,521322,521323,1,1
521321,521322,521323,1,1
521321,521321,521322,1,0
521321,521321,521322,1,0
521321,521321,521323,2,0
521321,521321,521322,1,0
521321,521321,521322,1,0
521321,521321,521323,2,0
521321,521321,521322,1,0
521321,521321,521322,1,0
521321,521321,521322,1,0
521323,521323,521324,1,0
521323,521324,521325,1,1
521323,521324,521325,1,1
521323,521324,521325,1,1
521323,521323,521325,2,0
521323,521323,521325,2,0
521323,521324,521325,1,1
521323,521323,521325,2,0
521323,521323,521325,2,0
521323,521324,521325,1,1
521323,521324,521325,1,1
521323,521323,521325,2,0
521323,521323,521325,2,0
521323,521323,521325,2,0
521323,521324,521325,1,1
521323,521324,521325,1,1
521323,521323,521325,2,0
521323,521324,521325,1,1
521323,521324,521325,1,1
521323,521324,521325,1,1
521323,521324,521325,1,1
521323,521323,521325,2,0
521323,521323,521325,2,0
521323,521323,521325,2,0
521323,521324,521325,1,1
521323,521323,521325,2,0
521323,521323,521325,2,0
521323,521323,521325,2,0
521323,521324,521325,1,1
521323,521324,521325,1,1
521323,521324,521325,1,1
521323,521325,521326,1,2
521323,521325,521326,1,2
521323,521323,521326,3,0
521323,521323,521326,3,0
521323,521323,521326,3,0
521323,521323,521327,4,0
521323,521323,521327,4,0
521323,521323,521326,3,0
521323,521324,521326,2,1
521323,521324,521326,2,1
521323,521323,521327,4,0
521323,521323,521327,4,0
521323,521324,521327,3,1
520505,520507,521331,824,2
521344,521344,521345,1,0
521344,521344,521345,1,0
521344,521344,521345,1,0
521344,521344,521345,1,0
521344,521344,521345,1,0
521344,521344,521345,1,0
521344,521344,521345,1,0
521344,521344,521345,1,0
521344,521344,521345,1,0
521344,521344,521345,1,0
521344,521344,521345,1,0
521344,521344,521345,1,0
521344,521344,521345,1,0
521344,521344,521345,1,0
521344,521344,521345,1,0
521344,521344,521345,1,0
521344,521344,521345,1,0
521344,521344,521345,1,0
521344,521344,521345,1,0
521344,521344,521345,1,0
521344,521344,521345,1,0
521344,521344,521345,1,0
521344,521344,521345,1,0
521344,521344,521345,1,0
521344,521344,521345,1,0
521344,521344,521345,1,0
521344,521344,521345,1,0
521344,521344,521345,1,0
521344,521344,521345,1,0
521344,521344,521345,1,0
521344,521344,521345,1,0
521344,521344,521345,1,0
521344,521344,521345,1,0
521344,521344,521345,1,0
521344,521344,521345,1,0
521344,521344,521345,1,0
521344,521344,521345,1,0
521344,521344,521345,1,0
521344,521344,521345,1,0
521344,521344,521345,1,0
521344,521344,521345,1,0
521344,521344,521345,1,0
521344,521344,521345,1,0
521344,521344,521345,1,0
520551,520551,521363,812,0
521367,521367,521368,1,0
521367,521367,521368,1,0
521367,521367,521368,1,0
521367,521367,521368,1,0
521367,521367,521368,1,0
521367,521367,521368,1,0
521367,521367,521368,1,0
521367,521367,521368,1,0
521367,521367,521368,1,0
521367,521367,521368,1,0
521367,521367,521368,1,0
521367,521367,521369,2,0
521367,521367,521369,2,0
521367,521367,521368,1,0
521367,521367,521368,1,0
521367,521367,521368,1,0
521367,521367,521369,2,0
521367,521367,521369,2,0
521367,521367,521369,2,0
521367,521367,521369,2,0
521367,521367,521369,2,0
521367,521367,521368,1,0
521367,521367,521369,2,0
521367,521367,521369,2,0
521367,521367,521369,2,0
521367,521367,521369,2,0
521367,521367,521368,1,0
521367,521367,521368,1,0
521367,521367,521369,2,0
521367,521367,521369,2,0
521367,521367,521369,2,0
521367,521367,521369,2,0
521367,521367,521368,1,0
521367,521367,521370,3,0
521367,521367,521370,3,0
521367,521367,521370,3,0
521367,521367,521370,3,0
521367,521367,521370,3,0
521367,521367,521370,3,0
521367,521367,521370,3,0
521367,521378,521379,1,11
521367,521378,521379,1,11
521367,521378,521379,1,11
521367,521384,521385,1,17
521367,521384,521385,1,17
521367,521384,521386,2,17
521367,521378,521379,1,11
521367,521378,521380,2,11
520918,520918,521732,814,0
521732,521733,521734,1,1
521732,521733,521734,1,1
521732,521733,521734,1,1
521732,521733,521734,1,1
521732,521733,521734,1,1
521732,521733,521734,1,1
521732,521733,521734,1,1
521732,521733,521734,1,1
521732,521733,521734,1,1
521732,521733,521734,1,1
521732,521733,521734,1,1
521732,521733,521734,1,1
521732,521733,521734,1,1
521732,521733,521734,1,1
521732,521733,521734,1,1
521732,521733,521734,1,1
521732,521733,521734,1,1
521732,521733,521734,1,1
521732,521733,521734,1,1
521732,521733,521734,1,1
521732,521733,521734,1,1
521732,521733,521734,1,1
521732,521733,521734,1,1
521732,521733,521734,1,1
521732,521733,521734,1,1
521732,521733,521734,1,1
521732,521733,521734,1,1
521732,521733,521734,1,1
521732,521733,521734,1,1
521732,521733,521734,1,1
521732,521733,521734,1,1
521732,521733,521734,1,1
521732,521733,521734,1,1
521732,521733,521734,1,1
521732,521733,521734,1,1
521732,521733,521734,1,1
521732,521733,521735,2,1
521732,521733,521736,3,1
521732,521733,521735,2,1
521732,521733,521735,2,1
521732,521733,521735,2,1
521732,521733,521735,2,1
521732,521733,521735,2,1
521732,521733,521735,2,1
521732,521733,521736,3,1
521732,521733,521736,3,1
521732,521733,521735,2,1
520942,520943,521743,800,1
521744,521745,521746,1,1
521744,521745,521746,1,1
521744,521745,521746,1,1
521744,521745,521746,1,1
521744,521745,521746,1,1
521744,521745,521747,2,1
521744,521745,521746,1,1
521744,521745,521746,1,1
521744,521745,521746,1,1
521744,521745,521746,1,1
521744,521745,521746,1,1
521744,521745,521746,1,1
521744,521745,521746,1,1
521744,521745,521746,1,1
521744,521745,521746,1,1
521744,521745,521746,1,1
521744,521745,521746,1,1
521744,521745,521746,1,1
521744,521745,521746,1,1
521744,521745,521746,1,1
521744,521745,521746,1,1
521744,521745,521746,1,1
521744,521745,521746,1,1
521744,521745,521746,1,1
521744,521745,521746,1,1
521744,521745,521746,1,1
521744,521745,521746,1,1
521744,521745,521746,1,1
521744,521745,521746,1,1
521744,521745,521746,1,1
521744,521745,521746,1,1
521744,521745,521746,1,1
521744,521745,521746,1,1
521744,521745,521746,1,1
521744,521745,521747,2,1
521744,521745,521747,2,1
521744,521745,521747,2,1
521744,521745,521747,2,1
521744,521745,521747,2,1
520930,520930,521749,819,0
521755,521755,521756,1,0
521755,521755,521756,1,0
521755,521755,521756,1,0
521755,521755,521756,1,0
521755,521755,521756,1,0
521755,521755,521756,1,0
521755,521755,521756,1,0
521755,521755,521756,1,0
521755,521755,521756,1,0
521755,521755,521756,1,0
521755,521755,521756,1,0
521755,521755,521756,1,0
521755,521755,521756,1,0
521755,521755,521756,1,0
521755,521755,521756,1,0
521755,521755,521756,1,0
521755,521755,521756,1,0
521755,521755,521756,1,0
521755,521755,521757,2,0
521755,521755,521756,1,0
521755,521755,521756,1,0
521755,521755,521756,1,0
521755,521755,521756,1,0
521755,521755,521757,2,0
521755,521755,521756,1,0
521755,521755,521756,1,0
521755,521755,521757,2,0
521755,521755,521757,2,0
521755,521755,521756,1,0
521755,521755,521756,1,0
521755,521755,521756,1,0
521755,521755,521757,2,0
521755,521755,521756,1,0
521755,521755,521756,1,0
521755,521755,521756,1,0
521755,521755,521756,1,0
521755,521755,521756,1,0
521755,521755,521756,1,0
521755,521755,521757,2,0
521755,521755,521756,1,0
521755,521755,521757,2,0
521755,521755,521757,2,0
521755,521755,521757,2,0
521755,521755,521758,3,0
521755,521755,521757,2,0
521755,521755,521757,2,0
521755,521755,521758,3,0
521755,521755,521758,3,0
521755,521755,521758,3,0
520951,520951,521775,824,0
521778,521778,521779,1,0
521778,521778,521779,1,0
521778,521778,521779,1,0
521778,521778,521779,1,0
521778,521778,521779,1,0
521778,521778,521779,1,0
521778,521778,521779,1,0
521778,521778,521779,1,0
521778,521778,521779,1,0
521778,521778,521779,1,0
521778,521778,521779,1,0
521778,521778,521779,1,0
521778,521778,521779,1,0
521778,521778,521779,1,0
521778,521778,521779,1,0
521778,521778,521779,1,0
521778,521778,521779,1,0
521778,521778,521779,1,0
521778,521778,521779,1,0
521778,521778,521779,1,0
521778,521778,521779,1,0
521778,521778,521779,1,0
521778,521778,521779,1,0
521778,521778,521780,2,0
521778,521778,521779,1,0
521778,521779,521780,1,1
521778,521779,521780,1,1
521778,521778,521779,1,0
521778,521778,521779,1,0
521778,521778,521779,1,0
521778,521778,521779,1,0
521778,521778,521779,1,0
521778,521778,521779,1,0
521778,521778,521779,1,0
521778,521778,521779,1,0
521778,521778,521779,1,0
521778,521778,521779,1,0
521778,521778,521779,1,0
521778,521778,521779,1,0
521778,521778,521779,1,0
521778,521778,521780,2,0
521778,521778,521779,1,0
521778,521779,521787,8,1
521778,521797,521798,1,19
520985,520985,521802,817,0
521805,521805,521806,1,0
521805,521805,521806,1,0
521805,521805,521806,1,0
521805,521805,521806,1,0
521805,521805,521806,1,0
521805,521805,521806,1,0
521805,521805,521806,1,0
521805,521805,521806,1,0
521805,521805,521806,1,0
521805,521805,521806,1,0
521805,521805,521806,1,0
521805,521805,521806,1,0
521805,521805,521806,1,0
521805,521805,521806,1,0
521805,521805,521806,1,0
521805,521805,521806,1,0
521805,521805,521806,1,0
521805,521805,521806,1,0
521805,521805,521806,1,0
521805,521805,521806,1,0
521805,521805,521806,1,0
521805,521805,521806,1,0
521805,521805,521806,1,0
521805,521805,521806,1,0
521805,521805,521806,1,0
521805,521805,521806,1,0
521805,521806,521807,1,1
521805,521806,521807,1,1
521805,521805,521807,2,0
521805,521805,521806,1,0
521805,521805,521806,1,0
521805,521805,521806,1,0
521805,521805,521807,2,0
521805,521805,521806,1,0
521805,521805,521807,2,0
521805,521805,521807,2,0
521805,521805,521807,2,0
521047,521047,521846,799,0
521848,521848,521849,1,0
521848,521848,521849,1,0
521848,521848,521849,1,0
521848,521848,521849,1,0
521848,521848,521849,1,0
521848,521848,521849,1,0
521848,521848,521849,1,0
521848,521848,521849,1,0
521848,521848,521849,1,0
521848,521848,521849,1,0
521848,521848,521849,1,0
521848,521848,521849,1,0
521848,521848,521849,1,0
521848,521848,521849,1,0
521848,521848,521849,1,0
521848,521848,521849,1,0
521848,521848,521849,1,0
521848,521848,521849,1,0
521848,521848,521849,1,0
521848,521848,521849,1,0
521848,521848,521849,1,0
521848,521848,521849,1,0
521848,521848,521849,1,0
521848,521848,521849,1,0
521848,521848,521849,1,0
521848,521848,521849,1,0
521848,521848,521849,1,0
521848,521848,521849,1,0
521848,521848,521849,1,0
521848,521848,521849,1,0
521848,521848,521849,1,0
521848,521848,521849,1,0
521848,521848,521849,1,0
521848,521848,521849,1,0
521848,521848,521849,1,0
521848,521848,521849,1,0
521848,521848,521849,1,0
521848,521856,521857,1,8
521848,521856,521857,1,8
521848,521856,521857,1,8
521848,521856,521857,1,8
521848,521856,521857,1,8
521848,521856,521857,1,8
521848,521875,521876,1,27
521848,521875,521876,1,27
521848,521875,521876,1,27
521848,521875,521876,1,27
521848,521875,521876,1,27
521848,521875,521876,1,27
521102,521102,521913,811,0
521915,521915,521916,1,0
521915,521915,521916,1,0
521915,521915,521916,1,0
521915,521915,521916,1,0
521915,521915,521916,1,0
521915,521915,521916,1,0
521915,521915,521916,1,0
521915,521915,521916,1,0
521915,521915,521916,1,0
521915,521915,521916,1,0
521915,521915,521916,1,0
521915,521915,521916,1,0
521915,521915,521916,1,0
521915,521915,521916,1,0
521915,521915,521916,1,0
521915,521915,521916,1,0
521915,521915,521916,1,0
521915,521915,521916,1,0
521915,521915,521916,1,0
521915,521915,521916,1,0
521915,521915,521916,1,0
521915,521915,521916,1,0
521915,521915,521916,1,0
521915,521915,521916,1,0
521915,521915,521916,1,0
521915,521915,521916,1,0
521915,521915,521916,1,0
521915,521915,521916,1,0
521915,521915,521916,1,0
521915,521915,521916,1,0
521915,521916,521917,1,1
521915,521916,521917,1,1
521915,521916,521917,1,1
521915,521916,521917,1,1
521915,521916,521917,1,1
521915,521916,521917,1,1
521915,521915,521916,1,0
521915,521915,521916,1,0
521915,521915,521916,1,0
521915,521915,521916,1,0
521915,521915,521916,1,0
521915,521915,521916,1,0
521915,521915,521916,1,0
521915,521915,521916,1,0
521915,521915,521916,1,0
521915,521915,521916,1,0
521915,521915,521916,1,0
521915,521915,521916,1,0
521915,521915,521916,1,0
521915,521915,521917,2,0
521144,521144,521956,812,0
521958,521958,521959,1,0
521958,521958,521959,1,0
521958,521958,521959,1,0
521958,521958,521959,1,0
521958,521958,521959,1,0
521958,521958,521959,1,0
521958,521958,521959,1,0
521958,521958,521959,1,0
521958,521958,521959,1,0
521958,521958,521959,1,0
521958,521958,521959,1,0
521958,521958,521959,1,0
521958,521958,521959,1,0
521958,521958,521959,1,0
521958,521958,521959,1,0
521958,521958,521959,1,0
521958,521958,521959,1,0
521958,521958,521959,1,0
521958,521958,521959,1,0
521958,521958,521959,1,0
521958,521958,521959,1,0
521958,521958,521959,1,0
521958,521958,521960,2,0
521958,521958,521959,1,0
521958,521958,521959,1,0
521958,521958,521959,1,0
521958,521958,521959,1,0
521958,521958,521959,1,0
521958,521958,521959,1,0
521958,521958,521959,1,0
521958,521958,521959,1,0
521958,521958,521959,1,0
521958,521958,521960,2,0
521958,521958,521959,1,0
521958,521958,521959,1,0
521958,521958,521959,1,0
521958,521958,521959,1,0
521958,521958,521959,1,0
521958,521958,521959,1,0
521958,521958,521959,1,0
521958,521958,521959,1,0
521958,521958,521959,1,0
521958,521958,521959,1,0
521167,521167,521984,817,0
521958,521984,521985,1,26
521958,521984,521985,1,26
521958,521984,521985,1,26
521958,521984,521985,1,26
521958,521984,521985,1,26
521181,521181,521988,807,0
521990,521990,521991,1,0
521990,521990,521991,1,0
521990,521990,521991,1,0
521990,521990,521991,1,0
521990,521990,521991,1,0
521990,521990,521991,1,0
521990,521990,521991,1,0
521990,521990,521991,1,0
521990,521990,521991,1,0
521990,521990,521991,1,0
521990,521990,521991,1,0
521990,521990,521991,1,0
521990,521990,521991,1,0
521990,521990,521991,1,0
521990,521990,521991,1,0
521990,521990,521991,1,0
521990,521990,521991,1,0
521990,521990,521991,1,0
521990,521990,521991,1,0
521990,521990,521991,1,0
521990,521990,521991,1,0
521990,521990,521991,1,0
521990,521990,521991,1,0
521990,521990,521991,1,0
521990,521990,521991,1,0
521990,521990,521991,1,0
521990,521990,521991,1,0
521990,521990,521991,1,0
521990,521990,521991,1,0
521990,521990,521991,1,0
521990,521990,521991,1,0
521990,521990,521991,1,0
521990,521990,521991,1,0
521990,521990,521991,1,0
521990,521990,521991,1,0
521990,521990,521991,1,0
521990,521990,521991,1,0
521990,521990,521991,1,0
521990,521990,521991,1,0
521990,521990,521991,1,0
521990,521990,521991,1,0
521990,521990,521991,1,0
521990,521990,521991,1,0
521990,521990,521991,1,0
521990,521990,521992,2,0
521990,521990,521991,1,0
521990,521990,521991,1,0
521990,521990,521991,1,0
521990,521990,521992,2,0
521992,521992,521993,1,0
521992,521992,521993,1,0
521992,521992,521993,1,0
521992,521992,521993,1,0
521992,521992,521993,1,0
521992,521992,521993,1,0
521992,521992,521993,1,0
521992,521992,521993,1,0
521992,521992,521993,1,0
521992,521992,521993,1,0
521992,521992,521993,1,0
521992,521992,521993,1,0
521992,521992,521993,1,0
521990,521990,521993,3,0
521992,521993,521994,1,1
521992,521993,521994,1,1
521992,521992,521994,2,0
521992,521992,521994,2,0
521992,521992,521993,1,0
521992,521992,521994,2,0
521992,521992,521994,2,0
521992,521992,521994,2,0
521992,521992,521994,2,0
521992,521992,521994,2,0
521992,521992,521994,2,0
521992,521992,521994,2,0
521992,521992,521993,1,0
521992,521992,521994,2,0
521992,521992,521994,2,0
521992,521992,521994,2,0
521992,521992,521993,1,0
521992,521992,521994,2,0
521992,521992,521994,2,0
521992,521992,521993,1,0
521992,521992,521993,1,0
521992,521992,521993,1,0
521992,521992,521993,1,0
521992,521992,521994,2,0
521992,521992,521994,2,0
521992,521992,521994,2,0
521992,521992,521993,1,0
521992,521993,521995,2,1
521992,521993,521995,2,1
521992,521992,521995,3,0
521992,521992,521995,3,0
521992,521992,521995,3,0
521992,521992,521995,3,0
521992,521992,521995,3,0
521992,521992,521995,3,0
521992,521992,521995,3,0
521992,521992,521995,3,0
521204,521204,521995,791,0
521999,521999,522000,1,0
521999,521999,522000,1,0
521999,521999,522000,1,0
521999,521999,522000,1,0
521999,521999,522000,1,0
521999,521999,522000,1,0
521999,521999,522000,1,0
521999,521999,522000,1,0
521999,521999,522000,1,0
521999,521999,522000,1,0
521999,521999,522000,1,0
521999,521999,522000,1,0
521999,521999,522000,1,0
521999,521999,522000,1,0
521999,521999,522000,1,0
521999,521999,522001,2,0
521999,521999,522000,1,0
521999,521999,522000,1,0
521999,522000,522001,1,1
521999,522000,522001,1,1
521999,522000,522001,1,1
521999,522000,522001,1,1
521999,521999,522001,2,0
521999,521999,522001,2,0
521999,521999,522000,1,0
521999,521999,522000,1,0
521999,521999,522000,1,0
521999,521999,522001,2,0
521999,521999,522001,2,0
521999,521999,522000,1,0
521999,521999,522001,2,0
521999,521999,522001,2,0
521999,521999,522000,1,0
521999,521999,522001,2,0
521999,521999,522002,3,0
521999,521999,522002,3,0
521999,521999,522002,3,0
521999,521999,522002,3,0
521999,521999,522002,3,0
521999,521999,522002,3,0
521999,521999,522001,2,0
521999,521999,522002,3,0
521999,521999,522003,4,0
521999,522000,522003,3,1
521215,521215,522015,800,0
522017,522018,522019,1,1
522017,522018,522019,1,1
522017,522018,522019,1,1
522017,522018,522019,1,1
522017,522018,522019,1,1
522017,522018,522019,1,1
522017,522018,522019,1,1
522017,522018,522019,1,1
522017,522018,522019,1,1
522017,522017,522019,2,0
522017,522017,522019,2,0
522017,522017,522019,2,0
522017,522018,522019,1,1
522017,522018,522019,1,1
522017,522017,522019,2,0
522017,522017,522019,2,0
522017,522018,522019,1,1
522017,522018,522019,1,1
522017,522018,522019,1,1
522017,522017,522019,2,0
522017,522017,522019,2,0
522017,522017,522020,3,0
522017,522018,522020,2,1
522017,522017,522020,3,0
522017,522018,522020,2,1
522017,522018,522020,2,1
522017,522018,522020,2,1
522017,522018,522020,2,1
522017,522018,522020,2,1
522017,522018,522020,2,1
522017,522018,522021,3,1
522017,522018,522021,3,1
522017,522018,522022,4,1
521999,522024,522025,1,25
521999,522024,522025,1,25
521999,522024,522025,1,25
521999,522024,522025,1,25
521999,522024,522025,1,25
522017,522018,522025,7,1
521229,521229,522025,796,0
522017,522018,522027,9,1
521999,522024,522026,2,25
522027,522028,522029,1,1
522027,522028,522029,1,1
522027,522028,522029,1,1
522027,522028,522029,1,1
522027,522028,522029,1,1
522027,522028,522029,1,1
522027,522028,522029,1,1
522027,522028,522029,1,1
522027,522028,522029,1,1
522027,522028,522029,1,1
522027,522028,522029,1,1
522027,522028,522029,1,1
522027,522028,522029,1,1
522027,522028,522029,1,1
522027,522028,522029,1,1
522027,522028,522029,1,1
522027,522028,522029,1,1
522027,522028,522029,1,1
522027,522028,522029,1,1
522027,522028,522029,1,1
522027,522028,522029,1,1
522027,522028,522029,1,1
522027,522028,522029,1,1
522027,522028,522029,1,1
522027,522028,522029,1,1
522027,522028,522029,1,1
522027,522028,522029,1,1
522027,522028,522029,1,1
522027,522028,522030,2,1
522027,522028,522030,2,1
522027,522028,522030,2,1
522027,522028,522030,2,1
522027,522028,522030,2,1
522027,522028,522030,2,1
522027,522028,522030,2,1
522027,522028,522031,3,1
522027,522028,522032,4,1
522027,522028,522033,5,1
522027,522028,522032,4,1
521258,521258,522075,817,0
522077,522078,522079,1,1
522077,522078,522079,1,1
522077,522078,522079,1,1
522077,522078,522079,1,1
522077,522078,522079,1,1
522077,522078,522079,1,1
522077,522078,522079,1,1
522077,522078,522079,1,1
522077,522078,522079,1,1
522077,522078,522079,1,1
522077,522078,522079,1,1
522077,522078,522079,1,1
522077,522078,522079,1,1
522077,522078,522079,1,1
522077,522078,522079,1,1
522077,522078,522079,1,1
522077,522078,522079,1,1
522077,522078,522079,1,1
522077,522078,522079,1,1
522077,522078,522079,1,1
522077,522078,522079,1,1
522077,522078,522079,1,1
522077,522078,522079,1,1
522077,522078,522079,1,1
522077,522078,522079,1,1
522077,522078,522079,1,1
522077,522078,522079,1,1
522077,522078,522079,1,1
522077,522078,522080,2,1
522077,522078,522079,1,1
522077,522078,522079,1,1
522077,522078,522079,1,1
522077,522078,522079,1,1
522077,522078,522080,2,1
522077,522078,522080,2,1
522077,522078,522080,2,1
522077,522078,522080,2,1
522077,522078,522080,2,1
522077,522078,522080,2,1
522077,522078,522080,2,1
522077,522078,522080,2,1
522077,522084,522085,1,7
521294,521294,522096,802,0
522096,522097,522098,1,1
522096,522097,522098,1,1
522096,522097,522098,1,1
522096,522097,522098,1,1
522096,522097,522098,1,1
522096,522097,522098,1,1
522096,522097,522098,1,1
522096,522097,522098,1,1
522096,522097,522098,1,1
522096,522097,522098,1,1
522096,522097,522098,1,1
522096,522097,522098,1,1
522096,522097,522098,1,1
522096,522097,522098,1,1
522096,522097,522098,1,1
522096,522097,522098,1,1
522096,522097,522098,1,1
522096,522097,522098,1,1
522096,522097,522098,1,1
522096,522097,522098,1,1
522096,522097,522098,1,1
522096,522097,522098,1,1
522096,522097,522098,1,1
522096,522097,522098,1,1
522096,522097,522098,1,1
522096,522097,522098,1,1
522096,522097,522098,1,1
522096,522097,522098,1,1
522096,522097,522098,1,1
522096,522097,522098,1,1
522096,522097,522098,1,1
522096,522097,522098,1,1
522096,522097,522098,1,1
522096,522097,522098,1,1
522096,522097,522098,1,1
522096,522097,522098,1,1
522096,522097,522098,1,1
522096,522097,522098,1,1
522096,522097,522098,1,1
522096,522097,522098,1,1
522096,522097,522098,1,1
522096,522097,522098,1,1
522096,522097,522098,1,1
522096,522097,522098,1,1
522096,522097,522098,1,1
522096,522097,522099,2,1
522096,522097,522099,2,1
522096,522097,522099,2,1
522096,522097,522099,2,1
521322,521322,522118,796,0
522121,522121,522122,1,0
522121,522121,522122,1,0
522121,522121,522122,1,0
522121,522121,522122,1,0
522121,522121,522122,1,0
522121,522121,522122,1,0
522121,522121,522122,1,0
522121,522121,522122,1,0
522121,522121,522122,1,0
522121,522121,522122,1,0
522121,522121,522122,1,0
522121,522121,522122,1,0
522121,522121,522122,1,0
522121,522121,522122,1,0
522121,522121,522122,1,0
522121,522121,522122,1,0
522121,522121,522122,1,0
522121,522121,522122,1,0
522121,522121,522122,1,0
522121,522121,522122,1,0
522121,522121,522122,1,0
522121,522121,522122,1,0
522121,522121,522122,1,0
522121,522121,522122,1,0
522121,522121,522122,1,0
522121,522121,522122,1,0
522121,522121,522122,1,0
522121,522121,522122,1,0
522121,522121,522122,1,0
522121,522121,522122,1,0
522121,522121,522122,1,0
522121,522121,522122,1,0
522121,522121,522122,1,0
522121,522121,522122,1,0
522121,522121,522122,1,0
522121,522121,522122,1,0
522121,522121,522122,1,0
522121,522121,522122,1,0
522121,522121,522122,1,0
522121,522121,522122,1,0
522121,522121,522122,1,0
522121,522121,522122,1,0
522121,522121,522122,1,0
522121,522121,522122,1,0
522121,522121,522122,1,0
522121,522121,522122,1,0
522121,522121,522122,1,0
522121,522121,522122,1,0
522121,522121,522122,1,0
522121,522121,522122,1,0
521314,521314,522132,818,0
522133,522134,522135,1,1
522133,522134,522135,1,1
522133,522134,522135,1,1
522133,522134,522135,1,1
522133,522134,522135,1,1
522133,522134,522135,1,1
522133,522134,522135,1,1
522133,522134,522135,1,1
522133,522134,522135,1,1
522133,522134,522135,1,1
522133,522134,522135,1,1
522133,522134,522135,1,1
522133,522134,522135,1,1
522133,522134,522135,1,1
522133,522134,522135,1,1
522133,522134,522135,1,1
522133,522134,522135,1,1
522133,522134,522135,1,1
522133,522134,522135,1,1
522133,522134,522135,1,1
522133,522134,522135,1,1
522133,522134,522135,1,1
522133,522134,522135,1,1
522133,522134,522135,1,1
522133,522134,522135,1,1
522133,522134,522135,1,1
522133,522134,522135,1,1
522133,522134,522135,1,1
522133,522134,522135,1,1
522133,522134,522135,1,1
522133,522134,522135,1,1
522133,522134,522135,1,1
522133,522134,522135,1,1
522133,522134,522135,1,1
522133,522134,522135,1,1
522133,522134,522135,1,1
522133,522134,522135,1,1
522133,522134,522135,1,1
522133,522134,522135,1,1
522133,522134,522135,1,1
522133,522134,522135,1,1
522133,522134,522135,1,1
522133,522134,522135,1,1
522133,522134,522135,1,1
521325,521325,522141,816,0
522143,522143,522144,1,0
522143,522143,522144,1,0
522143,522143,522144,1,0
522143,522143,522144,1,0
522143,522143,522144,1,0
522143,522143,522144,1,0
522143,522143,522144,1,0
522143,522143,522144,1,0
522143,522143,522144,1,0
522143,522143,522144,1,0
522143,522143,522144,1,0
522143,522143,522144,1,0
522143,522143,522144,1,0
522143,522143,522144,1,0
522143,522143,522144,1,0
522143,522143,522144,1,0
522143,522143,522144,1,0
522143,522143,522144,1,0
522143,522143,522144,1,0
522143,522143,522144,1,0
522143,522143,522144,1,0
522143,522143,522144,1,0
522143,522143,522144,1,0
522143,522143,522144,1,0
522143,522143,522144,1,0
522143,522143,522144,1,0
522143,522143,522144,1,0
522143,522143,522144,1,0
522143,522143,522144,1,0
522143,522143,522144,1,0
522143,522143,522144,1,0
522143,522143,522144,1,0
522143,522143,522144,1,0
522143,522143,522144,1,0
522143,522143,522144,1,0
522143,522143,522144,1,0
522143,522143,522144,1,0
522143,522143,522144,1,0
522143,522143,522144,1,0
522143,522143,522144,1,0
522143,522144,522145,1,1
522143,522144,522147,3,1
521368,521368,522150,782,0
522143,522144,522150,6,1
522151,522151,522152,1,0
522151,522151,522152,1,0
522151,522151,522152,1,0
522151,522151,522152,1,0
522151,522151,522152,1,0
522151,522151,522152,1,0
522151,522151,522152,1,0
522151,522151,522152,1,0
522151,522151,522152,1,0
522151,522151,522152,1,0
522151,522151,522152,1,0
522151,522151,522152,1,0
522151,522151,522152,1,0
522151,522151,522152,1,0
522151,522151,522152,1,0
522151,522151,522152,1,0
522151,522151,522152,1,0
522151,522151,522152,1,0
522151,522151,522152,1,0
522151,522151,522152,1,0
522151,522151,522152,1,0
522151,522151,522152,1,0
522151,522151,522152,1,0
522151,522151,522152,1,0
522151,522151,522152,1,0
522151,522151,522152,1,0
522151,522151,522152,1,0
522151,522151,522152,1,0
522151,522151,522152,1,0
522151,522151,522152,1,0
522151,522152,522153,1,1
522151,522152,522153,1,1
522151,522151,522152,1,0
522151,522151,522152,1,0
522151,522151,522152,1,0
522151,522151,522152,1,0
522151,522151,522152,1,0
522151,522151,522152,1,0
522151,522151,522152,1,0
522151,522151,522152,1,0
522151,522151,522152,1,0
521345,521345,522196,851,0
522197,522197,522198,1,0
522197,522197,522198,1,0
522197,522197,522198,1,0
522197,522197,522198,1,0
522197,522197,522198,1,0
522197,522197,522198,1,0
522197,522197,522198,1,0
522197,522197,522198,1,0
522197,522197,522198,1,0
522197,522197,522198,1,0
522197,522197,522198,1,0
522197,522197,522198,1,0
522197,522197,522198,1,0
522197,522197,522198,1,0
522197,522197,522198,1,0
522197,522197,522198,1,0
522197,522197,522198,1,0
522197,522197,522198,1,0
522197,522197,522198,1,0
522197,522197,522198,1,0
522197,522197,522198,1,0
522197,522197,522198,1,0
522197,522197,522198,1,0
522197,522197,522198,1,0
522197,522197,522198,1,0
522197,522197,522198,1,0
522197,522197,522198,1,0
522197,522197,522198,1,0
522197,522197,522198,1,0
522197,522197,522198,1,0
522197,522197,522198,1,0
522197,522197,522198,1,0
522197,522197,522198,1,0
522197,522197,522198,1,0
522197,522197,522198,1,0
522197,522197,522198,1,0
522197,522197,522198,1,0
522197,522197,522198,1,0
522197,522197,522198,1,0
522197,522197,522198,1,0
522197,522198,522199,1,1
522197,522198,522199,1,1
522197,522198,522200,2,1
522197,522198,522206,8,1
521746,521746,522519,773,0
522520,522521,522522,1,1
522520,522521,522522,1,1
522520,522521,522522,1,1
522520,522521,522522,1,1
522520,522521,522522,1,1
522520,522521,522522,1,1
522520,522521,522522,1,1
522520,522521,522522,1,1
522520,522521,522522,1,1
522520,522521,522522,1,1
522520,522521,522522,1,1
522520,522521,522522,1,1
522520,522521,522522,1,1
522520,522521,522522,1,1
522520,522521,522522,1,1
522520,522521,522522,1,1
522520,522521,522522,1,1
522520,522521,522523,2,1
522520,522521,522522,1,1
522520,522521,522522,1,1
522520,522521,522522,1,1
522520,522521,522522,1,1
522520,522521,522522,1,1
522520,522521,522522,1,1
522520,522521,522522,1,1
522520,522521,522522,1,1
522520,522521,522522,1,1
522520,522521,522522,1,1
522520,522521,522522,1,1
522520,522521,522522,1,1
522520,522521,522522,1,1
522520,522521,522522,1,1
522520,522521,522522,1,1
522520,522521,522523,2,1
522520,522521,522523,2,1
522520,522521,522523,2,1
522520,522521,522523,2,1
522520,522521,522524,3,1
522520,522521,522523,2,1
522520,522521,522523,2,1
522520,522521,522524,3,1
522520,522521,522524,3,1
521734,521734,522572,838,0
522573,522573,522574,1,0
522573,522573,522574,1,0
522573,522573,522574,1,0
522573,522573,522574,1,0
522573,522573,522574,1,0
522573,522573,522574,1,0
522573,522573,522574,1,0
522573,522573,522574,1,0
522573,522573,522574,1,0
522573,522573,522574,1,0
522573,522573,522574,1,0
522573,522573,522574,1,0
522573,522573,522574,1,0
522573,522573,522574,1,0
522573,522573,522574,1,0
522573,522573,522574,1,0
522573,522573,522574,1,0
522573,522573,522574,1,0
522573,522573,522574,1,0
522573,522573,522575,2,0
522573,522573,522574,1,0
522573,522573,522575,2,0
522573,522574,522575,1,1
522573,522574,522575,1,1
522573,522574,522575,1,1
522573,522574,522575,1,1
522573,522574,522575,1,1
522573,522574,522575,1,1
522573,522574,522575,1,1
522573,522574,522575,1,1
522573,522574,522575,1,1
522573,522573,522575,2,0
522573,522573,522575,2,0
522573,522573,522574,1,0
522573,522573,522574,1,0
522573,522573,522574,1,0
522573,522573,522575,2,0
522573,522573,522575,2,0
521806,521807,522575,768,1
522573,522573,522574,1,0
522573,522573,522574,1,0
522573,522573,522575,2,0
522573,522573,522576,3,0
522573,522573,522576,3,0
522573,522573,522576,3,0
522573,522574,522575,1,1
522573,522574,522576,2,1
522573,522573,522576,3,0
522573,522573,522576,3,0
522573,522573,522576,3,0
522573,522573,522576,3,0
521756,521756,522580,824,0
522585,522585,522586,1,0
522585,522585,522586,1,0
522585,522585,522586,1,0
522585,522585,522586,1,0
522585,522585,522586,1,0
522585,522585,522586,1,0
522585,522585,522586,1,0
522585,522585,522586,1,0
522585,522585,522586,1,0
522585,522585,522586,1,0
522585,522585,522586,1,0
522585,522585,522586,1,0
522585,522585,522586,1,0
522585,522585,522586,1,0
522585,522585,522586,1,0
522585,522585,522586,1,0
522585,522585,522587,2,0
522585,522585,522587,2,0
522585,522585,522587,2,0
522585,522585,522587,2,0
522585,522585,522586,1,0
522585,522585,522587,2,0
522585,522585,522586,1,0
522585,522585,522586,1,0
522585,522585,522586,1,0
522585,522585,522587,2,0
522585,522585,522586,1,0
522585,522585,522586,1,0
522585,522585,522586,1,0
522585,522585,522586,1,0
522585,522586,522587,1,1
522585,522585,522586,1,0
522585,522585,522587,2,0
522585,522585,522586,1,0
522585,522585,522587,2,0
522585,522585,522586,1,0
522585,522585,522586,1,0
522585,522585,522586,1,0
522585,522585,522587,2,0
522585,522585,522587,2,0
522585,522585,522586,1,0
522585,522585,522586,1,0
522585,522586,522587,1,1
522585,522585,522586,1,0
522585,522585,522586,1,0
522585,522585,522586,1,0
522585,522585,522587,2,0
522585,522585,522586,1,0
522585,522585,522586,1,0
522585,522586,522587,1,1
522585,522585,522587,2,0
522585,522585,522587,2,0
522585,522585,522586,1,0
522585,522586,522587,1,1
522585,522586,522587,1,1
522585,522585,522587,2,0
522585,522585,522588,3,0
522585,522585,522587,2,0
522585,522587,522588,1,2
522585,522587,522588,1,2
522585,522587,522588,1,2
522585,522585,522588,3,0
522585,522587,522588,1,2
522585,522587,522588,1,2
522585,522587,522588,1,2
522585,522585,522587,2,0
522585,522587,522588,1,2
522585,522587,522588,1,2
522585,522587,522588,1,2
522585,522587,522588,1,2
522585,522587,522588,1,2
522585,522585,522588,3,0
522585,522586,522587,1,1
522585,522587,522588,1,2
522585,522585,522588,3,0
522585,522586,522587,1,1
522585,522587,522588,1,2
522585,522585,522588,3,0
522585,522586,522588,2,1
522585,522586,522588,2,1
522585,522587,522588,1,2
522585,522585,522587,2,0
522585,522585,522587,2,0
522585,522587,522588,1,2
522585,522587,522588,1,2
522585,522587,522588,1,2
522585,522587,522588,1,2
522585,522587,522588,1,2
522585,522585,522587,2,0
522585,522586,522588,2,1
522585,522586,522588,2,1
522585,522586,522588,2,1
522585,522587,522588,1,2
522585,522585,522588,3,0
522585,522587,522588,1,2
522585,522587,522588,1,2
521779,521779,522612,833,0
522615,522615,522616,1,0
522615,522615,522616,1,0
522615,522615,522616,1,0
522615,522615,522616,1,0
522615,522615,522616,1,0
522615,522615,522616,1,0
522615,522615,522616,1,0
522615,522615,522616,1,0
522615,522615,522616,1,0
522615,522615,522616,1,0
522615,522615,522616,1,0
522615,522615,522616,1,0
522615,522615,522616,1,0
522615,522616,522617,1,1
522615,522616,522617,1,1
522615,522616,522617,1,1
522615,522616,522617,1,1
522615,522616,522617,1,1
522615,522616,522617,1,1
522615,522616,522617,1,1
522615,522616,522617,1,1
522615,522616,522617,1,1
522615,522615,522617,2,0
522615,522615,522617,2,0
522615,522615,522617,2,0
522615,522615,522616,1,0
522615,522615,522616,1,0
522615,522615,522617,2,0
522615,522615,522617,2,0
522615,522615,522617,2,0
522615,522615,522617,2,0
522615,522615,522616,1,0
522615,522615,522617,2,0
522615,522615,522616,1,0
522615,522615,522616,1,0
522615,522615,522617,2,0
522615,522615,522617,2,0
522615,522616,522617,1,1
522615,522616,522617,1,1
522615,522616,522617,1,1
522615,522616,522617,1,1
522615,522615,522617,2,0
522615,522615,522617,2,0
522615,522616,522617,1,1
522615,522615,522617,2,0
522615,522616,522618,2,1
522615,522615,522618,3,0
522615,522615,522618,3,0
522615,522616,522618,2,1
522615,522616,522619,3,1
521849,521849,522660,811,0
522662,522662,522663,1,0
522662,522662,522663,1,0
522662,522662,522663,1,0
522662,522662,522663,1,0
522662,522662,522663,1,0
522662,522662,522663,1,0
522662,522662,522663,1,0
522662,522662,522663,1,0
522662,522662,522663,1,0
522662,522662,522663,1,0
522662,522662,522663,1,0
522662,522662,522663,1,0
522662,522662,522663,1,0
522662,522662,522663,1,0
522662,522662,522663,1,0
522662,522662,522663,1,0
522662,522662,522663,1,0
522662,522662,522663,1,0
522662,522662,522663,1,0
522662,522662,522663,1,0
522662,522662,522663,1,0
522662,522662,522663,1,0
522662,522662,522663,1,0
522662,522662,522663,1,0
522662,522662,522663,1,0
522662,522662,522664,2,0
522662,522662,522663,1,0
522662,522662,522663,1,0
522662,522662,522664,2,0
522662,522662,522664,2,0
522662,522662,522663,1,0
522662,522662,522663,1,0
522662,522662,522663,1,0
522662,522662,522664,2,0
522662,522662,522663,1,0
522662,522662,522663,1,0
522662,522662,522663,1,0
522662,522662,522663,1,0
522662,522662,522664,2,0
522662,522662,522663,1,0
522662,522662,522663,1,0
522662,522662,522664,2,0
522662,522662,522663,1,0
522662,522662,522663,1,0
522662,522662,522663,1,0
522662,522694,522695,1,32
522662,522694,522695,1,32
522662,522694,522695,1,32
522662,522694,522695,1,32
522662,522694,522695,1,32
521916,521916,522744,828,0
522745,522745,522746,1,0
522745,522745,522746,1,0
522745,522745,522746,1,0
522745,522745,522746,1,0
522745,522745,522746,1,0
522745,522745,522746,1,0
522745,522745,522746,1,0
522745,522745,522746,1,0
522745,522745,522746,1,0
522745,522745,522746,1,0
522745,522745,522746,1,0
522745,522745,522746,1,0
522745,522745,522746,1,0
522745,522745,522746,1,0
522745,522745,522746,1,0
522745,522745,522746,1,0
522745,522745,522746,1,0
521959,521959,522746,787,0
522745,522745,522746,1,0
522745,522745,522746,1,0
522745,522745,522746,1,0
522745,522745,522746,1,0
522745,522745,522746,1,0
522745,522745,522746,1,0
522745,522745,522746,1,0
522745,522745,522746,1,0
522745,522745,522746,1,0
522745,522745,522746,1,0
522745,522745,522746,1,0
522745,522745,522746,1,0
522745,522745,522746,1,0
522745,522745,522746,1,0
522745,522745,522746,1,0
522745,522745,522747,2,0
522745,522745,522747,2,0
522745,522745,522746,1,0
522745,522745,522747,2,0
522745,522745,522747,2,0
522745,522745,522747,2,0
522745,522745,522747,2,0
522745,522745,522747,2,0
522745,522746,522747,1,1
522745,522746,522747,1,1
522745,522746,522747,1,1
522745,522746,522747,1,1
522745,522746,522747,1,1
522745,522746,522747,1,1
522745,522746,522747,1,1
522745,522746,522747,1,1
522745,522746,522747,1,1
522745,522746,522747,1,1
522747,522747,522748,1,0
522747,522747,522748,1,0
522747,522747,522748,1,0
522747,522747,522748,1,0
522747,522747,522748,1,0
522747,522747,522748,1,0
522747,522747,522748,1,0
522747,522747,522748,1,0
522747,522747,522748,1,0
522747,522747,522748,1,0
522747,522747,522748,1,0
522747,522747,522748,1,0
522747,522747,522748,1,0
522747,522747,522748,1,0
522747,522747,522748,1,0
522747,522747,522748,1,0
522747,522747,522748,1,0
522747,522747,522748,1,0
522747,522747,522748,1,0
522747,522747,522748,1,0
522747,522747,522748,1,0
522747,522747,522748,1,0
522747,522747,522748,1,0
522747,522747,522748,1,0
522747,522747,522748,1,0
522747,522747,522748,1,0
522747,522747,522748,1,0
522747,522747,522748,1,0
522747,522747,522748,1,0
522747,522747,522748,1,0
522747,522747,522748,1,0
522747,522747,522748,1,0
522747,522747,522748,1,0
522747,522747,522748,1,0
522747,522747,522749,2,0
522747,522747,522749,2,0
522747,522747,522749,2,0
522747,522747,522749,2,0
522747,522748,522749,1,1
522747,522748,522749,1,1
522747,522747,522749,2,0
522747,522747,522749,2,0
522747,522747,522749,2,0
522747,522747,522749,2,0
522747,522747,522749,2,0
522747,522747,522749,2,0
522747,522748,522749,1,1
522747,522748,522749,1,1
522747,522748,522749,1,1
522747,522747,522749,2,0
521991,521991,522806,815,0
522807,522808,522809,1,1
522029,522029,522808,779,0
522807,522808,522809,1,1
522807,522808,522809,1,1
522807,522808,522809,1,1
522807,522808,522809,1,1
522807,522808,522809,1,1
522807,522808,522809,1,1
522001,522001,522809,808,0
522807,522808,522809,1,1
522807,522808,522809,1,1
522807,522808,522809,1,1
522807,522808,522809,1,1
522807,522808,522809,1,1
522807,522808,522809,1,1
522810,522810,522811,1,0
522810,522810,522811,1,0
522810,522810,522811,1,0
522810,522810,522811,1,0
522810,522810,522811,1,0
522810,522810,522811,1,0
522810,522810,522811,1,0
522810,522810,522811,1,0
522810,522810,522811,1,0
522810,522810,522811,1,0
522810,522810,522811,1,0
522810,522810,522811,1,0
522810,522810,522811,1,0
522810,522810,522811,1,0
522810,522810,522811,1,0
522810,522810,522811,1,0
522810,522810,522811,1,0
522810,522810,522811,1,0
522810,522810,522811,1,0
522810,522810,522811,1,0
522810,522810,522811,1,0
522810,522810,522811,1,0
522810,522810,522811,1,0
522810,522810,522811,1,0
522810,522810,522811,1,0
522810,522810,522811,1,0
522810,522810,522811,1,0
522810,522810,522811,1,0
522810,522810,522811,1,0
522810,522810,522811,1,0
522810,522810,522811,1,0
522810,522810,522811,1,0
522810,522810,522811,1,0
522810,522810,522811,1,0
522810,522810,522811,1,0
522810,522810,522812,2,0
522810,522810,522812,2,0
522810,522810,522812,2,0
522810,522810,522811,1,0
522810,522810,522811,1,0
522810,522810,522813,3,0
522812,522812,522813,1,0
522812,522812,522813,1,0
522812,522812,522813,1,0
522812,522812,522813,1,0
522810,522810,522812,2,0
522810,522810,522813,3,0
522810,522810,522813,3,0
522812,522812,522813,1,0
522812,522812,522813,1,0
522810,522810,522812,2,0
522812,522812,522813,1,0
522812,522812,522813,1,0
522812,522812,522813,1,0
522812,522812,522813,1,0
522812,522812,522813,1,0
522810,522810,522812,2,0
522812,522812,522813,1,0
522812,522812,522813,1,0
522812,522812,522813,1,0
522812,522812,522813,1,0
522812,522812,522813,1,0
522810,522810,522813,3,0
522812,522812,522813,1,0
522812,522812,522813,1,0
522812,522812,522813,1,0
522812,522812,522813,1,0
522812,522812,522813,1,0
522812,522812,522813,1,0
522810,522810,522813,3,0
522812,522812,522813,1,0
522812,522812,522813,1,0
522812,522812,522813,1,0
522812,522812,522813,1,0
522812,522812,522813,1,0
522810,522810,522812,2,0
522812,522812,522813,1,0
522812,522812,522813,1,0
522812,522812,522813,1,0
522812,522812,522813,1,0
522812,522812,522813,1,0
522807,522812,522813,1,5
522807,522812,522813,1,5
522807,522812,522813,1,5
522807,522812,522813,1,5
522807,522812,522813,1,5
522807,522812,522813,1,5
522812,522812,522813,1,0
522812,522812,522813,1,0
522812,522813,522814,1,1
522812,522813,522814,1,1
522812,522813,522814,1,1
522812,522813,522814,1,1
522812,522813,522814,1,1
522812,522813,522814,1,1
522812,522813,522814,1,1
522812,522813,522814,1,1
522807,522814,522815,1,7
522807,522814,522815,1,7
522807,522814,522815,1,7
522807,522814,522815,1,7
522807,522814,522815,1,7
522019,522019,522815,796,0
522810,522814,522816,2,4
522827,522827,522828,1,0
522827,522827,522828,1,0
522827,522827,522828,1,0
522827,522827,522828,1,0
522827,522827,522828,1,0
522827,522827,522828,1,0
522827,522827,522828,1,0
522827,522827,522828,1,0
522827,522827,522828,1,0
522827,522827,522828,1,0
522827,522827,522828,1,0
522827,522827,522828,1,0
522827,522827,522828,1,0
522827,522827,522828,1,0
522827,522827,522828,1,0
522827,522827,522828,1,0
522827,522827,522828,1,0
522827,522827,522828,1,0
522827,522827,522828,1,0
522827,522827,522829,2,0
522827,522827,522829,2,0
522827,522827,522829,2,0
522827,522827,522829,2,0
522827,522827,522828,1,0
522827,522827,522828,1,0
522827,522827,522828,1,0
522827,522827,522828,1,0
522827,522827,522828,1,0
522827,522827,522828,1,0
522827,522827,522828,1,0
522827,522827,522828,1,0
522827,522827,522828,1,0
522827,522827,522828,1,0
522827,522827,522828,1,0
522827,522827,522828,1,0
522827,522827,522828,1,0
522827,522827,522828,1,0
522827,522827,522828,1,0
522827,522827,522828,1,0
522827,522827,522828,1,0
522827,522827,522829,2,0
522827,522827,522828,1,0
522827,522827,522829,2,0
522827,522827,522829,2,0
522827,522827,522830,3,0
522827,522827,522829,2,0
522827,522827,522829,2,0
522827,522827,522830,3,0
522827,522827,522829,2,0
521993,521994,522841,847,1
522846,522846,522847,1,0
522846,522846,522847,1,0
522846,522846,522847,1,0
522846,522846,522847,1,0
522846,522846,522847,1,0
522846,522846,522847,1,0
522846,522846,522847,1,0
522846,522846,522847,1,0
522846,522846,522847,1,0
522846,522846,522847,1,0
522846,522846,522847,1,0
522846,522846,522847,1,0
522846,522846,522847,1,0
522846,522846,522847,1,0
522846,522846,522847,1,0
522846,522846,522847,1,0
522846,522846,522847,1,0
522846,522846,522847,1,0
522846,522846,522847,1,0
522846,522846,522847,1,0
522846,522846,522847,1,0
522846,522846,522847,1,0
522846,522846,522847,1,0
522846,522846,522847,1,0
522846,522846,522847,1,0
522846,522846,522847,1,0
522846,522846,522847,1,0
522846,522846,522847,1,0
522846,522846,522847,1,0
522846,522846,522847,1,0
522846,522846,522847,1,0
522846,522846,522847,1,0
522846,522846,522847,1,0
522846,522846,522847,1,0
522846,522846,522847,1,0
522846,522847,522848,1,1
522846,522847,522848,1,1
522846,522847,522848,1,1
522846,522846,522847,1,0
522846,522846,522847,1,0
522846,522846,522847,1,0
522846,522846,522847,1,0
522846,522846,522847,1,0
522079,522079,522874,795,0
522875,522875,522876,1,0
522875,522875,522876,1,0
522875,522875,522876,1,0
522875,522875,522876,1,0
522875,522875,522876,1,0
522875,522875,522876,1,0
522875,522875,522876,1,0
522875,522875,522876,1,0
522875,522875,522876,1,0
522875,522875,522876,1,0
522875,522875,522876,1,0
522875,522875,522876,1,0
522875,522875,522876,1,0
522875,522875,522876,1,0
522875,522875,522876,1,0
522875,522875,522876,1,0
522875,522875,522876,1,0
522875,522875,522876,1,0
522875,522875,522876,1,0
522875,522875,522876,1,0
522875,522875,522876,1,0
522875,522875,522876,1,0
522875,522875,522876,1,0
522875,522875,522876,1,0
522875,522875,522877,2,0
522875,522875,522877,2,0
522875,522875,522876,1,0
522875,522875,522876,1,0
522875,522875,522876,1,0
522875,522875,522876,1,0
522875,522875,522876,1,0
522875,522875,522876,1,0
522875,522876,522877,1,1
522875,522875,522876,1,0
522875,522875,522876,1,0
522875,522875,522876,1,0
522875,522875,522877,2,0
522875,522875,522876,1,0
522875,522875,522878,3,0
522875,522875,522877,2,0
522875,522876,522878,2,1
522875,522875,522878,3,0
522875,522875,522877,2,0
522875,522879,522881,2,4
522098,522098,522894,796,0
522895,522895,522896,1,0
522895,522895,522896,1,0
522895,522895,522896,1,0
522895,522895,522896,1,0
522895,522895,522896,1,0
522895,522895,522896,1,0
522895,522895,522896,1,0
522895,522895,522896,1,0
522895,522895,522896,1,0
522895,522895,522896,1,0
522895,522895,522896,1,0
522895,522895,522896,1,0
522895,522895,522896,1,0
522895,522895,522896,1,0
522895,522895,522896,1,0
522895,522895,522896,1,0
522895,522895,522896,1,0
522895,522895,522896,1,0
522895,522895,522896,1,0
522895,522895,522896,1,0
522895,522895,522896,1,0
522895,522895,522896,1,0
522895,522895,522897,2,0
522895,522895,522896,1,0
522895,522895,522896,1,0
522895,522895,522896,1,0
522895,522895,522896,1,0
522895,522895,522896,1,0
522895,522895,522896,1,0
522895,522895,522896,1,0
522895,522895,522896,1,0
522895,522895,522896,1,0
522895,522895,522897,2,0
522895,522895,522896,1,0
522895,522895,522896,1,0
522895,522895,522896,1,0
522895,522895,522896,1,0
522895,522895,522897,2,0
522895,522895,522897,2,0
522895,522895,522897,2,0
522895,522895,522897,2,0
522895,522895,522898,3,0
522895,522895,522897,2,0
522895,522895,522898,3,0
522895,522914,522915,1,19
522895,522914,522915,1,19
522895,522914,522915,1,19
522895,522914,522915,1,19
522895,522914,522915,1,19
522895,522914,522917,3,19
522152,522152,522944,792,0
522945,522946,522947,1,1
522945,522946,522947,1,1
522945,522946,522947,1,1
522945,522946,522947,1,1
522945,522946,522947,1,1
522945,522946,522947,1,1
522945,522946,522947,1,1
522945,522946,522947,1,1
522945,522946,522947,1,1
522945,522946,522947,1,1
522945,522946,522947,1,1
522945,522946,522947,1,1
522945,522946,522947,1,1
522945,522946,522947,1,1
522945,522946,522947,1,1
522945,522946,522947,1,1
522945,522946,522947,1,1
522945,522946,522947,1,1
522945,522946,522947,1,1
522945,522946,522947,1,1
522945,522946,522947,1,1
522945,522946,522947,1,1
522945,522946,522947,1,1
522945,522946,522947,1,1
522945,522946,522947,1,1
522945,522946,522947,1,1
522945,522946,522947,1,1
522945,522946,522947,1,1
522945,522946,522947,1,1
522945,522946,522947,1,1
522945,522946,522947,1,1
522135,522135,522949,814,0
522122,522122,522951,829,0
522953,522954,522955,1,1
522953,522954,522955,1,1
522953,522954,522955,1,1
522953,522954,522955,1,1
522953,522954,522955,1,1
522953,522954,522955,1,1
522953,522954,522955,1,1
522953,522954,522955,1,1
522953,522954,522955,1,1
522953,522954,522955,1,1
522953,522954,522955,1,1
522953,522954,522955,1,1
522953,522954,522955,1,1
522953,522954,522955,1,1
522953,522954,522955,1,1
522953,522954,522955,1,1
522953,522954,522955,1,1
522953,522954,522955,1,1
522953,522954,522955,1,1
522953,522954,522955,1,1
522953,522954,522955,1,1
522953,522954,522955,1,1
522953,522954,522955,1,1
522953,522954,522955,1,1
522953,522954,522955,1,1
522953,522954,522955,1,1
522953,522954,522955,1,1
522953,522954,522955,1,1
522953,522954,522955,1,1
522953,522954,522955,1,1
522953,522954,522955,1,1
522953,522954,522955,1,1
522953,522954,522955,1,1
522953,522954,522955,1,1
522953,522954,522955,1,1
522953,522954,522955,1,1
522953,522954,522955,1,1
522953,522954,522955,1,1
522953,522954,522955,1,1
522953,522954,522955,1,1
522953,522954,522955,1,1
522953,522954,522955,1,1
522953,522954,522955,1,1
522953,522954,522955,1,1
522953,522954,522956,2,1
522956,522956,522957,1,0
522953,522954,522956,2,1
522956,522956,522957,1,0
522956,522956,522957,1,0
522953,522954,522956,2,1
522956,522956,522957,1,0
522956,522956,522957,1,0
522956,522956,522957,1,0
522956,522956,522957,1,0
522953,522954,522956,2,1
522956,522956,522957,1,0
522956,522956,522957,1,0
522956,522956,522957,1,0
522953,522954,522956,2,1
522956,522956,522957,1,0
522956,522956,522957,1,0
522956,522956,522957,1,0
522956,522956,522957,1,0
522956,522956,522957,1,0
522956,522956,522957,1,0
522956,522956,522957,1,0
522956,522956,522957,1,0
522956,522956,522957,1,0
522956,522956,522957,1,0
522956,522956,522957,1,0
522956,522956,522957,1,0
522956,522956,522957,1,0
522956,522956,522957,1,0
522956,522956,522957,1,0
522956,522956,522957,1,0
522956,522956,522957,1,0
522956,522956,522957,1,0
522956,522956,522957,1,0
522956,522956,522957,1,0
522956,522956,522957,1,0
522198,522199,523000,801,1
523002,523002,523003,1,0
523002,523002,523003,1,0
523002,523002,523003,1,0
523002,523002,523003,1,0
523002,523002,523003,1,0
523002,523002,523003,1,0
523002,523002,523003,1,0
523002,523002,523003,1,0
523002,523002,523003,1,0
523002,523002,523003,1,0
523002,523002,523003,1,0
523002,523002,523003,1,0
523002,523002,523003,1,0
523002,523002,523003,1,0
523002,523002,523003,1,0
523002,523002,523003,1,0
523002,523002,523003,1,0
523002,523002,523003,1,0
523002,523002,523003,1,0
523002,523002,523003,1,0
523002,523002,523003,1,0
523002,523002,523003,1,0
523002,523002,523003,1,0
523002,523002,523003,1,0
523002,523002,523003,1,0
523002,523002,523003,1,0
523002,523002,523003,1,0
523002,523002,523003,1,0
523002,523002,523003,1,0
523002,523002,523003,1,0
523002,523002,523003,1,0
523002,523002,523003,1,0
523002,523002,523003,1,0
523002,523003,523004,1,1
523002,523002,523003,1,0
523002,523002,523003,1,0
523002,523017,523018,1,15
523002,523017,523018,1,15
523002,523017,523018,1,15
523002,523017,523018,1,15
523002,523017,523018,1,15
522144,522145,523022,877,1
523023,523023,523024,1,0
523023,523023,523024,1,0
523023,523023,523024,1,0
523023,523023,523024,1,0
523023,523023,523024,1,0
523023,523023,523024,1,0
523023,523023,523024,1,0
523023,523023,523024,1,0
523023,523023,523024,1,0
523023,523023,523024,1,0
523023,523023,523024,1,0
523023,523023,523024,1,0
523023,523023,523024,1,0
523023,523023,523024,1,0
523023,523023,523024,1,0
523023,523023,523024,1,0
523023,523023,523024,1,0
523023,523023,523024,1,0
523023,523023,523024,1,0
523023,523023,523024,1,0
523023,523023,523024,1,0
523023,523023,523024,1,0
523023,523023,523024,1,0
523023,523023,523024,1,0
523023,523023,523025,2,0
523023,523024,523025,1,1
523023,523023,523024,1,0
523023,523023,523024,1,0
523023,523023,523024,1,0
523023,523023,523024,1,0
523023,523023,523024,1,0
523023,523023,523024,1,0
523023,523023,523024,1,0
523023,523023,523024,1,0
523023,523023,523024,1,0
523023,523023,523024,1,0
523023,523023,523024,1,0
523023,523023,523025,2,0
523023,523023,523024,1,0
523023,523023,523025,2,0
522522,522522,523324,802,0
523324,523325,523326,1,1
523324,523325,523326,1,1
523324,523325,523326,1,1
523324,523325,523326,1,1
523324,523325,523326,1,1
523324,523325,523326,1,1
523324,523325,523326,1,1
523324,523325,523326,1,1
523324,523325,523326,1,1
523324,523325,523326,1,1
523324,523325,523326,1,1
523324,523325,523326,1,1
523324,523325,523326,1,1
523324,523325,523326,1,1
523324,523325,523326,1,1
523324,523325,523326,1,1
523324,523325,523326,1,1
523324,523325,523326,1,1
523324,523325,523326,1,1
523324,523325,523326,1,1
523324,523325,523326,1,1
523324,523325,523326,1,1
523324,523325,523326,1,1
523324,523325,523326,1,1
523324,523325,523326,1,1
523324,523325,523326,1,1
523324,523325,523326,1,1
523324,523325,523326,1,1
523324,523325,523326,1,1
523324,523325,523326,1,1
523324,523325,523326,1,1
523324,523325,523326,1,1
523324,523325,523326,1,1
523324,523325,523326,1,1
523324,523325,523326,1,1
523324,523325,523326,1,1
523324,523325,523326,1,1
523324,523325,523326,1,1
523324,523325,523326,1,1
523324,523325,523326,1,1
523324,523325,523326,1,1
523324,523325,523326,1,1
523324,523325,523326,1,1
523324,523325,523326,1,1
523324,523325,523326,1,1
523324,523325,523326,1,1
522574,522574,523372,798,0
523373,523374,523375,1,1
523373,523374,523375,1,1
523373,523374,523375,1,1
523373,523374,523375,1,1
523373,523374,523375,1,1
523373,523374,523375,1,1
523373,523374,523375,1,1
523373,523374,523375,1,1
523373,523374,523375,1,1
523373,523374,523375,1,1
523373,523374,523375,1,1
523373,523374,523375,1,1
522586,522587,523375,788,1
523373,523374,523375,1,1
523373,523374,523375,1,1
523373,523374,523375,1,1
523373,523374,523375,1,1
523373,523374,523375,1,1
523373,523374,523375,1,1
523373,523374,523375,1,1
523373,523374,523375,1,1
523373,523374,523375,1,1
523373,523374,523375,1,1
523373,523374,523375,1,1
523373,523374,523375,1,1
523373,523374,523375,1,1
523373,523374,523375,1,1
523373,523374,523375,1,1
523373,523374,523375,1,1
523373,523374,523375,1,1
523373,523374,523375,1,1
523373,523374,523375,1,1
523373,523374,523375,1,1
523373,523374,523375,1,1
523373,523374,523375,1,1
523373,523374,523375,1,1
523373,523374,523375,1,1
523373,523374,523375,1,1
523373,523374,523375,1,1
523373,523374,523375,1,1
523373,523374,523375,1,1
523382,523382,523383,1,0
523382,523382,523383,1,0
523382,523382,523383,1,0
523382,523382,523383,1,0
523382,523382,523383,1,0
523382,523382,523383,1,0
523382,523382,523383,1,0
523382,523382,523383,1,0
523382,523382,523383,1,0
523382,523382,523383,1,0
523382,523382,523383,1,0
523382,523382,523384,2,0
523382,523382,523384,2,0
523382,523382,523384,2,0
523382,523382,523383,1,0
523382,523382,523383,1,0
523382,523382,523383,1,0
523382,523382,523383,1,0
523382,523382,523384,2,0
523382,523382,523384,2,0
523382,523382,523384,2,0
523382,523382,523383,1,0
523382,523382,523383,1,0
523382,523382,523383,1,0
523382,523383,523384,1,1
523382,523382,523384,2,0
523382,523382,523383,1,0
523382,523382,523383,1,0
523382,523382,523383,1,0
523382,523382,523383,1,0
523382,523382,523383,1,0
523382,523382,523383,1,0
523382,523382,523383,1,0
523382,523382,523384,2,0
523382,523382,523383,1,0
523382,523382,523383,1,0
523382,523382,523383,1,0
523382,523382,523383,1,0
523382,523382,523383,1,0
523382,523382,523383,1,0
523382,523382,523383,1,0
523382,523382,523384,2,0
523382,523382,523385,3,0
523382,523383,523385,2,1
523382,523382,523384,2,0
523382,523382,523385,3,0
523382,523382,523385,3,0
523382,523382,523385,3,0
523382,523382,523385,3,0
522616,522617,523401,784,1
523403,523403,523404,1,0
523403,523403,523404,1,0
523403,523403,523404,1,0
523403,523403,523404,1,0
523403,523403,523404,1,0
523403,523403,523404,1,0
523403,523403,523404,1,0
523403,523403,523404,1,0
523403,523403,523404,1,0
523403,523403,523404,1,0
523403,523403,523404,1,0
523403,523403,523404,1,0
523403,523403,523404,1,0
523403,523403,523404,1,0
523403,523403,523404,1,0
523403,523403,523405,2,0
523403,523403,523405,2,0
523403,523403,523404,1,0
523403,523403,523404,1,0
523403,523403,523405,2,0
523403,523403,523404,1,0
523403,523403,523404,1,0
523403,523403,523404,1,0
523403,523403,523404,1,0
523403,523403,523404,1,0
523403,523403,523404,1,0
523403,523403,523404,1,0
523403,523403,523404,1,0
523403,523403,523404,1,0
523403,523403,523404,1,0
523403,523403,523405,2,0
523403,523403,523404,1,0
523403,523403,523404,1,0
523403,523403,523404,1,0
523403,523403,523404,1,0
523403,523403,523404,1,0
523403,523403,523404,1,0
523403,523403,523404,1,0
523403,523403,523404,1,0
523403,523403,523404,1,0
523403,523403,523404,1,0
523403,523403,523405,2,0
523403,523403,523405,2,0
523403,523403,523405,2,0
523403,523403,523406,3,0
523403,523403,523406,3,0
523403,523403,523406,3,0
523403,523403,523405,2,0
523403,523403,523406,3,0
523403,523403,523406,3,0
522588,522588,523453,865,0
523454,523455,523456,1,1
523454,523455,523456,1,1
523454,523455,523456,1,1
523454,523455,523456,1,1
523454,523455,523456,1,1
523454,523455,523456,1,1
523454,523455,523456,1,1
523454,523455,523456,1,1
523454,523455,523456,1,1
523454,523455,523456,1,1
523454,523455,523456,1,1
523454,523455,523456,1,1
523454,523455,523456,1,1
523454,523455,523456,1,1
523454,523455,523456,1,1
523454,523455,523456,1,1
523454,523455,523456,1,1
523454,523455,523456,1,1
523454,523455,523456,1,1
523454,523455,523456,1,1
523454,523455,523456,1,1
523454,523455,523456,1,1
523454,523455,523456,1,1
523454,523455,523456,1,1
523454,523455,523456,1,1
523454,523455,523456,1,1
523454,523455,523456,1,1
523454,523455,523456,1,1
523454,523455,523457,2,1
523454,523455,523457,2,1
523454,523455,523457,2,1
523454,523455,523457,2,1
523454,523455,523457,2,1
523454,523455,523458,3,1
523454,523455,523457,2,1
523454,523455,523457,2,1
523454,523455,523457,2,1
523454,523455,523457,2,1
523454,523460,523461,1,6
523454,523460,523461,1,6
523454,523460,523461,1,6
522663,522663,523464,801,0
523471,523472,523473,1,1
523471,523472,523473,1,1
523471,523472,523473,1,1
523471,523472,523473,1,1
523471,523472,523473,1,1
523471,523472,523473,1,1
523471,523472,523473,1,1
523471,523472,523473,1,1
523471,523472,523473,1,1
523471,523472,523473,1,1
523471,523472,523473,1,1
523471,523472,523473,1,1
523471,523472,523473,1,1
523471,523472,523473,1,1
523471,523472,523473,1,1
523471,523472,523473,1,1
523471,523472,523473,1,1
523471,523472,523473,1,1
523471,523472,523473,1,1
523471,523472,523473,1,1
523471,523472,523473,1,1
523471,523472,523473,1,1
523471,523472,523473,1,1
523471,523472,523473,1,1
523471,523472,523473,1,1
523471,523472,523473,1,1
523471,523472,523473,1,1
523471,523472,523473,1,1
523471,523472,523473,1,1
523471,523472,523473,1,1
523471,523472,523473,1,1
523471,523472,523474,2,1
523471,523472,523474,2,1
523471,523472,523474,2,1
523471,523472,523474,2,1
523471,523472,523474,2,1
523471,523472,523474,2,1
523471,523472,523474,2,1
523471,523478,523479,1,7
523471,523478,523479,1,7
523471,523478,523479,1,7
522746,522747,523518,771,1
523519,523520,523521,1,1
523519,523520,523521,1,1
523519,523520,523521,1,1
523519,523520,523521,1,1
523519,523520,523521,1,1
523519,523520,523521,1,1
523519,523520,523521,1,1
523519,523520,523521,1,1
523519,523520,523521,1,1
523519,523520,523521,1,1
523519,523520,523521,1,1
523519,523520,523521,1,1
523519,523520,523521,1,1
523519,523520,523521,1,1
523519,523520,523521,1,1
523519,523520,523521,1,1
523519,523520,523521,1,1
523519,523520,523521,1,1
523519,523520,523521,1,1
523519,523520,523521,1,1
523519,523520,523521,1,1
523519,523520,523521,1,1
523519,523520,523521,1,1
523519,523520,523521,1,1
523519,523520,523521,1,1
523519,523520,523521,1,1
523519,523520,523521,1,1
523519,523520,523521,1,1
523519,523520,523521,1,1
523519,523520,523521,1,1
523519,523520,523521,1,1
523519,523520,523521,1,1
523519,523520,523521,1,1
523519,523520,523521,1,1
523519,523520,523521,1,1
523519,523520,523521,1,1
523519,523520,523521,1,1
523519,523520,523521,1,1
523519,523520,523521,1,1
523519,523520,523521,1,1
523519,523520,523522,2,1
523519,523520,523522,2,1
523519,523520,523522,2,1
523519,523520,523522,2,1
523519,523531,523532,1,12
523519,523531,523532,1,12
523519,523531,523532,1,12
523519,523531,523532,1,12
523519,523531,523532,1,12
523519,523531,523533,2,12
522749,522749,523536,787,0
523540,523540,523541,1,0
523540,523540,523541,1,0
523540,523540,523541,1,0
523540,523540,523541,1,0
523540,523540,523541,1,0
523540,523540,523541,1,0
523540,523540,523541,1,0
523540,523540,523541,1,0
523540,523540,523541,1,0
523540,523540,523541,1,0
523540,523540,523541,1,0
523540,523540,523541,1,0
523540,523540,523541,1,0
523540,523540,523541,1,0
523540,523540,523541,1,0
523540,523540,523541,1,0
523540,523540,523541,1,0
523540,523540,523541,1,0
523540,523540,523541,1,0
523540,523540,523541,1,0
523540,523540,523541,1,0
523540,523540,523541,1,0
523540,523540,523541,1,0
523540,523540,523541,1,0
523540,523540,523541,1,0
523540,523540,523541,1,0
523540,523540,523541,1,0
523540,523540,523541,1,0
523540,523540,523541,1,0
523540,523540,523542,2,0
523540,523541,523542,1,1
523540,523541,523542,1,1
523540,523541,523542,1,1
523540,523540,523542,2,0
523540,523541,523542,1,1
523540,523541,523542,1,1
523540,523541,523542,1,1
523540,523541,523542,1,1
523540,523541,523542,1,1
523540,523540,523542,2,0
523540,523541,523542,1,1
523540,523541,523542,1,1
523540,523541,523542,1,1
523540,523541,523542,1,1
523540,523541,523542,1,1
523540,523541,523542,1,1
523540,523540,523542,2,0
523540,523540,523542,2,0
523540,523540,523542,2,0
522811,522811,523601,790,0
522813,522813,523603,790,0
523603,523604,523605,1,1
523603,523604,523605,1,1
523603,523604,523605,1,1
523603,523604,523605,1,1
523603,523604,523605,1,1
523603,523604,523605,1,1
523603,523604,523605,1,1
523603,523604,523605,1,1
523603,523604,523605,1,1
523603,523604,523605,1,1
523603,523604,523605,1,1
523603,523604,523605,1,1
523603,523604,523605,1,1
523603,523604,523605,1,1
523603,523604,523605,1,1
523603,523604,523605,1,1
523603,523604,523605,1,1
523603,523604,523605,1,1
523603,523604,523605,1,1
523603,523604,523605,1,1
523603,523604,523605,1,1
523603,523604,523605,1,1
523603,523604,523605,1,1
523603,523604,523605,1,1
523603,523604,523605,1,1
523603,523604,523605,1,1
523603,523604,523605,1,1
523603,523604,523605,1,1
523603,523604,523605,1,1
523603,523604,523605,1,1
523603,523604,523605,1,1
523603,523604,523605,1,1
523603,523604,523605,1,1
523603,523604,523605,1,1
523603,523604,523605,1,1
523603,523604,523605,1,1
523603,523604,523605,1,1
523603,523604,523605,1,1
523603,523604,523605,1,1
523603,523604,523605,1,1
523603,523604,523605,1,1
523603,523604,523605,1,1
523603,523604,523605,1,1
523603,523604,523605,1,1
523606,523606,523607,1,0
523606,523606,523607,1,0
523606,523606,523607,1,0
523606,523606,523607,1,0
523606,523606,523607,1,0
523606,523606,523607,1,0
523606,523606,523607,1,0
523606,523606,523607,1,0
523606,523606,523607,1,0
523606,523606,523607,1,0
523606,523606,523607,1,0
523606,523606,523607,1,0
523606,523606,523607,1,0
523606,523606,523607,1,0
523606,523606,523607,1,0
523606,523606,523607,1,0
523606,523606,523607,1,0
523606,523606,523607,1,0
523606,523606,523607,1,0
523606,523606,523607,1,0
523606,523606,523607,1,0
523606,523606,523607,1,0
523606,523606,523607,1,0
523606,523606,523607,1,0
523606,523606,523607,1,0
523606,523606,523607,1,0
523606,523606,523607,1,0
523606,523606,523607,1,0
523606,523606,523607,1,0
523606,523606,523607,1,0
523606,523606,523607,1,0
523606,523606,523607,1,0
523606,523606,523607,1,0
523606,523606,523607,1,0
523606,523606,523607,1,0
523606,523606,523607,1,0
523606,523606,523607,1,0
523606,523606,523607,1,0
523606,523606,523607,1,0
523606,523606,523607,1,0
523606,523606,523607,1,0
523606,523606,523607,1,0
523606,523606,523607,1,0
523606,523606,523607,1,0
523606,523606,523607,1,0
523606,523606,523607,1,0
523606,523606,523607,1,0
523606,523606,523607,1,0
523606,523606,523607,1,0
522809,522809,523624,815,0
523626,523626,523627,1,0
523626,523626,523627,1,0
523626,523626,523627,1,0
523626,523626,523627,1,0
523626,523626,523627,1,0
523626,523626,523627,1,0
523626,523626,523627,1,0
523626,523626,523627,1,0
523626,523626,523627,1,0
523626,523626,523627,1,0
523626,523626,523627,1,0
523626,523626,523627,1,0
523626,523626,523627,1,0
523626,523626,523627,1,0
523626,523626,523627,1,0
523626,523626,523627,1,0
523626,523626,523627,1,0
523626,523626,523627,1,0
523626,523626,523627,1,0
523626,523626,523627,1,0
523626,523626,523627,1,0
523626,523626,523627,1,0
523626,523626,523627,1,0
523626,523626,523627,1,0
523626,523626,523627,1,0
523626,523626,523627,1,0
523626,523626,523627,1,0
523626,523626,523627,1,0
523626,523626,523627,1,0
523626,523626,523627,1,0
523626,523626,523627,1,0
523626,523626,523627,1,0
523626,523626,523627,1,0
523626,523626,523627,1,0
523626,523626,523627,1,0
523626,523626,523627,1,0
523626,523626,523627,1,0
523626,523626,523627,1,0
523626,523626,523627,1,0
523626,523626,523627,1,0
523626,523626,523627,1,0
523626,523626,523627,1,0
523626,523626,523627,1,0
523626,523626,523627,1,0
523626,523626,523627,1,0
523626,523626,523627,1,0
523626,523626,523627,1,0
522847,522847,523634,787,0
523635,523635,523636,1,0
523635,523635,523636,1,0
523635,523635,523636,1,0
523635,523635,523636,1,0
523635,523635,523636,1,0
523635,523635,523636,1,0
523635,523635,523636,1,0
523635,523635,523636,1,0
523635,523635,523636,1,0
523635,523636,523637,1,1
523635,523636,523637,1,1
523635,523636,523637,1,1
523635,523635,523636,1,0
523635,523635,523636,1,0
523635,523636,523637,1,1
523635,523635,523636,1,0
523635,523635,523636,1,0
523635,523635,523637,2,0
523635,523636,523637,1,1
523635,523636,523637,1,1
523635,523635,523636,1,0
523635,523635,523636,1,0
523635,523635,523637,2,0
523635,523636,523637,1,1
523635,523636,523637,1,1
523635,523636,523637,1,1
523635,523636,523637,1,1
523635,523636,523637,1,1
523635,523636,523637,1,1
523635,523636,523637,1,1
523635,523635,523637,2,0
523635,523636,523637,1,1
523635,523636,523637,1,1
523635,523636,523637,1,1
523635,523635,523637,2,0
523635,523635,523637,2,0
523635,523635,523637,2,0
523635,523636,523637,1,1
523635,523635,523637,2,0
523635,523636,523637,1,1
523635,523636,523637,1,1
523635,523636,523637,1,1
523635,523636,523637,1,1
522828,522828,523641,813,0
523644,523644,523645,1,0
523644,523644,523645,1,0
523644,523644,523645,1,0
523644,523644,523645,1,0
523644,523644,523645,1,0
523644,523644,523645,1,0
523644,523644,523645,1,0
523644,523644,523645,1,0
523644,523644,523645,1,0
523644,523644,523645,1,0
523644,523644,523645,1,0
523644,523644,523645,1,0
523644,523644,523645,1,0
523644,523644,523645,1,0
523644,523644,523645,1,0
523644,523644,523645,1,0
523644,523644,523645,1,0
523644,523644,523645,1,0
523644,523644,523645,1,0
523644,523644,523645,1,0
523644,523644,523645,1,0
523644,523644,523645,1,0
523644,523644,523645,1,0
523644,523644,523645,1,0
523644,523644,523645,1,0
523644,523644,523645,1,0
523644,523644,523645,1,0
523644,523644,523645,1,0
523644,523644,523645,1,0
523644,523644,523645,1,0
523644,523644,523645,1,0
523644,523644,523645,1,0
523644,523644,523645,1,0
523644,523644,523645,1,0
523644,523644,523645,1,0
523644,523644,523645,1,0
523644,523644,523645,1,0
523644,523644,523645,1,0
523644,523644,523645,1,0
523644,523644,523645,1,0
523644,523644,523645,1,0
522876,522876,523664,788,0
523665,523665,523666,1,0
523665,523665,523666,1,0
523665,523665,523666,1,0
523665,523665,523666,1,0
523665,523665,523666,1,0
523665,523665,523666,1,0
523665,523665,523666,1,0
523665,523665,523666,1,0
523665,523665,523666,1,0
523665,523665,523666,1,0
523665,523665,523666,1,0
523665,523665,523666,1,0
523665,523665,523666,1,0
523665,523665,523666,1,0
523665,523665,523666,1,0
523665,523665,523666,1,0
523665,523665,523667,2,0
523665,523665,523666,1,0
523665,523665,523666,1,0
523665,523665,523666,1,0
523665,523665,523666,1,0
523665,523665,523666,1,0
523665,523665,523666,1,0
523665,523665,523666,1,0
523665,523665,523667,2,0
523665,523665,523666,1,0
523665,523665,523667,2,0
523665,523665,523666,1,0
523665,523665,523666,1,0
523665,523665,523667,2,0
523665,523665,523666,1,0
523665,523665,523666,1,0
523665,523665,523666,1,0
523665,523665,523666,1,0
523665,523665,523666,1,0
523665,523665,523666,1,0
523665,523665,523666,1,0
523665,523665,523666,1,0
523665,523665,523666,1,0
523665,523665,523666,1,0
523665,523665,523666,1,0
523665,523665,523666,1,0
523665,523665,523666,1,0
523665,523665,523668,3,0
523665,523665,523667,2,0
523665,523665,523668,3,0
523665,523665,523667,2,0
523665,523665,523667,2,0
523665,523665,523667,2,0
523665,523665,523667,2,0
523644,523682,523683,1,38
523644,523682,523683,1,38
523644,523682,523683,1,38
523644,523682,523683,1,38
523644,523682,523683,1,38
522896,522896,523713,817,0
523716,523716,523717,1,0
523716,523716,523717,1,0
523716,523716,523717,1,0
523716,523716,523717,1,0
523716,523716,523717,1,0
523716,523716,523717,1,0
523716,523716,523717,1,0
523716,523716,523717,1,0
523716,523716,523717,1,0
523716,523716,523717,1,0
523716,523716,523717,1,0
523716,523716,523717,1,0
523716,523716,523717,1,0
523716,523716,523717,1,0
523716,523716,523717,1,0
523716,523716,523718,2,0
523716,523716,523717,1,0
523716,523716,523717,1,0
523716,523716,523717,1,0
523716,523716,523717,1,0
523716,523716,523717,1,0
523716,523716,523717,1,0
523716,523716,523717,1,0
523716,523716,523717,1,0
523716,523716,523717,1,0
523716,523716,523717,1,0
523716,523716,523717,1,0
523716,523716,523717,1,0
523716,523716,523717,1,0
523716,523716,523717,1,0
523716,523716,523717,1,0
523716,523716,523717,1,0
523716,523716,523717,1,0
523716,523716,523717,1,0
523716,523716,523717,1,0
523716,523716,523717,1,0
523716,523716,523718,2,0
523716,523716,523717,1,0
523716,523716,523717,1,0
523716,523716,523717,1,0
523716,523716,523717,1,0
523716,523716,523718,2,0
523716,523716,523718,2,0
523716,523716,523719,3,0
523716,523716,523718,2,0
523716,523716,523719,3,0
523716,523716,523718,2,0
523716,523716,523719,3,0
523716,523716,523718,2,0
523716,523716,523719,3,0
522955,522955,523735,780,0
523737,523737,523738,1,0
523737,523737,523738,1,0
523737,523737,523738,1,0
523737,523737,523738,1,0
523737,523737,523738,1,0
523737,523737,523738,1,0
523737,523737,523738,1,0
523737,523737,523738,1,0
523737,523737,523738,1,0
523737,523737,523738,1,0
523737,523737,523738,1,0
523737,523737,523738,1,0
523737,523737,523738,1,0
523737,523737,523738,1,0
523737,523737,523738,1,0
523737,523737,523738,1,0
523737,523737,523738,1,0
523737,523737,523738,1,0
523737,523737,523738,1,0
523737,523737,523738,1,0
523737,523737,523738,1,0
523737,523737,523738,1,0
523737,523737,523738,1,0
523737,523737,523738,1,0
523737,523737,523738,1,0
523737,523737,523738,1,0
523737,523737,523738,1,0
523737,523737,523738,1,0
523737,523737,523738,1,0
523737,523737,523738,1,0
523737,523737,523738,1,0
523737,523737,523738,1,0
523737,523737,523738,1,0
523737,523737,523738,1,0
523737,523737,523738,1,0
523737,523737,523738,1,0
523737,523737,523738,1,0
523737,523737,523738,1,0
523737,523737,523738,1,0
523737,523737,523738,1,0
523737,523737,523739,2,0
523737,523737,523738,1,0
523737,523737,523738,1,0
523737,523737,523740,3,0
523737,523737,523739,2,0
523737,523737,523740,3,0
523737,523737,523739,2,0
523737,523737,523740,3,0
523737,523737,523740,3,0
523737,523737,523740,3,0
522957,522957,523742,785,0
523748,523748,523749,1,0
523748,523748,523749,1,0
523748,523748,523749,1,0
523748,523748,523749,1,0
523748,523748,523749,1,0
523748,523748,523749,1,0
523748,523748,523749,1,0
523748,523748,523749,1,0
523748,523748,523749,1,0
523748,523748,523749,1,0
523748,523748,523749,1,0
523748,523748,523749,1,0
523748,523748,523749,1,0
523748,523748,523749,1,0
523748,523748,523749,1,0
523748,523748,523749,1,0
523748,523748,523749,1,0
523748,523748,523749,1,0
523748,523748,523749,1,0
523748,523748,523749,1,0
523748,523748,523749,1,0
523748,523748,523749,1,0
523748,523748,523749,1,0
523748,523748,523749,1,0
523748,523748,523749,1,0
523748,523748,523749,1,0
523748,523748,523749,1,0
523748,523748,523749,1,0
523748,523748,523749,1,0
523748,523748,523749,1,0
523748,523748,523749,1,0
523748,523748,523749,1,0
523748,523748,523749,1,0
523748,523748,523749,1,0
523748,523748,523749,1,0
523748,523748,523750,2,0
523748,523748,523750,2,0
523748,523748,523750,2,0
523748,523748,523750,2,0
523748,523748,523750,2,0
523748,523748,523749,1,0
523748,523748,523750,2,0
523748,523748,523749,1,0
523748,523748,523751,3,0
523748,523749,523751,2,1
523748,523748,523751,3,0
522947,522947,523755,808,0
523759,523759,523760,1,0
523759,523759,523760,1,0
523759,523759,523760,1,0
523759,523759,523760,1,0
523759,523759,523760,1,0
523759,523759,523760,1,0
523759,523759,523760,1,0
523759,523759,523760,1,0
523759,523759,523760,1,0
523759,523759,523760,1,0
523759,523759,523760,1,0
523759,523759,523760,1,0
523759,523759,523760,1,0
523759,523759,523761,2,0
523759,523759,523760,1,0
523759,523759,523760,1,0
523759,523759,523760,1,0
523759,523759,523761,2,0
523759,523759,523760,1,0
523759,523759,523760,1,0
523759,523759,523761,2,0
523759,523759,523761,2,0
523759,523759,523760,1,0
523759,523759,523761,2,0
523759,523759,523760,1,0
523759,523759,523760,1,0
523759,523759,523760,1,0
523759,523759,523761,2,0
523759,523759,523760,1,0
523759,523759,523760,1,0
523759,523759,523760,1,0
523759,523759,523761,2,0
523759,523759,523760,1,0
523759,523759,523760,1,0
523759,523759,523760,1,0
523759,523759,523760,1,0
523759,523759,523760,1,0
523759,523759,523760,1,0
523759,523759,523761,2,0
523759,523759,523760,1,0
523759,523759,523760,1,0
523759,523759,523760,1,0
523759,523759,523760,1,0
523759,523759,523761,2,0
523759,523759,523762,3,0
523759,523759,523762,3,0
523759,523759,523762,3,0
523759,523759,523762,3,0
523759,523759,523762,3,0
523759,523759,523762,3,0
523003,523003,523798,795,0
523800,523800,523801,1,0
523800,523800,523801,1,0
523800,523800,523801,1,0
523800,523800,523801,1,0
523800,523800,523801,1,0
523800,523800,523801,1,0
523800,523800,523801,1,0
523800,523800,523801,1,0
523800,523800,523801,1,0
523800,523800,523801,1,0
523800,523800,523801,1,0
523800,523800,523801,1,0
523800,523800,523801,1,0
523800,523800,523801,1,0
523800,523800,523801,1,0
523800,523800,523801,1,0
523800,523800,523801,1,0
523800,523800,523801,1,0
523800,523800,523801,1,0
523800,523800,523801,1,0
523800,523800,523801,1,0
523800,523800,523801,1,0
523800,523800,523801,1,0
523800,523800,523801,1,0
523800,523800,523801,1,0
523800,523800,523801,1,0
523800,523800,523801,1,0
523800,523800,523801,1,0
523800,523800,523801,1,0
523800,523800,523801,1,0
523800,523800,523801,1,0
523800,523800,523801,1,0
523800,523800,523801,1,0
523800,523800,523801,1,0
523800,523800,523801,1,0
523800,523800,523801,1,0
523800,523800,523801,1,0
523800,523800,523801,1,0
523800,523800,523801,1,0
523800,523800,523801,1,0
523800,523800,523801,1,0
523800,523800,523801,1,0
523800,523801,523802,1,1
523025,523025,523834,809,0
523836,523836,523837,1,0
523836,523836,523837,1,0
523836,523836,523837,1,0
523836,523836,523837,1,0
523836,523836,523837,1,0
523836,523836,523837,1,0
523836,523836,523837,1,0
523836,523836,523837,1,0
523836,523836,523837,1,0
523836,523836,523837,1,0
523836,523836,523837,1,0
523836,523836,523837,1,0
523836,523836,523837,1,0
523836,523836,523837,1,0
523836,523836,523837,1,0
523836,523836,523837,1,0
523836,523836,523837,1,0
523836,523836,523837,1,0
523836,523836,523837,1,0
523836,523836,523837,1,0
523836,523836,523837,1,0
523836,523836,523837,1,0
523836,523836,523837,1,0
523836,523836,523837,1,0
523836,523836,523837,1,0
523836,523836,523837,1,0
523836,523836,523837,1,0
523836,523836,523837,1,0
523836,523836,523837,1,0
523836,523836,523837,1,0
523836,523836,523837,1,0
523836,523836,523837,1,0
523836,523836,523837,1,0
523836,523836,523837,1,0
523836,523836,523837,1,0
523836,523836,523837,1,0
523836,523836,523837,1,0
523836,523836,523837,1,0
523836,523836,523837,1,0
523836,523836,523837,1,0
523836,523836,523837,1,0
523836,523836,523837,1,0
523836,523836,523837,1,0
523836,523836,523837,1,0
523836,523836,523837,1,0
523836,523836,523837,1,0
523836,523836,523837,1,0
523836,523836,523837,1,0
523836,523836,523837,1,0
523800,523839,523840,1,39
523800,523839,523840,1,39
523800,523839,523840,1,39
523800,523839,523840,1,39
523800,523839,523840,1,39
523326,523326,524122,796,0
524124,524124,524125,1,0
524124,524124,524125,1,0
524124,524124,524125,1,0
524124,524124,524125,1,0
524124,524124,524125,1,0
524124,524124,524125,1,0
524124,524124,524125,1,0
524124,524124,524125,1,0
524124,524124,524125,1,0
524124,524124,524125,1,0
524124,524124,524125,1,0
524124,524124,524125,1,0
524124,524124,524125,1,0
524124,524124,524125,1,0
524124,524124,524125,1,0
524124,524124,524125,1,0
524124,524124,524125,1,0
524124,524124,524125,1,0
524124,524124,524125,1,0
524124,524125,524126,1,1
524124,524125,524126,1,1
524124,524125,524126,1,1
524124,524125,524126,1,1
524124,524125,524126,1,1
524124,524125,524126,1,1
524124,524125,524126,1,1
524124,524125,524126,1,1
524124,524124,524125,1,0
524124,524124,524125,1,0
524124,524124,524126,2,0
524124,524124,524126,2,0
524124,524124,524125,1,0
524124,524124,524125,1,0
524124,524124,524126,2,0
524124,524124,524125,1,0
524124,524124,524125,1,0
524124,524124,524125,1,0
524124,524124,524125,1,0
524124,524124,524125,1,0
524124,524124,524125,1,0
524124,524124,524125,1,0
524124,524124,524125,1,0
524124,524124,524125,1,0
524124,524124,524125,1,0
524124,524124,524125,1,0
524124,524124,524125,1,0
524124,524124,524125,1,0
524124,524124,524125,1,0
524124,524124,524126,2,0
524124,524124,524125,1,0
523375,523375,524171,796,0
524172,524172,524173,1,0
524172,524172,524173,1,0
524172,524172,524173,1,0
524172,524172,524173,1,0
524172,524172,524173,1,0
524172,524172,524173,1,0
524172,524172,524173,1,0
524172,524172,524173,1,0
524172,524172,524173,1,0
524172,524172,524173,1,0
524172,524172,524173,1,0
524172,524172,524173,1,0
524172,524172,524173,1,0
524172,524172,524173,1,0
524172,524172,524173,1,0
524172,524172,524173,1,0
524172,524172,524173,1,0
524172,524172,524173,1,0
524172,524172,524173,1,0
524172,524172,524173,1,0
524172,524172,524173,1,0
524172,524172,524173,1,0
524172,524172,524173,1,0
524172,524172,524173,1,0
524172,524172,524173,1,0
524172,524172,524173,1,0
524172,524172,524173,1,0
524172,524172,524173,1,0
524172,524172,524173,1,0
524172,524172,524173,1,0
524172,524173,524174,1,1
524172,524173,524174,1,1
524172,524173,524174,1,1
524172,524173,524174,1,1
524172,524173,524174,1,1
524172,524172,524174,2,0
524172,524172,524174,2,0
524172,524172,524174,2,0
524172,524172,524174,2,0
524172,524172,524174,2,0
524172,524172,524174,2,0
524172,524172,524174,2,0
524172,524185,524186,1,13
524172,524185,524186,1,13
524172,524185,524186,1,13
524172,524185,524186,1,13
524172,524185,524186,1,13
523383,523383,524198,815,0
524199,524200,524201,1,1
524199,524200,524201,1,1
524199,524200,524201,1,1
524199,524200,524201,1,1
524199,524200,524201,1,1
524199,524200,524201,1,1
524199,524200,524201,1,1
524199,524200,524201,1,1
524199,524200,524201,1,1
524199,524200,524201,1,1
524199,524200,524201,1,1
524199,524200,524201,1,1
524199,524200,524201,1,1
524199,524200,524201,1,1
524199,524200,524201,1,1
524199,524200,524201,1,1
524199,524200,524201,1,1
524199,524200,524201,1,1
524199,524200,524201,1,1
524199,524200,524201,1,1
524199,524200,524201,1,1
524199,524200,524201,1,1
524199,524200,524201,1,1
524199,524200,524201,1,1
524199,524200,524201,1,1
524199,524200,524201,1,1
524199,524200,524201,1,1
524199,524200,524201,1,1
524199,524200,524201,1,1
524199,524200,524201,1,1
524199,524200,524201,1,1
524199,524200,524201,1,1
524199,524200,524201,1,1
524199,524200,524201,1,1
524199,524200,524201,1,1
524199,524200,524201,1,1
524199,524200,524201,1,1
524199,524200,524201,1,1
524199,524200,524201,1,1
524199,524200,524201,1,1
524199,524200,524201,1,1
524199,524200,524201,1,1
524199,524200,524201,1,1
524199,524200,524201,1,1
524199,524200,524201,1,1
524199,524200,524201,1,1
523404,523404,524227,823,0
524228,524228,524229,1,0
524228,524228,524229,1,0
524228,524228,524229,1,0
524228,524228,524229,1,0
524228,524228,524229,1,0
524228,524228,524229,1,0
524228,524228,524229,1,0
524228,524228,524229,1,0
524228,524228,524229,1,0
524228,524228,524229,1,0
524228,524228,524229,1,0
524228,524228,524229,1,0
524228,524228,524229,1,0
524228,524228,524229,1,0
524228,524228,524229,1,0
524228,524228,524229,1,0
524228,524228,524229,1,0
524228,524228,524229,1,0
524228,524228,524229,1,0
524228,524228,524229,1,0
524228,524228,524229,1,0
524228,524228,524229,1,0
524228,524228,524229,1,0
524228,524228,524229,1,0
524228,524228,524229,1,0
524228,524228,524229,1,0
524228,524228,524229,1,0
524228,524228,524229,1,0
524228,524228,524229,1,0
524228,524228,524229,1,0
524228,524228,524229,1,0
524228,524228,524229,1,0
524228,524228,524229,1,0
524228,524228,524229,1,0
524228,524228,524229,1,0
524228,524228,524229,1,0
524228,524228,524229,1,0
524228,524228,524229,1,0
524228,524228,524229,1,0
524228,524228,524229,1,0
524228,524228,524229,1,0
524228,524228,524229,1,0
524228,524228,524229,1,0
524228,524228,524229,1,0
524228,524228,524229,1,0
524228,524228,524229,1,0
524228,524228,524229,1,0
524228,524228,524229,1,0
524228,524228,524229,1,0
524228,524228,524229,1,0
523456,523456,524245,789,0
524247,524248,524249,1,1
524247,524248,524249,1,1
524247,524248,524249,1,1
524247,524248,524249,1,1
524247,524248,524249,1,1
524247,524248,524249,1,1
524247,524248,524249,1,1
524247,524248,524249,1,1
524247,524248,524249,1,1
524247,524248,524249,1,1
524247,524248,524249,1,1
524247,524248,524249,1,1
524247,524248,524249,1,1
524247,524248,524249,1,1
524247,524248,524249,1,1
524247,524248,524249,1,1
524247,524248,524249,1,1
524247,524248,524249,1,1
524247,524248,524249,1,1
524247,524248,524249,1,1
524247,524248,524249,1,1
524247,524248,524249,1,1
524247,524248,524249,1,1
524247,524248,524249,1,1
524247,524248,524249,1,1
524247,524248,524249,1,1
524247,524248,524249,1,1
524247,524248,524250,2,1
524247,524248,524249,1,1
524247,524248,524249,1,1
524247,524248,524249,1,1
524247,524248,524249,1,1
524247,524248,524249,1,1
524247,524248,524249,1,1
524247,524248,524250,2,1
524247,524248,524250,2,1
524247,524248,524250,2,1
524247,524248,524250,2,1
524247,524248,524250,2,1
523473,523473,524273,800,0
524275,524275,524276,1,0
524275,524275,524276,1,0
524275,524275,524276,1,0
524275,524275,524276,1,0
524275,524275,524276,1,0
524275,524275,524276,1,0
524275,524275,524276,1,0
524275,524275,524276,1,0
524275,524275,524276,1,0
524275,524275,524276,1,0
524275,524275,524276,1,0
524275,524275,524276,1,0
524275,524275,524276,1,0
524275,524275,524276,1,0
524275,524275,524276,1,0
524275,524275,524276,1,0
524275,524275,524276,1,0
524275,524275,524276,1,0
524275,524275,524276,1,0
524275,524275,524276,1,0
524275,524275,524276,1,0
524275,524275,524276,1,0
524275,524275,524276,1,0
524275,524275,524276,1,0
524275,524275,524276,1,0
524275,524275,524276,1,0
524275,524275,524276,1,0
524275,524275,524276,1,0
524275,524275,524276,1,0
524275,524275,524276,1,0
524275,524275,524276,1,0
524275,524275,524276,1,0
524275,524275,524276,1,0
524275,524275,524276,1,0
524275,524275,524276,1,0
524275,524275,524276,1,0
524275,524275,524276,1,0
524275,524275,524276,1,0
524275,524275,524276,1,0
524275,524275,524276,1,0
524275,524275,524276,1,0
524275,524275,524276,1,0
524275,524275,524277,2,0
524275,524275,524277,2,0
524275,524275,524277,2,0
524275,524275,524277,2,0
524275,524275,524277,2,0
524275,524275,524278,3,0
524275,524275,524277,2,0
524275,524275,524278,3,0
523521,523521,524304,783,0
524306,524306,524307,1,0
524306,524306,524307,1,0
524306,524306,524307,1,0
524306,524306,524307,1,0
524306,524306,524307,1,0
524306,524306,524307,1,0
524306,524306,524307,1,0
524306,524306,524307,1,0
524306,524306,524307,1,0
524306,524306,524307,1,0
524306,524306,524307,1,0
524306,524306,524307,1,0
524306,524306,524307,1,0
524306,524307,524308,1,1
524306,524307,524308,1,1
524306,524307,524308,1,1
524306,524307,524308,1,1
524306,524306,524308,2,0
524306,524306,524308,2,0
524306,524306,524308,2,0
524306,524306,524308,2,0
524306,524307,524308,1,1
524306,524306,524308,2,0
524306,524306,524308,2,0
524306,524306,524308,2,0
524306,524306,524308,2,0
524306,524306,524308,2,0
524306,524306,524308,2,0
524306,524307,524308,1,1
524306,524307,524308,1,1
524306,524306,524308,2,0
524306,524306,524308,2,0
524306,524306,524308,2,0
524306,524306,524308,2,0
524306,524306,524309,3,0
524306,524306,524309,3,0
524306,524306,524309,3,0
524306,524306,524309,3,0
524306,524306,524309,3,0
524306,524307,524309,2,1
524306,524323,524324,1,17
524306,524323,524324,1,17
524306,524323,524324,1,17
524306,524323,524324,1,17
524306,524323,524325,2,17
523541,523542,524339,797,1
524340,524340,524341,1,0
524340,524340,524341,1,0
524340,524340,524341,1,0
524340,524340,524341,1,0
524340,524340,524341,1,0
524340,524340,524341,1,0
524340,524340,524341,1,0
524340,524340,524341,1,0
524340,524340,524341,1,0
524340,524340,524341,1,0
524340,524340,524341,1,0
524340,524340,524341,1,0
524340,524340,524341,1,0
524340,524340,524341,1,0
524340,524340,524342,2,0
524340,524340,524341,1,0
524340,524340,524341,1,0
524340,524340,524341,1,0
524340,524340,524341,1,0
524340,524340,524342,2,0
524340,524340,524341,1,0
524340,524340,524341,1,0
524340,524340,524341,1,0
524340,524340,524341,1,0
524340,524340,524341,1,0
524340,524340,524341,1,0
524340,524340,524341,1,0
524340,524340,524341,1,0
524340,524340,524341,1,0
524340,524340,524341,1,0
524340,524340,524341,1,0
524340,524340,524341,1,0
524340,524340,524342,2,0
524340,524340,524341,1,0
524340,524340,524341,1,0
524340,524340,524341,1,0
524340,524340,524341,1,0
524340,524340,524341,1,0
524340,524340,524341,1,0
524340,524340,524341,1,0
524340,524340,524342,2,0
524340,524340,524342,2,0
524340,524340,524343,3,0
524340,524340,524343,3,0
524340,524340,524343,3,0
524340,524342,524344,2,2
523605,523605,524408,803,0
523637,523637,524408,771,0
524409,524409,524410,1,0
524409,524409,524410,1,0
524409,524409,524410,1,0
524409,524409,524410,1,0
524409,524409,524410,1,0
524409,524409,524410,1,0
524409,524409,524410,1,0
524409,524409,524410,1,0
524409,524409,524410,1,0
524409,524409,524410,1,0
524409,524409,524410,1,0
524409,524409,524410,1,0
524409,524409,524410,1,0
524409,524409,524410,1,0
524409,524410,524411,1,1
524409,524409,524410,1,0
524409,524409,524410,1,0
524409,524409,524410,1,0
524409,524409,524410,1,0
524409,524410,524411,1,1
524409,524409,524410,1,0
524409,524409,524410,1,0
524409,524409,524410,1,0
524409,524409,524411,2,0
524409,524409,524410,1,0
524409,524409,524411,2,0
524409,524409,524410,1,0
524409,524409,524410,1,0
524409,524409,524411,2,0
524409,524409,524410,1,0
524409,524409,524410,1,0
524409,524409,524410,1,0
524409,524409,524410,1,0
524409,524409,524410,1,0
524409,524409,524410,1,0
524409,524409,524410,1,0
524409,524410,524411,1,1
524409,524410,524411,1,1
524409,524409,524411,2,0
524409,524409,524410,1,0
524409,524409,524410,1,0
524409,524409,524410,1,0
524409,524410,524411,1,1
524409,524410,524411,1,1
524409,524409,524411,2,0
524409,524409,524410,1,0
524409,524409,524410,1,0
524409,524409,524411,2,0
524409,524410,524411,1,1
524409,524410,524411,1,1
524409,524410,524411,1,1
524409,524411,524412,1,2
524409,524411,524412,1,2
524409,524411,524412,1,2
524409,524409,524412,3,0
524409,524411,524412,1,2
524409,524411,524412,1,2
524409,524411,524412,1,2
524409,524411,524412,1,2
524409,524411,524412,1,2
524409,524409,524411,2,0
524409,524411,524412,1,2
524409,524411,524412,1,2
524409,524411,524412,1,2
524409,524411,524412,1,2
524409,524411,524412,1,2
524409,524411,524412,1,2
524409,524411,524412,1,2
524409,524411,524412,1,2
524409,524411,524412,1,2
524409,524411,524412,1,2
524409,524411,524412,1,2
524409,524411,524412,1,2
524409,524411,524412,1,2
524409,524411,524412,1,2
524409,524411,524412,1,2
524409,524409,524411,2,0
524409,524411,524412,1,2
524409,524411,524412,1,2
524409,524411,524412,1,2
524409,524411,524412,1,2
524409,524411,524412,1,2
524409,524411,524412,1,2
524409,524411,524412,1,2
524409,524411,524412,1,2
524409,524411,524412,1,2
524409,524411,524412,1,2
524409,524411,524412,1,2
524409,524411,524412,1,2
524409,524411,524412,1,2
523607,523607,524414,807,0
524420,524420,524421,1,0
524420,524420,524421,1,0
524420,524420,524421,1,0
524420,524420,524421,1,0
524420,524420,524421,1,0
524420,524420,524421,1,0
524420,524420,524421,1,0
524420,524420,524421,1,0
524420,524420,524421,1,0
524420,524420,524421,1,0
524420,524420,524421,1,0
524420,524420,524421,1,0
524420,524420,524421,1,0
524420,524420,524421,1,0
524420,524420,524421,1,0
524420,524420,524421,1,0
524420,524420,524421,1,0
524420,524420,524421,1,0
524420,524420,524421,1,0
524420,524421,524422,1,1
524420,524421,524422,1,1
524420,524420,524421,1,0
524420,524420,524421,1,0
524420,524420,524421,1,0
524420,524420,524421,1,0
524420,524420,524422,2,0
524420,524420,524421,1,0
524420,524420,524421,1,0
524420,524420,524421,1,0
524420,524420,524422,2,0
524420,524420,524421,1,0
524420,524420,524421,1,0
524420,524420,524421,1,0
524420,524420,524421,1,0
524420,524420,524422,2,0
524420,524420,524421,1,0
524420,524420,524421,1,0
524420,524420,524421,1,0
524420,524420,524421,1,0
524420,524420,524422,2,0
524420,524420,524421,1,0
524420,524420,524421,1,0
524420,524420,524421,1,0
524420,524420,524422,2,0
524420,524420,524422,2,0
524420,524420,524421,1,0
524420,524420,524421,1,0
523627,523627,524440,813,0
524442,524442,524443,1,0
524442,524442,524443,1,0
524442,524442,524443,1,0
524442,524442,524443,1,0
524442,524442,524443,1,0
524442,524442,524443,1,0
524442,524442,524443,1,0
524442,524442,524443,1,0
524442,524442,524443,1,0
524442,524442,524443,1,0
524442,524442,524443,1,0
524442,524442,524443,1,0
524442,524442,524443,1,0
524442,524442,524443,1,0
524442,524442,524443,1,0
524442,524442,524443,1,0
524442,524442,524443,1,0
524442,524442,524443,1,0
524442,524442,524443,1,0
524442,524442,524443,1,0
524442,524442,524443,1,0
524442,524442,524443,1,0
524442,524442,524443,1,0
524442,524442,524443,1,0
524442,524442,524443,1,0
524442,524442,524443,1,0
524442,524442,524443,1,0
524442,524442,524443,1,0
524442,524442,524443,1,0
524442,524442,524443,1,0
524442,524442,524443,1,0
524442,524442,524443,1,0
524442,524442,524443,1,0
524442,524442,524443,1,0
524442,524442,524443,1,0
524442,524442,524443,1,0
524442,524442,524443,1,0
524442,524442,524443,1,0
524442,524442,524443,1,0
524442,524442,524444,2,0
524442,524442,524443,1,0
524442,524442,524443,1,0
524442,524442,524443,1,0
524442,524442,524443,1,0
524442,524443,524444,1,1
524442,524443,524444,1,1
524442,524443,524444,1,1
524442,524443,524444,1,1
524442,524443,524444,1,1
524442,524443,524444,1,1
523666,523666,524447,781,0
523645,523645,524447,802,0
524452,524452,524453,1,0
524452,524452,524453,1,0
524452,524452,524453,1,0
524452,524452,524453,1,0
524452,524452,524453,1,0
524452,524452,524453,1,0
524452,524452,524453,1,0
524452,524452,524453,1,0
524452,524452,524453,1,0
524452,524452,524453,1,0
524452,524452,524453,1,0
524452,524452,524453,1,0
524452,524452,524453,1,0
524452,524452,524453,1,0
524452,524452,524453,1,0
524452,524452,524453,1,0
524452,524452,524453,1,0
524452,524452,524453,1,0
524452,524452,524453,1,0
524452,524452,524453,1,0
524452,524452,524453,1,0
524452,524452,524453,1,0
524452,524452,524453,1,0
524452,524452,524453,1,0
524452,524452,524453,1,0
524452,524452,524453,1,0
524452,524452,524453,1,0
524452,524452,524453,1,0
524452,524452,524453,1,0
524452,524452,524453,1,0
524452,524452,524453,1,0
524452,524452,524453,1,0
524452,524452,524453,1,0
524452,524452,524453,1,0
524452,524452,524453,1,0
524452,524452,524454,2,0
524452,524452,524454,2,0
524452,524452,524454,2,0
524452,524452,524454,2,0
524454,524454,524455,1,0
524454,524454,524455,1,0
524454,524454,524455,1,0
524454,524454,524455,1,0
524454,524454,524455,1,0
524454,524454,524455,1,0
524454,524454,524455,1,0
524454,524454,524455,1,0
524454,524454,524455,1,0
524454,524454,524455,1,0
524454,524454,524455,1,0
524454,524454,524455,1,0
524454,524454,524455,1,0
524454,524454,524455,1,0
524454,524454,524455,1,0
524454,524454,524455,1,0
524454,524454,524455,1,0
524454,524454,524455,1,0
524454,524454,524455,1,0
524454,524454,524455,1,0
524454,524454,524455,1,0
524454,524454,524455,1,0
524454,524454,524455,1,0
524454,524454,524455,1,0
524454,524454,524455,1,0
524454,524454,524455,1,0
524454,524454,524455,1,0
524454,524454,524455,1,0
524454,524454,524455,1,0
524454,524454,524455,1,0
524454,524454,524455,1,0
524454,524454,524455,1,0
524454,524454,524455,1,0
524454,524454,524455,1,0
524454,524454,524455,1,0
524454,524454,524455,1,0
524454,524454,524455,1,0
524454,524454,524455,1,0
524454,524454,524455,1,0
524454,524454,524455,1,0
524454,524454,524455,1,0
524454,524454,524455,1,0
524454,524454,524455,1,0
524454,524454,524455,1,0
524454,524454,524456,2,0
524454,524454,524455,1,0
524454,524454,524456,2,0
524454,524454,524456,2,0
524454,524454,524456,2,0
524452,524479,524480,1,27
524452,524479,524480,1,27
524452,524479,524480,1,27
524452,524479,524480,1,27
524452,524479,524480,1,27
524454,524479,524480,1,25
523717,523717,524497,780,0
524499,524499,524500,1,0
524499,524499,524500,1,0
524499,524499,524500,1,0
524499,524499,524500,1,0
524499,524499,524500,1,0
524499,524499,524500,1,0
524499,524499,524500,1,0
524499,524499,524500,1,0
524499,524499,524500,1,0
524499,524499,524500,1,0
524499,524499,524500,1,0
524499,524499,524500,1,0
524499,524499,524500,1,0
524499,524499,524500,1,0
524499,524499,524500,1,0
524499,524499,524500,1,0
524499,524499,524500,1,0
524499,524499,524500,1,0
524499,524499,524500,1,0
524499,524499,524500,1,0
524499,524499,524500,1,0
524499,524499,524500,1,0
524499,524499,524500,1,0
524499,524499,524500,1,0
524499,524499,524500,1,0
524499,524499,524500,1,0
524499,524499,524500,1,0
524499,524499,524500,1,0
524499,524499,524500,1,0
524499,524499,524500,1,0
524499,524499,524500,1,0
524499,524499,524500,1,0
524499,524499,524500,1,0
524499,524499,524500,1,0
524499,524499,524500,1,0
524499,524499,524500,1,0
524499,524499,524500,1,0
524499,524499,524500,1,0
524499,524499,524500,1,0
524499,524499,524500,1,0
524499,524499,524500,1,0
524499,524499,524500,1,0
524499,524499,524500,1,0
524499,524499,524500,1,0
524499,524499,524500,1,0
524499,524499,524500,1,0
524499,524499,524500,1,0
524499,524499,524500,1,0
524499,524499,524500,1,0
523750,523750,524542,792,0
523738,523738,524542,804,0
524543,524543,524544,1,0
524543,524543,524544,1,0
524543,524543,524544,1,0
524543,524543,524544,1,0
524543,524543,524544,1,0
524543,524543,524544,1,0
524543,524543,524544,1,0
524543,524543,524544,1,0
524543,524543,524544,1,0
524543,524543,524544,1,0
524543,524543,524544,1,0
524543,524543,524544,1,0
524543,524543,524545,2,0
524543,524543,524545,2,0
524543,524543,524544,1,0
524543,524543,524544,1,0
524543,524543,524544,1,0
524543,524543,524544,1,0
524543,524543,524544,1,0
524543,524543,524544,1,0
524543,524543,524544,1,0
524543,524543,524544,1,0
524543,524543,524544,1,0
524543,524543,524544,1,0
524543,524543,524544,1,0
524543,524543,524544,1,0
524543,524543,524545,2,0
524544,524545,524546,1,1
524543,524543,524545,2,0
524543,524543,524545,2,0
524543,524543,524546,3,0
524543,524543,524545,2,0
524543,524543,524545,2,0
524544,524545,524546,1,1
524543,524543,524545,2,0
524543,524543,524545,2,0
524544,524545,524546,1,1
524544,524545,524546,1,1
524543,524543,524545,2,0
524543,524543,524545,2,0
524544,524545,524546,1,1
524544,524545,524546,1,1
524543,524543,524545,2,0
524543,524543,524545,2,0
524544,524545,524546,1,1
524544,524545,524546,1,1
524543,524543,524545,2,0
524544,524545,524546,1,1
524544,524545,524546,1,1
524543,524543,524545,2,0
524544,524545,524546,1,1
524544,524545,524546,1,1
524544,524545,524546,1,1
524544,524545,524546,1,1
524544,524545,524546,1,1
524543,524543,524545,2,0
524544,524545,524546,1,1
524544,524545,524546,1,1
524544,524545,524546,1,1
524544,524545,524546,1,1
524543,524543,524546,3,0
524544,524545,524546,1,1
524544,524545,524546,1,1
524543,524543,524546,3,0
524544,524545,524546,1,1
524544,524545,524546,1,1
524543,524543,524546,3,0
524544,524545,524546,1,1
524543,524543,524546,3,0
524544,524545,524546,1,1
524544,524545,524546,1,1
524543,524543,524546,3,0
524544,524545,524546,1,1
524543,524543,524546,3,0
524544,524545,524546,1,1
524544,524545,524547,2,1
524543,524543,524546,3,0
524544,524545,524546,1,1
524544,524545,524546,1,1
524544,524545,524546,1,1
524543,524543,524546,3,0
524544,524545,524546,1,1
524543,524543,524546,3,0
524544,524545,524546,1,1
524544,524545,524546,1,1
524544,524545,524547,2,1
524544,524545,524547,2,1
524544,524545,524547,2,1
524544,524545,524547,2,1
524544,524545,524547,2,1
524544,524545,524547,2,1
524544,524545,524548,3,1
523760,523760,524559,799,0
524564,524565,524566,1,1
524564,524565,524566,1,1
524564,524565,524566,1,1
524564,524565,524566,1,1
524564,524565,524566,1,1
524564,524565,524566,1,1
524564,524565,524566,1,1
524564,524565,524566,1,1
524564,524565,524566,1,1
524564,524565,524566,1,1
524564,524565,524566,1,1
524564,524565,524566,1,1
524564,524565,524566,1,1
524564,524565,524566,1,1
524564,524565,524566,1,1
524564,524565,524566,1,1
524564,524565,524566,1,1
524564,524565,524566,1,1
524564,524565,524566,1,1
524564,524565,524566,1,1
524564,524565,524566,1,1
524564,524565,524566,1,1
524564,524565,524566,1,1
524564,524565,524567,2,1
524564,524565,524566,1,1
524564,524565,524566,1,1
524564,524565,524566,1,1
524564,524565,524566,1,1
524564,524565,524566,1,1
524564,524565,524566,1,1
524564,524565,524566,1,1
524564,524565,524566,1,1
524564,524565,524566,1,1
524564,524565,524567,2,1
524564,524565,524566,1,1
524564,524565,524566,1,1
524564,524565,524566,1,1
524564,524565,524566,1,1
524564,524565,524566,1,1
524564,524565,524567,2,1
524564,524565,524567,2,1
524564,524565,524567,2,1
524564,524565,524568,3,1
524564,524565,524567,2,1
524564,524565,524567,2,1
524564,524565,524567,2,1
524564,524565,524567,2,1
523801,523801,524603,802,0
524604,524605,524606,1,1
524604,524605,524606,1,1
524604,524605,524606,1,1
524604,524605,524606,1,1
524604,524605,524606,1,1
524604,524605,524606,1,1
524604,524605,524606,1,1
524604,524605,524606,1,1
524604,524605,524606,1,1
524604,524605,524606,1,1
524604,524605,524606,1,1
524604,524605,524606,1,1
524604,524605,524606,1,1
524604,524605,524606,1,1
524604,524605,524606,1,1
524604,524605,524606,1,1
524604,524605,524606,1,1
524604,524605,524606,1,1
524604,524605,524606,1,1
524604,524605,524606,1,1
524604,524605,524606,1,1
524604,524605,524606,1,1
524604,524605,524606,1,1
524604,524605,524606,1,1
524604,524605,524606,1,1
524604,524605,524606,1,1
524604,524605,524606,1,1
524604,524605,524606,1,1
524604,524605,524606,1,1
524604,524605,524606,1,1
524604,524605,524606,1,1
524604,524605,524606,1,1
524604,524605,524606,1,1
524604,524605,524606,1,1
524604,524605,524606,1,1
524604,524605,524606,1,1
524604,524605,524606,1,1
524604,524605,524606,1,1
524604,524605,524606,1,1
524604,524605,524606,1,1
524604,524605,524606,1,1
524604,524605,524606,1,1
524604,524605,524607,2,1
524604,524605,524607,2,1
524604,524605,524607,2,1
524604,524605,524607,2,1
524604,524605,524608,3,1
524604,524605,524608,3,1
524604,524605,524607,2,1
524604,524605,524607,2,1
523837,523837,524643,806,0
524644,524645,524646,1,1
524644,524645,524646,1,1
524644,524645,524646,1,1
524644,524645,524646,1,1
524644,524645,524646,1,1
524644,524645,524646,1,1
524644,524645,524646,1,1
524644,524645,524646,1,1
524644,524645,524646,1,1
524644,524645,524646,1,1
524644,524645,524646,1,1
524644,524645,524646,1,1
524644,524645,524646,1,1
524644,524645,524646,1,1
524644,524645,524646,1,1
524644,524645,524646,1,1
524644,524645,524647,2,1
524644,524645,524646,1,1
524644,524645,524646,1,1
524644,524645,524646,1,1
524644,524645,524646,1,1
524644,524645,524646,1,1
524644,524645,524647,2,1
524644,524645,524646,1,1
524644,524645,524646,1,1
524644,524645,524646,1,1
524644,524645,524646,1,1
524644,524645,524646,1,1
524644,524645,524646,1,1
524644,524645,524647,2,1
524644,524645,524646,1,1
524644,524645,524646,1,1
524644,524645,524646,1,1
524644,524645,524646,1,1
524644,524645,524646,1,1
524644,524645,524646,1,1
524644,524645,524647,2,1
524644,524645,524647,2,1
524125,524125,524899,774,0
524901,524901,524902,1,0
524901,524901,524902,1,0
524901,524901,524902,1,0
524901,524901,524902,1,0
524901,524901,524902,1,0
524901,524901,524902,1,0
524901,524901,524902,1,0
524901,524901,524902,1,0
524901,524901,524902,1,0
524901,524901,524902,1,0
524901,524901,524902,1,0
524901,524901,524902,1,0
524901,524901,524902,1,0
524901,524901,524902,1,0
524901,524901,524902,1,0
524901,524901,524902,1,0
524901,524901,524902,1,0
524901,524901,524902,1,0
524901,524901,524902,1,0
524901,524901,524902,1,0
524901,524901,524902,1,0
524901,524901,524902,1,0
524901,524901,524902,1,0
524901,524901,524902,1,0
524901,524901,524902,1,0
524901,524901,524902,1,0
524901,524901,524902,1,0
524901,524901,524902,1,0
524901,524901,524902,1,0
524901,524901,524902,1,0
524901,524901,524902,1,0
524901,524901,524902,1,0
524901,524901,524902,1,0
524901,524901,524902,1,0
524901,524901,524902,1,0
524901,524901,524902,1,0
524901,524901,524903,2,0
524901,524901,524902,1,0
524901,524901,524902,1,0
524901,524901,524902,1,0
524901,524901,524902,1,0
524901,524901,524902,1,0
524901,524901,524902,1,0
524901,524901,524902,1,0
524901,524901,524902,1,0
524901,524901,524902,1,0
524901,524901,524902,1,0
524901,524901,524903,2,0
524901,524901,524902,1,0
524901,524901,524902,1,0
524174,524174,524965,791,0
524967,524967,524968,1,0
524967,524967,524968,1,0
524967,524967,524968,1,0
524967,524967,524968,1,0
524967,524967,524968,1,0
524967,524967,524968,1,0
524967,524967,524968,1,0
524967,524967,524968,1,0
524967,524967,524968,1,0
524967,524967,524968,1,0
524967,524967,524968,1,0
524967,524967,524968,1,0
524967,524967,524968,1,0
524967,524967,524968,1,0
524967,524967,524968,1,0
524967,524967,524968,1,0
524967,524967,524968,1,0
524967,524967,524968,1,0
524967,524967,524968,1,0
524967,524967,524968,1,0
524967,524967,524968,1,0
524967,524967,524968,1,0
524967,524967,524968,1,0
524967,524967,524968,1,0
524967,524967,524968,1,0
524967,524967,524968,1,0
524967,524967,524968,1,0
524967,524967,524968,1,0
524967,524967,524968,1,0
524967,524967,524968,1,0
524967,524967,524968,1,0
524967,524967,524968,1,0
524967,524967,524968,1,0
524967,524967,524968,1,0
524967,524967,524968,1,0
524967,524967,524968,1,0
524967,524967,524968,1,0
524967,524967,524968,1,0
524967,524967,524968,1,0
524967,524967,524968,1,0
524967,524967,524968,1,0
524967,524967,524968,1,0
524967,524967,524968,1,0
524967,524967,524968,1,0
524967,524967,524968,1,0
524967,524967,524968,1,0
524967,524967,524968,1,0
524967,524967,524968,1,0
524967,524967,524968,1,0
524967,524967,524968,1,0
524201,524201,524971,770,0
524976,524976,524977,1,0
524976,524976,524977,1,0
524976,524976,524977,1,0
524976,524976,524977,1,0
524976,524976,524977,1,0
524976,524976,524977,1,0
524976,524976,524977,1,0
524976,524976,524977,1,0
524976,524976,524977,1,0
524976,524976,524977,1,0
524976,524976,524977,1,0
524976,524976,524977,1,0
524976,524976,524977,1,0
524976,524976,524977,1,0
524976,524976,524977,1,0
524976,524976,524977,1,0
524976,524976,524977,1,0
524976,524976,524977,1,0
524976,524976,524977,1,0
524976,524976,524977,1,0
524976,524976,524977,1,0
524976,524976,524977,1,0
524976,524976,524977,1,0
524976,524976,524977,1,0
524976,524976,524977,1,0
524976,524976,524977,1,0
524976,524976,524977,1,0
524976,524976,524977,1,0
524976,524976,524977,1,0
524976,524976,524977,1,0
524976,524976,524977,1,0
524976,524976,524977,1,0
524976,524976,524977,1,0
524976,524976,524977,1,0
524976,524976,524977,1,0
524976,524976,524977,1,0
524976,524976,524977,1,0
524976,524976,524977,1,0
524976,524976,524977,1,0
524976,524976,524977,1,0
524976,524976,524977,1,0
524976,524976,524977,1,0
524976,524976,524977,1,0
524976,524976,524977,1,0
524976,524976,524977,1,0
524976,524976,524977,1,0
524976,524976,524977,1,0
524976,524976,524977,1,0
524976,524976,524977,1,0
524976,524976,524977,1,0
524229,524229,525016,787,0
525018,525019,525020,1,1
525018,525019,525020,1,1
525018,525019,525020,1,1
525018,525019,525020,1,1
525018,525019,525020,1,1
525018,525019,525020,1,1
525018,525019,525020,1,1
525018,525019,525020,1,1
525018,525019,525020,1,1
525018,525019,525020,1,1
525018,525019,525020,1,1
525018,525019,525020,1,1
525018,525019,525020,1,1
525018,525019,525020,1,1
525018,525019,525020,1,1
525018,525019,525020,1,1
525018,525019,525020,1,1
525018,525019,525020,1,1
525018,525019,525020,1,1
525018,525019,525020,1,1
525018,525019,525020,1,1
525018,525019,525020,1,1
525018,525019,525020,1,1
525018,525019,525020,1,1
525018,525019,525020,1,1
525018,525019,525020,1,1
525018,525019,525020,1,1
525018,525019,525020,1,1
525018,525019,525020,1,1
524249,524249,525041,792,0
525042,525042,525043,1,0
525042,525042,525043,1,0
525042,525042,525043,1,0
525042,525042,525043,1,0
525042,525042,525043,1,0
525042,525042,525043,1,0
525042,525042,525043,1,0
525042,525042,525043,1,0
525042,525042,525043,1,0
525042,525042,525043,1,0
525042,525042,525043,1,0
525042,525042,525043,1,0
525042,525042,525043,1,0
525042,525042,525043,1,0
525042,525042,525043,1,0
525042,525042,525043,1,0
525042,525042,525043,1,0
525042,525042,525043,1,0
525042,525042,525043,1,0
525042,525042,525043,1,0
525042,525042,525043,1,0
525042,525042,525043,1,0
525042,525042,525043,1,0
525042,525042,525043,1,0
525042,525042,525043,1,0
525042,525042,525043,1,0
525042,525042,525043,1,0
525042,525042,525043,1,0
525042,525042,525043,1,0
525042,525042,525043,1,0
525042,525042,525043,1,0
525042,525042,525043,1,0
525042,525042,525043,1,0
525042,525042,525043,1,0
525042,525042,525043,1,0
525042,525042,525043,1,0
525042,525042,525043,1,0
525042,525042,525043,1,0
525042,525042,525043,1,0
525042,525042,525043,1,0
525042,525042,525043,1,0
525042,525042,525043,1,0
525042,525042,525043,1,0
525042,525042,525043,1,0
525042,525042,525043,1,0
525042,525042,525043,1,0
525042,525042,525043,1,0
525042,525042,525043,1,0
524276,524276,525048,772,0
525049,525049,525050,1,0
525049,525049,525050,1,0
525049,525049,525050,1,0
525049,525049,525050,1,0
525049,525049,525050,1,0
525049,525049,525050,1,0
525049,525049,525050,1,0
525049,525049,525050,1,0
525049,525049,525050,1,0
525049,525049,525050,1,0
525049,525049,525050,1,0
525049,525049,525050,1,0
525049,525049,525050,1,0
525049,525049,525050,1,0
525049,525049,525050,1,0
525049,525049,525050,1,0
525049,525049,525050,1,0
525049,525049,525050,1,0
525049,525049,525050,1,0
525049,525050,525051,1,1
525049,525049,525050,1,0
525049,525049,525050,1,0
525049,525049,525050,1,0
525049,525049,525050,1,0
525049,525049,525050,1,0
525049,525050,525051,1,1
525049,525050,525051,1,1
525049,525049,525050,1,0
525049,525050,525051,1,1
525049,525050,525051,1,1
525049,525050,525051,1,1
525049,525050,525051,1,1
525049,525050,525051,1,1
525049,525050,525051,1,1
525049,525049,525051,2,0
525049,525050,525051,1,1
525049,525050,525051,1,1
525049,525050,525051,1,1
525049,525050,525051,1,1
525049,525050,525051,1,1
525049,525050,525051,1,1
525049,525049,525051,2,0
525049,525050,525051,1,1
525049,525049,525051,2,0
525049,525050,525051,1,1
525049,525050,525051,1,1
524341,524341,525118,777,0
525118,525119,525120,1,1
525118,525119,525120,1,1
525118,525119,525120,1,1
525118,525119,525120,1,1
525118,525119,525120,1,1
525118,525119,525120,1,1
525118,525119,525120,1,1
525118,525119,525120,1,1
525118,525119,525121,2,1
525118,525119,525120,1,1
525118,525119,525120,1,1
525118,525119,525120,1,1
525118,525119,525120,1,1
525118,525119,525120,1,1
525118,525119,525120,1,1
525118,525119,525120,1,1
525118,525119,525120,1,1
525118,525119,525120,1,1
525118,525119,525120,1,1
525118,525119,525120,1,1
525118,525119,525120,1,1
525118,525119,525120,1,1
525118,525119,525120,1,1
525118,525119,525120,1,1
525118,525119,525120,1,1
525118,525119,525120,1,1
525118,525119,525120,1,1
525118,525119,525120,1,1
525118,525119,525120,1,1
525118,525119,525120,1,1
525118,525119,525120,1,1
525118,525119,525120,1,1
525118,525119,525120,1,1
525118,525119,525120,1,1
525118,525119,525120,1,1
525118,525119,525121,2,1
525118,525119,525121,2,1
525118,525119,525121,2,1
525118,525119,525121,2,1
525118,525119,525121,2,1
525118,525119,525122,3,1
525118,525119,525122,3,1
525118,525119,525122,3,1
525118,525119,525122,3,1
524308,524308,525123,815,0
525130,525130,525131,1,0
525130,525130,525131,1,0
525130,525130,525131,1,0
525130,525130,525131,1,0
525130,525130,525131,1,0
525130,525130,525131,1,0
525130,525130,525131,1,0
525130,525130,525131,1,0
525130,525130,525131,1,0
525130,525130,525131,1,0
525130,525130,525131,1,0
525130,525130,525131,1,0
525130,525130,525131,1,0
525130,525130,525131,1,0
525130,525130,525131,1,0
525130,525130,525131,1,0
525130,525130,525131,1,0
525130,525130,525131,1,0
525130,525130,525131,1,0
525130,525130,525131,1,0
525130,525130,525131,1,0
525130,525130,525131,1,0
525130,525130,525131,1,0
525130,525130,525131,1,0
525130,525130,525131,1,0
525130,525130,525132,2,0
525130,525130,525132,2,0
525130,525130,525132,2,0
525130,525130,525132,2,0
525130,525130,525132,2,0
525130,525130,525131,1,0
525130,525130,525131,1,0
525130,525130,525132,2,0
525130,525130,525132,2,0
525130,525130,525132,2,0
525130,525130,525132,2,0
525130,525130,525132,2,0
525130,525130,525132,2,0
525130,525130,525132,2,0
525130,525130,525132,2,0
525130,525130,525132,2,0
525130,525130,525132,2,0
525130,525130,525132,2,0
525130,525130,525133,3,0
525130,525130,525132,2,0
525130,525130,525133,3,0
525130,525130,525133,3,0
525130,525130,525133,3,0
525130,525130,525133,3,0
525130,525130,525133,3,0
524411,524411,525173,762,0
525174,525174,525175,1,0
525174,525174,525175,1,0
525174,525174,525175,1,0
525174,525174,525175,1,0
525174,525174,525175,1,0
525174,525174,525175,1,0
525174,525174,525175,1,0
525174,525174,525175,1,0
525174,525174,525176,2,0
525174,525174,525175,1,0
525174,525174,525175,1,0
525174,525174,525176,2,0
525174,525174,525176,2,0
525174,525174,525176,2,0
525174,525174,525176,2,0
525174,525174,525176,2,0
525174,525175,525176,1,1
525174,525175,525176,1,1
525174,525174,525176,2,0
525174,525174,525176,2,0
525174,525174,525176,2,0
525174,525174,525176,2,0
525174,525174,525176,2,0
525174,525174,525176,2,0
525174,525174,525176,2,0
525174,525174,525176,2,0
525174,525174,525176,2,0
525174,525174,525175,1,0
525174,525174,525176,2,0
525174,525174,525176,2,0
525174,525174,525176,2,0
525174,525174,525176,2,0
525174,525174,525176,2,0
525174,525174,525176,2,0
525174,525174,525175,1,0
525174,525174,525175,1,0
525174,525174,525176,2,0
525174,525174,525176,2,0
525174,525174,525176,2,0
525174,525174,525176,2,0
525174,525174,525176,2,0
525174,525174,525177,3,0
525174,525174,525177,3,0
525174,525174,525177,3,0
525174,525174,525177,3,0
525174,525174,525177,3,0
525174,525174,525177,3,0
525174,525174,525177,3,0
525174,525174,525177,3,0
525174,525174,525178,4,0
524413,524413,525208,795,0
525209,525209,525210,1,0
525209,525209,525210,1,0
525209,525209,525210,1,0
525209,525209,525210,1,0
525209,525209,525210,1,0
525209,525209,525210,1,0
525209,525209,525210,1,0
525209,525209,525210,1,0
525209,525209,525210,1,0
525209,525209,525210,1,0
525209,525209,525210,1,0
525209,525209,525210,1,0
525209,525209,525211,2,0
525209,525209,525210,1,0
525209,525209,525211,2,0
525209,525209,525211,2,0
525209,525209,525210,1,0
525209,525209,525210,1,0
525209,525209,525210,1,0
525209,525209,525211,2,0
525209,525209,525210,1,0
525209,525209,525210,1,0
525209,525209,525210,1,0
525209,525209,525210,1,0
525209,525209,525210,1,0
525209,525209,525210,1,0
525209,525209,525210,1,0
525209,525209,525210,1,0
525209,525209,525210,1,0
525209,525209,525210,1,0
525209,525209,525210,1,0
525209,525209,525210,1,0
525209,525209,525210,1,0
525209,525209,525210,1,0
525209,525209,525210,1,0
525209,525209,525210,1,0
525209,525209,525210,1,0
525209,525209,525210,1,0
525209,525209,525210,1,0
525209,525209,525211,2,0
525209,525209,525211,2,0
525209,525209,525210,1,0
525209,525209,525210,1,0
525209,525209,525212,3,0
525209,525209,525212,3,0
525209,525209,525212,3,0
525209,525209,525212,3,0
525209,525209,525212,3,0
525209,525209,525211,2,0
525209,525209,525212,3,0
548235,548237,564526,16289,2
564591,564593,564639,46,2
564638,564641,564648,7,3
564643,564651,564662,11,8
564660,564663,564669,6,3
564707,564709,569534,4825,2
569532,569535,569679,144,3
570056,570059,570105,46,3
570103,570106,570113,7,3
570108,570116,570151,35,8
570149,570152,570158,6,3
570450,570450,570451,1,0
570450,570450,570451,1,0
570450,570450,570451,1,0
570450,570450,570451,1,0
570450,570450,570451,1,0
570450,570450,570451,1,0
570450,570450,570451,1,0
570450,570450,570451,1,0
570450,570450,570451,1,0
570450,570450,570451,1,0
570450,570450,570451,1,0
570450,570450,570452,2,0
570450,570450,570451,1,0
570450,570450,570451,1,0
570450,570450,570451,1,0
570450,570450,570452,2,0
570450,570450,570451,1,0
570450,570450,570452,2,0
570450,570450,570452,2,0
570450,570450,570453,3,0
570450,570450,570452,2,0
570450,570450,570452,2,0
570450,570450,570454,4,0
570450,570450,570453,3,0
570450,570450,570454,4,0
570450,570450,570454,4,0
570450,570450,570454,4,0
570450,570450,570453,3,0
570450,570450,570455,5,0
570450,570450,570455,5,0
570450,570450,570455,5,0
570461,570462,570463,1,1
570461,570462,570463,1,1
570461,570462,570463,1,1
570461,570462,570463,1,1
570461,570462,570463,1,1
570461,570462,570463,1,1
570461,570462,570463,1,1
570461,570462,570464,2,1
570461,570462,570465,3,1
570461,570462,570465,3,1
570461,570462,570465,3,1
570461,570462,570465,3,1
570461,570462,570465,3,1
570461,570462,570466,4,1
570461,570462,570465,3,1
570461,570462,570466,4,1
570461,570462,570466,4,1
570461,570462,570466,4,1
570472,570472,570473,1,0
570472,570472,570473,1,0
570472,570472,570473,1,0
570472,570472,570473,1,0
570472,570472,570473,1,0
570472,570472,570473,1,0
570472,570472,570473,1,0
570472,570472,570473,1,0
570472,570472,570473,1,0
570472,570472,570473,1,0
570472,570472,570473,1,0
570472,570472,570473,1,0
570472,570472,570473,1,0
570472,570472,570473,1,0
570472,570472,570473,1,0
570472,570472,570474,2,0
570472,570472,570473,1,0
570472,570472,570473,1,0
570472,570472,570474,2,0
570472,570472,570474,2,0
570472,570472,570474,2,0
570472,570472,570475,3,0
570472,570472,570475,3,0
570472,570472,570476,4,0
570472,570472,570476,4,0
570472,570472,570476,4,0
570472,570472,570476,4,0
570472,570472,570476,4,0
570472,570472,570476,4,0
570472,570472,570477,5,0
570472,570472,570477,5,0
570484,570484,570485,1,0
570484,570484,570485,1,0
570484,570484,570485,1,0
570484,570484,570485,1,0
570484,570484,570485,1,0
570484,570484,570485,1,0
570484,570484,570485,1,0
570484,570484,570485,1,0
570484,570484,570485,1,0
570484,570484,570485,1,0
570484,570484,570485,1,0
570484,570484,570485,1,0
570484,570484,570485,1,0
570484,570484,570485,1,0
570484,570484,570485,1,0
570484,570484,570485,1,0
570484,570484,570485,1,0
570484,570484,570485,1,0
570484,570484,570486,2,0
570484,570484,570486,2,0
570484,570484,570486,2,0
570484,570484,570486,2,0
570484,570484,570487,3,0
570484,570484,570487,3,0
570484,570484,570487,3,0
570484,570484,570488,4,0
570484,570484,570488,4,0
570484,570484,570488,4,0
570484,570484,570488,4,0
570484,570484,570488,4,0
570484,570484,570488,4,0
570494,570494,570495,1,0
570494,570494,570495,1,0
570494,570494,570495,1,0
570494,570494,570495,1,0
570494,570494,570495,1,0
570494,570494,570495,1,0
570494,570494,570495,1,0
570494,570494,570495,1,0
570494,570494,570495,1,0
570494,570494,570495,1,0
570494,570494,570495,1,0
570494,570494,570495,1,0
570494,570494,570495,1,0
570494,570494,570495,1,0
570494,570494,570496,2,0
570494,570494,570496,2,0
570494,570494,570495,1,0
570494,570494,570495,1,0
570494,570494,570496,2,0
570494,570494,570496,2,0
570494,570494,570496,2,0
570494,570494,570497,3,0
570494,570494,570497,3,0
570494,570494,570497,3,0
570503,570503,570504,1,0
570503,570503,570504,1,0
570503,570503,570504,1,0
570503,570503,570504,1,0
570503,570503,570504,1,0
570503,570503,570504,1,0
570503,570503,570504,1,0
570503,570503,570504,1,0
570503,570503,570504,1,0
570503,570503,570504,1,0
570503,570503,570504,1,0
570503,570503,570504,1,0
570503,570503,570504,1,0
570503,570503,570504,1,0
570503,570503,570504,1,0
570503,570503,570504,1,0
570503,570503,570504,1,0
570503,570503,570504,1,0
570503,570503,570504,1,0
570503,570503,570504,1,0
570503,570503,570504,1,0
570503,570503,570504,1,0
570503,570503,570504,1,0
570503,570503,570504,1,0
570503,570503,570504,1,0
570503,570503,570505,2,0
570503,570503,570505,2,0
570503,570503,570504,1,0
570503,570503,570504,1,0
570503,570503,570505,2,0
570503,570503,570506,3,0
570510,570510,570511,1,0
570510,570510,570511,1,0
570510,570510,570511,1,0
570510,570510,570511,1,0
570510,570510,570511,1,0
570510,570510,570511,1,0
570510,570510,570511,1,0
570510,570510,570511,1,0
570510,570510,570511,1,0
570510,570510,570511,1,0
570510,570510,570511,1,0
570510,570510,570511,1,0
570510,570510,570511,1,0
570510,570510,570511,1,0
570510,570510,570511,1,0
570510,570510,570511,1,0
570510,570510,570511,1,0
570510,570510,570511,1,0
570510,570510,570511,1,0
570510,570510,570511,1,0
570510,570510,570511,1,0
570510,570510,570511,1,0
570510,570510,570511,1,0
570510,570510,570511,1,0
570510,570510,570511,1,0
570510,570510,570511,1,0
570510,570510,570511,1,0
570510,570510,570511,1,0
570510,570510,570511,1,0
570510,570510,570511,1,0
570510,570510,570512,2,0
570516,570516,570517,1,0
570516,570516,570517,1,0
570516,570516,570517,1,0
570516,570516,570517,1,0
570516,570516,570517,1,0
570516,570516,570517,1,0
570516,570516,570517,1,0
570516,570516,570517,1,0
570516,570516,570517,1,0
570516,570516,570517,1,0
570525,570525,570526,1,0
570525,570525,570526,1,0
570525,570525,570526,1,0
570525,570525,570526,1,0
570525,570525,570526,1,0
570525,570525,570526,1,0
570525,570525,570526,1,0
570525,570525,570526,1,0
570525,570525,570526,1,0
570525,570525,570526,1,0
570525,570525,570526,1,0
570525,570525,570526,1,0
570525,570525,570526,1,0
570525,570525,570526,1,0
570525,570525,570526,1,0
570525,570525,570526,1,0
570525,570525,570526,1,0
570525,570525,570526,1,0
570525,570525,570526,1,0
570525,570525,570526,1,0
570525,570525,570526,1,0
570525,570525,570526,1,0
570525,570525,570526,1,0
570525,570525,570526,1,0
570525,570525,570526,1,0
570525,570525,570526,1,0
570525,570525,570526,1,0
570525,570525,570526,1,0
570525,570525,570526,1,0
570525,570525,570526,1,0
570525,570525,570526,1,0
570529,570529,570530,1,0
570529,570529,570530,1,0
570529,570529,570530,1,0
570529,570529,570530,1,0
570529,570529,570530,1,0
570529,570529,570530,1,0
570529,570529,570530,1,0
570529,570529,570530,1,0
570529,570529,570530,1,0
570529,570529,570530,1,0
570529,570529,570530,1,0
570529,570529,570530,1,0
570529,570529,570530,1,0
570529,570529,570530,1,0
570529,570529,570530,1,0
570529,570529,570530,1,0
570529,570529,570530,1,0
570529,570529,570530,1,0
570529,570529,570530,1,0
570529,570529,570530,1,0
570529,570529,570530,1,0
570529,570529,570530,1,0
570529,570529,570530,1,0
570529,570529,570530,1,0
570529,570529,570530,1,0
570529,570529,570530,1,0
570529,570529,570530,1,0
570529,570529,570530,1,0
570529,570529,570530,1,0
570529,570529,570530,1,0
570529,570529,570530,1,0
571010,571010,571011,1,0
571010,571010,571011,1,0
571010,571010,571011,1,0
571010,571010,571011,1,0
571010,571010,571011,1,0
571010,571010,571011,1,0
571010,571010,571011,1,0
571010,571010,571011,1,0
571010,571010,571012,2,0
571010,571010,571012,2,0
571010,571010,571012,2,0
571010,571010,571012,2,0
571010,571010,571012,2,0
571010,571010,571013,3,0
571010,571010,571013,3,0
571010,571010,571013,3,0
571010,571010,571013,3,0
571010,571010,571013,3,0
571010,571010,571013,3,0
571010,571010,571014,4,0
571010,571010,571014,4,0
571010,571010,571014,4,0
571020,571021,571022,1,1
571020,571021,571022,1,1
571020,571021,571022,1,1
571020,571021,571022,1,1
571020,571021,571022,1,1
571020,571021,571022,1,1
571020,571021,571022,1,1
571020,571021,571022,1,1
571020,571021,571022,1,1
571020,571021,571024,3,1
571020,571021,571024,3,1
571020,571021,571024,3,1
571020,571021,571024,3,1
571020,571021,571024,3,1
571020,571021,571025,4,1
571020,571021,571024,3,1
571020,571021,571025,4,1
571020,571021,571025,4,1
571020,571021,571025,4,1
571031,571031,571032,1,0
571031,571031,571032,1,0
571031,571031,571032,1,0
571031,571031,571032,1,0
571031,571031,571032,1,0
571031,571031,571032,1,0
571031,571031,571032,1,0
571031,571031,571032,1,0
571031,571031,571032,1,0
571031,571031,571032,1,0
571031,571031,571032,1,0
571031,571031,571032,1,0
571031,571031,571032,1,0
571031,571031,571032,1,0
571031,571031,571032,1,0
571031,571031,571032,1,0
571031,571031,571033,2,0
571031,571031,571033,2,0
571031,571031,571032,1,0
571031,571031,571033,2,0
571031,571031,571032,1,0
571031,571031,571034,3,0
571031,571031,571034,3,0
571031,571031,571035,4,0
571031,571031,571035,4,0
571031,571031,571035,4,0
571031,571031,571035,4,0
571031,571031,571035,4,0
571031,571031,571035,4,0
571031,571031,571035,4,0
571031,571031,571036,5,0
571041,571041,571042,1,0
571041,571041,571042,1,0
571041,571041,571042,1,0
571041,571041,571042,1,0
571041,571041,571042,1,0
571041,571041,571042,1,0
571041,571041,571042,1,0
571041,571041,571042,1,0
571041,571041,571042,1,0
571041,571041,571042,1,0
571041,571041,571042,1,0
571041,571041,571042,1,0
571041,571041,571042,1,0
571041,571041,571042,1,0
571041,571041,571043,2,0
571041,571041,571042,1,0
571041,571041,571042,1,0
571041,571041,571043,2,0
571041,571041,571043,2,0
571041,571041,571043,2,0
571041,571041,571043,2,0
571041,571041,571042,1,0
571041,571041,571044,3,0
571041,571041,571044,3,0
571041,571041,571045,4,0
571041,571041,571045,4,0
571041,571041,571044,3,0
571041,571041,571044,3,0
571041,571041,571045,4,0
571041,571041,571045,4,0
571041,571041,571046,5,0
571052,571052,571053,1,0
571052,571052,571054,2,0
571052,571052,571053,1,0
571052,571052,571053,1,0
571052,571052,571053,1,0
571052,571052,571054,2,0
571052,571052,571054,2,0
571052,571052,571054,2,0
571052,571052,571055,3,0
571052,571052,571055,3,0
571052,571052,571055,3,0
571060,571060,571061,1,0
571060,571060,571061,1,0
571060,571060,571061,1,0
571060,571060,571061,1,0
571060,571060,571061,1,0
571060,571060,571061,1,0
571060,571060,571061,1,0
571060,571060,571061,1,0
571060,571060,571061,1,0
571060,571060,571061,1,0
571060,571060,571061,1,0
571060,571060,571061,1,0
571060,571060,571061,1,0
571060,571060,571061,1,0
571060,571060,571061,1,0
571060,571060,571061,1,0
571060,571060,571061,1,0
571060,571060,571061,1,0
571060,571060,571061,1,0
571060,571060,571061,1,0
571060,571060,571061,1,0
571060,571060,571061,1,0
571060,571060,571061,1,0
571060,571060,571061,1,0
571060,571060,571062,2,0
571060,571060,571062,2,0
571060,571060,571062,2,0
571060,571060,571062,2,0
571060,571060,571062,2,0
571060,571060,571062,2,0
571060,571060,571062,2,0
571066,571067,571068,1,1
571066,571067,571068,1,1
571066,571067,571068,1,1
571066,571067,571068,1,1
571072,571072,571073,1,0
571072,571072,571073,1,0
571072,571072,571073,1,0
571072,571072,571073,1,0
571072,571072,571073,1,0
571072,571072,571073,1,0
571072,571072,571073,1,0
571072,571072,571073,1,0
571072,571072,571073,1,0
571072,571072,571073,1,0
571072,571072,571073,1,0
571072,571072,571073,1,0
571072,571072,571073,1,0
571072,571072,571073,1,0
571072,571072,571073,1,0
571072,571072,571073,1,0
571072,571072,571073,1,0
571072,571072,571073,1,0
571072,571072,571073,1,0
571072,571072,571073,1,0
571072,571072,571073,1,0
571072,571072,571073,1,0
571072,571072,571073,1,0
571072,571072,571073,1,0
571072,571072,571073,1,0
571072,571072,571074,2,0
571077,571077,571078,1,0
571081,571081,571082,1,0
571081,571081,571082,1,0
571081,571081,571082,1,0
571081,571081,571082,1,0
571081,571081,571082,1,0
571081,571081,571082,1,0
571081,571081,571082,1,0
571081,571081,571082,1,0
571081,571081,571082,1,0
571081,571081,571082,1,0
571081,571081,571082,1,0
571081,571081,571082,1,0
571081,571081,571082,1,0
571081,571081,571082,1,0
571081,571081,571082,1,0
571081,571081,571082,1,0
571081,571081,571082,1,0
571081,571081,571082,1,0
571081,571081,571082,1,0
571081,571081,571082,1,0
571081,571081,571082,1,0
571081,571081,571082,1,0
571081,571081,571082,1,0
571081,571081,571082,1,0
571081,571081,571082,1,0
571081,571081,571082,1,0
571081,571081,571082,1,0
571081,571081,571082,1,0
571081,571081,571082,1,0
571081,571081,571082,1,0
571081,571081,571082,1,0
571091,571091,571092,1,0
571091,571091,571092,1,0
571250,571251,571252,1,1
571250,571251,571252,1,1
571250,571251,571252,1,1
571250,571251,571252,1,1
571250,571251,571252,1,1
571250,571251,571252,1,1
571250,571251,571252,1,1
571250,571251,571253,2,1
571250,571251,571253,2,1
571250,571251,571253,2,1
571250,571251,571254,3,1
571250,571251,571254,3,1
571250,571251,571254,3,1
571250,571251,571254,3,1
571250,571251,571254,3,1
571250,571251,571255,4,1
571250,571251,571255,4,1
571250,571251,571255,4,1
571261,571261,571262,1,0
571261,571261,571262,1,0
571261,571261,571262,1,0
571261,571261,571262,1,0
571261,571261,571262,1,0
571261,571261,571262,1,0
571261,571261,571262,1,0
571261,571261,571262,1,0
571261,571261,571262,1,0
571261,571261,571262,1,0
571261,571261,571262,1,0
571261,571261,571262,1,0
571261,571261,571262,1,0
571261,571261,571262,1,0
571261,571261,571262,1,0
571261,571261,571262,1,0
571261,571261,571263,2,0
571261,571261,571263,2,0
571261,571261,571262,1,0
571261,571261,571263,2,0
571261,571261,571263,2,0
571261,571261,571264,3,0
571261,571261,571264,3,0
571261,571261,571265,4,0
571261,571261,571265,4,0
571261,571261,571265,4,0
571261,571261,571265,4,0
571261,571261,571265,4,0
571261,571261,571265,4,0
571261,571261,571266,5,0
571261,571261,571266,5,0
571272,571272,571273,1,0
571272,571272,571273,1,0
571272,571272,571273,1,0
571272,571272,571273,1,0
571272,571272,571273,1,0
571272,571272,571273,1,0
571272,571272,571273,1,0
571272,571272,571273,1,0
571272,571272,571273,1,0
571272,571272,571273,1,0
571272,571272,571273,1,0
571272,571272,571273,1,0
571272,571272,571273,1,0
571272,571272,571274,2,0
571272,571272,571273,1,0
571272,571272,571273,1,0
571272,571272,571274,2,0
571272,571272,571274,2,0
571272,571272,571274,2,0
571272,571272,571274,2,0
571272,571272,571274,2,0
571272,571272,571275,3,0
571272,571272,571275,3,0
571272,571272,571276,4,0
571272,571272,571276,4,0
571272,571272,571276,4,0
571272,571272,571276,4,0
571272,571272,571276,4,0
571272,571272,571276,4,0
571272,571272,571276,4,0
571272,571272,571277,5,0
571282,571282,571283,1,0
571282,571282,571283,1,0
571282,571282,571283,1,0
571282,571282,571283,1,0
571282,571282,571283,1,0
571282,571282,571283,1,0
571282,571282,571283,1,0
571282,571282,571283,1,0
571282,571282,571283,1,0
571282,571282,571283,1,0
571282,571282,571283,1,0
571282,571282,571283,1,0
571282,571282,571283,1,0
571282,571282,571283,1,0
571282,571282,571284,2,0
571282,571282,571283,1,0
571282,571282,571283,1,0
571282,571282,571284,2,0
571282,571282,571284,2,0
571282,571282,571284,2,0
571282,571282,571284,2,0
571282,571282,571284,2,0
571282,571282,571285,3,0
571282,571282,571285,3,0
571282,571282,571285,3,0
571282,571282,571286,4,0
571282,571282,571286,4,0
571282,571282,571286,4,0
571282,571282,571286,4,0
571282,571282,571286,4,0
571282,571282,571286,4,0
571294,571294,571295,1,0
571294,571294,571295,1,0
571294,571294,571295,1,0
571294,571294,571295,1,0
571294,571294,571295,1,0
571294,571294,571295,1,0
571294,571294,571295,1,0
571294,571294,571295,1,0
571294,571294,571295,1,0
571294,571294,571295,1,0
571294,571294,571295,1,0
571294,571294,571295,1,0
571294,571294,571295,1,0
571294,571294,571295,1,0
571294,571294,571295,1,0
571294,571294,571295,1,0
571294,571294,571295,1,0
571294,571294,571295,1,0
571294,571294,571296,2,0
571294,571294,571296,2,0
571294,571294,571296,2,0
571294,571294,571296,2,0
571294,571295,571296,1,1
571294,571295,571296,1,1
571294,571294,571296,2,0
571294,571294,571297,3,0
571294,571294,571298,4,0
571294,571294,571298,4,0
571294,571294,571298,4,0
571294,571294,571298,4,0
571303,571303,571304,1,0
571303,571303,571304,1,0
571303,571303,571304,1,0
571303,571303,571304,1,0
571303,571303,571304,1,0
571303,571303,571304,1,0
571303,571303,571304,1,0
571303,571303,571304,1,0
571303,571303,571304,1,0
571303,571303,571304,1,0
571303,571303,571304,1,0
571303,571303,571304,1,0
571303,571303,571304,1,0
571303,571303,571304,1,0
571303,571303,571304,1,0
571303,571303,571304,1,0
571303,571303,571304,1,0
571303,571303,571304,1,0
571303,571303,571304,1,0
571303,571303,571304,1,0
571303,571303,571304,1,0
571303,571303,571304,1,0
571303,571303,571304,1,0
571303,571303,571304,1,0
571303,571303,571305,2,0
571303,571303,571305,2,0
571303,571303,571305,2,0
571303,571303,571305,2,0
571303,571303,571305,2,0
571303,571303,571305,2,0
571303,571303,571305,2,0
571311,571311,571312,1,0
571311,571311,571312,1,0
571311,571311,571312,1,0
571311,571311,571312,1,0
571311,571311,571312,1,0
571311,571311,571312,1,0
571311,571311,571312,1,0
571311,571311,571312,1,0
571311,571311,571312,1,0
571317,571317,571318,1,0
571317,571317,571318,1,0
571317,571317,571318,1,0
571317,571317,571318,1,0
571317,571317,571318,1,0
571321,571321,571322,1,0
571321,571321,571322,1,0
571321,571321,571322,1,0
571321,571321,571322,1,0
571321,571321,571322,1,0
571321,571321,571322,1,0
571321,571321,571322,1,0
571321,571321,571322,1,0
571321,571321,571322,1,0
571321,571321,571322,1,0
571321,571321,571322,1,0
571321,571321,571322,1,0
571321,571321,571322,1,0
571321,571321,571322,1,0
571321,571321,571322,1,0
571321,571321,571322,1,0
571321,571321,571322,1,0
571321,571321,571322,1,0
571321,571321,571322,1,0
571321,571321,571322,1,0
571321,571321,571322,1,0
571321,571321,571322,1,0
571321,571321,571322,1,0
571321,571321,571322,1,0
571321,571321,571322,1,0
571321,571321,571322,1,0
571321,571321,571322,1,0
571321,571321,571322,1,0
571321,571321,571322,1,0
571325,571325,571326,1,0
571325,571325,571326,1,0
571325,571325,571326,1,0
571325,571325,571326,1,0
571325,571325,571326,1,0
571325,571325,571326,1,0
571325,571325,571326,1,0
571325,571325,571326,1,0
571325,571325,571326,1,0
571325,571325,571326,1,0
571325,571325,571326,1,0
571325,571325,571326,1,0
571325,571325,571326,1,0
571325,571325,571326,1,0
571325,571325,571326,1,0
571325,571325,571326,1,0
571325,571325,571326,1,0
571325,571325,571326,1,0
571325,571325,571326,1,0
571325,571325,571326,1,0
571325,571325,571326,1,0
571325,571325,571326,1,0
571325,571325,571326,1,0
571325,571325,571326,1,0
571325,571325,571326,1,0
571325,571325,571326,1,0
571325,571325,571326,1,0
571325,571325,571326,1,0
571325,571325,571326,1,0
571325,571325,571326,1,0
571325,571325,571326,1,0
571333,571333,571334,1,0
571333,571333,571334,1,0
571333,571333,571334,1,0
571333,571333,571334,1,0
571333,571333,571334,1,0
571333,571333,571334,1,0
571333,571333,571334,1,0
571333,571333,571334,1,0
571333,571333,571334,1,0
571333,571333,571334,1,0
571333,571333,571334,1,0
571333,571333,571334,1,0
571333,571333,571334,1,0
571333,571333,571334,1,0
571333,571333,571334,1,0
571333,571333,571334,1,0
571333,571333,571334,1,0
571333,571333,571334,1,0
571333,571333,571334,1,0
571333,571333,571334,1,0
571333,571333,571334,1,0
571333,571333,571334,1,0
571333,571333,571334,1,0
571333,571333,571334,1,0
571333,571333,571334,1,0
571333,571333,571334,1,0
571333,571333,571334,1,0
571333,571333,571334,1,0
571333,571333,571334,1,0
571333,571333,571334,1,0
571383,571383,571384,1,0
571383,571383,571384,1,0
571383,571383,571384,1,0
571383,571383,571384,1,0
571383,571383,571384,1,0
571383,571383,571384,1,0
571383,571383,571384,1,0
571383,571383,571384,1,0
571383,571383,571384,1,0
571383,571383,571385,2,0
571383,571383,571385,2,0
571383,571383,571384,1,0
571383,571383,571384,1,0
571383,571383,571385,2,0
571383,571383,571385,2,0
571383,571383,571386,3,0
571383,571383,571386,3,0
571383,571383,571386,3,0
571383,571383,571387,4,0
571383,571383,571386,3,0
571383,571383,571387,4,0
571383,571383,571387,4,0
571394,571394,571395,1,0
571394,571394,571395,1,0
571394,571394,571395,1,0
571394,571394,571395,1,0
571394,571394,571395,1,0
571394,571394,571395,1,0
571394,571394,571395,1,0
571394,571394,571395,1,0
571394,571394,571396,2,0
571394,571394,571395,1,0
571394,571394,571396,2,0
571394,571394,571395,1,0
571394,571394,571395,1,0
571394,571394,571397,3,0
571394,571394,571397,3,0
571394,571394,571397,3,0
571394,571394,571397,3,0
571394,571394,571397,3,0
571394,571394,571398,4,0
571394,571394,571397,3,0
571394,571394,571397,3,0
571394,571394,571398,4,0
571394,571394,571398,4,0
571405,571405,571406,1,0
571405,571405,571406,1,0
571405,571405,571406,1,0
571405,571405,571406,1,0
571405,571405,571406,1,0
571405,571405,571406,1,0
571405,571405,571406,1,0
571405,571405,571406,1,0
571405,571405,571406,1,0
571405,571405,571406,1,0
571405,571405,571406,1,0
571405,571405,571406,1,0
571405,571405,571406,1,0
571405,571405,571406,1,0
571405,571405,571406,1,0
571405,571405,571406,1,0
571405,571405,571407,2,0
571405,571405,571407,2,0
571405,571405,571407,2,0
571405,571405,571407,2,0
571405,571405,571407,2,0
571405,571405,571408,3,0
571405,571405,571408,3,0
571405,571405,571408,3,0
571405,571405,571408,3,0
571405,571405,571408,3,0
571405,571405,571409,4,0
571405,571405,571409,4,0
571405,571405,571409,4,0
571405,571405,571409,4,0
571405,571405,571409,4,0
571416,571416,571417,1,0
571416,571416,571417,1,0
571416,571416,571417,1,0
571416,571416,571417,1,0
571416,571416,571417,1,0
571416,571416,571417,1,0
571416,571416,571418,2,0
571416,571416,571417,1,0
571416,571416,571418,2,0
571416,571416,571417,1,0
571416,571416,571417,1,0
571416,571416,571419,3,0
571416,571416,571419,3,0
571416,571416,571419,3,0
571416,571416,571419,3,0
571416,571416,571419,3,0
571416,571416,571420,4,0
571416,571416,571420,4,0
571416,571416,571420,4,0
571427,571427,571428,1,0
571427,571427,571428,1,0
571427,571427,571428,1,0
571427,571427,571428,1,0
571427,571427,571428,1,0
571427,571427,571428,1,0
571427,571427,571428,1,0
571427,571427,571428,1,0
571427,571427,571428,1,0
571427,571427,571428,1,0
571427,571427,571428,1,0
571427,571427,571428,1,0
571427,571427,571428,1,0
571427,571427,571428,1,0
571427,571427,571428,1,0
571427,571427,571428,1,0
571427,571427,571428,1,0
571427,571427,571428,1,0
571427,571427,571428,1,0
571427,571427,571428,1,0
571427,571427,571429,2,0
571427,571427,571428,1,0
571427,571427,571429,2,0
571427,571427,571430,3,0
571427,571427,571430,3,0
571427,571427,571429,2,0
571427,571427,571430,3,0
571427,571427,571431,4,0
571427,571427,571431,4,0
571435,571435,571436,1,0
571435,571435,571436,1,0
571435,571435,571436,1,0
571435,571435,571436,1,0
571435,571435,571436,1,0
571435,571435,571436,1,0
571435,571435,571436,1,0
571435,571435,571436,1,0
571435,571435,571436,1,0
571435,571435,571436,1,0
571435,571435,571436,1,0
571435,571435,571436,1,0
571435,571435,571436,1,0
571435,571435,571436,1,0
571435,571435,571436,1,0
571435,571435,571436,1,0
571435,571435,571436,1,0
571435,571435,571436,1,0
571435,571435,571436,1,0
571435,571435,571436,1,0
571435,571435,571436,1,0
571435,571435,571436,1,0
571435,571435,571436,1,0
571435,571435,571437,2,0
571435,571435,571437,2,0
571435,571435,571437,2,0
571435,571435,571437,2,0
571435,571435,571437,2,0
571435,571435,571437,2,0
571435,571435,571437,2,0
571435,571435,571438,3,0
571444,571444,571445,1,0
571444,571444,571445,1,0
571444,571444,571445,1,0
571444,571444,571445,1,0
571444,571444,571445,1,0
571444,571444,571445,1,0
571444,571444,571445,1,0
571444,571444,571445,1,0
571444,571444,571445,1,0
571454,571454,571455,1,0
571454,571454,571455,1,0
571454,571454,571455,1,0
571454,571454,571455,1,0
571454,571454,571455,1,0
571454,571454,571455,1,0
571454,571454,571455,1,0
571454,571454,571455,1,0
571454,571454,571455,1,0
571454,571454,571455,1,0
571454,571454,571455,1,0
571454,571454,571455,1,0
571454,571454,571455,1,0
571454,571454,571455,1,0
571454,571454,571455,1,0
571454,571454,571455,1,0
571454,571454,571455,1,0
571454,571454,571455,1,0
571454,571454,571455,1,0
571454,571454,571455,1,0
571454,571454,571455,1,0
571454,571454,571455,1,0
571454,571454,571455,1,0
571454,571454,571455,1,0
571454,571454,571455,1,0
571454,571454,571455,1,0
571454,571454,571455,1,0
571454,571454,571455,1,0
571454,571454,571455,1,0
571454,571454,571455,1,0
571454,571454,571455,1,0
571464,571464,571465,1,0
571464,571464,571465,1,0
571464,571464,571465,1,0
571464,571464,571465,1,0
571464,571464,571465,1,0
571539,571539,571540,1,0
571539,571539,571540,1,0
571539,571539,571540,1,0
571539,571539,571540,1,0
571539,571539,571540,1,0
571539,571539,571540,1,0
571539,571539,571540,1,0
571539,571539,571540,1,0
571539,571539,571540,1,0
571539,571539,571540,1,0
571539,571539,571540,1,0
571539,571539,571540,1,0
571539,571539,571540,1,0
571539,571539,571541,2,0
571539,571539,571541,2,0
571539,571539,571540,1,0
571539,571539,571541,2,0
571539,571539,571540,1,0
571539,571539,571541,2,0
571539,571539,571541,2,0
571539,571539,571540,1,0
571539,571539,571542,3,0
571539,571539,571542,3,0
571539,571539,571543,4,0
571539,571539,571543,4,0
571539,571539,571543,4,0
571539,571539,571542,3,0
571539,571539,571543,4,0
571539,571539,571542,3,0
571539,571539,571543,4,0
571539,571539,571544,5,0
571549,571549,571550,1,0
571549,571549,571550,1,0
571549,571549,571550,1,0
571549,571549,571550,1,0
571549,571549,571550,1,0
571549,571549,571550,1,0
571549,571549,571550,1,0
571549,571549,571550,1,0
571549,571549,571550,1,0
571549,571549,571550,1,0
571549,571549,571550,1,0
571549,571549,571550,1,0
571549,571549,571550,1,0
571549,571549,571550,1,0
571549,571549,571550,1,0
571549,571549,571551,2,0
571549,571549,571550,1,0
571549,571549,571551,2,0
571549,571549,571550,1,0
571549,571549,571551,2,0
571549,571549,571551,2,0
571549,571549,571552,3,0
571549,571549,571552,3,0
571549,571549,571552,3,0
571549,571549,571553,4,0
571549,571549,571553,4,0
571549,571549,571553,4,0
571549,571549,571553,4,0
571549,571549,571553,4,0
571549,571549,571554,5,0
571559,571559,571560,1,0
571559,571559,571560,1,0
571559,571559,571560,1,0
571559,571559,571560,1,0
571559,571559,571560,1,0
571559,571559,571560,1,0
571559,571559,571560,1,0
571559,571559,571560,1,0
571559,571559,571560,1,0
571559,571559,571560,1,0
571559,571559,571560,1,0
571559,571559,571560,1,0
571559,571559,571560,1,0
571559,571559,571560,1,0
571559,571559,571560,1,0
571559,571559,571560,1,0
571559,571559,571560,1,0
571559,571559,571560,1,0
571559,571559,571561,2,0
571559,571559,571561,2,0
571559,571559,571561,2,0
571559,571559,571561,2,0
571559,571559,571562,3,0
571559,571559,571562,3,0
571559,571559,571562,3,0
571559,571559,571563,4,0
571559,571559,571563,4,0
571559,571559,571563,4,0
571559,571559,571563,4,0
571559,571559,571563,4,0
571559,571559,571563,4,0
571574,571574,571575,1,0
571574,571574,571575,1,0
571574,571574,571575,1,0
571574,571574,571575,1,0
571574,571574,571576,2,0
571574,571574,571575,1,0
571574,571574,571575,1,0
571574,571574,571575,1,0
571574,571574,571575,1,0
571574,571574,571576,2,0
571574,571574,571577,3,0
571574,571574,571576,2,0
571574,571574,571577,3,0
571574,571574,571577,3,0
571574,571574,571577,3,0
571574,571574,571578,4,0
571574,571574,571578,4,0
571583,571583,571584,1,0
571583,571583,571584,1,0
571583,571583,571584,1,0
571583,571583,571584,1,0
571583,571583,571584,1,0
571583,571583,571584,1,0
571583,571583,571584,1,0
571583,571583,571584,1,0
571583,571583,571586,3,0
571583,571584,571585,1,1
571583,571583,571585,2,0
571583,571584,571585,1,1
571583,571583,571585,2,0
571583,571583,571585,2,0
571583,571583,571586,3,0
571583,571583,571586,3,0
571583,571584,571587,3,1
571583,571584,571587,3,1
571592,571592,571593,1,0
571592,571592,571593,1,0
571592,571592,571593,1,0
571592,571592,571593,1,0
571592,571592,571593,1,0
571592,571592,571593,1,0
571592,571592,571593,1,0
571592,571592,571593,1,0
571592,571592,571593,1,0
571592,571592,571593,1,0
571592,571592,571593,1,0
571592,571592,571593,1,0
571592,571592,571593,1,0
571592,571592,571593,1,0
571592,571592,571593,1,0
571592,571592,571593,1,0
571592,571592,571593,1,0
571592,571592,571593,1,0
571592,571592,571593,1,0
571592,571592,571593,1,0
571592,571592,571593,1,0
571592,571592,571593,1,0
571592,571592,571593,1,0
571592,571592,571593,1,0
571592,571592,571593,1,0
571592,571592,571593,1,0
571592,571592,571593,1,0
571592,571592,571593,1,0
571592,571592,571593,1,0
571592,571592,571594,2,0
571592,571592,571594,2,0
571599,571599,571600,1,0
571599,571599,571600,1,0
571599,571599,571600,1,0
571599,571599,571600,1,0
571599,571599,571600,1,0
571599,571599,571600,1,0
571599,571599,571600,1,0
571599,571599,571600,1,0
571599,571599,571600,1,0
571599,571599,571600,1,0
571599,571599,571600,1,0
571599,571599,571600,1,0
571599,571599,571600,1,0
571599,571599,571600,1,0
571599,571599,571600,1,0
571599,571599,571600,1,0
571599,571599,571600,1,0
571599,571599,571600,1,0
571599,571599,571600,1,0
571599,571599,571600,1,0
571599,571599,571600,1,0
571599,571599,571600,1,0
571599,571599,571600,1,0
571599,571599,571600,1,0
571599,571599,571600,1,0
571599,571599,571600,1,0
571599,571599,571600,1,0
571599,571599,571600,1,0
571599,571599,571600,1,0
571599,571599,571601,2,0
571599,571599,571600,1,0
571605,571605,571606,1,0
571605,571605,571606,1,0
571605,571605,571606,1,0
571605,571605,571606,1,0
571605,571605,571606,1,0
571605,571605,571606,1,0
571605,571605,571606,1,0
571605,571605,571606,1,0
571605,571605,571606,1,0
571605,571605,571606,1,0
571605,571605,571606,1,0
571605,571605,571606,1,0
571605,571605,571606,1,0
571605,571605,571606,1,0
571605,571605,571606,1,0
571605,571605,571606,1,0
571605,571605,571606,1,0
571605,571605,571606,1,0
571605,571605,571606,1,0
571605,571605,571606,1,0
571605,571605,571606,1,0
571605,571605,571606,1,0
571605,571605,571606,1,0
571605,571605,571606,1,0
571605,571605,571606,1,0
571609,571609,571610,1,0
571609,571609,571610,1,0
571609,571609,571610,1,0
571609,571609,571610,1,0
571609,571609,571610,1,0
571609,571609,571610,1,0
571609,571609,571610,1,0
571609,571609,571610,1,0
571609,571609,571610,1,0
571609,571609,571610,1,0
571609,571609,571610,1,0
571609,571609,571610,1,0
571609,571609,571610,1,0
571609,571609,571610,1,0
571609,571609,571610,1,0
571609,571609,571610,1,0
571609,571609,571610,1,0
571609,571609,571610,1,0
571609,571609,571610,1,0
571609,571609,571610,1,0
571609,571609,571610,1,0
571609,571609,571610,1,0
571609,571609,571610,1,0
571609,571609,571610,1,0
571609,571609,571610,1,0
571609,571609,571610,1,0
571609,571609,571610,1,0
571609,571609,571610,1,0
571609,571609,571610,1,0
571609,571609,571610,1,0
571609,571609,571610,1,0
571614,571614,571615,1,0
571614,571614,571615,1,0
571618,571618,571619,1,0
571618,571618,571619,1,0
571618,571618,571619,1,0
571618,571618,571619,1,0
571618,571618,571619,1,0
571618,571618,571619,1,0
571618,571618,571619,1,0
571618,571618,571619,1,0
571618,571618,571619,1,0
571618,571618,571619,1,0
571618,571618,571619,1,0
571618,571618,571619,1,0
571618,571618,571619,1,0
571618,571618,571619,1,0
571618,571618,571619,1,0
571618,571618,571619,1,0
571618,571618,571619,1,0
571618,571618,571619,1,0
571618,571618,571619,1,0
571618,571618,571619,1,0
571618,571618,571619,1,0
571618,571618,571619,1,0
571618,571618,571619,1,0
571618,571618,571619,1,0
571618,571618,571619,1,0
571618,571618,571619,1,0
571727,571727,571728,1,0
571727,571727,571728,1,0
571727,571727,571728,1,0
571727,571727,571728,1,0
571727,571727,571728,1,0
571727,571727,571728,1,0
571727,571727,571728,1,0
571727,571727,571728,1,0
571727,571727,571729,2,0
571727,571727,571728,1,0
571727,571727,571728,1,0
571727,571727,571728,1,0
571727,571727,571728,1,0
571727,571727,571729,2,0
571727,571727,571729,2,0
571727,571727,571729,2,0
571727,571727,571729,2,0
571727,571727,571730,3,0
571727,571727,571730,3,0
571727,571727,571730,3,0
571727,571727,571731,4,0
571727,571727,571731,4,0
571727,571727,571731,4,0
571727,571727,571731,4,0
571727,571727,571731,4,0
571738,571738,571739,1,0
571738,571738,571739,1,0
571738,571738,571739,1,0
571738,571738,571740,2,0
571738,571738,571740,2,0
571738,571738,571741,3,0
571738,571738,571741,3,0
571738,571738,571740,2,0
571738,571738,571740,2,0
571738,571738,571741,3,0
571738,571738,571741,3,0
571738,571738,571741,3,0
571738,571738,571741,3,0
571738,571738,571742,4,0
571738,571738,571742,4,0
571738,571738,571742,4,0
571738,571738,571742,4,0
571748,571748,571749,1,0
571748,571748,571749,1,0
571748,571748,571749,1,0
571748,571748,571749,1,0
571748,571748,571749,1,0
571748,571748,571749,1,0
571748,571748,571749,1,0
571748,571748,571749,1,0
571748,571748,571749,1,0
571748,571748,571749,1,0
571748,571748,571749,1,0
571748,571748,571749,1,0
571748,571748,571749,1,0
571748,571748,571749,1,0
571748,571748,571749,1,0
571748,571748,571749,1,0
571748,571748,571750,2,0
571748,571748,571750,2,0
571748,571748,571750,2,0
571748,571748,571749,1,0
571748,571748,571749,1,0
571748,571748,571750,2,0
571748,571748,571751,3,0
571748,571748,571751,3,0
571748,571748,571751,3,0
571748,571748,571752,4,0
571748,571748,571752,4,0
571748,571748,571752,4,0
571748,571748,571752,4,0
571748,571748,571753,5,0
571748,571748,571752,4,0
571758,571758,571759,1,0
571758,571758,571759,1,0
571758,571758,571759,1,0
571758,571758,571759,1,0
571758,571758,571759,1,0
571758,571758,571759,1,0
571758,571758,571759,1,0
571758,571758,571759,1,0
571758,571758,571759,1,0
571758,571758,571759,1,0
571758,571758,571759,1,0
571758,571758,571759,1,0
571758,571758,571759,1,0
571758,571758,571759,1,0
571758,571758,571759,1,0
571758,571758,571759,1,0
571758,571758,571759,1,0
571758,571758,571760,2,0
571758,571758,571759,1,0
571758,571758,571760,2,0
571758,571758,571760,2,0
571758,571758,571760,2,0
571758,571758,571761,3,0
571758,571758,571761,3,0
571758,571758,571761,3,0
571758,571758,571761,3,0
571758,571758,571762,4,0
571758,571758,571762,4,0
571758,571758,571762,4,0
571758,571758,571762,4,0
571758,571758,571762,4,0
571769,571769,571770,1,0
571769,571769,571770,1,0
571769,571769,571770,1,0
571769,571769,571770,1,0
571769,571769,571770,1,0
571769,571769,571770,1,0
571769,571769,571770,1,0
571769,571769,571770,1,0
571769,571769,571771,2,0
571769,571769,571771,2,0
571769,571769,571771,2,0
571769,571769,571771,2,0
571769,571769,571771,2,0
571769,571769,571773,4,0
571777,571778,571779,1,1
571777,571778,571779,1,1
571777,571778,571779,1,1
571777,571778,571779,1,1
571777,571778,571779,1,1
571777,571778,571779,1,1
571777,571778,571779,1,1
571777,571778,571779,1,1
571777,571778,571779,1,1
571777,571778,571779,1,1
571784,571784,571785,1,0
571784,571784,571785,1,0
571784,571784,571785,1,0
571784,571784,571785,1,0
571784,571784,571785,1,0
571784,571784,571785,1,0
571784,571784,571785,1,0
571789,571789,571790,1,0
571789,571789,571790,1,0
571789,571789,571790,1,0
571789,571789,571790,1,0
571789,571789,571790,1,0
571789,571789,571790,1,0
571789,571789,571790,1,0
571789,571789,571790,1,0
571789,571789,571790,1,0
571789,571789,571790,1,0
571789,571789,571790,1,0
571789,571789,571790,1,0
571789,571789,571790,1,0
571789,571789,571790,1,0
571789,571789,571790,1,0
571789,571789,571790,1,0
571789,571789,571790,1,0
571789,571789,571790,1,0
571789,571789,571790,1,0
571789,571789,571790,1,0
571789,571789,571790,1,0
571789,571789,571790,1,0
571789,571789,571790,1,0
571789,571789,571790,1,0
571789,571789,571790,1,0
571789,571789,571790,1,0
571789,571789,571790,1,0
571789,571789,571790,1,0
571789,571789,571790,1,0
571789,571789,571790,1,0
571794,571794,571795,1,0
571794,571794,571795,1,0
571794,571794,571795,1,0
571794,571794,571795,1,0
571794,571794,571795,1,0
571794,571794,571795,1,0
571794,571794,571795,1,0
571794,571794,571795,1,0
571794,571794,571795,1,0
571794,571794,571795,1,0
571794,571794,571795,1,0
571798,571798,571799,1,0
571798,571798,571799,1,0
571798,571798,571799,1,0
571798,571798,571799,1,0
571798,571798,571799,1,0
571798,571798,571799,1,0
571798,571798,571799,1,0
571798,571798,571799,1,0
571798,571798,571799,1,0
571798,571798,571799,1,0
571798,571798,571799,1,0
571798,571798,571799,1,0
571798,571798,571799,1,0
571798,571798,571799,1,0
571798,571798,571799,1,0
571798,571798,571799,1,0
571798,571798,571799,1,0
571798,571798,571799,1,0
571798,571798,571799,1,0
571798,571798,571799,1,0
571798,571798,571799,1,0
571798,571798,571799,1,0
571798,571798,571799,1,0
571798,571798,571799,1,0
571798,571798,571799,1,0
571798,571798,571799,1,0
571798,571798,571799,1,0
571798,571798,571799,1,0
571798,571798,571799,1,0
571798,571798,571799,1,0
571798,571798,571799,1,0
571803,571803,571804,1,0
571803,571803,571804,1,0
571803,571803,571804,1,0
571803,571803,571804,1,0
571803,571803,571804,1,0
571803,571803,571804,1,0
571803,571803,571804,1,0
571803,571803,571804,1,0
571803,571803,571804,1,0
571803,571803,571804,1,0
571803,571804,571805,1,1
571847,571847,571848,1,0
571847,571847,571848,1,0
571847,571847,571848,1,0
571847,571847,571848,1,0
571847,571847,571848,1,0
571847,571847,571848,1,0
571847,571847,571848,1,0
571847,571847,571848,1,0
571847,571847,571848,1,0
571847,571847,571848,1,0
571847,571847,571848,1,0
571847,571847,571848,1,0
571847,571847,571848,1,0
571847,571847,571849,2,0
571847,571847,571849,2,0
571847,571847,571849,2,0
571847,571847,571849,2,0
571847,571847,571848,1,0
571847,571847,571849,2,0
571847,571847,571849,2,0
571847,571847,571849,2,0
571847,571847,571849,2,0
571847,571847,571850,3,0
571847,571847,571850,3,0
571847,571847,571850,3,0
571847,571847,571850,3,0
571847,571847,571851,4,0
571847,571847,571851,4,0
571847,571847,571852,5,0
571847,571847,571852,5,0
571847,571847,571852,5,0
571857,571857,571858,1,0
571857,571857,571858,1,0
571857,571857,571858,1,0
571857,571857,571858,1,0
571857,571857,571858,1,0
571857,571857,571858,1,0
571857,571857,571858,1,0
571857,571857,571858,1,0
571857,571857,571858,1,0
571857,571857,571858,1,0
571857,571857,571858,1,0
571857,571857,571858,1,0
571857,571857,571858,1,0
571857,571857,571859,2,0
571857,571857,571859,2,0
571857,571857,571859,2,0
571857,571857,571859,2,0
571857,571857,571859,2,0
571857,571857,571858,1,0
571857,571857,571859,2,0
571857,571857,571859,2,0
571857,571857,571859,2,0
571857,571857,571860,3,0
571857,571857,571860,3,0
571857,571857,571860,3,0
571857,571857,571861,4,0
571857,571857,571860,3,0
571857,571857,571861,4,0
571857,571857,571862,5,0
571857,571857,571862,5,0
571857,571857,571862,5,0
571867,571867,571868,1,0
571867,571867,571868,1,0
571867,571867,571868,1,0
571867,571867,571869,2,0
571867,571867,571869,2,0
571867,571867,571869,2,0
571867,571867,571869,2,0
571867,571868,571869,1,1
571867,571868,571869,1,1
571867,571867,571869,2,0
571867,571868,571869,1,1
571867,571867,571870,3,0
571867,571867,571870,3,0
571867,571867,571870,3,0
571867,571867,571871,4,0
571867,571867,571871,4,0
571867,571867,571871,4,0
571867,571867,571872,5,0
571867,571868,571872,4,1
571867,571868,571872,4,1
571878,571878,571879,1,0
571878,571878,571879,1,0
571878,571878,571879,1,0
571878,571878,571879,1,0
571878,571878,571879,1,0
571878,571878,571879,1,0
571878,571878,571879,1,0
571878,571878,571879,1,0
571878,571878,571879,1,0
571878,571878,571879,1,0
571878,571878,571879,1,0
571878,571878,571879,1,0
571878,571878,571879,1,0
571878,571878,571879,1,0
571878,571878,571879,1,0
571878,571878,571879,1,0
571878,571878,571880,2,0
571878,571878,571879,1,0
571878,571878,571879,1,0
571878,571878,571880,2,0
571878,571878,571879,1,0
571878,571878,571880,2,0
571878,571878,571881,3,0
571878,571878,571881,3,0
571878,571878,571881,3,0
571878,571878,571880,2,0
571878,571878,571882,4,0
571878,571878,571882,4,0
571878,571878,571882,4,0
571878,571878,571882,4,0
571878,571878,571882,4,0
571889,571889,571890,1,0
571889,571889,571890,1,0
571889,571889,571890,1,0
571889,571889,571890,1,0
571889,571889,571890,1,0
571889,571889,571890,1,0
571889,571889,571890,1,0
571889,571889,571890,1,0
571889,571889,571890,1,0
571889,571889,571890,1,0
571889,571889,571890,1,0
571889,571889,571890,1,0
571889,571889,571890,1,0
571889,571889,571890,1,0
571889,571889,571890,1,0
571889,571889,571890,1,0
571889,571889,571890,1,0
571889,571889,571890,1,0
571889,571889,571890,1,0
571889,571889,571890,1,0
571889,571889,571890,1,0
571889,571889,571890,1,0
571889,571889,571890,1,0
571889,571889,571891,2,0
571889,571889,571891,2,0
571889,571889,571892,3,0
571889,571889,571892,3,0
571889,571889,571892,3,0
571889,571889,571892,3,0
571889,571889,571893,4,0
571889,571889,571892,3,0
571897,571898,571899,1,1
571897,571898,571899,1,1
571897,571898,571899,1,1
571897,571898,571899,1,1
571897,571898,571899,1,1
571897,571898,571899,1,1
571897,571898,571899,1,1
571904,571904,571905,1,0
571904,571904,571905,1,0
571904,571904,571905,1,0
571904,571904,571905,1,0
571904,571904,571905,1,0
571904,571904,571905,1,0
571904,571904,571905,1,0
571904,571904,571905,1,0
571914,571914,571915,1,0
571914,571914,571915,1,0
571914,571914,571915,1,0
571914,571914,571915,1,0
571914,571914,571915,1,0
571914,571914,571915,1,0
571914,571914,571915,1,0
571914,571914,571915,1,0
571914,571914,571915,1,0
571914,571914,571915,1,0
571914,571914,571915,1,0
571914,571914,571915,1,0
571914,571914,571915,1,0
571914,571914,571915,1,0
571914,571914,571915,1,0
571914,571914,571915,1,0
571914,571914,571915,1,0
571914,571914,571915,1,0
571914,571914,571915,1,0
571914,571914,571915,1,0
571914,571914,571915,1,0
571914,571914,571915,1,0
571918,571918,571919,1,0
571918,571918,571919,1,0
571918,571918,571919,1,0
571918,571918,571919,1,0
571918,571918,571919,1,0
571918,571918,571919,1,0
571918,571918,571919,1,0
571918,571918,571919,1,0
571918,571918,571919,1,0
571918,571918,571919,1,0
571918,571918,571919,1,0
571918,571918,571919,1,0
571918,571918,571919,1,0
571918,571918,571919,1,0
571918,571918,571919,1,0
571918,571918,571919,1,0
571918,571918,571919,1,0
571918,571918,571919,1,0
571918,571918,571919,1,0
571918,571918,571919,1,0
571918,571918,571919,1,0
571918,571918,571919,1,0
571918,571918,571919,1,0
571922,571922,571923,1,0
571922,571922,571923,1,0
571971,571971,571972,1,0
571971,571971,571972,1,0
571971,571971,571972,1,0
571971,571971,571972,1,0
571971,571971,571972,1,0
571971,571971,571972,1,0
571971,571971,571972,1,0
571971,571971,571972,1,0
571971,571971,571972,1,0
571971,571971,571972,1,0
571971,571971,571972,1,0
571971,571971,571973,2,0
571971,571971,571972,1,0
571971,571971,571973,2,0
571971,571971,571972,1,0
571971,571971,571973,2,0
571971,571971,571974,3,0
571971,571971,571973,2,0
571971,571971,571974,3,0
571971,571971,571974,3,0
571971,571971,571973,2,0
571971,571971,571973,2,0
571971,571971,571974,3,0
571971,571971,571974,3,0
571971,571971,571975,4,0
571971,571971,571976,5,0
571971,571971,571975,4,0
571971,571971,571975,4,0
571982,571982,571983,1,0
571982,571982,571983,1,0
571982,571982,571983,1,0
571982,571982,571983,1,0
571982,571982,571983,1,0
571982,571982,571983,1,0
571982,571982,571983,1,0
571982,571982,571984,2,0
571982,571982,571985,3,0
571982,571982,571984,2,0
571982,571982,571984,2,0
571982,571982,571985,3,0
571982,571982,571985,3,0
571982,571982,571986,4,0
571982,571982,571986,4,0
571982,571982,571986,4,0
571982,571982,571986,4,0
571982,571982,571986,4,0
571992,571992,571993,1,0
571992,571992,571993,1,0
571992,571992,571993,1,0
571992,571992,571993,1,0
571992,571992,571993,1,0
571992,571992,571993,1,0
571992,571992,571993,1,0
571992,571992,571993,1,0
571992,571992,571993,1,0
571992,571992,571993,1,0
571992,571992,571993,1,0
571992,571992,571993,1,0
571992,571992,571993,1,0
571992,571992,571993,1,0
571992,571992,571993,1,0
571992,571992,571994,2,0
571992,571992,571993,1,0
571992,571992,571994,2,0
571992,571992,571993,1,0
571992,571992,571994,2,0
571992,571992,571994,2,0
571992,571992,571995,3,0
571992,571992,571995,3,0
571992,571992,571994,2,0
571992,571992,571995,3,0
571992,571992,571995,3,0
571992,571992,571995,3,0
571992,571992,571996,4,0
571992,571992,571996,4,0
571992,571992,571996,4,0
571992,571992,571996,4,0
572002,572002,572003,1,0
572002,572002,572003,1,0
572002,572002,572003,1,0
572002,572002,572003,1,0
572002,572002,572003,1,0
572002,572002,572003,1,0
572002,572002,572003,1,0
572002,572002,572003,1,0
572002,572002,572003,1,0
572002,572002,572003,1,0
572002,572002,572003,1,0
572002,572002,572003,1,0
572002,572002,572003,1,0
572002,572002,572003,1,0
572002,572002,572003,1,0
572002,572002,572003,1,0
572002,572002,572003,1,0
572002,572002,572003,1,0
572002,572002,572003,1,0
572002,572002,572004,2,0
572002,572002,572004,2,0
572002,572002,572003,1,0
572002,572002,572005,3,0
572002,572002,572005,3,0
572002,572002,572005,3,0
572002,572002,572004,2,0
572002,572002,572005,3,0
572002,572002,572006,4,0
572002,572002,572006,4,0
572002,572002,572006,4,0
572002,572002,572006,4,0
572013,572013,572014,1,0
572013,572013,572014,1,0
572013,572013,572014,1,0
572013,572013,572014,1,0
572013,572013,572014,1,0
572013,572013,572014,1,0
572013,572013,572014,1,0
572013,572013,572014,1,0
572013,572013,572014,1,0
572013,572013,572014,1,0
572013,572013,572014,1,0
572013,572013,572014,1,0
572013,572013,572014,1,0
572013,572013,572014,1,0
572013,572013,572014,1,0
572013,572013,572014,1,0
572013,572013,572014,1,0
572013,572013,572014,1,0
572013,572013,572014,1,0
572013,572013,572014,1,0
572013,572013,572014,1,0
572013,572013,572015,2,0
572013,572013,572015,2,0
572013,572013,572015,2,0
572013,572013,572015,2,0
572013,572013,572015,2,0
572013,572013,572015,2,0
572013,572013,572016,3,0
572013,572013,572016,3,0
572013,572013,572016,3,0
572013,572013,572017,4,0
572022,572022,572023,1,0
572022,572022,572023,1,0
572022,572022,572023,1,0
572022,572022,572023,1,0
572022,572022,572023,1,0
572022,572022,572023,1,0
572022,572022,572023,1,0
572022,572022,572023,1,0
572022,572022,572023,1,0
572022,572022,572023,1,0
572022,572022,572023,1,0
572022,572022,572023,1,0
572028,572028,572029,1,0
572028,572028,572029,1,0
572028,572028,572029,1,0
572028,572028,572029,1,0
572028,572028,572029,1,0
572028,572028,572029,1,0
572028,572028,572029,1,0
572028,572028,572029,1,0
572028,572028,572029,1,0
572028,572028,572029,1,0
572034,572034,572035,1,0
572034,572034,572035,1,0
572039,572039,572040,1,0
572039,572039,572040,1,0
572039,572039,572040,1,0
572039,572039,572040,1,0
572039,572039,572040,1,0
572043,572043,572044,1,0
572043,572043,572044,1,0
572043,572043,572044,1,0
572043,572043,572044,1,0
572043,572043,572044,1,0
572043,572043,572044,1,0
572043,572043,572044,1,0
572043,572043,572044,1,0
572043,572043,572044,1,0
572043,572043,572044,1,0
572043,572043,572044,1,0
572043,572043,572044,1,0
572043,572043,572044,1,0
572043,572043,572044,1,0
572043,572043,572044,1,0
572043,572043,572044,1,0
572043,572043,572044,1,0
572043,572043,572044,1,0
572043,572043,572044,1,0
572043,572043,572044,1,0
572043,572043,572044,1,0
572043,572043,572044,1,0
572043,572043,572044,1,0
572043,572043,572044,1,0
572043,572043,572044,1,0
572043,572043,572044,1,0
572043,572043,572044,1,0
572043,572043,572044,1,0
572043,572043,572044,1,0
572043,572043,572044,1,0
572043,572043,572044,1,0
572053,572053,572054,1,0
572053,572053,572054,1,0
572053,572053,572054,1,0
572053,572053,572054,1,0
572053,572053,572054,1,0
572053,572053,572054,1,0
572053,572053,572054,1,0
572053,572053,572054,1,0
572053,572053,572054,1,0
572053,572053,572054,1,0
572053,572053,572054,1,0
572053,572053,572054,1,0
572053,572053,572054,1,0
572053,572053,572054,1,0
572053,572053,572054,1,0
572053,572053,572054,1,0
572053,572053,572054,1,0
572053,572053,572054,1,0
572053,572053,572054,1,0
572053,572053,572054,1,0
572053,572053,572054,1,0
572053,572053,572054,1,0
572053,572053,572054,1,0
572053,572053,572054,1,0
572053,572053,572054,1,0
572053,572053,572054,1,0
572053,572053,572054,1,0
572053,572053,572054,1,0
572053,572053,572054,1,0
572053,572053,572054,1,0
572053,572053,572054,1,0
572090,572090,572091,1,0
572090,572090,572091,1,0
572090,572090,572091,1,0
572090,572090,572091,1,0
572090,572090,572091,1,0
572090,572090,572091,1,0
572090,572090,572091,1,0
572090,572090,572091,1,0
572090,572090,572091,1,0
572090,572090,572092,2,0
572090,572090,572093,3,0
572090,572090,572093,3,0
572090,572090,572093,3,0
572090,572090,572093,3,0
572090,572090,572093,3,0
572090,572090,572093,3,0
572090,572090,572093,3,0
572099,572099,572100,1,0
572099,572099,572100,1,0
572099,572099,572100,1,0
572099,572099,572100,1,0
572099,572099,572100,1,0
572099,572099,572100,1,0
572099,572099,572101,2,0
572099,572099,572100,1,0
572099,572099,572101,2,0
572099,572099,572100,1,0
572099,572099,572100,1,0
572099,572099,572100,1,0
572099,572099,572102,3,0
572099,572099,572102,3,0
572099,572099,572102,3,0
572099,572099,572103,4,0
572099,572099,572102,3,0
572099,572099,572103,4,0
572099,572099,572103,4,0
572099,572099,572103,4,0
572109,572109,572110,1,0
572109,572109,572110,1,0
572109,572109,572110,1,0
572109,572109,572110,1,0
572109,572109,572110,1,0
572109,572109,572110,1,0
572109,572109,572110,1,0
572109,572109,572110,1,0
572109,572109,572110,1,0
572109,572109,572110,1,0
572109,572109,572110,1,0
572109,572109,572110,1,0
572109,572109,572110,1,0
572109,572109,572110,1,0
572109,572109,572110,1,0
572109,572109,572110,1,0
572109,572109,572111,2,0
572109,572109,572111,2,0
572109,572109,572111,2,0
572109,572109,572111,2,0
572109,572109,572110,1,0
572109,572109,572110,1,0
572109,572109,572112,3,0
572109,572109,572112,3,0
572109,572109,572111,2,0
572109,572109,572113,4,0
572109,572109,572113,4,0
572109,572109,572113,4,0
572109,572109,572113,4,0
572109,572109,572113,4,0
572109,572109,572113,4,0
572121,572121,572122,1,0
572121,572121,572122,1,0
572121,572121,572122,1,0
572121,572121,572122,1,0
572121,572121,572122,1,0
572121,572121,572122,1,0
572121,572121,572122,1,0
572121,572121,572122,1,0
572121,572121,572122,1,0
572121,572121,572122,1,0
572121,572121,572122,1,0
572121,572121,572122,1,0
572121,572121,572123,2,0
572121,572121,572123,2,0
572121,572121,572124,3,0
572121,572121,572123,2,0
572121,572121,572123,2,0
572121,572121,572125,4,0
572121,572121,572124,3,0
572121,572121,572124,3,0
572121,572121,572124,3,0
572121,572121,572125,4,0
572132,572132,572133,1,0
572132,572132,572133,1,0
572132,572132,572133,1,0
572132,572132,572133,1,0
572132,572132,572133,1,0
572132,572132,572133,1,0
572132,572132,572133,1,0
572132,572132,572133,1,0
572132,572132,572133,1,0
572132,572132,572133,1,0
572132,572132,572133,1,0
572132,572132,572134,2,0
572132,572132,572134,2,0
572132,572132,572134,2,0
572132,572132,572134,2,0
572132,572132,572135,3,0
572132,572132,572135,3,0
572140,572140,572141,1,0
572140,572140,572141,1,0
572140,572140,572141,1,0
572140,572140,572141,1,0
572140,572140,572141,1,0
572140,572140,572141,1,0
572140,572140,572141,1,0
572140,572140,572141,1,0
572140,572140,572141,1,0
572140,572140,572141,1,0
572140,572140,572141,1,0
572140,572140,572141,1,0
572140,572140,572141,1,0
572140,572140,572141,1,0
572140,572140,572141,1,0
572140,572140,572141,1,0
572140,572140,572141,1,0
572140,572140,572141,1,0
572140,572140,572141,1,0
572140,572140,572141,1,0
572140,572140,572141,1,0
572140,572140,572141,1,0
572140,572140,572141,1,0
572140,572140,572141,1,0
572140,572140,572141,1,0
572140,572140,572141,1,0
572140,572140,572141,1,0
572140,572140,572141,1,0
572140,572140,572142,2,0
572140,572140,572142,2,0
572140,572140,572141,1,0
572146,572146,572147,1,0
572146,572146,572147,1,0
572146,572146,572147,1,0
572146,572146,572147,1,0
572146,572146,572147,1,0
572146,572146,572147,1,0
572146,572146,572147,1,0
572146,572146,572147,1,0
572146,572146,572147,1,0
572146,572146,572147,1,0
572146,572146,572147,1,0
572146,572146,572147,1,0
572146,572146,572147,1,0
572146,572146,572147,1,0
572146,572146,572147,1,0
572146,572146,572147,1,0
572146,572146,572147,1,0
572146,572146,572147,1,0
572146,572146,572147,1,0
572146,572146,572147,1,0
572146,572146,572147,1,0
572146,572146,572147,1,0
572146,572146,572147,1,0
572146,572146,572147,1,0
572146,572146,572147,1,0
572146,572146,572147,1,0
572146,572146,572147,1,0
572146,572146,572147,1,0
572146,572146,572147,1,0
572146,572146,572147,1,0
572146,572146,572147,1,0
572152,572152,572153,1,0
572152,572152,572153,1,0
572152,572152,572153,1,0
572152,572152,572153,1,0
572152,572152,572153,1,0
572152,572152,572153,1,0
572152,572152,572153,1,0
572152,572152,572153,1,0
572152,572152,572153,1,0
572152,572152,572153,1,0
572152,572152,572153,1,0
572152,572152,572153,1,0
572152,572152,572153,1,0
572152,572152,572153,1,0
572152,572152,572153,1,0
572152,572152,572153,1,0
572152,572152,572153,1,0
572152,572152,572153,1,0
572152,572152,572153,1,0
572152,572152,572153,1,0
572152,572152,572153,1,0
572152,572152,572153,1,0
572152,572152,572153,1,0
572152,572152,572153,1,0
572156,572156,572157,1,0
572156,572156,572157,1,0
572156,572156,572157,1,0
572156,572156,572157,1,0
572156,572156,572157,1,0
572156,572156,572157,1,0
572156,572156,572157,1,0
572156,572156,572157,1,0
572156,572156,572157,1,0
572156,572156,572157,1,0
572156,572156,572157,1,0
572156,572156,572157,1,0
572156,572156,572157,1,0
572156,572156,572157,1,0
572156,572156,572157,1,0
572156,572156,572157,1,0
572156,572156,572157,1,0
572156,572156,572157,1,0
572156,572156,572157,1,0
572156,572156,572157,1,0
572156,572156,572157,1,0
572156,572156,572157,1,0
572156,572156,572157,1,0
572156,572156,572157,1,0
572156,572156,572157,1,0
572156,572156,572157,1,0
572156,572156,572157,1,0
572156,572156,572157,1,0
572156,572156,572157,1,0
572156,572156,572157,1,0
572156,572156,572157,1,0
572160,572160,572161,1,0
572160,572160,572161,1,0
572160,572160,572161,1,0
572160,572160,572161,1,0
572160,572160,572161,1,0
572160,572160,572161,1,0
572160,572160,572161,1,0
572160,572160,572161,1,0
572160,572160,572161,1,0
572160,572160,572161,1,0
572160,572160,572161,1,0
572160,572160,572161,1,0
572160,572160,572161,1,0
572160,572160,572161,1,0
572160,572160,572161,1,0
572160,572160,572161,1,0
572160,572160,572161,1,0
572160,572160,572161,1,0
572160,572160,572161,1,0
572160,572160,572161,1,0
572160,572160,572161,1,0
572160,572160,572161,1,0
572160,572160,572161,1,0
572160,572160,572161,1,0
572160,572160,572161,1,0
572160,572160,572161,1,0
572160,572160,572161,1,0
572160,572160,572161,1,0
570190,570193,572162,1969,3
572164,572164,572165,1,0
572164,572164,572165,1,0
572164,572164,572165,1,0
572164,572164,572165,1,0
572164,572164,572165,1,0
572164,572164,572165,1,0
572164,572164,572165,1,0
572164,572164,572165,1,0
572164,572164,572165,1,0
572164,572164,572165,1,0
572164,572164,572165,1,0
572164,572164,572165,1,0
572164,572164,572165,1,0
572164,572164,572165,1,0
572164,572164,572165,1,0
572164,572164,572165,1,0
572164,572164,572165,1,0
572164,572164,572165,1,0
572164,572164,572165,1,0
572164,572164,572165,1,0
572164,572164,572165,1,0
572164,572164,572165,1,0
572164,572164,572165,1,0
572164,572164,572165,1,0
572164,572164,572165,1,0
572164,572164,572165,1,0
572164,572164,572165,1,0
572164,572164,572165,1,0
572199,572199,572200,1,0
572199,572199,572200,1,0
572199,572199,572200,1,0
572199,572199,572200,1,0
572199,572199,572200,1,0
572199,572199,572200,1,0
572199,572199,572200,1,0
572199,572199,572200,1,0
572199,572199,572200,1,0
572199,572199,572200,1,0
572199,572199,572200,1,0
572199,572199,572202,3,0
572199,572199,572201,2,0
572199,572199,572201,2,0
572199,572199,572202,3,0
572199,572199,572203,4,0
572199,572199,572203,4,0
572199,572199,572203,4,0
572199,572199,572202,3,0
572208,572208,572209,1,0
572208,572208,572209,1,0
572208,572208,572209,1,0
572208,572208,572209,1,0
572208,572208,572209,1,0
572208,572208,572209,1,0
572208,572208,572209,1,0
572208,572208,572209,1,0
572208,572208,572209,1,0
572208,572208,572209,1,0
572208,572208,572209,1,0
572208,572208,572209,1,0
572208,572208,572209,1,0
572208,572208,572209,1,0
572208,572208,572210,2,0
572208,572208,572209,1,0
572208,572208,572209,1,0
572208,572208,572210,2,0
572208,572208,572210,2,0
572208,572208,572210,2,0
572208,572208,572210,2,0
572208,572208,572211,3,0
572208,572208,572211,3,0
572208,572208,572211,3,0
572208,572208,572211,3,0
572208,572208,572211,3,0
572208,572208,572212,4,0
572208,572208,572212,4,0
572208,572208,572212,4,0
572208,572208,572212,4,0
572208,572208,572212,4,0
572218,572218,572219,1,0
572218,572218,572219,1,0
572218,572218,572219,1,0
572218,572218,572219,1,0
572218,572218,572219,1,0
572218,572218,572219,1,0
572218,572218,572219,1,0
572218,572218,572219,1,0
572218,572218,572219,1,0
572218,572218,572219,1,0
572218,572218,572219,1,0
572218,572218,572219,1,0
572218,572218,572219,1,0
572218,572218,572219,1,0
572218,572218,572219,1,0
572218,572218,572219,1,0
572218,572218,572219,1,0
572218,572218,572220,2,0
572218,572218,572220,2,0
572218,572218,572220,2,0
572218,572218,572220,2,0
572218,572218,572220,2,0
572218,572218,572221,3,0
572218,572218,572221,3,0
572218,572218,572221,3,0
572218,572218,572222,4,0
572218,572218,572223,5,0
572218,572218,572222,4,0
572218,572218,572222,4,0
572218,572218,572222,4,0
572218,572218,572222,4,0
572227,572227,572228,1,0
572227,572227,572228,1,0
572227,572227,572228,1,0
572227,572227,572228,1,0
572227,572227,572228,1,0
572227,572227,572228,1,0
572227,572227,572228,1,0
572227,572227,572228,1,0
572227,572227,572228,1,0
572227,572227,572228,1,0
572227,572227,572228,1,0
572227,572227,572228,1,0
572227,572227,572229,2,0
572227,572227,572228,1,0
572227,572227,572228,1,0
572227,572227,572229,2,0
572227,572227,572229,2,0
572227,572227,572230,3,0
572227,572227,572231,4,0
572227,572227,572231,4,0
572227,572227,572231,4,0
572227,572227,572230,3,0
572227,572227,572231,4,0
572238,572238,572239,1,0
572238,572238,572239,1,0
572238,572238,572239,1,0
572238,572238,572239,1,0
572238,572238,572239,1,0
572238,572238,572239,1,0
572238,572238,572239,1,0
572238,572238,572239,1,0
572238,572238,572239,1,0
572238,572238,572239,1,0
572238,572238,572241,3,0
572238,572238,572240,2,0
572238,572238,572240,2,0
572238,572238,572241,3,0
572238,572238,572241,3,0
572246,572246,572247,1,0
572246,572246,572247,1,0
572246,572246,572247,1,0
572246,572246,572247,1,0
572246,572246,572247,1,0
572246,572246,572247,1,0
572246,572246,572247,1,0
572246,572246,572247,1,0
572246,572246,572247,1,0
572246,572246,572247,1,0
572246,572246,572247,1,0
572246,572246,572247,1,0
572246,572246,572247,1,0
572246,572246,572247,1,0
572246,572246,572247,1,0
572246,572246,572247,1,0
572246,572246,572247,1,0
572246,572246,572247,1,0
572246,572246,572247,1,0
572246,572246,572247,1,0
572246,572246,572247,1,0
572246,572246,572247,1,0
572246,572246,572247,1,0
572246,572246,572247,1,0
572246,572246,572247,1,0
572246,572246,572247,1,0
572252,572252,572253,1,0
572252,572252,572253,1,0
572252,572252,572253,1,0
572252,572252,572253,1,0
572252,572252,572253,1,0
572252,572252,572253,1,0
572252,572252,572253,1,0
572252,572252,572253,1,0
572252,572252,572253,1,0
572252,572252,572253,1,0
572252,572252,572253,1,0
572252,572252,572253,1,0
572252,572252,572253,1,0
572252,572252,572253,1,0
572252,572252,572253,1,0
572252,572252,572253,1,0
572252,572252,572253,1,0
572252,572252,572253,1,0
572252,572252,572253,1,0
572252,572252,572253,1,0
572252,572252,572253,1,0
572252,572252,572253,1,0
572252,572252,572253,1,0
572252,572252,572253,1,0
572252,572252,572253,1,0
572252,572252,572253,1,0
572252,572252,572253,1,0
572252,572252,572253,1,0
572252,572252,572253,1,0
572252,572252,572254,2,0
572252,572252,572253,1,0
572258,572258,572259,1,0
572258,572258,572259,1,0
572258,572258,572259,1,0
572258,572258,572259,1,0
572258,572258,572259,1,0
572258,572258,572259,1,0
572258,572258,572259,1,0
572258,572258,572259,1,0
572258,572258,572259,1,0
572258,572258,572259,1,0
572258,572258,572259,1,0
572258,572258,572259,1,0
572258,572258,572259,1,0
572258,572258,572259,1,0
572258,572258,572259,1,0
572258,572258,572259,1,0
572258,572258,572259,1,0
572258,572258,572259,1,0
572258,572258,572259,1,0
572258,572258,572259,1,0
572258,572258,572259,1,0
572258,572258,572259,1,0
572258,572258,572259,1,0
572258,572258,572259,1,0
572258,572258,572259,1,0
572265,572265,572266,1,0
572265,572265,572266,1,0
572265,572265,572266,1,0
572265,572265,572266,1,0
572265,572265,572266,1,0
572265,572265,572266,1,0
572265,572265,572266,1,0
572160,572163,572310,147,3
572323,572323,572324,1,0
572323,572323,572324,1,0
572323,572323,572324,1,0
572323,572323,572324,1,0
572323,572323,572324,1,0
572323,572323,572324,1,0
572323,572323,572324,1,0
572323,572323,572324,1,0
572323,572323,572324,1,0
572323,572323,572324,1,0
572323,572323,572324,1,0
572323,572323,572324,1,0
572323,572323,572324,1,0
572323,572323,572324,1,0
572323,572323,572324,1,0
572323,572323,572325,2,0
572323,572323,572325,2,0
572323,572323,572324,1,0
572323,572323,572325,2,0
572323,572323,572324,1,0
572323,572323,572325,2,0
572323,572323,572325,2,0
572323,572323,572326,3,0
572323,572323,572326,3,0
572323,572323,572326,3,0
572323,572323,572327,4,0
572323,572323,572327,4,0
572323,572323,572327,4,0
572323,572323,572327,4,0
572323,572323,572327,4,0
572334,572334,572335,1,0
572334,572334,572335,1,0
572334,572334,572335,1,0
572334,572334,572335,1,0
572334,572334,572335,1,0
572334,572334,572335,1,0
572334,572334,572335,1,0
572334,572334,572335,1,0
572334,572334,572335,1,0
572334,572334,572335,1,0
572334,572334,572335,1,0
572334,572334,572335,1,0
572334,572334,572335,1,0
572334,572334,572336,2,0
572334,572334,572336,2,0
572334,572334,572335,1,0
572334,572334,572336,2,0
572334,572334,572336,2,0
572334,572334,572336,2,0
572334,572334,572336,2,0
572334,572334,572336,2,0
572334,572334,572337,3,0
572334,572334,572337,3,0
572334,572334,572337,3,0
572334,572334,572337,3,0
572334,572334,572338,4,0
572334,572334,572339,5,0
572334,572334,572338,4,0
572334,572334,572339,5,0
572334,572334,572339,5,0
572334,572334,572339,5,0
572346,572346,572347,1,0
572346,572346,572347,1,0
572346,572346,572347,1,0
572346,572346,572347,1,0
572346,572346,572347,1,0
572346,572346,572347,1,0
572346,572346,572347,1,0
572346,572346,572347,1,0
572346,572346,572347,1,0
572346,572346,572347,1,0
572346,572346,572347,1,0
572346,572346,572347,1,0
572346,572346,572347,1,0
572346,572346,572347,1,0
572346,572346,572348,2,0
572346,572346,572347,1,0
572346,572346,572348,2,0
572346,572346,572347,1,0
572346,572346,572347,1,0
572346,572346,572349,3,0
572346,572346,572348,2,0
572346,572346,572349,3,0
572346,572346,572349,3,0
572346,572346,572349,3,0
572346,572346,572350,4,0
572346,572346,572350,4,0
572346,572346,572350,4,0
572346,572346,572350,4,0
572358,572358,572359,1,0
572358,572358,572359,1,0
572358,572358,572359,1,0
572358,572358,572359,1,0
572358,572358,572359,1,0
572358,572358,572359,1,0
572358,572358,572359,1,0
572358,572358,572359,1,0
572358,572358,572359,1,0
572358,572358,572359,1,0
572358,572358,572359,1,0
572358,572358,572359,1,0
572358,572358,572359,1,0
572358,572358,572359,1,0
572358,572358,572359,1,0
572358,572358,572359,1,0
572358,572358,572359,1,0
572358,572358,572359,1,0
572358,572358,572360,2,0
572358,572358,572360,2,0
572358,572358,572360,2,0
572358,572358,572360,2,0
572358,572358,572360,2,0
572358,572358,572361,3,0
572358,572358,572361,3,0
572358,572358,572361,3,0
572358,572358,572361,3,0
572358,572358,572362,4,0
572358,572358,572362,4,0
572358,572358,572362,4,0
572358,572358,572362,4,0
572370,572370,572371,1,0
572370,572370,572371,1,0
572370,572370,572371,1,0
572370,572370,572371,1,0
572370,572370,572371,1,0
572370,572370,572371,1,0
572370,572370,572371,1,0
572370,572370,572371,1,0
572370,572370,572371,1,0
572370,572370,572372,2,0
572370,572370,572372,2,0
572370,572370,572372,2,0
572370,572370,572373,3,0
572370,572370,572373,3,0
572378,572378,572379,1,0
572378,572378,572379,1,0
572378,572378,572379,1,0
572378,572378,572379,1,0
572378,572378,572379,1,0
572378,572378,572379,1,0
572378,572378,572379,1,0
572378,572378,572379,1,0
572378,572378,572379,1,0
572378,572378,572379,1,0
572378,572378,572379,1,0
572378,572378,572379,1,0
572378,572378,572379,1,0
572378,572378,572379,1,0
572378,572378,572379,1,0
572378,572378,572379,1,0
572378,572378,572379,1,0
572378,572378,572379,1,0
572378,572378,572379,1,0
572378,572378,572379,1,0
572378,572378,572379,1,0
572378,572378,572379,1,0
572378,572378,572379,1,0
572378,572378,572379,1,0
572378,572378,572379,1,0
572378,572378,572379,1,0
572378,572378,572379,1,0
572378,572378,572380,2,0
572378,572378,572379,1,0
572378,572378,572380,2,0
572378,572378,572380,2,0
572385,572385,572386,1,0
572385,572385,572386,1,0
572385,572385,572386,1,0
572385,572385,572386,1,0
572385,572385,572386,1,0
572385,572385,572386,1,0
572385,572385,572386,1,0
572395,572395,572396,1,0
572395,572395,572396,1,0
572395,572395,572396,1,0
572395,572395,572396,1,0
572395,572395,572396,1,0
572395,572395,572396,1,0
572395,572395,572396,1,0
572395,572395,572396,1,0
572395,572395,572396,1,0
572395,572395,572396,1,0
572395,572395,572396,1,0
572395,572395,572396,1,0
572395,572395,572396,1,0
572395,572395,572396,1,0
572395,572395,572396,1,0
572395,572395,572396,1,0
572395,572395,572396,1,0
572395,572395,572396,1,0
572395,572395,572396,1,0
572395,572395,572396,1,0
572395,572395,572396,1,0
572395,572395,572396,1,0
572395,572395,572396,1,0
572395,572395,572396,1,0
572395,572395,572396,1,0
572395,572395,572396,1,0
572395,572395,572396,1,0
572395,572395,572396,1,0
572395,572395,572396,1,0
572395,572395,572396,1,0
572395,572395,572396,1,0
572399,572399,572400,1,0
572399,572399,572400,1,0
572399,572400,572401,1,1
572399,572400,572401,1,1
572405,572405,572406,1,0
572405,572405,572406,1,0
572405,572405,572406,1,0
572405,572405,572406,1,0
572444,572444,572445,1,0
572444,572444,572445,1,0
572444,572444,572445,1,0
572444,572444,572445,1,0
572444,572444,572445,1,0
572444,572444,572445,1,0
572444,572444,572445,1,0
572444,572444,572445,1,0
572444,572444,572445,1,0
572444,572444,572445,1,0
572444,572444,572445,1,0
572444,572444,572445,1,0
572444,572444,572445,1,0
572444,572444,572445,1,0
572444,572444,572445,1,0
572444,572444,572445,1,0
572444,572444,572445,1,0
572444,572444,572446,2,0
572444,572444,572446,2,0
572444,572444,572446,2,0
572444,572444,572446,2,0
572444,572444,572446,2,0
572444,572444,572445,1,0
572444,572444,572447,3,0
572444,572444,572447,3,0
572444,572444,572447,3,0
572444,572444,572447,3,0
572444,572444,572447,3,0
572444,572444,572448,4,0
572444,572444,572448,4,0
572444,572444,572448,4,0
572453,572454,572455,1,1
572453,572454,572455,1,1
572453,572454,572455,1,1
572453,572454,572455,1,1
572453,572454,572456,2,1
572453,572454,572455,1,1
572453,572454,572455,1,1
572453,572454,572455,1,1
572453,572454,572457,3,1
572453,572454,572456,2,1
572453,572454,572456,2,1
572453,572454,572456,2,1
572453,572454,572456,2,1
572453,572454,572457,3,1
572453,572454,572457,3,1
572453,572454,572458,4,1
572453,572454,572458,4,1
572464,572464,572465,1,0
572464,572464,572465,1,0
572464,572464,572465,1,0
572464,572464,572465,1,0
572464,572464,572465,1,0
572464,572464,572465,1,0
572464,572464,572465,1,0
572464,572464,572465,1,0
572464,572464,572465,1,0
572464,572464,572465,1,0
572464,572464,572465,1,0
572464,572464,572465,1,0
572464,572464,572465,1,0
572464,572464,572465,1,0
572464,572464,572465,1,0
572464,572464,572465,1,0
572464,572464,572465,1,0
572464,572464,572465,1,0
572464,572464,572466,2,0
572464,572464,572465,1,0
572464,572464,572466,2,0
572464,572464,572465,1,0
572464,572464,572467,3,0
572464,572464,572467,3,0
572464,572464,572466,2,0
572464,572464,572467,3,0
572464,572464,572467,3,0
572464,572464,572468,4,0
572464,572464,572467,3,0
572464,572464,572468,4,0
572464,572464,572468,4,0
572476,572476,572477,1,0
572476,572476,572477,1,0
572476,572476,572477,1,0
572476,572476,572477,1,0
572476,572476,572477,1,0
572476,572476,572477,1,0
572476,572476,572477,1,0
572476,572476,572477,1,0
572476,572476,572477,1,0
572476,572476,572479,3,0
572476,572476,572478,2,0
572476,572476,572478,2,0
572476,572476,572478,2,0
572476,572476,572479,3,0
572476,572476,572480,4,0
572476,572476,572480,4,0
572476,572476,572480,4,0
572486,572486,572487,1,0
572486,572486,572487,1,0
572486,572486,572487,1,0
572486,572486,572487,1,0
572486,572486,572487,1,0
572486,572486,572487,1,0
572486,572486,572487,1,0
572486,572486,572487,1,0
572486,572486,572487,1,0
572486,572486,572487,1,0
572486,572486,572487,1,0
572486,572486,572487,1,0
572486,572486,572487,1,0
572486,572486,572487,1,0
572486,572486,572487,1,0
572486,572486,572487,1,0
572486,572486,572487,1,0
572486,572486,572487,1,0
572486,572486,572487,1,0
572486,572486,572487,1,0
572486,572486,572487,1,0
572486,572486,572488,2,0
572486,572486,572488,2,0
572486,572486,572487,1,0
572486,572486,572488,2,0
572486,572486,572488,2,0
572486,572486,572488,2,0
572486,572486,572488,2,0
572486,572486,572489,3,0
572486,572486,572489,3,0
572486,572486,572490,4,0
572495,572495,572496,1,0
572495,572495,572496,1,0
572495,572495,572496,1,0
572495,572495,572496,1,0
572495,572495,572496,1,0
572495,572495,572496,1,0
572495,572495,572496,1,0
572495,572495,572496,1,0
572495,572495,572496,1,0
572495,572495,572496,1,0
572495,572495,572496,1,0
572495,572495,572496,1,0
572495,572495,572496,1,0
572495,572495,572496,1,0
572495,572495,572496,1,0
572501,572501,572502,1,0
572501,572501,572502,1,0
572501,572501,572502,1,0
572501,572501,572502,1,0
572501,572501,572502,1,0
572501,572501,572502,1,0
572501,572501,572502,1,0
572501,572501,572502,1,0
572501,572501,572502,1,0
572501,572501,572502,1,0
572501,572501,572502,1,0
572501,572501,572502,1,0
572501,572501,572502,1,0
572501,572501,572502,1,0
572501,572501,572502,1,0
572501,572501,572502,1,0
572501,572501,572502,1,0
572501,572501,572502,1,0
572501,572501,572502,1,0
572501,572501,572502,1,0
572501,572501,572502,1,0
572501,572501,572502,1,0
572501,572501,572502,1,0
572501,572501,572502,1,0
572501,572501,572502,1,0
572501,572501,572502,1,0
572501,572501,572503,2,0
572501,572501,572502,1,0
572507,572507,572508,1,0
572507,572507,572508,1,0
572507,572507,572508,1,0
572507,572507,572508,1,0
572507,572507,572508,1,0
572507,572507,572508,1,0
572507,572507,572508,1,0
572507,572507,572508,1,0
572507,572507,572508,1,0
572507,572507,572508,1,0
572507,572507,572508,1,0
572507,572507,572508,1,0
572507,572507,572508,1,0
572507,572507,572508,1,0
572507,572507,572508,1,0
572507,572507,572508,1,0
572507,572507,572508,1,0
572507,572507,572508,1,0
572507,572507,572508,1,0
572507,572507,572508,1,0
572511,572511,572512,1,0
572511,572511,572512,1,0
572511,572511,572512,1,0
572511,572511,572512,1,0
572511,572511,572512,1,0
572511,572511,572512,1,0
572511,572511,572512,1,0
572511,572511,572512,1,0
572511,572511,572512,1,0
572511,572511,572512,1,0
572511,572511,572512,1,0
572511,572511,572512,1,0
572511,572511,572512,1,0
572511,572511,572512,1,0
572511,572511,572512,1,0
572511,572511,572512,1,0
572511,572511,572512,1,0
572511,572511,572512,1,0
572511,572511,572512,1,0
572511,572511,572512,1,0
572511,572511,572512,1,0
572511,572511,572512,1,0
572511,572511,572512,1,0
572511,572511,572512,1,0
572511,572511,572512,1,0
572511,572511,572512,1,0
572511,572511,572512,1,0
572511,572511,572512,1,0
572511,572511,572512,1,0
572511,572511,572512,1,0
572511,572511,572512,1,0
572516,572516,572517,1,0
572516,572516,572517,1,0
572521,572521,572522,1,0
572521,572521,572522,1,0
572521,572521,572522,1,0
572521,572521,572522,1,0
572521,572521,572522,1,0
572521,572521,572522,1,0
572521,572521,572522,1,0
572521,572521,572522,1,0
572521,572521,572522,1,0
572521,572521,572522,1,0
572521,572521,572522,1,0
572521,572521,572522,1,0
572521,572521,572522,1,0
572521,572521,572522,1,0
572521,572521,572522,1,0
572521,572521,572522,1,0
572521,572521,572522,1,0
572521,572521,572522,1,0
572521,572521,572522,1,0
572521,572521,572522,1,0
572521,572521,572522,1,0
572564,572564,572565,1,0
572564,572564,572565,1,0
572564,572564,572565,1,0
572564,572564,572565,1,0
572564,572564,572565,1,0
572564,572564,572565,1,0
572564,572564,572565,1,0
572564,572564,572565,1,0
572564,572564,572565,1,0
572564,572564,572565,1,0
572564,572564,572565,1,0
572564,572564,572565,1,0
572564,572564,572565,1,0
572564,572564,572565,1,0
572564,572564,572565,1,0
572564,572564,572565,1,0
572564,572564,572566,2,0
572564,572564,572566,2,0
572564,572564,572565,1,0
572564,572564,572566,2,0
572564,572564,572566,2,0
572564,572564,572566,2,0
572564,572564,572566,2,0
572564,572564,572566,2,0
572564,572564,572566,2,0
572564,572564,572567,3,0
572564,572564,572566,2,0
572564,572564,572567,3,0
572564,572564,572568,4,0
572564,572564,572568,4,0
572564,572564,572568,4,0
572574,572574,572575,1,0
572574,572574,572575,1,0
572574,572574,572575,1,0
572574,572574,572575,1,0
572574,572574,572575,1,0
572574,572574,572576,2,0
572574,572574,572575,1,0
572574,572574,572575,1,0
572574,572574,572576,2,0
572574,572574,572576,2,0
572574,572574,572576,2,0
572574,572574,572576,2,0
572574,572574,572577,3,0
572574,572574,572577,3,0
572574,572574,572577,3,0
572574,572574,572577,3,0
572584,572584,572585,1,0
572584,572584,572585,1,0
572584,572584,572585,1,0
572584,572584,572585,1,0
572584,572584,572585,1,0
572584,572584,572585,1,0
572584,572584,572585,1,0
572584,572584,572586,2,0
572584,572584,572585,1,0
572584,572584,572585,1,0
572584,572584,572586,2,0
572584,572584,572586,2,0
572584,572584,572586,2,0
572584,572584,572587,3,0
572584,572584,572588,4,0
572584,572584,572587,3,0
572584,572584,572588,4,0
572584,572584,572588,4,0
572593,572593,572594,1,0
572593,572593,572594,1,0
572593,572593,572594,1,0
572593,572593,572594,1,0
572593,572593,572594,1,0
572593,572593,572594,1,0
572593,572593,572594,1,0
572593,572593,572594,1,0
572593,572593,572594,1,0
572593,572593,572594,1,0
572593,572593,572594,1,0
572593,572593,572594,1,0
572593,572593,572594,1,0
572593,572593,572594,1,0
572593,572593,572594,1,0
572593,572593,572594,1,0
572593,572593,572594,1,0
572593,572593,572594,1,0
572593,572593,572594,1,0
572593,572593,572594,1,0
572593,572593,572595,2,0
572593,572593,572594,1,0
572593,572593,572595,2,0
572593,572593,572595,2,0
572593,572593,572596,3,0
572593,572593,572596,3,0
572593,572593,572596,3,0
572593,572593,572596,3,0
572593,572593,572596,3,0
572593,572593,572596,3,0
572593,572593,572597,4,0
572603,572603,572604,1,0
572603,572603,572605,2,0
572603,572603,572604,1,0
572603,572603,572604,1,0
572603,572603,572604,1,0
572603,572603,572604,1,0
572603,572603,572604,1,0
572603,572603,572605,2,0
572603,572603,572604,1,0
572603,572603,572605,2,0
572603,572603,572605,2,0
572610,572610,572611,1,0
572610,572610,572611,1,0
572610,572610,572611,1,0
572610,572610,572611,1,0
572610,572610,572611,1,0
572610,572610,572611,1,0
572610,572610,572611,1,0
572610,572610,572611,1,0
572610,572610,572611,1,0
572610,572610,572611,1,0
572610,572610,572611,1,0
572610,572610,572611,1,0
572610,572610,572611,1,0
572610,572610,572611,1,0
572610,572610,572611,1,0
572610,572610,572611,1,0
572610,572610,572611,1,0
572610,572610,572611,1,0
572610,572610,572611,1,0
572610,572610,572611,1,0
572610,572610,572611,1,0
572610,572610,572611,1,0
572610,572610,572611,1,0
572610,572610,572611,1,0
572610,572610,572611,1,0
572610,572610,572611,1,0
572610,572610,572611,1,0
572610,572610,572611,1,0
572610,572610,572611,1,0
572610,572610,572611,1,0
572610,572610,572611,1,0
572616,572616,572617,1,0
572616,572616,572617,1,0
572616,572616,572617,1,0
572616,572616,572617,1,0
572616,572616,572617,1,0
572616,572616,572617,1,0
572616,572616,572617,1,0
572616,572616,572617,1,0
572616,572616,572617,1,0
572616,572616,572617,1,0
572616,572616,572617,1,0
572616,572616,572617,1,0
572616,572616,572617,1,0
572616,572616,572617,1,0
572616,572616,572617,1,0
572616,572616,572617,1,0
572616,572616,572617,1,0
572616,572616,572617,1,0
572616,572616,572617,1,0
572616,572616,572617,1,0
572616,572616,572617,1,0
572616,572616,572617,1,0
572616,572616,572617,1,0
572616,572616,572617,1,0
572616,572616,572617,1,0
572616,572616,572617,1,0
572616,572616,572617,1,0
572622,572622,572623,1,0
572622,572622,572623,1,0
572622,572622,572623,1,0
572632,572632,572633,1,0
572632,572632,572633,1,0
572632,572632,572633,1,0
572632,572632,572633,1,0
572632,572632,572633,1,0
572632,572632,572633,1,0
572632,572632,572633,1,0
572632,572632,572633,1,0
572632,572632,572633,1,0
572636,572636,572637,1,0
572636,572636,572637,1,0
572668,572668,572669,1,0
572668,572668,572669,1,0
572668,572668,572669,1,0
572668,572668,572669,1,0
572668,572668,572669,1,0
572668,572668,572669,1,0
572668,572668,572669,1,0
572668,572668,572669,1,0
572668,572668,572669,1,0
572668,572668,572669,1,0
572668,572668,572669,1,0
572668,572668,572669,1,0
572668,572668,572669,1,0
572668,572668,572669,1,0
572668,572668,572669,1,0
572668,572668,572669,1,0
572668,572668,572669,1,0
572668,572668,572670,2,0
572668,572668,572670,2,0
572668,572668,572670,2,0
572668,572668,572670,2,0
572668,572668,572670,2,0
572668,572668,572670,2,0
572668,572668,572671,3,0
572668,572668,572670,2,0
572668,572668,572671,3,0
572668,572668,572671,3,0
572668,572668,572671,3,0
572668,572668,572672,4,0
572668,572668,572672,4,0
572668,572668,572671,3,0
572678,572678,572679,1,0
572678,572678,572679,1,0
572678,572678,572679,1,0
572678,572678,572679,1,0
572678,572678,572679,1,0
572678,572678,572679,1,0
572678,572678,572679,1,0
572678,572678,572679,1,0
572678,572678,572679,1,0
572678,572678,572679,1,0
572678,572678,572679,1,0
572678,572678,572679,1,0
572678,572678,572679,1,0
572678,572678,572679,1,0
572678,572678,572680,2,0
572678,572678,572680,2,0
572678,572678,572680,2,0
572678,572678,572680,2,0
572678,572678,572680,2,0
572678,572678,572680,2,0
572678,572678,572680,2,0
572678,572678,572681,3,0
572678,572678,572681,3,0
572678,572678,572681,3,0
572678,572678,572682,4,0
572678,572678,572682,4,0
572678,572678,572682,4,0
572678,572678,572682,4,0
572678,572678,572682,4,0
572678,572678,572683,5,0
572678,572678,572683,5,0
572689,572689,572690,1,0
572689,572689,572690,1,0
572689,572689,572690,1,0
572689,572689,572690,1,0
572689,572689,572690,1,0
572689,572689,572690,1,0
572689,572689,572690,1,0
572689,572689,572690,1,0
572689,572689,572690,1,0
572689,572689,572690,1,0
572689,572689,572690,1,0
572689,572689,572690,1,0
572689,572689,572690,1,0
572689,572689,572690,1,0
572689,572689,572690,1,0
572689,572689,572691,2,0
572689,572689,572690,1,0
572689,572689,572691,2,0
572689,572689,572691,2,0
572689,572689,572691,2,0
572689,572689,572691,2,0
572689,572689,572692,3,0
572689,572689,572692,3,0
572689,572689,572692,3,0
572689,572689,572693,4,0
572689,572689,572693,4,0
572689,572689,572692,3,0
572689,572689,572693,4,0
572689,572689,572693,4,0
572689,572689,572693,4,0
572689,572689,572694,5,0
572700,572700,572701,1,0
572700,572700,572701,1,0
572700,572700,572701,1,0
572700,572700,572701,1,0
572700,572700,572701,1,0
572700,572700,572701,1,0
572700,572700,572701,1,0
572700,572700,572701,1,0
572700,572700,572701,1,0
572700,572700,572701,1,0
572700,572700,572701,1,0
572700,572700,572701,1,0
572700,572700,572702,2,0
572700,572700,572701,1,0
572700,572700,572703,3,0
572700,572700,572703,3,0
572700,572700,572703,3,0
572700,572700,572703,3,0
572700,572700,572702,2,0
572700,572700,572703,3,0
572700,572700,572703,3,0
572700,572700,572704,4,0
572700,572700,572704,4,0
572710,572710,572711,1,0
572710,572710,572711,1,0
572710,572710,572711,1,0
572710,572710,572711,1,0
572710,572710,572711,1,0
572710,572710,572711,1,0
572710,572710,572711,1,0
572710,572710,572711,1,0
572710,572710,572711,1,0
572710,572710,572711,1,0
572710,572710,572711,1,0
572710,572710,572711,1,0
572710,572710,572711,1,0
572710,572710,572711,1,0
572710,572710,572711,1,0
572710,572710,572711,1,0
572710,572710,572711,1,0
572710,572710,572711,1,0
572710,572710,572711,1,0
572710,572710,572711,1,0
572710,572710,572712,2,0
572710,572710,572712,2,0
572710,572710,572712,2,0
572710,572710,572711,1,0
572710,572710,572711,1,0
572710,572710,572711,1,0
572710,572710,572712,2,0
572710,572710,572712,2,0
572710,572710,572713,3,0
572710,572710,572713,3,0
572710,572710,572714,4,0
572718,572719,572720,1,1
572718,572719,572720,1,1
572718,572719,572720,1,1
572718,572719,572720,1,1
572725,572725,572726,1,0
572725,572725,572726,1,0
572725,572725,572726,1,0
572725,572725,572726,1,0
572725,572725,572726,1,0
572730,572730,572731,1,0
572730,572730,572731,1,0
572730,572730,572731,1,0
572730,572730,572731,1,0
572730,572730,572731,1,0
572730,572730,572731,1,0
572730,572730,572731,1,0
572730,572730,572731,1,0
572730,572730,572731,1,0
572730,572730,572731,1,0
572730,572730,572731,1,0
572730,572730,572731,1,0
572730,572730,572731,1,0
572730,572730,572731,1,0
572730,572730,572731,1,0
572730,572730,572731,1,0
572730,572730,572731,1,0
572730,572730,572731,1,0
572730,572730,572731,1,0
572730,572730,572731,1,0
572730,572730,572731,1,0
572730,572730,572731,1,0
572730,572730,572731,1,0
572730,572730,572731,1,0
572730,572730,572731,1,0
572730,572730,572731,1,0
572730,572730,572731,1,0
572730,572730,572731,1,0
572730,572730,572731,1,0
572730,572730,572731,1,0
572730,572730,572731,1,0
572739,572739,572740,1,0
572739,572739,572740,1,0
572739,572739,572740,1,0
572739,572739,572740,1,0
572739,572739,572740,1,0
572739,572739,572740,1,0
572739,572739,572740,1,0
572739,572739,572740,1,0
572739,572739,572740,1,0
572739,572739,572740,1,0
572739,572739,572740,1,0
572739,572739,572740,1,0
572739,572739,572740,1,0
572739,572739,572740,1,0
572739,572739,572740,1,0
572739,572739,572740,1,0
572739,572739,572740,1,0
572739,572739,572740,1,0
572739,572739,572740,1,0
572739,572739,572740,1,0
572739,572739,572740,1,0
572739,572739,572740,1,0
572739,572739,572740,1,0
572739,572739,572740,1,0
572739,572739,572740,1,0
572739,572739,572740,1,0
572739,572739,572740,1,0
572739,572739,572740,1,0
572739,572739,572740,1,0
572739,572739,572740,1,0
572739,572739,572740,1,0
572744,572744,572745,1,0
572960,572962,573008,46,2
573006,573009,573016,7,3
573011,573019,573053,34,8
573051,573054,573060,6,3
573199,573199,573200,1,0
573199,573199,573201,2,0
573199,573199,573200,1,0
573199,573199,573201,2,0
573199,573199,573200,1,0
573199,573199,573200,1,0
573199,573199,573200,1,0
573199,573199,573200,1,0
573199,573199,573200,1,0
573199,573199,573201,2,0
573199,573199,573201,2,0
573199,573199,573201,2,0
573199,573199,573201,2,0
573199,573199,573202,3,0
573199,573199,573202,3,0
573208,573208,573209,1,0
573208,573208,573209,1,0
573208,573208,573209,1,0
573208,573208,573209,1,0
573208,573208,573209,1,0
573208,573208,573209,1,0
573208,573208,573209,1,0
573208,573208,573209,1,0
573208,573208,573209,1,0
573208,573208,573209,1,0
573208,573208,573209,1,0
573208,573208,573209,1,0
573208,573208,573209,1,0
573208,573208,573209,1,0
573208,573208,573209,1,0
573208,573208,573209,1,0
573208,573208,573209,1,0
573208,573208,573210,2,0
573208,573208,573210,2,0
573208,573208,573209,1,0
573208,573208,573210,2,0
573208,573208,573210,2,0
573208,573208,573209,1,0
573208,573208,573211,3,0
573208,573208,573211,3,0
573208,573208,573211,3,0
573208,573208,573211,3,0
573208,573208,573211,3,0
573208,573208,573212,4,0
573208,573208,573211,3,0
573208,573208,573212,4,0
573218,573218,573219,1,0
573218,573218,573219,1,0
573218,573218,573219,1,0
573218,573218,573219,1,0
573218,573218,573219,1,0
573218,573218,573219,1,0
573218,573218,573219,1,0
573218,573218,573219,1,0
573218,573218,573220,2,0
573218,573218,573220,2,0
573218,573218,573220,2,0
573218,573218,573221,3,0
573218,573218,573221,3,0
573218,573218,573221,3,0
573218,573218,573221,3,0
573218,573218,573222,4,0
573227,573227,573228,1,0
573227,573227,573228,1,0
573227,573227,573228,1,0
573227,573227,573229,2,0
573227,573227,573228,1,0
573227,573227,573229,2,0
573227,573227,573229,2,0
573227,573227,573229,2,0
573227,573227,573229,2,0
573227,573227,573230,3,0
573227,573227,573230,3,0
573227,573227,573230,3,0
573235,573235,573236,1,0
573235,573235,573236,1,0
573235,573235,573236,1,0
573235,573235,573236,1,0
573235,573235,573236,1,0
573235,573235,573236,1,0
573235,573235,573236,1,0
573235,573235,573236,1,0
573235,573235,573236,1,0
573235,573235,573236,1,0
573235,573235,573236,1,0
573235,573235,573236,1,0
573235,573235,573236,1,0
573235,573235,573236,1,0
573235,573235,573236,1,0
573235,573235,573236,1,0
573235,573235,573236,1,0
573235,573235,573236,1,0
573235,573235,573236,1,0
573235,573235,573236,1,0
573235,573235,573236,1,0
573235,573235,573236,1,0
573235,573235,573236,1,0
573235,573235,573237,2,0
573235,573235,573237,2,0
573235,573235,573237,2,0
573235,573235,573237,2,0
573235,573235,573237,2,0
573235,573235,573237,2,0
573235,573235,573238,3,0
573235,573235,573238,3,0
573243,573243,573244,1,0
573243,573243,573244,1,0
573243,573243,573244,1,0
573243,573243,573244,1,0
573243,573243,573244,1,0
573243,573243,573244,1,0
573243,573243,573244,1,0
573243,573243,573244,1,0
573243,573243,573244,1,0
573243,573243,573244,1,0
573243,573243,573244,1,0
573243,573243,573244,1,0
573243,573243,573244,1,0
573243,573243,573244,1,0
573243,573243,573244,1,0
573243,573243,573244,1,0
573243,573243,573244,1,0
573243,573243,573244,1,0
573243,573243,573244,1,0
573243,573243,573244,1,0
573243,573243,573244,1,0
573243,573243,573244,1,0
573249,573249,573250,1,0
573249,573249,573250,1,0
573249,573249,573250,1,0
573249,573249,573250,1,0
573249,573249,573250,1,0
573249,573249,573250,1,0
573249,573249,573250,1,0
573249,573249,573250,1,0
573249,573249,573250,1,0
573249,573249,573250,1,0
573249,573249,573250,1,0
573249,573249,573250,1,0
573249,573249,573250,1,0
573249,573249,573250,1,0
573249,573249,573250,1,0
573249,573249,573250,1,0
573249,573249,573250,1,0
573249,573249,573250,1,0
573249,573249,573250,1,0
573249,573249,573250,1,0
573249,573249,573250,1,0
573249,573249,573250,1,0
573249,573249,573250,1,0
573249,573249,573250,1,0
573249,573249,573250,1,0
573249,573249,573250,1,0
573249,573249,573250,1,0
573249,573249,573250,1,0
573249,573249,573250,1,0
573249,573249,573250,1,0
573249,573249,573250,1,0
573255,573255,573256,1,0
573255,573255,573256,1,0
573255,573255,573256,1,0
573255,573255,573256,1,0
573255,573255,573256,1,0
573255,573255,573256,1,0
573255,573255,573256,1,0
573255,573255,573256,1,0
573255,573255,573256,1,0
573255,573255,573256,1,0
573255,573255,573256,1,0
573255,573255,573256,1,0
573255,573255,573256,1,0
573255,573255,573256,1,0
573255,573255,573256,1,0
573255,573255,573256,1,0
573255,573255,573256,1,0
573255,573255,573256,1,0
573255,573255,573256,1,0
573255,573255,573256,1,0
573255,573255,573256,1,0
573255,573255,573256,1,0
573255,573255,573256,1,0
573260,573260,573261,1,0
573325,573325,573326,1,0
573325,573325,573326,1,0
573325,573325,573326,1,0
573325,573325,573326,1,0
573325,573325,573326,1,0
573325,573325,573326,1,0
573325,573325,573327,2,0
573325,573325,573326,1,0
573325,573325,573327,2,0
573325,573325,573327,2,0
573325,573325,573326,1,0
573325,573325,573328,3,0
573325,573325,573328,3,0
573325,573325,573328,3,0
573325,573325,573327,2,0
573325,573325,573328,3,0
573325,573325,573328,3,0
573325,573325,573328,3,0
573325,573325,573328,3,0
573335,573335,573336,1,0
573335,573335,573336,1,0
573335,573335,573337,2,0
573335,573335,573336,1,0
573335,573335,573337,2,0
573335,573335,573336,1,0
573335,573335,573336,1,0
573335,573335,573336,1,0
573335,573335,573338,3,0
573335,573335,573338,3,0
573335,573335,573338,3,0
573335,573335,573338,3,0
573335,573335,573338,3,0
573335,573335,573338,3,0
573335,573335,573339,4,0
573335,573335,573338,3,0
573335,573335,573339,4,0
573335,573335,573339,4,0
573347,573347,573348,1,0
573347,573347,573348,1,0
573347,573347,573348,1,0
573347,573347,573348,1,0
573347,573347,573349,2,0
573347,573347,573348,1,0
573347,573347,573348,1,0
573347,573347,573348,1,0
573347,573347,573349,2,0
573347,573347,573349,2,0
573347,573347,573349,2,0
573347,573347,573350,3,0
573347,573347,573350,3,0
573347,573347,573350,3,0
573347,573347,573350,3,0
573347,573347,573350,3,0
573347,573347,573351,4,0
573347,573347,573351,4,0
573357,573357,573358,1,0
573357,573357,573358,1,0
573357,573357,573358,1,0
573357,573357,573358,1,0
573357,573357,573358,1,0
573357,573357,573358,1,0
573357,573357,573358,1,0
573357,573357,573358,1,0
573357,573357,573358,1,0
573357,573357,573358,1,0
573357,573357,573358,1,0
573357,573357,573358,1,0
573357,573357,573359,2,0
573357,573357,573358,1,0
573357,573357,573358,1,0
573357,573357,573358,1,0
573357,573357,573358,1,0
573357,573357,573360,3,0
573357,573357,573360,3,0
573357,573357,573360,3,0
573357,573357,573359,2,0
573357,573357,573359,2,0
573357,573357,573360,3,0
573357,573357,573360,3,0
573357,573357,573361,4,0
573357,573357,573361,4,0
573357,573357,573361,4,0
573372,573372,573373,1,0
573372,573372,573373,1,0
573372,573372,573373,1,0
573372,573372,573373,1,0
573372,573372,573373,1,0
573372,573372,573373,1,0
573372,573372,573373,1,0
573372,573372,573373,1,0
573372,573372,573373,1,0
573372,573372,573373,1,0
573372,573372,573373,1,0
573372,573372,573373,1,0
573372,573372,573373,1,0
573372,573372,573374,2,0
573372,573372,573374,2,0
573372,573372,573373,1,0
573372,573372,573373,1,0
573372,573372,573374,2,0
573372,573372,573374,2,0
573372,573372,573373,1,0
573372,573372,573373,1,0
573372,573372,573374,2,0
573372,573372,573375,3,0
573372,573372,573375,3,0
573379,573379,573380,1,0
573379,573379,573380,1,0
573379,573380,573381,1,1
573379,573380,573381,1,1
573379,573380,573381,1,1
573379,573380,573381,1,1
573386,573386,573387,1,0
573386,573386,573387,1,0
573386,573386,573387,1,0
573392,573392,573393,1,0
573392,573392,573393,1,0
573392,573392,573393,1,0
573392,573392,573393,1,0
573392,573392,573393,1,0
573392,573392,573393,1,0
573392,573392,573393,1,0
573392,573392,573393,1,0
573392,573392,573393,1,0
573392,573392,573393,1,0
573392,573392,573393,1,0
573392,573392,573393,1,0
573392,573392,573393,1,0
573392,573392,573393,1,0
573392,573392,573393,1,0
573392,573392,573393,1,0
573392,573392,573393,1,0
573392,573392,573393,1,0
573392,573392,573393,1,0
573392,573392,573393,1,0
573392,573392,573393,1,0
573392,573392,573393,1,0
573392,573392,573393,1,0
573392,573392,573393,1,0
573392,573392,573393,1,0
573392,573392,573393,1,0
573392,573392,573393,1,0
573392,573392,573393,1,0
573392,573392,573393,1,0
573392,573392,573393,1,0
573392,573392,573393,1,0
573396,573396,573397,1,0
573396,573396,573397,1,0
573396,573396,573397,1,0
573396,573396,573397,1,0
573396,573396,573397,1,0
573396,573396,573397,1,0
573396,573396,573397,1,0
573396,573396,573397,1,0
573396,573396,573397,1,0
573396,573396,573397,1,0
573396,573396,573397,1,0
573396,573396,573397,1,0
573396,573396,573397,1,0
573396,573396,573397,1,0
573396,573396,573397,1,0
573396,573396,573397,1,0
573396,573396,573397,1,0
573396,573396,573397,1,0
573396,573396,573397,1,0
573396,573396,573397,1,0
573396,573396,573397,1,0
573396,573396,573397,1,0
573400,573400,573401,1,0
573400,573400,573401,1,0
573400,573400,573401,1,0
573400,573400,573401,1,0
573400,573400,573401,1,0
573400,573400,573401,1,0
573400,573400,573401,1,0
573400,573400,573401,1,0
573400,573400,573401,1,0
573400,573400,573401,1,0
573400,573400,573401,1,0
573400,573400,573401,1,0
573400,573400,573401,1,0
573400,573400,573401,1,0
573400,573400,573401,1,0
573400,573400,573401,1,0
573400,573400,573401,1,0
573400,573400,573401,1,0
573400,573400,573401,1,0
573400,573400,573401,1,0
573400,573400,573401,1,0
573400,573400,573401,1,0
573400,573400,573401,1,0
573400,573400,573401,1,0
573400,573400,573401,1,0
573400,573400,573401,1,0
573400,573400,573401,1,0
573400,573400,573401,1,0
573400,573400,573401,1,0
573400,573400,573401,1,0
573400,573400,573401,1,0
573404,573404,573405,1,0
573404,573404,573405,1,0
573404,573404,573405,1,0
573404,573404,573405,1,0
573404,573404,573405,1,0
573404,573404,573405,1,0
573404,573404,573405,1,0
573404,573404,573405,1,0
573404,573404,573405,1,0
573404,573404,573405,1,0
573404,573404,573405,1,0
573404,573404,573405,1,0
573404,573404,573405,1,0
573404,573404,573405,1,0
573404,573404,573405,1,0
573404,573404,573405,1,0
573404,573404,573405,1,0
573404,573404,573405,1,0
573404,573404,573405,1,0
573404,573404,573405,1,0
573404,573404,573405,1,0
573404,573404,573405,1,0
573404,573404,573405,1,0
573404,573404,573405,1,0
573404,573404,573405,1,0
573404,573404,573405,1,0
573404,573404,573405,1,0
573404,573404,573405,1,0
573404,573404,573405,1,0
573404,573404,573405,1,0
573404,573404,573405,1,0
573595,573595,573596,1,0
573595,573595,573596,1,0
573595,573595,573596,1,0
573595,573595,573596,1,0
573595,573595,573596,1,0
573595,573595,573596,1,0
573595,573595,573596,1,0
573595,573595,573596,1,0
573595,573595,573596,1,0
573595,573595,573596,1,0
573595,573595,573596,1,0
573595,573595,573596,1,0
573595,573595,573596,1,0
573595,573595,573596,1,0
573595,573595,573596,1,0
573595,573595,573596,1,0
573595,573595,573597,2,0
573595,573595,573596,1,0
573595,573595,573597,2,0
573595,573595,573597,2,0
573595,573595,573597,2,0
573595,573595,573597,2,0
573595,573595,573597,2,0
573595,573595,573597,2,0
573595,573595,573597,2,0
573595,573595,573596,1,0
573595,573595,573598,3,0
573595,573595,573598,3,0
573595,573595,573599,4,0
573595,573595,573599,4,0
573595,573595,573599,4,0
573605,573605,573606,1,0
573605,573605,573607,2,0
573605,573605,573606,1,0
573605,573605,573606,1,0
573605,573605,573606,1,0
573605,573605,573606,1,0
573605,573605,573606,1,0
573605,573605,573607,2,0
573605,573605,573607,2,0
573605,573605,573607,2,0
573605,573605,573607,2,0
573605,573605,573608,3,0
573605,573605,573608,3,0
573605,573605,573608,3,0
573605,573605,573608,3,0
573616,573616,573617,1,0
573616,573616,573617,1,0
573616,573616,573617,1,0
573616,573616,573617,1,0
573616,573616,573617,1,0
573616,573616,573618,2,0
573616,573616,573617,1,0
573616,573616,573618,2,0
573616,573616,573618,2,0
573616,573616,573618,2,0
573616,573616,573618,2,0
573616,573616,573619,3,0
573616,573616,573619,3,0
573616,573616,573619,3,0
573616,573616,573619,3,0
573625,573625,573626,1,0
573625,573625,573626,1,0
573625,573625,573626,1,0
573625,573625,573626,1,0
573625,573625,573626,1,0
573625,573625,573626,1,0
573625,573625,573626,1,0
573625,573625,573626,1,0
573625,573625,573626,1,0
573625,573625,573626,1,0
573625,573625,573626,1,0
573625,573625,573626,1,0
573625,573625,573626,1,0
573625,573625,573626,1,0
573625,573625,573627,2,0
573625,573625,573626,1,0
573625,573625,573627,2,0
573625,573625,573627,2,0
573625,573625,573626,1,0
573625,573625,573628,3,0
573625,573625,573628,3,0
573625,573625,573628,3,0
573625,573625,573627,2,0
573625,573625,573629,4,0
573625,573625,573629,4,0
573634,573634,573635,1,0
573634,573634,573635,1,0
573634,573634,573635,1,0
573634,573634,573635,1,0
573634,573634,573635,1,0
573634,573634,573635,1,0
573634,573634,573635,1,0
573634,573634,573635,1,0
573634,573634,573635,1,0
573634,573634,573635,1,0
573634,573634,573635,1,0
573634,573634,573635,1,0
573634,573634,573635,1,0
573634,573634,573635,1,0
573634,573634,573635,1,0
573634,573634,573635,1,0
573634,573634,573635,1,0
573634,573634,573635,1,0
573634,573634,573635,1,0
573634,573634,573636,2,0
573634,573634,573636,2,0
573634,573634,573635,1,0
573634,573634,573635,1,0
573634,573634,573636,2,0
573634,573634,573635,1,0
573634,573634,573637,3,0
573634,573634,573637,3,0
573641,573641,573642,1,0
573641,573641,573642,1,0
573641,573641,573642,1,0
573641,573641,573642,1,0
573641,573641,573642,1,0
573641,573641,573642,1,0
573641,573641,573642,1,0
573641,573641,573642,1,0
573641,573641,573642,1,0
573641,573641,573642,1,0
573641,573641,573642,1,0
573641,573641,573642,1,0
573641,573641,573642,1,0
573641,573641,573642,1,0
573641,573641,573642,1,0
573641,573641,573642,1,0
573641,573641,573642,1,0
573641,573641,573642,1,0
573641,573641,573642,1,0
573641,573641,573642,1,0
573641,573641,573643,2,0
573641,573641,573642,1,0
573641,573641,573642,1,0
573641,573641,573642,1,0
573641,573641,573642,1,0
573641,573641,573643,2,0
573641,573642,573643,1,1
573647,573647,573648,1,0
573647,573647,573648,1,0
573647,573647,573648,1,0
573656,573656,573657,1,0
573656,573656,573657,1,0
573656,573656,573657,1,0
573656,573656,573657,1,0
573656,573656,573657,1,0
573656,573656,573657,1,0
573656,573656,573657,1,0
573656,573656,573657,1,0
573656,573656,573657,1,0
573656,573656,573657,1,0
573656,573656,573657,1,0
573656,573656,573657,1,0
573656,573656,573657,1,0
573656,573656,573657,1,0
573656,573656,573657,1,0
573656,573656,573657,1,0
573656,573656,573657,1,0
573656,573656,573657,1,0
573656,573656,573657,1,0
573656,573656,573657,1,0
573656,573656,573657,1,0
573656,573656,573657,1,0
573656,573656,573657,1,0
573660,573660,573661,1,0
573660,573660,573661,1,0
573081,573083,573665,582,2
573664,573664,573665,1,0
573664,573664,573665,1,0
573664,573664,573665,1,0
573664,573664,573665,1,0
573664,573664,573665,1,0
573664,573664,573665,1,0
573664,573664,573665,1,0
573664,573664,573665,1,0
573664,573664,573665,1,0
573664,573664,573665,1,0
573664,573664,573665,1,0
573664,573664,573665,1,0
573664,573664,573665,1,0
573664,573664,573665,1,0
573664,573664,573665,1,0
573664,573664,573665,1,0
573664,573664,573665,1,0
573664,573664,573665,1,0
573664,573664,573665,1,0
573664,573664,573665,1,0
573664,573664,573665,1,0
573664,573664,573665,1,0
573664,573664,573665,1,0
573664,573664,573665,1,0
573664,573664,573665,1,0
573664,573664,573665,1,0
573664,573664,573665,1,0
573663,573665,573686,21,2
574074,574074,574075,1,0
574074,574074,574075,1,0
574074,574074,574075,1,0
574074,574074,574075,1,0
574074,574074,574075,1,0
574074,574074,574075,1,0
574074,574074,574075,1,0
574074,574074,574075,1,0
574074,574074,574075,1,0
574074,574074,574075,1,0
574074,574074,574075,1,0
574074,574074,574075,1,0
574074,574074,574075,1,0
574074,574074,574075,1,0
574074,574074,574075,1,0
574074,574074,574075,1,0
574074,574074,574075,1,0
574074,574074,574075,1,0
574074,574074,574075,1,0
574074,574074,574075,1,0
574074,574074,574075,1,0
574074,574075,574076,1,1
574074,574074,574076,2,0
574074,574074,574076,2,0
574074,574074,574076,2,0
574074,574074,574076,2,0
574074,574074,574076,2,0
574074,574074,574075,1,0
574074,574074,574076,2,0
574074,574074,574076,2,0
574074,574074,574076,2,0
574074,574074,574076,2,0
574074,574074,574076,2,0
574074,574074,574076,2,0
574074,574074,574076,2,0
574074,574074,574076,2,0
574074,574074,574076,2,0
574074,574074,574076,2,0
574074,574074,574076,2,0
574074,574074,574076,2,0
574074,574074,574077,3,0
574074,574074,574077,3,0
574074,574074,574078,4,0
574074,574074,574077,3,0
574074,574074,574078,4,0
574074,574074,574078,4,0
574074,574074,574078,4,0
574074,574074,574078,4,0
574074,574074,574078,4,0
574091,574091,574092,1,0
574091,574091,574092,1,0
574091,574091,574092,1,0
574091,574091,574092,1,0
574091,574091,574092,1,0
574091,574091,574092,1,0
574091,574091,574092,1,0
574091,574091,574092,1,0
574091,574091,574092,1,0
574091,574091,574093,2,0
574091,574091,574093,2,0
574091,574091,574093,2,0
574091,574091,574093,2,0
574091,574091,574093,2,0
574091,574091,574093,2,0
574091,574091,574093,2,0
574091,574091,574093,2,0
574091,574091,574094,3,0
574091,574091,574093,2,0
574091,574091,574093,2,0
574091,574091,574093,2,0
574091,574092,574093,1,1
574091,574091,574093,2,0
574091,574091,574095,4,0
574091,574091,574094,3,0
574091,574091,574095,4,0
574091,574091,574095,4,0
574091,574091,574095,4,0
574091,574092,574095,3,1
574091,574092,574095,3,1
574091,574091,574096,5,0
574091,574092,574096,4,1
574091,574092,574096,4,1
574105,574105,574106,1,0
574105,574105,574106,1,0
574105,574105,574106,1,0
574105,574105,574106,1,0
574105,574105,574106,1,0
574105,574105,574106,1,0
574105,574105,574106,1,0
574105,574105,574106,1,0
574105,574105,574106,1,0
574105,574105,574106,1,0
574105,574105,574106,1,0
574105,574105,574106,1,0
574105,574105,574106,1,0
574105,574105,574106,1,0
574105,574105,574106,1,0
574105,574105,574106,1,0
574105,574105,574106,1,0
574105,574105,574106,1,0
574105,574105,574106,1,0
574105,574105,574106,1,0
574105,574105,574106,1,0
574105,574105,574106,1,0
574105,574105,574106,1,0
574105,574105,574106,1,0
574105,574105,574106,1,0
574105,574105,574106,1,0
574105,574105,574106,1,0
574105,574105,574107,2,0
574105,574105,574106,1,0
574105,574105,574106,1,0
574105,574105,574106,1,0
574105,574105,574107,2,0
574105,574105,574106,1,0
574105,574105,574106,1,0
574105,574105,574107,2,0
574105,574105,574106,1,0
574105,574105,574107,2,0
574105,574105,574106,1,0
574105,574105,574106,1,0
574105,574105,574107,2,0
574105,574105,574108,3,0
574105,574105,574108,3,0
574105,574105,574108,3,0
574105,574105,574108,3,0
574105,574105,574108,3,0
574105,574105,574109,4,0
574105,574105,574109,4,0
574105,574105,574109,4,0
574105,574105,574109,4,0
574105,574105,574110,5,0
574119,574119,574120,1,0
574119,574119,574120,1,0
574119,574119,574120,1,0
574119,574119,574120,1,0
574119,574119,574120,1,0
574119,574119,574120,1,0
574119,574119,574120,1,0
574119,574119,574120,1,0
574119,574119,574120,1,0
574119,574119,574120,1,0
574119,574119,574120,1,0
574119,574119,574120,1,0
574119,574119,574120,1,0
574119,574119,574120,1,0
574119,574119,574120,1,0
574119,574119,574120,1,0
574119,574119,574120,1,0
574119,574119,574120,1,0
574119,574119,574120,1,0
574119,574119,574120,1,0
574119,574119,574120,1,0
574119,574119,574120,1,0
574119,574119,574120,1,0
574119,574119,574120,1,0
574119,574119,574120,1,0
574119,574119,574120,1,0
574119,574119,574120,1,0
574119,574119,574120,1,0
574119,574119,574120,1,0
574119,574119,574120,1,0
574119,574119,574120,1,0
574119,574119,574121,2,0
574119,574119,574121,2,0
574119,574119,574121,2,0
574119,574119,574120,1,0
574119,574119,574121,2,0
574119,574119,574120,1,0
574119,574119,574120,1,0
574119,574119,574120,1,0
574119,574119,574122,3,0
574119,574119,574122,3,0
574119,574119,574122,3,0
574119,574119,574122,3,0
574119,574119,574122,3,0
574119,574119,574122,3,0
574119,574119,574123,4,0
574119,574119,574123,4,0
574130,574130,574131,1,0
574130,574130,574131,1,0
574130,574130,574131,1,0
574130,574130,574131,1,0
574130,574130,574131,1,0
574130,574130,574131,1,0
574130,574130,574131,1,0
574130,574130,574131,1,0
574130,574130,574131,1,0
574130,574130,574131,1,0
574130,574130,574131,1,0
574130,574130,574131,1,0
574130,574130,574131,1,0
574130,574130,574131,1,0
574130,574130,574131,1,0
574130,574130,574131,1,0
574130,574130,574131,1,0
574130,574130,574131,1,0
574130,574130,574131,1,0
574130,574130,574131,1,0
574130,574130,574131,1,0
574130,574130,574131,1,0
574130,574130,574131,1,0
574130,574130,574131,1,0
574130,574130,574131,1,0
574130,574130,574131,1,0
574130,574130,574131,1,0
574130,574130,574131,1,0
574130,574130,574131,1,0
574130,574130,574131,1,0
574130,574130,574131,1,0
574130,574130,574131,1,0
574130,574130,574131,1,0
574130,574130,574131,1,0
574130,574130,574131,1,0
574130,574130,574131,1,0
574130,574130,574131,1,0
574130,574130,574131,1,0
574130,574130,574132,2,0
574130,574130,574132,2,0
574130,574130,574131,1,0
574130,574130,574131,1,0
574130,574130,574132,2,0
574130,574130,574131,1,0
574130,574130,574132,2,0
574130,574130,574133,3,0
574130,574130,574132,2,0
574130,574130,574133,3,0
574130,574130,574132,2,0
574139,574139,574140,1,0
574139,574139,574140,1,0
574139,574139,574140,1,0
574139,574139,574140,1,0
574139,574139,574140,1,0
574139,574139,574140,1,0
574139,574139,574140,1,0
574139,574139,574140,1,0
574139,574139,574140,1,0
574139,574139,574140,1,0
574139,574139,574140,1,0
574139,574139,574140,1,0
574139,574139,574140,1,0
574139,574139,574140,1,0
574139,574139,574140,1,0
574139,574139,574140,1,0
574139,574139,574140,1,0
574139,574139,574140,1,0
574139,574139,574140,1,0
574139,574139,574140,1,0
574139,574139,574140,1,0
574139,574139,574140,1,0
574139,574139,574140,1,0
574139,574139,574140,1,0
574139,574139,574140,1,0
574139,574139,574140,1,0
574139,574139,574140,1,0
574139,574139,574140,1,0
574139,574139,574140,1,0
574139,574139,574140,1,0
574139,574139,574140,1,0
574147,574147,574148,1,0
574147,574147,574148,1,0
574147,574147,574148,1,0
574147,574147,574148,1,0
574147,574147,574148,1,0
574147,574147,574148,1,0
574147,574147,574148,1,0
574147,574147,574148,1,0
574147,574147,574148,1,0
574147,574147,574148,1,0
574147,574147,574148,1,0
574147,574147,574148,1,0
574147,574147,574148,1,0
574147,574147,574148,1,0
574154,574154,574155,1,0
574154,574154,574155,1,0
574154,574154,574155,1,0
574154,574154,574155,1,0
574154,574154,574155,1,0
574154,574154,574155,1,0
574154,574154,574155,1,0
574154,574154,574155,1,0
574161,574161,574162,1,0
574161,574161,574162,1,0
574161,574161,574162,1,0
574161,574161,574162,1,0
574161,574161,574162,1,0
574161,574161,574162,1,0
574161,574161,574162,1,0
574161,574161,574162,1,0
574161,574161,574162,1,0
574161,574161,574162,1,0
574161,574161,574162,1,0
574161,574161,574162,1,0
574161,574161,574162,1,0
574161,574161,574162,1,0
574161,574161,574162,1,0
574161,574161,574162,1,0
574161,574161,574162,1,0
574161,574161,574162,1,0
574161,574161,574162,1,0
574161,574161,574162,1,0
574161,574161,574162,1,0
574167,574167,574168,1,0
574167,574167,574168,1,0
574167,574167,574168,1,0
574167,574167,574168,1,0
574167,574167,574168,1,0
574167,574167,574168,1,0
574167,574167,574168,1,0
574167,574167,574168,1,0
574167,574167,574168,1,0
574167,574167,574168,1,0
574167,574167,574168,1,0
574167,574167,574168,1,0
574167,574167,574168,1,0
574167,574167,574168,1,0
574167,574167,574168,1,0
574167,574167,574168,1,0
574167,574167,574168,1,0
574167,574167,574168,1,0
574167,574167,574168,1,0
574167,574167,574168,1,0
574167,574167,574168,1,0
574167,574167,574168,1,0
574167,574167,574168,1,0
574167,574167,574168,1,0
574167,574167,574168,1,0
574167,574167,574168,1,0
574167,574167,574168,1,0
574167,574167,574168,1,0
574167,574167,574168,1,0
574167,574167,574168,1,0
574167,574167,574168,1,0
574167,574167,574168,1,0
574167,574167,574168,1,0
574167,574167,574168,1,0
574167,574167,574168,1,0
574167,574167,574168,1,0
574167,574167,574168,1,0
574167,574167,574168,1,0
574167,574167,574168,1,0
574167,574167,574168,1,0
574167,574167,574168,1,0
574167,574167,574168,1,0
574167,574167,574168,1,0
574167,574167,574168,1,0
574174,574174,574175,1,0
577321,577323,577875,552,2
577386,577877,578314,437,491
578264,578324,578463,139,60
578395,578465,580957,2492,70
580914,580967,581030,63,53
581028,581033,581039,6,5
581034,581049,581058,9,15
581040,581067,581439,372,27
581126,581448,582799,1351,322
582798,582802,582836,34,4
583064,583073,583146,73,9
583144,583149,583150,1,5
583149,583159,583168,9,10
578972,578973,583676,4703,1
583226,583235,583688,453,9
578972,578973,583701,4728,1
578972,578973,583713,4740,1
578972,578973,583736,4763,1
583379,583698,583744,46,319
583693,583753,583814,61,60
578972,578973,583824,4851,1
583747,583823,583831,8,76
583817,583840,583848,8,23
583847,583850,583851,1,3
583812,583850,583852,2,38
583743,583850,583853,3,107
583686,583850,583885,35,164
578972,578973,583904,4931,1
578972,578973,583928,4955,1
578972,578973,583986,5013,1
578972,578973,584003,5030,1
578972,578973,584012,5039,1
578972,578973,584027,5054,1
578972,578973,584027,5054,1
578972,578973,584047,5074,1
578972,578973,584050,5077,1
578972,578973,584062,5089,1
578972,578973,584064,5091,1
578972,578973,584134,5161,1
583903,583912,585261,1349,9
585259,585261,585295,34,2
585267,585296,585354,58,29
585353,585355,585357,2,2
585358,585359,585365,6,1
585365,585366,585367,1,1
578972,578973,586127,7154,1
578972,578973,586192,7219,1
578972,578973,586237,7264,1
578972,578973,586453,7480,1
578972,578973,586458,7485,1
578972,578973,586458,7485,1
578972,578973,586478,7505,1
578972,578973,586496,7523,1
578972,578973,586529,7556,1
578972,578973,586536,7563,1
578972,578973,586541,7568,1
578972,578973,586542,7569,1
578972,578973,586568,7595,1
578972,578973,586593,7620,1
578972,578973,586599,7626,1
578972,578973,586656,7683,1
578972,578973,586662,7689,1
578972,578973,586667,7694,1
578972,578973,586674,7701,1
578972,578973,586680,7707,1
578972,578973,586686,7713,1
578972,578973,586691,7718,1
578972,578973,586707,7734,1
578972,578973,586715,7742,1
585415,585416,586727,1311,1
578972,578973,586750,7777,1
586726,586728,586768,40,2
578972,578973,586778,7805,1
578972,578973,586800,7827,1
578972,578973,586819,7846,1
578972,578973,586822,7849,1
578972,578973,586825,7852,1
586735,586772,586833,61,37
586831,586835,586841,6,4
586836,586845,586851,6,9
578972,578973,586855,7882,1
586851,586853,586858,5,2
578972,578973,586872,7899,1
578972,578973,586874,7901,1
586900,586903,588096,1193,3
587027,588098,588134,36,1071
588102,588138,588199,61,36
588137,588202,588257,55,65
588203,588260,588268,8,57
588132,588270,588272,2,138
588267,588270,588275,5,3
588197,588270,588277,7,73
588094,588270,588308,38,176
588314,588316,588539,223,2
588538,588541,588582,41,3
588545,588586,588649,63,41
588647,588650,588656,6,3
588652,588659,588666,7,7
588666,588668,588673,5,2
588686,588689,588721,32,3
588763,588763,589573,810,0
589574,589575,589576,1,1
589574,589575,589576,1,1
589574,589575,589576,1,1
589574,589575,589576,1,1
589574,589575,589576,1,1
589574,589575,589576,1,1
589574,589575,589576,1,1
589574,589575,589576,1,1
589574,589575,589576,1,1
589574,589575,589576,1,1
589574,589575,589576,1,1
589574,589575,589576,1,1
589574,589575,589576,1,1
589574,589575,589576,1,1
589574,589575,589576,1,1
589574,589575,589576,1,1
589574,589575,589576,1,1
589574,589575,589576,1,1
589574,589575,589576,1,1
589574,589575,589576,1,1
589574,589575,589576,1,1
589574,589575,589576,1,1
589574,589575,589576,1,1
589574,589575,589576,1,1
588784,588784,589578,794,0
588768,588768,589579,811,0
589584,589584,589585,1,0
589584,589584,589585,1,0
589584,589584,589585,1,0
589584,589584,589586,2,0
589584,589584,589585,1,0
589584,589584,589585,1,0
589584,589584,589586,2,0
589584,589584,589585,1,0
589584,589584,589585,1,0
589584,589584,589586,2,0
589584,589584,589585,1,0
589584,589584,589586,2,0
589584,589584,589585,1,0
589584,589584,589585,1,0
589584,589584,589585,1,0
589584,589584,589585,1,0
589584,589584,589585,1,0
589585,589585,589586,1,0
589584,589584,589585,1,0
589584,589584,589585,1,0
589584,589584,589586,2,0
589584,589584,589585,1,0
589584,589584,589585,1,0
589584,589584,589585,1,0
589584,589584,589585,1,0
589584,589584,589585,1,0
589584,589584,589585,1,0
589584,589584,589585,1,0
589584,589584,589586,2,0
589585,589585,589586,1,0
589584,589584,589585,1,0
589584,589584,589585,1,0
589585,589585,589586,1,0
589585,589585,589586,1,0
589584,589585,589586,1,1
589584,589585,589586,1,1
589584,589585,589586,1,1
589584,589585,589586,1,1
589584,589585,589586,1,1
589584,589585,589586,1,1
589584,589584,589585,1,0
589584,589584,589586,2,0
589584,589584,589586,2,0
589584,589584,589586,2,0
589584,589584,589585,1,0
589585,589585,589586,1,0
589585,589585,589586,1,0
589585,589585,589586,1,0
589585,589585,589586,1,0
589585,589585,589586,1,0
589585,589586,589587,1,1
589585,589586,589587,1,1
589585,589586,589587,1,1
589585,589586,589587,1,1
589584,589584,589586,2,0
589584,589584,589587,3,0
589585,589585,589586,1,0
589585,589586,589587,1,1
589585,589586,589587,1,1
589585,589586,589587,1,1
589584,589584,589587,3,0
589584,589584,589586,2,0
589585,589586,589587,1,1
589585,589586,589587,1,1
589585,589586,589587,1,1
589584,589584,589587,3,0
589585,589585,589586,1,0
589585,589586,589587,1,1
589585,589586,589587,1,1
589585,589586,589587,1,1
589585,589585,589586,1,0
589585,589585,589586,1,0
589585,589586,589587,1,1
589585,589586,589587,1,1
589585,589586,589587,1,1
589585,589586,589587,1,1
589585,589586,589587,1,1
589584,589584,589587,3,0
589585,589585,589586,1,0
589585,589586,589587,1,1
589585,589586,589587,1,1
589585,589586,589587,1,1
589585,589586,589587,1,1
589585,589586,589587,1,1
589585,589586,589587,1,1
589585,589586,589587,1,1
589584,589584,589587,3,0
589585,589586,589587,1,1
589585,589586,589588,2,1
589585,589586,589588,2,1
589585,589586,589588,2,1
589584,589584,589587,3,0
589584,589585,589588,3,1
589585,589586,589589,3,1
589585,589586,589589,3,1
589585,589586,589589,3,1
589585,589586,589589,3,1
589585,589586,589588,2,1
589585,589586,589589,3,1
589585,589586,589589,3,1
588782,588783,589594,811,1
589600,589600,589601,1,0
589600,589600,589601,1,0
589600,589600,589601,1,0
589600,589600,589601,1,0
589600,589600,589601,1,0
589600,589600,589602,2,0
589600,589600,589602,2,0
589600,589600,589602,2,0
589600,589600,589601,1,0
589600,589600,589601,1,0
589600,589600,589601,1,0
589600,589600,589601,1,0
589600,589600,589601,1,0
589600,589600,589602,2,0
589600,589600,589601,1,0
589600,589600,589601,1,0
589600,589600,589601,1,0
589600,589600,589601,1,0
589600,589600,589601,1,0
589600,589600,589601,1,0
589600,589600,589602,2,0
589600,589600,589601,1,0
589600,589600,589601,1,0
589600,589600,589601,1,0
589600,589600,589601,1,0
589600,589600,589601,1,0
589600,589600,589601,1,0
589600,589600,589601,1,0
589600,589600,589602,2,0
589600,589600,589601,1,0
589600,589600,589601,1,0
589600,589600,589601,1,0
589600,589600,589601,1,0
589600,589600,589601,1,0
589600,589600,589601,1,0
589600,589600,589601,1,0
589600,589600,589601,1,0
589600,589600,589601,1,0
589600,589600,589601,1,0
589600,589600,589601,1,0
589600,589600,589602,2,0
589600,589600,589603,3,0
589600,589600,589602,2,0
589600,589600,589603,3,0
589600,589600,589603,3,0
589600,589600,589603,3,0
589600,589600,589602,2,0
589600,589600,589602,2,0
589600,589600,589603,3,0
589600,589600,589603,3,0
588759,588759,589623,864,0
589625,589625,589626,1,0
589625,589625,589626,1,0
589625,589625,589626,1,0
589625,589625,589626,1,0
589625,589625,589626,1,0
589625,589625,589626,1,0
589625,589625,589626,1,0
589625,589625,589626,1,0
589625,589625,589626,1,0
589625,589625,589626,1,0
589625,589625,589626,1,0
589625,589625,589626,1,0
589625,589625,589626,1,0
589625,589625,589626,1,0
589625,589625,589626,1,0
589625,589625,589626,1,0
589625,589625,589626,1,0
589625,589625,589626,1,0
589625,589625,589626,1,0
589625,589625,589626,1,0
589625,589625,589627,2,0
589625,589625,589627,2,0
589625,589625,589627,2,0
589625,589625,589627,2,0
589625,589625,589627,2,0
589625,589625,589627,2,0
589625,589625,589627,2,0
589625,589625,589627,2,0
589625,589625,589627,2,0
589625,589625,589627,2,0
589625,589625,589627,2,0
589625,589625,589627,2,0
589625,589625,589627,2,0
589625,589625,589627,2,0
589625,589626,589627,1,1
589625,589626,589627,1,1
589625,589626,589627,1,1
589625,589626,589627,1,1
589625,589625,589627,2,0
589625,589625,589627,2,0
589625,589625,589627,2,0
589625,589625,589627,2,0
589625,589625,589627,2,0
589625,589625,589627,2,0
589625,589625,589628,3,0
589625,589625,589628,3,0
589625,589625,589628,3,0
589625,589626,589628,2,1
588760,588760,589631,871,0
589637,589637,589638,1,0
589637,589637,589638,1,0
589637,589637,589638,1,0
589637,589637,589638,1,0
589637,589637,589638,1,0
589637,589637,589638,1,0
589637,589637,589638,1,0
589637,589637,589638,1,0
589637,589637,589638,1,0
589637,589637,589638,1,0
589637,589637,589638,1,0
589637,589637,589638,1,0
589637,589637,589638,1,0
589637,589637,589638,1,0
589637,589637,589638,1,0
589637,589637,589638,1,0
589637,589637,589638,1,0
589637,589637,589638,1,0
589637,589637,589638,1,0
589637,589637,589638,1,0
589637,589637,589638,1,0
589637,589637,589638,1,0
589637,589637,589638,1,0
589637,589637,589638,1,0
589637,589637,589638,1,0
589637,589637,589638,1,0
589637,589637,589638,1,0
589637,589637,589638,1,0
589637,589637,589638,1,0
589637,589637,589638,1,0
589637,589637,589638,1,0
589637,589637,589638,1,0
589637,589637,589638,1,0
589637,589637,589638,1,0
589637,589637,589638,1,0
589637,589637,589638,1,0
589637,589637,589638,1,0
589637,589637,589638,1,0
589637,589637,589638,1,0
589637,589637,589638,1,0
589637,589637,589638,1,0
589637,589637,589638,1,0
589637,589637,589638,1,0
589637,589637,589638,1,0
589637,589637,589638,1,0
589637,589637,589638,1,0
589637,589637,589638,1,0
589637,589637,589638,1,0
589637,589637,589638,1,0
589637,589637,589638,1,0
588761,588761,589702,941,0
589703,589704,589705,1,1
589703,589704,589705,1,1
589703,589704,589705,1,1
589703,589704,589705,1,1
589703,589704,589705,1,1
589703,589704,589705,1,1
589703,589704,589705,1,1
589703,589704,589705,1,1
589703,589704,589705,1,1
589703,589704,589705,1,1
589703,589704,589705,1,1
589703,589704,589705,1,1
589703,589704,589705,1,1
589703,589704,589705,1,1
589703,589704,589705,1,1
589703,589704,589705,1,1
589703,589704,589705,1,1
589703,589704,589705,1,1
589703,589704,589705,1,1
589703,589704,589705,1,1
589703,589704,589705,1,1
589703,589704,589705,1,1
589703,589704,589705,1,1
589703,589704,589705,1,1
589703,589704,589705,1,1
589703,589704,589705,1,1
589703,589704,589705,1,1
589703,589704,589705,1,1
589703,589704,589705,1,1
589703,589704,589705,1,1
589703,589704,589705,1,1
589703,589704,589705,1,1
589703,589704,589705,1,1
589703,589704,589705,1,1
589703,589704,589705,1,1
589703,589704,589705,1,1
589703,589704,589705,1,1
589703,589704,589705,1,1
589703,589704,589705,1,1
589703,589704,589705,1,1
589703,589704,589705,1,1
589703,589704,589705,1,1
589703,589704,589705,1,1
589703,589704,589705,1,1
589703,589704,589705,1,1
589703,589704,589705,1,1
589703,589704,589705,1,1
588762,588762,589739,977,0
589739,589739,589740,1,0
589739,589739,589740,1,0
589739,589739,589740,1,0
589739,589739,589740,1,0
589739,589739,589741,2,0
589739,589739,589740,1,0
589739,589739,589740,1,0
589739,589739,589740,1,0
589739,589740,589741,1,1
589739,589739,589740,1,0
589739,589740,589741,1,1
589739,589740,589741,1,1
589739,589739,589741,2,0
589739,589740,589741,1,1
589739,589740,589741,1,1
589739,589740,589741,1,1
589739,589740,589741,1,1
589739,589740,589741,1,1
589739,589740,589741,1,1
589739,589740,589741,1,1
589739,589740,589741,1,1
589739,589740,589741,1,1
589739,589740,589741,1,1
589739,589740,589741,1,1
589739,589740,589741,1,1
589739,589740,589741,1,1
589739,589740,589741,1,1
589739,589740,589741,1,1
589739,589740,589741,1,1
589739,589740,589741,1,1
589739,589740,589741,1,1
589739,589740,589741,1,1
589739,589740,589741,1,1
588766,588766,589777,1011,0
589778,589779,589780,1,1
589778,589779,589780,1,1
589778,589779,589780,1,1
589778,589779,589780,1,1
589778,589779,589780,1,1
589778,589779,589780,1,1
589778,589779,589780,1,1
589778,589779,589780,1,1
589778,589779,589780,1,1
589778,589779,589780,1,1
589778,589779,589780,1,1
589778,589779,589780,1,1
589778,589779,589780,1,1
589778,589779,589780,1,1
589778,589779,589780,1,1
589778,589779,589780,1,1
589778,589779,589780,1,1
589778,589779,589780,1,1
589778,589779,589780,1,1
589778,589779,589780,1,1
589778,589779,589780,1,1
589778,589779,589780,1,1
589778,589779,589780,1,1
589778,589779,589780,1,1
589778,589779,589780,1,1
589778,589779,589780,1,1
589778,589779,589780,1,1
589778,589779,589780,1,1
589778,589779,589780,1,1
589778,589780,589781,1,2
589778,589780,589781,1,2
589778,589779,589780,1,1
589778,589779,589780,1,1
589778,589779,589780,1,1
589778,589779,589781,2,1
589778,589779,589780,1,1
589778,589779,589781,2,1
589778,589779,589780,1,1
589778,589779,589782,3,1
589778,589779,589781,2,1
589778,589779,589781,2,1
589778,589779,589781,2,1
589778,589779,589781,2,1
589778,589779,589782,3,1
589778,589779,589781,2,1
588767,588767,589785,1018,0
589786,589786,589787,1,0
589786,589786,589787,1,0
589786,589786,589787,1,0
589786,589786,589787,1,0
589786,589786,589787,1,0
589786,589786,589787,1,0
589786,589786,589787,1,0
589786,589786,589787,1,0
589786,589786,589787,1,0
589786,589786,589787,1,0
589786,589786,589787,1,0
589786,589786,589787,1,0
589786,589786,589787,1,0
589786,589786,589787,1,0
589786,589786,589787,1,0
589786,589786,589787,1,0
589786,589786,589787,1,0
589786,589786,589787,1,0
589786,589786,589787,1,0
589786,589786,589788,2,0
589786,589786,589788,2,0
589786,589786,589788,2,0
589786,589786,589788,2,0
589786,589786,589788,2,0
589786,589786,589788,2,0
589786,589786,589787,1,0
589786,589786,589788,2,0
589786,589786,589788,2,0
589786,589786,589788,2,0
589786,589786,589788,2,0
589786,589786,589788,2,0
589786,589786,589788,2,0
589786,589786,589787,1,0
589786,589786,589788,2,0
589786,589786,589788,2,0
589786,589786,589788,2,0
589786,589786,589788,2,0
589786,589786,589788,2,0
589786,589786,589789,3,0
589786,589786,589789,3,0
589786,589786,589789,3,0
589786,589786,589789,3,0
589786,589786,589789,3,0
589786,589786,589789,3,0
589786,589786,589789,3,0
589778,589780,589781,1,2
589778,589780,589782,2,2
589786,589809,589810,1,23
589786,589809,589810,1,23
589786,589809,589810,1,23
589786,589809,589811,2,23
588765,588765,589824,1059,0
589825,589826,589827,1,1
589825,589826,589827,1,1
589825,589826,589827,1,1
589825,589826,589827,1,1
589825,589826,589827,1,1
589825,589826,589827,1,1
589825,589826,589827,1,1
589825,589826,589827,1,1
589825,589826,589827,1,1
589825,589826,589827,1,1
589825,589826,589827,1,1
589825,589826,589827,1,1
589825,589826,589827,1,1
589825,589826,589827,1,1
589825,589826,589827,1,1
589825,589826,589827,1,1
589825,589826,589827,1,1
589825,589826,589827,1,1
589825,589826,589827,1,1
589825,589826,589827,1,1
589825,589826,589827,1,1
589825,589826,589827,1,1
589825,589826,589827,1,1
589825,589826,589827,1,1
589825,589826,589827,1,1
589825,589826,589827,1,1
589825,589826,589827,1,1
589825,589826,589827,1,1
589825,589826,589827,1,1
589825,589826,589827,1,1
588764,588764,589843,1079,0
589844,589844,589845,1,0
589844,589844,589845,1,0
589844,589844,589845,1,0
589844,589844,589845,1,0
589844,589844,589845,1,0
589844,589844,589845,1,0
589844,589844,589845,1,0
589844,589844,589845,1,0
589844,589844,589845,1,0
589844,589844,589845,1,0
589844,589844,589845,1,0
589844,589844,589845,1,0
589844,589844,589845,1,0
589844,589844,589845,1,0
589844,589844,589845,1,0
589844,589844,589845,1,0
589844,589844,589845,1,0
589844,589844,589845,1,0
589844,589844,589845,1,0
589844,589844,589845,1,0
589844,589844,589845,1,0
589844,589844,589845,1,0
589844,589844,589845,1,0
589844,589844,589845,1,0
589844,589844,589845,1,0
589844,589844,589845,1,0
589844,589844,589845,1,0
589844,589844,589845,1,0
589844,589844,589845,1,0
589844,589844,589845,1,0
589844,589844,589845,1,0
589844,589844,589845,1,0
589844,589844,589845,1,0
589844,589844,589845,1,0
589844,589844,589845,1,0
589844,589844,589845,1,0
589825,589845,589846,1,20
589825,589845,589846,1,20
589825,589845,589846,1,20
589825,589845,589846,1,20
589825,589845,589846,1,20
589844,589844,589845,1,0
589844,589844,589845,1,0
589844,589844,589845,1,0
589844,589845,589846,1,1
589844,589845,589846,1,1
589844,589844,589845,1,0
589844,589844,589846,2,0
589844,589844,589845,1,0
589844,589844,589845,1,0
588777,588777,589907,1130,0
589908,589909,589910,1,1
589908,589909,589910,1,1
589908,589909,589910,1,1
589908,589909,589910,1,1
589908,589909,589910,1,1
589908,589909,589910,1,1
589908,589909,589910,1,1
589908,589909,589910,1,1
589908,589909,589910,1,1
589908,589909,589910,1,1
589908,589909,589910,1,1
589908,589909,589910,1,1
589908,589909,589910,1,1
589908,589909,589910,1,1
589908,589909,589910,1,1
589908,589909,589910,1,1
589908,589909,589910,1,1
589908,589909,589910,1,1
589908,589909,589910,1,1
589908,589909,589910,1,1
589908,589909,589910,1,1
589908,589909,589910,1,1
589908,589909,589910,1,1
589908,589909,589910,1,1
589908,589909,589910,1,1
589908,589909,589910,1,1
589908,589909,589910,1,1
589908,589909,589910,1,1
589908,589909,589910,1,1
589908,589909,589910,1,1
589908,589909,589910,1,1
589908,589909,589910,1,1
589908,589909,589910,1,1
589908,589909,589910,1,1
589908,589909,589910,1,1
589908,589909,589910,1,1
589908,589909,589910,1,1
589908,589909,589910,1,1
589908,589909,589910,1,1
589908,589909,589910,1,1
589908,589909,589910,1,1
589908,589909,589910,1,1
589908,589909,589910,1,1
589908,589909,589910,1,1
589908,589909,589910,1,1
589908,589909,589910,1,1
589908,589909,589910,1,1
589908,589909,589910,1,1
589908,589909,589910,1,1
588780,588780,589916,1136,0
589917,589918,589919,1,1
589917,589918,589919,1,1
589917,589918,589919,1,1
589917,589918,589919,1,1
589917,589918,589919,1,1
589917,589918,589919,1,1
589917,589918,589919,1,1
589917,589918,589919,1,1
589917,589918,589919,1,1
589917,589918,589919,1,1
589917,589918,589919,1,1
589917,589918,589919,1,1
589917,589918,589919,1,1
589917,589918,589919,1,1
589917,589918,589919,1,1
589917,589918,589919,1,1
589917,589918,589919,1,1
589917,589918,589919,1,1
589917,589918,589919,1,1
589917,589918,589919,1,1
589917,589918,589919,1,1
589917,589918,589919,1,1
589917,589918,589919,1,1
589917,589918,589919,1,1
589917,589918,589919,1,1
589917,589918,589919,1,1
589917,589918,589919,1,1
589917,589918,589919,1,1
589917,589918,589919,1,1
589917,589918,589919,1,1
589917,589918,589919,1,1
589917,589918,589919,1,1
589917,589918,589919,1,1
589917,589918,589919,1,1
589917,589918,589919,1,1
589917,589918,589919,1,1
589917,589918,589919,1,1
589917,589918,589919,1,1
588771,588771,589922,1151,0
589926,589927,589928,1,1
589926,589927,589928,1,1
589926,589927,589928,1,1
589926,589927,589928,1,1
589926,589927,589928,1,1
589926,589927,589928,1,1
589926,589927,589928,1,1
589926,589927,589928,1,1
589926,589927,589928,1,1
589926,589927,589928,1,1
589926,589927,589928,1,1
589926,589927,589928,1,1
589926,589927,589928,1,1
589926,589927,589928,1,1
589926,589927,589928,1,1
589926,589927,589928,1,1
589926,589927,589928,1,1
589926,589927,589928,1,1
589926,589927,589928,1,1
589926,589927,589928,1,1
589926,589927,589928,1,1
589926,589927,589928,1,1
589926,589927,589928,1,1
589926,589927,589928,1,1
589926,589927,589928,1,1
589926,589927,589928,1,1
589926,589927,589928,1,1
589926,589927,589928,1,1
589926,589927,589929,2,1
589926,589927,589928,1,1
589929,589929,589930,1,0
589929,589929,589930,1,0
589929,589929,589930,1,0
589929,589929,589930,1,0
589929,589929,589930,1,0
589929,589929,589930,1,0
589929,589929,589930,1,0
589929,589929,589930,1,0
589929,589929,589930,1,0
589929,589929,589930,1,0
589929,589929,589930,1,0
589929,589929,589930,1,0
589929,589929,589930,1,0
589929,589929,589930,1,0
589929,589929,589930,1,0
589929,589929,589930,1,0
589929,589929,589930,1,0
589929,589929,589930,1,0
589929,589929,589931,2,0
589929,589929,589930,1,0
589929,589929,589930,1,0
589929,589929,589930,1,0
589929,589929,589930,1,0
589929,589929,589931,2,0
589929,589929,589930,1,0
589929,589929,589931,2,0
589929,589929,589930,1,0
589929,589929,589931,2,0
589929,589929,589931,2,0
589929,589929,589930,1,0
589929,589929,589931,2,0
589929,589929,589931,2,0
589929,589929,589930,1,0
589929,589929,589931,2,0
589929,589929,589931,2,0
589929,589929,589931,2,0
589929,589929,589932,3,0
589929,589929,589932,3,0
589929,589929,589932,3,0
589929,589929,589932,3,0
589929,589929,589932,3,0
589929,589929,589933,4,0
589929,589929,589932,3,0
589929,589929,589933,4,0
589929,589929,589934,5,0
589944,589944,589945,1,0
589944,589944,589945,1,0
589944,589944,589945,1,0
589944,589944,589945,1,0
589944,589944,589945,1,0
589944,589944,589945,1,0
589944,589944,589945,1,0
589944,589944,589945,1,0
589944,589944,589945,1,0
589944,589944,589945,1,0
589944,589944,589945,1,0
589944,589944,589945,1,0
589944,589944,589945,1,0
589944,589944,589945,1,0
589944,589944,589946,2,0
589944,589944,589945,1,0
589944,589944,589945,1,0
589944,589944,589945,1,0
589944,589944,589945,1,0
589944,589944,589945,1,0
589944,589944,589946,2,0
589944,589944,589946,2,0
589944,589944,589947,3,0
589944,589944,589946,2,0
589944,589944,589946,2,0
589944,589944,589947,3,0
589944,589944,589947,3,0
589944,589944,589948,4,0
589944,589944,589947,3,0
589944,589944,589948,4,0
589944,589944,589948,4,0
589944,589944,589948,4,0
588774,588774,589956,1182,0
589957,589957,589958,1,0
589957,589957,589958,1,0
589957,589957,589958,1,0
589957,589957,589958,1,0
589957,589957,589958,1,0
589957,589957,589958,1,0
589957,589957,589958,1,0
589957,589957,589958,1,0
589957,589957,589958,1,0
589957,589957,589958,1,0
589957,589957,589958,1,0
589957,589957,589958,1,0
589957,589957,589958,1,0
589957,589957,589958,1,0
589957,589957,589958,1,0
589957,589957,589958,1,0
589957,589957,589958,1,0
589957,589957,589958,1,0
589957,589957,589958,1,0
589957,589957,589958,1,0
589957,589957,589958,1,0
589957,589957,589958,1,0
589957,589957,589958,1,0
589957,589957,589958,1,0
589957,589957,589958,1,0
589957,589957,589958,1,0
589957,589957,589958,1,0
589957,589957,589958,1,0
589957,589957,589958,1,0
589957,589957,589959,2,0
589957,589957,589958,1,0
589957,589957,589958,1,0
589957,589957,589959,2,0
589957,589957,589958,1,0
589957,589957,589959,2,0
589957,589957,589959,2,0
589957,589957,589958,1,0
589957,589957,589959,2,0
589957,589957,589959,2,0
589957,589957,589959,2,0
589957,589957,589959,2,0
589957,589957,589959,2,0
589958,589958,589959,1,0
589958,589958,589959,1,0
589958,589958,589959,1,0
589958,589958,589959,1,0
589958,589958,589959,1,0
589958,589958,589959,1,0
589958,589958,589959,1,0
589958,589958,589959,1,0
589958,589958,589959,1,0
589958,589958,589959,1,0
589958,589958,589959,1,0
589958,589958,589959,1,0
589958,589958,589959,1,0
589958,589958,589959,1,0
589958,589958,589959,1,0
589958,589958,589959,1,0
589958,589958,589959,1,0
589958,589958,589959,1,0
589958,589958,589959,1,0
589958,589958,589959,1,0
589958,589958,589959,1,0
589958,589958,589959,1,0
589958,589958,589959,1,0
589958,589958,589959,1,0
589958,589958,589959,1,0
589958,589958,589959,1,0
589958,589958,589959,1,0
589958,589958,589959,1,0
589958,589958,589960,2,0
589958,589958,589960,2,0
589958,589958,589960,2,0
589958,589958,589960,2,0
589958,589958,589959,1,0
589958,589958,589960,2,0
589958,589958,589960,2,0
589958,589958,589960,2,0
589958,589958,589960,2,0
589958,589958,589960,2,0
589958,589958,589960,2,0
589958,589958,589960,2,0
589958,589958,589960,2,0
589958,589958,589959,1,0
589958,589958,589959,1,0
589958,589958,589960,2,0
589958,589958,589960,2,0
589958,589958,589960,2,0
589958,589958,589960,2,0
589957,589957,589961,4,0
589957,589957,589961,4,0
589957,589957,589961,4,0
589957,589957,589960,3,0
589957,589957,589961,4,0
589957,589957,589961,4,0
589957,589957,589961,4,0
589958,589959,589960,1,1
589957,589957,589962,5,0
589958,589959,589962,3,1
589958,589959,589969,10,1
588772,588775,589972,1197,3
589971,589971,589972,1,0
589971,589971,589972,1,0
589971,589971,589972,1,0
589971,589971,589972,1,0
589971,589971,589972,1,0
589971,589971,589972,1,0
589971,589971,589972,1,0
589971,589971,589972,1,0
589971,589971,589972,1,0
589971,589971,589972,1,0
589971,589971,589972,1,0
589971,589971,589972,1,0
589971,589971,589972,1,0
589971,589971,589972,1,0
589971,589971,589972,1,0
589971,589971,589972,1,0
589971,589971,589972,1,0
589971,589971,589972,1,0
589971,589971,589972,1,0
589971,589971,589972,1,0
589971,589971,589972,1,0
589971,589971,589973,2,0
589971,589971,589972,1,0
589971,589971,589972,1,0
589971,589971,589973,2,0
589971,589971,589973,2,0
589971,589971,589973,2,0
589971,589971,589973,2,0
589971,589971,589973,2,0
589971,589971,589973,2,0
589971,589971,589973,2,0
589971,589971,589973,2,0
589971,589971,589974,3,0
589971,589971,589974,3,0
589971,589971,589974,3,0
589971,589971,589975,4,0
589971,589971,589975,4,0
589971,589971,589975,4,0
589971,589971,589975,4,0
589971,589972,589975,3,1
589977,589978,589979,1,1
589977,589978,589979,1,1
589977,589978,589979,1,1
589977,589978,589979,1,1
589977,589978,589979,1,1
589977,589978,589979,1,1
589977,589978,589979,1,1
589977,589978,589979,1,1
589977,589978,589979,1,1
589977,589978,589979,1,1
589977,589978,589979,1,1
589977,589978,589979,1,1
589977,589978,589979,1,1
589977,589978,589979,1,1
589977,589978,589979,1,1
589977,589978,589979,1,1
589977,589978,589979,1,1
589977,589978,589979,1,1
589983,589983,589984,1,0
589983,589983,589984,1,0
589983,589983,589984,1,0
589983,589983,589984,1,0
589983,589983,589984,1,0
589983,589983,589984,1,0
589983,589983,589984,1,0
589983,589983,589984,1,0
589983,589983,589984,1,0
589983,589983,589984,1,0
589983,589983,589984,1,0
589983,589983,589984,1,0
589983,589983,589984,1,0
589983,589983,589984,1,0
589983,589983,589984,1,0
589983,589983,589984,1,0
589983,589983,589984,1,0
589983,589983,589984,1,0
589983,589983,589984,1,0
589983,589983,589984,1,0
589983,589983,589984,1,0
589983,589983,589984,1,0
589983,589983,589984,1,0
589983,589983,589984,1,0
589983,589983,589984,1,0
589983,589983,589984,1,0
589983,589983,589984,1,0
589983,589983,589984,1,0
589983,589983,589984,1,0
589983,589983,589984,1,0
589983,589983,589984,1,0
589983,589983,589984,1,0
589983,589983,589984,1,0
589983,589983,589984,1,0
589983,589983,589984,1,0
589983,589983,589984,1,0
589983,589983,589984,1,0
588775,588775,589984,1209,0
589983,589983,589985,2,0
589983,589983,589985,2,0
589983,589983,589985,2,0
589983,589983,589985,2,0
589983,589983,589984,1,0
589983,589983,589984,1,0
589983,589983,589984,1,0
589983,589983,589985,2,0
589983,589983,589984,1,0
589983,589983,589985,2,0
589983,589983,589985,2,0
589985,589985,589986,1,0
589985,589985,589986,1,0
589985,589985,589986,1,0
589985,589985,589986,1,0
589985,589985,589986,1,0
589985,589985,589986,1,0
589985,589985,589986,1,0
589985,589985,589986,1,0
589985,589985,589986,1,0
589985,589985,589986,1,0
589985,589985,589986,1,0
589985,589985,589986,1,0
589985,589985,589986,1,0
589985,589985,589986,1,0
589985,589985,589986,1,0
589985,589985,589986,1,0
589985,589985,589986,1,0
589985,589985,589986,1,0
589985,589985,589986,1,0
589985,589985,589986,1,0
589985,589985,589986,1,0
589985,589985,589986,1,0
589985,589985,589986,1,0
589985,589985,589986,1,0
589985,589985,589986,1,0
589985,589985,589986,1,0
589985,589985,589986,1,0
589985,589985,589986,1,0
589985,589985,589986,1,0
589985,589985,589986,1,0
589985,589985,589986,1,0
589985,589985,589986,1,0
589985,589985,589986,1,0
589985,589985,589986,1,0
589985,589985,589986,1,0
589985,589985,589986,1,0
589985,589985,589986,1,0
589985,589985,589986,1,0
589985,589985,589986,1,0
589985,589985,589986,1,0
589983,589983,589987,4,0
589983,589983,589986,3,0
589985,589985,589986,1,0
589985,589985,589986,1,0
589985,589985,589986,1,0
589985,589985,589986,1,0
588770,588770,589988,1218,0
588779,588779,589988,1209,0
589985,589987,589988,1,2
589985,589987,589988,1,2
589985,589987,589988,1,2
589989,589989,589990,1,0
589989,589989,589990,1,0
589989,589989,589990,1,0
589989,589989,589990,1,0
589989,589989,589990,1,0
589989,589989,589990,1,0
589989,589989,589990,1,0
589989,589989,589990,1,0
589989,589989,589990,1,0
589989,589989,589990,1,0
589989,589989,589990,1,0
589989,589989,589990,1,0
589989,589989,589990,1,0
589989,589989,589990,1,0
589989,589989,589990,1,0
589989,589989,589990,1,0
589989,589989,589990,1,0
589989,589989,589990,1,0
589989,589989,589990,1,0
589989,589989,589990,1,0
589989,589989,589990,1,0
589989,589989,589990,1,0
589989,589989,589990,1,0
589989,589989,589990,1,0
589989,589989,589990,1,0
589989,589989,589990,1,0
589989,589989,589990,1,0
589989,589989,589990,1,0
589989,589989,589990,1,0
589989,589989,589990,1,0
589989,589989,589991,2,0
589989,589989,589990,1,0
589989,589989,589990,1,0
589989,589989,589991,2,0
589989,589989,589991,2,0
589989,589989,589990,1,0
589989,589989,589991,2,0
589989,589989,589990,1,0
589989,589989,589991,2,0
589989,589989,589992,3,0
589989,589989,589992,3,0
589989,589989,589992,3,0
589989,589989,589992,3,0
589989,589989,589992,3,0
589989,589989,589992,3,0
589994,589994,589995,1,0
589994,589994,589995,1,0
589994,589994,589995,1,0
589994,589994,589995,1,0
589994,589994,589995,1,0
589994,589994,589995,1,0
589994,589994,589995,1,0
589994,589994,589995,1,0
589994,589994,589995,1,0
589994,589994,589995,1,0
589994,589994,589995,1,0
589994,589994,589995,1,0
589994,589994,589995,1,0
589994,589994,589995,1,0
589994,589994,589995,1,0
589994,589994,589995,1,0
589994,589994,589995,1,0
589994,589994,589995,1,0
589994,589994,589995,1,0
589994,589994,589995,1,0
589994,589994,589995,1,0
589994,589994,589995,1,0
589994,589994,589995,1,0
589994,589994,589995,1,0
589994,589994,589995,1,0
589994,589994,589995,1,0
589994,589994,589995,1,0
589994,589994,589995,1,0
589994,589994,589995,1,0
589994,589994,589995,1,0
589994,589994,589995,1,0
589994,589994,589995,1,0
589994,589994,589995,1,0
589994,589994,589995,1,0
589994,589994,589995,1,0
589994,589994,589995,1,0
589994,589994,589995,1,0
589994,589994,589995,1,0
589994,589994,589995,1,0
589994,589994,589995,1,0
589994,589994,589995,1,0
589994,589994,589995,1,0
589994,589994,589995,1,0
589994,589994,589995,1,0
589994,589994,589995,1,0
589994,589994,589995,1,0
589994,589994,589995,1,0
589994,589994,589996,2,0
589994,589994,589996,2,0
589994,589994,589995,1,0
589997,589997,589998,1,0
589997,589997,589998,1,0
589997,589997,589998,1,0
589997,589997,589998,1,0
589997,589997,589998,1,0
589997,589997,589998,1,0
589997,589997,589998,1,0
589997,589997,589998,1,0
589997,589997,589998,1,0
589997,589997,589998,1,0
589997,589997,589998,1,0
589997,589997,589998,1,0
589997,589997,589998,1,0
589997,589997,589998,1,0
589997,589997,589998,1,0
589997,589997,589998,1,0
589997,589997,589998,1,0
589997,589997,589998,1,0
589997,589997,589998,1,0
589997,589997,589998,1,0
589997,589997,589998,1,0
589997,589997,589998,1,0
589997,589997,589998,1,0
589997,589997,589998,1,0
589997,589997,589998,1,0
589997,589997,589998,1,0
589997,589997,589998,1,0
589997,589997,589998,1,0
589997,589997,589998,1,0
589997,589997,589998,1,0
589997,589997,589998,1,0
589997,589997,589998,1,0
589997,589997,589998,1,0
589997,589997,589998,1,0
589997,589997,589998,1,0
589997,589997,589998,1,0
589997,589997,589998,1,0
589997,589997,589998,1,0
589997,589998,589999,1,1
589997,589997,589998,1,0
589997,589997,589998,1,0
589997,589997,589998,1,0
589997,589997,589998,1,0
589997,589997,589998,1,0
589997,589997,589998,1,0
589997,589997,589998,1,0
589997,589997,589998,1,0
589997,589997,589998,1,0
589997,589997,589998,1,0
590002,590002,590003,1,0
590002,590002,590003,1,0
590002,590002,590003,1,0
590002,590002,590003,1,0
590002,590002,590003,1,0
590002,590002,590003,1,0
590002,590002,590003,1,0
590002,590002,590003,1,0
590002,590002,590003,1,0
590002,590002,590003,1,0
590002,590002,590003,1,0
590002,590002,590003,1,0
590002,590002,590003,1,0
590002,590002,590003,1,0
590002,590002,590003,1,0
590002,590002,590003,1,0
590002,590002,590003,1,0
590002,590002,590003,1,0
590002,590002,590003,1,0
590002,590002,590003,1,0
590002,590002,590003,1,0
590002,590002,590003,1,0
590002,590002,590003,1,0
590002,590002,590003,1,0
590002,590002,590003,1,0
590002,590002,590003,1,0
590002,590002,590003,1,0
590002,590002,590003,1,0
590002,590002,590003,1,0
590002,590002,590003,1,0
590002,590002,590003,1,0
590002,590002,590003,1,0
590002,590002,590003,1,0
590002,590002,590003,1,0
590002,590002,590003,1,0
590002,590002,590003,1,0
590002,590002,590003,1,0
590002,590002,590003,1,0
590002,590002,590003,1,0
590002,590002,590003,1,0
590002,590002,590003,1,0
590002,590002,590003,1,0
590002,590002,590003,1,0
590002,590002,590003,1,0
590002,590002,590003,1,0
590002,590002,590004,2,0
590002,590002,590004,2,0
590002,590002,590004,2,0
590002,590002,590004,2,0
590011,590011,590012,1,0
590011,590011,590012,1,0
590011,590011,590012,1,0
590011,590011,590012,1,0
590011,590011,590012,1,0
590011,590011,590012,1,0
590011,590011,590012,1,0
590011,590011,590012,1,0
590011,590011,590012,1,0
590011,590011,590012,1,0
590011,590011,590012,1,0
590011,590011,590012,1,0
590011,590011,590012,1,0
590011,590011,590012,1,0
590011,590011,590012,1,0
590011,590011,590012,1,0
590011,590011,590012,1,0
590011,590011,590012,1,0
590011,590011,590012,1,0
590011,590011,590012,1,0
590011,590011,590012,1,0
590011,590011,590012,1,0
590011,590011,590012,1,0
590011,590011,590012,1,0
590011,590011,590012,1,0
590011,590011,590012,1,0
590011,590011,590012,1,0
590011,590011,590012,1,0
590011,590011,590012,1,0
590016,590016,590017,1,0
590016,590016,590017,1,0
590016,590016,590017,1,0
590016,590016,590017,1,0
590016,590016,590017,1,0
590016,590016,590017,1,0
590016,590016,590017,1,0
590016,590016,590017,1,0
590016,590016,590017,1,0
590016,590016,590017,1,0
590016,590016,590017,1,0
590016,590016,590017,1,0
590016,590016,590017,1,0
590016,590016,590017,1,0
590016,590016,590017,1,0
590016,590016,590017,1,0
590016,590016,590017,1,0
590016,590016,590017,1,0
590016,590016,590017,1,0
590016,590016,590017,1,0
590016,590016,590017,1,0
590016,590016,590017,1,0
590016,590016,590017,1,0
590016,590016,590017,1,0
590016,590016,590017,1,0
590016,590016,590017,1,0
590016,590016,590017,1,0
590016,590016,590017,1,0
590016,590016,590017,1,0
590016,590016,590017,1,0
590016,590016,590017,1,0
590016,590016,590017,1,0
590016,590016,590017,1,0
590016,590016,590017,1,0
590016,590016,590017,1,0
590016,590016,590017,1,0
590016,590016,590017,1,0
590016,590016,590017,1,0
590016,590016,590017,1,0
590016,590016,590017,1,0
590016,590016,590017,1,0
590016,590016,590017,1,0
590016,590016,590017,1,0
590016,590016,590017,1,0
590016,590016,590017,1,0
590016,590016,590017,1,0
590016,590016,590017,1,0
590016,590016,590017,1,0
590016,590016,590017,1,0
590016,590016,590017,1,0
590023,590023,590024,1,0
590023,590023,590024,1,0
590023,590023,590024,1,0
590023,590023,590024,1,0
590023,590023,590024,1,0
590023,590023,590024,1,0
590023,590023,590024,1,0
590023,590023,590024,1,0
590023,590023,590024,1,0
590028,590028,590029,1,0
590028,590028,590029,1,0
590028,590028,590029,1,0
590028,590028,590029,1,0
590028,590028,590029,1,0
590028,590028,590029,1,0
590028,590028,590029,1,0
590028,590028,590029,1,0
590028,590028,590029,1,0
590028,590028,590029,1,0
590028,590028,590029,1,0
590028,590028,590029,1,0
590028,590028,590029,1,0
590028,590028,590029,1,0
590028,590028,590029,1,0
590028,590028,590029,1,0
590028,590028,590029,1,0
590028,590028,590029,1,0
590028,590028,590029,1,0
590028,590028,590029,1,0
590028,590028,590029,1,0
590028,590028,590029,1,0
590028,590028,590029,1,0
590028,590028,590029,1,0
590028,590028,590029,1,0
590028,590028,590029,1,0
590028,590028,590029,1,0
590028,590028,590029,1,0
590028,590028,590029,1,0
590028,590028,590029,1,0
590028,590028,590029,1,0
590028,590028,590029,1,0
590028,590028,590029,1,0
590028,590028,590029,1,0
590028,590028,590029,1,0
590028,590028,590029,1,0
590028,590028,590029,1,0
590028,590028,590029,1,0
590028,590028,590029,1,0
590028,590028,590029,1,0
590028,590028,590029,1,0
590028,590028,590029,1,0
590028,590028,590029,1,0
590028,590028,590029,1,0
590028,590028,590029,1,0
590028,590028,590029,1,0
590028,590028,590029,1,0
590028,590028,590029,1,0
590028,590028,590029,1,0
590028,590028,590029,1,0
588715,588725,590085,1360,10
588725,590088,590109,21,1363
590091,590113,590177,64,22
588720,590179,590180,1,1459
590176,590179,590185,6,3
590083,590179,590215,36,96
590181,590219,590226,7,38
590225,590227,590233,6,2
590253,590253,590254,1,0
590253,590253,590254,1,0
590253,590253,590254,1,0
590253,590253,590254,1,0
590253,590253,590254,1,0
590253,590253,590254,1,0
590253,590253,590254,1,0
590253,590253,590254,1,0
590253,590253,590255,2,0
590253,590253,590255,2,0
590253,590253,590254,1,0
590253,590253,590254,1,0
590253,590253,590254,1,0
590253,590253,590254,1,0
590253,590253,590254,1,0
590253,590253,590254,1,0
590253,590253,590254,1,0
590253,590253,590255,2,0
590253,590253,590254,1,0
590253,590253,590254,1,0
590253,590253,590254,1,0
590253,590253,590254,1,0
590253,590253,590254,1,0
590253,590253,590255,2,0
590253,590253,590256,3,0
590253,590253,590255,2,0
590253,590253,590256,3,0
590253,590253,590256,3,0
590253,590253,590256,3,0
590253,590253,590256,3,0
590253,590253,590256,3,0
590253,590253,590257,4,0
590253,590253,590257,4,0
590264,590264,590265,1,0
590264,590264,590265,1,0
590264,590264,590265,1,0
590264,590264,590265,1,0
590264,590264,590265,1,0
590264,590264,590265,1,0
590264,590264,590265,1,0
590264,590264,590265,1,0
590264,590264,590265,1,0
590264,590264,590265,1,0
590264,590264,590265,1,0
590264,590264,590265,1,0
590264,590264,590265,1,0
590264,590264,590265,1,0
590264,590264,590265,1,0
590264,590264,590265,1,0
590264,590264,590265,1,0
590264,590264,590265,1,0
590264,590264,590265,1,0
590264,590264,590265,1,0
590264,590264,590265,1,0
590264,590264,590265,1,0
590264,590264,590265,1,0
590264,590264,590265,1,0
590264,590264,590265,1,0
590264,590264,590265,1,0
590264,590264,590265,1,0
590264,590264,590265,1,0
590264,590264,590265,1,0
590264,590264,590265,1,0
590264,590264,590265,1,0
590264,590264,590266,2,0
590264,590264,590266,2,0
590264,590264,590266,2,0
590264,590264,590265,1,0
590264,590264,590265,1,0
590264,590264,590265,1,0
590264,590264,590266,2,0
590264,590264,590266,2,0
590264,590264,590266,2,0
590264,590264,590266,2,0
590264,590264,590267,3,0
590264,590264,590267,3,0
590264,590264,590268,4,0
590264,590264,590268,4,0
590264,590264,590267,3,0
590264,590264,590268,4,0
590264,590264,590268,4,0
590264,590264,590268,4,0
590264,590264,590268,4,0
590276,590276,590277,1,0
590276,590276,590277,1,0
590276,590276,590277,1,0
590276,590276,590277,1,0
590276,590276,590277,1,0
590276,590276,590277,1,0
590276,590276,590277,1,0
590276,590276,590277,1,0
590276,590276,590277,1,0
590276,590276,590277,1,0
590276,590276,590277,1,0
590276,590276,590277,1,0
590276,590276,590277,1,0
590276,590276,590277,1,0
590276,590276,590277,1,0
590276,590276,590277,1,0
590276,590276,590277,1,0
590276,590276,590277,1,0
590276,590276,590277,1,0
590276,590276,590277,1,0
590276,590276,590277,1,0
590276,590276,590277,1,0
590276,590276,590277,1,0
590276,590276,590277,1,0
590276,590276,590277,1,0
590276,590276,590277,1,0
590276,590276,590277,1,0
590276,590276,590277,1,0
590276,590276,590277,1,0
590276,590276,590277,1,0
590276,590276,590278,2,0
590276,590276,590277,1,0
590276,590276,590277,1,0
590276,590276,590278,2,0
590276,590276,590277,1,0
590276,590276,590278,2,0
590276,590276,590277,1,0
590276,590276,590278,2,0
590276,590276,590278,2,0
590276,590276,590278,2,0
590276,590276,590278,2,0
590276,590276,590279,3,0
590276,590276,590278,2,0
590276,590276,590279,3,0
590276,590276,590279,3,0
590276,590276,590279,3,0
590276,590276,590279,3,0
590276,590276,590280,4,0
590276,590276,590280,4,0
590276,590276,590280,4,0
590289,590289,590290,1,0
590289,590289,590290,1,0
590289,590289,590290,1,0
590289,590289,590290,1,0
590289,590289,590290,1,0
590289,590289,590290,1,0
590289,590289,590290,1,0
590289,590289,590290,1,0
590289,590289,590290,1,0
590289,590289,590290,1,0
590289,590289,590290,1,0
590289,590289,590290,1,0
590289,590289,590290,1,0
590289,590289,590290,1,0
590289,590289,590290,1,0
590289,590289,590290,1,0
590289,590289,590290,1,0
590289,590289,590290,1,0
590289,590289,590290,1,0
590289,590289,590290,1,0
590289,590289,590290,1,0
590289,590289,590290,1,0
590289,590289,590290,1,0
590289,590289,590290,1,0
590289,590289,590290,1,0
590289,590289,590291,2,0
590289,590289,590290,1,0
590289,590289,590291,2,0
590289,590289,590290,1,0
590289,590289,590291,2,0
590289,590289,590292,3,0
590289,590289,590291,2,0
590289,590289,590292,3,0
590289,590289,590292,3,0
590289,590289,590292,3,0
590289,590289,590292,3,0
590299,590299,590300,1,0
590299,590299,590300,1,0
590299,590299,590300,1,0
590299,590299,590300,1,0
590299,590299,590300,1,0
590299,590299,590300,1,0
590299,590299,590300,1,0
590299,590299,590300,1,0
590299,590299,590300,1,0
590299,590299,590300,1,0
590299,590299,590300,1,0
590299,590299,590300,1,0
590299,590299,590300,1,0
590299,590299,590300,1,0
590299,590299,590300,1,0
590299,590299,590300,1,0
590299,590299,590300,1,0
590299,590299,590300,1,0
590299,590299,590300,1,0
590299,590299,590300,1,0
590299,590299,590300,1,0
590299,590299,590300,1,0
590299,590299,590300,1,0
590299,590299,590300,1,0
590299,590299,590300,1,0
590299,590299,590300,1,0
590299,590299,590300,1,0
590299,590299,590300,1,0
590299,590299,590300,1,0
590299,590299,590300,1,0
590299,590299,590300,1,0
590299,590299,590300,1,0
590299,590299,590300,1,0
590299,590299,590300,1,0
590299,590299,590300,1,0
590299,590299,590300,1,0
590299,590299,590300,1,0
590299,590299,590300,1,0
590299,590299,590300,1,0
590299,590299,590300,1,0
590299,590299,590300,1,0
590299,590299,590301,2,0
590299,590299,590301,2,0
590299,590299,590301,2,0
590299,590299,590301,2,0
590299,590299,590301,2,0
590299,590299,590300,1,0
590299,590299,590301,2,0
590299,590299,590300,1,0
590299,590299,590301,2,0
590308,590308,590309,1,0
590308,590308,590309,1,0
590308,590308,590309,1,0
590308,590308,590309,1,0
590308,590308,590309,1,0
590308,590308,590309,1,0
590308,590308,590309,1,0
590308,590308,590309,1,0
590308,590308,590309,1,0
590308,590308,590309,1,0
590308,590308,590309,1,0
590308,590308,590309,1,0
590308,590308,590309,1,0
590308,590308,590309,1,0
590308,590308,590309,1,0
590308,590308,590309,1,0
590308,590308,590309,1,0
590308,590308,590309,1,0
590308,590308,590309,1,0
590308,590308,590309,1,0
590308,590308,590309,1,0
590308,590308,590309,1,0
590308,590308,590309,1,0
590308,590308,590309,1,0
590308,590308,590309,1,0
590308,590308,590309,1,0
590308,590308,590309,1,0
590308,590308,590309,1,0
590308,590308,590309,1,0
590308,590308,590309,1,0
590308,590308,590309,1,0
590308,590308,590309,1,0
590308,590308,590309,1,0
590308,590308,590309,1,0
590308,590308,590309,1,0
590308,590308,590309,1,0
590308,590308,590309,1,0
590308,590308,590309,1,0
590308,590308,590309,1,0
590308,590308,590309,1,0
590308,590308,590309,1,0
590308,590308,590309,1,0
590308,590308,590309,1,0
590308,590308,590309,1,0
590308,590308,590309,1,0
590308,590308,590309,1,0
590308,590308,590309,1,0
590308,590308,590309,1,0
590308,590308,590309,1,0
590308,590308,590309,1,0
590316,590316,590317,1,0
590316,590316,590317,1,0
590316,590316,590317,1,0
590316,590316,590317,1,0
590321,590321,590322,1,0
590321,590321,590322,1,0
590321,590321,590322,1,0
590321,590321,590322,1,0
590321,590321,590322,1,0
590321,590321,590322,1,0
590321,590321,590322,1,0
590321,590321,590322,1,0
590321,590321,590322,1,0
590321,590321,590322,1,0
590321,590321,590322,1,0
590321,590321,590322,1,0
590321,590321,590322,1,0
590321,590321,590322,1,0
590321,590321,590322,1,0
590321,590321,590322,1,0
590321,590321,590322,1,0
590321,590321,590322,1,0
590321,590321,590322,1,0
590321,590321,590322,1,0
590321,590321,590322,1,0
590321,590321,590322,1,0
590321,590321,590322,1,0
590321,590321,590322,1,0
590321,590321,590322,1,0
590321,590321,590322,1,0
590321,590321,590322,1,0
590321,590321,590322,1,0
590321,590321,590322,1,0
590321,590321,590322,1,0
590321,590321,590322,1,0
590321,590321,590322,1,0
590321,590321,590322,1,0
590321,590321,590322,1,0
590321,590321,590322,1,0
590321,590321,590322,1,0
590321,590321,590322,1,0
590321,590321,590322,1,0
590321,590321,590322,1,0
590321,590321,590322,1,0
590321,590321,590322,1,0
590321,590321,590322,1,0
590321,590321,590322,1,0
590321,590321,590322,1,0
590321,590321,590322,1,0
590321,590321,590322,1,0
590321,590321,590322,1,0
590321,590321,590322,1,0
590321,590321,590322,1,0
590321,590321,590322,1,0
590335,590335,590336,1,0
590335,590335,590336,1,0
590335,590335,590336,1,0
590335,590335,590336,1,0
590335,590335,590336,1,0
590335,590335,590336,1,0
590335,590335,590336,1,0
590335,590335,590336,1,0
590335,590335,590336,1,0
590335,590335,590336,1,0
590335,590335,590336,1,0
590335,590335,590336,1,0
590335,590335,590336,1,0
590335,590335,590336,1,0
590335,590335,590336,1,0
590335,590335,590336,1,0
590335,590335,590336,1,0
590335,590335,590336,1,0
590335,590335,590336,1,0
590341,590341,590342,1,0
590341,590341,590342,1,0
590341,590341,590342,1,0
590341,590341,590342,1,0
589587,589587,590378,791,0
590380,590380,590381,1,0
590380,590380,590381,1,0
590380,590380,590381,1,0
590380,590380,590381,1,0
590380,590380,590381,1,0
590380,590380,590381,1,0
590380,590380,590381,1,0
590380,590380,590381,1,0
590380,590380,590381,1,0
590380,590380,590381,1,0
590380,590380,590381,1,0
590380,590380,590381,1,0
590380,590380,590381,1,0
590380,590380,590382,2,0
590380,590380,590382,2,0
590380,590380,590382,2,0
590380,590381,590382,1,1
590380,590381,590382,1,1
590380,590381,590382,1,1
590380,590381,590382,1,1
590380,590381,590382,1,1
590380,590381,590382,1,1
590380,590380,590382,2,0
590380,590380,590382,2,0
590380,590380,590382,2,0
590380,590380,590382,2,0
590380,590380,590382,2,0
590380,590381,590382,1,1
590380,590381,590382,1,1
590380,590381,590382,1,1
590380,590381,590382,1,1
590380,590381,590382,1,1
590380,590381,590382,1,1
590380,590381,590382,1,1
590380,590381,590382,1,1
590380,590381,590382,1,1
590380,590381,590382,1,1
590380,590381,590382,1,1
590380,590381,590383,2,1
590380,590381,590383,2,1
590380,590380,590383,3,0
590380,590381,590383,2,1
589575,589575,590407,832,0
589585,589587,590409,822,2
590409,590410,590411,1,1
590409,590410,590411,1,1
589600,589600,590410,810,0
590409,590410,590411,1,1
590409,590410,590411,1,1
590409,590410,590411,1,1
590409,590410,590411,1,1
590409,590410,590411,1,1
590409,590410,590411,1,1
590409,590410,590411,1,1
590409,590410,590411,1,1
590409,590410,590411,1,1
590409,590410,590411,1,1
590409,590410,590411,1,1
590409,590410,590411,1,1
590409,590410,590411,1,1
590409,590410,590411,1,1
590409,590410,590411,1,1
590409,590410,590411,1,1
590409,590410,590411,1,1
590409,590410,590411,1,1
590409,590410,590411,1,1
590409,590410,590411,1,1
590409,590410,590411,1,1
590409,590410,590411,1,1
590409,590410,590411,1,1
590409,590410,590411,1,1
590409,590410,590411,1,1
590409,590410,590411,1,1
590409,590410,590411,1,1
590409,590410,590411,1,1
590409,590410,590411,1,1
590409,590410,590411,1,1
590409,590410,590411,1,1
590409,590410,590411,1,1
590409,590410,590411,1,1
590409,590410,590411,1,1
590409,590410,590412,2,1
590409,590410,590411,1,1
590409,590410,590411,1,1
590409,590410,590412,2,1
590409,590410,590412,2,1
590412,590412,590413,1,0
590409,590410,590412,2,1
590412,590412,590413,1,0
590409,590410,590412,2,1
590412,590412,590413,1,0
590412,590412,590413,1,0
590409,590410,590413,3,1
590412,590412,590413,1,0
590409,590410,590413,3,1
590412,590412,590413,1,0
590412,590412,590413,1,0
590412,590412,590413,1,0
590412,590412,590413,1,0
590409,590410,590412,2,1
590412,590412,590413,1,0
590412,590412,590413,1,0
590412,590412,590413,1,0
590409,590410,590413,3,1
590412,590412,590413,1,0
590412,590412,590413,1,0
590412,590412,590413,1,0
590412,590412,590413,1,0
590412,590412,590413,1,0
590409,590410,590413,3,1
590412,590412,590413,1,0
590412,590412,590414,2,0
590412,590412,590413,1,0
590412,590412,590413,1,0
590412,590412,590414,2,0
590412,590412,590413,1,0
590412,590412,590413,1,0
590412,590412,590413,1,0
590412,590412,590413,1,0
590412,590412,590413,1,0
590412,590412,590413,1,0
590412,590412,590413,1,0
590412,590412,590414,2,0
590412,590412,590413,1,0
590412,590412,590413,1,0
590412,590412,590413,1,0
590412,590412,590413,1,0
590412,590412,590413,1,0
590412,590412,590413,1,0
590412,590412,590414,2,0
590412,590412,590414,2,0
590412,590412,590414,2,0
590412,590412,590413,1,0
590412,590412,590413,1,0
590412,590412,590413,1,0
590412,590412,590413,1,0
590412,590412,590413,1,0
590412,590412,590415,3,0
590412,590412,590414,2,0
590412,590412,590415,3,0
590412,590412,590415,3,0
590412,590412,590415,3,0
590412,590412,590415,3,0
590424,590424,590425,1,0
590424,590424,590425,1,0
590424,590424,590425,1,0
590424,590424,590425,1,0
590424,590424,590425,1,0
590424,590424,590425,1,0
590424,590424,590425,1,0
590424,590424,590425,1,0
590424,590424,590425,1,0
590424,590424,590425,1,0
590424,590424,590425,1,0
590424,590424,590425,1,0
590424,590424,590425,1,0
590424,590424,590425,1,0
590424,590424,590425,1,0
590424,590424,590425,1,0
590424,590424,590425,1,0
590424,590424,590425,1,0
590424,590424,590425,1,0
590424,590424,590425,1,0
590424,590424,590425,1,0
590424,590424,590425,1,0
590424,590424,590425,1,0
590424,590424,590425,1,0
590424,590424,590425,1,0
590424,590424,590425,1,0
590424,590424,590425,1,0
590424,590424,590425,1,0
590424,590424,590425,1,0
590424,590424,590425,1,0
590424,590424,590425,1,0
590424,590424,590425,1,0
590424,590424,590425,1,0
590424,590424,590425,1,0
590424,590424,590425,1,0
590424,590424,590425,1,0
590424,590424,590426,2,0
590424,590424,590425,1,0
590424,590424,590425,1,0
590424,590424,590425,1,0
590424,590424,590426,2,0
590424,590424,590425,1,0
590424,590424,590426,2,0
589626,589627,590463,836,1
590464,590464,590465,1,0
590464,590464,590465,1,0
590464,590464,590465,1,0
590464,590464,590465,1,0
590464,590464,590465,1,0
590464,590464,590465,1,0
590464,590464,590465,1,0
590464,590464,590465,1,0
590464,590464,590465,1,0
590464,590464,590465,1,0
590464,590464,590465,1,0
590464,590464,590465,1,0
590464,590464,590465,1,0
590464,590464,590465,1,0
590464,590464,590465,1,0
590464,590464,590465,1,0
590464,590464,590465,1,0
590464,590464,590465,1,0
590464,590464,590465,1,0
590464,590464,590465,1,0
590464,590464,590465,1,0
590464,590464,590465,1,0
590464,590464,590465,1,0
590464,590464,590465,1,0
590464,590464,590465,1,0
590464,590464,590465,1,0
590464,590464,590465,1,0
590464,590464,590466,2,0
590464,590464,590465,1,0
590464,590464,590465,1,0
590464,590464,590465,1,0
590464,590464,590465,1,0
590464,590464,590465,1,0
590464,590464,590465,1,0
590464,590464,590465,1,0
590464,590464,590465,1,0
590464,590464,590465,1,0
590464,590464,590465,1,0
590464,590464,590465,1,0
590464,590464,590465,1,0
590464,590465,590466,1,1
590464,590465,590466,1,1
590464,590465,590466,1,1
590464,590465,590466,1,1
590464,590465,590466,1,1
590464,590465,590466,1,1
589638,589638,590471,833,0
590472,590472,590473,1,0
590472,590472,590473,1,0
590472,590472,590473,1,0
590472,590472,590473,1,0
590472,590472,590473,1,0
590472,590472,590473,1,0
590472,590472,590473,1,0
590472,590472,590473,1,0
590472,590472,590473,1,0
590472,590472,590473,1,0
590472,590472,590473,1,0
590472,590472,590473,1,0
590472,590472,590473,1,0
590472,590472,590473,1,0
590472,590472,590473,1,0
590472,590472,590473,1,0
590472,590472,590473,1,0
590472,590472,590473,1,0
590472,590472,590473,1,0
590472,590472,590473,1,0
590472,590472,590473,1,0
590472,590472,590473,1,0
590472,590472,590473,1,0
590472,590472,590473,1,0
590472,590472,590473,1,0
590472,590472,590473,1,0
590472,590472,590473,1,0
590472,590472,590473,1,0
590472,590472,590473,1,0
590472,590472,590473,1,0
590472,590472,590473,1,0
590472,590472,590473,1,0
590472,590472,590473,1,0
590472,590472,590473,1,0
590472,590472,590473,1,0
590472,590472,590473,1,0
590472,590472,590473,1,0
590472,590472,590473,1,0
590472,590472,590473,1,0
590472,590472,590473,1,0
590472,590472,590473,1,0
590472,590472,590473,1,0
590472,590472,590473,1,0
590472,590472,590473,1,0
590472,590472,590473,1,0
590472,590472,590473,1,0
590472,590472,590473,1,0
590472,590472,590473,1,0
589705,589705,590480,775,0
590464,590480,590481,1,16
590464,590480,590481,1,16
590464,590480,590481,1,16
590464,590480,590481,1,16
590472,590480,590481,1,8
590472,590480,590481,1,8
590481,590482,590483,1,1
590481,590482,590483,1,1
590481,590482,590483,1,1
590481,590482,590483,1,1
590481,590482,590483,1,1
590481,590482,590483,1,1
590481,590482,590483,1,1
590481,590482,590483,1,1
590481,590482,590483,1,1
590481,590482,590483,1,1
590481,590482,590483,1,1
590481,590482,590483,1,1
590481,590482,590483,1,1
590481,590482,590483,1,1
590481,590482,590483,1,1
590481,590482,590483,1,1
590481,590482,590483,1,1
590481,590482,590483,1,1
590481,590482,590483,1,1
590481,590482,590483,1,1
590481,590482,590483,1,1
590481,590482,590483,1,1
590481,590482,590483,1,1
590481,590482,590483,1,1
590481,590482,590483,1,1
590481,590482,590483,1,1
590481,590482,590483,1,1
590481,590482,590483,1,1
590481,590482,590483,1,1
590481,590482,590483,1,1
590481,590482,590483,1,1
590481,590482,590483,1,1
590481,590482,590483,1,1
590481,590482,590483,1,1
590481,590482,590483,1,1
590481,590482,590483,1,1
590481,590482,590483,1,1
590481,590482,590483,1,1
590481,590482,590483,1,1
590481,590482,590483,1,1
590481,590482,590483,1,1
590481,590482,590483,1,1
590481,590482,590483,1,1
590481,590482,590483,1,1
590481,590482,590483,1,1
590512,590512,590513,1,0
590512,590512,590513,1,0
590512,590512,590513,1,0
590512,590512,590513,1,0
590512,590512,590513,1,0
590512,590512,590513,1,0
590512,590512,590513,1,0
590512,590512,590513,1,0
590512,590512,590513,1,0
590512,590512,590513,1,0
590512,590512,590513,1,0
590512,590512,590513,1,0
590512,590512,590513,1,0
590512,590512,590513,1,0
590512,590512,590513,1,0
590512,590512,590513,1,0
590512,590512,590513,1,0
590512,590512,590513,1,0
590512,590512,590513,1,0
590512,590512,590513,1,0
590512,590512,590514,2,0
590512,590512,590513,1,0
590512,590512,590513,1,0
590512,590512,590513,1,0
590512,590512,590514,2,0
590512,590512,590513,1,0
590512,590512,590513,1,0
590512,590512,590513,1,0
590512,590512,590513,1,0
590512,590512,590514,2,0
590512,590512,590515,3,0
590512,590512,590515,3,0
590512,590512,590515,3,0
590512,590512,590514,2,0
590512,590512,590515,3,0
590512,590512,590515,3,0
590512,590512,590516,4,0
590512,590512,590516,4,0
590524,590524,590525,1,0
590524,590524,590525,1,0
590524,590524,590525,1,0
590524,590524,590525,1,0
590524,590524,590525,1,0
590524,590525,590526,1,1
590524,590524,590526,2,0
590524,590524,590526,2,0
590524,590524,590526,2,0
590524,590524,590526,2,0
590524,590524,590526,2,0
590524,590524,590526,2,0
590524,590524,590526,2,0
590524,590525,590526,1,1
590524,590524,590526,2,0
590524,590525,590526,1,1
590524,590524,590526,2,0
590524,590524,590526,2,0
590524,590524,590526,2,0
590524,590524,590526,2,0
590524,590525,590527,2,1
590524,590525,590527,2,1
590524,590524,590528,4,0
590524,590524,590528,4,0
590524,590524,590528,4,0
590524,590524,590528,4,0
590524,590524,590528,4,0
590524,590525,590528,3,1
590524,590525,590529,4,1
590524,590525,590528,3,1
590535,590536,590537,1,1
590535,590536,590537,1,1
590535,590536,590537,1,1
590535,590536,590537,1,1
590535,590536,590537,1,1
590535,590536,590537,1,1
590535,590536,590537,1,1
590535,590536,590538,2,1
590535,590536,590537,1,1
590535,590536,590537,1,1
590535,590536,590537,1,1
590535,590536,590538,2,1
590535,590536,590538,2,1
590535,590536,590539,3,1
590535,590536,590538,2,1
590535,590536,590539,3,1
590535,590536,590539,3,1
590535,590536,590540,4,1
590535,590536,590539,3,1
590535,590536,590539,3,1
590535,590536,590540,4,1
590547,590547,590548,1,0
590547,590547,590548,1,0
590547,590547,590548,1,0
590547,590547,590548,1,0
590547,590547,590548,1,0
590547,590547,590548,1,0
590547,590547,590548,1,0
590547,590547,590548,1,0
590547,590547,590548,1,0
590547,590547,590548,1,0
590547,590547,590548,1,0
590547,590547,590548,1,0
590547,590547,590548,1,0
590547,590547,590549,2,0
590547,590547,590548,1,0
590547,590547,590548,1,0
590547,590547,590548,1,0
590547,590547,590548,1,0
590547,590547,590548,1,0
590547,590547,590548,1,0
590547,590547,590548,1,0
590547,590547,590548,1,0
590547,590547,590550,3,0
590547,590547,590550,3,0
589741,589741,590549,808,0
590547,590547,590550,3,0
590547,590547,590549,2,0
590547,590547,590550,3,0
590547,590547,590550,3,0
590547,590547,590551,4,0
590551,590551,590552,1,0
590551,590551,590552,1,0
590551,590551,590552,1,0
590551,590551,590552,1,0
590551,590551,590552,1,0
590551,590551,590552,1,0
590551,590551,590552,1,0
590551,590551,590552,1,0
590551,590551,590552,1,0
590551,590551,590552,1,0
590551,590551,590552,1,0
590551,590551,590552,1,0
590551,590551,590552,1,0
590551,590551,590552,1,0
590551,590551,590552,1,0
590551,590551,590552,1,0
590551,590551,590552,1,0
590551,590551,590552,1,0
590551,590551,590552,1,0
590551,590551,590552,1,0
590551,590551,590552,1,0
590551,590551,590552,1,0
590551,590551,590552,1,0
590551,590551,590552,1,0
590551,590551,590552,1,0
590551,590551,590552,1,0
590551,590551,590552,1,0
590551,590551,590552,1,0
590551,590551,590552,1,0
590551,590551,590552,1,0
590551,590551,590552,1,0
590551,590551,590552,1,0
590551,590551,590552,1,0
590551,590551,590552,1,0
590551,590551,590552,1,0
590551,590551,590553,2,0
590551,590551,590552,1,0
590551,590551,590552,1,0
590551,590551,590553,2,0
590551,590551,590552,1,0
590551,590551,590552,1,0
590551,590551,590552,1,0
590551,590551,590552,1,0
590551,590551,590552,1,0
590551,590551,590552,1,0
590558,590559,590560,1,1
590558,590559,590560,1,1
590558,590559,590560,1,1
590558,590559,590560,1,1
590558,590559,590560,1,1
590558,590559,590560,1,1
590558,590559,590560,1,1
590558,590559,590560,1,1
590558,590559,590560,1,1
590558,590559,590561,2,1
590558,590559,590561,2,1
590568,590569,590570,1,1
590568,590569,590570,1,1
590568,590569,590570,1,1
590568,590569,590570,1,1
590568,590569,590570,1,1
590568,590569,590570,1,1
590576,590576,590577,1,0
590576,590576,590577,1,0
590576,590576,590577,1,0
590576,590576,590577,1,0
590576,590576,590577,1,0
590576,590576,590577,1,0
590576,590576,590577,1,0
590576,590576,590577,1,0
590576,590576,590577,1,0
590576,590576,590577,1,0
590576,590576,590577,1,0
590576,590576,590577,1,0
590576,590576,590577,1,0
590576,590576,590577,1,0
590576,590576,590577,1,0
590576,590576,590577,1,0
590576,590576,590577,1,0
590576,590576,590577,1,0
590576,590576,590577,1,0
590576,590576,590577,1,0
590576,590576,590577,1,0
590576,590576,590577,1,0
590576,590576,590577,1,0
590576,590576,590577,1,0
590576,590576,590577,1,0
590576,590576,590577,1,0
590576,590576,590577,1,0
590576,590576,590577,1,0
590576,590576,590577,1,0
590576,590576,590577,1,0
590576,590576,590577,1,0
590588,590588,590589,1,0
590588,590588,590589,1,0
590593,590593,590594,1,0
590593,590593,590594,1,0
590593,590593,590594,1,0
590593,590593,590594,1,0
590593,590593,590594,1,0
590593,590593,590594,1,0
590593,590593,590594,1,0
590593,590593,590594,1,0
590593,590593,590594,1,0
590593,590593,590594,1,0
590593,590593,590594,1,0
590593,590593,590594,1,0
590593,590593,590594,1,0
590593,590593,590594,1,0
590593,590593,590594,1,0
590593,590593,590594,1,0
590593,590593,590594,1,0
590593,590593,590594,1,0
590593,590593,590594,1,0
590593,590593,590594,1,0
590593,590593,590594,1,0
590593,590593,590594,1,0
590593,590593,590594,1,0
590593,590593,590594,1,0
590593,590593,590594,1,0
590593,590593,590594,1,0
590593,590593,590594,1,0
590593,590593,590594,1,0
590593,590593,590594,1,0
590593,590593,590594,1,0
590593,590593,590594,1,0
590593,590593,590594,1,0
590593,590593,590594,1,0
590593,590593,590594,1,0
590593,590593,590594,1,0
590593,590593,590594,1,0
590593,590593,590594,1,0
590593,590593,590594,1,0
590593,590593,590594,1,0
590593,590593,590594,1,0
590593,590593,590594,1,0
590593,590593,590594,1,0
590593,590593,590594,1,0
590593,590593,590594,1,0
590593,590593,590594,1,0
590593,590593,590594,1,0
590599,590599,590600,1,0
590599,590599,590600,1,0
590599,590599,590600,1,0
590599,590599,590600,1,0
590599,590599,590600,1,0
590599,590599,590600,1,0
590599,590599,590600,1,0
590599,590599,590600,1,0
590599,590599,590600,1,0
590599,590599,590600,1,0
590599,590599,590600,1,0
590599,590599,590600,1,0
590599,590599,590600,1,0
590599,590599,590600,1,0
590599,590599,590600,1,0
590599,590599,590600,1,0
590599,590599,590600,1,0
590599,590599,590600,1,0
590599,590599,590600,1,0
590599,590599,590600,1,0
590599,590599,590600,1,0
590599,590599,590600,1,0
590599,590599,590600,1,0
590599,590599,590600,1,0
590599,590599,590600,1,0
590599,590599,590600,1,0
590599,590599,590600,1,0
590599,590599,590600,1,0
590599,590599,590600,1,0
590599,590599,590600,1,0
590599,590599,590600,1,0
590599,590599,590600,1,0
590599,590599,590600,1,0
590599,590599,590600,1,0
590599,590599,590600,1,0
590599,590599,590600,1,0
590599,590599,590600,1,0
590599,590599,590600,1,0
590599,590599,590600,1,0
590599,590599,590600,1,0
590599,590599,590600,1,0
590599,590599,590600,1,0
590599,590599,590600,1,0
590599,590599,590600,1,0
590599,590599,590600,1,0
590599,590599,590600,1,0
590599,590599,590600,1,0
589780,589780,590604,824,0
590605,590606,590607,1,1
590605,590606,590607,1,1
590605,590606,590607,1,1
590605,590606,590607,1,1
590605,590606,590607,1,1
590605,590606,590607,1,1
590605,590606,590607,1,1
590605,590606,590607,1,1
590605,590606,590607,1,1
590605,590606,590607,1,1
590605,590606,590607,1,1
590605,590606,590607,1,1
590605,590606,590607,1,1
590605,590606,590607,1,1
590605,590606,590607,1,1
590605,590606,590607,1,1
590605,590606,590607,1,1
590605,590606,590607,1,1
590605,590606,590607,1,1
590605,590606,590607,1,1
590605,590606,590607,1,1
590605,590606,590607,1,1
590605,590606,590607,1,1
590605,590606,590607,1,1
590605,590606,590607,1,1
590605,590606,590607,1,1
590605,590606,590607,1,1
590605,590606,590607,1,1
590605,590606,590607,1,1
590605,590606,590607,1,1
590605,590606,590607,1,1
590605,590606,590607,1,1
590605,590606,590607,1,1
590605,590606,590607,1,1
590605,590606,590607,1,1
590605,590606,590607,1,1
590605,590606,590607,1,1
590605,590606,590607,1,1
590605,590606,590607,1,1
590605,590606,590607,1,1
590605,590606,590607,1,1
590605,590606,590607,1,1
590605,590606,590607,1,1
590605,590606,590607,1,1
590605,590606,590607,1,1
589827,589827,590608,781,0
590610,590610,590611,1,0
590610,590610,590611,1,0
590610,590610,590611,1,0
590610,590610,590611,1,0
590610,590610,590611,1,0
590610,590610,590611,1,0
590610,590610,590611,1,0
590610,590610,590611,1,0
590610,590610,590611,1,0
590610,590610,590611,1,0
590610,590610,590611,1,0
590610,590610,590611,1,0
590610,590610,590611,1,0
590610,590610,590611,1,0
590610,590610,590611,1,0
590610,590610,590611,1,0
590610,590610,590611,1,0
590610,590610,590611,1,0
590610,590610,590612,2,0
590610,590610,590611,1,0
590610,590610,590611,1,0
590610,590610,590611,1,0
590610,590610,590612,2,0
590610,590610,590611,1,0
590610,590610,590611,1,0
590610,590610,590612,2,0
590610,590610,590611,1,0
590610,590610,590611,1,0
590610,590610,590611,1,0
590610,590610,590611,1,0
590610,590610,590611,1,0
590610,590610,590611,1,0
590610,590610,590611,1,0
590610,590610,590611,1,0
590610,590610,590611,1,0
590610,590610,590611,1,0
590610,590610,590611,1,0
590610,590610,590611,1,0
590610,590610,590611,1,0
590610,590610,590611,1,0
590610,590610,590612,2,0
590610,590610,590613,3,0
590610,590610,590612,2,0
590610,590610,590612,2,0
590610,590610,590613,3,0
590610,590610,590613,3,0
590610,590610,590613,3,0
590610,590610,590613,3,0
590610,590610,590613,3,0
590610,590610,590613,3,0
589845,589845,590630,785,0
590632,590632,590633,1,0
590632,590632,590633,1,0
590632,590632,590633,1,0
590632,590632,590633,1,0
590632,590632,590633,1,0
590632,590632,590633,1,0
590632,590632,590633,1,0
590632,590632,590633,1,0
590632,590632,590633,1,0
590632,590632,590633,1,0
590632,590632,590633,1,0
590632,590632,590633,1,0
590632,590632,590633,1,0
590632,590632,590633,1,0
590632,590632,590633,1,0
590632,590632,590634,2,0
590632,590632,590633,1,0
590632,590632,590633,1,0
590632,590632,590634,2,0
590632,590632,590633,1,0
590632,590632,590634,2,0
590632,590632,590633,1,0
590632,590632,590633,1,0
590632,590632,590633,1,0
590632,590632,590633,1,0
590632,590632,590633,1,0
590632,590632,590633,1,0
590632,590632,590633,1,0
590632,590632,590633,1,0
590632,590632,590634,2,0
590632,590632,590634,2,0
590632,590632,590633,1,0
590632,590632,590633,1,0
590632,590632,590633,1,0
590632,590632,590634,2,0
590632,590632,590633,1,0
590632,590632,590633,1,0
590632,590632,590633,1,0
590632,590632,590634,2,0
590632,590632,590633,1,0
590632,590632,590633,1,0
590632,590632,590635,3,0
590632,590632,590635,3,0
590632,590632,590634,2,0
590632,590632,590635,3,0
590632,590632,590635,3,0
590632,590632,590635,3,0
590632,590632,590635,3,0
590632,590632,590635,3,0
590632,590632,590635,3,0
589787,589787,590636,849,0
590648,590648,590649,1,0
590648,590648,590649,1,0
590648,590648,590649,1,0
590648,590648,590649,1,0
590648,590648,590649,1,0
590648,590648,590649,1,0
590648,590648,590649,1,0
590648,590648,590649,1,0
590648,590648,590649,1,0
590648,590648,590649,1,0
590648,590648,590649,1,0
590648,590648,590649,1,0
590648,590649,590650,1,1
590648,590649,590650,1,1
590648,590649,590650,1,1
590648,590648,590650,2,0
590648,590648,590650,2,0
590648,590648,590650,2,0
590648,590648,590650,2,0
590648,590648,590650,2,0
590648,590648,590650,2,0
590648,590648,590649,1,0
590648,590648,590650,2,0
590648,590648,590650,2,0
590648,590648,590649,1,0
590648,590648,590649,1,0
590648,590648,590649,1,0
590648,590648,590650,2,0
590648,590648,590650,2,0
590648,590648,590650,2,0
590648,590648,590650,2,0
590648,590648,590650,2,0
590648,590649,590650,1,1
590648,590649,590650,1,1
590648,590649,590650,1,1
590648,590649,590650,1,1
590648,590648,590650,2,0
590648,590648,590650,2,0
590648,590648,590650,2,0
590648,590648,590651,3,0
590648,590649,590651,2,1
590648,590649,590651,2,1
590648,590648,590651,3,0
590648,590648,590650,2,0
590648,590648,590651,3,0
590648,590648,590651,3,0
590648,590648,590651,3,0
590648,590649,590651,2,1
590648,590648,590651,3,0
590648,590648,590651,3,0
589928,589928,590728,800,0
590729,590730,590731,1,1
590729,590730,590731,1,1
590729,590730,590731,1,1
590729,590730,590731,1,1
590729,590730,590731,1,1
590729,590730,590731,1,1
590729,590730,590731,1,1
590729,590730,590731,1,1
590729,590730,590731,1,1
590729,590730,590731,1,1
590729,590730,590731,1,1
590729,590730,590731,1,1
590729,590730,590731,1,1
590729,590730,590731,1,1
590729,590730,590731,1,1
590729,590730,590731,1,1
590729,590730,590732,2,1
590729,590730,590731,1,1
590729,590730,590731,1,1
590729,590730,590731,1,1
590729,590730,590731,1,1
590729,590730,590731,1,1
590729,590730,590731,1,1
590729,590730,590731,1,1
590729,590730,590731,1,1
590729,590730,590731,1,1
590729,590730,590731,1,1
590729,590730,590731,1,1
590729,590730,590731,1,1
590729,590730,590731,1,1
590729,590730,590731,1,1
590729,590730,590731,1,1
590729,590730,590731,1,1
590729,590730,590731,1,1
590729,590730,590731,1,1
590729,590730,590731,1,1
590729,590730,590731,1,1
590729,590730,590731,1,1
590729,590730,590731,1,1
590729,590730,590731,1,1
590729,590730,590731,1,1
590729,590730,590731,1,1
589959,589959,590762,803,0
590763,590764,590765,1,1
590763,590764,590765,1,1
590763,590764,590765,1,1
590763,590764,590765,1,1
590763,590764,590765,1,1
590763,590764,590765,1,1
590763,590764,590765,1,1
590763,590764,590765,1,1
590763,590764,590765,1,1
590763,590764,590765,1,1
590763,590764,590765,1,1
590763,590764,590765,1,1
590763,590764,590765,1,1
590763,590764,590765,1,1
590763,590764,590765,1,1
590763,590764,590765,1,1
590763,590764,590765,1,1
590763,590764,590765,1,1
590763,590764,590765,1,1
590763,590764,590765,1,1
590763,590764,590765,1,1
590763,590764,590765,1,1
590763,590764,590765,1,1
590763,590764,590765,1,1
590763,590764,590765,1,1
590763,590764,590765,1,1
590763,590764,590765,1,1
590763,590764,590765,1,1
590763,590764,590765,1,1
590763,590764,590765,1,1
590763,590764,590765,1,1
590763,590764,590765,1,1
590763,590764,590765,1,1
590763,590764,590765,1,1
590763,590764,590765,1,1
590763,590764,590765,1,1
590763,590764,590765,1,1
590763,590764,590765,1,1
590763,590764,590765,1,1
590763,590764,590765,1,1
590763,590764,590765,1,1
590763,590764,590765,1,1
590763,590764,590765,1,1
590763,590764,590765,1,1
590763,590764,590765,1,1
590763,590764,590765,1,1
589986,589986,590774,788,0
590775,590775,590776,1,0
590775,590775,590776,1,0
590775,590775,590776,1,0
590775,590775,590776,1,0
590775,590775,590776,1,0
590775,590775,590776,1,0
590775,590775,590776,1,0
590775,590775,590776,1,0
590775,590775,590776,1,0
590775,590775,590776,1,0
590775,590775,590776,1,0
590775,590775,590776,1,0
590775,590775,590776,1,0
590775,590775,590776,1,0
590775,590775,590776,1,0
590775,590775,590776,1,0
590775,590775,590776,1,0
590775,590775,590776,1,0
590775,590775,590776,1,0
590775,590775,590776,1,0
590775,590775,590776,1,0
590775,590775,590776,1,0
590775,590775,590776,1,0
590775,590775,590776,1,0
590775,590775,590776,1,0
590775,590775,590776,1,0
590775,590775,590776,1,0
590775,590775,590776,1,0
590775,590775,590776,1,0
590775,590775,590776,1,0
590775,590775,590776,1,0
590775,590775,590776,1,0
590775,590775,590776,1,0
590775,590775,590776,1,0
590775,590775,590776,1,0
590775,590775,590776,1,0
590775,590775,590776,1,0
590775,590775,590776,1,0
590775,590775,590776,1,0
590775,590775,590776,1,0
590775,590775,590776,1,0
590775,590775,590776,1,0
590775,590775,590776,1,0
590775,590775,590776,1,0
590775,590775,590776,1,0
590775,590775,590776,1,0
589979,589979,590781,802,0
590782,590783,590784,1,1
590782,590783,590784,1,1
590782,590783,590784,1,1
590782,590783,590784,1,1
590782,590783,590784,1,1
590782,590783,590784,1,1
590782,590783,590784,1,1
590782,590783,590784,1,1
590782,590783,590784,1,1
590782,590783,590784,1,1
590782,590783,590784,1,1
590782,590783,590784,1,1
590782,590783,590784,1,1
590782,590783,590784,1,1
590782,590783,590784,1,1
590782,590783,590784,1,1
590782,590783,590784,1,1
590782,590783,590784,1,1
590782,590783,590784,1,1
590782,590783,590784,1,1
590782,590783,590784,1,1
590782,590783,590784,1,1
590782,590783,590784,1,1
590782,590783,590784,1,1
590782,590783,590784,1,1
590782,590783,590784,1,1
590782,590783,590784,1,1
590782,590783,590784,1,1
590782,590783,590784,1,1
590782,590783,590785,2,1
590782,590783,590784,1,1
590782,590783,590784,1,1
590782,590783,590784,1,1
590782,590783,590784,1,1
590782,590783,590784,1,1
590782,590783,590784,1,1
590782,590783,590784,1,1
590782,590783,590784,1,1
590782,590783,590785,2,1
590782,590783,590784,1,1
590782,590783,590784,1,1
590782,590783,590784,1,1
590782,590783,590784,1,1
590782,590783,590784,1,1
590782,590783,590785,2,1
590782,590783,590785,2,1
590782,590783,590785,2,1
589990,589990,590790,800,0
590793,590794,590795,1,1
590793,590794,590795,1,1
590793,590794,590795,1,1
590793,590794,590795,1,1
590793,590794,590795,1,1
590793,590794,590795,1,1
590793,590794,590795,1,1
590793,590794,590795,1,1
590793,590794,590795,1,1
590793,590794,590795,1,1
589998,589998,590795,797,0
590793,590794,590795,1,1
590793,590794,590795,1,1
590793,590794,590795,1,1
590793,590794,590795,1,1
590793,590794,590795,1,1
590793,590794,590795,1,1
590793,590794,590795,1,1
590793,590794,590795,1,1
590793,590794,590795,1,1
590793,590794,590795,1,1
590793,590794,590795,1,1
590793,590794,590795,1,1
590798,590798,590799,1,0
590798,590798,590799,1,0
590798,590798,590799,1,0
590798,590798,590799,1,0
590798,590798,590799,1,0
590798,590798,590799,1,0
590798,590798,590799,1,0
590798,590798,590799,1,0
590798,590798,590799,1,0
590798,590798,590799,1,0
590798,590798,590799,1,0
590798,590798,590799,1,0
590798,590798,590799,1,0
590798,590798,590799,1,0
590798,590798,590799,1,0
590798,590798,590799,1,0
590798,590798,590799,1,0
590798,590798,590799,1,0
590798,590798,590799,1,0
590798,590798,590799,1,0
590798,590798,590799,1,0
590798,590798,590799,1,0
590798,590798,590799,1,0
590798,590798,590799,1,0
590798,590798,590799,1,0
590798,590798,590799,1,0
590798,590798,590799,1,0
590798,590798,590799,1,0
590798,590798,590799,1,0
590798,590798,590799,1,0
590798,590798,590799,1,0
590798,590798,590799,1,0
590798,590798,590799,1,0
590798,590798,590799,1,0
590798,590798,590799,1,0
590798,590798,590799,1,0
590798,590798,590799,1,0
590793,590794,590799,5,1
590798,590798,590799,1,0
590798,590798,590799,1,0
590798,590798,590799,1,0
590798,590798,590799,1,0
590798,590798,590799,1,0
590798,590798,590800,2,0
590798,590798,590799,1,0
590798,590798,590799,1,0
590798,590798,590799,1,0
590798,590798,590799,1,0
590798,590798,590799,1,0
590798,590798,590799,1,0
590798,590798,590799,1,0
589910,589910,590800,890,0
590812,590813,590814,1,1
590812,590813,590814,1,1
590812,590813,590814,1,1
590812,590813,590814,1,1
590812,590813,590814,1,1
590812,590813,590814,1,1
590812,590813,590814,1,1
590812,590813,590814,1,1
589918,589918,590814,896,0
590812,590813,590814,1,1
590812,590813,590814,1,1
590812,590813,590814,1,1
590812,590813,590814,1,1
590812,590813,590814,1,1
590812,590813,590815,2,1
590812,590813,590815,2,1
590812,590813,590814,1,1
590812,590813,590814,1,1
590812,590813,590815,2,1
590812,590813,590815,2,1
590812,590813,590815,2,1
590812,590813,590815,2,1
590812,590814,590815,1,2
590812,590814,590816,2,2
590812,590814,590815,1,2
590812,590814,590815,1,2
590812,590814,590817,3,2
590820,590821,590822,1,1
590820,590821,590822,1,1
590820,590821,590822,1,1
590820,590821,590822,1,1
590820,590821,590822,1,1
590820,590821,590822,1,1
590820,590821,590822,1,1
590820,590821,590822,1,1
590820,590821,590822,1,1
590820,590821,590822,1,1
590820,590821,590822,1,1
590820,590821,590822,1,1
590820,590821,590822,1,1
590820,590821,590822,1,1
590820,590821,590822,1,1
590820,590821,590822,1,1
590820,590821,590822,1,1
590820,590821,590822,1,1
590820,590821,590823,2,1
590820,590821,590822,1,1
590820,590821,590822,1,1
590820,590821,590822,1,1
590820,590821,590822,1,1
590820,590821,590822,1,1
590820,590821,590823,2,1
590820,590821,590822,1,1
590820,590821,590822,1,1
590820,590821,590822,1,1
590820,590821,590822,1,1
590820,590821,590822,1,1
590820,590821,590822,1,1
590820,590821,590823,2,1
590820,590821,590823,2,1
590812,590834,590835,1,22
590812,590834,590835,1,22
590812,590834,590836,2,22
590820,590851,590852,1,31
590880,590880,590881,1,0
590880,590880,590881,1,0
590880,590880,590881,1,0
590880,590880,590881,1,0
590880,590880,590881,1,0
590880,590880,590881,1,0
590880,590880,590881,1,0
590880,590880,590881,1,0
590880,590880,590881,1,0
590880,590880,590881,1,0
590880,590880,590881,1,0
590880,590880,590881,1,0
590880,590880,590881,1,0
590880,590880,590881,1,0
590880,590880,590881,1,0
590880,590880,590881,1,0
590880,590880,590881,1,0
590880,590880,590881,1,0
590880,590880,590881,1,0
590880,590880,590881,1,0
590880,590880,590881,1,0
590880,590880,590881,1,0
590880,590880,590881,1,0
590880,590880,590882,2,0
590880,590880,590882,2,0
590880,590880,590881,1,0
590880,590880,590882,2,0
590880,590880,590881,1,0
590880,590880,590882,2,0
590880,590880,590882,2,0
590880,590880,590882,2,0
590880,590880,590882,2,0
590880,590880,590882,2,0
590880,590880,590882,2,0
590880,590880,590881,1,0
590880,590880,590882,2,0
590880,590880,590882,2,0
590880,590880,590882,2,0
590880,590880,590882,2,0
590880,590880,590882,2,0
590880,590880,590883,3,0
590880,590880,590882,2,0
590880,590880,590883,3,0
590880,590880,590883,3,0
590880,590880,590884,4,0
590880,590880,590884,4,0
590880,590880,590884,4,0
590880,590880,590884,4,0
590880,590880,590884,4,0
590880,590880,590885,5,0
590893,590893,590895,2,0
590893,590894,590895,1,1
590893,590894,590895,1,1
590893,590894,590895,1,1
590893,590893,590895,2,0
590893,590894,590895,1,1
590893,590894,590895,1,1
590893,590894,590896,2,1
590893,590894,590895,1,1
590893,590894,590895,1,1
590893,590894,590895,1,1
590893,590894,590895,1,1
590893,590894,590895,1,1
590893,590894,590895,1,1
590893,590894,590895,1,1
590893,590894,590896,2,1
590893,590894,590897,3,1
590893,590894,590897,3,1
590893,590894,590897,3,1
590893,590894,590897,3,1
590893,590894,590897,3,1
590893,590894,590897,3,1
590893,590894,590897,3,1
590893,590894,590898,4,1
590893,590894,590897,3,1
590906,590906,590907,1,0
590906,590906,590907,1,0
590906,590906,590907,1,0
590906,590906,590907,1,0
590906,590906,590907,1,0
590906,590906,590907,1,0
590906,590906,590907,1,0
590906,590906,590907,1,0
590906,590906,590907,1,0
590906,590906,590907,1,0
590906,590906,590907,1,0
590906,590906,590907,1,0
590906,590906,590907,1,0
590906,590906,590907,1,0
590906,590906,590907,1,0
590906,590906,590907,1,0
590906,590906,590907,1,0
590906,590906,590907,1,0
590906,590906,590907,1,0
590906,590906,590907,1,0
590906,590906,590907,1,0
590906,590906,590907,1,0
590906,590906,590907,1,0
590906,590906,590907,1,0
590906,590906,590907,1,0
590906,590906,590907,1,0
590906,590906,590907,1,0
590906,590906,590907,1,0
590906,590906,590907,1,0
590906,590906,590907,1,0
590906,590906,590907,1,0
590906,590906,590908,2,0
590906,590906,590908,2,0
590906,590906,590907,1,0
590906,590906,590908,2,0
590906,590906,590908,2,0
590906,590906,590908,2,0
590906,590906,590907,1,0
590906,590906,590908,2,0
590906,590906,590907,1,0
590906,590906,590908,2,0
590906,590906,590909,3,0
590906,590906,590909,3,0
590906,590906,590909,3,0
590906,590906,590909,3,0
590906,590906,590909,3,0
590906,590906,590909,3,0
590906,590906,590910,4,0
590906,590906,590910,4,0
590906,590906,590910,4,0
590917,590917,590918,1,0
590917,590917,590918,1,0
590917,590917,590918,1,0
590917,590917,590918,1,0
590917,590917,590918,1,0
590917,590917,590918,1,0
590917,590917,590918,1,0
590917,590917,590918,1,0
590917,590917,590918,1,0
590917,590917,590918,1,0
590917,590917,590918,1,0
590917,590917,590918,1,0
590917,590917,590918,1,0
590917,590917,590918,1,0
590917,590917,590918,1,0
590917,590917,590918,1,0
590917,590917,590918,1,0
590917,590917,590918,1,0
590917,590917,590918,1,0
590917,590917,590918,1,0
590917,590917,590918,1,0
590917,590917,590918,1,0
590917,590917,590918,1,0
590917,590917,590918,1,0
590917,590917,590918,1,0
590917,590917,590918,1,0
590917,590917,590918,1,0
590917,590917,590918,1,0
590917,590917,590918,1,0
590917,590917,590918,1,0
590917,590917,590918,1,0
590917,590917,590918,1,0
590917,590917,590918,1,0
590917,590917,590918,1,0
590917,590917,590919,2,0
590917,590917,590919,2,0
590917,590917,590919,2,0
590917,590917,590919,2,0
590917,590917,590919,2,0
590917,590917,590920,3,0
590917,590917,590920,3,0
590917,590917,590920,3,0
590917,590917,590920,3,0
590917,590917,590921,4,0
590917,590917,590921,4,0
590917,590917,590921,4,0
590917,590917,590921,4,0
590929,590929,590930,1,0
590929,590929,590930,1,0
590929,590929,590930,1,0
590929,590929,590930,1,0
590929,590929,590930,1,0
590929,590929,590930,1,0
590929,590929,590930,1,0
590929,590929,590930,1,0
590929,590929,590930,1,0
590929,590929,590930,1,0
590929,590929,590930,1,0
590929,590929,590930,1,0
590929,590929,590930,1,0
590929,590929,590930,1,0
590929,590929,590932,3,0
590929,590929,590931,2,0
590929,590929,590931,2,0
590929,590930,590931,1,1
590929,590929,590931,2,0
590929,590930,590931,1,1
590929,590929,590931,2,0
590929,590930,590931,1,1
590929,590930,590931,1,1
590929,590930,590931,1,1
590937,590937,590938,1,0
590937,590937,590938,1,0
590937,590937,590938,1,0
590937,590937,590938,1,0
590937,590937,590938,1,0
590937,590937,590938,1,0
590937,590937,590938,1,0
590937,590937,590938,1,0
590937,590937,590938,1,0
590937,590937,590938,1,0
590937,590937,590938,1,0
590937,590937,590938,1,0
590937,590937,590938,1,0
590937,590937,590938,1,0
590937,590937,590938,1,0
590937,590937,590938,1,0
590937,590937,590938,1,0
590937,590937,590938,1,0
590937,590937,590938,1,0
590937,590937,590938,1,0
590937,590937,590938,1,0
590937,590937,590938,1,0
590937,590937,590938,1,0
590937,590937,590938,1,0
590937,590937,590938,1,0
590937,590937,590938,1,0
590937,590937,590938,1,0
590937,590937,590938,1,0
590937,590937,590938,1,0
590937,590937,590938,1,0
590937,590937,590938,1,0
590937,590937,590938,1,0
590937,590937,590938,1,0
590937,590937,590938,1,0
590937,590937,590938,1,0
590937,590937,590938,1,0
590937,590937,590938,1,0
590937,590937,590938,1,0
590937,590937,590938,1,0
590937,590937,590938,1,0
590937,590937,590938,1,0
590937,590937,590938,1,0
590937,590937,590938,1,0
590937,590937,590938,1,0
590937,590937,590938,1,0
590937,590937,590938,1,0
590937,590937,590938,1,0
590937,590937,590938,1,0
590937,590937,590938,1,0
590937,590937,590939,2,0
590945,590945,590946,1,0
590945,590945,590946,1,0
590945,590945,590946,1,0
590945,590945,590946,1,0
590945,590945,590946,1,0
590945,590945,590946,1,0
590945,590945,590946,1,0
590945,590945,590946,1,0
590945,590945,590946,1,0
590945,590945,590946,1,0
590945,590945,590946,1,0
590952,590952,590953,1,0
590952,590952,590953,1,0
590952,590952,590953,1,0
590952,590952,590953,1,0
590952,590952,590953,1,0
590952,590952,590953,1,0
590952,590952,590953,1,0
590952,590952,590953,1,0
590952,590952,590953,1,0
590952,590952,590953,1,0
590952,590952,590953,1,0
590952,590952,590953,1,0
590952,590952,590953,1,0
590952,590952,590953,1,0
590957,590957,590958,1,0
590957,590957,590958,1,0
590957,590957,590958,1,0
590957,590957,590958,1,0
590957,590957,590958,1,0
590957,590957,590958,1,0
590957,590957,590958,1,0
590957,590957,590958,1,0
590957,590957,590958,1,0
590957,590957,590958,1,0
590957,590957,590958,1,0
590957,590957,590958,1,0
590957,590957,590958,1,0
590957,590957,590958,1,0
590957,590957,590958,1,0
590957,590957,590958,1,0
590957,590957,590958,1,0
590957,590957,590958,1,0
590957,590957,590958,1,0
590957,590957,590958,1,0
590957,590957,590958,1,0
590957,590957,590958,1,0
590957,590957,590958,1,0
590957,590957,590958,1,0
590957,590957,590958,1,0
590957,590957,590958,1,0
590957,590957,590958,1,0
590957,590957,590958,1,0
590957,590957,590958,1,0
590957,590957,590958,1,0
590957,590957,590958,1,0
590957,590957,590958,1,0
590957,590957,590958,1,0
590957,590957,590958,1,0
590957,590957,590958,1,0
590957,590957,590958,1,0
590957,590957,590958,1,0
590957,590957,590958,1,0
590957,590957,590958,1,0
590957,590957,590958,1,0
590957,590957,590958,1,0
590957,590957,590958,1,0
590957,590957,590958,1,0
590957,590957,590958,1,0
590957,590957,590958,1,0
590957,590957,590958,1,0
590957,590957,590958,1,0
590957,590957,590958,1,0
590957,590957,590958,1,0
590964,590964,590965,1,0
590964,590964,590965,1,0
590964,590964,590965,1,0
590964,590964,590965,1,0
590964,590964,590965,1,0
590969,590969,590970,1,0
590969,590969,590970,1,0
590969,590969,590970,1,0
590969,590969,590970,1,0
590969,590969,590970,1,0
590969,590969,590970,1,0
590969,590969,590970,1,0
590969,590969,590970,1,0
590969,590969,590970,1,0
590969,590969,590970,1,0
590969,590969,590970,1,0
590969,590969,590970,1,0
590969,590969,590970,1,0
590969,590969,590970,1,0
590969,590969,590970,1,0
590969,590969,590970,1,0
590969,590969,590970,1,0
590969,590969,590970,1,0
590969,590969,590970,1,0
590969,590969,590970,1,0
590969,590969,590970,1,0
590969,590969,590970,1,0
590969,590969,590970,1,0
590969,590969,590970,1,0
590969,590969,590970,1,0
590969,590969,590970,1,0
590969,590969,590970,1,0
590969,590969,590970,1,0
590969,590969,590970,1,0
590969,590969,590970,1,0
590969,590969,590970,1,0
590969,590969,590970,1,0
590969,590969,590970,1,0
590969,590969,590970,1,0
590969,590969,590970,1,0
590969,590969,590970,1,0
590969,590969,590970,1,0
590969,590969,590970,1,0
590969,590969,590970,1,0
590969,590969,590970,1,0
590969,590969,590970,1,0
590969,590969,590970,1,0
590969,590969,590970,1,0
590969,590969,590970,1,0
590969,590969,590970,1,0
590969,590969,590970,1,0
590969,590969,590970,1,0
590969,590969,590970,1,0
590969,590969,590970,1,0
590969,590969,590970,1,0
590381,590381,591212,831,0
591213,591213,591214,1,0
591213,591213,591214,1,0
591213,591213,591214,1,0
591213,591213,591214,1,0
591213,591213,591214,1,0
591213,591213,591214,1,0
591213,591213,591214,1,0
591213,591213,591214,1,0
591213,591214,591215,1,1
591213,591214,591215,1,1
591213,591213,591215,2,0
591213,591213,591215,2,0
591213,591213,591214,1,0
591213,591214,591215,1,1
591213,591214,591215,1,1
591213,591214,591215,1,1
591213,591214,591215,1,1
591213,591213,591215,2,0
591213,591213,591214,1,0
591213,591213,591215,2,0
591213,591213,591215,2,0
591213,591213,591215,2,0
591213,591213,591215,2,0
591213,591213,591214,1,0
591213,591213,591214,1,0
591213,591213,591215,2,0
591213,591213,591215,2,0
591213,591213,591215,2,0
591213,591213,591215,2,0
591213,591213,591215,2,0
591213,591213,591214,1,0
591213,591213,591215,2,0
591213,591213,591215,2,0
591213,591213,591215,2,0
591213,591213,591215,2,0
591213,591213,591215,2,0
591213,591213,591215,2,0
591213,591213,591215,2,0
590411,590411,591215,804,0
591213,591213,591215,2,0
591213,591213,591215,2,0
591213,591213,591215,2,0
591213,591213,591215,2,0
591213,591213,591216,3,0
591213,591214,591216,2,1
591213,591213,591216,3,0
591213,591213,591216,3,0
591213,591213,591216,3,0
591213,591213,591216,3,0
591213,591213,591216,3,0
591213,591213,591216,3,0
591226,591226,591227,1,0
591226,591226,591227,1,0
591226,591226,591227,1,0
591226,591226,591227,1,0
591226,591226,591227,1,0
591226,591226,591227,1,0
591226,591226,591227,1,0
591226,591226,591227,1,0
591226,591226,591227,1,0
591226,591226,591227,1,0
591226,591226,591227,1,0
591226,591226,591227,1,0
591226,591226,591227,1,0
591226,591226,591227,1,0
591226,591226,591227,1,0
591226,591226,591227,1,0
591226,591226,591227,1,0
591226,591226,591227,1,0
591226,591226,591227,1,0
591226,591226,591227,1,0
591226,591226,591228,2,0
591226,591226,591227,1,0
591226,591226,591227,1,0
591226,591226,591227,1,0
591226,591226,591227,1,0
591226,591226,591227,1,0
591226,591226,591227,1,0
591226,591226,591227,1,0
591226,591226,591227,1,0
591226,591226,591228,2,0
591226,591226,591227,1,0
591226,591226,591227,1,0
591226,591226,591227,1,0
591226,591226,591227,1,0
591226,591226,591227,1,0
591226,591226,591227,1,0
591226,591226,591227,1,0
591226,591226,591227,1,0
591226,591226,591228,2,0
591226,591226,591227,1,0
591226,591226,591228,2,0
591226,591226,591228,2,0
591226,591226,591228,2,0
591226,591226,591229,3,0
591226,591226,591229,3,0
591226,591226,591228,2,0
591226,591226,591229,3,0
591226,591226,591228,2,0
591226,591226,591228,2,0
591226,591226,591229,3,0
590413,590413,591249,836,0
591251,591251,591252,1,0
591251,591251,591252,1,0
591251,591251,591252,1,0
591251,591251,591252,1,0
591251,591251,591252,1,0
591251,591251,591252,1,0
591251,591251,591252,1,0
591251,591251,591252,1,0
591251,591251,591252,1,0
591251,591251,591253,2,0
591251,591251,591252,1,0
591251,591251,591252,1,0
591251,591251,591253,2,0
591251,591251,591252,1,0
591251,591251,591252,1,0
591251,591251,591252,1,0
591251,591251,591252,1,0
591251,591251,591252,1,0
591251,591251,591252,1,0
591251,591251,591252,1,0
591251,591251,591252,1,0
591251,591251,591252,1,0
591251,591251,591252,1,0
591251,591251,591253,2,0
591251,591251,591252,1,0
591251,591251,591252,1,0
591251,591251,591252,1,0
591251,591251,591253,2,0
591251,591251,591252,1,0
591251,591251,591252,1,0
591251,591251,591252,1,0
591251,591251,591253,2,0
591251,591251,591252,1,0
591251,591251,591252,1,0
591251,591251,591253,2,0
591251,591251,591253,2,0
591251,591251,591252,1,0
591251,591251,591252,1,0
591251,591251,591252,1,0
591251,591251,591253,2,0
591251,591251,591253,2,0
591251,591251,591253,2,0
591251,591251,591253,2,0
591251,591251,591254,3,0
591251,591251,591254,3,0
591251,591251,591254,3,0
591251,591251,591254,3,0
591251,591251,591254,3,0
591251,591251,591255,4,0
591251,591251,591259,8,0
590425,590425,591262,837,0
591267,591268,591269,1,1
591267,591268,591269,1,1
591267,591268,591269,1,1
591267,591268,591269,1,1
591267,591268,591269,1,1
591267,591268,591269,1,1
591267,591268,591269,1,1
591267,591268,591269,1,1
591267,591268,591269,1,1
591267,591268,591269,1,1
591267,591268,591269,1,1
591267,591268,591269,1,1
591267,591268,591269,1,1
591267,591268,591269,1,1
591267,591268,591269,1,1
591267,591268,591269,1,1
591267,591268,591269,1,1
591267,591268,591269,1,1
591267,591268,591269,1,1
591267,591268,591269,1,1
591267,591268,591269,1,1
591267,591268,591269,1,1
591267,591268,591269,1,1
591267,591268,591269,1,1
591267,591268,591270,2,1
591267,591268,591269,1,1
591267,591268,591269,1,1
591267,591268,591269,1,1
591267,591268,591269,1,1
591267,591268,591270,2,1
591267,591268,591269,1,1
591267,591268,591269,1,1
591267,591268,591269,1,1
591267,591269,591270,1,2
591267,591269,591270,1,2
591267,591268,591270,2,1
591267,591268,591270,2,1
591267,591268,591271,3,1
591267,591268,591270,2,1
591267,591268,591270,2,1
591267,591269,591270,1,2
591267,591269,591272,3,2
591267,591268,591292,24,1
590473,590473,591293,820,0
590483,590483,591296,813,0
591299,591299,591300,1,0
591299,591299,591300,1,0
591299,591299,591300,1,0
591299,591299,591300,1,0
591299,591299,591300,1,0
591299,591299,591300,1,0
591299,591299,591300,1,0
591299,591299,591300,1,0
591299,591299,591300,1,0
591299,591299,591300,1,0
591299,591299,591300,1,0
591299,591299,591300,1,0
591299,591299,591300,1,0
591299,591299,591300,1,0
591299,591299,591300,1,0
591299,591299,591300,1,0
591299,591299,591300,1,0
591299,591299,591300,1,0
591299,591299,591300,1,0
591299,591299,591300,1,0
591299,591299,591300,1,0
591299,591299,591300,1,0
591299,591299,591300,1,0
591299,591299,591300,1,0
591299,591299,591300,1,0
591299,591299,591300,1,0
591299,591299,591300,1,0
591299,591299,591300,1,0
591299,591299,591300,1,0
591299,591299,591300,1,0
591299,591299,591300,1,0
591299,591299,591300,1,0
591299,591299,591300,1,0
591299,591299,591300,1,0
591299,591299,591300,1,0
591299,591299,591300,1,0
591299,591299,591300,1,0
591299,591299,591300,1,0
591299,591299,591300,1,0
591299,591299,591301,2,0
591299,591299,591300,1,0
591299,591299,591300,1,0
591299,591299,591300,1,0
591299,591299,591300,1,0
591299,591299,591300,1,0
591299,591299,591300,1,0
591299,591299,591300,1,0
590465,590465,591301,836,0
591301,591301,591302,1,0
591301,591301,591302,1,0
591301,591301,591302,1,0
591301,591301,591302,1,0
591301,591301,591302,1,0
591301,591301,591302,1,0
591301,591301,591302,1,0
591301,591301,591302,1,0
591301,591301,591302,1,0
591301,591301,591302,1,0
591301,591301,591302,1,0
591301,591301,591302,1,0
591301,591301,591302,1,0
591301,591301,591302,1,0
591301,591301,591302,1,0
591301,591301,591302,1,0
591301,591301,591302,1,0
591301,591301,591302,1,0
591301,591301,591302,1,0
591301,591301,591302,1,0
591301,591301,591302,1,0
591301,591301,591302,1,0
591301,591301,591302,1,0
591301,591301,591302,1,0
591301,591301,591302,1,0
591301,591301,591302,1,0
591301,591301,591302,1,0
591301,591301,591302,1,0
591301,591301,591302,1,0
591301,591301,591302,1,0
591301,591301,591302,1,0
591301,591301,591302,1,0
591301,591301,591302,1,0
591301,591301,591302,1,0
591301,591301,591302,1,0
591301,591301,591302,1,0
591301,591301,591302,1,0
591301,591301,591302,1,0
591301,591301,591302,1,0
591301,591301,591302,1,0
591301,591301,591302,1,0
591301,591301,591302,1,0
591301,591301,591302,1,0
591301,591301,591302,1,0
591301,591301,591302,1,0
591301,591301,591302,1,0
591301,591301,591302,1,0
591301,591301,591302,1,0
591301,591301,591303,2,0
591301,591301,591303,2,0
591309,591310,591311,1,1
591309,591310,591311,1,1
591309,591310,591311,1,1
591309,591310,591311,1,1
591309,591310,591311,1,1
591309,591310,591311,1,1
591309,591310,591311,1,1
591309,591310,591311,1,1
591309,591310,591311,1,1
591309,591310,591311,1,1
591309,591310,591311,1,1
591309,591310,591311,1,1
591309,591310,591311,1,1
591309,591310,591311,1,1
591309,591310,591311,1,1
591309,591310,591311,1,1
591309,591310,591311,1,1
591309,591310,591311,1,1
591309,591310,591311,1,1
591309,591310,591312,2,1
591309,591310,591311,1,1
591309,591310,591311,1,1
591309,591310,591311,1,1
591309,591310,591311,1,1
591309,591310,591311,1,1
591309,591310,591311,1,1
591309,591310,591311,1,1
591309,591310,591311,1,1
591309,591310,591311,1,1
591309,591310,591312,2,1
590552,590552,591377,825,0
591379,591379,591380,1,0
591379,591379,591380,1,0
591379,591379,591380,1,0
591379,591379,591380,1,0
591379,591379,591380,1,0
591379,591379,591380,1,0
591379,591379,591380,1,0
591379,591379,591380,1,0
591379,591379,591380,1,0
591379,591379,591380,1,0
591379,591379,591380,1,0
591379,591379,591380,1,0
591379,591379,591380,1,0
591379,591379,591380,1,0
591379,591379,591380,1,0
591379,591379,591380,1,0
591379,591379,591380,1,0
591379,591379,591380,1,0
591379,591379,591380,1,0
591379,591379,591380,1,0
591379,591379,591380,1,0
591379,591379,591380,1,0
591379,591379,591380,1,0
591379,591379,591380,1,0
591379,591379,591380,1,0
591379,591379,591380,1,0
591379,591379,591380,1,0
591379,591379,591380,1,0
591379,591379,591380,1,0
591379,591379,591380,1,0
591379,591379,591380,1,0
591379,591379,591380,1,0
591379,591379,591380,1,0
591379,591379,591380,1,0
591379,591379,591380,1,0
591379,591379,591380,1,0
591379,591379,591380,1,0
591379,591379,591380,1,0
591379,591379,591380,1,0
591379,591379,591380,1,0
591379,591379,591380,1,0
591379,591379,591380,1,0
591379,591379,591380,1,0
591379,591379,591380,1,0
591379,591379,591380,1,0
591379,591379,591380,1,0
591379,591379,591380,1,0
591379,591379,591380,1,0
591379,591379,591381,2,0
591379,591379,591380,1,0
590611,590611,591412,801,0
591414,591414,591415,1,0
591414,591414,591415,1,0
591414,591414,591415,1,0
591414,591414,591415,1,0
591414,591414,591415,1,0
591414,591414,591415,1,0
591414,591414,591415,1,0
591414,591414,591415,1,0
591414,591414,591415,1,0
591414,591414,591415,1,0
591414,591414,591415,1,0
591414,591414,591415,1,0
591414,591414,591415,1,0
591414,591414,591415,1,0
591414,591414,591415,1,0
591414,591414,591415,1,0
591414,591414,591415,1,0
591414,591414,591415,1,0
591414,591414,591415,1,0
591414,591414,591415,1,0
591414,591414,591415,1,0
591414,591414,591415,1,0
591414,591414,591415,1,0
591414,591414,591415,1,0
591414,591414,591415,1,0
591414,591414,591416,2,0
591414,591414,591416,2,0
591414,591415,591416,1,1
591414,591415,591416,1,1
591414,591415,591416,1,1
591414,591415,591416,1,1
591414,591415,591416,1,1
591414,591414,591415,1,0
591414,591414,591415,1,0
591414,591414,591415,1,0
591414,591414,591416,2,0
591414,591414,591416,2,0
591414,591414,591415,1,0
591414,591414,591416,2,0
591414,591414,591416,2,0
591414,591414,591416,2,0
591414,591414,591416,2,0
591414,591414,591416,2,0
590607,590607,591438,831,0
591414,591414,591415,1,0
591414,591414,591415,1,0
591414,591414,591415,1,0
591414,591414,591415,1,0
591414,591414,591415,1,0
591440,591440,591441,1,0
591440,591440,591441,1,0
591440,591440,591441,1,0
591440,591440,591441,1,0
591440,591440,591441,1,0
591440,591440,591441,1,0
591440,591440,591441,1,0
591440,591440,591441,1,0
591440,591440,591441,1,0
591440,591440,591441,1,0
591440,591440,591441,1,0
591440,591440,591441,1,0
591440,591440,591441,1,0
591440,591440,591441,1,0
591440,591440,591441,1,0
591440,591440,591441,1,0
591440,591440,591441,1,0
591440,591440,591441,1,0
591440,591440,591441,1,0
591440,591440,591441,1,0
591440,591440,591441,1,0
591440,591440,591441,1,0
591440,591440,591441,1,0
591440,591440,591441,1,0
591440,591440,591441,1,0
591440,591440,591441,1,0
591440,591440,591441,1,0
591440,591440,591441,1,0
591440,591440,591441,1,0
591440,591440,591441,1,0
591440,591440,591441,1,0
591440,591440,591441,1,0
591440,591440,591441,1,0
591440,591440,591441,1,0
591440,591440,591441,1,0
591440,591440,591442,2,0
591440,591440,591441,1,0
591440,591440,591442,2,0
591440,591440,591441,1,0
591440,591440,591442,2,0
591440,591440,591442,2,0
591440,591440,591441,1,0
591440,591440,591442,2,0
591440,591449,591450,1,9
591440,591449,591450,1,9
591440,591449,591450,1,9
591440,591449,591450,1,9
591440,591449,591450,1,9
591440,591449,591450,1,9
590633,590633,591463,830,0
591464,591465,591466,1,1
591464,591465,591466,1,1
591464,591465,591466,1,1
591464,591465,591466,1,1
591464,591465,591466,1,1
591464,591465,591466,1,1
591464,591465,591466,1,1
591464,591465,591466,1,1
591464,591465,591466,1,1
591464,591465,591466,1,1
591464,591465,591466,1,1
591464,591465,591466,1,1
591464,591465,591466,1,1
591464,591465,591466,1,1
591464,591465,591466,1,1
591464,591465,591466,1,1
591464,591465,591466,1,1
591464,591465,591466,1,1
591464,591465,591466,1,1
591464,591465,591466,1,1
591464,591465,591466,1,1
591464,591465,591466,1,1
591464,591465,591466,1,1
591464,591465,591466,1,1
591464,591465,591466,1,1
591464,591465,591466,1,1
591464,591465,591466,1,1
591464,591465,591466,1,1
591464,591465,591466,1,1
591464,591465,591466,1,1
591464,591465,591466,1,1
591464,591465,591466,1,1
591464,591465,591466,1,1
591464,591465,591466,1,1
591464,591465,591466,1,1
591464,591465,591466,1,1
591464,591465,591466,1,1
591464,591465,591466,1,1
591464,591465,591466,1,1
591464,591465,591466,1,1
590649,590650,591474,824,1
591475,591475,591476,1,0
591475,591475,591476,1,0
591475,591475,591476,1,0
591475,591475,591476,1,0
591475,591475,591476,1,0
591475,591475,591476,1,0
591475,591475,591476,1,0
591475,591475,591476,1,0
591475,591475,591476,1,0
591475,591475,591476,1,0
591475,591475,591476,1,0
591475,591475,591477,2,0
591475,591475,591477,2,0
591475,591475,591477,2,0
591475,591475,591477,2,0
591475,591475,591476,1,0
591475,591475,591476,1,0
591475,591475,591477,2,0
591475,591475,591477,2,0
591475,591475,591476,1,0
591475,591475,591477,2,0
591475,591475,591477,2,0
591475,591475,591477,2,0
591475,591475,591476,1,0
591475,591475,591477,2,0
591475,591475,591477,2,0
591475,591475,591477,2,0
591475,591475,591477,2,0
591475,591475,591477,2,0
591475,591475,591477,2,0
591475,591475,591477,2,0
591475,591475,591477,2,0
591475,591475,591477,2,0
591475,591475,591477,2,0
591475,591475,591477,2,0
591475,591475,591477,2,0
591475,591475,591477,2,0
591475,591475,591477,2,0
591475,591475,591477,2,0
591475,591475,591477,2,0
591475,591475,591476,1,0
591475,591475,591478,3,0
591475,591475,591478,3,0
591475,591475,591478,3,0
591475,591475,591478,3,0
591475,591475,591478,3,0
591475,591475,591478,3,0
591475,591475,591478,3,0
591475,591475,591478,3,0
591475,591475,591478,3,0
590272,590275,591541,1266,3
590776,590776,591557,781,0
591559,591559,591560,1,0
591559,591559,591560,1,0
591559,591559,591560,1,0
591559,591559,591560,1,0
591559,591559,591560,1,0
591559,591559,591560,1,0
591559,591559,591560,1,0
591559,591559,591560,1,0
591559,591559,591560,1,0
591559,591559,591560,1,0
591559,591559,591560,1,0
591559,591559,591560,1,0
591559,591559,591560,1,0
591559,591559,591560,1,0
591559,591559,591560,1,0
591559,591559,591560,1,0
591559,591559,591560,1,0
591559,591559,591560,1,0
591559,591559,591560,1,0
591559,591560,591561,1,1
591559,591559,591561,2,0
591559,591560,591561,1,1
591559,591559,591560,1,0
591559,591559,591560,1,0
591559,591559,591560,1,0
591559,591559,591561,2,0
591559,591559,591560,1,0
591559,591559,591561,2,0
591559,591559,591560,1,0
591559,591559,591560,1,0
591559,591559,591561,2,0
591559,591559,591560,1,0
591559,591559,591560,1,0
591559,591559,591560,1,0
591559,591559,591560,1,0
591559,591559,591560,1,0
591559,591559,591560,1,0
591559,591559,591561,2,0
591559,591559,591561,2,0
591559,591559,591561,2,0
591559,591559,591562,3,0
591559,591560,591562,2,1
591559,591559,591562,3,0
591559,591559,591562,3,0
590784,590784,591572,788,0
591573,591574,591575,1,1
591573,591574,591575,1,1
591573,591574,591575,1,1
591573,591574,591575,1,1
591573,591574,591575,1,1
591573,591574,591575,1,1
591573,591574,591575,1,1
591573,591574,591575,1,1
591573,591574,591575,1,1
591573,591574,591575,1,1
591573,591574,591575,1,1
591573,591574,591575,1,1
591573,591574,591575,1,1
591573,591574,591575,1,1
591573,591574,591575,1,1
591573,591574,591575,1,1
591573,591574,591575,1,1
591573,591574,591575,1,1
591573,591574,591575,1,1
591573,591574,591575,1,1
591573,591574,591575,1,1
591573,591574,591575,1,1
591573,591574,591575,1,1
591573,591574,591575,1,1
591573,591574,591575,1,1
591573,591574,591575,1,1
591573,591574,591575,1,1
591573,591574,591575,1,1
591573,591574,591575,1,1
591573,591574,591575,1,1
591573,591574,591575,1,1
591573,591574,591575,1,1
591573,591574,591575,1,1
591573,591574,591575,1,1
591573,591574,591575,1,1
591573,591574,591575,1,1
591573,591574,591575,1,1
591573,591574,591576,2,1
591573,591574,591575,1,1
591573,591574,591575,1,1
591573,591574,591576,2,1
591573,591574,591576,2,1
591573,591574,591576,2,1
591539,591542,591585,43,3
590765,590765,591584,819,0
591586,591586,591587,1,0
591586,591586,591587,1,0
591586,591586,591587,1,0
591586,591586,591587,1,0
591586,591586,591587,1,0
591586,591586,591587,1,0
591586,591586,591587,1,0
591586,591586,591587,1,0
591586,591586,591587,1,0
591586,591586,591587,1,0
591586,591586,591587,1,0
591586,591586,591587,1,0
591586,591586,591587,1,0
591586,591586,591587,1,0
591586,591586,591587,1,0
591586,591586,591587,1,0
591586,591586,591587,1,0
591586,591586,591587,1,0
591586,591586,591587,1,0
591586,591586,591587,1,0
591586,591586,591587,1,0
591586,591586,591587,1,0
591586,591586,591588,2,0
591586,591586,591587,1,0
591586,591586,591587,1,0
591586,591586,591587,1,0
591586,591586,591587,1,0
591586,591586,591587,1,0
591586,591586,591587,1,0
591586,591586,591587,1,0
591586,591586,591587,1,0
591586,591586,591587,1,0
591586,591586,591588,2,0
591586,591586,591588,2,0
591586,591586,591588,2,0
591586,591586,591587,1,0
591586,591586,591587,1,0
591586,591586,591587,1,0
591586,591586,591587,1,0
591586,591586,591588,2,0
591586,591586,591588,2,0
591586,591586,591588,2,0
591586,591586,591588,2,0
591586,591586,591589,3,0
591586,591586,591589,3,0
591586,591586,591589,3,0
591586,591586,591588,2,0
591586,591586,591588,2,0
591586,591586,591588,2,0
590795,590795,591605,810,0
591606,591607,591608,1,1
591606,591607,591608,1,1
591606,591607,591608,1,1
591606,591607,591608,1,1
591606,591607,591608,1,1
591606,591607,591608,1,1
591606,591607,591608,1,1
591606,591607,591608,1,1
591606,591607,591608,1,1
591606,591607,591608,1,1
591606,591607,591608,1,1
591606,591607,591608,1,1
591606,591607,591608,1,1
591606,591607,591608,1,1
591606,591607,591608,1,1
591606,591607,591608,1,1
591606,591607,591608,1,1
591606,591607,591608,1,1
591606,591607,591608,1,1
591606,591607,591608,1,1
591606,591607,591608,1,1
591606,591607,591608,1,1
591606,591607,591608,1,1
591606,591607,591608,1,1
591606,591607,591608,1,1
591606,591607,591608,1,1
591606,591607,591608,1,1
591606,591607,591608,1,1
591606,591607,591608,1,1
591606,591607,591608,1,1
591606,591607,591608,1,1
591606,591607,591608,1,1
591606,591607,591608,1,1
590822,590822,591611,789,0
591621,591621,591622,1,0
591621,591621,591622,1,0
591621,591621,591622,1,0
591621,591621,591622,1,0
591621,591621,591622,1,0
591621,591621,591622,1,0
591621,591621,591622,1,0
591621,591621,591622,1,0
591621,591621,591622,1,0
591621,591622,591623,1,1
591621,591621,591622,1,0
591621,591621,591622,1,0
590799,590799,591623,824,0
591621,591621,591622,1,0
591621,591621,591622,1,0
591621,591622,591623,1,1
591621,591621,591622,1,0
591621,591621,591622,1,0
591623,591623,591624,1,0
591623,591623,591624,1,0
591623,591623,591624,1,0
591623,591623,591624,1,0
591623,591623,591624,1,0
591623,591623,591624,1,0
591623,591623,591624,1,0
591623,591623,591624,1,0
591623,591623,591624,1,0
591623,591623,591624,1,0
591623,591623,591624,1,0
591623,591623,591624,1,0
591623,591623,591624,1,0
591623,591623,591624,1,0
591621,591622,591623,1,1
591623,591623,591624,1,0
591623,591623,591624,1,0
591623,591623,591624,1,0
591623,591623,591624,1,0
591623,591623,591624,1,0
591623,591623,591624,1,0
591623,591623,591624,1,0
591623,591623,591624,1,0
591623,591623,591624,1,0
591623,591623,591625,2,0
591623,591623,591625,2,0
591623,591623,591625,2,0
591623,591623,591624,1,0
591623,591623,591625,2,0
591623,591623,591624,1,0
591623,591623,591625,2,0
591623,591624,591625,1,1
591623,591624,591625,1,1
591623,591624,591625,1,1
591623,591624,591625,1,1
591623,591624,591625,1,1
591623,591623,591625,2,0
591623,591623,591624,1,0
591623,591623,591625,2,0
591623,591623,591625,2,0
591623,591623,591625,2,0
591623,591623,591625,2,0
591623,591623,591625,2,0
591623,591623,591625,2,0
591623,591623,591625,2,0
591623,591623,591625,2,0
591623,591623,591625,2,0
591623,591623,591624,1,0
591623,591623,591624,1,0
591623,591623,591625,2,0
590814,590814,591634,820,0
591635,591635,591636,1,0
591635,591635,591636,1,0
591635,591635,591636,1,0
591635,591635,591636,1,0
591635,591635,591636,1,0
591635,591635,591636,1,0
591635,591635,591636,1,0
591635,591635,591636,1,0
591635,591635,591636,1,0
591635,591635,591636,1,0
591635,591635,591636,1,0
591635,591635,591636,1,0
591635,591635,591636,1,0
591635,591635,591636,1,0
591635,591635,591636,1,0
591635,591635,591636,1,0
591635,591635,591636,1,0
591635,591635,591636,1,0
591635,591635,591636,1,0
591635,591635,591636,1,0
591635,591635,591636,1,0
591635,591635,591636,1,0
591635,591635,591636,1,0
591635,591635,591636,1,0
591635,591635,591636,1,0
591635,591635,591636,1,0
591635,591635,591636,1,0
591635,591635,591636,1,0
591635,591635,591636,1,0
591635,591635,591636,1,0
591635,591635,591636,1,0
591635,591635,591636,1,0
591635,591635,591636,1,0
591635,591635,591636,1,0
591635,591635,591636,1,0
591635,591635,591636,1,0
591635,591635,591637,2,0
591635,591635,591636,1,0
591635,591635,591636,1,0
591635,591635,591636,1,0
591635,591635,591636,1,0
591635,591635,591636,1,0
591635,591635,591636,1,0
591635,591635,591636,1,0
590731,590731,591642,911,0
591623,591642,591643,1,19
591643,591643,591644,1,0
591643,591643,591644,1,0
591643,591643,591644,1,0
591643,591643,591644,1,0
591643,591643,591644,1,0
591643,591643,591644,1,0
591643,591643,591644,1,0
591643,591643,591644,1,0
591643,591643,591644,1,0
591643,591643,591644,1,0
591643,591643,591644,1,0
591643,591643,591644,1,0
591643,591643,591644,1,0
591643,591643,591644,1,0
591643,591643,591644,1,0
591643,591643,591644,1,0
591643,591643,591644,1,0
591643,591643,591644,1,0
591643,591643,591644,1,0
591643,591643,591644,1,0
591643,591643,591644,1,0
591643,591643,591644,1,0
591643,591643,591644,1,0
591643,591643,591644,1,0
591643,591643,591644,1,0
591643,591643,591645,2,0
591643,591643,591644,1,0
591643,591643,591644,1,0
591643,591643,591645,2,0
591643,591643,591645,2,0
591643,591643,591644,1,0
591643,591643,591644,1,0
591643,591643,591644,1,0
591643,591643,591645,2,0
591643,591643,591644,1,0
591643,591643,591644,1,0
591643,591643,591644,1,0
591643,591643,591645,2,0
591643,591643,591645,2,0
591643,591643,591646,3,0
591643,591643,591645,2,0
591643,591643,591645,2,0
591643,591643,591646,3,0
591643,591643,591646,3,0
591643,591643,591646,3,0
591548,591587,591656,69,39
591655,591657,591664,7,2
591662,591666,591674,8,4
591643,591674,591675,1,31
591643,591674,591675,1,31
591643,591674,591675,1,31
591643,591674,591676,2,31
591643,591674,591677,3,31
591674,591676,591681,5,2
592011,592011,592012,1,0
592011,592011,592012,1,0
592011,592011,592012,1,0
592011,592011,592012,1,0
592011,592011,592012,1,0
592011,592011,592012,1,0
592011,592011,592013,2,0
592011,592011,592012,1,0
592011,592011,592012,1,0
592011,592012,592013,1,1
592011,592011,592013,2,0
592011,592011,592013,2,0
592011,592011,592013,2,0
592011,592011,592013,2,0
592011,592011,592013,2,0
592011,592011,592013,2,0
592011,592011,592013,2,0
592011,592012,592013,1,1
592011,592011,592013,2,0
592011,592011,592013,2,0
592011,592011,592013,2,0
592011,592012,592014,2,1
592011,592011,592013,2,0
592011,592011,592013,2,0
592011,592011,592015,4,0
592011,592011,592014,3,0
592011,592011,592014,3,0
592011,592011,592015,4,0
592011,592011,592015,4,0
592011,592011,592015,4,0
592011,592011,592015,4,0
592011,592011,592015,4,0
592011,592012,592015,3,1
592011,592011,592015,4,0
592024,592024,592025,1,0
592024,592024,592025,1,0
592024,592024,592025,1,0
592024,592024,592025,1,0
592024,592024,592025,1,0
592024,592024,592025,1,0
592024,592024,592025,1,0
592024,592024,592025,1,0
592024,592024,592025,1,0
592024,592024,592025,1,0
592024,592024,592025,1,0
592024,592024,592025,1,0
592024,592024,592025,1,0
592024,592024,592025,1,0
592024,592024,592025,1,0
592024,592024,592027,3,0
592024,592024,592026,2,0
592024,592024,592026,2,0
592024,592024,592027,3,0
592024,592024,592027,3,0
592024,592024,592027,3,0
592024,592024,592028,4,0
592024,592024,592027,3,0
592024,592024,592027,3,0
592024,592024,592028,4,0
592036,592036,592037,1,0
592036,592036,592037,1,0
592036,592036,592038,2,0
592036,592036,592037,1,0
592036,592036,592037,1,0
592036,592036,592037,1,0
592036,592036,592037,1,0
592036,592036,592037,1,0
592036,592036,592037,1,0
592036,592036,592037,1,0
592036,592036,592037,1,0
592036,592037,592038,1,1
592036,592036,592037,1,0
592036,592036,592038,2,0
592036,592036,592038,2,0
592036,592036,592038,2,0
592036,592036,592038,2,0
592036,592036,592038,2,0
592036,592036,592038,2,0
592036,592036,592038,2,0
592036,592037,592038,1,1
592036,592036,592038,2,0
592036,592036,592038,2,0
592036,592036,592038,2,0
592036,592036,592039,3,0
592036,592037,592039,2,1
592036,592036,592039,3,0
592036,592036,592039,3,0
592036,592036,592040,4,0
592036,592036,592040,4,0
592036,592036,592040,4,0
592036,592036,592040,4,0
592036,592036,592040,4,0
592036,592036,592041,5,0
591214,591214,592045,831,0
592048,592048,592049,1,0
592048,592048,592049,1,0
592048,592048,592049,1,0
592048,592048,592049,1,0
592048,592048,592049,1,0
592048,592048,592049,1,0
592048,592048,592049,1,0
592048,592048,592049,1,0
592048,592048,592049,1,0
592048,592048,592049,1,0
592048,592048,592049,1,0
592048,592048,592049,1,0
592048,592048,592049,1,0
592048,592048,592049,1,0
592048,592048,592049,1,0
592048,592048,592049,1,0
592048,592048,592049,1,0
592048,592048,592049,1,0
592048,592048,592049,1,0
592048,592048,592049,1,0
592048,592048,592049,1,0
592048,592048,592049,1,0
592048,592048,592049,1,0
592048,592048,592049,1,0
592048,592048,592049,1,0
592048,592048,592049,1,0
592048,592048,592049,1,0
592048,592048,592049,1,0
592048,592048,592049,1,0
592048,592048,592049,1,0
592048,592048,592049,1,0
592048,592048,592049,1,0
592048,592048,592049,1,0
592048,592048,592049,1,0
592048,592048,592049,1,0
592048,592048,592049,1,0
592048,592048,592049,1,0
592048,592048,592049,1,0
592048,592048,592049,1,0
592048,592048,592049,1,0
592048,592048,592049,1,0
592048,592048,592049,1,0
592048,592048,592049,1,0
592048,592048,592049,1,0
592048,592048,592049,1,0
592048,592048,592049,1,0
592048,592048,592049,1,0
592048,592048,592049,1,0
592048,592048,592049,1,0
592050,592050,592051,1,0
592050,592050,592051,1,0
592050,592050,592051,1,0
592050,592050,592051,1,0
592050,592050,592051,1,0
592050,592050,592051,1,0
592050,592050,592051,1,0
592050,592050,592051,1,0
592050,592050,592051,1,0
592050,592050,592051,1,0
592050,592050,592051,1,0
592050,592050,592051,1,0
592050,592050,592051,1,0
592050,592050,592051,1,0
592050,592050,592051,1,0
592050,592050,592051,1,0
592050,592050,592051,1,0
592050,592050,592051,1,0
592050,592050,592051,1,0
592050,592050,592051,1,0
592050,592050,592051,1,0
592050,592050,592051,1,0
592050,592050,592051,1,0
592050,592050,592051,1,0
592050,592050,592051,1,0
592050,592050,592051,1,0
592050,592050,592051,1,0
592050,592050,592051,1,0
592050,592050,592051,1,0
592050,592050,592051,1,0
592050,592050,592051,1,0
592050,592050,592051,1,0
592050,592050,592051,1,0
592050,592050,592051,1,0
592050,592050,592051,1,0
592050,592050,592051,1,0
592050,592050,592052,2,0
592050,592050,592052,2,0
592050,592050,592052,2,0
592050,592050,592052,2,0
592050,592050,592052,2,0
592050,592050,592052,2,0
592050,592050,592052,2,0
592050,592050,592053,3,0
592050,592050,592053,3,0
592050,592050,592053,3,0
592050,592050,592053,3,0
592050,592050,592053,3,0
592050,592050,592053,3,0
592050,592050,592054,4,0
592061,592061,592062,1,0
592061,592061,592062,1,0
592061,592061,592062,1,0
592061,592061,592062,1,0
592061,592061,592062,1,0
592061,592061,592062,1,0
592061,592061,592062,1,0
592061,592061,592062,1,0
592061,592061,592062,1,0
592061,592062,592063,1,1
592061,592062,592063,1,1
592061,592061,592064,3,0
592061,592062,592063,1,1
592061,592062,592063,1,1
592061,592062,592063,1,1
592061,592062,592063,1,1
592061,592061,592063,2,0
592061,592062,592064,2,1
592061,592062,592063,1,1
592061,592062,592063,1,1
592061,592062,592063,1,1
592061,592062,592064,2,1
591269,591269,592065,796,0
592066,592066,592067,1,0
592066,592066,592067,1,0
592066,592066,592067,1,0
592066,592066,592067,1,0
592066,592066,592067,1,0
592066,592066,592067,1,0
592066,592066,592067,1,0
592066,592066,592067,1,0
592066,592066,592067,1,0
592066,592066,592067,1,0
592066,592066,592067,1,0
592066,592066,592067,1,0
592066,592066,592067,1,0
592066,592066,592067,1,0
592066,592066,592067,1,0
592066,592066,592067,1,0
592066,592066,592068,2,0
592066,592066,592068,2,0
592066,592066,592068,2,0
592066,592066,592067,1,0
592066,592066,592067,1,0
592066,592066,592068,2,0
592066,592066,592068,2,0
592066,592066,592068,2,0
592066,592066,592068,2,0
592066,592066,592067,1,0
592066,592066,592067,1,0
592066,592067,592068,1,1
592066,592066,592068,2,0
592066,592066,592068,2,0
592066,592066,592067,1,0
592066,592066,592068,2,0
592066,592066,592068,2,0
592066,592066,592067,1,0
592066,592066,592068,2,0
592066,592066,592067,1,0
592066,592066,592068,2,0
592066,592066,592068,2,0
592066,592066,592068,2,0
592066,592066,592069,3,0
592066,592066,592069,3,0
592066,592066,592069,3,0
592066,592066,592069,3,0
592066,592066,592069,3,0
592066,592066,592069,3,0
592066,592066,592069,3,0
592066,592066,592069,3,0
592066,592066,592069,3,0
592066,592066,592069,3,0
592066,592066,592069,3,0
592071,592071,592072,1,0
592071,592071,592072,1,0
592071,592071,592072,1,0
592071,592071,592072,1,0
592071,592071,592072,1,0
592071,592071,592072,1,0
592071,592071,592072,1,0
592071,592071,592072,1,0
592071,592071,592072,1,0
592071,592071,592072,1,0
592071,592071,592072,1,0
592071,592071,592072,1,0
592071,592071,592072,1,0
592071,592071,592072,1,0
592071,592071,592072,1,0
592071,592071,592072,1,0
592071,592071,592072,1,0
592071,592071,592072,1,0
592071,592071,592072,1,0
592071,592071,592072,1,0
592071,592071,592072,1,0
592071,592071,592072,1,0
592071,592071,592072,1,0
592071,592071,592072,1,0
592071,592071,592072,1,0
592071,592071,592072,1,0
592071,592071,592072,1,0
592071,592071,592072,1,0
592071,592071,592072,1,0
592071,592071,592072,1,0
592071,592071,592072,1,0
592071,592071,592072,1,0
592071,592071,592072,1,0
592071,592071,592072,1,0
592071,592071,592072,1,0
592071,592071,592072,1,0
592071,592071,592072,1,0
592071,592071,592072,1,0
592071,592071,592073,2,0
592071,592071,592072,1,0
592071,592071,592073,2,0
592071,592071,592072,1,0
592071,592071,592072,1,0
592071,592071,592073,2,0
592071,592071,592072,1,0
592071,592071,592072,1,0
592071,592071,592072,1,0
592071,592071,592072,1,0
592071,592071,592072,1,0
592071,592071,592072,1,0
592081,592081,592082,1,0
592081,592081,592082,1,0
592081,592081,592082,1,0
592081,592081,592082,1,0
592081,592081,592082,1,0
592081,592081,592082,1,0
592081,592081,592082,1,0
592081,592081,592082,1,0
592081,592081,592082,1,0
592081,592081,592082,1,0
592081,592081,592082,1,0
592081,592081,592082,1,0
592081,592081,592082,1,0
592081,592081,592082,1,0
592081,592081,592082,1,0
592081,592081,592082,1,0
592081,592081,592082,1,0
592081,592081,592082,1,0
592081,592081,592082,1,0
592081,592081,592083,2,0
592081,592081,592082,1,0
592081,592081,592083,2,0
592081,592081,592082,1,0
592081,592081,592083,2,0
592081,592081,592083,2,0
591227,591227,592083,856,0
591252,591252,592085,833,0
592087,592087,592088,1,0
592087,592087,592088,1,0
592087,592087,592088,1,0
592087,592087,592088,1,0
592087,592087,592088,1,0
592087,592087,592088,1,0
592087,592087,592088,1,0
592087,592087,592088,1,0
592087,592087,592088,1,0
592087,592087,592088,1,0
592087,592087,592088,1,0
592087,592087,592088,1,0
592087,592087,592088,1,0
592087,592087,592088,1,0
592087,592087,592088,1,0
592087,592087,592088,1,0
592087,592087,592088,1,0
592087,592087,592088,1,0
592087,592087,592088,1,0
592087,592087,592088,1,0
592087,592087,592088,1,0
592087,592087,592088,1,0
592087,592087,592088,1,0
592087,592087,592088,1,0
592087,592087,592088,1,0
592087,592087,592088,1,0
592087,592087,592088,1,0
592087,592087,592088,1,0
592087,592087,592088,1,0
592087,592087,592088,1,0
592087,592087,592088,1,0
592087,592087,592088,1,0
592087,592087,592088,1,0
592087,592087,592088,1,0
592087,592087,592088,1,0
592087,592087,592088,1,0
592087,592087,592088,1,0
592087,592087,592088,1,0
592087,592087,592088,1,0
592087,592087,592088,1,0
592087,592087,592088,1,0
592087,592087,592088,1,0
592087,592087,592088,1,0
592087,592087,592088,1,0
592087,592087,592088,1,0
592087,592087,592088,1,0
592087,592087,592088,1,0
592087,592087,592088,1,0
592087,592087,592088,1,0
592089,592089,592090,1,0
592089,592089,592090,1,0
592089,592089,592090,1,0
592089,592089,592090,1,0
592089,592089,592090,1,0
592089,592089,592090,1,0
592089,592089,592090,1,0
592089,592089,592090,1,0
592089,592089,592090,1,0
592089,592089,592090,1,0
592089,592089,592090,1,0
592089,592089,592090,1,0
592089,592089,592090,1,0
592089,592089,592090,1,0
592089,592089,592090,1,0
592089,592089,592090,1,0
592089,592089,592090,1,0
592089,592089,592090,1,0
592089,592089,592090,1,0
592089,592089,592090,1,0
592089,592089,592090,1,0
592089,592089,592090,1,0
592089,592089,592090,1,0
592089,592089,592090,1,0
592089,592089,592090,1,0
592089,592089,592090,1,0
592089,592089,592090,1,0
592089,592089,592090,1,0
592089,592089,592090,1,0
592089,592089,592091,2,0
592089,592089,592091,2,0
592089,592089,592091,2,0
592089,592089,592091,2,0
592089,592089,592091,2,0
592089,592089,592090,1,0
592089,592089,592090,1,0
592089,592089,592091,2,0
592089,592089,592090,1,0
592089,592089,592091,2,0
592089,592089,592090,1,0
592089,592089,592090,1,0
592089,592089,592090,1,0
592089,592089,592090,1,0
592089,592089,592090,1,0
592089,592089,592090,1,0
592089,592089,592090,1,0
592089,592089,592090,1,0
592089,592089,592090,1,0
592089,592089,592092,3,0
592089,592089,592092,3,0
592089,592089,592091,2,0
592089,592089,592091,2,0
592089,592089,592092,3,0
592089,592089,592092,3,0
592089,592089,592092,3,0
592089,592089,592092,3,0
592089,592089,592092,3,0
592096,592096,592097,1,0
592096,592096,592097,1,0
592096,592096,592097,1,0
592096,592096,592097,1,0
592096,592096,592097,1,0
592096,592096,592097,1,0
592096,592096,592097,1,0
592096,592096,592097,1,0
592096,592096,592097,1,0
592096,592096,592097,1,0
592096,592096,592097,1,0
592096,592096,592097,1,0
592096,592096,592097,1,0
592096,592096,592097,1,0
592096,592096,592097,1,0
592096,592096,592097,1,0
592096,592096,592097,1,0
592096,592096,592097,1,0
592096,592096,592097,1,0
592096,592096,592097,1,0
592096,592096,592097,1,0
592096,592096,592097,1,0
592096,592096,592097,1,0
592096,592096,592097,1,0
592096,592096,592097,1,0
592096,592096,592097,1,0
592096,592096,592097,1,0
592096,592096,592097,1,0
592096,592096,592097,1,0
592096,592096,592097,1,0
592096,592096,592097,1,0
591300,591300,592101,801,0
592103,592103,592104,1,0
592103,592103,592104,1,0
592103,592103,592104,1,0
592103,592103,592104,1,0
592103,592103,592104,1,0
592103,592103,592104,1,0
592103,592103,592104,1,0
592103,592103,592104,1,0
592103,592103,592104,1,0
592103,592103,592104,1,0
592103,592103,592104,1,0
592103,592103,592104,1,0
592103,592103,592104,1,0
592103,592103,592104,1,0
592103,592103,592104,1,0
592103,592103,592104,1,0
592103,592103,592104,1,0
592103,592103,592104,1,0
592103,592103,592104,1,0
592103,592103,592104,1,0
592103,592103,592104,1,0
592103,592103,592104,1,0
592103,592103,592104,1,0
592103,592103,592104,1,0
592103,592103,592104,1,0
592103,592103,592104,1,0
592103,592103,592104,1,0
592103,592103,592104,1,0
592103,592103,592104,1,0
592103,592103,592104,1,0
592103,592103,592104,1,0
592103,592103,592104,1,0
592103,592103,592104,1,0
592103,592103,592104,1,0
592103,592103,592104,1,0
592103,592103,592104,1,0
592104,592105,592106,1,1
592104,592105,592106,1,1
592104,592105,592106,1,1
592104,592105,592106,1,1
592104,592105,592106,1,1
592104,592105,592106,1,1
592104,592105,592106,1,1
592104,592105,592106,1,1
592104,592105,592106,1,1
592104,592105,592106,1,1
592104,592105,592106,1,1
592104,592105,592106,1,1
592104,592105,592106,1,1
592104,592105,592106,1,1
592104,592105,592107,2,1
592104,592105,592106,1,1
592104,592105,592106,1,1
592104,592105,592106,1,1
592104,592105,592106,1,1
592104,592105,592106,1,1
592104,592105,592106,1,1
592104,592105,592106,1,1
592104,592105,592106,1,1
592104,592105,592106,1,1
592104,592105,592106,1,1
592104,592105,592106,1,1
592104,592105,592106,1,1
592104,592105,592106,1,1
592104,592105,592106,1,1
592104,592105,592106,1,1
592104,592105,592106,1,1
592104,592105,592106,1,1
592104,592105,592106,1,1
592104,592105,592106,1,1
592104,592105,592106,1,1
592104,592105,592106,1,1
592104,592105,592107,2,1
592104,592105,592107,2,1
592104,592105,592107,2,1
592104,592105,592108,3,1
592104,592105,592107,2,1
592104,592105,592108,3,1
592104,592105,592107,2,1
592104,592105,592107,2,1
592104,592105,592106,1,1
592104,592105,592106,1,1
592104,592105,592108,3,1
592109,592109,592110,1,0
592109,592109,592110,1,0
592109,592109,592110,1,0
592109,592109,592110,1,0
592109,592109,592110,1,0
592109,592109,592110,1,0
592109,592109,592110,1,0
592109,592109,592110,1,0
592109,592109,592110,1,0
592109,592109,592110,1,0
592109,592109,592110,1,0
592109,592109,592110,1,0
592109,592109,592110,1,0
592109,592109,592110,1,0
592109,592109,592110,1,0
592109,592109,592110,1,0
592109,592109,592110,1,0
592109,592109,592110,1,0
592109,592109,592110,1,0
592109,592109,592110,1,0
592109,592109,592110,1,0
592109,592109,592110,1,0
592109,592109,592110,1,0
592109,592109,592110,1,0
592109,592109,592110,1,0
592109,592109,592110,1,0
592109,592109,592110,1,0
592109,592109,592110,1,0
592109,592109,592110,1,0
592109,592109,592110,1,0
592109,592109,592110,1,0
592109,592109,592110,1,0
592109,592109,592110,1,0
592109,592109,592110,1,0
592109,592109,592110,1,0
592109,592109,592110,1,0
592109,592109,592110,1,0
592109,592109,592110,1,0
591302,591302,592113,811,0
592089,592113,592114,1,24
592089,592113,592114,1,24
592089,592113,592114,1,24
592089,592113,592114,1,24
592089,592113,592114,1,24
592104,592113,592114,1,9
592104,592105,592120,15,1
592124,592124,592125,1,0
592124,592124,592125,1,0
592124,592124,592125,1,0
592124,592124,592125,1,0
592124,592124,592125,1,0
592124,592124,592125,1,0
592124,592124,592125,1,0
592124,592124,592125,1,0
592124,592124,592125,1,0
592124,592124,592125,1,0
592124,592124,592125,1,0
592124,592124,592125,1,0
592124,592124,592125,1,0
592124,592124,592125,1,0
592124,592124,592125,1,0
592124,592124,592125,1,0
592124,592124,592125,1,0
592124,592124,592125,1,0
592124,592124,592125,1,0
592124,592124,592125,1,0
592124,592124,592125,1,0
592124,592124,592125,1,0
592124,592124,592125,1,0
592124,592124,592125,1,0
592124,592124,592125,1,0
592124,592124,592125,1,0
592124,592124,592125,1,0
592124,592124,592125,1,0
592124,592125,592126,1,1
592124,592125,592126,1,1
592124,592124,592126,2,0
592124,592124,592126,2,0
592124,592124,592126,2,0
592124,592124,592126,2,0
592124,592124,592126,2,0
592124,592125,592126,1,1
592124,592125,592127,2,1
592124,592124,592127,3,0
592124,592124,592127,3,0
592124,592125,592127,2,1
592124,592125,592134,9,1
592124,592125,592135,10,1
592124,592125,592128,3,1
592124,592125,592129,4,1
592124,592125,592129,4,1
592124,592125,592129,4,1
591380,591380,592175,795,0
592177,592177,592178,1,0
592177,592177,592178,1,0
592177,592177,592178,1,0
592177,592177,592178,1,0
592177,592177,592178,1,0
592177,592177,592178,1,0
592177,592177,592178,1,0
592177,592177,592178,1,0
592177,592177,592178,1,0
592177,592177,592178,1,0
592177,592177,592178,1,0
592177,592177,592178,1,0
592177,592177,592178,1,0
592177,592177,592178,1,0
592177,592177,592178,1,0
592177,592177,592178,1,0
592177,592177,592178,1,0
592177,592177,592178,1,0
592177,592177,592178,1,0
592177,592177,592178,1,0
592177,592177,592178,1,0
592177,592177,592178,1,0
592177,592177,592178,1,0
592177,592177,592178,1,0
592177,592177,592178,1,0
592177,592177,592178,1,0
592177,592177,592178,1,0
592177,592177,592178,1,0
592177,592177,592178,1,0
592177,592177,592178,1,0
592177,592177,592178,1,0
592177,592177,592178,1,0
592177,592177,592178,1,0
592177,592177,592178,1,0
592177,592177,592178,1,0
592177,592177,592178,1,0
592177,592177,592178,1,0
592177,592177,592178,1,0
592177,592177,592178,1,0
592177,592177,592179,2,0
592177,592177,592178,1,0
592177,592177,592178,1,0
592177,592177,592178,1,0
592177,592177,592178,1,0
592177,592194,592195,1,17
592177,592194,592195,1,17
592177,592194,592195,1,17
592177,592194,592195,1,17
592177,592194,592195,1,17
592177,592194,592195,1,17
591311,591311,592202,891,0
592203,592203,592204,1,0
592203,592203,592204,1,0
592203,592203,592204,1,0
592203,592203,592204,1,0
592203,592203,592204,1,0
592203,592203,592204,1,0
592203,592203,592204,1,0
592203,592203,592204,1,0
592203,592203,592204,1,0
592203,592203,592204,1,0
592203,592203,592204,1,0
592203,592203,592204,1,0
592203,592203,592204,1,0
592203,592203,592204,1,0
592203,592203,592205,2,0
592203,592203,592204,1,0
592203,592203,592204,1,0
592203,592203,592205,2,0
592203,592203,592204,1,0
592203,592203,592204,1,0
592203,592203,592204,1,0
592203,592203,592204,1,0
592203,592203,592204,1,0
592203,592203,592204,1,0
592203,592203,592204,1,0
592203,592203,592205,2,0
592203,592203,592204,1,0
592203,592203,592204,1,0
592203,592203,592204,1,0
592203,592203,592204,1,0
592203,592203,592204,1,0
592203,592203,592204,1,0
592203,592203,592204,1,0
592203,592203,592205,2,0
592203,592203,592204,1,0
592203,592203,592205,2,0
592203,592203,592204,1,0
592203,592203,592204,1,0
592203,592203,592204,1,0
592203,592203,592204,1,0
592203,592203,592205,2,0
592203,592204,592205,1,1
592203,592203,592205,2,0
592203,592203,592204,1,0
592203,592203,592204,1,0
592203,592203,592204,1,0
592203,592203,592205,2,0
592203,592203,592205,2,0
592203,592203,592205,2,0
592203,592203,592205,2,0
591441,591441,592215,774,0
592218,592218,592219,1,0
592218,592218,592219,1,0
592218,592218,592219,1,0
592218,592218,592219,1,0
592218,592218,592219,1,0
592218,592218,592219,1,0
592218,592218,592219,1,0
592218,592218,592219,1,0
592218,592218,592219,1,0
592218,592218,592219,1,0
592218,592218,592219,1,0
592218,592218,592219,1,0
592218,592218,592219,1,0
592218,592218,592219,1,0
592218,592218,592219,1,0
592218,592218,592219,1,0
592218,592218,592219,1,0
592218,592218,592219,1,0
592218,592218,592219,1,0
592218,592218,592219,1,0
592218,592218,592219,1,0
592218,592218,592219,1,0
592218,592218,592219,1,0
592218,592218,592219,1,0
592218,592218,592219,1,0
592218,592218,592219,1,0
592218,592218,592219,1,0
592218,592218,592219,1,0
592218,592218,592219,1,0
592218,592218,592219,1,0
592218,592218,592220,2,0
592218,592218,592219,1,0
592218,592218,592220,2,0
592218,592218,592220,2,0
592218,592218,592220,2,0
592218,592218,592220,2,0
592218,592218,592220,2,0
592218,592219,592220,1,1
592218,592218,592220,2,0
592218,592218,592220,2,0
592218,592218,592219,1,0
592218,592218,592219,1,0
592218,592218,592219,1,0
592218,592218,592219,1,0
592218,592218,592219,1,0
591415,591415,592225,810,0
592229,592229,592230,1,0
592229,592229,592230,1,0
592229,592229,592230,1,0
592229,592229,592230,1,0
592229,592229,592230,1,0
592229,592229,592230,1,0
592229,592229,592230,1,0
592229,592229,592230,1,0
592229,592229,592230,1,0
592229,592229,592230,1,0
592229,592229,592230,1,0
592229,592229,592230,1,0
592229,592229,592230,1,0
592229,592229,592230,1,0
592229,592229,592230,1,0
592229,592229,592230,1,0
592229,592229,592230,1,0
592229,592229,592230,1,0
592229,592229,592230,1,0
592229,592229,592230,1,0
592229,592229,592230,1,0
592229,592229,592230,1,0
592229,592229,592230,1,0
592229,592229,592230,1,0
592229,592229,592230,1,0
592229,592229,592230,1,0
592229,592229,592230,1,0
592229,592229,592230,1,0
592229,592229,592230,1,0
592229,592229,592230,1,0
592229,592229,592230,1,0
592229,592229,592230,1,0
592229,592229,592230,1,0
592229,592229,592230,1,0
592229,592229,592230,1,0
592229,592229,592230,1,0
592229,592229,592230,1,0
592229,592229,592230,1,0
592229,592229,592230,1,0
592229,592229,592230,1,0
592229,592229,592230,1,0
592229,592229,592230,1,0
592229,592229,592230,1,0
592229,592229,592230,1,0
592229,592229,592230,1,0
592229,592229,592230,1,0
592229,592229,592231,2,0
592229,592229,592231,2,0
592229,592229,592231,2,0
592229,592229,592231,2,0
591476,591476,592269,793,0
592270,592270,592271,1,0
592270,592270,592271,1,0
592270,592270,592271,1,0
592270,592270,592271,1,0
592270,592270,592271,1,0
592270,592270,592271,1,0
592270,592270,592271,1,0
592270,592270,592271,1,0
592270,592270,592271,1,0
592270,592270,592271,1,0
592270,592270,592271,1,0
592270,592270,592271,1,0
592270,592270,592271,1,0
592270,592270,592271,1,0
592270,592270,592271,1,0
592270,592270,592271,1,0
592270,592270,592271,1,0
592270,592270,592271,1,0
592270,592270,592271,1,0
592270,592270,592271,1,0
592270,592270,592271,1,0
592270,592270,592271,1,0
592270,592270,592271,1,0
592270,592270,592271,1,0
592270,592270,592271,1,0
592270,592270,592271,1,0
592270,592270,592271,1,0
592270,592270,592271,1,0
592270,592270,592271,1,0
592270,592270,592271,1,0
592270,592270,592271,1,0
592270,592270,592271,1,0
592270,592270,592271,1,0
592270,592270,592271,1,0
592270,592271,592272,1,1
592270,592271,592272,1,1
592270,592271,592272,1,1
592270,592270,592272,2,0
592270,592270,592272,2,0
592270,592270,592272,2,0
592270,592270,592272,2,0
592270,592270,592272,2,0
592270,592270,592273,3,0
592270,592271,592273,2,1
592270,592271,592273,2,1
591466,591466,592301,835,0
592304,592304,592305,1,0
592304,592304,592305,1,0
592304,592304,592305,1,0
592304,592304,592305,1,0
592304,592304,592305,1,0
592304,592304,592305,1,0
592304,592304,592305,1,0
592304,592304,592305,1,0
592304,592304,592305,1,0
592304,592304,592305,1,0
592304,592304,592305,1,0
592304,592304,592305,1,0
592304,592304,592305,1,0
592304,592304,592305,1,0
592304,592304,592305,1,0
592304,592304,592305,1,0
592304,592304,592305,1,0
592304,592304,592305,1,0
592304,592304,592305,1,0
592304,592304,592305,1,0
592304,592304,592305,1,0
592304,592304,592305,1,0
592304,592304,592305,1,0
592304,592304,592305,1,0
592304,592304,592305,1,0
592304,592304,592305,1,0
592304,592304,592305,1,0
592304,592304,592305,1,0
592304,592304,592305,1,0
592304,592304,592305,1,0
592304,592304,592305,1,0
592304,592304,592305,1,0
592304,592304,592305,1,0
592304,592304,592305,1,0
592304,592304,592305,1,0
592304,592304,592305,1,0
592304,592304,592305,1,0
592304,592304,592305,1,0
592304,592304,592305,1,0
592304,592304,592305,1,0
592304,592304,592305,1,0
592304,592304,592305,1,0
592304,592304,592306,2,0
592304,592304,592306,2,0
592304,592304,592306,2,0
592304,592304,592306,2,0
592304,592305,592306,1,1
592304,592305,592306,1,1
592304,592305,592306,1,1
591560,591560,592368,808,0
592370,592370,592371,1,0
592370,592370,592371,1,0
592370,592370,592371,1,0
592370,592370,592371,1,0
592370,592370,592371,1,0
592370,592370,592371,1,0
592370,592370,592371,1,0
592370,592370,592371,1,0
592370,592370,592371,1,0
592370,592370,592371,1,0
592370,592370,592371,1,0
592370,592370,592371,1,0
592370,592370,592371,1,0
592370,592370,592371,1,0
592370,592370,592371,1,0
592370,592370,592371,1,0
592370,592370,592371,1,0
592370,592370,592371,1,0
592370,592370,592371,1,0
592370,592370,592371,1,0
592370,592370,592371,1,0
592370,592370,592371,1,0
592370,592370,592371,1,0
592370,592370,592371,1,0
592370,592370,592371,1,0
592370,592370,592371,1,0
592370,592370,592371,1,0
592370,592370,592371,1,0
592370,592370,592371,1,0
592370,592370,592371,1,0
592370,592370,592371,1,0
592370,592370,592371,1,0
592370,592370,592371,1,0
592370,592370,592371,1,0
592370,592370,592371,1,0
592370,592370,592371,1,0
592370,592370,592371,1,0
592370,592370,592371,1,0
592370,592370,592371,1,0
592370,592370,592371,1,0
592370,592370,592371,1,0
592370,592370,592371,1,0
592370,592370,592371,1,0
592370,592370,592371,1,0
592370,592374,592375,1,4
592370,592374,592375,1,4
592370,592374,592375,1,4
592370,592374,592375,1,4
592370,592374,592375,1,4
592370,592374,592375,1,4
591587,591587,592380,793,0
592381,592382,592383,1,1
592381,592382,592383,1,1
592381,592382,592383,1,1
592381,592382,592383,1,1
592381,592382,592383,1,1
592381,592382,592383,1,1
592381,592382,592383,1,1
592381,592382,592383,1,1
592381,592382,592383,1,1
592381,592382,592383,1,1
592381,592382,592383,1,1
592381,592382,592383,1,1
592381,592382,592383,1,1
592381,592382,592383,1,1
592381,592382,592383,1,1
592381,592382,592383,1,1
592381,592382,592383,1,1
592381,592382,592383,1,1
592381,592382,592383,1,1
592381,592382,592384,2,1
592381,592382,592383,1,1
592381,592382,592383,1,1
592381,592382,592383,1,1
592381,592382,592383,1,1
592381,592382,592383,1,1
592381,592382,592383,1,1
592381,592382,592383,1,1
592381,592382,592383,1,1
592381,592382,592383,1,1
592381,592382,592383,1,1
592381,592382,592383,1,1
592381,592382,592384,2,1
592381,592382,592384,2,1
592381,592382,592384,2,1
592381,592382,592384,2,1
592381,592382,592384,2,1
592381,592382,592384,2,1
592381,592382,592384,2,1
592381,592382,592384,2,1
592381,592382,592385,3,1
592381,592382,592385,3,1
591575,591575,592393,818,0
592397,592397,592398,1,0
592397,592397,592398,1,0
592397,592397,592398,1,0
592397,592397,592398,1,0
592397,592397,592398,1,0
592397,592397,592398,1,0
592397,592397,592398,1,0
592397,592397,592398,1,0
592397,592397,592398,1,0
592397,592397,592398,1,0
592397,592397,592398,1,0
592397,592397,592398,1,0
592397,592397,592398,1,0
592397,592397,592399,2,0
592397,592397,592399,2,0
592397,592397,592398,1,0
592397,592397,592398,1,0
592397,592397,592399,2,0
592397,592397,592399,2,0
592397,592397,592398,1,0
592397,592397,592398,1,0
592397,592397,592398,1,0
592397,592397,592398,1,0
592397,592397,592398,1,0
592397,592397,592398,1,0
592397,592397,592399,2,0
592397,592397,592398,1,0
592397,592397,592398,1,0
592397,592397,592398,1,0
592397,592397,592398,1,0
592397,592397,592398,1,0
592397,592397,592398,1,0
592397,592397,592398,1,0
592397,592397,592398,1,0
592397,592397,592399,2,0
592397,592397,592398,1,0
592397,592397,592398,1,0
592397,592397,592399,2,0
592397,592397,592399,2,0
592397,592397,592398,1,0
592397,592397,592399,2,0
592397,592397,592398,1,0
592397,592397,592399,2,0
592397,592397,592400,3,0
592397,592397,592400,3,0
592397,592397,592400,3,0
592397,592397,592399,2,0
592397,592397,592400,3,0
592397,592397,592400,3,0
592397,592397,592400,3,0
591608,591608,592406,798,0
592412,592412,592413,1,0
592412,592412,592413,1,0
592412,592412,592413,1,0
592412,592412,592413,1,0
592412,592412,592413,1,0
592412,592412,592413,1,0
592412,592412,592413,1,0
592412,592412,592413,1,0
592412,592412,592413,1,0
592412,592412,592413,1,0
592412,592412,592413,1,0
592412,592412,592413,1,0
592412,592412,592413,1,0
592412,592412,592413,1,0
592412,592412,592413,1,0
592412,592412,592413,1,0
592412,592412,592413,1,0
592412,592412,592413,1,0
592412,592412,592413,1,0
592412,592412,592413,1,0
592412,592412,592413,1,0
592412,592412,592413,1,0
592412,592412,592413,1,0
592412,592412,592413,1,0
592412,592412,592413,1,0
592412,592412,592413,1,0
592412,592412,592413,1,0
592412,592412,592413,1,0
592412,592412,592414,2,0
592412,592412,592414,2,0
592412,592412,592414,2,0
592412,592412,592413,1,0
592412,592412,592413,1,0
592412,592412,592414,2,0
592412,592412,592413,1,0
592412,592412,592414,2,0
592412,592412,592413,1,0
592412,592412,592413,1,0
592412,592412,592415,3,0
592412,592412,592415,3,0
592412,592412,592415,3,0
592412,592412,592414,2,0
592412,592412,592415,3,0
592412,592412,592415,3,0
592412,592412,592415,3,0
591636,591636,592417,781,0
592418,592418,592419,1,0
592418,592418,592419,1,0
592418,592418,592419,1,0
592418,592418,592419,1,0
592418,592418,592419,1,0
592418,592418,592419,1,0
592418,592418,592419,1,0
592418,592418,592419,1,0
592418,592418,592419,1,0
592418,592418,592419,1,0
592418,592418,592419,1,0
592418,592418,592419,1,0
592418,592418,592419,1,0
592418,592418,592419,1,0
592418,592418,592419,1,0
592418,592418,592419,1,0
592418,592418,592420,2,0
592418,592418,592419,1,0
592418,592418,592419,1,0
592418,592418,592420,2,0
592418,592418,592420,2,0
592418,592418,592420,2,0
592418,592418,592419,1,0
592418,592418,592420,2,0
592418,592418,592419,1,0
592418,592418,592420,2,0
592418,592418,592420,2,0
592418,592418,592420,2,0
592418,592418,592419,1,0
592418,592418,592420,2,0
592418,592418,592420,2,0
592418,592418,592419,1,0
592418,592418,592420,2,0
592418,592418,592419,1,0
592418,592418,592419,1,0
592418,592418,592420,2,0
592418,592418,592420,2,0
592418,592418,592419,1,0
592418,592418,592420,2,0
592418,592419,592420,1,1
592412,592432,592433,1,20
592412,592432,592433,1,20
591624,591624,592437,813,0
592444,592445,592446,1,1
592444,592445,592446,1,1
592444,592445,592446,1,1
592444,592445,592446,1,1
592444,592445,592446,1,1
592444,592445,592446,1,1
592444,592445,592446,1,1
592444,592445,592446,1,1
592444,592445,592446,1,1
592444,592445,592446,1,1
592444,592445,592446,1,1
592444,592445,592446,1,1
592444,592445,592446,1,1
592444,592445,592446,1,1
592444,592445,592446,1,1
592444,592445,592446,1,1
592418,592418,592419,1,0
592418,592418,592420,2,0
592418,592418,592419,1,0
592418,592418,592419,1,0
592444,592445,592446,1,1
592444,592445,592446,1,1
592444,592445,592446,1,1
592444,592445,592446,1,1
592444,592445,592447,2,1
592444,592445,592447,2,1
592444,592445,592446,1,1
592444,592445,592446,1,1
592444,592445,592446,1,1
592444,592445,592446,1,1
592444,592445,592446,1,1
592444,592446,592447,1,2
592444,592446,592447,1,2
592444,592445,592447,2,1
592455,592455,592456,1,0
592455,592455,592456,1,0
592455,592455,592456,1,0
592455,592455,592456,1,0
592455,592455,592456,1,0
592455,592455,592457,2,0
592455,592455,592456,1,0
592455,592455,592457,2,0
592455,592455,592456,1,0
592455,592455,592457,2,0
592455,592455,592457,2,0
592455,592455,592456,1,0
592455,592455,592456,1,0
592455,592455,592456,1,0
592455,592455,592456,1,0
592455,592455,592457,2,0
592455,592455,592456,1,0
592455,592455,592457,2,0
592455,592455,592457,2,0
592455,592455,592456,1,0
592455,592455,592456,1,0
592455,592455,592456,1,0
592455,592455,592456,1,0
592455,592455,592456,1,0
592455,592455,592457,2,0
592455,592455,592457,2,0
592455,592455,592457,2,0
592455,592455,592457,2,0
592455,592455,592457,2,0
592455,592455,592457,2,0
592455,592455,592458,3,0
592455,592455,592457,2,0
592455,592455,592458,3,0
592455,592455,592457,2,0
592455,592455,592458,3,0
592455,592455,592458,3,0
592455,592455,592457,2,0
592455,592455,592458,3,0
592455,592455,592458,3,0
592455,592455,592457,2,0
592455,592455,592459,4,0
592455,592455,592459,4,0
592455,592455,592459,4,0
592455,592455,592459,4,0
592455,592455,592459,4,0
592455,592455,592459,4,0
592455,592455,592460,5,0
592455,592455,592460,5,0
591622,591642,592465,823,20
592466,592466,592468,2,0
592466,592467,592468,1,1
592466,592467,592468,1,1
592466,592467,592468,1,1
592466,592467,592468,1,1
592466,592466,592468,2,0
592466,592467,592468,1,1
592466,592467,592468,1,1
592466,592467,592468,1,1
592466,592467,592468,1,1
592466,592467,592468,1,1
592466,592467,592468,1,1
592466,592467,592468,1,1
592466,592467,592469,2,1
592466,592467,592468,1,1
592466,592467,592468,1,1
592466,592467,592468,1,1
592466,592467,592468,1,1
592466,592466,592468,2,0
592466,592467,592468,1,1
592466,592467,592468,1,1
592466,592467,592468,1,1
592466,592467,592468,1,1
592466,592466,592469,3,0
592466,592466,592468,2,0
592466,592467,592468,1,1
592466,592467,592469,2,1
592466,592467,592468,1,1
592466,592467,592468,1,1
592466,592467,592468,1,1
592466,592467,592468,1,1
592466,592467,592468,1,1
592466,592466,592468,2,0
592466,592467,592468,1,1
592466,592467,592468,1,1
592466,592467,592468,1,1
592466,592467,592468,1,1
592466,592467,592469,2,1
592466,592467,592469,2,1
592466,592467,592469,2,1
592466,592467,592469,2,1
592466,592467,592469,2,1
592466,592467,592469,2,1
592466,592467,592470,3,1
592466,592467,592470,3,1
592471,592471,592472,1,0
592471,592471,592472,1,0
592471,592471,592472,1,0
592471,592471,592472,1,0
592471,592471,592472,1,0
592471,592471,592472,1,0
592471,592471,592472,1,0
592471,592471,592472,1,0
592471,592471,592472,1,0
592471,592471,592472,1,0
592471,592471,592472,1,0
592471,592471,592472,1,0
592471,592471,592472,1,0
592471,592471,592472,1,0
592471,592471,592472,1,0
592471,592471,592472,1,0
592471,592471,592473,2,0
592471,592471,592473,2,0
592471,592471,592472,1,0
592471,592471,592472,1,0
592471,592471,592472,1,0
592471,592471,592473,2,0
592471,592471,592474,3,0
592471,592471,592474,3,0
592471,592471,592474,3,0
592471,592471,592474,3,0
592471,592471,592474,3,0
592471,592471,592475,4,0
592471,592471,592475,4,0
592471,592471,592475,4,0
592484,592484,592485,1,0
592484,592484,592485,1,0
592484,592484,592485,1,0
592484,592484,592485,1,0
592484,592484,592485,1,0
592484,592484,592485,1,0
592484,592484,592485,1,0
592484,592484,592485,1,0
592484,592484,592485,1,0
592484,592484,592485,1,0
592484,592484,592485,1,0
592484,592484,592485,1,0
592484,592484,592485,1,0
592484,592484,592485,1,0
592484,592484,592485,1,0
592484,592484,592485,1,0
592484,592484,592485,1,0
592484,592484,592485,1,0
592484,592484,592485,1,0
592484,592484,592485,1,0
592484,592484,592486,2,0
592484,592484,592486,2,0
592484,592484,592485,1,0
592484,592484,592485,1,0
592484,592484,592485,1,0
592484,592484,592485,1,0
592484,592484,592485,1,0
592484,592484,592487,3,0
592484,592484,592487,3,0
592484,592484,592487,3,0
592484,592484,592487,3,0
592484,592484,592487,3,0
592484,592484,592487,3,0
592484,592484,592488,4,0
592484,592484,592487,3,0
592484,592484,592487,3,0
592484,592484,592488,4,0
592496,592496,592497,1,0
592496,592496,592497,1,0
592496,592496,592497,1,0
592496,592496,592497,1,0
592496,592496,592497,1,0
592496,592496,592497,1,0
592496,592496,592497,1,0
592496,592496,592497,1,0
592496,592496,592497,1,0
592496,592496,592497,1,0
592496,592496,592497,1,0
592496,592496,592497,1,0
592496,592496,592497,1,0
592496,592496,592497,1,0
592496,592496,592497,1,0
592496,592496,592497,1,0
592496,592496,592497,1,0
592496,592496,592497,1,0
592496,592496,592497,1,0
592496,592496,592497,1,0
592496,592496,592497,1,0
592496,592496,592497,1,0
592496,592496,592497,1,0
592496,592496,592497,1,0
592496,592496,592498,2,0
592496,592496,592498,2,0
592496,592496,592497,1,0
592496,592496,592497,1,0
592496,592496,592497,1,0
592496,592496,592498,2,0
592496,592496,592498,2,0
592496,592496,592498,2,0
592496,592497,592498,1,1
592496,592497,592498,1,1
592496,592496,592498,2,0
592496,592496,592497,1,0
592496,592496,592498,2,0
592496,592496,592498,2,0
592496,592496,592498,2,0
592496,592496,592498,2,0
592496,592496,592499,3,0
592496,592496,592499,3,0
592496,592496,592499,3,0
592496,592496,592499,3,0
592496,592496,592499,3,0
592496,592496,592500,4,0
592496,592497,592500,3,1
592506,592506,592507,1,0
592506,592506,592507,1,0
592506,592506,592507,1,0
592506,592506,592507,1,0
592506,592506,592507,1,0
592506,592506,592507,1,0
592506,592506,592507,1,0
592506,592506,592507,1,0
592506,592506,592507,1,0
592506,592506,592507,1,0
592506,592506,592507,1,0
592506,592506,592507,1,0
592506,592506,592507,1,0
592506,592506,592507,1,0
592506,592506,592507,1,0
592506,592506,592507,1,0
592506,592506,592507,1,0
592506,592506,592507,1,0
592506,592506,592507,1,0
592506,592506,592507,1,0
592506,592506,592507,1,0
592506,592506,592507,1,0
592506,592506,592507,1,0
592506,592506,592507,1,0
592506,592506,592507,1,0
592506,592506,592507,1,0
592506,592506,592507,1,0
592506,592506,592507,1,0
592506,592506,592507,1,0
592506,592506,592507,1,0
592506,592506,592507,1,0
592506,592506,592507,1,0
592506,592506,592507,1,0
592506,592506,592507,1,0
592506,592506,592507,1,0
592506,592506,592507,1,0
592506,592506,592507,1,0
592506,592506,592507,1,0
592506,592506,592507,1,0
592506,592506,592507,1,0
592506,592506,592507,1,0
592506,592506,592507,1,0
592506,592506,592508,2,0
592506,592506,592508,2,0
592506,592506,592508,2,0
592506,592506,592508,2,0
592506,592506,592508,2,0
592506,592506,592508,2,0
592506,592506,592509,3,0
592506,592506,592509,3,0
592515,592515,592516,1,0
592515,592515,592516,1,0
592515,592515,592516,1,0
592515,592515,592516,1,0
592515,592515,592516,1,0
592515,592515,592516,1,0
592515,592515,592516,1,0
592515,592515,592516,1,0
592515,592515,592516,1,0
592515,592515,592516,1,0
592515,592515,592516,1,0
592515,592515,592516,1,0
592515,592515,592516,1,0
592515,592515,592516,1,0
592515,592515,592516,1,0
592515,592515,592516,1,0
592515,592515,592516,1,0
592515,592515,592516,1,0
592515,592515,592516,1,0
592515,592515,592516,1,0
592515,592515,592516,1,0
592515,592515,592516,1,0
592515,592515,592516,1,0
592515,592515,592516,1,0
592515,592515,592516,1,0
592515,592515,592516,1,0
592515,592515,592516,1,0
592515,592515,592516,1,0
592515,592515,592516,1,0
592515,592515,592516,1,0
592515,592515,592516,1,0
592515,592515,592516,1,0
592515,592515,592516,1,0
592515,592515,592516,1,0
592515,592515,592516,1,0
592515,592515,592516,1,0
592515,592515,592516,1,0
592515,592515,592516,1,0
592515,592515,592516,1,0
592515,592515,592516,1,0
592515,592515,592516,1,0
592515,592515,592516,1,0
592515,592515,592516,1,0
592515,592515,592516,1,0
592515,592515,592516,1,0
592515,592515,592516,1,0
592515,592515,592516,1,0
592515,592515,592517,2,0
592515,592515,592516,1,0
592515,592515,592517,2,0
592522,592523,592524,1,1
592522,592523,592524,1,1
592522,592523,592524,1,1
592522,592523,592524,1,1
591644,591644,592529,885,0
592530,592530,592531,1,0
592530,592530,592531,1,0
592530,592530,592531,1,0
592530,592530,592531,1,0
592530,592530,592531,1,0
592530,592530,592531,1,0
592530,592530,592531,1,0
592530,592530,592531,1,0
592530,592530,592531,1,0
592530,592530,592531,1,0
592530,592530,592531,1,0
592530,592530,592531,1,0
592530,592530,592531,1,0
592530,592530,592531,1,0
592530,592530,592531,1,0
592530,592530,592531,1,0
592530,592530,592531,1,0
592530,592530,592532,2,0
592530,592530,592532,2,0
592530,592530,592531,1,0
592530,592530,592532,2,0
592530,592530,592531,1,0
592530,592530,592532,2,0
592530,592530,592532,2,0
592530,592531,592532,1,1
592530,592531,592532,1,1
592530,592531,592532,1,1
592530,592531,592532,1,1
592530,592531,592532,1,1
592530,592531,592532,1,1
592530,592531,592532,1,1
592530,592530,592531,1,0
592530,592530,592532,2,0
592530,592530,592531,1,0
592530,592530,592532,2,0
592530,592530,592532,2,0
592530,592530,592532,2,0
592530,592530,592532,2,0
592530,592531,592532,1,1
592530,592530,592532,2,0
592530,592530,592532,2,0
592530,592531,592532,1,1
592530,592531,592532,1,1
592530,592531,592532,1,1
592530,592531,592532,1,1
592530,592531,592532,1,1
592530,592531,592532,1,1
592530,592530,592532,2,0
592530,592530,592532,2,0
592530,592531,592532,1,1
592530,592531,592532,1,1
592530,592533,592534,1,3
592530,592533,592534,1,3
592530,592533,592534,1,3
592530,592533,592534,1,3
592530,592533,592534,1,3
592530,592533,592534,1,3
592537,592538,592539,1,1
592537,592538,592539,1,1
592537,592538,592539,1,1
592537,592538,592539,1,1
592537,592538,592539,1,1
592545,592545,592546,1,0
592545,592545,592546,1,0
592545,592545,592546,1,0
592545,592545,592546,1,0
592545,592545,592546,1,0
592545,592545,592546,1,0
592545,592545,592546,1,0
592545,592545,592546,1,0
592545,592545,592546,1,0
592551,592551,592552,1,0
592551,592551,592552,1,0
592551,592551,592552,1,0
592551,592551,592552,1,0
592551,592551,592552,1,0
592551,592551,592552,1,0
592551,592551,592552,1,0
592551,592551,592552,1,0
592551,592551,592552,1,0
592551,592551,592552,1,0
592551,592551,592552,1,0
592551,592551,592552,1,0
592551,592551,592552,1,0
592551,592551,592552,1,0
592551,592551,592552,1,0
592551,592551,592552,1,0
592551,592551,592552,1,0
592551,592551,592552,1,0
592551,592551,592552,1,0
592551,592551,592552,1,0
592551,592551,592552,1,0
592551,592551,592552,1,0
592551,592551,592552,1,0
592551,592551,592552,1,0
592551,592551,592552,1,0
592551,592551,592552,1,0
592551,592551,592552,1,0
592551,592551,592552,1,0
592551,592551,592552,1,0
592551,592551,592552,1,0
592551,592551,592552,1,0
592551,592551,592552,1,0
592551,592551,592552,1,0
592551,592551,592552,1,0
592551,592551,592552,1,0
592551,592551,592552,1,0
592551,592551,592552,1,0
592551,592551,592552,1,0
592551,592551,592552,1,0
592551,592551,592552,1,0
592049,592049,592841,792,0
592843,592843,592844,1,0
592843,592843,592844,1,0
592843,592843,592844,1,0
592843,592843,592844,1,0
592843,592843,592844,1,0
592843,592843,592844,1,0
592843,592843,592844,1,0
592843,592843,592844,1,0
592843,592843,592844,1,0
592843,592843,592844,1,0
592843,592843,592844,1,0
592843,592843,592844,1,0
592843,592843,592845,2,0
592843,592843,592844,1,0
592843,592843,592844,1,0
592843,592844,592845,1,1
592843,592844,592845,1,1
592843,592844,592845,1,1
592843,592844,592845,1,1
592843,592844,592845,1,1
592843,592844,592845,1,1
592843,592844,592845,1,1
592843,592844,592845,1,1
592843,592844,592845,1,1
592843,592844,592845,1,1
592843,592844,592845,1,1
592843,592843,592845,2,0
592843,592843,592845,2,0
592843,592844,592845,1,1
592843,592843,592845,2,0
592843,592843,592845,2,0
592843,592843,592845,2,0
592843,592844,592845,1,1
592843,592844,592845,1,1
592843,592844,592845,1,1
592843,592844,592845,1,1
592843,592844,592845,1,1
592843,592843,592845,2,0
592843,592843,592845,2,0
592843,592844,592845,1,1
592843,592844,592845,1,1
592067,592067,592881,814,0
592883,592883,592884,1,0
592883,592883,592884,1,0
592883,592883,592884,1,0
592883,592883,592884,1,0
592883,592883,592884,1,0
592883,592883,592884,1,0
592883,592883,592884,1,0
592883,592883,592884,1,0
592883,592883,592884,1,0
592883,592883,592884,1,0
592883,592884,592885,1,1
592883,592884,592885,1,1
592883,592883,592884,1,0
592883,592883,592884,1,0
592883,592883,592885,2,0
592883,592883,592885,2,0
592883,592884,592885,1,1
592883,592884,592885,1,1
592883,592884,592885,1,1
592883,592884,592885,1,1
592883,592884,592885,1,1
592883,592884,592885,1,1
592883,592884,592885,1,1
592883,592884,592885,1,1
592883,592884,592885,1,1
592883,592884,592885,1,1
592883,592884,592885,1,1
592883,592884,592885,1,1
592883,592884,592885,1,1
592883,592884,592885,1,1
592883,592884,592885,1,1
592883,592884,592885,1,1
592883,592884,592885,1,1
592883,592884,592885,1,1
592883,592884,592885,1,1
592883,592884,592885,1,1
592883,592883,592885,2,0
592883,592884,592885,1,1
592883,592884,592885,1,1
592883,592884,592885,1,1
592883,592884,592885,1,1
592090,592090,592909,819,0
592910,592910,592911,1,0
592910,592910,592911,1,0
592910,592910,592911,1,0
592910,592910,592911,1,0
592910,592910,592911,1,0
592910,592910,592911,1,0
592910,592910,592911,1,0
592910,592910,592911,1,0
592910,592910,592911,1,0
592910,592910,592911,1,0
592910,592910,592911,1,0
592910,592910,592911,1,0
592910,592910,592911,1,0
592910,592910,592911,1,0
592910,592910,592911,1,0
592910,592910,592911,1,0
592910,592910,592911,1,0
592910,592910,592911,1,0
592910,592910,592911,1,0
592910,592910,592911,1,0
592910,592910,592911,1,0
592910,592910,592911,1,0
592910,592910,592911,1,0
592910,592910,592911,1,0
592910,592910,592911,1,0
592910,592910,592912,2,0
592910,592910,592912,2,0
592910,592911,592912,1,1
592910,592911,592912,1,1
592910,592911,592912,1,1
592910,592911,592912,1,1
592910,592911,592912,1,1
592910,592911,592912,1,1
592910,592911,592912,1,1
592910,592911,592912,1,1
592910,592911,592912,1,1
592910,592911,592912,1,1
592910,592911,592912,1,1
592910,592911,592912,1,1
592910,592911,592912,1,1
592910,592911,592912,1,1
592910,592911,592912,1,1
592910,592911,592912,1,1
592910,592911,592912,1,1
592910,592910,592912,2,0
592910,592910,592913,3,0
592910,592910,592913,3,0
592910,592910,592913,3,0
592106,592106,592914,808,0
592910,592911,592915,4,1
592125,592126,592916,790,1
592088,592088,592918,830,0
592921,592921,592922,1,0
592921,592921,592922,1,0
592921,592921,592922,1,0
592921,592921,592922,1,0
592921,592921,592922,1,0
592921,592921,592922,1,0
592921,592921,592922,1,0
592921,592921,592922,1,0
592921,592921,592922,1,0
592921,592921,592922,1,0
592921,592921,592922,1,0
592921,592921,592922,1,0
592921,592921,592922,1,0
592921,592921,592922,1,0
592921,592921,592922,1,0
592921,592921,592922,1,0
592921,592921,592922,1,0
592921,592921,592922,1,0
592921,592921,592922,1,0
592921,592921,592922,1,0
592921,592921,592922,1,0
592921,592921,592922,1,0
592921,592921,592922,1,0
592921,592921,592922,1,0
592921,592921,592922,1,0
592921,592921,592922,1,0
592921,592921,592922,1,0
592921,592921,592922,1,0
592921,592921,592922,1,0
592921,592921,592922,1,0
592921,592921,592922,1,0
592921,592921,592922,1,0
592921,592921,592923,2,0
592921,592921,592922,1,0
592921,592921,592922,1,0
592921,592922,592923,1,1
592921,592922,592923,1,1
592921,592922,592923,1,1
592921,592922,592923,1,1
592921,592922,592923,1,1
592921,592922,592923,1,1
592921,592922,592923,1,1
592921,592922,592923,1,1
592921,592921,592923,2,0
592921,592921,592923,2,0
592921,592921,592923,2,0
592921,592921,592923,2,0
592921,592921,592923,2,0
592921,592921,592923,2,0
592921,592921,592923,2,0
592921,592923,592924,1,2
592921,592923,592924,1,2
592921,592921,592923,2,0
592921,592921,592923,2,0
592921,592921,592923,2,0
592921,592923,592924,1,2
592921,592921,592923,2,0
592921,592923,592924,1,2
592921,592923,592924,1,2
592921,592923,592924,1,2
592921,592923,592924,1,2
592921,592923,592924,1,2
592921,592922,592924,2,1
592921,592922,592924,2,1
592921,592922,592924,2,1
592921,592923,592924,1,2
592921,592923,592924,1,2
592923,592924,592925,1,1
592923,592924,592925,1,1
592923,592924,592925,1,1
592921,592923,592924,1,2
592921,592923,592925,2,2
592921,592923,592924,1,2
592923,592924,592925,1,1
592921,592923,592924,1,2
592921,592923,592924,1,2
592923,592924,592925,1,1
592923,592924,592925,1,1
592923,592924,592925,1,1
592923,592924,592925,1,1
592923,592924,592925,1,1
592923,592924,592925,1,1
592923,592924,592925,1,1
592921,592922,592925,3,1
592923,592924,592925,1,1
592923,592924,592926,2,1
592921,592923,592925,2,2
592923,592924,592925,1,1
592923,592924,592925,1,1
592923,592924,592925,1,1
592921,592923,592925,2,2
592921,592923,592925,2,2
592923,592924,592925,1,1
592923,592924,592925,1,1
592923,592924,592925,1,1
592921,592923,592925,2,2
592923,592924,592925,1,1
592923,592924,592925,1,1
592923,592924,592925,1,1
592921,592923,592925,2,2
592921,592923,592925,2,2
592923,592924,592925,1,1
592923,592924,592926,2,1
592921,592923,592925,2,2
592921,592923,592925,2,2
592921,592923,592925,2,2
592923,592924,592926,2,1
592923,592924,592927,3,1
592923,592924,592927,3,1
592923,592924,592926,2,1
592923,592924,592927,3,1
592923,592924,592926,2,1
592923,592924,592926,2,1
592923,592924,592926,2,1
592921,592922,592923,1,1
592921,592922,592923,1,1
592921,592922,592923,1,1
592921,592922,592923,1,1
592921,592952,592953,1,31
591721,591723,592959,1236,2
592178,592178,592986,808,0
592987,592987,592988,1,0
592987,592987,592988,1,0
592987,592987,592988,1,0
592987,592987,592988,1,0
592987,592987,592988,1,0
592987,592987,592988,1,0
592987,592987,592988,1,0
592987,592987,592988,1,0
592987,592987,592988,1,0
592987,592987,592988,1,0
592987,592988,592989,1,1
592987,592988,592989,1,1
592987,592987,592989,2,0
592987,592987,592989,2,0
592987,592987,592988,1,0
592987,592987,592989,2,0
592987,592987,592988,1,0
592987,592987,592989,2,0
592987,592987,592989,2,0
592987,592987,592989,2,0
592987,592988,592989,1,1
592987,592988,592989,1,1
592987,592988,592989,1,1
592987,592988,592989,1,1
592987,592988,592989,1,1
592987,592988,592989,1,1
592987,592987,592989,2,0
592987,592987,592989,2,0
592987,592987,592989,2,0
592987,592987,592989,2,0
592987,592987,592989,2,0
592987,592987,592989,2,0
592987,592987,592989,2,0
592987,592987,592989,2,0
592987,592987,592989,2,0
592987,592988,592989,1,1
592987,592988,592989,1,1
592987,592988,592989,1,1
592987,592987,592990,3,0
592987,592987,592990,3,0
592987,592987,592990,3,0
592987,592987,592990,3,0
592987,592987,592990,3,0
592987,592988,592990,2,1
592987,592988,592990,2,1
592987,592988,592991,3,1
592987,592988,592991,3,1
592987,592988,592992,4,1
592987,592988,592995,7,1
592957,592960,593003,43,3
592204,592204,593014,810,0
593015,593015,593016,1,0
593015,593015,593016,1,0
593015,593015,593016,1,0
593015,593015,593016,1,0
593015,593015,593016,1,0
593015,593015,593016,1,0
593015,593015,593016,1,0
593015,593015,593016,1,0
593015,593015,593017,2,0
593015,593015,593017,2,0
593015,593015,593017,2,0
593015,593015,593017,2,0
593015,593015,593016,1,0
593015,593015,593017,2,0
593015,593015,593017,2,0
593015,593015,593017,2,0
593015,593015,593017,2,0
593015,593015,593016,1,0
593015,593015,593017,2,0
593015,593015,593017,2,0
593015,593015,593017,2,0
593015,593015,593017,2,0
593015,593015,593017,2,0
593015,593015,593017,2,0
593015,593015,593016,1,0
593015,593015,593017,2,0
593015,593015,593016,1,0
593015,593015,593016,1,0
593015,593015,593017,2,0
593015,593015,593016,1,0
593015,593015,593017,2,0
593015,593015,593017,2,0
593015,593015,593017,2,0
593015,593015,593017,2,0
593015,593015,593017,2,0
593015,593016,593017,1,1
593015,593016,593017,1,1
593015,593015,593018,3,0
593015,593015,593018,3,0
593015,593015,593017,2,0
593015,593015,593018,3,0
593015,593015,593018,3,0
593015,593015,593018,3,0
593015,593015,593018,3,0
593015,593015,593018,3,0
593015,593016,593018,2,1
592219,592219,593019,800,0
593033,593033,593034,1,0
593033,593033,593034,1,0
593033,593033,593034,1,0
593033,593033,593034,1,0
593033,593033,593034,1,0
593033,593033,593034,1,0
593033,593033,593034,1,0
593033,593033,593034,1,0
593033,593033,593034,1,0
593033,593033,593034,1,0
593033,593033,593034,1,0
593033,593033,593034,1,0
593033,593033,593034,1,0
593033,593033,593034,1,0
593033,593033,593034,1,0
593033,593033,593034,1,0
593033,593033,593034,1,0
593033,593033,593034,1,0
593033,593033,593034,1,0
593033,593033,593034,1,0
593033,593033,593034,1,0
593033,593033,593034,1,0
593033,593033,593034,1,0
593033,593033,593034,1,0
593033,593033,593034,1,0
593033,593033,593034,1,0
593033,593033,593034,1,0
593033,593033,593034,1,0
593033,593033,593034,1,0
593033,593033,593034,1,0
593033,593033,593034,1,0
593033,593033,593034,1,0
593033,593033,593034,1,0
593033,593033,593034,1,0
593033,593033,593034,1,0
593033,593033,593034,1,0
593033,593034,593035,1,1
593033,593034,593035,1,1
593033,593034,593035,1,1
593033,593033,593035,2,0
593033,593033,593034,1,0
593033,593033,593035,2,0
593033,593033,593035,2,0
593033,593033,593034,1,0
593033,593033,593035,2,0
593033,593033,593035,2,0
593033,593033,593036,3,0
593033,593034,593036,2,1
592230,592230,593073,843,0
593075,593075,593076,1,0
593075,593075,593076,1,0
593075,593075,593076,1,0
593075,593075,593076,1,0
593075,593075,593076,1,0
593075,593075,593076,1,0
593075,593075,593076,1,0
593075,593075,593076,1,0
593075,593075,593076,1,0
593075,593075,593076,1,0
593075,593075,593076,1,0
593075,593075,593076,1,0
593075,593075,593076,1,0
593075,593075,593076,1,0
593075,593075,593076,1,0
593075,593075,593076,1,0
593075,593075,593076,1,0
593075,593075,593076,1,0
593075,593075,593076,1,0
593075,593075,593077,2,0
593075,593075,593076,1,0
593075,593076,593077,1,1
593075,593076,593077,1,1
593075,593075,593076,1,0
593075,593075,593077,2,0
593075,593075,593076,1,0
593075,593075,593076,1,0
593075,593075,593076,1,0
593075,593075,593076,1,0
593075,593075,593076,1,0
593075,593075,593076,1,0
593075,593075,593076,1,0
593075,593075,593076,1,0
593075,593075,593076,1,0
593075,593075,593076,1,0
593075,593075,593077,2,0
593075,593075,593076,1,0
593075,593075,593076,1,0
593075,593075,593077,2,0
593075,593075,593078,3,0
593075,593075,593078,3,0
592272,592272,593081,809,0
592965,593006,593083,77,41
593083,593083,593084,1,0
593083,593083,593084,1,0
593083,593083,593084,1,0
593083,593083,593084,1,0
593083,593083,593084,1,0
593083,593083,593084,1,0
593083,593083,593084,1,0
593083,593083,593084,1,0
593083,593083,593084,1,0
593083,593083,593084,1,0
593083,593083,593084,1,0
593083,593083,593084,1,0
593083,593083,593084,1,0
593083,593083,593084,1,0
593083,593083,593084,1,0
593083,593083,593084,1,0
593083,593083,593084,1,0
593083,593083,593084,1,0
593083,593083,593084,1,0
593083,593083,593084,1,0
593083,593083,593084,1,0
593083,593083,593084,1,0
593083,593083,593084,1,0
593083,593083,593084,1,0
593083,593083,593084,1,0
593083,593083,593084,1,0
593083,593083,593084,1,0
593083,593083,593084,1,0
593083,593083,593084,1,0
593083,593083,593084,1,0
593083,593083,593084,1,0
593083,593083,593084,1,0
593083,593083,593084,1,0
593083,593083,593084,1,0
593083,593083,593084,1,0
593083,593083,593084,1,0
593083,593083,593084,1,0
593083,593083,593084,1,0
593083,593083,593084,1,0
593083,593083,593084,1,0
593083,593083,593084,1,0
593083,593083,593084,1,0
593083,593083,593084,1,0
593083,593083,593084,1,0
593083,593083,593084,1,0
593083,593083,593084,1,0
593083,593083,593084,1,0
593083,593083,593084,1,0
593083,593083,593084,1,0
593083,593083,593084,1,0
593082,593085,593091,6,3
592305,592305,593094,789,0
593096,593096,593097,1,0
593096,593096,593097,1,0
593096,593096,593097,1,0
593096,593096,593097,1,0
593096,593096,593097,1,0
593096,593096,593097,1,0
593096,593096,593097,1,0
593096,593096,593097,1,0
593096,593096,593097,1,0
593096,593096,593097,1,0
593096,593096,593097,1,0
593096,593096,593097,1,0
593096,593096,593097,1,0
593096,593096,593097,1,0
593096,593096,593097,1,0
593096,593096,593097,1,0
593096,593096,593097,1,0
593096,593096,593097,1,0
593096,593096,593097,1,0
593096,593096,593097,1,0
593096,593096,593097,1,0
593096,593096,593097,1,0
593096,593096,593097,1,0
593096,593096,593097,1,0
593096,593096,593097,1,0
593096,593096,593097,1,0
593096,593096,593097,1,0
593096,593096,593097,1,0
593096,593096,593097,1,0
593096,593096,593097,1,0
593096,593096,593097,1,0
593096,593096,593097,1,0
593096,593096,593097,1,0
593096,593096,593097,1,0
593096,593096,593097,1,0
593096,593096,593097,1,0
593096,593096,593097,1,0
593096,593096,593097,1,0
593096,593096,593097,1,0
593096,593096,593097,1,0
593096,593096,593097,1,0
593096,593096,593097,1,0
593096,593096,593097,1,0
593096,593096,593097,1,0
593096,593096,593097,1,0
593096,593096,593098,2,0
593096,593096,593098,2,0
593096,593096,593097,1,0
593096,593096,593097,1,0
593096,593096,593097,1,0
593075,593099,593100,1,24
593086,593094,593102,8,8
593101,593103,593108,5,2
592371,592371,593176,805,0
592382,592383,593176,793,1
593177,593177,593178,1,0
593177,593177,593178,1,0
593177,593177,593178,1,0
593177,593177,593178,1,0
593177,593177,593178,1,0
593177,593177,593178,1,0
593177,593177,593178,1,0
593177,593177,593178,1,0
593177,593177,593178,1,0
593177,593177,593178,1,0
593177,593177,593178,1,0
593177,593177,593178,1,0
593177,593177,593178,1,0
593177,593177,593178,1,0
593177,593177,593178,1,0
593177,593177,593178,1,0
593177,593177,593178,1,0
593177,593177,593178,1,0
593177,593177,593178,1,0
593177,593177,593178,1,0
593177,593177,593178,1,0
593177,593177,593178,1,0
593177,593177,593178,1,0
593177,593177,593178,1,0
593177,593177,593178,1,0
593177,593177,593178,1,0
593177,593177,593178,1,0
593177,593177,593178,1,0
593177,593177,593178,1,0
593177,593177,593178,1,0
593177,593177,593179,2,0
593177,593177,593179,2,0
593177,593177,593178,1,0
593177,593177,593178,1,0
593177,593177,593178,1,0
593177,593177,593178,1,0
593177,593177,593179,2,0
593177,593177,593179,2,0
593177,593177,593178,1,0
593177,593177,593179,2,0
593177,593177,593179,2,0
593177,593177,593179,2,0
593177,593177,593179,2,0
593177,593177,593178,1,0
593177,593177,593179,2,0
593177,593177,593179,2,0
593177,593177,593179,2,0
593177,593177,593179,2,0
593177,593177,593179,2,0
593177,593177,593179,2,0
593179,593179,593180,1,0
593179,593179,593180,1,0
593179,593179,593180,1,0
593179,593179,593180,1,0
593179,593179,593180,1,0
593179,593179,593180,1,0
593179,593179,593180,1,0
593179,593179,593180,1,0
593179,593179,593180,1,0
593179,593179,593180,1,0
593179,593179,593180,1,0
593179,593179,593180,1,0
593179,593179,593180,1,0
593179,593179,593180,1,0
593179,593179,593180,1,0
593179,593179,593180,1,0
593179,593179,593180,1,0
593179,593179,593180,1,0
593179,593179,593180,1,0
593179,593179,593180,1,0
593179,593179,593180,1,0
593179,593179,593180,1,0
593179,593179,593180,1,0
593179,593179,593180,1,0
593179,593179,593180,1,0
593179,593179,593180,1,0
593179,593179,593180,1,0
593179,593179,593180,1,0
593179,593179,593180,1,0
593179,593179,593180,1,0
593179,593179,593180,1,0
593179,593179,593180,1,0
593179,593179,593180,1,0
593179,593179,593180,1,0
593179,593179,593180,1,0
593179,593179,593180,1,0
593179,593179,593180,1,0
593179,593179,593180,1,0
593179,593179,593180,1,0
593179,593179,593180,1,0
593179,593179,593180,1,0
593179,593179,593180,1,0
593179,593179,593180,1,0
593179,593179,593180,1,0
593179,593179,593180,1,0
593179,593179,593181,2,0
593179,593179,593181,2,0
593179,593179,593180,1,0
593179,593179,593181,2,0
593179,593179,593181,2,0
592398,592398,593191,793,0
593194,593194,593195,1,0
593194,593194,593195,1,0
593194,593194,593195,1,0
593194,593194,593195,1,0
593194,593194,593195,1,0
593194,593194,593195,1,0
593194,593194,593195,1,0
593194,593194,593195,1,0
593194,593194,593195,1,0
593194,593194,593195,1,0
593194,593194,593195,1,0
593194,593194,593195,1,0
593194,593194,593195,1,0
593194,593194,593195,1,0
593194,593194,593195,1,0
593194,593194,593195,1,0
593194,593194,593195,1,0
593194,593194,593195,1,0
593194,593194,593195,1,0
593194,593194,593195,1,0
593194,593194,593195,1,0
593194,593194,593196,2,0
593194,593194,593195,1,0
593194,593194,593195,1,0
593194,593194,593195,1,0
593194,593194,593195,1,0
593194,593194,593195,1,0
593194,593195,593196,1,1
593194,593195,593196,1,1
593194,593195,593196,1,1
593194,593195,593196,1,1
593194,593195,593196,1,1
593194,593195,593196,1,1
593194,593195,593196,1,1
593194,593195,593196,1,1
593194,593194,593196,2,0
593194,593195,593196,1,1
593194,593195,593196,1,1
593194,593194,593196,2,0
593194,593195,593196,1,1
593194,593195,593196,1,1
593194,593195,593196,1,1
593194,593194,593196,2,0
593194,593195,593196,1,1
593194,593194,593196,2,0
593194,593194,593196,2,0
593194,593195,593197,2,1
593194,593195,593197,2,1
592419,592419,593216,797,0
593218,593218,593219,1,0
593218,593218,593219,1,0
593218,593218,593219,1,0
593218,593218,593219,1,0
593218,593218,593219,1,0
593218,593218,593219,1,0
593218,593218,593219,1,0
593218,593218,593219,1,0
593218,593218,593220,2,0
593218,593218,593219,1,0
593218,593218,593219,1,0
593218,593218,593220,2,0
593218,593218,593220,2,0
593218,593218,593220,2,0
593218,593218,593220,2,0
593218,593218,593219,1,0
593218,593218,593219,1,0
593218,593218,593220,2,0
593218,593218,593220,2,0
593218,593218,593220,2,0
593218,593218,593219,1,0
593218,593218,593220,2,0
593218,593218,593219,1,0
593218,593218,593219,1,0
593218,593218,593219,1,0
593218,593218,593220,2,0
593218,593218,593220,2,0
593218,593218,593220,2,0
593218,593218,593219,1,0
593218,593218,593219,1,0
593218,593218,593219,1,0
593218,593218,593220,2,0
593218,593218,593219,1,0
593218,593219,593220,1,1
593218,593219,593220,1,1
593218,593218,593220,2,0
593218,593218,593220,2,0
593218,593218,593220,2,0
593218,593218,593220,2,0
593218,593218,593221,3,0
593218,593218,593221,3,0
593218,593218,593221,3,0
593218,593218,593221,3,0
593218,593219,593221,2,1
593218,593218,593222,4,0
593218,593218,593222,4,0
593218,593218,593222,4,0
593218,593218,593225,7,0
592413,592413,593228,815,0
593235,593236,593237,1,1
593235,593236,593237,1,1
593235,593236,593237,1,1
593235,593236,593237,1,1
593235,593236,593237,1,1
593235,593236,593237,1,1
593235,593236,593237,1,1
593235,593236,593237,1,1
593235,593236,593237,1,1
593235,593236,593237,1,1
593235,593236,593237,1,1
593235,593236,593237,1,1
593235,593236,593237,1,1
593235,593236,593237,1,1
593235,593236,593237,1,1
593235,593236,593237,1,1
593235,593236,593237,1,1
593235,593236,593238,2,1
593235,593236,593237,1,1
593235,593236,593237,1,1
593235,593236,593237,1,1
593235,593236,593237,1,1
593235,593236,593237,1,1
593235,593236,593237,1,1
593235,593236,593238,2,1
593235,593236,593239,3,1
593235,593236,593238,2,1
593235,593236,593238,2,1
593235,593236,593239,3,1
593235,593236,593238,2,1
593235,593236,593238,2,1
593235,593236,593239,3,1
593235,593236,593240,4,1
593235,593236,593240,4,1
593235,593236,593240,4,1
592446,592446,593249,803,0
593250,593251,593252,1,1
593250,593251,593252,1,1
593250,593251,593252,1,1
593250,593251,593252,1,1
593250,593251,593252,1,1
593250,593251,593252,1,1
593250,593251,593252,1,1
593250,593251,593252,1,1
593250,593251,593252,1,1
593250,593251,593252,1,1
593250,593251,593252,1,1
593250,593251,593252,1,1
593250,593251,593252,1,1
593250,593251,593252,1,1
593250,593251,593252,1,1
593250,593251,593252,1,1
593250,593251,593252,1,1
593250,593251,593253,2,1
593250,593251,593252,1,1
593250,593251,593252,1,1
593250,593251,593252,1,1
593250,593251,593252,1,1
593250,593251,593252,1,1
593250,593251,593252,1,1
593250,593251,593252,1,1
593250,593251,593252,1,1
593250,593251,593252,1,1
593250,593251,593252,1,1
593250,593251,593253,2,1
593250,593251,593252,1,1
593250,593251,593253,2,1
593250,593251,593253,2,1
593250,593251,593252,1,1
593250,593251,593252,1,1
593250,593251,593252,1,1
593250,593251,593252,1,1
593250,593251,593252,1,1
593250,593251,593252,1,1
593250,593251,593252,1,1
593250,593251,593252,1,1
593250,593251,593254,3,1
593250,593251,593254,3,1
593250,593251,593253,2,1
593250,593251,593253,2,1
593250,593251,593254,3,1
593250,593251,593253,2,1
593250,593251,593254,3,1
593250,593251,593254,3,1
593250,593251,593254,3,1
593235,593263,593264,1,28
593235,593263,593264,1,28
593235,593263,593264,1,28
593250,593263,593264,1,13
593235,593263,593264,1,28
593235,593263,593265,2,28
592468,592468,593282,814,0
593285,593285,593286,1,0
593285,593285,593286,1,0
593285,593285,593286,1,0
593285,593285,593286,1,0
593285,593285,593286,1,0
593285,593285,593286,1,0
593285,593285,593286,1,0
593285,593285,593286,1,0
593285,593285,593286,1,0
593285,593285,593286,1,0
593285,593285,593286,1,0
593285,593285,593286,1,0
593285,593285,593286,1,0
593285,593285,593286,1,0
593285,593285,593287,2,0
593285,593285,593287,2,0
593285,593285,593286,1,0
593285,593285,593286,1,0
593285,593285,593287,2,0
593285,593285,593286,1,0
593285,593285,593286,1,0
593285,593285,593286,1,0
593285,593285,593287,2,0
593285,593285,593286,1,0
593285,593285,593286,1,0
593285,593285,593286,1,0
593285,593285,593287,2,0
593285,593285,593286,1,0
593285,593285,593287,2,0
593285,593285,593286,1,0
593285,593285,593286,1,0
593285,593285,593286,1,0
593285,593285,593286,1,0
593285,593285,593286,1,0
593285,593285,593286,1,0
593285,593285,593286,1,0
593285,593285,593287,2,0
593285,593285,593287,2,0
593285,593285,593287,2,0
593285,593285,593288,3,0
593285,593285,593288,3,0
593285,593285,593288,3,0
593285,593285,593288,3,0
593285,593285,593288,3,0
593285,593290,593291,1,5
593285,593290,593291,1,5
593285,593290,593291,1,5
593285,593290,593291,1,5
593285,593290,593291,1,5
593285,593290,593292,2,5
592532,592532,593322,790,0
593324,593325,593326,1,1
593324,593325,593326,1,1
593324,593325,593326,1,1
593324,593325,593326,1,1
593324,593325,593326,1,1
593324,593325,593326,1,1
593324,593325,593326,1,1
593324,593325,593326,1,1
593324,593325,593326,1,1
593324,593325,593326,1,1
593324,593325,593326,1,1
593324,593325,593326,1,1
593324,593325,593326,1,1
593324,593325,593326,1,1
593324,593325,593326,1,1
593324,593325,593326,1,1
593324,593325,593326,1,1
593324,593325,593326,1,1
593324,593325,593326,1,1
593324,593325,593326,1,1
593324,593325,593326,1,1
593324,593325,593326,1,1
593324,593325,593326,1,1
593324,593325,593326,1,1
593324,593325,593326,1,1
593324,593325,593326,1,1
593324,593325,593326,1,1
593324,593325,593326,1,1
593324,593325,593326,1,1
593324,593325,593326,1,1
593324,593325,593327,2,1
593324,593325,593327,2,1
593324,593325,593327,2,1
593324,593325,593327,2,1
593324,593325,593327,2,1
593324,593353,593354,1,29
592845,592845,593638,793,0
593639,593639,593640,1,0
593639,593639,593640,1,0
593639,593639,593640,1,0
593639,593639,593640,1,0
593639,593639,593640,1,0
593639,593639,593640,1,0
593639,593639,593640,1,0
593639,593639,593640,1,0
593639,593639,593640,1,0
593639,593639,593640,1,0
593639,593639,593640,1,0
593639,593639,593640,1,0
593639,593639,593640,1,0
593639,593639,593640,1,0
593639,593639,593640,1,0
593639,593639,593640,1,0
593639,593639,593640,1,0
593639,593639,593640,1,0
593639,593639,593640,1,0
593639,593639,593640,1,0
593639,593639,593640,1,0
593639,593639,593640,1,0
593639,593639,593640,1,0
593639,593639,593640,1,0
593639,593639,593640,1,0
593639,593639,593640,1,0
593639,593639,593640,1,0
593639,593639,593640,1,0
593639,593639,593640,1,0
593639,593639,593640,1,0
593639,593639,593640,1,0
593639,593639,593640,1,0
593639,593639,593640,1,0
593639,593639,593640,1,0
593639,593639,593640,1,0
593639,593639,593641,2,0
593639,593639,593640,1,0
593639,593639,593640,1,0
593639,593639,593640,1,0
593639,593639,593640,1,0
593639,593639,593640,1,0
593639,593639,593640,1,0
593639,593639,593640,1,0
593639,593639,593640,1,0
593639,593639,593640,1,0
593639,593639,593640,1,0
593639,593639,593640,1,0
593639,593639,593640,1,0
593639,593639,593640,1,0
593639,593639,593641,2,0
592885,592885,593694,809,0
593694,593695,593696,1,1
593694,593695,593696,1,1
593694,593695,593696,1,1
593694,593695,593696,1,1
593694,593695,593696,1,1
593694,593695,593696,1,1
593694,593695,593696,1,1
593694,593695,593696,1,1
593694,593695,593696,1,1
593694,593695,593696,1,1
593694,593695,593696,1,1
593694,593695,593696,1,1
593694,593695,593696,1,1
593694,593695,593696,1,1
593694,593695,593696,1,1
593694,593695,593696,1,1
593694,593695,593696,1,1
593694,593695,593696,1,1
593694,593695,593696,1,1
593694,593695,593696,1,1
593694,593695,593696,1,1
593694,593695,593696,1,1
593694,593695,593696,1,1
593694,593695,593696,1,1
593694,593695,593696,1,1
593694,593695,593696,1,1
593694,593695,593696,1,1
593694,593695,593696,1,1
593694,593695,593696,1,1
593694,593695,593696,1,1
593694,593695,593696,1,1
593694,593695,593696,1,1
593694,593695,593696,1,1
593694,593695,593696,1,1
593694,593695,593696,1,1
593694,593695,593696,1,1
593694,593695,593696,1,1
593694,593695,593696,1,1
593694,593695,593696,1,1
593694,593695,593696,1,1
593694,593695,593696,1,1
593694,593695,593696,1,1
593694,593695,593696,1,1
593694,593695,593696,1,1
593694,593695,593696,1,1
593694,593695,593696,1,1
593694,593695,593696,1,1
593694,593695,593696,1,1
592911,592911,593717,806,0
593719,593719,593720,1,0
592925,592925,593720,795,0
593719,593719,593720,1,0
593719,593719,593720,1,0
593719,593719,593720,1,0
593719,593719,593720,1,0
593719,593719,593720,1,0
593719,593719,593720,1,0
593719,593719,593720,1,0
593719,593719,593720,1,0
593719,593719,593720,1,0
593719,593719,593720,1,0
593719,593719,593720,1,0
593719,593719,593720,1,0
593719,593719,593720,1,0
593719,593719,593720,1,0
593719,593719,593720,1,0
593719,593719,593720,1,0
593719,593719,593720,1,0
593719,593719,593720,1,0
593719,593719,593720,1,0
593719,593719,593720,1,0
593719,593719,593720,1,0
593719,593719,593720,1,0
593719,593719,593720,1,0
593719,593719,593720,1,0
593719,593719,593721,2,0
593719,593719,593720,1,0
593719,593720,593721,1,1
593719,593719,593720,1,0
593719,593719,593720,1,0
593719,593719,593720,1,0
593719,593719,593721,2,0
593719,593719,593720,1,0
593719,593719,593721,2,0
593719,593719,593720,1,0
593719,593719,593720,1,0
593719,593719,593720,1,0
593719,593719,593720,1,0
593719,593719,593720,1,0
593719,593719,593720,1,0
593719,593719,593720,1,0
593719,593719,593720,1,0
593719,593719,593720,1,0
593719,593719,593720,1,0
593719,593719,593720,1,0
593719,593719,593720,1,0
593719,593719,593720,1,0
593719,593719,593720,1,0
593721,593721,593722,1,0
593721,593721,593722,1,0
593721,593721,593722,1,0
593721,593721,593722,1,0
593721,593721,593722,1,0
593721,593721,593722,1,0
593721,593721,593722,1,0
593721,593721,593722,1,0
593721,593721,593722,1,0
593721,593721,593722,1,0
593721,593721,593722,1,0
593721,593721,593722,1,0
593721,593721,593722,1,0
593721,593721,593722,1,0
593721,593721,593722,1,0
593721,593721,593722,1,0
593721,593721,593722,1,0
593721,593721,593722,1,0
593721,593721,593722,1,0
593721,593721,593722,1,0
593721,593721,593722,1,0
593721,593721,593722,1,0
593721,593721,593722,1,0
593721,593721,593722,1,0
593721,593721,593722,1,0
593721,593721,593722,1,0
593721,593721,593722,1,0
593721,593721,593722,1,0
593721,593721,593722,1,0
593721,593721,593722,1,0
593721,593721,593722,1,0
593721,593721,593723,2,0
593721,593721,593722,1,0
593721,593721,593723,2,0
593721,593721,593722,1,0
593721,593721,593722,1,0
593721,593721,593722,1,0
593721,593721,593723,2,0
593721,593721,593723,2,0
593721,593721,593722,1,0
593721,593721,593722,1,0
593721,593721,593723,2,0
593721,593721,593723,2,0
593721,593721,593723,2,0
593721,593721,593723,2,0
593721,593722,593723,1,1
593721,593721,593723,2,0
593721,593721,593723,2,0
593721,593722,593723,1,1
593721,593722,593723,1,1
592922,592924,593731,807,2
593737,593737,593738,1,0
593737,593737,593738,1,0
593737,593737,593738,1,0
593737,593737,593738,1,0
593737,593737,593738,1,0
593737,593737,593738,1,0
593737,593737,593738,1,0
593737,593737,593738,1,0
593737,593737,593738,1,0
593737,593737,593738,1,0
593737,593737,593738,1,0
593737,593737,593738,1,0
593737,593737,593738,1,0
593737,593737,593738,1,0
593737,593737,593738,1,0
593737,593737,593738,1,0
593737,593737,593738,1,0
593737,593737,593738,1,0
593737,593737,593738,1,0
593737,593737,593738,1,0
593737,593737,593738,1,0
593737,593737,593738,1,0
593737,593737,593738,1,0
593737,593737,593738,1,0
593737,593737,593738,1,0
593737,593737,593738,1,0
593737,593737,593738,1,0
593737,593737,593738,1,0
593737,593737,593738,1,0
593737,593737,593738,1,0
593737,593737,593738,1,0
593737,593737,593738,1,0
593737,593737,593738,1,0
593737,593737,593738,1,0
593737,593737,593738,1,0
593737,593737,593738,1,0
593737,593737,593738,1,0
593737,593737,593738,1,0
593737,593737,593738,1,0
593737,593737,593738,1,0
593737,593737,593738,1,0
593737,593737,593738,1,0
593737,593737,593738,1,0
593737,593737,593739,2,0
593737,593737,593739,2,0
592927,592927,593782,855,0
593784,593784,593785,1,0
593784,593784,593785,1,0
593784,593784,593785,1,0
593784,593784,593785,1,0
593784,593784,593785,1,0
593784,593784,593785,1,0
593784,593784,593785,1,0
593784,593784,593785,1,0
593784,593784,593785,1,0
593784,593784,593785,1,0
593784,593784,593785,1,0
593784,593784,593785,1,0
593784,593784,593785,1,0
593784,593784,593785,1,0
593784,593784,593785,1,0
593784,593784,593785,1,0
593784,593784,593785,1,0
593784,593784,593785,1,0
593784,593784,593785,1,0
593784,593784,593785,1,0
593784,593784,593785,1,0
593784,593784,593785,1,0
593784,593784,593785,1,0
593784,593784,593785,1,0
593784,593784,593785,1,0
593784,593784,593785,1,0
593784,593784,593785,1,0
593784,593784,593785,1,0
593784,593784,593785,1,0
593784,593784,593785,1,0
593784,593784,593785,1,0
593784,593784,593785,1,0
593784,593784,593785,1,0
593784,593784,593785,1,0
593784,593784,593785,1,0
593784,593784,593785,1,0
593784,593784,593785,1,0
593784,593784,593785,1,0
592989,592989,593787,798,0
593789,593790,593791,1,1
593789,593790,593791,1,1
593789,593790,593791,1,1
593789,593790,593791,1,1
593789,593790,593791,1,1
593789,593790,593791,1,1
593789,593790,593791,1,1
593789,593790,593791,1,1
593789,593790,593791,1,1
593789,593790,593791,1,1
593789,593790,593791,1,1
593789,593790,593791,1,1
593789,593790,593792,2,1
593789,593790,593791,1,1
593789,593790,593792,2,1
593789,593790,593791,1,1
593789,593790,593792,2,1
593789,593790,593791,1,1
593789,593790,593791,1,1
593789,593790,593791,1,1
593789,593790,593791,1,1
593789,593790,593791,1,1
593789,593790,593791,1,1
593789,593790,593791,1,1
593789,593790,593791,1,1
593789,593790,593791,1,1
593789,593790,593791,1,1
593789,593790,593791,1,1
593789,593790,593791,1,1
593789,593790,593791,1,1
593789,593790,593791,1,1
593789,593790,593791,1,1
593789,593790,593792,2,1
593789,593790,593791,1,1
593789,593790,593791,1,1
593789,593790,593791,1,1
593789,593790,593791,1,1
593789,593790,593791,1,1
593789,593790,593792,2,1
593789,593790,593791,1,1
593789,593790,593791,1,1
593789,593790,593792,2,1
593789,593790,593791,1,1
593789,593790,593793,3,1
593789,593790,593792,2,1
593789,593790,593793,3,1
593789,593790,593793,3,1
593789,593790,593793,3,1
593789,593790,593793,3,1
593789,593790,593792,2,1
593784,593813,593814,1,29
593784,593813,593814,1,29
593784,593813,593814,1,29
593784,593813,593814,1,29
593784,593813,593814,1,29
593016,593016,593826,810,0
593827,593827,593828,1,0
593827,593827,593828,1,0
593827,593827,593828,1,0
593827,593827,593828,1,0
593827,593827,593828,1,0
593827,593827,593828,1,0
593827,593827,593828,1,0
593827,593827,593828,1,0
593827,593827,593828,1,0
593827,593827,593828,1,0
593827,593827,593828,1,0
593827,593827,593828,1,0
593827,593827,593829,2,0
593827,593827,593829,2,0
593827,593827,593828,1,0
593827,593827,593828,1,0
593827,593827,593828,1,0
593827,593827,593828,1,0
593827,593827,593828,1,0
593827,593827,593828,1,0
593827,593827,593828,1,0
593827,593827,593829,2,0
593827,593827,593829,2,0
593827,593827,593828,1,0
593827,593827,593828,1,0
593827,593827,593828,1,0
593827,593827,593828,1,0
593827,593827,593829,2,0
593827,593827,593828,1,0
593827,593827,593828,1,0
593827,593827,593828,1,0
593827,593827,593828,1,0
593827,593827,593830,3,0
593827,593827,593830,3,0
593827,593827,593830,3,0
593827,593827,593829,2,0
593827,593827,593830,3,0
593827,593827,593830,3,0
593827,593827,593830,3,0
593034,593034,593852,818,0
593827,593852,593853,1,25
593827,593852,593853,1,25
593827,593852,593853,1,25
593827,593852,593853,1,25
593827,593852,593853,1,25
593853,593853,593854,1,0
593853,593853,593854,1,0
593853,593853,593854,1,0
593853,593853,593854,1,0
593853,593853,593854,1,0
593853,593853,593854,1,0
593853,593853,593854,1,0
593853,593853,593854,1,0
593853,593853,593854,1,0
593853,593853,593854,1,0
593853,593853,593854,1,0
593853,593853,593855,2,0
593853,593853,593855,2,0
593853,593853,593855,2,0
593853,593853,593854,1,0
593853,593853,593855,2,0
593853,593853,593854,1,0
593853,593853,593855,2,0
593853,593853,593854,1,0
593853,593853,593854,1,0
593853,593854,593855,1,1
593853,593854,593855,1,1
593853,593854,593855,1,1
593853,593854,593855,1,1
593853,593853,593854,1,0
593853,593853,593855,2,0
593853,593853,593855,2,0
593853,593853,593854,1,0
593853,593853,593854,1,0
593853,593853,593855,2,0
593827,593852,593855,3,25
593853,593853,593854,1,0
593853,593853,593855,2,0
593853,593853,593855,2,0
593853,593853,593855,2,0
593853,593854,593855,1,1
593853,593854,593855,1,1
593853,593854,593855,1,1
593853,593854,593855,1,1
593853,593854,593855,1,1
593853,593854,593855,1,1
593853,593853,593855,2,0
593853,593853,593856,3,0
593853,593853,593856,3,0
593853,593853,593856,3,0
593853,593853,593856,3,0
593853,593854,593856,2,1
593853,593854,593857,3,1
593853,593853,593856,3,0
593853,593853,593857,4,0
593827,593857,593858,1,30
593827,593857,593859,2,30
593827,593857,593858,1,30
593853,593857,593858,1,4
593827,593857,593859,2,30
593076,593076,593862,786,0
593867,593867,593868,1,0
593867,593867,593868,1,0
593867,593867,593868,1,0
593867,593867,593868,1,0
593867,593867,593868,1,0
593867,593867,593868,1,0
593867,593867,593868,1,0
593867,593867,593868,1,0
593867,593867,593868,1,0
593867,593867,593868,1,0
593867,593867,593868,1,0
593867,593867,593868,1,0
593867,593867,593868,1,0
593867,593867,593868,1,0
593867,593867,593868,1,0
593867,593867,593868,1,0
593867,593867,593868,1,0
593867,593867,593868,1,0
593867,593867,593868,1,0
593867,593867,593868,1,0
593867,593867,593869,2,0
593867,593867,593868,1,0
593867,593867,593868,1,0
593867,593867,593869,2,0
593867,593867,593868,1,0
593867,593867,593868,1,0
593867,593867,593868,1,0
593867,593867,593868,1,0
593867,593867,593868,1,0
593867,593867,593868,1,0
593867,593867,593868,1,0
593867,593867,593868,1,0
593867,593867,593868,1,0
593867,593867,593868,1,0
593867,593867,593868,1,0
593867,593867,593868,1,0
593867,593867,593868,1,0
593867,593867,593868,1,0
593867,593867,593868,1,0
593867,593867,593869,2,0
593867,593867,593868,1,0
593867,593867,593869,2,0
593867,593867,593870,3,0
593867,593867,593869,2,0
593867,593867,593870,3,0
593867,593867,593869,2,0
593867,593867,593869,2,0
593867,593867,593869,2,0
593867,593867,593870,3,0
593867,593867,593871,4,0
593084,593084,593884,800,0
593886,593887,593888,1,1
593886,593887,593888,1,1
593886,593887,593888,1,1
593886,593887,593888,1,1
593886,593887,593888,1,1
593886,593887,593888,1,1
593886,593887,593888,1,1
593886,593887,593888,1,1
593886,593887,593888,1,1
593886,593887,593888,1,1
593886,593887,593888,1,1
593886,593887,593888,1,1
593886,593887,593888,1,1
593886,593887,593888,1,1
593886,593887,593888,1,1
593886,593887,593888,1,1
593886,593887,593888,1,1
593886,593887,593888,1,1
593886,593887,593888,1,1
593886,593887,593888,1,1
593886,593887,593888,1,1
593886,593887,593888,1,1
593886,593887,593888,1,1
593886,593887,593888,1,1
593886,593887,593888,1,1
593886,593887,593888,1,1
593886,593887,593888,1,1
593886,593887,593889,2,1
593886,593887,593889,2,1
593886,593887,593889,2,1
593886,593887,593889,2,1
593886,593887,593889,2,1
593886,593887,593889,2,1
593886,593887,593891,4,1
593886,593887,593890,3,1
593097,593097,593905,808,0
593907,593907,593908,1,0
593907,593907,593908,1,0
593907,593907,593908,1,0
593907,593907,593908,1,0
593907,593907,593908,1,0
593907,593907,593908,1,0
593907,593907,593908,1,0
593907,593907,593908,1,0
593907,593907,593908,1,0
593907,593907,593908,1,0
593907,593907,593908,1,0
593907,593907,593908,1,0
593907,593907,593908,1,0
593907,593907,593908,1,0
593907,593907,593908,1,0
593907,593907,593908,1,0
593907,593907,593908,1,0
593907,593907,593908,1,0
593907,593907,593908,1,0
593907,593907,593908,1,0
593907,593907,593908,1,0
593907,593907,593908,1,0
593907,593907,593908,1,0
593907,593907,593908,1,0
593907,593907,593908,1,0
593907,593907,593908,1,0
593907,593907,593908,1,0
593907,593907,593908,1,0
593907,593907,593908,1,0
593907,593907,593908,1,0
593886,593907,593908,1,21
593886,593907,593908,1,21
593907,593907,593908,1,0
593907,593907,593908,1,0
593907,593907,593908,1,0
593907,593907,593908,1,0
593907,593907,593909,2,0
593907,593907,593908,1,0
593907,593907,593908,1,0
593907,593907,593908,1,0
593907,593907,593908,1,0
593907,593907,593908,1,0
593907,593907,593908,1,0
593907,593907,593908,1,0
593907,593907,593908,1,0
593907,593907,593908,1,0
593907,593907,593908,1,0
593886,593908,593909,1,22
593907,593921,593922,1,14
593178,593178,593981,803,0
593981,593982,593983,1,1
593981,593982,593983,1,1
593981,593982,593983,1,1
593981,593982,593983,1,1
593981,593982,593983,1,1
593981,593982,593983,1,1
593981,593982,593983,1,1
593981,593982,593983,1,1
593981,593982,593983,1,1
593981,593982,593983,1,1
593981,593982,593983,1,1
593981,593982,593983,1,1
593981,593982,593983,1,1
593981,593982,593983,1,1
593981,593982,593983,1,1
593981,593982,593983,1,1
593981,593982,593983,1,1
593981,593982,593983,1,1
593981,593982,593983,1,1
593981,593982,593983,1,1
593981,593982,593983,1,1
593981,593982,593983,1,1
593981,593982,593983,1,1
593981,593982,593983,1,1
593981,593982,593983,1,1
593981,593982,593983,1,1
593981,593982,593983,1,1
593981,593982,593983,1,1
593981,593982,593983,1,1
593981,593982,593983,1,1
593981,593982,593983,1,1
593981,593982,593983,1,1
593981,593982,593983,1,1
593981,593982,593983,1,1
593981,593982,593983,1,1
593981,593982,593983,1,1
593981,593982,593983,1,1
593981,593982,593983,1,1
593981,593982,593983,1,1
593981,593982,593983,1,1
593981,593982,593983,1,1
593981,593982,593983,1,1
593981,593982,593983,1,1
593981,593982,593983,1,1
593981,593982,593983,1,1
593219,593219,594000,781,0
594002,594002,594003,1,0
594002,594002,594003,1,0
594002,594002,594003,1,0
594002,594002,594003,1,0
594002,594002,594003,1,0
594002,594002,594003,1,0
594002,594002,594003,1,0
594002,594002,594003,1,0
594002,594002,594003,1,0
594002,594002,594003,1,0
594002,594002,594003,1,0
594002,594002,594003,1,0
594002,594002,594003,1,0
594002,594002,594003,1,0
594002,594002,594003,1,0
594002,594002,594003,1,0
594002,594002,594003,1,0
594002,594002,594003,1,0
594002,594002,594003,1,0
594002,594002,594003,1,0
594002,594002,594003,1,0
594002,594002,594003,1,0
594002,594002,594003,1,0
594002,594002,594003,1,0
594002,594002,594003,1,0
594002,594002,594003,1,0
594002,594002,594004,2,0
594002,594002,594004,2,0
594002,594002,594003,1,0
594002,594002,594003,1,0
594002,594002,594003,1,0
594002,594002,594003,1,0
594002,594002,594003,1,0
594002,594002,594003,1,0
594002,594002,594003,1,0
594002,594002,594003,1,0
594002,594002,594003,1,0
594002,594002,594003,1,0
594002,594002,594003,1,0
594002,594002,594003,1,0
594002,594002,594003,1,0
594002,594002,594003,1,0
594002,594002,594003,1,0
594002,594002,594003,1,0
594002,594002,594003,1,0
594002,594002,594003,1,0
594002,594002,594003,1,0
593196,593196,594004,808,0
594002,594002,594004,2,0
594002,594002,594004,2,0
594002,594002,594004,2,0
594011,594012,594013,1,1
594011,594012,594013,1,1
594011,594012,594013,1,1
594011,594012,594013,1,1
594011,594012,594013,1,1
594011,594012,594013,1,1
594011,594012,594013,1,1
594011,594012,594013,1,1
594011,594012,594013,1,1
594011,594012,594013,1,1
594011,594012,594013,1,1
594011,594012,594013,1,1
594011,594012,594013,1,1
594011,594012,594013,1,1
594011,594012,594013,1,1
594011,594012,594013,1,1
594011,594012,594013,1,1
594011,594012,594013,1,1
594011,594012,594013,1,1
594011,594012,594013,1,1
594011,594012,594013,1,1
594011,594012,594013,1,1
594011,594012,594013,1,1
594011,594012,594013,1,1
594011,594012,594013,1,1
594011,594012,594013,1,1
594011,594012,594013,1,1
594011,594012,594013,1,1
594011,594012,594013,1,1
594011,594012,594013,1,1
594011,594012,594013,1,1
594011,594012,594013,1,1
594011,594012,594013,1,1
594011,594012,594013,1,1
594011,594012,594013,1,1
594011,594012,594013,1,1
594011,594012,594013,1,1
594011,594012,594013,1,1
594011,594012,594013,1,1
594011,594012,594013,1,1
594011,594012,594013,1,1
594011,594012,594013,1,1
593181,593181,594025,844,0
594026,594027,594028,1,1
594026,594027,594028,1,1
594026,594027,594028,1,1
594026,594027,594028,1,1
594026,594026,594027,1,0
594026,594027,594028,1,1
594026,594027,594028,1,1
594026,594027,594028,1,1
594026,594027,594028,1,1
594026,594027,594028,1,1
594026,594027,594028,1,1
594026,594027,594028,1,1
594026,594027,594028,1,1
594026,594027,594028,1,1
594026,594027,594028,1,1
594026,594043,594044,1,17
594026,594043,594044,1,17
594026,594043,594044,1,17
594026,594043,594044,1,17
594026,594043,594044,1,17
593252,593252,594052,800,0
594054,594054,594055,1,0
594054,594054,594055,1,0
594054,594054,594055,1,0
594054,594054,594055,1,0
594054,594054,594055,1,0
594054,594054,594055,1,0
594054,594054,594055,1,0
594054,594054,594055,1,0
594054,594054,594056,2,0
594054,594054,594055,1,0
594054,594054,594055,1,0
594054,594054,594055,1,0
594054,594054,594055,1,0
594054,594054,594055,1,0
594054,594054,594055,1,0
594054,594054,594055,1,0
594054,594054,594055,1,0
594054,594054,594055,1,0
594054,594054,594056,2,0
594054,594054,594055,1,0
594054,594054,594055,1,0
594054,594055,594056,1,1
594054,594055,594056,1,1
594054,594055,594056,1,1
594054,594054,594055,1,0
594054,594054,594055,1,0
594054,594054,594055,1,0
594054,594054,594055,1,0
594054,594054,594055,1,0
594054,594054,594055,1,0
594054,594054,594055,1,0
594054,594054,594056,2,0
594054,594054,594055,1,0
594054,594054,594055,1,0
594054,594054,594055,1,0
594054,594054,594056,2,0
594054,594054,594056,2,0
594054,594054,594055,1,0
594054,594054,594055,1,0
594054,594054,594056,2,0
594054,594054,594057,3,0
594054,594054,594057,3,0
594054,594054,594057,3,0
594054,594054,594057,3,0
594054,594054,594056,2,0
594054,594054,594057,3,0
593237,593237,594057,820,0
594054,594054,594057,3,0
594054,594055,594058,3,1
594069,594069,594070,1,0
594069,594069,594070,1,0
594069,594069,594070,1,0
594069,594069,594070,1,0
594069,594069,594070,1,0
594069,594069,594070,1,0
594069,594069,594070,1,0
594069,594069,594070,1,0
594069,594069,594070,1,0
594069,594069,594070,1,0
594069,594069,594070,1,0
594069,594069,594070,1,0
594069,594069,594070,1,0
594069,594069,594070,1,0
594069,594069,594070,1,0
594069,594069,594070,1,0
594069,594069,594070,1,0
594069,594069,594070,1,0
594069,594069,594070,1,0
594069,594069,594070,1,0
594069,594069,594070,1,0
594069,594069,594070,1,0
594069,594069,594070,1,0
594069,594069,594070,1,0
594069,594069,594070,1,0
594069,594069,594070,1,0
594069,594069,594070,1,0
594069,594069,594070,1,0
594069,594069,594070,1,0
594069,594069,594070,1,0
594069,594069,594070,1,0
594069,594069,594070,1,0
594069,594069,594070,1,0
594069,594069,594070,1,0
594069,594069,594070,1,0
594069,594069,594070,1,0
594069,594069,594070,1,0
594069,594069,594070,1,0
594069,594069,594070,1,0
594069,594069,594070,1,0
594069,594069,594070,1,0
594069,594069,594070,1,0
593286,593286,594095,809,0
594097,594097,594098,1,0
594097,594097,594098,1,0
594097,594097,594098,1,0
594097,594097,594098,1,0
594097,594097,594098,1,0
594097,594097,594098,1,0
594097,594097,594098,1,0
594097,594097,594098,1,0
594097,594097,594098,1,0
594097,594097,594098,1,0
594097,594097,594098,1,0
594097,594097,594098,1,0
594097,594097,594098,1,0
594097,594097,594099,2,0
594097,594097,594098,1,0
594097,594097,594098,1,0
594097,594097,594098,1,0
594097,594097,594098,1,0
594097,594097,594098,1,0
594097,594097,594099,2,0
594097,594097,594098,1,0
594097,594097,594098,1,0
594097,594097,594098,1,0
594097,594097,594098,1,0
594097,594097,594098,1,0
594097,594097,594098,1,0
594097,594097,594098,1,0
594097,594097,594098,1,0
594097,594097,594098,1,0
594097,594097,594098,1,0
594097,594097,594098,1,0
594097,594097,594098,1,0
594097,594097,594098,1,0
594097,594097,594098,1,0
594097,594097,594098,1,0
594097,594097,594098,1,0
594097,594097,594100,3,0
594097,594097,594099,2,0
594097,594097,594099,2,0
594097,594097,594099,2,0
594097,594097,594100,3,0
594097,594097,594100,3,0
594097,594097,594100,3,0
594097,594097,594100,3,0
594097,594097,594100,3,0
594097,594120,594121,1,23
594097,594120,594121,1,23
593326,593326,594134,808,0
594135,594136,594137,1,1
594135,594136,594137,1,1
594135,594136,594137,1,1
594135,594136,594137,1,1
594135,594136,594137,1,1
594135,594136,594137,1,1
594135,594136,594137,1,1
594135,594136,594137,1,1
594135,594136,594137,1,1
594135,594136,594137,1,1
594135,594136,594137,1,1
594135,594136,594137,1,1
594135,594136,594137,1,1
594135,594136,594137,1,1
594135,594136,594137,1,1
594135,594136,594137,1,1
594135,594136,594137,1,1
594135,594136,594138,2,1
594135,594136,594137,1,1
594135,594136,594137,1,1
594135,594136,594137,1,1
594135,594136,594137,1,1
594135,594136,594137,1,1
594135,594136,594137,1,1
594135,594136,594137,1,1
594135,594136,594137,1,1
594135,594136,594137,1,1
594135,594136,594137,1,1
594135,594136,594137,1,1
594135,594136,594137,1,1
594135,594136,594137,1,1
594135,594136,594137,1,1
594135,594136,594137,1,1
594135,594136,594137,1,1
594135,594136,594138,2,1
594135,594136,594137,1,1
594135,594136,594138,2,1
594135,594136,594138,2,1
594135,594136,594139,3,1
594135,594136,594139,3,1
594135,594136,594138,2,1
594135,594136,594138,2,1
594135,594136,594139,3,1
594135,594147,594148,1,12
594135,594147,594148,1,12
594135,594147,594148,1,12
594135,594147,594148,1,12
594135,594147,594148,1,12
594135,594147,594150,3,12
594135,594136,594138,2,1
593148,593150,594418,1268,2
593640,593640,594461,821,0
594417,594419,594462,43,2
594463,594463,594464,1,0
594463,594463,594464,1,0
594463,594463,594464,1,0
594463,594463,594464,1,0
594463,594463,594464,1,0
594463,594463,594464,1,0
594463,594463,594464,1,0
594463,594463,594464,1,0
594463,594463,594464,1,0
594463,594463,594465,2,0
594463,594463,594464,1,0
594463,594463,594464,1,0
594463,594463,594464,1,0
594463,594463,594464,1,0
594463,594463,594464,1,0
594463,594463,594464,1,0
594463,594463,594464,1,0
594463,594464,594465,1,1
594463,594463,594464,1,0
594463,594463,594464,1,0
594463,594463,594464,1,0
594463,594463,594464,1,0
594463,594464,594465,1,1
594463,594464,594465,1,1
594463,594464,594465,1,1
594463,594464,594465,1,1
594463,594463,594464,1,0
594463,594463,594464,1,0
594463,594463,594464,1,0
594463,594463,594464,1,0
594463,594463,594464,1,0
594463,594463,594464,1,0
594463,594463,594465,2,0
594463,594463,594465,2,0
594463,594463,594465,2,0
594463,594463,594464,1,0
594463,594463,594464,1,0
594463,594463,594464,1,0
594463,594463,594466,3,0
594463,594463,594466,3,0
594463,594463,594466,3,0
594463,594464,594465,1,1
594463,594463,594465,2,0
594463,594464,594466,2,1
594463,594463,594466,3,0
594463,594463,594466,3,0
593696,593696,594492,796,0
594494,594495,594496,1,1
594494,594495,594496,1,1
594494,594495,594496,1,1
594494,594495,594496,1,1
594494,594495,594496,1,1
594494,594495,594496,1,1
594494,594495,594496,1,1
594494,594495,594496,1,1
594494,594495,594497,2,1
594494,594495,594496,1,1
594494,594495,594496,1,1
594494,594495,594496,1,1
594494,594495,594496,1,1
594494,594495,594496,1,1
594494,594495,594496,1,1
594494,594495,594496,1,1
594494,594495,594496,1,1
594494,594495,594496,1,1
594494,594495,594497,2,1
594494,594495,594496,1,1
594494,594495,594496,1,1
594494,594495,594496,1,1
594494,594495,594496,1,1
594494,594495,594496,1,1
594494,594495,594496,1,1
594494,594495,594496,1,1
594494,594495,594496,1,1
594494,594495,594496,1,1
594494,594495,594496,1,1
594494,594495,594496,1,1
594494,594495,594496,1,1
594494,594495,594496,1,1
594494,594495,594496,1,1
594494,594495,594496,1,1
594494,594495,594496,1,1
594494,594495,594497,2,1
594494,594495,594497,2,1
594494,594495,594497,2,1
594494,594495,594497,2,1
593720,593720,594529,809,0
594494,594495,594497,2,1
594534,594534,594535,1,0
594534,594534,594535,1,0
594534,594534,594535,1,0
594534,594534,594535,1,0
594534,594534,594535,1,0
594534,594534,594535,1,0
594534,594534,594535,1,0
594534,594534,594535,1,0
594534,594534,594535,1,0
594534,594534,594535,1,0
594534,594534,594535,1,0
594534,594534,594535,1,0
594534,594534,594535,1,0
594534,594534,594535,1,0
594534,594534,594535,1,0
594534,594534,594535,1,0
594534,594534,594535,1,0
594534,594534,594535,1,0
594534,594534,594535,1,0
594534,594534,594535,1,0
594424,594465,594535,70,41
594534,594535,594536,1,1
594534,594535,594536,1,1
594534,594535,594536,1,1
594534,594535,594536,1,1
594534,594534,594536,2,0
594534,594534,594536,2,0
594534,594534,594536,2,0
594534,594534,594536,2,0
594534,594534,594536,2,0
594534,594534,594535,1,0
594534,594534,594535,1,0
594534,594534,594535,1,0
594534,594534,594535,1,0
594534,594534,594535,1,0
594534,594534,594535,1,0
594534,594534,594535,1,0
594534,594534,594535,1,0
594534,594534,594535,1,0
594534,594534,594536,2,0
594534,594534,594535,1,0
594534,594534,594535,1,0
594534,594534,594535,1,0
594534,594534,594535,1,0
594534,594534,594536,2,0
594534,594534,594535,1,0
594534,594534,594535,1,0
594534,594534,594536,2,0
594534,594534,594535,1,0
594534,594534,594535,1,0
594534,594534,594535,1,0
594533,594536,594543,7,3
593722,593723,594544,821,1
594546,594547,594548,1,1
594546,594547,594548,1,1
594546,594547,594548,1,1
594546,594547,594548,1,1
594546,594547,594548,1,1
594546,594547,594548,1,1
594546,594547,594548,1,1
594546,594547,594548,1,1
594546,594547,594548,1,1
594546,594547,594548,1,1
594546,594547,594548,1,1
594546,594547,594548,1,1
594546,594547,594548,1,1
594546,594547,594548,1,1
594546,594547,594548,1,1
594546,594547,594548,1,1
594546,594547,594548,1,1
594546,594547,594548,1,1
594546,594547,594548,1,1
594546,594547,594548,1,1
594546,594547,594548,1,1
594546,594547,594548,1,1
594546,594547,594548,1,1
594546,594547,594548,1,1
594546,594547,594548,1,1
594546,594547,594548,1,1
594546,594547,594548,1,1
594546,594547,594548,1,1
594546,594547,594548,1,1
594546,594547,594548,1,1
594546,594547,594548,1,1
594546,594547,594548,1,1
594546,594547,594548,1,1
594546,594547,594548,1,1
594546,594547,594548,1,1
594546,594547,594548,1,1
594546,594547,594548,1,1
594546,594547,594548,1,1
594546,594547,594548,1,1
594546,594547,594548,1,1
594546,594547,594548,1,1
594546,594547,594548,1,1
594546,594547,594548,1,1
594546,594547,594548,1,1
594546,594547,594548,1,1
594538,594546,594552,6,8
593738,593738,594568,830,0
594568,594568,594569,1,0
594568,594568,594569,1,0
594568,594568,594569,1,0
594568,594568,594569,1,0
594568,594568,594569,1,0
594568,594568,594569,1,0
594568,594568,594569,1,0
594568,594568,594569,1,0
594568,594568,594569,1,0
594568,594568,594569,1,0
594568,594568,594569,1,0
594568,594569,594570,1,1
594568,594568,594570,2,0
594568,594569,594570,1,1
594568,594569,594570,1,1
594568,594569,594570,1,1
594568,594569,594570,1,1
594568,594569,594570,1,1
594568,594569,594570,1,1
594568,594569,594570,1,1
594568,594568,594570,2,0
594568,594568,594570,2,0
594568,594569,594570,1,1
594568,594569,594570,1,1
594568,594569,594570,1,1
594568,594569,594570,1,1
594568,594569,594570,1,1
594568,594569,594570,1,1
594568,594569,594570,1,1
594568,594569,594570,1,1
594568,594569,594570,1,1
594568,594569,594570,1,1
594568,594569,594570,1,1
594568,594569,594570,1,1
594568,594568,594570,2,0
594568,594569,594570,1,1
594568,594569,594570,1,1
594568,594569,594570,1,1
594568,594569,594570,1,1
594568,594569,594570,1,1
594568,594569,594570,1,1
594568,594569,594570,1,1
593791,593791,594601,810,0
594603,594603,594604,1,0
594603,594603,594604,1,0
594603,594603,594604,1,0
594603,594603,594604,1,0
594603,594603,594604,1,0
594603,594603,594604,1,0
594603,594603,594604,1,0
594603,594603,594604,1,0
594603,594603,594604,1,0
594603,594603,594604,1,0
594603,594603,594604,1,0
594603,594603,594604,1,0
594603,594603,594604,1,0
594603,594603,594604,1,0
594603,594603,594604,1,0
594603,594603,594604,1,0
594603,594603,594604,1,0
594603,594603,594604,1,0
594603,594603,594604,1,0
594603,594603,594604,1,0
594603,594603,594604,1,0
594603,594603,594604,1,0
594603,594603,594604,1,0
594603,594603,594604,1,0
594603,594603,594604,1,0
594603,594603,594604,1,0
594603,594603,594604,1,0
594603,594603,594604,1,0
594603,594603,594604,1,0
594603,594603,594604,1,0
594603,594603,594604,1,0
594603,594603,594604,1,0
594603,594603,594604,1,0
594603,594603,594604,1,0
594603,594603,594604,1,0
594603,594603,594604,1,0
594603,594603,594604,1,0
594603,594603,594604,1,0
593785,593785,594611,826,0
594617,594618,594619,1,1
594617,594618,594619,1,1
594617,594618,594619,1,1
594617,594618,594619,1,1
594617,594618,594619,1,1
594617,594618,594619,1,1
594617,594618,594619,1,1
594617,594618,594619,1,1
594617,594618,594619,1,1
594617,594618,594619,1,1
594617,594618,594619,1,1
594617,594618,594619,1,1
594617,594618,594619,1,1
594617,594618,594619,1,1
594617,594618,594619,1,1
594617,594618,594619,1,1
594617,594618,594619,1,1
594617,594618,594619,1,1
594617,594618,594619,1,1
594617,594618,594619,1,1
593828,593828,594618,790,0
594617,594618,594619,1,1
594617,594618,594619,1,1
594617,594618,594619,1,1
594617,594618,594619,1,1
594617,594618,594619,1,1
594617,594618,594619,1,1
594617,594618,594619,1,1
594617,594618,594619,1,1
594617,594618,594619,1,1
594617,594618,594619,1,1
594617,594618,594619,1,1
594617,594618,594619,1,1
594617,594618,594619,1,1
594617,594618,594619,1,1
594617,594618,594619,1,1
594617,594618,594619,1,1
594617,594618,594619,1,1
594617,594618,594619,1,1
594617,594618,594619,1,1
594617,594618,594619,1,1
594617,594618,594619,1,1
594620,594620,594621,1,0
594620,594620,594621,1,0
594620,594620,594621,1,0
594620,594620,594621,1,0
594620,594620,594621,1,0
594620,594620,594621,1,0
594620,594620,594621,1,0
594620,594620,594621,1,0
594620,594620,594621,1,0
594620,594620,594621,1,0
594620,594620,594621,1,0
594620,594620,594621,1,0
594620,594620,594621,1,0
594620,594620,594621,1,0
594620,594620,594621,1,0
594620,594620,594621,1,0
594620,594620,594621,1,0
594620,594620,594621,1,0
594620,594620,594621,1,0
594620,594620,594621,1,0
594620,594620,594621,1,0
594620,594620,594621,1,0
594620,594620,594621,1,0
594620,594620,594621,1,0
594620,594620,594621,1,0
594620,594620,594621,1,0
594620,594620,594621,1,0
594620,594620,594621,1,0
594620,594620,594621,1,0
594620,594620,594621,1,0
594620,594620,594621,1,0
594620,594620,594621,1,0
594620,594620,594621,1,0
594620,594620,594621,1,0
594620,594620,594621,1,0
594620,594620,594621,1,0
594620,594620,594621,1,0
594620,594620,594621,1,0
594620,594620,594621,1,0
594620,594620,594621,1,0
594620,594620,594621,1,0
594620,594620,594621,1,0
594620,594620,594621,1,0
594620,594620,594621,1,0
594620,594620,594621,1,0
594620,594620,594621,1,0
594620,594620,594621,1,0
594620,594620,594621,1,0
594617,594636,594637,1,19
594617,594636,594637,1,19
594617,594636,594637,1,19
594617,594636,594637,1,19
594617,594636,594637,1,19
594617,594636,594637,1,19
594617,594636,594637,1,19
593868,593868,594673,805,0
594674,594675,594676,1,1
594674,594674,594676,2,0
594674,594674,594676,2,0
594674,594675,594676,1,1
594674,594675,594676,1,1
594674,594675,594676,1,1
594674,594675,594676,1,1
594674,594675,594676,1,1
594674,594675,594676,1,1
594674,594675,594676,1,1
594674,594675,594676,1,1
594674,594675,594677,2,1
594674,594675,594676,1,1
594674,594675,594676,1,1
594674,594675,594676,1,1
594674,594675,594676,1,1
594674,594675,594676,1,1
594674,594675,594676,1,1
594674,594675,594676,1,1
594674,594675,594676,1,1
594674,594675,594676,1,1
594674,594675,594676,1,1
594674,594675,594676,1,1
594674,594675,594676,1,1
594674,594675,594676,1,1
594674,594675,594677,2,1
593854,593854,594677,823,0
594674,594675,594677,2,1
594674,594675,594677,2,1
594674,594675,594677,2,1
594674,594675,594677,2,1
594674,594675,594677,2,1
594674,594675,594677,2,1
594674,594675,594677,2,1
594674,594675,594678,3,1
594678,594678,594679,1,0
594678,594678,594679,1,0
594678,594678,594679,1,0
594678,594678,594679,1,0
594678,594678,594679,1,0
594678,594678,594679,1,0
594678,594678,594679,1,0
594678,594678,594679,1,0
594678,594678,594679,1,0
594678,594679,594680,1,1
594678,594679,594680,1,1
594678,594679,594680,1,1
594678,594679,594680,1,1
594678,594678,594680,2,0
594678,594678,594680,2,0
594678,594678,594679,1,0
594678,594678,594679,1,0
594678,594678,594679,1,0
594678,594678,594680,2,0
594678,594678,594679,1,0
594678,594678,594679,1,0
594678,594678,594680,2,0
594678,594678,594680,2,0
594678,594678,594680,2,0
594678,594678,594680,2,0
594678,594678,594680,2,0
594678,594678,594680,2,0
594678,594678,594680,2,0
594678,594678,594680,2,0
594678,594678,594679,1,0
594678,594678,594680,2,0
594678,594678,594679,1,0
594678,594678,594679,1,0
594678,594678,594680,2,0
594678,594678,594679,1,0
594678,594678,594680,2,0
594678,594678,594680,2,0
594678,594678,594680,2,0
594678,594678,594680,2,0
594678,594678,594680,2,0
594678,594678,594680,2,0
594678,594678,594680,2,0
594678,594679,594681,2,1
594678,594678,594681,3,0
594678,594678,594681,3,0
594678,594678,594681,3,0
594678,594678,594681,3,0
594678,594678,594681,3,0
594678,594678,594681,3,0
594678,594678,594682,4,0
594674,594690,594691,1,16
594674,594690,594692,2,16
593888,593888,594711,823,0
594712,594712,594714,2,0
594712,594713,594714,1,1
594712,594713,594714,1,1
594712,594713,594714,1,1
594712,594713,594714,1,1
594712,594713,594714,1,1
594712,594712,594714,2,0
594712,594713,594714,1,1
594712,594713,594714,1,1
594712,594713,594714,1,1
594712,594713,594714,1,1
594712,594713,594714,1,1
594712,594713,594714,1,1
594712,594713,594714,1,1
594712,594712,594714,2,0
594712,594713,594714,1,1
594712,594713,594714,1,1
594712,594713,594714,1,1
594712,594713,594714,1,1
594712,594713,594714,1,1
594712,594713,594714,1,1
594712,594713,594714,1,1
594712,594713,594714,1,1
594712,594713,594714,1,1
594712,594712,594714,2,0
594712,594713,594714,1,1
594712,594713,594714,1,1
594712,594713,594714,1,1
594712,594713,594715,2,1
594712,594713,594715,2,1
594712,594713,594715,2,1
594712,594713,594715,2,1
594712,594713,594715,2,1
594712,594713,594715,2,1
594712,594713,594715,2,1
594712,594713,594715,2,1
594712,594713,594716,3,1
594712,594713,594716,3,1
594712,594713,594716,3,1
594712,594713,594716,3,1
593908,593908,594737,829,0
594739,594740,594741,1,1
594739,594739,594740,1,0
594739,594740,594741,1,1
594739,594739,594740,1,0
594739,594740,594741,1,1
594739,594740,594741,1,1
594739,594740,594741,1,1
594739,594740,594741,1,1
594739,594740,594741,1,1
594739,594740,594741,1,1
594739,594740,594741,1,1
594739,594739,594741,2,0
594739,594740,594741,1,1
594739,594740,594741,1,1
594739,594740,594741,1,1
594739,594740,594741,1,1
594739,594740,594742,2,1
594739,594740,594741,1,1
594739,594740,594741,1,1
594739,594740,594741,1,1
594739,594740,594741,1,1
594739,594740,594741,1,1
594739,594740,594741,1,1
594739,594740,594741,1,1
594739,594740,594741,1,1
594739,594740,594741,1,1
594739,594740,594741,1,1
594739,594740,594741,1,1
594739,594740,594742,2,1
594739,594740,594742,2,1
594739,594740,594742,2,1
594739,594740,594742,2,1
594739,594740,594742,2,1
594739,594740,594742,2,1
594739,594740,594742,2,1
594739,594740,594742,2,1
593983,593983,594796,813,0
594797,594797,594798,1,0
594797,594797,594798,1,0
594797,594797,594798,1,0
594797,594797,594798,1,0
594797,594797,594798,1,0
594797,594797,594798,1,0
594797,594797,594798,1,0
594797,594797,594798,1,0
594797,594797,594798,1,0
594797,594797,594798,1,0
594797,594797,594798,1,0
594797,594797,594798,1,0
594797,594797,594798,1,0
594797,594797,594798,1,0
594797,594797,594798,1,0
594797,594797,594798,1,0
594797,594797,594798,1,0
594797,594797,594798,1,0
594797,594797,594798,1,0
594797,594797,594798,1,0
594797,594797,594798,1,0
594797,594797,594798,1,0
594797,594797,594798,1,0
594797,594797,594798,1,0
594797,594797,594799,2,0
594797,594797,594798,1,0
594797,594797,594798,1,0
594797,594797,594798,1,0
594797,594797,594798,1,0
594797,594797,594798,1,0
594797,594797,594799,2,0
594797,594797,594799,2,0
594797,594797,594798,1,0
594797,594797,594798,1,0
594797,594797,594798,1,0
594797,594797,594798,1,0
594797,594797,594798,1,0
594797,594797,594798,1,0
594797,594797,594798,1,0
594797,594797,594800,3,0
594797,594797,594800,3,0
594797,594797,594799,2,0
594797,594797,594800,3,0
594797,594797,594800,3,0
594797,594797,594800,3,0
594003,594003,594812,809,0
594814,594814,594815,1,0
594814,594814,594815,1,0
594797,594813,594814,1,16
594797,594813,594814,1,16
594814,594814,594815,1,0
594814,594814,594815,1,0
594814,594814,594815,1,0
594814,594814,594815,1,0
594814,594814,594815,1,0
594814,594814,594815,1,0
594814,594814,594815,1,0
594814,594814,594815,1,0
594814,594814,594815,1,0
594814,594814,594815,1,0
594814,594814,594815,1,0
594814,594814,594815,1,0
594814,594814,594815,1,0
594814,594814,594815,1,0
594814,594814,594815,1,0
594814,594814,594815,1,0
594814,594814,594815,1,0
594814,594814,594815,1,0
594814,594814,594815,1,0
594814,594814,594815,1,0
594814,594814,594815,1,0
594814,594814,594815,1,0
594814,594814,594815,1,0
594814,594814,594815,1,0
594814,594814,594815,1,0
594814,594814,594816,2,0
594814,594814,594815,1,0
594814,594814,594815,1,0
594814,594814,594815,1,0
594814,594814,594815,1,0
594814,594814,594815,1,0
594814,594814,594815,1,0
594814,594814,594816,2,0
594814,594814,594815,1,0
594814,594814,594815,1,0
594814,594814,594815,1,0
594814,594814,594816,2,0
594814,594814,594815,1,0
594814,594814,594815,1,0
594814,594814,594816,2,0
594814,594814,594815,1,0
594814,594814,594816,2,0
594814,594815,594816,1,1
594013,594013,594816,803,0
594028,594028,594821,793,0
594822,594823,594824,1,1
594822,594823,594824,1,1
594822,594823,594824,1,1
594822,594823,594824,1,1
594822,594823,594824,1,1
594822,594823,594824,1,1
594822,594823,594824,1,1
594822,594823,594824,1,1
594822,594823,594824,1,1
594822,594823,594824,1,1
594822,594823,594824,1,1
594822,594823,594824,1,1
594822,594823,594824,1,1
594822,594823,594824,1,1
594822,594823,594824,1,1
594822,594823,594824,1,1
594822,594823,594824,1,1
594822,594823,594824,1,1
594822,594823,594824,1,1
594822,594823,594824,1,1
594822,594823,594824,1,1
594822,594823,594824,1,1
594822,594823,594824,1,1
594822,594823,594824,1,1
594822,594823,594824,1,1
594822,594823,594824,1,1
594822,594823,594824,1,1
594822,594823,594824,1,1
594832,594832,594833,1,0
594832,594832,594833,1,0
594832,594832,594833,1,0
594832,594832,594833,1,0
594832,594832,594833,1,0
594832,594832,594833,1,0
594832,594832,594833,1,0
594832,594832,594833,1,0
594832,594832,594833,1,0
594832,594832,594833,1,0
594832,594832,594833,1,0
594832,594832,594833,1,0
594832,594832,594833,1,0
594832,594832,594833,1,0
594832,594832,594833,1,0
594832,594832,594833,1,0
594832,594832,594833,1,0
594832,594832,594833,1,0
594832,594832,594833,1,0
594832,594832,594833,1,0
594832,594832,594833,1,0
594832,594832,594833,1,0
594832,594832,594833,1,0
594832,594832,594833,1,0
594832,594832,594833,1,0
594832,594832,594833,1,0
594832,594832,594833,1,0
594832,594832,594833,1,0
594832,594832,594833,1,0
594832,594832,594833,1,0
594832,594832,594833,1,0
594832,594832,594833,1,0
594832,594832,594833,1,0
594832,594832,594833,1,0
594832,594832,594833,1,0
594832,594832,594833,1,0
594832,594832,594833,1,0
594832,594832,594833,1,0
594832,594832,594833,1,0
594832,594832,594833,1,0
594832,594832,594833,1,0
594832,594832,594833,1,0
594832,594832,594833,1,0
594832,594832,594833,1,0
594832,594832,594833,1,0
594832,594832,594833,1,0
594832,594832,594833,1,0
594832,594832,594833,1,0
594832,594832,594833,1,0
594832,594832,594833,1,0
594070,594070,594852,782,0
594852,594853,594854,1,1
594852,594853,594854,1,1
594852,594853,594854,1,1
594852,594853,594854,1,1
594852,594853,594854,1,1
594852,594853,594854,1,1
594852,594853,594854,1,1
594852,594853,594854,1,1
594852,594853,594854,1,1
594852,594853,594854,1,1
594852,594853,594854,1,1
594852,594853,594854,1,1
594852,594853,594854,1,1
594852,594853,594854,1,1
594852,594853,594854,1,1
594852,594853,594854,1,1
594852,594853,594854,1,1
594852,594853,594854,1,1
594852,594853,594854,1,1
594852,594853,594854,1,1
594852,594853,594854,1,1
594852,594853,594854,1,1
594055,594055,594874,819,0
594852,594874,594875,1,22
594852,594874,594875,1,22
594852,594874,594875,1,22
594852,594874,594875,1,22
594852,594874,594875,1,22
594875,594875,594876,1,0
594875,594875,594876,1,0
594875,594875,594876,1,0
594875,594875,594876,1,0
594875,594875,594876,1,0
594875,594875,594876,1,0
594875,594875,594876,1,0
594875,594875,594876,1,0
594875,594875,594876,1,0
594875,594875,594876,1,0
594875,594875,594876,1,0
594875,594875,594876,1,0
594875,594875,594876,1,0
594875,594875,594876,1,0
594875,594875,594876,1,0
594875,594875,594876,1,0
594875,594875,594876,1,0
594875,594875,594876,1,0
594875,594875,594876,1,0
594875,594875,594876,1,0
594875,594875,594876,1,0
594875,594875,594876,1,0
594875,594875,594876,1,0
594875,594875,594876,1,0
594875,594875,594876,1,0
594875,594875,594876,1,0
594875,594875,594876,1,0
594875,594875,594876,1,0
594875,594875,594876,1,0
594875,594875,594876,1,0
594875,594875,594876,1,0
594875,594875,594876,1,0
594875,594875,594876,1,0
594875,594875,594876,1,0
594875,594875,594877,2,0
594875,594875,594876,1,0
594875,594875,594877,2,0
594875,594875,594876,1,0
594875,594875,594876,1,0
594875,594875,594876,1,0
594875,594875,594876,1,0
594875,594875,594876,1,0
594875,594875,594876,1,0
594098,594098,594894,796,0
594895,594895,594896,1,0
594895,594895,594896,1,0
594895,594895,594896,1,0
594895,594895,594896,1,0
594895,594895,594896,1,0
594895,594895,594896,1,0
594895,594895,594896,1,0
594895,594895,594896,1,0
594895,594895,594896,1,0
594895,594895,594896,1,0
594895,594895,594896,1,0
594895,594895,594896,1,0
594895,594895,594896,1,0
594895,594895,594896,1,0
594895,594895,594896,1,0
594895,594895,594896,1,0
594895,594895,594896,1,0
594895,594895,594896,1,0
594895,594895,594896,1,0
594895,594895,594896,1,0
594895,594895,594896,1,0
594895,594895,594896,1,0
594895,594895,594896,1,0
594895,594895,594896,1,0
594895,594895,594896,1,0
594895,594895,594896,1,0
594895,594895,594896,1,0
594895,594895,594896,1,0
594895,594895,594896,1,0
594895,594895,594896,1,0
594895,594895,594896,1,0
594895,594895,594896,1,0
594895,594895,594896,1,0
594895,594895,594896,1,0
594895,594895,594896,1,0
594895,594895,594896,1,0
594895,594895,594896,1,0
594895,594895,594896,1,0
594895,594895,594896,1,0
594895,594895,594896,1,0
594895,594895,594896,1,0
594895,594895,594896,1,0
594895,594895,594896,1,0
594895,594895,594896,1,0
594895,594895,594896,1,0
594895,594895,594896,1,0
594895,594895,594896,1,0
594895,594895,594896,1,0
594895,594895,594896,1,0
594895,594895,594896,1,0
594137,594137,594940,803,0
594940,594941,594942,1,1
594940,594941,594942,1,1
594940,594941,594942,1,1
594940,594941,594942,1,1
594940,594941,594942,1,1
594940,594941,594942,1,1
594940,594941,594942,1,1
594940,594941,594942,1,1
594940,594941,594942,1,1
594940,594941,594942,1,1
594940,594941,594942,1,1
594940,594941,594942,1,1
594940,594941,594942,1,1
594940,594941,594942,1,1
594940,594941,594943,2,1
594940,594941,594942,1,1
594940,594941,594942,1,1
594940,594941,594942,1,1
594940,594941,594942,1,1
594940,594941,594942,1,1
594940,594941,594943,2,1
594940,594941,594942,1,1
594940,594941,594942,1,1
594940,594941,594942,1,1
594940,594941,594942,1,1
594940,594941,594942,1,1
594940,594941,594942,1,1
594940,594941,594942,1,1
594940,594941,594942,1,1
594940,594941,594942,1,1
594940,594941,594942,1,1
594940,594941,594942,1,1
594940,594941,594942,1,1
594940,594941,594942,1,1
594940,594941,594942,1,1
594940,594941,594943,2,1
594940,594941,594943,2,1
594940,594941,594944,3,1
594940,594941,594943,2,1
594940,594941,594943,2,1
594940,594941,594944,3,1
594940,594941,594943,2,1
594940,594959,594960,1,19
595071,595071,595072,1,0
595071,595071,595072,1,0
595071,595071,595072,1,0
595071,595071,595072,1,0
595071,595071,595072,1,0
595071,595071,595072,1,0
595071,595071,595072,1,0
595071,595071,595072,1,0
595071,595071,595072,1,0
595071,595071,595072,1,0
595071,595071,595072,1,0
595071,595071,595072,1,0
595071,595071,595072,1,0
595071,595071,595072,1,0
595071,595071,595072,1,0
595071,595071,595072,1,0
595071,595071,595072,1,0
595071,595071,595072,1,0
595071,595071,595072,1,0
595071,595071,595072,1,0
595071,595071,595072,1,0
595071,595071,595072,1,0
595071,595071,595072,1,0
595071,595071,595072,1,0
595071,595071,595072,1,0
595071,595071,595072,1,0
595071,595071,595072,1,0
595071,595071,595072,1,0
595071,595071,595072,1,0
595071,595071,595073,2,0
595071,595071,595072,1,0
595071,595071,595073,2,0
595071,595071,595073,2,0
595071,595071,595072,1,0
595071,595071,595073,2,0
595071,595071,595073,2,0
595071,595071,595072,1,0
595071,595071,595073,2,0
595071,595071,595073,2,0
595071,595071,595074,3,0
595071,595071,595073,2,0
595071,595071,595074,3,0
595071,595071,595074,3,0
595071,595071,595075,4,0
595071,595071,595074,3,0
595071,595071,595075,4,0
595071,595071,595075,4,0
595071,595071,595074,3,0
595071,595071,595075,4,0
595083,595083,595084,1,0
595083,595083,595084,1,0
595083,595083,595084,1,0
595083,595083,595084,1,0
595083,595083,595084,1,0
595083,595083,595084,1,0
595083,595083,595084,1,0
595083,595083,595084,1,0
595083,595083,595084,1,0
595083,595083,595084,1,0
595083,595083,595085,2,0
595083,595083,595084,1,0
595083,595083,595084,1,0
595083,595083,595084,1,0
595083,595083,595084,1,0
595083,595083,595085,2,0
595083,595083,595084,1,0
595083,595083,595084,1,0
595083,595083,595084,1,0
595083,595083,595085,2,0
595083,595083,595085,2,0
595083,595083,595086,3,0
595083,595083,595086,3,0
595083,595083,595086,3,0
595083,595083,595086,3,0
595083,595083,595086,3,0
595083,595083,595087,4,0
595083,595083,595086,3,0
595083,595083,595087,4,0
595095,595095,595096,1,0
595095,595095,595096,1,0
595095,595095,595096,1,0
595095,595095,595096,1,0
595095,595095,595096,1,0
595095,595095,595096,1,0
595095,595095,595096,1,0
595095,595095,595096,1,0
595095,595095,595096,1,0
595095,595095,595096,1,0
595095,595095,595096,1,0
595095,595095,595096,1,0
595095,595095,595096,1,0
595095,595095,595096,1,0
595095,595095,595096,1,0
595095,595095,595096,1,0
595095,595095,595096,1,0
595095,595095,595096,1,0
595095,595095,595096,1,0
595095,595095,595096,1,0
595095,595095,595096,1,0
595095,595095,595096,1,0
595095,595095,595096,1,0
595095,595095,595096,1,0
595095,595095,595096,1,0
595095,595095,595096,1,0
595095,595095,595096,1,0
595095,595095,595096,1,0
595095,595095,595096,1,0
595095,595095,595097,2,0
595095,595095,595097,2,0
595095,595095,595096,1,0
595095,595095,595096,1,0
595095,595095,595096,1,0
595095,595095,595096,1,0
595095,595095,595096,1,0
595095,595095,595096,1,0
595095,595095,595098,3,0
595095,595095,595098,3,0
595095,595095,595097,2,0
595095,595095,595098,3,0
595095,595095,595098,3,0
595095,595095,595098,3,0
595095,595095,595098,3,0
595095,595095,595099,4,0
595095,595095,595099,4,0
595107,595107,595108,1,0
595107,595107,595108,1,0
595107,595107,595108,1,0
595107,595107,595108,1,0
595107,595107,595108,1,0
595107,595107,595108,1,0
595107,595107,595108,1,0
595107,595107,595108,1,0
595107,595107,595108,1,0
595107,595107,595108,1,0
595107,595107,595108,1,0
595107,595107,595110,3,0
595107,595107,595109,2,0
595107,595107,595109,2,0
595107,595107,595110,3,0
595107,595107,595110,3,0
595107,595107,595110,3,0
595107,595107,595110,3,0
595117,595117,595118,1,0
595117,595117,595118,1,0
595117,595117,595118,1,0
595117,595117,595118,1,0
595117,595117,595118,1,0
595117,595117,595118,1,0
595117,595117,595118,1,0
595117,595117,595118,1,0
595117,595117,595118,1,0
595117,595117,595118,1,0
595117,595117,595118,1,0
595117,595117,595118,1,0
595117,595117,595118,1,0
595117,595117,595118,1,0
595117,595117,595118,1,0
595117,595117,595118,1,0
595117,595117,595118,1,0
595117,595117,595118,1,0
595117,595117,595118,1,0
595117,595117,595118,1,0
595117,595117,595118,1,0
595117,595117,595118,1,0
595117,595117,595118,1,0
595117,595117,595118,1,0
595117,595117,595118,1,0
595117,595117,595118,1,0
595117,595117,595118,1,0
595117,595117,595118,1,0
595117,595117,595118,1,0
595117,595117,595118,1,0
595117,595117,595118,1,0
595117,595117,595118,1,0
595117,595117,595118,1,0
595117,595117,595118,1,0
595117,595117,595118,1,0
595117,595117,595118,1,0
595117,595117,595118,1,0
595117,595117,595118,1,0
595117,595117,595118,1,0
595117,595117,595118,1,0
595117,595117,595118,1,0
595117,595117,595118,1,0
595117,595117,595119,2,0
595117,595117,595119,2,0
595117,595117,595119,2,0
595117,595117,595119,2,0
595117,595117,595120,3,0
595117,595117,595119,2,0
595117,595117,595119,2,0
595117,595117,595120,3,0
595127,595127,595128,1,0
595127,595127,595128,1,0
595127,595127,595128,1,0
595127,595127,595128,1,0
595127,595127,595128,1,0
595127,595127,595128,1,0
595127,595127,595128,1,0
595127,595127,595128,1,0
595127,595127,595128,1,0
595127,595127,595128,1,0
595127,595127,595128,1,0
595127,595127,595128,1,0
595127,595127,595128,1,0
595127,595127,595128,1,0
595127,595127,595128,1,0
595127,595127,595128,1,0
595127,595127,595128,1,0
595127,595127,595128,1,0
595127,595127,595128,1,0
595127,595127,595128,1,0
595127,595127,595128,1,0
595127,595127,595128,1,0
595127,595127,595128,1,0
595127,595127,595128,1,0
595127,595127,595128,1,0
595127,595127,595128,1,0
595127,595127,595128,1,0
595127,595127,595128,1,0
595135,595135,595136,1,0
595135,595135,595136,1,0
595135,595135,595136,1,0
595135,595135,595136,1,0
595135,595135,595136,1,0
595135,595135,595136,1,0
595135,595135,595136,1,0
595135,595135,595136,1,0
595135,595135,595136,1,0
595135,595135,595136,1,0
595135,595135,595136,1,0
595135,595135,595136,1,0
595135,595135,595136,1,0
595135,595135,595136,1,0
595135,595135,595136,1,0
595135,595135,595136,1,0
595135,595135,595136,1,0
595135,595135,595136,1,0
595135,595135,595136,1,0
595135,595135,595136,1,0
595135,595135,595136,1,0
595135,595135,595136,1,0
595135,595135,595136,1,0
595135,595135,595136,1,0
595135,595135,595136,1,0
595135,595135,595136,1,0
595135,595135,595136,1,0
595135,595135,595136,1,0
595135,595135,595136,1,0
595135,595135,595136,1,0
595135,595135,595136,1,0
595135,595135,595136,1,0
595135,595135,595136,1,0
595135,595135,595136,1,0
595135,595135,595136,1,0
595135,595135,595136,1,0
595135,595135,595136,1,0
595135,595135,595136,1,0
595135,595135,595136,1,0
595135,595135,595136,1,0
595135,595135,595136,1,0
595135,595135,595136,1,0
595135,595135,595136,1,0
595135,595135,595136,1,0
595135,595135,595136,1,0
595135,595135,595136,1,0
595135,595135,595136,1,0
595135,595135,595136,1,0
595135,595135,595136,1,0
595135,595135,595136,1,0
595143,595143,595144,1,0
595143,595143,595144,1,0
595143,595143,595144,1,0
595143,595143,595144,1,0
595143,595143,595144,1,0
595143,595143,595144,1,0
595143,595143,595144,1,0
595143,595143,595144,1,0
595143,595143,595144,1,0
595143,595143,595144,1,0
595143,595143,595144,1,0
595143,595143,595144,1,0
595143,595143,595144,1,0
595143,595143,595144,1,0
595143,595143,595144,1,0
595143,595143,595144,1,0
595143,595143,595144,1,0
595143,595143,595144,1,0
595143,595143,595144,1,0
595143,595143,595144,1,0
595143,595143,595144,1,0
595143,595143,595144,1,0
595143,595143,595144,1,0
595143,595143,595144,1,0
595143,595143,595144,1,0
595143,595143,595144,1,0
595143,595143,595144,1,0
595143,595143,595144,1,0
595143,595143,595144,1,0
595143,595143,595144,1,0
595143,595143,595144,1,0
595143,595143,595144,1,0
595143,595143,595144,1,0
595143,595143,595144,1,0
595143,595143,595144,1,0
595143,595143,595144,1,0
595143,595143,595144,1,0
595143,595143,595144,1,0
595143,595143,595144,1,0
595143,595143,595144,1,0
595143,595143,595144,1,0
595143,595143,595144,1,0
595143,595143,595144,1,0
595143,595143,595144,1,0
595143,595143,595144,1,0
595143,595143,595144,1,0
595143,595143,595144,1,0
595150,595150,595151,1,0
595150,595150,595151,1,0
595150,595150,595151,1,0
595150,595150,595151,1,0
595150,595150,595151,1,0
595150,595150,595151,1,0
595150,595150,595151,1,0
595150,595150,595151,1,0
595150,595150,595151,1,0
595150,595150,595151,1,0
595150,595150,595151,1,0
595150,595150,595151,1,0
595150,595150,595151,1,0
595150,595150,595151,1,0
595150,595150,595151,1,0
595150,595150,595151,1,0
595150,595150,595151,1,0
595150,595150,595151,1,0
595150,595150,595151,1,0
595150,595150,595151,1,0
595150,595150,595151,1,0
595150,595150,595151,1,0
595150,595150,595151,1,0
595150,595150,595151,1,0
595150,595150,595151,1,0
595150,595150,595151,1,0
595150,595150,595151,1,0
595150,595150,595151,1,0
595150,595150,595151,1,0
595150,595150,595151,1,0
595150,595150,595151,1,0
595150,595150,595151,1,0
595150,595150,595151,1,0
595150,595150,595151,1,0
595150,595150,595151,1,0
595150,595150,595151,1,0
595150,595150,595151,1,0
595150,595150,595151,1,0
595150,595150,595151,1,0
595150,595150,595151,1,0
595150,595150,595151,1,0
595150,595150,595152,2,0
595157,595157,595158,1,0
595157,595157,595158,1,0
595157,595157,595158,1,0
595157,595157,595158,1,0
595157,595157,595158,1,0
595157,595157,595158,1,0
595157,595157,595158,1,0
595157,595157,595158,1,0
595157,595157,595158,1,0
595157,595157,595158,1,0
595157,595157,595158,1,0
595157,595157,595158,1,0
595157,595157,595158,1,0
595157,595157,595158,1,0
595157,595157,595158,1,0
595157,595157,595158,1,0
595157,595157,595158,1,0
595157,595157,595158,1,0
595157,595157,595158,1,0
595157,595157,595158,1,0
595164,595164,595165,1,0
595164,595164,595165,1,0
595164,595164,595165,1,0
595164,595164,595165,1,0
595164,595164,595165,1,0
595164,595164,595165,1,0
595164,595164,595165,1,0
595164,595164,595165,1,0
595164,595164,595165,1,0
595164,595164,595165,1,0
595164,595164,595165,1,0
595164,595164,595165,1,0
595164,595164,595165,1,0
595164,595164,595165,1,0
595164,595164,595165,1,0
595164,595164,595165,1,0
595164,595164,595165,1,0
595164,595164,595165,1,0
595164,595164,595165,1,0
595164,595164,595165,1,0
595164,595164,595165,1,0
595164,595164,595165,1,0
595164,595164,595165,1,0
595164,595164,595165,1,0
595164,595164,595165,1,0
595164,595164,595165,1,0
595164,595164,595165,1,0
595164,595164,595165,1,0
595164,595164,595165,1,0
595164,595164,595165,1,0
595164,595164,595165,1,0
595164,595164,595165,1,0
595164,595164,595165,1,0
595164,595164,595165,1,0
595164,595164,595165,1,0
595164,595164,595165,1,0
595164,595164,595165,1,0
595164,595164,595165,1,0
595164,595164,595165,1,0
595164,595164,595165,1,0
595164,595164,595165,1,0
595164,595164,595165,1,0
595164,595164,595165,1,0
595164,595164,595165,1,0
595164,595164,595165,1,0
595164,595164,595165,1,0
595164,595164,595165,1,0
594464,594464,595257,793,0
595259,595259,595260,1,0
595259,595259,595260,1,0
595259,595259,595260,1,0
595259,595259,595260,1,0
595259,595259,595260,1,0
595259,595259,595260,1,0
595259,595259,595260,1,0
595259,595259,595260,1,0
595259,595259,595260,1,0
595259,595259,595260,1,0
595259,595259,595260,1,0
595259,595259,595260,1,0
595259,595259,595260,1,0
595259,595259,595260,1,0
595259,595260,595261,1,1
595259,595259,595260,1,0
595259,595259,595260,1,0
595259,595259,595260,1,0
595259,595259,595260,1,0
595259,595259,595260,1,0
595259,595259,595260,1,0
595259,595259,595261,2,0
595259,595259,595260,1,0
595259,595259,595260,1,0
595259,595259,595261,2,0
595259,595259,595261,2,0
595259,595259,595260,1,0
595259,595259,595260,1,0
595259,595259,595260,1,0
595259,595259,595261,2,0
595259,595259,595260,1,0
595259,595259,595260,1,0
595259,595259,595261,2,0
595259,595259,595261,2,0
595259,595259,595260,1,0
595259,595259,595260,1,0
595259,595259,595260,1,0
595259,595259,595261,2,0
595259,595259,595262,3,0
595259,595259,595261,2,0
595259,595260,595262,2,1
595259,595259,595262,3,0
595259,595259,595262,3,0
595259,595259,595262,3,0
595259,595259,595262,3,0
595259,595259,595262,3,0
595259,595259,595262,3,0
594496,594496,595295,799,0
595296,595296,595298,2,0
595296,595297,595298,1,1
595296,595297,595298,1,1
595296,595296,595298,2,0
595296,595297,595298,1,1
595296,595297,595298,1,1
595296,595297,595299,2,1
595296,595297,595298,1,1
595296,595297,595298,1,1
595296,595297,595298,1,1
595296,595296,595298,2,0
595296,595296,595298,2,0
595296,595297,595298,1,1
595296,595297,595298,1,1
595296,595296,595298,2,0
595296,595297,595298,1,1
595296,595297,595298,1,1
595296,595297,595298,1,1
595296,595296,595298,2,0
595296,595296,595298,2,0
595296,595297,595298,1,1
595296,595297,595298,1,1
595296,595296,595298,2,0
595296,595296,595298,2,0
595296,595297,595298,1,1
595296,595297,595298,1,1
595296,595297,595298,1,1
595296,595296,595298,2,0
595296,595297,595298,1,1
595296,595297,595298,1,1
595296,595297,595298,1,1
595296,595297,595298,1,1
595296,595297,595298,1,1
595296,595297,595298,1,1
595296,595296,595298,2,0
595296,595297,595298,1,1
595296,595297,595298,1,1
595296,595297,595298,1,1
595296,595296,595299,3,0
595296,595296,595299,3,0
595296,595297,595299,2,1
595296,595297,595299,2,1
595296,595297,595299,2,1
595296,595297,595299,2,1
595296,595297,595299,2,1
595296,595297,595300,3,1
595296,595297,595300,3,1
595296,595296,595300,4,0
595331,595331,595332,1,0
595331,595331,595332,1,0
595331,595331,595332,1,0
595331,595331,595332,1,0
595331,595331,595332,1,0
595331,595331,595332,1,0
595331,595331,595332,1,0
595331,595331,595332,1,0
595331,595331,595332,1,0
595331,595331,595332,1,0
595331,595331,595332,1,0
595331,595331,595332,1,0
595331,595331,595332,1,0
595331,595331,595332,1,0
595331,595331,595332,1,0
595331,595331,595332,1,0
595331,595331,595332,1,0
595331,595331,595332,1,0
595331,595331,595332,1,0
595331,595331,595332,1,0
595331,595331,595332,1,0
595331,595331,595332,1,0
595331,595331,595332,1,0
595331,595331,595333,2,0
595331,595331,595333,2,0
595331,595331,595333,2,0
595331,595331,595332,1,0
595331,595331,595332,1,0
595331,595331,595333,2,0
595331,595331,595333,2,0
595331,595331,595333,2,0
595331,595331,595333,2,0
595331,595331,595333,2,0
595331,595331,595333,2,0
595331,595331,595332,1,0
595331,595331,595333,2,0
595331,595331,595333,2,0
595331,595331,595333,2,0
595331,595331,595333,2,0
595331,595331,595333,2,0
595331,595331,595333,2,0
595331,595331,595333,2,0
595331,595331,595334,3,0
595331,595331,595335,4,0
595331,595331,595335,4,0
595331,595331,595335,4,0
595331,595331,595335,4,0
595331,595331,595335,4,0
595331,595331,595336,5,0
595331,595331,595336,5,0
595344,595344,595345,1,0
595344,595344,595345,1,0
595344,595344,595345,1,0
595344,595344,595345,1,0
595344,595344,595345,1,0
595344,595344,595345,1,0
595344,595344,595345,1,0
595344,595344,595345,1,0
595344,595344,595345,1,0
595344,595344,595345,1,0
595344,595344,595345,1,0
595344,595344,595346,2,0
595344,595344,595345,1,0
595344,595344,595345,1,0
595344,595344,595345,1,0
595344,595344,595346,2,0
595344,595344,595345,1,0
595344,595344,595346,2,0
595344,595344,595345,1,0
595344,595344,595345,1,0
595344,595344,595345,1,0
595344,595344,595347,3,0
595344,595344,595347,3,0
595344,595344,595346,2,0
595344,595344,595346,2,0
595344,595344,595347,3,0
595344,595344,595347,3,0
595344,595344,595348,4,0
595344,595344,595347,3,0
595344,595344,595348,4,0
595344,595344,595348,4,0
594535,594535,595350,815,0
595350,595350,595352,2,0
595350,595350,595351,1,0
595350,595351,595352,1,1
595350,595351,595352,1,1
595350,595351,595352,1,1
595350,595350,595351,1,0
595350,595351,595352,1,1
595350,595351,595352,1,1
595350,595351,595352,1,1
595350,595351,595352,1,1
595350,595351,595352,1,1
595350,595351,595352,1,1
595350,595351,595352,1,1
595350,595350,595352,2,0
595350,595351,595352,1,1
595350,595351,595352,1,1
595350,595351,595352,1,1
595350,595351,595352,1,1
595350,595351,595352,1,1
595350,595351,595352,1,1
595350,595351,595352,1,1
595350,595351,595352,1,1
595350,595351,595352,1,1
595350,595351,595352,1,1
595350,595351,595352,1,1
595350,595351,595352,1,1
595350,595351,595352,1,1
595350,595351,595353,2,1
595350,595351,595353,2,1
595350,595351,595353,2,1
595350,595351,595353,2,1
595350,595351,595353,2,1
595350,595351,595353,2,1
595350,595351,595354,3,1
595350,595351,595355,4,1
595358,595358,595359,1,0
595358,595358,595359,1,0
595358,595358,595359,1,0
595358,595358,595359,1,0
595358,595358,595359,1,0
595358,595358,595359,1,0
595358,595358,595359,1,0
595358,595358,595359,1,0
595358,595358,595359,1,0
595358,595358,595359,1,0
595358,595358,595359,1,0
595358,595358,595359,1,0
595358,595358,595359,1,0
595358,595358,595359,1,0
595358,595358,595359,1,0
595358,595358,595359,1,0
595358,595358,595359,1,0
595358,595358,595359,1,0
595358,595358,595359,1,0
595358,595358,595360,2,0
595358,595358,595359,1,0
595358,595358,595361,3,0
595358,595358,595360,2,0
595358,595358,595361,3,0
595358,595358,595361,3,0
595358,595358,595361,3,0
595358,595358,595361,3,0
595358,595358,595361,3,0
595358,595358,595361,3,0
595358,595358,595362,4,0
595350,595368,595370,2,18
594570,594570,595372,802,0
595372,595373,595374,1,1
595372,595373,595374,1,1
595372,595373,595374,1,1
595372,595373,595374,1,1
595372,595373,595374,1,1
595372,595373,595374,1,1
595372,595373,595374,1,1
595372,595373,595374,1,1
595372,595373,595374,1,1
595372,595373,595374,1,1
595372,595373,595374,1,1
595372,595373,595374,1,1
595372,595373,595374,1,1
595372,595373,595375,2,1
595372,595373,595375,2,1
595372,595373,595375,2,1
595372,595373,595376,3,1
595372,595373,595376,3,1
595372,595373,595376,3,1
595372,595373,595376,3,1
595372,595373,595376,3,1
595372,595373,595376,3,1
595380,595381,595382,1,1
595380,595381,595382,1,1
595380,595381,595382,1,1
595380,595381,595382,1,1
595380,595381,595382,1,1
595380,595381,595382,1,1
595380,595381,595382,1,1
595380,595381,595382,1,1
595380,595381,595382,1,1
595380,595381,595382,1,1
595380,595381,595382,1,1
595380,595381,595382,1,1
595380,595381,595382,1,1
595380,595381,595382,1,1
595380,595381,595382,1,1
595380,595381,595382,1,1
595380,595381,595382,1,1
595380,595381,595382,1,1
595380,595381,595382,1,1
595380,595381,595382,1,1
595380,595381,595382,1,1
595380,595381,595382,1,1
595380,595381,595382,1,1
595380,595381,595382,1,1
595380,595381,595382,1,1
595380,595381,595382,1,1
595380,595381,595382,1,1
595380,595381,595383,2,1
595380,595381,595382,1,1
595380,595381,595382,1,1
595385,595385,595386,1,0
595385,595385,595386,1,0
595385,595385,595386,1,0
595385,595385,595386,1,0
595385,595385,595386,1,0
595385,595385,595386,1,0
595385,595385,595386,1,0
595385,595385,595386,1,0
595385,595385,595386,1,0
595385,595385,595386,1,0
595385,595385,595386,1,0
595385,595385,595386,1,0
595385,595385,595386,1,0
595385,595385,595386,1,0
595385,595385,595386,1,0
595380,595381,595386,5,1
595385,595385,595387,2,0
595385,595385,595386,1,0
595385,595385,595386,1,0
595385,595385,595386,1,0
595385,595385,595386,1,0
595385,595385,595387,2,0
595385,595385,595386,1,0
595385,595385,595387,2,0
595385,595385,595386,1,0
595385,595385,595387,2,0
595385,595385,595388,3,0
595385,595385,595388,3,0
594548,594548,595391,843,0
595394,595394,595395,1,0
595394,595394,595395,1,0
595394,595394,595395,1,0
595394,595394,595395,1,0
595394,595394,595395,1,0
595394,595394,595395,1,0
595394,595394,595395,1,0
595394,595394,595395,1,0
595394,595394,595395,1,0
595394,595394,595395,1,0
595394,595394,595395,1,0
595394,595394,595395,1,0
595394,595394,595395,1,0
595394,595394,595395,1,0
595394,595394,595395,1,0
595394,595394,595395,1,0
595394,595394,595395,1,0
595394,595394,595396,2,0
595394,595394,595395,1,0
595394,595394,595395,1,0
595394,595394,595395,1,0
595394,595394,595395,1,0
595394,595395,595396,1,1
595395,595395,595396,1,0
595395,595395,595396,1,0
595395,595395,595396,1,0
595395,595395,595396,1,0
595395,595395,595396,1,0
595395,595395,595396,1,0
595395,595395,595396,1,0
595395,595395,595396,1,0
595395,595395,595396,1,0
595395,595395,595396,1,0
595395,595395,595396,1,0
595395,595395,595396,1,0
595395,595395,595396,1,0
595395,595395,595396,1,0
595395,595395,595396,1,0
595395,595395,595396,1,0
595395,595395,595396,1,0
595395,595395,595396,1,0
595395,595395,595396,1,0
595395,595395,595396,1,0
595395,595395,595396,1,0
595395,595395,595396,1,0
595395,595395,595396,1,0
595395,595395,595396,1,0
595395,595395,595396,1,0
595395,595395,595396,1,0
595395,595395,595396,1,0
595395,595395,595396,1,0
595395,595395,595396,1,0
595395,595395,595396,1,0
595395,595395,595396,1,0
595395,595395,595396,1,0
595395,595395,595396,1,0
595395,595395,595396,1,0
595395,595395,595396,1,0
595395,595395,595396,1,0
595395,595395,595396,1,0
595395,595395,595396,1,0
595395,595395,595396,1,0
595395,595395,595396,1,0
595395,595395,595396,1,0
595395,595395,595396,1,0
595395,595395,595396,1,0
595395,595395,595396,1,0
595394,595394,595396,2,0
595394,595394,595396,2,0
595394,595394,595396,2,0
595394,595394,595396,2,0
595394,595394,595396,2,0
595394,595394,595396,2,0
595394,595394,595396,2,0
595394,595395,595396,1,1
595394,595394,595396,2,0
595394,595394,595396,2,0
595394,595395,595396,1,1
595394,595395,595396,1,1
595394,595395,595396,1,1
595395,595395,595396,1,0
595395,595395,595396,1,0
595395,595395,595396,1,0
595395,595395,595397,2,0
595395,595395,595397,2,0
595395,595395,595396,1,0
595394,595394,595397,3,0
595394,595394,595397,3,0
595394,595394,595397,3,0
595394,595394,595397,3,0
595394,595395,595397,2,1
595402,595402,595403,1,0
595402,595402,595403,1,0
595402,595402,595403,1,0
595402,595402,595403,1,0
595402,595402,595403,1,0
595402,595402,595403,1,0
595402,595402,595403,1,0
595402,595402,595403,1,0
595402,595402,595403,1,0
595402,595402,595403,1,0
595402,595402,595403,1,0
595402,595402,595403,1,0
595402,595402,595403,1,0
595402,595402,595403,1,0
595402,595402,595403,1,0
595402,595402,595404,2,0
595402,595403,595404,1,1
595402,595402,595403,1,0
595402,595402,595403,1,0
595402,595402,595403,1,0
595402,595402,595403,1,0
595402,595402,595404,2,0
595402,595403,595404,1,1
595402,595402,595404,2,0
595402,595403,595404,1,1
595402,595403,595404,1,1
595402,595403,595404,1,1
595402,595403,595404,1,1
595402,595402,595404,2,0
595410,595410,595411,1,0
595410,595410,595411,1,0
595410,595410,595411,1,0
595410,595410,595411,1,0
595410,595410,595411,1,0
595410,595410,595411,1,0
595410,595410,595411,1,0
595410,595410,595411,1,0
595410,595410,595411,1,0
595410,595410,595411,1,0
595410,595410,595411,1,0
595410,595410,595411,1,0
595410,595410,595411,1,0
595410,595410,595411,1,0
595410,595410,595411,1,0
595410,595410,595411,1,0
595410,595410,595411,1,0
595410,595410,595411,1,0
595410,595410,595411,1,0
595410,595410,595411,1,0
595410,595410,595411,1,0
595410,595410,595411,1,0
595410,595410,595411,1,0
595410,595410,595411,1,0
595410,595410,595411,1,0
595410,595410,595411,1,0
595410,595410,595411,1,0
595410,595410,595411,1,0
595410,595410,595411,1,0
595410,595410,595411,1,0
595410,595410,595411,1,0
595410,595410,595411,1,0
595410,595410,595411,1,0
595410,595410,595411,1,0
595410,595410,595411,1,0
595410,595410,595411,1,0
595410,595410,595411,1,0
595410,595410,595411,1,0
595410,595410,595411,1,0
595410,595410,595411,1,0
595410,595410,595411,1,0
595410,595410,595411,1,0
595410,595410,595411,1,0
595410,595411,595412,1,1
595410,595411,595412,1,1
595410,595410,595412,2,0
594621,594621,595416,795,0
595417,595417,595418,1,0
595417,595417,595418,1,0
595417,595417,595418,1,0
595417,595417,595418,1,0
595417,595417,595418,1,0
595417,595417,595418,1,0
595417,595417,595418,1,0
595417,595417,595418,1,0
595417,595417,595418,1,0
595417,595417,595418,1,0
595417,595417,595418,1,0
595417,595417,595418,1,0
595417,595417,595418,1,0
595417,595417,595418,1,0
595417,595417,595418,1,0
595417,595417,595418,1,0
595417,595417,595418,1,0
595417,595417,595418,1,0
595417,595417,595418,1,0
595417,595417,595418,1,0
595417,595417,595418,1,0
595417,595417,595418,1,0
595417,595417,595418,1,0
595417,595417,595418,1,0
595417,595417,595418,1,0
595417,595417,595418,1,0
595417,595417,595418,1,0
595417,595417,595418,1,0
595417,595417,595418,1,0
595417,595417,595418,1,0
595417,595417,595418,1,0
595417,595417,595418,1,0
595417,595417,595419,2,0
595417,595417,595418,1,0
595417,595417,595418,1,0
595417,595417,595418,1,0
595417,595417,595418,1,0
595417,595417,595418,1,0
595417,595417,595419,2,0
595417,595417,595418,1,0
595417,595417,595418,1,0
595417,595417,595418,1,0
594604,594604,595419,815,0
595420,595420,595421,1,0
595420,595420,595421,1,0
595420,595420,595421,1,0
595420,595420,595421,1,0
595420,595420,595421,1,0
595420,595420,595421,1,0
595420,595420,595421,1,0
595420,595420,595421,1,0
595420,595420,595421,1,0
595420,595420,595421,1,0
595420,595420,595421,1,0
595420,595420,595421,1,0
595420,595420,595421,1,0
595420,595420,595421,1,0
595420,595420,595421,1,0
595420,595420,595421,1,0
595420,595420,595421,1,0
595420,595420,595421,1,0
595394,595419,595421,2,25
595420,595420,595421,1,0
595420,595420,595421,1,0
595420,595420,595421,1,0
595420,595420,595421,1,0
595420,595420,595421,1,0
595420,595420,595421,1,0
595420,595420,595421,1,0
595420,595420,595421,1,0
595420,595420,595421,1,0
595420,595420,595421,1,0
595420,595420,595421,1,0
595420,595420,595421,1,0
595420,595420,595421,1,0
595420,595420,595421,1,0
595420,595420,595421,1,0
595420,595420,595421,1,0
595420,595420,595421,1,0
595420,595420,595421,1,0
595420,595420,595421,1,0
595420,595420,595421,1,0
595420,595420,595421,1,0
595420,595420,595421,1,0
595428,595428,595429,1,0
595428,595428,595429,1,0
595428,595428,595429,1,0
595428,595428,595429,1,0
595428,595428,595429,1,0
595428,595428,595429,1,0
595428,595428,595429,1,0
595428,595428,595429,1,0
595428,595428,595429,1,0
595428,595428,595429,1,0
595428,595428,595429,1,0
595428,595428,595429,1,0
595428,595428,595429,1,0
595428,595428,595429,1,0
595428,595428,595429,1,0
595428,595428,595429,1,0
595428,595428,595429,1,0
595428,595428,595429,1,0
595428,595428,595429,1,0
595428,595428,595429,1,0
595428,595428,595429,1,0
595428,595428,595429,1,0
595428,595428,595429,1,0
595428,595428,595429,1,0
595428,595428,595429,1,0
595428,595428,595429,1,0
595428,595428,595429,1,0
595428,595428,595429,1,0
595428,595428,595429,1,0
595428,595428,595429,1,0
595428,595428,595429,1,0
595428,595428,595429,1,0
595428,595428,595429,1,0
595428,595428,595429,1,0
595428,595428,595429,1,0
595428,595428,595429,1,0
595428,595428,595429,1,0
595428,595428,595429,1,0
595428,595428,595429,1,0
595428,595428,595429,1,0
595428,595428,595429,1,0
595428,595428,595429,1,0
595427,595428,595429,1,1
595428,595428,595429,1,0
595428,595428,595429,1,0
595428,595428,595429,1,0
595428,595428,595429,1,0
595428,595428,595429,1,0
595428,595428,595429,1,0
595428,595428,595429,1,0
595434,595434,595435,1,0
595434,595434,595435,1,0
595434,595434,595435,1,0
595434,595434,595435,1,0
595434,595434,595435,1,0
595434,595434,595435,1,0
595434,595434,595435,1,0
595434,595434,595435,1,0
595434,595434,595435,1,0
595434,595434,595435,1,0
595434,595434,595435,1,0
595434,595434,595435,1,0
595434,595434,595435,1,0
595434,595434,595435,1,0
595434,595434,595435,1,0
595434,595434,595435,1,0
595434,595434,595435,1,0
595434,595434,595435,1,0
595434,595434,595435,1,0
594619,594619,595469,850,0
595470,595470,595471,1,0
595470,595470,595471,1,0
595470,595470,595471,1,0
595470,595470,595471,1,0
595470,595470,595471,1,0
595470,595470,595471,1,0
595470,595470,595471,1,0
595470,595470,595471,1,0
595470,595470,595471,1,0
595470,595470,595471,1,0
595470,595470,595471,1,0
595470,595470,595471,1,0
595470,595470,595471,1,0
595470,595470,595471,1,0
595470,595470,595471,1,0
595470,595470,595471,1,0
595470,595470,595471,1,0
595470,595470,595471,1,0
595470,595470,595471,1,0
595470,595470,595471,1,0
595470,595470,595471,1,0
595470,595470,595471,1,0
595470,595470,595471,1,0
595470,595470,595471,1,0
595470,595470,595471,1,0
595470,595470,595471,1,0
595470,595470,595471,1,0
595470,595470,595471,1,0
595470,595470,595471,1,0
595470,595470,595471,1,0
595470,595470,595471,1,0
595470,595470,595471,1,0
595470,595470,595471,1,0
595470,595470,595471,1,0
595470,595470,595471,1,0
595470,595470,595471,1,0
595470,595470,595471,1,0
595470,595470,595472,2,0
595470,595470,595471,1,0
595470,595470,595471,1,0
595470,595470,595471,1,0
595470,595470,595471,1,0
595470,595470,595471,1,0
595470,595470,595471,1,0
594714,594714,595507,793,0
595508,595508,595509,1,0
595508,595508,595509,1,0
595508,595508,595509,1,0
595508,595508,595509,1,0
595508,595508,595509,1,0
595508,595508,595509,1,0
595508,595508,595509,1,0
595508,595508,595509,1,0
595508,595508,595509,1,0
595508,595508,595509,1,0
595508,595508,595510,2,0
595508,595508,595510,2,0
595508,595509,595510,1,1
595508,595509,595510,1,1
595508,595509,595510,1,1
595508,595508,595510,2,0
595508,595508,595510,2,0
595508,595508,595510,2,0
595508,595508,595510,2,0
595508,595508,595510,2,0
595508,595508,595509,1,0
595508,595508,595509,1,0
595508,595508,595510,2,0
595508,595508,595510,2,0
595508,595508,595510,2,0
595508,595508,595510,2,0
595508,595508,595510,2,0
595508,595508,595510,2,0
595508,595508,595510,2,0
595508,595508,595510,2,0
595508,595508,595510,2,0
595508,595508,595509,1,0
595508,595508,595509,1,0
595508,595508,595509,1,0
595508,595508,595509,1,0
595508,595508,595510,2,0
595508,595508,595509,1,0
595508,595508,595509,1,0
595508,595508,595510,2,0
595508,595508,595510,2,0
595508,595508,595510,2,0
595508,595509,595511,2,1
595508,595509,595511,2,1
595508,595508,595511,3,0
595508,595508,595511,3,0
595508,595508,595511,3,0
595508,595508,595511,3,0
595508,595508,595511,3,0
595508,595508,595511,3,0
595508,595508,595511,3,0
594675,594676,595548,872,1
595550,595550,595551,1,0
595550,595550,595551,1,0
595550,595550,595551,1,0
595550,595550,595551,1,0
595550,595550,595551,1,0
595550,595550,595551,1,0
595550,595550,595551,1,0
595550,595550,595551,1,0
595550,595550,595551,1,0
595550,595550,595551,1,0
595550,595550,595551,1,0
595550,595550,595551,1,0
595550,595550,595551,1,0
595550,595550,595551,1,0
595550,595550,595551,1,0
595550,595550,595551,1,0
595550,595550,595551,1,0
595550,595550,595551,1,0
595550,595550,595551,1,0
595550,595550,595551,1,0
595550,595550,595551,1,0
595550,595550,595551,1,0
595550,595550,595551,1,0
595550,595550,595551,1,0
595550,595550,595551,1,0
595550,595550,595551,1,0
595550,595550,595551,1,0
595550,595550,595551,1,0
595550,595550,595551,1,0
595550,595550,595551,1,0
595550,595550,595551,1,0
595550,595550,595551,1,0
595550,595550,595551,1,0
595550,595550,595551,1,0
595550,595550,595551,1,0
595550,595550,595551,1,0
595550,595550,595551,1,0
595550,595550,595551,1,0
595550,595550,595551,1,0
595550,595550,595551,1,0
595550,595550,595551,1,0
595550,595550,595551,1,0
595550,595550,595551,1,0
595550,595550,595551,1,0
594679,594680,595563,883,1
595565,595565,595566,1,0
595565,595565,595566,1,0
595565,595565,595566,1,0
595565,595565,595566,1,0
595565,595565,595566,1,0
595565,595565,595566,1,0
595565,595565,595566,1,0
595565,595565,595566,1,0
595565,595565,595566,1,0
595565,595565,595566,1,0
595565,595565,595566,1,0
595565,595565,595566,1,0
595565,595565,595566,1,0
595565,595565,595566,1,0
595565,595565,595566,1,0
595565,595565,595566,1,0
595565,595565,595566,1,0
595565,595565,595566,1,0
595565,595565,595566,1,0
595565,595565,595566,1,0
595565,595565,595566,1,0
595565,595565,595566,1,0
595565,595565,595566,1,0
595565,595565,595566,1,0
595565,595565,595566,1,0
595565,595565,595566,1,0
595565,595565,595566,1,0
595565,595565,595566,1,0
595565,595565,595566,1,0
595565,595565,595566,1,0
595565,595565,595566,1,0
595565,595565,595566,1,0
595565,595565,595566,1,0
595565,595565,595566,1,0
595565,595565,595566,1,0
595565,595565,595566,1,0
595565,595565,595566,1,0
595565,595565,595566,1,0
595565,595565,595566,1,0
595565,595565,595566,1,0
595565,595565,595566,1,0
595565,595565,595566,1,0
595565,595565,595566,1,0
595565,595565,595566,1,0
595565,595565,595566,1,0
595565,595565,595566,1,0
595565,595565,595566,1,0
595565,595565,595566,1,0
595565,595565,595566,1,0
595565,595565,595567,2,0
594741,594741,595569,828,0
595582,595582,595583,1,0
595582,595582,595583,1,0
595582,595582,595583,1,0
595582,595582,595583,1,0
595582,595582,595583,1,0
595582,595582,595583,1,0
595582,595582,595583,1,0
595582,595582,595583,1,0
595582,595582,595583,1,0
595582,595582,595583,1,0
595582,595582,595583,1,0
595582,595582,595583,1,0
595582,595582,595583,1,0
595582,595582,595583,1,0
595582,595582,595583,1,0
595582,595582,595584,2,0
595582,595582,595584,2,0
595582,595582,595584,2,0
595582,595582,595584,2,0
595582,595582,595583,1,0
595582,595582,595583,1,0
595582,595582,595584,2,0
595582,595582,595583,1,0
595582,595582,595584,2,0
595582,595582,595584,2,0
595582,595582,595583,1,0
595582,595582,595583,1,0
595582,595582,595584,2,0
595582,595582,595583,1,0
595582,595582,595583,1,0
595582,595582,595583,1,0
595582,595582,595584,2,0
595582,595582,595584,2,0
595582,595582,595583,1,0
595582,595582,595583,1,0
595582,595582,595583,1,0
595582,595582,595584,2,0
595582,595582,595585,3,0
595582,595582,595585,3,0
595582,595582,595585,3,0
595582,595582,595585,3,0
595582,595582,595584,2,0
595582,595582,595585,3,0
595582,595582,595585,3,0
595582,595582,595585,3,0
595582,595582,595585,3,0
595582,595582,595585,3,0
595582,595582,595585,3,0
595582,595582,595585,3,0
595582,595582,595585,3,0
594833,594833,595604,771,0
595605,595606,595607,1,1
595605,595606,595607,1,1
595605,595606,595607,1,1
595605,595606,595607,1,1
595605,595606,595607,1,1
595605,595606,595607,1,1
595605,595606,595607,1,1
595605,595606,595607,1,1
595605,595606,595607,1,1
595605,595606,595607,1,1
595605,595606,595607,1,1
595605,595606,595607,1,1
595605,595606,595607,1,1
595605,595606,595607,1,1
595605,595606,595607,1,1
595605,595606,595607,1,1
595605,595606,595607,1,1
595605,595606,595607,1,1
595605,595606,595607,1,1
595605,595606,595607,1,1
595605,595606,595607,1,1
595605,595606,595610,4,1
595605,595606,595610,4,1
595605,595606,595610,4,1
595605,595606,595611,5,1
595605,595619,595620,1,14
594798,594798,595621,823,0
595622,595622,595623,1,0
595622,595622,595623,1,0
595622,595622,595623,1,0
595622,595622,595623,1,0
595622,595622,595623,1,0
595622,595622,595623,1,0
595622,595622,595623,1,0
595622,595622,595623,1,0
595622,595622,595623,1,0
595622,595622,595623,1,0
595622,595622,595623,1,0
595622,595622,595623,1,0
595622,595622,595623,1,0
595622,595622,595623,1,0
595622,595622,595623,1,0
595622,595622,595623,1,0
595622,595622,595624,2,0
595622,595622,595624,2,0
595622,595622,595623,1,0
595622,595622,595624,2,0
595622,595622,595624,2,0
595622,595622,595624,2,0
595622,595622,595623,1,0
595622,595622,595623,1,0
595622,595622,595624,2,0
595622,595622,595624,2,0
595622,595622,595624,2,0
595622,595622,595624,2,0
595622,595622,595624,2,0
595622,595622,595624,2,0
595622,595622,595624,2,0
595622,595622,595623,1,0
595622,595622,595625,3,0
595622,595622,595625,3,0
595622,595622,595624,2,0
595622,595622,595625,3,0
595622,595622,595625,3,0
595622,595622,595625,3,0
595622,595622,595625,3,0
595622,595623,595624,1,1
595622,595623,595624,1,1
595622,595623,595624,1,1
595622,595623,595625,2,1
595622,595622,595624,2,0
595622,595622,595624,2,0
595622,595622,595626,4,0
594815,594815,595634,819,0
595605,595634,595635,1,29
595605,595634,595635,1,29
595622,595622,595637,15,0
595622,595622,595638,16,0
595641,595641,595642,1,0
595641,595641,595642,1,0
595641,595642,595643,1,1
595641,595642,595643,1,1
595641,595642,595643,1,1
595641,595641,595642,1,0
595641,595641,595642,1,0
595641,595641,595643,2,0
595641,595642,595643,1,1
595641,595642,595643,1,1
595641,595642,595643,1,1
595641,595641,595643,2,0
595641,595641,595643,2,0
595641,595642,595643,1,1
595641,595642,595643,1,1
595641,595642,595643,1,1
595641,595641,595643,2,0
595641,595642,595643,1,1
595641,595642,595643,1,1
595641,595642,595643,1,1
595641,595642,595643,1,1
595641,595642,595643,1,1
595641,595642,595643,1,1
595641,595642,595643,1,1
595641,595642,595644,2,1
595641,595642,595644,2,1
595641,595642,595644,2,1
595641,595642,595644,2,1
595641,595642,595644,2,1
595641,595642,595645,3,1
595622,595623,595634,11,1
595622,595623,595630,7,1
595641,595653,595654,1,12
595641,595653,595654,1,12
594824,594824,595654,830,0
595641,595653,595655,2,12
595660,595660,595661,1,0
595660,595660,595661,1,0
595660,595660,595661,1,0
595660,595660,595661,1,0
595660,595660,595661,1,0
595660,595660,595661,1,0
595660,595660,595661,1,0
595660,595660,595661,1,0
595660,595660,595661,1,0
595660,595660,595661,1,0
595660,595660,595661,1,0
595660,595660,595661,1,0
595660,595660,595661,1,0
595660,595660,595661,1,0
595660,595660,595661,1,0
595660,595660,595661,1,0
595660,595660,595661,1,0
595660,595660,595661,1,0
595660,595660,595661,1,0
595660,595660,595661,1,0
595660,595660,595661,1,0
595660,595660,595661,1,0
595660,595660,595661,1,0
595660,595660,595661,1,0
595660,595660,595661,1,0
595660,595660,595661,1,0
595660,595660,595661,1,0
595660,595660,595661,1,0
595660,595660,595661,1,0
595660,595660,595661,1,0
595660,595661,595662,1,1
595660,595660,595662,2,0
595660,595660,595662,2,0
595660,595660,595662,2,0
595660,595660,595662,2,0
595660,595661,595662,1,1
595660,595661,595662,1,1
595660,595661,595662,1,1
595660,595660,595663,3,0
595660,595661,595662,1,1
595660,595660,595663,3,0
595660,595660,595663,3,0
595660,595661,595663,2,1
594854,594854,595670,816,0
595672,595672,595673,1,0
595672,595672,595673,1,0
595672,595672,595673,1,0
595672,595672,595673,1,0
595672,595672,595673,1,0
595672,595672,595673,1,0
595672,595672,595673,1,0
595672,595672,595673,1,0
595672,595672,595673,1,0
595672,595672,595673,1,0
595672,595672,595673,1,0
595672,595672,595673,1,0
595672,595672,595673,1,0
595672,595672,595673,1,0
595672,595672,595673,1,0
595672,595672,595673,1,0
595672,595672,595673,1,0
595672,595672,595673,1,0
595672,595672,595673,1,0
595672,595672,595673,1,0
595672,595672,595673,1,0
595672,595672,595673,1,0
595672,595672,595673,1,0
595672,595672,595673,1,0
595672,595672,595673,1,0
595672,595672,595673,1,0
595672,595672,595673,1,0
595672,595672,595673,1,0
595672,595673,595674,1,1
595672,595672,595673,1,0
595672,595672,595673,1,0
595672,595672,595674,2,0
595672,595672,595673,1,0
595672,595672,595673,1,0
595672,595672,595673,1,0
595672,595672,595673,1,0
595672,595672,595674,2,0
595672,595672,595673,1,0
595672,595672,595673,1,0
595672,595672,595673,1,0
595641,595642,595645,3,1
595641,595642,595644,2,1
595641,595642,595644,2,1
595641,595642,595645,3,1
595660,595676,595677,1,16
595672,595693,595694,1,21
595672,595693,595694,1,21
595672,595693,595694,1,21
595672,595693,595694,1,21
595672,595693,595694,1,21
595672,595693,595694,1,21
594876,594876,595711,835,0
595713,595713,595714,1,0
595713,595713,595714,1,0
595713,595713,595714,1,0
595713,595713,595714,1,0
595713,595713,595714,1,0
595713,595713,595714,1,0
595713,595713,595714,1,0
595713,595713,595714,1,0
595713,595713,595714,1,0
594896,594896,595714,818,0
595713,595713,595714,1,0
595713,595713,595714,1,0
595713,595713,595714,1,0
595713,595713,595714,1,0
595713,595713,595714,1,0
595713,595713,595714,1,0
595713,595713,595714,1,0
595713,595713,595714,1,0
595713,595713,595714,1,0
595713,595713,595714,1,0
595713,595713,595714,1,0
595713,595713,595714,1,0
595713,595713,595714,1,0
595713,595713,595714,1,0
595713,595713,595714,1,0
595713,595713,595714,1,0
595713,595713,595714,1,0
595713,595713,595714,1,0
595713,595713,595714,1,0
595713,595713,595714,1,0
595713,595713,595714,1,0
595713,595713,595714,1,0
595713,595713,595714,1,0
595713,595713,595714,1,0
595713,595713,595714,1,0
595713,595713,595714,1,0
595713,595713,595714,1,0
595713,595713,595715,2,0
595713,595713,595715,2,0
595713,595714,595715,1,1
595713,595714,595715,1,1
595713,595714,595715,1,1
595713,595714,595715,1,1
595713,595714,595715,1,1
595713,595714,595715,1,1
595713,595714,595715,1,1
595713,595714,595715,1,1
595713,595714,595715,1,1
595715,595715,595716,1,0
595715,595715,595716,1,0
595715,595715,595716,1,0
595715,595715,595716,1,0
595715,595715,595716,1,0
595715,595715,595716,1,0
595715,595715,595716,1,0
595715,595715,595716,1,0
595715,595715,595716,1,0
595715,595715,595716,1,0
595715,595715,595716,1,0
595715,595715,595716,1,0
595715,595715,595716,1,0
595715,595715,595716,1,0
595715,595715,595716,1,0
595715,595715,595716,1,0
595715,595715,595716,1,0
595715,595715,595716,1,0
595715,595715,595716,1,0
595715,595715,595716,1,0
595715,595715,595716,1,0
595715,595715,595716,1,0
595715,595715,595716,1,0
595715,595715,595716,1,0
595715,595715,595716,1,0
595715,595715,595716,1,0
595715,595715,595716,1,0
595715,595715,595716,1,0
595715,595715,595716,1,0
595715,595716,595717,1,1
595715,595716,595717,1,1
595715,595716,595717,1,1
595715,595716,595717,1,1
595715,595716,595717,1,1
595715,595715,595716,1,0
595715,595715,595716,1,0
595715,595715,595716,1,0
595715,595715,595716,1,0
595715,595715,595717,2,0
595715,595715,595716,1,0
595715,595716,595717,1,1
595715,595716,595717,1,1
595715,595716,595717,1,1
595715,595716,595717,1,1
595715,595716,595717,1,1
595715,595716,595717,1,1
595728,595728,595729,1,0
595728,595728,595729,1,0
595728,595728,595729,1,0
595728,595728,595729,1,0
595728,595728,595729,1,0
595728,595728,595729,1,0
595728,595728,595729,1,0
595728,595728,595729,1,0
595728,595728,595729,1,0
595728,595728,595729,1,0
595728,595728,595729,1,0
595728,595728,595729,1,0
595728,595728,595729,1,0
595728,595728,595729,1,0
595728,595728,595729,1,0
595728,595728,595729,1,0
595728,595728,595729,1,0
595728,595728,595729,1,0
595728,595728,595729,1,0
595728,595728,595729,1,0
595728,595728,595729,1,0
595728,595728,595729,1,0
595728,595728,595729,1,0
595728,595728,595729,1,0
595728,595728,595729,1,0
595728,595728,595729,1,0
595728,595728,595729,1,0
595728,595728,595729,1,0
595728,595728,595729,1,0
595728,595728,595730,2,0
595728,595728,595730,2,0
595728,595728,595730,2,0
595728,595728,595729,1,0
595728,595728,595729,1,0
595728,595728,595730,2,0
595728,595728,595730,2,0
595728,595728,595730,2,0
595728,595728,595729,1,0
595728,595728,595730,2,0
595728,595728,595730,2,0
595728,595728,595730,2,0
595728,595728,595731,3,0
595728,595728,595731,3,0
595728,595728,595732,4,0
595728,595728,595731,3,0
595728,595728,595731,3,0
595728,595728,595732,4,0
595728,595728,595732,4,0
595728,595728,595732,4,0
595728,595728,595732,4,0
595743,595743,595744,1,0
595743,595743,595744,1,0
595743,595743,595744,1,0
595743,595743,595744,1,0
595743,595743,595744,1,0
595743,595743,595744,1,0
595743,595743,595744,1,0
595743,595743,595744,1,0
595743,595743,595744,1,0
595743,595743,595744,1,0
595743,595743,595744,1,0
595743,595743,595744,1,0
595743,595743,595744,1,0
595743,595743,595744,1,0
595743,595743,595744,1,0
595743,595743,595744,1,0
595743,595743,595744,1,0
595743,595743,595744,1,0
595743,595743,595744,1,0
595743,595743,595744,1,0
595743,595743,595744,1,0
595743,595743,595745,2,0
595743,595743,595744,1,0
595743,595743,595745,2,0
595743,595743,595745,2,0
595743,595743,595744,1,0
595743,595743,595744,1,0
595743,595743,595744,1,0
595743,595743,595745,2,0
595743,595743,595745,2,0
595743,595743,595745,2,0
595743,595743,595746,3,0
595743,595743,595746,3,0
595743,595743,595746,3,0
595743,595743,595746,3,0
595743,595743,595746,3,0
595743,595743,595746,3,0
595743,595743,595746,3,0
595743,595743,595747,4,0
595743,595743,595747,4,0
595743,595743,595747,4,0
595756,595756,595757,1,0
595756,595756,595757,1,0
595756,595756,595757,1,0
595756,595756,595757,1,0
595756,595756,595757,1,0
595756,595756,595757,1,0
595756,595756,595757,1,0
595756,595756,595757,1,0
595756,595756,595757,1,0
595756,595756,595757,1,0
595756,595756,595757,1,0
595756,595756,595757,1,0
595756,595756,595757,1,0
595756,595756,595757,1,0
595756,595756,595757,1,0
595756,595756,595757,1,0
595756,595756,595757,1,0
595756,595756,595757,1,0
595756,595756,595757,1,0
595756,595756,595757,1,0
595756,595756,595757,1,0
595756,595756,595757,1,0
595756,595756,595757,1,0
595756,595756,595757,1,0
595756,595756,595757,1,0
595756,595756,595757,1,0
595756,595756,595758,2,0
595756,595756,595758,2,0
595756,595756,595758,2,0
595756,595756,595757,1,0
595756,595756,595757,1,0
595756,595756,595758,2,0
595756,595756,595758,2,0
595756,595756,595758,2,0
595756,595756,595758,2,0
595756,595756,595758,2,0
595756,595756,595757,1,0
595756,595756,595757,1,0
595756,595756,595758,2,0
595756,595756,595757,1,0
595756,595756,595759,3,0
595756,595756,595759,3,0
595756,595756,595759,3,0
595756,595756,595760,4,0
595756,595756,595760,4,0
595756,595756,595760,4,0
595756,595756,595759,3,0
595756,595756,595760,4,0
595756,595756,595761,5,0
595756,595756,595761,5,0
594942,594942,595766,824,0
595768,595768,595769,1,0
595768,595768,595769,1,0
595768,595768,595769,1,0
595768,595768,595769,1,0
595768,595768,595769,1,0
595768,595768,595769,1,0
595768,595768,595769,1,0
595768,595768,595769,1,0
595768,595768,595769,1,0
595768,595768,595769,1,0
595768,595768,595769,1,0
595768,595768,595769,1,0
595768,595768,595769,1,0
595768,595768,595769,1,0
595768,595768,595769,1,0
595768,595768,595769,1,0
595768,595768,595769,1,0
595768,595768,595769,1,0
595768,595768,595769,1,0
595768,595768,595769,1,0
595768,595768,595769,1,0
595768,595768,595769,1,0
595768,595769,595770,1,1
595768,595769,595770,1,1
595768,595769,595770,1,1
595768,595769,595770,1,1
595768,595769,595770,1,1
595768,595768,595769,1,0
595768,595768,595769,1,0
595768,595768,595769,1,0
595768,595768,595769,1,0
595768,595768,595769,1,0
595768,595768,595769,1,0
595768,595768,595769,1,0
595768,595768,595769,1,0
595768,595768,595769,1,0
595768,595768,595770,2,0
595768,595768,595770,2,0
595768,595768,595771,3,0
595768,595768,595771,3,0
595768,595768,595770,2,0
595768,595768,595771,3,0
595768,595768,595771,3,0
595771,595771,595772,1,0
595771,595771,595772,1,0
595771,595771,595772,1,0
595771,595771,595772,1,0
595771,595771,595772,1,0
595771,595771,595772,1,0
595771,595771,595772,1,0
595771,595771,595772,1,0
595771,595771,595772,1,0
595771,595771,595772,1,0
595771,595771,595772,1,0
595771,595771,595772,1,0
595771,595771,595772,1,0
595771,595771,595772,1,0
595771,595771,595772,1,0
595771,595771,595772,1,0
595771,595771,595772,1,0
595771,595771,595772,1,0
595771,595771,595772,1,0
595771,595771,595772,1,0
595771,595771,595772,1,0
595771,595771,595772,1,0
595771,595771,595772,1,0
595771,595771,595772,1,0
595771,595771,595772,1,0
595771,595771,595772,1,0
595771,595771,595772,1,0
595771,595771,595772,1,0
595771,595771,595772,1,0
595771,595771,595772,1,0
595771,595771,595772,1,0
595771,595771,595772,1,0
595771,595771,595772,1,0
595771,595771,595772,1,0
595771,595771,595773,2,0
595771,595771,595772,1,0
595771,595771,595772,1,0
595771,595771,595773,2,0
595771,595771,595773,2,0
595771,595771,595773,2,0
595771,595771,595773,2,0
595771,595771,595774,3,0
595771,595771,595774,3,0
595771,595771,595774,3,0
595771,595771,595774,3,0
595771,595771,595775,4,0
595771,595771,595775,4,0
595771,595771,595775,4,0
595771,595771,595775,4,0
595771,595771,595775,4,0
595783,595783,595785,2,0
595783,595783,595784,1,0
595783,595783,595784,1,0
595783,595783,595784,1,0
595783,595783,595784,1,0
595783,595783,595784,1,0
595783,595783,595784,1,0
595783,595783,595784,1,0
595783,595783,595785,2,0
595783,595783,595785,2,0
595783,595783,595786,3,0
595783,595783,595785,2,0
595794,595794,595795,1,0
595794,595794,595795,1,0
595794,595794,595795,1,0
595794,595794,595795,1,0
595794,595794,595795,1,0
595794,595794,595795,1,0
595794,595794,595795,1,0
595794,595794,595795,1,0
595794,595794,595795,1,0
595794,595794,595795,1,0
595794,595794,595795,1,0
595794,595794,595795,1,0
595794,595794,595795,1,0
595794,595794,595795,1,0
595794,595794,595795,1,0
595794,595794,595795,1,0
595794,595794,595795,1,0
595794,595794,595795,1,0
595794,595794,595795,1,0
595794,595794,595795,1,0
595768,595797,595798,1,29
595768,595797,595798,1,29
595768,595797,595798,1,29
595768,595797,595798,1,29
595768,595797,595798,1,29
595768,595797,595798,1,29
595768,595797,595798,1,29
595801,595801,595802,1,0
595801,595801,595802,1,0
595801,595801,595802,1,0
595801,595801,595802,1,0
595801,595801,595802,1,0
595801,595801,595802,1,0
595801,595801,595802,1,0
595801,595801,595802,1,0
595801,595801,595802,1,0
595801,595801,595802,1,0
595801,595801,595802,1,0
595801,595801,595802,1,0
595801,595801,595802,1,0
595801,595801,595802,1,0
595801,595801,595802,1,0
595801,595801,595802,1,0
595801,595801,595802,1,0
595801,595801,595802,1,0
595801,595801,595802,1,0
595801,595801,595802,1,0
595801,595801,595802,1,0
595801,595801,595802,1,0
595801,595801,595802,1,0
595801,595801,595802,1,0
595801,595801,595802,1,0
595801,595801,595802,1,0
595801,595801,595802,1,0
595801,595801,595802,1,0
595801,595801,595802,1,0
595801,595801,595802,1,0
595801,595801,595802,1,0
595801,595801,595802,1,0
595801,595801,595802,1,0
595801,595801,595802,1,0
595801,595801,595802,1,0
595801,595801,595802,1,0
595801,595801,595802,1,0
595801,595801,595802,1,0
595801,595801,595802,1,0
595801,595801,595802,1,0
595801,595801,595802,1,0
595801,595801,595802,1,0
595801,595801,595802,1,0
595801,595801,595802,1,0
595801,595801,595802,1,0
595801,595801,595802,1,0
595801,595801,595802,1,0
595801,595801,595802,1,0
595801,595801,595802,1,0
595801,595801,595802,1,0
595814,595814,595815,1,0
595814,595814,595815,1,0
595814,595814,595815,1,0
595814,595814,595815,1,0
595814,595814,595815,1,0
595814,595814,595815,1,0
595814,595814,595815,1,0
595814,595814,595815,1,0
595814,595814,595815,1,0
595814,595814,595815,1,0
595814,595814,595815,1,0
595814,595814,595815,1,0
595820,595820,595821,1,0
595826,595826,595827,1,0
595826,595826,595827,1,0
595826,595826,595827,1,0
595826,595826,595827,1,0
595826,595826,595827,1,0
595826,595826,595827,1,0
595826,595826,595827,1,0
595826,595826,595827,1,0
595826,595826,595827,1,0
595826,595826,595827,1,0
595826,595826,595827,1,0
595826,595826,595827,1,0
595826,595826,595827,1,0
595826,595826,595827,1,0
595826,595826,595827,1,0
595826,595826,595827,1,0
595826,595826,595827,1,0
595826,595826,595827,1,0
595826,595826,595827,1,0
595826,595826,595827,1,0
595826,595826,595827,1,0
595826,595826,595827,1,0
595826,595826,595827,1,0
595826,595826,595827,1,0
595826,595826,595827,1,0
595826,595826,595827,1,0
595826,595826,595827,1,0
595826,595826,595827,1,0
595826,595826,595827,1,0
595826,595826,595827,1,0
595826,595826,595827,1,0
595826,595826,595827,1,0
595835,595835,595836,1,0
595835,595835,595836,1,0
595835,595835,595836,1,0
595835,595835,595836,1,0
595835,595835,595836,1,0
595835,595835,595836,1,0
595835,595835,595836,1,0
595835,595835,595836,1,0
595835,595835,595836,1,0
595835,595835,595836,1,0
595835,595835,595836,1,0
595835,595835,595836,1,0
595835,595835,595836,1,0
595835,595835,595836,1,0
595835,595835,595836,1,0
595835,595835,595836,1,0
595835,595835,595836,1,0
595835,595835,595836,1,0
595835,595835,595836,1,0
595835,595835,595836,1,0
595835,595835,595836,1,0
595835,595835,595836,1,0
595835,595835,595836,1,0
595835,595835,595836,1,0
595835,595835,595836,1,0
595835,595835,595836,1,0
595835,595835,595836,1,0
595835,595835,595836,1,0
595835,595835,595836,1,0
595835,595835,595836,1,0
595835,595835,595836,1,0
595835,595835,595836,1,0
595835,595835,595836,1,0
595835,595835,595836,1,0
595835,595835,595836,1,0
595835,595835,595836,1,0
595835,595835,595836,1,0
595835,595835,595836,1,0
595835,595835,595836,1,0
595835,595835,595836,1,0
595835,595835,595836,1,0
595835,595835,595836,1,0
595835,595835,595836,1,0
595835,595835,595836,1,0
595835,595835,595836,1,0
595835,595835,595836,1,0
595835,595835,595836,1,0
595835,595835,595836,1,0
595835,595835,595836,1,0
595835,595835,595836,1,0
594600,594602,595952,1350,2
595950,595953,595995,42,3
596014,596014,596015,1,0
596014,596014,596015,1,0
596014,596014,596015,1,0
596014,596014,596015,1,0
596014,596014,596015,1,0
596014,596014,596015,1,0
596014,596014,596015,1,0
596014,596014,596015,1,0
596014,596014,596015,1,0
596014,596014,596015,1,0
596014,596014,596015,1,0
596014,596014,596015,1,0
596014,596014,596015,1,0
596014,596014,596015,1,0
596014,596014,596015,1,0
596014,596014,596015,1,0
596014,596014,596015,1,0
596014,596014,596015,1,0
596014,596014,596015,1,0
596014,596014,596015,1,0
596014,596014,596015,1,0
596014,596014,596015,1,0
596014,596014,596015,1,0
596014,596014,596015,1,0
596014,596014,596016,2,0
596014,596014,596016,2,0
596014,596014,596015,1,0
596014,596014,596015,1,0
596014,596014,596015,1,0
596014,596014,596016,2,0
596014,596014,596016,2,0
596014,596014,596016,2,0
596014,596014,596015,1,0
596014,596014,596016,2,0
596014,596014,596016,2,0
596014,596014,596016,2,0
596014,596014,596017,3,0
596014,596014,596017,3,0
596014,596014,596017,3,0
596014,596014,596017,3,0
596014,596014,596016,2,0
596014,596014,596016,2,0
596014,596014,596018,4,0
596014,596014,596018,4,0
596014,596014,596017,3,0
596014,596014,596018,4,0
596014,596014,596018,4,0
596014,596014,596018,4,0
596014,596014,596018,4,0
596014,596014,596019,5,0
596030,596030,596031,1,0
596030,596030,596031,1,0
596030,596030,596031,1,0
596030,596030,596031,1,0
596030,596030,596031,1,0
596030,596030,596031,1,0
596030,596030,596031,1,0
596030,596030,596031,1,0
596030,596030,596031,1,0
596030,596030,596031,1,0
596030,596030,596031,1,0
596030,596030,596031,1,0
596030,596030,596031,1,0
596030,596030,596031,1,0
596030,596030,596031,1,0
596030,596030,596031,1,0
596030,596030,596031,1,0
596030,596030,596031,1,0
596030,596030,596031,1,0
596030,596030,596031,1,0
596030,596030,596031,1,0
596030,596030,596031,1,0
596030,596030,596031,1,0
596030,596030,596031,1,0
596030,596030,596032,2,0
596030,596030,596031,1,0
596030,596030,596032,2,0
596030,596030,596032,2,0
596030,596030,596031,1,0
596030,596030,596031,1,0
596030,596030,596032,2,0
596030,596030,596031,1,0
596030,596030,596032,2,0
596030,596030,596032,2,0
596030,596030,596032,2,0
596030,596030,596032,2,0
596030,596030,596032,2,0
596030,596030,596032,2,0
596030,596030,596032,2,0
596030,596030,596033,3,0
596030,596030,596033,3,0
596030,596030,596033,3,0
596030,596030,596034,4,0
596030,596030,596034,4,0
596030,596030,596034,4,0
596030,596030,596034,4,0
596030,596030,596034,4,0
596030,596030,596034,4,0
596030,596030,596035,5,0
596030,596030,596035,5,0
596050,596050,596051,1,0
596050,596050,596051,1,0
596050,596050,596051,1,0
596050,596050,596051,1,0
596050,596050,596051,1,0
596050,596050,596051,1,0
596050,596050,596051,1,0
596050,596050,596051,1,0
596050,596050,596051,1,0
596050,596050,596051,1,0
596050,596050,596051,1,0
596050,596050,596051,1,0
596050,596050,596051,1,0
596050,596050,596051,1,0
596050,596050,596051,1,0
596050,596050,596051,1,0
596050,596050,596051,1,0
596050,596050,596051,1,0
596050,596050,596051,1,0
596050,596050,596051,1,0
596050,596050,596051,1,0
596050,596050,596051,1,0
596050,596050,596051,1,0
596050,596050,596051,1,0
596050,596050,596051,1,0
596050,596050,596051,1,0
596050,596050,596052,2,0
596050,596050,596051,1,0
596050,596050,596051,1,0
596050,596050,596051,1,0
596050,596050,596051,1,0
596050,596050,596052,2,0
596050,596050,596053,3,0
596050,596050,596053,3,0
596050,596050,596053,3,0
596050,596050,596053,3,0
596050,596050,596053,3,0
596050,596050,596053,3,0
596050,596050,596053,3,0
596050,596050,596054,4,0
596050,596050,596054,4,0
596050,596050,596054,4,0
596062,596062,596063,1,0
596062,596062,596063,1,0
596062,596062,596063,1,0
596062,596062,596063,1,0
596062,596062,596063,1,0
596062,596062,596063,1,0
596062,596062,596063,1,0
596062,596062,596063,1,0
596062,596062,596063,1,0
596062,596062,596063,1,0
596062,596062,596063,1,0
596062,596062,596063,1,0
596062,596062,596063,1,0
596062,596062,596063,1,0
596062,596062,596063,1,0
596062,596062,596063,1,0
596062,596062,596063,1,0
596062,596062,596063,1,0
596062,596062,596063,1,0
596062,596062,596063,1,0
596062,596062,596063,1,0
596062,596062,596063,1,0
596062,596062,596063,1,0
596062,596062,596063,1,0
596062,596062,596063,1,0
596062,596062,596063,1,0
596062,596062,596063,1,0
596062,596062,596063,1,0
596062,596062,596063,1,0
596062,596062,596063,1,0
596062,596062,596063,1,0
596062,596062,596063,1,0
596062,596062,596063,1,0
596062,596062,596064,2,0
596062,596062,596063,1,0
596062,596062,596063,1,0
596062,596062,596063,1,0
596062,596062,596063,1,0
596062,596062,596064,2,0
596062,596062,596064,2,0
596062,596062,596064,2,0
596062,596062,596064,2,0
596062,596062,596065,3,0
596062,596062,596065,3,0
596062,596062,596065,3,0
596062,596062,596065,3,0
595958,595998,596065,67,40
596062,596062,596065,3,0
596062,596062,596066,4,0
596062,596062,596066,4,0
596062,596062,596066,4,0
596063,596066,596073,7,3
596073,596073,596074,1,0
596073,596073,596074,1,0
596073,596073,596074,1,0
596073,596073,596074,1,0
596073,596073,596074,1,0
596073,596073,596074,1,0
596073,596073,596074,1,0
596073,596073,596074,1,0
596073,596073,596074,1,0
596073,596073,596074,1,0
596073,596073,596074,1,0
596073,596073,596074,1,0
596073,596073,596075,2,0
596073,596073,596075,2,0
596073,596073,596075,2,0
596073,596073,596075,2,0
596073,596073,596075,2,0
596073,596073,596076,3,0
596068,596075,596082,7,7
596082,596082,596083,1,0
596082,596082,596083,1,0
596082,596082,596083,1,0
596082,596082,596083,1,0
596082,596082,596083,1,0
596082,596082,596083,1,0
596082,596082,596083,1,0
596082,596082,596083,1,0
596082,596082,596083,1,0
596082,596082,596083,1,0
596082,596082,596083,1,0
596082,596082,596083,1,0
596082,596082,596083,1,0
596082,596082,596083,1,0
596082,596082,596083,1,0
596082,596082,596083,1,0
596082,596082,596083,1,0
596082,596082,596083,1,0
596082,596082,596083,1,0
596082,596082,596083,1,0
596082,596082,596083,1,0
596082,596082,596083,1,0
596082,596082,596083,1,0
596082,596082,596083,1,0
596082,596082,596083,1,0
596082,596082,596083,1,0
596082,596082,596083,1,0
596082,596082,596083,1,0
596082,596082,596083,1,0
596082,596082,596083,1,0
596082,596082,596083,1,0
596082,596082,596083,1,0
596082,596082,596083,1,0
596082,596082,596083,1,0
596082,596082,596083,1,0
596082,596082,596083,1,0
596082,596082,596083,1,0
596082,596082,596083,1,0
596082,596082,596083,1,0
596082,596082,596083,1,0
596082,596082,596083,1,0
596082,596082,596083,1,0
596082,596082,596083,1,0
596082,596082,596083,1,0
596082,596082,596083,1,0
596082,596082,596084,2,0
596082,596082,596084,2,0
596082,596082,596084,2,0
596082,596082,596084,2,0
596082,596082,596085,3,0
596082,596084,596089,5,2
596092,596092,596093,1,0
596092,596092,596093,1,0
596092,596092,596093,1,0
596092,596092,596093,1,0
596092,596092,596093,1,0
596092,596092,596093,1,0
596092,596092,596093,1,0
596092,596092,596093,1,0
596092,596092,596093,1,0
596092,596092,596093,1,0
596099,596099,596100,1,0
596099,596099,596100,1,0
596099,596099,596100,1,0
596099,596099,596100,1,0
596099,596099,596100,1,0
596099,596099,596100,1,0
596099,596099,596100,1,0
596099,596099,596100,1,0
596099,596099,596100,1,0
596099,596099,596100,1,0
596099,596099,596100,1,0
596099,596099,596100,1,0
596099,596099,596100,1,0
596099,596099,596100,1,0
596099,596099,596100,1,0
596099,596099,596100,1,0
596099,596099,596100,1,0
596099,596099,596100,1,0
596099,596099,596100,1,0
596099,596099,596100,1,0
596099,596099,596100,1,0
596099,596099,596100,1,0
596099,596099,596100,1,0
596099,596099,596100,1,0
596106,596106,596107,1,0
596106,596106,596107,1,0
596106,596106,596107,1,0
596106,596106,596107,1,0
596106,596106,596107,1,0
596106,596106,596107,1,0
596106,596106,596107,1,0
596106,596106,596107,1,0
596106,596106,596107,1,0
596106,596106,596107,1,0
596106,596106,596107,1,0
596106,596106,596107,1,0
596106,596106,596107,1,0
596106,596106,596107,1,0
596106,596106,596107,1,0
596106,596106,596107,1,0
596106,596106,596107,1,0
596106,596106,596107,1,0
596106,596106,596107,1,0
596106,596106,596107,1,0
596106,596106,596107,1,0
596106,596106,596107,1,0
596106,596106,596107,1,0
596106,596106,596107,1,0
596106,596106,596107,1,0
596106,596106,596107,1,0
596106,596106,596107,1,0
596106,596106,596107,1,0
596106,596106,596107,1,0
596106,596106,596107,1,0
596106,596106,596107,1,0
596106,596106,596107,1,0
596106,596106,596107,1,0
596106,596106,596107,1,0
596106,596106,596107,1,0
596106,596106,596107,1,0
596106,596106,596107,1,0
596106,596106,596107,1,0
596106,596106,596107,1,0
596106,596106,596107,1,0
596106,596106,596107,1,0
596106,596106,596107,1,0
596113,596113,596114,1,0
596113,596113,596114,1,0
596113,596113,596114,1,0
596113,596113,596114,1,0
596113,596113,596114,1,0
596113,596113,596114,1,0
596113,596113,596114,1,0
596113,596113,596114,1,0
596113,596113,596114,1,0
596113,596113,596114,1,0
596113,596113,596114,1,0
596113,596113,596114,1,0
596113,596113,596114,1,0
596113,596113,596114,1,0
596113,596113,596114,1,0
596113,596113,596114,1,0
596113,596113,596114,1,0
596113,596113,596114,1,0
596113,596113,596114,1,0
596113,596113,596114,1,0
596113,596113,596114,1,0
596113,596113,596114,1,0
596113,596113,596114,1,0
596113,596113,596114,1,0
596113,596113,596114,1,0
596113,596113,596114,1,0
596113,596113,596114,1,0
596113,596113,596114,1,0
596113,596113,596114,1,0
596113,596113,596114,1,0
596113,596113,596114,1,0
596113,596113,596114,1,0
596113,596113,596114,1,0
596113,596113,596114,1,0
596113,596113,596114,1,0
596113,596113,596114,1,0
596113,596113,596114,1,0
596113,596113,596114,1,0
596113,596113,596114,1,0
596113,596113,596114,1,0
596113,596113,596114,1,0
595298,595298,596114,816,0
595260,595260,596115,855,0
596116,596116,596117,1,0
596116,596116,596117,1,0
596116,596116,596117,1,0
596116,596116,596117,1,0
596116,596116,596117,1,0
596116,596116,596117,1,0
596116,596116,596117,1,0
596116,596116,596117,1,0
596116,596116,596117,1,0
596116,596116,596117,1,0
596116,596116,596117,1,0
596116,596116,596117,1,0
596116,596116,596117,1,0
596116,596116,596117,1,0
596116,596116,596117,1,0
596116,596116,596117,1,0
596116,596116,596117,1,0
596116,596116,596117,1,0
596116,596116,596117,1,0
596116,596116,596117,1,0
596116,596116,596117,1,0
596116,596116,596117,1,0
596116,596116,596117,1,0
596116,596116,596118,2,0
596116,596117,596118,1,1
596116,596116,596118,2,0
596116,596116,596117,1,0
596116,596116,596117,1,0
596116,596116,596118,2,0
596116,596116,596118,2,0
596116,596116,596118,2,0
596116,596116,596117,1,0
596116,596116,596118,2,0
596116,596116,596118,2,0
596116,596116,596118,2,0
596116,596116,596118,2,0
596116,596116,596117,1,0
596116,596117,596118,1,1
596116,596117,596118,1,1
596116,596117,596118,1,1
596116,596117,596118,1,1
596116,596117,596118,1,1
596116,596116,596118,2,0
596116,596116,596118,2,0
596116,596116,596118,2,0
596116,596116,596118,2,0
596116,596116,596118,2,0
596116,596117,596118,1,1
596116,596117,596118,1,1
596118,596118,596119,1,0
596118,596118,596119,1,0
596118,596118,596119,1,0
596118,596118,596119,1,0
596118,596118,596119,1,0
596118,596118,596119,1,0
596118,596119,596120,1,1
596118,596118,596119,1,0
596118,596118,596119,1,0
596118,596118,596119,1,0
596118,596118,596119,1,0
596118,596119,596120,1,1
596118,596119,596120,1,1
596118,596119,596120,1,1
596118,596119,596120,1,1
596118,596118,596120,2,0
596118,596118,596120,2,0
596118,596118,596120,2,0
596118,596119,596120,1,1
596118,596119,596120,1,1
596118,596119,596120,1,1
596118,596119,596120,1,1
596118,596119,596120,1,1
596118,596118,596120,2,0
596118,596118,596120,2,0
596118,596118,596121,3,0
596118,596119,596120,1,1
596118,596119,596120,1,1
596118,596119,596120,1,1
596118,596118,596120,2,0
596118,596118,596120,2,0
596118,596119,596120,1,1
596118,596119,596120,1,1
596118,596119,596120,1,1
596118,596119,596121,2,1
596120,596120,596121,1,0
596120,596120,596121,1,0
596120,596120,596121,1,0
596120,596120,596121,1,0
596120,596120,596121,1,0
596120,596120,596121,1,0
596120,596120,596121,1,0
596120,596120,596121,1,0
596120,596120,596121,1,0
596120,596120,596121,1,0
596120,596120,596121,1,0
596120,596120,596121,1,0
596120,596120,596121,1,0
596120,596120,596121,1,0
596120,596120,596121,1,0
596120,596120,596121,1,0
596120,596120,596121,1,0
596120,596120,596121,1,0
596118,596118,596121,3,0
596118,596118,596121,3,0
596118,596118,596122,4,0
596120,596120,596121,1,0
596120,596120,596121,1,0
596120,596120,596121,1,0
596120,596121,596122,1,1
596118,596119,596121,2,1
596118,596118,596121,3,0
596118,596118,596121,3,0
596118,596118,596121,3,0
596118,596119,596121,2,1
596118,596118,596121,3,0
596116,596116,596123,7,0
596120,596120,596121,1,0
596120,596120,596121,1,0
596120,596120,596121,1,0
596120,596120,596121,1,0
596120,596120,596121,1,0
596120,596120,596121,1,0
595352,595352,596170,818,0
596171,596171,596172,1,0
596171,596171,596172,1,0
596171,596171,596172,1,0
596171,596171,596172,1,0
596171,596171,596172,1,0
596171,596171,596172,1,0
596171,596171,596172,1,0
596171,596171,596172,1,0
596171,596171,596172,1,0
596171,596171,596172,1,0
596171,596171,596172,1,0
596171,596171,596172,1,0
596171,596171,596172,1,0
596171,596171,596173,2,0
596171,596171,596173,2,0
596171,596171,596172,1,0
596171,596171,596172,1,0
596171,596171,596173,2,0
596171,596171,596173,2,0
596171,596171,596173,2,0
596171,596171,596173,2,0
596171,596171,596172,1,0
596171,596171,596172,1,0
596171,596171,596172,1,0
596171,596171,596172,1,0
596171,596171,596172,1,0
596171,596171,596172,1,0
596171,596171,596172,1,0
596171,596171,596172,1,0
596171,596171,596173,2,0
596171,596171,596172,1,0
596171,596171,596172,1,0
596171,596171,596172,1,0
596171,596171,596172,1,0
596171,596171,596173,2,0
596171,596171,596173,2,0
596171,596171,596174,3,0
596171,596171,596174,3,0
596171,596171,596174,3,0
596171,596171,596174,3,0
596171,596171,596174,3,0
596171,596171,596174,3,0
596171,596171,596174,3,0
596171,596171,596174,3,0
596171,596196,596197,1,25
596171,596196,596197,1,25
596171,596196,596198,2,25
595395,595396,596199,803,1
596207,596208,596209,1,1
596207,596208,596209,1,1
596207,596208,596209,1,1
596207,596208,596209,1,1
596207,596208,596209,1,1
596207,596208,596209,1,1
596207,596208,596209,1,1
596207,596208,596209,1,1
596207,596208,596209,1,1
596207,596208,596209,1,1
596207,596208,596209,1,1
596207,596208,596209,1,1
596207,596208,596209,1,1
596207,596208,596209,1,1
596207,596208,596209,1,1
596207,596208,596209,1,1
596207,596208,596209,1,1
596207,596208,596209,1,1
596207,596208,596209,1,1
596207,596208,596209,1,1
596207,596208,596209,1,1
596207,596208,596209,1,1
596207,596208,596209,1,1
596207,596208,596209,1,1
596207,596208,596209,1,1
596207,596208,596209,1,1
596207,596208,596209,1,1
596207,596208,596209,1,1
596207,596208,596209,1,1
596207,596208,596209,1,1
596207,596208,596209,1,1
596207,596208,596209,1,1
596207,596208,596209,1,1
596207,596208,596211,3,1
596207,596208,596210,2,1
596207,596208,596210,2,1
596207,596208,596210,2,1
596207,596208,596211,3,1
596207,596208,596210,2,1
596207,596208,596211,3,1
596207,596208,596210,2,1
596207,596208,596211,3,1
595382,595382,596214,832,0
596221,596222,596223,1,1
596221,596222,596223,1,1
596221,596222,596223,1,1
596221,596222,596223,1,1
596221,596222,596223,1,1
596221,596222,596223,1,1
596221,596222,596223,1,1
596221,596222,596223,1,1
596221,596222,596223,1,1
596221,596222,596223,1,1
596221,596222,596223,1,1
596221,596222,596223,1,1
596221,596222,596223,1,1
596221,596222,596223,1,1
596221,596222,596223,1,1
596221,596222,596223,1,1
596221,596222,596223,1,1
596221,596222,596223,1,1
596221,596222,596223,1,1
596221,596222,596223,1,1
596221,596222,596223,1,1
596221,596222,596223,1,1
596221,596222,596223,1,1
596221,596222,596224,2,1
596221,596222,596223,1,1
596221,596222,596223,1,1
596221,596222,596224,2,1
596221,596222,596223,1,1
596221,596222,596223,1,1
596221,596222,596223,1,1
596221,596222,596225,3,1
596221,596222,596224,2,1
596221,596222,596224,2,1
596221,596222,596224,2,1
596221,596222,596224,2,1
596221,596222,596224,2,1
596221,596222,596225,3,1
596221,596222,596225,3,1
596221,596222,596225,3,1
595429,595429,596233,804,0
596221,596233,596234,1,12
596221,596233,596234,1,12
596221,596233,596234,1,12
596221,596233,596235,2,12
596235,596235,596236,1,0
596235,596235,596236,1,0
596235,596235,596236,1,0
596235,596235,596236,1,0
596235,596235,596236,1,0
596235,596235,596236,1,0
596235,596235,596236,1,0
596235,596235,596236,1,0
596235,596235,596236,1,0
596235,596235,596236,1,0
596235,596235,596236,1,0
596235,596235,596236,1,0
596235,596235,596236,1,0
596235,596235,596236,1,0
596235,596235,596236,1,0
596235,596235,596236,1,0
596235,596235,596236,1,0
596235,596235,596236,1,0
596235,596235,596236,1,0
596235,596235,596236,1,0
596235,596235,596236,1,0
596235,596235,596236,1,0
596235,596235,596236,1,0
596235,596235,596236,1,0
596235,596235,596236,1,0
596235,596235,596236,1,0
596235,596235,596236,1,0
596235,596235,596236,1,0
596235,596235,596236,1,0
596235,596235,596236,1,0
596235,596235,596236,1,0
596235,596235,596236,1,0
596235,596235,596236,1,0
596235,596235,596236,1,0
596235,596235,596237,2,0
596235,596235,596236,1,0
596235,596235,596236,1,0
596235,596235,596236,1,0
596235,596235,596237,2,0
596235,596235,596236,1,0
596235,596235,596236,1,0
596235,596235,596237,2,0
596235,596235,596236,1,0
596235,596235,596236,1,0
596235,596235,596237,2,0
596235,596235,596236,1,0
596235,596235,596236,1,0
596235,596235,596236,1,0
596235,596235,596236,1,0
596235,596235,596236,1,0
595418,595418,596244,826,0
596253,596253,596254,1,0
596253,596253,596254,1,0
596253,596253,596254,1,0
596253,596253,596254,1,0
596253,596253,596254,1,0
596253,596253,596254,1,0
596253,596253,596254,1,0
596253,596253,596254,1,0
596253,596253,596254,1,0
596253,596253,596254,1,0
596253,596253,596254,1,0
596253,596253,596254,1,0
596253,596253,596254,1,0
596253,596253,596254,1,0
596253,596253,596254,1,0
596253,596253,596254,1,0
596253,596253,596254,1,0
596253,596253,596254,1,0
596253,596253,596254,1,0
596253,596253,596254,1,0
596253,596253,596254,1,0
596253,596253,596254,1,0
596253,596253,596254,1,0
596253,596253,596254,1,0
596253,596253,596254,1,0
596253,596253,596254,1,0
596253,596253,596254,1,0
596253,596253,596254,1,0
596253,596253,596254,1,0
596253,596253,596255,2,0
596253,596253,596254,1,0
596253,596253,596254,1,0
596253,596253,596255,2,0
596253,596253,596254,1,0
596253,596253,596254,1,0
596253,596253,596254,1,0
596253,596253,596254,1,0
596253,596253,596255,2,0
596253,596253,596254,1,0
596253,596253,596255,2,0
596253,596253,596256,3,0
596253,596253,596256,3,0
596253,596253,596255,2,0
596253,596253,596259,6,0
596253,596277,596278,1,24
596253,596277,596278,1,24
596253,596277,596278,1,24
596253,596277,596278,1,24
596253,596277,596279,2,24
595471,595471,596302,831,0
596303,596304,596305,1,1
596303,596304,596305,1,1
596303,596304,596305,1,1
596303,596304,596305,1,1
596303,596304,596305,1,1
596303,596304,596305,1,1
596303,596304,596305,1,1
596303,596304,596305,1,1
596303,596304,596305,1,1
596303,596304,596305,1,1
596303,596304,596305,1,1
596303,596304,596305,1,1
596303,596304,596305,1,1
596303,596304,596305,1,1
596303,596304,596305,1,1
596303,596304,596305,1,1
596303,596304,596305,1,1
596303,596304,596305,1,1
596303,596304,596305,1,1
596303,596304,596305,1,1
596303,596304,596305,1,1
596303,596304,596305,1,1
596303,596304,596305,1,1
596303,596304,596305,1,1
596303,596304,596305,1,1
596303,596304,596305,1,1
596303,596304,596305,1,1
596303,596304,596305,1,1
596303,596304,596305,1,1
595509,595509,596331,822,0
596333,596333,596334,1,0
596333,596333,596334,1,0
596333,596333,596334,1,0
596333,596333,596334,1,0
596333,596333,596334,1,0
596333,596333,596334,1,0
596333,596333,596334,1,0
596333,596333,596334,1,0
596333,596333,596334,1,0
596333,596333,596334,1,0
596333,596333,596334,1,0
596333,596333,596334,1,0
596333,596333,596334,1,0
596333,596333,596334,1,0
596333,596333,596334,1,0
596333,596333,596334,1,0
596333,596333,596334,1,0
596333,596333,596334,1,0
596333,596333,596334,1,0
596333,596333,596334,1,0
596333,596333,596334,1,0
596333,596333,596334,1,0
596333,596333,596334,1,0
596333,596333,596334,1,0
596333,596333,596334,1,0
596333,596333,596334,1,0
596333,596333,596334,1,0
596333,596333,596334,1,0
596333,596333,596334,1,0
596333,596333,596334,1,0
596333,596333,596334,1,0
596333,596333,596334,1,0
596333,596333,596334,1,0
596333,596333,596334,1,0
596333,596333,596334,1,0
596333,596333,596334,1,0
596333,596333,596334,1,0
596333,596333,596334,1,0
596333,596333,596334,1,0
596333,596333,596334,1,0
596333,596333,596334,1,0
596333,596333,596334,1,0
596333,596333,596334,1,0
596333,596333,596335,2,0
596333,596333,596334,1,0
596333,596333,596334,1,0
596363,596363,596364,1,0
596363,596363,596364,1,0
596363,596363,596364,1,0
596363,596363,596364,1,0
596363,596363,596364,1,0
596363,596363,596364,1,0
596363,596363,596364,1,0
596363,596363,596364,1,0
596363,596363,596364,1,0
596363,596363,596364,1,0
596363,596363,596365,2,0
596363,596363,596365,2,0
596363,596363,596365,2,0
596363,596363,596364,1,0
596363,596363,596364,1,0
596363,596363,596364,1,0
596363,596363,596364,1,0
596363,596363,596365,2,0
596363,596363,596365,2,0
596363,596363,596364,1,0
596363,596363,596366,3,0
596363,596363,596365,2,0
596363,596363,596366,3,0
596363,596363,596366,3,0
596363,596363,596366,3,0
596363,596363,596366,3,0
596363,596363,596366,3,0
596363,596363,596367,4,0
596363,596363,596367,4,0
596374,596374,596375,1,0
596374,596374,596375,1,0
596374,596374,596375,1,0
596374,596374,596375,1,0
596374,596374,596375,1,0
596374,596374,596375,1,0
596374,596374,596375,1,0
596374,596374,596375,1,0
596374,596374,596375,1,0
596374,596374,596375,1,0
596374,596374,596375,1,0
596374,596374,596375,1,0
596374,596374,596375,1,0
596374,596374,596375,1,0
596374,596374,596375,1,0
596374,596374,596375,1,0
596374,596374,596375,1,0
596374,596374,596375,1,0
596374,596374,596375,1,0
596374,596374,596375,1,0
596374,596374,596375,1,0
596374,596374,596375,1,0
596374,596374,596375,1,0
596374,596374,596375,1,0
596374,596374,596375,1,0
596374,596374,596375,1,0
595551,595551,596375,824,0
596374,596374,596375,1,0
596374,596374,596375,1,0
596374,596374,596376,2,0
596374,596374,596376,2,0
596374,596374,596376,2,0
596374,596374,596375,1,0
596374,596374,596376,2,0
596374,596374,596376,2,0
596374,596374,596376,2,0
596374,596374,596376,2,0
596374,596374,596376,2,0
596374,596374,596376,2,0
596374,596374,596377,3,0
596374,596374,596376,2,0
596374,596374,596377,3,0
596374,596374,596377,3,0
596374,596374,596377,3,0
595566,595566,596377,811,0
596374,596374,596378,4,0
596374,596374,596378,4,0
596374,596374,596378,4,0
596374,596374,596378,4,0
596374,596374,596378,4,0
596378,596378,596379,1,0
596378,596378,596379,1,0
596378,596378,596379,1,0
596378,596378,596379,1,0
596378,596378,596379,1,0
596378,596378,596379,1,0
596378,596378,596379,1,0
596378,596378,596379,1,0
596378,596378,596379,1,0
596378,596378,596379,1,0
596378,596378,596379,1,0
596378,596378,596379,1,0
596378,596378,596379,1,0
596378,596378,596379,1,0
596378,596378,596379,1,0
596378,596378,596379,1,0
596378,596378,596379,1,0
596378,596378,596379,1,0
596378,596378,596379,1,0
596378,596378,596379,1,0
596378,596378,596379,1,0
596378,596378,596379,1,0
596378,596378,596379,1,0
596378,596378,596379,1,0
596378,596378,596379,1,0
596378,596378,596379,1,0
596378,596378,596379,1,0
596378,596378,596379,1,0
596378,596378,596379,1,0
596374,596374,596379,5,0
596374,596374,596379,5,0
596378,596378,596379,1,0
596378,596378,596379,1,0
596378,596378,596379,1,0
596378,596378,596379,1,0
596378,596378,596379,1,0
596378,596378,596379,1,0
596378,596378,596379,1,0
596378,596378,596379,1,0
596378,596378,596379,1,0
596378,596378,596379,1,0
596378,596378,596379,1,0
596378,596378,596379,1,0
596380,596380,596381,1,0
596380,596380,596381,1,0
596380,596380,596381,1,0
596380,596380,596381,1,0
596380,596380,596381,1,0
596380,596380,596381,1,0
596380,596380,596381,1,0
596380,596380,596381,1,0
596380,596380,596381,1,0
596380,596380,596381,1,0
596380,596380,596381,1,0
596380,596380,596381,1,0
596380,596380,596381,1,0
596380,596380,596381,1,0
596380,596380,596381,1,0
596380,596380,596381,1,0
596380,596380,596381,1,0
596380,596380,596381,1,0
596380,596380,596381,1,0
596380,596380,596381,1,0
596380,596380,596381,1,0
596380,596380,596381,1,0
596380,596380,596381,1,0
596380,596380,596381,1,0
596380,596380,596381,1,0
596380,596380,596381,1,0
596380,596380,596381,1,0
596380,596380,596381,1,0
596380,596380,596381,1,0
596380,596380,596381,1,0
596380,596380,596381,1,0
596380,596380,596381,1,0
596380,596380,596381,1,0
596380,596380,596381,1,0
596380,596380,596381,1,0
596380,596380,596381,1,0
596380,596380,596381,1,0
596380,596380,596381,1,0
596380,596380,596381,1,0
596380,596380,596381,1,0
596380,596380,596381,1,0
596380,596380,596381,1,0
596380,596381,596382,1,1
596380,596381,596382,1,1
596378,596383,596384,1,5
596378,596383,596384,1,5
596378,596383,596384,1,5
596378,596383,596384,1,5
596378,596383,596384,1,5
596378,596383,596384,1,5
595583,595583,596390,807,0
596389,596389,596390,1,0
596389,596389,596390,1,0
596389,596389,596390,1,0
596389,596389,596390,1,0
596389,596389,596390,1,0
596389,596389,596390,1,0
596389,596389,596390,1,0
596389,596389,596390,1,0
596389,596389,596390,1,0
596389,596389,596390,1,0
596389,596389,596390,1,0
596389,596389,596390,1,0
596389,596389,596390,1,0
596389,596389,596390,1,0
596389,596389,596390,1,0
596389,596389,596390,1,0
596389,596389,596390,1,0
596389,596389,596390,1,0
596389,596389,596390,1,0
596389,596389,596390,1,0
596389,596389,596390,1,0
596389,596389,596390,1,0
596389,596389,596390,1,0
596389,596389,596390,1,0
596389,596389,596390,1,0
596389,596389,596390,1,0
596389,596389,596390,1,0
596389,596389,596390,1,0
596389,596389,596390,1,0
596389,596389,596390,1,0
596389,596389,596390,1,0
596389,596389,596390,1,0
596389,596389,596390,1,0
596389,596389,596391,2,0
596389,596389,596390,1,0
596389,596389,596391,2,0
596389,596389,596391,2,0
596389,596389,596390,1,0
596389,596389,596391,2,0
596389,596389,596392,3,0
596389,596389,596392,3,0
596391,596391,596392,1,0
596391,596391,596392,1,0
596391,596391,596392,1,0
596389,596389,596392,3,0
596391,596391,596392,1,0
596391,596391,596392,1,0
596391,596391,596392,1,0
596391,596391,596392,1,0
596391,596391,596392,1,0
596391,596391,596392,1,0
596391,596391,596392,1,0
596391,596391,596392,1,0
596391,596391,596392,1,0
596391,596391,596392,1,0
596391,596391,596392,1,0
596389,596389,596392,3,0
596389,596389,596392,3,0
596391,596391,596392,1,0
596391,596391,596392,1,0
596391,596391,596392,1,0
596391,596391,596392,1,0
596391,596391,596392,1,0
596391,596391,596392,1,0
596391,596391,596392,1,0
596391,596391,596392,1,0
596391,596391,596392,1,0
596391,596391,596392,1,0
596391,596391,596392,1,0
596391,596391,596392,1,0
596391,596391,596392,1,0
596389,596389,596393,4,0
596389,596389,596393,4,0
596389,596389,596393,4,0
596391,596392,596393,1,1
596391,596392,596393,1,1
596391,596392,596393,1,1
596391,596392,596393,1,1
596391,596391,596392,1,0
596391,596391,596392,1,0
596391,596391,596392,1,0
596391,596391,596392,1,0
596391,596391,596393,2,0
596391,596391,596393,2,0
596391,596391,596393,2,0
596389,596389,596393,4,0
596391,596392,596393,1,1
596391,596392,596393,1,1
596391,596392,596393,1,1
596391,596392,596393,1,1
596391,596392,596393,1,1
596391,596392,596393,1,1
596391,596391,596393,2,0
596391,596391,596393,2,0
596391,596391,596393,2,0
596391,596391,596393,2,0
596391,596391,596393,2,0
596391,596392,596393,1,1
596389,596389,596394,5,0
596389,596389,596394,5,0
596403,596403,596404,1,0
596403,596403,596404,1,0
596403,596403,596404,1,0
596403,596403,596404,1,0
596403,596403,596404,1,0
596403,596403,596404,1,0
596403,596403,596404,1,0
596403,596403,596404,1,0
596403,596403,596404,1,0
596403,596403,596404,1,0
596403,596403,596404,1,0
596403,596403,596404,1,0
596403,596403,596404,1,0
596403,596403,596404,1,0
596403,596403,596404,1,0
596403,596403,596404,1,0
596403,596403,596404,1,0
596403,596403,596404,1,0
596403,596403,596404,1,0
596403,596403,596404,1,0
596403,596403,596404,1,0
596403,596403,596404,1,0
596403,596403,596404,1,0
596403,596403,596404,1,0
596403,596403,596404,1,0
596403,596403,596404,1,0
596403,596403,596404,1,0
596403,596403,596404,1,0
596403,596403,596404,1,0
596403,596403,596404,1,0
596403,596403,596404,1,0
596403,596403,596404,1,0
596403,596403,596404,1,0
596403,596403,596404,1,0
596403,596403,596404,1,0
596403,596403,596405,2,0
596403,596403,596405,2,0
596403,596403,596405,2,0
596403,596403,596404,1,0
596403,596403,596404,1,0
596403,596403,596405,2,0
596403,596403,596406,3,0
596403,596403,596406,3,0
596403,596403,596406,3,0
596403,596403,596406,3,0
596403,596403,596407,4,0
596403,596403,596407,4,0
596403,596403,596407,4,0
596403,596403,596407,4,0
596403,596403,596407,4,0
596414,596414,596415,1,0
596414,596414,596415,1,0
596414,596414,596415,1,0
596414,596414,596415,1,0
596414,596414,596415,1,0
596414,596414,596415,1,0
596414,596414,596415,1,0
596414,596414,596415,1,0
596414,596414,596415,1,0
596414,596414,596415,1,0
596414,596414,596415,1,0
596414,596414,596415,1,0
596414,596414,596415,1,0
596414,596414,596415,1,0
596414,596414,596415,1,0
596414,596414,596415,1,0
596414,596414,596415,1,0
596414,596414,596416,2,0
596414,596414,596416,2,0
596414,596414,596417,3,0
596414,596414,596416,2,0
596414,596414,596416,2,0
596414,596414,596417,3,0
596423,596423,596424,1,0
596423,596423,596424,1,0
596423,596423,596424,1,0
596423,596423,596424,1,0
596423,596423,596424,1,0
596423,596423,596424,1,0
596423,596423,596424,1,0
596423,596423,596424,1,0
596423,596423,596424,1,0
596423,596423,596424,1,0
596423,596423,596424,1,0
596423,596423,596424,1,0
596423,596423,596424,1,0
596423,596423,596424,1,0
596423,596423,596424,1,0
596423,596423,596424,1,0
596423,596423,596424,1,0
596423,596423,596424,1,0
596423,596423,596424,1,0
596423,596423,596424,1,0
596423,596423,596424,1,0
596423,596423,596424,1,0
596423,596423,596424,1,0
596423,596423,596424,1,0
596423,596423,596424,1,0
596423,596423,596424,1,0
596423,596423,596424,1,0
596423,596423,596424,1,0
596423,596423,596424,1,0
596423,596423,596424,1,0
596423,596423,596424,1,0
596423,596423,596424,1,0
596423,596423,596424,1,0
596423,596423,596424,1,0
596423,596423,596424,1,0
596423,596423,596424,1,0
596423,596423,596424,1,0
596423,596423,596424,1,0
596423,596423,596424,1,0
596423,596423,596424,1,0
596423,596423,596424,1,0
596423,596423,596424,1,0
596423,596423,596424,1,0
596423,596423,596425,2,0
596423,596423,596425,2,0
596423,596423,596425,2,0
596423,596423,596425,2,0
596423,596423,596425,2,0
596423,596423,596425,2,0
595623,595623,596426,803,0
596428,596429,596430,1,1
596428,596429,596430,1,1
596428,596429,596430,1,1
596428,596429,596430,1,1
596428,596429,596430,1,1
596428,596429,596430,1,1
596428,596429,596430,1,1
596428,596429,596430,1,1
596428,596429,596430,1,1
596428,596429,596430,1,1
596428,596429,596430,1,1
596428,596429,596430,1,1
596428,596429,596430,1,1
596428,596429,596430,1,1
596428,596429,596430,1,1
596428,596429,596430,1,1
596428,596429,596430,1,1
596428,596429,596430,1,1
596428,596429,596430,1,1
596428,596429,596431,2,1
596428,596429,596430,1,1
596428,596429,596430,1,1
596428,596429,596430,1,1
596428,596429,596430,1,1
596428,596429,596430,1,1
596428,596429,596430,1,1
596428,596429,596430,1,1
596428,596429,596430,1,1
596428,596429,596430,1,1
596428,596429,596430,1,1
596428,596429,596430,1,1
596428,596429,596431,2,1
596428,596429,596431,2,1
596428,596429,596431,2,1
596428,596429,596431,2,1
596428,596429,596432,3,1
596428,596429,596432,3,1
596428,596431,596432,1,3
596428,596431,596432,1,3
596431,596431,596432,1,0
596431,596431,596432,1,0
596431,596431,596432,1,0
596431,596431,596432,1,0
596431,596431,596432,1,0
596431,596431,596432,1,0
596431,596431,596432,1,0
596431,596431,596432,1,0
596431,596431,596432,1,0
596431,596431,596432,1,0
596431,596431,596432,1,0
596431,596431,596432,1,0
596431,596431,596432,1,0
596431,596431,596432,1,0
596431,596431,596432,1,0
596431,596431,596432,1,0
596431,596431,596432,1,0
596431,596431,596432,1,0
596431,596431,596432,1,0
596431,596431,596432,1,0
596431,596431,596432,1,0
596431,596431,596432,1,0
596431,596431,596432,1,0
596431,596431,596432,1,0
596431,596431,596432,1,0
596431,596431,596432,1,0
596431,596431,596432,1,0
596431,596431,596432,1,0
596431,596431,596432,1,0
596431,596431,596432,1,0
596431,596431,596432,1,0
596431,596431,596432,1,0
596431,596431,596432,1,0
596431,596431,596432,1,0
596431,596431,596432,1,0
596431,596431,596432,1,0
596431,596431,596432,1,0
596431,596431,596432,1,0
596431,596431,596432,1,0
596431,596431,596432,1,0
596431,596431,596432,1,0
596431,596431,596432,1,0
596431,596431,596432,1,0
596431,596431,596432,1,0
596431,596431,596432,1,0
596431,596431,596432,1,0
596431,596431,596432,1,0
596428,596429,596432,3,1
596428,596431,596433,2,3
596431,596431,596432,1,0
596431,596431,596433,2,0
596431,596431,596433,2,0
596440,596440,596441,1,0
596440,596440,596441,1,0
596440,596440,596441,1,0
596440,596440,596441,1,0
596440,596440,596441,1,0
596440,596440,596441,1,0
596440,596440,596441,1,0
596440,596440,596441,1,0
596440,596440,596441,1,0
596440,596440,596441,1,0
596440,596440,596441,1,0
596440,596440,596441,1,0
596440,596440,596441,1,0
596440,596440,596441,1,0
596440,596440,596441,1,0
596440,596441,596442,1,1
596440,596440,596441,1,0
596440,596440,596441,1,0
596440,596440,596441,1,0
595606,595606,596448,842,0
596449,596450,596451,1,1
596449,596450,596451,1,1
596449,596450,596451,1,1
596449,596450,596451,1,1
596449,596450,596451,1,1
596449,596450,596451,1,1
596449,596450,596451,1,1
596449,596450,596451,1,1
596449,596450,596451,1,1
596449,596450,596451,1,1
596449,596450,596451,1,1
596449,596450,596451,1,1
596428,596450,596451,1,22
596428,596450,596451,1,22
596428,596450,596451,1,22
596428,596450,596451,1,22
596449,596450,596451,1,1
596449,596450,596451,1,1
596449,596450,596451,1,1
596449,596450,596451,1,1
596449,596450,596451,1,1
596449,596450,596451,1,1
596449,596450,596451,1,1
596449,596450,596451,1,1
596449,596450,596451,1,1
596449,596450,596451,1,1
596449,596450,596451,1,1
596449,596450,596451,1,1
596449,596450,596451,1,1
596449,596450,596451,1,1
596449,596450,596451,1,1
596449,596450,596451,1,1
596449,596450,596451,1,1
596449,596450,596451,1,1
596449,596450,596451,1,1
596449,596450,596451,1,1
596449,596450,596451,1,1
596449,596450,596451,1,1
596449,596450,596451,1,1
596449,596450,596451,1,1
596449,596450,596452,2,1
596449,596450,596451,1,1
596449,596450,596451,1,1
596449,596450,596451,1,1
596449,596450,596451,1,1
596449,596450,596451,1,1
596449,596450,596453,3,1
596449,596450,596452,2,1
596449,596450,596452,2,1
596449,596450,596452,2,1
596449,596450,596452,2,1
596449,596450,596452,2,1
596449,596450,596452,2,1
596428,596450,596452,2,22
596449,596450,596453,3,1
595673,595673,596463,790,0
596466,596466,596467,1,0
596466,596466,596467,1,0
596466,596466,596467,1,0
596466,596466,596467,1,0
596466,596466,596467,1,0
596466,596466,596467,1,0
596466,596466,596467,1,0
596466,596466,596467,1,0
596466,596466,596467,1,0
596466,596466,596467,1,0
596466,596466,596467,1,0
596466,596466,596467,1,0
596466,596466,596467,1,0
596466,596466,596467,1,0
596466,596466,596467,1,0
596466,596466,596467,1,0
596466,596466,596467,1,0
596466,596466,596467,1,0
596466,596466,596468,2,0
596466,596466,596467,1,0
596466,596466,596467,1,0
596466,596466,596467,1,0
596466,596466,596467,1,0
596466,596466,596467,1,0
596466,596466,596467,1,0
596466,596466,596468,2,0
596466,596466,596467,1,0
596466,596466,596467,1,0
596466,596466,596467,1,0
596466,596466,596468,2,0
596466,596466,596467,1,0
596466,596466,596467,1,0
596466,596466,596467,1,0
596466,596466,596467,1,0
596466,596466,596468,2,0
596466,596466,596467,1,0
596466,596466,596467,1,0
596466,596466,596467,1,0
596466,596466,596467,1,0
596466,596466,596467,1,0
596466,596466,596467,1,0
596466,596466,596467,1,0
596466,596466,596467,1,0
596466,596466,596467,1,0
596466,596466,596468,2,0
596466,596466,596469,3,0
596466,596466,596469,3,0
596466,596466,596468,2,0
596466,596466,596468,2,0
596466,596466,596469,3,0
595661,595661,596471,810,0
595643,595643,596472,829,0
596476,596476,596477,1,0
596476,596476,596477,1,0
596476,596476,596477,1,0
596476,596476,596477,1,0
596476,596476,596477,1,0
596476,596476,596477,1,0
596476,596476,596477,1,0
596476,596476,596477,1,0
596476,596476,596477,1,0
596476,596476,596477,1,0
596476,596476,596477,1,0
596476,596476,596477,1,0
596476,596476,596477,1,0
596476,596476,596477,1,0
596476,596476,596477,1,0
596476,596476,596477,1,0
596476,596476,596477,1,0
596476,596476,596478,2,0
596476,596476,596478,2,0
596476,596477,596478,1,1
596476,596477,596478,1,1
596476,596477,596478,1,1
596476,596476,596478,2,0
596476,596476,596478,2,0
596476,596476,596478,2,0
596476,596476,596477,1,0
596476,596476,596478,2,0
596476,596477,596478,1,1
596476,596477,596478,1,1
596476,596477,596478,1,1
596476,596477,596478,1,1
596476,596476,596478,2,0
596476,596476,596478,2,0
596476,596476,596479,3,0
596476,596477,596479,2,1
596476,596476,596479,3,0
596476,596476,596479,3,0
596476,596476,596479,3,0
596476,596476,596479,3,0
596476,596476,596479,3,0
596476,596476,596479,3,0
596476,596477,596479,2,1
596476,596476,596480,4,0
596440,596440,596441,1,0
596440,596440,596441,1,0
596440,596440,596441,1,0
596484,596484,596485,1,0
596484,596484,596485,1,0
596484,596484,596485,1,0
596484,596484,596485,1,0
596484,596484,596485,1,0
596484,596484,596485,1,0
596484,596484,596485,1,0
596484,596484,596485,1,0
596484,596484,596485,1,0
596484,596484,596485,1,0
596484,596484,596485,1,0
596484,596484,596485,1,0
596484,596484,596485,1,0
596484,596484,596485,1,0
596484,596484,596485,1,0
596484,596484,596485,1,0
596484,596484,596485,1,0
596484,596484,596485,1,0
596484,596484,596485,1,0
596484,596484,596485,1,0
596484,596484,596485,1,0
596484,596484,596485,1,0
596484,596484,596485,1,0
596484,596484,596485,1,0
596484,596484,596485,1,0
596484,596484,596485,1,0
596484,596484,596485,1,0
596484,596484,596485,1,0
596484,596484,596485,1,0
596486,596486,596487,1,0
596486,596486,596487,1,0
596486,596486,596487,1,0
596486,596486,596487,1,0
596486,596486,596487,1,0
596486,596486,596487,1,0
596486,596486,596487,1,0
596486,596486,596487,1,0
596486,596486,596487,1,0
596486,596486,596487,1,0
596486,596486,596487,1,0
596486,596486,596487,1,0
596486,596486,596487,1,0
596486,596486,596487,1,0
596486,596486,596487,1,0
596486,596486,596487,1,0
596486,596486,596487,1,0
596486,596486,596487,1,0
596486,596486,596487,1,0
596486,596486,596487,1,0
596486,596486,596487,1,0
596486,596486,596487,1,0
596486,596486,596487,1,0
596486,596486,596487,1,0
596486,596486,596487,1,0
596486,596486,596488,2,0
596486,596486,596488,2,0
596486,596486,596487,1,0
596486,596486,596487,1,0
596486,596486,596488,2,0
596486,596486,596487,1,0
596486,596486,596487,1,0
596486,596486,596487,1,0
596486,596486,596487,1,0
596486,596486,596487,1,0
596486,596486,596488,2,0
596486,596486,596487,1,0
596486,596486,596488,2,0
596486,596486,596487,1,0
596486,596486,596487,1,0
596486,596486,596488,2,0
596486,596486,596488,2,0
596486,596486,596489,3,0
596486,596486,596489,3,0
596486,596486,596489,3,0
596486,596486,596489,3,0
596486,596486,596489,3,0
596486,596486,596489,3,0
596486,596486,596489,3,0
596486,596486,596490,4,0
596490,596490,596491,1,0
596490,596490,596491,1,0
596490,596490,596491,1,0
596490,596490,596491,1,0
596490,596490,596491,1,0
596490,596490,596491,1,0
596490,596490,596491,1,0
596490,596490,596491,1,0
596490,596490,596491,1,0
596490,596490,596491,1,0
596490,596490,596491,1,0
596490,596490,596491,1,0
596490,596490,596491,1,0
596490,596490,596491,1,0
596490,596490,596491,1,0
596490,596490,596491,1,0
596490,596490,596491,1,0
596490,596490,596491,1,0
596490,596490,596491,1,0
596490,596490,596491,1,0
596490,596490,596491,1,0
596490,596490,596491,1,0
596490,596490,596491,1,0
596490,596490,596491,1,0
596490,596490,596491,1,0
596490,596490,596491,1,0
596490,596490,596491,1,0
596490,596490,596491,1,0
596490,596490,596491,1,0
596490,596490,596491,1,0
596490,596490,596491,1,0
596490,596490,596491,1,0
596490,596490,596491,1,0
596490,596490,596491,1,0
596490,596490,596491,1,0
596490,596490,596491,1,0
596490,596490,596491,1,0
596490,596490,596491,1,0
596490,596490,596491,1,0
596490,596490,596491,1,0
596490,596490,596491,1,0
596490,596490,596491,1,0
596490,596490,596491,1,0
596490,596490,596491,1,0
596490,596490,596491,1,0
596490,596490,596491,1,0
596490,596490,596491,1,0
596490,596490,596491,1,0
596490,596490,596491,1,0
596490,596490,596491,1,0
596476,596500,596502,2,24
595714,595714,596520,806,0
596522,596522,596523,1,0
596522,596522,596523,1,0
596522,596522,596523,1,0
596522,596522,596523,1,0
596522,596522,596523,1,0
596522,596522,596523,1,0
596522,596522,596523,1,0
596522,596522,596523,1,0
596522,596522,596523,1,0
596522,596522,596523,1,0
596522,596522,596523,1,0
596522,596522,596523,1,0
596522,596522,596523,1,0
596522,596522,596523,1,0
596522,596522,596523,1,0
596522,596522,596523,1,0
596522,596522,596523,1,0
596522,596522,596523,1,0
596522,596522,596523,1,0
596522,596522,596523,1,0
596522,596522,596523,1,0
596522,596522,596523,1,0
596522,596522,596523,1,0
596522,596522,596523,1,0
596522,596523,596524,1,1
596522,596523,596524,1,1
596522,596523,596524,1,1
596522,596523,596524,1,1
596522,596522,596523,1,0
596522,596522,596523,1,0
596522,596523,596524,1,1
596522,596522,596524,2,0
596522,596522,596524,2,0
596522,596522,596523,1,0
596522,596522,596524,2,0
596522,596522,596524,2,0
596522,596522,596523,1,0
596522,596522,596523,1,0
596522,596522,596523,1,0
596522,596522,596524,2,0
596522,596522,596524,2,0
595717,595717,596531,814,0
596522,596532,596533,1,10
596534,596534,596535,1,0
596534,596534,596535,1,0
596534,596534,596535,1,0
596534,596534,596535,1,0
596534,596534,596535,1,0
596534,596534,596535,1,0
596534,596534,596535,1,0
596534,596534,596535,1,0
596534,596534,596535,1,0
596534,596534,596535,1,0
596534,596534,596535,1,0
596534,596534,596535,1,0
596534,596534,596535,1,0
596534,596534,596535,1,0
596534,596534,596535,1,0
596534,596534,596535,1,0
596534,596534,596535,1,0
596534,596534,596535,1,0
596534,596534,596535,1,0
596534,596534,596535,1,0
596534,596534,596535,1,0
596534,596534,596535,1,0
596534,596534,596535,1,0
596534,596534,596535,1,0
596534,596534,596535,1,0
596534,596534,596535,1,0
596534,596534,596535,1,0
596534,596534,596535,1,0
596534,596534,596535,1,0
596534,596534,596535,1,0
596534,596534,596535,1,0
596534,596534,596535,1,0
596534,596534,596535,1,0
596534,596534,596535,1,0
596534,596534,596535,1,0
596534,596534,596535,1,0
596534,596534,596536,2,0
596534,596534,596535,1,0
596534,596534,596535,1,0
596534,596534,596535,1,0
596534,596534,596535,1,0
596534,596534,596535,1,0
596534,596534,596535,1,0
596534,596534,596535,1,0
596534,596534,596535,1,0
596534,596534,596535,1,0
596534,596534,596535,1,0
596534,596534,596535,1,0
596534,596534,596535,1,0
596534,596534,596535,1,0
595769,595769,596571,802,0
596572,596572,596573,1,0
596572,596572,596573,1,0
596572,596572,596573,1,0
596572,596572,596573,1,0
596572,596572,596573,1,0
596572,596572,596573,1,0
596572,596572,596573,1,0
596572,596572,596573,1,0
596572,596572,596573,1,0
596572,596572,596573,1,0
596572,596572,596573,1,0
596572,596572,596573,1,0
596572,596572,596573,1,0
596572,596572,596573,1,0
596572,596572,596573,1,0
596572,596572,596573,1,0
596572,596572,596573,1,0
596572,596572,596573,1,0
596572,596572,596573,1,0
596572,596572,596573,1,0
596572,596572,596573,1,0
596572,596572,596573,1,0
596572,596572,596573,1,0
596572,596572,596573,1,0
596572,596572,596573,1,0
596572,596572,596573,1,0
596572,596572,596573,1,0
596572,596572,596573,1,0
596572,596572,596573,1,0
596572,596572,596573,1,0
596572,596572,596573,1,0
596572,596572,596573,1,0
596572,596572,596573,1,0
596572,596572,596573,1,0
596572,596572,596573,1,0
596572,596572,596573,1,0
596572,596572,596573,1,0
596572,596572,596573,1,0
596572,596572,596573,1,0
596572,596572,596573,1,0
596572,596572,596573,1,0
596572,596572,596573,1,0
596572,596572,596573,1,0
596572,596572,596573,1,0
596572,596572,596573,1,0
596572,596572,596573,1,0
596572,596572,596573,1,0
596572,596572,596573,1,0
596572,596572,596573,1,0
596572,596572,596573,1,0
596671,596671,596672,1,0
596671,596671,596672,1,0
596671,596671,596672,1,0
596671,596671,596672,1,0
596671,596671,596672,1,0
596671,596671,596672,1,0
596671,596671,596672,1,0
596671,596671,596672,1,0
596671,596671,596672,1,0
596671,596671,596672,1,0
596671,596671,596672,1,0
596671,596671,596672,1,0
596671,596671,596672,1,0
596671,596671,596672,1,0
596671,596671,596672,1,0
596671,596671,596672,1,0
596671,596671,596672,1,0
596671,596671,596672,1,0
596671,596671,596672,1,0
596671,596671,596672,1,0
596671,596671,596672,1,0
596671,596671,596672,1,0
596671,596671,596672,1,0
596671,596671,596672,1,0
596671,596671,596672,1,0
596671,596671,596672,1,0
596671,596671,596672,1,0
596671,596671,596672,1,0
596671,596671,596672,1,0
596671,596671,596672,1,0
596671,596671,596672,1,0
596671,596671,596672,1,0
596671,596671,596672,1,0
596671,596671,596673,2,0
596671,596671,596673,2,0
596671,596671,596673,2,0
596671,596671,596673,2,0
596671,596671,596672,1,0
596671,596671,596673,2,0
596671,596671,596673,2,0
596671,596671,596673,2,0
596671,596671,596674,3,0
596671,596671,596674,3,0
596671,596671,596675,4,0
596671,596671,596675,4,0
596671,596671,596675,4,0
596671,596671,596675,4,0
596684,596685,596686,1,1
596684,596685,596686,1,1
596684,596685,596686,1,1
596684,596685,596686,1,1
596684,596685,596686,1,1
596684,596685,596686,1,1
596684,596685,596686,1,1
596684,596685,596686,1,1
596684,596685,596686,1,1
596684,596685,596687,2,1
596684,596685,596686,1,1
596684,596685,596686,1,1
596684,596685,596686,1,1
596684,596685,596688,3,1
596684,596685,596687,2,1
596684,596685,596687,2,1
596684,596685,596688,3,1
596684,596685,596688,3,1
596684,596685,596688,3,1
596684,596685,596688,3,1
596684,596685,596688,3,1
596684,596685,596689,4,1
596684,596685,596689,4,1
596684,596685,596689,4,1
596699,596699,596700,1,0
596699,596699,596700,1,0
596699,596699,596700,1,0
596699,596699,596700,1,0
596699,596699,596700,1,0
596699,596699,596700,1,0
596699,596699,596700,1,0
596699,596699,596700,1,0
596699,596699,596700,1,0
596699,596699,596700,1,0
596699,596699,596700,1,0
596699,596699,596700,1,0
596699,596699,596700,1,0
596699,596699,596700,1,0
596699,596699,596700,1,0
596699,596699,596700,1,0
596699,596699,596700,1,0
596699,596699,596700,1,0
596699,596699,596700,1,0
596699,596699,596700,1,0
596699,596699,596700,1,0
596699,596699,596700,1,0
596699,596699,596700,1,0
596699,596699,596700,1,0
596699,596699,596700,1,0
596699,596699,596700,1,0
596699,596699,596700,1,0
596699,596699,596700,1,0
596699,596699,596700,1,0
596699,596699,596700,1,0
596699,596699,596700,1,0
596699,596699,596700,1,0
596699,596699,596700,1,0
596699,596699,596700,1,0
596699,596699,596701,2,0
596699,596699,596701,2,0
596699,596699,596701,2,0
596699,596699,596701,2,0
596699,596699,596700,1,0
596699,596699,596702,3,0
596699,596699,596702,3,0
596699,596699,596702,3,0
596699,596699,596702,3,0
596699,596699,596703,4,0
596699,596699,596702,3,0
596699,596699,596702,3,0
596699,596699,596703,4,0
596699,596699,596702,3,0
596699,596699,596703,4,0
596699,596699,596704,5,0
596713,596713,596714,1,0
596713,596713,596714,1,0
596713,596713,596714,1,0
596713,596713,596714,1,0
596713,596713,596714,1,0
596713,596713,596714,1,0
596713,596713,596714,1,0
596713,596713,596714,1,0
596713,596713,596714,1,0
596713,596713,596714,1,0
596713,596713,596714,1,0
596713,596713,596714,1,0
596713,596713,596714,1,0
596713,596713,596714,1,0
596713,596713,596714,1,0
596713,596713,596714,1,0
596713,596713,596714,1,0
596713,596713,596714,1,0
596713,596713,596714,1,0
596713,596713,596714,1,0
596713,596713,596714,1,0
596713,596713,596714,1,0
596713,596713,596714,1,0
596713,596713,596714,1,0
596713,596713,596714,1,0
596713,596713,596714,1,0
596713,596713,596714,1,0
596713,596713,596714,1,0
596713,596713,596714,1,0
596713,596713,596714,1,0
596713,596713,596714,1,0
596713,596713,596714,1,0
596713,596713,596714,1,0
596713,596713,596714,1,0
596713,596713,596714,1,0
596713,596713,596714,1,0
596713,596713,596715,2,0
596713,596713,596715,2,0
596713,596713,596714,1,0
596713,596713,596716,3,0
596713,596713,596716,3,0
596713,596713,596715,2,0
596713,596713,596716,3,0
596713,596713,596716,3,0
596713,596713,596716,3,0
596713,596713,596716,3,0
596713,596713,596717,4,0
596726,596726,596727,1,0
596726,596726,596727,1,0
596726,596726,596727,1,0
596726,596726,596727,1,0
596726,596726,596727,1,0
596726,596726,596727,1,0
596726,596726,596727,1,0
596726,596726,596727,1,0
596726,596726,596727,1,0
596726,596726,596727,1,0
596726,596726,596727,1,0
596726,596726,596727,1,0
596726,596726,596727,1,0
596726,596726,596727,1,0
596726,596726,596727,1,0
596726,596726,596727,1,0
596726,596726,596727,1,0
596726,596726,596727,1,0
596726,596726,596727,1,0
596726,596726,596727,1,0
596726,596726,596727,1,0
596726,596726,596727,1,0
596726,596726,596727,1,0
596726,596726,596727,1,0
596726,596726,596727,1,0
596726,596726,596727,1,0
596726,596726,596727,1,0
596726,596726,596727,1,0
596726,596726,596727,1,0
596726,596726,596727,1,0
596726,596726,596727,1,0
596726,596726,596727,1,0
596726,596726,596727,1,0
596726,596726,596727,1,0
596726,596726,596727,1,0
596726,596726,596727,1,0
596726,596726,596727,1,0
596726,596726,596727,1,0
596726,596726,596727,1,0
596726,596726,596728,2,0
596726,596726,596728,2,0
596726,596726,596728,2,0
596726,596726,596727,1,0
596726,596726,596728,2,0
596726,596726,596729,3,0
596726,596726,596729,3,0
596726,596726,596729,3,0
596726,596726,596729,3,0
596726,596726,596729,3,0
596726,596726,596729,3,0
596736,596736,596737,1,0
596736,596736,596737,1,0
596736,596736,596737,1,0
596736,596736,596737,1,0
596736,596736,596737,1,0
596736,596736,596737,1,0
596736,596736,596737,1,0
596736,596736,596737,1,0
596736,596736,596737,1,0
596736,596736,596737,1,0
596736,596736,596737,1,0
596736,596736,596737,1,0
596736,596736,596737,1,0
596736,596736,596737,1,0
596736,596736,596737,1,0
596736,596736,596737,1,0
596736,596736,596737,1,0
596736,596736,596737,1,0
596736,596736,596737,1,0
596736,596736,596737,1,0
596736,596736,596737,1,0
596736,596736,596737,1,0
596736,596736,596737,1,0
596736,596736,596737,1,0
596736,596736,596737,1,0
596736,596736,596737,1,0
596736,596736,596737,1,0
596736,596736,596737,1,0
596736,596736,596737,1,0
596736,596736,596737,1,0
596736,596736,596737,1,0
596736,596736,596737,1,0
596736,596736,596737,1,0
596736,596736,596737,1,0
596736,596736,596737,1,0
596736,596736,596737,1,0
596736,596736,596737,1,0
596736,596736,596737,1,0
596736,596736,596737,1,0
596736,596736,596737,1,0
596736,596736,596737,1,0
596736,596736,596737,1,0
596736,596736,596737,1,0
596736,596736,596737,1,0
596736,596736,596737,1,0
596736,596736,596737,1,0
596736,596736,596737,1,0
596736,596736,596737,1,0
596736,596736,596738,2,0
596736,596736,596737,1,0
596744,596744,596745,1,0
596744,596744,596745,1,0
596744,596744,596745,1,0
596744,596744,596745,1,0
596744,596744,596745,1,0
596744,596744,596745,1,0
596744,596744,596745,1,0
596744,596744,596745,1,0
596744,596744,596745,1,0
596744,596744,596745,1,0
596744,596744,596745,1,0
596744,596744,596745,1,0
596744,596744,596745,1,0
596744,596744,596745,1,0
596744,596744,596745,1,0
596744,596744,596745,1,0
596744,596744,596745,1,0
596744,596744,596745,1,0
596744,596744,596745,1,0
596744,596744,596745,1,0
596744,596744,596745,1,0
596744,596744,596745,1,0
596744,596744,596745,1,0
596744,596744,596745,1,0
596744,596744,596745,1,0
596744,596744,596745,1,0
596744,596744,596745,1,0
596744,596744,596745,1,0
596744,596744,596745,1,0
596744,596744,596745,1,0
596744,596744,596745,1,0
596744,596744,596745,1,0
596744,596744,596745,1,0
596744,596744,596745,1,0
596744,596744,596745,1,0
596744,596744,596745,1,0
596744,596744,596745,1,0
596744,596744,596745,1,0
596744,596744,596745,1,0
596744,596744,596745,1,0
596744,596744,596745,1,0
596744,596744,596745,1,0
596744,596744,596745,1,0
596744,596744,596745,1,0
596744,596744,596745,1,0
596744,596744,596745,1,0
596744,596744,596745,1,0
596744,596744,596745,1,0
596744,596744,596745,1,0
596744,596744,596745,1,0
596752,596752,596753,1,0
596752,596752,596753,1,0
596752,596752,596753,1,0
596752,596752,596753,1,0
596752,596752,596753,1,0
596752,596752,596753,1,0
596752,596752,596753,1,0
596752,596752,596753,1,0
596752,596752,596753,1,0
596752,596752,596753,1,0
596752,596752,596753,1,0
596752,596752,596753,1,0
596752,596752,596753,1,0
596752,596752,596753,1,0
596752,596752,596753,1,0
596752,596752,596753,1,0
596752,596752,596753,1,0
596752,596752,596753,1,0
596752,596752,596753,1,0
596752,596752,596753,1,0
596752,596752,596753,1,0
596752,596752,596753,1,0
596752,596752,596753,1,0
596752,596752,596753,1,0
596752,596752,596753,1,0
596752,596752,596753,1,0
596752,596752,596753,1,0
596752,596752,596753,1,0
596752,596752,596753,1,0
596752,596752,596753,1,0
596752,596752,596753,1,0
596752,596752,596753,1,0
596752,596752,596753,1,0
596752,596752,596753,1,0
596752,596752,596753,1,0
596752,596752,596753,1,0
596752,596752,596753,1,0
596752,596752,596753,1,0
596752,596752,596753,1,0
596752,596752,596753,1,0
596752,596752,596753,1,0
596760,596760,596761,1,0
596760,596760,596761,1,0
596760,596760,596761,1,0
596760,596760,596761,1,0
596760,596760,596761,1,0
596760,596760,596761,1,0
596760,596760,596761,1,0
596760,596760,596761,1,0
596760,596760,596761,1,0
596760,596760,596761,1,0
596760,596760,596761,1,0
596760,596760,596761,1,0
596760,596760,596761,1,0
596760,596760,596761,1,0
596760,596760,596761,1,0
596760,596760,596761,1,0
596760,596760,596761,1,0
596760,596760,596761,1,0
596760,596760,596761,1,0
596760,596760,596761,1,0
596760,596760,596761,1,0
596760,596760,596761,1,0
596760,596760,596761,1,0
596760,596760,596761,1,0
596760,596760,596761,1,0
596760,596760,596761,1,0
596760,596760,596761,1,0
596760,596760,596761,1,0
596760,596760,596761,1,0
596760,596760,596761,1,0
596760,596760,596761,1,0
596760,596760,596761,1,0
596760,596760,596761,1,0
596760,596760,596761,1,0
596760,596760,596761,1,0
596760,596760,596761,1,0
596760,596760,596761,1,0
596760,596760,596761,1,0
596760,596760,596761,1,0
596760,596760,596761,1,0
596760,596760,596761,1,0
596760,596760,596761,1,0
596760,596760,596761,1,0
596760,596760,596761,1,0
596760,596760,596761,1,0
596772,596772,596773,1,0
596772,596772,596773,1,0
596772,596772,596773,1,0
596772,596772,596773,1,0
596772,596772,596773,1,0
596772,596772,596773,1,0
596772,596772,596773,1,0
596772,596772,596773,1,0
596772,596772,596773,1,0
596772,596772,596773,1,0
596772,596772,596773,1,0
596772,596772,596773,1,0
596780,596780,596781,1,0
596780,596780,596781,1,0
596780,596780,596781,1,0
596780,596780,596781,1,0
596780,596780,596781,1,0
596780,596780,596781,1,0
596780,596780,596781,1,0
596780,596780,596781,1,0
596780,596780,596781,1,0
596780,596780,596781,1,0
596780,596780,596781,1,0
596780,596780,596781,1,0
596780,596780,596781,1,0
596780,596780,596781,1,0
596780,596780,596781,1,0
596780,596780,596781,1,0
596780,596780,596781,1,0
596780,596780,596781,1,0
596780,596780,596781,1,0
596780,596780,596781,1,0
596780,596780,596781,1,0
596780,596780,596781,1,0
596780,596780,596781,1,0
596780,596780,596781,1,0
596780,596780,596781,1,0
596780,596780,596781,1,0
596780,596780,596781,1,0
596780,596780,596781,1,0
596780,596780,596781,1,0
596780,596780,596781,1,0
596780,596780,596781,1,0
596780,596780,596781,1,0
596780,596780,596781,1,0
596780,596780,596781,1,0
596780,596780,596781,1,0
596780,596780,596781,1,0
596780,596780,596781,1,0
596780,596780,596781,1,0
596780,596780,596781,1,0
596780,596780,596781,1,0
596780,596780,596781,1,0
596780,596780,596781,1,0
596118,596118,596916,798,0
596917,596917,596918,1,0
596917,596917,596918,1,0
596917,596917,596918,1,0
596917,596917,596918,1,0
596917,596917,596918,1,0
596917,596917,596918,1,0
596917,596917,596918,1,0
596917,596917,596918,1,0
596917,596917,596918,1,0
596917,596917,596918,1,0
596917,596917,596918,1,0
596917,596917,596918,1,0
596917,596917,596918,1,0
596917,596917,596918,1,0
596917,596917,596918,1,0
596917,596917,596918,1,0
596917,596917,596918,1,0
596917,596917,596918,1,0
596917,596917,596918,1,0
596917,596917,596918,1,0
596917,596917,596918,1,0
596917,596917,596918,1,0
596917,596917,596918,1,0
596917,596917,596918,1,0
596917,596917,596918,1,0
596917,596917,596918,1,0
596917,596917,596918,1,0
596917,596917,596918,1,0
596917,596917,596918,1,0
596917,596917,596918,1,0
596917,596917,596918,1,0
596917,596917,596918,1,0
596917,596917,596918,1,0
596917,596917,596918,1,0
596917,596917,596918,1,0
596917,596917,596918,1,0
596917,596917,596918,1,0
596917,596917,596918,1,0
596917,596917,596918,1,0
596917,596917,596918,1,0
596917,596917,596918,1,0
596917,596917,596918,1,0
596917,596917,596918,1,0
596917,596917,596918,1,0
596917,596917,596918,1,0
596917,596917,596918,1,0
596917,596917,596918,1,0
596917,596917,596918,1,0
596917,596917,596918,1,0
596120,596120,596939,819,0
596942,596942,596943,1,0
596942,596942,596943,1,0
596942,596942,596943,1,0
596942,596942,596943,1,0
596942,596942,596943,1,0
596942,596942,596943,1,0
596942,596942,596943,1,0
596942,596942,596943,1,0
596942,596942,596943,1,0
596942,596942,596943,1,0
596942,596942,596943,1,0
596942,596942,596943,1,0
596942,596942,596943,1,0
596942,596942,596943,1,0
596942,596942,596943,1,0
596942,596942,596943,1,0
596942,596942,596943,1,0
596942,596942,596943,1,0
596942,596942,596943,1,0
596942,596942,596943,1,0
596942,596942,596943,1,0
596942,596942,596943,1,0
596942,596942,596943,1,0
596942,596942,596943,1,0
596942,596942,596943,1,0
596942,596942,596943,1,0
596942,596942,596943,1,0
596942,596942,596943,1,0
596942,596942,596943,1,0
596942,596942,596943,1,0
596942,596942,596943,1,0
596942,596942,596943,1,0
596942,596942,596943,1,0
596942,596942,596943,1,0
596942,596942,596943,1,0
596942,596942,596943,1,0
596942,596942,596943,1,0
596942,596942,596943,1,0
596942,596942,596943,1,0
596942,596942,596943,1,0
596942,596942,596943,1,0
596942,596942,596943,1,0
596942,596942,596943,1,0
596942,596942,596943,1,0
596942,596942,596943,1,0
596942,596942,596943,1,0
596942,596942,596943,1,0
596942,596942,596943,1,0
596942,596942,596943,1,0
596942,596942,596943,1,0
596172,596172,596985,813,0
596987,596987,596988,1,0
596987,596987,596988,1,0
596987,596987,596988,1,0
596987,596987,596988,1,0
596987,596987,596988,1,0
596987,596987,596988,1,0
596987,596987,596988,1,0
596987,596987,596988,1,0
596987,596987,596988,1,0
596987,596987,596988,1,0
596987,596987,596988,1,0
596987,596987,596988,1,0
596987,596987,596988,1,0
596987,596987,596988,1,0
596987,596987,596988,1,0
596987,596987,596988,1,0
596987,596987,596988,1,0
596987,596987,596988,1,0
596987,596987,596988,1,0
596987,596987,596988,1,0
596987,596987,596988,1,0
596987,596987,596988,1,0
596987,596987,596988,1,0
596987,596987,596988,1,0
596987,596987,596988,1,0
596987,596987,596988,1,0
596987,596987,596988,1,0
596987,596987,596988,1,0
596987,596987,596988,1,0
596987,596987,596988,1,0
596987,596987,596988,1,0
596987,596987,596988,1,0
596987,596987,596988,1,0
596987,596987,596988,1,0
596987,596987,596988,1,0
596987,596987,596988,1,0
596987,596987,596988,1,0
596987,596987,596988,1,0
596987,596987,596988,1,0
597011,597011,597012,1,0
597011,597011,597012,1,0
597011,597011,597012,1,0
597011,597011,597012,1,0
597011,597011,597012,1,0
597011,597011,597012,1,0
597011,597011,597012,1,0
597011,597011,597012,1,0
597011,597011,597012,1,0
597011,597011,597012,1,0
597011,597011,597012,1,0
597011,597011,597012,1,0
597011,597011,597012,1,0
597011,597011,597012,1,0
597011,597011,597012,1,0
597011,597011,597012,1,0
597011,597011,597012,1,0
597011,597011,597012,1,0
597011,597011,597012,1,0
597011,597011,597012,1,0
597011,597011,597012,1,0
597011,597011,597012,1,0
597011,597011,597012,1,0
597011,597011,597012,1,0
597011,597011,597012,1,0
597011,597011,597012,1,0
597011,597011,597012,1,0
597011,597011,597012,1,0
597011,597011,597012,1,0
597011,597011,597012,1,0
597011,597011,597012,1,0
597011,597011,597012,1,0
597011,597011,597012,1,0
597011,597011,597012,1,0
596209,596209,597012,803,0
597011,597011,597012,1,0
597011,597011,597012,1,0
597011,597011,597013,2,0
597011,597011,597013,2,0
597011,597011,597013,2,0
597011,597011,597013,2,0
597011,597011,597014,3,0
597011,597011,597014,3,0
597011,597011,597013,2,0
597011,597011,597014,3,0
597011,597011,597014,3,0
597011,597011,597015,4,0
597011,597011,597015,4,0
597011,597011,597015,4,0
597011,597011,597015,4,0
597011,597011,597015,4,0
597019,597019,597020,1,0
597019,597019,597020,1,0
597019,597019,597020,1,0
597019,597019,597020,1,0
597019,597019,597020,1,0
597019,597019,597020,1,0
597019,597019,597020,1,0
597019,597019,597020,1,0
597019,597019,597020,1,0
597019,597019,597020,1,0
597019,597019,597020,1,0
597019,597019,597020,1,0
597019,597019,597020,1,0
597019,597019,597020,1,0
597019,597019,597020,1,0
597019,597019,597020,1,0
597019,597019,597020,1,0
597019,597019,597020,1,0
597019,597019,597020,1,0
597019,597019,597020,1,0
597019,597019,597020,1,0
597019,597019,597020,1,0
597019,597019,597020,1,0
597019,597019,597020,1,0
597019,597019,597021,2,0
597019,597019,597020,1,0
597019,597019,597021,2,0
597019,597019,597021,2,0
597019,597019,597020,1,0
597019,597019,597020,1,0
597019,597019,597021,2,0
597019,597019,597020,1,0
597019,597019,597020,1,0
597019,597019,597020,1,0
597019,597019,597020,1,0
597019,597019,597021,2,0
597019,597019,597021,2,0
597019,597019,597021,2,0
597019,597019,597021,2,0
597019,597019,597021,2,0
597019,597019,597021,2,0
597019,597019,597020,1,0
597019,597019,597020,1,0
597019,597019,597021,2,0
597019,597019,597022,3,0
597019,597019,597022,3,0
597019,597019,597022,3,0
597019,597019,597022,3,0
597019,597019,597022,3,0
597019,597019,597022,3,0
596223,596223,597025,802,0
597025,597025,597026,1,0
597025,597026,597027,1,1
597025,597026,597027,1,1
597025,597026,597027,1,1
597025,597026,597027,1,1
597025,597026,597027,1,1
597025,597026,597027,1,1
597025,597026,597028,2,1
597025,597026,597028,2,1
597025,597026,597029,3,1
597025,597026,597029,3,1
597025,597026,597029,3,1
597025,597026,597029,3,1
597025,597026,597029,3,1
597025,597026,597029,3,1
597025,597026,597030,4,1
597025,597026,597030,4,1
597025,597026,597030,4,1
597035,597035,597036,1,0
597035,597035,597036,1,0
597035,597035,597036,1,0
597035,597035,597036,1,0
597035,597035,597036,1,0
597035,597035,597036,1,0
597035,597035,597036,1,0
597035,597035,597036,1,0
597035,597035,597036,1,0
597035,597035,597036,1,0
597035,597035,597036,1,0
597035,597035,597036,1,0
597035,597035,597036,1,0
597035,597035,597036,1,0
597035,597035,597036,1,0
597035,597035,597036,1,0
597035,597035,597036,1,0
597035,597035,597036,1,0
597035,597035,597036,1,0
597035,597035,597036,1,0
597035,597035,597036,1,0
597035,597035,597036,1,0
597035,597035,597036,1,0
597035,597035,597036,1,0
597035,597035,597036,1,0
597035,597035,597036,1,0
597035,597035,597036,1,0
597035,597035,597036,1,0
597035,597035,597036,1,0
597035,597035,597037,2,0
597035,597035,597037,2,0
597035,597036,597037,1,1
597035,597035,597037,2,0
597035,597035,597038,3,0
597035,597035,597038,3,0
597035,597035,597038,3,0
597035,597035,597038,3,0
597035,597035,597038,3,0
597035,597035,597038,3,0
597035,597036,597039,3,1
597040,597040,597041,1,0
597040,597040,597041,1,0
597040,597040,597041,1,0
597040,597040,597041,1,0
597040,597040,597041,1,0
597040,597040,597041,1,0
597040,597040,597041,1,0
597040,597040,597041,1,0
597040,597040,597041,1,0
597040,597040,597041,1,0
597040,597040,597041,1,0
597040,597040,597041,1,0
597040,597040,597041,1,0
597040,597040,597041,1,0
597040,597040,597041,1,0
597040,597040,597041,1,0
597040,597040,597041,1,0
597040,597040,597041,1,0
597040,597040,597041,1,0
597040,597040,597041,1,0
597040,597040,597041,1,0
597040,597040,597041,1,0
597040,597040,597041,1,0
597040,597040,597041,1,0
597040,597040,597041,1,0
597040,597040,597041,1,0
597040,597040,597041,1,0
597040,597040,597042,2,0
597040,597040,597041,1,0
597040,597040,597042,2,0
597040,597040,597041,1,0
597040,597040,597041,1,0
597040,597040,597042,2,0
597040,597040,597041,1,0
597040,597040,597042,2,0
597040,597040,597041,1,0
597040,597040,597042,2,0
597040,597040,597043,3,0
597040,597040,597043,3,0
597040,597040,597043,3,0
597040,597040,597043,3,0
597040,597040,597044,4,0
597040,597040,597043,3,0
597040,597040,597044,4,0
597040,597040,597043,3,0
597040,597040,597044,4,0
597040,597040,597045,5,0
597040,597040,597045,5,0
597053,597053,597054,1,0
597053,597053,597054,1,0
597053,597053,597054,1,0
597053,597053,597054,1,0
597053,597053,597054,1,0
597053,597053,597054,1,0
597053,597053,597054,1,0
597053,597053,597054,1,0
597053,597053,597054,1,0
597053,597053,597054,1,0
597053,597053,597055,2,0
597053,597053,597054,1,0
597053,597053,597054,1,0
597053,597053,597054,1,0
597053,597053,597054,1,0
597053,597053,597054,1,0
597053,597053,597055,2,0
597053,597053,597054,1,0
597053,597053,597056,3,0
597053,597053,597056,3,0
597053,597053,597055,2,0
597053,597053,597056,3,0
597053,597053,597056,3,0
597053,597053,597056,3,0
597053,597053,597056,3,0
597053,597053,597057,4,0
597053,597053,597057,4,0
597035,597057,597058,1,22
597035,597057,597058,1,22
597035,597057,597058,1,22
597035,597057,597058,1,22
597035,597057,597058,1,22
597035,597057,597058,1,22
597035,597057,597060,3,22
596236,596236,597063,827,0
597065,597065,597066,1,0
597065,597065,597066,1,0
597065,597065,597066,1,0
597065,597065,597066,1,0
597065,597065,597066,1,0
597065,597065,597066,1,0
597065,597065,597066,1,0
597065,597065,597066,1,0
597065,597065,597066,1,0
597065,597065,597066,1,0
597065,597065,597066,1,0
597065,597065,597066,1,0
597065,597065,597066,1,0
597065,597065,597066,1,0
597065,597065,597066,1,0
597065,597065,597066,1,0
597065,597065,597066,1,0
597065,597065,597066,1,0
597065,597065,597066,1,0
597065,597065,597066,1,0
597065,597065,597066,1,0
597065,597065,597066,1,0
597065,597065,597066,1,0
597065,597065,597066,1,0
597065,597065,597066,1,0
597065,597065,597066,1,0
597065,597065,597066,1,0
597065,597065,597066,1,0
597065,597065,597066,1,0
597065,597065,597067,2,0
597065,597065,597067,2,0
597065,597065,597067,2,0
597065,597065,597067,2,0
597065,597065,597067,2,0
597065,597065,597068,3,0
597065,597065,597068,3,0
597065,597065,597068,3,0
597065,597065,597068,3,0
597065,597065,597068,3,0
597065,597065,597069,4,0
597065,597066,597069,3,1
597072,597073,597074,1,1
597072,597073,597074,1,1
597072,597073,597074,1,1
597072,597073,597074,1,1
597072,597073,597074,1,1
597072,597073,597074,1,1
597072,597073,597074,1,1
597072,597073,597074,1,1
596254,596254,597073,819,0
597072,597073,597074,1,1
597072,597073,597074,1,1
597072,597073,597074,1,1
597072,597073,597074,1,1
597072,597073,597074,1,1
597072,597073,597074,1,1
597072,597073,597074,1,1
597072,597073,597074,1,1
597072,597073,597074,1,1
597072,597073,597074,1,1
597072,597073,597074,1,1
597072,597073,597074,1,1
597072,597073,597074,1,1
597072,597073,597074,1,1
597072,597073,597074,1,1
597072,597073,597074,1,1
597072,597073,597074,1,1
597072,597073,597074,1,1
597072,597073,597074,1,1
597072,597073,597074,1,1
597072,597073,597074,1,1
597072,597073,597074,1,1
597072,597073,597074,1,1
597072,597073,597075,2,1
597072,597073,597075,2,1
597072,597073,597074,1,1
597072,597073,597074,1,1
597072,597073,597075,2,1
597075,597075,597076,1,0
597072,597073,597076,3,1
597072,597073,597076,3,1
597075,597075,597076,1,0
597075,597075,597076,1,0
597075,597075,597076,1,0
597072,597073,597076,3,1
597075,597075,597076,1,0
597072,597073,597076,3,1
597075,597075,597076,1,0
597075,597075,597076,1,0
597075,597075,597076,1,0
597075,597075,597076,1,0
597072,597073,597076,3,1
597075,597075,597076,1,0
597075,597075,597076,1,0
597075,597075,597076,1,0
597075,597075,597076,1,0
597072,597073,597076,3,1
597075,597075,597076,1,0
597075,597075,597076,1,0
597075,597075,597076,1,0
597075,597075,597076,1,0
597075,597075,597076,1,0
597075,597075,597076,1,0
597075,597075,597076,1,0
597075,597075,597076,1,0
597072,597073,597076,3,1
597075,597075,597076,1,0
597075,597075,597076,1,0
597075,597075,597076,1,0
597075,597075,597076,1,0
597075,597075,597076,1,0
597075,597075,597076,1,0
597075,597075,597077,2,0
597075,597075,597076,1,0
597075,597075,597076,1,0
597075,597075,597076,1,0
597075,597075,597076,1,0
597075,597075,597076,1,0
597075,597075,597076,1,0
597075,597075,597076,1,0
597075,597075,597077,2,0
597075,597075,597076,1,0
597075,597075,597076,1,0
597075,597075,597077,2,0
597075,597075,597077,2,0
597075,597075,597078,3,0
597075,597075,597078,3,0
597075,597075,597078,3,0
597075,597075,597078,3,0
597075,597075,597078,3,0
597075,597075,597078,3,0
597075,597075,597077,2,0
597075,597075,597078,3,0
597078,597078,597079,1,0
597078,597078,597079,1,0
597078,597078,597079,1,0
597078,597078,597079,1,0
597078,597078,597079,1,0
597078,597078,597079,1,0
597078,597078,597079,1,0
597078,597078,597079,1,0
597078,597078,597079,1,0
597078,597078,597079,1,0
597078,597078,597079,1,0
597078,597078,597079,1,0
597078,597078,597079,1,0
597078,597078,597079,1,0
597078,597078,597079,1,0
597078,597078,597079,1,0
597078,597078,597079,1,0
597078,597078,597079,1,0
597078,597078,597079,1,0
597078,597078,597079,1,0
597078,597078,597079,1,0
597078,597078,597079,1,0
597078,597078,597079,1,0
597078,597078,597079,1,0
597078,597078,597079,1,0
597078,597078,597079,1,0
597078,597078,597079,1,0
597078,597078,597079,1,0
597078,597078,597079,1,0
597078,597078,597079,1,0
597078,597078,597079,1,0
597078,597078,597079,1,0
597078,597078,597079,1,0
597078,597078,597079,1,0
597078,597078,597079,1,0
597078,597078,597079,1,0
597078,597078,597079,1,0
597078,597078,597079,1,0
597078,597078,597079,1,0
597078,597078,597080,2,0
597078,597078,597079,1,0
597078,597078,597079,1,0
597078,597078,597079,1,0
597078,597078,597080,2,0
597078,597078,597080,2,0
597078,597078,597080,2,0
597072,597088,597089,1,16
597089,597089,597090,1,0
597089,597089,597090,1,0
597089,597089,597090,1,0
597089,597089,597090,1,0
597089,597089,597090,1,0
597089,597089,597090,1,0
597072,597088,597090,2,16
597089,597089,597090,1,0
597089,597089,597090,1,0
597089,597089,597090,1,0
597097,597097,597098,1,0
597097,597097,597098,1,0
597097,597097,597098,1,0
597097,597097,597098,1,0
597097,597097,597098,1,0
597097,597097,597098,1,0
597097,597097,597098,1,0
597097,597097,597098,1,0
597097,597097,597098,1,0
597097,597097,597098,1,0
597097,597097,597098,1,0
597097,597097,597098,1,0
597097,597097,597098,1,0
597097,597097,597098,1,0
597097,597097,597098,1,0
597097,597097,597098,1,0
597097,597097,597098,1,0
597097,597097,597098,1,0
597097,597097,597098,1,0
597097,597097,597098,1,0
597097,597097,597098,1,0
597097,597097,597098,1,0
597097,597097,597098,1,0
597097,597097,597098,1,0
597097,597097,597098,1,0
597097,597097,597098,1,0
597097,597097,597098,1,0
597097,597097,597098,1,0
597097,597097,597098,1,0
597097,597097,597098,1,0
597097,597097,597098,1,0
597097,597097,597098,1,0
597097,597097,597098,1,0
597097,597097,597098,1,0
597097,597097,597098,1,0
597097,597097,597098,1,0
597097,597097,597098,1,0
597097,597097,597098,1,0
597097,597097,597098,1,0
597097,597097,597098,1,0
597097,597097,597098,1,0
597097,597097,597098,1,0
597097,597097,597098,1,0
597097,597097,597098,1,0
597097,597097,597098,1,0
597097,597097,597098,1,0
597097,597097,597098,1,0
597097,597097,597098,1,0
597097,597097,597098,1,0
597097,597097,597098,1,0
596305,596305,597101,796,0
597103,597103,597104,1,0
597103,597103,597104,1,0
597103,597103,597104,1,0
597103,597103,597104,1,0
597103,597103,597104,1,0
597103,597103,597104,1,0
597103,597103,597104,1,0
597103,597103,597104,1,0
597103,597103,597104,1,0
597103,597103,597104,1,0
597103,597103,597104,1,0
597103,597103,597104,1,0
597103,597103,597104,1,0
597103,597103,597104,1,0
597103,597103,597104,1,0
597103,597103,597105,2,0
597103,597103,597105,2,0
597103,597103,597104,1,0
597103,597103,597104,1,0
597103,597103,597104,1,0
597103,597103,597105,2,0
597103,597103,597105,2,0
597103,597103,597105,2,0
597103,597103,597105,2,0
597103,597103,597105,2,0
597103,597104,597105,1,1
597103,597104,597105,1,1
597103,597104,597105,1,1
597103,597104,597105,1,1
597103,597104,597105,1,1
597103,597103,597105,2,0
597103,597103,597105,2,0
597103,597103,597105,2,0
597103,597103,597105,2,0
597103,597103,597105,2,0
597103,597103,597105,2,0
597103,597103,597105,2,0
597103,597105,597106,1,2
597103,597105,597106,1,2
597103,597105,597106,1,2
597103,597105,597106,1,2
597105,597105,597106,1,0
597105,597105,597106,1,0
597105,597105,597106,1,0
597105,597105,597106,1,0
597105,597105,597106,1,0
597105,597105,597106,1,0
597105,597105,597106,1,0
597105,597105,597106,1,0
597105,597105,597106,1,0
597105,597105,597106,1,0
597105,597105,597106,1,0
597105,597105,597106,1,0
597105,597105,597106,1,0
597105,597105,597106,1,0
597105,597105,597106,1,0
597105,597105,597106,1,0
597105,597105,597106,1,0
597105,597105,597106,1,0
597105,597105,597106,1,0
597105,597105,597106,1,0
597105,597105,597106,1,0
597105,597105,597106,1,0
597105,597105,597106,1,0
597105,597105,597106,1,0
597105,597105,597106,1,0
597105,597105,597106,1,0
597105,597105,597106,1,0
597105,597105,597106,1,0
597105,597105,597106,1,0
597105,597105,597106,1,0
597105,597105,597106,1,0
597105,597105,597106,1,0
597105,597105,597106,1,0
597105,597105,597106,1,0
597105,597105,597106,1,0
597105,597105,597106,1,0
597105,597105,597106,1,0
597105,597105,597106,1,0
597105,597105,597106,1,0
597105,597105,597106,1,0
597105,597105,597106,1,0
597105,597105,597106,1,0
597105,597105,597106,1,0
597105,597105,597106,1,0
597105,597105,597106,1,0
597105,597105,597106,1,0
597105,597105,597106,1,0
597105,597105,597106,1,0
597105,597105,597106,1,0
597103,597103,597106,3,0
597103,597103,597106,3,0
597103,597103,597106,3,0
597103,597103,597106,3,0
597103,597103,597106,3,0
597103,597103,597106,3,0
597103,597104,597106,2,1
597103,597103,597106,3,0
597103,597105,597106,1,2
597105,597105,597107,2,0
597113,597113,597114,1,0
597113,597113,597114,1,0
597113,597113,597114,1,0
597113,597113,597114,1,0
597113,597113,597114,1,0
597113,597113,597114,1,0
597113,597113,597114,1,0
597113,597113,597114,1,0
597113,597113,597114,1,0
597113,597113,597114,1,0
597113,597113,597114,1,0
597113,597113,597114,1,0
597113,597113,597114,1,0
597113,597113,597114,1,0
597113,597113,597114,1,0
597113,597113,597114,1,0
597113,597113,597114,1,0
597113,597113,597114,1,0
597113,597113,597114,1,0
597113,597113,597114,1,0
597113,597113,597114,1,0
597113,597113,597114,1,0
597113,597113,597114,1,0
597113,597113,597114,1,0
597113,597113,597114,1,0
597113,597113,597114,1,0
597113,597113,597114,1,0
597113,597113,597114,1,0
597113,597113,597114,1,0
597113,597113,597114,1,0
597113,597113,597114,1,0
597113,597113,597114,1,0
597113,597113,597114,1,0
597113,597113,597114,1,0
597113,597113,597114,1,0
597113,597113,597114,1,0
597113,597113,597114,1,0
597113,597113,597114,1,0
597113,597113,597114,1,0
597113,597113,597114,1,0
597113,597113,597114,1,0
597113,597113,597114,1,0
597113,597113,597114,1,0
597113,597113,597114,1,0
597113,597113,597114,1,0
597113,597113,597114,1,0
597113,597113,597114,1,0
597113,597113,597114,1,0
597113,597113,597114,1,0
597113,597113,597114,1,0
597122,597122,597123,1,0
597122,597122,597123,1,0
597122,597122,597123,1,0
597122,597122,597123,1,0
597122,597122,597123,1,0
597122,597122,597123,1,0
597122,597122,597123,1,0
597122,597122,597123,1,0
597122,597122,597123,1,0
597122,597122,597123,1,0
597122,597122,597123,1,0
597122,597122,597123,1,0
597122,597122,597123,1,0
597122,597122,597123,1,0
597122,597122,597123,1,0
597122,597122,597123,1,0
597122,597122,597123,1,0
597122,597122,597123,1,0
597122,597122,597123,1,0
597122,597122,597123,1,0
597122,597122,597123,1,0
597122,597122,597123,1,0
597122,597122,597123,1,0
597122,597122,597123,1,0
597122,597122,597123,1,0
597122,597122,597123,1,0
597122,597122,597123,1,0
597122,597122,597123,1,0
597122,597122,597123,1,0
597122,597122,597123,1,0
597122,597122,597123,1,0
597122,597122,597123,1,0
597122,597122,597123,1,0
597122,597122,597123,1,0
597122,597122,597123,1,0
597122,597122,597123,1,0
597122,597122,597123,1,0
597122,597122,597123,1,0
597122,597122,597123,1,0
597122,597122,597123,1,0
597122,597122,597123,1,0
597122,597122,597123,1,0
597122,597122,597123,1,0
597122,597122,597123,1,0
597122,597122,597123,1,0
597122,597122,597123,1,0
597122,597122,597123,1,0
597122,597122,597123,1,0
597122,597122,597123,1,0
597122,597122,597123,1,0
596334,596334,597156,822,0
597157,597157,597158,1,0
597157,597157,597158,1,0
597157,597157,597158,1,0
597157,597157,597158,1,0
597157,597157,597158,1,0
597157,597157,597158,1,0
597157,597157,597158,1,0
597157,597157,597158,1,0
597157,597157,597158,1,0
597157,597157,597158,1,0
597157,597157,597158,1,0
597157,597157,597158,1,0
597157,597157,597158,1,0
597157,597157,597158,1,0
597157,597157,597158,1,0
597157,597157,597158,1,0
597157,597157,597158,1,0
597157,597157,597158,1,0
597157,597157,597158,1,0
597157,597157,597158,1,0
597157,597157,597158,1,0
597157,597157,597158,1,0
597157,597157,597158,1,0
597157,597157,597158,1,0
597157,597157,597158,1,0
597157,597157,597158,1,0
597157,597157,597158,1,0
597157,597157,597158,1,0
597157,597157,597158,1,0
597157,597157,597159,2,0
597157,597157,597158,1,0
597157,597157,597159,2,0
597157,597157,597158,1,0
597157,597157,597159,2,0
597157,597157,597159,2,0
597157,597157,597158,1,0
597157,597157,597158,1,0
597157,597157,597158,1,0
597157,597157,597159,2,0
597157,597157,597158,1,0
597157,597157,597158,1,0
597157,597157,597160,3,0
597157,597157,597159,2,0
597157,597157,597160,3,0
597157,597167,597168,1,10
596381,596381,597196,815,0
597197,597198,597199,1,1
597197,597198,597199,1,1
597197,597198,597199,1,1
597197,597198,597199,1,1
597197,597198,597199,1,1
597197,597198,597199,1,1
597197,597198,597199,1,1
597197,597198,597199,1,1
597197,597198,597199,1,1
597197,597198,597199,1,1
597197,597198,597199,1,1
597197,597198,597199,1,1
597197,597198,597199,1,1
597197,597198,597199,1,1
597197,597198,597199,1,1
597197,597198,597199,1,1
597197,597198,597199,1,1
597197,597198,597199,1,1
597197,597198,597199,1,1
597197,597198,597199,1,1
597197,597198,597199,1,1
597197,597198,597199,1,1
597197,597198,597199,1,1
597197,597198,597199,1,1
597197,597198,597199,1,1
597197,597198,597199,1,1
597197,597198,597199,1,1
597197,597198,597199,1,1
597197,597198,597199,1,1
597197,597198,597199,1,1
597197,597198,597199,1,1
597197,597198,597199,1,1
597197,597198,597199,1,1
597197,597198,597199,1,1
597197,597198,597199,1,1
597197,597198,597199,1,1
597197,597198,597199,1,1
597197,597198,597199,1,1
597197,597198,597199,1,1
597197,597198,597199,1,1
596393,596393,597201,808,0
597197,597198,597201,3,1
597197,597198,597201,3,1
596379,596379,597202,823,0
597197,597198,597201,3,1
597201,597202,597203,1,1
597201,597202,597203,1,1
597201,597202,597203,1,1
597201,597202,597203,1,1
597201,597202,597203,1,1
597201,597202,597203,1,1
597201,597202,597203,1,1
597201,597202,597203,1,1
597201,597202,597203,1,1
597201,597202,597203,1,1
597201,597202,597203,1,1
597201,597202,597203,1,1
597201,597202,597203,1,1
597201,597202,597203,1,1
597201,597202,597203,1,1
597201,597202,597203,1,1
597201,597202,597203,1,1
597201,597202,597203,1,1
597201,597202,597203,1,1
597201,597202,597203,1,1
597201,597202,597203,1,1
597201,597202,597203,1,1
597201,597202,597203,1,1
597201,597202,597203,1,1
597201,597202,597203,1,1
597201,597202,597203,1,1
597201,597202,597203,1,1
597201,597202,597203,1,1
597201,597202,597203,1,1
597201,597202,597203,1,1
597201,597202,597203,1,1
597201,597202,597203,1,1
597201,597202,597203,1,1
597201,597202,597203,1,1
597201,597202,597203,1,1
597201,597202,597203,1,1
597201,597202,597203,1,1
597201,597202,597203,1,1
597201,597202,597203,1,1
597201,597202,597203,1,1
597201,597202,597203,1,1
597201,597202,597203,1,1
597201,597202,597203,1,1
597201,597202,597203,1,1
597201,597202,597203,1,1
597201,597202,597203,1,1
597201,597202,597203,1,1
597201,597202,597203,1,1
597211,597211,597212,1,0
597211,597211,597212,1,0
597211,597211,597212,1,0
597211,597211,597212,1,0
597211,597211,597212,1,0
597211,597211,597212,1,0
597211,597211,597212,1,0
597211,597211,597212,1,0
597211,597211,597212,1,0
597211,597211,597212,1,0
597211,597211,597212,1,0
597211,597211,597212,1,0
597211,597211,597212,1,0
597211,597211,597212,1,0
597211,597211,597212,1,0
597211,597211,597212,1,0
597211,597211,597212,1,0
597211,597211,597212,1,0
597211,597211,597212,1,0
597211,597211,597212,1,0
597211,597211,597212,1,0
597211,597211,597212,1,0
597211,597211,597212,1,0
597211,597211,597212,1,0
597211,597211,597212,1,0
597211,597211,597212,1,0
597211,597211,597212,1,0
597211,597212,597213,1,1
597211,597211,597213,2,0
597211,597211,597212,1,0
597211,597211,597212,1,0
597211,597211,597212,1,0
597211,597211,597212,1,0
597211,597211,597212,1,0
597211,597211,597212,1,0
597211,597211,597212,1,0
597211,597211,597212,1,0
597211,597211,597212,1,0
597211,597211,597212,1,0
597211,597211,597212,1,0
597211,597211,597212,1,0
597211,597211,597212,1,0
597211,597211,597213,2,0
597211,597211,597212,1,0
597211,597211,597212,1,0
597211,597211,597212,1,0
597211,597211,597212,1,0
596430,596430,597222,792,0
597225,597225,597226,1,0
597225,597225,597226,1,0
597225,597225,597226,1,0
597225,597225,597226,1,0
597225,597225,597226,1,0
597225,597225,597226,1,0
597225,597225,597226,1,0
597225,597225,597226,1,0
597225,597225,597226,1,0
597225,597225,597226,1,0
597225,597225,597226,1,0
597225,597225,597226,1,0
597225,597225,597226,1,0
597225,597225,597226,1,0
597225,597225,597226,1,0
597225,597225,597226,1,0
597225,597225,597226,1,0
597225,597225,597226,1,0
597225,597225,597226,1,0
597225,597225,597226,1,0
597225,597225,597226,1,0
597225,597225,597226,1,0
597225,597225,597226,1,0
597225,597225,597226,1,0
597225,597225,597226,1,0
597225,597225,597226,1,0
597225,597225,597226,1,0
597225,597225,597226,1,0
597225,597225,597226,1,0
597225,597225,597226,1,0
597225,597225,597226,1,0
597225,597225,597227,2,0
597225,597225,597227,2,0
597225,597225,597226,1,0
597225,597225,597226,1,0
597225,597225,597226,1,0
597225,597225,597226,1,0
597225,597225,597226,1,0
597225,597225,597226,1,0
597225,597225,597226,1,0
597225,597225,597226,1,0
597225,597225,597226,1,0
597225,597225,597227,2,0
597225,597225,597226,1,0
597225,597225,597226,1,0
597225,597225,597227,2,0
597225,597225,597227,2,0
597225,597225,597227,2,0
597225,597225,597227,2,0
597225,597225,597227,2,0
596451,596451,597261,810,0
597263,597263,597264,1,0
597263,597263,597264,1,0
597263,597263,597264,1,0
597263,597263,597264,1,0
597263,597263,597264,1,0
597263,597263,597264,1,0
597263,597263,597264,1,0
597263,597263,597264,1,0
597263,597263,597264,1,0
597263,597263,597264,1,0
597263,597263,597264,1,0
597263,597263,597264,1,0
597263,597263,597264,1,0
597263,597263,597264,1,0
597263,597263,597264,1,0
597263,597263,597264,1,0
597263,597263,597264,1,0
597263,597263,597264,1,0
597263,597263,597265,2,0
597263,597263,597265,2,0
597263,597263,597265,2,0
597263,597263,597264,1,0
597263,597264,597265,1,1
597263,597264,597265,1,1
597263,597264,597265,1,1
597263,597264,597265,1,1
597263,597263,597265,2,0
597263,597263,597265,2,0
597263,597263,597265,2,0
597263,597263,597265,2,0
597263,597263,597265,2,0
597263,597263,597264,1,0
597263,597263,597264,1,0
597263,597263,597264,1,0
597263,597263,597264,1,0
597263,597263,597265,2,0
597263,597263,597264,1,0
597263,597263,597264,1,0
597263,597263,597264,1,0
597263,597263,597264,1,0
597263,597263,597265,2,0
597263,597263,597265,2,0
597263,597263,597264,1,0
597263,597263,597264,1,0
597263,597263,597264,1,0
597263,597263,597264,1,0
597263,597263,597264,1,0
597263,597263,597265,2,0
597263,597263,597264,1,0
597263,597263,597265,2,0
596467,596467,597283,816,0
597284,597284,597285,1,0
597284,597284,597285,1,0
597284,597284,597285,1,0
597284,597284,597285,1,0
597284,597284,597285,1,0
597284,597284,597285,1,0
597284,597284,597285,1,0
597284,597284,597285,1,0
597284,597284,597285,1,0
597284,597284,597285,1,0
597284,597284,597285,1,0
597284,597284,597285,1,0
597284,597284,597285,1,0
597284,597284,597285,1,0
597284,597284,597285,1,0
597284,597284,597285,1,0
597284,597284,597285,1,0
597284,597284,597285,1,0
597284,597284,597285,1,0
597284,597284,597285,1,0
597284,597284,597285,1,0
597284,597284,597286,2,0
597284,597284,597285,1,0
597284,597284,597285,1,0
597284,597284,597285,1,0
597284,597284,597285,1,0
597284,597284,597285,1,0
597284,597284,597285,1,0
597284,597284,597285,1,0
597284,597284,597285,1,0
597284,597284,597286,2,0
597284,597284,597285,1,0
597284,597284,597285,1,0
597284,597284,597285,1,0
597284,597284,597285,1,0
597284,597284,597285,1,0
597284,597284,597286,2,0
597284,597284,597286,2,0
597284,597284,597285,1,0
597284,597284,597286,2,0
597284,597284,597285,1,0
597284,597284,597287,3,0
597284,597284,597286,2,0
597284,597284,597287,3,0
597284,597284,597286,2,0
597284,597284,597287,3,0
597284,597284,597286,2,0
597284,597284,597287,3,0
597284,597284,597286,2,0
597284,597284,597287,3,0
596477,596500,597295,795,23
597297,597297,597298,1,0
597297,597297,597298,1,0
597297,597297,597298,1,0
597297,597297,597298,1,0
597297,597297,597298,1,0
597297,597297,597298,1,0
597297,597297,597298,1,0
597297,597297,597298,1,0
597297,597297,597298,1,0
597297,597297,597298,1,0
597297,597297,597298,1,0
597297,597297,597298,1,0
597297,597297,597298,1,0
597297,597297,597298,1,0
597297,597297,597298,1,0
597297,597297,597298,1,0
597297,597297,597298,1,0
597297,597297,597298,1,0
597297,597297,597298,1,0
597297,597297,597298,1,0
597297,597297,597298,1,0
597297,597297,597298,1,0
597297,597297,597298,1,0
597297,597297,597299,2,0
597297,597297,597299,2,0
597297,597297,597298,1,0
597297,597297,597298,1,0
597297,597297,597298,1,0
597297,597297,597298,1,0
597297,597297,597298,1,0
597297,597297,597298,1,0
597297,597297,597298,1,0
597297,597297,597298,1,0
597297,597297,597298,1,0
597297,597297,597298,1,0
597297,597297,597298,1,0
597297,597297,597298,1,0
597297,597297,597298,1,0
597297,597297,597298,1,0
597297,597297,597298,1,0
597297,597297,597298,1,0
597297,597297,597300,3,0
597297,597297,597300,3,0
597297,597297,597300,3,0
597297,597297,597300,3,0
597297,597297,597300,3,0
597297,597297,597300,3,0
597297,597297,597300,3,0
596487,596487,597300,813,0
597297,597297,597300,3,0
597297,597297,597301,4,0
597310,597310,597311,1,0
597310,597310,597311,1,0
597310,597310,597311,1,0
597310,597310,597311,1,0
597310,597310,597311,1,0
597310,597310,597311,1,0
597310,597310,597311,1,0
597310,597310,597311,1,0
597310,597310,597311,1,0
597310,597310,597311,1,0
597310,597311,597312,1,1
597310,597311,597312,1,1
597310,597311,597312,1,1
597310,597311,597312,1,1
597310,597311,597312,1,1
597310,597311,597312,1,1
597310,597310,597312,2,0
597310,597310,597313,3,0
597310,597310,597312,2,0
597310,597311,597312,1,1
597310,597311,597312,1,1
597310,597311,597312,1,1
597310,597311,597312,1,1
597310,597310,597312,2,0
597310,597310,597312,2,0
597310,597310,597312,2,0
597310,597311,597313,2,1
597310,597310,597313,3,0
597310,597310,597313,3,0
597310,597310,597313,3,0
597310,597311,597313,2,1
597310,597311,597313,2,1
597310,597310,597314,4,0
597310,597311,597314,3,1
596523,596524,597325,801,1
597327,597327,597328,1,0
597327,597327,597328,1,0
597327,597327,597328,1,0
597327,597327,597328,1,0
597327,597327,597328,1,0
597327,597327,597328,1,0
597327,597327,597328,1,0
597327,597327,597328,1,0
597327,597327,597328,1,0
597327,597327,597328,1,0
597327,597327,597328,1,0
597327,597327,597328,1,0
597327,597327,597328,1,0
597327,597327,597328,1,0
597327,597327,597328,1,0
597327,597327,597329,2,0
597327,597327,597328,1,0
597327,597327,597328,1,0
597327,597327,597329,2,0
597327,597327,597328,1,0
597327,597327,597329,2,0
597327,597328,597329,1,1
597327,597328,597329,1,1
597327,597328,597329,1,1
597327,597328,597329,1,1
597327,597327,597329,2,0
597327,597327,597329,2,0
597327,597327,597328,1,0
597327,597327,597328,1,0
597327,597327,597329,2,0
597327,597327,597329,2,0
597327,597327,597328,1,0
597327,597327,597328,1,0
597327,597327,597328,1,0
597327,597327,597328,1,0
597327,597327,597329,2,0
597327,597327,597330,3,0
597327,597327,597330,3,0
597327,597327,597330,3,0
597327,597327,597330,3,0
597327,597327,597330,3,0
597327,597327,597330,3,0
597327,597328,597330,2,1
597327,597334,597335,1,7
597310,597334,597335,1,24
597310,597334,597336,2,24
596535,596535,597339,804,0
597347,597348,597349,1,1
597347,597348,597349,1,1
597347,597347,597348,1,0
597347,597347,597348,1,0
597347,597348,597349,1,1
597347,597348,597349,1,1
597347,597348,597349,1,1
597347,597348,597349,1,1
597347,597348,597349,1,1
597347,597348,597349,1,1
597347,597348,597349,1,1
597347,597348,597349,1,1
597347,597348,597349,1,1
597347,597348,597349,1,1
597347,597348,597349,1,1
597347,597348,597349,1,1
597347,597348,597349,1,1
597347,597348,597349,1,1
597347,597348,597349,1,1
597347,597348,597349,1,1
597347,597348,597350,2,1
597347,597348,597350,2,1
597347,597348,597350,2,1
597347,597348,597350,2,1
597347,597348,597350,2,1
597347,597348,597350,2,1
597347,597348,597350,2,1
597347,597348,597350,2,1
596573,596573,597360,787,0
597361,597361,597362,1,0
597361,597361,597362,1,0
597361,597361,597362,1,0
597361,597361,597362,1,0
597361,597361,597362,1,0
597361,597361,597362,1,0
597361,597361,597362,1,0
597361,597361,597362,1,0
597361,597361,597362,1,0
597361,597361,597362,1,0
597361,597361,597362,1,0
597361,597361,597362,1,0
597361,597361,597362,1,0
597361,597361,597362,1,0
597361,597361,597362,1,0
597361,597361,597362,1,0
597327,597361,597362,1,34
597327,597361,597362,1,34
597327,597361,597362,1,34
597327,597361,597362,1,34
597361,597361,597363,2,0
597361,597361,597362,1,0
597361,597361,597362,1,0
597361,597362,597363,1,1
597361,597362,597363,1,1
597361,597362,597363,1,1
597361,597362,597363,1,1
597361,597362,597363,1,1
597361,597361,597362,1,0
597361,597361,597362,1,0
597361,597361,597362,1,0
597361,597361,597362,1,0
597361,597362,597363,1,1
597361,597362,597363,1,1
597361,597362,597363,1,1
597361,597362,597363,1,1
597361,597361,597363,2,0
597361,597361,597363,2,0
597361,597361,597362,1,0
597361,597361,597363,2,0
597361,597361,597363,2,0
597361,597361,597363,2,0
597361,597361,597363,2,0
597361,597361,597362,1,0
597361,597361,597363,2,0
597361,597361,597364,3,0
597327,597361,597364,3,34
597361,597361,597365,4,0
597347,597348,597351,3,1
597361,597374,597376,2,13
597428,597428,597429,1,0
597428,597428,597429,1,0
597428,597428,597429,1,0
597428,597428,597429,1,0
597428,597428,597429,1,0
597428,597428,597429,1,0
597428,597428,597429,1,0
597428,597428,597429,1,0
597428,597428,597429,1,0
597428,597428,597429,1,0
597428,597428,597429,1,0
597428,597428,597429,1,0
597428,597428,597429,1,0
597428,597428,597429,1,0
597428,597428,597429,1,0
597428,597428,597429,1,0
597428,597428,597429,1,0
597428,597428,597429,1,0
597428,597428,597429,1,0
597428,597428,597429,1,0
597428,597428,597429,1,0
597428,597428,597429,1,0
597428,597428,597429,1,0
597428,597428,597429,1,0
597428,597428,597429,1,0
597428,597428,597429,1,0
597428,597428,597429,1,0
597428,597428,597429,1,0
597428,597428,597430,2,0
597428,597428,597430,2,0
597428,597428,597430,2,0
597428,597428,597430,2,0
597428,597428,597430,2,0
597428,597428,597430,2,0
597428,597428,597430,2,0
597428,597428,597430,2,0
597428,597428,597430,2,0
597428,597428,597430,2,0
597428,597428,597430,2,0
597428,597428,597430,2,0
597428,597428,597431,3,0
597428,597428,597431,3,0
597428,597428,597431,3,0
597428,597428,597431,3,0
597428,597428,597431,3,0
597428,597428,597432,4,0
597428,597428,597432,4,0
597428,597428,597433,5,0
597428,597428,597433,5,0
597428,597428,597433,5,0
597443,597443,597444,1,0
597443,597443,597444,1,0
597443,597443,597444,1,0
597443,597443,597444,1,0
597443,597443,597444,1,0
597443,597443,597444,1,0
597443,597443,597444,1,0
597443,597443,597444,1,0
597443,597443,597444,1,0
597443,597443,597444,1,0
597443,597443,597444,1,0
597443,597443,597444,1,0
597443,597443,597444,1,0
597443,597443,597444,1,0
597443,597443,597444,1,0
597443,597443,597444,1,0
597443,597443,597444,1,0
597443,597443,597444,1,0
597443,597443,597444,1,0
597443,597443,597444,1,0
597443,597443,597445,2,0
597443,597443,597445,2,0
597443,597443,597444,1,0
597443,597443,597444,1,0
597443,597443,597445,2,0
597443,597443,597444,1,0
597443,597443,597444,1,0
597443,597443,597444,1,0
597443,597443,597444,1,0
597443,597443,597445,2,0
597443,597443,597445,2,0
597443,597443,597445,2,0
597443,597443,597445,2,0
597443,597443,597446,3,0
597443,597443,597445,2,0
597443,597443,597446,3,0
597443,597443,597446,3,0
597443,597443,597446,3,0
597443,597443,597446,3,0
597443,597443,597447,4,0
597443,597443,597446,3,0
597443,597443,597447,4,0
597443,597443,597447,4,0
597443,597443,597447,4,0
597443,597443,597447,4,0
597457,597457,597458,1,0
597457,597457,597458,1,0
597457,597457,597458,1,0
597457,597457,597458,1,0
597457,597457,597458,1,0
597457,597457,597458,1,0
597457,597457,597458,1,0
597457,597457,597458,1,0
597457,597457,597458,1,0
597457,597457,597458,1,0
597457,597457,597458,1,0
597457,597457,597458,1,0
597457,597457,597458,1,0
597457,597457,597458,1,0
597457,597457,597458,1,0
597457,597457,597458,1,0
597457,597457,597458,1,0
597457,597457,597458,1,0
597457,597457,597458,1,0
597457,597457,597458,1,0
597457,597457,597458,1,0
597457,597457,597458,1,0
597457,597457,597458,1,0
597457,597457,597458,1,0
597457,597457,597458,1,0
597457,597457,597458,1,0
597457,597457,597458,1,0
597457,597457,597459,2,0
597457,597457,597459,2,0
597457,597457,597459,2,0
597457,597457,597459,2,0
597457,597457,597459,2,0
597457,597457,597459,2,0
597457,597457,597459,2,0
597457,597457,597459,2,0
597457,597457,597459,2,0
597457,597457,597459,2,0
597457,597457,597459,2,0
597457,597457,597459,2,0
597457,597457,597460,3,0
597457,597457,597461,4,0
597457,597457,597461,4,0
597457,597457,597461,4,0
597457,597457,597461,4,0
597457,597457,597461,4,0
597457,597457,597462,5,0
597457,597457,597462,5,0
597457,597457,597462,5,0
597457,597457,597462,5,0
597471,597471,597472,1,0
597471,597471,597472,1,0
597471,597471,597472,1,0
597471,597471,597472,1,0
597471,597471,597472,1,0
597471,597471,597472,1,0
597471,597471,597472,1,0
597471,597471,597472,1,0
597471,597471,597472,1,0
597471,597471,597472,1,0
597471,597471,597472,1,0
597471,597471,597472,1,0
597471,597471,597472,1,0
597471,597471,597472,1,0
597471,597471,597472,1,0
597471,597471,597472,1,0
597471,597471,597472,1,0
597471,597471,597472,1,0
597471,597471,597472,1,0
597471,597471,597473,2,0
597471,597471,597474,3,0
597471,597471,597474,3,0
597471,597471,597473,2,0
597471,597471,597473,2,0
597471,597471,597474,3,0
597471,597471,597474,3,0
597471,597471,597474,3,0
597471,597471,597474,3,0
597471,597471,597475,4,0
597483,597483,597484,1,0
597483,597483,597484,1,0
597483,597483,597484,1,0
597483,597483,597484,1,0
597483,597483,597484,1,0
597483,597483,597484,1,0
597483,597483,597484,1,0
597483,597483,597484,1,0
597483,597483,597484,1,0
597483,597483,597484,1,0
597483,597483,597484,1,0
597483,597483,597484,1,0
597483,597483,597484,1,0
597483,597483,597484,1,0
597483,597483,597484,1,0
597483,597483,597484,1,0
597483,597483,597484,1,0
597483,597483,597484,1,0
597483,597483,597484,1,0
597483,597483,597484,1,0
597483,597483,597484,1,0
597483,597483,597484,1,0
597483,597483,597484,1,0
597483,597483,597484,1,0
597483,597483,597484,1,0
597483,597483,597484,1,0
597483,597483,597484,1,0
597483,597483,597484,1,0
597483,597483,597484,1,0
597483,597483,597484,1,0
597483,597483,597484,1,0
597483,597483,597484,1,0
597483,597483,597484,1,0
597483,597483,597484,1,0
597483,597483,597484,1,0
597483,597483,597484,1,0
597483,597483,597484,1,0
597483,597483,597485,2,0
597483,597483,597485,2,0
597483,597483,597484,1,0
597483,597483,597485,2,0
597483,597483,597484,1,0
597483,597483,597484,1,0
597483,597483,597486,3,0
597483,597483,597486,3,0
597483,597483,597486,3,0
597483,597483,597486,3,0
597483,597483,597486,3,0
597483,597483,597487,4,0
597483,597483,597487,4,0
597496,597496,597497,1,0
597496,597496,597497,1,0
597496,597496,597497,1,0
597496,597496,597497,1,0
597496,597496,597497,1,0
597496,597496,597497,1,0
597496,597496,597497,1,0
597496,597496,597497,1,0
597496,597496,597497,1,0
597496,597496,597497,1,0
597496,597496,597497,1,0
597496,597496,597497,1,0
597496,597496,597497,1,0
597496,597496,597497,1,0
597496,597496,597497,1,0
597496,597496,597497,1,0
597496,597496,597497,1,0
597496,597496,597497,1,0
597496,597496,597497,1,0
597496,597496,597497,1,0
597496,597496,597497,1,0
597496,597496,597497,1,0
597496,597496,597497,1,0
597496,597496,597497,1,0
597496,597496,597497,1,0
597496,597496,597497,1,0
597496,597496,597497,1,0
597496,597496,597497,1,0
597496,597496,597497,1,0
597496,597496,597497,1,0
597496,597496,597497,1,0
597496,597496,597497,1,0
597496,597496,597497,1,0
597496,597496,597497,1,0
597496,597496,597497,1,0
597496,597496,597497,1,0
597496,597496,597498,2,0
597496,597496,597497,1,0
597496,597496,597497,1,0
597496,597496,597498,2,0
597496,597496,597498,2,0
597496,597496,597497,1,0
597496,597496,597498,2,0
597496,597496,597499,3,0
597505,597505,597506,1,0
597505,597505,597506,1,0
597505,597505,597506,1,0
597505,597505,597506,1,0
597505,597505,597506,1,0
597505,597505,597506,1,0
597505,597505,597506,1,0
597505,597505,597506,1,0
597505,597505,597506,1,0
597505,597505,597506,1,0
597505,597505,597506,1,0
597505,597505,597506,1,0
597505,597505,597506,1,0
597505,597505,597506,1,0
597505,597505,597506,1,0
597505,597505,597506,1,0
597505,597505,597506,1,0
597505,597505,597506,1,0
597505,597505,597506,1,0
597505,597505,597506,1,0
597505,597505,597506,1,0
597505,597505,597506,1,0
597505,597505,597506,1,0
597505,597505,597506,1,0
597505,597505,597506,1,0
597505,597505,597506,1,0
597505,597505,597506,1,0
597505,597505,597506,1,0
597505,597505,597506,1,0
597505,597505,597506,1,0
597505,597505,597506,1,0
597505,597505,597506,1,0
597505,597505,597506,1,0
597505,597505,597506,1,0
597505,597505,597506,1,0
597505,597505,597506,1,0
597505,597505,597506,1,0
597505,597505,597506,1,0
597505,597505,597506,1,0
597505,597505,597506,1,0
597505,597505,597506,1,0
597505,597505,597506,1,0
597505,597505,597506,1,0
597505,597505,597506,1,0
597505,597505,597507,2,0
597505,597505,597506,1,0
597505,597505,597507,2,0
597505,597505,597506,1,0
597505,597505,597507,2,0
597505,597505,597506,1,0
597514,597514,597515,1,0
597514,597514,597515,1,0
597514,597514,597515,1,0
597514,597514,597515,1,0
597514,597514,597515,1,0
597514,597514,597515,1,0
597514,597514,597515,1,0
597514,597514,597515,1,0
597514,597514,597515,1,0
597514,597514,597515,1,0
597514,597514,597515,1,0
597514,597514,597515,1,0
597514,597514,597515,1,0
597514,597514,597515,1,0
597514,597514,597515,1,0
597514,597514,597515,1,0
597514,597514,597515,1,0
597514,597514,597515,1,0
597514,597514,597515,1,0
597514,597514,597515,1,0
597514,597514,597515,1,0
597514,597514,597515,1,0
597514,597514,597515,1,0
597514,597514,597515,1,0
597514,597514,597515,1,0
597514,597514,597515,1,0
597514,597514,597515,1,0
597514,597514,597515,1,0
597514,597514,597515,1,0
597514,597514,597515,1,0
597514,597514,597515,1,0
597514,597514,597515,1,0
597514,597514,597515,1,0
597514,597514,597515,1,0
597514,597514,597515,1,0
597514,597514,597515,1,0
597514,597514,597515,1,0
597514,597514,597515,1,0
597514,597514,597515,1,0
597514,597514,597515,1,0
597514,597514,597515,1,0
597522,597522,597523,1,0
597522,597522,597523,1,0
597522,597522,597523,1,0
597522,597522,597523,1,0
597522,597522,597523,1,0
597522,597522,597523,1,0
597522,597522,597523,1,0
597522,597522,597523,1,0
597522,597522,597523,1,0
597522,597522,597523,1,0
597522,597522,597523,1,0
597522,597522,597523,1,0
597522,597522,597523,1,0
597522,597522,597523,1,0
597522,597522,597523,1,0
597522,597522,597523,1,0
597522,597522,597523,1,0
597522,597522,597523,1,0
597522,597522,597523,1,0
597522,597522,597523,1,0
597522,597522,597523,1,0
597522,597522,597523,1,0
597522,597522,597523,1,0
597522,597522,597523,1,0
597522,597522,597523,1,0
597522,597522,597523,1,0
597522,597522,597523,1,0
597522,597522,597523,1,0
597522,597522,597523,1,0
597522,597522,597523,1,0
597522,597522,597523,1,0
597522,597522,597523,1,0
596129,596132,597523,1391,3
597528,597528,597529,1,0
597528,597528,597529,1,0
597528,597528,597529,1,0
597528,597528,597529,1,0
597528,597528,597529,1,0
597528,597528,597529,1,0
597528,597528,597529,1,0
597528,597528,597529,1,0
597528,597528,597529,1,0
597528,597528,597529,1,0
597528,597528,597529,1,0
597528,597528,597529,1,0
597528,597528,597529,1,0
597528,597528,597529,1,0
597528,597528,597529,1,0
597528,597528,597529,1,0
597528,597528,597529,1,0
597528,597528,597529,1,0
597528,597528,597529,1,0
597528,597528,597529,1,0
597528,597528,597529,1,0
597528,597528,597529,1,0
597528,597528,597529,1,0
597528,597528,597529,1,0
597528,597528,597529,1,0
597528,597528,597529,1,0
597528,597528,597529,1,0
597528,597528,597529,1,0
597528,597528,597529,1,0
597528,597528,597529,1,0
597528,597528,597529,1,0
597528,597528,597529,1,0
597534,597534,597535,1,0
597534,597534,597535,1,0
597534,597534,597535,1,0
597534,597534,597535,1,0
597534,597534,597535,1,0
597534,597534,597535,1,0
597534,597534,597535,1,0
597534,597534,597535,1,0
597534,597534,597535,1,0
597534,597534,597535,1,0
597534,597534,597535,1,0
597534,597534,597535,1,0
597534,597534,597535,1,0
597534,597534,597535,1,0
597534,597534,597535,1,0
597534,597534,597535,1,0
597534,597534,597535,1,0
597534,597534,597535,1,0
597534,597534,597535,1,0
597534,597534,597535,1,0
597534,597534,597535,1,0
597534,597534,597535,1,0
597534,597534,597535,1,0
597534,597534,597535,1,0
597534,597534,597535,1,0
597534,597534,597535,1,0
597534,597534,597535,1,0
597534,597534,597535,1,0
597534,597534,597535,1,0
597534,597534,597535,1,0
597534,597534,597535,1,0
597534,597534,597535,1,0
597534,597534,597535,1,0
597534,597534,597535,1,0
597534,597534,597535,1,0
597534,597534,597535,1,0
597534,597534,597535,1,0
597534,597534,597536,2,0
597534,597534,597535,1,0
597534,597534,597535,1,0
597521,597524,597565,41,3
597529,597567,597634,67,38
597632,597635,597642,7,3
597637,597646,597655,9,9
597657,597657,597658,1,0
597657,597657,597658,1,0
597657,597657,597658,1,0
597657,597657,597658,1,0
597657,597657,597658,1,0
597657,597657,597658,1,0
597657,597657,597658,1,0
597657,597657,597658,1,0
597657,597657,597658,1,0
597657,597657,597658,1,0
597657,597657,597658,1,0
597657,597657,597658,1,0
597657,597657,597658,1,0
597657,597657,597658,1,0
597657,597657,597658,1,0
597657,597657,597658,1,0
597657,597657,597658,1,0
597657,597657,597658,1,0
597657,597657,597658,1,0
597657,597657,597658,1,0
597657,597657,597658,1,0
597657,597657,597658,1,0
597657,597657,597658,1,0
597657,597657,597658,1,0
597657,597657,597658,1,0
597657,597657,597658,1,0
597657,597657,597658,1,0
597657,597657,597658,1,0
597657,597657,597658,1,0
597657,597657,597658,1,0
597657,597657,597658,1,0
597657,597657,597658,1,0
597657,597657,597659,2,0
597657,597657,597658,1,0
597657,597657,597658,1,0
597657,597657,597658,1,0
597657,597657,597658,1,0
597657,597657,597659,2,0
597657,597657,597659,2,0
597657,597657,597659,2,0
597657,597657,597660,3,0
597657,597657,597660,3,0
597657,597657,597660,3,0
597653,597656,597661,5,3
597657,597657,597660,3,0
597657,597657,597660,3,0
597657,597657,597661,4,0
597657,597657,597661,4,0
597657,597657,597661,4,0
597657,597657,597661,4,0
597657,597657,597661,4,0
597670,597670,597671,1,0
597670,597670,597671,1,0
597670,597670,597671,1,0
597670,597670,597671,1,0
597670,597670,597671,1,0
597670,597670,597672,2,0
597670,597670,597671,1,0
597670,597670,597671,1,0
597670,597670,597671,1,0
597670,597670,597671,1,0
597670,597670,597671,1,0
597670,597670,597671,1,0
597670,597670,597672,2,0
597670,597670,597671,1,0
597670,597670,597671,1,0
597670,597670,597671,1,0
597670,597670,597671,1,0
597670,597670,597672,2,0
597670,597670,597673,3,0
597670,597670,597672,2,0
597670,597670,597674,4,0
597670,597670,597673,3,0
597670,597670,597673,3,0
597670,597670,597673,3,0
597670,597670,597674,4,0
597670,597670,597673,3,0
597670,597670,597673,3,0
597670,597670,597674,4,0
597670,597670,597674,4,0
597683,597683,597684,1,0
597683,597683,597684,1,0
597683,597683,597684,1,0
597683,597683,597684,1,0
597683,597683,597684,1,0
597683,597683,597684,1,0
597683,597683,597684,1,0
597683,597683,597684,1,0
597683,597683,597684,1,0
597683,597683,597684,1,0
597683,597683,597684,1,0
597683,597683,597684,1,0
597683,597683,597684,1,0
597683,597683,597684,1,0
597683,597683,597684,1,0
597683,597683,597684,1,0
597683,597683,597684,1,0
597683,597683,597684,1,0
597683,597683,597684,1,0
597683,597683,597684,1,0
597683,597683,597684,1,0
597683,597683,597684,1,0
597683,597683,597684,1,0
597683,597683,597684,1,0
597683,597683,597684,1,0
597683,597683,597684,1,0
597683,597683,597684,1,0
597683,597683,597684,1,0
597683,597683,597684,1,0
597683,597683,597684,1,0
597683,597683,597685,2,0
597683,597683,597684,1,0
597683,597683,597684,1,0
597683,597683,597684,1,0
597683,597683,597685,2,0
597683,597683,597685,2,0
597683,597683,597686,3,0
597683,597683,597687,4,0
597683,597683,597686,3,0
597683,597683,597687,4,0
597683,597683,597686,3,0
597683,597683,597686,3,0
597683,597683,597687,4,0
597683,597683,597687,4,0
597683,597683,597687,4,0
597696,597696,597697,1,0
597696,597696,597697,1,0
597696,597696,597697,1,0
597696,597696,597697,1,0
597696,597696,597697,1,0
597696,597696,597697,1,0
597696,597696,597697,1,0
597696,597696,597697,1,0
597696,597696,597697,1,0
597696,597696,597697,1,0
597696,597696,597697,1,0
597696,597696,597697,1,0
597696,597696,597697,1,0
597696,597696,597697,1,0
597696,597696,597697,1,0
597696,597696,597697,1,0
597696,597696,597697,1,0
597696,597696,597697,1,0
597696,597696,597697,1,0
597696,597696,597697,1,0
597696,597696,597697,1,0
597696,597696,597697,1,0
597696,597696,597697,1,0
597696,597696,597697,1,0
597696,597696,597697,1,0
597696,597696,597697,1,0
597696,597696,597697,1,0
597696,597696,597697,1,0
597696,597696,597697,1,0
597696,597696,597697,1,0
597696,597696,597697,1,0
597696,597696,597698,2,0
597696,597696,597698,2,0
597696,597696,597697,1,0
597696,597696,597698,2,0
597696,597696,597698,2,0
597696,597696,597698,2,0
597696,597696,597698,2,0
597696,597696,597697,1,0
597696,597696,597698,2,0
597696,597696,597699,3,0
597696,597696,597699,3,0
597696,597696,597699,3,0
597696,597696,597699,3,0
597696,597696,597700,4,0
597696,597696,597700,4,0
597696,597696,597700,4,0
597696,597696,597700,4,0
597696,597696,597700,4,0
597696,597696,597701,5,0
597709,597709,597710,1,0
597709,597709,597710,1,0
597709,597709,597710,1,0
597709,597709,597710,1,0
597709,597709,597710,1,0
597709,597709,597710,1,0
597709,597709,597710,1,0
597709,597709,597710,1,0
597709,597709,597710,1,0
597709,597709,597710,1,0
597709,597709,597710,1,0
597709,597709,597710,1,0
597709,597709,597710,1,0
597709,597709,597710,1,0
597709,597709,597710,1,0
597709,597709,597710,1,0
597709,597709,597710,1,0
597709,597709,597710,1,0
597709,597709,597710,1,0
597709,597709,597710,1,0
597709,597709,597710,1,0
597709,597709,597710,1,0
597709,597709,597710,1,0
597709,597709,597710,1,0
597709,597709,597710,1,0
597709,597709,597710,1,0
597709,597709,597710,1,0
597709,597709,597710,1,0
597709,597709,597710,1,0
597709,597709,597710,1,0
597709,597709,597710,1,0
597709,597709,597710,1,0
597709,597709,597710,1,0
597709,597709,597710,1,0
597709,597709,597710,1,0
597709,597709,597710,1,0
597709,597709,597710,1,0
597709,597709,597710,1,0
597709,597709,597710,1,0
597709,597709,597711,2,0
597709,597709,597711,2,0
597709,597709,597711,2,0
597709,597709,597711,2,0
597709,597709,597712,3,0
597709,597709,597712,3,0
597709,597709,597712,3,0
597709,597709,597713,4,0
597709,597709,597712,3,0
597709,597709,597713,4,0
597722,597722,597723,1,0
597722,597722,597723,1,0
597722,597722,597723,1,0
597722,597722,597723,1,0
597722,597722,597723,1,0
597722,597722,597723,1,0
597722,597722,597723,1,0
597722,597722,597723,1,0
597722,597722,597723,1,0
597722,597722,597723,1,0
597722,597722,597723,1,0
597722,597722,597723,1,0
597722,597722,597723,1,0
597722,597722,597723,1,0
597722,597722,597723,1,0
597722,597722,597723,1,0
597722,597722,597723,1,0
597722,597722,597723,1,0
597722,597722,597723,1,0
597722,597722,597723,1,0
597722,597722,597723,1,0
597722,597722,597723,1,0
597722,597722,597723,1,0
597722,597722,597723,1,0
597722,597722,597723,1,0
597722,597722,597723,1,0
597722,597722,597723,1,0
597722,597722,597723,1,0
597722,597722,597724,2,0
597722,597722,597723,1,0
597722,597722,597724,2,0
597722,597722,597724,2,0
597722,597722,597723,1,0
597722,597722,597723,1,0
597722,597722,597724,2,0
597722,597722,597723,1,0
597722,597722,597723,1,0
597722,597722,597724,2,0
597722,597722,597723,1,0
597722,597722,597724,2,0
597722,597722,597724,2,0
597737,597737,597738,1,0
597737,597737,597738,1,0
597737,597737,597738,1,0
597737,597737,597738,1,0
597737,597737,597738,1,0
597737,597737,597738,1,0
597737,597737,597738,1,0
597737,597737,597738,1,0
597737,597737,597738,1,0
597737,597737,597738,1,0
597737,597737,597738,1,0
597737,597737,597738,1,0
597737,597737,597738,1,0
597737,597737,597738,1,0
597737,597737,597738,1,0
597737,597737,597738,1,0
597737,597737,597738,1,0
597737,597737,597738,1,0
597737,597737,597738,1,0
597737,597737,597738,1,0
597737,597737,597738,1,0
597737,597737,597738,1,0
597737,597737,597738,1,0
597737,597737,597738,1,0
597737,597737,597738,1,0
597737,597737,597738,1,0
597737,597737,597738,1,0
597737,597737,597738,1,0
597737,597737,597738,1,0
597737,597737,597738,1,0
597737,597737,597738,1,0
597737,597737,597738,1,0
597737,597737,597738,1,0
597737,597737,597738,1,0
597746,597746,597747,1,0
597746,597746,597747,1,0
597746,597746,597747,1,0
597746,597746,597747,1,0
597746,597746,597747,1,0
597746,597746,597747,1,0
597746,597746,597747,1,0
597746,597746,597747,1,0
597746,597746,597747,1,0
597746,597746,597747,1,0
597746,597746,597747,1,0
597746,597746,597747,1,0
597746,597746,597747,1,0
597746,597746,597747,1,0
597746,597746,597747,1,0
597746,597746,597747,1,0
597746,597746,597747,1,0
597746,597746,597747,1,0
597746,597746,597747,1,0
597746,597746,597747,1,0
597746,597746,597747,1,0
597746,597746,597747,1,0
597746,597746,597747,1,0
597746,597746,597747,1,0
597746,597746,597747,1,0
597746,597746,597747,1,0
597746,597746,597747,1,0
597746,597746,597747,1,0
597746,597746,597747,1,0
597746,597746,597747,1,0
597746,597746,597747,1,0
597746,597746,597747,1,0
597746,597746,597747,1,0
597746,597746,597747,1,0
597746,597746,597747,1,0
597746,597746,597747,1,0
597746,597746,597747,1,0
597746,597746,597747,1,0
597746,597746,597747,1,0
597746,597746,597747,1,0
597746,597746,597747,1,0
597746,597746,597747,1,0
597746,597746,597747,1,0
597746,597746,597747,1,0
597746,597746,597747,1,0
597746,597746,597747,1,0
597746,597746,597747,1,0
597746,597746,597747,1,0
597746,597746,597747,1,0
597753,597753,597754,1,0
597753,597753,597754,1,0
597753,597753,597754,1,0
597753,597753,597754,1,0
597753,597753,597754,1,0
597753,597753,597754,1,0
597753,597753,597754,1,0
597753,597753,597754,1,0
597759,597759,597760,1,0
597759,597759,597760,1,0
597759,597759,597760,1,0
597759,597759,597760,1,0
597759,597759,597760,1,0
597759,597759,597760,1,0
597759,597759,597760,1,0
597759,597759,597760,1,0
597759,597759,597760,1,0
597759,597759,597760,1,0
597759,597759,597760,1,0
597759,597759,597760,1,0
597759,597759,597760,1,0
597759,597759,597760,1,0
597759,597759,597760,1,0
597759,597759,597760,1,0
597759,597759,597760,1,0
597759,597759,597760,1,0
597759,597759,597760,1,0
597759,597759,597760,1,0
597759,597759,597760,1,0
597759,597759,597760,1,0
597759,597759,597760,1,0
597759,597759,597760,1,0
597759,597759,597760,1,0
597759,597759,597760,1,0
597759,597759,597760,1,0
597759,597759,597760,1,0
597759,597759,597760,1,0
597759,597759,597760,1,0
597759,597759,597760,1,0
597759,597759,597760,1,0
597759,597759,597760,1,0
597759,597759,597760,1,0
597759,597759,597760,1,0
597759,597759,597760,1,0
597759,597759,597760,1,0
597759,597759,597760,1,0
597759,597759,597760,1,0
597759,597759,597760,1,0
597759,597759,597760,1,0
597759,597759,597760,1,0
597759,597759,597760,1,0
597759,597759,597760,1,0
597759,597759,597760,1,0
596943,596943,597764,821,0
597766,597766,597767,1,0
597766,597766,597767,1,0
597766,597766,597767,1,0
597766,597766,597767,1,0
597766,597766,597767,1,0
597766,597766,597767,1,0
597766,597766,597767,1,0
597766,597766,597767,1,0
597766,597766,597767,1,0
597766,597766,597767,1,0
597766,597766,597767,1,0
597766,597766,597767,1,0
597766,597766,597767,1,0
597766,597766,597767,1,0
597765,597766,597767,1,1
597765,597766,597767,1,1
597766,597766,597767,1,0
597766,597766,597767,1,0
597765,597766,597767,1,1
597765,597766,597767,1,1
597765,597766,597767,1,1
597765,597766,597767,1,1
597765,597766,597767,1,1
597765,597766,597767,1,1
597765,597766,597767,1,1
597765,597766,597767,1,1
597765,597766,597767,1,1
597765,597766,597767,1,1
597765,597766,597767,1,1
597765,597766,597767,1,1
597765,597766,597767,1,1
597765,597766,597767,1,1
597765,597766,597767,1,1
597765,597766,597767,1,1
597765,597766,597767,1,1
597765,597766,597767,1,1
597765,597766,597767,1,1
597765,597766,597767,1,1
597765,597766,597767,1,1
597765,597766,597767,1,1
597765,597766,597767,1,1
597765,597766,597767,1,1
597765,597766,597767,1,1
597765,597766,597767,1,1
597765,597766,597767,1,1
597765,597766,597767,1,1
597765,597766,597767,1,1
597766,597766,597767,1,0
597766,597766,597767,1,0
597766,597766,597767,1,0
597766,597766,597767,1,0
597766,597766,597767,1,0
597766,597766,597767,1,0
597765,597766,597767,1,1
597765,597766,597767,1,1
597765,597766,597767,1,1
597765,597766,597767,1,1
597765,597766,597767,1,1
597765,597766,597767,1,1
597765,597766,597768,2,1
597765,597766,597767,1,1
597765,597766,597767,1,1
597765,597766,597767,1,1
597765,597766,597767,1,1
597765,597766,597767,1,1
597765,597766,597767,1,1
597765,597766,597767,1,1
597765,597766,597767,1,1
596988,596988,597783,795,0
597784,597785,597786,1,1
597784,597785,597786,1,1
597784,597785,597786,1,1
597784,597785,597786,1,1
597784,597785,597786,1,1
597784,597785,597786,1,1
597784,597785,597786,1,1
597784,597785,597786,1,1
597784,597785,597786,1,1
597784,597785,597786,1,1
597784,597785,597786,1,1
597784,597785,597786,1,1
597784,597785,597786,1,1
597784,597785,597786,1,1
597784,597785,597786,1,1
597784,597785,597786,1,1
597784,597785,597786,1,1
597784,597785,597786,1,1
597784,597785,597786,1,1
597784,597785,597786,1,1
597784,597785,597786,1,1
597784,597785,597786,1,1
597784,597785,597786,1,1
597784,597785,597786,1,1
597784,597785,597786,1,1
597784,597785,597786,1,1
597784,597785,597786,1,1
597784,597785,597786,1,1
597784,597785,597786,1,1
597784,597785,597786,1,1
597784,597785,597786,1,1
597784,597785,597786,1,1
597784,597785,597786,1,1
597784,597785,597786,1,1
597784,597785,597786,1,1
597784,597785,597786,1,1
597784,597785,597786,1,1
597784,597785,597786,1,1
597784,597785,597786,1,1
597784,597785,597786,1,1
597784,597785,597786,1,1
597784,597785,597786,1,1
597784,597785,597786,1,1
597784,597785,597786,1,1
597784,597785,597786,1,1
596918,596918,597795,877,0
597797,597797,597798,1,0
597797,597797,597798,1,0
597797,597797,597798,1,0
597797,597797,597798,1,0
597797,597797,597798,1,0
597797,597798,597799,1,1
597797,597798,597799,1,1
597797,597798,597799,1,1
597797,597797,597798,1,0
597797,597797,597798,1,0
597797,597798,597799,1,1
597797,597797,597798,1,0
597797,597797,597798,1,0
597797,597797,597798,1,0
597797,597797,597798,1,0
597797,597797,597799,2,0
597797,597798,597799,1,1
597797,597798,597799,1,1
597797,597798,597799,1,1
597797,597798,597799,1,1
597797,597798,597799,1,1
597797,597798,597799,1,1
597797,597798,597799,1,1
597797,597798,597799,1,1
597797,597798,597799,1,1
597797,597798,597799,1,1
597797,597798,597799,1,1
597797,597798,597799,1,1
597797,597798,597799,1,1
597797,597798,597799,1,1
597797,597798,597799,1,1
597797,597798,597799,1,1
597797,597798,597799,1,1
597797,597798,597799,1,1
597797,597798,597799,1,1
597797,597798,597799,1,1
597797,597798,597799,1,1
597797,597798,597799,1,1
597797,597798,597799,1,1
597797,597798,597799,1,1
597797,597798,597800,2,1
597797,597798,597800,2,1
597020,597020,597841,821,0
597843,597844,597845,1,1
597843,597844,597845,1,1
597843,597844,597845,1,1
597843,597844,597845,1,1
597843,597844,597845,1,1
597843,597844,597845,1,1
597843,597844,597845,1,1
597843,597844,597845,1,1
597843,597844,597845,1,1
597843,597844,597845,1,1
597843,597844,597845,1,1
597843,597844,597845,1,1
597843,597844,597845,1,1
597843,597844,597845,1,1
597843,597844,597845,1,1
597843,597844,597845,1,1
597843,597844,597845,1,1
597843,597844,597845,1,1
597843,597844,597845,1,1
597843,597844,597845,1,1
597843,597844,597845,1,1
597843,597844,597845,1,1
597843,597844,597845,1,1
597843,597844,597845,1,1
597843,597844,597845,1,1
597843,597844,597845,1,1
597843,597844,597845,1,1
597843,597844,597845,1,1
597843,597844,597845,1,1
597843,597844,597845,1,1
597843,597844,597845,1,1
597843,597844,597845,1,1
597843,597844,597845,1,1
597843,597844,597845,1,1
597843,597844,597845,1,1
597843,597844,597845,1,1
597843,597844,597845,1,1
597843,597844,597845,1,1
597843,597844,597845,1,1
597843,597844,597845,1,1
597843,597844,597845,1,1
597036,597036,597851,815,0
597851,597852,597853,1,1
597851,597852,597853,1,1
597851,597852,597853,1,1
597851,597852,597853,1,1
597851,597852,597853,1,1
597851,597852,597853,1,1
597851,597852,597853,1,1
597851,597852,597853,1,1
597851,597852,597853,1,1
597851,597852,597853,1,1
597851,597852,597853,1,1
597851,597852,597853,1,1
597851,597852,597853,1,1
597851,597852,597853,1,1
597851,597852,597853,1,1
597851,597852,597853,1,1
597851,597852,597853,1,1
597851,597852,597853,1,1
597851,597852,597853,1,1
597851,597852,597853,1,1
597851,597852,597853,1,1
597851,597852,597853,1,1
597851,597852,597853,1,1
597851,597852,597853,1,1
597851,597852,597853,1,1
597851,597852,597853,1,1
597851,597852,597853,1,1
597851,597852,597853,1,1
597851,597852,597853,1,1
597851,597852,597853,1,1
597851,597852,597853,1,1
597851,597852,597853,1,1
597851,597852,597853,1,1
597851,597852,597853,1,1
597851,597852,597853,1,1
597851,597852,597853,1,1
597851,597852,597853,1,1
597851,597852,597853,1,1
597851,597852,597853,1,1
597851,597852,597853,1,1
597851,597852,597853,1,1
597851,597852,597853,1,1
597851,597852,597853,1,1
597851,597852,597853,1,1
597851,597852,597853,1,1
597843,597865,597866,1,22
597843,597865,597866,1,22
597843,597865,597866,1,22
597843,597865,597866,1,22
597843,597865,597866,1,22
597851,597865,597866,1,14
597074,597074,597869,795,0
597871,597872,597873,1,1
597871,597872,597873,1,1
597871,597872,597873,1,1
597871,597872,597873,1,1
597871,597872,597873,1,1
597871,597872,597873,1,1
597871,597872,597873,1,1
597871,597872,597873,1,1
597871,597872,597873,1,1
597871,597872,597873,1,1
597871,597872,597873,1,1
597871,597872,597873,1,1
597871,597872,597873,1,1
597871,597872,597873,1,1
597871,597872,597873,1,1
597871,597872,597873,1,1
597871,597872,597873,1,1
597871,597872,597873,1,1
597871,597872,597873,1,1
597871,597872,597873,1,1
597871,597872,597873,1,1
597871,597872,597873,1,1
597871,597872,597873,1,1
597871,597872,597873,1,1
597871,597872,597873,1,1
597871,597872,597873,1,1
597871,597872,597873,1,1
597871,597872,597873,1,1
597871,597872,597874,2,1
597871,597872,597873,1,1
597871,597872,597873,1,1
597871,597872,597873,1,1
597871,597872,597873,1,1
597871,597872,597873,1,1
597871,597872,597874,2,1
597871,597872,597873,1,1
597871,597872,597873,1,1
597871,597872,597873,1,1
597871,597872,597873,1,1
597871,597872,597874,2,1
597871,597872,597874,2,1
597871,597872,597874,2,1
597871,597872,597874,2,1
597871,597872,597874,2,1
597076,597076,597886,810,0
597888,597888,597889,1,0
597888,597888,597889,1,0
597888,597888,597889,1,0
597888,597888,597889,1,0
597888,597888,597889,1,0
597888,597888,597889,1,0
597888,597888,597889,1,0
597888,597888,597889,1,0
597888,597888,597889,1,0
597888,597888,597889,1,0
597888,597888,597889,1,0
597888,597888,597889,1,0
597888,597888,597889,1,0
597888,597888,597889,1,0
597888,597888,597889,1,0
597888,597888,597889,1,0
597888,597888,597889,1,0
597888,597888,597889,1,0
597888,597888,597889,1,0
597888,597888,597889,1,0
597888,597888,597890,2,0
597888,597888,597890,2,0
597888,597888,597889,1,0
597888,597888,597889,1,0
597888,597888,597889,1,0
597888,597888,597889,1,0
597888,597888,597889,1,0
597888,597888,597890,2,0
597888,597888,597889,1,0
597888,597888,597889,1,0
597888,597888,597889,1,0
597888,597888,597889,1,0
597888,597888,597889,1,0
597888,597888,597889,1,0
597888,597888,597889,1,0
597888,597888,597889,1,0
597888,597888,597889,1,0
597888,597888,597889,1,0
597888,597888,597889,1,0
597888,597888,597891,3,0
597888,597888,597890,2,0
597888,597888,597891,3,0
597888,597888,597891,3,0
597888,597888,597891,3,0
597888,597888,597891,3,0
597888,597910,597911,1,22
597888,597910,597911,1,22
597888,597910,597911,1,22
597888,597910,597911,1,22
597888,597910,597913,3,22
597700,597702,597939,237,2
597105,597105,597950,845,0
597950,597950,597951,1,0
597950,597950,597951,1,0
597950,597950,597951,1,0
597950,597950,597951,1,0
597950,597950,597951,1,0
597950,597950,597951,1,0
597950,597950,597951,1,0
597950,597950,597951,1,0
597950,597950,597952,2,0
597950,597950,597951,1,0
597950,597950,597951,1,0
597950,597950,597951,1,0
597950,597950,597952,2,0
597950,597950,597951,1,0
597950,597950,597951,1,0
597950,597950,597951,1,0
597951,597951,597952,1,0
597951,597951,597952,1,0
597951,597951,597952,1,0
597951,597951,597952,1,0
597951,597951,597952,1,0
597951,597951,597952,1,0
597951,597951,597952,1,0
597951,597951,597952,1,0
597951,597951,597952,1,0
597951,597951,597952,1,0
597951,597951,597952,1,0
597951,597951,597952,1,0
597951,597951,597952,1,0
597951,597951,597952,1,0
597951,597951,597952,1,0
597950,597950,597953,3,0
597950,597950,597953,3,0
597950,597950,597952,2,0
597950,597950,597952,2,0
597951,597951,597953,2,0
597951,597951,597952,1,0
597951,597951,597952,1,0
597951,597951,597952,1,0
597951,597951,597952,1,0
597951,597951,597952,1,0
597951,597951,597952,1,0
597951,597951,597953,2,0
597951,597951,597952,1,0
597951,597951,597953,2,0
597951,597951,597953,2,0
597951,597951,597952,1,0
597951,597951,597952,1,0
597951,597951,597952,1,0
597951,597951,597952,1,0
597951,597951,597952,1,0
597951,597951,597952,1,0
597951,597951,597952,1,0
597951,597951,597952,1,0
597951,597951,597952,1,0
597951,597951,597952,1,0
597951,597951,597952,1,0
597951,597951,597952,1,0
597951,597951,597952,1,0
597951,597951,597952,1,0
597951,597951,597952,1,0
597951,597951,597952,1,0
597950,597950,597953,3,0
597950,597950,597953,3,0
597950,597950,597953,3,0
597950,597950,597954,4,0
597950,597950,597954,4,0
597951,597951,597954,3,0
597951,597951,597954,3,0
597951,597951,597954,3,0
597951,597951,597954,3,0
597951,597951,597954,3,0
597951,597951,597954,3,0
597951,597951,597954,3,0
597951,597951,597955,4,0
597963,597963,597964,1,0
597963,597963,597964,1,0
597963,597963,597964,1,0
597963,597963,597964,1,0
597963,597963,597964,1,0
597963,597963,597964,1,0
597963,597963,597964,1,0
597963,597963,597964,1,0
597963,597963,597964,1,0
597963,597963,597964,1,0
597963,597963,597964,1,0
597963,597963,597964,1,0
597963,597963,597964,1,0
597963,597963,597964,1,0
597963,597963,597964,1,0
597963,597963,597964,1,0
597963,597963,597964,1,0
597963,597963,597964,1,0
597963,597963,597964,1,0
597963,597963,597964,1,0
597963,597963,597964,1,0
597963,597963,597964,1,0
597963,597963,597964,1,0
597963,597963,597964,1,0
597963,597963,597964,1,0
597963,597963,597964,1,0
597963,597963,597964,1,0
597963,597963,597964,1,0
597963,597963,597964,1,0
597963,597963,597965,2,0
597963,597963,597965,2,0
597963,597963,597964,1,0
597963,597963,597965,2,0
597963,597963,597964,1,0
597963,597963,597965,2,0
597963,597963,597965,2,0
597963,597963,597964,1,0
597963,597963,597965,2,0
597963,597963,597965,2,0
597963,597963,597966,3,0
597963,597963,597966,3,0
597963,597963,597967,4,0
597963,597963,597967,4,0
597963,597963,597966,3,0
597963,597963,597967,4,0
597963,597963,597967,4,0
597963,597963,597967,4,0
597963,597963,597967,4,0
597963,597963,597968,5,0
597963,597963,597967,4,0
597158,597158,597973,815,0
597975,597975,597976,1,0
597975,597975,597976,1,0
597975,597975,597976,1,0
597975,597975,597976,1,0
597975,597975,597976,1,0
597975,597975,597976,1,0
597975,597975,597976,1,0
597975,597975,597976,1,0
597975,597975,597976,1,0
597975,597975,597976,1,0
597975,597975,597976,1,0
597975,597975,597976,1,0
597975,597975,597976,1,0
597975,597975,597976,1,0
597975,597975,597976,1,0
597975,597975,597976,1,0
597975,597975,597976,1,0
597975,597975,597977,2,0
597975,597975,597976,1,0
597975,597975,597976,1,0
597975,597975,597976,1,0
597975,597975,597976,1,0
597975,597975,597976,1,0
597975,597975,597976,1,0
597975,597975,597976,1,0
597975,597975,597976,1,0
597975,597975,597976,1,0
597975,597975,597976,1,0
597975,597975,597976,1,0
597975,597975,597976,1,0
597975,597975,597976,1,0
597975,597975,597976,1,0
597975,597975,597976,1,0
597975,597975,597976,1,0
597975,597975,597976,1,0
597975,597975,597976,1,0
597975,597975,597976,1,0
597975,597975,597976,1,0
597975,597975,597976,1,0
597975,597975,597976,1,0
597975,597975,597977,2,0
597975,597975,597977,2,0
597975,597975,597978,3,0
597975,597975,597978,3,0
597975,597975,597978,3,0
597975,597975,597978,3,0
597975,597975,597978,3,0
597975,597975,597977,2,0
597975,597975,597978,3,0
597975,597975,597977,2,0
597979,597979,597980,1,0
597979,597979,597980,1,0
597979,597979,597980,1,0
597979,597979,597980,1,0
597979,597979,597980,1,0
597979,597979,597980,1,0
597979,597979,597980,1,0
597979,597979,597980,1,0
597979,597979,597980,1,0
597979,597979,597980,1,0
597979,597979,597980,1,0
597979,597979,597980,1,0
597979,597979,597980,1,0
597979,597979,597980,1,0
597979,597979,597980,1,0
597979,597979,597980,1,0
597979,597979,597980,1,0
597979,597979,597980,1,0
597979,597979,597980,1,0
597979,597979,597980,1,0
597979,597979,597980,1,0
597979,597979,597980,1,0
597979,597979,597980,1,0
597979,597979,597980,1,0
597979,597979,597980,1,0
597979,597979,597980,1,0
597979,597979,597980,1,0
597979,597979,597980,1,0
597979,597979,597980,1,0
597979,597979,597981,2,0
597979,597979,597981,2,0
597979,597979,597981,2,0
597979,597979,597981,2,0
597979,597979,597980,1,0
597979,597979,597981,2,0
597979,597979,597981,2,0
597979,597979,597981,2,0
597979,597979,597981,2,0
597979,597979,597980,1,0
597979,597979,597982,3,0
597979,597979,597982,3,0
597979,597979,597983,4,0
597979,597979,597983,4,0
597979,597979,597982,3,0
597979,597979,597983,4,0
597979,597979,597983,4,0
597979,597979,597983,4,0
597979,597979,597983,4,0
597979,597979,597984,5,0
597979,597979,597983,4,0
597937,597940,597985,45,3
597199,597199,597988,789,0
597989,597989,597990,1,0
597989,597989,597990,1,0
597989,597989,597990,1,0
597989,597989,597990,1,0
597989,597989,597990,1,0
597989,597989,597990,1,0
597989,597989,597990,1,0
597989,597989,597990,1,0
597989,597989,597990,1,0
597989,597989,597990,1,0
597989,597989,597990,1,0
597989,597989,597990,1,0
597989,597989,597990,1,0
597989,597989,597990,1,0
597989,597989,597991,2,0
597989,597989,597990,1,0
597989,597989,597990,1,0
597989,597989,597990,1,0
597989,597989,597991,2,0
597989,597989,597990,1,0
597989,597989,597990,1,0
597989,597989,597990,1,0
597989,597989,597990,1,0
597989,597989,597990,1,0
597989,597989,597990,1,0
597989,597989,597990,1,0
597989,597989,597991,2,0
597989,597989,597990,1,0
597989,597989,597990,1,0
597989,597989,597990,1,0
597989,597989,597990,1,0
597989,597989,597990,1,0
597989,597989,597990,1,0
597989,597989,597990,1,0
597989,597989,597990,1,0
597989,597989,597990,1,0
597989,597989,597990,1,0
597989,597989,597990,1,0
597989,597989,597990,1,0
597989,597989,597990,1,0
597989,597989,597990,1,0
597989,597989,597990,1,0
597989,597989,597990,1,0
597989,597989,597992,3,0
597989,597989,597992,3,0
597989,597989,597992,3,0
597989,597989,597992,3,0
597989,597989,597991,2,0
597989,597989,597992,3,0
597989,597989,597992,3,0
597994,597994,597995,1,0
597994,597994,597995,1,0
597994,597994,597995,1,0
597994,597994,597995,1,0
597994,597994,597995,1,0
597994,597994,597995,1,0
597994,597994,597995,1,0
597994,597994,597995,1,0
597994,597994,597995,1,0
597994,597994,597995,1,0
597994,597994,597995,1,0
597994,597994,597995,1,0
597994,597994,597995,1,0
597994,597994,597995,1,0
597994,597994,597995,1,0
597994,597994,597995,1,0
597994,597994,597995,1,0
597994,597994,597995,1,0
597994,597994,597995,1,0
597994,597994,597995,1,0
597994,597994,597995,1,0
597994,597994,597995,1,0
597994,597994,597995,1,0
597994,597994,597995,1,0
597994,597994,597995,1,0
597994,597994,597996,2,0
597994,597994,597996,2,0
597994,597994,597995,1,0
597994,597994,597995,1,0
597994,597994,597995,1,0
597994,597994,597995,1,0
597994,597994,597995,1,0
597994,597994,597996,2,0
597994,597994,597996,2,0
597994,597994,597996,2,0
597994,597994,597996,2,0
597994,597994,597996,2,0
597994,597994,597995,1,0
597994,597994,597996,2,0
597994,597994,597996,2,0
597994,597994,597996,2,0
597994,597994,597997,3,0
597994,597994,597997,3,0
597994,597994,597998,4,0
597994,597994,597998,4,0
597994,597994,597998,4,0
597994,597994,597997,3,0
597994,597994,597998,4,0
597994,597994,597998,4,0
597994,597994,597998,4,0
598013,598013,598014,1,0
598013,598013,598014,1,0
598013,598013,598014,1,0
598013,598013,598014,1,0
598013,598013,598014,1,0
598013,598013,598014,1,0
598013,598013,598014,1,0
598013,598013,598014,1,0
598013,598013,598014,1,0
598013,598013,598014,1,0
598013,598013,598014,1,0
598013,598013,598014,1,0
598013,598013,598014,1,0
598013,598013,598014,1,0
598013,598013,598014,1,0
598013,598013,598014,1,0
598013,598013,598014,1,0
598013,598013,598014,1,0
598013,598013,598014,1,0
598013,598013,598014,1,0
598013,598013,598014,1,0
598013,598013,598014,1,0
598013,598013,598014,1,0
598013,598013,598014,1,0
598013,598013,598014,1,0
598013,598013,598014,1,0
598013,598013,598014,1,0
598013,598013,598014,1,0
598013,598013,598014,1,0
598013,598013,598014,1,0
598013,598013,598014,1,0
598013,598013,598014,1,0
598013,598013,598014,1,0
598013,598013,598014,1,0
598013,598013,598014,1,0
598013,598013,598014,1,0
597203,597203,598015,812,0
598013,598013,598015,2,0
598013,598013,598015,2,0
598013,598013,598015,2,0
598013,598013,598014,1,0
598013,598013,598014,1,0
598013,598013,598014,1,0
598013,598013,598016,3,0
598013,598013,598016,3,0
598013,598013,598016,3,0
598015,598016,598017,1,1
598015,598016,598017,1,1
598015,598016,598017,1,1
598015,598016,598017,1,1
598015,598016,598017,1,1
598015,598016,598017,1,1
598015,598016,598017,1,1
598013,598013,598016,3,0
598013,598013,598016,3,0
598013,598013,598017,4,0
598013,598013,598017,4,0
598015,598016,598017,1,1
598015,598016,598018,2,1
598015,598016,598017,1,1
598015,598016,598017,1,1
598015,598016,598017,1,1
598015,598016,598017,1,1
598015,598016,598017,1,1
598015,598016,598018,2,1
598015,598016,598017,1,1
598015,598016,598017,1,1
598015,598016,598017,1,1
598015,598016,598017,1,1
598015,598016,598017,1,1
598015,598016,598017,1,1
598015,598016,598017,1,1
598015,598016,598018,2,1
598015,598016,598017,1,1
598015,598016,598017,1,1
598015,598016,598018,2,1
598015,598016,598017,1,1
598015,598016,598017,1,1
598015,598016,598017,1,1
598015,598016,598017,1,1
598015,598016,598017,1,1
598015,598016,598017,1,1
598015,598016,598017,1,1
598015,598016,598017,1,1
598015,598016,598017,1,1
598015,598016,598018,2,1
598015,598016,598018,2,1
598015,598016,598018,2,1
598015,598016,598018,2,1
598015,598016,598018,2,1
598015,598016,598018,2,1
598015,598016,598017,1,1
598015,598016,598017,1,1
598015,598016,598018,2,1
598015,598016,598021,5,1
598015,598016,598026,10,1
598026,598026,598027,1,0
598026,598026,598027,1,0
598026,598026,598027,1,0
598026,598026,598027,1,0
598026,598026,598027,1,0
598026,598026,598027,1,0
598026,598026,598027,1,0
598026,598026,598027,1,0
598026,598026,598027,1,0
598026,598026,598027,1,0
598026,598026,598027,1,0
598026,598026,598027,1,0
598026,598026,598027,1,0
598026,598026,598027,1,0
598026,598026,598027,1,0
598026,598026,598027,1,0
598026,598026,598027,1,0
598026,598026,598027,1,0
598026,598026,598027,1,0
598026,598026,598027,1,0
598026,598026,598027,1,0
598026,598026,598027,1,0
598026,598026,598027,1,0
598026,598026,598027,1,0
598026,598026,598027,1,0
598026,598026,598027,1,0
598026,598026,598027,1,0
598026,598026,598027,1,0
598026,598026,598027,1,0
598026,598026,598027,1,0
598026,598026,598027,1,0
598026,598026,598027,1,0
598026,598026,598027,1,0
598026,598026,598027,1,0
598026,598026,598027,1,0
598026,598026,598027,1,0
598026,598026,598027,1,0
598026,598026,598027,1,0
598026,598026,598027,1,0
598026,598026,598027,1,0
598026,598026,598027,1,0
598026,598026,598027,1,0
598026,598026,598028,2,0
598026,598026,598028,2,0
598026,598026,598028,2,0
598026,598026,598028,2,0
598026,598026,598028,2,0
598026,598026,598027,1,0
598026,598026,598028,2,0
597212,597212,598028,816,0
598026,598026,598029,3,0
597226,597226,598030,804,0
598036,598036,598037,1,0
598036,598036,598037,1,0
598036,598036,598037,1,0
598036,598036,598037,1,0
598036,598036,598037,1,0
598036,598036,598037,1,0
598036,598036,598037,1,0
598036,598036,598037,1,0
598036,598036,598037,1,0
598036,598036,598037,1,0
598036,598036,598037,1,0
598036,598036,598037,1,0
598036,598036,598037,1,0
598036,598036,598037,1,0
598036,598036,598037,1,0
598036,598036,598037,1,0
598036,598036,598037,1,0
598036,598036,598037,1,0
598036,598036,598037,1,0
598036,598036,598037,1,0
598036,598036,598037,1,0
598036,598036,598037,1,0
598036,598036,598037,1,0
598036,598036,598037,1,0
598036,598036,598037,1,0
598036,598036,598037,1,0
598036,598036,598037,1,0
598036,598036,598037,1,0
598036,598036,598037,1,0
598036,598036,598037,1,0
598036,598036,598037,1,0
598036,598036,598037,1,0
598036,598036,598037,1,0
598036,598036,598037,1,0
598036,598036,598037,1,0
598036,598036,598037,1,0
598036,598036,598037,1,0
598036,598036,598038,2,0
598036,598036,598037,1,0
598036,598036,598037,1,0
598036,598036,598037,1,0
598036,598036,598037,1,0
598036,598036,598037,1,0
598036,598036,598037,1,0
598036,598036,598038,2,0
598038,598038,598039,1,0
598038,598038,598039,1,0
598038,598038,598039,1,0
598038,598038,598039,1,0
598038,598038,598039,1,0
598038,598038,598039,1,0
598038,598038,598039,1,0
598038,598038,598039,1,0
598038,598038,598039,1,0
598038,598038,598039,1,0
598038,598038,598039,1,0
598038,598038,598039,1,0
598038,598038,598039,1,0
598038,598038,598039,1,0
598038,598038,598039,1,0
598038,598038,598039,1,0
598038,598038,598039,1,0
598038,598038,598039,1,0
598038,598038,598039,1,0
598038,598038,598039,1,0
598038,598038,598039,1,0
598038,598038,598039,1,0
598038,598039,598040,1,1
598038,598039,598040,1,1
598038,598039,598040,1,1
598038,598039,598040,1,1
598038,598039,598040,1,1
598038,598039,598040,1,1
598038,598039,598040,1,1
598038,598038,598040,2,0
598038,598038,598039,1,0
598038,598038,598039,1,0
598038,598038,598040,2,0
598038,598038,598039,1,0
598038,598038,598040,2,0
598038,598038,598039,1,0
598038,598039,598040,1,1
598038,598039,598040,1,1
598038,598039,598040,1,1
598038,598039,598040,1,1
598038,598038,598039,1,0
598038,598038,598039,1,0
598038,598038,598039,1,0
598038,598038,598039,1,0
598038,598038,598040,2,0
598038,598038,598039,1,0
598038,598038,598039,1,0
598038,598038,598039,1,0
598038,598038,598040,2,0
598038,598038,598040,2,0
598038,598038,598040,2,0
598038,598038,598039,1,0
598038,598038,598039,1,0
598038,598038,598039,1,0
598038,598038,598039,1,0
598038,598038,598040,2,0
598038,598039,598040,1,1
598038,598039,598040,1,1
598038,598039,598040,1,1
598038,598039,598040,1,1
598038,598039,598040,1,1
598038,598039,598040,1,1
598048,598048,598049,1,0
598048,598048,598049,1,0
598048,598048,598049,1,0
598048,598048,598049,1,0
598048,598048,598049,1,0
598048,598048,598049,1,0
598048,598048,598049,1,0
598048,598048,598049,1,0
598048,598048,598049,1,0
598055,598055,598056,1,0
598055,598055,598056,1,0
598055,598055,598056,1,0
598055,598055,598056,1,0
598055,598055,598056,1,0
598055,598055,598056,1,0
598055,598055,598056,1,0
598055,598055,598056,1,0
598055,598055,598056,1,0
598055,598055,598056,1,0
598055,598055,598056,1,0
598055,598055,598056,1,0
598055,598055,598056,1,0
598055,598055,598056,1,0
598055,598055,598056,1,0
598055,598055,598056,1,0
598055,598055,598056,1,0
598055,598055,598056,1,0
598055,598055,598056,1,0
598055,598055,598056,1,0
598055,598055,598056,1,0
598055,598055,598056,1,0
598055,598055,598056,1,0
598055,598055,598056,1,0
598055,598055,598056,1,0
598055,598055,598056,1,0
598055,598055,598056,1,0
598055,598055,598056,1,0
598055,598055,598056,1,0
598055,598055,598056,1,0
598055,598055,598056,1,0
598055,598055,598056,1,0
598055,598055,598056,1,0
598055,598055,598056,1,0
598055,598055,598056,1,0
598055,598055,598056,1,0
598055,598055,598056,1,0
598055,598055,598056,1,0
598055,598055,598056,1,0
598055,598055,598056,1,0
598055,598055,598056,1,0
598055,598055,598056,1,0
598055,598055,598056,1,0
598055,598055,598056,1,0
598055,598055,598056,1,0
598055,598055,598056,1,0
598055,598055,598056,1,0
598055,598055,598056,1,0
598055,598055,598056,1,0
598055,598055,598056,1,0
598036,598057,598058,1,21
598036,598057,598058,1,21
598036,598057,598058,1,21
597264,597265,598058,793,1
598036,598057,598059,2,21
598036,598057,598058,1,21
598059,598059,598060,1,0
598059,598059,598060,1,0
598059,598059,598060,1,0
598059,598059,598060,1,0
598059,598059,598060,1,0
598059,598059,598060,1,0
598059,598059,598060,1,0
598059,598059,598060,1,0
598059,598059,598060,1,0
598059,598059,598060,1,0
598059,598059,598060,1,0
598059,598059,598060,1,0
598059,598059,598060,1,0
598059,598059,598060,1,0
598059,598059,598060,1,0
598059,598059,598060,1,0
598059,598059,598060,1,0
598059,598059,598060,1,0
598059,598059,598060,1,0
598059,598059,598060,1,0
598059,598059,598060,1,0
598059,598059,598060,1,0
598059,598059,598060,1,0
598059,598059,598060,1,0
598059,598059,598060,1,0
597944,597988,598061,73,44
598059,598059,598060,1,0
598059,598059,598060,1,0
598059,598060,598061,1,1
598059,598060,598061,1,1
598059,598060,598061,1,1
598059,598060,598061,1,1
598059,598060,598061,1,1
598059,598059,598060,1,0
598059,598059,598061,2,0
598059,598059,598061,2,0
598059,598059,598061,2,0
598059,598059,598060,1,0
598059,598059,598060,1,0
598059,598059,598060,1,0
598059,598059,598061,2,0
598059,598059,598061,2,0
598059,598059,598060,1,0
598059,598059,598061,2,0
598059,598059,598061,2,0
598059,598059,598060,1,0
598059,598059,598061,2,0
598059,598059,598060,1,0
598059,598059,598061,2,0
598059,598059,598061,2,0
598059,598059,598062,3,0
598064,598064,598065,1,0
598064,598064,598065,1,0
598064,598064,598065,1,0
598064,598064,598065,1,0
598064,598064,598065,1,0
598064,598064,598065,1,0
598064,598064,598065,1,0
598064,598064,598065,1,0
598064,598064,598065,1,0
598064,598064,598065,1,0
598064,598064,598065,1,0
598059,598062,598068,6,3
598073,598073,598074,1,0
598073,598073,598074,1,0
598073,598073,598074,1,0
598073,598073,598074,1,0
598073,598073,598074,1,0
598073,598073,598074,1,0
598073,598073,598074,1,0
598073,598073,598074,1,0
598073,598073,598074,1,0
598073,598073,598074,1,0
598073,598073,598074,1,0
598073,598073,598074,1,0
598073,598073,598074,1,0
598073,598073,598074,1,0
598073,598073,598074,1,0
598073,598073,598074,1,0
598073,598073,598074,1,0
598073,598073,598074,1,0
598073,598073,598074,1,0
598073,598073,598074,1,0
598064,598072,598079,7,8
598078,598080,598086,6,2
597312,597312,598102,790,0
598104,598104,598105,1,0
598104,598104,598105,1,0
598104,598104,598105,1,0
598104,598104,598105,1,0
598104,598104,598105,1,0
598104,598104,598105,1,0
598104,598104,598105,1,0
598104,598104,598105,1,0
598104,598104,598105,1,0
598104,598104,598105,1,0
598104,598104,598105,1,0
598104,598104,598105,1,0
598104,598104,598105,1,0
598104,598104,598105,1,0
598104,598104,598105,1,0
598104,598104,598105,1,0
598104,598104,598105,1,0
598104,598104,598105,1,0
598104,598104,598105,1,0
598104,598104,598105,1,0
598104,598104,598105,1,0
598104,598104,598105,1,0
598104,598104,598105,1,0
598104,598104,598105,1,0
598104,598104,598106,2,0
598104,598104,598105,1,0
598104,598104,598105,1,0
598104,598104,598105,1,0
598104,598104,598105,1,0
598104,598104,598105,1,0
598104,598104,598105,1,0
598104,598104,598105,1,0
598104,598104,598105,1,0
598104,598104,598105,1,0
598104,598104,598105,1,0
598104,598104,598105,1,0
598104,598104,598105,1,0
598104,598104,598106,2,0
598104,598104,598105,1,0
598104,598104,598105,1,0
598104,598104,598105,1,0
598104,598104,598105,1,0
598104,598104,598106,2,0
598104,598104,598106,2,0
598104,598104,598106,2,0
598104,598104,598106,2,0
598104,598104,598106,2,0
598104,598104,598106,2,0
598104,598104,598106,2,0
598104,598104,598107,3,0
597328,597329,598113,784,1
597285,597285,598113,828,0
597298,597298,598114,816,0
598115,598116,598117,1,1
598115,598116,598117,1,1
598115,598116,598117,1,1
598115,598116,598117,1,1
598115,598116,598117,1,1
598115,598116,598117,1,1
598115,598116,598117,1,1
598115,598116,598117,1,1
598115,598116,598117,1,1
598115,598116,598117,1,1
598115,598116,598117,1,1
598115,598116,598117,1,1
598115,598116,598117,1,1
598115,598116,598117,1,1
598115,598116,598117,1,1
598115,598116,598117,1,1
598115,598116,598117,1,1
598115,598116,598117,1,1
598115,598116,598117,1,1
598115,598116,598117,1,1
598115,598116,598117,1,1
598115,598116,598117,1,1
598115,598116,598117,1,1
598115,598116,598117,1,1
598115,598116,598117,1,1
598115,598116,598117,1,1
598115,598116,598117,1,1
598115,598116,598117,1,1
598115,598116,598117,1,1
598116,598117,598118,1,1
598116,598116,598117,1,0
598116,598116,598117,1,0
598116,598117,598118,1,1
598116,598117,598118,1,1
598115,598116,598117,1,1
598115,598116,598117,1,1
598116,598116,598117,1,0
598116,598117,598118,1,1
598115,598116,598117,1,1
598116,598116,598117,1,0
598116,598116,598117,1,0
598116,598117,598118,1,1
598116,598117,598118,1,1
598115,598116,598117,1,1
598116,598117,598118,1,1
598115,598116,598117,1,1
598116,598116,598117,1,0
598116,598117,598118,1,1
598116,598116,598117,1,0
598116,598116,598117,1,0
598116,598116,598117,1,0
598116,598117,598118,1,1
598116,598117,598118,1,1
598116,598117,598118,1,1
598116,598117,598118,1,1
598116,598116,598117,1,0
598116,598116,598117,1,0
598116,598116,598117,1,0
598116,598117,598118,1,1
598116,598117,598118,1,1
598116,598117,598118,1,1
598116,598117,598118,1,1
598116,598117,598118,1,1
598116,598116,598118,2,0
598116,598118,598119,1,2
598118,598118,598119,1,0
598116,598118,598119,1,2
598116,598118,598119,1,2
598118,598118,598119,1,0
598118,598118,598119,1,0
598116,598117,598118,1,1
598116,598117,598118,1,1
598118,598118,598119,1,0
598118,598118,598119,1,0
598116,598117,598118,1,1
598118,598118,598119,1,0
598118,598118,598119,1,0
598116,598117,598119,2,1
598118,598118,598119,1,0
598118,598118,598119,1,0
598118,598118,598119,1,0
598116,598117,598119,2,1
598118,598118,598119,1,0
598118,598118,598119,1,0
598116,598117,598118,1,1
598116,598117,598118,1,1
598118,598118,598119,1,0
598118,598118,598119,1,0
598118,598118,598119,1,0
598118,598118,598119,1,0
598118,598118,598119,1,0
598118,598118,598119,1,0
598118,598118,598119,1,0
598118,598118,598119,1,0
598118,598118,598119,1,0
598118,598118,598119,1,0
598118,598118,598119,1,0
598118,598118,598119,1,0
598118,598118,598119,1,0
598118,598118,598119,1,0
598118,598118,598119,1,0
598118,598118,598119,1,0
598118,598118,598119,1,0
598118,598118,598119,1,0
598118,598118,598119,1,0
598118,598118,598119,1,0
598118,598118,598119,1,0
598118,598118,598119,1,0
598118,598118,598119,1,0
598118,598118,598119,1,0
598118,598118,598119,1,0
598118,598119,598120,1,1
598118,598119,598120,1,1
598118,598119,598120,1,1
598118,598119,598120,1,1
598116,598117,598120,3,1
598116,598117,598120,3,1
598118,598118,598119,1,0
598116,598117,598120,3,1
598116,598117,598120,3,1
598116,598117,598120,3,1
598118,598118,598119,1,0
598118,598118,598119,1,0
598118,598118,598119,1,0
598116,598117,598120,3,1
598118,598118,598119,1,0
598116,598117,598120,3,1
598116,598117,598119,2,1
597349,597349,598154,805,0
598154,598155,598156,1,1
598154,598155,598156,1,1
598154,598155,598156,1,1
598154,598155,598156,1,1
598154,598155,598156,1,1
598154,598155,598156,1,1
598154,598155,598157,2,1
598154,598155,598156,1,1
598154,598155,598156,1,1
598154,598155,598156,1,1
598154,598155,598156,1,1
598154,598155,598156,1,1
598154,598155,598156,1,1
598154,598155,598156,1,1
598154,598155,598156,1,1
598154,598155,598156,1,1
598154,598155,598156,1,1
598154,598155,598157,2,1
598154,598155,598156,1,1
598154,598155,598156,1,1
598154,598155,598156,1,1
598154,598155,598156,1,1
598154,598155,598156,1,1
598154,598155,598156,1,1
598154,598155,598156,1,1
598154,598155,598156,1,1
598154,598155,598156,1,1
598154,598155,598156,1,1
598154,598155,598156,1,1
598154,598155,598156,1,1
598154,598155,598156,1,1
598154,598155,598156,1,1
598154,598155,598156,1,1
598154,598155,598156,1,1
598154,598155,598157,2,1
598154,598155,598158,3,1
598154,598155,598158,3,1
598154,598155,598158,3,1
598154,598155,598158,3,1
598154,598155,598158,3,1
598154,598155,598158,3,1
598181,598181,598182,1,0
598181,598181,598182,1,0
598154,598155,598157,2,1
598181,598181,598182,1,0
598181,598181,598182,1,0
598181,598181,598182,1,0
598181,598181,598182,1,0
598181,598181,598182,1,0
598181,598181,598182,1,0
598181,598181,598182,1,0
598181,598181,598182,1,0
598181,598181,598182,1,0
598181,598181,598182,1,0
598181,598181,598182,1,0
598181,598181,598182,1,0
598181,598181,598182,1,0
598181,598181,598182,1,0
598181,598181,598182,1,0
598181,598181,598183,2,0
598181,598181,598183,2,0
598181,598181,598182,1,0
598181,598181,598182,1,0
598181,598181,598182,1,0
598181,598181,598182,1,0
598181,598181,598182,1,0
598181,598181,598182,1,0
598181,598181,598182,1,0
598181,598181,598182,1,0
598181,598181,598183,2,0
598181,598181,598182,1,0
598181,598181,598182,1,0
597363,597363,598183,820,0
598181,598181,598184,3,0
598181,598181,598184,3,0
598181,598181,598184,3,0
598181,598181,598184,3,0
598181,598181,598185,4,0
598181,598181,598185,4,0
598181,598181,598185,4,0
598181,598181,598185,4,0
598186,598186,598187,1,0
598186,598186,598187,1,0
598186,598186,598187,1,0
598186,598186,598187,1,0
598186,598186,598187,1,0
598186,598186,598187,1,0
598186,598186,598187,1,0
598186,598186,598188,2,0
598186,598186,598188,2,0
598186,598186,598187,1,0
598186,598186,598188,2,0
598186,598186,598187,1,0
598186,598186,598187,1,0
598186,598186,598187,1,0
598186,598186,598187,1,0
598186,598186,598187,1,0
598186,598186,598188,2,0
598186,598186,598187,1,0
598186,598186,598187,1,0
598186,598186,598187,1,0
598186,598186,598188,2,0
598186,598186,598187,1,0
598186,598186,598187,1,0
598186,598186,598188,2,0
598186,598186,598188,2,0
598186,598186,598187,1,0
598186,598186,598187,1,0
598186,598186,598187,1,0
598186,598186,598187,1,0
598186,598186,598187,1,0
598186,598186,598187,1,0
598186,598186,598187,1,0
598186,598186,598187,1,0
598186,598187,598188,1,1
598186,598187,598188,1,1
598186,598187,598188,1,1
598186,598186,598187,1,0
598154,598187,598188,1,33
598154,598187,598188,1,33
598186,598186,598188,2,0
598186,598186,598189,3,0
598186,598186,598189,3,0
598186,598186,598189,3,0
598186,598186,598189,3,0
598186,598186,598189,3,0
598186,598186,598189,3,0
598186,598186,598189,3,0
598154,598187,598190,3,33
598186,598186,598189,3,0
598186,598187,598190,3,1
598203,598203,598204,1,0
598203,598203,598204,1,0
598203,598203,598204,1,0
598203,598203,598204,1,0
598203,598203,598204,1,0
598203,598203,598204,1,0
598203,598203,598204,1,0
598203,598203,598204,1,0
598203,598203,598204,1,0
598203,598203,598204,1,0
598203,598203,598204,1,0
598203,598203,598204,1,0
598203,598203,598204,1,0
598203,598203,598204,1,0
598203,598203,598204,1,0
598203,598203,598204,1,0
598203,598203,598205,2,0
598203,598203,598204,1,0
598203,598203,598205,2,0
598203,598203,598205,2,0
598203,598203,598204,1,0
598203,598203,598204,1,0
598203,598203,598205,2,0
598203,598203,598204,1,0
598203,598203,598204,1,0
598203,598203,598206,3,0
598203,598203,598205,2,0
598203,598203,598205,2,0
598203,598203,598206,3,0
598203,598203,598206,3,0
598203,598203,598206,3,0
598203,598203,598206,3,0
598203,598203,598206,3,0
598203,598203,598207,4,0
598203,598203,598206,3,0
598203,598203,598207,4,0
598203,598203,598207,4,0
598203,598203,598207,4,0
598221,598221,598222,1,0
598221,598221,598222,1,0
598221,598221,598222,1,0
598221,598221,598222,1,0
598221,598221,598222,1,0
598221,598221,598222,1,0
598221,598221,598222,1,0
598221,598221,598222,1,0
598221,598221,598222,1,0
598221,598221,598222,1,0
598221,598221,598222,1,0
598221,598221,598222,1,0
598221,598221,598222,1,0
598221,598221,598222,1,0
598221,598221,598222,1,0
598221,598221,598222,1,0
598221,598221,598222,1,0
598221,598221,598222,1,0
598221,598221,598222,1,0
598221,598221,598222,1,0
598221,598221,598222,1,0
598221,598221,598222,1,0
598221,598221,598223,2,0
598221,598221,598223,2,0
598221,598221,598222,1,0
598221,598221,598222,1,0
598221,598221,598222,1,0
598221,598221,598223,2,0
598221,598221,598222,1,0
598221,598221,598223,2,0
598221,598221,598222,1,0
598221,598221,598223,2,0
598221,598221,598222,1,0
598221,598221,598222,1,0
598221,598221,598222,1,0
598221,598221,598222,1,0
598221,598221,598223,2,0
598221,598221,598224,3,0
598221,598221,598223,2,0
598221,598221,598224,3,0
598221,598221,598224,3,0
598221,598221,598224,3,0
598221,598221,598225,4,0
598221,598221,598224,3,0
598221,598221,598225,4,0
598221,598221,598226,5,0
598221,598221,598225,4,0
598221,598221,598225,4,0
598235,598235,598236,1,0
598235,598235,598236,1,0
598235,598235,598236,1,0
598235,598235,598236,1,0
598235,598235,598236,1,0
598235,598235,598236,1,0
598235,598235,598236,1,0
598235,598235,598236,1,0
598235,598235,598236,1,0
598235,598235,598236,1,0
598235,598235,598237,2,0
598235,598235,598236,1,0
598235,598235,598237,2,0
598235,598235,598236,1,0
598235,598235,598237,2,0
598235,598235,598236,1,0
598235,598235,598238,3,0
598235,598235,598238,3,0
598235,598235,598237,2,0
598235,598235,598238,3,0
598235,598235,598238,3,0
598235,598235,598238,3,0
598235,598235,598239,4,0
598235,598235,598239,4,0
598235,598235,598239,4,0
598247,598247,598248,1,0
598247,598247,598248,1,0
598247,598247,598248,1,0
598247,598247,598248,1,0
598247,598247,598248,1,0
598247,598247,598248,1,0
598247,598247,598248,1,0
598247,598247,598248,1,0
598247,598247,598248,1,0
598247,598247,598248,1,0
598247,598247,598248,1,0
598247,598247,598248,1,0
598247,598247,598248,1,0
598247,598247,598248,1,0
598247,598247,598248,1,0
598247,598247,598248,1,0
598247,598247,598248,1,0
598247,598247,598248,1,0
598247,598247,598248,1,0
598247,598247,598248,1,0
598247,598247,598248,1,0
598247,598247,598248,1,0
598247,598247,598248,1,0
598247,598247,598248,1,0
598247,598247,598248,1,0
598247,598247,598248,1,0
598247,598247,598248,1,0
598247,598247,598248,1,0
598247,598247,598248,1,0
598247,598247,598248,1,0
598247,598247,598248,1,0
598247,598247,598248,1,0
598247,598247,598248,1,0
598247,598247,598248,1,0
598247,598247,598248,1,0
598247,598247,598248,1,0
598247,598247,598249,2,0
598247,598247,598248,1,0
598247,598247,598249,2,0
598247,598247,598249,2,0
598247,598247,598248,1,0
598247,598247,598250,3,0
598247,598247,598250,3,0
598247,598247,598250,3,0
598247,598247,598250,3,0
598247,598247,598250,3,0
598247,598247,598251,4,0
598247,598247,598251,4,0
598261,598261,598262,1,0
598261,598261,598262,1,0
598261,598261,598262,1,0
598261,598261,598262,1,0
598261,598261,598262,1,0
598261,598261,598262,1,0
598261,598261,598262,1,0
598261,598261,598262,1,0
598261,598261,598262,1,0
598261,598261,598262,1,0
598261,598261,598262,1,0
598261,598261,598262,1,0
598261,598261,598262,1,0
598261,598261,598262,1,0
598261,598261,598262,1,0
598261,598261,598262,1,0
598261,598261,598262,1,0
598261,598261,598262,1,0
598261,598261,598262,1,0
598261,598261,598262,1,0
598261,598261,598262,1,0
598261,598261,598262,1,0
598261,598261,598262,1,0
598261,598261,598262,1,0
598261,598261,598262,1,0
598261,598261,598262,1,0
598261,598261,598262,1,0
598261,598261,598262,1,0
598261,598261,598262,1,0
598261,598261,598262,1,0
598261,598261,598262,1,0
598261,598261,598262,1,0
598261,598261,598262,1,0
598261,598261,598262,1,0
598261,598261,598262,1,0
598261,598261,598262,1,0
598261,598261,598262,1,0
598261,598261,598262,1,0
598261,598261,598262,1,0
598261,598261,598263,2,0
598261,598261,598262,1,0
598261,598261,598262,1,0
598261,598261,598263,2,0
598261,598261,598263,2,0
598261,598261,598262,1,0
598261,598261,598262,1,0
598261,598261,598262,1,0
598261,598261,598262,1,0
598261,598261,598263,2,0
598261,598261,598264,3,0
598273,598273,598274,1,0
598273,598273,598274,1,0
598273,598273,598274,1,0
598273,598273,598274,1,0
598273,598273,598274,1,0
598273,598273,598274,1,0
598273,598273,598274,1,0
598273,598273,598274,1,0
598273,598273,598274,1,0
598273,598273,598274,1,0
598273,598273,598274,1,0
598273,598273,598274,1,0
598273,598273,598274,1,0
598273,598273,598274,1,0
598273,598273,598274,1,0
598273,598273,598274,1,0
598273,598273,598274,1,0
598273,598273,598274,1,0
598273,598273,598274,1,0
598273,598273,598274,1,0
598273,598273,598274,1,0
598273,598273,598274,1,0
598273,598273,598274,1,0
598273,598273,598274,1,0
598273,598273,598274,1,0
598273,598273,598274,1,0
598273,598273,598274,1,0
598273,598273,598274,1,0
598273,598273,598274,1,0
598273,598273,598274,1,0
598273,598273,598274,1,0
598273,598273,598274,1,0
598273,598273,598274,1,0
598273,598273,598274,1,0
598273,598273,598274,1,0
598273,598273,598274,1,0
598273,598273,598274,1,0
598273,598273,598275,2,0
598273,598273,598274,1,0
598273,598273,598275,2,0
598273,598273,598274,1,0
598283,598283,598284,1,0
598283,598283,598284,1,0
598283,598283,598284,1,0
598283,598283,598284,1,0
598283,598283,598284,1,0
598283,598283,598284,1,0
598283,598283,598284,1,0
598283,598283,598284,1,0
598283,598283,598284,1,0
598283,598283,598284,1,0
598283,598283,598284,1,0
598283,598283,598284,1,0
598283,598283,598284,1,0
598283,598283,598284,1,0
598283,598283,598284,1,0
598283,598283,598284,1,0
598283,598283,598284,1,0
598283,598283,598284,1,0
598283,598283,598284,1,0
598283,598283,598284,1,0
598283,598283,598284,1,0
598283,598283,598284,1,0
598283,598283,598284,1,0
598283,598283,598284,1,0
598283,598283,598284,1,0
598283,598283,598284,1,0
598283,598283,598284,1,0
598283,598283,598284,1,0
598283,598283,598284,1,0
598283,598283,598284,1,0
598283,598283,598284,1,0
598283,598283,598284,1,0
598283,598283,598284,1,0
598283,598283,598284,1,0
598283,598283,598284,1,0
598283,598283,598284,1,0
598283,598283,598284,1,0
598283,598283,598284,1,0
598283,598283,598284,1,0
598283,598283,598284,1,0
598283,598283,598284,1,0
598283,598283,598284,1,0
598283,598283,598284,1,0
598283,598283,598284,1,0
598283,598283,598284,1,0
598283,598283,598284,1,0
598283,598283,598284,1,0
598283,598283,598284,1,0
598283,598283,598284,1,0
598292,598292,598293,1,0
598292,598292,598293,1,0
598292,598292,598293,1,0
598292,598292,598293,1,0
598292,598292,598293,1,0
598292,598292,598293,1,0
598292,598292,598293,1,0
598292,598292,598293,1,0
598292,598292,598293,1,0
598292,598292,598293,1,0
598292,598292,598293,1,0
598292,598292,598293,1,0
598292,598292,598293,1,0
598292,598292,598293,1,0
598292,598292,598293,1,0
598292,598292,598293,1,0
598292,598292,598293,1,0
598292,598292,598293,1,0
598292,598292,598293,1,0
598292,598292,598293,1,0
598292,598292,598293,1,0
598292,598292,598293,1,0
598292,598292,598293,1,0
598292,598292,598293,1,0
598292,598292,598293,1,0
598292,598292,598293,1,0
598292,598292,598293,1,0
598292,598292,598293,1,0
598292,598292,598293,1,0
598292,598292,598293,1,0
598292,598292,598293,1,0
598292,598292,598293,1,0
598292,598292,598293,1,0
598292,598292,598293,1,0
598292,598292,598293,1,0
598292,598292,598293,1,0
598292,598292,598293,1,0
598302,598302,598303,1,0
598302,598302,598303,1,0
598302,598302,598303,1,0
598302,598302,598303,1,0
598302,598302,598303,1,0
598302,598302,598303,1,0
598302,598302,598303,1,0
598302,598302,598303,1,0
598302,598302,598303,1,0
598302,598302,598303,1,0
598302,598302,598303,1,0
598302,598302,598303,1,0
598302,598302,598303,1,0
598302,598302,598303,1,0
598302,598302,598303,1,0
598302,598302,598303,1,0
598302,598302,598303,1,0
598302,598302,598303,1,0
598302,598302,598303,1,0
598302,598302,598303,1,0
598302,598302,598303,1,0
598302,598302,598303,1,0
598302,598302,598303,1,0
598302,598302,598303,1,0
598302,598302,598303,1,0
598302,598302,598303,1,0
598302,598302,598303,1,0
598302,598302,598303,1,0
598302,598302,598303,1,0
598310,598310,598311,1,0
598310,598310,598311,1,0
598310,598310,598311,1,0
598310,598310,598311,1,0
598310,598310,598311,1,0
598310,598310,598311,1,0
598310,598310,598311,1,0
598310,598310,598311,1,0
598310,598310,598311,1,0
598310,598310,598311,1,0
598310,598310,598311,1,0
598310,598310,598311,1,0
598310,598310,598311,1,0
598310,598310,598311,1,0
598310,598310,598311,1,0
598310,598310,598311,1,0
598310,598310,598311,1,0
598310,598310,598311,1,0
598310,598310,598311,1,0
598310,598310,598311,1,0
598310,598310,598311,1,0
598310,598310,598311,1,0
598310,598310,598311,1,0
598310,598310,598311,1,0
598310,598310,598311,1,0
598310,598310,598311,1,0
598310,598310,598311,1,0
598310,598310,598311,1,0
598310,598310,598311,1,0
598310,598310,598311,1,0
598310,598310,598311,1,0
598310,598310,598311,1,0
598310,598310,598311,1,0
598310,598310,598311,1,0
598310,598310,598311,1,0
598310,598310,598311,1,0
598310,598310,598311,1,0
598310,598310,598311,1,0
598310,598310,598311,1,0
598310,598310,598311,1,0
598310,598310,598311,1,0
598310,598310,598311,1,0
598310,598310,598311,1,0
598310,598310,598311,1,0
598310,598310,598311,1,0
598310,598310,598311,1,0
598310,598310,598311,1,0
598310,598310,598311,1,0
598310,598310,598311,1,0
598310,598310,598311,1,0
598386,598387,598388,1,1
598386,598387,598388,1,1
598386,598387,598388,1,1
598386,598387,598388,1,1
598386,598387,598388,1,1
598386,598387,598388,1,1
598386,598387,598388,1,1
598386,598387,598389,2,1
598386,598387,598388,1,1
598386,598387,598388,1,1
598386,598387,598388,1,1
598386,598387,598388,1,1
598386,598387,598388,1,1
598386,598387,598389,2,1
598386,598387,598390,3,1
598386,598387,598389,2,1
598386,598387,598390,3,1
598386,598387,598390,3,1
598386,598387,598390,3,1
598386,598387,598390,3,1
598386,598387,598390,3,1
598386,598387,598391,4,1
598386,598387,598391,4,1
598403,598403,598404,1,0
598403,598403,598404,1,0
598403,598403,598404,1,0
598403,598403,598404,1,0
598403,598403,598404,1,0
598403,598403,598404,1,0
598403,598403,598404,1,0
598403,598403,598404,1,0
598403,598403,598404,1,0
598403,598403,598404,1,0
598403,598403,598404,1,0
598403,598403,598404,1,0
598403,598403,598404,1,0
598403,598403,598404,1,0
598403,598403,598404,1,0
598403,598403,598404,1,0
598403,598403,598404,1,0
598403,598403,598404,1,0
598403,598403,598404,1,0
598403,598403,598404,1,0
598403,598403,598404,1,0
598403,598403,598404,1,0
598403,598403,598404,1,0
598403,598403,598404,1,0
598403,598403,598405,2,0
598403,598403,598405,2,0
598403,598403,598405,2,0
598403,598403,598404,1,0
598403,598403,598405,2,0
598403,598403,598405,2,0
598403,598403,598405,2,0
598403,598403,598405,2,0
598403,598403,598405,2,0
598403,598403,598405,2,0
598403,598403,598405,2,0
598403,598403,598405,2,0
598403,598403,598405,2,0
598403,598403,598405,2,0
598403,598403,598405,2,0
598403,598403,598406,3,0
598403,598403,598406,3,0
598403,598403,598407,4,0
598403,598403,598407,4,0
598403,598403,598407,4,0
598403,598403,598407,4,0
598403,598403,598407,4,0
598403,598403,598407,4,0
598403,598403,598407,4,0
598403,598403,598408,5,0
598403,598403,598408,5,0
598420,598420,598421,1,0
598420,598420,598421,1,0
598420,598420,598421,1,0
598420,598420,598421,1,0
598420,598420,598421,1,0
598420,598420,598421,1,0
598420,598420,598421,1,0
598420,598420,598421,1,0
598420,598420,598421,1,0
598420,598420,598421,1,0
598420,598420,598421,1,0
598420,598420,598421,1,0
598420,598420,598421,1,0
598420,598420,598421,1,0
598420,598420,598422,2,0
598420,598420,598421,1,0
598420,598420,598422,2,0
598420,598420,598421,1,0
598420,598420,598421,1,0
598420,598420,598421,1,0
598420,598420,598422,2,0
598420,598420,598423,3,0
598420,598420,598422,2,0
598420,598420,598423,3,0
598420,598420,598423,3,0
598420,598420,598423,3,0
598420,598420,598423,3,0
598420,598420,598424,4,0
598420,598420,598424,4,0
598420,598420,598424,4,0
598420,598420,598424,4,0
598420,598420,598424,4,0
598436,598436,598437,1,0
598436,598436,598437,1,0
598436,598436,598437,1,0
598436,598436,598437,1,0
598436,598436,598437,1,0
598436,598436,598437,1,0
598436,598436,598437,1,0
598436,598436,598437,1,0
598436,598436,598437,1,0
598436,598436,598437,1,0
598436,598436,598437,1,0
598436,598436,598437,1,0
598436,598436,598437,1,0
598436,598436,598437,1,0
598436,598436,598437,1,0
598436,598436,598437,1,0
598436,598436,598437,1,0
598436,598436,598437,1,0
598436,598436,598437,1,0
598436,598436,598437,1,0
598436,598436,598437,1,0
598436,598436,598437,1,0
598436,598436,598437,1,0
598436,598436,598437,1,0
598436,598436,598437,1,0
598436,598436,598437,1,0
598436,598436,598437,1,0
598436,598436,598437,1,0
598436,598436,598437,1,0
598436,598436,598437,1,0
598436,598436,598437,1,0
598436,598436,598437,1,0
598436,598436,598437,1,0
598436,598436,598438,2,0
598436,598436,598438,2,0
598436,598436,598437,1,0
598436,598436,598438,2,0
598436,598436,598438,2,0
598436,598436,598438,2,0
598436,598436,598438,2,0
598436,598436,598438,2,0
598436,598436,598439,3,0
598436,598436,598439,3,0
598436,598436,598439,3,0
598436,598436,598440,4,0
598436,598436,598440,4,0
598436,598436,598440,4,0
598436,598436,598440,4,0
598436,598436,598440,4,0
598436,598436,598441,5,0
598449,598449,598450,1,0
598449,598449,598450,1,0
598449,598449,598450,1,0
598449,598449,598450,1,0
598449,598449,598450,1,0
598449,598449,598450,1,0
598449,598449,598450,1,0
598449,598449,598450,1,0
598449,598449,598450,1,0
598449,598449,598450,1,0
598449,598449,598450,1,0
598449,598449,598450,1,0
598449,598449,598450,1,0
598449,598449,598450,1,0
598449,598449,598450,1,0
598449,598449,598450,1,0
598449,598449,598450,1,0
598449,598449,598450,1,0
598449,598449,598450,1,0
598449,598449,598450,1,0
598449,598449,598450,1,0
598449,598449,598450,1,0
598449,598449,598450,1,0
598449,598449,598450,1,0
598449,598449,598450,1,0
598449,598449,598450,1,0
598449,598449,598450,1,0
598449,598449,598450,1,0
598449,598449,598450,1,0
598449,598449,598450,1,0
598449,598449,598450,1,0
598449,598449,598450,1,0
598449,598449,598450,1,0
598449,598449,598450,1,0
598449,598449,598450,1,0
598449,598449,598450,1,0
598449,598449,598450,1,0
598449,598449,598450,1,0
598449,598449,598450,1,0
598449,598449,598451,2,0
598449,598449,598450,1,0
598449,598449,598451,2,0
598449,598449,598451,2,0
598449,598449,598452,3,0
598449,598449,598452,3,0
598449,598449,598452,3,0
598449,598449,598452,3,0
598449,598449,598452,3,0
598449,598449,598453,4,0
598449,598449,598453,4,0
598462,598463,598464,1,1
598462,598463,598464,1,1
598462,598463,598464,1,1
598462,598463,598464,1,1
598462,598463,598464,1,1
598462,598463,598464,1,1
598462,598463,598464,1,1
598462,598463,598464,1,1
598462,598463,598465,2,1
598474,598474,598475,1,0
598474,598474,598475,1,0
598474,598474,598475,1,0
598474,598474,598475,1,0
598474,598474,598475,1,0
598474,598474,598475,1,0
598474,598474,598475,1,0
598474,598474,598475,1,0
598474,598474,598475,1,0
598474,598474,598475,1,0
598474,598474,598475,1,0
598474,598474,598475,1,0
598474,598474,598475,1,0
598474,598474,598475,1,0
598474,598474,598475,1,0
598474,598474,598475,1,0
598474,598474,598475,1,0
598474,598474,598475,1,0
598474,598474,598475,1,0
598474,598474,598475,1,0
598474,598474,598475,1,0
598474,598474,598475,1,0
598474,598474,598475,1,0
598474,598474,598475,1,0
598474,598474,598475,1,0
598474,598474,598475,1,0
598474,598474,598475,1,0
598474,598474,598475,1,0
598474,598474,598475,1,0
598474,598474,598475,1,0
598474,598474,598475,1,0
598474,598474,598475,1,0
598474,598474,598475,1,0
598474,598474,598475,1,0
598474,598474,598475,1,0
598474,598474,598475,1,0
598474,598474,598475,1,0
598474,598474,598475,1,0
598474,598474,598475,1,0
598474,598474,598475,1,0
598474,598474,598475,1,0
598474,598474,598475,1,0
598474,598474,598475,1,0
598474,598474,598475,1,0
598474,598474,598475,1,0
598474,598474,598475,1,0
598474,598474,598475,1,0
598474,598474,598475,1,0
598474,598474,598475,1,0
598474,598474,598475,1,0
598484,598484,598485,1,0
598484,598484,598485,1,0
598484,598484,598485,1,0
598484,598484,598485,1,0
598484,598484,598485,1,0
598484,598484,598485,1,0
598484,598484,598485,1,0
598484,598484,598485,1,0
598484,598484,598485,1,0
598484,598484,598485,1,0
598484,598484,598485,1,0
598484,598484,598485,1,0
598484,598484,598485,1,0
598484,598484,598485,1,0
598484,598484,598485,1,0
598484,598484,598485,1,0
598484,598484,598485,1,0
598484,598484,598485,1,0
598484,598484,598485,1,0
598484,598484,598485,1,0
598484,598484,598485,1,0
598484,598484,598485,1,0
598484,598484,598485,1,0
598484,598484,598485,1,0
598484,598484,598485,1,0
598484,598484,598485,1,0
598484,598484,598485,1,0
598484,598484,598485,1,0
598484,598484,598485,1,0
598484,598484,598485,1,0
598484,598484,598485,1,0
598484,598484,598485,1,0
598484,598484,598485,1,0
598484,598484,598485,1,0
598484,598484,598485,1,0
598484,598484,598485,1,0
598484,598484,598485,1,0
598484,598484,598485,1,0
598484,598484,598485,1,0
598484,598484,598485,1,0
598484,598484,598485,1,0
598484,598484,598485,1,0
598484,598484,598485,1,0
598484,598484,598485,1,0
598484,598484,598485,1,0
598484,598484,598485,1,0
598484,598484,598485,1,0
598484,598484,598485,1,0
598484,598484,598485,1,0
598484,598484,598485,1,0
598493,598493,598494,1,0
598493,598493,598494,1,0
598493,598493,598494,1,0
598493,598493,598494,1,0
598493,598493,598494,1,0
598493,598493,598494,1,0
598493,598493,598494,1,0
598493,598493,598494,1,0
598493,598493,598494,1,0
598493,598493,598494,1,0
598493,598493,598494,1,0
598493,598493,598494,1,0
598493,598493,598494,1,0
598493,598493,598494,1,0
598493,598493,598494,1,0
598493,598493,598494,1,0
598493,598493,598494,1,0
598493,598493,598494,1,0
598493,598493,598494,1,0
598493,598493,598494,1,0
598493,598493,598494,1,0
598493,598493,598494,1,0
598493,598493,598494,1,0
598493,598493,598494,1,0
598493,598493,598494,1,0
598493,598493,598494,1,0
598493,598493,598494,1,0
598493,598493,598494,1,0
598493,598493,598494,1,0
598493,598493,598494,1,0
598493,598493,598494,1,0
598493,598493,598494,1,0
598493,598493,598494,1,0
598493,598493,598494,1,0
598493,598493,598494,1,0
598493,598493,598494,1,0
598493,598493,598494,1,0
598493,598493,598494,1,0
598493,598493,598494,1,0
598493,598493,598494,1,0
598493,598493,598494,1,0
598493,598493,598494,1,0
598493,598493,598494,1,0
598493,598493,598494,1,0
598493,598493,598494,1,0
598493,598493,598494,1,0
598493,598493,598494,1,0
598493,598493,598494,1,0
598493,598493,598494,1,0
598493,598493,598494,1,0
598502,598502,598503,1,0
598502,598502,598503,1,0
598502,598502,598503,1,0
598502,598502,598503,1,0
598502,598502,598503,1,0
598502,598502,598503,1,0
598502,598502,598503,1,0
598502,598502,598503,1,0
598502,598502,598503,1,0
598502,598502,598503,1,0
598502,598502,598503,1,0
598502,598502,598503,1,0
598502,598502,598503,1,0
598502,598502,598503,1,0
598502,598502,598503,1,0
598502,598502,598503,1,0
598502,598502,598503,1,0
598502,598502,598503,1,0
598502,598502,598503,1,0
598502,598502,598503,1,0
598502,598502,598503,1,0
598502,598502,598503,1,0
598502,598502,598503,1,0
598502,598502,598503,1,0
598502,598502,598503,1,0
598502,598502,598503,1,0
598502,598502,598503,1,0
598511,598511,598512,1,0
598511,598511,598512,1,0
598511,598511,598512,1,0
598511,598511,598512,1,0
598511,598511,598512,1,0
598511,598511,598512,1,0
598511,598511,598512,1,0
598511,598511,598512,1,0
598511,598511,598512,1,0
598511,598511,598512,1,0
598511,598511,598512,1,0
598511,598511,598512,1,0
598511,598511,598512,1,0
598511,598511,598512,1,0
598511,598511,598512,1,0
598511,598511,598512,1,0
598511,598511,598512,1,0
598511,598511,598512,1,0
598511,598511,598512,1,0
598511,598511,598512,1,0
598511,598511,598512,1,0
598511,598511,598512,1,0
598511,598511,598512,1,0
598511,598511,598512,1,0
598511,598511,598512,1,0
598511,598511,598512,1,0
598511,598511,598512,1,0
598511,598511,598512,1,0
598511,598511,598512,1,0
598511,598511,598512,1,0
598511,598511,598512,1,0
597767,597767,598581,814,0
598583,598583,598584,1,0
598583,598583,598584,1,0
598583,598583,598584,1,0
598583,598583,598584,1,0
598583,598583,598584,1,0
598583,598583,598584,1,0
598583,598583,598584,1,0
598583,598583,598584,1,0
598583,598583,598584,1,0
598583,598583,598585,2,0
598583,598583,598584,1,0
598583,598583,598584,1,0
598583,598583,598584,1,0
598583,598583,598584,1,0
598583,598583,598585,2,0
598583,598583,598585,2,0
598583,598583,598584,1,0
598583,598583,598584,1,0
598583,598584,598585,1,1
598583,598583,598585,2,0
598583,598583,598584,1,0
598583,598583,598585,2,0
598583,598583,598584,1,0
598583,598583,598584,1,0
598583,598583,598584,1,0
598583,598583,598584,1,0
598583,598583,598584,1,0
598583,598583,598584,1,0
598583,598583,598584,1,0
598583,598583,598584,1,0
598583,598583,598585,2,0
598583,598583,598585,2,0
598583,598583,598584,1,0
598583,598583,598585,2,0
598583,598583,598584,1,0
598583,598583,598584,1,0
598583,598583,598585,2,0
598583,598583,598585,2,0
598583,598583,598584,1,0
598583,598583,598584,1,0
598583,598583,598586,3,0
598583,598583,598586,3,0
598583,598583,598585,2,0
598583,598583,598586,3,0
598583,598583,598586,3,0
598583,598583,598586,3,0
598583,598583,598587,4,0
598583,598583,598586,3,0
597798,597799,598605,806,1
598608,598608,598609,1,0
598608,598608,598609,1,0
598608,598608,598609,1,0
598608,598608,598609,1,0
598608,598608,598609,1,0
598608,598608,598609,1,0
598608,598608,598609,1,0
598608,598608,598609,1,0
598608,598608,598609,1,0
598608,598608,598609,1,0
598608,598608,598609,1,0
598608,598608,598609,1,0
598608,598608,598609,1,0
598608,598608,598609,1,0
598608,598608,598609,1,0
598608,598608,598609,1,0
598608,598608,598609,1,0
598608,598608,598609,1,0
598608,598608,598609,1,0
598608,598608,598610,2,0
598608,598608,598609,1,0
598608,598608,598609,1,0
598608,598608,598609,1,0
597786,597786,598610,824,0
598608,598608,598609,1,0
598608,598608,598609,1,0
598608,598608,598610,2,0
598608,598608,598609,1,0
598608,598609,598610,1,1
598608,598609,598610,1,1
598608,598608,598610,2,0
598608,598608,598610,2,0
598608,598608,598610,2,0
598608,598608,598610,2,0
598608,598608,598609,1,0
598608,598608,598610,2,0
598608,598608,598609,1,0
598608,598608,598609,1,0
598608,598608,598610,2,0
598608,598608,598609,1,0
598608,598608,598609,1,0
598608,598608,598609,1,0
598608,598608,598610,2,0
598608,598608,598609,1,0
598608,598608,598610,2,0
598608,598608,598609,1,0
598608,598608,598610,2,0
598608,598608,598610,2,0
598621,598621,598622,1,0
598621,598621,598622,1,0
598621,598621,598622,1,0
598621,598621,598622,1,0
598621,598621,598622,1,0
598621,598621,598622,1,0
598621,598621,598622,1,0
598621,598621,598622,1,0
598621,598621,598622,1,0
598621,598621,598622,1,0
598621,598621,598622,1,0
598621,598621,598622,1,0
598621,598621,598622,1,0
598621,598621,598622,1,0
598621,598621,598622,1,0
598621,598621,598622,1,0
598621,598621,598622,1,0
598621,598621,598622,1,0
598621,598621,598622,1,0
598621,598621,598622,1,0
598621,598621,598622,1,0
598621,598621,598622,1,0
598621,598621,598622,1,0
598621,598621,598622,1,0
598621,598621,598622,1,0
598621,598621,598623,2,0
598621,598621,598622,1,0
598621,598621,598623,2,0
598621,598621,598623,2,0
598621,598621,598623,2,0
598621,598621,598623,2,0
598621,598621,598623,2,0
598621,598621,598623,2,0
598621,598621,598623,2,0
598621,598621,598623,2,0
598621,598621,598622,1,0
598621,598621,598622,1,0
598621,598621,598623,2,0
598621,598621,598623,2,0
598621,598621,598623,2,0
598621,598621,598623,2,0
598621,598621,598623,2,0
598621,598621,598623,2,0
598621,598621,598623,2,0
598621,598621,598623,2,0
598621,598621,598624,3,0
598621,598621,598624,3,0
598621,598621,598624,3,0
598621,598621,598624,3,0
598621,598621,598624,3,0
598649,598649,598650,1,0
598649,598649,598650,1,0
598649,598649,598650,1,0
598649,598649,598650,1,0
598649,598649,598650,1,0
598649,598649,598650,1,0
598649,598649,598650,1,0
598649,598649,598650,1,0
598649,598649,598650,1,0
598649,598649,598650,1,0
598649,598649,598650,1,0
598649,598649,598650,1,0
598649,598649,598650,1,0
598649,598649,598650,1,0
598649,598649,598650,1,0
598649,598649,598650,1,0
598649,598649,598650,1,0
598649,598649,598650,1,0
598649,598649,598650,1,0
598649,598649,598650,1,0
598649,598649,598650,1,0
598649,598649,598650,1,0
598649,598649,598650,1,0
598649,598649,598650,1,0
598649,598649,598650,1,0
598649,598649,598650,1,0
598649,598649,598650,1,0
598649,598649,598650,1,0
598649,598649,598650,1,0
598649,598649,598650,1,0
598649,598649,598650,1,0
598649,598649,598650,1,0
598649,598649,598650,1,0
598649,598649,598650,1,0
598649,598649,598650,1,0
598649,598649,598650,1,0
598649,598649,598651,2,0
598649,598649,598651,2,0
598649,598649,598651,2,0
598649,598649,598652,3,0
598649,598649,598652,3,0
598649,598649,598652,3,0
598649,598649,598653,4,0
598649,598649,598653,4,0
598649,598649,598653,4,0
597853,597853,598661,808,0
598663,598663,598664,1,0
598663,598663,598664,1,0
598663,598663,598664,1,0
598663,598663,598664,1,0
598663,598663,598664,1,0
598663,598663,598664,1,0
598663,598663,598664,1,0
598663,598663,598664,1,0
598663,598663,598664,1,0
598663,598663,598664,1,0
598663,598663,598664,1,0
598663,598663,598664,1,0
598663,598663,598664,1,0
598663,598663,598664,1,0
598663,598663,598664,1,0
598663,598663,598664,1,0
598663,598663,598664,1,0
598663,598663,598664,1,0
598663,598663,598664,1,0
598663,598663,598664,1,0
598663,598663,598664,1,0
598663,598663,598664,1,0
598663,598663,598664,1,0
598663,598663,598664,1,0
598663,598663,598664,1,0
598663,598663,598664,1,0
598663,598663,598664,1,0
598663,598663,598664,1,0
598663,598663,598665,2,0
598663,598663,598665,2,0
598663,598663,598664,1,0
598663,598663,598664,1,0
598663,598663,598664,1,0
598663,598663,598664,1,0
598663,598663,598664,1,0
598663,598663,598664,1,0
598663,598663,598664,1,0
598663,598663,598664,1,0
598663,598663,598664,1,0
598663,598663,598664,1,0
598663,598663,598664,1,0
598663,598663,598664,1,0
598663,598663,598664,1,0
598663,598663,598664,1,0
598663,598663,598664,1,0
598663,598663,598664,1,0
598663,598663,598664,1,0
598663,598663,598664,1,0
598663,598663,598664,1,0
598663,598663,598664,1,0
598666,598666,598667,1,0
598666,598666,598667,1,0
598666,598666,598667,1,0
598666,598666,598667,1,0
598666,598666,598667,1,0
598666,598666,598667,1,0
598666,598666,598667,1,0
598666,598666,598667,1,0
598666,598666,598667,1,0
598666,598666,598667,1,0
598666,598666,598667,1,0
598666,598666,598667,1,0
598666,598666,598667,1,0
598666,598666,598667,1,0
598666,598666,598667,1,0
598666,598666,598667,1,0
598666,598666,598667,1,0
598666,598666,598667,1,0
598666,598666,598667,1,0
598666,598666,598667,1,0
598666,598666,598667,1,0
598666,598666,598667,1,0
598666,598666,598667,1,0
598666,598666,598668,2,0
598666,598666,598668,2,0
598666,598666,598668,2,0
598666,598666,598668,2,0
598666,598666,598668,2,0
598666,598666,598668,2,0
598666,598666,598668,2,0
598666,598666,598668,2,0
598666,598666,598668,2,0
598666,598666,598668,2,0
598666,598666,598668,2,0
598666,598666,598668,2,0
598666,598666,598668,2,0
598666,598666,598668,2,0
598666,598666,598668,2,0
598666,598666,598668,2,0
598666,598666,598668,2,0
597845,597845,598669,824,0
598666,598666,598669,3,0
598666,598666,598668,2,0
598666,598666,598670,4,0
598666,598666,598670,4,0
598666,598666,598670,4,0
598666,598666,598671,5,0
598666,598666,598670,4,0
598666,598666,598671,5,0
598666,598666,598671,5,0
598666,598666,598671,5,0
598678,598678,598679,1,0
598678,598678,598679,1,0
598678,598678,598679,1,0
598678,598678,598679,1,0
598678,598678,598679,1,0
598678,598678,598679,1,0
598678,598678,598679,1,0
598678,598678,598679,1,0
597873,597873,598678,805,0
598678,598678,598679,1,0
598678,598678,598679,1,0
598678,598678,598679,1,0
598678,598678,598679,1,0
598678,598678,598679,1,0
598678,598678,598679,1,0
598678,598678,598679,1,0
598678,598678,598679,1,0
598678,598678,598679,1,0
598678,598678,598679,1,0
598678,598678,598679,1,0
598678,598678,598679,1,0
598678,598678,598679,1,0
598678,598678,598679,1,0
598678,598678,598679,1,0
598678,598678,598679,1,0
598678,598678,598679,1,0
598678,598678,598679,1,0
598678,598678,598680,2,0
598678,598678,598679,1,0
598678,598678,598679,1,0
598678,598678,598679,1,0
598678,598678,598679,1,0
598678,598678,598679,1,0
598678,598678,598679,1,0
598678,598678,598680,2,0
598678,598678,598679,1,0
598678,598678,598680,2,0
598678,598678,598679,1,0
598678,598678,598679,1,0
598678,598678,598680,2,0
598678,598678,598679,1,0
598678,598678,598679,1,0
598678,598678,598679,1,0
598678,598678,598680,2,0
598678,598678,598680,2,0
598678,598678,598679,1,0
598678,598678,598680,2,0
598678,598678,598679,1,0
598678,598678,598679,1,0
598678,598678,598679,1,0
598678,598678,598680,2,0
598680,598680,598681,1,0
598680,598680,598681,1,0
598680,598680,598681,1,0
598680,598680,598681,1,0
598680,598680,598681,1,0
598680,598680,598681,1,0
598680,598680,598681,1,0
598680,598680,598681,1,0
598680,598681,598682,1,1
598680,598680,598681,1,0
598680,598680,598681,1,0
598680,598680,598681,1,0
598680,598680,598681,1,0
598680,598680,598681,1,0
598680,598680,598681,1,0
598680,598681,598682,1,1
598680,598680,598681,1,0
598680,598680,598681,1,0
598680,598680,598681,1,0
598680,598680,598682,2,0
598680,598681,598682,1,1
598680,598680,598681,1,0
598680,598680,598681,1,0
598680,598680,598681,1,0
598680,598680,598681,1,0
598680,598680,598681,1,0
598680,598680,598681,1,0
598680,598681,598682,1,1
598680,598681,598682,1,1
598680,598681,598682,1,1
598680,598680,598681,1,0
598680,598680,598681,1,0
598680,598681,598682,1,1
598680,598681,598682,1,1
598680,598681,598682,1,1
598680,598681,598682,1,1
598680,598681,598682,1,1
598680,598680,598681,1,0
598680,598680,598681,1,0
598680,598680,598681,1,0
598680,598680,598681,1,0
598680,598680,598682,2,0
598680,598680,598682,2,0
598680,598680,598681,1,0
598680,598680,598681,1,0
598680,598680,598682,2,0
598680,598681,598682,1,1
598680,598681,598682,1,1
598694,598694,598695,1,0
598694,598694,598695,1,0
598694,598694,598695,1,0
598694,598694,598695,1,0
598694,598694,598695,1,0
598694,598694,598695,1,0
598694,598694,598695,1,0
598694,598694,598695,1,0
598694,598694,598695,1,0
598694,598694,598695,1,0
598694,598694,598695,1,0
598694,598694,598695,1,0
598694,598694,598695,1,0
598694,598694,598695,1,0
598694,598694,598695,1,0
598694,598694,598695,1,0
598694,598694,598695,1,0
598694,598694,598695,1,0
598694,598694,598695,1,0
598694,598694,598695,1,0
598694,598694,598695,1,0
598694,598694,598695,1,0
598694,598694,598695,1,0
598694,598694,598695,1,0
598694,598694,598695,1,0
598694,598694,598695,1,0
598694,598694,598696,2,0
598694,598694,598695,1,0
598694,598694,598696,2,0
598694,598694,598695,1,0
598694,598694,598696,2,0
598694,598694,598695,1,0
598694,598694,598695,1,0
598694,598694,598696,2,0
598694,598694,598697,3,0
598694,598694,598697,3,0
598694,598694,598697,3,0
598694,598694,598697,3,0
598694,598694,598697,3,0
598694,598694,598698,4,0
598694,598694,598698,4,0
598694,598694,598697,3,0
598694,598694,598699,5,0
598694,598694,598699,5,0
598694,598694,598698,4,0
598715,598715,598716,1,0
598715,598715,598716,1,0
598715,598715,598716,1,0
598715,598715,598716,1,0
598715,598715,598716,1,0
598715,598715,598716,1,0
598715,598715,598716,1,0
598715,598715,598716,1,0
598715,598715,598716,1,0
598715,598715,598716,1,0
598715,598715,598716,1,0
598715,598715,598716,1,0
598715,598715,598716,1,0
598715,598715,598716,1,0
598715,598715,598716,1,0
598715,598715,598716,1,0
598715,598715,598716,1,0
598715,598715,598716,1,0
598715,598715,598716,1,0
598715,598715,598716,1,0
598715,598715,598716,1,0
598715,598715,598716,1,0
598715,598715,598716,1,0
598715,598715,598716,1,0
598715,598715,598716,1,0
598715,598715,598716,1,0
598715,598715,598717,2,0
598715,598715,598716,1,0
598715,598715,598716,1,0
598715,598715,598716,1,0
598715,598715,598717,2,0
598715,598715,598717,2,0
598715,598715,598717,2,0
598715,598715,598716,1,0
598715,598715,598717,2,0
598715,598715,598717,2,0
598715,598715,598717,2,0
598715,598715,598717,2,0
598715,598715,598717,2,0
598715,598715,598717,2,0
598715,598715,598718,3,0
598715,598715,598718,3,0
598715,598715,598718,3,0
598715,598715,598719,4,0
598715,598715,598719,4,0
598715,598715,598719,4,0
598715,598715,598719,4,0
598715,598715,598720,5,0
598715,598715,598720,5,0
598715,598715,598720,5,0
598732,598732,598733,1,0
598732,598732,598733,1,0
598732,598732,598733,1,0
598732,598732,598733,1,0
598732,598732,598733,1,0
598732,598732,598733,1,0
598732,598732,598733,1,0
598732,598732,598733,1,0
598732,598732,598733,1,0
598732,598732,598733,1,0
598732,598732,598733,1,0
598732,598732,598733,1,0
598732,598732,598733,1,0
598732,598732,598733,1,0
598732,598732,598733,1,0
598732,598732,598733,1,0
598732,598732,598733,1,0
598732,598732,598733,1,0
598732,598732,598733,1,0
598732,598732,598733,1,0
598732,598732,598733,1,0
597889,597910,598733,823,21
598732,598732,598733,1,0
598732,598732,598733,1,0
598732,598732,598733,1,0
598732,598732,598734,2,0
598732,598732,598734,2,0
598732,598732,598734,2,0
598732,598732,598734,2,0
598732,598732,598734,2,0
598732,598733,598734,1,1
598732,598733,598734,1,1
598732,598733,598734,1,1
598732,598732,598734,2,0
598732,598732,598735,3,0
598732,598732,598735,3,0
598732,598732,598736,4,0
598732,598732,598735,3,0
598732,598733,598735,2,1
598734,598735,598736,1,1
598734,598735,598736,1,1
598734,598735,598736,1,1
598734,598735,598736,1,1
598734,598735,598736,1,1
598734,598735,598736,1,1
598734,598735,598736,1,1
598732,598732,598736,4,0
598734,598735,598736,1,1
598734,598735,598736,1,1
598734,598735,598736,1,1
598734,598735,598736,1,1
598734,598735,598736,1,1
598734,598735,598736,1,1
598734,598735,598736,1,1
598734,598735,598736,1,1
598734,598735,598736,1,1
598734,598735,598736,1,1
598734,598735,598736,1,1
598734,598735,598736,1,1
598734,598735,598736,1,1
598734,598735,598736,1,1
598734,598735,598736,1,1
598734,598735,598736,1,1
598734,598735,598736,1,1
598734,598735,598736,1,1
598734,598735,598736,1,1
598734,598735,598736,1,1
598732,598733,598737,4,1
598732,598732,598737,5,0
598734,598735,598738,3,1
598734,598738,598739,1,4
598734,598738,598739,1,4
598734,598738,598739,1,4
598734,598738,598739,1,4
598734,598738,598739,1,4
598734,598738,598739,1,4
597952,597952,598746,794,0
598750,598750,598751,1,0
598750,598750,598751,1,0
598750,598750,598751,1,0
598750,598750,598751,1,0
598750,598750,598751,1,0
598750,598750,598751,1,0
598750,598750,598751,1,0
598750,598750,598751,1,0
598750,598750,598751,1,0
598750,598750,598751,1,0
598750,598750,598751,1,0
598750,598750,598751,1,0
598750,598750,598751,1,0
598750,598750,598751,1,0
598750,598750,598751,1,0
598750,598750,598751,1,0
598750,598750,598751,1,0
598750,598750,598751,1,0
598750,598750,598751,1,0
598750,598750,598751,1,0
598750,598750,598751,1,0
598750,598750,598751,1,0
598750,598750,598751,1,0
598750,598750,598751,1,0
598750,598750,598751,1,0
598750,598750,598751,1,0
598750,598750,598751,1,0
598750,598750,598751,1,0
598750,598750,598751,1,0
598750,598750,598751,1,0
598750,598750,598751,1,0
598750,598750,598751,1,0
598750,598750,598751,1,0
598750,598750,598751,1,0
598750,598750,598751,1,0
598750,598750,598751,1,0
598750,598750,598751,1,0
598750,598750,598751,1,0
598750,598750,598752,2,0
598750,598750,598751,1,0
598750,598750,598751,1,0
598750,598750,598751,1,0
598750,598750,598752,2,0
598750,598750,598752,2,0
598750,598750,598752,2,0
598754,598754,598755,1,0
598754,598754,598755,1,0
598754,598754,598755,1,0
598754,598754,598755,1,0
598754,598754,598755,1,0
598754,598754,598755,1,0
598754,598754,598755,1,0
598754,598754,598755,1,0
598754,598754,598755,1,0
598754,598754,598755,1,0
598754,598755,598756,1,1
598754,598754,598756,2,0
598754,598754,598756,2,0
598754,598754,598756,2,0
598754,598755,598756,1,1
598754,598755,598756,1,1
598754,598755,598756,1,1
598754,598755,598756,1,1
598754,598755,598756,1,1
598754,598754,598756,2,0
598754,598754,598756,2,0
598754,598754,598756,2,0
598754,598754,598756,2,0
598754,598754,598756,2,0
598754,598754,598756,2,0
598754,598755,598756,1,1
598754,598755,598756,1,1
598754,598755,598756,1,1
598754,598754,598756,2,0
598754,598754,598756,2,0
598754,598756,598757,1,2
598754,598754,598757,3,0
598754,598755,598757,2,1
598754,598754,598757,3,0
598754,598754,598757,3,0
598754,598757,598758,1,3
598754,598757,598759,2,3
598765,598765,598766,1,0
598765,598765,598766,1,0
598765,598765,598766,1,0
598765,598765,598766,1,0
598765,598765,598766,1,0
598765,598765,598766,1,0
598765,598765,598766,1,0
598765,598765,598766,1,0
598765,598765,598766,1,0
598765,598765,598766,1,0
598765,598765,598766,1,0
598765,598765,598766,1,0
598765,598765,598766,1,0
598765,598765,598766,1,0
598765,598765,598766,1,0
598765,598765,598766,1,0
598765,598765,598766,1,0
598765,598765,598766,1,0
598765,598765,598766,1,0
598765,598765,598766,1,0
598765,598765,598766,1,0
598765,598765,598766,1,0
598765,598765,598766,1,0
598765,598765,598766,1,0
598765,598765,598766,1,0
598765,598765,598766,1,0
598765,598765,598766,1,0
598765,598765,598766,1,0
598765,598765,598766,1,0
598765,598765,598766,1,0
598765,598765,598766,1,0
598765,598765,598766,1,0
598765,598765,598766,1,0
598765,598765,598766,1,0
598765,598765,598766,1,0
598765,598765,598766,1,0
598765,598765,598766,1,0
598765,598765,598766,1,0
598765,598765,598766,1,0
598754,598770,598771,1,16
598754,598770,598771,1,16
598754,598770,598771,1,16
598754,598770,598771,1,16
598777,598777,598778,1,0
598777,598777,598778,1,0
598777,598777,598778,1,0
598777,598777,598778,1,0
598777,598777,598778,1,0
598777,598777,598778,1,0
598777,598777,598778,1,0
598777,598777,598778,1,0
598777,598777,598778,1,0
598777,598777,598778,1,0
598777,598777,598778,1,0
598777,598777,598778,1,0
598777,598777,598778,1,0
598777,598777,598778,1,0
598777,598777,598778,1,0
598777,598777,598778,1,0
598777,598777,598778,1,0
598777,598777,598778,1,0
598777,598777,598778,1,0
598777,598777,598778,1,0
598777,598777,598778,1,0
598777,598777,598778,1,0
598777,598777,598778,1,0
598777,598777,598778,1,0
598777,598777,598778,1,0
598777,598777,598778,1,0
598777,598777,598778,1,0
598777,598777,598778,1,0
598777,598777,598778,1,0
598777,598777,598778,1,0
598777,598777,598778,1,0
598777,598777,598778,1,0
598777,598777,598778,1,0
598777,598777,598778,1,0
598777,598777,598778,1,0
598777,598777,598778,1,0
598777,598777,598778,1,0
598777,598777,598778,1,0
598777,598777,598778,1,0
598777,598777,598778,1,0
598777,598777,598778,1,0
598777,598777,598778,1,0
598777,598777,598778,1,0
598777,598777,598778,1,0
598777,598777,598778,1,0
598777,598777,598778,1,0
597976,597976,598788,812,0
598789,598789,598790,1,0
598789,598789,598790,1,0
598789,598789,598790,1,0
598789,598789,598790,1,0
598789,598789,598790,1,0
598789,598789,598790,1,0
598789,598789,598790,1,0
598789,598789,598791,2,0
598789,598789,598791,2,0
598789,598789,598791,2,0
598789,598789,598791,2,0
598789,598789,598791,2,0
598789,598789,598791,2,0
598789,598789,598791,2,0
598789,598789,598791,2,0
598789,598789,598791,2,0
598789,598789,598791,2,0
598789,598789,598791,2,0
598789,598789,598791,2,0
598789,598789,598791,2,0
598789,598789,598791,2,0
598789,598789,598791,2,0
598789,598790,598791,1,1
598789,598790,598791,1,1
598789,598790,598791,1,1
598789,598790,598791,1,1
598789,598790,598791,1,1
598789,598789,598791,2,0
598789,598789,598791,2,0
598789,598789,598791,2,0
598789,598789,598791,2,0
598789,598789,598791,2,0
598789,598789,598791,2,0
598789,598789,598791,2,0
598789,598789,598791,2,0
598789,598789,598791,2,0
598789,598790,598791,1,1
598789,598789,598791,2,0
598789,598789,598791,2,0
598789,598789,598791,2,0
598789,598789,598791,2,0
598789,598789,598792,3,0
598789,598789,598793,4,0
598789,598789,598792,3,0
598792,598792,598793,1,0
598792,598792,598793,1,0
598792,598792,598793,1,0
598792,598792,598793,1,0
598792,598792,598793,1,0
598792,598792,598793,1,0
598792,598792,598793,1,0
598792,598792,598793,1,0
598792,598792,598793,1,0
598792,598792,598793,1,0
598792,598792,598793,1,0
598792,598792,598793,1,0
598792,598792,598793,1,0
598792,598792,598793,1,0
598792,598792,598793,1,0
598792,598792,598793,1,0
598792,598792,598793,1,0
598792,598792,598793,1,0
598792,598792,598793,1,0
598792,598792,598793,1,0
598792,598792,598793,1,0
598792,598792,598793,1,0
598792,598792,598793,1,0
598792,598792,598793,1,0
598792,598792,598793,1,0
598792,598792,598793,1,0
598792,598792,598793,1,0
598792,598792,598793,1,0
598792,598792,598793,1,0
598792,598792,598793,1,0
598792,598792,598793,1,0
598792,598792,598793,1,0
598792,598792,598793,1,0
598792,598792,598793,1,0
598792,598792,598793,1,0
598792,598792,598793,1,0
598792,598792,598793,1,0
598792,598792,598793,1,0
598792,598792,598793,1,0
598792,598792,598793,1,0
598792,598792,598793,1,0
598789,598789,598793,4,0
598789,598789,598793,4,0
598789,598789,598793,4,0
598789,598790,598793,3,1
598789,598789,598793,4,0
598789,598789,598793,4,0
598798,598798,598799,1,0
598798,598798,598799,1,0
598798,598798,598799,1,0
598798,598798,598799,1,0
598798,598798,598799,1,0
598798,598798,598799,1,0
598798,598798,598799,1,0
598798,598798,598799,1,0
598798,598798,598799,1,0
598798,598798,598799,1,0
598798,598798,598799,1,0
598798,598798,598799,1,0
598798,598798,598799,1,0
598798,598798,598799,1,0
598798,598798,598799,1,0
598798,598798,598799,1,0
598798,598798,598799,1,0
598798,598798,598799,1,0
598798,598798,598799,1,0
598798,598798,598799,1,0
598798,598798,598799,1,0
598798,598798,598799,1,0
598798,598798,598799,1,0
598798,598798,598799,1,0
598798,598798,598799,1,0
598798,598798,598799,1,0
598798,598798,598799,1,0
598798,598798,598799,1,0
598798,598798,598799,1,0
598798,598798,598799,1,0
598798,598798,598799,1,0
598798,598798,598799,1,0
598798,598798,598799,1,0
598798,598798,598799,1,0
598798,598798,598799,1,0
598798,598798,598799,1,0
598798,598798,598799,1,0
598798,598798,598799,1,0
598798,598798,598799,1,0
598798,598798,598799,1,0
598798,598798,598799,1,0
598798,598798,598799,1,0
598798,598798,598799,1,0
598798,598798,598799,1,0
598798,598798,598799,1,0
598798,598798,598799,1,0
598798,598798,598799,1,0
598798,598798,598799,1,0
598798,598798,598799,1,0
598798,598798,598799,1,0
598805,598805,598806,1,0
598805,598805,598806,1,0
598805,598805,598806,1,0
598805,598805,598806,1,0
598805,598805,598806,1,0
598805,598805,598806,1,0
598805,598805,598806,1,0
598805,598805,598806,1,0
598805,598805,598806,1,0
598805,598805,598806,1,0
598805,598805,598806,1,0
598805,598805,598806,1,0
598805,598805,598806,1,0
598805,598805,598806,1,0
598805,598805,598806,1,0
598805,598805,598806,1,0
598805,598805,598806,1,0
598805,598805,598806,1,0
598805,598805,598806,1,0
598805,598805,598806,1,0
598805,598805,598806,1,0
598805,598805,598806,1,0
598805,598805,598806,1,0
598805,598805,598806,1,0
598805,598805,598806,1,0
598805,598805,598806,1,0
598805,598805,598806,1,0
598805,598805,598807,2,0
598805,598805,598806,1,0
598805,598805,598806,1,0
598805,598805,598806,1,0
598805,598805,598806,1,0
598805,598805,598806,1,0
598805,598805,598806,1,0
598039,598039,598818,779,0
598820,598820,598821,1,0
598820,598820,598821,1,0
598820,598820,598821,1,0
598820,598820,598821,1,0
598820,598820,598821,1,0
598820,598820,598821,1,0
598820,598820,598821,1,0
598820,598820,598821,1,0
598820,598820,598821,1,0
598820,598820,598821,1,0
598820,598820,598821,1,0
598820,598820,598821,1,0
598820,598820,598821,1,0
598820,598820,598821,1,0
598820,598820,598821,1,0
598820,598820,598821,1,0
598820,598820,598821,1,0
598820,598820,598821,1,0
598820,598820,598822,2,0
598820,598820,598822,2,0
598820,598820,598822,2,0
598820,598820,598821,1,0
598820,598820,598821,1,0
598820,598820,598821,1,0
598820,598820,598822,2,0
598820,598820,598821,1,0
598820,598820,598821,1,0
598820,598820,598821,1,0
598820,598820,598822,2,0
598820,598820,598822,2,0
598820,598820,598821,1,0
598820,598820,598821,1,0
598820,598820,598821,1,0
598820,598820,598821,1,0
598820,598820,598821,1,0
598820,598820,598821,1,0
598820,598820,598821,1,0
598820,598820,598823,3,0
598820,598820,598823,3,0
598820,598820,598823,3,0
598820,598820,598823,3,0
598820,598820,598823,3,0
598017,598017,598823,806,0
598820,598820,598825,5,0
598826,598826,598827,1,0
598826,598826,598827,1,0
598826,598826,598827,1,0
598826,598826,598827,1,0
598826,598826,598827,1,0
598826,598826,598827,1,0
598826,598826,598827,1,0
598826,598826,598827,1,0
598826,598826,598827,1,0
598826,598826,598827,1,0
598826,598826,598827,1,0
598826,598826,598827,1,0
598826,598826,598827,1,0
598826,598826,598827,1,0
598820,598827,598828,1,7
598820,598827,598828,1,7
598820,598827,598828,1,7
598820,598827,598828,1,7
598826,598826,598828,2,0
598826,598826,598827,1,0
598826,598826,598827,1,0
598826,598826,598827,1,0
598826,598826,598827,1,0
598826,598826,598827,1,0
598826,598826,598827,1,0
598826,598826,598827,1,0
598826,598826,598828,2,0
598826,598826,598827,1,0
598826,598826,598827,1,0
598826,598826,598827,1,0
598826,598826,598828,2,0
598826,598826,598828,2,0
598826,598826,598827,1,0
598826,598826,598827,1,0
598826,598826,598827,1,0
598826,598826,598827,1,0
598826,598826,598827,1,0
598826,598826,598827,1,0
598826,598826,598827,1,0
598826,598826,598827,1,0
598826,598826,598827,1,0
598826,598826,598827,1,0
598820,598827,598828,1,7
598820,598820,598828,8,0
598826,598826,598829,3,0
598826,598826,598829,3,0
598826,598826,598829,3,0
598826,598826,598829,3,0
598826,598826,598828,2,0
598826,598826,598829,3,0
598826,598826,598829,3,0
598826,598826,598828,2,0
598826,598826,598829,3,0
598826,598826,598829,3,0
598820,598820,598829,9,0
598826,598826,598829,3,0
598826,598826,598829,3,0
597990,597990,598856,866,0
598859,598859,598860,1,0
598859,598859,598860,1,0
598859,598859,598860,1,0
598859,598859,598860,1,0
598859,598859,598860,1,0
598859,598859,598860,1,0
598859,598859,598860,1,0
598037,598037,598860,823,0
598859,598859,598860,1,0
598859,598859,598860,1,0
598859,598859,598860,1,0
598859,598859,598860,1,0
598859,598859,598860,1,0
598859,598859,598860,1,0
598859,598859,598860,1,0
598859,598859,598860,1,0
598859,598859,598860,1,0
598859,598859,598861,2,0
598859,598859,598860,1,0
598859,598859,598860,1,0
598859,598859,598860,1,0
598859,598859,598860,1,0
598859,598859,598861,2,0
598859,598859,598860,1,0
598859,598859,598860,1,0
598859,598859,598860,1,0
598859,598859,598860,1,0
598859,598859,598860,1,0
598859,598859,598860,1,0
598859,598859,598861,2,0
598859,598859,598860,1,0
598859,598859,598860,1,0
598859,598859,598861,2,0
598859,598859,598860,1,0
598859,598859,598860,1,0
598859,598859,598860,1,0
598859,598859,598860,1,0
598859,598859,598860,1,0
598859,598859,598860,1,0
598859,598859,598860,1,0
598859,598859,598860,1,0
598859,598859,598860,1,0
598859,598859,598862,3,0
598859,598859,598862,3,0
598859,598859,598862,3,0
598861,598861,598862,1,0
598859,598859,598861,2,0
598861,598861,598862,1,0
598861,598861,598862,1,0
598859,598859,598862,3,0
598861,598861,598862,1,0
598861,598861,598862,1,0
598861,598861,598862,1,0
598861,598861,598862,1,0
598861,598861,598862,1,0
598861,598861,598862,1,0
598859,598859,598862,3,0
598861,598861,598862,1,0
598861,598861,598862,1,0
598859,598859,598863,4,0
598861,598861,598862,1,0
598861,598861,598862,1,0
598861,598861,598863,2,0
598861,598861,598862,1,0
598859,598859,598862,3,0
598861,598862,598863,1,1
598861,598862,598863,1,1
598859,598859,598862,3,0
598861,598862,598863,1,1
598861,598862,598863,1,1
598861,598862,598863,1,1
598861,598861,598863,2,0
598861,598861,598863,2,0
598861,598861,598862,1,0
598861,598861,598862,1,0
598861,598861,598862,1,0
598861,598861,598863,2,0
598861,598861,598863,2,0
598861,598861,598862,1,0
598861,598861,598862,1,0
598861,598861,598862,1,0
598861,598861,598862,1,0
598861,598861,598863,2,0
598861,598861,598863,2,0
598861,598861,598862,1,0
598861,598861,598862,1,0
598861,598861,598863,2,0
598861,598861,598863,2,0
598861,598861,598863,2,0
598861,598861,598863,2,0
598861,598861,598863,2,0
598861,598862,598863,1,1
598861,598861,598864,3,0
598861,598862,598864,2,1
598861,598861,598864,3,0
598861,598861,598864,3,0
598861,598861,598864,3,0
598861,598861,598865,4,0
598861,598862,598865,3,1
598861,598862,598865,3,1
598861,598861,598865,4,0
598060,598061,598873,812,1
598881,598881,598882,1,0
598881,598881,598882,1,0
598881,598881,598882,1,0
598881,598881,598882,1,0
598881,598881,598882,1,0
598881,598881,598882,1,0
598881,598881,598882,1,0
598881,598881,598882,1,0
598881,598881,598882,1,0
598881,598881,598882,1,0
598881,598881,598882,1,0
598881,598881,598882,1,0
598881,598881,598882,1,0
598881,598881,598882,1,0
598881,598881,598882,1,0
598881,598881,598882,1,0
598881,598881,598882,1,0
598881,598881,598882,1,0
598881,598881,598882,1,0
598881,598881,598882,1,0
598881,598881,598882,1,0
598881,598881,598882,1,0
598881,598881,598883,2,0
598881,598881,598883,2,0
598881,598881,598883,2,0
598881,598882,598883,1,1
598881,598882,598883,1,1
598881,598882,598883,1,1
598881,598882,598883,1,1
598881,598882,598883,1,1
598881,598882,598883,1,1
598881,598881,598883,2,0
598881,598881,598883,2,0
598881,598882,598883,1,1
598881,598882,598883,1,1
598881,598882,598883,1,1
598881,598882,598883,1,1
598881,598882,598883,1,1
598881,598882,598883,1,1
598881,598882,598883,1,1
598881,598882,598884,2,1
598881,598881,598883,2,0
598881,598881,598883,2,0
598881,598881,598883,2,0
598881,598881,598883,2,0
598881,598895,598896,1,14
598105,598105,598905,800,0
598907,598907,598908,1,0
598907,598907,598908,1,0
598907,598907,598908,1,0
598907,598907,598908,1,0
598907,598907,598908,1,0
598907,598907,598908,1,0
598907,598907,598908,1,0
598907,598907,598908,1,0
598907,598907,598908,1,0
598907,598907,598908,1,0
598907,598907,598908,1,0
598907,598907,598908,1,0
598907,598907,598908,1,0
598907,598907,598908,1,0
598907,598907,598908,1,0
598907,598907,598908,1,0
598907,598907,598909,2,0
598907,598907,598909,2,0
598907,598907,598909,2,0
598907,598907,598909,2,0
598907,598907,598909,2,0
598907,598907,598909,2,0
598907,598908,598909,1,1
598907,598908,598909,1,1
598907,598908,598909,1,1
598907,598908,598909,1,1
598907,598907,598909,2,0
598907,598907,598909,2,0
598907,598907,598909,2,0
598907,598908,598909,1,1
598907,598907,598909,2,0
598907,598907,598909,2,0
598907,598907,598909,2,0
598907,598907,598909,2,0
598907,598907,598909,2,0
598907,598907,598909,2,0
598907,598909,598910,1,2
598907,598909,598910,1,2
598907,598908,598911,3,1
598119,598119,598920,801,0
598922,598923,598924,1,1
598922,598923,598924,1,1
598922,598923,598924,1,1
598922,598923,598924,1,1
598922,598923,598924,1,1
598922,598923,598924,1,1
598922,598923,598924,1,1
598922,598923,598924,1,1
598922,598923,598924,1,1
598922,598923,598924,1,1
598922,598923,598924,1,1
598922,598923,598924,1,1
598922,598923,598924,1,1
598922,598923,598924,1,1
598922,598923,598924,1,1
598922,598923,598924,1,1
598922,598923,598924,1,1
598922,598923,598924,1,1
598922,598923,598924,1,1
598922,598923,598924,1,1
598922,598923,598924,1,1
598922,598923,598924,1,1
598922,598923,598924,1,1
598922,598923,598924,1,1
598922,598923,598924,1,1
598922,598923,598924,1,1
598922,598923,598924,1,1
598922,598923,598924,1,1
598922,598923,598924,1,1
598922,598923,598924,1,1
598922,598923,598924,1,1
598922,598923,598924,1,1
598922,598923,598924,1,1
598922,598923,598924,1,1
598922,598923,598924,1,1
598922,598923,598924,1,1
598922,598923,598924,1,1
598922,598923,598924,1,1
598922,598923,598924,1,1
598922,598923,598924,1,1
598922,598923,598924,1,1
598922,598923,598924,1,1
598922,598923,598924,1,1
598922,598923,598924,1,1
598937,598937,598938,1,0
598937,598937,598938,1,0
598937,598937,598938,1,0
598937,598937,598938,1,0
598937,598937,598938,1,0
598937,598937,598938,1,0
598937,598937,598938,1,0
598937,598937,598938,1,0
598937,598937,598938,1,0
598937,598937,598938,1,0
598937,598937,598938,1,0
598937,598937,598938,1,0
598937,598937,598938,1,0
598937,598937,598939,2,0
598937,598937,598939,2,0
598937,598937,598938,1,0
598937,598937,598939,2,0
598937,598937,598939,2,0
598937,598937,598939,2,0
598937,598937,598938,1,0
598937,598937,598939,2,0
598937,598937,598939,2,0
598937,598937,598939,2,0
598937,598937,598940,3,0
598937,598937,598940,3,0
598937,598937,598941,4,0
598937,598937,598941,4,0
598937,598937,598941,4,0
598937,598937,598941,4,0
598117,598118,598943,825,1
598134,598134,598946,812,0
598947,598948,598949,1,1
598947,598948,598949,1,1
598947,598948,598949,1,1
598947,598948,598949,1,1
598947,598948,598949,1,1
598947,598948,598949,1,1
598947,598948,598949,1,1
598947,598948,598949,1,1
598947,598948,598949,1,1
598947,598948,598949,1,1
598947,598948,598949,1,1
598947,598948,598949,1,1
598947,598948,598949,1,1
598947,598948,598949,1,1
598947,598948,598949,1,1
598947,598948,598949,1,1
598947,598948,598949,1,1
598947,598948,598949,1,1
598947,598948,598949,1,1
598947,598948,598949,1,1
598947,598948,598949,1,1
598947,598948,598949,1,1
598947,598948,598949,1,1
598947,598948,598949,1,1
598947,598948,598949,1,1
598947,598948,598949,1,1
598947,598948,598949,1,1
598947,598948,598949,1,1
598947,598948,598949,1,1
598947,598948,598949,1,1
598947,598948,598949,1,1
598947,598948,598949,1,1
598947,598948,598949,1,1
598947,598948,598949,1,1
598947,598948,598949,1,1
598950,598950,598951,1,0
598950,598950,598951,1,0
598950,598950,598951,1,0
598950,598950,598951,1,0
598950,598950,598951,1,0
598950,598950,598951,1,0
598950,598950,598951,1,0
598950,598950,598951,1,0
598950,598950,598951,1,0
598950,598950,598951,1,0
598950,598950,598951,1,0
598950,598950,598951,1,0
598950,598950,598951,1,0
598950,598950,598951,1,0
598950,598950,598951,1,0
598950,598950,598951,1,0
598950,598950,598951,1,0
598950,598950,598951,1,0
598950,598950,598951,1,0
598950,598950,598951,1,0
598950,598950,598951,1,0
598950,598950,598951,1,0
598950,598950,598951,1,0
598950,598950,598951,1,0
598950,598950,598951,1,0
598950,598950,598951,1,0
598950,598950,598951,1,0
598950,598950,598951,1,0
598950,598950,598951,1,0
598950,598950,598951,1,0
598950,598950,598951,1,0
598950,598950,598951,1,0
598950,598950,598951,1,0
598950,598950,598951,1,0
598950,598950,598951,1,0
598950,598950,598951,1,0
598950,598950,598951,1,0
598950,598950,598951,1,0
598950,598950,598951,1,0
598950,598950,598951,1,0
598950,598950,598951,1,0
598950,598950,598951,1,0
598950,598950,598951,1,0
598950,598950,598951,1,0
598950,598950,598951,1,0
598950,598950,598951,1,0
598950,598950,598951,1,0
598950,598950,598951,1,0
598950,598950,598951,1,0
598156,598156,598958,802,0
598962,598963,598964,1,1
598962,598963,598964,1,1
598962,598963,598964,1,1
598962,598963,598964,1,1
598962,598963,598964,1,1
598962,598963,598964,1,1
598962,598963,598964,1,1
598962,598963,598964,1,1
598962,598963,598964,1,1
598962,598963,598964,1,1
598962,598963,598964,1,1
598962,598963,598964,1,1
598962,598963,598964,1,1
598962,598963,598964,1,1
598962,598963,598964,1,1
598962,598963,598964,1,1
598962,598963,598964,1,1
598962,598963,598964,1,1
598962,598963,598964,1,1
598962,598963,598964,1,1
598962,598963,598964,1,1
598962,598963,598964,1,1
598962,598963,598964,1,1
598962,598963,598964,1,1
598962,598963,598964,1,1
598962,598963,598964,1,1
598962,598963,598964,1,1
598962,598963,598964,1,1
598962,598963,598964,1,1
598962,598963,598965,2,1
598962,598963,598965,2,1
598962,598963,598966,3,1
598962,598963,598966,3,1
598962,598963,598966,3,1
598962,598963,598966,3,1
598962,598963,598966,3,1
598962,598963,598967,4,1
598962,598963,598967,4,1
598962,598963,598967,4,1
598962,598963,598967,4,1
598969,598970,598971,1,1
598969,598970,598971,1,1
598969,598970,598971,1,1
598969,598970,598971,1,1
598969,598970,598971,1,1
598969,598970,598971,1,1
598969,598970,598971,1,1
598969,598970,598971,1,1
598969,598970,598971,1,1
598969,598970,598971,1,1
598969,598970,598971,1,1
598969,598970,598971,1,1
598969,598970,598971,1,1
598969,598970,598971,1,1
598969,598970,598971,1,1
598969,598970,598971,1,1
598969,598970,598971,1,1
598969,598970,598971,1,1
598969,598970,598971,1,1
598969,598970,598971,1,1
598969,598970,598972,2,1
598969,598970,598972,2,1
598969,598970,598971,1,1
598969,598970,598971,1,1
598969,598970,598971,1,1
598969,598970,598971,1,1
598969,598970,598971,1,1
598969,598970,598971,1,1
598969,598970,598971,1,1
598969,598970,598971,1,1
598969,598970,598971,1,1
598969,598970,598972,2,1
598969,598970,598971,1,1
598969,598970,598971,1,1
598969,598970,598971,1,1
598969,598970,598972,2,1
598969,598970,598971,1,1
598969,598970,598971,1,1
598969,598970,598971,1,1
598969,598970,598971,1,1
598969,598970,598971,1,1
598969,598970,598971,1,1
598969,598970,598971,1,1
598969,598970,598972,2,1
598969,598970,598971,1,1
598969,598970,598972,2,1
598969,598970,598972,2,1
598969,598970,598973,3,1
598988,598988,598989,1,0
598988,598988,598989,1,0
598988,598988,598989,1,0
598988,598988,598989,1,0
598988,598988,598989,1,0
598988,598988,598989,1,0
598988,598988,598989,1,0
598988,598988,598989,1,0
598988,598988,598989,1,0
598988,598988,598989,1,0
598988,598988,598989,1,0
598988,598988,598989,1,0
598988,598988,598989,1,0
598988,598988,598989,1,0
598988,598988,598989,1,0
598988,598988,598989,1,0
598988,598988,598989,1,0
598988,598988,598989,1,0
598988,598988,598989,1,0
598988,598988,598989,1,0
598988,598988,598989,1,0
598988,598988,598989,1,0
598988,598988,598989,1,0
598988,598988,598989,1,0
598988,598988,598989,1,0
598988,598988,598989,1,0
598988,598988,598989,1,0
598988,598988,598989,1,0
598988,598988,598989,1,0
598988,598988,598990,2,0
598988,598988,598990,2,0
598988,598988,598990,2,0
598988,598988,598989,1,0
598988,598988,598990,2,0
598988,598988,598990,2,0
598988,598988,598989,1,0
598988,598988,598989,1,0
598988,598988,598990,2,0
598988,598988,598990,2,0
598988,598988,598991,3,0
598988,598988,598990,2,0
598988,598988,598992,4,0
598988,598988,598992,4,0
598988,598988,598991,3,0
598988,598988,598991,3,0
598988,598988,598993,5,0
598988,598988,598992,4,0
598988,598988,598993,5,0
598988,598988,598993,5,0
598988,598988,598992,4,0
598187,598187,599001,814,0
599001,599002,599003,1,1
599001,599002,599003,1,1
599001,599002,599003,1,1
599001,599002,599003,1,1
599001,599002,599003,1,1
599001,599002,599003,1,1
599001,599002,599003,1,1
599001,599002,599003,1,1
599001,599002,599003,1,1
599001,599002,599003,1,1
599001,599002,599003,1,1
599001,599002,599003,1,1
599001,599002,599003,1,1
599001,599002,599003,1,1
599001,599002,599003,1,1
599001,599002,599003,1,1
599001,599002,599003,1,1
599001,599002,599003,1,1
599001,599002,599003,1,1
599001,599002,599003,1,1
599001,599002,599003,1,1
599001,599002,599003,1,1
599001,599002,599003,1,1
599001,599002,599003,1,1
599001,599002,599003,1,1
599001,599002,599003,1,1
599001,599002,599003,1,1
599001,599002,599003,1,1
599001,599002,599004,2,1
599001,599002,599004,2,1
599001,599002,599004,2,1
599001,599002,599004,2,1
599001,599002,599004,2,1
599001,599002,599004,2,1
599001,599002,599004,2,1
599001,599002,599005,3,1
599001,599002,599005,3,1
599001,599002,599006,4,1
599011,599011,599012,1,0
599011,599011,599012,1,0
599011,599011,599012,1,0
599011,599011,599012,1,0
599011,599011,599012,1,0
599011,599011,599012,1,0
599011,599011,599012,1,0
599011,599011,599012,1,0
599011,599011,599012,1,0
599011,599011,599012,1,0
599011,599011,599012,1,0
599011,599011,599012,1,0
599011,599011,599012,1,0
599011,599011,599012,1,0
599011,599011,599012,1,0
599011,599011,599012,1,0
599011,599011,599012,1,0
599011,599011,599012,1,0
599011,599011,599012,1,0
599011,599011,599012,1,0
599011,599011,599012,1,0
599011,599011,599012,1,0
599011,599011,599012,1,0
599011,599011,599012,1,0
599011,599011,599012,1,0
599011,599011,599012,1,0
599011,599011,599013,2,0
599011,599012,599013,1,1
599011,599012,599013,1,1
599011,599011,599012,1,0
599011,599011,599013,2,0
599011,599011,599012,1,0
599011,599011,599012,1,0
599011,599011,599013,2,0
599011,599011,599013,2,0
599011,599011,599013,2,0
599011,599011,599013,2,0
599011,599011,599014,3,0
599011,599011,599014,3,0
599011,599011,599014,3,0
599011,599011,599015,4,0
599011,599011,599015,4,0
599011,599011,599015,4,0
599011,599011,599015,4,0
599011,599012,599016,4,1
599011,599011,599016,5,0
599011,599011,599016,5,0
599011,599011,599016,5,0
599001,599002,599016,14,1
599001,599002,599016,14,1
599028,599028,599029,1,0
599028,599028,599029,1,0
599028,599028,599029,1,0
599028,599028,599029,1,0
599028,599028,599029,1,0
599028,599028,599029,1,0
599028,599028,599029,1,0
599028,599028,599029,1,0
599028,599028,599029,1,0
599028,599028,599029,1,0
599028,599028,599029,1,0
599028,599028,599029,1,0
599028,599028,599029,1,0
599028,599028,599029,1,0
599028,599028,599029,1,0
599028,599028,599029,1,0
599028,599028,599029,1,0
599028,599028,599029,1,0
599028,599028,599029,1,0
599028,599028,599029,1,0
599028,599028,599029,1,0
599028,599028,599029,1,0
599028,599028,599029,1,0
599028,599028,599029,1,0
599028,599028,599029,1,0
599028,599028,599029,1,0
599028,599028,599029,1,0
599028,599028,599029,1,0
599028,599028,599029,1,0
599028,599028,599029,1,0
599028,599028,599029,1,0
599028,599028,599029,1,0
599028,599028,599029,1,0
599028,599028,599030,2,0
599028,599028,599030,2,0
599028,599028,599030,2,0
599028,599028,599030,2,0
599028,599028,599030,2,0
599028,599028,599030,2,0
599028,599028,599030,2,0
599028,599028,599031,3,0
599028,599028,599031,3,0
599028,599028,599031,3,0
599028,599028,599031,3,0
599028,599028,599032,4,0
599028,599028,599032,4,0
599028,599028,599033,5,0
599028,599028,599033,5,0
599028,599028,599033,5,0
599028,599028,599033,5,0
599042,599042,599043,1,0
599042,599042,599043,1,0
599042,599042,599043,1,0
599042,599042,599043,1,0
599042,599042,599043,1,0
599042,599042,599043,1,0
599042,599042,599043,1,0
599042,599042,599043,1,0
599042,599042,599043,1,0
599042,599042,599043,1,0
599042,599042,599043,1,0
599042,599042,599043,1,0
599042,599042,599043,1,0
599042,599042,599043,1,0
599042,599042,599043,1,0
599042,599042,599043,1,0
599042,599042,599043,1,0
599042,599042,599043,1,0
599042,599042,599043,1,0
599042,599042,599043,1,0
599042,599042,599043,1,0
599042,599042,599043,1,0
599042,599042,599043,1,0
599042,599042,599043,1,0
599042,599042,599043,1,0
599042,599042,599043,1,0
599042,599042,599043,1,0
599042,599042,599043,1,0
599042,599042,599043,1,0
599042,599042,599043,1,0
599042,599042,599043,1,0
599042,599042,599043,1,0
599042,599042,599043,1,0
599042,599042,599044,2,0
599042,599042,599044,2,0
599042,599042,599044,2,0
599042,599042,599044,2,0
599042,599042,599044,2,0
599042,599043,599044,1,1
599042,599042,599045,3,0
599042,599042,599045,3,0
599042,599042,599046,4,0
599042,599042,599046,4,0
599042,599042,599043,1,0
599042,599042,599043,1,0
599042,599042,599043,1,0
599090,599090,599091,1,0
599090,599090,599091,1,0
599090,599090,599091,1,0
599090,599090,599091,1,0
599090,599090,599091,1,0
599090,599090,599091,1,0
599090,599090,599091,1,0
599090,599090,599091,1,0
599090,599090,599091,1,0
599090,599090,599091,1,0
599090,599090,599091,1,0
599090,599090,599091,1,0
599090,599090,599091,1,0
599090,599090,599091,1,0
599090,599090,599091,1,0
599090,599090,599091,1,0
599090,599090,599091,1,0
599090,599090,599091,1,0
599090,599090,599091,1,0
599090,599090,599091,1,0
599090,599090,599091,1,0
599090,599090,599091,1,0
599090,599090,599091,1,0
599090,599090,599091,1,0
599090,599090,599091,1,0
599090,599090,599091,1,0
599090,599090,599091,1,0
599090,599090,599091,1,0
599090,599090,599091,1,0
599090,599090,599091,1,0
599090,599090,599091,1,0
599090,599090,599091,1,0
599090,599090,599091,1,0
599090,599090,599091,1,0
599090,599090,599091,1,0
599090,599090,599091,1,0
599090,599090,599091,1,0
599090,599090,599091,1,0
599090,599090,599091,1,0
599090,599090,599091,1,0
599090,599091,599092,1,1
599090,599090,599092,2,0
599090,599090,599092,2,0
599090,599090,599091,1,0
599090,599090,599092,2,0
599102,599102,599103,1,0
599102,599102,599103,1,0
599102,599102,599103,1,0
599102,599102,599103,1,0
599102,599102,599103,1,0
599102,599102,599103,1,0
599102,599102,599103,1,0
599102,599102,599103,1,0
599102,599102,599103,1,0
599102,599102,599103,1,0
599102,599102,599103,1,0
599102,599102,599103,1,0
599102,599102,599103,1,0
599102,599102,599103,1,0
599102,599102,599103,1,0
599102,599102,599103,1,0
599102,599102,599103,1,0
599102,599102,599103,1,0
599102,599102,599103,1,0
599102,599102,599103,1,0
599102,599102,599103,1,0
599102,599102,599103,1,0
599102,599102,599103,1,0
599102,599102,599103,1,0
599112,599113,599114,1,1
599112,599113,599114,1,1
599112,599113,599114,1,1
599112,599113,599114,1,1
599112,599113,599114,1,1
599112,599113,599114,1,1
599112,599113,599114,1,1
599112,599113,599114,1,1
599112,599113,599114,1,1
599112,599113,599114,1,1
599112,599113,599114,1,1
599112,599113,599114,1,1
599112,599113,599114,1,1
599112,599113,599114,1,1
599112,599113,599114,1,1
599112,599113,599114,1,1
599112,599113,599114,1,1
599112,599113,599114,1,1
599112,599113,599114,1,1
599112,599113,599114,1,1
599112,599113,599114,1,1
599112,599113,599114,1,1
599112,599113,599114,1,1
599122,599122,599123,1,0
599122,599122,599123,1,0
599122,599122,599123,1,0
599122,599122,599123,1,0
599122,599122,599123,1,0
599122,599122,599123,1,0
599122,599122,599123,1,0
599122,599122,599123,1,0
599122,599122,599123,1,0
599122,599122,599123,1,0
599122,599122,599123,1,0
599122,599122,599123,1,0
599122,599122,599123,1,0
599122,599122,599123,1,0
599122,599122,599123,1,0
599122,599122,599123,1,0
599122,599122,599123,1,0
599122,599122,599123,1,0
599122,599122,599123,1,0
599122,599122,599123,1,0
599122,599122,599123,1,0
599122,599122,599123,1,0
599122,599122,599123,1,0
599122,599122,599123,1,0
599122,599122,599123,1,0
599122,599122,599123,1,0
599122,599122,599123,1,0
599122,599122,599123,1,0
599122,599122,599123,1,0
599122,599122,599123,1,0
599122,599122,599123,1,0
599132,599132,599133,1,0
599132,599132,599133,1,0
599132,599132,599133,1,0
599132,599132,599133,1,0
599132,599132,599133,1,0
599132,599132,599133,1,0
599132,599132,599133,1,0
599132,599132,599133,1,0
599132,599132,599133,1,0
599132,599132,599133,1,0
599132,599132,599133,1,0
599132,599132,599133,1,0
599132,599132,599133,1,0
599132,599132,599133,1,0
599132,599132,599133,1,0
599132,599132,599133,1,0
599132,599132,599133,1,0
599132,599132,599133,1,0
599132,599132,599133,1,0
599132,599132,599133,1,0
599132,599132,599133,1,0
599132,599132,599133,1,0
599132,599132,599133,1,0
599132,599132,599133,1,0
599132,599132,599133,1,0
599132,599132,599133,1,0
599132,599132,599133,1,0
599132,599132,599133,1,0
599132,599132,599133,1,0
599132,599132,599133,1,0
599132,599132,599133,1,0
599132,599132,599133,1,0
599132,599132,599133,1,0
599132,599132,599133,1,0
599132,599132,599133,1,0
599132,599132,599133,1,0
599132,599132,599133,1,0
599132,599132,599133,1,0
599132,599132,599133,1,0
599132,599132,599133,1,0
599132,599132,599133,1,0
599132,599132,599133,1,0
599132,599132,599133,1,0
599132,599132,599133,1,0
599132,599132,599133,1,0
599132,599132,599133,1,0
599132,599132,599133,1,0
599132,599132,599133,1,0
599132,599132,599133,1,0
599132,599132,599133,1,0
599301,599301,599302,1,0
599301,599301,599302,1,0
599301,599301,599302,1,0
599301,599301,599302,1,0
599301,599301,599302,1,0
599301,599301,599302,1,0
599301,599301,599302,1,0
599301,599301,599302,1,0
599301,599301,599302,1,0
599301,599301,599302,1,0
599301,599301,599302,1,0
599301,599301,599302,1,0
599301,599301,599302,1,0
599301,599301,599302,1,0
599301,599301,599302,1,0
599301,599301,599302,1,0
599301,599301,599302,1,0
599301,599301,599302,1,0
599301,599301,599302,1,0
599301,599301,599302,1,0
599301,599301,599302,1,0
599301,599301,599302,1,0
599301,599301,599302,1,0
599301,599301,599302,1,0
599301,599301,599302,1,0
599301,599301,599302,1,0
599301,599301,599302,1,0
599301,599301,599302,1,0
599301,599301,599302,1,0
599301,599301,599302,1,0
599301,599301,599302,1,0
599301,599301,599302,1,0
599301,599301,599302,1,0
599301,599301,599302,1,0
599301,599301,599302,1,0
599301,599301,599302,1,0
599301,599301,599303,2,0
599301,599301,599303,2,0
599301,599301,599303,2,0
599301,599301,599303,2,0
599301,599301,599303,2,0
599301,599301,599303,2,0
599301,599301,599304,3,0
599301,599301,599304,3,0
599301,599301,599305,4,0
599301,599301,599305,4,0
599301,599301,599305,4,0
599301,599301,599305,4,0
599301,599301,599305,4,0
599301,599301,599306,5,0
599316,599316,599317,1,0
599316,599316,599317,1,0
599316,599316,599317,1,0
599316,599316,599317,1,0
599316,599316,599317,1,0
599316,599316,599317,1,0
599316,599316,599317,1,0
599316,599316,599317,1,0
599316,599316,599317,1,0
599316,599316,599317,1,0
599316,599316,599317,1,0
599316,599316,599317,1,0
599316,599316,599317,1,0
599316,599316,599317,1,0
599316,599316,599317,1,0
599316,599316,599317,1,0
599316,599316,599317,1,0
599316,599316,599317,1,0
599316,599316,599317,1,0
599316,599316,599317,1,0
599316,599316,599317,1,0
599316,599316,599317,1,0
599316,599316,599317,1,0
599316,599316,599317,1,0
599316,599316,599317,1,0
599316,599316,599317,1,0
599316,599316,599317,1,0
599316,599316,599317,1,0
599316,599316,599317,1,0
599316,599316,599317,1,0
599316,599316,599318,2,0
599316,599316,599317,1,0
599316,599316,599318,2,0
599316,599316,599317,1,0
599316,599316,599318,2,0
599316,599316,599317,1,0
599316,599316,599317,1,0
599316,599316,599318,2,0
599316,599316,599319,3,0
599316,599316,599319,3,0
599316,599316,599320,4,0
599316,599316,599320,4,0
599316,599316,599320,4,0
599316,599316,599320,4,0
599316,599316,599320,4,0
599316,599316,599320,4,0
599316,599316,599320,4,0
599316,599316,599321,5,0
599316,599316,599320,4,0
599316,599316,599320,4,0
599329,599329,599330,1,0
599329,599329,599330,1,0
599329,599329,599330,1,0
599329,599329,599330,1,0
599329,599329,599330,1,0
599329,599329,599330,1,0
599329,599329,599330,1,0
599329,599329,599330,1,0
599329,599329,599330,1,0
599329,599329,599330,1,0
599329,599329,599330,1,0
599329,599329,599330,1,0
599329,599329,599330,1,0
599329,599329,599330,1,0
599329,599329,599330,1,0
599329,599329,599330,1,0
599329,599329,599330,1,0
599329,599329,599330,1,0
599329,599329,599330,1,0
599329,599329,599330,1,0
599329,599329,599330,1,0
599329,599329,599330,1,0
599329,599329,599330,1,0
599329,599329,599330,1,0
599329,599329,599330,1,0
599329,599329,599330,1,0
599329,599329,599330,1,0
599329,599329,599330,1,0
599329,599329,599330,1,0
599329,599329,599330,1,0
599329,599329,599330,1,0
599329,599329,599330,1,0
599329,599329,599330,1,0
599329,599329,599330,1,0
599329,599329,599330,1,0
599329,599329,599331,2,0
599329,599329,599330,1,0
599329,599329,599331,2,0
599329,599329,599331,2,0
599329,599329,599332,3,0
599329,599329,599332,3,0
599329,599329,599333,4,0
599329,599329,599332,3,0
599329,599329,599333,4,0
599329,599329,599332,3,0
599329,599329,599333,4,0
599329,599329,599333,4,0
599329,599329,599333,4,0
599329,599329,599333,4,0
599329,599329,599333,4,0
599343,599343,599344,1,0
599343,599343,599344,1,0
599343,599343,599344,1,0
599343,599343,599344,1,0
599343,599343,599344,1,0
599343,599343,599344,1,0
599343,599343,599344,1,0
599343,599343,599344,1,0
599343,599343,599344,1,0
599343,599343,599344,1,0
599343,599343,599344,1,0
599343,599343,599344,1,0
599343,599343,599344,1,0
599343,599343,599345,2,0
599343,599343,599345,2,0
599343,599343,599346,3,0
599343,599343,599346,3,0
599343,599343,599346,3,0
599343,599343,599346,3,0
599343,599343,599346,3,0
599343,599343,599347,4,0
599343,599343,599347,4,0
599343,599343,599347,4,0
599343,599343,599348,5,0
599355,599356,599357,1,1
599355,599356,599357,1,1
599355,599356,599357,1,1
599355,599356,599357,1,1
599355,599356,599357,1,1
599355,599356,599357,1,1
599355,599356,599357,1,1
599355,599356,599357,1,1
599355,599356,599358,2,1
599355,599356,599357,1,1
599355,599356,599357,1,1
599355,599356,599358,2,1
599355,599356,599359,3,1
599355,599356,599358,2,1
599355,599356,599359,3,1
599355,599356,599359,3,1
599355,599356,599359,3,1
599355,599356,599360,4,1
599355,599356,599360,4,1
599355,599356,599360,4,1
599367,599368,599369,1,1
599367,599368,599369,1,1
599367,599368,599369,1,1
599367,599368,599369,1,1
599367,599368,599369,1,1
599367,599368,599369,1,1
599367,599368,599369,1,1
599367,599368,599370,2,1
599367,599368,599370,2,1
599367,599368,599371,3,1
599367,599368,599370,2,1
599367,599368,599371,3,1
599367,599368,599371,3,1
599378,599378,599379,1,0
599378,599378,599379,1,0
599378,599378,599379,1,0
599378,599378,599379,1,0
599378,599378,599379,1,0
599378,599378,599379,1,0
599378,599378,599379,1,0
599378,599378,599379,1,0
599378,599378,599379,1,0
599378,599378,599379,1,0
599378,599378,599379,1,0
599378,599378,599379,1,0
599378,599378,599379,1,0
599378,599378,599379,1,0
599378,599378,599379,1,0
599378,599378,599379,1,0
599378,599378,599379,1,0
599378,599378,599379,1,0
599378,599378,599379,1,0
599378,599378,599379,1,0
599378,599378,599379,1,0
599378,599378,599379,1,0
599378,599378,599379,1,0
599378,599378,599379,1,0
599378,599378,599379,1,0
599378,599378,599379,1,0
599378,599378,599379,1,0
599378,599378,599379,1,0
599378,599378,599379,1,0
599378,599378,599379,1,0
599378,599378,599379,1,0
599378,599378,599379,1,0
599378,599378,599379,1,0
599378,599378,599379,1,0
599378,599378,599379,1,0
599378,599378,599380,2,0
599378,599378,599380,2,0
599387,599387,599388,1,0
599387,599387,599388,1,0
599387,599387,599388,1,0
599387,599387,599388,1,0
599387,599387,599388,1,0
599387,599387,599388,1,0
599387,599387,599388,1,0
599387,599387,599388,1,0
599387,599387,599388,1,0
599387,599387,599388,1,0
599387,599387,599388,1,0
599387,599387,599388,1,0
599387,599387,599388,1,0
599387,599387,599388,1,0
599387,599387,599388,1,0
599387,599387,599388,1,0
599387,599387,599388,1,0
599387,599387,599388,1,0
599387,599387,599388,1,0
599387,599387,599388,1,0
599387,599387,599388,1,0
599387,599387,599388,1,0
599387,599387,599388,1,0
599387,599387,599388,1,0
599387,599387,599388,1,0
599387,599387,599388,1,0
599387,599387,599388,1,0
599387,599387,599388,1,0
599387,599387,599388,1,0
599387,599387,599388,1,0
599387,599387,599388,1,0
599387,599387,599388,1,0
599387,599387,599388,1,0
599387,599387,599388,1,0
599387,599387,599388,1,0
599387,599387,599388,1,0
599387,599387,599388,1,0
599387,599387,599388,1,0
599387,599387,599388,1,0
599387,599387,599388,1,0
599387,599387,599388,1,0
599387,599387,599388,1,0
599387,599387,599388,1,0
599387,599387,599388,1,0
599387,599387,599388,1,0
598584,598584,599388,804,0
599387,599387,599388,1,0
599387,599387,599388,1,0
599387,599387,599388,1,0
599389,599389,599390,1,0
599389,599389,599390,1,0
599389,599389,599390,1,0
599389,599389,599390,1,0
599389,599389,599390,1,0
599389,599389,599390,1,0
599389,599389,599390,1,0
599389,599389,599390,1,0
599389,599389,599390,1,0
599389,599389,599390,1,0
599389,599389,599390,1,0
599389,599389,599390,1,0
599389,599389,599390,1,0
599389,599389,599390,1,0
599389,599389,599390,1,0
599389,599389,599390,1,0
599389,599389,599390,1,0
599389,599389,599390,1,0
599389,599389,599390,1,0
599389,599389,599390,1,0
599389,599389,599390,1,0
599389,599389,599390,1,0
599389,599389,599390,1,0
599389,599389,599390,1,0
599389,599389,599390,1,0
599389,599389,599390,1,0
599389,599389,599390,1,0
599389,599389,599390,1,0
599389,599389,599390,1,0
599389,599389,599390,1,0
599389,599389,599390,1,0
599389,599389,599390,1,0
599389,599389,599390,1,0
599389,599389,599390,1,0
599389,599389,599390,1,0
599389,599389,599390,1,0
599389,599389,599390,1,0
599389,599389,599390,1,0
599389,599389,599390,1,0
599389,599389,599391,2,0
599389,599389,599391,2,0
599389,599389,599392,3,0
599389,599389,599391,2,0
599389,599389,599392,3,0
599389,599389,599392,3,0
599389,599389,599392,3,0
599389,599389,599392,3,0
599389,599389,599392,3,0
599389,599389,599392,3,0
599389,599389,599392,3,0
599395,599395,599396,1,0
599395,599395,599396,1,0
599395,599395,599396,1,0
599395,599395,599396,1,0
599395,599395,599396,1,0
599395,599395,599396,1,0
599395,599395,599396,1,0
599395,599395,599396,1,0
599395,599395,599396,1,0
599395,599395,599396,1,0
599395,599395,599396,1,0
599395,599395,599396,1,0
599395,599395,599396,1,0
599395,599395,599396,1,0
599395,599395,599396,1,0
599395,599395,599396,1,0
599395,599395,599396,1,0
599395,599395,599396,1,0
599395,599395,599396,1,0
599395,599395,599396,1,0
599395,599395,599396,1,0
599395,599395,599396,1,0
599395,599395,599396,1,0
599395,599395,599396,1,0
599395,599395,599396,1,0
599395,599395,599396,1,0
599395,599395,599396,1,0
599395,599395,599396,1,0
599395,599395,599396,1,0
599395,599395,599396,1,0
599395,599395,599396,1,0
599395,599395,599396,1,0
599395,599395,599396,1,0
599395,599395,599396,1,0
599395,599395,599396,1,0
599395,599395,599396,1,0
599395,599395,599396,1,0
599395,599395,599396,1,0
599395,599395,599397,2,0
599395,599395,599397,2,0
599395,599395,599396,1,0
599395,599395,599396,1,0
599395,599395,599397,2,0
599395,599395,599397,2,0
599395,599395,599397,2,0
599395,599395,599397,2,0
599395,599395,599397,2,0
599403,599403,599404,1,0
599403,599403,599404,1,0
599403,599403,599404,1,0
599403,599403,599404,1,0
599403,599403,599404,1,0
599403,599403,599404,1,0
599403,599403,599404,1,0
599403,599403,599404,1,0
599403,599403,599404,1,0
599403,599403,599404,1,0
599403,599403,599404,1,0
599403,599403,599404,1,0
599403,599403,599404,1,0
599403,599403,599404,1,0
599403,599403,599404,1,0
599403,599403,599404,1,0
599403,599403,599404,1,0
599403,599403,599404,1,0
599403,599403,599404,1,0
599403,599403,599404,1,0
599403,599403,599404,1,0
599403,599403,599404,1,0
599403,599403,599404,1,0
599403,599403,599404,1,0
599403,599403,599404,1,0
599403,599403,599404,1,0
599403,599403,599404,1,0
599403,599403,599404,1,0
599403,599403,599404,1,0
599403,599403,599404,1,0
599403,599403,599404,1,0
599403,599403,599404,1,0
599403,599403,599404,1,0
599403,599403,599404,1,0
599403,599403,599404,1,0
599403,599403,599404,1,0
599403,599403,599404,1,0
599403,599403,599404,1,0
599403,599403,599404,1,0
599403,599403,599404,1,0
599403,599403,599404,1,0
599403,599403,599404,1,0
599403,599403,599404,1,0
599403,599403,599404,1,0
599403,599403,599404,1,0
599403,599403,599404,1,0
599403,599403,599404,1,0
599403,599403,599404,1,0
599403,599403,599404,1,0
599403,599403,599404,1,0
599410,599410,599411,1,0
599410,599410,599411,1,0
599410,599410,599411,1,0
599410,599410,599411,1,0
599410,599410,599411,1,0
599410,599410,599411,1,0
599410,599410,599411,1,0
598609,598609,599444,835,0
599445,599445,599446,1,0
599445,599445,599446,1,0
599445,599445,599446,1,0
599445,599445,599446,1,0
599445,599445,599446,1,0
599445,599445,599446,1,0
599445,599445,599446,1,0
599445,599445,599446,1,0
599445,599445,599447,2,0
599445,599445,599446,1,0
599445,599445,599446,1,0
599445,599446,599447,1,1
599445,599445,599446,1,0
599445,599445,599446,1,0
599445,599445,599446,1,0
599445,599445,599446,1,0
599445,599445,599446,1,0
599445,599445,599446,1,0
599445,599445,599446,1,0
599445,599445,599446,1,0
599445,599445,599446,1,0
599445,599445,599446,1,0
599445,599445,599447,2,0
599445,599445,599446,1,0
599445,599445,599447,2,0
599445,599445,599446,1,0
599445,599445,599446,1,0
599445,599445,599446,1,0
599445,599445,599446,1,0
599445,599445,599446,1,0
599445,599445,599447,2,0
599445,599445,599446,1,0
599445,599445,599446,1,0
599445,599445,599447,2,0
599445,599445,599446,1,0
599445,599445,599446,1,0
599445,599445,599447,2,0
599445,599445,599447,2,0
599445,599446,599447,1,1
599445,599445,599448,3,0
599445,599445,599447,2,0
599445,599445,599448,3,0
599445,599445,599448,3,0
599445,599445,599448,3,0
599445,599445,599448,3,0
599445,599445,599448,3,0
599445,599445,599448,3,0
599445,599445,599448,3,0
598622,598623,599453,830,1
599466,599467,599468,1,1
599466,599467,599468,1,1
599466,599467,599468,1,1
599466,599467,599468,1,1
599466,599467,599468,1,1
599466,599467,599468,1,1
599466,599467,599468,1,1
599466,599467,599468,1,1
599466,599467,599468,1,1
599466,599467,599468,1,1
599466,599467,599468,1,1
599466,599467,599468,1,1
599466,599467,599468,1,1
599466,599467,599468,1,1
599466,599467,599468,1,1
599466,599467,599468,1,1
599466,599467,599468,1,1
599466,599467,599468,1,1
599466,599467,599468,1,1
599466,599467,599468,1,1
599466,599467,599469,2,1
599466,599467,599468,1,1
599466,599467,599468,1,1
599466,599467,599468,1,1
599466,599467,599468,1,1
599466,599467,599468,1,1
599466,599467,599469,2,1
599466,599467,599468,1,1
599466,599467,599468,1,1
599466,599467,599468,1,1
599466,599467,599468,1,1
599466,599467,599468,1,1
599466,599467,599468,1,1
599466,599467,599468,1,1
599466,599467,599468,1,1
599466,599467,599468,1,1
599466,599467,599468,1,1
599466,599467,599469,2,1
599466,599467,599470,3,1
599466,599467,599469,2,1
599466,599467,599469,2,1
599466,599467,599469,2,1
599466,599467,599469,2,1
599466,599467,599469,2,1
599466,599467,599470,3,1
599466,599467,599470,3,1
599466,599467,599470,3,1
598140,598143,599475,1332,3
598664,598664,599514,850,0
599516,599516,599517,1,0
599516,599516,599517,1,0
599516,599516,599517,1,0
599516,599516,599517,1,0
599516,599516,599517,1,0
599516,599516,599517,1,0
599516,599516,599517,1,0
599516,599516,599517,1,0
599516,599516,599517,1,0
599516,599516,599517,1,0
599516,599516,599517,1,0
599516,599516,599517,1,0
599516,599516,599517,1,0
599516,599516,599517,1,0
599516,599516,599517,1,0
599516,599516,599517,1,0
599516,599516,599517,1,0
599516,599516,599517,1,0
599516,599516,599517,1,0
599516,599516,599518,2,0
599516,599516,599517,1,0
599516,599516,599518,2,0
599516,599516,599518,2,0
599516,599517,599518,1,1
599516,599516,599518,2,0
599516,599516,599518,2,0
599516,599517,599518,1,1
599516,599516,599518,2,0
599516,599517,599518,1,1
599516,599517,599518,1,1
599516,599517,599518,1,1
599516,599517,599518,1,1
599516,599517,599518,1,1
599516,599517,599518,1,1
599516,599516,599518,2,0
599516,599516,599518,2,0
599516,599516,599518,2,0
599516,599517,599518,1,1
599516,599517,599518,1,1
599516,599516,599518,2,0
599516,599517,599518,1,1
599516,599517,599518,1,1
599473,599477,599519,42,4
599516,599516,599519,3,0
599516,599516,599519,3,0
599516,599516,599519,3,0
599516,599516,599519,3,0
599516,599516,599519,3,0
599516,599517,599519,2,1
599516,599516,599519,3,0
599516,599517,599520,3,1
598682,598682,599525,843,0
599531,599531,599532,1,0
599531,599531,599532,1,0
599531,599531,599532,1,0
599531,599531,599532,1,0
599531,599531,599532,1,0
599531,599531,599532,1,0
599531,599531,599532,1,0
599531,599531,599532,1,0
599531,599531,599532,1,0
599531,599531,599532,1,0
599531,599531,599532,1,0
599531,599531,599532,1,0
599531,599531,599532,1,0
599531,599531,599532,1,0
599531,599531,599532,1,0
599531,599531,599532,1,0
599531,599531,599532,1,0
599531,599531,599532,1,0
599531,599531,599532,1,0
599531,599531,599532,1,0
599531,599531,599532,1,0
599531,599531,599532,1,0
599531,599531,599532,1,0
599531,599531,599532,1,0
599531,599531,599532,1,0
599531,599531,599532,1,0
599531,599531,599532,1,0
599531,599531,599532,1,0
599531,599531,599532,1,0
599531,599531,599532,1,0
599531,599531,599533,2,0
599531,599531,599532,1,0
599531,599531,599532,1,0
599531,599531,599532,1,0
599531,599531,599532,1,0
599531,599531,599532,1,0
599531,599531,599532,1,0
599531,599531,599532,1,0
599531,599531,599532,1,0
599531,599531,599532,1,0
599531,599531,599532,1,0
599531,599531,599532,1,0
599531,599531,599532,1,0
599531,599531,599532,1,0
599531,599531,599532,1,0
599531,599531,599532,1,0
599531,599531,599532,1,0
599531,599531,599533,2,0
599531,599531,599532,1,0
598679,598679,599534,855,0
599531,599531,599537,6,0
599536,599537,599538,1,1
599536,599537,599538,1,1
599536,599537,599538,1,1
599536,599537,599538,1,1
599536,599537,599538,1,1
599536,599537,599538,1,1
599536,599537,599538,1,1
599536,599537,599538,1,1
599536,599537,599538,1,1
599536,599537,599538,1,1
599536,599537,599538,1,1
599536,599537,599538,1,1
599536,599537,599538,1,1
599536,599537,599538,1,1
599536,599537,599538,1,1
599536,599537,599538,1,1
599536,599537,599538,1,1
599536,599537,599538,1,1
599536,599537,599538,1,1
599536,599537,599538,1,1
599536,599537,599538,1,1
599536,599537,599538,1,1
599536,599537,599538,1,1
599536,599537,599538,1,1
599536,599537,599538,1,1
599536,599537,599538,1,1
599536,599537,599538,1,1
599536,599537,599538,1,1
599536,599537,599538,1,1
599536,599537,599538,1,1
599536,599537,599538,1,1
599536,599537,599538,1,1
599536,599537,599538,1,1
599536,599537,599538,1,1
599536,599537,599538,1,1
599536,599537,599538,1,1
599536,599537,599538,1,1
599536,599537,599538,1,1
599536,599537,599538,1,1
599536,599537,599538,1,1
599536,599537,599538,1,1
599536,599537,599538,1,1
598738,598738,599551,813,0
599553,599554,599555,1,1
599553,599554,599555,1,1
599553,599554,599555,1,1
599553,599554,599555,1,1
599553,599554,599555,1,1
599553,599554,599555,1,1
599553,599554,599555,1,1
599553,599554,599555,1,1
599553,599554,599555,1,1
599553,599554,599555,1,1
599553,599554,599555,1,1
599553,599554,599555,1,1
599553,599554,599555,1,1
599553,599554,599555,1,1
599553,599554,599555,1,1
599553,599554,599555,1,1
599553,599554,599555,1,1
599553,599554,599555,1,1
599553,599554,599555,1,1
599553,599554,599555,1,1
599553,599554,599555,1,1
599553,599554,599555,1,1
599553,599554,599555,1,1
599553,599554,599555,1,1
599553,599554,599555,1,1
599553,599554,599555,1,1
599553,599554,599555,1,1
599553,599554,599555,1,1
599553,599554,599555,1,1
599553,599554,599555,1,1
599553,599554,599555,1,1
599553,599554,599555,1,1
599553,599554,599555,1,1
599553,599554,599555,1,1
599553,599554,599555,1,1
599553,599554,599555,1,1
599553,599554,599555,1,1
599553,599554,599555,1,1
599553,599554,599555,1,1
599553,599554,599555,1,1
599553,599554,599555,1,1
599553,599554,599556,2,1
599553,599554,599556,2,1
598756,598756,599556,800,0
599567,599567,599568,1,0
599567,599567,599568,1,0
599567,599567,599568,1,0
599567,599567,599568,1,0
599567,599567,599568,1,0
599567,599567,599568,1,0
599567,599567,599568,1,0
599567,599567,599568,1,0
599567,599567,599568,1,0
599567,599567,599568,1,0
599567,599567,599568,1,0
599567,599567,599568,1,0
599567,599567,599568,1,0
599567,599567,599568,1,0
599567,599567,599568,1,0
599567,599567,599568,1,0
599567,599567,599568,1,0
599567,599567,599568,1,0
599567,599567,599568,1,0
599567,599567,599568,1,0
599567,599567,599568,1,0
599567,599567,599568,1,0
599567,599567,599568,1,0
599567,599567,599568,1,0
599567,599567,599568,1,0
599567,599567,599568,1,0
599567,599567,599568,1,0
599567,599567,599568,1,0
599567,599567,599568,1,0
599567,599567,599568,1,0
599567,599567,599568,1,0
599567,599567,599568,1,0
599567,599567,599568,1,0
599567,599567,599568,1,0
599567,599567,599568,1,0
599567,599567,599568,1,0
599567,599567,599569,2,0
599567,599567,599569,2,0
599567,599567,599569,2,0
599567,599568,599570,2,1
599567,599568,599569,1,1
599567,599568,599574,6,1
599567,599568,599575,7,1
599567,599568,599575,7,1
599587,599587,599588,1,0
599587,599587,599588,1,0
599587,599587,599588,1,0
599587,599587,599588,1,0
599587,599587,599588,1,0
599587,599587,599588,1,0
599587,599587,599588,1,0
599587,599587,599588,1,0
599587,599587,599588,1,0
599587,599587,599588,1,0
599587,599587,599588,1,0
599587,599587,599588,1,0
599587,599587,599588,1,0
599587,599587,599588,1,0
599587,599587,599588,1,0
599587,599587,599588,1,0
599587,599587,599588,1,0
599587,599587,599588,1,0
599587,599587,599588,1,0
599587,599587,599588,1,0
599587,599587,599588,1,0
599587,599587,599588,1,0
599587,599587,599588,1,0
599587,599587,599588,1,0
599587,599587,599588,1,0
599587,599587,599588,1,0
599587,599587,599588,1,0
599587,599587,599588,1,0
599587,599587,599588,1,0
599587,599587,599588,1,0
599587,599587,599588,1,0
599587,599587,599588,1,0
599587,599587,599588,1,0
599587,599587,599588,1,0
599587,599587,599589,2,0
599587,599587,599589,2,0
599587,599587,599588,1,0
599587,599587,599588,1,0
599587,599587,599589,2,0
599587,599587,599588,1,0
599587,599587,599588,1,0
599587,599587,599589,2,0
599587,599587,599589,2,0
599587,599587,599589,2,0
599567,599589,599590,1,22
599567,599589,599590,1,22
599567,599589,599590,1,22
599567,599589,599590,1,22
599567,599589,599590,1,22
599567,599589,599590,1,22
599587,599587,599590,3,0
599587,599587,599590,3,0
599587,599587,599590,3,0
599587,599587,599591,4,0
599587,599587,599591,4,0
599587,599587,599591,4,0
599481,599522,599595,73,41
599593,599596,599603,7,3
599606,599606,599607,1,0
599606,599606,599607,1,0
599606,599606,599607,1,0
599606,599606,599607,1,0
599606,599606,599607,1,0
599606,599606,599607,1,0
599606,599606,599607,1,0
599606,599606,599607,1,0
599606,599606,599607,1,0
599606,599606,599607,1,0
599606,599606,599607,1,0
599606,599606,599607,1,0
599606,599606,599607,1,0
599606,599606,599607,1,0
599606,599606,599607,1,0
599606,599606,599607,1,0
599606,599606,599607,1,0
599606,599606,599607,1,0
599606,599606,599607,1,0
599606,599606,599607,1,0
599606,599606,599607,1,0
599606,599606,599607,1,0
599606,599606,599607,1,0
599606,599606,599607,1,0
599606,599606,599607,1,0
599606,599606,599607,1,0
599606,599606,599607,1,0
599606,599606,599607,1,0
599606,599606,599607,1,0
599606,599606,599607,1,0
599606,599606,599607,1,0
599606,599606,599607,1,0
599606,599606,599607,1,0
599606,599606,599607,1,0
599606,599606,599608,2,0
599606,599606,599607,1,0
599606,599606,599608,2,0
599606,599606,599608,2,0
599606,599606,599607,1,0
599606,599606,599608,2,0
599606,599606,599607,1,0
599606,599606,599608,2,0
599606,599606,599610,4,0
599606,599606,599610,4,0
599606,599606,599610,4,0
599606,599606,599610,4,0
599606,599606,599609,3,0
599606,599606,599610,4,0
599606,599606,599611,5,0
599606,599606,599611,5,0
599597,599607,599615,8,10
599614,599617,599622,5,3
598821,598821,599624,803,0
599624,599624,599625,1,0
599624,599624,599625,1,0
599624,599624,599625,1,0
599624,599624,599625,1,0
599624,599624,599625,1,0
599624,599624,599625,1,0
599624,599624,599625,1,0
599624,599624,599625,1,0
599624,599624,599625,1,0
599624,599624,599625,1,0
599624,599624,599625,1,0
599624,599624,599625,1,0
599624,599624,599625,1,0
599624,599624,599625,1,0
599624,599624,599625,1,0
599624,599624,599625,1,0
599624,599624,599625,1,0
599624,599624,599625,1,0
599624,599624,599625,1,0
599624,599624,599625,1,0
599624,599624,599625,1,0
599624,599624,599625,1,0
599624,599624,599625,1,0
599624,599624,599625,1,0
599624,599624,599625,1,0
599624,599624,599625,1,0
599624,599624,599625,1,0
599624,599624,599625,1,0
599624,599624,599625,1,0
599624,599624,599626,2,0
599624,599624,599625,1,0
599624,599624,599625,1,0
599624,599624,599625,1,0
599624,599624,599625,1,0
599624,599624,599625,1,0
599624,599624,599625,1,0
599624,599624,599625,1,0
599624,599624,599626,2,0
599624,599624,599626,2,0
598827,598827,599626,799,0
599624,599624,599626,2,0
599624,599624,599626,2,0
599624,599624,599627,3,0
599626,599627,599628,1,1
599626,599627,599628,1,1
599626,599627,599628,1,1
599626,599627,599628,1,1
599626,599627,599628,1,1
599626,599627,599628,1,1
599626,599627,599628,1,1
599626,599627,599628,1,1
599626,599627,599628,1,1
599626,599627,599628,1,1
599626,599627,599628,1,1
599626,599627,599628,1,1
599626,599627,599628,1,1
599626,599627,599628,1,1
599626,599627,599628,1,1
599626,599627,599628,1,1
599626,599627,599628,1,1
599626,599627,599628,1,1
599626,599627,599628,1,1
599626,599627,599628,1,1
599626,599627,599628,1,1
599626,599627,599628,1,1
599626,599627,599628,1,1
599626,599627,599628,1,1
599626,599627,599628,1,1
599626,599627,599628,1,1
599626,599627,599628,1,1
599626,599627,599628,1,1
599624,599624,599628,4,0
599624,599624,599628,4,0
599624,599624,599627,3,0
599624,599624,599628,4,0
599624,599624,599628,4,0
599626,599627,599628,1,1
599626,599627,599628,1,1
599626,599627,599629,2,1
599626,599627,599628,1,1
599626,599627,599628,1,1
599626,599627,599628,1,1
599626,599627,599628,1,1
599626,599627,599628,1,1
599626,599627,599628,1,1
599624,599624,599628,4,0
599624,599624,599629,5,0
599624,599624,599629,5,0
599626,599627,599629,2,1
599629,599629,599630,1,0
599629,599629,599630,1,0
599626,599627,599629,2,1
599629,599629,599630,1,0
599629,599629,599630,1,0
599629,599629,599630,1,0
599629,599629,599630,1,0
599629,599629,599630,1,0
599629,599629,599630,1,0
599629,599629,599630,1,0
599626,599627,599629,2,1
599629,599629,599630,1,0
599629,599629,599630,1,0
599629,599629,599630,1,0
599629,599629,599630,1,0
599629,599629,599630,1,0
599629,599629,599630,1,0
599629,599629,599630,1,0
599629,599629,599630,1,0
599629,599629,599630,1,0
599629,599629,599630,1,0
599629,599629,599630,1,0
599629,599629,599630,1,0
599629,599629,599630,1,0
599629,599629,599630,1,0
599629,599629,599630,1,0
599629,599629,599630,1,0
599629,599629,599630,1,0
599629,599629,599630,1,0
599629,599629,599630,1,0
599629,599629,599630,1,0
599629,599629,599630,1,0
599629,599629,599630,1,0
599629,599629,599630,1,0
599629,599629,599630,1,0
599629,599629,599630,1,0
599629,599629,599630,1,0
599629,599629,599630,1,0
599629,599629,599630,1,0
599629,599629,599630,1,0
599629,599629,599631,2,0
599629,599629,599631,2,0
599629,599629,599632,3,0
599629,599629,599631,2,0
599629,599629,599631,2,0
599629,599629,599631,2,0
599629,599629,599631,2,0
599629,599629,599632,3,0
599629,599629,599631,2,0
599629,599629,599632,3,0
599626,599637,599638,1,11
599626,599637,599638,1,11
599626,599637,599638,1,11
599626,599637,599638,1,11
599626,599637,599638,1,11
599626,599637,599638,1,11
599626,599637,599638,1,11
599637,599638,599639,1,1
599637,599638,599639,1,1
599637,599638,599639,1,1
599637,599638,599639,1,1
599637,599638,599639,1,1
599637,599638,599639,1,1
599637,599638,599639,1,1
599637,599638,599640,2,1
599637,599638,599639,1,1
599637,599638,599640,2,1
599637,599638,599641,3,1
599637,599638,599641,3,1
599637,599638,599641,3,1
599637,599638,599641,3,1
599637,599638,599641,3,1
599637,599638,599642,4,1
599637,599638,599642,4,1
599637,599638,599642,4,1
599651,599651,599652,1,0
599651,599651,599652,1,0
599651,599651,599652,1,0
599651,599651,599652,1,0
599651,599651,599652,1,0
599651,599651,599652,1,0
599651,599651,599652,1,0
599651,599651,599652,1,0
599651,599651,599652,1,0
599651,599651,599652,1,0
599651,599651,599652,1,0
599651,599651,599652,1,0
599651,599651,599652,1,0
599651,599651,599652,1,0
599651,599651,599654,3,0
599651,599651,599653,2,0
599651,599651,599653,2,0
599651,599651,599654,3,0
599651,599651,599654,3,0
599651,599651,599655,4,0
599651,599651,599655,4,0
599651,599651,599655,4,0
598862,598862,599658,796,0
599660,599660,599661,1,0
599660,599660,599661,1,0
599660,599660,599661,1,0
599660,599660,599661,1,0
599660,599660,599661,1,0
599660,599660,599661,1,0
599660,599660,599661,1,0
599660,599660,599661,1,0
599660,599660,599661,1,0
599660,599660,599661,1,0
599660,599660,599661,1,0
599660,599660,599661,1,0
599660,599660,599661,1,0
599660,599660,599661,1,0
599660,599661,599662,1,1
599660,599661,599662,1,1
599660,599660,599662,2,0
599660,599660,599662,2,0
599660,599660,599662,2,0
599660,599660,599661,1,0
599660,599660,599661,1,0
599660,599660,599661,1,0
599660,599660,599662,2,0
599660,599661,599662,1,1
599660,599661,599662,1,1
599660,599660,599661,1,0
599660,599660,599661,1,0
599660,599660,599662,2,0
599660,599660,599662,2,0
599660,599660,599661,1,0
599660,599660,599662,2,0
599660,599660,599661,1,0
599660,599660,599662,2,0
599660,599660,599663,3,0
599660,599661,599663,2,1
599660,599660,599662,2,0
599660,599660,599663,3,0
599660,599660,599663,3,0
599660,599660,599663,3,0
599660,599660,599663,3,0
599660,599660,599663,3,0
599663,599663,599664,1,0
599663,599663,599664,1,0
599663,599663,599664,1,0
599663,599663,599664,1,0
599663,599663,599664,1,0
599663,599663,599664,1,0
599663,599663,599664,1,0
599663,599663,599664,1,0
599663,599663,599664,1,0
599663,599663,599664,1,0
599663,599663,599664,1,0
599663,599663,599664,1,0
599663,599663,599664,1,0
599663,599663,599664,1,0
599663,599663,599664,1,0
599663,599663,599664,1,0
599663,599663,599664,1,0
599663,599663,599664,1,0
599663,599663,599664,1,0
599663,599663,599664,1,0
599663,599663,599664,1,0
599663,599663,599664,1,0
599663,599663,599664,1,0
599663,599663,599664,1,0
599663,599663,599664,1,0
599663,599663,599664,1,0
599663,599663,599664,1,0
599663,599663,599664,1,0
599663,599663,599664,1,0
599663,599663,599664,1,0
599663,599663,599664,1,0
599663,599663,599664,1,0
599663,599663,599664,1,0
599663,599663,599664,1,0
599663,599663,599664,1,0
599660,599661,599662,1,1
599660,599661,599664,3,1
599663,599663,599664,1,0
599663,599663,599664,1,0
599663,599663,599664,1,0
599663,599663,599664,1,0
599663,599663,599664,1,0
598791,598791,599664,873,0
599663,599663,599665,2,0
599663,599663,599665,2,0
599663,599663,599664,1,0
599663,599663,599665,2,0
599660,599661,599665,4,1
599663,599663,599666,3,0
599663,599663,599666,3,0
599663,599663,599666,3,0
599663,599663,599666,3,0
599663,599663,599666,3,0
599666,599666,599667,1,0
599666,599666,599667,1,0
599666,599666,599667,1,0
599663,599663,599667,4,0
599666,599666,599667,1,0
599666,599666,599667,1,0
599666,599666,599667,1,0
599666,599666,599667,1,0
599666,599666,599667,1,0
599666,599666,599667,1,0
599666,599666,599667,1,0
599666,599666,599667,1,0
599666,599666,599667,1,0
599666,599666,599667,1,0
599666,599666,599667,1,0
599666,599666,599667,1,0
599666,599666,599667,1,0
599666,599666,599667,1,0
599666,599666,599667,1,0
599666,599666,599667,1,0
599666,599666,599667,1,0
599666,599666,599667,1,0
599666,599666,599667,1,0
599666,599666,599667,1,0
599666,599666,599667,1,0
599666,599666,599667,1,0
599666,599666,599667,1,0
599666,599666,599667,1,0
599666,599666,599667,1,0
599666,599666,599667,1,0
599666,599666,599667,1,0
599666,599666,599667,1,0
599666,599666,599668,2,0
599666,599666,599668,2,0
599666,599667,599668,1,1
599666,599667,599668,1,1
599660,599661,599668,7,1
599666,599666,599667,1,0
599666,599666,599667,1,0
599666,599666,599667,1,0
599666,599666,599667,1,0
599666,599667,599668,1,1
599666,599667,599668,1,1
599666,599667,599668,1,1
599666,599666,599668,2,0
599666,599666,599668,2,0
599666,599666,599671,5,0
599666,599666,599672,6,0
598860,598860,599672,812,0
599674,599674,599675,1,0
599674,599674,599675,1,0
599674,599674,599675,1,0
599674,599674,599675,1,0
599674,599674,599675,1,0
599674,599674,599675,1,0
599674,599674,599675,1,0
599674,599674,599675,1,0
599674,599674,599675,1,0
599674,599674,599675,1,0
599674,599674,599675,1,0
599674,599674,599675,1,0
599674,599674,599675,1,0
599674,599674,599675,1,0
599674,599674,599675,1,0
599674,599674,599675,1,0
599674,599674,599675,1,0
599674,599674,599675,1,0
599674,599674,599675,1,0
599674,599674,599675,1,0
599674,599674,599675,1,0
599674,599674,599675,1,0
599674,599674,599675,1,0
599674,599674,599675,1,0
599674,599674,599675,1,0
599674,599674,599675,1,0
599674,599674,599675,1,0
599674,599674,599675,1,0
599674,599674,599675,1,0
599674,599674,599675,1,0
599674,599674,599675,1,0
599674,599674,599675,1,0
599674,599674,599675,1,0
599674,599674,599675,1,0
599674,599675,599676,1,1
599674,599674,599676,2,0
599674,599674,599676,2,0
599674,599674,599676,2,0
599674,599674,599676,2,0
599674,599674,599676,2,0
599674,599674,599677,3,0
599674,599674,599677,3,0
599679,599680,599681,1,1
599679,599680,599681,1,1
599679,599679,599680,1,0
599679,599679,599681,2,0
599679,599680,599681,1,1
599679,599680,599681,1,1
599679,599679,599680,1,0
599679,599680,599681,1,1
599679,599680,599681,1,1
599679,599679,599680,1,0
599679,599680,599681,1,1
599679,599680,599681,1,1
599679,599680,599681,1,1
599679,599679,599680,1,0
599679,599680,599681,1,1
599679,599680,599681,1,1
599679,599680,599681,1,1
599679,599679,599680,1,0
599679,599679,599681,2,0
599679,599680,599681,1,1
599679,599680,599681,1,1
599679,599680,599681,1,1
599679,599679,599681,2,0
599679,599679,599681,2,0
599679,599680,599681,1,1
599679,599680,599681,1,1
599679,599680,599681,1,1
599679,599680,599681,1,1
599679,599679,599681,2,0
599679,599680,599681,1,1
599679,599680,599681,1,1
599679,599680,599682,2,1
599679,599680,599681,1,1
598882,598883,599681,798,1
599679,599679,599682,3,0
599679,599680,599681,1,1
599679,599680,599681,1,1
599679,599679,599682,3,0
599679,599680,599682,2,1
599679,599679,599682,3,0
599679,599680,599682,2,1
599679,599680,599683,3,1
599679,599680,599683,3,1
599679,599680,599683,3,1
599679,599680,599683,3,1
599686,599686,599687,1,0
599686,599686,599687,1,0
599686,599686,599687,1,0
599686,599686,599687,1,0
599686,599686,599687,1,0
599686,599687,599688,1,1
599686,599686,599687,1,0
599686,599686,599687,1,0
599686,599686,599687,1,0
599686,599686,599687,1,0
599686,599686,599687,1,0
599686,599686,599687,1,0
599686,599686,599687,1,0
599686,599686,599687,1,0
599686,599686,599687,1,0
599686,599686,599687,1,0
599686,599686,599687,1,0
599686,599686,599687,1,0
599686,599686,599687,1,0
599686,599686,599687,1,0
599686,599686,599688,2,0
599686,599686,599687,1,0
599686,599687,599688,1,1
599686,599687,599688,1,1
599686,599686,599688,2,0
599688,599689,599690,1,1
599688,599689,599690,1,1
599688,599689,599690,1,1
599688,599689,599690,1,1
599688,599689,599690,1,1
599688,599689,599690,1,1
599688,599689,599690,1,1
599688,599689,599690,1,1
599688,599689,599690,1,1
599688,599689,599690,1,1
599688,599689,599690,1,1
599688,599689,599690,1,1
599688,599689,599690,1,1
599688,599689,599690,1,1
599688,599689,599690,1,1
599688,599689,599690,1,1
599688,599689,599690,1,1
599688,599689,599690,1,1
599688,599689,599690,1,1
599688,599689,599690,1,1
599688,599689,599690,1,1
599688,599689,599690,1,1
599688,599689,599691,2,1
599688,599689,599690,1,1
599688,599689,599690,1,1
599688,599689,599690,1,1
599688,599689,599691,2,1
599688,599689,599690,1,1
599688,599689,599690,1,1
599688,599689,599690,1,1
599688,599689,599690,1,1
599688,599689,599690,1,1
599688,599689,599690,1,1
599688,599689,599690,1,1
599688,599689,599691,2,1
599688,599689,599690,1,1
599688,599689,599690,1,1
599688,599689,599690,1,1
599688,599689,599690,1,1
599688,599689,599690,1,1
599688,599689,599692,3,1
599688,599689,599692,3,1
599688,599689,599692,3,1
599688,599689,599692,3,1
599688,599689,599692,3,1
599688,599689,599692,3,1
599688,599689,599692,3,1
599695,599695,599696,1,0
599695,599695,599696,1,0
599695,599695,599696,1,0
599695,599695,599696,1,0
599695,599695,599696,1,0
599695,599695,599696,1,0
599695,599695,599696,1,0
599695,599695,599696,1,0
599695,599695,599696,1,0
599695,599695,599696,1,0
599695,599695,599696,1,0
599695,599695,599696,1,0
599695,599695,599696,1,0
599695,599695,599696,1,0
599695,599695,599696,1,0
599695,599695,599696,1,0
599695,599695,599696,1,0
599695,599695,599696,1,0
599695,599695,599696,1,0
599695,599695,599696,1,0
599695,599695,599696,1,0
599679,599699,599700,1,20
599701,599701,599702,1,0
599701,599701,599702,1,0
599701,599701,599702,1,0
599701,599701,599702,1,0
599701,599701,599702,1,0
599701,599701,599702,1,0
599701,599701,599702,1,0
599701,599701,599702,1,0
599701,599701,599702,1,0
599701,599701,599702,1,0
599701,599701,599702,1,0
599701,599701,599702,1,0
599701,599701,599702,1,0
599701,599701,599702,1,0
599701,599701,599702,1,0
599701,599701,599702,1,0
599701,599701,599702,1,0
599701,599701,599702,1,0
599701,599701,599702,1,0
599701,599701,599702,1,0
599701,599701,599702,1,0
599701,599701,599702,1,0
599701,599701,599702,1,0
599701,599701,599702,1,0
599701,599701,599702,1,0
599701,599701,599702,1,0
599701,599701,599702,1,0
599701,599701,599702,1,0
599701,599701,599702,1,0
599701,599701,599702,1,0
599701,599701,599702,1,0
599701,599701,599702,1,0
599701,599701,599702,1,0
599701,599701,599702,1,0
599701,599701,599702,1,0
599701,599701,599702,1,0
599701,599701,599702,1,0
599701,599701,599702,1,0
599701,599701,599702,1,0
599701,599701,599702,1,0
599701,599701,599702,1,0
599701,599701,599702,1,0
599701,599701,599702,1,0
599701,599701,599702,1,0
599701,599701,599702,1,0
599701,599701,599702,1,0
599701,599701,599702,1,0
599701,599701,599702,1,0
599679,599700,599702,2,21
599707,599707,599708,1,0
599707,599707,599708,1,0
599707,599707,599708,1,0
599707,599707,599708,1,0
599707,599707,599708,1,0
599707,599707,599708,1,0
599707,599707,599708,1,0
599707,599707,599708,1,0
599707,599707,599708,1,0
599707,599707,599708,1,0
599707,599707,599708,1,0
599707,599707,599708,1,0
599707,599707,599708,1,0
599707,599707,599708,1,0
599707,599707,599708,1,0
599707,599707,599708,1,0
599707,599707,599708,1,0
599707,599707,599708,1,0
599707,599707,599708,1,0
599707,599707,599708,1,0
599707,599707,599708,1,0
599707,599707,599708,1,0
599707,599707,599708,1,0
599707,599707,599708,1,0
599707,599707,599708,1,0
599707,599707,599708,1,0
599707,599707,599708,1,0
599707,599707,599708,1,0
599707,599707,599708,1,0
599707,599707,599708,1,0
599707,599707,599708,1,0
599707,599707,599708,1,0
599707,599707,599708,1,0
599707,599707,599708,1,0
599707,599707,599708,1,0
599707,599707,599708,1,0
599707,599707,599708,1,0
599707,599707,599708,1,0
599707,599707,599708,1,0
599707,599707,599708,1,0
599707,599707,599708,1,0
599707,599707,599708,1,0
599707,599707,599708,1,0
599707,599707,599708,1,0
599707,599707,599708,1,0
599707,599707,599708,1,0
599707,599707,599708,1,0
599707,599707,599708,1,0
599707,599707,599708,1,0
598923,598924,599732,808,1
598909,598909,599733,824,0
599734,599734,599735,1,0
599734,599734,599735,1,0
599734,599734,599735,1,0
599734,599734,599735,1,0
599734,599734,599735,1,0
599734,599734,599735,1,0
599734,599734,599735,1,0
599734,599734,599735,1,0
599734,599734,599735,1,0
599734,599734,599735,1,0
599734,599734,599735,1,0
599734,599734,599735,1,0
599734,599734,599735,1,0
599734,599734,599735,1,0
599734,599734,599735,1,0
599734,599734,599735,1,0
599734,599734,599735,1,0
599734,599734,599735,1,0
599734,599734,599735,1,0
599734,599734,599735,1,0
599734,599734,599735,1,0
599734,599734,599735,1,0
599734,599734,599735,1,0
599734,599734,599735,1,0
599734,599734,599735,1,0
599734,599734,599735,1,0
599734,599734,599735,1,0
599734,599734,599735,1,0
599734,599734,599735,1,0
599734,599734,599735,1,0
599734,599734,599735,1,0
599734,599734,599735,1,0
599734,599734,599735,1,0
599734,599734,599735,1,0
599734,599734,599735,1,0
599734,599734,599735,1,0
599734,599734,599735,1,0
599734,599734,599735,1,0
599734,599734,599735,1,0
599734,599734,599735,1,0
599734,599734,599737,3,0
599735,599736,599737,1,1
599735,599736,599737,1,1
599735,599736,599737,1,1
599735,599736,599737,1,1
599735,599736,599737,1,1
599735,599736,599737,1,1
599735,599736,599737,1,1
599734,599734,599736,2,0
599735,599736,599737,1,1
599735,599736,599737,1,1
599735,599736,599737,1,1
599735,599736,599737,1,1
599735,599736,599737,1,1
599735,599736,599737,1,1
599735,599736,599737,1,1
599734,599734,599736,2,0
599735,599736,599737,1,1
599735,599736,599737,1,1
599735,599736,599737,1,1
599735,599736,599737,1,1
599734,599734,599736,2,0
599734,599734,599736,2,0
599735,599736,599737,1,1
599735,599736,599737,1,1
599735,599736,599737,1,1
599735,599736,599737,1,1
599735,599736,599737,1,1
599735,599736,599737,1,1
599735,599736,599737,1,1
599735,599736,599737,1,1
599735,599736,599737,1,1
599735,599736,599737,1,1
599735,599736,599737,1,1
599735,599736,599737,1,1
599735,599736,599737,1,1
599735,599736,599737,1,1
599735,599736,599737,1,1
599734,599734,599737,3,0
599734,599734,599737,3,0
599735,599736,599738,2,1
599735,599736,599737,1,1
599735,599736,599737,1,1
599735,599736,599737,1,1
599735,599736,599737,1,1
599734,599734,599737,3,0
599735,599736,599738,2,1
599735,599736,599738,2,1
599735,599736,599737,1,1
599734,599734,599737,3,0
599735,599736,599738,2,1
599734,599734,599738,4,0
599735,599736,599737,1,1
598971,598971,599756,785,0
599757,599758,599759,1,1
599757,599758,599759,1,1
599757,599758,599759,1,1
599757,599758,599759,1,1
599757,599758,599759,1,1
599757,599758,599759,1,1
599757,599758,599759,1,1
599757,599758,599759,1,1
599757,599758,599759,1,1
599757,599758,599759,1,1
599757,599758,599759,1,1
599757,599758,599759,1,1
599757,599758,599759,1,1
599757,599758,599759,1,1
599757,599758,599759,1,1
599757,599758,599759,1,1
599757,599758,599759,1,1
599757,599758,599759,1,1
599757,599758,599759,1,1
599757,599758,599759,1,1
599757,599758,599759,1,1
599757,599758,599759,1,1
599757,599758,599759,1,1
599757,599758,599759,1,1
599757,599758,599759,1,1
599757,599758,599759,1,1
599757,599758,599759,1,1
599757,599758,599759,1,1
599757,599758,599759,1,1
599757,599758,599759,1,1
599757,599758,599759,1,1
599757,599758,599759,1,1
599757,599758,599759,1,1
599757,599758,599759,1,1
599757,599758,599759,1,1
599757,599758,599759,1,1
598949,598949,599777,828,0
599778,599778,599779,1,0
599778,599778,599779,1,0
599778,599778,599779,1,0
599778,599778,599779,1,0
599778,599778,599779,1,0
599778,599778,599779,1,0
599778,599778,599779,1,0
599778,599778,599779,1,0
599778,599778,599779,1,0
599778,599778,599779,1,0
599778,599778,599779,1,0
599778,599778,599779,1,0
599778,599778,599779,1,0
599778,599778,599779,1,0
599778,599778,599779,1,0
599778,599778,599779,1,0
599778,599778,599779,1,0
599778,599778,599779,1,0
599778,599778,599779,1,0
599778,599778,599779,1,0
599778,599778,599779,1,0
599778,599778,599780,2,0
599778,599778,599779,1,0
599778,599778,599779,1,0
599778,599778,599779,1,0
599778,599778,599779,1,0
599778,599778,599779,1,0
599778,599778,599779,1,0
599778,599778,599779,1,0
599778,599778,599779,1,0
599778,599778,599779,1,0
599778,599778,599779,1,0
599778,599778,599779,1,0
599778,599778,599779,1,0
599778,599778,599779,1,0
599778,599778,599779,1,0
599778,599778,599779,1,0
599778,599778,599779,1,0
599778,599778,599779,1,0
599778,599778,599779,1,0
599778,599778,599779,1,0
599778,599778,599779,1,0
599778,599778,599780,2,0
599778,599778,599779,1,0
599778,599778,599779,1,0
599778,599778,599779,1,0
599778,599778,599779,1,0
599778,599778,599780,2,0
599778,599778,599779,1,0
599778,599778,599780,2,0
599003,599003,599804,801,0
599805,599805,599806,1,0
599805,599805,599806,1,0
599805,599805,599806,1,0
599805,599805,599806,1,0
599805,599805,599806,1,0
599805,599805,599806,1,0
599805,599805,599806,1,0
599805,599805,599806,1,0
599805,599805,599806,1,0
599805,599805,599806,1,0
599805,599805,599806,1,0
599805,599805,599806,1,0
599805,599805,599806,1,0
599805,599805,599806,1,0
599805,599805,599806,1,0
599805,599805,599806,1,0
599805,599805,599806,1,0
599805,599805,599806,1,0
599805,599805,599806,1,0
599805,599805,599806,1,0
599805,599805,599806,1,0
599805,599805,599806,1,0
599805,599805,599806,1,0
599805,599805,599806,1,0
599805,599805,599806,1,0
599805,599805,599806,1,0
599805,599805,599806,1,0
599805,599805,599806,1,0
599805,599805,599806,1,0
599805,599805,599806,1,0
599805,599805,599806,1,0
599805,599805,599806,1,0
599805,599805,599806,1,0
599805,599805,599806,1,0
599805,599805,599806,1,0
599805,599805,599806,1,0
599805,599805,599806,1,0
599805,599805,599806,1,0
599805,599805,599806,1,0
599805,599805,599806,1,0
599805,599805,599806,1,0
599805,599805,599807,2,0
599805,599805,599806,1,0
599805,599805,599806,1,0
599805,599805,599806,1,0
599805,599805,599806,1,0
599805,599805,599806,1,0
599805,599805,599806,1,0
599805,599805,599806,1,0
599805,599805,599806,1,0
598951,598951,599867,916,0
599868,599868,599869,1,0
599868,599868,599869,1,0
599868,599868,599869,1,0
599868,599868,599869,1,0
599868,599868,599869,1,0
599868,599868,599869,1,0
599868,599868,599869,1,0
599868,599868,599869,1,0
599868,599868,599869,1,0
599868,599868,599869,1,0
599868,599868,599869,1,0
599868,599868,599869,1,0
599868,599868,599869,1,0
599868,599868,599869,1,0
599868,599868,599869,1,0
599868,599868,599869,1,0
599868,599868,599869,1,0
599868,599868,599869,1,0
599868,599868,599869,1,0
599868,599868,599869,1,0
599868,599868,599869,1,0
599868,599868,599869,1,0
599868,599868,599869,1,0
599868,599868,599869,1,0
599868,599868,599869,1,0
599868,599868,599869,1,0
599868,599868,599869,1,0
599868,599868,599869,1,0
599868,599868,599869,1,0
599868,599868,599869,1,0
599868,599868,599869,1,0
599868,599868,599869,1,0
599868,599868,599870,2,0
599868,599868,599870,2,0
599868,599868,599869,1,0
599868,599868,599869,1,0
599868,599868,599869,1,0
599868,599868,599870,2,0
599868,599868,599870,2,0
599868,599868,599869,1,0
599868,599868,599870,2,0
599868,599868,599870,2,0
599868,599868,599870,2,0
599868,599868,599870,2,0
599868,599868,599870,2,0
599868,599868,599870,2,0
599868,599868,599870,2,0
599868,599868,599870,2,0
599868,599869,599870,1,1
599868,599868,599871,3,0
599661,599663,599893,230,2
599891,599894,599935,41,3
599899,599938,600004,66,39
600003,600005,600011,6,2
600007,600015,600023,8,8
600022,600024,600030,6,2
599390,599390,600183,793,0
600185,600185,600186,1,0
600185,600185,600186,1,0
600185,600185,600186,1,0
600185,600185,600186,1,0
600185,600185,600186,1,0
600185,600185,600186,1,0
600185,600185,600186,1,0
600185,600185,600186,1,0
600185,600185,600186,1,0
600185,600185,600186,1,0
600185,600185,600186,1,0
600185,600185,600186,1,0
600185,600185,600187,2,0
600185,600185,600186,1,0
600185,600185,600186,1,0
600185,600185,600187,2,0
600185,600185,600186,1,0
600185,600185,600186,1,0
600185,600185,600186,1,0
600185,600185,600186,1,0
600185,600185,600186,1,0
600185,600185,600186,1,0
600185,600185,600186,1,0
600185,600185,600186,1,0
600185,600185,600186,1,0
600185,600185,600186,1,0
600185,600185,600186,1,0
600185,600185,600186,1,0
600185,600185,600186,1,0
600185,600185,600186,1,0
600185,600185,600187,2,0
600185,600185,600186,1,0
600185,600185,600186,1,0
600185,600185,600186,1,0
600185,600185,600186,1,0
600185,600185,600186,1,0
600185,600185,600186,1,0
600185,600185,600186,1,0
600185,600185,600187,2,0
600185,600185,600186,1,0
600185,600185,600186,1,0
600185,600185,600187,2,0
600185,600186,600188,2,1
600185,600185,600187,2,0
600185,600185,600188,3,0
600185,600185,600187,2,0
599446,599446,600274,828,0
600276,600276,600277,1,0
600276,600276,600277,1,0
600276,600276,600277,1,0
600276,600276,600277,1,0
600276,600276,600277,1,0
600276,600276,600277,1,0
600276,600276,600278,2,0
600276,600276,600277,1,0
600276,600276,600277,1,0
600276,600276,600277,1,0
600276,600276,600277,1,0
600276,600276,600278,2,0
600276,600276,600277,1,0
600276,600276,600277,1,0
600276,600276,600277,1,0
600276,600276,600277,1,0
600276,600276,600277,1,0
600276,600276,600277,1,0
600276,600276,600277,1,0
600276,600276,600278,2,0
600276,600276,600277,1,0
600276,600276,600277,1,0
600276,600276,600277,1,0
600276,600276,600277,1,0
600276,600276,600277,1,0
600276,600276,600277,1,0
600276,600276,600277,1,0
600276,600276,600278,2,0
600276,600276,600278,2,0
600276,600276,600277,1,0
600276,600276,600277,1,0
600276,600276,600277,1,0
600276,600276,600277,1,0
600276,600276,600277,1,0
600276,600276,600277,1,0
600276,600276,600277,1,0
600276,600276,600277,1,0
600276,600276,600277,1,0
600276,600276,600277,1,0
600276,600276,600278,2,0
600276,600276,600277,1,0
600276,600276,600277,1,0
600276,600276,600279,3,0
600276,600276,600279,3,0
600276,600276,600278,2,0
600276,600276,600278,2,0
600276,600276,600279,3,0
600276,600276,600279,3,0
600276,600276,600280,4,0
600276,600276,600279,3,0
599468,599468,600302,834,0
600303,600303,600304,1,0
600303,600303,600304,1,0
600303,600303,600304,1,0
600303,600303,600304,1,0
600303,600303,600304,1,0
600303,600303,600304,1,0
600303,600303,600304,1,0
600303,600303,600305,2,0
600303,600303,600305,2,0
600303,600303,600304,1,0
600303,600303,600304,1,0
600303,600303,600304,1,0
600303,600303,600304,1,0
600303,600303,600304,1,0
600303,600303,600305,2,0
600303,600303,600305,2,0
600303,600303,600305,2,0
600303,600303,600305,2,0
600303,600303,600305,2,0
600303,600303,600305,2,0
600303,600303,600305,2,0
600303,600303,600305,2,0
600303,600303,600305,2,0
600303,600303,600305,2,0
600303,600303,600304,1,0
600303,600303,600305,2,0
600303,600303,600305,2,0
600303,600303,600305,2,0
600303,600303,600305,2,0
600303,600303,600305,2,0
600303,600303,600305,2,0
600303,600303,600305,2,0
600303,600303,600305,2,0
600303,600303,600305,2,0
600303,600303,600305,2,0
600303,600303,600305,2,0
600303,600303,600305,2,0
600303,600303,600305,2,0
600303,600303,600305,2,0
600303,600303,600305,2,0
600303,600303,600306,3,0
600303,600303,600306,3,0
600303,600303,600305,2,0
600303,600303,600306,3,0
600303,600303,600307,4,0
600303,600303,600306,3,0
600303,600303,600306,3,0
600303,600303,600307,4,0
600303,600303,600307,4,0
600303,600303,600307,4,0
599518,599518,600317,799,0
600323,600324,600325,1,1
600323,600324,600325,1,1
600323,600324,600325,1,1
600323,600324,600325,1,1
600323,600324,600325,1,1
600323,600324,600325,1,1
600323,600324,600325,1,1
600323,600324,600325,1,1
600323,600324,600325,1,1
600323,600324,600325,1,1
600323,600324,600325,1,1
600323,600324,600325,1,1
600323,600324,600325,1,1
600323,600324,600325,1,1
600323,600324,600325,1,1
600323,600324,600325,1,1
600323,600324,600325,1,1
600323,600324,600325,1,1
600323,600324,600325,1,1
600323,600324,600325,1,1
600323,600324,600325,1,1
600323,600324,600325,1,1
600323,600324,600325,1,1
600323,600324,600325,1,1
600323,600324,600325,1,1
600323,600324,600325,1,1
600323,600324,600325,1,1
600323,600324,600325,1,1
600323,600324,600325,1,1
600323,600324,600325,1,1
600323,600324,600325,1,1
600323,600324,600325,1,1
600323,600324,600325,1,1
600323,600324,600326,2,1
600323,600324,600327,3,1
600323,600324,600327,3,1
600323,600324,600327,3,1
600323,600324,600326,2,1
600323,600324,600326,2,1
600323,600324,600327,3,1
600323,600324,600327,3,1
600323,600324,600327,3,1
600323,600324,600327,3,1
600323,600324,600327,3,1
600323,600324,600327,3,1
600323,600324,600327,3,1
599568,599568,600358,790,0
600359,600359,600360,1,0
600359,600359,600360,1,0
600359,600359,600360,1,0
600359,600359,600360,1,0
600359,600359,600360,1,0
600359,600359,600360,1,0
600359,600359,600360,1,0
600359,600359,600360,1,0
600359,600359,600360,1,0
600359,600359,600360,1,0
600359,600359,600360,1,0
600359,600359,600360,1,0
600359,600359,600360,1,0
600359,600359,600360,1,0
600359,600359,600360,1,0
600359,600359,600360,1,0
600359,600359,600360,1,0
600359,600359,600360,1,0
600359,600359,600360,1,0
600359,600359,600360,1,0
600359,600359,600360,1,0
600359,600359,600360,1,0
600359,600359,600360,1,0
600359,600359,600360,1,0
600359,600359,600360,1,0
600359,600359,600360,1,0
600359,600359,600360,1,0
600359,600359,600361,2,0
600359,600359,600360,1,0
600359,600359,600361,2,0
600359,600359,600360,1,0
600359,600359,600361,2,0
600359,600359,600361,2,0
600359,600359,600360,1,0
600359,600359,600361,2,0
600359,600359,600361,2,0
600359,600359,600361,2,0
600359,600359,600361,2,0
600359,600359,600360,1,0
600359,600359,600361,2,0
600359,600359,600360,1,0
600359,600359,600360,1,0
600359,600359,600361,2,0
600359,600359,600361,2,0
600359,600359,600361,2,0
600359,600359,600361,2,0
600359,600359,600361,2,0
600359,600359,600361,2,0
600359,600359,600361,2,0
600359,600359,600361,2,0
599532,599532,600362,830,0
599538,599538,600366,828,0
600374,600374,600375,1,0
600374,600374,600375,1,0
600374,600374,600375,1,0
600374,600374,600375,1,0
600374,600374,600375,1,0
600374,600374,600375,1,0
600374,600374,600375,1,0
600374,600374,600375,1,0
600374,600374,600375,1,0
600374,600374,600375,1,0
600374,600374,600375,1,0
600374,600374,600375,1,0
600374,600374,600375,1,0
600374,600374,600376,2,0
600374,600374,600376,2,0
600374,600374,600376,2,0
600374,600374,600376,2,0
600374,600374,600375,1,0
600374,600374,600375,1,0
600374,600374,600376,2,0
600374,600374,600375,1,0
600374,600374,600375,1,0
600375,600375,600376,1,0
600375,600375,600376,1,0
600374,600374,600375,1,0
600374,600374,600375,1,0
600374,600374,600375,1,0
600374,600374,600376,2,0
600374,600374,600375,1,0
600374,600374,600375,1,0
600374,600374,600375,1,0
600374,600374,600375,1,0
600374,600374,600375,1,0
600374,600374,600375,1,0
600374,600374,600375,1,0
600374,600374,600375,1,0
600374,600374,600375,1,0
600375,600375,600376,1,0
600375,600375,600376,1,0
600375,600375,600376,1,0
600374,600374,600376,2,0
600374,600374,600375,1,0
600374,600374,600375,1,0
600375,600375,600376,1,0
600375,600375,600376,1,0
600375,600375,600376,1,0
600374,600374,600375,1,0
600374,600374,600375,1,0
600375,600375,600376,1,0
600375,600375,600376,1,0
600375,600375,600376,1,0
600375,600375,600376,1,0
600375,600375,600376,1,0
600375,600375,600376,1,0
600375,600375,600377,2,0
600375,600375,600377,2,0
600375,600375,600376,1,0
600374,600374,600376,2,0
600375,600375,600376,1,0
600375,600375,600376,1,0
600375,600375,600376,1,0
600375,600375,600376,1,0
600375,600375,600376,1,0
600375,600375,600377,2,0
600375,600375,600377,2,0
600375,600375,600376,1,0
600375,600375,600376,1,0
600375,600376,600377,1,1
600375,600376,600377,1,1
600375,600375,600376,1,0
600375,600376,600377,1,1
600375,600376,600377,1,1
600374,600374,600377,3,0
600375,600375,600376,1,0
600375,600376,600377,1,1
600375,600376,600377,1,1
600375,600376,600377,1,1
600374,600374,600377,3,0
600375,600375,600377,2,0
600375,600376,600377,1,1
600375,600376,600377,1,1
600374,600374,600377,3,0
600374,600374,600377,3,0
600375,600376,600377,1,1
600375,600376,600377,1,1
600375,600376,600377,1,1
600375,600376,600377,1,1
600375,600375,600378,3,0
600375,600375,600378,3,0
600374,600374,600377,3,0
600375,600375,600378,3,0
600375,600375,600377,2,0
600374,600374,600377,3,0
600375,600375,600378,3,0
600374,600374,600378,4,0
600374,600374,600378,4,0
600374,600374,600378,4,0
599555,599555,600378,823,0
600375,600375,600378,3,0
600375,600375,600378,3,0
600375,600375,600378,3,0
600392,600392,600393,1,0
600392,600392,600393,1,0
600392,600392,600393,1,0
600392,600392,600393,1,0
600392,600392,600393,1,0
600392,600392,600393,1,0
600392,600392,600393,1,0
600392,600392,600393,1,0
600392,600392,600393,1,0
600392,600392,600393,1,0
600392,600392,600393,1,0
600392,600392,600393,1,0
600392,600392,600393,1,0
600392,600392,600393,1,0
600392,600392,600393,1,0
600392,600392,600393,1,0
600392,600392,600393,1,0
600392,600392,600393,1,0
600392,600392,600393,1,0
600392,600392,600393,1,0
600392,600392,600393,1,0
600392,600392,600393,1,0
600392,600392,600394,2,0
600392,600392,600394,2,0
600392,600392,600393,1,0
600392,600392,600393,1,0
600392,600392,600394,2,0
600392,600392,600394,2,0
600392,600392,600394,2,0
600392,600392,600394,2,0
600392,600392,600394,2,0
600392,600392,600394,2,0
600392,600392,600394,2,0
600392,600392,600394,2,0
600392,600392,600394,2,0
600392,600392,600394,2,0
600392,600392,600394,2,0
600392,600392,600394,2,0
600392,600392,600394,2,0
600392,600392,600393,1,0
600392,600392,600393,1,0
600392,600392,600393,1,0
600392,600392,600394,2,0
600392,600392,600394,2,0
600392,600392,600394,2,0
600392,600392,600394,2,0
600392,600392,600394,2,0
600392,600392,600394,2,0
600392,600392,600395,3,0
600392,600392,600394,2,0
599661,599661,600440,779,0
600441,600441,600442,1,0
600441,600441,600442,1,0
600441,600441,600442,1,0
600441,600441,600442,1,0
600441,600441,600442,1,0
600441,600441,600442,1,0
600441,600441,600442,1,0
600441,600441,600442,1,0
600441,600441,600442,1,0
600441,600441,600442,1,0
600441,600441,600442,1,0
600441,600441,600442,1,0
600441,600441,600442,1,0
600441,600441,600442,1,0
600441,600441,600442,1,0
600441,600441,600442,1,0
600441,600441,600442,1,0
600441,600441,600442,1,0
600441,600441,600442,1,0
600441,600441,600442,1,0
600441,600441,600442,1,0
600441,600441,600442,1,0
600441,600441,600442,1,0
600441,600441,600442,1,0
600441,600441,600442,1,0
600441,600441,600442,1,0
600441,600441,600442,1,0
600441,600441,600442,1,0
600441,600441,600442,1,0
600441,600441,600442,1,0
600441,600441,600442,1,0
600441,600441,600442,1,0
600441,600441,600442,1,0
600441,600441,600442,1,0
600441,600441,600442,1,0
600441,600441,600442,1,0
600441,600441,600442,1,0
600441,600441,600442,1,0
600441,600441,600442,1,0
600441,600441,600442,1,0
600441,600441,600442,1,0
600441,600441,600442,1,0
600441,600441,600442,1,0
600441,600441,600442,1,0
600441,600441,600442,1,0
600441,600441,600442,1,0
600441,600441,600442,1,0
600441,600441,600442,1,0
600441,600441,600442,1,0
600441,600441,600442,1,0
599630,599630,600445,815,0
600453,600453,600454,1,0
600453,600453,600454,1,0
600453,600453,600454,1,0
600453,600453,600454,1,0
600453,600453,600454,1,0
600453,600453,600454,1,0
600453,600453,600454,1,0
600453,600453,600454,1,0
600453,600453,600454,1,0
600453,600453,600454,1,0
600453,600453,600454,1,0
600453,600453,600454,1,0
600453,600453,600454,1,0
600453,600453,600454,1,0
600453,600453,600454,1,0
600453,600453,600454,1,0
600453,600453,600454,1,0
600453,600453,600454,1,0
600453,600453,600454,1,0
600453,600453,600454,1,0
600453,600453,600454,1,0
600453,600453,600454,1,0
600453,600453,600454,1,0
600453,600453,600454,1,0
600453,600453,600454,1,0
600453,600453,600454,1,0
600453,600453,600454,1,0
600453,600453,600454,1,0
600453,600453,600454,1,0
600453,600453,600454,1,0
600453,600453,600454,1,0
600453,600453,600454,1,0
600453,600453,600454,1,0
600453,600453,600454,1,0
600453,600453,600454,1,0
600453,600453,600454,1,0
600453,600453,600454,1,0
600453,600453,600454,1,0
600453,600453,600454,1,0
600453,600453,600454,1,0
600453,600453,600454,1,0
600453,600453,600454,1,0
600453,600453,600454,1,0
600453,600453,600454,1,0
600453,600453,600454,1,0
600453,600453,600454,1,0
600453,600453,600454,1,0
600453,600453,600454,1,0
600453,600453,600454,1,0
599628,599628,600482,854,0
600483,600483,600484,1,0
600483,600483,600484,1,0
600483,600483,600484,1,0
600483,600483,600484,1,0
600483,600483,600484,1,0
600483,600483,600484,1,0
600483,600483,600484,1,0
600483,600483,600484,1,0
600483,600483,600484,1,0
600483,600483,600484,1,0
600483,600483,600484,1,0
600483,600483,600484,1,0
600483,600483,600484,1,0
600483,600483,600484,1,0
600483,600483,600484,1,0
600483,600483,600484,1,0
600483,600483,600484,1,0
600483,600483,600484,1,0
600483,600483,600484,1,0
600483,600483,600484,1,0
600483,600483,600484,1,0
600483,600483,600485,2,0
600483,600483,600484,1,0
600483,600483,600485,2,0
600483,600483,600484,1,0
600483,600483,600484,1,0
600483,600483,600484,1,0
600483,600483,600485,2,0
600483,600483,600485,2,0
600483,600483,600485,2,0
600483,600483,600485,2,0
600483,600483,600485,2,0
600483,600483,600485,2,0
600483,600483,600485,2,0
600483,600483,600485,2,0
600483,600483,600485,2,0
600483,600483,600484,1,0
600483,600483,600485,2,0
600483,600483,600485,2,0
600483,600483,600484,1,0
600483,600483,600485,2,0
600483,600483,600484,1,0
600483,600483,600485,2,0
600483,600483,600485,2,0
600483,600483,600485,2,0
600483,600483,600485,2,0
600483,600483,600485,2,0
600483,600483,600485,2,0
600483,600483,600485,2,0
600483,600483,600485,2,0
600693,600693,600694,1,0
600693,600693,600694,1,0
600693,600693,600694,1,0
600693,600693,600694,1,0
600693,600693,600694,1,0
600693,600693,600694,1,0
600693,600693,600694,1,0
600693,600693,600694,1,0
600693,600693,600694,1,0
600693,600693,600694,1,0
600693,600693,600694,1,0
600693,600693,600694,1,0
600693,600693,600694,1,0
600693,600693,600694,1,0
600693,600693,600694,1,0
600693,600693,600694,1,0
600693,600693,600694,1,0
600693,600693,600694,1,0
600693,600693,600694,1,0
600693,600693,600694,1,0
600693,600693,600694,1,0
600693,600693,600694,1,0
600693,600693,600694,1,0
600693,600693,600694,1,0
600693,600693,600694,1,0
600693,600693,600694,1,0
600693,600693,600694,1,0
600693,600693,600694,1,0
600693,600693,600694,1,0
600693,600693,600694,1,0
600693,600693,600694,1,0
600693,600693,600694,1,0
600693,600693,600694,1,0
600693,600693,600694,1,0
600693,600693,600694,1,0
600693,600693,600694,1,0
600693,600693,600694,1,0
600693,600693,600695,2,0
600693,600693,600695,2,0
600693,600693,600694,1,0
600693,600693,600694,1,0
600693,600693,600695,2,0
600693,600693,600694,1,0
600693,600693,600694,1,0
600693,600693,600696,3,0
600693,600693,600695,2,0
600693,600693,600696,3,0
600693,600693,600696,3,0
600693,600693,600697,4,0
600693,600693,600697,4,0
600705,600705,600706,1,0
600705,600705,600706,1,0
600705,600705,600706,1,0
600705,600705,600706,1,0
600705,600705,600706,1,0
600705,600705,600706,1,0
600705,600705,600706,1,0
600705,600705,600706,1,0
600705,600705,600706,1,0
600705,600705,600706,1,0
600705,600705,600706,1,0
600705,600705,600706,1,0
600705,600705,600706,1,0
600705,600705,600706,1,0
600705,600705,600706,1,0
600705,600705,600706,1,0
600705,600705,600706,1,0
600705,600705,600706,1,0
600705,600705,600706,1,0
600705,600705,600706,1,0
600705,600705,600706,1,0
600705,600705,600706,1,0
600705,600705,600706,1,0
600705,600705,600706,1,0
600705,600705,600706,1,0
600705,600705,600706,1,0
600705,600705,600706,1,0
600705,600705,600706,1,0
600705,600705,600706,1,0
600705,600705,600706,1,0
600705,600705,600706,1,0
600705,600705,600706,1,0
600705,600705,600706,1,0
600705,600705,600706,1,0
600705,600705,600708,3,0
600705,600705,600707,2,0
600705,600705,600707,2,0
600705,600705,600707,2,0
600705,600705,600708,3,0
600705,600705,600708,3,0
600705,600705,600709,4,0
600705,600705,600709,4,0
600705,600705,600710,5,0
600705,600705,600709,4,0
600705,600705,600709,4,0
600718,600718,600719,1,0
600718,600718,600719,1,0
600718,600718,600719,1,0
600718,600718,600719,1,0
600718,600718,600719,1,0
600718,600718,600719,1,0
600718,600718,600719,1,0
600718,600718,600719,1,0
600718,600718,600719,1,0
600718,600718,600719,1,0
600718,600718,600719,1,0
600718,600718,600719,1,0
600718,600718,600719,1,0
600718,600718,600719,1,0
600718,600718,600719,1,0
600718,600718,600719,1,0
600718,600718,600719,1,0
600718,600718,600719,1,0
600718,600718,600719,1,0
600718,600718,600719,1,0
600718,600718,600719,1,0
600718,600718,600719,1,0
600718,600718,600719,1,0
600718,600718,600719,1,0
600718,600718,600719,1,0
600718,600718,600719,1,0
600718,600718,600720,2,0
600718,600718,600720,2,0
600718,600718,600719,1,0
600718,600718,600720,2,0
600718,600718,600719,1,0
600718,600718,600720,2,0
600718,600718,600720,2,0
600718,600718,600720,2,0
600718,600718,600720,2,0
600718,600718,600719,1,0
600718,600718,600720,2,0
600718,600718,600720,2,0
600718,600718,600720,2,0
600718,600718,600720,2,0
600718,600718,600721,3,0
600718,600718,600722,4,0
600718,600718,600722,4,0
600718,600718,600721,3,0
600718,600718,600722,4,0
600718,600718,600722,4,0
600718,600718,600723,5,0
600718,600718,600723,5,0
600718,600718,600723,5,0
600718,600718,600723,5,0
600731,600731,600732,1,0
600731,600731,600732,1,0
600731,600731,600732,1,0
600731,600731,600732,1,0
600731,600731,600732,1,0
600731,600731,600732,1,0
600731,600731,600732,1,0
600731,600731,600732,1,0
600731,600731,600732,1,0
600731,600731,600732,1,0
600731,600731,600732,1,0
600731,600731,600732,1,0
600731,600731,600732,1,0
600731,600731,600732,1,0
600731,600731,600732,1,0
600731,600731,600732,1,0
600731,600731,600732,1,0
600731,600731,600732,1,0
600731,600731,600732,1,0
600731,600731,600732,1,0
600731,600731,600732,1,0
600731,600731,600732,1,0
600731,600731,600732,1,0
600731,600731,600732,1,0
600731,600731,600732,1,0
600731,600731,600732,1,0
600731,600731,600732,1,0
600731,600731,600733,2,0
600731,600731,600732,1,0
600731,600731,600733,2,0
600731,600731,600732,1,0
600731,600731,600732,1,0
600731,600731,600733,2,0
600731,600731,600732,1,0
600731,600731,600732,1,0
600731,600731,600732,1,0
600731,600731,600733,2,0
600731,600731,600732,1,0
600731,600731,600732,1,0
600731,600731,600734,3,0
600731,600731,600734,3,0
600731,600731,600733,2,0
600731,600731,600735,4,0
600731,600731,600735,4,0
600731,600731,600734,3,0
600731,600731,600735,4,0
600731,600731,600736,5,0
600731,600731,600736,5,0
600731,600731,600736,5,0
600731,600731,600736,5,0
600745,600745,600746,1,0
600745,600745,600746,1,0
600745,600745,600746,1,0
600745,600745,600746,1,0
600745,600745,600746,1,0
600745,600745,600746,1,0
600745,600745,600746,1,0
600745,600745,600746,1,0
600745,600745,600746,1,0
600745,600745,600746,1,0
600745,600745,600746,1,0
600745,600745,600746,1,0
600745,600745,600746,1,0
600745,600745,600746,1,0
600745,600745,600746,1,0
600745,600745,600746,1,0
600745,600745,600746,1,0
600745,600745,600746,1,0
600745,600745,600746,1,0
600745,600745,600746,1,0
600745,600745,600746,1,0
600745,600745,600746,1,0
600745,600745,600746,1,0
600745,600745,600746,1,0
600745,600745,600746,1,0
600745,600745,600746,1,0
600745,600745,600746,1,0
600745,600745,600746,1,0
600745,600745,600746,1,0
600745,600745,600746,1,0
600745,600745,600746,1,0
600745,600745,600746,1,0
600745,600745,600746,1,0
600745,600745,600746,1,0
600745,600745,600747,2,0
600745,600745,600746,1,0
600745,600745,600747,2,0
600745,600745,600747,2,0
600745,600745,600746,1,0
600745,600745,600746,1,0
600745,600745,600746,1,0
600745,600745,600748,3,0
600745,600745,600747,2,0
600745,600745,600748,3,0
600745,600745,600749,4,0
600745,600745,600749,4,0
600745,600745,600749,4,0
600745,600745,600750,5,0
600745,600745,600750,5,0
600745,600745,600749,4,0
600759,600759,600760,1,0
600759,600759,600760,1,0
600759,600759,600760,1,0
600759,600759,600760,1,0
600759,600759,600760,1,0
600759,600759,600760,1,0
600759,600759,600760,1,0
600759,600759,600760,1,0
600759,600759,600760,1,0
600759,600759,600760,1,0
600759,600759,600760,1,0
600759,600759,600760,1,0
600759,600759,600760,1,0
600759,600759,600760,1,0
600759,600759,600760,1,0
600759,600759,600760,1,0
600759,600759,600760,1,0
600759,600759,600760,1,0
600759,600759,600760,1,0
600759,600759,600760,1,0
600759,600759,600760,1,0
600759,600759,600760,1,0
600759,600759,600760,1,0
600759,600759,600760,1,0
600759,600759,600760,1,0
600759,600759,600760,1,0
600759,600759,600760,1,0
600759,600759,600760,1,0
600759,600759,600760,1,0
600759,600759,600760,1,0
600759,600759,600760,1,0
600759,600759,600760,1,0
600759,600759,600760,1,0
600759,600759,600760,1,0
600759,600759,600760,1,0
600759,600759,600760,1,0
600759,600759,600760,1,0
600759,600759,600761,2,0
600759,600759,600761,2,0
600759,600759,600761,2,0
600759,600759,600763,4,0
600759,600759,600762,3,0
600759,600759,600763,4,0
600759,600759,600763,4,0
600769,600769,600770,1,0
600769,600769,600770,1,0
600769,600769,600770,1,0
600769,600769,600770,1,0
600769,600769,600770,1,0
600769,600769,600770,1,0
600769,600769,600770,1,0
600769,600769,600770,1,0
600769,600769,600770,1,0
600769,600769,600770,1,0
600769,600769,600770,1,0
600769,600769,600770,1,0
600769,600769,600770,1,0
600769,600769,600770,1,0
600769,600769,600770,1,0
600769,600769,600770,1,0
600769,600769,600770,1,0
600769,600769,600770,1,0
600769,600769,600770,1,0
600769,600769,600770,1,0
600769,600769,600770,1,0
600769,600769,600770,1,0
600769,600769,600770,1,0
600769,600769,600770,1,0
600769,600769,600770,1,0
600769,600769,600770,1,0
600769,600769,600770,1,0
600769,600769,600770,1,0
600769,600769,600770,1,0
600769,600769,600770,1,0
600769,600769,600770,1,0
600769,600769,600770,1,0
600769,600769,600770,1,0
600769,600769,600770,1,0
600769,600769,600770,1,0
600769,600769,600770,1,0
600769,600769,600770,1,0
600769,600769,600770,1,0
600769,600769,600770,1,0
600769,600769,600770,1,0
600769,600769,600770,1,0
600769,600769,600770,1,0
600769,600769,600770,1,0
600769,600769,600770,1,0
600769,600769,600771,2,0
600769,600769,600771,2,0
600769,600769,600770,1,0
600769,600769,600771,2,0
600769,600769,600771,2,0
600769,600769,600771,2,0
600777,600777,600778,1,0
600777,600777,600778,1,0
600777,600777,600778,1,0
600777,600777,600778,1,0
600777,600777,600778,1,0
600777,600777,600778,1,0
600777,600777,600778,1,0
600777,600777,600778,1,0
600777,600777,600778,1,0
600777,600777,600778,1,0
600777,600777,600778,1,0
600777,600777,600778,1,0
600777,600777,600778,1,0
600777,600777,600778,1,0
600777,600777,600778,1,0
600777,600777,600778,1,0
600777,600777,600778,1,0
600777,600777,600778,1,0
600777,600777,600778,1,0
600777,600777,600778,1,0
600777,600777,600778,1,0
600777,600777,600778,1,0
600777,600777,600778,1,0
600777,600777,600778,1,0
600777,600777,600778,1,0
600777,600777,600778,1,0
600777,600777,600778,1,0
600777,600777,600778,1,0
600777,600777,600778,1,0
600777,600777,600778,1,0
600777,600777,600778,1,0
600777,600777,600778,1,0
600777,600777,600778,1,0
600777,600777,600778,1,0
600777,600777,600779,2,0
600777,600777,600778,1,0
600777,600777,600778,1,0
600784,600784,600785,1,0
600784,600784,600785,1,0
600784,600784,600785,1,0
600784,600784,600785,1,0
600784,600784,600785,1,0
600784,600784,600785,1,0
600784,600784,600785,1,0
600784,600784,600785,1,0
600784,600784,600785,1,0
600784,600784,600785,1,0
600784,600784,600785,1,0
600784,600784,600785,1,0
600784,600784,600785,1,0
600784,600784,600785,1,0
600784,600784,600785,1,0
600784,600784,600785,1,0
600784,600784,600785,1,0
600784,600784,600785,1,0
600784,600784,600785,1,0
600784,600784,600785,1,0
600784,600784,600785,1,0
600784,600784,600785,1,0
600784,600784,600785,1,0
600784,600784,600785,1,0
600784,600784,600785,1,0
600784,600784,600785,1,0
600784,600784,600785,1,0
600784,600784,600785,1,0
600784,600784,600785,1,0
600784,600784,600785,1,0
600784,600784,600785,1,0
600784,600784,600785,1,0
600784,600784,600785,1,0
600784,600784,600785,1,0
600784,600784,600785,1,0
600784,600784,600785,1,0
600784,600784,600785,1,0
600784,600784,600785,1,0
600784,600784,600785,1,0
600784,600784,600785,1,0
600784,600784,600785,1,0
600784,600784,600785,1,0
600784,600784,600785,1,0
600784,600784,600785,1,0
600784,600784,600785,1,0
600784,600784,600785,1,0
600784,600784,600785,1,0
600784,600784,600785,1,0
600784,600784,600785,1,0
600784,600784,600785,1,0
600791,600791,600792,1,0
600791,600791,600792,1,0
600791,600791,600792,1,0
600791,600791,600792,1,0
600791,600791,600792,1,0
600791,600791,600792,1,0
600791,600791,600792,1,0
600791,600791,600792,1,0
600791,600791,600792,1,0
600791,600791,600792,1,0
600791,600791,600792,1,0
600791,600791,600792,1,0
600791,600791,600792,1,0
600791,600791,600792,1,0
600791,600791,600792,1,0
600791,600791,600792,1,0
600791,600791,600792,1,0
600791,600791,600792,1,0
600791,600791,600792,1,0
600791,600791,600792,1,0
600791,600791,600792,1,0
600791,600791,600792,1,0
600791,600791,600792,1,0
600791,600791,600792,1,0
600791,600791,600792,1,0
600791,600791,600792,1,0
600791,600791,600792,1,0
600791,600791,600792,1,0
600791,600791,600792,1,0
600791,600791,600792,1,0
600791,600791,600792,1,0
600791,600791,600792,1,0
600791,600791,600792,1,0
600791,600791,600792,1,0
600791,600791,600792,1,0
600791,600791,600792,1,0
600791,600791,600792,1,0
600791,600791,600792,1,0
600791,600791,600792,1,0
600791,600791,600792,1,0
600791,600791,600792,1,0
600791,600791,600792,1,0
600791,600791,600792,1,0
600797,600797,600798,1,0
600797,600797,600798,1,0
600797,600797,600798,1,0
600797,600797,600798,1,0
600797,600797,600798,1,0
600797,600797,600798,1,0
600797,600797,600798,1,0
600797,600797,600798,1,0
600797,600797,600798,1,0
600797,600797,600798,1,0
600797,600797,600798,1,0
600797,600797,600798,1,0
600797,600797,600798,1,0
600797,600797,600798,1,0
600797,600797,600798,1,0
600797,600797,600798,1,0
600797,600797,600798,1,0
600797,600797,600798,1,0
600797,600797,600798,1,0
600797,600797,600798,1,0
600797,600797,600798,1,0
600797,600797,600798,1,0
600797,600797,600798,1,0
600797,600797,600798,1,0
600797,600797,600798,1,0
600797,600797,600798,1,0
600797,600797,600798,1,0
600797,600797,600798,1,0
600797,600797,600798,1,0
600797,600797,600798,1,0
600797,600797,600798,1,0
600797,600797,600798,1,0
600797,600797,600798,1,0
600797,600797,600798,1,0
600797,600797,600798,1,0
600797,600797,600798,1,0
600797,600797,600798,1,0
600797,600797,600798,1,0
600797,600797,600798,1,0
600797,600797,600798,1,0
600797,600797,600798,1,0
600797,600797,600798,1,0
600797,600797,600798,1,0
600797,600797,600798,1,0
600797,600797,600798,1,0
600797,600797,600798,1,0
600797,600797,600798,1,0
600797,600797,600798,1,0
600797,600797,600798,1,0
600797,600797,600798,1,0
600944,600944,600945,1,0
600944,600944,600945,1,0
600944,600944,600945,1,0
600944,600944,600945,1,0
600944,600944,600945,1,0
600944,600944,600945,1,0
600944,600944,600945,1,0
600944,600944,600945,1,0
600944,600944,600945,1,0
600944,600944,600945,1,0
600944,600944,600945,1,0
600944,600944,600945,1,0
600944,600944,600945,1,0
600944,600944,600945,1,0
600944,600944,600945,1,0
600944,600944,600945,1,0
600944,600944,600945,1,0
600944,600944,600945,1,0
600944,600944,600945,1,0
600944,600944,600945,1,0
600944,600944,600945,1,0
600944,600944,600945,1,0
600944,600944,600945,1,0
600944,600944,600945,1,0
600944,600944,600945,1,0
600944,600944,600945,1,0
600944,600944,600945,1,0
600944,600944,600945,1,0
600944,600944,600945,1,0
600944,600944,600945,1,0
600944,600944,600945,1,0
600944,600944,600945,1,0
600944,600944,600945,1,0
600944,600944,600945,1,0
600944,600944,600945,1,0
600944,600944,600945,1,0
600944,600944,600945,1,0
600944,600944,600945,1,0
600944,600944,600946,2,0
600944,600944,600945,1,0
600944,600944,600945,1,0
600944,600944,600946,2,0
600944,600944,600945,1,0
600944,600944,600946,2,0
600944,600944,600946,2,0
600944,600944,600947,3,0
600944,600944,600947,3,0
600944,600944,600948,4,0
600944,600944,600948,4,0
600944,600944,600948,4,0
600955,600955,600956,1,0
600955,600955,600956,1,0
600955,600955,600956,1,0
600955,600955,600956,1,0
600955,600955,600956,1,0
600955,600955,600956,1,0
600955,600955,600956,1,0
600955,600955,600956,1,0
600955,600955,600956,1,0
600955,600955,600956,1,0
600955,600955,600956,1,0
600955,600955,600956,1,0
600955,600955,600956,1,0
600955,600955,600956,1,0
600955,600955,600956,1,0
600955,600955,600956,1,0
600955,600955,600956,1,0
600955,600955,600956,1,0
600955,600955,600957,2,0
600955,600955,600956,1,0
600955,600955,600957,2,0
600955,600955,600956,1,0
600955,600955,600956,1,0
600955,600955,600956,1,0
600955,600955,600956,1,0
600955,600955,600957,2,0
600955,600955,600957,2,0
600955,600955,600957,2,0
600955,600955,600957,2,0
600955,600955,600956,1,0
600955,600955,600957,2,0
600955,600955,600957,2,0
600955,600955,600957,2,0
600955,600955,600957,2,0
600955,600955,600957,2,0
600955,600955,600957,2,0
600955,600955,600956,1,0
600955,600955,600957,2,0
600955,600955,600957,2,0
600955,600955,600957,2,0
600955,600955,600956,1,0
600955,600955,600958,3,0
600955,600955,600958,3,0
600955,600955,600959,4,0
600955,600955,600959,4,0
600955,600955,600960,5,0
600955,600955,600960,5,0
600955,600955,600960,5,0
600955,600955,600960,5,0
600955,600955,600960,5,0
600968,600968,600969,1,0
600968,600968,600969,1,0
600968,600968,600969,1,0
600968,600968,600969,1,0
600968,600968,600969,1,0
600968,600968,600969,1,0
600968,600968,600969,1,0
600968,600968,600969,1,0
600968,600968,600969,1,0
600968,600968,600969,1,0
600968,600968,600969,1,0
600968,600968,600969,1,0
600968,600968,600969,1,0
600968,600968,600969,1,0
600968,600968,600969,1,0
600968,600968,600969,1,0
600968,600968,600969,1,0
600968,600968,600969,1,0
600968,600968,600969,1,0
600968,600968,600969,1,0
600968,600968,600969,1,0
600968,600968,600969,1,0
600968,600968,600969,1,0
600968,600968,600969,1,0
600968,600968,600969,1,0
600968,600968,600969,1,0
600968,600968,600969,1,0
600968,600968,600969,1,0
600968,600968,600969,1,0
600968,600968,600969,1,0
600968,600968,600969,1,0
600968,600968,600969,1,0
600968,600968,600969,1,0
600968,600968,600969,1,0
600968,600968,600969,1,0
600968,600968,600970,2,0
600968,600968,600970,2,0
600968,600968,600970,2,0
600968,600968,600970,2,0
600968,600968,600971,3,0
600968,600968,600971,3,0
600968,600968,600971,3,0
600968,600968,600972,4,0
600968,600968,600971,3,0
600968,600968,600972,4,0
600968,600968,600973,5,0
600968,600968,600973,5,0
600968,600968,600973,5,0
600968,600968,600973,5,0
600968,600968,600973,5,0
600982,600982,600983,1,0
600982,600982,600983,1,0
600982,600982,600983,1,0
600982,600982,600983,1,0
600982,600982,600983,1,0
600982,600982,600983,1,0
600982,600982,600983,1,0
600982,600982,600983,1,0
600982,600982,600983,1,0
600982,600982,600983,1,0
600982,600982,600983,1,0
600982,600982,600983,1,0
600982,600982,600983,1,0
600982,600982,600983,1,0
600982,600982,600983,1,0
600982,600982,600983,1,0
600982,600982,600983,1,0
600982,600982,600983,1,0
600982,600982,600983,1,0
600982,600982,600983,1,0
600982,600982,600983,1,0
600982,600982,600983,1,0
600982,600982,600983,1,0
600982,600982,600983,1,0
600982,600982,600983,1,0
600982,600982,600983,1,0
600982,600982,600983,1,0
600982,600982,600983,1,0
600982,600982,600983,1,0
600982,600982,600984,2,0
600982,600982,600983,1,0
600982,600982,600983,1,0
600982,600982,600984,2,0
600982,600982,600983,1,0
600982,600982,600984,2,0
600982,600982,600984,2,0
600982,600982,600983,1,0
600982,600982,600984,2,0
600982,600982,600983,1,0
600982,600982,600985,3,0
600982,600982,600985,3,0
600982,600982,600985,3,0
600982,600982,600985,3,0
600982,600982,600985,3,0
600982,600982,600986,4,0
600982,600982,600986,4,0
600982,600982,600987,5,0
600982,600982,600987,5,0
600982,600982,600986,4,0
600982,600982,600987,5,0
600995,600996,600997,1,1
600995,600996,600997,1,1
600995,600996,600997,1,1
600995,600996,600997,1,1
600995,600996,600998,2,1
600995,600996,600998,2,1
600995,600996,600999,3,1
600995,600996,600998,2,1
600995,600996,600999,3,1
600995,600996,600999,3,1
600995,600996,600999,3,1
600995,600996,601000,4,1
600995,600996,601000,4,1
600995,600996,601000,4,1
600995,600996,601000,4,1
601007,601007,601008,1,0
601007,601007,601008,1,0
601007,601007,601008,1,0
601007,601007,601008,1,0
601007,601007,601008,1,0
601007,601007,601008,1,0
601007,601007,601008,1,0
601007,601007,601008,1,0
601007,601007,601008,1,0
601007,601007,601008,1,0
601007,601007,601008,1,0
601007,601007,601008,1,0
601007,601007,601008,1,0
601007,601007,601008,1,0
601007,601007,601008,1,0
601007,601007,601008,1,0
601007,601007,601008,1,0
601007,601007,601008,1,0
601007,601007,601008,1,0
601007,601007,601008,1,0
601007,601007,601008,1,0
601007,601007,601008,1,0
601007,601007,601008,1,0
601007,601007,601008,1,0
601007,601007,601008,1,0
601007,601007,601008,1,0
601007,601007,601008,1,0
601007,601007,601008,1,0
601007,601007,601008,1,0
601007,601007,601008,1,0
601007,601007,601008,1,0
601007,601007,601008,1,0
601007,601007,601008,1,0
601007,601007,601008,1,0
601007,601007,601008,1,0
601007,601007,601009,2,0
601007,601007,601009,2,0
601007,601008,601009,1,1
601007,601008,601009,1,1
601007,601008,601009,1,1
601007,601007,601009,2,0
601007,601007,601009,2,0
601007,601007,601010,3,0
601007,601007,601011,4,0
601007,601007,601011,4,0
601007,601007,601011,4,0
601007,601007,601011,4,0
601007,601007,601012,5,0
601020,601020,601021,1,0
601020,601020,601021,1,0
601020,601020,601021,1,0
601020,601020,601021,1,0
601020,601020,601021,1,0
601020,601020,601021,1,0
601020,601020,601021,1,0
601020,601020,601021,1,0
601020,601020,601021,1,0
601020,601020,601021,1,0
601020,601020,601021,1,0
601020,601020,601021,1,0
601020,601020,601021,1,0
601020,601020,601021,1,0
601020,601020,601021,1,0
601020,601020,601021,1,0
601020,601020,601021,1,0
601020,601020,601021,1,0
601020,601020,601021,1,0
601020,601020,601021,1,0
601020,601020,601021,1,0
601020,601020,601021,1,0
601020,601020,601021,1,0
601020,601020,601021,1,0
601020,601020,601021,1,0
601020,601020,601021,1,0
601020,601020,601021,1,0
601020,601020,601021,1,0
601020,601020,601021,1,0
601020,601020,601021,1,0
601020,601020,601021,1,0
601020,601020,601021,1,0
601020,601020,601021,1,0
601020,601020,601022,2,0
601020,601020,601022,2,0
601020,601020,601021,1,0
601020,601020,601022,2,0
601029,601029,601030,1,0
601029,601029,601030,1,0
601029,601029,601030,1,0
601029,601029,601030,1,0
601029,601029,601030,1,0
601029,601029,601030,1,0
601029,601029,601030,1,0
601029,601029,601030,1,0
601029,601029,601030,1,0
601029,601029,601030,1,0
601029,601029,601030,1,0
601029,601029,601030,1,0
601029,601029,601030,1,0
601029,601029,601030,1,0
601029,601029,601030,1,0
601029,601029,601030,1,0
601029,601029,601030,1,0
601029,601029,601030,1,0
601029,601029,601030,1,0
601029,601029,601030,1,0
601029,601029,601030,1,0
601029,601029,601030,1,0
601029,601029,601030,1,0
601029,601029,601030,1,0
601029,601029,601030,1,0
601029,601029,601030,1,0
601029,601029,601030,1,0
601029,601029,601030,1,0
601029,601029,601030,1,0
601029,601029,601030,1,0
601029,601029,601030,1,0
601029,601029,601030,1,0
601029,601029,601030,1,0
601029,601029,601030,1,0
601029,601029,601030,1,0
601029,601029,601030,1,0
601029,601029,601030,1,0
601029,601029,601030,1,0
601029,601029,601030,1,0
601029,601029,601030,1,0
601029,601029,601030,1,0
601029,601029,601030,1,0
601029,601029,601030,1,0
601029,601029,601030,1,0
601029,601029,601030,1,0
601029,601029,601030,1,0
601029,601029,601030,1,0
601029,601029,601030,1,0
601029,601029,601031,2,0
601029,601029,601031,2,0
601037,601038,601039,1,1
601037,601038,601039,1,1
601044,601044,601045,1,0
601044,601044,601045,1,0
601044,601044,601045,1,0
601044,601044,601045,1,0
601044,601044,601045,1,0
601044,601044,601045,1,0
601044,601044,601045,1,0
601044,601044,601045,1,0
601044,601044,601045,1,0
601044,601044,601045,1,0
601044,601044,601045,1,0
601044,601044,601045,1,0
601044,601044,601045,1,0
601044,601044,601045,1,0
601044,601044,601045,1,0
601044,601044,601045,1,0
601044,601044,601045,1,0
601044,601044,601045,1,0
601044,601044,601045,1,0
601044,601044,601045,1,0
601044,601044,601045,1,0
601044,601044,601045,1,0
601044,601044,601045,1,0
601044,601044,601045,1,0
601044,601044,601045,1,0
601044,601044,601045,1,0
601044,601044,601045,1,0
601044,601044,601045,1,0
601044,601044,601045,1,0
601044,601044,601045,1,0
601044,601044,601045,1,0
601044,601044,601045,1,0
601044,601044,601045,1,0
601044,601044,601045,1,0
601044,601044,601045,1,0
601044,601044,601045,1,0
601044,601044,601045,1,0
601044,601044,601045,1,0
601044,601044,601045,1,0
601044,601044,601045,1,0
601044,601044,601045,1,0
601044,601044,601045,1,0
601044,601044,601045,1,0
601044,601044,601045,1,0
601044,601044,601045,1,0
601044,601044,601045,1,0
601044,601044,601045,1,0
601044,601044,601045,1,0
601044,601044,601045,1,0
601044,601044,601045,1,0
601050,601050,601051,1,0
601050,601050,601051,1,0
601050,601050,601051,1,0
601050,601050,601051,1,0
601050,601050,601051,1,0
601050,601050,601051,1,0
601050,601050,601051,1,0
601050,601050,601051,1,0
601050,601050,601051,1,0
601050,601050,601051,1,0
601050,601050,601051,1,0
601050,601050,601051,1,0
601050,601050,601051,1,0
601050,601050,601051,1,0
601050,601050,601051,1,0
601050,601050,601051,1,0
601050,601050,601051,1,0
601050,601050,601051,1,0
601050,601050,601051,1,0
601050,601050,601051,1,0
601050,601050,601051,1,0
601050,601050,601051,1,0
601050,601050,601051,1,0
601050,601050,601051,1,0
601050,601050,601051,1,0
601050,601050,601051,1,0
601050,601050,601051,1,0
601050,601050,601051,1,0
601050,601050,601051,1,0
601050,601050,601051,1,0
601050,601050,601051,1,0
601050,601050,601051,1,0
601050,601050,601051,1,0
601050,601050,601051,1,0
601050,601050,601051,1,0
601050,601050,601051,1,0
601050,601050,601051,1,0
601050,601050,601051,1,0
601050,601050,601051,1,0
601050,601050,601051,1,0
601050,601050,601051,1,0
601050,601050,601051,1,0
601050,601050,601051,1,0
601050,601050,601051,1,0
601050,601050,601051,1,0
601050,601050,601051,1,0
601050,601050,601051,1,0
601050,601050,601051,1,0
601050,601050,601051,1,0
601050,601050,601051,1,0
601220,601221,601222,1,1
601220,601221,601222,1,1
601220,601221,601222,1,1
601220,601221,601222,1,1
601220,601221,601222,1,1
601220,601221,601222,1,1
601220,601221,601222,1,1
601220,601221,601223,2,1
601220,601221,601223,2,1
601220,601221,601223,2,1
601220,601221,601223,2,1
601220,601221,601224,3,1
601232,601232,601233,1,0
601232,601232,601233,1,0
601232,601232,601233,1,0
601232,601232,601233,1,0
601232,601232,601233,1,0
601232,601232,601233,1,0
601232,601232,601234,2,0
601232,601232,601234,2,0
601232,601232,601233,1,0
601232,601232,601233,1,0
601232,601232,601233,1,0
601232,601232,601233,1,0
601232,601232,601235,3,0
601232,601232,601235,3,0
601232,601232,601235,3,0
601232,601232,601236,4,0
601232,601232,601236,4,0
601232,601232,601236,4,0
601232,601232,601236,4,0
601232,601232,601236,4,0
601245,601245,601246,1,0
601245,601245,601246,1,0
601245,601245,601246,1,0
601245,601245,601246,1,0
601245,601245,601246,1,0
601245,601245,601246,1,0
601245,601245,601246,1,0
601245,601245,601246,1,0
601245,601245,601246,1,0
601245,601245,601246,1,0
601245,601245,601246,1,0
601245,601245,601246,1,0
601245,601245,601246,1,0
601245,601245,601246,1,0
601245,601245,601246,1,0
601245,601245,601246,1,0
601245,601245,601247,2,0
601245,601245,601246,1,0
601245,601245,601246,1,0
601245,601245,601246,1,0
601245,601245,601246,1,0
601245,601245,601246,1,0
601245,601245,601247,2,0
601245,601245,601247,2,0
601245,601245,601248,3,0
601245,601245,601248,3,0
601245,601245,601249,4,0
601245,601245,601248,3,0
601245,601245,601249,4,0
601245,601245,601249,4,0
601245,601245,601249,4,0
601245,601245,601250,5,0
601258,601258,601259,1,0
601258,601258,601259,1,0
601258,601258,601259,1,0
601258,601258,601259,1,0
601258,601258,601259,1,0
601258,601258,601259,1,0
601258,601258,601259,1,0
601258,601258,601259,1,0
601258,601258,601259,1,0
601258,601258,601259,1,0
601258,601258,601259,1,0
601258,601258,601259,1,0
601258,601258,601259,1,0
601258,601258,601259,1,0
601258,601258,601259,1,0
601258,601258,601259,1,0
601258,601258,601259,1,0
601258,601258,601259,1,0
601258,601258,601259,1,0
601258,601258,601259,1,0
601258,601258,601259,1,0
601258,601258,601259,1,0
601258,601258,601259,1,0
601258,601258,601259,1,0
601258,601258,601259,1,0
601258,601258,601259,1,0
601258,601258,601259,1,0
601258,601258,601259,1,0
601258,601258,601259,1,0
601258,601258,601260,2,0
601258,601258,601259,1,0
601258,601258,601259,1,0
601258,601258,601259,1,0
601258,601258,601260,2,0
601258,601258,601259,1,0
601258,601258,601259,1,0
601258,601258,601259,1,0
601258,601258,601259,1,0
601258,601258,601261,3,0
601258,601258,601260,2,0
601258,601258,601262,4,0
601258,601258,601262,4,0
601258,601258,601262,4,0
601258,601258,601262,4,0
601258,601258,601261,3,0
601258,601258,601262,4,0
601258,601258,601262,4,0
601258,601258,601263,5,0
601258,601258,601262,4,0
601271,601271,601272,1,0
601271,601271,601272,1,0
601271,601271,601272,1,0
601271,601271,601272,1,0
601271,601271,601272,1,0
601271,601271,601272,1,0
601271,601271,601272,1,0
601271,601271,601272,1,0
601271,601271,601272,1,0
601271,601271,601272,1,0
601271,601271,601272,1,0
601271,601271,601272,1,0
601271,601271,601272,1,0
601271,601271,601272,1,0
601271,601271,601272,1,0
601271,601271,601272,1,0
601271,601271,601272,1,0
601271,601271,601272,1,0
601271,601271,601272,1,0
601271,601271,601272,1,0
601271,601271,601272,1,0
601271,601271,601272,1,0
601271,601271,601272,1,0
601271,601271,601272,1,0
601271,601271,601272,1,0
601271,601271,601272,1,0
601271,601271,601272,1,0
601271,601271,601272,1,0
601271,601271,601272,1,0
601271,601271,601272,1,0
601271,601271,601272,1,0
601271,601271,601272,1,0
601271,601271,601272,1,0
601271,601271,601272,1,0
601271,601271,601272,1,0
601271,601271,601273,2,0
601271,601271,601273,2,0
601271,601271,601272,1,0
601271,601271,601272,1,0
601271,601271,601273,2,0
601271,601271,601273,2,0
601271,601271,601274,3,0
601271,601271,601274,3,0
601271,601271,601274,3,0
601271,601271,601275,4,0
601271,601271,601275,4,0
601271,601271,601274,3,0
601271,601271,601276,5,0
601271,601271,601276,5,0
601271,601271,601276,5,0
601284,601284,601285,1,0
601284,601284,601285,1,0
601284,601284,601285,1,0
601284,601284,601285,1,0
601284,601284,601285,1,0
601284,601284,601285,1,0
601284,601284,601285,1,0
601284,601284,601285,1,0
601284,601284,601285,1,0
601284,601284,601285,1,0
601284,601284,601285,1,0
601284,601284,601285,1,0
601284,601284,601285,1,0
601284,601284,601285,1,0
601284,601284,601285,1,0
601284,601284,601285,1,0
601284,601284,601285,1,0
601284,601284,601285,1,0
601284,601284,601285,1,0
601284,601284,601285,1,0
601284,601284,601285,1,0
601284,601284,601285,1,0
601284,601284,601285,1,0
601284,601284,601285,1,0
601284,601284,601285,1,0
601284,601284,601285,1,0
601284,601284,601285,1,0
601284,601284,601285,1,0
601284,601284,601285,1,0
601284,601284,601285,1,0
601284,601284,601285,1,0
601284,601284,601285,1,0
601284,601284,601285,1,0
601284,601284,601285,1,0
601284,601284,601286,2,0
601284,601284,601285,1,0
601284,601284,601286,2,0
601284,601284,601286,2,0
601284,601284,601287,3,0
601284,601284,601288,4,0
601284,601284,601288,4,0
601284,601284,601288,4,0
601284,601284,601288,4,0
601296,601296,601297,1,0
601296,601296,601297,1,0
601296,601296,601297,1,0
601296,601296,601297,1,0
601296,601296,601297,1,0
601296,601296,601297,1,0
601296,601296,601297,1,0
601296,601296,601297,1,0
601296,601296,601297,1,0
601296,601296,601297,1,0
601296,601296,601297,1,0
601296,601296,601297,1,0
601296,601296,601297,1,0
601296,601296,601297,1,0
601296,601296,601297,1,0
601296,601296,601297,1,0
601296,601296,601297,1,0
601296,601296,601297,1,0
601296,601296,601297,1,0
601296,601296,601297,1,0
601296,601296,601298,2,0
601296,601296,601297,1,0
601296,601296,601297,1,0
601296,601296,601297,1,0
601296,601296,601297,1,0
601296,601297,601299,2,1
601296,601296,601298,2,0
601296,601297,601298,1,1
601296,601296,601298,2,0
601296,601297,601298,1,1
601306,601306,601307,1,0
601306,601306,601307,1,0
601306,601306,601307,1,0
601306,601306,601307,1,0
601306,601306,601307,1,0
601306,601306,601307,1,0
601306,601306,601307,1,0
601306,601306,601307,1,0
601306,601306,601308,2,0
601315,601316,601317,1,1
601315,601316,601317,1,1
601315,601316,601317,1,1
601315,601316,601317,1,1
601315,601316,601317,1,1
601315,601316,601317,1,1
601315,601316,601318,2,1
601315,601316,601318,2,1
601324,601324,601325,1,0
601324,601324,601325,1,0
601324,601324,601325,1,0
601324,601324,601325,1,0
601324,601324,601325,1,0
601324,601324,601325,1,0
601324,601324,601325,1,0
601324,601324,601325,1,0
601324,601324,601325,1,0
601324,601324,601325,1,0
601324,601324,601325,1,0
601324,601324,601325,1,0
601324,601324,601325,1,0
601324,601324,601325,1,0
601324,601324,601325,1,0
601324,601324,601325,1,0
601324,601324,601325,1,0
601324,601324,601325,1,0
601324,601324,601325,1,0
601324,601324,601325,1,0
601331,601331,601332,1,0
601331,601331,601332,1,0
601331,601331,601332,1,0
601331,601331,601332,1,0
601331,601331,601332,1,0
601331,601331,601332,1,0
601331,601331,601332,1,0
601331,601331,601332,1,0
601331,601331,601332,1,0
601331,601331,601332,1,0
601331,601331,601332,1,0
601331,601331,601332,1,0
601331,601331,601332,1,0
601331,601331,601332,1,0
601331,601331,601332,1,0
601331,601331,601332,1,0
601331,601331,601332,1,0
601331,601331,601332,1,0
601331,601331,601332,1,0
601331,601331,601332,1,0
601331,601331,601332,1,0
601331,601331,601332,1,0
601331,601331,601332,1,0
601331,601331,601332,1,0
601331,601331,601332,1,0
601331,601331,601332,1,0
601331,601331,601332,1,0
601331,601331,601332,1,0
601331,601331,601332,1,0
601331,601331,601332,1,0
601331,601331,601332,1,0
601331,601331,601332,1,0
601331,601331,601332,1,0
601331,601331,601332,1,0
601331,601331,601332,1,0
601331,601331,601332,1,0
601331,601331,601332,1,0
601331,601331,601332,1,0
601331,601331,601332,1,0
601331,601331,601332,1,0
601331,601331,601332,1,0
601331,601331,601332,1,0
601331,601331,601332,1,0
601331,601331,601332,1,0
601331,601331,601332,1,0
601331,601331,601332,1,0
601331,601331,601332,1,0
601331,601331,601332,1,0
601331,601331,601332,1,0
601331,601331,601332,1,0
600069,600071,601409,1338,2
601407,601410,601452,42,3
601490,601490,601491,1,0
601490,601490,601491,1,0
601490,601490,601491,1,0
601490,601490,601491,1,0
601490,601490,601491,1,0
601490,601490,601491,1,0
601490,601490,601491,1,0
601490,601490,601491,1,0
601490,601490,601491,1,0
601490,601490,601491,1,0
601490,601490,601491,1,0
601490,601490,601491,1,0
601490,601490,601491,1,0
601490,601490,601491,1,0
601490,601490,601491,1,0
601490,601490,601491,1,0
601490,601490,601491,1,0
601490,601490,601491,1,0
601490,601490,601491,1,0
601490,601490,601491,1,0
601490,601490,601491,1,0
601490,601490,601491,1,0
601490,601490,601491,1,0
601490,601490,601491,1,0
601490,601490,601491,1,0
601490,601490,601491,1,0
601490,601490,601491,1,0
601490,601490,601491,1,0
601490,601490,601491,1,0
601490,601490,601491,1,0
601490,601490,601491,1,0
601490,601490,601491,1,0
601490,601490,601491,1,0
601490,601490,601491,1,0
601490,601490,601491,1,0
601490,601490,601491,1,0
601490,601490,601491,1,0
601490,601490,601491,1,0
601490,601490,601491,1,0
601490,601490,601491,1,0
601490,601490,601491,1,0
601490,601490,601491,1,0
601490,601490,601491,1,0
601490,601490,601492,2,0
601490,601490,601492,2,0
601490,601490,601492,2,0
601490,601490,601492,2,0
601490,601490,601492,2,0
601490,601490,601493,3,0
601490,601490,601493,3,0
601499,601499,601500,1,0
601499,601499,601500,1,0
601499,601499,601500,1,0
601499,601499,601500,1,0
601499,601499,601500,1,0
601499,601499,601500,1,0
601499,601499,601500,1,0
601499,601499,601500,1,0
601499,601499,601500,1,0
601499,601499,601500,1,0
601499,601499,601500,1,0
601499,601499,601500,1,0
601499,601499,601500,1,0
601499,601499,601500,1,0
601499,601499,601500,1,0
601499,601499,601500,1,0
601499,601499,601500,1,0
601499,601499,601500,1,0
601499,601499,601500,1,0
601499,601499,601500,1,0
601499,601499,601500,1,0
601499,601499,601500,1,0
601499,601499,601500,1,0
601499,601499,601500,1,0
601499,601499,601500,1,0
601499,601499,601500,1,0
601499,601499,601500,1,0
601499,601499,601500,1,0
601499,601499,601500,1,0
601499,601499,601500,1,0
601499,601499,601500,1,0
601499,601499,601500,1,0
601499,601499,601500,1,0
601499,601499,601500,1,0
601499,601499,601500,1,0
601499,601499,601500,1,0
601499,601499,601500,1,0
601499,601499,601501,2,0
601499,601499,601500,1,0
601499,601499,601501,2,0
601499,601499,601501,2,0
601499,601499,601500,1,0
601499,601499,601502,3,0
601499,601499,601501,2,0
601499,601499,601502,3,0
601499,601499,601503,4,0
601499,601499,601502,3,0
601499,601499,601503,4,0
601499,601499,601503,4,0
601499,601499,601503,4,0
601510,601510,601511,1,0
601510,601510,601511,1,0
601510,601510,601511,1,0
601510,601510,601511,1,0
601510,601510,601511,1,0
601510,601510,601511,1,0
601510,601510,601511,1,0
601510,601510,601511,1,0
601510,601510,601511,1,0
601510,601510,601511,1,0
601510,601510,601511,1,0
601510,601510,601511,1,0
601510,601510,601511,1,0
601510,601510,601511,1,0
601510,601510,601511,1,0
601510,601510,601511,1,0
601510,601510,601511,1,0
601510,601510,601511,1,0
601510,601510,601511,1,0
601510,601510,601511,1,0
601510,601510,601511,1,0
601510,601510,601511,1,0
601510,601510,601511,1,0
601510,601510,601511,1,0
601510,601510,601511,1,0
601510,601510,601511,1,0
601510,601510,601511,1,0
601510,601510,601511,1,0
601510,601510,601511,1,0
601510,601510,601511,1,0
601510,601510,601511,1,0
601510,601510,601511,1,0
601510,601510,601512,2,0
601510,601510,601511,1,0
601510,601510,601511,1,0
601510,601510,601512,2,0
601510,601510,601511,1,0
601510,601510,601511,1,0
601510,601510,601512,2,0
601510,601510,601511,1,0
601510,601510,601513,3,0
601510,601510,601513,3,0
601510,601510,601514,4,0
601510,601510,601513,3,0
601510,601510,601514,4,0
601510,601510,601514,4,0
601510,601510,601514,4,0
601510,601510,601514,4,0
601510,601510,601515,5,0
601510,601510,601515,5,0
601523,601523,601524,1,0
601523,601523,601524,1,0
601523,601523,601524,1,0
601523,601523,601524,1,0
601523,601523,601524,1,0
601523,601523,601524,1,0
601523,601523,601525,2,0
601523,601523,601524,1,0
601523,601523,601524,1,0
601523,601523,601525,2,0
601523,601523,601524,1,0
601523,601523,601525,2,0
601523,601523,601524,1,0
601523,601523,601524,1,0
601523,601523,601524,1,0
601523,601523,601524,1,0
601523,601523,601524,1,0
601523,601523,601524,1,0
601523,601523,601524,1,0
601523,601523,601526,3,0
601523,601523,601526,3,0
601523,601523,601525,2,0
601523,601523,601526,3,0
601523,601523,601526,3,0
601523,601523,601527,4,0
601523,601523,601527,4,0
601523,601523,601526,3,0
601523,601523,601528,5,0
601523,601523,601527,4,0
601523,601523,601527,4,0
601535,601536,601537,1,1
601535,601536,601537,1,1
601535,601536,601537,1,1
601535,601536,601537,1,1
601535,601536,601537,1,1
601535,601536,601537,1,1
601535,601536,601538,2,1
601535,601536,601537,1,1
601535,601536,601538,2,1
601535,601536,601538,2,1
601535,601536,601539,3,1
601535,601536,601539,3,1
601535,601536,601539,3,1
601535,601536,601540,4,1
601535,601536,601540,4,1
601535,601536,601540,4,1
601535,601536,601540,4,1
601548,601548,601549,1,0
601548,601548,601549,1,0
601548,601548,601549,1,0
601548,601548,601549,1,0
601548,601548,601549,1,0
601548,601548,601549,1,0
601548,601548,601549,1,0
601548,601548,601549,1,0
601548,601548,601549,1,0
601548,601548,601549,1,0
601548,601548,601549,1,0
601548,601548,601549,1,0
601548,601548,601549,1,0
601548,601548,601549,1,0
601548,601548,601549,1,0
601548,601548,601549,1,0
601548,601548,601549,1,0
601548,601548,601549,1,0
601548,601548,601549,1,0
601548,601548,601549,1,0
601548,601548,601549,1,0
601548,601548,601549,1,0
601548,601548,601549,1,0
601548,601548,601549,1,0
601548,601548,601549,1,0
601548,601548,601549,1,0
601548,601548,601549,1,0
601548,601548,601549,1,0
601548,601548,601550,2,0
601548,601548,601549,1,0
601548,601548,601549,1,0
601548,601548,601549,1,0
601548,601548,601551,3,0
601548,601548,601550,2,0
601548,601548,601551,3,0
601548,601548,601552,4,0
601548,601548,601552,4,0
601548,601548,601552,4,0
601548,601548,601552,4,0
601559,601560,601561,1,1
601559,601560,601561,1,1
601559,601560,601561,1,1
601559,601560,601562,2,1
601559,601560,601561,1,1
601559,601560,601561,1,1
601559,601560,601562,2,1
601559,601560,601562,2,1
601559,601560,601562,2,1
601569,601569,601570,1,0
601569,601569,601570,1,0
601569,601569,601570,1,0
601576,601576,601577,1,0
601576,601576,601577,1,0
601576,601576,601577,1,0
601576,601576,601577,1,0
601576,601576,601577,1,0
601576,601576,601577,1,0
601576,601576,601577,1,0
601576,601576,601577,1,0
601576,601576,601577,1,0
601576,601576,601577,1,0
601576,601576,601577,1,0
601576,601576,601577,1,0
601576,601576,601577,1,0
601576,601576,601577,1,0
601576,601576,601577,1,0
601576,601576,601577,1,0
601576,601576,601577,1,0
601576,601576,601577,1,0
601576,601576,601577,1,0
601576,601576,601577,1,0
601576,601576,601577,1,0
601576,601576,601577,1,0
601576,601576,601577,1,0
601576,601576,601577,1,0
601576,601576,601577,1,0
601576,601576,601577,1,0
601576,601576,601577,1,0
601576,601576,601577,1,0
601576,601576,601577,1,0
601576,601576,601577,1,0
601576,601576,601577,1,0
601576,601576,601577,1,0
601576,601576,601577,1,0
601576,601576,601577,1,0
601576,601576,601577,1,0
601576,601576,601577,1,0
601576,601576,601577,1,0
601576,601576,601577,1,0
601576,601576,601577,1,0
601576,601576,601578,2,0
601576,601576,601579,3,0
601591,601591,601592,1,0
601591,601591,601592,1,0
601591,601591,601592,1,0
601591,601591,601592,1,0
601591,601591,601592,1,0
601591,601591,601592,1,0
601591,601591,601592,1,0
601591,601591,601592,1,0
601591,601591,601592,1,0
601591,601591,601592,1,0
601591,601591,601592,1,0
601591,601591,601592,1,0
601591,601591,601592,1,0
601591,601591,601592,1,0
601591,601591,601592,1,0
601591,601591,601592,1,0
601591,601591,601592,1,0
601591,601591,601592,1,0
601591,601591,601592,1,0
601591,601591,601592,1,0
601591,601591,601592,1,0
601591,601591,601592,1,0
601591,601591,601592,1,0
601591,601591,601592,1,0
601591,601591,601592,1,0
601591,601591,601592,1,0
601591,601591,601592,1,0
601591,601591,601592,1,0
601591,601591,601592,1,0
601591,601591,601592,1,0
601591,601591,601592,1,0
601591,601591,601592,1,0
601591,601591,601592,1,0
601591,601591,601592,1,0
601591,601591,601592,1,0
601591,601591,601592,1,0
601591,601591,601592,1,0
601591,601591,601592,1,0
601591,601591,601592,1,0
601591,601591,601592,1,0
601591,601591,601592,1,0
601591,601591,601592,1,0
601591,601591,601592,1,0
601591,601591,601592,1,0
601591,601591,601592,1,0
601591,601591,601592,1,0
601591,601591,601592,1,0
601591,601591,601592,1,0
601591,601591,601592,1,0
601591,601591,601592,1,0
601730,601730,601731,1,0
601730,601730,601731,1,0
601730,601730,601731,1,0
601730,601730,601731,1,0
601730,601730,601731,1,0
601730,601730,601731,1,0
601730,601730,601731,1,0
601730,601730,601731,1,0
601730,601730,601731,1,0
601730,601730,601731,1,0
601730,601730,601731,1,0
601730,601730,601731,1,0
601730,601730,601731,1,0
601730,601730,601731,1,0
601730,601730,601731,1,0
601730,601730,601731,1,0
601730,601730,601731,1,0
601730,601730,601731,1,0
601730,601730,601731,1,0
601730,601730,601731,1,0
601730,601730,601731,1,0
601730,601730,601731,1,0
601730,601730,601731,1,0
601730,601730,601731,1,0
601730,601730,601731,1,0
601730,601730,601731,1,0
601730,601730,601731,1,0
601730,601730,601731,1,0
601730,601730,601731,1,0
601730,601730,601731,1,0
601730,601730,601731,1,0
601730,601730,601731,1,0
601730,601730,601731,1,0
601730,601730,601731,1,0
601730,601730,601731,1,0
601730,601730,601731,1,0
601730,601730,601731,1,0
601730,601730,601731,1,0
601730,601730,601731,1,0
601730,601730,601731,1,0
601730,601730,601731,1,0
601730,601730,601731,1,0
601730,601730,601732,2,0
601730,601730,601731,1,0
601730,601730,601732,2,0
601730,601730,601732,2,0
601730,601730,601733,3,0
601730,601730,601732,2,0
601730,601730,601732,2,0
601730,601730,601733,3,0
601739,601739,601740,1,0
601739,601739,601740,1,0
601739,601739,601740,1,0
601739,601739,601740,1,0
601739,601739,601740,1,0
601739,601739,601740,1,0
601739,601739,601740,1,0
601739,601739,601740,1,0
601739,601739,601740,1,0
601739,601739,601740,1,0
601739,601739,601740,1,0
601739,601739,601740,1,0
601739,601739,601740,1,0
601739,601739,601740,1,0
601739,601739,601740,1,0
601739,601739,601740,1,0
601739,601739,601740,1,0
601739,601739,601740,1,0
601739,601739,601740,1,0
601739,601739,601740,1,0
601739,601739,601740,1,0
601739,601739,601740,1,0
601739,601739,601740,1,0
601739,601739,601740,1,0
601739,601739,601740,1,0
601739,601739,601740,1,0
601739,601739,601740,1,0
601739,601739,601740,1,0
601739,601739,601740,1,0
601739,601739,601740,1,0
601739,601739,601740,1,0
601739,601739,601740,1,0
601739,601739,601740,1,0
601739,601739,601741,2,0
601739,601739,601741,2,0
601739,601739,601741,2,0
601739,601739,601741,2,0
601739,601739,601741,2,0
601739,601739,601742,3,0
601739,601739,601743,4,0
601739,601739,601743,4,0
601739,601739,601743,4,0
601739,601739,601743,4,0
601739,601739,601743,4,0
601739,601739,601744,5,0
601739,601739,601744,5,0
601751,601751,601752,1,0
601751,601751,601752,1,0
601751,601751,601752,1,0
601751,601751,601752,1,0
601751,601751,601752,1,0
601751,601751,601752,1,0
601751,601751,601752,1,0
601751,601751,601752,1,0
601751,601751,601752,1,0
601751,601751,601752,1,0
601751,601751,601752,1,0
601751,601751,601752,1,0
601751,601751,601752,1,0
601751,601751,601752,1,0
601751,601751,601752,1,0
601751,601751,601752,1,0
601751,601751,601752,1,0
601751,601751,601752,1,0
601751,601751,601752,1,0
601751,601751,601752,1,0
601751,601751,601752,1,0
601751,601751,601752,1,0
601751,601751,601752,1,0
601751,601751,601752,1,0
601751,601751,601752,1,0
601751,601751,601752,1,0
601751,601751,601752,1,0
601751,601751,601752,1,0
601751,601751,601752,1,0
601751,601751,601752,1,0
601751,601751,601752,1,0
601751,601751,601752,1,0
601751,601751,601752,1,0
601751,601751,601753,2,0
601751,601751,601752,1,0
601751,601751,601752,1,0
601751,601751,601753,2,0
601751,601751,601752,1,0
601751,601751,601753,2,0
601751,601751,601752,1,0
601751,601751,601753,2,0
601751,601751,601754,3,0
601751,601751,601755,4,0
601751,601751,601755,4,0
601751,601751,601755,4,0
601751,601751,601755,4,0
601751,601751,601755,4,0
601751,601751,601755,4,0
601751,601751,601756,5,0
601751,601751,601756,5,0
601764,601764,601765,1,0
601764,601764,601765,1,0
601764,601764,601765,1,0
601764,601764,601765,1,0
601764,601764,601765,1,0
601764,601764,601765,1,0
601764,601764,601765,1,0
601764,601764,601765,1,0
601764,601764,601765,1,0
601764,601764,601765,1,0
601764,601764,601765,1,0
601764,601764,601765,1,0
601764,601764,601765,1,0
601764,601764,601765,1,0
601764,601764,601765,1,0
601764,601764,601765,1,0
601764,601764,601765,1,0
601764,601764,601765,1,0
601764,601764,601765,1,0
601764,601764,601766,2,0
601764,601764,601765,1,0
601764,601764,601765,1,0
601764,601764,601766,2,0
601764,601764,601765,1,0
601764,601764,601765,1,0
601764,601764,601765,1,0
601764,601764,601767,3,0
601764,601764,601766,2,0
601764,601764,601767,3,0
601764,601764,601767,3,0
601764,601764,601767,3,0
601764,601764,601768,4,0
601764,601764,601769,5,0
601764,601764,601768,4,0
601764,601764,601769,5,0
601764,601764,601768,4,0
601764,601764,601769,5,0
601776,601776,601777,1,0
601776,601776,601777,1,0
601776,601776,601777,1,0
601776,601776,601777,1,0
601776,601776,601777,1,0
601776,601776,601777,1,0
601776,601776,601777,1,0
601776,601776,601777,1,0
601776,601776,601777,1,0
601776,601776,601777,1,0
601776,601776,601777,1,0
601776,601776,601777,1,0
601776,601776,601777,1,0
601776,601776,601777,1,0
601776,601776,601777,1,0
601776,601776,601777,1,0
601776,601776,601777,1,0
601776,601776,601777,1,0
601776,601776,601777,1,0
601776,601776,601777,1,0
601776,601776,601777,1,0
601776,601776,601777,1,0
601776,601776,601777,1,0
601776,601776,601777,1,0
601776,601776,601777,1,0
601776,601776,601777,1,0
601776,601776,601777,1,0
601776,601776,601777,1,0
601776,601776,601777,1,0
601776,601776,601777,1,0
601776,601776,601777,1,0
601776,601776,601777,1,0
601776,601776,601777,1,0
601776,601776,601777,1,0
601776,601776,601777,1,0
601776,601776,601778,2,0
601776,601776,601777,1,0
601776,601776,601778,2,0
601776,601776,601778,2,0
601776,601776,601778,2,0
601776,601776,601778,2,0
601776,601776,601779,3,0
601776,601776,601779,3,0
601776,601776,601780,4,0
601776,601776,601780,4,0
601776,601776,601781,5,0
601776,601776,601781,5,0
601776,601776,601781,5,0
601776,601776,601781,5,0
601776,601776,601781,5,0
601789,601789,601790,1,0
601789,601789,601790,1,0
601789,601789,601790,1,0
601789,601789,601790,1,0
601789,601789,601790,1,0
601789,601789,601790,1,0
601789,601789,601790,1,0
601789,601789,601790,1,0
601789,601789,601790,1,0
601789,601789,601792,3,0
601789,601789,601791,2,0
601789,601789,601792,3,0
601789,601789,601792,3,0
601789,601789,601793,4,0
601789,601789,601792,3,0
601789,601789,601793,4,0
601789,601789,601793,4,0
601801,601801,601802,1,0
601801,601801,601802,1,0
601801,601801,601802,1,0
601801,601801,601802,1,0
601801,601801,601802,1,0
601801,601801,601802,1,0
601801,601801,601802,1,0
601801,601801,601802,1,0
601801,601801,601802,1,0
601801,601801,601802,1,0
601801,601801,601802,1,0
601801,601801,601802,1,0
601801,601801,601802,1,0
601801,601801,601802,1,0
601801,601801,601802,1,0
601801,601801,601802,1,0
601801,601801,601802,1,0
601801,601801,601802,1,0
601801,601801,601802,1,0
601801,601801,601802,1,0
601801,601801,601802,1,0
601801,601801,601802,1,0
601801,601801,601802,1,0
601801,601801,601802,1,0
601801,601801,601802,1,0
601801,601801,601802,1,0
601801,601801,601802,1,0
601801,601801,601802,1,0
601801,601801,601802,1,0
601801,601801,601802,1,0
601801,601801,601802,1,0
601801,601801,601802,1,0
601801,601801,601802,1,0
601801,601801,601802,1,0
601801,601801,601803,2,0
601801,601801,601802,1,0
601801,601801,601802,1,0
601801,601801,601803,2,0
601801,601801,601802,1,0
601801,601801,601803,2,0
601801,601801,601804,3,0
601801,601801,601804,3,0
601801,601801,601803,2,0
601810,601810,601811,1,0
601810,601810,601811,1,0
601810,601810,601811,1,0
601810,601810,601811,1,0
601810,601810,601811,1,0
601810,601810,601811,1,0
601810,601810,601811,1,0
601810,601810,601811,1,0
601810,601810,601811,1,0
601810,601810,601811,1,0
601810,601810,601811,1,0
601810,601810,601811,1,0
601810,601810,601811,1,0
601810,601810,601811,1,0
601810,601810,601811,1,0
601810,601810,601811,1,0
601810,601810,601811,1,0
601810,601810,601811,1,0
601810,601810,601811,1,0
601810,601810,601811,1,0
601810,601810,601811,1,0
601810,601810,601811,1,0
601810,601810,601811,1,0
601810,601810,601811,1,0
601810,601810,601811,1,0
601810,601810,601811,1,0
601810,601810,601811,1,0
601810,601810,601811,1,0
601810,601810,601811,1,0
601810,601810,601811,1,0
601810,601810,601811,1,0
601810,601810,601811,1,0
601810,601810,601811,1,0
601810,601810,601811,1,0
601810,601810,601811,1,0
601810,601810,601811,1,0
601810,601810,601811,1,0
601810,601810,601811,1,0
601810,601810,601811,1,0
601810,601810,601811,1,0
601810,601810,601812,2,0
601810,601810,601811,1,0
601810,601810,601811,1,0
601810,601810,601811,1,0
601818,601818,601819,1,0
601818,601818,601819,1,0
601824,601824,601825,1,0
601824,601824,601825,1,0
601824,601824,601825,1,0
601824,601824,601825,1,0
601824,601824,601825,1,0
601824,601824,601825,1,0
601824,601824,601825,1,0
601824,601824,601825,1,0
601824,601824,601825,1,0
601824,601824,601825,1,0
601824,601824,601825,1,0
601824,601824,601825,1,0
601824,601824,601825,1,0
601824,601824,601825,1,0
601824,601824,601825,1,0
601824,601824,601825,1,0
601824,601824,601825,1,0
601824,601824,601825,1,0
601824,601824,601825,1,0
601824,601824,601825,1,0
601824,601824,601825,1,0
601824,601824,601825,1,0
601824,601824,601825,1,0
601824,601824,601825,1,0
601824,601824,601825,1,0
601824,601824,601825,1,0
601824,601824,601825,1,0
601824,601824,601825,1,0
601824,601824,601825,1,0
601824,601824,601825,1,0
601824,601824,601825,1,0
601824,601824,601825,1,0
601824,601824,601825,1,0
601824,601824,601825,1,0
601824,601824,601825,1,0
601824,601824,601825,1,0
601824,601824,601825,1,0
601824,601824,601825,1,0
601824,601824,601825,1,0
601824,601824,601825,1,0
601824,601824,601825,1,0
601824,601824,601825,1,0
601824,601824,601825,1,0
601824,601824,601825,1,0
601824,601824,601825,1,0
601824,601824,601825,1,0
601824,601824,601825,1,0
601824,601824,601825,1,0
601824,601824,601825,1,0
601824,601824,601825,1,0
601830,601830,601831,1,0
601830,601830,601831,1,0
601830,601830,601831,1,0
601830,601830,601831,1,0
601830,601830,601831,1,0
601830,601830,601831,1,0
601830,601830,601831,1,0
601830,601830,601831,1,0
601830,601830,601831,1,0
601830,601830,601831,1,0
601830,601830,601831,1,0
601830,601830,601831,1,0
601830,601830,601831,1,0
601830,601830,601831,1,0
601830,601830,601831,1,0
601830,601830,601831,1,0
601830,601830,601831,1,0
601830,601830,601831,1,0
601830,601830,601831,1,0
601830,601830,601831,1,0
601830,601830,601831,1,0
601830,601830,601831,1,0
601830,601830,601831,1,0
601830,601830,601831,1,0
601830,601830,601831,1,0
601830,601830,601831,1,0
601830,601830,601831,1,0
601830,601830,601831,1,0
601830,601830,601831,1,0
601830,601830,601831,1,0
601830,601830,601831,1,0
601830,601830,601831,1,0
601830,601830,601831,1,0
601830,601830,601831,1,0
601830,601830,601831,1,0
601830,601830,601831,1,0
601830,601830,601831,1,0
601830,601830,601831,1,0
601830,601830,601831,1,0
601830,601830,601831,1,0
603210,603210,603974,764,0
603976,603976,603977,1,0
603976,603976,603977,1,0
603976,603976,603977,1,0
603976,603976,603977,1,0
603976,603976,603977,1,0
603976,603976,603977,1,0
603976,603976,603977,1,0
603976,603976,603977,1,0
603976,603977,603978,1,1
603976,603976,603977,1,0
603976,603976,603977,1,0
603976,603976,603977,1,0
603976,603976,603977,1,0
603976,603976,603977,1,0
603976,603976,603977,1,0
603976,603976,603977,1,0
603976,603976,603977,1,0
603976,603976,603977,1,0
603976,603976,603977,1,0
603976,603976,603977,1,0
603976,603976,603977,1,0
603976,603977,603978,1,1
603976,603977,603978,1,1
603976,603977,603978,1,1
603976,603977,603978,1,1
603976,603976,603978,2,0
603976,603977,603978,1,1
603976,603977,603978,1,1
603976,603977,603978,1,1
603976,603977,603978,1,1
603976,603976,603978,2,0
603976,603977,603978,1,1
603976,603977,603978,1,1
603976,603977,603978,1,1
603976,603977,603978,1,1
603976,603977,603978,1,1
603976,603977,603978,1,1
603976,603977,603978,1,1
603976,603977,603978,1,1
603976,603977,603979,2,1
603976,603977,603979,2,1
603976,603977,603979,2,1
603976,603977,603979,2,1
603976,603977,603980,3,1
603976,603977,603979,2,1
603212,603212,603991,779,0
603208,603208,603993,785,0
603993,603993,603994,1,0
603993,603993,603994,1,0
603993,603993,603994,1,0
603993,603993,603994,1,0
603993,603993,603994,1,0
603993,603993,603994,1,0
603993,603993,603994,1,0
603994,603994,603995,1,0
603994,603994,603995,1,0
603993,603993,603994,1,0
603993,603993,603994,1,0
603993,603993,603994,1,0
603993,603993,603994,1,0
603993,603993,603994,1,0
603994,603994,603995,1,0
603994,603994,603995,1,0
603993,603993,603994,1,0
603993,603993,603994,1,0
603993,603993,603994,1,0
603993,603993,603994,1,0
603993,603993,603994,1,0
603994,603994,603995,1,0
603994,603994,603995,1,0
603993,603993,603994,1,0
603993,603993,603994,1,0
603993,603993,603994,1,0
603993,603993,603994,1,0
603993,603993,603994,1,0
603994,603994,603995,1,0
603994,603994,603995,1,0
603993,603993,603994,1,0
603993,603993,603994,1,0
603993,603993,603994,1,0
603993,603993,603994,1,0
603993,603993,603994,1,0
603994,603994,603995,1,0
603994,603994,603995,1,0
603993,603993,603994,1,0
603993,603993,603994,1,0
603993,603993,603994,1,0
603993,603993,603994,1,0
603993,603993,603994,1,0
603994,603994,603995,1,0
603994,603994,603995,1,0
603993,603993,603994,1,0
603993,603993,603994,1,0
603993,603993,603995,2,0
603993,603993,603994,1,0
603993,603993,603994,1,0
603994,603994,603995,1,0
603994,603994,603995,1,0
603993,603993,603994,1,0
603993,603993,603995,2,0
603993,603993,603994,1,0
603993,603993,603994,1,0
603994,603994,603995,1,0
603994,603994,603995,1,0
603994,603994,603995,1,0
603993,603993,603995,2,0
603994,603994,603995,1,0
603994,603994,603995,1,0
603994,603994,603995,1,0
603994,603994,603995,1,0
603994,603994,603995,1,0
603994,603994,603995,1,0
603994,603994,603995,1,0
603993,603993,603995,2,0
603994,603995,603996,1,1
603994,603995,603996,1,1
603994,603995,603996,1,1
603994,603995,603996,1,1
603994,603995,603996,1,1
603994,603995,603996,1,1
603994,603995,603996,1,1
603993,603993,603996,3,0
603994,603995,603996,1,1
603994,603995,603996,1,1
603994,603995,603996,1,1
603993,603993,603996,3,0
603994,603995,603996,1,1
603994,603995,603996,1,1
603993,603993,603996,3,0
603994,603995,603996,1,1
603994,603995,603996,1,1
603994,603995,603996,1,1
603994,603995,603996,1,1
603994,603995,603996,1,1
603994,603995,603996,1,1
603993,603993,603996,3,0
603994,603995,603996,1,1
603994,603995,603996,1,1
603994,603995,603996,1,1
603994,603995,603996,1,1
603993,603993,603996,3,0
603994,603995,603996,1,1
603993,603993,603996,3,0
603994,603995,603997,2,1
603994,603995,603997,2,1
603993,603993,603996,3,0
603994,603995,603996,1,1
603219,603219,604019,800,0
604020,604020,604021,1,0
604020,604020,604021,1,0
604020,604020,604021,1,0
604020,604020,604021,1,0
604020,604020,604021,1,0
604020,604020,604021,1,0
604020,604020,604021,1,0
604020,604020,604021,1,0
604020,604020,604021,1,0
604020,604020,604021,1,0
604020,604020,604021,1,0
604020,604020,604021,1,0
604020,604020,604021,1,0
604020,604020,604021,1,0
604020,604020,604021,1,0
604020,604020,604021,1,0
604020,604020,604021,1,0
604020,604020,604021,1,0
604020,604020,604021,1,0
604020,604020,604021,1,0
604020,604020,604021,1,0
604020,604020,604021,1,0
604020,604020,604021,1,0
604020,604020,604021,1,0
604020,604020,604021,1,0
604020,604020,604021,1,0
604020,604020,604021,1,0
604020,604020,604021,1,0
604020,604020,604021,1,0
604020,604020,604021,1,0
604020,604020,604021,1,0
604020,604020,604021,1,0
604020,604020,604021,1,0
604020,604020,604021,1,0
604020,604020,604021,1,0
604020,604020,604021,1,0
604020,604020,604021,1,0
604020,604020,604021,1,0
604020,604020,604021,1,0
604020,604020,604021,1,0
604020,604020,604021,1,0
604020,604020,604021,1,0
604020,604020,604021,1,0
604020,604020,604021,1,0
604020,604020,604021,1,0
604020,604020,604021,1,0
604020,604020,604021,1,0
604020,604020,604021,1,0
604020,604020,604021,1,0
604020,604020,604021,1,0
603208,603208,604142,934,0
604144,604145,604146,1,1
604144,604145,604146,1,1
604144,604145,604146,1,1
604144,604145,604146,1,1
604144,604145,604146,1,1
604144,604145,604146,1,1
604144,604145,604146,1,1
604144,604145,604146,1,1
604144,604145,604146,1,1
604144,604145,604146,1,1
604144,604145,604146,1,1
604144,604145,604146,1,1
604144,604145,604146,1,1
604144,604145,604146,1,1
604144,604145,604146,1,1
604144,604145,604146,1,1
604144,604145,604146,1,1
604144,604145,604146,1,1
604144,604145,604146,1,1
603209,603209,604198,989,0
604200,604201,604202,1,1
604200,604201,604202,1,1
604200,604201,604202,1,1
604200,604201,604202,1,1
604200,604201,604202,1,1
604200,604201,604202,1,1
604200,604201,604202,1,1
604200,604201,604203,2,1
604200,604201,604202,1,1
604200,604201,604202,1,1
604200,604201,604202,1,1
604200,604201,604202,1,1
604200,604201,604202,1,1
604200,604201,604203,2,1
604200,604201,604202,1,1
604200,604201,604202,1,1
604200,604201,604202,1,1
604200,604201,604202,1,1
604200,604201,604202,1,1
604200,604201,604202,1,1
604200,604201,604202,1,1
604200,604201,604202,1,1
604200,604201,604203,2,1
604200,604201,604202,1,1
604200,604201,604202,1,1
604200,604201,604203,2,1
604200,604201,604203,2,1
603211,603211,604206,995,0
604210,604211,604212,1,1
604210,604211,604212,1,1
604210,604211,604212,1,1
604210,604211,604212,1,1
604210,604211,604212,1,1
604210,604211,604212,1,1
604210,604211,604212,1,1
604210,604211,604212,1,1
604210,604211,604212,1,1
604210,604211,604212,1,1
604210,604211,604212,1,1
604210,604211,604212,1,1
604210,604211,604212,1,1
604210,604211,604212,1,1
604210,604211,604212,1,1
604210,604211,604212,1,1
604210,604211,604212,1,1
604210,604211,604212,1,1
604210,604211,604212,1,1
604210,604211,604212,1,1
604210,604211,604212,1,1
604210,604211,604212,1,1
604210,604211,604212,1,1
604210,604211,604212,1,1
604210,604211,604212,1,1
604210,604211,604212,1,1
604210,604211,604212,1,1
604210,604211,604212,1,1
604210,604211,604212,1,1
604210,604211,604212,1,1
604210,604211,604212,1,1
604210,604211,604212,1,1
604210,604211,604212,1,1
604210,604211,604212,1,1
604210,604211,604212,1,1
604210,604211,604212,1,1
604210,604211,604213,2,1
604210,604211,604213,2,1
604210,604211,604212,1,1
604210,604211,604212,1,1
604210,604211,604212,1,1
604210,604211,604213,2,1
604210,604211,604213,2,1
604210,604211,604213,2,1
604210,604211,604213,2,1
604210,604211,604213,2,1
604210,604211,604214,3,1
604210,604211,604214,3,1
603214,603214,604345,1131,0
604345,604345,604346,1,0
604345,604345,604346,1,0
604345,604345,604346,1,0
604345,604345,604346,1,0
604345,604345,604346,1,0
604345,604345,604346,1,0
604345,604345,604346,1,0
604345,604345,604346,1,0
604345,604345,604346,1,0
604345,604345,604346,1,0
604345,604345,604346,1,0
604345,604345,604346,1,0
604345,604345,604346,1,0
604345,604345,604346,1,0
604345,604345,604346,1,0
604345,604345,604346,1,0
604345,604345,604346,1,0
604345,604345,604346,1,0
604345,604345,604346,1,0
604345,604345,604346,1,0
604345,604345,604346,1,0
604345,604345,604346,1,0
604345,604345,604346,1,0
604345,604345,604346,1,0
604345,604345,604346,1,0
604345,604345,604346,1,0
604345,604345,604346,1,0
604345,604345,604347,2,0
604345,604345,604346,1,0
604345,604345,604347,2,0
604345,604345,604346,1,0
604345,604345,604347,2,0
604345,604345,604346,1,0
604345,604345,604346,1,0
604345,604345,604347,2,0
604345,604345,604346,1,0
604345,604345,604346,1,0
604345,604345,604346,1,0
604345,604345,604346,1,0
604345,604345,604346,1,0
604345,604345,604347,2,0
604345,604345,604346,1,0
604345,604345,604346,1,0
604345,604345,604346,1,0
604345,604345,604346,1,0
604345,604345,604347,2,0
604345,604345,604346,1,0
604345,604345,604346,1,0
604345,604345,604347,2,0
604345,604345,604347,2,0
603216,603216,604357,1141,0
604358,604358,604359,1,0
604358,604358,604359,1,0
604358,604358,604359,1,0
604358,604358,604359,1,0
604358,604358,604359,1,0
604358,604358,604359,1,0
604358,604358,604359,1,0
604358,604358,604359,1,0
604358,604358,604359,1,0
604358,604358,604359,1,0
604358,604358,604359,1,0
604358,604358,604359,1,0
604358,604358,604359,1,0
604358,604358,604359,1,0
604358,604358,604359,1,0
604358,604358,604359,1,0
604358,604358,604359,1,0
604358,604358,604359,1,0
604358,604358,604359,1,0
604358,604358,604359,1,0
604358,604358,604359,1,0
604358,604358,604359,1,0
604358,604358,604359,1,0
604358,604358,604359,1,0
604358,604358,604359,1,0
604358,604358,604360,2,0
604358,604358,604359,1,0
604358,604358,604359,1,0
604358,604358,604359,1,0
604358,604358,604359,1,0
604358,604358,604359,1,0
604358,604358,604359,1,0
604358,604358,604360,2,0
604358,604358,604359,1,0
604358,604358,604359,1,0
604358,604358,604359,1,0
604358,604358,604359,1,0
604358,604358,604359,1,0
604358,604358,604359,1,0
604358,604358,604359,1,0
604358,604358,604359,1,0
604358,604358,604360,2,0
604358,604358,604359,1,0
604358,604358,604359,1,0
604358,604358,604360,2,0
604358,604358,604359,1,0
604358,604358,604359,1,0
604358,604358,604359,1,0
604358,604358,604359,1,0
604358,604358,604359,1,0
603213,603213,604366,1153,0
604367,604367,604368,1,0
604367,604367,604368,1,0
604367,604367,604368,1,0
604367,604368,604369,1,1
604367,604368,604369,1,1
604367,604368,604369,1,1
604367,604367,604368,1,0
604367,604368,604369,1,1
604367,604368,604369,1,1
604367,604367,604368,1,0
604367,604367,604368,1,0
604367,604367,604368,1,0
604367,604367,604368,1,0
604367,604368,604369,1,1
604367,604368,604369,1,1
604367,604368,604369,1,1
604367,604368,604369,1,1
604367,604368,604369,1,1
604367,604368,604369,1,1
604367,604368,604369,1,1
604367,604368,604369,1,1
604367,604368,604369,1,1
604367,604368,604369,1,1
604367,604368,604369,1,1
604367,604368,604369,1,1
604367,604368,604369,1,1
604367,604368,604369,1,1
604367,604368,604369,1,1
604367,604368,604369,1,1
604367,604368,604370,2,1
604367,604368,604370,2,1
604367,604368,604370,2,1
604367,604368,604371,3,1
604367,604368,604370,2,1
604367,604368,604370,2,1
604367,604368,604370,2,1
603218,603218,604382,1164,0
604383,604383,604384,1,0
604383,604383,604384,1,0
604383,604383,604384,1,0
604383,604383,604384,1,0
604383,604383,604384,1,0
604383,604384,604385,1,1
604383,604383,604384,1,0
604383,604384,604385,1,1
604383,604384,604385,1,1
604383,604384,604385,1,1
604383,604384,604385,1,1
604383,604384,604385,1,1
604383,604384,604385,1,1
604383,604384,604385,1,1
604383,604384,604385,1,1
604383,604384,604385,1,1
604383,604384,604385,1,1
604383,604384,604385,1,1
604383,604384,604385,1,1
604383,604384,604385,1,1
604383,604384,604385,1,1
604383,604384,604385,1,1
604383,604384,604385,1,1
604383,604384,604385,1,1
604383,604384,604385,1,1
604383,604384,604385,1,1
604383,604384,604385,1,1
604636,604636,604637,1,0
604636,604636,604637,1,0
604636,604636,604637,1,0
604636,604636,604637,1,0
604636,604636,604637,1,0
604636,604636,604637,1,0
604636,604636,604637,1,0
604636,604636,604637,1,0
604636,604636,604637,1,0
604636,604636,604637,1,0
604636,604636,604637,1,0
604636,604636,604637,1,0
604636,604636,604637,1,0
604636,604636,604637,1,0
604636,604636,604637,1,0
604636,604636,604637,1,0
604636,604636,604637,1,0
604636,604636,604637,1,0
604636,604636,604637,1,0
604636,604636,604637,1,0
604636,604636,604637,1,0
604636,604636,604637,1,0
604636,604636,604637,1,0
604636,604636,604637,1,0
604636,604636,604637,1,0
604636,604636,604637,1,0
604636,604636,604637,1,0
604636,604636,604637,1,0
604636,604636,604637,1,0
604636,604636,604637,1,0
604636,604636,604637,1,0
604636,604636,604637,1,0
604636,604636,604637,1,0
604636,604636,604637,1,0
604636,604636,604637,1,0
604636,604636,604637,1,0
604636,604636,604637,1,0
604636,604636,604637,1,0
604636,604636,604637,1,0
604636,604636,604637,1,0
604636,604636,604637,1,0
604636,604636,604637,1,0
604636,604636,604637,1,0
604636,604636,604637,1,0
604636,604636,604637,1,0
604636,604636,604637,1,0
604636,604636,604637,1,0
604636,604636,604637,1,0
604636,604636,604637,1,0
604636,604636,604637,1,0
604642,604643,604644,1,1
604642,604643,604644,1,1
604642,604643,604644,1,1
604642,604643,604644,1,1
604642,604643,604644,1,1
604642,604643,604644,1,1
604650,604650,604651,1,0
604650,604650,604651,1,0
604650,604650,604651,1,0
604650,604650,604651,1,0
604650,604650,604651,1,0
604650,604650,604651,1,0
604650,604650,604651,1,0
604650,604650,604651,1,0
604650,604650,604651,1,0
604650,604650,604651,1,0
604650,604650,604651,1,0
604650,604650,604651,1,0
604650,604650,604651,1,0
604650,604650,604651,1,0
604650,604650,604651,1,0
604650,604650,604651,1,0
604650,604650,604651,1,0
604650,604650,604651,1,0
604650,604650,604651,1,0
604650,604650,604651,1,0
604650,604650,604651,1,0
604650,604650,604651,1,0
604650,604650,604651,1,0
604650,604650,604651,1,0
604650,604650,604651,1,0
604650,604650,604651,1,0
604650,604650,604651,1,0
604650,604650,604651,1,0
604650,604650,604651,1,0
604650,604650,604651,1,0
604650,604650,604651,1,0
604650,604650,604651,1,0
604650,604650,604651,1,0
604650,604650,604651,1,0
604650,604650,604651,1,0
604650,604650,604651,1,0
604650,604650,604651,1,0
604650,604650,604651,1,0
604650,604650,604651,1,0
604650,604650,604651,1,0
604650,604650,604652,2,0
604650,604650,604653,3,0
604650,604650,604652,2,0
604650,604650,604653,3,0
604650,604650,604653,3,0
604659,604660,604661,1,1
604659,604660,604661,1,1
604659,604660,604661,1,1
604659,604660,604661,1,1
604659,604660,604661,1,1
604659,604660,604662,2,1
604659,604660,604662,2,1
604659,604660,604662,2,1
604659,604660,604663,3,1
604659,604660,604663,3,1
604659,604660,604663,3,1
604671,604671,604672,1,0
604671,604671,604672,1,0
604671,604671,604672,1,0
604671,604671,604672,1,0
604671,604671,604672,1,0
604671,604671,604672,1,0
604671,604671,604672,1,0
604671,604671,604672,1,0
604671,604671,604672,1,0
604671,604671,604672,1,0
604671,604671,604672,1,0
604671,604671,604672,1,0
604671,604671,604672,1,0
604671,604671,604672,1,0
604671,604671,604672,1,0
604671,604671,604672,1,0
604671,604671,604672,1,0
604671,604671,604672,1,0
604671,604671,604672,1,0
604671,604671,604672,1,0
604671,604671,604672,1,0
604671,604671,604672,1,0
604671,604671,604673,2,0
604671,604671,604674,3,0
604671,604671,604674,3,0
604671,604671,604675,4,0
604671,604671,604675,4,0
604671,604671,604675,4,0
604671,604671,604675,4,0
604671,604671,604675,4,0
604684,604684,604685,1,0
604684,604684,604685,1,0
604684,604684,604685,1,0
604684,604684,604685,1,0
604684,604684,604685,1,0
604684,604684,604685,1,0
604684,604684,604685,1,0
604684,604684,604685,1,0
604684,604684,604685,1,0
604684,604684,604685,1,0
604684,604684,604685,1,0
604684,604684,604685,1,0
604684,604684,604685,1,0
604684,604684,604685,1,0
604684,604684,604685,1,0
604684,604684,604685,1,0
604684,604684,604685,1,0
604684,604684,604685,1,0
604684,604684,604685,1,0
604684,604684,604685,1,0
604684,604684,604685,1,0
604684,604684,604685,1,0
604684,604684,604685,1,0
604684,604684,604685,1,0
604684,604684,604685,1,0
604684,604684,604685,1,0
604684,604684,604685,1,0
604684,604684,604685,1,0
604684,604684,604685,1,0
604684,604684,604685,1,0
604684,604684,604685,1,0
604684,604684,604686,2,0
604684,604684,604685,1,0
604684,604684,604686,2,0
604684,604684,604685,1,0
604684,604684,604687,3,0
604684,604684,604687,3,0
604684,604684,604687,3,0
604684,604684,604688,4,0
604684,604684,604687,3,0
604684,604684,604688,4,0
604684,604684,604688,4,0
604684,604684,604688,4,0
604695,604695,604696,1,0
604695,604695,604696,1,0
604695,604695,604696,1,0
604695,604695,604696,1,0
604695,604695,604696,1,0
604695,604695,604696,1,0
604695,604695,604696,1,0
604695,604695,604696,1,0
604695,604695,604696,1,0
604695,604695,604696,1,0
604695,604695,604696,1,0
604695,604695,604696,1,0
604695,604695,604696,1,0
604695,604695,604696,1,0
604695,604695,604696,1,0
604695,604695,604696,1,0
604695,604695,604696,1,0
604695,604695,604696,1,0
604695,604695,604696,1,0
604695,604695,604696,1,0
604695,604695,604696,1,0
604695,604695,604696,1,0
604695,604695,604696,1,0
604695,604695,604696,1,0
604695,604695,604696,1,0
604695,604695,604696,1,0
604695,604695,604696,1,0
604695,604695,604696,1,0
604695,604695,604696,1,0
604695,604695,604696,1,0
604695,604695,604696,1,0
604695,604695,604696,1,0
604695,604695,604696,1,0
604695,604695,604696,1,0
604695,604695,604696,1,0
604695,604695,604696,1,0
604695,604695,604696,1,0
604695,604695,604696,1,0
604695,604695,604696,1,0
604695,604695,604696,1,0
604695,604695,604696,1,0
604695,604695,604697,2,0
604695,604695,604698,3,0
604695,604695,604698,3,0
604695,604695,604698,3,0
604695,604695,604698,3,0
604695,604695,604698,3,0
604695,604695,604699,4,0
604695,604695,604699,4,0
604695,604695,604699,4,0
604707,604707,604708,1,0
604707,604707,604708,1,0
604707,604707,604708,1,0
604707,604707,604708,1,0
604707,604707,604708,1,0
604707,604707,604708,1,0
604707,604707,604708,1,0
604707,604707,604708,1,0
604707,604707,604708,1,0
604707,604707,604708,1,0
604707,604707,604708,1,0
604707,604707,604708,1,0
604707,604707,604708,1,0
604707,604707,604708,1,0
604707,604707,604708,1,0
604707,604707,604708,1,0
604707,604707,604708,1,0
604707,604707,604708,1,0
604707,604707,604708,1,0
604707,604707,604708,1,0
604707,604707,604708,1,0
604707,604707,604708,1,0
604707,604707,604708,1,0
604707,604707,604708,1,0
604707,604707,604708,1,0
604707,604707,604708,1,0
604707,604707,604708,1,0
604707,604707,604708,1,0
604707,604707,604708,1,0
604707,604707,604708,1,0
604707,604707,604708,1,0
604707,604707,604708,1,0
604707,604707,604708,1,0
604707,604707,604708,1,0
604707,604707,604708,1,0
604707,604707,604708,1,0
604707,604707,604708,1,0
604707,604707,604708,1,0
604707,604707,604708,1,0
604707,604707,604708,1,0
604707,604707,604708,1,0
604707,604707,604708,1,0
604707,604707,604708,1,0
604707,604707,604709,2,0
604707,604707,604709,2,0
604707,604707,604709,2,0
604707,604707,604709,2,0
604707,604707,604709,2,0
604707,604707,604710,3,0
604707,604707,604710,3,0
604717,604717,604718,1,0
604717,604717,604718,1,0
604717,604717,604718,1,0
604717,604717,604718,1,0
604717,604717,604718,1,0
604717,604717,604718,1,0
604724,604724,604725,1,0
604724,604724,604725,1,0
604724,604724,604725,1,0
604724,604724,604725,1,0
604724,604724,604725,1,0
604724,604724,604725,1,0
604724,604724,604725,1,0
604724,604724,604725,1,0
604724,604724,604725,1,0
604724,604724,604725,1,0
604724,604724,604725,1,0
604724,604724,604725,1,0
604724,604724,604725,1,0
604724,604724,604725,1,0
604724,604724,604725,1,0
604724,604724,604725,1,0
604724,604724,604725,1,0
604724,604724,604725,1,0
604724,604724,604725,1,0
604724,604724,604725,1,0
604724,604724,604725,1,0
604724,604724,604725,1,0
604724,604724,604725,1,0
604724,604724,604725,1,0
604724,604724,604725,1,0
604724,604724,604725,1,0
604724,604724,604725,1,0
604724,604724,604725,1,0
604724,604724,604725,1,0
604724,604724,604725,1,0
604724,604724,604725,1,0
604724,604724,604725,1,0
604724,604724,604725,1,0
604724,604724,604725,1,0
604724,604724,604725,1,0
604724,604724,604725,1,0
604724,604724,604725,1,0
604724,604724,604725,1,0
604724,604724,604725,1,0
604724,604724,604725,1,0
604724,604724,604725,1,0
604724,604724,604725,1,0
604724,604724,604725,1,0
604724,604724,604725,1,0
604724,604724,604725,1,0
604724,604724,604725,1,0
604724,604724,604725,1,0
604724,604724,604725,1,0
604724,604724,604725,1,0
604724,604724,604725,1,0
604731,604731,604732,1,0
604731,604731,604732,1,0
604731,604731,604732,1,0
604731,604731,604732,1,0
604731,604731,604732,1,0
604731,604731,604732,1,0
604731,604731,604732,1,0
604731,604731,604732,1,0
604731,604731,604732,1,0
604731,604731,604732,1,0
604731,604731,604732,1,0
604731,604731,604732,1,0
604731,604731,604732,1,0
604731,604731,604732,1,0
604731,604731,604732,1,0
604731,604731,604732,1,0
604731,604731,604732,1,0
604731,604731,604732,1,0
604731,604731,604732,1,0
604731,604731,604732,1,0
604731,604731,604732,1,0
604731,604731,604732,1,0
604731,604731,604732,1,0
604731,604731,604732,1,0
604731,604731,604732,1,0
604731,604731,604732,1,0
604731,604731,604732,1,0
604731,604731,604732,1,0
604731,604731,604732,1,0
604731,604731,604732,1,0
604731,604731,604732,1,0
604731,604731,604732,1,0
604731,604731,604732,1,0
604731,604731,604732,1,0
604731,604731,604732,1,0
604731,604731,604732,1,0
604731,604731,604732,1,0
604731,604731,604732,1,0
604731,604731,604732,1,0
604731,604731,604732,1,0
604731,604731,604732,1,0
604731,604731,604732,1,0
604731,604731,604732,1,0
604731,604731,604732,1,0
604731,604731,604732,1,0
604731,604731,604732,1,0
604731,604731,604732,1,0
604731,604731,604732,1,0
604731,604731,604732,1,0
604731,604731,604732,1,0
